[
    {
        "player": "Artemi Panarin",
        "team": "NYR",
        "opponent": "NJ",
        "propType": "sog",
        "line": 2.5,
        "ppLine": "PP1",
        "avg": 2.48,
        "hit": false,
        "diffAvg": -0.01,
        "diffAbs": 0.28,
        "lastAvg": 1.86,
        "diff": -0.26,
        "avgMin": 19,
        "proj": 1.8,
        "lastAvgMin": 19.22,
        "oppOver": 0,
        "teamOver": 0,
        "gameLine": "-150",
        "+/-": "+5",
        "L5_+/-": -1.0,
        "prevMatchup": "2023-04-22 2.0 sog 2023-04-20 2.0 sog 2023-04-18 3.0 sog 2023-03-30 4.0 sog 2023-01-07 3.0 sog 2022-12-12 1.0 sog 2022-11-28 5.0 sog",
        "winLossSplits": "47% - 50%",
        "awayHome": "H",
        "playedYesterday": "N",
        "awayHomeSplits": "49% - 48%",
        "savesAboveExp": 0.922,
        "gsaa": 7.07,
        "corsi": "51.4% (57.9) // 49.5% (54.5) // - // 51.4% (57.9)",
        "fenwick": "52.0% (43.7) // 50.7% (42.3) // - // 52.0% (43.7)",
        "shots": "51.8% (31.1) // 51.8% (30.7) // - // 51.8% (31.1)",
        "scoring": "51.3% (30.8) // 48.9% (29.6) // - // 51.3% (30.8)",
        "corsiAgainst": "48.6% (54.7) // 50.5% (55.5) // - // 48.6% (54.7)",
        "fenwickAgainst": "48.0% (40.2) // 49.3% (41.1) // - // 48.0% (40.2)",
        "shotsAgainst": "48.2% (28.9) // 48.2% (28.6) // - // 48.2% (28.9)",
        "scoringAgainst": "48.7% (29.2) // 51.1% (30.9) // - // 48.7% (29.2)",
        "oppCorsi": "53.7% (63.4) // 55.1% (64.9) // - // 53.7% (63.4)",
        "oppFenwick": "53.9% (46.9) // 55.2% (48.2) // - // 53.9% (46.9)",
        "oppShots": "54.9% (33.9) // 54.4% (33.3) // - // 54.9% (33.9)",
        "oppScoring": "56.3% (35.0) // 60.7% (39.4) // - // 56.3% (35.0)",
        "oppCorsiAgainst": "46.3% (54.8) // 44.9% (52.8) // - // 46.3% (54.8)",
        "oppFenwickAgainst": "46.1% (40.1) // 44.8% (39.2) // - // 46.1% (40.1)",
        "oppShotsAgainst": "45.1% (27.8) // 45.6% (28.0) // - // 45.1% (27.8)",
        "oppScoringAgainst": "43.7% (27.1) // 39.3% (25.5) // - // 43.7% (27.1)",
        "savesPerGame": 26.7,
        "savesPerGameLast1": 26.0,
        "savesPerGameLast3": 25.3,
        "savesPerGameLast5": 26.2,
        "savesPer60": 27.9,
        "savesPer60Last1": 30.8,
        "savesPer60Last3": 26.9,
        "savesPer60Last5": 27.3,
        "shotsPerGame": 31.5,
        "shotsPerGameLast5": 28.2,
        "shotsAgainstPerGame": 29.3,
        "shotsAgainstPerGameLast5": 28.0,
        "oppSavesAgainstPer60": 32.2,
        "oppSavesAgainstPer60Last1": 26.0,
        "oppSavesAgainstPer60Last3": 25.1,
        "oppSavesAgainstPer60Last5": 25.5,
        "oppShotsAgainstPerGame": 28.2,
        "oppShotsAgainstPerGameLast5": 31.6,
        "savesProj": 32.2,
        "savesProjLast5": 26.3,
        "savesProjLast3": 25.3,
        "oppSavesAgainstProj": 29.4,
        "oppSavesAgainstProjLast5": 21.4,
        "oppSavesAgainstProjLast3": 19.5,
        "totalOver": 48,
        "totalOverLast5": 40,
        "totalOverLast15": 60,
        "lastTotalOver": 37,
        "last5": "2,2,3,3,2,3,1,3,3,3",
        "overOdds": "-105",
        "underOdds": "-125",
        "overUnder": "-105 / -125"
    },
    {
        "player": "Artemi Panarin",
        "team": "NYR",
        "opponent": "NJ",
        "propType": "pts",
        "line": 0.5,
        "ppLine": "PP1",
        "avg": 1.09,
        "hit": false,
        "diffAvg": 1.18,
        "diffAbs": 1.0,
        "lastAvg": 1.01,
        "diff": 1.02,
        "avgMin": 19,
        "proj": 1.0,
        "lastAvgMin": 19.22,
        "oppOver": 0,
        "teamOver": 0,
        "gameLine": "-150",
        "+/-": "+5",
        "L5_+/-": -1.0,
        "prevMatchup": "2023-04-22 0.0 pts 2023-04-20 0.0 pts 2023-04-18 2.0 pts 2023-03-30 0.0 pts 2023-01-07 0.0 pts 2022-12-12 1.0 pts 2022-11-28 1.0 pts",
        "winLossSplits": "76% - 44%",
        "awayHome": "H",
        "playedYesterday": "N",
        "awayHomeSplits": "51% - 74%",
        "savesAboveExp": 0.922,
        "gsaa": 7.07,
        "corsi": "51.4% (57.9) // 49.5% (54.5) // - // 51.4% (57.9)",
        "fenwick": "52.0% (43.7) // 50.7% (42.3) // - // 52.0% (43.7)",
        "shots": "51.8% (31.1) // 51.8% (30.7) // - // 51.8% (31.1)",
        "scoring": "51.3% (30.8) // 48.9% (29.6) // - // 51.3% (30.8)",
        "corsiAgainst": "48.6% (54.7) // 50.5% (55.5) // - // 48.6% (54.7)",
        "fenwickAgainst": "48.0% (40.2) // 49.3% (41.1) // - // 48.0% (40.2)",
        "shotsAgainst": "48.2% (28.9) // 48.2% (28.6) // - // 48.2% (28.9)",
        "scoringAgainst": "48.7% (29.2) // 51.1% (30.9) // - // 48.7% (29.2)",
        "oppCorsi": "53.7% (63.4) // 55.1% (64.9) // - // 53.7% (63.4)",
        "oppFenwick": "53.9% (46.9) // 55.2% (48.2) // - // 53.9% (46.9)",
        "oppShots": "54.9% (33.9) // 54.4% (33.3) // - // 54.9% (33.9)",
        "oppScoring": "56.3% (35.0) // 60.7% (39.4) // - // 56.3% (35.0)",
        "oppCorsiAgainst": "46.3% (54.8) // 44.9% (52.8) // - // 46.3% (54.8)",
        "oppFenwickAgainst": "46.1% (40.1) // 44.8% (39.2) // - // 46.1% (40.1)",
        "oppShotsAgainst": "45.1% (27.8) // 45.6% (28.0) // - // 45.1% (27.8)",
        "oppScoringAgainst": "43.7% (27.1) // 39.3% (25.5) // - // 43.7% (27.1)",
        "savesPerGame": 26.7,
        "savesPerGameLast1": 26.0,
        "savesPerGameLast3": 25.3,
        "savesPerGameLast5": 26.2,
        "savesPer60": 27.9,
        "savesPer60Last1": 30.8,
        "savesPer60Last3": 26.9,
        "savesPer60Last5": 27.3,
        "shotsPerGame": 31.5,
        "shotsPerGameLast5": 28.2,
        "shotsAgainstPerGame": 29.3,
        "shotsAgainstPerGameLast5": 28.0,
        "oppSavesAgainstPer60": 32.2,
        "oppSavesAgainstPer60Last1": 26.0,
        "oppSavesAgainstPer60Last3": 25.1,
        "oppSavesAgainstPer60Last5": 25.5,
        "oppShotsAgainstPerGame": 28.2,
        "oppShotsAgainstPerGameLast5": 31.6,
        "savesProj": 32.2,
        "savesProjLast5": 26.3,
        "savesProjLast3": 25.3,
        "oppSavesAgainstProj": 29.4,
        "oppSavesAgainstProjLast5": 21.4,
        "oppSavesAgainstProjLast3": 19.5,
        "totalOver": 62,
        "totalOverLast5": 60,
        "totalOverLast15": 53,
        "lastTotalOver": 68,
        "last5": "0,0,2,1,2,0,1,1,3,0",
        "overOdds": "-215",
        "underOdds": "+175",
        "overUnder": "-215 / +175"
    },
    {
        "player": "Artemi Panarin",
        "team": "NYR",
        "opponent": "NJ",
        "propType": "ast",
        "line": 0.5,
        "ppLine": "PP1",
        "avg": 0.75,
        "hit": false,
        "diffAvg": 0.5,
        "diffAbs": 0.6,
        "lastAvg": 0.78,
        "diff": 0.56,
        "avgMin": 19,
        "proj": 0.8,
        "lastAvgMin": 19.22,
        "oppOver": 0,
        "teamOver": 0,
        "gameLine": "-150",
        "+/-": "+5",
        "L5_+/-": -1.0,
        "prevMatchup": "2023-04-22 0.0 ast 2023-04-20 0.0 ast 2023-04-18 2.0 ast 2023-03-30 0.0 ast 2023-01-07 0.0 ast 2022-12-12 1.0 ast 2022-11-28 0.0 ast",
        "winLossSplits": "65% - 28%",
        "awayHome": "H",
        "playedYesterday": "N",
        "awayHomeSplits": "49% - 50%",
        "savesAboveExp": 0.922,
        "gsaa": 7.07,
        "corsi": "51.4% (57.9) // 49.5% (54.5) // - // 51.4% (57.9)",
        "fenwick": "52.0% (43.7) // 50.7% (42.3) // - // 52.0% (43.7)",
        "shots": "51.8% (31.1) // 51.8% (30.7) // - // 51.8% (31.1)",
        "scoring": "51.3% (30.8) // 48.9% (29.6) // - // 51.3% (30.8)",
        "corsiAgainst": "48.6% (54.7) // 50.5% (55.5) // - // 48.6% (54.7)",
        "fenwickAgainst": "48.0% (40.2) // 49.3% (41.1) // - // 48.0% (40.2)",
        "shotsAgainst": "48.2% (28.9) // 48.2% (28.6) // - // 48.2% (28.9)",
        "scoringAgainst": "48.7% (29.2) // 51.1% (30.9) // - // 48.7% (29.2)",
        "oppCorsi": "53.7% (63.4) // 55.1% (64.9) // - // 53.7% (63.4)",
        "oppFenwick": "53.9% (46.9) // 55.2% (48.2) // - // 53.9% (46.9)",
        "oppShots": "54.9% (33.9) // 54.4% (33.3) // - // 54.9% (33.9)",
        "oppScoring": "56.3% (35.0) // 60.7% (39.4) // - // 56.3% (35.0)",
        "oppCorsiAgainst": "46.3% (54.8) // 44.9% (52.8) // - // 46.3% (54.8)",
        "oppFenwickAgainst": "46.1% (40.1) // 44.8% (39.2) // - // 46.1% (40.1)",
        "oppShotsAgainst": "45.1% (27.8) // 45.6% (28.0) // - // 45.1% (27.8)",
        "oppScoringAgainst": "43.7% (27.1) // 39.3% (25.5) // - // 43.7% (27.1)",
        "savesPerGame": 26.7,
        "savesPerGameLast1": 26.0,
        "savesPerGameLast3": 25.3,
        "savesPerGameLast5": 26.2,
        "savesPer60": 27.9,
        "savesPer60Last1": 30.8,
        "savesPer60Last3": 26.9,
        "savesPer60Last5": 27.3,
        "shotsPerGame": 31.5,
        "shotsPerGameLast5": 28.2,
        "shotsAgainstPerGame": 29.3,
        "shotsAgainstPerGameLast5": 28.0,
        "oppSavesAgainstPer60": 32.2,
        "oppSavesAgainstPer60Last1": 26.0,
        "oppSavesAgainstPer60Last3": 25.1,
        "oppSavesAgainstPer60Last5": 25.5,
        "oppShotsAgainstPerGame": 28.2,
        "oppShotsAgainstPerGameLast5": 31.6,
        "savesProj": 32.2,
        "savesProjLast5": 26.3,
        "savesProjLast3": 25.3,
        "oppSavesAgainstProj": 29.4,
        "oppSavesAgainstProjLast5": 21.4,
        "oppSavesAgainstProjLast3": 19.5,
        "totalOver": 49,
        "totalOverLast5": 20,
        "totalOverLast15": 33,
        "lastTotalOver": 58,
        "last5": "0,0,2,0,0,0,1,0,3,0",
        "overOdds": "-115",
        "underOdds": "-115",
        "overUnder": "-115 / -115"
    },
    {
        "player": "Artemi Panarin",
        "team": "NYR",
        "opponent": "NJ",
        "propType": "g",
        "line": 0.5,
        "ppLine": "PP1",
        "avg": 0.34,
        "hit": false,
        "diffAvg": -0.32,
        "diffAbs": 0.6,
        "lastAvg": 0.23,
        "diff": -0.54,
        "avgMin": 19,
        "proj": 0.2,
        "lastAvgMin": 19.22,
        "oppOver": 0,
        "teamOver": 0,
        "gameLine": "-150",
        "+/-": "+5",
        "L5_+/-": -1.0,
        "prevMatchup": "2023-04-22 0.0 g 2023-04-20 0.0 g 2023-04-18 0.0 g 2023-03-30 0.0 g 2023-01-07 0.0 g 2022-12-12 0.0 g 2022-11-28 1.0 g",
        "winLossSplits": "35% - 17%",
        "awayHome": "H",
        "playedYesterday": "N",
        "awayHomeSplits": "21% - 33%",
        "savesAboveExp": 0.922,
        "gsaa": 7.07,
        "corsi": "51.4% (57.9) // 49.5% (54.5) // - // 51.4% (57.9)",
        "fenwick": "52.0% (43.7) // 50.7% (42.3) // - // 52.0% (43.7)",
        "shots": "51.8% (31.1) // 51.8% (30.7) // - // 51.8% (31.1)",
        "scoring": "51.3% (30.8) // 48.9% (29.6) // - // 51.3% (30.8)",
        "corsiAgainst": "48.6% (54.7) // 50.5% (55.5) // - // 48.6% (54.7)",
        "fenwickAgainst": "48.0% (40.2) // 49.3% (41.1) // - // 48.0% (40.2)",
        "shotsAgainst": "48.2% (28.9) // 48.2% (28.6) // - // 48.2% (28.9)",
        "scoringAgainst": "48.7% (29.2) // 51.1% (30.9) // - // 48.7% (29.2)",
        "oppCorsi": "53.7% (63.4) // 55.1% (64.9) // - // 53.7% (63.4)",
        "oppFenwick": "53.9% (46.9) // 55.2% (48.2) // - // 53.9% (46.9)",
        "oppShots": "54.9% (33.9) // 54.4% (33.3) // - // 54.9% (33.9)",
        "oppScoring": "56.3% (35.0) // 60.7% (39.4) // - // 56.3% (35.0)",
        "oppCorsiAgainst": "46.3% (54.8) // 44.9% (52.8) // - // 46.3% (54.8)",
        "oppFenwickAgainst": "46.1% (40.1) // 44.8% (39.2) // - // 46.1% (40.1)",
        "oppShotsAgainst": "45.1% (27.8) // 45.6% (28.0) // - // 45.1% (27.8)",
        "oppScoringAgainst": "43.7% (27.1) // 39.3% (25.5) // - // 43.7% (27.1)",
        "savesPerGame": 26.7,
        "savesPerGameLast1": 26.0,
        "savesPerGameLast3": 25.3,
        "savesPerGameLast5": 26.2,
        "savesPer60": 27.9,
        "savesPer60Last1": 30.8,
        "savesPer60Last3": 26.9,
        "savesPer60Last5": 27.3,
        "shotsPerGame": 31.5,
        "shotsPerGameLast5": 28.2,
        "shotsAgainstPerGame": 29.3,
        "shotsAgainstPerGameLast5": 28.0,
        "oppSavesAgainstPer60": 32.2,
        "oppSavesAgainstPer60Last1": 26.0,
        "oppSavesAgainstPer60Last3": 25.1,
        "oppSavesAgainstPer60Last5": 25.5,
        "oppShotsAgainstPerGame": 28.2,
        "oppShotsAgainstPerGameLast5": 31.6,
        "savesProj": 32.2,
        "savesProjLast5": 26.3,
        "savesProjLast3": 25.3,
        "oppSavesAgainstProj": 29.4,
        "oppSavesAgainstProjLast5": 21.4,
        "oppSavesAgainstProjLast3": 19.5,
        "totalOver": 27,
        "totalOverLast5": 40,
        "totalOverLast15": 33,
        "lastTotalOver": 28,
        "last5": "0,0,0,1,2,0,0,1,0,0",
        "overOdds": "+180",
        "underOdds": "0",
        "overUnder": "+180 / 0"
    },
    {
        "player": "Chris Kreider",
        "team": "NYR",
        "opponent": "NJ",
        "propType": "sog",
        "line": 2.5,
        "ppLine": "PP1",
        "avg": 2.9,
        "hit": false,
        "diffAvg": 0.16,
        "diffAbs": 0.04,
        "lastAvg": 2.5,
        "diff": 0.0,
        "avgMin": 18,
        "proj": 2.4,
        "lastAvgMin": 18.72,
        "oppOver": 0,
        "teamOver": 0,
        "gameLine": "-150",
        "+/-": "+23",
        "L5_+/-": "+1.0",
        "prevMatchup": "2023-04-22 1.0 sog 2023-04-20 5.0 sog 2023-04-18 3.0 sog 2023-03-30 3.0 sog 2023-01-07 1.0 sog 2022-12-12 6.0 sog 2022-11-28 1.0 sog",
        "winLossSplits": "57% - 43%",
        "awayHome": "H",
        "playedYesterday": "N",
        "awayHomeSplits": "52% - 50%",
        "savesAboveExp": 0.922,
        "gsaa": 7.07,
        "corsi": "51.4% (57.9) // 49.5% (54.5) // - // 51.4% (57.9)",
        "fenwick": "52.0% (43.7) // 50.7% (42.3) // - // 52.0% (43.7)",
        "shots": "51.8% (31.1) // 51.8% (30.7) // - // 51.8% (31.1)",
        "scoring": "51.3% (30.8) // 48.9% (29.6) // - // 51.3% (30.8)",
        "corsiAgainst": "48.6% (54.7) // 50.5% (55.5) // - // 48.6% (54.7)",
        "fenwickAgainst": "48.0% (40.2) // 49.3% (41.1) // - // 48.0% (40.2)",
        "shotsAgainst": "48.2% (28.9) // 48.2% (28.6) // - // 48.2% (28.9)",
        "scoringAgainst": "48.7% (29.2) // 51.1% (30.9) // - // 48.7% (29.2)",
        "oppCorsi": "53.7% (63.4) // 55.1% (64.9) // - // 53.7% (63.4)",
        "oppFenwick": "53.9% (46.9) // 55.2% (48.2) // - // 53.9% (46.9)",
        "oppShots": "54.9% (33.9) // 54.4% (33.3) // - // 54.9% (33.9)",
        "oppScoring": "56.3% (35.0) // 60.7% (39.4) // - // 56.3% (35.0)",
        "oppCorsiAgainst": "46.3% (54.8) // 44.9% (52.8) // - // 46.3% (54.8)",
        "oppFenwickAgainst": "46.1% (40.1) // 44.8% (39.2) // - // 46.1% (40.1)",
        "oppShotsAgainst": "45.1% (27.8) // 45.6% (28.0) // - // 45.1% (27.8)",
        "oppScoringAgainst": "43.7% (27.1) // 39.3% (25.5) // - // 43.7% (27.1)",
        "savesPerGame": 26.7,
        "savesPerGameLast1": 26.0,
        "savesPerGameLast3": 25.3,
        "savesPerGameLast5": 26.2,
        "savesPer60": 27.9,
        "savesPer60Last1": 30.8,
        "savesPer60Last3": 26.9,
        "savesPer60Last5": 27.3,
        "shotsPerGame": 31.5,
        "shotsPerGameLast5": 28.2,
        "shotsAgainstPerGame": 29.3,
        "shotsAgainstPerGameLast5": 28.0,
        "oppSavesAgainstPer60": 32.2,
        "oppSavesAgainstPer60Last1": 26.0,
        "oppSavesAgainstPer60Last3": 25.1,
        "oppSavesAgainstPer60Last5": 25.5,
        "oppShotsAgainstPerGame": 28.2,
        "oppShotsAgainstPerGameLast5": 31.6,
        "savesProj": 32.2,
        "savesProjLast5": 26.3,
        "savesProjLast3": 25.3,
        "oppSavesAgainstProj": 29.4,
        "oppSavesAgainstProjLast5": 21.4,
        "oppSavesAgainstProjLast3": 19.5,
        "totalOver": 51,
        "totalOverLast5": 40,
        "totalOverLast15": 40,
        "lastTotalOver": 56,
        "last5": "1,5,3,1,1,1,2,5,0,1",
        "overOdds": "-115",
        "underOdds": "-115",
        "overUnder": "-115 / -115"
    },
    {
        "player": "Chris Kreider",
        "team": "NYR",
        "opponent": "NJ",
        "propType": "pts",
        "line": 0.5,
        "ppLine": "PP1",
        "avg": 0.72,
        "hit": false,
        "diffAvg": 0.44,
        "diffAbs": 0.4,
        "lastAvg": 0.75,
        "diff": 0.5,
        "avgMin": 18,
        "proj": 0.7,
        "lastAvgMin": 18.72,
        "oppOver": 0,
        "teamOver": 0,
        "gameLine": "-150",
        "+/-": "+23",
        "L5_+/-": "+1.0",
        "prevMatchup": "2023-04-22 1.0 pts 2023-04-20 2.0 pts 2023-04-18 2.0 pts 2023-03-30 1.0 pts 2023-01-07 1.0 pts 2022-12-12 1.0 pts 2022-11-28 2.0 pts",
        "winLossSplits": "62% - 46%",
        "awayHome": "H",
        "playedYesterday": "N",
        "awayHomeSplits": "48% - 62%",
        "savesAboveExp": 0.922,
        "gsaa": 7.07,
        "corsi": "51.4% (57.9) // 49.5% (54.5) // - // 51.4% (57.9)",
        "fenwick": "52.0% (43.7) // 50.7% (42.3) // - // 52.0% (43.7)",
        "shots": "51.8% (31.1) // 51.8% (30.7) // - // 51.8% (31.1)",
        "scoring": "51.3% (30.8) // 48.9% (29.6) // - // 51.3% (30.8)",
        "corsiAgainst": "48.6% (54.7) // 50.5% (55.5) // - // 48.6% (54.7)",
        "fenwickAgainst": "48.0% (40.2) // 49.3% (41.1) // - // 48.0% (40.2)",
        "shotsAgainst": "48.2% (28.9) // 48.2% (28.6) // - // 48.2% (28.9)",
        "scoringAgainst": "48.7% (29.2) // 51.1% (30.9) // - // 48.7% (29.2)",
        "oppCorsi": "53.7% (63.4) // 55.1% (64.9) // - // 53.7% (63.4)",
        "oppFenwick": "53.9% (46.9) // 55.2% (48.2) // - // 53.9% (46.9)",
        "oppShots": "54.9% (33.9) // 54.4% (33.3) // - // 54.9% (33.9)",
        "oppScoring": "56.3% (35.0) // 60.7% (39.4) // - // 56.3% (35.0)",
        "oppCorsiAgainst": "46.3% (54.8) // 44.9% (52.8) // - // 46.3% (54.8)",
        "oppFenwickAgainst": "46.1% (40.1) // 44.8% (39.2) // - // 46.1% (40.1)",
        "oppShotsAgainst": "45.1% (27.8) // 45.6% (28.0) // - // 45.1% (27.8)",
        "oppScoringAgainst": "43.7% (27.1) // 39.3% (25.5) // - // 43.7% (27.1)",
        "savesPerGame": 26.7,
        "savesPerGameLast1": 26.0,
        "savesPerGameLast3": 25.3,
        "savesPerGameLast5": 26.2,
        "savesPer60": 27.9,
        "savesPer60Last1": 30.8,
        "savesPer60Last3": 26.9,
        "savesPer60Last5": 27.3,
        "shotsPerGame": 31.5,
        "shotsPerGameLast5": 28.2,
        "shotsAgainstPerGame": 29.3,
        "shotsAgainstPerGameLast5": 28.0,
        "oppSavesAgainstPer60": 32.2,
        "oppSavesAgainstPer60Last1": 26.0,
        "oppSavesAgainstPer60Last3": 25.1,
        "oppSavesAgainstPer60Last5": 25.5,
        "oppShotsAgainstPerGame": 28.2,
        "oppShotsAgainstPerGameLast5": 31.6,
        "savesProj": 32.2,
        "savesProjLast5": 26.3,
        "savesProjLast3": 25.3,
        "oppSavesAgainstProj": 29.4,
        "oppSavesAgainstProjLast5": 21.4,
        "oppSavesAgainstProjLast3": 19.5,
        "totalOver": 55,
        "totalOverLast5": 60,
        "totalOverLast15": 47,
        "lastTotalOver": 60,
        "last5": "1,2,2,0,0,1,0,2,0,0",
        "overOdds": "-140",
        "underOdds": "+110",
        "overUnder": "-140 / +110"
    },
    {
        "player": "Chris Kreider",
        "team": "NYR",
        "opponent": "NJ",
        "propType": "ast",
        "line": 0.5,
        "ppLine": "PP1",
        "avg": 0.23,
        "hit": false,
        "diffAvg": -0.54,
        "diffAbs": 0.6,
        "lastAvg": 0.24,
        "diff": -0.52,
        "avgMin": 18,
        "proj": 0.2,
        "lastAvgMin": 18.72,
        "oppOver": 0,
        "teamOver": 0,
        "gameLine": "-150",
        "+/-": "+23",
        "L5_+/-": "+1.0",
        "prevMatchup": "2023-04-22 0.0 ast 2023-04-20 0.0 ast 2023-04-18 0.0 ast 2023-03-30 0.0 ast 2023-01-07 0.0 ast 2022-12-12 0.0 ast 2022-11-28 2.0 ast",
        "winLossSplits": "21% - 20%",
        "awayHome": "H",
        "playedYesterday": "N",
        "awayHomeSplits": "17% - 25%",
        "savesAboveExp": 0.922,
        "gsaa": 7.07,
        "corsi": "51.4% (57.9) // 49.5% (54.5) // - // 51.4% (57.9)",
        "fenwick": "52.0% (43.7) // 50.7% (42.3) // - // 52.0% (43.7)",
        "shots": "51.8% (31.1) // 51.8% (30.7) // - // 51.8% (31.1)",
        "scoring": "51.3% (30.8) // 48.9% (29.6) // - // 51.3% (30.8)",
        "corsiAgainst": "48.6% (54.7) // 50.5% (55.5) // - // 48.6% (54.7)",
        "fenwickAgainst": "48.0% (40.2) // 49.3% (41.1) // - // 48.0% (40.2)",
        "shotsAgainst": "48.2% (28.9) // 48.2% (28.6) // - // 48.2% (28.9)",
        "scoringAgainst": "48.7% (29.2) // 51.1% (30.9) // - // 48.7% (29.2)",
        "oppCorsi": "53.7% (63.4) // 55.1% (64.9) // - // 53.7% (63.4)",
        "oppFenwick": "53.9% (46.9) // 55.2% (48.2) // - // 53.9% (46.9)",
        "oppShots": "54.9% (33.9) // 54.4% (33.3) // - // 54.9% (33.9)",
        "oppScoring": "56.3% (35.0) // 60.7% (39.4) // - // 56.3% (35.0)",
        "oppCorsiAgainst": "46.3% (54.8) // 44.9% (52.8) // - // 46.3% (54.8)",
        "oppFenwickAgainst": "46.1% (40.1) // 44.8% (39.2) // - // 46.1% (40.1)",
        "oppShotsAgainst": "45.1% (27.8) // 45.6% (28.0) // - // 45.1% (27.8)",
        "oppScoringAgainst": "43.7% (27.1) // 39.3% (25.5) // - // 43.7% (27.1)",
        "savesPerGame": 26.7,
        "savesPerGameLast1": 26.0,
        "savesPerGameLast3": 25.3,
        "savesPerGameLast5": 26.2,
        "savesPer60": 27.9,
        "savesPer60Last1": 30.8,
        "savesPer60Last3": 26.9,
        "savesPer60Last5": 27.3,
        "shotsPerGame": 31.5,
        "shotsPerGameLast5": 28.2,
        "shotsAgainstPerGame": 29.3,
        "shotsAgainstPerGameLast5": 28.0,
        "oppSavesAgainstPer60": 32.2,
        "oppSavesAgainstPer60Last1": 26.0,
        "oppSavesAgainstPer60Last3": 25.1,
        "oppSavesAgainstPer60Last5": 25.5,
        "oppShotsAgainstPerGame": 28.2,
        "oppShotsAgainstPerGameLast5": 31.6,
        "savesProj": 32.2,
        "savesProjLast5": 26.3,
        "savesProjLast3": 25.3,
        "oppSavesAgainstProj": 29.4,
        "oppSavesAgainstProjLast5": 21.4,
        "oppSavesAgainstProjLast3": 19.5,
        "totalOver": 21,
        "totalOverLast5": 0,
        "totalOverLast15": 7,
        "lastTotalOver": 26,
        "last5": "0,0,0,0,0,0,0,0,0,0",
        "overOdds": "+210",
        "underOdds": "-265",
        "overUnder": "+210 / -265"
    },
    {
        "player": "Chris Kreider",
        "team": "NYR",
        "opponent": "NJ",
        "propType": "g",
        "line": 0.5,
        "ppLine": "PP1",
        "avg": 0.49,
        "hit": false,
        "diffAvg": -0.02,
        "diffAbs": 0.0,
        "lastAvg": 0.5,
        "diff": 0.0,
        "avgMin": 18,
        "proj": 0.5,
        "lastAvgMin": 18.72,
        "oppOver": 0,
        "teamOver": 0,
        "gameLine": "-150",
        "+/-": "+23",
        "L5_+/-": "+1.0",
        "prevMatchup": "2023-04-22 1.0 g 2023-04-20 2.0 g 2023-04-18 2.0 g 2023-03-30 1.0 g 2023-01-07 1.0 g 2022-12-12 1.0 g 2022-11-28 0.0 g",
        "winLossSplits": "47% - 29%",
        "awayHome": "H",
        "playedYesterday": "N",
        "awayHomeSplits": "40% - 38%",
        "savesAboveExp": 0.922,
        "gsaa": 7.07,
        "corsi": "51.4% (57.9) // 49.5% (54.5) // - // 51.4% (57.9)",
        "fenwick": "52.0% (43.7) // 50.7% (42.3) // - // 52.0% (43.7)",
        "shots": "51.8% (31.1) // 51.8% (30.7) // - // 51.8% (31.1)",
        "scoring": "51.3% (30.8) // 48.9% (29.6) // - // 51.3% (30.8)",
        "corsiAgainst": "48.6% (54.7) // 50.5% (55.5) // - // 48.6% (54.7)",
        "fenwickAgainst": "48.0% (40.2) // 49.3% (41.1) // - // 48.0% (40.2)",
        "shotsAgainst": "48.2% (28.9) // 48.2% (28.6) // - // 48.2% (28.9)",
        "scoringAgainst": "48.7% (29.2) // 51.1% (30.9) // - // 48.7% (29.2)",
        "oppCorsi": "53.7% (63.4) // 55.1% (64.9) // - // 53.7% (63.4)",
        "oppFenwick": "53.9% (46.9) // 55.2% (48.2) // - // 53.9% (46.9)",
        "oppShots": "54.9% (33.9) // 54.4% (33.3) // - // 54.9% (33.9)",
        "oppScoring": "56.3% (35.0) // 60.7% (39.4) // - // 56.3% (35.0)",
        "oppCorsiAgainst": "46.3% (54.8) // 44.9% (52.8) // - // 46.3% (54.8)",
        "oppFenwickAgainst": "46.1% (40.1) // 44.8% (39.2) // - // 46.1% (40.1)",
        "oppShotsAgainst": "45.1% (27.8) // 45.6% (28.0) // - // 45.1% (27.8)",
        "oppScoringAgainst": "43.7% (27.1) // 39.3% (25.5) // - // 43.7% (27.1)",
        "savesPerGame": 26.7,
        "savesPerGameLast1": 26.0,
        "savesPerGameLast3": 25.3,
        "savesPerGameLast5": 26.2,
        "savesPer60": 27.9,
        "savesPer60Last1": 30.8,
        "savesPer60Last3": 26.9,
        "savesPer60Last5": 27.3,
        "shotsPerGame": 31.5,
        "shotsPerGameLast5": 28.2,
        "shotsAgainstPerGame": 29.3,
        "shotsAgainstPerGameLast5": 28.0,
        "oppSavesAgainstPer60": 32.2,
        "oppSavesAgainstPer60Last1": 26.0,
        "oppSavesAgainstPer60Last3": 25.1,
        "oppSavesAgainstPer60Last5": 25.5,
        "oppShotsAgainstPerGame": 28.2,
        "oppShotsAgainstPerGameLast5": 31.6,
        "savesProj": 32.2,
        "savesProjLast5": 26.3,
        "savesProjLast3": 25.3,
        "oppSavesAgainstProj": 29.4,
        "oppSavesAgainstProjLast5": 21.4,
        "oppSavesAgainstProjLast3": 19.5,
        "totalOver": 39,
        "totalOverLast5": 60,
        "totalOverLast15": 40,
        "lastTotalOver": 48,
        "last5": "1,2,2,0,0,1,0,2,0,0",
        "overOdds": "+125",
        "underOdds": "0",
        "overUnder": "+125 / 0"
    },
    {
        "player": "Dawson Mercer",
        "team": "NJ",
        "opponent": "NYR",
        "propType": "sog",
        "line": 1.5,
        "ppLine": "PP2",
        "avg": 1.92,
        "hit": false,
        "diffAvg": 0.28,
        "diffAbs": 0.2,
        "lastAvg": 1.88,
        "diff": 0.25,
        "avgMin": 16,
        "proj": 1.8,
        "lastAvgMin": 16.53,
        "oppOver": 0,
        "teamOver": 0,
        "gameLine": "+130",
        "+/-": "+21",
        "L5_+/-": "+5.0",
        "prevMatchup": "2023-04-22 1.0 sog 2023-04-20 0.0 sog 2023-04-18 1.0 sog 2023-03-30 3.0 sog 2023-01-07 1.0 sog 2022-12-12 3.0 sog 2022-11-28 1.0 sog",
        "winLossSplits": "42% - 56%",
        "awayHome": "A",
        "playedYesterday": "N",
        "awayHomeSplits": "45% - 49%",
        "savesAboveExp": 0.388,
        "gsaa": 20.59,
        "corsi": "53.7% (63.4) // 55.1% (64.9) // - // 53.7% (63.4)",
        "fenwick": "53.9% (46.9) // 55.2% (48.2) // - // 53.9% (46.9)",
        "shots": "54.9% (33.9) // 54.4% (33.3) // - // 54.9% (33.9)",
        "scoring": "56.3% (35.0) // 60.7% (39.4) // - // 56.3% (35.0)",
        "corsiAgainst": "46.3% (54.8) // 44.9% (52.8) // - // 46.3% (54.8)",
        "fenwickAgainst": "46.1% (40.1) // 44.8% (39.2) // - // 46.1% (40.1)",
        "shotsAgainst": "45.1% (27.8) // 45.6% (28.0) // - // 45.1% (27.8)",
        "scoringAgainst": "43.7% (27.1) // 39.3% (25.5) // - // 43.7% (27.1)",
        "oppCorsi": "51.4% (57.9) // 49.5% (54.5) // - // 51.4% (57.9)",
        "oppFenwick": "52.0% (43.7) // 50.7% (42.3) // - // 52.0% (43.7)",
        "oppShots": "51.8% (31.1) // 51.8% (30.7) // - // 51.8% (31.1)",
        "oppScoring": "51.3% (30.8) // 48.9% (29.6) // - // 51.3% (30.8)",
        "oppCorsiAgainst": "48.6% (54.7) // 50.5% (55.5) // - // 48.6% (54.7)",
        "oppFenwickAgainst": "48.0% (40.2) // 49.3% (41.1) // - // 48.0% (40.2)",
        "oppShotsAgainst": "48.2% (28.9) // 48.2% (28.6) // - // 48.2% (28.9)",
        "oppScoringAgainst": "48.7% (29.2) // 51.1% (30.9) // - // 48.7% (29.2)",
        "savesPerGame": 25.5,
        "savesPerGameLast1": 35.0,
        "savesPerGameLast3": 26.0,
        "savesPerGameLast5": 28.2,
        "savesPer60": 26.6,
        "savesPer60Last1": 41.8,
        "savesPer60Last3": 27.6,
        "savesPer60Last5": 29.7,
        "shotsPerGame": 34.4,
        "shotsPerGameLast5": 28.8,
        "shotsAgainstPerGame": 28.2,
        "shotsAgainstPerGameLast5": 31.6,
        "oppSavesAgainstPer60": 29.4,
        "oppSavesAgainstPer60Last1": 35.0,
        "oppSavesAgainstPer60Last3": 25.9,
        "oppSavesAgainstPer60Last5": 25.1,
        "oppShotsAgainstPerGame": 29.3,
        "oppShotsAgainstPerGameLast5": 28.0,
        "savesProj": 26.8,
        "savesProjLast5": 26.8,
        "savesProjLast3": 25.7,
        "oppSavesAgainstProj": 26.0,
        "oppSavesAgainstProjLast5": 24.3,
        "oppSavesAgainstProjLast3": 22.9,
        "totalOver": 47,
        "totalOverLast5": 20,
        "totalOverLast15": 40,
        "lastTotalOver": 56,
        "last5": "1,0,1,3,0,1,2,3,0,4",
        "overOdds": "-140",
        "underOdds": "+110",
        "overUnder": "-140 / +110"
    },
    {
        "player": "Dawson Mercer",
        "team": "NJ",
        "opponent": "NYR",
        "propType": "pts",
        "line": 0.5,
        "ppLine": "PP2",
        "avg": 0.66,
        "hit": false,
        "diffAvg": 0.32,
        "diffAbs": 0.0,
        "lastAvg": 0.51,
        "diff": 0.02,
        "avgMin": 16,
        "proj": 0.5,
        "lastAvgMin": 16.53,
        "oppOver": 0,
        "teamOver": 0,
        "gameLine": "+130",
        "+/-": "+21",
        "L5_+/-": "+5.0",
        "prevMatchup": "2023-04-22 0.0 pts 2023-04-20 0.0 pts 2023-04-18 0.0 pts 2023-03-30 0.0 pts 2023-01-07 1.0 pts 2022-12-12 2.0 pts 2022-11-28 1.0 pts",
        "winLossSplits": "53% - 34%",
        "awayHome": "A",
        "playedYesterday": "N",
        "awayHomeSplits": "55% - 37%",
        "savesAboveExp": 0.388,
        "gsaa": 20.59,
        "corsi": "53.7% (63.4) // 55.1% (64.9) // - // 53.7% (63.4)",
        "fenwick": "53.9% (46.9) // 55.2% (48.2) // - // 53.9% (46.9)",
        "shots": "54.9% (33.9) // 54.4% (33.3) // - // 54.9% (33.9)",
        "scoring": "56.3% (35.0) // 60.7% (39.4) // - // 56.3% (35.0)",
        "corsiAgainst": "46.3% (54.8) // 44.9% (52.8) // - // 46.3% (54.8)",
        "fenwickAgainst": "46.1% (40.1) // 44.8% (39.2) // - // 46.1% (40.1)",
        "shotsAgainst": "45.1% (27.8) // 45.6% (28.0) // - // 45.1% (27.8)",
        "scoringAgainst": "43.7% (27.1) // 39.3% (25.5) // - // 43.7% (27.1)",
        "oppCorsi": "51.4% (57.9) // 49.5% (54.5) // - // 51.4% (57.9)",
        "oppFenwick": "52.0% (43.7) // 50.7% (42.3) // - // 52.0% (43.7)",
        "oppShots": "51.8% (31.1) // 51.8% (30.7) // - // 51.8% (31.1)",
        "oppScoring": "51.3% (30.8) // 48.9% (29.6) // - // 51.3% (30.8)",
        "oppCorsiAgainst": "48.6% (54.7) // 50.5% (55.5) // - // 48.6% (54.7)",
        "oppFenwickAgainst": "48.0% (40.2) // 49.3% (41.1) // - // 48.0% (40.2)",
        "oppShotsAgainst": "48.2% (28.9) // 48.2% (28.6) // - // 48.2% (28.9)",
        "oppScoringAgainst": "48.7% (29.2) // 51.1% (30.9) // - // 48.7% (29.2)",
        "savesPerGame": 25.5,
        "savesPerGameLast1": 35.0,
        "savesPerGameLast3": 26.0,
        "savesPerGameLast5": 28.2,
        "savesPer60": 26.6,
        "savesPer60Last1": 41.8,
        "savesPer60Last3": 27.6,
        "savesPer60Last5": 29.7,
        "shotsPerGame": 34.4,
        "shotsPerGameLast5": 28.8,
        "shotsAgainstPerGame": 28.2,
        "shotsAgainstPerGameLast5": 31.6,
        "oppSavesAgainstPer60": 29.4,
        "oppSavesAgainstPer60Last1": 35.0,
        "oppSavesAgainstPer60Last3": 25.9,
        "oppSavesAgainstPer60Last5": 25.1,
        "oppShotsAgainstPerGame": 29.3,
        "oppShotsAgainstPerGameLast5": 28.0,
        "savesProj": 26.8,
        "savesProjLast5": 26.8,
        "savesProjLast3": 25.7,
        "oppSavesAgainstProj": 26.0,
        "oppSavesAgainstProjLast5": 24.3,
        "oppSavesAgainstProjLast3": 22.9,
        "totalOver": 46,
        "totalOverLast5": 20,
        "totalOverLast15": 27,
        "lastTotalOver": 39,
        "last5": "0,0,0,1,0,0,0,3,0,1",
        "overOdds": "-105",
        "underOdds": "-125",
        "overUnder": "-105 / -125"
    },
    {
        "player": "Dawson Mercer",
        "team": "NJ",
        "opponent": "NYR",
        "propType": "ast",
        "line": 0.5,
        "ppLine": "PP2",
        "avg": 0.34,
        "hit": false,
        "diffAvg": -0.32,
        "diffAbs": 0.4,
        "lastAvg": 0.3,
        "diff": -0.4,
        "avgMin": 16,
        "proj": 0.3,
        "lastAvgMin": 16.53,
        "oppOver": 0,
        "teamOver": 0,
        "gameLine": "+130",
        "+/-": "+21",
        "L5_+/-": "+5.0",
        "prevMatchup": "2023-04-22 0.0 ast 2023-04-20 0.0 ast 2023-04-18 0.0 ast 2023-03-30 0.0 ast 2023-01-07 1.0 ast 2022-12-12 1.0 ast 2022-11-28 1.0 ast",
        "winLossSplits": "34% - 19%",
        "awayHome": "A",
        "playedYesterday": "N",
        "awayHomeSplits": "38% - 19%",
        "savesAboveExp": 0.388,
        "gsaa": 20.59,
        "corsi": "53.7% (63.4) // 55.1% (64.9) // - // 53.7% (63.4)",
        "fenwick": "53.9% (46.9) // 55.2% (48.2) // - // 53.9% (46.9)",
        "shots": "54.9% (33.9) // 54.4% (33.3) // - // 54.9% (33.9)",
        "scoring": "56.3% (35.0) // 60.7% (39.4) // - // 56.3% (35.0)",
        "corsiAgainst": "46.3% (54.8) // 44.9% (52.8) // - // 46.3% (54.8)",
        "fenwickAgainst": "46.1% (40.1) // 44.8% (39.2) // - // 46.1% (40.1)",
        "shotsAgainst": "45.1% (27.8) // 45.6% (28.0) // - // 45.1% (27.8)",
        "scoringAgainst": "43.7% (27.1) // 39.3% (25.5) // - // 43.7% (27.1)",
        "oppCorsi": "51.4% (57.9) // 49.5% (54.5) // - // 51.4% (57.9)",
        "oppFenwick": "52.0% (43.7) // 50.7% (42.3) // - // 52.0% (43.7)",
        "oppShots": "51.8% (31.1) // 51.8% (30.7) // - // 51.8% (31.1)",
        "oppScoring": "51.3% (30.8) // 48.9% (29.6) // - // 51.3% (30.8)",
        "oppCorsiAgainst": "48.6% (54.7) // 50.5% (55.5) // - // 48.6% (54.7)",
        "oppFenwickAgainst": "48.0% (40.2) // 49.3% (41.1) // - // 48.0% (40.2)",
        "oppShotsAgainst": "48.2% (28.9) // 48.2% (28.6) // - // 48.2% (28.9)",
        "oppScoringAgainst": "48.7% (29.2) // 51.1% (30.9) // - // 48.7% (29.2)",
        "savesPerGame": 25.5,
        "savesPerGameLast1": 35.0,
        "savesPerGameLast3": 26.0,
        "savesPerGameLast5": 28.2,
        "savesPer60": 26.6,
        "savesPer60Last1": 41.8,
        "savesPer60Last3": 27.6,
        "savesPer60Last5": 29.7,
        "shotsPerGame": 34.4,
        "shotsPerGameLast5": 28.8,
        "shotsAgainstPerGame": 28.2,
        "shotsAgainstPerGameLast5": 31.6,
        "oppSavesAgainstPer60": 29.4,
        "oppSavesAgainstPer60Last1": 35.0,
        "oppSavesAgainstPer60Last3": 25.9,
        "oppSavesAgainstPer60Last5": 25.1,
        "oppShotsAgainstPerGame": 29.3,
        "oppShotsAgainstPerGameLast5": 28.0,
        "savesProj": 26.8,
        "savesProjLast5": 26.8,
        "savesProjLast3": 25.7,
        "oppSavesAgainstProj": 26.0,
        "oppSavesAgainstProjLast5": 24.3,
        "oppSavesAgainstProjLast3": 22.9,
        "totalOver": 28,
        "totalOverLast5": 20,
        "totalOverLast15": 7,
        "lastTotalOver": 25,
        "last5": "0,0,0,1,0,0,0,0,0,0",
        "overOdds": "+195",
        "underOdds": "-240",
        "overUnder": "+195 / -240"
    },
    {
        "player": "Dawson Mercer",
        "team": "NJ",
        "opponent": "NYR",
        "propType": "g",
        "line": 0.5,
        "ppLine": "PP2",
        "avg": 0.32,
        "hit": false,
        "diffAvg": -0.36,
        "diffAbs": 0.6,
        "lastAvg": 0.21,
        "diff": -0.58,
        "avgMin": 16,
        "proj": 0.2,
        "lastAvgMin": 16.53,
        "oppOver": 0,
        "teamOver": 0,
        "gameLine": "+130",
        "+/-": "+21",
        "L5_+/-": "+5.0",
        "prevMatchup": "2023-04-22 0.0 g 2023-04-20 0.0 g 2023-04-18 0.0 g 2023-03-30 0.0 g 2023-01-07 0.0 g 2022-12-12 1.0 g 2022-11-28 0.0 g",
        "winLossSplits": "30% - 19%",
        "awayHome": "A",
        "playedYesterday": "N",
        "awayHomeSplits": "29% - 23%",
        "savesAboveExp": 0.388,
        "gsaa": 20.59,
        "corsi": "53.7% (63.4) // 55.1% (64.9) // - // 53.7% (63.4)",
        "fenwick": "53.9% (46.9) // 55.2% (48.2) // - // 53.9% (46.9)",
        "shots": "54.9% (33.9) // 54.4% (33.3) // - // 54.9% (33.9)",
        "scoring": "56.3% (35.0) // 60.7% (39.4) // - // 56.3% (35.0)",
        "corsiAgainst": "46.3% (54.8) // 44.9% (52.8) // - // 46.3% (54.8)",
        "fenwickAgainst": "46.1% (40.1) // 44.8% (39.2) // - // 46.1% (40.1)",
        "shotsAgainst": "45.1% (27.8) // 45.6% (28.0) // - // 45.1% (27.8)",
        "scoringAgainst": "43.7% (27.1) // 39.3% (25.5) // - // 43.7% (27.1)",
        "oppCorsi": "51.4% (57.9) // 49.5% (54.5) // - // 51.4% (57.9)",
        "oppFenwick": "52.0% (43.7) // 50.7% (42.3) // - // 52.0% (43.7)",
        "oppShots": "51.8% (31.1) // 51.8% (30.7) // - // 51.8% (31.1)",
        "oppScoring": "51.3% (30.8) // 48.9% (29.6) // - // 51.3% (30.8)",
        "oppCorsiAgainst": "48.6% (54.7) // 50.5% (55.5) // - // 48.6% (54.7)",
        "oppFenwickAgainst": "48.0% (40.2) // 49.3% (41.1) // - // 48.0% (40.2)",
        "oppShotsAgainst": "48.2% (28.9) // 48.2% (28.6) // - // 48.2% (28.9)",
        "oppScoringAgainst": "48.7% (29.2) // 51.1% (30.9) // - // 48.7% (29.2)",
        "savesPerGame": 25.5,
        "savesPerGameLast1": 35.0,
        "savesPerGameLast3": 26.0,
        "savesPerGameLast5": 28.2,
        "savesPer60": 26.6,
        "savesPer60Last1": 41.8,
        "savesPer60Last3": 27.6,
        "savesPer60Last5": 29.7,
        "shotsPerGame": 34.4,
        "shotsPerGameLast5": 28.8,
        "shotsAgainstPerGame": 28.2,
        "shotsAgainstPerGameLast5": 31.6,
        "oppSavesAgainstPer60": 29.4,
        "oppSavesAgainstPer60Last1": 35.0,
        "oppSavesAgainstPer60Last3": 25.9,
        "oppSavesAgainstPer60Last5": 25.1,
        "oppShotsAgainstPerGame": 29.3,
        "oppShotsAgainstPerGameLast5": 28.0,
        "savesProj": 26.8,
        "savesProjLast5": 26.8,
        "savesProjLast3": 25.7,
        "oppSavesAgainstProj": 26.0,
        "oppSavesAgainstProjLast5": 24.3,
        "oppSavesAgainstProjLast3": 22.9,
        "totalOver": 26,
        "totalOverLast5": 0,
        "totalOverLast15": 20,
        "lastTotalOver": 21,
        "last5": "0,0,0,0,0,0,0,3,0,1",
        "overOdds": "+275",
        "underOdds": "0",
        "overUnder": "+275 / 0"
    },
    {
        "player": "Dougie Hamilton",
        "team": "NJ",
        "opponent": "NYR",
        "propType": "sog",
        "line": 2.5,
        "ppLine": "PP1",
        "avg": 3.29,
        "hit": false,
        "diffAvg": 0.32,
        "diffAbs": 0.24,
        "lastAvg": 3.18,
        "diff": 0.27,
        "avgMin": 21,
        "proj": 3.1,
        "lastAvgMin": 21.22,
        "oppOver": 0,
        "teamOver": 0,
        "gameLine": "+130",
        "+/-": "+19",
        "L5_+/-": -3.0,
        "prevMatchup": "2023-04-22 3.0 sog 2023-04-20 1.0 sog 2023-04-18 1.0 sog 2023-03-30 5.0 sog 2023-01-07 3.0 sog 2022-12-12 2.0 sog 2022-11-28 3.0 sog",
        "winLossSplits": "64% - 53%",
        "awayHome": "A",
        "playedYesterday": "N",
        "awayHomeSplits": "57% - 63%",
        "savesAboveExp": 0.388,
        "gsaa": 20.59,
        "corsi": "53.7% (63.4) // 55.1% (64.9) // - // 53.7% (63.4)",
        "fenwick": "53.9% (46.9) // 55.2% (48.2) // - // 53.9% (46.9)",
        "shots": "54.9% (33.9) // 54.4% (33.3) // - // 54.9% (33.9)",
        "scoring": "56.3% (35.0) // 60.7% (39.4) // - // 56.3% (35.0)",
        "corsiAgainst": "46.3% (54.8) // 44.9% (52.8) // - // 46.3% (54.8)",
        "fenwickAgainst": "46.1% (40.1) // 44.8% (39.2) // - // 46.1% (40.1)",
        "shotsAgainst": "45.1% (27.8) // 45.6% (28.0) // - // 45.1% (27.8)",
        "scoringAgainst": "43.7% (27.1) // 39.3% (25.5) // - // 43.7% (27.1)",
        "oppCorsi": "51.4% (57.9) // 49.5% (54.5) // - // 51.4% (57.9)",
        "oppFenwick": "52.0% (43.7) // 50.7% (42.3) // - // 52.0% (43.7)",
        "oppShots": "51.8% (31.1) // 51.8% (30.7) // - // 51.8% (31.1)",
        "oppScoring": "51.3% (30.8) // 48.9% (29.6) // - // 51.3% (30.8)",
        "oppCorsiAgainst": "48.6% (54.7) // 50.5% (55.5) // - // 48.6% (54.7)",
