[
    {
        "player": "Anders Lee",
        "team": "NYI",
        "opponent": "MTL",
        "propType": "sog",
        "line": 2.5,
        "ppLine": "PP1",
        "avg": 2.6,
        "hit": false,
        "diffAvg": 0.04,
        "diffAbs": 0.16,
        "lastAvg": 2.09,
        "diff": -0.16,
        "avgMin": 17,
        "proj": 2.1,
        "lastAvgMin": 16.62,
        "oppOver": 0,
        "teamOver": 0,
        "gameLine": "-365",
        "+/-": -3,
        "L5_+/-": -3.0,
        "prevMatchup": "2023-02-11 1.0 sog 2023-01-14 2.0 sog",
        "winLossSplits": "59% - 40%",
        "awayHome": "H",
        "playedYesterday": "N",
        "awayHomeSplits": "51% - 48%",
        "savesAboveExp": 0.061,
        "gsaa": -0.78,
        "corsi": "49.5% (58.5) // 52.5% (63.0) // 55.3% (69.5) // 59.4% (77.0)",
        "fenwick": "49.3% (42.6) // 51.8% (45.2) // 53.2% (48.0) // 57.0% (52.7)",
        "shots": "49.6% (30.4) // 52.0% (31.8) // 51.4% (31.3) // 55.4% (34.3)",
        "scoring": "49.8% (30.3) // 50.4% (29.9) // 55.2% (33.0) // 62.4% (39.3)",
        "corsiAgainst": "50.5% (59.7) // 47.5% (57.1) // 44.7% (56.2) // 40.6% (52.7)",
        "fenwickAgainst": "50.7% (43.8) // 48.2% (42.1) // 46.8% (42.2) // 43.0% (39.7)",
        "shotsAgainst": "50.4% (30.8) // 48.0% (29.3) // 48.6% (29.5) // 44.6% (27.7)",
        "scoringAgainst": "50.2% (30.5) // 49.6% (29.4) // 44.8% (26.8) // 37.6% (23.7)",
        "oppCorsi": "44.7% (50.7) // 46.9% (49.8) // 45.1% (47.3) // 45.5% (53.0)",
        "oppFenwick": "44.6% (36.9) // 46.7% (36.6) // 44.0% (34.3) // 42.0% (36.5)",
        "oppShots": "44.7% (27.0) // 46.0% (26.2) // 45.3% (25.7) // 42.4% (26.5)",
        "oppScoring": "42.6% (24.8) // 43.5% (22.2) // 38.2% (19.3) // 39.1% (22.5)",
        "oppCorsiAgainst": "55.3% (62.7) // 53.1% (56.4) // 54.9% (57.7) // 54.5% (63.5)",
        "oppFenwickAgainst": "55.4% (45.8) // 53.3% (41.8) // 56.0% (43.7) // 58.0% (50.5)",
        "oppShotsAgainst": "55.3% (33.3) // 54.0% (30.7) // 54.7% (31.0) // 57.6% (36.0)",
        "oppScoringAgainst": "57.4% (33.5) // 56.5% (28.9) // 61.8% (31.3) // 60.9% (35.0)",
        "savesPerGame": 28.5,
        "savesPerGameLast1": 20.0,
        "savesPerGameLast3": 25.7,
        "savesPerGameLast5": 27.4,
        "savesPer60": 28.5,
        "savesPer60Last1": 19.0,
        "savesPer60Last3": 25.2,
        "savesPer60Last5": 27.0,
        "shotsPerGame": 30.7,
        "shotsPerGameLast5": 32.6,
        "shotsAgainstPerGame": 31.2,
        "shotsAgainstPerGameLast5": 30.0,
        "oppSavesAgainstPer60": 24.3,
        "oppSavesAgainstPer60Last1": 20.0,
        "oppSavesAgainstPer60Last3": 23.4,
        "oppSavesAgainstPer60Last5": 20.4,
        "oppShotsAgainstPerGame": 33.7,
        "oppShotsAgainstPerGameLast5": 34.6,
        "savesProj": 23.5,
        "savesProjLast5": 18.5,
        "savesProjLast3": 19.8,
        "oppSavesAgainstProj": 24.4,
        "oppSavesAgainstProjLast5": 19.4,
        "oppSavesAgainstProjLast3": 21.7,
        "totalOver": 49,
        "totalOverLast5": 60,
        "totalOverLast15": 33,
        "lastTotalOver": 33,
        "last5": "4,4,4,0,2,2,1,1,2,5",
        "overOdds": "-110",
        "underOdds": "-120",
        "overUnder": "-110 / -120"
    },
    {
        "player": "Anders Lee",
        "team": "NYI",
        "opponent": "MTL",
        "propType": "pts",
        "line": 0.5,
        "ppLine": "PP1",
        "avg": 0.6,
        "hit": false,
        "diffAvg": 0.2,
        "diffAbs": 0.2,
        "lastAvg": 0.61,
        "diff": 0.22,
        "avgMin": 17,
        "proj": 0.6,
        "lastAvgMin": 16.62,
        "oppOver": 0,
        "teamOver": 0,
        "gameLine": "-365",
        "+/-": -3,
        "L5_+/-": -3.0,
        "prevMatchup": "2023-02-11 0.0 pts 2023-01-14 0.0 pts",
        "winLossSplits": "61% - 30%",
        "awayHome": "H",
        "playedYesterday": "N",
        "awayHomeSplits": "41% - 50%",
        "savesAboveExp": 0.061,
        "gsaa": -0.78,
        "corsi": "49.5% (58.5) // 52.5% (63.0) // 55.3% (69.5) // 59.4% (77.0)",
        "fenwick": "49.3% (42.6) // 51.8% (45.2) // 53.2% (48.0) // 57.0% (52.7)",
        "shots": "49.6% (30.4) // 52.0% (31.8) // 51.4% (31.3) // 55.4% (34.3)",
        "scoring": "49.8% (30.3) // 50.4% (29.9) // 55.2% (33.0) // 62.4% (39.3)",
        "corsiAgainst": "50.5% (59.7) // 47.5% (57.1) // 44.7% (56.2) // 40.6% (52.7)",
        "fenwickAgainst": "50.7% (43.8) // 48.2% (42.1) // 46.8% (42.2) // 43.0% (39.7)",
        "shotsAgainst": "50.4% (30.8) // 48.0% (29.3) // 48.6% (29.5) // 44.6% (27.7)",
        "scoringAgainst": "50.2% (30.5) // 49.6% (29.4) // 44.8% (26.8) // 37.6% (23.7)",
        "oppCorsi": "44.7% (50.7) // 46.9% (49.8) // 45.1% (47.3) // 45.5% (53.0)",
        "oppFenwick": "44.6% (36.9) // 46.7% (36.6) // 44.0% (34.3) // 42.0% (36.5)",
        "oppShots": "44.7% (27.0) // 46.0% (26.2) // 45.3% (25.7) // 42.4% (26.5)",
        "oppScoring": "42.6% (24.8) // 43.5% (22.2) // 38.2% (19.3) // 39.1% (22.5)",
        "oppCorsiAgainst": "55.3% (62.7) // 53.1% (56.4) // 54.9% (57.7) // 54.5% (63.5)",
        "oppFenwickAgainst": "55.4% (45.8) // 53.3% (41.8) // 56.0% (43.7) // 58.0% (50.5)",
        "oppShotsAgainst": "55.3% (33.3) // 54.0% (30.7) // 54.7% (31.0) // 57.6% (36.0)",
        "oppScoringAgainst": "57.4% (33.5) // 56.5% (28.9) // 61.8% (31.3) // 60.9% (35.0)",
        "savesPerGame": 28.5,
        "savesPerGameLast1": 20.0,
        "savesPerGameLast3": 25.7,
        "savesPerGameLast5": 27.4,
        "savesPer60": 28.5,
        "savesPer60Last1": 19.0,
        "savesPer60Last3": 25.2,
        "savesPer60Last5": 27.0,
        "shotsPerGame": 30.7,
        "shotsPerGameLast5": 32.6,
        "shotsAgainstPerGame": 31.2,
        "shotsAgainstPerGameLast5": 30.0,
        "oppSavesAgainstPer60": 24.3,
        "oppSavesAgainstPer60Last1": 20.0,
        "oppSavesAgainstPer60Last3": 23.4,
        "oppSavesAgainstPer60Last5": 20.4,
        "oppShotsAgainstPerGame": 33.7,
        "oppShotsAgainstPerGameLast5": 34.6,
        "savesProj": 23.5,
        "savesProjLast5": 18.5,
        "savesProjLast3": 19.8,
        "oppSavesAgainstProj": 24.4,
        "oppSavesAgainstProjLast5": 19.4,
        "oppSavesAgainstProjLast3": 21.7,
        "totalOver": 46,
        "totalOverLast5": 0,
        "totalOverLast15": 13,
        "lastTotalOver": 44,
        "last5": "0,0,0,0,0,0,1,0,0,2",
        "overOdds": "-125",
        "underOdds": "-105",
        "overUnder": "-125 / -105"
    },
    {
        "player": "Anders Lee",
        "team": "NYI",
        "opponent": "MTL",
        "propType": "ast",
        "line": 0.5,
        "ppLine": "PP1",
        "avg": 0.27,
        "hit": false,
        "diffAvg": -0.46,
        "diffAbs": 0.6,
        "lastAvg": 0.24,
        "diff": -0.52,
        "avgMin": 17,
        "proj": 0.2,
        "lastAvgMin": 16.62,
        "oppOver": 0,
        "teamOver": 0,
        "gameLine": "-365",
        "+/-": -3,
        "L5_+/-": -3.0,
        "prevMatchup": "2023-02-11 0.0 ast 2023-01-14 0.0 ast",
        "winLossSplits": "29% - 18%",
        "awayHome": "H",
        "playedYesterday": "N",
        "awayHomeSplits": "17% - 30%",
        "savesAboveExp": 0.061,
        "gsaa": -0.78,
        "corsi": "49.5% (58.5) // 52.5% (63.0) // 55.3% (69.5) // 59.4% (77.0)",
        "fenwick": "49.3% (42.6) // 51.8% (45.2) // 53.2% (48.0) // 57.0% (52.7)",
        "shots": "49.6% (30.4) // 52.0% (31.8) // 51.4% (31.3) // 55.4% (34.3)",
        "scoring": "49.8% (30.3) // 50.4% (29.9) // 55.2% (33.0) // 62.4% (39.3)",
        "corsiAgainst": "50.5% (59.7) // 47.5% (57.1) // 44.7% (56.2) // 40.6% (52.7)",
        "fenwickAgainst": "50.7% (43.8) // 48.2% (42.1) // 46.8% (42.2) // 43.0% (39.7)",
        "shotsAgainst": "50.4% (30.8) // 48.0% (29.3) // 48.6% (29.5) // 44.6% (27.7)",
        "scoringAgainst": "50.2% (30.5) // 49.6% (29.4) // 44.8% (26.8) // 37.6% (23.7)",
        "oppCorsi": "44.7% (50.7) // 46.9% (49.8) // 45.1% (47.3) // 45.5% (53.0)",
        "oppFenwick": "44.6% (36.9) // 46.7% (36.6) // 44.0% (34.3) // 42.0% (36.5)",
        "oppShots": "44.7% (27.0) // 46.0% (26.2) // 45.3% (25.7) // 42.4% (26.5)",
        "oppScoring": "42.6% (24.8) // 43.5% (22.2) // 38.2% (19.3) // 39.1% (22.5)",
        "oppCorsiAgainst": "55.3% (62.7) // 53.1% (56.4) // 54.9% (57.7) // 54.5% (63.5)",
        "oppFenwickAgainst": "55.4% (45.8) // 53.3% (41.8) // 56.0% (43.7) // 58.0% (50.5)",
        "oppShotsAgainst": "55.3% (33.3) // 54.0% (30.7) // 54.7% (31.0) // 57.6% (36.0)",
        "oppScoringAgainst": "57.4% (33.5) // 56.5% (28.9) // 61.8% (31.3) // 60.9% (35.0)",
        "savesPerGame": 28.5,
        "savesPerGameLast1": 20.0,
        "savesPerGameLast3": 25.7,
        "savesPerGameLast5": 27.4,
        "savesPer60": 28.5,
        "savesPer60Last1": 19.0,
        "savesPer60Last3": 25.2,
        "savesPer60Last5": 27.0,
        "shotsPerGame": 30.7,
        "shotsPerGameLast5": 32.6,
        "shotsAgainstPerGame": 31.2,
        "shotsAgainstPerGameLast5": 30.0,
        "oppSavesAgainstPer60": 24.3,
        "oppSavesAgainstPer60Last1": 20.0,
        "oppSavesAgainstPer60Last3": 23.4,
        "oppSavesAgainstPer60Last5": 20.4,
        "oppShotsAgainstPerGame": 33.7,
        "oppShotsAgainstPerGameLast5": 34.6,
        "savesProj": 23.5,
        "savesProjLast5": 18.5,
        "savesProjLast3": 19.8,
        "oppSavesAgainstProj": 24.4,
        "oppSavesAgainstProjLast5": 19.4,
        "oppSavesAgainstProjLast3": 21.7,
        "totalOver": 23,
        "totalOverLast5": 0,
        "totalOverLast15": 13,
        "lastTotalOver": 19,
        "last5": "0,0,0,0,0,0,1,0,0,1",
        "overOdds": "+180",
        "underOdds": "-220",
        "overUnder": "+180 / -220"
    },
    {
        "player": "Anders Lee",
        "team": "NYI",
        "opponent": "MTL",
        "propType": "g",
        "line": 0.5,
        "ppLine": "PP1",
        "avg": 0.33,
        "hit": false,
        "diffAvg": -0.34,
        "diffAbs": 0.2,
        "lastAvg": 0.37,
        "diff": -0.26,
        "avgMin": 17,
        "proj": 0.4,
        "lastAvgMin": 16.62,
        "oppOver": 0,
        "teamOver": 0,
        "gameLine": "-365",
        "+/-": -3,
        "L5_+/-": -3.0,
        "prevMatchup": "2023-02-11 0.0 g 2023-01-14 0.0 g",
        "winLossSplits": "39% - 12%",
        "awayHome": "H",
        "playedYesterday": "N",
        "awayHomeSplits": "27% - 25%",
        "savesAboveExp": 0.061,
        "gsaa": -0.78,
        "corsi": "49.5% (58.5) // 52.5% (63.0) // 55.3% (69.5) // 59.4% (77.0)",
        "fenwick": "49.3% (42.6) // 51.8% (45.2) // 53.2% (48.0) // 57.0% (52.7)",
        "shots": "49.6% (30.4) // 52.0% (31.8) // 51.4% (31.3) // 55.4% (34.3)",
        "scoring": "49.8% (30.3) // 50.4% (29.9) // 55.2% (33.0) // 62.4% (39.3)",
        "corsiAgainst": "50.5% (59.7) // 47.5% (57.1) // 44.7% (56.2) // 40.6% (52.7)",
        "fenwickAgainst": "50.7% (43.8) // 48.2% (42.1) // 46.8% (42.2) // 43.0% (39.7)",
        "shotsAgainst": "50.4% (30.8) // 48.0% (29.3) // 48.6% (29.5) // 44.6% (27.7)",
        "scoringAgainst": "50.2% (30.5) // 49.6% (29.4) // 44.8% (26.8) // 37.6% (23.7)",
        "oppCorsi": "44.7% (50.7) // 46.9% (49.8) // 45.1% (47.3) // 45.5% (53.0)",
        "oppFenwick": "44.6% (36.9) // 46.7% (36.6) // 44.0% (34.3) // 42.0% (36.5)",
        "oppShots": "44.7% (27.0) // 46.0% (26.2) // 45.3% (25.7) // 42.4% (26.5)",
        "oppScoring": "42.6% (24.8) // 43.5% (22.2) // 38.2% (19.3) // 39.1% (22.5)",
        "oppCorsiAgainst": "55.3% (62.7) // 53.1% (56.4) // 54.9% (57.7) // 54.5% (63.5)",
        "oppFenwickAgainst": "55.4% (45.8) // 53.3% (41.8) // 56.0% (43.7) // 58.0% (50.5)",
        "oppShotsAgainst": "55.3% (33.3) // 54.0% (30.7) // 54.7% (31.0) // 57.6% (36.0)",
        "oppScoringAgainst": "57.4% (33.5) // 56.5% (28.9) // 61.8% (31.3) // 60.9% (35.0)",
        "savesPerGame": 28.5,
        "savesPerGameLast1": 20.0,
        "savesPerGameLast3": 25.7,
        "savesPerGameLast5": 27.4,
        "savesPer60": 28.5,
        "savesPer60Last1": 19.0,
        "savesPer60Last3": 25.2,
        "savesPer60Last5": 27.0,
        "shotsPerGame": 30.7,
        "shotsPerGameLast5": 32.6,
        "shotsAgainstPerGame": 31.2,
        "shotsAgainstPerGameLast5": 30.0,
        "oppSavesAgainstPer60": 24.3,
        "oppSavesAgainstPer60Last1": 20.0,
        "oppSavesAgainstPer60Last3": 23.4,
        "oppSavesAgainstPer60Last5": 20.4,
        "oppShotsAgainstPerGame": 33.7,
        "oppShotsAgainstPerGameLast5": 34.6,
        "savesProj": 23.5,
        "savesProjLast5": 18.5,
        "savesProjLast3": 19.8,
        "oppSavesAgainstProj": 24.4,
        "oppSavesAgainstProjLast5": 19.4,
        "oppSavesAgainstProjLast3": 21.7,
        "totalOver": 26,
        "totalOverLast5": 0,
        "totalOverLast15": 7,
        "lastTotalOver": 31,
        "last5": "0,0,0,0,0,0,0,0,0,1",
        "overOdds": "+140",
        "underOdds": "0",
        "overUnder": "+140 / 0"
    },
    {
        "player": "Bo Horvat",
        "team": "NYI",
        "opponent": "MTL",
        "propType": "sog",
        "line": 2.5,
        "ppLine": "PP1",
        "avg": 2.83,
        "hit": false,
        "diffAvg": 0.13,
        "diffAbs": 1.0,
        "lastAvg": 0,
        "diff": 0,
        "avgMin": 20,
        "proj": 0.0,
        "lastAvgMin": 0,
        "oppOver": 0,
        "teamOver": 0,
        "gameLine": "-365",
        "+/-": -2,
        "L5_+/-": 0.0,
        "prevMatchup": "2023-02-11 5.0 sog",
        "winLossSplits": "56% - 54%",
        "awayHome": "H",
        "playedYesterday": "N",
        "awayHomeSplits": "60% - 50%",
        "savesAboveExp": 0.061,
        "gsaa": -0.78,
        "corsi": "49.5% (58.5) // 52.5% (63.0) // 55.3% (69.5) // 59.4% (77.0)",
        "fenwick": "49.3% (42.6) // 51.8% (45.2) // 53.2% (48.0) // 57.0% (52.7)",
        "shots": "49.6% (30.4) // 52.0% (31.8) // 51.4% (31.3) // 55.4% (34.3)",
        "scoring": "49.8% (30.3) // 50.4% (29.9) // 55.2% (33.0) // 62.4% (39.3)",
        "corsiAgainst": "50.5% (59.7) // 47.5% (57.1) // 44.7% (56.2) // 40.6% (52.7)",
        "fenwickAgainst": "50.7% (43.8) // 48.2% (42.1) // 46.8% (42.2) // 43.0% (39.7)",
        "shotsAgainst": "50.4% (30.8) // 48.0% (29.3) // 48.6% (29.5) // 44.6% (27.7)",
        "scoringAgainst": "50.2% (30.5) // 49.6% (29.4) // 44.8% (26.8) // 37.6% (23.7)",
        "oppCorsi": "44.7% (50.7) // 46.9% (49.8) // 45.1% (47.3) // 45.5% (53.0)",
        "oppFenwick": "44.6% (36.9) // 46.7% (36.6) // 44.0% (34.3) // 42.0% (36.5)",
        "oppShots": "44.7% (27.0) // 46.0% (26.2) // 45.3% (25.7) // 42.4% (26.5)",
        "oppScoring": "42.6% (24.8) // 43.5% (22.2) // 38.2% (19.3) // 39.1% (22.5)",
        "oppCorsiAgainst": "55.3% (62.7) // 53.1% (56.4) // 54.9% (57.7) // 54.5% (63.5)",
        "oppFenwickAgainst": "55.4% (45.8) // 53.3% (41.8) // 56.0% (43.7) // 58.0% (50.5)",
        "oppShotsAgainst": "55.3% (33.3) // 54.0% (30.7) // 54.7% (31.0) // 57.6% (36.0)",
        "oppScoringAgainst": "57.4% (33.5) // 56.5% (28.9) // 61.8% (31.3) // 60.9% (35.0)",
        "savesPerGame": 28.5,
        "savesPerGameLast1": 20.0,
        "savesPerGameLast3": 25.7,
        "savesPerGameLast5": 27.4,
        "savesPer60": 28.5,
        "savesPer60Last1": 19.0,
        "savesPer60Last3": 25.2,
        "savesPer60Last5": 27.0,
        "shotsPerGame": 30.7,
        "shotsPerGameLast5": 32.6,
        "shotsAgainstPerGame": 31.2,
        "shotsAgainstPerGameLast5": 30.0,
        "oppSavesAgainstPer60": 24.3,
        "oppSavesAgainstPer60Last1": 20.0,
        "oppSavesAgainstPer60Last3": 23.4,
        "oppSavesAgainstPer60Last5": 20.4,
        "oppShotsAgainstPerGame": 33.7,
        "oppShotsAgainstPerGameLast5": 34.6,
        "savesProj": 23.5,
        "savesProjLast5": 18.5,
        "savesProjLast3": 19.8,
        "oppSavesAgainstProj": 24.4,
        "oppSavesAgainstProjLast5": 19.4,
        "oppSavesAgainstProjLast3": 21.7,
        "totalOver": 55,
        "totalOverLast5": 40,
        "totalOverLast15": 53,
        "lastTotalOver": 0,
        "last5": "5,0,3,2,1,2,2,5,3,3",
        "overOdds": "-130",
        "underOdds": "+100",
        "overUnder": "-130 / +100"
    },
    {
        "player": "Bo Horvat",
        "team": "NYI",
        "opponent": "MTL",
        "propType": "pts",
        "line": 0.5,
        "ppLine": "PP1",
        "avg": 0.55,
        "hit": false,
        "diffAvg": 0.1,
        "diffAbs": 1.0,
        "lastAvg": 0,
        "diff": 0,
        "avgMin": 20,
        "proj": 0.0,
        "lastAvgMin": 0,
        "oppOver": 0,
        "teamOver": 0,
        "gameLine": "-365",
        "+/-": -2,
        "L5_+/-": 0.0,
        "prevMatchup": "2023-02-11 1.0 pts",
        "winLossSplits": "50% - 31%",
        "awayHome": "H",
        "playedYesterday": "N",
        "awayHomeSplits": "40% - 43%",
        "savesAboveExp": 0.061,
        "gsaa": -0.78,
        "corsi": "49.5% (58.5) // 52.5% (63.0) // 55.3% (69.5) // 59.4% (77.0)",
        "fenwick": "49.3% (42.6) // 51.8% (45.2) // 53.2% (48.0) // 57.0% (52.7)",
        "shots": "49.6% (30.4) // 52.0% (31.8) // 51.4% (31.3) // 55.4% (34.3)",
        "scoring": "49.8% (30.3) // 50.4% (29.9) // 55.2% (33.0) // 62.4% (39.3)",
        "corsiAgainst": "50.5% (59.7) // 47.5% (57.1) // 44.7% (56.2) // 40.6% (52.7)",
        "fenwickAgainst": "50.7% (43.8) // 48.2% (42.1) // 46.8% (42.2) // 43.0% (39.7)",
        "shotsAgainst": "50.4% (30.8) // 48.0% (29.3) // 48.6% (29.5) // 44.6% (27.7)",
        "scoringAgainst": "50.2% (30.5) // 49.6% (29.4) // 44.8% (26.8) // 37.6% (23.7)",
        "oppCorsi": "44.7% (50.7) // 46.9% (49.8) // 45.1% (47.3) // 45.5% (53.0)",
        "oppFenwick": "44.6% (36.9) // 46.7% (36.6) // 44.0% (34.3) // 42.0% (36.5)",
        "oppShots": "44.7% (27.0) // 46.0% (26.2) // 45.3% (25.7) // 42.4% (26.5)",
        "oppScoring": "42.6% (24.8) // 43.5% (22.2) // 38.2% (19.3) // 39.1% (22.5)",
        "oppCorsiAgainst": "55.3% (62.7) // 53.1% (56.4) // 54.9% (57.7) // 54.5% (63.5)",
        "oppFenwickAgainst": "55.4% (45.8) // 53.3% (41.8) // 56.0% (43.7) // 58.0% (50.5)",
        "oppShotsAgainst": "55.3% (33.3) // 54.0% (30.7) // 54.7% (31.0) // 57.6% (36.0)",
        "oppScoringAgainst": "57.4% (33.5) // 56.5% (28.9) // 61.8% (31.3) // 60.9% (35.0)",
        "savesPerGame": 28.5,
        "savesPerGameLast1": 20.0,
        "savesPerGameLast3": 25.7,
        "savesPerGameLast5": 27.4,
        "savesPer60": 28.5,
        "savesPer60Last1": 19.0,
        "savesPer60Last3": 25.2,
        "savesPer60Last5": 27.0,
        "shotsPerGame": 30.7,
        "shotsPerGameLast5": 32.6,
        "shotsAgainstPerGame": 31.2,
        "shotsAgainstPerGameLast5": 30.0,
        "oppSavesAgainstPer60": 24.3,
        "oppSavesAgainstPer60Last1": 20.0,
        "oppSavesAgainstPer60Last3": 23.4,
        "oppSavesAgainstPer60Last5": 20.4,
        "oppShotsAgainstPerGame": 33.7,
        "oppShotsAgainstPerGameLast5": 34.6,
        "savesProj": 23.5,
        "savesProjLast5": 18.5,
        "savesProjLast3": 19.8,
        "oppSavesAgainstProj": 24.4,
        "oppSavesAgainstProjLast5": 19.4,
        "oppSavesAgainstProjLast3": 21.7,
        "totalOver": 41,
        "totalOverLast5": 60,
        "totalOverLast15": 33,
        "lastTotalOver": 0,
        "last5": "1,2,2,0,0,0,1,0,1,0",
        "overOdds": "-165",
        "underOdds": "+135",
        "overUnder": "-165 / +135"
    },
    {
        "player": "Bo Horvat",
        "team": "NYI",
        "opponent": "MTL",
        "propType": "ast",
        "line": 0.5,
        "ppLine": "PP1",
        "avg": 0.31,
        "hit": false,
        "diffAvg": -0.38,
        "diffAbs": 1.0,
        "lastAvg": 0,
        "diff": 0,
        "avgMin": 20,
        "proj": 0.0,
        "lastAvgMin": 0,
        "oppOver": 0,
        "teamOver": 0,
        "gameLine": "-365",
        "+/-": -2,
        "L5_+/-": 0.0,
        "prevMatchup": "2023-02-11 0.0 ast",
        "winLossSplits": "31% - 23%",
        "awayHome": "H",
        "playedYesterday": "N",
        "awayHomeSplits": "27% - 29%",
        "savesAboveExp": 0.061,
        "gsaa": -0.78,
        "corsi": "49.5% (58.5) // 52.5% (63.0) // 55.3% (69.5) // 59.4% (77.0)",
        "fenwick": "49.3% (42.6) // 51.8% (45.2) // 53.2% (48.0) // 57.0% (52.7)",
        "shots": "49.6% (30.4) // 52.0% (31.8) // 51.4% (31.3) // 55.4% (34.3)",
        "scoring": "49.8% (30.3) // 50.4% (29.9) // 55.2% (33.0) // 62.4% (39.3)",
        "corsiAgainst": "50.5% (59.7) // 47.5% (57.1) // 44.7% (56.2) // 40.6% (52.7)",
        "fenwickAgainst": "50.7% (43.8) // 48.2% (42.1) // 46.8% (42.2) // 43.0% (39.7)",
        "shotsAgainst": "50.4% (30.8) // 48.0% (29.3) // 48.6% (29.5) // 44.6% (27.7)",
        "scoringAgainst": "50.2% (30.5) // 49.6% (29.4) // 44.8% (26.8) // 37.6% (23.7)",
        "oppCorsi": "44.7% (50.7) // 46.9% (49.8) // 45.1% (47.3) // 45.5% (53.0)",
        "oppFenwick": "44.6% (36.9) // 46.7% (36.6) // 44.0% (34.3) // 42.0% (36.5)",
        "oppShots": "44.7% (27.0) // 46.0% (26.2) // 45.3% (25.7) // 42.4% (26.5)",
        "oppScoring": "42.6% (24.8) // 43.5% (22.2) // 38.2% (19.3) // 39.1% (22.5)",
        "oppCorsiAgainst": "55.3% (62.7) // 53.1% (56.4) // 54.9% (57.7) // 54.5% (63.5)",
        "oppFenwickAgainst": "55.4% (45.8) // 53.3% (41.8) // 56.0% (43.7) // 58.0% (50.5)",
        "oppShotsAgainst": "55.3% (33.3) // 54.0% (30.7) // 54.7% (31.0) // 57.6% (36.0)",
        "oppScoringAgainst": "57.4% (33.5) // 56.5% (28.9) // 61.8% (31.3) // 60.9% (35.0)",
        "savesPerGame": 28.5,
        "savesPerGameLast1": 20.0,
        "savesPerGameLast3": 25.7,
        "savesPerGameLast5": 27.4,
        "savesPer60": 28.5,
        "savesPer60Last1": 19.0,
        "savesPer60Last3": 25.2,
        "savesPer60Last5": 27.0,
        "shotsPerGame": 30.7,
        "shotsPerGameLast5": 32.6,
        "shotsAgainstPerGame": 31.2,
        "shotsAgainstPerGameLast5": 30.0,
        "oppSavesAgainstPer60": 24.3,
        "oppSavesAgainstPer60Last1": 20.0,
        "oppSavesAgainstPer60Last3": 23.4,
        "oppSavesAgainstPer60Last5": 20.4,
        "oppShotsAgainstPerGame": 33.7,
        "oppShotsAgainstPerGameLast5": 34.6,
        "savesProj": 23.5,
        "savesProjLast5": 18.5,
        "savesProjLast3": 19.8,
        "oppSavesAgainstProj": 24.4,
        "oppSavesAgainstProjLast5": 19.4,
        "oppSavesAgainstProjLast3": 21.7,
        "totalOver": 28,
        "totalOverLast5": 60,
        "totalOverLast15": 27,
        "lastTotalOver": 0,
        "last5": "1,2,1,0,0,0,0,0,1,0",
        "overOdds": "+135",
        "underOdds": "-165",
        "overUnder": "+135 / -165"
    },
    {
        "player": "Bo Horvat",
        "team": "NYI",
        "opponent": "MTL",
        "propType": "g",
        "line": 0.5,
        "ppLine": "PP1",
        "avg": 0.24,
        "hit": false,
        "diffAvg": -0.52,
        "diffAbs": 1.0,
        "lastAvg": 0,
        "diff": 0,
        "avgMin": 20,
        "proj": 0.0,
        "lastAvgMin": 0,
        "oppOver": 0,
        "teamOver": 0,
        "gameLine": "-365",
        "+/-": -2,
        "L5_+/-": 0.0,
        "prevMatchup": "2023-02-11 1.0 g",
        "winLossSplits": "31% - 15%",
        "awayHome": "H",
        "playedYesterday": "N",
        "awayHomeSplits": "20% - 29%",
        "savesAboveExp": 0.061,
        "gsaa": -0.78,
        "corsi": "49.5% (58.5) // 52.5% (63.0) // 55.3% (69.5) // 59.4% (77.0)",
        "fenwick": "49.3% (42.6) // 51.8% (45.2) // 53.2% (48.0) // 57.0% (52.7)",
        "shots": "49.6% (30.4) // 52.0% (31.8) // 51.4% (31.3) // 55.4% (34.3)",
        "scoring": "49.8% (30.3) // 50.4% (29.9) // 55.2% (33.0) // 62.4% (39.3)",
        "corsiAgainst": "50.5% (59.7) // 47.5% (57.1) // 44.7% (56.2) // 40.6% (52.7)",
        "fenwickAgainst": "50.7% (43.8) // 48.2% (42.1) // 46.8% (42.2) // 43.0% (39.7)",
        "shotsAgainst": "50.4% (30.8) // 48.0% (29.3) // 48.6% (29.5) // 44.6% (27.7)",
        "scoringAgainst": "50.2% (30.5) // 49.6% (29.4) // 44.8% (26.8) // 37.6% (23.7)",
        "oppCorsi": "44.7% (50.7) // 46.9% (49.8) // 45.1% (47.3) // 45.5% (53.0)",
        "oppFenwick": "44.6% (36.9) // 46.7% (36.6) // 44.0% (34.3) // 42.0% (36.5)",
        "oppShots": "44.7% (27.0) // 46.0% (26.2) // 45.3% (25.7) // 42.4% (26.5)",
        "oppScoring": "42.6% (24.8) // 43.5% (22.2) // 38.2% (19.3) // 39.1% (22.5)",
        "oppCorsiAgainst": "55.3% (62.7) // 53.1% (56.4) // 54.9% (57.7) // 54.5% (63.5)",
        "oppFenwickAgainst": "55.4% (45.8) // 53.3% (41.8) // 56.0% (43.7) // 58.0% (50.5)",
        "oppShotsAgainst": "55.3% (33.3) // 54.0% (30.7) // 54.7% (31.0) // 57.6% (36.0)",
        "oppScoringAgainst": "57.4% (33.5) // 56.5% (28.9) // 61.8% (31.3) // 60.9% (35.0)",
        "savesPerGame": 28.5,
        "savesPerGameLast1": 20.0,
        "savesPerGameLast3": 25.7,
        "savesPerGameLast5": 27.4,
        "savesPer60": 28.5,
        "savesPer60Last1": 19.0,
        "savesPer60Last3": 25.2,
        "savesPer60Last5": 27.0,
        "shotsPerGame": 30.7,
        "shotsPerGameLast5": 32.6,
        "shotsAgainstPerGame": 31.2,
        "shotsAgainstPerGameLast5": 30.0,
        "oppSavesAgainstPer60": 24.3,
        "oppSavesAgainstPer60Last1": 20.0,
        "oppSavesAgainstPer60Last3": 23.4,
        "oppSavesAgainstPer60Last5": 20.4,
        "oppShotsAgainstPerGame": 33.7,
        "oppShotsAgainstPerGameLast5": 34.6,
        "savesProj": 23.5,
        "savesProjLast5": 18.5,
        "savesProjLast3": 19.8,
        "oppSavesAgainstProj": 24.4,
        "oppSavesAgainstProjLast5": 19.4,
        "oppSavesAgainstProjLast3": 21.7,
        "totalOver": 24,
        "totalOverLast5": 20,
        "totalOverLast15": 13,
        "lastTotalOver": 0,
        "last5": "0,0,1,0,0,0,1,0,0,0",
        "overOdds": "+100",
        "underOdds": "0",
        "overUnder": "+100 / 0"
    },
    {
        "player": "Brendan Gallagher",
        "team": "MTL",
        "opponent": "NYI",
        "propType": "sog",
        "line": 2.5,
        "ppLine": "PP2",
        "avg": 2.35,
        "hit": false,
        "diffAvg": -0.06,
        "diffAbs": 0.04,
        "lastAvg": 2.54,
        "diff": 0.02,
        "avgMin": 14,
        "proj": 2.4,
        "lastAvgMin": 15.02,
        "oppOver": 0,
        "teamOver": 0,
        "gameLine": "+300",
        "+/-": -4,
        "L5_+/-": "+1.0",
        "prevMatchup": "",
        "winLossSplits": "47% - 37%",
        "awayHome": "A",
        "playedYesterday": "N",
        "awayHomeSplits": "62% - 22%",
        "savesAboveExp": 0.704,
        "gsaa": 35.88,
        "corsi": "44.7% (50.7) // 46.9% (49.8) // 45.1% (47.3) // 45.5% (53.0)",
        "fenwick": "44.6% (36.9) // 46.7% (36.6) // 44.0% (34.3) // 42.0% (36.5)",
        "shots": "44.7% (27.0) // 46.0% (26.2) // 45.3% (25.7) // 42.4% (26.5)",
        "scoring": "42.6% (24.8) // 43.5% (22.2) // 38.2% (19.3) // 39.1% (22.5)",
        "corsiAgainst": "55.3% (62.7) // 53.1% (56.4) // 54.9% (57.7) // 54.5% (63.5)",
        "fenwickAgainst": "55.4% (45.8) // 53.3% (41.8) // 56.0% (43.7) // 58.0% (50.5)",
        "shotsAgainst": "55.3% (33.3) // 54.0% (30.7) // 54.7% (31.0) // 57.6% (36.0)",
        "scoringAgainst": "57.4% (33.5) // 56.5% (28.9) // 61.8% (31.3) // 60.9% (35.0)",
        "oppCorsi": "49.5% (58.5) // 52.5% (63.0) // 55.3% (69.5) // 59.4% (77.0)",
        "oppFenwick": "49.3% (42.6) // 51.8% (45.2) // 53.2% (48.0) // 57.0% (52.7)",
        "oppShots": "49.6% (30.4) // 52.0% (31.8) // 51.4% (31.3) // 55.4% (34.3)",
        "oppScoring": "49.8% (30.3) // 50.4% (29.9) // 55.2% (33.0) // 62.4% (39.3)",
        "oppCorsiAgainst": "50.5% (59.7) // 47.5% (57.1) // 44.7% (56.2) // 40.6% (52.7)",
        "oppFenwickAgainst": "50.7% (43.8) // 48.2% (42.1) // 46.8% (42.2) // 43.0% (39.7)",
        "oppShotsAgainst": "50.4% (30.8) // 48.0% (29.3) // 48.6% (29.5) // 44.6% (27.7)",
        "oppScoringAgainst": "50.2% (30.5) // 49.6% (29.4) // 44.8% (26.8) // 37.6% (23.7)",
        "savesPerGame": 30.0,
        "savesPerGameLast1": 39.0,
        "savesPerGameLast3": 26.3,
        "savesPerGameLast5": 30.2,
        "savesPer60": 29.7,
        "savesPer60Last1": 38.9,
        "savesPer60Last3": 26.2,
        "savesPer60Last5": 30.0,
        "shotsPerGame": 27.3,
        "shotsPerGameLast5": 22.2,
        "shotsAgainstPerGame": 33.7,
        "shotsAgainstPerGameLast5": 34.6,
        "oppSavesAgainstPer60": 27.8,
        "oppSavesAgainstPer60Last1": 38.0,
        "oppSavesAgainstPer60Last3": 30.3,
        "oppSavesAgainstPer60Last5": 30.0,
        "oppShotsAgainstPerGame": 31.2,
        "oppShotsAgainstPerGameLast5": 30.0,
        "savesProj": 29.0,
        "savesProjLast5": 31.6,
        "savesProjLast3": 27.9,
        "oppSavesAgainstProj": 29.4,
        "oppSavesAgainstProjLast5": 30.5,
        "oppSavesAgainstProjLast3": 28.8,
        "totalOver": 41,
        "totalOverLast5": 40,
        "totalOverLast15": 33,
        "lastTotalOver": 50,
        "last5": "6,4,1,0,2,4,2,3,1,1",
        "overOdds": "+105",
        "underOdds": "-135",
        "overUnder": "+105 / -135"
    },
    {
        "player": "Brendan Gallagher",
        "team": "MTL",
        "opponent": "NYI",
        "propType": "g",
        "line": 0.5,
        "ppLine": "PP2",
        "avg": 0.21,
        "hit": false,
        "diffAvg": -0.58,
        "diffAbs": 0.8,
        "lastAvg": 0.12,
        "diff": -0.76,
        "avgMin": 14,
        "proj": 0.1,
        "lastAvgMin": 15.02,
        "oppOver": 0,
        "teamOver": 0,
        "gameLine": "+300",
        "+/-": -4,
        "L5_+/-": "+1.0",
        "prevMatchup": "",
        "winLossSplits": "33% - 11%",
        "awayHome": "A",
        "playedYesterday": "N",
        "awayHomeSplits": "25% - 17%",
        "savesAboveExp": 0.704,
        "gsaa": 35.88,
        "corsi": "44.7% (50.7) // 46.9% (49.8) // 45.1% (47.3) // 45.5% (53.0)",
        "fenwick": "44.6% (36.9) // 46.7% (36.6) // 44.0% (34.3) // 42.0% (36.5)",
        "shots": "44.7% (27.0) // 46.0% (26.2) // 45.3% (25.7) // 42.4% (26.5)",
        "scoring": "42.6% (24.8) // 43.5% (22.2) // 38.2% (19.3) // 39.1% (22.5)",
        "corsiAgainst": "55.3% (62.7) // 53.1% (56.4) // 54.9% (57.7) // 54.5% (63.5)",
        "fenwickAgainst": "55.4% (45.8) // 53.3% (41.8) // 56.0% (43.7) // 58.0% (50.5)",
        "shotsAgainst": "55.3% (33.3) // 54.0% (30.7) // 54.7% (31.0) // 57.6% (36.0)",
        "scoringAgainst": "57.4% (33.5) // 56.5% (28.9) // 61.8% (31.3) // 60.9% (35.0)",
        "oppCorsi": "49.5% (58.5) // 52.5% (63.0) // 55.3% (69.5) // 59.4% (77.0)",
        "oppFenwick": "49.3% (42.6) // 51.8% (45.2) // 53.2% (48.0) // 57.0% (52.7)",
        "oppShots": "49.6% (30.4) // 52.0% (31.8) // 51.4% (31.3) // 55.4% (34.3)",
        "oppScoring": "49.8% (30.3) // 50.4% (29.9) // 55.2% (33.0) // 62.4% (39.3)",
        "oppCorsiAgainst": "50.5% (59.7) // 47.5% (57.1) // 44.7% (56.2) // 40.6% (52.7)",
        "oppFenwickAgainst": "50.7% (43.8) // 48.2% (42.1) // 46.8% (42.2) // 43.0% (39.7)",
        "oppShotsAgainst": "50.4% (30.8) // 48.0% (29.3) // 48.6% (29.5) // 44.6% (27.7)",
        "oppScoringAgainst": "50.2% (30.5) // 49.6% (29.4) // 44.8% (26.8) // 37.6% (23.7)",
        "savesPerGame": 30.0,
        "savesPerGameLast1": 39.0,
        "savesPerGameLast3": 26.3,
        "savesPerGameLast5": 30.2,
        "savesPer60": 29.7,
        "savesPer60Last1": 38.9,
        "savesPer60Last3": 26.2,
        "savesPer60Last5": 30.0,
        "shotsPerGame": 27.3,
        "shotsPerGameLast5": 22.2,
        "shotsAgainstPerGame": 33.7,
        "shotsAgainstPerGameLast5": 34.6,
        "oppSavesAgainstPer60": 27.8,
        "oppSavesAgainstPer60Last1": 38.0,
        "oppSavesAgainstPer60Last3": 30.3,
        "oppSavesAgainstPer60Last5": 30.0,
        "oppShotsAgainstPerGame": 31.2,
        "oppShotsAgainstPerGameLast5": 30.0,
        "savesProj": 29.0,
        "savesProjLast5": 31.6,
        "savesProjLast3": 27.9,
        "oppSavesAgainstProj": 29.4,
        "oppSavesAgainstProjLast5": 30.5,
        "oppSavesAgainstProjLast3": 28.8,
        "totalOver": 21,
        "totalOverLast5": 20,
        "totalOverLast15": 27,
        "lastTotalOver": 12,
        "last5": "0,1,0,0,0,1,1,0,0,1",
        "overOdds": "+350",
        "underOdds": "0",
        "overUnder": "+350 / 0"
    },
    {
        "player": "Brock Nelson",
        "team": "NYI",
        "opponent": "MTL",
        "propType": "sog",
        "line": 2.5,
        "ppLine": "PP1",
        "avg": 2.69,
        "hit": false,
        "diffAvg": 0.08,
        "diffAbs": 0.04,
        "lastAvg": 2.38,
        "diff": -0.05,
        "avgMin": 18,
        "proj": 2.4,
        "lastAvgMin": 17.67,
        "oppOver": 0,
        "teamOver": 0,
        "gameLine": "-365",
        "+/-": "+13",
        "L5_+/-": "+3.0",
        "prevMatchup": "2023-02-11 5.0 sog 2023-01-14 3.0 sog",
        "winLossSplits": "54% - 35%",
        "awayHome": "H",
        "playedYesterday": "N",
        "awayHomeSplits": "39% - 50%",
        "savesAboveExp": 0.061,
        "gsaa": -0.78,
        "corsi": "49.5% (58.5) // 52.5% (63.0) // 55.3% (69.5) // 59.4% (77.0)",
        "fenwick": "49.3% (42.6) // 51.8% (45.2) // 53.2% (48.0) // 57.0% (52.7)",
        "shots": "49.6% (30.4) // 52.0% (31.8) // 51.4% (31.3) // 55.4% (34.3)",
        "scoring": "49.8% (30.3) // 50.4% (29.9) // 55.2% (33.0) // 62.4% (39.3)",
        "corsiAgainst": "50.5% (59.7) // 47.5% (57.1) // 44.7% (56.2) // 40.6% (52.7)",
        "fenwickAgainst": "50.7% (43.8) // 48.2% (42.1) // 46.8% (42.2) // 43.0% (39.7)",
        "shotsAgainst": "50.4% (30.8) // 48.0% (29.3) // 48.6% (29.5) // 44.6% (27.7)",
        "scoringAgainst": "50.2% (30.5) // 49.6% (29.4) // 44.8% (26.8) // 37.6% (23.7)",
        "oppCorsi": "44.7% (50.7) // 46.9% (49.8) // 45.1% (47.3) // 45.5% (53.0)",
        "oppFenwick": "44.6% (36.9) // 46.7% (36.6) // 44.0% (34.3) // 42.0% (36.5)",
        "oppShots": "44.7% (27.0) // 46.0% (26.2) // 45.3% (25.7) // 42.4% (26.5)",
        "oppScoring": "42.6% (24.8) // 43.5% (22.2) // 38.2% (19.3) // 39.1% (22.5)",
        "oppCorsiAgainst": "55.3% (62.7) // 53.1% (56.4) // 54.9% (57.7) // 54.5% (63.5)",
        "oppFenwickAgainst": "55.4% (45.8) // 53.3% (41.8) // 56.0% (43.7) // 58.0% (50.5)",
        "oppShotsAgainst": "55.3% (33.3) // 54.0% (30.7) // 54.7% (31.0) // 57.6% (36.0)",
        "oppScoringAgainst": "57.4% (33.5) // 56.5% (28.9) // 61.8% (31.3) // 60.9% (35.0)",
        "savesPerGame": 28.5,
        "savesPerGameLast1": 20.0,
        "savesPerGameLast3": 25.7,
        "savesPerGameLast5": 27.4,
        "savesPer60": 28.5,
        "savesPer60Last1": 19.0,
        "savesPer60Last3": 25.2,
        "savesPer60Last5": 27.0,
        "shotsPerGame": 30.7,
        "shotsPerGameLast5": 32.6,
        "shotsAgainstPerGame": 31.2,
        "shotsAgainstPerGameLast5": 30.0,
        "oppSavesAgainstPer60": 24.3,
        "oppSavesAgainstPer60Last1": 20.0,
        "oppSavesAgainstPer60Last3": 23.4,
        "oppSavesAgainstPer60Last5": 20.4,
        "oppShotsAgainstPerGame": 33.7,
        "oppShotsAgainstPerGameLast5": 34.6,
        "savesProj": 23.5,
        "savesProjLast5": 18.5,
        "savesProjLast3": 19.8,
        "oppSavesAgainstProj": 24.4,
        "oppSavesAgainstProjLast5": 19.4,
        "oppSavesAgainstProjLast3": 21.7,
        "totalOver": 44,
        "totalOverLast5": 20,
        "totalOverLast15": 33,
        "lastTotalOver": 49,
        "last5": "1,1,4,0,1,1,2,0,6,0",
        "overOdds": "-115",
        "underOdds": "-115",
        "overUnder": "-115 / -115"
    },
    {
        "player": "Brock Nelson",
        "team": "NYI",
        "opponent": "MTL",
        "propType": "pts",
        "line": 0.5,
        "ppLine": "PP1",
        "avg": 0.9,
        "hit": false,
        "diffAvg": 0.8,
        "diffAbs": 0.6,
        "lastAvg": 0.82,
        "diff": 0.64,
        "avgMin": 18,
        "proj": 0.8,
        "lastAvgMin": 17.67,
        "oppOver": 0,
        "teamOver": 0,
        "gameLine": "-365",
        "+/-": "+13",
        "L5_+/-": "+3.0",
        "prevMatchup": "2023-02-11 2.0 pts 2023-01-14 0.0 pts",
        "winLossSplits": "85% - 48%",
        "awayHome": "H",
        "playedYesterday": "N",
        "awayHomeSplits": "66% - 68%",
        "savesAboveExp": 0.061,
        "gsaa": -0.78,
        "corsi": "49.5% (58.5) // 52.5% (63.0) // 55.3% (69.5) // 59.4% (77.0)",
        "fenwick": "49.3% (42.6) // 51.8% (45.2) // 53.2% (48.0) // 57.0% (52.7)",
        "shots": "49.6% (30.4) // 52.0% (31.8) // 51.4% (31.3) // 55.4% (34.3)",
        "scoring": "49.8% (30.3) // 50.4% (29.9) // 55.2% (33.0) // 62.4% (39.3)",
        "corsiAgainst": "50.5% (59.7) // 47.5% (57.1) // 44.7% (56.2) // 40.6% (52.7)",
        "fenwickAgainst": "50.7% (43.8) // 48.2% (42.1) // 46.8% (42.2) // 43.0% (39.7)",
        "shotsAgainst": "50.4% (30.8) // 48.0% (29.3) // 48.6% (29.5) // 44.6% (27.7)",
        "scoringAgainst": "50.2% (30.5) // 49.6% (29.4) // 44.8% (26.8) // 37.6% (23.7)",
        "oppCorsi": "44.7% (50.7) // 46.9% (49.8) // 45.1% (47.3) // 45.5% (53.0)",
        "oppFenwick": "44.6% (36.9) // 46.7% (36.6) // 44.0% (34.3) // 42.0% (36.5)",
        "oppShots": "44.7% (27.0) // 46.0% (26.2) // 45.3% (25.7) // 42.4% (26.5)",
        "oppScoring": "42.6% (24.8) // 43.5% (22.2) // 38.2% (19.3) // 39.1% (22.5)",
        "oppCorsiAgainst": "55.3% (62.7) // 53.1% (56.4) // 54.9% (57.7) // 54.5% (63.5)",
        "oppFenwickAgainst": "55.4% (45.8) // 53.3% (41.8) // 56.0% (43.7) // 58.0% (50.5)",
        "oppShotsAgainst": "55.3% (33.3) // 54.0% (30.7) // 54.7% (31.0) // 57.6% (36.0)",
        "oppScoringAgainst": "57.4% (33.5) // 56.5% (28.9) // 61.8% (31.3) // 60.9% (35.0)",
        "savesPerGame": 28.5,
        "savesPerGameLast1": 20.0,
        "savesPerGameLast3": 25.7,
        "savesPerGameLast5": 27.4,
        "savesPer60": 28.5,
        "savesPer60Last1": 19.0,
        "savesPer60Last3": 25.2,
        "savesPer60Last5": 27.0,
        "shotsPerGame": 30.7,
        "shotsPerGameLast5": 32.6,
        "shotsAgainstPerGame": 31.2,
        "shotsAgainstPerGameLast5": 30.0,
        "oppSavesAgainstPer60": 24.3,
        "oppSavesAgainstPer60Last1": 20.0,
        "oppSavesAgainstPer60Last3": 23.4,
        "oppSavesAgainstPer60Last5": 20.4,
        "oppShotsAgainstPerGame": 33.7,
        "oppShotsAgainstPerGameLast5": 34.6,
        "savesProj": 23.5,
        "savesProjLast5": 18.5,
        "savesProjLast3": 19.8,
        "oppSavesAgainstProj": 24.4,
        "oppSavesAgainstProjLast5": 19.4,
        "oppSavesAgainstProjLast3": 21.7,
        "totalOver": 67,
        "totalOverLast5": 40,
        "totalOverLast15": 40,
        "lastTotalOver": 55,
        "last5": "0,1,3,0,0,1,1,0,2,0",
        "overOdds": "-175",
        "underOdds": "+140",
        "overUnder": "-175 / +140"
    },
    {
        "player": "Brock Nelson",
        "team": "NYI",
        "opponent": "MTL",
        "propType": "ast",
        "line": 0.5,
        "ppLine": "PP1",
        "avg": 0.48,
        "hit": false,
        "diffAvg": -0.04,
        "diffAbs": 0.4,
        "lastAvg": 0.31,
        "diff": -0.38,
        "avgMin": 18,
        "proj": 0.3,
        "lastAvgMin": 17.67,
        "oppOver": 0,
        "teamOver": 0,
        "gameLine": "-365",
        "+/-": "+13",
        "L5_+/-": "+3.0",
        "prevMatchup": "2023-02-11 1.0 ast 2023-01-14 0.0 ast",
        "winLossSplits": "54% - 32%",
        "awayHome": "H",
        "playedYesterday": "N",
        "awayHomeSplits": "39% - 48%",
        "savesAboveExp": 0.061,
        "gsaa": -0.78,
        "corsi": "49.5% (58.5) // 52.5% (63.0) // 55.3% (69.5) // 59.4% (77.0)",
        "fenwick": "49.3% (42.6) // 51.8% (45.2) // 53.2% (48.0) // 57.0% (52.7)",
        "shots": "49.6% (30.4) // 52.0% (31.8) // 51.4% (31.3) // 55.4% (34.3)",
        "scoring": "49.8% (30.3) // 50.4% (29.9) // 55.2% (33.0) // 62.4% (39.3)",
