[
    {
        "player": "Auston Matthews",
        "team": "TOR",
        "opponent": "TB",
        "propType": "sog",
        "line": 4.5,
        "ppLine": "PP1",
        "avg": 4.39,
        "hit": false,
        "diffAvg": -0.02,
        "diffAbs": 0.07,
        "lastAvg": 4.3,
        "diff": -0.04,
        "avgMin": 20,
        "proj": 4.2,
        "lastAvgMin": 20.6,
        "oppOver": 0,
        "teamOver": 0,
        "gameLine": "-170",
        "+/-": "+32",
        "L5_+/-": "+1.0",
        "prevMatchup": "2023-04-18 2.0 sog 2022-12-20 6.0 sog 2022-12-03 8.0 sog",
        "winLossSplits": "43% - 45%",
        "awayHome": "H",
        "playedYesterday": "N",
        "awayHomeSplits": "37% - 51%",
        "savesAboveExp": 0.522,
        "gsaa": 20.53,
        "corsi": "50.8% (57.6) // 50.8% (59.1) // 39.7% (45.8) // -",
        "fenwick": "51.7% (44.0) // 52.2% (46.4) // 39.6% (34.8) // -",
        "shots": "52.1% (31.8) // 52.3% (33.2) // 37.2% (22.7) // -",
        "scoring": "53.9% (33.4) // 55.3% (34.1) // 42.6% (24.4) // -",
        "corsiAgainst": "49.2% (55.8) // 49.2% (57.4) // 60.3% (69.5) // -",
        "fenwickAgainst": "48.3% (41.1) // 47.8% (42.5) // 60.4% (53.0) // -",
        "shotsAgainst": "47.9% (29.2) // 47.7% (30.3) // 62.8% (38.3) // -",
        "scoringAgainst": "46.1% (28.5) // 44.7% (27.6) // 57.4% (32.8) // -",
        "oppCorsi": "51.4% (59.4) // 49.6% (57.4) // 60.3% (70.5) // -",
        "oppFenwick": "51.3% (44.7) // 48.1% (42.5) // 58.8% (53.5) // -",
        "oppShots": "50.4% (31.7) // 47.3% (30.9) // 58.8% (40.0) // -",
        "oppScoring": "52.9% (33.9) // 49.5% (32.2) // 58.3% (38.5) // -",
        "oppCorsiAgainst": "48.6% (56.3) // 50.4% (58.3) // 39.7% (46.5) // -",
        "oppFenwickAgainst": "48.7% (42.4) // 51.9% (45.9) // 41.2% (37.5) // -",
        "oppShotsAgainst": "49.6% (31.2) // 52.7% (34.4) // 41.2% (28.0) // -",
        "oppScoringAgainst": "47.1% (30.1) // 50.5% (32.8) // 41.7% (27.5) // -",
        "savesPerGame": 26.8,
        "savesPerGameLast1": 27.0,
        "savesPerGameLast3": 31.3,
        "savesPerGameLast5": 31.8,
        "savesPer60": 27.2,
        "savesPer60Last1": 27.0,
        "savesPer60Last3": 31.3,
        "savesPer60Last5": 32.2,
        "shotsPerGame": 32.0,
        "shotsPerGameLast5": 29.4,
        "shotsAgainstPerGame": 29.5,
        "shotsAgainstPerGameLast5": 34.6,
        "oppSavesAgainstPer60": 28.9,
        "oppSavesAgainstPer60Last1": 26.9,
        "oppSavesAgainstPer60Last3": 33.5,
        "oppSavesAgainstPer60Last5": 29.9,
        "oppShotsAgainstPerGame": 31.5,
        "oppShotsAgainstPerGameLast5": 33.8,
        "savesProj": 26.9,
        "savesProjLast5": 33.3,
        "savesProjLast3": 35.9,
        "oppSavesAgainstProj": 27.2,
        "oppSavesAgainstProjLast5": 32.3,
        "oppSavesAgainstProjLast3": 36.4,
        "totalOver": 44,
        "totalOverLast5": 20,
        "totalOverLast15": 40,
        "lastTotalOver": 41,
        "last5": "2,3,4,4,6,6,6,3,5,5",
        "overOdds": "-105",
        "underOdds": "-125",
        "overUnder": "-105 / -125"
    },
    {
        "player": "Auston Matthews",
        "team": "TOR",
        "opponent": "TB",
        "propType": "pts",
        "line": 1.5,
        "ppLine": "PP1",
        "avg": 1.16,
        "hit": false,
        "diffAvg": -0.23,
        "diffAbs": 0.13,
        "lastAvg": 1.31,
        "diff": -0.13,
        "avgMin": 20,
        "proj": 1.3,
        "lastAvgMin": 20.6,
        "oppOver": 0,
        "teamOver": 0,
        "gameLine": "-170",
        "+/-": "+32",
        "L5_+/-": "+1.0",
        "prevMatchup": "2023-04-18 2.0 pts 2022-12-20 1.0 pts 2022-12-03 1.0 pts",
        "winLossSplits": "39% - 21%",
        "awayHome": "H",
        "playedYesterday": "N",
        "awayHomeSplits": "32% - 32%",
        "savesAboveExp": 0.522,
        "gsaa": 20.53,
        "corsi": "50.8% (57.6) // 50.8% (59.1) // 39.7% (45.8) // -",
        "fenwick": "51.7% (44.0) // 52.2% (46.4) // 39.6% (34.8) // -",
        "shots": "52.1% (31.8) // 52.3% (33.2) // 37.2% (22.7) // -",
        "scoring": "53.9% (33.4) // 55.3% (34.1) // 42.6% (24.4) // -",
        "corsiAgainst": "49.2% (55.8) // 49.2% (57.4) // 60.3% (69.5) // -",
        "fenwickAgainst": "48.3% (41.1) // 47.8% (42.5) // 60.4% (53.0) // -",
        "shotsAgainst": "47.9% (29.2) // 47.7% (30.3) // 62.8% (38.3) // -",
        "scoringAgainst": "46.1% (28.5) // 44.7% (27.6) // 57.4% (32.8) // -",
        "oppCorsi": "51.4% (59.4) // 49.6% (57.4) // 60.3% (70.5) // -",
        "oppFenwick": "51.3% (44.7) // 48.1% (42.5) // 58.8% (53.5) // -",
        "oppShots": "50.4% (31.7) // 47.3% (30.9) // 58.8% (40.0) // -",
        "oppScoring": "52.9% (33.9) // 49.5% (32.2) // 58.3% (38.5) // -",
        "oppCorsiAgainst": "48.6% (56.3) // 50.4% (58.3) // 39.7% (46.5) // -",
        "oppFenwickAgainst": "48.7% (42.4) // 51.9% (45.9) // 41.2% (37.5) // -",
        "oppShotsAgainst": "49.6% (31.2) // 52.7% (34.4) // 41.2% (28.0) // -",
        "oppScoringAgainst": "47.1% (30.1) // 50.5% (32.8) // 41.7% (27.5) // -",
        "savesPerGame": 26.8,
        "savesPerGameLast1": 27.0,
        "savesPerGameLast3": 31.3,
        "savesPerGameLast5": 31.8,
        "savesPer60": 27.2,
        "savesPer60Last1": 27.0,
        "savesPer60Last3": 31.3,
        "savesPer60Last5": 32.2,
        "shotsPerGame": 32.0,
        "shotsPerGameLast5": 29.4,
        "shotsAgainstPerGame": 29.5,
        "shotsAgainstPerGameLast5": 34.6,
        "oppSavesAgainstPer60": 28.9,
        "oppSavesAgainstPer60Last1": 26.9,
        "oppSavesAgainstPer60Last3": 33.5,
        "oppSavesAgainstPer60Last5": 29.9,
        "oppShotsAgainstPerGame": 31.5,
        "oppShotsAgainstPerGameLast5": 33.8,
        "savesProj": 26.9,
        "savesProjLast5": 33.3,
        "savesProjLast3": 35.9,
        "oppSavesAgainstProj": 27.2,
        "oppSavesAgainstProjLast5": 32.3,
        "oppSavesAgainstProjLast3": 36.4,
        "totalOver": 32,
        "totalOverLast5": 40,
        "totalOverLast15": 40,
        "lastTotalOver": 46,
        "last5": "2,0,1,4,0,1,1,0,1,2",
        "overOdds": "+160",
        "underOdds": "-195",
        "overUnder": "+160 / -195"
    },
    {
        "player": "Auston Matthews",
        "team": "TOR",
        "opponent": "TB",
        "propType": "ast",
        "line": 0.5,
        "ppLine": "PP1",
        "avg": 0.63,
        "hit": false,
        "diffAvg": 0.26,
        "diffAbs": 0.2,
        "lastAvg": 0.57,
        "diff": 0.14,
        "avgMin": 20,
        "proj": 0.6,
        "lastAvgMin": 20.6,
        "oppOver": 0,
        "teamOver": 0,
        "gameLine": "-170",
        "+/-": "+32",
        "L5_+/-": "+1.0",
        "prevMatchup": "2023-04-18 2.0 ast 2022-12-20 0.0 ast 2022-12-03 1.0 ast",
        "winLossSplits": "50% - 41%",
        "awayHome": "H",
        "playedYesterday": "N",
        "awayHomeSplits": "42% - 51%",
        "savesAboveExp": 0.522,
        "gsaa": 20.53,
        "corsi": "50.8% (57.6) // 50.8% (59.1) // 39.7% (45.8) // -",
        "fenwick": "51.7% (44.0) // 52.2% (46.4) // 39.6% (34.8) // -",
        "shots": "52.1% (31.8) // 52.3% (33.2) // 37.2% (22.7) // -",
        "scoring": "53.9% (33.4) // 55.3% (34.1) // 42.6% (24.4) // -",
        "corsiAgainst": "49.2% (55.8) // 49.2% (57.4) // 60.3% (69.5) // -",
        "fenwickAgainst": "48.3% (41.1) // 47.8% (42.5) // 60.4% (53.0) // -",
        "shotsAgainst": "47.9% (29.2) // 47.7% (30.3) // 62.8% (38.3) // -",
        "scoringAgainst": "46.1% (28.5) // 44.7% (27.6) // 57.4% (32.8) // -",
        "oppCorsi": "51.4% (59.4) // 49.6% (57.4) // 60.3% (70.5) // -",
        "oppFenwick": "51.3% (44.7) // 48.1% (42.5) // 58.8% (53.5) // -",
        "oppShots": "50.4% (31.7) // 47.3% (30.9) // 58.8% (40.0) // -",
        "oppScoring": "52.9% (33.9) // 49.5% (32.2) // 58.3% (38.5) // -",
        "oppCorsiAgainst": "48.6% (56.3) // 50.4% (58.3) // 39.7% (46.5) // -",
        "oppFenwickAgainst": "48.7% (42.4) // 51.9% (45.9) // 41.2% (37.5) // -",
        "oppShotsAgainst": "49.6% (31.2) // 52.7% (34.4) // 41.2% (28.0) // -",
        "oppScoringAgainst": "47.1% (30.1) // 50.5% (32.8) // 41.7% (27.5) // -",
        "savesPerGame": 26.8,
        "savesPerGameLast1": 27.0,
        "savesPerGameLast3": 31.3,
        "savesPerGameLast5": 31.8,
        "savesPer60": 27.2,
        "savesPer60Last1": 27.0,
        "savesPer60Last3": 31.3,
        "savesPer60Last5": 32.2,
        "shotsPerGame": 32.0,
        "shotsPerGameLast5": 29.4,
        "shotsAgainstPerGame": 29.5,
        "shotsAgainstPerGameLast5": 34.6,
        "oppSavesAgainstPer60": 28.9,
        "oppSavesAgainstPer60Last1": 26.9,
        "oppSavesAgainstPer60Last3": 33.5,
        "oppSavesAgainstPer60Last5": 29.9,
        "oppShotsAgainstPerGame": 31.5,
        "oppShotsAgainstPerGameLast5": 33.8,
        "savesProj": 26.9,
        "savesProjLast5": 33.3,
        "savesProjLast3": 35.9,
        "oppSavesAgainstProj": 27.2,
        "oppSavesAgainstProjLast5": 32.3,
        "oppSavesAgainstProjLast3": 36.4,
        "totalOver": 47,
        "totalOverLast5": 40,
        "totalOverLast15": 40,
        "lastTotalOver": 47,
        "last5": "2,0,0,3,0,0,1,0,0,2",
        "overOdds": "-110",
        "underOdds": "-120",
        "overUnder": "-110 / -120"
    },
    {
        "player": "Auston Matthews",
        "team": "TOR",
        "opponent": "TB",
        "propType": "g",
        "line": 0.5,
        "ppLine": "PP1",
        "avg": 0.53,
        "hit": false,
        "diffAvg": 0.06,
        "diffAbs": 0.4,
        "lastAvg": 0.74,
        "diff": 0.48,
        "avgMin": 20,
        "proj": 0.7,
        "lastAvgMin": 20.6,
        "oppOver": 0,
        "teamOver": 0,
        "gameLine": "-170",
        "+/-": "+32",
        "L5_+/-": "+1.0",
        "prevMatchup": "2023-04-18 0.0 g 2022-12-20 1.0 g 2022-12-03 0.0 g",
        "winLossSplits": "54% - 34%",
        "awayHome": "H",
        "playedYesterday": "N",
        "awayHomeSplits": "37% - 57%",
        "savesAboveExp": 0.522,
        "gsaa": 20.53,
        "corsi": "50.8% (57.6) // 50.8% (59.1) // 39.7% (45.8) // -",
        "fenwick": "51.7% (44.0) // 52.2% (46.4) // 39.6% (34.8) // -",
        "shots": "52.1% (31.8) // 52.3% (33.2) // 37.2% (22.7) // -",
        "scoring": "53.9% (33.4) // 55.3% (34.1) // 42.6% (24.4) // -",
        "corsiAgainst": "49.2% (55.8) // 49.2% (57.4) // 60.3% (69.5) // -",
        "fenwickAgainst": "48.3% (41.1) // 47.8% (42.5) // 60.4% (53.0) // -",
        "shotsAgainst": "47.9% (29.2) // 47.7% (30.3) // 62.8% (38.3) // -",
        "scoringAgainst": "46.1% (28.5) // 44.7% (27.6) // 57.4% (32.8) // -",
        "oppCorsi": "51.4% (59.4) // 49.6% (57.4) // 60.3% (70.5) // -",
        "oppFenwick": "51.3% (44.7) // 48.1% (42.5) // 58.8% (53.5) // -",
        "oppShots": "50.4% (31.7) // 47.3% (30.9) // 58.8% (40.0) // -",
        "oppScoring": "52.9% (33.9) // 49.5% (32.2) // 58.3% (38.5) // -",
        "oppCorsiAgainst": "48.6% (56.3) // 50.4% (58.3) // 39.7% (46.5) // -",
        "oppFenwickAgainst": "48.7% (42.4) // 51.9% (45.9) // 41.2% (37.5) // -",
        "oppShotsAgainst": "49.6% (31.2) // 52.7% (34.4) // 41.2% (28.0) // -",
        "oppScoringAgainst": "47.1% (30.1) // 50.5% (32.8) // 41.7% (27.5) // -",
        "savesPerGame": 26.8,
        "savesPerGameLast1": 27.0,
        "savesPerGameLast3": 31.3,
        "savesPerGameLast5": 31.8,
        "savesPer60": 27.2,
        "savesPer60Last1": 27.0,
        "savesPer60Last3": 31.3,
        "savesPer60Last5": 32.2,
        "shotsPerGame": 32.0,
        "shotsPerGameLast5": 29.4,
        "shotsAgainstPerGame": 29.5,
        "shotsAgainstPerGameLast5": 34.6,
        "oppSavesAgainstPer60": 28.9,
        "oppSavesAgainstPer60Last1": 26.9,
        "oppSavesAgainstPer60Last3": 33.5,
        "oppSavesAgainstPer60Last5": 29.9,
        "oppShotsAgainstPerGame": 31.5,
        "oppShotsAgainstPerGameLast5": 33.8,
        "savesProj": 26.9,
        "savesProjLast5": 33.3,
        "savesProjLast3": 35.9,
        "oppSavesAgainstProj": 27.2,
        "oppSavesAgainstProjLast5": 32.3,
        "oppSavesAgainstProjLast3": 36.4,
        "totalOver": 47,
        "totalOverLast5": 40,
        "totalOverLast15": 40,
        "lastTotalOver": 54,
        "last5": "0,0,1,1,0,1,0,0,1,0",
        "overOdds": "-120",
        "underOdds": "0",
        "overUnder": "-120 / 0"
    },
    {
        "player": "Brandon Hagel",
        "team": "TB",
        "opponent": "TOR",
        "propType": "sog",
        "line": 2.5,
        "ppLine": "PP2",
        "avg": 2.21,
        "hit": false,
        "diffAvg": -0.12,
        "diffAbs": 0.44,
        "lastAvg": 1.25,
        "diff": -0.5,
        "avgMin": 18,
        "proj": 1.4,
        "lastAvgMin": 16.35,
        "oppOver": 0,
        "teamOver": 0,
        "gameLine": "+145",
        "+/-": "+21",
        "L5_+/-": "+2.0",
        "prevMatchup": "2023-04-18 3.0 sog 2023-04-11 2.0 sog 2022-12-20 0.0 sog 2022-12-03 0.0 sog",
        "winLossSplits": "45% - 31%",
        "awayHome": "A",
        "playedYesterday": "N",
        "awayHomeSplits": "41% - 37%",
        "savesAboveExp": 0.388,
        "gsaa": 17.37,
        "corsi": "51.4% (59.4) // 49.6% (57.4) // 60.3% (70.5) // -",
        "fenwick": "51.3% (44.7) // 48.1% (42.5) // 58.8% (53.5) // -",
        "shots": "50.4% (31.7) // 47.3% (30.9) // 58.8% (40.0) // -",
        "scoring": "52.9% (33.9) // 49.5% (32.2) // 58.3% (38.5) // -",
        "corsiAgainst": "48.6% (56.3) // 50.4% (58.3) // 39.7% (46.5) // -",
        "fenwickAgainst": "48.7% (42.4) // 51.9% (45.9) // 41.2% (37.5) // -",
        "shotsAgainst": "49.6% (31.2) // 52.7% (34.4) // 41.2% (28.0) // -",
        "scoringAgainst": "47.1% (30.1) // 50.5% (32.8) // 41.7% (27.5) // -",
        "oppCorsi": "50.8% (57.6) // 50.8% (59.1) // 39.7% (45.8) // -",
        "oppFenwick": "51.7% (44.0) // 52.2% (46.4) // 39.6% (34.8) // -",
        "oppShots": "52.1% (31.8) // 52.3% (33.2) // 37.2% (22.7) // -",
        "oppScoring": "53.9% (33.4) // 55.3% (34.1) // 42.6% (24.4) // -",
        "oppCorsiAgainst": "49.2% (55.8) // 49.2% (57.4) // 60.3% (69.5) // -",
        "oppFenwickAgainst": "48.3% (41.1) // 47.8% (42.5) // 60.4% (53.0) // -",
        "oppShotsAgainst": "47.9% (29.2) // 47.7% (30.3) // 62.8% (38.3) // -",
        "oppScoringAgainst": "46.1% (28.5) // 44.7% (27.6) // 57.4% (32.8) // -",
        "savesPerGame": 28.4,
        "savesPerGameLast1": 28.0,
        "savesPerGameLast3": 26.7,
        "savesPerGameLast5": 29.8,
        "savesPer60": 28.8,
        "savesPer60Last1": 28.0,
        "savesPer60Last3": 26.2,
        "savesPer60Last5": 29.4,
        "shotsPerGame": 32.0,
        "shotsPerGameLast5": 33.8,
        "shotsAgainstPerGame": 31.5,
        "shotsAgainstPerGameLast5": 33.8,
        "oppSavesAgainstPer60": 28.8,
        "oppSavesAgainstPer60Last1": 28.0,
        "oppSavesAgainstPer60Last3": 22.3,
        "oppSavesAgainstPer60Last5": 26.0,
        "oppShotsAgainstPerGame": 29.5,
        "oppShotsAgainstPerGameLast5": 34.6,
        "savesProj": 30.3,
        "savesProjLast5": 27.7,
        "savesProjLast3": 21.2,
        "oppSavesAgainstProj": 28.6,
        "oppSavesAgainstProjLast5": 27.4,
        "oppSavesAgainstProjLast3": 21.8,
        "totalOver": 39,
        "totalOverLast5": 80,
        "totalOverLast15": 53,
        "lastTotalOver": 28,
        "last5": "3,3,2,4,4,1,2,3,1,3",
        "overOdds": "+120",
        "underOdds": "-150",
        "overUnder": "+120 / -150"
    },
    {
        "player": "Brandon Hagel",
        "team": "TB",
        "opponent": "TOR",
        "propType": "pts",
        "line": 0.5,
        "ppLine": "PP2",
        "avg": 0.79,
        "hit": false,
        "diffAvg": 0.58,
        "diffAbs": 0.0,
        "lastAvg": 0.44,
        "diff": -0.12,
        "avgMin": 18,
        "proj": 0.5,
        "lastAvgMin": 16.35,
        "oppOver": 0,
        "teamOver": 0,
        "gameLine": "+145",
        "+/-": "+21",
        "L5_+/-": "+2.0",
        "prevMatchup": "2023-04-18 1.0 pts 2023-04-11 0.0 pts 2022-12-20 0.0 pts 2022-12-03 0.0 pts",
        "winLossSplits": "70% - 26%",
        "awayHome": "A",
        "playedYesterday": "N",
        "awayHomeSplits": "41% - 61%",
        "savesAboveExp": 0.388,
        "gsaa": 17.37,
        "corsi": "51.4% (59.4) // 49.6% (57.4) // 60.3% (70.5) // -",
        "fenwick": "51.3% (44.7) // 48.1% (42.5) // 58.8% (53.5) // -",
        "shots": "50.4% (31.7) // 47.3% (30.9) // 58.8% (40.0) // -",
        "scoring": "52.9% (33.9) // 49.5% (32.2) // 58.3% (38.5) // -",
        "corsiAgainst": "48.6% (56.3) // 50.4% (58.3) // 39.7% (46.5) // -",
        "fenwickAgainst": "48.7% (42.4) // 51.9% (45.9) // 41.2% (37.5) // -",
        "shotsAgainst": "49.6% (31.2) // 52.7% (34.4) // 41.2% (28.0) // -",
        "scoringAgainst": "47.1% (30.1) // 50.5% (32.8) // 41.7% (27.5) // -",
        "oppCorsi": "50.8% (57.6) // 50.8% (59.1) // 39.7% (45.8) // -",
        "oppFenwick": "51.7% (44.0) // 52.2% (46.4) // 39.6% (34.8) // -",
        "oppShots": "52.1% (31.8) // 52.3% (33.2) // 37.2% (22.7) // -",
        "oppScoring": "53.9% (33.4) // 55.3% (34.1) // 42.6% (24.4) // -",
        "oppCorsiAgainst": "49.2% (55.8) // 49.2% (57.4) // 60.3% (69.5) // -",
        "oppFenwickAgainst": "48.3% (41.1) // 47.8% (42.5) // 60.4% (53.0) // -",
        "oppShotsAgainst": "47.9% (29.2) // 47.7% (30.3) // 62.8% (38.3) // -",
        "oppScoringAgainst": "46.1% (28.5) // 44.7% (27.6) // 57.4% (32.8) // -",
        "savesPerGame": 28.4,
        "savesPerGameLast1": 28.0,
        "savesPerGameLast3": 26.7,
        "savesPerGameLast5": 29.8,
        "savesPer60": 28.8,
        "savesPer60Last1": 28.0,
        "savesPer60Last3": 26.2,
        "savesPer60Last5": 29.4,
        "shotsPerGame": 32.0,
        "shotsPerGameLast5": 33.8,
        "shotsAgainstPerGame": 31.5,
        "shotsAgainstPerGameLast5": 33.8,
        "oppSavesAgainstPer60": 28.8,
        "oppSavesAgainstPer60Last1": 28.0,
        "oppSavesAgainstPer60Last3": 22.3,
        "oppSavesAgainstPer60Last5": 26.0,
        "oppShotsAgainstPerGame": 29.5,
        "oppShotsAgainstPerGameLast5": 34.6,
        "savesProj": 30.3,
        "savesProjLast5": 27.7,
        "savesProjLast3": 21.2,
        "oppSavesAgainstProj": 28.6,
        "oppSavesAgainstProjLast5": 27.4,
        "oppSavesAgainstProjLast3": 21.8,
        "totalOver": 51,
        "totalOverLast5": 80,
        "totalOverLast15": 33,
        "lastTotalOver": 37,
        "last5": "1,2,0,1,2,0,0,0,0,0",
        "overOdds": "-120",
        "underOdds": "-110",
        "overUnder": "-120 / -110"
    },
    {
        "player": "Brandon Hagel",
        "team": "TB",
        "opponent": "TOR",
        "propType": "ast",
        "line": 0.5,
        "ppLine": "PP2",
        "avg": 0.43,
        "hit": false,
        "diffAvg": -0.14,
        "diffAbs": 0.6,
        "lastAvg": 0.19,
        "diff": -0.62,
        "avgMin": 18,
        "proj": 0.2,
        "lastAvgMin": 16.35,
        "oppOver": 0,
        "teamOver": 0,
        "gameLine": "+145",
        "+/-": "+21",
        "L5_+/-": "+2.0",
        "prevMatchup": "2023-04-18 1.0 ast 2023-04-11 0.0 ast 2022-12-20 0.0 ast 2022-12-03 0.0 ast",
        "winLossSplits": "55% - 14%",
        "awayHome": "A",
        "playedYesterday": "N",
        "awayHomeSplits": "32% - 44%",
        "savesAboveExp": 0.388,
        "gsaa": 17.37,
        "corsi": "51.4% (59.4) // 49.6% (57.4) // 60.3% (70.5) // -",
        "fenwick": "51.3% (44.7) // 48.1% (42.5) // 58.8% (53.5) // -",
        "shots": "50.4% (31.7) // 47.3% (30.9) // 58.8% (40.0) // -",
        "scoring": "52.9% (33.9) // 49.5% (32.2) // 58.3% (38.5) // -",
        "corsiAgainst": "48.6% (56.3) // 50.4% (58.3) // 39.7% (46.5) // -",
        "fenwickAgainst": "48.7% (42.4) // 51.9% (45.9) // 41.2% (37.5) // -",
        "shotsAgainst": "49.6% (31.2) // 52.7% (34.4) // 41.2% (28.0) // -",
        "scoringAgainst": "47.1% (30.1) // 50.5% (32.8) // 41.7% (27.5) // -",
        "oppCorsi": "50.8% (57.6) // 50.8% (59.1) // 39.7% (45.8) // -",
        "oppFenwick": "51.7% (44.0) // 52.2% (46.4) // 39.6% (34.8) // -",
        "oppShots": "52.1% (31.8) // 52.3% (33.2) // 37.2% (22.7) // -",
        "oppScoring": "53.9% (33.4) // 55.3% (34.1) // 42.6% (24.4) // -",
        "oppCorsiAgainst": "49.2% (55.8) // 49.2% (57.4) // 60.3% (69.5) // -",
        "oppFenwickAgainst": "48.3% (41.1) // 47.8% (42.5) // 60.4% (53.0) // -",
        "oppShotsAgainst": "47.9% (29.2) // 47.7% (30.3) // 62.8% (38.3) // -",
        "oppScoringAgainst": "46.1% (28.5) // 44.7% (27.6) // 57.4% (32.8) // -",
        "savesPerGame": 28.4,
        "savesPerGameLast1": 28.0,
        "savesPerGameLast3": 26.7,
        "savesPerGameLast5": 29.8,
        "savesPer60": 28.8,
        "savesPer60Last1": 28.0,
        "savesPer60Last3": 26.2,
        "savesPer60Last5": 29.4,
        "shotsPerGame": 32.0,
        "shotsPerGameLast5": 33.8,
        "shotsAgainstPerGame": 31.5,
        "shotsAgainstPerGameLast5": 33.8,
        "oppSavesAgainstPer60": 28.8,
        "oppSavesAgainstPer60Last1": 28.0,
        "oppSavesAgainstPer60Last3": 22.3,
        "oppSavesAgainstPer60Last5": 26.0,
        "oppShotsAgainstPerGame": 29.5,
        "oppShotsAgainstPerGameLast5": 34.6,
        "savesProj": 30.3,
        "savesProjLast5": 27.7,
        "savesProjLast3": 21.2,
        "oppSavesAgainstProj": 28.6,
        "oppSavesAgainstProjLast5": 27.4,
        "oppSavesAgainstProjLast3": 21.8,
        "totalOver": 38,
        "totalOverLast5": 60,
        "totalOverLast15": 20,
        "lastTotalOver": 16,
        "last5": "1,1,0,0,1,0,0,0,0,0",
        "overOdds": "+185",
        "underOdds": "-230",
        "overUnder": "+185 / -230"
    },
    {
        "player": "Brandon Hagel",
        "team": "TB",
        "opponent": "TOR",
        "propType": "g",
        "line": 0.5,
        "ppLine": "PP2",
        "avg": 0.37,
        "hit": false,
        "diffAvg": -0.26,
        "diffAbs": 0.4,
        "lastAvg": 0.25,
        "diff": -0.5,
        "avgMin": 18,
        "proj": 0.3,
        "lastAvgMin": 16.35,
        "oppOver": 0,
        "teamOver": 0,
        "gameLine": "+145",
        "+/-": "+21",
        "L5_+/-": "+2.0",
        "prevMatchup": "2023-04-18 0.0 g 2023-04-11 0.0 g 2022-12-20 0.0 g 2022-12-03 0.0 g",
        "winLossSplits": "43% - 14%",
        "awayHome": "A",
        "playedYesterday": "N",
        "awayHomeSplits": "27% - 34%",
        "savesAboveExp": 0.388,
        "gsaa": 17.37,
        "corsi": "51.4% (59.4) // 49.6% (57.4) // 60.3% (70.5) // -",
        "fenwick": "51.3% (44.7) // 48.1% (42.5) // 58.8% (53.5) // -",
        "shots": "50.4% (31.7) // 47.3% (30.9) // 58.8% (40.0) // -",
        "scoring": "52.9% (33.9) // 49.5% (32.2) // 58.3% (38.5) // -",
        "corsiAgainst": "48.6% (56.3) // 50.4% (58.3) // 39.7% (46.5) // -",
        "fenwickAgainst": "48.7% (42.4) // 51.9% (45.9) // 41.2% (37.5) // -",
        "shotsAgainst": "49.6% (31.2) // 52.7% (34.4) // 41.2% (28.0) // -",
        "scoringAgainst": "47.1% (30.1) // 50.5% (32.8) // 41.7% (27.5) // -",
        "oppCorsi": "50.8% (57.6) // 50.8% (59.1) // 39.7% (45.8) // -",
        "oppFenwick": "51.7% (44.0) // 52.2% (46.4) // 39.6% (34.8) // -",
        "oppShots": "52.1% (31.8) // 52.3% (33.2) // 37.2% (22.7) // -",
        "oppScoring": "53.9% (33.4) // 55.3% (34.1) // 42.6% (24.4) // -",
        "oppCorsiAgainst": "49.2% (55.8) // 49.2% (57.4) // 60.3% (69.5) // -",
        "oppFenwickAgainst": "48.3% (41.1) // 47.8% (42.5) // 60.4% (53.0) // -",
        "oppShotsAgainst": "47.9% (29.2) // 47.7% (30.3) // 62.8% (38.3) // -",
        "oppScoringAgainst": "46.1% (28.5) // 44.7% (27.6) // 57.4% (32.8) // -",
        "savesPerGame": 28.4,
        "savesPerGameLast1": 28.0,
        "savesPerGameLast3": 26.7,
        "savesPerGameLast5": 29.8,
        "savesPer60": 28.8,
        "savesPer60Last1": 28.0,
        "savesPer60Last3": 26.2,
        "savesPer60Last5": 29.4,
        "shotsPerGame": 32.0,
        "shotsPerGameLast5": 33.8,
        "shotsAgainstPerGame": 31.5,
        "shotsAgainstPerGameLast5": 33.8,
        "oppSavesAgainstPer60": 28.8,
        "oppSavesAgainstPer60Last1": 28.0,
        "oppSavesAgainstPer60Last3": 22.3,
        "oppSavesAgainstPer60Last5": 26.0,
        "oppShotsAgainstPerGame": 29.5,
        "oppShotsAgainstPerGameLast5": 34.6,
        "savesProj": 30.3,
        "savesProjLast5": 27.7,
        "savesProjLast3": 21.2,
        "oppSavesAgainstProj": 28.6,
        "oppSavesAgainstProjLast5": 27.4,
        "oppSavesAgainstProjLast3": 21.8,
        "totalOver": 30,
        "totalOverLast5": 60,
        "totalOverLast15": 27,
        "lastTotalOver": 22,
        "last5": "0,1,0,1,1,0,0,0,0,0",
        "overOdds": "+235",
        "underOdds": "0",
        "overUnder": "+235 / 0"
    },
    {
        "player": "Brayden Point",
        "team": "TB",
        "opponent": "TOR",
        "propType": "sog",
        "line": 2.5,
        "ppLine": "PP1",
        "avg": 2.88,
        "hit": false,
        "diffAvg": 0.15,
        "diffAbs": 0.08,
        "lastAvg": 2.35,
        "diff": -0.06,
        "avgMin": 19,
        "proj": 2.3,
        "lastAvgMin": 19.45,
        "oppOver": 0,
        "teamOver": 0,
        "gameLine": "+145",
        "+/-": 0,
        "L5_+/-": 0.0,
        "prevMatchup": "2023-04-18 4.0 sog 2023-04-11 7.0 sog 2022-12-20 2.0 sog 2022-12-03 1.0 sog",
        "winLossSplits": "53% - 47%",
        "awayHome": "A",
        "playedYesterday": "N",
        "awayHomeSplits": "43% - 59%",
        "savesAboveExp": 0.388,
        "gsaa": 17.37,
        "corsi": "51.4% (59.4) // 49.6% (57.4) // 60.3% (70.5) // -",
        "fenwick": "51.3% (44.7) // 48.1% (42.5) // 58.8% (53.5) // -",
        "shots": "50.4% (31.7) // 47.3% (30.9) // 58.8% (40.0) // -",
        "scoring": "52.9% (33.9) // 49.5% (32.2) // 58.3% (38.5) // -",
        "corsiAgainst": "48.6% (56.3) // 50.4% (58.3) // 39.7% (46.5) // -",
        "fenwickAgainst": "48.7% (42.4) // 51.9% (45.9) // 41.2% (37.5) // -",
        "shotsAgainst": "49.6% (31.2) // 52.7% (34.4) // 41.2% (28.0) // -",
        "scoringAgainst": "47.1% (30.1) // 50.5% (32.8) // 41.7% (27.5) // -",
        "oppCorsi": "50.8% (57.6) // 50.8% (59.1) // 39.7% (45.8) // -",
        "oppFenwick": "51.7% (44.0) // 52.2% (46.4) // 39.6% (34.8) // -",
        "oppShots": "52.1% (31.8) // 52.3% (33.2) // 37.2% (22.7) // -",
        "oppScoring": "53.9% (33.4) // 55.3% (34.1) // 42.6% (24.4) // -",
        "oppCorsiAgainst": "49.2% (55.8) // 49.2% (57.4) // 60.3% (69.5) // -",
        "oppFenwickAgainst": "48.3% (41.1) // 47.8% (42.5) // 60.4% (53.0) // -",
        "oppShotsAgainst": "47.9% (29.2) // 47.7% (30.3) // 62.8% (38.3) // -",
        "oppScoringAgainst": "46.1% (28.5) // 44.7% (27.6) // 57.4% (32.8) // -",
        "savesPerGame": 28.4,
        "savesPerGameLast1": 28.0,
        "savesPerGameLast3": 26.7,
        "savesPerGameLast5": 29.8,
        "savesPer60": 28.8,
        "savesPer60Last1": 28.0,
        "savesPer60Last3": 26.2,
        "savesPer60Last5": 29.4,
        "shotsPerGame": 32.0,
        "shotsPerGameLast5": 33.8,
        "shotsAgainstPerGame": 31.5,
        "shotsAgainstPerGameLast5": 33.8,
        "oppSavesAgainstPer60": 28.8,
        "oppSavesAgainstPer60Last1": 28.0,
        "oppSavesAgainstPer60Last3": 22.3,
        "oppSavesAgainstPer60Last5": 26.0,
        "oppShotsAgainstPerGame": 29.5,
        "oppShotsAgainstPerGameLast5": 34.6,
        "savesProj": 30.3,
        "savesProjLast5": 27.7,
        "savesProjLast3": 21.2,
        "oppSavesAgainstProj": 28.6,
        "oppSavesAgainstProjLast5": 27.4,
        "oppSavesAgainstProjLast3": 21.8,
        "totalOver": 51,
        "totalOverLast5": 60,
        "totalOverLast15": 33,
        "lastTotalOver": 43,
        "last5": "4,5,7,2,1,2,2,3,2,1",
        "overOdds": "-130",
        "underOdds": "+100",
        "overUnder": "-130 / +100"
    },
    {
        "player": "Brayden Point",
        "team": "TB",
        "opponent": "TOR",
        "propType": "pts",
        "line": 0.5,
        "ppLine": "PP1",
        "avg": 1.17,
        "hit": false,
        "diffAvg": 1.34,
        "diffAbs": 0.6,
        "lastAvg": 0.77,
        "diff": 0.54,
        "avgMin": 19,
        "proj": 0.8,
        "lastAvgMin": 19.45,
        "oppOver": 0,
        "teamOver": 0,
        "gameLine": "+145",
        "+/-": 0,
        "L5_+/-": 0.0,
        "prevMatchup": "2023-04-18 2.0 pts 2023-04-11 1.0 pts 2022-12-20 0.0 pts 2022-12-03 0.0 pts",
        "winLossSplits": "74% - 61%",
        "awayHome": "A",
        "playedYesterday": "N",
        "awayHomeSplits": "60% - 78%",
        "savesAboveExp": 0.388,
        "gsaa": 17.37,
        "corsi": "51.4% (59.4) // 49.6% (57.4) // 60.3% (70.5) // -",
        "fenwick": "51.3% (44.7) // 48.1% (42.5) // 58.8% (53.5) // -",
        "shots": "50.4% (31.7) // 47.3% (30.9) // 58.8% (40.0) // -",
        "scoring": "52.9% (33.9) // 49.5% (32.2) // 58.3% (38.5) // -",
        "corsiAgainst": "48.6% (56.3) // 50.4% (58.3) // 39.7% (46.5) // -",
        "fenwickAgainst": "48.7% (42.4) // 51.9% (45.9) // 41.2% (37.5) // -",
        "shotsAgainst": "49.6% (31.2) // 52.7% (34.4) // 41.2% (28.0) // -",
        "scoringAgainst": "47.1% (30.1) // 50.5% (32.8) // 41.7% (27.5) // -",
        "oppCorsi": "50.8% (57.6) // 50.8% (59.1) // 39.7% (45.8) // -",
        "oppFenwick": "51.7% (44.0) // 52.2% (46.4) // 39.6% (34.8) // -",
        "oppShots": "52.1% (31.8) // 52.3% (33.2) // 37.2% (22.7) // -",
        "oppScoring": "53.9% (33.4) // 55.3% (34.1) // 42.6% (24.4) // -",
        "oppCorsiAgainst": "49.2% (55.8) // 49.2% (57.4) // 60.3% (69.5) // -",
        "oppFenwickAgainst": "48.3% (41.1) // 47.8% (42.5) // 60.4% (53.0) // -",
        "oppShotsAgainst": "47.9% (29.2) // 47.7% (30.3) // 62.8% (38.3) // -",
        "oppScoringAgainst": "46.1% (28.5) // 44.7% (27.6) // 57.4% (32.8) // -",
        "savesPerGame": 28.4,
        "savesPerGameLast1": 28.0,
        "savesPerGameLast3": 26.7,
        "savesPerGameLast5": 29.8,
        "savesPer60": 28.8,
        "savesPer60Last1": 28.0,
        "savesPer60Last3": 26.2,
        "savesPer60Last5": 29.4,
        "shotsPerGame": 32.0,
        "shotsPerGameLast5": 33.8,
        "shotsAgainstPerGame": 31.5,
        "shotsAgainstPerGameLast5": 33.8,
        "oppSavesAgainstPer60": 28.8,
        "oppSavesAgainstPer60Last1": 28.0,
        "oppSavesAgainstPer60Last3": 22.3,
        "oppSavesAgainstPer60Last5": 26.0,
        "oppShotsAgainstPerGame": 29.5,
        "oppShotsAgainstPerGameLast5": 34.6,
        "savesProj": 30.3,
        "savesProjLast5": 27.7,
        "savesProjLast3": 21.2,
        "oppSavesAgainstProj": 28.6,
        "oppSavesAgainstProjLast5": 27.4,
        "oppSavesAgainstProjLast3": 21.8,
        "totalOver": 69,
        "totalOverLast5": 100,
        "totalOverLast15": 67,
        "lastTotalOver": 59,
        "last5": "2,3,1,1,1,0,3,0,3,0",
        "overOdds": "-210",
        "underOdds": "+170",
        "overUnder": "-210 / +170"
    },
    {
        "player": "Brayden Point",
        "team": "TB",
        "opponent": "TOR",
        "propType": "ast",
        "line": 0.5,
        "ppLine": "PP1",
        "avg": 0.53,
        "hit": false,
        "diffAvg": 0.06,
        "diffAbs": 0.2,
        "lastAvg": 0.4,
        "diff": -0.2,
        "avgMin": 19,
        "proj": 0.4,
        "lastAvgMin": 19.45,
        "oppOver": 0,
        "teamOver": 0,
        "gameLine": "+145",
        "+/-": 0,
        "L5_+/-": 0.0,
        "prevMatchup": "2023-04-18 0.0 ast 2023-04-11 1.0 ast 2022-12-20 0.0 ast 2022-12-03 0.0 ast",
        "winLossSplits": "51% - 33%",
        "awayHome": "A",
        "playedYesterday": "N",
        "awayHomeSplits": "36% - 51%",
        "savesAboveExp": 0.388,
        "gsaa": 17.37,
        "corsi": "51.4% (59.4) // 49.6% (57.4) // 60.3% (70.5) // -",
        "fenwick": "51.3% (44.7) // 48.1% (42.5) // 58.8% (53.5) // -",
        "shots": "50.4% (31.7) // 47.3% (30.9) // 58.8% (40.0) // -",
        "scoring": "52.9% (33.9) // 49.5% (32.2) // 58.3% (38.5) // -",
        "corsiAgainst": "48.6% (56.3) // 50.4% (58.3) // 39.7% (46.5) // -",
        "fenwickAgainst": "48.7% (42.4) // 51.9% (45.9) // 41.2% (37.5) // -",
        "shotsAgainst": "49.6% (31.2) // 52.7% (34.4) // 41.2% (28.0) // -",
        "scoringAgainst": "47.1% (30.1) // 50.5% (32.8) // 41.7% (27.5) // -",
        "oppCorsi": "50.8% (57.6) // 50.8% (59.1) // 39.7% (45.8) // -",
        "oppFenwick": "51.7% (44.0) // 52.2% (46.4) // 39.6% (34.8) // -",
        "oppShots": "52.1% (31.8) // 52.3% (33.2) // 37.2% (22.7) // -",
        "oppScoring": "53.9% (33.4) // 55.3% (34.1) // 42.6% (24.4) // -",
        "oppCorsiAgainst": "49.2% (55.8) // 49.2% (57.4) // 60.3% (69.5) // -",
        "oppFenwickAgainst": "48.3% (41.1) // 47.8% (42.5) // 60.4% (53.0) // -",
        "oppShotsAgainst": "47.9% (29.2) // 47.7% (30.3) // 62.8% (38.3) // -",
        "oppScoringAgainst": "46.1% (28.5) // 44.7% (27.6) // 57.4% (32.8) // -",
        "savesPerGame": 28.4,
        "savesPerGameLast1": 28.0,
        "savesPerGameLast3": 26.7,
        "savesPerGameLast5": 29.8,
        "savesPer60": 28.8,
        "savesPer60Last1": 28.0,
        "savesPer60Last3": 26.2,
        "savesPer60Last5": 29.4,
        "shotsPerGame": 32.0,
        "shotsPerGameLast5": 33.8,
        "shotsAgainstPerGame": 31.5,
        "shotsAgainstPerGameLast5": 33.8,
        "oppSavesAgainstPer60": 28.8,
        "oppSavesAgainstPer60Last1": 28.0,
        "oppSavesAgainstPer60Last3": 22.3,
        "oppSavesAgainstPer60Last5": 26.0,
        "oppShotsAgainstPerGame": 29.5,
        "oppShotsAgainstPerGameLast5": 34.6,
        "savesProj": 30.3,
        "savesProjLast5": 27.7,
        "savesProjLast3": 21.2,
        "oppSavesAgainstProj": 28.6,
        "oppSavesAgainstProjLast5": 27.4,
        "oppSavesAgainstProjLast3": 21.8,
        "totalOver": 43,
        "totalOverLast5": 60,
        "totalOverLast15": 40,
        "lastTotalOver": 36,
        "last5": "0,1,1,0,1,0,2,0,1,0",
        "overOdds": "+125",
        "underOdds": "-155",
        "overUnder": "+125 / -155"
    },
    {
        "player": "Brayden Point",
        "team": "TB",
        "opponent": "TOR",
        "propType": "g",
        "line": 0.5,
        "ppLine": "PP1",
        "avg": 0.64,
        "hit": false,
        "diffAvg": 0.28,
        "diffAbs": 0.2,
        "lastAvg": 0.37,
        "diff": -0.26,
        "avgMin": 19,
        "proj": 0.4,
        "lastAvgMin": 19.45,
        "oppOver": 0,
        "teamOver": 0,
        "gameLine": "+145",
        "+/-": 0,
        "L5_+/-": 0.0,
        "prevMatchup": "2023-04-18 2.0 g 2023-04-11 0.0 g 2022-12-20 0.0 g 2022-12-03 0.0 g",
        "winLossSplits": "55% - 42%",
        "awayHome": "A",
        "playedYesterday": "N",
        "awayHomeSplits": "38% - 61%",
        "savesAboveExp": 0.388,
        "gsaa": 17.37,
        "corsi": "51.4% (59.4) // 49.6% (57.4) // 60.3% (70.5) // -",
        "fenwick": "51.3% (44.7) // 48.1% (42.5) // 58.8% (53.5) // -",
        "shots": "50.4% (31.7) // 47.3% (30.9) // 58.8% (40.0) // -",
        "scoring": "52.9% (33.9) // 49.5% (32.2) // 58.3% (38.5) // -",
        "corsiAgainst": "48.6% (56.3) // 50.4% (58.3) // 39.7% (46.5) // -",
        "fenwickAgainst": "48.7% (42.4) // 51.9% (45.9) // 41.2% (37.5) // -",
        "shotsAgainst": "49.6% (31.2) // 52.7% (34.4) // 41.2% (28.0) // -",
        "scoringAgainst": "47.1% (30.1) // 50.5% (32.8) // 41.7% (27.5) // -",
        "oppCorsi": "50.8% (57.6) // 50.8% (59.1) // 39.7% (45.8) // -",
        "oppFenwick": "51.7% (44.0) // 52.2% (46.4) // 39.6% (34.8) // -",
        "oppShots": "52.1% (31.8) // 52.3% (33.2) // 37.2% (22.7) // -",
        "oppScoring": "53.9% (33.4) // 55.3% (34.1) // 42.6% (24.4) // -",
        "oppCorsiAgainst": "49.2% (55.8) // 49.2% (57.4) // 60.3% (69.5) // -",
        "oppFenwickAgainst": "48.3% (41.1) // 47.8% (42.5) // 60.4% (53.0) // -",
        "oppShotsAgainst": "47.9% (29.2) // 47.7% (30.3) // 62.8% (38.3) // -",
        "oppScoringAgainst": "46.1% (28.5) // 44.7% (27.6) // 57.4% (32.8) // -",
        "savesPerGame": 28.4,
        "savesPerGameLast1": 28.0,
        "savesPerGameLast3": 26.7,
        "savesPerGameLast5": 29.8,
        "savesPer60": 28.8,
        "savesPer60Last1": 28.0,
        "savesPer60Last3": 26.2,
        "savesPer60Last5": 29.4,
        "shotsPerGame": 32.0,
        "shotsPerGameLast5": 33.8,
        "shotsAgainstPerGame": 31.5,
        "shotsAgainstPerGameLast5": 33.8,
        "oppSavesAgainstPer60": 28.8,
        "oppSavesAgainstPer60Last1": 28.0,
        "oppSavesAgainstPer60Last3": 22.3,
        "oppSavesAgainstPer60Last5": 26.0,
        "oppShotsAgainstPerGame": 29.5,
        "oppShotsAgainstPerGameLast5": 34.6,
        "savesProj": 30.3,
        "savesProjLast5": 27.7,
        "savesProjLast3": 21.2,
        "oppSavesAgainstProj": 28.6,
        "oppSavesAgainstProjLast5": 27.4,
        "oppSavesAgainstProjLast3": 21.8,
        "totalOver": 49,
        "totalOverLast5": 60,
        "totalOverLast15": 47,
        "lastTotalOver": 36,
        "last5": "2,2,0,1,0,0,1,0,2,0",
        "overOdds": "+130",
        "underOdds": "0",
        "overUnder": "+130 / 0"
    },
    {
        "player": "John Tavares",
        "team": "TOR",
        "opponent": "TB",
        "propType": "sog",
        "line": 3.5,
        "ppLine": "PP1",
        "avg": 3.47,
        "hit": false,
        "diffAvg": -0.01,
        "diffAbs": 0.26,
        "lastAvg": 2.76,
        "diff": -0.21,
        "avgMin": 17,
        "proj": 2.6,
        "lastAvgMin": 18.07,
        "oppOver": 0,
        "teamOver": 0,
        "gameLine": "-170",
        "+/-": -9,
        "L5_+/-": -5.0,
        "prevMatchup": "2023-04-18 4.0 sog 2023-04-11 3.0 sog 2022-12-20 5.0 sog 2022-12-03 3.0 sog",
        "winLossSplits": "46% - 36%",
        "awayHome": "H",
        "playedYesterday": "N",
        "awayHomeSplits": "41% - 43%",
        "savesAboveExp": 0.522,
        "gsaa": 20.53,
        "corsi": "50.8% (57.6) // 50.8% (59.1) // 39.7% (45.8) // -",
        "fenwick": "51.7% (44.0) // 52.2% (46.4) // 39.6% (34.8) // -",
        "shots": "52.1% (31.8) // 52.3% (33.2) // 37.2% (22.7) // -",
        "scoring": "53.9% (33.4) // 55.3% (34.1) // 42.6% (24.4) // -",
        "corsiAgainst": "49.2% (55.8) // 49.2% (57.4) // 60.3% (69.5) // -",
        "fenwickAgainst": "48.3% (41.1) // 47.8% (42.5) // 60.4% (53.0) // -",
        "shotsAgainst": "47.9% (29.2) // 47.7% (30.3) // 62.8% (38.3) // -",
        "scoringAgainst": "46.1% (28.5) // 44.7% (27.6) // 57.4% (32.8) // -",
        "oppCorsi": "51.4% (59.4) // 49.6% (57.4) // 60.3% (70.5) // -",
        "oppFenwick": "51.3% (44.7) // 48.1% (42.5) // 58.8% (53.5) // -",
        "oppShots": "50.4% (31.7) // 47.3% (30.9) // 58.8% (40.0) // -",
        "oppScoring": "52.9% (33.9) // 49.5% (32.2) // 58.3% (38.5) // -",
        "oppCorsiAgainst": "48.6% (56.3) // 50.4% (58.3) // 39.7% (46.5) // -",
        "oppFenwickAgainst": "48.7% (42.4) // 51.9% (45.9) // 41.2% (37.5) // -",
        "oppShotsAgainst": "49.6% (31.2) // 52.7% (34.4) // 41.2% (28.0) // -",
        "oppScoringAgainst": "47.1% (30.1) // 50.5% (32.8) // 41.7% (27.5) // -",
        "savesPerGame": 26.8,
        "savesPerGameLast1": 27.0,
        "savesPerGameLast3": 31.3,
        "savesPerGameLast5": 31.8,
        "savesPer60": 27.2,
        "savesPer60Last1": 27.0,
        "savesPer60Last3": 31.3,
        "savesPer60Last5": 32.2,
        "shotsPerGame": 32.0,
        "shotsPerGameLast5": 29.4,
        "shotsAgainstPerGame": 29.5,
        "shotsAgainstPerGameLast5": 34.6,
        "oppSavesAgainstPer60": 28.9,
        "oppSavesAgainstPer60Last1": 26.9,
        "oppSavesAgainstPer60Last3": 33.5,
        "oppSavesAgainstPer60Last5": 29.9,
        "oppShotsAgainstPerGame": 31.5,
