[
    {
        "player": "Aleksander Barkov",
        "team": "FLA",
        "opponent": "BOS",
        "propType": "sog",
        "line": 2.5,
        "ppLine": "PP1",
        "avg": 3.07,
        "hit": false,
        "diffAvg": 0.23,
        "diffAbs": 0.16,
        "lastAvg": 2.78,
        "diff": 0.11,
        "avgMin": 21,
        "proj": 2.9,
        "lastAvgMin": 20.3,
        "oppOver": 0,
        "teamOver": 0,
        "gameLine": "+205",
        "+/-": "+8",
        "L5_+/-": "+3.0",
        "prevMatchup": "2023-04-23 7.0 sog 2023-04-21 3.0 sog 2023-04-19 1.0 sog 2023-04-17 0.0 sog 2023-01-28 4.0 sog 2022-11-23 5.0 sog 2022-10-17 2.0 sog",
        "winLossSplits": "59% - 52%",
        "awayHome": "A",
        "playedYesterday": "N",
        "awayHomeSplits": "40% - 70%",
        "savesAboveExp": 0.892,
        "gsaa": 48.51,
        "corsi": "54.2% (66.3) // 52.5% (66.0) // 54.2% (66.3) // 54.2% (66.3)",
        "fenwick": "53.6% (49.9) // 52.0% (49.3) // 53.6% (49.9) // 53.6% (49.9)",
        "shots": "53.7% (36.5) // 51.9% (35.5) // 53.7% (36.5) // 53.7% (36.5)",
        "scoring": "54.6% (34.8) // 53.4% (34.0) // 54.6% (34.8) // 54.6% (34.8)",
        "corsiAgainst": "45.8% (56.1) // 47.5% (59.7) // 45.8% (56.1) // 45.8% (56.1)",
        "fenwickAgainst": "46.4% (43.2) // 48.0% (45.5) // 46.4% (43.2) // 46.4% (43.2)",
        "shotsAgainst": "46.3% (31.5) // 48.1% (33.0) // 46.3% (31.5) // 46.3% (31.5)",
        "scoringAgainst": "45.4% (28.9) // 46.6% (29.7) // 45.4% (28.9) // 45.4% (28.9)",
        "oppCorsi": "51.4% (58.2) // 52.6% (61.3) // 51.4% (58.2) // 51.4% (58.2)",
        "oppFenwick": "51.6% (44.0) // 52.5% (46.9) // 51.6% (44.0) // 51.6% (44.0)",
        "oppShots": "52.5% (32.6) // 52.7% (33.6) // 52.5% (32.6) // 52.5% (32.6)",
        "oppScoring": "53.0% (32.2) // 53.2% (32.5) // 53.0% (32.2) // 53.0% (32.2)",
        "oppCorsiAgainst": "48.6% (55.0) // 47.4% (55.1) // 48.6% (55.0) // 48.6% (55.0)",
        "oppFenwickAgainst": "48.4% (41.2) // 47.5% (42.4) // 48.4% (41.2) // 48.4% (41.2)",
        "oppShotsAgainst": "47.5% (29.5) // 47.3% (30.1) // 47.5% (29.5) // 47.5% (29.5)",
        "oppScoringAgainst": "47.0% (28.6) // 46.8% (28.6) // 47.0% (28.6) // 47.0% (28.6)",
        "savesPerGame": 28.4,
        "savesPerGameLast1": 25.0,
        "savesPerGameLast3": 30.0,
        "savesPerGameLast5": 29.2,
        "savesPer60": 29.6,
        "savesPer60Last1": 23.8,
        "savesPer60Last3": 28.9,
        "savesPer60Last5": 28.0,
        "shotsPerGame": 36.8,
        "shotsPerGameLast5": 34.2,
        "shotsAgainstPerGame": 31.7,
        "shotsAgainstPerGameLast5": 33.6,
        "oppSavesAgainstPer60": 30.6,
        "oppSavesAgainstPer60Last1": 25.0,
        "oppSavesAgainstPer60Last3": 30.8,
        "oppSavesAgainstPer60Last5": 26.8,
        "oppShotsAgainstPerGame": 29.8,
        "oppShotsAgainstPerGameLast5": 34.2,
        "savesProj": 29.6,
        "savesProjLast5": 25.2,
        "savesProjLast3": 29.6,
        "oppSavesAgainstProj": 30.2,
        "oppSavesAgainstProjLast5": 25.1,
        "oppSavesAgainstProjLast3": 30.2,
        "totalOver": 56,
        "totalOverLast5": 60,
        "totalOverLast15": 47,
        "lastTotalOver": 66,
        "last5": "7,3,1,0,5,2,3,4,4,1",
        "overOdds": "-145",
        "underOdds": "+115",
        "overUnder": "-145 / +115"
    },
    {
        "player": "Aleksander Barkov",
        "team": "FLA",
        "opponent": "BOS",
        "propType": "pts",
        "line": 0.5,
        "ppLine": "PP1",
        "avg": 1.11,
        "hit": false,
        "diffAvg": 1.22,
        "diffAbs": 1.4,
        "lastAvg": 1.14,
        "diff": 1.28,
        "avgMin": 21,
        "proj": 1.2,
        "lastAvgMin": 20.3,
        "oppOver": 0,
        "teamOver": 0,
        "gameLine": "+205",
        "+/-": "+8",
        "L5_+/-": "+3.0",
        "prevMatchup": "2023-04-23 0.0 pts 2023-04-21 1.0 pts 2023-04-19 1.0 pts 2023-04-17 0.0 pts 2023-01-28 3.0 pts 2022-11-23 3.0 pts 2022-10-17 0.0 pts",
        "winLossSplits": "85% - 48%",
        "awayHome": "A",
        "playedYesterday": "N",
        "awayHomeSplits": "63% - 73%",
        "savesAboveExp": 0.892,
        "gsaa": 48.51,
        "corsi": "54.2% (66.3) // 52.5% (66.0) // 54.2% (66.3) // 54.2% (66.3)",
        "fenwick": "53.6% (49.9) // 52.0% (49.3) // 53.6% (49.9) // 53.6% (49.9)",
        "shots": "53.7% (36.5) // 51.9% (35.5) // 53.7% (36.5) // 53.7% (36.5)",
        "scoring": "54.6% (34.8) // 53.4% (34.0) // 54.6% (34.8) // 54.6% (34.8)",
        "corsiAgainst": "45.8% (56.1) // 47.5% (59.7) // 45.8% (56.1) // 45.8% (56.1)",
        "fenwickAgainst": "46.4% (43.2) // 48.0% (45.5) // 46.4% (43.2) // 46.4% (43.2)",
        "shotsAgainst": "46.3% (31.5) // 48.1% (33.0) // 46.3% (31.5) // 46.3% (31.5)",
        "scoringAgainst": "45.4% (28.9) // 46.6% (29.7) // 45.4% (28.9) // 45.4% (28.9)",
        "oppCorsi": "51.4% (58.2) // 52.6% (61.3) // 51.4% (58.2) // 51.4% (58.2)",
        "oppFenwick": "51.6% (44.0) // 52.5% (46.9) // 51.6% (44.0) // 51.6% (44.0)",
        "oppShots": "52.5% (32.6) // 52.7% (33.6) // 52.5% (32.6) // 52.5% (32.6)",
        "oppScoring": "53.0% (32.2) // 53.2% (32.5) // 53.0% (32.2) // 53.0% (32.2)",
        "oppCorsiAgainst": "48.6% (55.0) // 47.4% (55.1) // 48.6% (55.0) // 48.6% (55.0)",
        "oppFenwickAgainst": "48.4% (41.2) // 47.5% (42.4) // 48.4% (41.2) // 48.4% (41.2)",
        "oppShotsAgainst": "47.5% (29.5) // 47.3% (30.1) // 47.5% (29.5) // 47.5% (29.5)",
        "oppScoringAgainst": "47.0% (28.6) // 46.8% (28.6) // 47.0% (28.6) // 47.0% (28.6)",
        "savesPerGame": 28.4,
        "savesPerGameLast1": 25.0,
        "savesPerGameLast3": 30.0,
        "savesPerGameLast5": 29.2,
        "savesPer60": 29.6,
        "savesPer60Last1": 23.8,
        "savesPer60Last3": 28.9,
        "savesPer60Last5": 28.0,
        "shotsPerGame": 36.8,
        "shotsPerGameLast5": 34.2,
        "shotsAgainstPerGame": 31.7,
        "shotsAgainstPerGameLast5": 33.6,
        "oppSavesAgainstPer60": 30.6,
        "oppSavesAgainstPer60Last1": 25.0,
        "oppSavesAgainstPer60Last3": 30.8,
        "oppSavesAgainstPer60Last5": 26.8,
        "oppShotsAgainstPerGame": 29.8,
        "oppShotsAgainstPerGameLast5": 34.2,
        "savesProj": 29.6,
        "savesProjLast5": 25.2,
        "savesProjLast3": 29.6,
        "oppSavesAgainstProj": 30.2,
        "oppSavesAgainstProjLast5": 25.1,
        "oppSavesAgainstProjLast3": 30.2,
        "totalOver": 68,
        "totalOverLast5": 60,
        "totalOverLast15": 67,
        "lastTotalOver": 74,
        "last5": "0,1,1,0,1,0,2,3,1,3",
        "overOdds": "-195",
        "underOdds": "+160",
        "overUnder": "-195 / +160"
    },
    {
        "player": "Aleksander Barkov",
        "team": "FLA",
        "opponent": "BOS",
        "propType": "ast",
        "line": 0.5,
        "ppLine": "PP1",
        "avg": 0.79,
        "hit": false,
        "diffAvg": 0.58,
        "diffAbs": 0.4,
        "lastAvg": 0.64,
        "diff": 0.28,
        "avgMin": 21,
        "proj": 0.7,
        "lastAvgMin": 20.3,
        "oppOver": 0,
        "teamOver": 0,
        "gameLine": "+205",
        "+/-": "+8",
        "L5_+/-": "+3.0",
        "prevMatchup": "2023-04-23 0.0 ast 2023-04-21 1.0 ast 2023-04-19 1.0 ast 2023-04-17 0.0 ast 2023-01-28 2.0 ast 2022-11-23 2.0 ast 2022-10-17 0.0 ast",
        "winLossSplits": "72% - 36%",
        "awayHome": "A",
        "playedYesterday": "N",
        "awayHomeSplits": "54% - 57%",
        "savesAboveExp": 0.892,
        "gsaa": 48.51,
        "corsi": "54.2% (66.3) // 52.5% (66.0) // 54.2% (66.3) // 54.2% (66.3)",
        "fenwick": "53.6% (49.9) // 52.0% (49.3) // 53.6% (49.9) // 53.6% (49.9)",
        "shots": "53.7% (36.5) // 51.9% (35.5) // 53.7% (36.5) // 53.7% (36.5)",
        "scoring": "54.6% (34.8) // 53.4% (34.0) // 54.6% (34.8) // 54.6% (34.8)",
        "corsiAgainst": "45.8% (56.1) // 47.5% (59.7) // 45.8% (56.1) // 45.8% (56.1)",
        "fenwickAgainst": "46.4% (43.2) // 48.0% (45.5) // 46.4% (43.2) // 46.4% (43.2)",
        "shotsAgainst": "46.3% (31.5) // 48.1% (33.0) // 46.3% (31.5) // 46.3% (31.5)",
        "scoringAgainst": "45.4% (28.9) // 46.6% (29.7) // 45.4% (28.9) // 45.4% (28.9)",
        "oppCorsi": "51.4% (58.2) // 52.6% (61.3) // 51.4% (58.2) // 51.4% (58.2)",
        "oppFenwick": "51.6% (44.0) // 52.5% (46.9) // 51.6% (44.0) // 51.6% (44.0)",
        "oppShots": "52.5% (32.6) // 52.7% (33.6) // 52.5% (32.6) // 52.5% (32.6)",
        "oppScoring": "53.0% (32.2) // 53.2% (32.5) // 53.0% (32.2) // 53.0% (32.2)",
        "oppCorsiAgainst": "48.6% (55.0) // 47.4% (55.1) // 48.6% (55.0) // 48.6% (55.0)",
        "oppFenwickAgainst": "48.4% (41.2) // 47.5% (42.4) // 48.4% (41.2) // 48.4% (41.2)",
        "oppShotsAgainst": "47.5% (29.5) // 47.3% (30.1) // 47.5% (29.5) // 47.5% (29.5)",
        "oppScoringAgainst": "47.0% (28.6) // 46.8% (28.6) // 47.0% (28.6) // 47.0% (28.6)",
        "savesPerGame": 28.4,
        "savesPerGameLast1": 25.0,
        "savesPerGameLast3": 30.0,
        "savesPerGameLast5": 29.2,
        "savesPer60": 29.6,
        "savesPer60Last1": 23.8,
        "savesPer60Last3": 28.9,
        "savesPer60Last5": 28.0,
        "shotsPerGame": 36.8,
        "shotsPerGameLast5": 34.2,
        "shotsAgainstPerGame": 31.7,
        "shotsAgainstPerGameLast5": 33.6,
        "oppSavesAgainstPer60": 30.6,
        "oppSavesAgainstPer60Last1": 25.0,
        "oppSavesAgainstPer60Last3": 30.8,
        "oppSavesAgainstPer60Last5": 26.8,
        "oppShotsAgainstPerGame": 29.8,
        "oppShotsAgainstPerGameLast5": 34.2,
        "savesProj": 29.6,
        "savesProjLast5": 25.2,
        "savesProjLast3": 29.6,
        "oppSavesAgainstProj": 30.2,
        "oppSavesAgainstProjLast5": 25.1,
        "oppSavesAgainstProjLast3": 30.2,
        "totalOver": 56,
        "totalOverLast5": 40,
        "totalOverLast15": 53,
        "lastTotalOver": 50,
        "last5": "0,1,1,0,0,0,2,1,1,3",
        "overOdds": "-110",
        "underOdds": "-120",
        "overUnder": "-110 / -120"
    },
    {
        "player": "Aleksander Barkov",
        "team": "FLA",
        "opponent": "BOS",
        "propType": "g",
        "line": 0.5,
        "ppLine": "PP1",
        "avg": 0.32,
        "hit": false,
        "diffAvg": -0.36,
        "diffAbs": 0.0,
        "lastAvg": 0.51,
        "diff": 0.02,
        "avgMin": 21,
        "proj": 0.5,
        "lastAvgMin": 20.3,
        "oppOver": 0,
        "teamOver": 0,
        "gameLine": "+205",
        "+/-": "+8",
        "L5_+/-": "+3.0",
        "prevMatchup": "2023-04-23 0.0 g 2023-04-21 0.0 g 2023-04-19 0.0 g 2023-04-17 0.0 g 2023-01-28 1.0 g 2022-11-23 1.0 g 2022-10-17 0.0 g",
        "winLossSplits": "36% - 15%",
        "awayHome": "A",
        "playedYesterday": "N",
        "awayHomeSplits": "14% - 38%",
        "savesAboveExp": 0.892,
        "gsaa": 48.51,
        "corsi": "54.2% (66.3) // 52.5% (66.0) // 54.2% (66.3) // 54.2% (66.3)",
        "fenwick": "53.6% (49.9) // 52.0% (49.3) // 53.6% (49.9) // 53.6% (49.9)",
        "shots": "53.7% (36.5) // 51.9% (35.5) // 53.7% (36.5) // 53.7% (36.5)",
        "scoring": "54.6% (34.8) // 53.4% (34.0) // 54.6% (34.8) // 54.6% (34.8)",
        "corsiAgainst": "45.8% (56.1) // 47.5% (59.7) // 45.8% (56.1) // 45.8% (56.1)",
        "fenwickAgainst": "46.4% (43.2) // 48.0% (45.5) // 46.4% (43.2) // 46.4% (43.2)",
        "shotsAgainst": "46.3% (31.5) // 48.1% (33.0) // 46.3% (31.5) // 46.3% (31.5)",
        "scoringAgainst": "45.4% (28.9) // 46.6% (29.7) // 45.4% (28.9) // 45.4% (28.9)",
        "oppCorsi": "51.4% (58.2) // 52.6% (61.3) // 51.4% (58.2) // 51.4% (58.2)",
        "oppFenwick": "51.6% (44.0) // 52.5% (46.9) // 51.6% (44.0) // 51.6% (44.0)",
        "oppShots": "52.5% (32.6) // 52.7% (33.6) // 52.5% (32.6) // 52.5% (32.6)",
        "oppScoring": "53.0% (32.2) // 53.2% (32.5) // 53.0% (32.2) // 53.0% (32.2)",
        "oppCorsiAgainst": "48.6% (55.0) // 47.4% (55.1) // 48.6% (55.0) // 48.6% (55.0)",
        "oppFenwickAgainst": "48.4% (41.2) // 47.5% (42.4) // 48.4% (41.2) // 48.4% (41.2)",
        "oppShotsAgainst": "47.5% (29.5) // 47.3% (30.1) // 47.5% (29.5) // 47.5% (29.5)",
        "oppScoringAgainst": "47.0% (28.6) // 46.8% (28.6) // 47.0% (28.6) // 47.0% (28.6)",
        "savesPerGame": 28.4,
        "savesPerGameLast1": 25.0,
        "savesPerGameLast3": 30.0,
        "savesPerGameLast5": 29.2,
        "savesPer60": 29.6,
        "savesPer60Last1": 23.8,
        "savesPer60Last3": 28.9,
        "savesPer60Last5": 28.0,
        "shotsPerGame": 36.8,
        "shotsPerGameLast5": 34.2,
        "shotsAgainstPerGame": 31.7,
        "shotsAgainstPerGameLast5": 33.6,
        "oppSavesAgainstPer60": 30.6,
        "oppSavesAgainstPer60Last1": 25.0,
        "oppSavesAgainstPer60Last3": 30.8,
        "oppSavesAgainstPer60Last5": 26.8,
        "oppShotsAgainstPerGame": 29.8,
        "oppShotsAgainstPerGameLast5": 34.2,
        "savesProj": 29.6,
        "savesProjLast5": 25.2,
        "savesProjLast3": 29.6,
        "oppSavesAgainstProj": 30.2,
        "oppSavesAgainstProjLast5": 25.1,
        "oppSavesAgainstProjLast3": 30.2,
        "totalOver": 26,
        "totalOverLast5": 20,
        "totalOverLast15": 20,
        "lastTotalOver": 42,
        "last5": "0,0,0,0,1,0,0,2,0,0",
        "overOdds": "+220",
        "underOdds": "0",
        "overUnder": "+220 / 0"
    },
    {
        "player": "Brad Marchand",
        "team": "BOS",
        "opponent": "FLA",
        "propType": "sog",
        "line": 2.5,
        "ppLine": "PP1",
        "avg": 2.57,
        "hit": false,
        "diffAvg": 0.03,
        "diffAbs": 0.16,
        "lastAvg": 3.14,
        "diff": 0.26,
        "avgMin": 18,
        "proj": 2.9,
        "lastAvgMin": 19.25,
        "oppOver": 0,
        "teamOver": 0,
        "gameLine": "-245",
        "+/-": "+25",
        "L5_+/-": -1.0,
        "prevMatchup": "2023-04-23 3.0 sog 2023-04-21 4.0 sog 2023-04-19 4.0 sog 2023-04-17 4.0 sog 2023-01-28 4.0 sog 2022-12-19 1.0 sog 2022-11-23 5.0 sog",
        "winLossSplits": "42% - 65%",
        "awayHome": "H",
        "playedYesterday": "N",
        "awayHomeSplits": "49% - 45%",
        "savesAboveExp": "-",
        "gsaa": 3.73,
        "corsi": "51.4% (58.2) // 52.6% (61.3) // 51.4% (58.2) // 51.4% (58.2)",
        "fenwick": "51.6% (44.0) // 52.5% (46.9) // 51.6% (44.0) // 51.6% (44.0)",
        "shots": "52.5% (32.6) // 52.7% (33.6) // 52.5% (32.6) // 52.5% (32.6)",
        "scoring": "53.0% (32.2) // 53.2% (32.5) // 53.0% (32.2) // 53.0% (32.2)",
        "corsiAgainst": "48.6% (55.0) // 47.4% (55.1) // 48.6% (55.0) // 48.6% (55.0)",
        "fenwickAgainst": "48.4% (41.2) // 47.5% (42.4) // 48.4% (41.2) // 48.4% (41.2)",
        "shotsAgainst": "47.5% (29.5) // 47.3% (30.1) // 47.5% (29.5) // 47.5% (29.5)",
        "scoringAgainst": "47.0% (28.6) // 46.8% (28.6) // 47.0% (28.6) // 47.0% (28.6)",
        "oppCorsi": "54.2% (66.3) // 52.5% (66.0) // 54.2% (66.3) // 54.2% (66.3)",
        "oppFenwick": "53.6% (49.9) // 52.0% (49.3) // 53.6% (49.9) // 53.6% (49.9)",
        "oppShots": "53.7% (36.5) // 51.9% (35.5) // 53.7% (36.5) // 53.7% (36.5)",
        "oppScoring": "54.6% (34.8) // 53.4% (34.0) // 54.6% (34.8) // 54.6% (34.8)",
        "oppCorsiAgainst": "45.8% (56.1) // 47.5% (59.7) // 45.8% (56.1) // 45.8% (56.1)",
        "oppFenwickAgainst": "46.4% (43.2) // 48.0% (45.5) // 46.4% (43.2) // 46.4% (43.2)",
        "oppShotsAgainst": "46.3% (31.5) // 48.1% (33.0) // 46.3% (31.5) // 46.3% (31.5)",
        "oppScoringAgainst": "45.4% (28.9) // 46.6% (29.7) // 45.4% (28.9) // 45.4% (28.9)",
        "savesPerGame": 27.7,
        "savesPerGameLast1": 42.0,
        "savesPerGameLast3": 31.7,
        "savesPerGameLast5": 31.2,
        "savesPer60": 29.3,
        "savesPer60Last1": 42.0,
        "savesPer60Last3": 31.4,
        "savesPer60Last5": 31.1,
        "shotsPerGame": 33.0,
        "shotsPerGameLast5": 30.6,
        "shotsAgainstPerGame": 29.8,
        "shotsAgainstPerGameLast5": 34.2,
        "oppSavesAgainstPer60": 34.8,
        "oppSavesAgainstPer60Last1": 43.2,
        "oppSavesAgainstPer60Last3": 31.4,
        "oppSavesAgainstPer60Last5": 31.1,
        "oppShotsAgainstPerGame": 31.7,
        "oppShotsAgainstPerGameLast5": 33.6,
        "savesProj": 33.0,
        "savesProjLast5": 32.8,
        "savesProjLast3": 33.6,
        "oppSavesAgainstProj": 33.1,
        "oppSavesAgainstProjLast5": 30.2,
        "oppSavesAgainstProjLast3": 28.6,
        "totalOver": 47,
        "totalOverLast5": 100,
        "totalOverLast15": 60,
        "lastTotalOver": 61,
        "last5": "3,4,4,4,3,3,0,5,1,2",
        "overOdds": "-160",
        "underOdds": "+130",
        "overUnder": "-160 / +130"
    },
    {
        "player": "Brad Marchand",
        "team": "BOS",
        "opponent": "FLA",
        "propType": "pts",
        "line": 0.5,
        "ppLine": "PP1",
        "avg": 0.92,
        "hit": false,
        "diffAvg": 0.84,
        "diffAbs": 1.0,
        "lastAvg": 1.04,
        "diff": 1.08,
        "avgMin": 18,
        "proj": 1.0,
        "lastAvgMin": 19.25,
        "oppOver": 0,
        "teamOver": 0,
        "gameLine": "-245",
        "+/-": "+25",
        "L5_+/-": -1.0,
        "prevMatchup": "2023-04-23 1.0 pts 2023-04-21 1.0 pts 2023-04-19 1.0 pts 2023-04-17 1.0 pts 2023-01-28 0.0 pts 2022-12-19 3.0 pts 2022-11-23 1.0 pts",
        "winLossSplits": "68% - 53%",
        "awayHome": "H",
        "playedYesterday": "N",
        "awayHomeSplits": "62% - 68%",
        "savesAboveExp": "-",
        "gsaa": 3.73,
        "corsi": "51.4% (58.2) // 52.6% (61.3) // 51.4% (58.2) // 51.4% (58.2)",
        "fenwick": "51.6% (44.0) // 52.5% (46.9) // 51.6% (44.0) // 51.6% (44.0)",
        "shots": "52.5% (32.6) // 52.7% (33.6) // 52.5% (32.6) // 52.5% (32.6)",
        "scoring": "53.0% (32.2) // 53.2% (32.5) // 53.0% (32.2) // 53.0% (32.2)",
        "corsiAgainst": "48.6% (55.0) // 47.4% (55.1) // 48.6% (55.0) // 48.6% (55.0)",
        "fenwickAgainst": "48.4% (41.2) // 47.5% (42.4) // 48.4% (41.2) // 48.4% (41.2)",
        "shotsAgainst": "47.5% (29.5) // 47.3% (30.1) // 47.5% (29.5) // 47.5% (29.5)",
        "scoringAgainst": "47.0% (28.6) // 46.8% (28.6) // 47.0% (28.6) // 47.0% (28.6)",
        "oppCorsi": "54.2% (66.3) // 52.5% (66.0) // 54.2% (66.3) // 54.2% (66.3)",
        "oppFenwick": "53.6% (49.9) // 52.0% (49.3) // 53.6% (49.9) // 53.6% (49.9)",
        "oppShots": "53.7% (36.5) // 51.9% (35.5) // 53.7% (36.5) // 53.7% (36.5)",
        "oppScoring": "54.6% (34.8) // 53.4% (34.0) // 54.6% (34.8) // 54.6% (34.8)",
        "oppCorsiAgainst": "45.8% (56.1) // 47.5% (59.7) // 45.8% (56.1) // 45.8% (56.1)",
        "oppFenwickAgainst": "46.4% (43.2) // 48.0% (45.5) // 46.4% (43.2) // 46.4% (43.2)",
        "oppShotsAgainst": "46.3% (31.5) // 48.1% (33.0) // 46.3% (31.5) // 46.3% (31.5)",
        "oppScoringAgainst": "45.4% (28.9) // 46.6% (29.7) // 45.4% (28.9) // 45.4% (28.9)",
        "savesPerGame": 27.7,
        "savesPerGameLast1": 42.0,
        "savesPerGameLast3": 31.7,
        "savesPerGameLast5": 31.2,
        "savesPer60": 29.3,
        "savesPer60Last1": 42.0,
        "savesPer60Last3": 31.4,
        "savesPer60Last5": 31.1,
        "shotsPerGame": 33.0,
        "shotsPerGameLast5": 30.6,
        "shotsAgainstPerGame": 29.8,
        "shotsAgainstPerGameLast5": 34.2,
        "oppSavesAgainstPer60": 34.8,
        "oppSavesAgainstPer60Last1": 43.2,
        "oppSavesAgainstPer60Last3": 31.4,
        "oppSavesAgainstPer60Last5": 31.1,
        "oppShotsAgainstPerGame": 31.7,
        "oppShotsAgainstPerGameLast5": 33.6,
        "savesProj": 33.0,
        "savesProjLast5": 32.8,
        "savesProjLast3": 33.6,
        "oppSavesAgainstProj": 33.1,
        "oppSavesAgainstProjLast5": 30.2,
        "oppSavesAgainstProjLast3": 28.6,
        "totalOver": 65,
        "totalOverLast5": 100,
        "totalOverLast15": 47,
        "lastTotalOver": 68,
        "last5": "1,1,1,1,1,3,0,0,0,0",
        "overOdds": "-180",
        "underOdds": "+145",
        "overUnder": "-180 / +145"
    },
    {
        "player": "Brad Marchand",
        "team": "BOS",
        "opponent": "FLA",
        "propType": "ast",
        "line": 0.5,
        "ppLine": "PP1",
        "avg": 0.61,
        "hit": false,
        "diffAvg": 0.22,
        "diffAbs": 0.2,
        "lastAvg": 0.62,
        "diff": 0.24,
        "avgMin": 18,
        "proj": 0.6,
        "lastAvgMin": 19.25,
        "oppOver": 0,
        "teamOver": 0,
        "gameLine": "-245",
        "+/-": "+25",
        "L5_+/-": -1.0,
        "prevMatchup": "2023-04-23 0.0 ast 2023-04-21 1.0 ast 2023-04-19 0.0 ast 2023-04-17 0.0 ast 2023-01-28 0.0 ast 2022-12-19 3.0 ast 2022-11-23 1.0 ast",
        "winLossSplits": "52% - 24%",
        "awayHome": "H",
        "playedYesterday": "N",
        "awayHomeSplits": "38% - 53%",
        "savesAboveExp": "-",
        "gsaa": 3.73,
        "corsi": "51.4% (58.2) // 52.6% (61.3) // 51.4% (58.2) // 51.4% (58.2)",
        "fenwick": "51.6% (44.0) // 52.5% (46.9) // 51.6% (44.0) // 51.6% (44.0)",
        "shots": "52.5% (32.6) // 52.7% (33.6) // 52.5% (32.6) // 52.5% (32.6)",
        "scoring": "53.0% (32.2) // 53.2% (32.5) // 53.0% (32.2) // 53.0% (32.2)",
        "corsiAgainst": "48.6% (55.0) // 47.4% (55.1) // 48.6% (55.0) // 48.6% (55.0)",
        "fenwickAgainst": "48.4% (41.2) // 47.5% (42.4) // 48.4% (41.2) // 48.4% (41.2)",
        "shotsAgainst": "47.5% (29.5) // 47.3% (30.1) // 47.5% (29.5) // 47.5% (29.5)",
        "scoringAgainst": "47.0% (28.6) // 46.8% (28.6) // 47.0% (28.6) // 47.0% (28.6)",
        "oppCorsi": "54.2% (66.3) // 52.5% (66.0) // 54.2% (66.3) // 54.2% (66.3)",
        "oppFenwick": "53.6% (49.9) // 52.0% (49.3) // 53.6% (49.9) // 53.6% (49.9)",
        "oppShots": "53.7% (36.5) // 51.9% (35.5) // 53.7% (36.5) // 53.7% (36.5)",
        "oppScoring": "54.6% (34.8) // 53.4% (34.0) // 54.6% (34.8) // 54.6% (34.8)",
        "oppCorsiAgainst": "45.8% (56.1) // 47.5% (59.7) // 45.8% (56.1) // 45.8% (56.1)",
        "oppFenwickAgainst": "46.4% (43.2) // 48.0% (45.5) // 46.4% (43.2) // 46.4% (43.2)",
        "oppShotsAgainst": "46.3% (31.5) // 48.1% (33.0) // 46.3% (31.5) // 46.3% (31.5)",
        "oppScoringAgainst": "45.4% (28.9) // 46.6% (29.7) // 45.4% (28.9) // 45.4% (28.9)",
        "savesPerGame": 27.7,
        "savesPerGameLast1": 42.0,
        "savesPerGameLast3": 31.7,
        "savesPerGameLast5": 31.2,
        "savesPer60": 29.3,
        "savesPer60Last1": 42.0,
        "savesPer60Last3": 31.4,
        "savesPer60Last5": 31.1,
        "shotsPerGame": 33.0,
        "shotsPerGameLast5": 30.6,
        "shotsAgainstPerGame": 29.8,
        "shotsAgainstPerGameLast5": 34.2,
        "oppSavesAgainstPer60": 34.8,
        "oppSavesAgainstPer60Last1": 43.2,
        "oppSavesAgainstPer60Last3": 31.4,
        "oppSavesAgainstPer60Last5": 31.1,
        "oppShotsAgainstPerGame": 31.7,
        "oppShotsAgainstPerGameLast5": 33.6,
        "savesProj": 33.0,
        "savesProjLast5": 32.8,
        "savesProjLast3": 33.6,
        "oppSavesAgainstProj": 33.1,
        "oppSavesAgainstProjLast5": 30.2,
        "oppSavesAgainstProjLast3": 28.6,
        "totalOver": 45,
        "totalOverLast5": 40,
        "totalOverLast15": 27,
        "lastTotalOver": 51,
        "last5": "0,1,0,0,1,2,0,0,0,0",
        "overOdds": "+115",
        "underOdds": "-145",
        "overUnder": "+115 / -145"
    },
    {
        "player": "Brad Marchand",
        "team": "BOS",
        "opponent": "FLA",
        "propType": "g",
        "line": 0.5,
        "ppLine": "PP1",
        "avg": 0.31,
        "hit": false,
        "diffAvg": -0.38,
        "diffAbs": 0.2,
        "lastAvg": 0.42,
        "diff": -0.16,
        "avgMin": 18,
        "proj": 0.4,
        "lastAvgMin": 19.25,
        "oppOver": 0,
        "teamOver": 0,
        "gameLine": "-245",
        "+/-": "+25",
        "L5_+/-": -1.0,
        "prevMatchup": "2023-04-23 1.0 g 2023-04-21 0.0 g 2023-04-19 1.0 g 2023-04-17 1.0 g 2023-01-28 0.0 g 2022-12-19 0.0 g 2022-11-23 0.0 g",
        "winLossSplits": "27% - 41%",
        "awayHome": "H",
        "playedYesterday": "N",
        "awayHomeSplits": "31% - 29%",
        "savesAboveExp": "-",
        "gsaa": 3.73,
        "corsi": "51.4% (58.2) // 52.6% (61.3) // 51.4% (58.2) // 51.4% (58.2)",
        "fenwick": "51.6% (44.0) // 52.5% (46.9) // 51.6% (44.0) // 51.6% (44.0)",
        "shots": "52.5% (32.6) // 52.7% (33.6) // 52.5% (32.6) // 52.5% (32.6)",
        "scoring": "53.0% (32.2) // 53.2% (32.5) // 53.0% (32.2) // 53.0% (32.2)",
        "corsiAgainst": "48.6% (55.0) // 47.4% (55.1) // 48.6% (55.0) // 48.6% (55.0)",
        "fenwickAgainst": "48.4% (41.2) // 47.5% (42.4) // 48.4% (41.2) // 48.4% (41.2)",
        "shotsAgainst": "47.5% (29.5) // 47.3% (30.1) // 47.5% (29.5) // 47.5% (29.5)",
        "scoringAgainst": "47.0% (28.6) // 46.8% (28.6) // 47.0% (28.6) // 47.0% (28.6)",
        "oppCorsi": "54.2% (66.3) // 52.5% (66.0) // 54.2% (66.3) // 54.2% (66.3)",
        "oppFenwick": "53.6% (49.9) // 52.0% (49.3) // 53.6% (49.9) // 53.6% (49.9)",
        "oppShots": "53.7% (36.5) // 51.9% (35.5) // 53.7% (36.5) // 53.7% (36.5)",
        "oppScoring": "54.6% (34.8) // 53.4% (34.0) // 54.6% (34.8) // 54.6% (34.8)",
        "oppCorsiAgainst": "45.8% (56.1) // 47.5% (59.7) // 45.8% (56.1) // 45.8% (56.1)",
        "oppFenwickAgainst": "46.4% (43.2) // 48.0% (45.5) // 46.4% (43.2) // 46.4% (43.2)",
        "oppShotsAgainst": "46.3% (31.5) // 48.1% (33.0) // 46.3% (31.5) // 46.3% (31.5)",
        "oppScoringAgainst": "45.4% (28.9) // 46.6% (29.7) // 45.4% (28.9) // 45.4% (28.9)",
        "savesPerGame": 27.7,
        "savesPerGameLast1": 42.0,
        "savesPerGameLast3": 31.7,
        "savesPerGameLast5": 31.2,
        "savesPer60": 29.3,
        "savesPer60Last1": 42.0,
        "savesPer60Last3": 31.4,
        "savesPer60Last5": 31.1,
        "shotsPerGame": 33.0,
        "shotsPerGameLast5": 30.6,
        "shotsAgainstPerGame": 29.8,
        "shotsAgainstPerGameLast5": 34.2,
        "oppSavesAgainstPer60": 34.8,
        "oppSavesAgainstPer60Last1": 43.2,
        "oppSavesAgainstPer60Last3": 31.4,
        "oppSavesAgainstPer60Last5": 31.1,
        "oppShotsAgainstPerGame": 31.7,
        "oppShotsAgainstPerGameLast5": 33.6,
        "savesProj": 33.0,
        "savesProjLast5": 32.8,
        "savesProjLast3": 33.6,
        "oppSavesAgainstProj": 33.1,
        "oppSavesAgainstProjLast5": 30.2,
        "oppSavesAgainstProjLast3": 28.6,
        "totalOver": 30,
        "totalOverLast5": 60,
        "totalOverLast15": 27,
        "lastTotalOver": 35,
        "last5": "1,0,1,1,0,1,0,0,0,0",
        "overOdds": "+190",
        "underOdds": "0",
        "overUnder": "+190 / 0"
    },
    {
        "player": "Brandon Montour",
        "team": "FLA",
        "opponent": "BOS",
        "propType": "sog",
        "line": 2.5,
        "ppLine": "PP1",
        "avg": 3.05,
        "hit": false,
        "diffAvg": 0.22,
        "diffAbs": 0.08,
        "lastAvg": 1.68,
        "diff": -0.33,
        "avgMin": 24,
        "proj": 2.3,
        "lastAvgMin": 17.88,
        "oppOver": 0,
        "teamOver": 0,
        "gameLine": "+205",
        "+/-": "+9",
        "L5_+/-": "+4.0",
        "prevMatchup": "2023-04-23 6.0 sog 2023-04-21 4.0 sog 2023-04-19 2.0 sog 2023-04-17 2.0 sog 2023-01-28 3.0 sog 2022-12-19 2.0 sog 2022-11-23 3.0 sog",
        "winLossSplits": "55% - 62%",
        "awayHome": "A",
        "playedYesterday": "N",
        "awayHomeSplits": "45% - 71%",
        "savesAboveExp": 0.892,
        "gsaa": 48.51,
        "corsi": "54.2% (66.3) // 52.5% (66.0) // 54.2% (66.3) // 54.2% (66.3)",
        "fenwick": "53.6% (49.9) // 52.0% (49.3) // 53.6% (49.9) // 53.6% (49.9)",
        "shots": "53.7% (36.5) // 51.9% (35.5) // 53.7% (36.5) // 53.7% (36.5)",
        "scoring": "54.6% (34.8) // 53.4% (34.0) // 54.6% (34.8) // 54.6% (34.8)",
        "corsiAgainst": "45.8% (56.1) // 47.5% (59.7) // 45.8% (56.1) // 45.8% (56.1)",
        "fenwickAgainst": "46.4% (43.2) // 48.0% (45.5) // 46.4% (43.2) // 46.4% (43.2)",
        "shotsAgainst": "46.3% (31.5) // 48.1% (33.0) // 46.3% (31.5) // 46.3% (31.5)",
        "scoringAgainst": "45.4% (28.9) // 46.6% (29.7) // 45.4% (28.9) // 45.4% (28.9)",
        "oppCorsi": "51.4% (58.2) // 52.6% (61.3) // 51.4% (58.2) // 51.4% (58.2)",
        "oppFenwick": "51.6% (44.0) // 52.5% (46.9) // 51.6% (44.0) // 51.6% (44.0)",
        "oppShots": "52.5% (32.6) // 52.7% (33.6) // 52.5% (32.6) // 52.5% (32.6)",
        "oppScoring": "53.0% (32.2) // 53.2% (32.5) // 53.0% (32.2) // 53.0% (32.2)",
        "oppCorsiAgainst": "48.6% (55.0) // 47.4% (55.1) // 48.6% (55.0) // 48.6% (55.0)",
        "oppFenwickAgainst": "48.4% (41.2) // 47.5% (42.4) // 48.4% (41.2) // 48.4% (41.2)",
        "oppShotsAgainst": "47.5% (29.5) // 47.3% (30.1) // 47.5% (29.5) // 47.5% (29.5)",
        "oppScoringAgainst": "47.0% (28.6) // 46.8% (28.6) // 47.0% (28.6) // 47.0% (28.6)",
        "savesPerGame": 28.4,
        "savesPerGameLast1": 25.0,
        "savesPerGameLast3": 30.0,
        "savesPerGameLast5": 29.2,
        "savesPer60": 29.6,
        "savesPer60Last1": 23.8,
        "savesPer60Last3": 28.9,
        "savesPer60Last5": 28.0,
        "shotsPerGame": 36.8,
        "shotsPerGameLast5": 34.2,
        "shotsAgainstPerGame": 31.7,
        "shotsAgainstPerGameLast5": 33.6,
        "oppSavesAgainstPer60": 30.6,
        "oppSavesAgainstPer60Last1": 25.0,
        "oppSavesAgainstPer60Last3": 30.8,
        "oppSavesAgainstPer60Last5": 26.8,
        "oppShotsAgainstPerGame": 29.8,
        "oppShotsAgainstPerGameLast5": 34.2,
        "savesProj": 29.6,
        "savesProjLast5": 25.2,
        "savesProjLast3": 29.6,
        "oppSavesAgainstProj": 30.2,
        "oppSavesAgainstProjLast5": 25.1,
        "oppSavesAgainstProjLast3": 30.2,
        "totalOver": 58,
        "totalOverLast5": 60,
        "totalOverLast15": 53,
        "lastTotalOver": 48,
        "last5": "6,4,2,2,6,4,2,4,4,2",
        "overOdds": "-165",
        "underOdds": "+135",
        "overUnder": "-165 / +135"
    },
    {
        "player": "Brandon Montour",
        "team": "FLA",
        "opponent": "BOS",
        "propType": "pts",
        "line": 0.5,
        "ppLine": "PP1",
        "avg": 0.92,
        "hit": false,
        "diffAvg": 0.84,
        "diffAbs": 0.0,
        "lastAvg": 0.41,
        "diff": -0.18,
        "avgMin": 24,
        "proj": 0.5,
        "lastAvgMin": 17.88,
        "oppOver": 0,
        "teamOver": 0,
        "gameLine": "+205",
        "+/-": "+9",
        "L5_+/-": "+4.0",
        "prevMatchup": "2023-04-23 2.0 pts 2023-04-21 0.0 pts 2023-04-19 2.0 pts 2023-04-17 0.0 pts 2023-01-28 1.0 pts 2022-12-19 1.0 pts 2022-11-23 1.0 pts",
        "winLossSplits": "71% - 55%",
        "awayHome": "A",
        "playedYesterday": "N",
        "awayHomeSplits": "64% - 62%",
        "savesAboveExp": 0.892,
        "gsaa": 48.51,
        "corsi": "54.2% (66.3) // 52.5% (66.0) // 54.2% (66.3) // 54.2% (66.3)",
        "fenwick": "53.6% (49.9) // 52.0% (49.3) // 53.6% (49.9) // 53.6% (49.9)",
        "shots": "53.7% (36.5) // 51.9% (35.5) // 53.7% (36.5) // 53.7% (36.5)",
        "scoring": "54.6% (34.8) // 53.4% (34.0) // 54.6% (34.8) // 54.6% (34.8)",
        "corsiAgainst": "45.8% (56.1) // 47.5% (59.7) // 45.8% (56.1) // 45.8% (56.1)",
        "fenwickAgainst": "46.4% (43.2) // 48.0% (45.5) // 46.4% (43.2) // 46.4% (43.2)",
        "shotsAgainst": "46.3% (31.5) // 48.1% (33.0) // 46.3% (31.5) // 46.3% (31.5)",
        "scoringAgainst": "45.4% (28.9) // 46.6% (29.7) // 45.4% (28.9) // 45.4% (28.9)",
        "oppCorsi": "51.4% (58.2) // 52.6% (61.3) // 51.4% (58.2) // 51.4% (58.2)",
        "oppFenwick": "51.6% (44.0) // 52.5% (46.9) // 51.6% (44.0) // 51.6% (44.0)",
        "oppShots": "52.5% (32.6) // 52.7% (33.6) // 52.5% (32.6) // 52.5% (32.6)",
        "oppScoring": "53.0% (32.2) // 53.2% (32.5) // 53.0% (32.2) // 53.0% (32.2)",
        "oppCorsiAgainst": "48.6% (55.0) // 47.4% (55.1) // 48.6% (55.0) // 48.6% (55.0)",
        "oppFenwickAgainst": "48.4% (41.2) // 47.5% (42.4) // 48.4% (41.2) // 48.4% (41.2)",
        "oppShotsAgainst": "47.5% (29.5) // 47.3% (30.1) // 47.5% (29.5) // 47.5% (29.5)",
        "oppScoringAgainst": "47.0% (28.6) // 46.8% (28.6) // 47.0% (28.6) // 47.0% (28.6)",
        "savesPerGame": 28.4,
        "savesPerGameLast1": 25.0,
        "savesPerGameLast3": 30.0,
        "savesPerGameLast5": 29.2,
        "savesPer60": 29.6,
        "savesPer60Last1": 23.8,
        "savesPer60Last3": 28.9,
        "savesPer60Last5": 28.0,
        "shotsPerGame": 36.8,
        "shotsPerGameLast5": 34.2,
        "shotsAgainstPerGame": 31.7,
        "shotsAgainstPerGameLast5": 33.6,
        "oppSavesAgainstPer60": 30.6,
        "oppSavesAgainstPer60Last1": 25.0,
        "oppSavesAgainstPer60Last3": 30.8,
        "oppSavesAgainstPer60Last5": 26.8,
        "oppShotsAgainstPerGame": 29.8,
        "oppShotsAgainstPerGameLast5": 34.2,
        "savesProj": 29.6,
        "savesProjLast5": 25.2,
        "savesProjLast3": 29.6,
        "oppSavesAgainstProj": 30.2,
        "oppSavesAgainstProjLast5": 25.1,
        "oppSavesAgainstProjLast3": 30.2,
        "totalOver": 63,
        "totalOverLast5": 40,
        "totalOverLast15": 60,
        "lastTotalOver": 33,
        "last5": "2,0,2,0,0,1,1,4,2,1",
        "overOdds": "-145",
        "underOdds": "+115",
        "overUnder": "-145 / +115"
    },
    {
        "player": "Brandon Montour",
        "team": "FLA",
        "opponent": "BOS",
        "propType": "ast",
        "line": 0.5,
        "ppLine": "PP1",
        "avg": 0.7,
        "hit": false,
        "diffAvg": 0.4,
        "diffAbs": 0.2,
        "lastAvg": 0.29,
        "diff": -0.42,
        "avgMin": 24,
        "proj": 0.4,
        "lastAvgMin": 17.88,
        "oppOver": 0,
        "teamOver": 0,
        "gameLine": "+205",
        "+/-": "+9",
        "L5_+/-": "+4.0",
        "prevMatchup": "2023-04-23 2.0 ast 2023-04-21 0.0 ast 2023-04-19 0.0 ast 2023-04-17 0.0 ast 2023-01-28 0.0 ast 2022-12-19 1.0 ast 2022-11-23 1.0 ast",
        "winLossSplits": "60% - 43%",
        "awayHome": "A",
        "playedYesterday": "N",
        "awayHomeSplits": "52% - 50%",
        "savesAboveExp": 0.892,
        "gsaa": 48.51,
        "corsi": "54.2% (66.3) // 52.5% (66.0) // 54.2% (66.3) // 54.2% (66.3)",
        "fenwick": "53.6% (49.9) // 52.0% (49.3) // 53.6% (49.9) // 53.6% (49.9)",
        "shots": "53.7% (36.5) // 51.9% (35.5) // 53.7% (36.5) // 53.7% (36.5)",
        "scoring": "54.6% (34.8) // 53.4% (34.0) // 54.6% (34.8) // 54.6% (34.8)",
        "corsiAgainst": "45.8% (56.1) // 47.5% (59.7) // 45.8% (56.1) // 45.8% (56.1)",
        "fenwickAgainst": "46.4% (43.2) // 48.0% (45.5) // 46.4% (43.2) // 46.4% (43.2)",
        "shotsAgainst": "46.3% (31.5) // 48.1% (33.0) // 46.3% (31.5) // 46.3% (31.5)",
        "scoringAgainst": "45.4% (28.9) // 46.6% (29.7) // 45.4% (28.9) // 45.4% (28.9)",
        "oppCorsi": "51.4% (58.2) // 52.6% (61.3) // 51.4% (58.2) // 51.4% (58.2)",
        "oppFenwick": "51.6% (44.0) // 52.5% (46.9) // 51.6% (44.0) // 51.6% (44.0)",
        "oppShots": "52.5% (32.6) // 52.7% (33.6) // 52.5% (32.6) // 52.5% (32.6)",
        "oppScoring": "53.0% (32.2) // 53.2% (32.5) // 53.0% (32.2) // 53.0% (32.2)",
        "oppCorsiAgainst": "48.6% (55.0) // 47.4% (55.1) // 48.6% (55.0) // 48.6% (55.0)",
        "oppFenwickAgainst": "48.4% (41.2) // 47.5% (42.4) // 48.4% (41.2) // 48.4% (41.2)",
        "oppShotsAgainst": "47.5% (29.5) // 47.3% (30.1) // 47.5% (29.5) // 47.5% (29.5)",
        "oppScoringAgainst": "47.0% (28.6) // 46.8% (28.6) // 47.0% (28.6) // 47.0% (28.6)",
        "savesPerGame": 28.4,
        "savesPerGameLast1": 25.0,
        "savesPerGameLast3": 30.0,
        "savesPerGameLast5": 29.2,
        "savesPer60": 29.6,
        "savesPer60Last1": 23.8,
        "savesPer60Last3": 28.9,
        "savesPer60Last5": 28.0,
        "shotsPerGame": 36.8,
        "shotsPerGameLast5": 34.2,
        "shotsAgainstPerGame": 31.7,
        "shotsAgainstPerGameLast5": 33.6,
        "oppSavesAgainstPer60": 30.6,
        "oppSavesAgainstPer60Last1": 25.0,
        "oppSavesAgainstPer60Last3": 30.8,
        "oppSavesAgainstPer60Last5": 26.8,
        "oppShotsAgainstPerGame": 29.8,
        "oppShotsAgainstPerGameLast5": 34.2,
        "savesProj": 29.6,
        "savesProjLast5": 25.2,
        "savesProjLast3": 29.6,
        "oppSavesAgainstProj": 30.2,
        "oppSavesAgainstProjLast5": 25.1,
        "oppSavesAgainstProjLast3": 30.2,
        "totalOver": 51,
        "totalOverLast5": 20,
        "totalOverLast15": 47,
        "lastTotalOver": 23,
        "last5": "2,0,0,0,0,0,1,3,2,1",
        "overOdds": "-110",
        "underOdds": "-120",
        "overUnder": "-110 / -120"
    },
    {
        "player": "Brandon Montour",
        "team": "FLA",
        "opponent": "BOS",
        "propType": "g",
        "line": 0.5,
        "ppLine": "PP1",
        "avg": 0.21,
        "hit": false,
        "diffAvg": -0.58,
        "diffAbs": 0.6,
        "lastAvg": 0.12,
        "diff": -0.76,
        "avgMin": 24,
        "proj": 0.2,
        "lastAvgMin": 17.88,
        "oppOver": 0,
        "teamOver": 0,
        "gameLine": "+205",
        "+/-": "+9",
        "L5_+/-": "+4.0",
        "prevMatchup": "2023-04-23 0.0 g 2023-04-21 0.0 g 2023-04-19 2.0 g 2023-04-17 0.0 g 2023-01-28 1.0 g 2022-12-19 0.0 g 2022-11-23 0.0 g",
        "winLossSplits": "26% - 14%",
        "awayHome": "A",
        "playedYesterday": "N",
        "awayHomeSplits": "21% - 19%",
        "savesAboveExp": 0.892,
        "gsaa": 48.51,
        "corsi": "54.2% (66.3) // 52.5% (66.0) // 54.2% (66.3) // 54.2% (66.3)",
        "fenwick": "53.6% (49.9) // 52.0% (49.3) // 53.6% (49.9) // 53.6% (49.9)",
        "shots": "53.7% (36.5) // 51.9% (35.5) // 53.7% (36.5) // 53.7% (36.5)",
        "scoring": "54.6% (34.8) // 53.4% (34.0) // 54.6% (34.8) // 54.6% (34.8)",
        "corsiAgainst": "45.8% (56.1) // 47.5% (59.7) // 45.8% (56.1) // 45.8% (56.1)",
        "fenwickAgainst": "46.4% (43.2) // 48.0% (45.5) // 46.4% (43.2) // 46.4% (43.2)",
        "shotsAgainst": "46.3% (31.5) // 48.1% (33.0) // 46.3% (31.5) // 46.3% (31.5)",
        "scoringAgainst": "45.4% (28.9) // 46.6% (29.7) // 45.4% (28.9) // 45.4% (28.9)",
        "oppCorsi": "51.4% (58.2) // 52.6% (61.3) // 51.4% (58.2) // 51.4% (58.2)",
        "oppFenwick": "51.6% (44.0) // 52.5% (46.9) // 51.6% (44.0) // 51.6% (44.0)",
        "oppShots": "52.5% (32.6) // 52.7% (33.6) // 52.5% (32.6) // 52.5% (32.6)",
        "oppScoring": "53.0% (32.2) // 53.2% (32.5) // 53.0% (32.2) // 53.0% (32.2)",
        "oppCorsiAgainst": "48.6% (55.0) // 47.4% (55.1) // 48.6% (55.0) // 48.6% (55.0)",
        "oppFenwickAgainst": "48.4% (41.2) // 47.5% (42.4) // 48.4% (41.2) // 48.4% (41.2)",
        "oppShotsAgainst": "47.5% (29.5) // 47.3% (30.1) // 47.5% (29.5) // 47.5% (29.5)",
        "oppScoringAgainst": "47.0% (28.6) // 46.8% (28.6) // 47.0% (28.6) // 47.0% (28.6)",
        "savesPerGame": 28.4,
        "savesPerGameLast1": 25.0,
        "savesPerGameLast3": 30.0,
        "savesPerGameLast5": 29.2,
        "savesPer60": 29.6,
        "savesPer60Last1": 23.8,
        "savesPer60Last3": 28.9,
        "savesPer60Last5": 28.0,
        "shotsPerGame": 36.8,
        "shotsPerGameLast5": 34.2,
        "shotsAgainstPerGame": 31.7,
        "shotsAgainstPerGameLast5": 33.6,
        "oppSavesAgainstPer60": 30.6,
        "oppSavesAgainstPer60Last1": 25.0,
        "oppSavesAgainstPer60Last3": 30.8,
        "oppSavesAgainstPer60Last5": 26.8,
        "oppShotsAgainstPerGame": 29.8,
        "oppShotsAgainstPerGameLast5": 34.2,
        "savesProj": 29.6,
        "savesProjLast5": 25.2,
        "savesProjLast3": 29.6,
        "oppSavesAgainstProj": 30.2,
        "oppSavesAgainstProjLast5": 25.1,
