[
    {
        "player": "Brad Marchand",
        "team": "BOS",
        "opponent": "MTL",
        "propType": "sog",
        "line": 2.5,
        "ppLine": "PP1",
        "avg": 2.5,
        "hit": false,
        "diffAvg": 0.0,
        "diffAbs": 0.16,
        "lastAvg": 3.14,
        "diff": 0.26,
        "avgMin": 18,
        "proj": 2.9,
        "lastAvgMin": 19.25,
        "oppOver": 0,
        "teamOver": 0,
        "gameLine": "-295",
        "+/-": "+28",
        "L5_+/-": "+2.0",
        "prevMatchup": "2023-03-23 1.0 sog 2023-01-24 2.0 sog",
        "winLossSplits": "38% - 62%",
        "awayHome": "A",
        "playedYesterday": "N",
        "awayHomeSplits": "44% - 42%",
        "savesAboveExp": 0.061,
        "gsaa": -1.44,
        "corsi": "51.4% (58.2) // 52.9% (61.1) // 55.5% (63.8) // 57.5% (67.7)",
        "fenwick": "51.7% (44.0) // 52.8% (46.8) // 54.3% (49.7) // 56.0% (53.0)",
        "shots": "52.6% (32.7) // 54.2% (34.8) // 54.5% (37.4) // 55.7% (39.3)",
        "scoring": "53.0% (32.2) // 54.1% (32.6) // 53.7% (30.2) // 54.5% (32.0)",
        "corsiAgainst": "48.6% (54.9) // 47.1% (54.3) // 44.5% (51.2) // 42.5% (50.0)",
        "fenwickAgainst": "48.3% (41.1) // 47.2% (41.9) // 45.7% (41.8) // 44.0% (41.7)",
        "shotsAgainst": "47.4% (29.4) // 45.8% (29.5) // 45.5% (31.2) // 44.3% (31.3)",
        "scoringAgainst": "47.0% (28.6) // 45.9% (27.7) // 46.3% (26.0) // 45.5% (26.7)",
        "oppCorsi": "44.6% (50.7) // 46.8% (50.6) // 43.8% (47.8) // 38.1% (45.5)",
        "oppFenwick": "44.5% (36.8) // 45.8% (36.3) // 42.0% (33.2) // 32.8% (29.0)",
        "oppShots": "44.6% (26.9) // 45.7% (26.1) // 42.9% (24.0) // 33.1% (20.0)",
        "oppScoring": "42.5% (24.8) // 43.0% (22.4) // 37.2% (20.0) // 30.2% (19.5)",
        "oppCorsiAgainst": "55.4% (62.8) // 53.2% (57.5) // 56.2% (61.2) // 61.9% (74.0)",
        "oppFenwickAgainst": "55.5% (45.9) // 54.2% (42.9) // 58.0% (46.0) // 67.2% (59.5)",
        "oppShotsAgainst": "55.4% (33.4) // 54.3% (30.9) // 57.1% (32.0) // 66.9% (40.5)",
        "oppScoringAgainst": "57.5% (33.6) // 57.0% (29.8) // 62.8% (33.8) // 69.8% (45.0)",
        "savesPerGame": 27.7,
        "savesPerGameLast1": 25.0,
        "savesPerGameLast3": 29.3,
        "savesPerGameLast5": 30.8,
        "savesPer60": 27.9,
        "savesPer60Last1": 25.0,
        "savesPer60Last3": 29.3,
        "savesPer60Last5": 31.5,
        "shotsPerGame": 33.1,
        "shotsPerGameLast5": 36.4,
        "shotsAgainstPerGame": 29.8,
        "shotsAgainstPerGameLast5": 32.8,
        "oppSavesAgainstPer60": 24.2,
        "oppSavesAgainstPer60Last1": 17.0,
        "oppSavesAgainstPer60Last3": 21.0,
        "oppSavesAgainstPer60Last5": 20.2,
        "oppShotsAgainstPerGame": 33.7,
        "oppShotsAgainstPerGameLast5": 35.6,
        "savesProj": 22.9,
        "savesProjLast5": 21.4,
        "savesProjLast3": 20.7,
        "oppSavesAgainstProj": 23.6,
        "oppSavesAgainstProjLast5": 22.5,
        "oppSavesAgainstProjLast3": 21.8,
        "totalOver": 43,
        "totalOverLast5": 40,
        "totalOverLast15": 27,
        "lastTotalOver": 61,
        "last5": "3,0,5,1,2,2,3,1,3,1",
        "overOdds": "+105",
        "underOdds": "-135",
        "overUnder": "+105 / -135"
    },
    {
        "player": "Brad Marchand",
        "team": "BOS",
        "opponent": "MTL",
        "propType": "pts",
        "line": 0.5,
        "ppLine": "PP1",
        "avg": 0.92,
        "hit": false,
        "diffAvg": 0.84,
        "diffAbs": 1.0,
        "lastAvg": 1.04,
        "diff": 1.08,
        "avgMin": 18,
        "proj": 1.0,
        "lastAvgMin": 19.25,
        "oppOver": 0,
        "teamOver": 0,
        "gameLine": "-295",
        "+/-": "+28",
        "L5_+/-": "+2.0",
        "prevMatchup": "2023-03-23 0.0 pts 2023-01-24 1.0 pts",
        "winLossSplits": "66% - 50%",
        "awayHome": "A",
        "playedYesterday": "N",
        "awayHomeSplits": "58% - 67%",
        "savesAboveExp": 0.061,
        "gsaa": -1.44,
        "corsi": "51.4% (58.2) // 52.9% (61.1) // 55.5% (63.8) // 57.5% (67.7)",
        "fenwick": "51.7% (44.0) // 52.8% (46.8) // 54.3% (49.7) // 56.0% (53.0)",
        "shots": "52.6% (32.7) // 54.2% (34.8) // 54.5% (37.4) // 55.7% (39.3)",
        "scoring": "53.0% (32.2) // 54.1% (32.6) // 53.7% (30.2) // 54.5% (32.0)",
        "corsiAgainst": "48.6% (54.9) // 47.1% (54.3) // 44.5% (51.2) // 42.5% (50.0)",
        "fenwickAgainst": "48.3% (41.1) // 47.2% (41.9) // 45.7% (41.8) // 44.0% (41.7)",
        "shotsAgainst": "47.4% (29.4) // 45.8% (29.5) // 45.5% (31.2) // 44.3% (31.3)",
        "scoringAgainst": "47.0% (28.6) // 45.9% (27.7) // 46.3% (26.0) // 45.5% (26.7)",
        "oppCorsi": "44.6% (50.7) // 46.8% (50.6) // 43.8% (47.8) // 38.1% (45.5)",
        "oppFenwick": "44.5% (36.8) // 45.8% (36.3) // 42.0% (33.2) // 32.8% (29.0)",
        "oppShots": "44.6% (26.9) // 45.7% (26.1) // 42.9% (24.0) // 33.1% (20.0)",
        "oppScoring": "42.5% (24.8) // 43.0% (22.4) // 37.2% (20.0) // 30.2% (19.5)",
        "oppCorsiAgainst": "55.4% (62.8) // 53.2% (57.5) // 56.2% (61.2) // 61.9% (74.0)",
        "oppFenwickAgainst": "55.5% (45.9) // 54.2% (42.9) // 58.0% (46.0) // 67.2% (59.5)",
        "oppShotsAgainst": "55.4% (33.4) // 54.3% (30.9) // 57.1% (32.0) // 66.9% (40.5)",
        "oppScoringAgainst": "57.5% (33.6) // 57.0% (29.8) // 62.8% (33.8) // 69.8% (45.0)",
        "savesPerGame": 27.7,
        "savesPerGameLast1": 25.0,
        "savesPerGameLast3": 29.3,
        "savesPerGameLast5": 30.8,
        "savesPer60": 27.9,
        "savesPer60Last1": 25.0,
        "savesPer60Last3": 29.3,
        "savesPer60Last5": 31.5,
        "shotsPerGame": 33.1,
        "shotsPerGameLast5": 36.4,
        "shotsAgainstPerGame": 29.8,
        "shotsAgainstPerGameLast5": 32.8,
        "oppSavesAgainstPer60": 24.2,
        "oppSavesAgainstPer60Last1": 17.0,
        "oppSavesAgainstPer60Last3": 21.0,
        "oppSavesAgainstPer60Last5": 20.2,
        "oppShotsAgainstPerGame": 33.7,
        "oppShotsAgainstPerGameLast5": 35.6,
        "savesProj": 22.9,
        "savesProjLast5": 21.4,
        "savesProjLast3": 20.7,
        "oppSavesAgainstProj": 23.6,
        "oppSavesAgainstProjLast5": 22.5,
        "oppSavesAgainstProjLast3": 21.8,
        "totalOver": 62,
        "totalOverLast5": 20,
        "totalOverLast15": 33,
        "lastTotalOver": 68,
        "last5": "3,0,0,0,0,0,0,0,1,0",
        "overOdds": "-160",
        "underOdds": "+130",
        "overUnder": "-160 / +130"
    },
    {
        "player": "Brad Marchand",
        "team": "BOS",
        "opponent": "MTL",
        "propType": "ast",
        "line": 0.5,
        "ppLine": "PP1",
        "avg": 0.62,
        "hit": false,
        "diffAvg": 0.24,
        "diffAbs": 0.2,
        "lastAvg": 0.62,
        "diff": 0.24,
        "avgMin": 18,
        "proj": 0.6,
        "lastAvgMin": 19.25,
        "oppOver": 0,
        "teamOver": 0,
        "gameLine": "-295",
        "+/-": "+28",
        "L5_+/-": "+2.0",
        "prevMatchup": "2023-03-23 0.0 ast 2023-01-24 1.0 ast",
        "winLossSplits": "52% - 25%",
        "awayHome": "A",
        "playedYesterday": "N",
        "awayHomeSplits": "36% - 56%",
        "savesAboveExp": 0.061,
        "gsaa": -1.44,
        "corsi": "51.4% (58.2) // 52.9% (61.1) // 55.5% (63.8) // 57.5% (67.7)",
        "fenwick": "51.7% (44.0) // 52.8% (46.8) // 54.3% (49.7) // 56.0% (53.0)",
        "shots": "52.6% (32.7) // 54.2% (34.8) // 54.5% (37.4) // 55.7% (39.3)",
        "scoring": "53.0% (32.2) // 54.1% (32.6) // 53.7% (30.2) // 54.5% (32.0)",
        "corsiAgainst": "48.6% (54.9) // 47.1% (54.3) // 44.5% (51.2) // 42.5% (50.0)",
        "fenwickAgainst": "48.3% (41.1) // 47.2% (41.9) // 45.7% (41.8) // 44.0% (41.7)",
        "shotsAgainst": "47.4% (29.4) // 45.8% (29.5) // 45.5% (31.2) // 44.3% (31.3)",
        "scoringAgainst": "47.0% (28.6) // 45.9% (27.7) // 46.3% (26.0) // 45.5% (26.7)",
        "oppCorsi": "44.6% (50.7) // 46.8% (50.6) // 43.8% (47.8) // 38.1% (45.5)",
        "oppFenwick": "44.5% (36.8) // 45.8% (36.3) // 42.0% (33.2) // 32.8% (29.0)",
        "oppShots": "44.6% (26.9) // 45.7% (26.1) // 42.9% (24.0) // 33.1% (20.0)",
        "oppScoring": "42.5% (24.8) // 43.0% (22.4) // 37.2% (20.0) // 30.2% (19.5)",
        "oppCorsiAgainst": "55.4% (62.8) // 53.2% (57.5) // 56.2% (61.2) // 61.9% (74.0)",
        "oppFenwickAgainst": "55.5% (45.9) // 54.2% (42.9) // 58.0% (46.0) // 67.2% (59.5)",
        "oppShotsAgainst": "55.4% (33.4) // 54.3% (30.9) // 57.1% (32.0) // 66.9% (40.5)",
        "oppScoringAgainst": "57.5% (33.6) // 57.0% (29.8) // 62.8% (33.8) // 69.8% (45.0)",
        "savesPerGame": 27.7,
        "savesPerGameLast1": 25.0,
        "savesPerGameLast3": 29.3,
        "savesPerGameLast5": 30.8,
        "savesPer60": 27.9,
        "savesPer60Last1": 25.0,
        "savesPer60Last3": 29.3,
        "savesPer60Last5": 31.5,
        "shotsPerGame": 33.1,
        "shotsPerGameLast5": 36.4,
        "shotsAgainstPerGame": 29.8,
        "shotsAgainstPerGameLast5": 32.8,
        "oppSavesAgainstPer60": 24.2,
        "oppSavesAgainstPer60Last1": 17.0,
        "oppSavesAgainstPer60Last3": 21.0,
        "oppSavesAgainstPer60Last5": 20.2,
        "oppShotsAgainstPerGame": 33.7,
        "oppShotsAgainstPerGameLast5": 35.6,
        "savesProj": 22.9,
        "savesProjLast5": 21.4,
        "savesProjLast3": 20.7,
        "oppSavesAgainstProj": 23.6,
        "oppSavesAgainstProjLast5": 22.5,
        "oppSavesAgainstProjLast3": 21.8,
        "totalOver": 46,
        "totalOverLast5": 20,
        "totalOverLast15": 33,
        "lastTotalOver": 51,
        "last5": "2,0,0,0,0,0,0,0,1,0",
        "overOdds": "+120",
        "underOdds": "-150",
        "overUnder": "+120 / -150"
    },
    {
        "player": "Brad Marchand",
        "team": "BOS",
        "opponent": "MTL",
        "propType": "g",
        "line": 0.5,
        "ppLine": "PP1",
        "avg": 0.29,
        "hit": false,
        "diffAvg": -0.42,
        "diffAbs": 0.2,
        "lastAvg": 0.42,
        "diff": -0.16,
        "avgMin": 18,
        "proj": 0.4,
        "lastAvgMin": 19.25,
        "oppOver": 0,
        "teamOver": 0,
        "gameLine": "-295",
        "+/-": "+28",
        "L5_+/-": "+2.0",
        "prevMatchup": "2023-03-23 0.0 g 2023-01-24 0.0 g",
        "winLossSplits": "25% - 38%",
        "awayHome": "A",
        "playedYesterday": "N",
        "awayHomeSplits": "31% - 25%",
        "savesAboveExp": 0.061,
        "gsaa": -1.44,
        "corsi": "51.4% (58.2) // 52.9% (61.1) // 55.5% (63.8) // 57.5% (67.7)",
        "fenwick": "51.7% (44.0) // 52.8% (46.8) // 54.3% (49.7) // 56.0% (53.0)",
        "shots": "52.6% (32.7) // 54.2% (34.8) // 54.5% (37.4) // 55.7% (39.3)",
        "scoring": "53.0% (32.2) // 54.1% (32.6) // 53.7% (30.2) // 54.5% (32.0)",
        "corsiAgainst": "48.6% (54.9) // 47.1% (54.3) // 44.5% (51.2) // 42.5% (50.0)",
        "fenwickAgainst": "48.3% (41.1) // 47.2% (41.9) // 45.7% (41.8) // 44.0% (41.7)",
        "shotsAgainst": "47.4% (29.4) // 45.8% (29.5) // 45.5% (31.2) // 44.3% (31.3)",
        "scoringAgainst": "47.0% (28.6) // 45.9% (27.7) // 46.3% (26.0) // 45.5% (26.7)",
        "oppCorsi": "44.6% (50.7) // 46.8% (50.6) // 43.8% (47.8) // 38.1% (45.5)",
        "oppFenwick": "44.5% (36.8) // 45.8% (36.3) // 42.0% (33.2) // 32.8% (29.0)",
        "oppShots": "44.6% (26.9) // 45.7% (26.1) // 42.9% (24.0) // 33.1% (20.0)",
        "oppScoring": "42.5% (24.8) // 43.0% (22.4) // 37.2% (20.0) // 30.2% (19.5)",
        "oppCorsiAgainst": "55.4% (62.8) // 53.2% (57.5) // 56.2% (61.2) // 61.9% (74.0)",
        "oppFenwickAgainst": "55.5% (45.9) // 54.2% (42.9) // 58.0% (46.0) // 67.2% (59.5)",
        "oppShotsAgainst": "55.4% (33.4) // 54.3% (30.9) // 57.1% (32.0) // 66.9% (40.5)",
        "oppScoringAgainst": "57.5% (33.6) // 57.0% (29.8) // 62.8% (33.8) // 69.8% (45.0)",
        "savesPerGame": 27.7,
        "savesPerGameLast1": 25.0,
        "savesPerGameLast3": 29.3,
        "savesPerGameLast5": 30.8,
        "savesPer60": 27.9,
        "savesPer60Last1": 25.0,
        "savesPer60Last3": 29.3,
        "savesPer60Last5": 31.5,
        "shotsPerGame": 33.1,
        "shotsPerGameLast5": 36.4,
        "shotsAgainstPerGame": 29.8,
        "shotsAgainstPerGameLast5": 32.8,
        "oppSavesAgainstPer60": 24.2,
        "oppSavesAgainstPer60Last1": 17.0,
        "oppSavesAgainstPer60Last3": 21.0,
        "oppSavesAgainstPer60Last5": 20.2,
        "oppShotsAgainstPerGame": 33.7,
        "oppShotsAgainstPerGameLast5": 35.6,
        "savesProj": 22.9,
        "savesProjLast5": 21.4,
        "savesProjLast3": 20.7,
        "oppSavesAgainstProj": 23.6,
        "oppSavesAgainstProjLast5": 22.5,
        "oppSavesAgainstProjLast3": 21.8,
        "totalOver": 28,
        "totalOverLast5": 20,
        "totalOverLast15": 7,
        "lastTotalOver": 35,
        "last5": "1,0,0,0,0,0,0,0,0,0",
        "overOdds": "+135",
        "underOdds": "0",
        "overUnder": "+135 / 0"
    },
    {
        "player": "Brendan Gallagher",
        "team": "MTL",
        "opponent": "BOS",
        "propType": "sog",
        "line": 2.5,
        "ppLine": "PP2",
        "avg": 2.34,
        "hit": false,
        "diffAvg": -0.06,
        "diffAbs": 0.04,
        "lastAvg": 2.54,
        "diff": 0.02,
        "avgMin": 14,
        "proj": 2.4,
        "lastAvgMin": 15.02,
        "oppOver": 0,
        "teamOver": 0,
        "gameLine": "+245",
        "+/-": -3,
        "L5_+/-": "+3.0",
        "prevMatchup": "2023-03-23 3.0 sog",
        "winLossSplits": "47% - 35%",
        "awayHome": "H",
        "playedYesterday": "Y",
        "awayHomeSplits": "59% - 22%",
        "savesAboveExp": 0.19,
        "gsaa": 15.85,
        "corsi": "44.6% (50.7) // 46.8% (50.6) // 43.8% (47.8) // 38.1% (45.5)",
        "fenwick": "44.5% (36.8) // 45.8% (36.3) // 42.0% (33.2) // 32.8% (29.0)",
        "shots": "44.6% (26.9) // 45.7% (26.1) // 42.9% (24.0) // 33.1% (20.0)",
        "scoring": "42.5% (24.8) // 43.0% (22.4) // 37.2% (20.0) // 30.2% (19.5)",
        "corsiAgainst": "55.4% (62.8) // 53.2% (57.5) // 56.2% (61.2) // 61.9% (74.0)",
        "fenwickAgainst": "55.5% (45.9) // 54.2% (42.9) // 58.0% (46.0) // 67.2% (59.5)",
        "shotsAgainst": "55.4% (33.4) // 54.3% (30.9) // 57.1% (32.0) // 66.9% (40.5)",
        "scoringAgainst": "57.5% (33.6) // 57.0% (29.8) // 62.8% (33.8) // 69.8% (45.0)",
        "oppCorsi": "51.4% (58.2) // 52.9% (61.1) // 55.5% (63.8) // 57.5% (67.7)",
        "oppFenwick": "51.7% (44.0) // 52.8% (46.8) // 54.3% (49.7) // 56.0% (53.0)",
        "oppShots": "52.6% (32.7) // 54.2% (34.8) // 54.5% (37.4) // 55.7% (39.3)",
        "oppScoring": "53.0% (32.2) // 54.1% (32.6) // 53.7% (30.2) // 54.5% (32.0)",
        "oppCorsiAgainst": "48.6% (54.9) // 47.1% (54.3) // 44.5% (51.2) // 42.5% (50.0)",
        "oppFenwickAgainst": "48.3% (41.1) // 47.2% (41.9) // 45.7% (41.8) // 44.0% (41.7)",
        "oppShotsAgainst": "47.4% (29.4) // 45.8% (29.5) // 45.5% (31.2) // 44.3% (31.3)",
        "oppScoringAgainst": "47.0% (28.6) // 45.9% (27.7) // 46.3% (26.0) // 45.5% (26.7)",
        "savesPerGame": 30.0,
        "savesPerGameLast1": 31.0,
        "savesPerGameLast3": 31.3,
        "savesPerGameLast5": 31.4,
        "savesPer60": 29.7,
        "savesPer60Last1": 30.3,
        "savesPer60Last3": 30.9,
        "savesPer60Last5": 31.1,
        "shotsPerGame": 27.2,
        "shotsPerGameLast5": 22.0,
        "shotsAgainstPerGame": 33.7,
        "shotsAgainstPerGameLast5": 35.6,
        "oppSavesAgainstPer60": 29.4,
        "oppSavesAgainstPer60Last1": 39.0,
        "oppSavesAgainstPer60Last3": 36.3,
        "oppSavesAgainstPer60Last5": 33.5,
        "oppShotsAgainstPerGame": 29.8,
        "oppShotsAgainstPerGameLast5": 32.8,
        "savesProj": 31.4,
        "savesProjLast5": 36.8,
        "savesProjLast3": 39.1,
        "oppSavesAgainstProj": 31.2,
        "oppSavesAgainstProjLast5": 36.5,
        "oppSavesAgainstProjLast3": 40.3,
        "totalOver": 40,
        "totalOverLast5": 40,
        "totalOverLast15": 33,
        "lastTotalOver": 50,
        "last5": "2,6,4,1,0,2,4,2,3,1",
        "overOdds": "+100",
        "underOdds": "-130",
        "overUnder": "+100 / -130"
    },
    {
        "player": "Brendan Gallagher",
        "team": "MTL",
        "opponent": "BOS",
        "propType": "g",
        "line": 0.5,
        "ppLine": "PP2",
        "avg": 0.2,
        "hit": false,
        "diffAvg": -0.6,
        "diffAbs": 0.8,
        "lastAvg": 0.12,
        "diff": -0.76,
        "avgMin": 14,
        "proj": 0.1,
        "lastAvgMin": 15.02,
        "oppOver": 0,
        "teamOver": 0,
        "gameLine": "+245",
        "+/-": -3,
        "L5_+/-": "+3.0",
        "prevMatchup": "2023-03-23 0.0 g",
        "winLossSplits": "33% - 10%",
        "awayHome": "H",
        "playedYesterday": "Y",
        "awayHomeSplits": "24% - 17%",
        "savesAboveExp": 0.19,
        "gsaa": 15.85,
        "corsi": "44.6% (50.7) // 46.8% (50.6) // 43.8% (47.8) // 38.1% (45.5)",
        "fenwick": "44.5% (36.8) // 45.8% (36.3) // 42.0% (33.2) // 32.8% (29.0)",
        "shots": "44.6% (26.9) // 45.7% (26.1) // 42.9% (24.0) // 33.1% (20.0)",
        "scoring": "42.5% (24.8) // 43.0% (22.4) // 37.2% (20.0) // 30.2% (19.5)",
        "corsiAgainst": "55.4% (62.8) // 53.2% (57.5) // 56.2% (61.2) // 61.9% (74.0)",
        "fenwickAgainst": "55.5% (45.9) // 54.2% (42.9) // 58.0% (46.0) // 67.2% (59.5)",
        "shotsAgainst": "55.4% (33.4) // 54.3% (30.9) // 57.1% (32.0) // 66.9% (40.5)",
        "scoringAgainst": "57.5% (33.6) // 57.0% (29.8) // 62.8% (33.8) // 69.8% (45.0)",
        "oppCorsi": "51.4% (58.2) // 52.9% (61.1) // 55.5% (63.8) // 57.5% (67.7)",
        "oppFenwick": "51.7% (44.0) // 52.8% (46.8) // 54.3% (49.7) // 56.0% (53.0)",
        "oppShots": "52.6% (32.7) // 54.2% (34.8) // 54.5% (37.4) // 55.7% (39.3)",
        "oppScoring": "53.0% (32.2) // 54.1% (32.6) // 53.7% (30.2) // 54.5% (32.0)",
        "oppCorsiAgainst": "48.6% (54.9) // 47.1% (54.3) // 44.5% (51.2) // 42.5% (50.0)",
        "oppFenwickAgainst": "48.3% (41.1) // 47.2% (41.9) // 45.7% (41.8) // 44.0% (41.7)",
        "oppShotsAgainst": "47.4% (29.4) // 45.8% (29.5) // 45.5% (31.2) // 44.3% (31.3)",
        "oppScoringAgainst": "47.0% (28.6) // 45.9% (27.7) // 46.3% (26.0) // 45.5% (26.7)",
        "savesPerGame": 30.0,
        "savesPerGameLast1": 31.0,
        "savesPerGameLast3": 31.3,
        "savesPerGameLast5": 31.4,
        "savesPer60": 29.7,
        "savesPer60Last1": 30.3,
        "savesPer60Last3": 30.9,
        "savesPer60Last5": 31.1,
        "shotsPerGame": 27.2,
        "shotsPerGameLast5": 22.0,
        "shotsAgainstPerGame": 33.7,
        "shotsAgainstPerGameLast5": 35.6,
        "oppSavesAgainstPer60": 29.4,
        "oppSavesAgainstPer60Last1": 39.0,
        "oppSavesAgainstPer60Last3": 36.3,
        "oppSavesAgainstPer60Last5": 33.5,
        "oppShotsAgainstPerGame": 29.8,
        "oppShotsAgainstPerGameLast5": 32.8,
        "savesProj": 31.4,
        "savesProjLast5": 36.8,
        "savesProjLast3": 39.1,
        "oppSavesAgainstProj": 31.2,
        "oppSavesAgainstProjLast5": 36.5,
        "oppSavesAgainstProjLast3": 40.3,
        "totalOver": 20,
        "totalOverLast5": 20,
        "totalOverLast15": 27,
        "lastTotalOver": 12,
        "last5": "0,0,1,0,0,0,1,1,0,0",
        "overOdds": "+300",
        "underOdds": "0",
        "overUnder": "+300 / 0"
    },
    {
        "player": "David Pastrnak",
        "team": "BOS",
        "opponent": "MTL",
        "propType": "sog",
        "line": 4.5,
        "ppLine": "PP1",
        "avg": 4.99,
        "hit": false,
        "diffAvg": 0.11,
        "diffAbs": 0.11,
        "lastAvg": 3.95,
        "diff": -0.12,
        "avgMin": 19,
        "proj": 4.0,
        "lastAvgMin": 18.6,
        "oppOver": 0,
        "teamOver": 0,
        "gameLine": "-295",
        "+/-": "+35",
        "L5_+/-": "+3.0",
        "prevMatchup": "2023-03-23 5.0 sog 2023-01-24 7.0 sog",
        "winLossSplits": "61% - 65%",
        "awayHome": "A",
        "playedYesterday": "N",
        "awayHomeSplits": "58% - 66%",
        "savesAboveExp": 0.061,
        "gsaa": -1.44,
        "corsi": "51.4% (58.2) // 52.9% (61.1) // 55.5% (63.8) // 57.5% (67.7)",
        "fenwick": "51.7% (44.0) // 52.8% (46.8) // 54.3% (49.7) // 56.0% (53.0)",
        "shots": "52.6% (32.7) // 54.2% (34.8) // 54.5% (37.4) // 55.7% (39.3)",
        "scoring": "53.0% (32.2) // 54.1% (32.6) // 53.7% (30.2) // 54.5% (32.0)",
        "corsiAgainst": "48.6% (54.9) // 47.1% (54.3) // 44.5% (51.2) // 42.5% (50.0)",
        "fenwickAgainst": "48.3% (41.1) // 47.2% (41.9) // 45.7% (41.8) // 44.0% (41.7)",
        "shotsAgainst": "47.4% (29.4) // 45.8% (29.5) // 45.5% (31.2) // 44.3% (31.3)",
        "scoringAgainst": "47.0% (28.6) // 45.9% (27.7) // 46.3% (26.0) // 45.5% (26.7)",
        "oppCorsi": "44.6% (50.7) // 46.8% (50.6) // 43.8% (47.8) // 38.1% (45.5)",
        "oppFenwick": "44.5% (36.8) // 45.8% (36.3) // 42.0% (33.2) // 32.8% (29.0)",
        "oppShots": "44.6% (26.9) // 45.7% (26.1) // 42.9% (24.0) // 33.1% (20.0)",
        "oppScoring": "42.5% (24.8) // 43.0% (22.4) // 37.2% (20.0) // 30.2% (19.5)",
        "oppCorsiAgainst": "55.4% (62.8) // 53.2% (57.5) // 56.2% (61.2) // 61.9% (74.0)",
        "oppFenwickAgainst": "55.5% (45.9) // 54.2% (42.9) // 58.0% (46.0) // 67.2% (59.5)",
        "oppShotsAgainst": "55.4% (33.4) // 54.3% (30.9) // 57.1% (32.0) // 66.9% (40.5)",
        "oppScoringAgainst": "57.5% (33.6) // 57.0% (29.8) // 62.8% (33.8) // 69.8% (45.0)",
        "savesPerGame": 27.7,
        "savesPerGameLast1": 25.0,
        "savesPerGameLast3": 29.3,
        "savesPerGameLast5": 30.8,
        "savesPer60": 27.9,
        "savesPer60Last1": 25.0,
        "savesPer60Last3": 29.3,
        "savesPer60Last5": 31.5,
        "shotsPerGame": 33.1,
        "shotsPerGameLast5": 36.4,
        "shotsAgainstPerGame": 29.8,
        "shotsAgainstPerGameLast5": 32.8,
        "oppSavesAgainstPer60": 24.2,
        "oppSavesAgainstPer60Last1": 17.0,
        "oppSavesAgainstPer60Last3": 21.0,
        "oppSavesAgainstPer60Last5": 20.2,
        "oppShotsAgainstPerGame": 33.7,
        "oppShotsAgainstPerGameLast5": 35.6,
        "savesProj": 22.9,
        "savesProjLast5": 21.4,
        "savesProjLast3": 20.7,
        "oppSavesAgainstProj": 23.6,
        "oppSavesAgainstProjLast5": 22.5,
        "oppSavesAgainstProjLast3": 21.8,
        "totalOver": 62,
        "totalOverLast5": 80,
        "totalOverLast15": 87,
        "lastTotalOver": 46,
        "last5": "8,10,7,5,3,8,5,8,7,5",
        "overOdds": "-140",
        "underOdds": "+110",
        "overUnder": "-140 / +110"
    },
    {
        "player": "David Pastrnak",
        "team": "BOS",
        "opponent": "MTL",
        "propType": "pts",
        "line": 1.5,
        "ppLine": "PP1",
        "avg": 1.36,
        "hit": false,
        "diffAvg": -0.09,
        "diffAbs": 0.33,
        "lastAvg": 0.97,
        "diff": -0.35,
        "avgMin": 19,
        "proj": 1.0,
        "lastAvgMin": 18.6,
        "oppOver": 0,
        "teamOver": 0,
        "gameLine": "-295",
        "+/-": "+35",
        "L5_+/-": "+3.0",
        "prevMatchup": "2023-03-23 2.0 pts 2023-01-24 4.0 pts",
        "winLossSplits": "44% - 24%",
        "awayHome": "A",
        "playedYesterday": "N",
        "awayHomeSplits": "35% - 44%",
        "savesAboveExp": 0.061,
        "gsaa": -1.44,
        "corsi": "51.4% (58.2) // 52.9% (61.1) // 55.5% (63.8) // 57.5% (67.7)",
        "fenwick": "51.7% (44.0) // 52.8% (46.8) // 54.3% (49.7) // 56.0% (53.0)",
        "shots": "52.6% (32.7) // 54.2% (34.8) // 54.5% (37.4) // 55.7% (39.3)",
        "scoring": "53.0% (32.2) // 54.1% (32.6) // 53.7% (30.2) // 54.5% (32.0)",
        "corsiAgainst": "48.6% (54.9) // 47.1% (54.3) // 44.5% (51.2) // 42.5% (50.0)",
        "fenwickAgainst": "48.3% (41.1) // 47.2% (41.9) // 45.7% (41.8) // 44.0% (41.7)",
        "shotsAgainst": "47.4% (29.4) // 45.8% (29.5) // 45.5% (31.2) // 44.3% (31.3)",
        "scoringAgainst": "47.0% (28.6) // 45.9% (27.7) // 46.3% (26.0) // 45.5% (26.7)",
        "oppCorsi": "44.6% (50.7) // 46.8% (50.6) // 43.8% (47.8) // 38.1% (45.5)",
        "oppFenwick": "44.5% (36.8) // 45.8% (36.3) // 42.0% (33.2) // 32.8% (29.0)",
        "oppShots": "44.6% (26.9) // 45.7% (26.1) // 42.9% (24.0) // 33.1% (20.0)",
        "oppScoring": "42.5% (24.8) // 43.0% (22.4) // 37.2% (20.0) // 30.2% (19.5)",
        "oppCorsiAgainst": "55.4% (62.8) // 53.2% (57.5) // 56.2% (61.2) // 61.9% (74.0)",
        "oppFenwickAgainst": "55.5% (45.9) // 54.2% (42.9) // 58.0% (46.0) // 67.2% (59.5)",
        "oppShotsAgainst": "55.4% (33.4) // 54.3% (30.9) // 57.1% (32.0) // 66.9% (40.5)",
        "oppScoringAgainst": "57.5% (33.6) // 57.0% (29.8) // 62.8% (33.8) // 69.8% (45.0)",
        "savesPerGame": 27.7,
        "savesPerGameLast1": 25.0,
        "savesPerGameLast3": 29.3,
        "savesPerGameLast5": 30.8,
        "savesPer60": 27.9,
        "savesPer60Last1": 25.0,
        "savesPer60Last3": 29.3,
        "savesPer60Last5": 31.5,
        "shotsPerGame": 33.1,
        "shotsPerGameLast5": 36.4,
        "shotsAgainstPerGame": 29.8,
        "shotsAgainstPerGameLast5": 32.8,
        "oppSavesAgainstPer60": 24.2,
        "oppSavesAgainstPer60Last1": 17.0,
        "oppSavesAgainstPer60Last3": 21.0,
        "oppSavesAgainstPer60Last5": 20.2,
        "oppShotsAgainstPerGame": 33.7,
        "oppShotsAgainstPerGameLast5": 35.6,
        "savesProj": 22.9,
        "savesProjLast5": 21.4,
        "savesProjLast3": 20.7,
        "oppSavesAgainstProj": 23.6,
        "oppSavesAgainstProjLast5": 22.5,
        "oppSavesAgainstProjLast3": 21.8,
        "totalOver": 40,
        "totalOverLast5": 40,
        "totalOverLast15": 40,
        "lastTotalOver": 31,
        "last5": "2,4,1,1,1,3,1,1,2,0",
        "overOdds": "+155",
        "underOdds": "-190",
        "overUnder": "+155 / -190"
    },
    {
        "player": "David Pastrnak",
        "team": "BOS",
        "opponent": "MTL",
        "propType": "ast",
        "line": 0.5,
        "ppLine": "PP1",
        "avg": 0.62,
        "hit": false,
        "diffAvg": 0.24,
        "diffAbs": 0.0,
        "lastAvg": 0.47,
        "diff": -0.06,
        "avgMin": 19,
        "proj": 0.5,
        "lastAvgMin": 18.6,
        "oppOver": 0,
        "teamOver": 0,
        "gameLine": "-295",
        "+/-": "+35",
        "L5_+/-": "+3.0",
        "prevMatchup": "2023-03-23 1.0 ast 2023-01-24 3.0 ast",
        "winLossSplits": "53% - 41%",
        "awayHome": "A",
        "playedYesterday": "N",
        "awayHomeSplits": "50% - 51%",
        "savesAboveExp": 0.061,
        "gsaa": -1.44,
        "corsi": "51.4% (58.2) // 52.9% (61.1) // 55.5% (63.8) // 57.5% (67.7)",
        "fenwick": "51.7% (44.0) // 52.8% (46.8) // 54.3% (49.7) // 56.0% (53.0)",
        "shots": "52.6% (32.7) // 54.2% (34.8) // 54.5% (37.4) // 55.7% (39.3)",
        "scoring": "53.0% (32.2) // 54.1% (32.6) // 53.7% (30.2) // 54.5% (32.0)",
        "corsiAgainst": "48.6% (54.9) // 47.1% (54.3) // 44.5% (51.2) // 42.5% (50.0)",
        "fenwickAgainst": "48.3% (41.1) // 47.2% (41.9) // 45.7% (41.8) // 44.0% (41.7)",
        "shotsAgainst": "47.4% (29.4) // 45.8% (29.5) // 45.5% (31.2) // 44.3% (31.3)",
        "scoringAgainst": "47.0% (28.6) // 45.9% (27.7) // 46.3% (26.0) // 45.5% (26.7)",
        "oppCorsi": "44.6% (50.7) // 46.8% (50.6) // 43.8% (47.8) // 38.1% (45.5)",
        "oppFenwick": "44.5% (36.8) // 45.8% (36.3) // 42.0% (33.2) // 32.8% (29.0)",
        "oppShots": "44.6% (26.9) // 45.7% (26.1) // 42.9% (24.0) // 33.1% (20.0)",
        "oppScoring": "42.5% (24.8) // 43.0% (22.4) // 37.2% (20.0) // 30.2% (19.5)",
        "oppCorsiAgainst": "55.4% (62.8) // 53.2% (57.5) // 56.2% (61.2) // 61.9% (74.0)",
        "oppFenwickAgainst": "55.5% (45.9) // 54.2% (42.9) // 58.0% (46.0) // 67.2% (59.5)",
        "oppShotsAgainst": "55.4% (33.4) // 54.3% (30.9) // 57.1% (32.0) // 66.9% (40.5)",
        "oppScoringAgainst": "57.5% (33.6) // 57.0% (29.8) // 62.8% (33.8) // 69.8% (45.0)",
        "savesPerGame": 27.7,
        "savesPerGameLast1": 25.0,
        "savesPerGameLast3": 29.3,
        "savesPerGameLast5": 30.8,
        "savesPer60": 27.9,
        "savesPer60Last1": 25.0,
        "savesPer60Last3": 29.3,
        "savesPer60Last5": 31.5,
        "shotsPerGame": 33.1,
        "shotsPerGameLast5": 36.4,
        "shotsAgainstPerGame": 29.8,
        "shotsAgainstPerGameLast5": 32.8,
        "oppSavesAgainstPer60": 24.2,
        "oppSavesAgainstPer60Last1": 17.0,
        "oppSavesAgainstPer60Last3": 21.0,
        "oppSavesAgainstPer60Last5": 20.2,
        "oppShotsAgainstPerGame": 33.7,
        "oppShotsAgainstPerGameLast5": 35.6,
        "savesProj": 22.9,
        "savesProjLast5": 21.4,
        "savesProjLast3": 20.7,
        "oppSavesAgainstProj": 23.6,
        "oppSavesAgainstProjLast5": 22.5,
        "oppSavesAgainstProjLast3": 21.8,
        "totalOver": 51,
        "totalOverLast5": 80,
        "totalOverLast15": 40,
        "lastTotalOver": 43,
        "last5": "2,1,1,0,1,0,0,0,0,0",
        "overOdds": "+110",
        "underOdds": "-140",
        "overUnder": "+110 / -140"
    },
    {
        "player": "David Pastrnak",
        "team": "BOS",
        "opponent": "MTL",
        "propType": "g",
        "line": 0.5,
        "ppLine": "PP1",
        "avg": 0.74,
        "hit": false,
        "diffAvg": 0.48,
        "diffAbs": 0.0,
        "lastAvg": 0.51,
        "diff": 0.02,
        "avgMin": 19,
        "proj": 0.5,
        "lastAvgMin": 18.6,
        "oppOver": 0,
        "teamOver": 0,
        "gameLine": "-295",
        "+/-": "+35",
        "L5_+/-": "+3.0",
        "prevMatchup": "2023-03-23 1.0 g 2023-01-24 1.0 g",
        "winLossSplits": "58% - 53%",
        "awayHome": "A",
        "playedYesterday": "N",
        "awayHomeSplits": "55% - 59%",
        "savesAboveExp": 0.061,
        "gsaa": -1.44,
        "corsi": "51.4% (58.2) // 52.9% (61.1) // 55.5% (63.8) // 57.5% (67.7)",
        "fenwick": "51.7% (44.0) // 52.8% (46.8) // 54.3% (49.7) // 56.0% (53.0)",
        "shots": "52.6% (32.7) // 54.2% (34.8) // 54.5% (37.4) // 55.7% (39.3)",
        "scoring": "53.0% (32.2) // 54.1% (32.6) // 53.7% (30.2) // 54.5% (32.0)",
        "corsiAgainst": "48.6% (54.9) // 47.1% (54.3) // 44.5% (51.2) // 42.5% (50.0)",
        "fenwickAgainst": "48.3% (41.1) // 47.2% (41.9) // 45.7% (41.8) // 44.0% (41.7)",
        "shotsAgainst": "47.4% (29.4) // 45.8% (29.5) // 45.5% (31.2) // 44.3% (31.3)",
        "scoringAgainst": "47.0% (28.6) // 45.9% (27.7) // 46.3% (26.0) // 45.5% (26.7)",
        "oppCorsi": "44.6% (50.7) // 46.8% (50.6) // 43.8% (47.8) // 38.1% (45.5)",
        "oppFenwick": "44.5% (36.8) // 45.8% (36.3) // 42.0% (33.2) // 32.8% (29.0)",
        "oppShots": "44.6% (26.9) // 45.7% (26.1) // 42.9% (24.0) // 33.1% (20.0)",
        "oppScoring": "42.5% (24.8) // 43.0% (22.4) // 37.2% (20.0) // 30.2% (19.5)",
        "oppCorsiAgainst": "55.4% (62.8) // 53.2% (57.5) // 56.2% (61.2) // 61.9% (74.0)",
        "oppFenwickAgainst": "55.5% (45.9) // 54.2% (42.9) // 58.0% (46.0) // 67.2% (59.5)",
        "oppShotsAgainst": "55.4% (33.4) // 54.3% (30.9) // 57.1% (32.0) // 66.9% (40.5)",
        "oppScoringAgainst": "57.5% (33.6) // 57.0% (29.8) // 62.8% (33.8) // 69.8% (45.0)",
        "savesPerGame": 27.7,
        "savesPerGameLast1": 25.0,
        "savesPerGameLast3": 29.3,
        "savesPerGameLast5": 30.8,
        "savesPer60": 27.9,
        "savesPer60Last1": 25.0,
        "savesPer60Last3": 29.3,
        "savesPer60Last5": 31.5,
        "shotsPerGame": 33.1,
        "shotsPerGameLast5": 36.4,
        "shotsAgainstPerGame": 29.8,
        "shotsAgainstPerGameLast5": 32.8,
        "oppSavesAgainstPer60": 24.2,
        "oppSavesAgainstPer60Last1": 17.0,
        "oppSavesAgainstPer60Last3": 21.0,
        "oppSavesAgainstPer60Last5": 20.2,
        "oppShotsAgainstPerGame": 33.7,
        "oppShotsAgainstPerGameLast5": 35.6,
        "savesProj": 22.9,
        "savesProjLast5": 21.4,
        "savesProjLast3": 20.7,
        "oppSavesAgainstProj": 23.6,
        "oppSavesAgainstProjLast5": 22.5,
        "oppSavesAgainstProjLast3": 21.8,
        "totalOver": 57,
        "totalOverLast5": 40,
        "totalOverLast15": 60,
        "lastTotalOver": 37,
        "last5": "0,3,0,1,0,3,1,1,2,0",
        "overOdds": "-140",
        "underOdds": "0",
        "overUnder": "-140 / 0"
    },
    {
        "player": "Jake Debrusk",
        "team": "BOS",
        "opponent": "MTL",
        "propType": "sog",
        "line": 2.5,
        "ppLine": "PP1",
        "avg": 3.0,
        "hit": false,
        "diffAvg": 0.2,
        "diffAbs": 0.08,
        "lastAvg": 2.19,
        "diff": -0.12,
        "avgMin": 16,
        "proj": 2.3,
        "lastAvgMin": 15.03,
        "oppOver": 0,
        "teamOver": 0,
        "gameLine": "-295",
        "+/-": "+27",
        "L5_+/-": "+3.0",
        "prevMatchup": "2023-03-23 5.0 sog",
        "winLossSplits": "59% - 33%",
        "awayHome": "A",
        "playedYesterday": "N",
        "awayHomeSplits": "57% - 51%",
        "savesAboveExp": 0.061,
        "gsaa": -1.44,
        "corsi": "51.4% (58.2) // 52.9% (61.1) // 55.5% (63.8) // 57.5% (67.7)",
        "fenwick": "51.7% (44.0) // 52.8% (46.8) // 54.3% (49.7) // 56.0% (53.0)",
        "shots": "52.6% (32.7) // 54.2% (34.8) // 54.5% (37.4) // 55.7% (39.3)",
        "scoring": "53.0% (32.2) // 54.1% (32.6) // 53.7% (30.2) // 54.5% (32.0)",
        "corsiAgainst": "48.6% (54.9) // 47.1% (54.3) // 44.5% (51.2) // 42.5% (50.0)",
        "fenwickAgainst": "48.3% (41.1) // 47.2% (41.9) // 45.7% (41.8) // 44.0% (41.7)",
        "shotsAgainst": "47.4% (29.4) // 45.8% (29.5) // 45.5% (31.2) // 44.3% (31.3)",
        "scoringAgainst": "47.0% (28.6) // 45.9% (27.7) // 46.3% (26.0) // 45.5% (26.7)",
        "oppCorsi": "44.6% (50.7) // 46.8% (50.6) // 43.8% (47.8) // 38.1% (45.5)",
        "oppFenwick": "44.5% (36.8) // 45.8% (36.3) // 42.0% (33.2) // 32.8% (29.0)",
        "oppShots": "44.6% (26.9) // 45.7% (26.1) // 42.9% (24.0) // 33.1% (20.0)",
        "oppScoring": "42.5% (24.8) // 43.0% (22.4) // 37.2% (20.0) // 30.2% (19.5)",
        "oppCorsiAgainst": "55.4% (62.8) // 53.2% (57.5) // 56.2% (61.2) // 61.9% (74.0)",
        "oppFenwickAgainst": "55.5% (45.9) // 54.2% (42.9) // 58.0% (46.0) // 67.2% (59.5)",
        "oppShotsAgainst": "55.4% (33.4) // 54.3% (30.9) // 57.1% (32.0) // 66.9% (40.5)",
        "oppScoringAgainst": "57.5% (33.6) // 57.0% (29.8) // 62.8% (33.8) // 69.8% (45.0)",
        "savesPerGame": 27.7,
        "savesPerGameLast1": 25.0,
        "savesPerGameLast3": 29.3,
        "savesPerGameLast5": 30.8,
        "savesPer60": 27.9,
        "savesPer60Last1": 25.0,
        "savesPer60Last3": 29.3,
        "savesPer60Last5": 31.5,
        "shotsPerGame": 33.1,
        "shotsPerGameLast5": 36.4,
        "shotsAgainstPerGame": 29.8,
        "shotsAgainstPerGameLast5": 32.8,
        "oppSavesAgainstPer60": 24.2,
        "oppSavesAgainstPer60Last1": 17.0,
        "oppSavesAgainstPer60Last3": 21.0,
        "oppSavesAgainstPer60Last5": 20.2,
        "oppShotsAgainstPerGame": 33.7,
        "oppShotsAgainstPerGameLast5": 35.6,
        "savesProj": 22.9,
        "savesProjLast5": 21.4,
        "savesProjLast3": 20.7,
        "oppSavesAgainstProj": 23.6,
        "oppSavesAgainstProjLast5": 22.5,
        "oppSavesAgainstProjLast3": 21.8,
        "totalOver": 54,
        "totalOverLast5": 60,
        "totalOverLast15": 60,
        "lastTotalOver": 40,
        "last5": "4,1,2,3,4,3,2,1,5,2",
        "overOdds": "-135",
        "underOdds": "+105",
        "overUnder": "-135 / +105"
    },
    {
        "player": "Jake Debrusk",
        "team": "BOS",
        "opponent": "MTL",
        "propType": "pts",
        "line": 0.5,
        "ppLine": "PP1",
        "avg": 0.78,
        "hit": false,
        "diffAvg": 0.56,
        "diffAbs": 0.0,
        "lastAvg": 0.5,
        "diff": 0.0,
        "avgMin": 16,
        "proj": 0.5,
        "lastAvgMin": 15.03,
        "oppOver": 0,
        "teamOver": 0,
        "gameLine": "-295",
        "+/-": "+27",
        "L5_+/-": "+3.0",
        "prevMatchup": "2023-03-23 1.0 pts",
        "winLossSplits": "57% - 58%",
        "awayHome": "A",
        "playedYesterday": "N",
        "awayHomeSplits": "68% - 49%",
        "savesAboveExp": 0.061,
        "gsaa": -1.44,
        "corsi": "51.4% (58.2) // 52.9% (61.1) // 55.5% (63.8) // 57.5% (67.7)",
        "fenwick": "51.7% (44.0) // 52.8% (46.8) // 54.3% (49.7) // 56.0% (53.0)",
        "shots": "52.6% (32.7) // 54.2% (34.8) // 54.5% (37.4) // 55.7% (39.3)",
        "scoring": "53.0% (32.2) // 54.1% (32.6) // 53.7% (30.2) // 54.5% (32.0)",
        "corsiAgainst": "48.6% (54.9) // 47.1% (54.3) // 44.5% (51.2) // 42.5% (50.0)",
        "fenwickAgainst": "48.3% (41.1) // 47.2% (41.9) // 45.7% (41.8) // 44.0% (41.7)",
        "shotsAgainst": "47.4% (29.4) // 45.8% (29.5) // 45.5% (31.2) // 44.3% (31.3)",
        "scoringAgainst": "47.0% (28.6) // 45.9% (27.7) // 46.3% (26.0) // 45.5% (26.7)",
        "oppCorsi": "44.6% (50.7) // 46.8% (50.6) // 43.8% (47.8) // 38.1% (45.5)",
        "oppFenwick": "44.5% (36.8) // 45.8% (36.3) // 42.0% (33.2) // 32.8% (29.0)",
        "oppShots": "44.6% (26.9) // 45.7% (26.1) // 42.9% (24.0) // 33.1% (20.0)",
        "oppScoring": "42.5% (24.8) // 43.0% (22.4) // 37.2% (20.0) // 30.2% (19.5)",
        "oppCorsiAgainst": "55.4% (62.8) // 53.2% (57.5) // 56.2% (61.2) // 61.9% (74.0)",
        "oppFenwickAgainst": "55.5% (45.9) // 54.2% (42.9) // 58.0% (46.0) // 67.2% (59.5)",
        "oppShotsAgainst": "55.4% (33.4) // 54.3% (30.9) // 57.1% (32.0) // 66.9% (40.5)",
        "oppScoringAgainst": "57.5% (33.6) // 57.0% (29.8) // 62.8% (33.8) // 69.8% (45.0)",
        "savesPerGame": 27.7,
        "savesPerGameLast1": 25.0,
        "savesPerGameLast3": 29.3,
        "savesPerGameLast5": 30.8,
        "savesPer60": 27.9,
        "savesPer60Last1": 25.0,
        "savesPer60Last3": 29.3,
        "savesPer60Last5": 31.5,
        "shotsPerGame": 33.1,
        "shotsPerGameLast5": 36.4,
        "shotsAgainstPerGame": 29.8,
        "shotsAgainstPerGameLast5": 32.8,
        "oppSavesAgainstPer60": 24.2,
        "oppSavesAgainstPer60Last1": 17.0,
        "oppSavesAgainstPer60Last3": 21.0,
        "oppSavesAgainstPer60Last5": 20.2,
        "oppShotsAgainstPerGame": 33.7,
        "oppShotsAgainstPerGameLast5": 35.6,
        "savesProj": 22.9,
        "savesProjLast5": 21.4,
        "savesProjLast3": 20.7,
        "oppSavesAgainstProj": 23.6,
        "oppSavesAgainstProjLast5": 22.5,
        "oppSavesAgainstProjLast3": 21.8,
        "totalOver": 57,
        "totalOverLast5": 40,
        "totalOverLast15": 47,
        "lastTotalOver": 40,
        "last5": "1,0,0,0,1,0,0,1,0,0",
        "overOdds": "-125",
        "underOdds": "-105",
        "overUnder": "-125 / -105"
    },
    {
        "player": "Jake Debrusk",
        "team": "BOS",
        "opponent": "MTL",
        "propType": "ast",
        "line": 0.5,
        "ppLine": "PP1",
        "avg": 0.37,
        "hit": false,
        "diffAvg": -0.26,
        "diffAbs": 0.6,
        "lastAvg": 0.2,
        "diff": -0.6,
        "avgMin": 16,
        "proj": 0.2,
        "lastAvgMin": 15.03,
        "oppOver": 0,
        "teamOver": 0,
        "gameLine": "-295",
        "+/-": "+27",
        "L5_+/-": "+3.0",
        "prevMatchup": "2023-03-23 0.0 ast",
        "winLossSplits": "25% - 42%",
        "awayHome": "A",
        "playedYesterday": "N",
        "awayHomeSplits": "39% - 20%",
        "savesAboveExp": 0.061,
        "gsaa": -1.44,
        "corsi": "51.4% (58.2) // 52.9% (61.1) // 55.5% (63.8) // 57.5% (67.7)",
        "fenwick": "51.7% (44.0) // 52.8% (46.8) // 54.3% (49.7) // 56.0% (53.0)",
