[
    {
        "player": "Adam Boqvist",
        "team": "CBJ",
        "opponent": "NJ",
        "propType": "sog",
        "line": 1.5,
        "ppLine": "PP1",
        "avg": 1.63,
        "hit": false,
        "diffAvg": 0.09,
        "diffAbs": 0.13,
        "lastAvg": 1.23,
        "diff": -0.18,
        "avgMin": 18,
        "proj": 1.3,
        "lastAvgMin": 17.03,
        "oppOver": 0,
        "teamOver": 0,
        "gameLine": "+320",
        "+/-": -9,
        "L5_+/-": -4.0,
        "prevMatchup": "2023-02-14 1.0 sog",
        "winLossSplits": "67% - 45%",
        "awayHome": "A",
        "playedYesterday": "N",
        "awayHomeSplits": "64% - 31%",
        "savesAboveExp": 0.109,
        "gsaa": 6.35,
        "corsi": "45.7% (55.2) // 44.4% (54.5) // 40.8% (48.4) // 38.0% (47.3)",
        "fenwick": "45.5% (41.0) // 42.5% (39.5) // 38.6% (35.3) // 35.4% (33.9)",
        "shots": "45.4% (29.2) // 43.6% (29.1) // 39.3% (24.9) // 35.4% (23.0)",
        "scoring": "44.8% (27.1) // 43.1% (28.5) // 38.8% (25.3) // 35.0% (24.0)",
        "corsiAgainst": "54.3% (65.6) // 55.6% (68.3) // 59.2% (70.2) // 62.0% (77.2)",
        "fenwickAgainst": "54.5% (49.3) // 57.5% (53.5) // 61.4% (56.0) // 64.6% (61.9)",
        "shotsAgainst": "54.6% (35.2) // 56.4% (37.6) // 60.7% (38.5) // 64.6% (41.9)",
        "scoringAgainst": "55.2% (33.4) // 56.9% (37.6) // 61.2% (39.9) // 65.0% (44.6)",
        "oppCorsi": "53.8% (63.6) // 56.2% (66.9) // 58.7% (68.0) // 62.0% (69.0)",
        "oppFenwick": "54.0% (46.9) // 55.4% (49.1) // 57.2% (48.4) // 61.2% (49.0)",
        "oppShots": "55.1% (34.1) // 56.5% (35.6) // 57.2% (34.2) // 61.9% (36.3)",
        "oppScoring": "56.5% (34.9) // 61.6% (38.7) // 66.2% (41.2) // 69.1% (40.3)",
        "oppCorsiAgainst": "46.2% (54.6) // 43.8% (52.3) // 41.3% (47.8) // 38.0% (42.3)",
        "oppFenwickAgainst": "46.0% (39.9) // 44.6% (39.6) // 42.8% (36.2) // 38.8% (31.0)",
        "oppShotsAgainst": "44.9% (27.7) // 43.5% (27.4) // 42.8% (25.6) // 38.1% (22.3)",
        "oppScoringAgainst": "43.5% (26.9) // 38.4% (24.1) // 33.8% (21.0) // 30.9% (18.0)",
        "savesPerGame": 31.5,
        "savesPerGameLast1": 46.0,
        "savesPerGameLast3": 37.3,
        "savesPerGameLast5": 34.2,
        "savesPer60": 31.4,
        "savesPer60Last1": 45.2,
        "savesPer60Last3": 37.2,
        "savesPer60Last5": 34.1,
        "shotsPerGame": 29.4,
        "shotsPerGameLast5": 25.0,
        "shotsAgainstPerGame": 35.5,
        "shotsAgainstPerGameLast5": 38.6,
        "oppSavesAgainstPer60": 31.1,
        "oppSavesAgainstPer60Last1": 32.0,
        "oppSavesAgainstPer60Last3": 32.1,
        "oppSavesAgainstPer60Last5": 30.9,
        "oppShotsAgainstPerGame": 28.1,
        "oppShotsAgainstPerGameLast5": 25.6,
        "savesProj": 38.4,
        "savesProjLast5": 41.9,
        "savesProjLast3": 47.4,
        "oppSavesAgainstProj": 34.6,
        "oppSavesAgainstProjLast5": 35.3,
        "oppSavesAgainstProjLast3": 39.3,
        "totalOver": 51,
        "totalOverLast5": 100,
        "totalOverLast15": 67,
        "lastTotalOver": 44,
        "last5": "4,3,2,2,4,2,3,2,4,0",
        "overOdds": "-140",
        "underOdds": "+110",
        "overUnder": "-140 / +110"
    },
    {
        "player": "Adam Boqvist",
        "team": "CBJ",
        "opponent": "NJ",
        "propType": "pts",
        "line": 0.5,
        "ppLine": "PP1",
        "avg": 0.51,
        "hit": false,
        "diffAvg": 0.02,
        "diffAbs": 0.2,
        "lastAvg": 0.42,
        "diff": -0.16,
        "avgMin": 18,
        "proj": 0.4,
        "lastAvgMin": 17.03,
        "oppOver": 0,
        "teamOver": 0,
        "gameLine": "+320",
        "+/-": -9,
        "L5_+/-": -4.0,
        "prevMatchup": "2023-02-14 2.0 pts",
        "winLossSplits": "67% - 34%",
        "awayHome": "A",
        "playedYesterday": "N",
        "awayHomeSplits": "36% - 56%",
        "savesAboveExp": 0.109,
        "gsaa": 6.35,
        "corsi": "45.7% (55.2) // 44.4% (54.5) // 40.8% (48.4) // 38.0% (47.3)",
        "fenwick": "45.5% (41.0) // 42.5% (39.5) // 38.6% (35.3) // 35.4% (33.9)",
        "shots": "45.4% (29.2) // 43.6% (29.1) // 39.3% (24.9) // 35.4% (23.0)",
        "scoring": "44.8% (27.1) // 43.1% (28.5) // 38.8% (25.3) // 35.0% (24.0)",
        "corsiAgainst": "54.3% (65.6) // 55.6% (68.3) // 59.2% (70.2) // 62.0% (77.2)",
        "fenwickAgainst": "54.5% (49.3) // 57.5% (53.5) // 61.4% (56.0) // 64.6% (61.9)",
        "shotsAgainst": "54.6% (35.2) // 56.4% (37.6) // 60.7% (38.5) // 64.6% (41.9)",
        "scoringAgainst": "55.2% (33.4) // 56.9% (37.6) // 61.2% (39.9) // 65.0% (44.6)",
        "oppCorsi": "53.8% (63.6) // 56.2% (66.9) // 58.7% (68.0) // 62.0% (69.0)",
        "oppFenwick": "54.0% (46.9) // 55.4% (49.1) // 57.2% (48.4) // 61.2% (49.0)",
        "oppShots": "55.1% (34.1) // 56.5% (35.6) // 57.2% (34.2) // 61.9% (36.3)",
        "oppScoring": "56.5% (34.9) // 61.6% (38.7) // 66.2% (41.2) // 69.1% (40.3)",
        "oppCorsiAgainst": "46.2% (54.6) // 43.8% (52.3) // 41.3% (47.8) // 38.0% (42.3)",
        "oppFenwickAgainst": "46.0% (39.9) // 44.6% (39.6) // 42.8% (36.2) // 38.8% (31.0)",
        "oppShotsAgainst": "44.9% (27.7) // 43.5% (27.4) // 42.8% (25.6) // 38.1% (22.3)",
        "oppScoringAgainst": "43.5% (26.9) // 38.4% (24.1) // 33.8% (21.0) // 30.9% (18.0)",
        "savesPerGame": 31.5,
        "savesPerGameLast1": 46.0,
        "savesPerGameLast3": 37.3,
        "savesPerGameLast5": 34.2,
        "savesPer60": 31.4,
        "savesPer60Last1": 45.2,
        "savesPer60Last3": 37.2,
        "savesPer60Last5": 34.1,
        "shotsPerGame": 29.4,
        "shotsPerGameLast5": 25.0,
        "shotsAgainstPerGame": 35.5,
        "shotsAgainstPerGameLast5": 38.6,
        "oppSavesAgainstPer60": 31.1,
        "oppSavesAgainstPer60Last1": 32.0,
        "oppSavesAgainstPer60Last3": 32.1,
        "oppSavesAgainstPer60Last5": 30.9,
        "oppShotsAgainstPerGame": 28.1,
        "oppShotsAgainstPerGameLast5": 25.6,
        "savesProj": 38.4,
        "savesProjLast5": 41.9,
        "savesProjLast3": 47.4,
        "oppSavesAgainstProj": 34.6,
        "oppSavesAgainstProjLast5": 35.3,
        "oppSavesAgainstProjLast3": 39.3,
        "totalOver": 44,
        "totalOverLast5": 40,
        "totalOverLast15": 27,
        "lastTotalOver": 35,
        "last5": "0,0,0,1,2,0,1,0,0,0",
        "overOdds": "+105",
        "underOdds": "-135",
        "overUnder": "+105 / -135"
    },
    {
        "player": "Adam Boqvist",
        "team": "CBJ",
        "opponent": "NJ",
        "propType": "ast",
        "line": 0.5,
        "ppLine": "PP1",
        "avg": 0.39,
        "hit": false,
        "diffAvg": -0.22,
        "diffAbs": 0.6,
        "lastAvg": 0.21,
        "diff": -0.58,
        "avgMin": 18,
        "proj": 0.2,
        "lastAvgMin": 17.03,
        "oppOver": 0,
        "teamOver": 0,
        "gameLine": "+320",
        "+/-": -9,
        "L5_+/-": -4.0,
        "prevMatchup": "2023-02-14 1.0 ast",
        "winLossSplits": "50% - 34%",
        "awayHome": "A",
        "playedYesterday": "N",
        "awayHomeSplits": "28% - 56%",
        "savesAboveExp": 0.109,
        "gsaa": 6.35,
        "corsi": "45.7% (55.2) // 44.4% (54.5) // 40.8% (48.4) // 38.0% (47.3)",
        "fenwick": "45.5% (41.0) // 42.5% (39.5) // 38.6% (35.3) // 35.4% (33.9)",
        "shots": "45.4% (29.2) // 43.6% (29.1) // 39.3% (24.9) // 35.4% (23.0)",
        "scoring": "44.8% (27.1) // 43.1% (28.5) // 38.8% (25.3) // 35.0% (24.0)",
        "corsiAgainst": "54.3% (65.6) // 55.6% (68.3) // 59.2% (70.2) // 62.0% (77.2)",
        "fenwickAgainst": "54.5% (49.3) // 57.5% (53.5) // 61.4% (56.0) // 64.6% (61.9)",
        "shotsAgainst": "54.6% (35.2) // 56.4% (37.6) // 60.7% (38.5) // 64.6% (41.9)",
        "scoringAgainst": "55.2% (33.4) // 56.9% (37.6) // 61.2% (39.9) // 65.0% (44.6)",
        "oppCorsi": "53.8% (63.6) // 56.2% (66.9) // 58.7% (68.0) // 62.0% (69.0)",
        "oppFenwick": "54.0% (46.9) // 55.4% (49.1) // 57.2% (48.4) // 61.2% (49.0)",
        "oppShots": "55.1% (34.1) // 56.5% (35.6) // 57.2% (34.2) // 61.9% (36.3)",
        "oppScoring": "56.5% (34.9) // 61.6% (38.7) // 66.2% (41.2) // 69.1% (40.3)",
        "oppCorsiAgainst": "46.2% (54.6) // 43.8% (52.3) // 41.3% (47.8) // 38.0% (42.3)",
        "oppFenwickAgainst": "46.0% (39.9) // 44.6% (39.6) // 42.8% (36.2) // 38.8% (31.0)",
        "oppShotsAgainst": "44.9% (27.7) // 43.5% (27.4) // 42.8% (25.6) // 38.1% (22.3)",
        "oppScoringAgainst": "43.5% (26.9) // 38.4% (24.1) // 33.8% (21.0) // 30.9% (18.0)",
        "savesPerGame": 31.5,
        "savesPerGameLast1": 46.0,
        "savesPerGameLast3": 37.3,
        "savesPerGameLast5": 34.2,
        "savesPer60": 31.4,
        "savesPer60Last1": 45.2,
        "savesPer60Last3": 37.2,
        "savesPer60Last5": 34.1,
        "shotsPerGame": 29.4,
        "shotsPerGameLast5": 25.0,
        "shotsAgainstPerGame": 35.5,
        "shotsAgainstPerGameLast5": 38.6,
        "oppSavesAgainstPer60": 31.1,
        "oppSavesAgainstPer60Last1": 32.0,
        "oppSavesAgainstPer60Last3": 32.1,
        "oppSavesAgainstPer60Last5": 30.9,
        "oppShotsAgainstPerGame": 28.1,
        "oppShotsAgainstPerGameLast5": 25.6,
        "savesProj": 38.4,
        "savesProjLast5": 41.9,
        "savesProjLast3": 47.4,
        "oppSavesAgainstProj": 34.6,
        "oppSavesAgainstProjLast5": 35.3,
        "oppSavesAgainstProjLast3": 39.3,
        "totalOver": 39,
        "totalOverLast5": 20,
        "totalOverLast15": 20,
        "lastTotalOver": 21,
        "last5": "0,0,0,1,0,0,1,0,0,0",
        "overOdds": "+150",
        "underOdds": "-185",
        "overUnder": "+150 / -185"
    },
    {
        "player": "Adam Boqvist",
        "team": "CBJ",
        "opponent": "NJ",
        "propType": "g",
        "line": 0.5,
        "ppLine": "PP1",
        "avg": 0.12,
        "hit": false,
        "diffAvg": -0.76,
        "diffAbs": 0.6,
        "lastAvg": 0.21,
        "diff": -0.58,
        "avgMin": 18,
        "proj": 0.2,
        "lastAvgMin": 17.03,
        "oppOver": 0,
        "teamOver": 0,
        "gameLine": "+320",
        "+/-": -9,
        "L5_+/-": -4.0,
        "prevMatchup": "2023-02-14 1.0 g",
        "winLossSplits": "17% - 7%",
        "awayHome": "A",
        "playedYesterday": "N",
        "awayHomeSplits": "8% - 12%",
        "savesAboveExp": 0.109,
        "gsaa": 6.35,
        "corsi": "45.7% (55.2) // 44.4% (54.5) // 40.8% (48.4) // 38.0% (47.3)",
        "fenwick": "45.5% (41.0) // 42.5% (39.5) // 38.6% (35.3) // 35.4% (33.9)",
        "shots": "45.4% (29.2) // 43.6% (29.1) // 39.3% (24.9) // 35.4% (23.0)",
        "scoring": "44.8% (27.1) // 43.1% (28.5) // 38.8% (25.3) // 35.0% (24.0)",
        "corsiAgainst": "54.3% (65.6) // 55.6% (68.3) // 59.2% (70.2) // 62.0% (77.2)",
        "fenwickAgainst": "54.5% (49.3) // 57.5% (53.5) // 61.4% (56.0) // 64.6% (61.9)",
        "shotsAgainst": "54.6% (35.2) // 56.4% (37.6) // 60.7% (38.5) // 64.6% (41.9)",
        "scoringAgainst": "55.2% (33.4) // 56.9% (37.6) // 61.2% (39.9) // 65.0% (44.6)",
        "oppCorsi": "53.8% (63.6) // 56.2% (66.9) // 58.7% (68.0) // 62.0% (69.0)",
        "oppFenwick": "54.0% (46.9) // 55.4% (49.1) // 57.2% (48.4) // 61.2% (49.0)",
        "oppShots": "55.1% (34.1) // 56.5% (35.6) // 57.2% (34.2) // 61.9% (36.3)",
        "oppScoring": "56.5% (34.9) // 61.6% (38.7) // 66.2% (41.2) // 69.1% (40.3)",
        "oppCorsiAgainst": "46.2% (54.6) // 43.8% (52.3) // 41.3% (47.8) // 38.0% (42.3)",
        "oppFenwickAgainst": "46.0% (39.9) // 44.6% (39.6) // 42.8% (36.2) // 38.8% (31.0)",
        "oppShotsAgainst": "44.9% (27.7) // 43.5% (27.4) // 42.8% (25.6) // 38.1% (22.3)",
        "oppScoringAgainst": "43.5% (26.9) // 38.4% (24.1) // 33.8% (21.0) // 30.9% (18.0)",
        "savesPerGame": 31.5,
        "savesPerGameLast1": 46.0,
        "savesPerGameLast3": 37.3,
        "savesPerGameLast5": 34.2,
        "savesPer60": 31.4,
        "savesPer60Last1": 45.2,
        "savesPer60Last3": 37.2,
        "savesPer60Last5": 34.1,
        "shotsPerGame": 29.4,
        "shotsPerGameLast5": 25.0,
        "shotsAgainstPerGame": 35.5,
        "shotsAgainstPerGameLast5": 38.6,
        "oppSavesAgainstPer60": 31.1,
        "oppSavesAgainstPer60Last1": 32.0,
        "oppSavesAgainstPer60Last3": 32.1,
        "oppSavesAgainstPer60Last5": 30.9,
        "oppShotsAgainstPerGame": 28.1,
        "oppShotsAgainstPerGameLast5": 25.6,
        "savesProj": 38.4,
        "savesProjLast5": 41.9,
        "savesProjLast3": 47.4,
        "oppSavesAgainstProj": 34.6,
        "oppSavesAgainstProjLast5": 35.3,
        "oppSavesAgainstProjLast3": 39.3,
        "totalOver": 10,
        "totalOverLast5": 20,
        "totalOverLast15": 13,
        "lastTotalOver": 19,
        "last5": "0,0,0,0,2,0,0,0,0,0",
        "overOdds": "+650",
        "underOdds": "0",
        "overUnder": "+650 / 0"
    },
    {
        "player": "Boone Jenner",
        "team": "CBJ",
        "opponent": "NJ",
        "propType": "sog",
        "line": 2.5,
        "ppLine": "PP1",
        "avg": 3.2,
        "hit": false,
        "diffAvg": 0.28,
        "diffAbs": 0.08,
        "lastAvg": 2.71,
        "diff": 0.08,
        "avgMin": 20,
        "proj": 2.7,
        "lastAvgMin": 20.45,
        "oppOver": 0,
        "teamOver": 0,
        "gameLine": "+320",
        "+/-": -28,
        "L5_+/-": -10.0,
        "prevMatchup": "2023-02-14 5.0 sog 2022-10-30 1.0 sog",
        "winLossSplits": "59% - 61%",
        "awayHome": "A",
        "playedYesterday": "N",
        "awayHomeSplits": "55% - 67%",
        "savesAboveExp": 0.109,
        "gsaa": 6.35,
        "corsi": "45.7% (55.2) // 44.4% (54.5) // 40.8% (48.4) // 38.0% (47.3)",
        "fenwick": "45.5% (41.0) // 42.5% (39.5) // 38.6% (35.3) // 35.4% (33.9)",
        "shots": "45.4% (29.2) // 43.6% (29.1) // 39.3% (24.9) // 35.4% (23.0)",
        "scoring": "44.8% (27.1) // 43.1% (28.5) // 38.8% (25.3) // 35.0% (24.0)",
        "corsiAgainst": "54.3% (65.6) // 55.6% (68.3) // 59.2% (70.2) // 62.0% (77.2)",
        "fenwickAgainst": "54.5% (49.3) // 57.5% (53.5) // 61.4% (56.0) // 64.6% (61.9)",
        "shotsAgainst": "54.6% (35.2) // 56.4% (37.6) // 60.7% (38.5) // 64.6% (41.9)",
        "scoringAgainst": "55.2% (33.4) // 56.9% (37.6) // 61.2% (39.9) // 65.0% (44.6)",
        "oppCorsi": "53.8% (63.6) // 56.2% (66.9) // 58.7% (68.0) // 62.0% (69.0)",
        "oppFenwick": "54.0% (46.9) // 55.4% (49.1) // 57.2% (48.4) // 61.2% (49.0)",
        "oppShots": "55.1% (34.1) // 56.5% (35.6) // 57.2% (34.2) // 61.9% (36.3)",
        "oppScoring": "56.5% (34.9) // 61.6% (38.7) // 66.2% (41.2) // 69.1% (40.3)",
        "oppCorsiAgainst": "46.2% (54.6) // 43.8% (52.3) // 41.3% (47.8) // 38.0% (42.3)",
        "oppFenwickAgainst": "46.0% (39.9) // 44.6% (39.6) // 42.8% (36.2) // 38.8% (31.0)",
        "oppShotsAgainst": "44.9% (27.7) // 43.5% (27.4) // 42.8% (25.6) // 38.1% (22.3)",
        "oppScoringAgainst": "43.5% (26.9) // 38.4% (24.1) // 33.8% (21.0) // 30.9% (18.0)",
        "savesPerGame": 31.5,
        "savesPerGameLast1": 46.0,
        "savesPerGameLast3": 37.3,
        "savesPerGameLast5": 34.2,
        "savesPer60": 31.4,
        "savesPer60Last1": 45.2,
        "savesPer60Last3": 37.2,
        "savesPer60Last5": 34.1,
        "shotsPerGame": 29.4,
        "shotsPerGameLast5": 25.0,
        "shotsAgainstPerGame": 35.5,
        "shotsAgainstPerGameLast5": 38.6,
        "oppSavesAgainstPer60": 31.1,
        "oppSavesAgainstPer60Last1": 32.0,
        "oppSavesAgainstPer60Last3": 32.1,
        "oppSavesAgainstPer60Last5": 30.9,
        "oppShotsAgainstPerGame": 28.1,
        "oppShotsAgainstPerGameLast5": 25.6,
        "savesProj": 38.4,
        "savesProjLast5": 41.9,
        "savesProjLast3": 47.4,
        "oppSavesAgainstProj": 34.6,
        "oppSavesAgainstProjLast5": 35.3,
        "oppSavesAgainstProjLast3": 39.3,
        "totalOver": 61,
        "totalOverLast5": 40,
        "totalOverLast15": 47,
        "lastTotalOver": 50,
        "last5": "0,2,4,3,2,1,2,3,1,6",
        "overOdds": "-140",
        "underOdds": "+110",
        "overUnder": "-140 / +110"
    },
    {
        "player": "Boone Jenner",
        "team": "CBJ",
        "opponent": "NJ",
        "propType": "pts",
        "line": 0.5,
        "ppLine": "PP1",
        "avg": 0.68,
        "hit": false,
        "diffAvg": 0.36,
        "diffAbs": 0.4,
        "lastAvg": 0.75,
        "diff": 0.5,
        "avgMin": 20,
        "proj": 0.7,
        "lastAvgMin": 20.45,
        "oppOver": 0,
        "teamOver": 0,
        "gameLine": "+320",
        "+/-": -28,
        "L5_+/-": -10.0,
        "prevMatchup": "2023-02-14 1.0 pts 2022-10-30 0.0 pts",
        "winLossSplits": "82% - 36%",
        "awayHome": "A",
        "playedYesterday": "N",
        "awayHomeSplits": "39% - 64%",
        "savesAboveExp": 0.109,
        "gsaa": 6.35,
        "corsi": "45.7% (55.2) // 44.4% (54.5) // 40.8% (48.4) // 38.0% (47.3)",
        "fenwick": "45.5% (41.0) // 42.5% (39.5) // 38.6% (35.3) // 35.4% (33.9)",
        "shots": "45.4% (29.2) // 43.6% (29.1) // 39.3% (24.9) // 35.4% (23.0)",
        "scoring": "44.8% (27.1) // 43.1% (28.5) // 38.8% (25.3) // 35.0% (24.0)",
        "corsiAgainst": "54.3% (65.6) // 55.6% (68.3) // 59.2% (70.2) // 62.0% (77.2)",
        "fenwickAgainst": "54.5% (49.3) // 57.5% (53.5) // 61.4% (56.0) // 64.6% (61.9)",
        "shotsAgainst": "54.6% (35.2) // 56.4% (37.6) // 60.7% (38.5) // 64.6% (41.9)",
        "scoringAgainst": "55.2% (33.4) // 56.9% (37.6) // 61.2% (39.9) // 65.0% (44.6)",
        "oppCorsi": "53.8% (63.6) // 56.2% (66.9) // 58.7% (68.0) // 62.0% (69.0)",
        "oppFenwick": "54.0% (46.9) // 55.4% (49.1) // 57.2% (48.4) // 61.2% (49.0)",
        "oppShots": "55.1% (34.1) // 56.5% (35.6) // 57.2% (34.2) // 61.9% (36.3)",
        "oppScoring": "56.5% (34.9) // 61.6% (38.7) // 66.2% (41.2) // 69.1% (40.3)",
        "oppCorsiAgainst": "46.2% (54.6) // 43.8% (52.3) // 41.3% (47.8) // 38.0% (42.3)",
        "oppFenwickAgainst": "46.0% (39.9) // 44.6% (39.6) // 42.8% (36.2) // 38.8% (31.0)",
        "oppShotsAgainst": "44.9% (27.7) // 43.5% (27.4) // 42.8% (25.6) // 38.1% (22.3)",
        "oppScoringAgainst": "43.5% (26.9) // 38.4% (24.1) // 33.8% (21.0) // 30.9% (18.0)",
        "savesPerGame": 31.5,
        "savesPerGameLast1": 46.0,
        "savesPerGameLast3": 37.3,
        "savesPerGameLast5": 34.2,
        "savesPer60": 31.4,
        "savesPer60Last1": 45.2,
        "savesPer60Last3": 37.2,
        "savesPer60Last5": 34.1,
        "shotsPerGame": 29.4,
        "shotsPerGameLast5": 25.0,
        "shotsAgainstPerGame": 35.5,
        "shotsAgainstPerGameLast5": 38.6,
        "oppSavesAgainstPer60": 31.1,
        "oppSavesAgainstPer60Last1": 32.0,
        "oppSavesAgainstPer60Last3": 32.1,
        "oppSavesAgainstPer60Last5": 30.9,
        "oppShotsAgainstPerGame": 28.1,
        "oppShotsAgainstPerGameLast5": 25.6,
        "savesProj": 38.4,
        "savesProjLast5": 41.9,
        "savesProjLast3": 47.4,
        "oppSavesAgainstProj": 34.6,
        "oppSavesAgainstProjLast5": 35.3,
        "oppSavesAgainstProjLast3": 39.3,
        "totalOver": 52,
        "totalOverLast5": 40,
        "totalOverLast15": 47,
        "lastTotalOver": 54,
        "last5": "0,1,0,0,1,0,2,1,0,1",
        "overOdds": "-145",
        "underOdds": "+115",
        "overUnder": "-145 / +115"
    },
    {
        "player": "Boone Jenner",
        "team": "CBJ",
        "opponent": "NJ",
        "propType": "ast",
        "line": 0.5,
        "ppLine": "PP1",
        "avg": 0.29,
        "hit": false,
        "diffAvg": -0.42,
        "diffAbs": 0.4,
        "lastAvg": 0.36,
        "diff": -0.28,
        "avgMin": 20,
        "proj": 0.3,
        "lastAvgMin": 20.45,
        "oppOver": 0,
        "teamOver": 0,
        "gameLine": "+320",
        "+/-": -28,
        "L5_+/-": -10.0,
        "prevMatchup": "2023-02-14 1.0 ast 2022-10-30 0.0 ast",
        "winLossSplits": "36% - 20%",
        "awayHome": "A",
        "playedYesterday": "N",
        "awayHomeSplits": "21% - 30%",
        "savesAboveExp": 0.109,
        "gsaa": 6.35,
        "corsi": "45.7% (55.2) // 44.4% (54.5) // 40.8% (48.4) // 38.0% (47.3)",
        "fenwick": "45.5% (41.0) // 42.5% (39.5) // 38.6% (35.3) // 35.4% (33.9)",
        "shots": "45.4% (29.2) // 43.6% (29.1) // 39.3% (24.9) // 35.4% (23.0)",
        "scoring": "44.8% (27.1) // 43.1% (28.5) // 38.8% (25.3) // 35.0% (24.0)",
        "corsiAgainst": "54.3% (65.6) // 55.6% (68.3) // 59.2% (70.2) // 62.0% (77.2)",
        "fenwickAgainst": "54.5% (49.3) // 57.5% (53.5) // 61.4% (56.0) // 64.6% (61.9)",
        "shotsAgainst": "54.6% (35.2) // 56.4% (37.6) // 60.7% (38.5) // 64.6% (41.9)",
        "scoringAgainst": "55.2% (33.4) // 56.9% (37.6) // 61.2% (39.9) // 65.0% (44.6)",
        "oppCorsi": "53.8% (63.6) // 56.2% (66.9) // 58.7% (68.0) // 62.0% (69.0)",
        "oppFenwick": "54.0% (46.9) // 55.4% (49.1) // 57.2% (48.4) // 61.2% (49.0)",
        "oppShots": "55.1% (34.1) // 56.5% (35.6) // 57.2% (34.2) // 61.9% (36.3)",
        "oppScoring": "56.5% (34.9) // 61.6% (38.7) // 66.2% (41.2) // 69.1% (40.3)",
        "oppCorsiAgainst": "46.2% (54.6) // 43.8% (52.3) // 41.3% (47.8) // 38.0% (42.3)",
        "oppFenwickAgainst": "46.0% (39.9) // 44.6% (39.6) // 42.8% (36.2) // 38.8% (31.0)",
        "oppShotsAgainst": "44.9% (27.7) // 43.5% (27.4) // 42.8% (25.6) // 38.1% (22.3)",
        "oppScoringAgainst": "43.5% (26.9) // 38.4% (24.1) // 33.8% (21.0) // 30.9% (18.0)",
        "savesPerGame": 31.5,
        "savesPerGameLast1": 46.0,
        "savesPerGameLast3": 37.3,
        "savesPerGameLast5": 34.2,
        "savesPer60": 31.4,
        "savesPer60Last1": 45.2,
        "savesPer60Last3": 37.2,
        "savesPer60Last5": 34.1,
        "shotsPerGame": 29.4,
        "shotsPerGameLast5": 25.0,
        "shotsAgainstPerGame": 35.5,
        "shotsAgainstPerGameLast5": 38.6,
        "oppSavesAgainstPer60": 31.1,
        "oppSavesAgainstPer60Last1": 32.0,
        "oppSavesAgainstPer60Last3": 32.1,
        "oppSavesAgainstPer60Last5": 30.9,
        "oppShotsAgainstPerGame": 28.1,
        "oppShotsAgainstPerGameLast5": 25.6,
        "savesProj": 38.4,
        "savesProjLast5": 41.9,
        "savesProjLast3": 47.4,
        "oppSavesAgainstProj": 34.6,
        "oppSavesAgainstProjLast5": 35.3,
        "oppSavesAgainstProjLast3": 39.3,
        "totalOver": 26,
        "totalOverLast5": 20,
        "totalOverLast15": 13,
        "lastTotalOver": 27,
        "last5": "0,0,0,0,1,0,1,0,0,0",
        "overOdds": "+170",
        "underOdds": "-210",
        "overUnder": "+170 / -210"
    },
    {
        "player": "Boone Jenner",
        "team": "CBJ",
        "opponent": "NJ",
        "propType": "g",
        "line": 0.5,
        "ppLine": "PP1",
        "avg": 0.39,
        "hit": false,
        "diffAvg": -0.22,
        "diffAbs": 0.2,
        "lastAvg": 0.39,
        "diff": -0.22,
        "avgMin": 20,
        "proj": 0.4,
        "lastAvgMin": 20.45,
        "oppOver": 0,
        "teamOver": 0,
        "gameLine": "+320",
        "+/-": -28,
        "L5_+/-": -10.0,
        "prevMatchup": "2023-02-14 0.0 g 2022-10-30 0.0 g",
        "winLossSplits": "68% - 18%",
        "awayHome": "A",
        "playedYesterday": "N",
        "awayHomeSplits": "27% - 42%",
        "savesAboveExp": 0.109,
        "gsaa": 6.35,
        "corsi": "45.7% (55.2) // 44.4% (54.5) // 40.8% (48.4) // 38.0% (47.3)",
        "fenwick": "45.5% (41.0) // 42.5% (39.5) // 38.6% (35.3) // 35.4% (33.9)",
        "shots": "45.4% (29.2) // 43.6% (29.1) // 39.3% (24.9) // 35.4% (23.0)",
        "scoring": "44.8% (27.1) // 43.1% (28.5) // 38.8% (25.3) // 35.0% (24.0)",
        "corsiAgainst": "54.3% (65.6) // 55.6% (68.3) // 59.2% (70.2) // 62.0% (77.2)",
        "fenwickAgainst": "54.5% (49.3) // 57.5% (53.5) // 61.4% (56.0) // 64.6% (61.9)",
        "shotsAgainst": "54.6% (35.2) // 56.4% (37.6) // 60.7% (38.5) // 64.6% (41.9)",
        "scoringAgainst": "55.2% (33.4) // 56.9% (37.6) // 61.2% (39.9) // 65.0% (44.6)",
        "oppCorsi": "53.8% (63.6) // 56.2% (66.9) // 58.7% (68.0) // 62.0% (69.0)",
        "oppFenwick": "54.0% (46.9) // 55.4% (49.1) // 57.2% (48.4) // 61.2% (49.0)",
        "oppShots": "55.1% (34.1) // 56.5% (35.6) // 57.2% (34.2) // 61.9% (36.3)",
        "oppScoring": "56.5% (34.9) // 61.6% (38.7) // 66.2% (41.2) // 69.1% (40.3)",
        "oppCorsiAgainst": "46.2% (54.6) // 43.8% (52.3) // 41.3% (47.8) // 38.0% (42.3)",
        "oppFenwickAgainst": "46.0% (39.9) // 44.6% (39.6) // 42.8% (36.2) // 38.8% (31.0)",
        "oppShotsAgainst": "44.9% (27.7) // 43.5% (27.4) // 42.8% (25.6) // 38.1% (22.3)",
        "oppScoringAgainst": "43.5% (26.9) // 38.4% (24.1) // 33.8% (21.0) // 30.9% (18.0)",
        "savesPerGame": 31.5,
        "savesPerGameLast1": 46.0,
        "savesPerGameLast3": 37.3,
        "savesPerGameLast5": 34.2,
        "savesPer60": 31.4,
        "savesPer60Last1": 45.2,
        "savesPer60Last3": 37.2,
        "savesPer60Last5": 34.1,
        "shotsPerGame": 29.4,
        "shotsPerGameLast5": 25.0,
        "shotsAgainstPerGame": 35.5,
        "shotsAgainstPerGameLast5": 38.6,
        "oppSavesAgainstPer60": 31.1,
        "oppSavesAgainstPer60Last1": 32.0,
        "oppSavesAgainstPer60Last3": 32.1,
        "oppSavesAgainstPer60Last5": 30.9,
        "oppShotsAgainstPerGame": 28.1,
        "oppShotsAgainstPerGameLast5": 25.6,
        "savesProj": 38.4,
        "savesProjLast5": 41.9,
        "savesProjLast3": 47.4,
        "oppSavesAgainstProj": 34.6,
        "oppSavesAgainstProjLast5": 35.3,
        "oppSavesAgainstProjLast3": 39.3,
        "totalOver": 35,
        "totalOverLast5": 20,
        "totalOverLast15": 40,
        "lastTotalOver": 37,
        "last5": "0,1,0,0,0,0,1,1,0,1",
        "overOdds": "+175",
        "underOdds": "0",
        "overUnder": "+175 / 0"
    },
    {
        "player": "Dawson Mercer",
        "team": "NJ",
        "opponent": "CBJ",
        "propType": "sog",
        "line": 1.5,
        "ppLine": "PP2",
        "avg": 1.99,
        "hit": false,
        "diffAvg": 0.33,
        "diffAbs": 0.2,
        "lastAvg": 1.88,
        "diff": 0.25,
        "avgMin": 16,
        "proj": 1.8,
        "lastAvgMin": 16.53,
        "oppOver": 0,
        "teamOver": 0,
        "gameLine": "-390",
        "+/-": "+20",
        "L5_+/-": "+1.0",
        "prevMatchup": "2023-02-14 0.0 sog 2022-10-30 2.0 sog",
        "winLossSplits": "41% - 62%",
        "awayHome": "H",
        "playedYesterday": "N",
        "awayHomeSplits": "46% - 51%",
        "savesAboveExp": -1.53,
        "gsaa": "-",
        "corsi": "53.8% (63.6) // 56.2% (66.9) // 58.7% (68.0) // 62.0% (69.0)",
        "fenwick": "54.0% (46.9) // 55.4% (49.1) // 57.2% (48.4) // 61.2% (49.0)",
        "shots": "55.1% (34.1) // 56.5% (35.6) // 57.2% (34.2) // 61.9% (36.3)",
        "scoring": "56.5% (34.9) // 61.6% (38.7) // 66.2% (41.2) // 69.1% (40.3)",
        "corsiAgainst": "46.2% (54.6) // 43.8% (52.3) // 41.3% (47.8) // 38.0% (42.3)",
        "fenwickAgainst": "46.0% (39.9) // 44.6% (39.6) // 42.8% (36.2) // 38.8% (31.0)",
        "shotsAgainst": "44.9% (27.7) // 43.5% (27.4) // 42.8% (25.6) // 38.1% (22.3)",
        "scoringAgainst": "43.5% (26.9) // 38.4% (24.1) // 33.8% (21.0) // 30.9% (18.0)",
        "oppCorsi": "45.7% (55.2) // 44.4% (54.5) // 40.8% (48.4) // 38.0% (47.3)",
        "oppFenwick": "45.5% (41.0) // 42.5% (39.5) // 38.6% (35.3) // 35.4% (33.9)",
        "oppShots": "45.4% (29.2) // 43.6% (29.1) // 39.3% (24.9) // 35.4% (23.0)",
        "oppScoring": "44.8% (27.1) // 43.1% (28.5) // 38.8% (25.3) // 35.0% (24.0)",
        "oppCorsiAgainst": "54.3% (65.6) // 55.6% (68.3) // 59.2% (70.2) // 62.0% (77.2)",
        "oppFenwickAgainst": "54.5% (49.3) // 57.5% (53.5) // 61.4% (56.0) // 64.6% (61.9)",
        "oppShotsAgainst": "54.6% (35.2) // 56.4% (37.6) // 60.7% (38.5) // 64.6% (41.9)",
        "oppScoringAgainst": "55.2% (33.4) // 56.9% (37.6) // 61.2% (39.9) // 65.0% (44.6)",
        "savesPerGame": 25.3,
        "savesPerGameLast1": 22.0,
        "savesPerGameLast3": 19.0,
        "savesPerGameLast5": 22.4,
        "savesPer60": 25.4,
        "savesPer60Last1": 22.0,
        "savesPer60Last3": 18.9,
        "savesPer60Last5": 22.2,
        "shotsPerGame": 34.5,
        "shotsPerGameLast5": 34.2,
        "shotsAgainstPerGame": 28.1,
        "shotsAgainstPerGameLast5": 25.6,
        "oppSavesAgainstPer60": 26.8,
        "oppSavesAgainstPer60Last1": 23.9,
        "oppSavesAgainstPer60Last3": 21.2,
        "oppSavesAgainstPer60Last5": 23.4,
        "oppShotsAgainstPerGame": 35.5,
        "oppShotsAgainstPerGameLast5": 38.6,
        "savesProj": 21.7,
        "savesProjLast5": 16.4,
        "savesProjLast3": 12.6,
        "oppSavesAgainstProj": 24.1,
        "oppSavesAgainstProjLast5": 18.8,
        "oppSavesAgainstProjLast3": 14.5,
        "totalOver": 49,
        "totalOverLast5": 80,
        "totalOverLast15": 53,
        "lastTotalOver": 56,
        "last5": "3,0,4,3,2,1,1,1,1,3",
        "overOdds": "-185",
        "underOdds": "+150",
        "overUnder": "-185 / +150"
    },
    {
        "player": "Dawson Mercer",
        "team": "NJ",
        "opponent": "CBJ",
        "propType": "pts",
        "line": 0.5,
        "ppLine": "PP2",
        "avg": 0.71,
        "hit": false,
        "diffAvg": 0.42,
        "diffAbs": 0.0,
        "lastAvg": 0.51,
        "diff": 0.02,
        "avgMin": 16,
        "proj": 0.5,
        "lastAvgMin": 16.53,
        "oppOver": 0,
        "teamOver": 0,
        "gameLine": "-390",
        "+/-": "+20",
        "L5_+/-": "+1.0",
        "prevMatchup": "2023-02-14 0.0 pts 2022-10-30 1.0 pts",
        "winLossSplits": "55% - 38%",
        "awayHome": "H",
        "playedYesterday": "N",
        "awayHomeSplits": "56% - 41%",
        "savesAboveExp": -1.53,
        "gsaa": "-",
        "corsi": "53.8% (63.6) // 56.2% (66.9) // 58.7% (68.0) // 62.0% (69.0)",
        "fenwick": "54.0% (46.9) // 55.4% (49.1) // 57.2% (48.4) // 61.2% (49.0)",
        "shots": "55.1% (34.1) // 56.5% (35.6) // 57.2% (34.2) // 61.9% (36.3)",
        "scoring": "56.5% (34.9) // 61.6% (38.7) // 66.2% (41.2) // 69.1% (40.3)",
        "corsiAgainst": "46.2% (54.6) // 43.8% (52.3) // 41.3% (47.8) // 38.0% (42.3)",
        "fenwickAgainst": "46.0% (39.9) // 44.6% (39.6) // 42.8% (36.2) // 38.8% (31.0)",
        "shotsAgainst": "44.9% (27.7) // 43.5% (27.4) // 42.8% (25.6) // 38.1% (22.3)",
        "scoringAgainst": "43.5% (26.9) // 38.4% (24.1) // 33.8% (21.0) // 30.9% (18.0)",
        "oppCorsi": "45.7% (55.2) // 44.4% (54.5) // 40.8% (48.4) // 38.0% (47.3)",
        "oppFenwick": "45.5% (41.0) // 42.5% (39.5) // 38.6% (35.3) // 35.4% (33.9)",
        "oppShots": "45.4% (29.2) // 43.6% (29.1) // 39.3% (24.9) // 35.4% (23.0)",
        "oppScoring": "44.8% (27.1) // 43.1% (28.5) // 38.8% (25.3) // 35.0% (24.0)",
        "oppCorsiAgainst": "54.3% (65.6) // 55.6% (68.3) // 59.2% (70.2) // 62.0% (77.2)",
        "oppFenwickAgainst": "54.5% (49.3) // 57.5% (53.5) // 61.4% (56.0) // 64.6% (61.9)",
        "oppShotsAgainst": "54.6% (35.2) // 56.4% (37.6) // 60.7% (38.5) // 64.6% (41.9)",
        "oppScoringAgainst": "55.2% (33.4) // 56.9% (37.6) // 61.2% (39.9) // 65.0% (44.6)",
        "savesPerGame": 25.3,
        "savesPerGameLast1": 22.0,
        "savesPerGameLast3": 19.0,
        "savesPerGameLast5": 22.4,
        "savesPer60": 25.4,
        "savesPer60Last1": 22.0,
        "savesPer60Last3": 18.9,
        "savesPer60Last5": 22.2,
        "shotsPerGame": 34.5,
        "shotsPerGameLast5": 34.2,
        "shotsAgainstPerGame": 28.1,
        "shotsAgainstPerGameLast5": 25.6,
        "oppSavesAgainstPer60": 26.8,
        "oppSavesAgainstPer60Last1": 23.9,
        "oppSavesAgainstPer60Last3": 21.2,
        "oppSavesAgainstPer60Last5": 23.4,
        "oppShotsAgainstPerGame": 35.5,
        "oppShotsAgainstPerGameLast5": 38.6,
        "savesProj": 21.7,
        "savesProjLast5": 16.4,
        "savesProjLast3": 12.6,
        "oppSavesAgainstProj": 24.1,
        "oppSavesAgainstProjLast5": 18.8,
        "oppSavesAgainstProjLast3": 14.5,
        "totalOver": 49,
        "totalOverLast5": 40,
        "totalOverLast15": 33,
        "lastTotalOver": 39,
        "last5": "3,0,1,0,0,1,0,0,0,0",
        "overOdds": "-160",
        "underOdds": "+130",
        "overUnder": "-160 / +130"
    },
    {
        "player": "Dawson Mercer",
        "team": "NJ",
        "opponent": "CBJ",
        "propType": "ast",
        "line": 0.5,
        "ppLine": "PP2",
        "avg": 0.36,
        "hit": false,
        "diffAvg": -0.28,
        "diffAbs": 0.4,
        "lastAvg": 0.3,
        "diff": -0.4,
        "avgMin": 16,
        "proj": 0.3,
        "lastAvgMin": 16.53,
        "oppOver": 0,
        "teamOver": 0,
        "gameLine": "-390",
        "+/-": "+20",
        "L5_+/-": "+1.0",
        "prevMatchup": "2023-02-14 0.0 ast 2022-10-30 1.0 ast",
        "winLossSplits": "35% - 21%",
        "awayHome": "H",
        "playedYesterday": "N",
        "awayHomeSplits": "38% - 21%",
        "savesAboveExp": -1.53,
        "gsaa": "-",
        "corsi": "53.8% (63.6) // 56.2% (66.9) // 58.7% (68.0) // 62.0% (69.0)",
        "fenwick": "54.0% (46.9) // 55.4% (49.1) // 57.2% (48.4) // 61.2% (49.0)",
        "shots": "55.1% (34.1) // 56.5% (35.6) // 57.2% (34.2) // 61.9% (36.3)",
        "scoring": "56.5% (34.9) // 61.6% (38.7) // 66.2% (41.2) // 69.1% (40.3)",
        "corsiAgainst": "46.2% (54.6) // 43.8% (52.3) // 41.3% (47.8) // 38.0% (42.3)",
        "fenwickAgainst": "46.0% (39.9) // 44.6% (39.6) // 42.8% (36.2) // 38.8% (31.0)",
        "shotsAgainst": "44.9% (27.7) // 43.5% (27.4) // 42.8% (25.6) // 38.1% (22.3)",
        "scoringAgainst": "43.5% (26.9) // 38.4% (24.1) // 33.8% (21.0) // 30.9% (18.0)",
        "oppCorsi": "45.7% (55.2) // 44.4% (54.5) // 40.8% (48.4) // 38.0% (47.3)",
        "oppFenwick": "45.5% (41.0) // 42.5% (39.5) // 38.6% (35.3) // 35.4% (33.9)",
        "oppShots": "45.4% (29.2) // 43.6% (29.1) // 39.3% (24.9) // 35.4% (23.0)",
        "oppScoring": "44.8% (27.1) // 43.1% (28.5) // 38.8% (25.3) // 35.0% (24.0)",
        "oppCorsiAgainst": "54.3% (65.6) // 55.6% (68.3) // 59.2% (70.2) // 62.0% (77.2)",
        "oppFenwickAgainst": "54.5% (49.3) // 57.5% (53.5) // 61.4% (56.0) // 64.6% (61.9)",
        "oppShotsAgainst": "54.6% (35.2) // 56.4% (37.6) // 60.7% (38.5) // 64.6% (41.9)",
        "oppScoringAgainst": "55.2% (33.4) // 56.9% (37.6) // 61.2% (39.9) // 65.0% (44.6)",
        "savesPerGame": 25.3,
        "savesPerGameLast1": 22.0,
        "savesPerGameLast3": 19.0,
        "savesPerGameLast5": 22.4,
        "savesPer60": 25.4,
        "savesPer60Last1": 22.0,
        "savesPer60Last3": 18.9,
        "savesPer60Last5": 22.2,
        "shotsPerGame": 34.5,
        "shotsPerGameLast5": 34.2,
        "shotsAgainstPerGame": 28.1,
        "shotsAgainstPerGameLast5": 25.6,
        "oppSavesAgainstPer60": 26.8,
        "oppSavesAgainstPer60Last1": 23.9,
        "oppSavesAgainstPer60Last3": 21.2,
        "oppSavesAgainstPer60Last5": 23.4,
        "oppShotsAgainstPerGame": 35.5,
        "oppShotsAgainstPerGameLast5": 38.6,
        "savesProj": 21.7,
        "savesProjLast5": 16.4,
        "savesProjLast3": 12.6,
        "oppSavesAgainstProj": 24.1,
        "oppSavesAgainstProjLast5": 18.8,
        "oppSavesAgainstProjLast3": 14.5,
        "totalOver": 29,
        "totalOverLast5": 0,
        "totalOverLast15": 13,
        "lastTotalOver": 25,
        "last5": "0,0,0,0,0,0,0,0,0,0",
        "overOdds": "+135",
        "underOdds": "-165",
        "overUnder": "+135 / -165"
    },
    {
        "player": "Dawson Mercer",
        "team": "NJ",
        "opponent": "CBJ",
        "propType": "g",
        "line": 0.5,
        "ppLine": "PP2",
        "avg": 0.35,
        "hit": false,
        "diffAvg": -0.3,
        "diffAbs": 0.6,
        "lastAvg": 0.21,
        "diff": -0.58,
        "avgMin": 16,
        "proj": 0.2,
        "lastAvgMin": 16.53,
        "oppOver": 0,
        "teamOver": 0,
        "gameLine": "-390",
        "+/-": "+20",
        "L5_+/-": "+1.0",
        "prevMatchup": "2023-02-14 0.0 g 2022-10-30 0.0 g",
        "winLossSplits": "33% - 21%",
        "awayHome": "H",
        "playedYesterday": "N",
        "awayHomeSplits": "31% - 26%",
        "savesAboveExp": -1.53,
        "gsaa": "-",
        "corsi": "53.8% (63.6) // 56.2% (66.9) // 58.7% (68.0) // 62.0% (69.0)",
        "fenwick": "54.0% (46.9) // 55.4% (49.1) // 57.2% (48.4) // 61.2% (49.0)",
        "shots": "55.1% (34.1) // 56.5% (35.6) // 57.2% (34.2) // 61.9% (36.3)",
        "scoring": "56.5% (34.9) // 61.6% (38.7) // 66.2% (41.2) // 69.1% (40.3)",
        "corsiAgainst": "46.2% (54.6) // 43.8% (52.3) // 41.3% (47.8) // 38.0% (42.3)",
        "fenwickAgainst": "46.0% (39.9) // 44.6% (39.6) // 42.8% (36.2) // 38.8% (31.0)",
        "shotsAgainst": "44.9% (27.7) // 43.5% (27.4) // 42.8% (25.6) // 38.1% (22.3)",
        "scoringAgainst": "43.5% (26.9) // 38.4% (24.1) // 33.8% (21.0) // 30.9% (18.0)",
        "oppCorsi": "45.7% (55.2) // 44.4% (54.5) // 40.8% (48.4) // 38.0% (47.3)",
        "oppFenwick": "45.5% (41.0) // 42.5% (39.5) // 38.6% (35.3) // 35.4% (33.9)",
        "oppShots": "45.4% (29.2) // 43.6% (29.1) // 39.3% (24.9) // 35.4% (23.0)",
        "oppScoring": "44.8% (27.1) // 43.1% (28.5) // 38.8% (25.3) // 35.0% (24.0)",
        "oppCorsiAgainst": "54.3% (65.6) // 55.6% (68.3) // 59.2% (70.2) // 62.0% (77.2)",
        "oppFenwickAgainst": "54.5% (49.3) // 57.5% (53.5) // 61.4% (56.0) // 64.6% (61.9)",
        "oppShotsAgainst": "54.6% (35.2) // 56.4% (37.6) // 60.7% (38.5) // 64.6% (41.9)",
        "oppScoringAgainst": "55.2% (33.4) // 56.9% (37.6) // 61.2% (39.9) // 65.0% (44.6)",
        "savesPerGame": 25.3,
        "savesPerGameLast1": 22.0,
        "savesPerGameLast3": 19.0,
        "savesPerGameLast5": 22.4,
        "savesPer60": 25.4,
        "savesPer60Last1": 22.0,
        "savesPer60Last3": 18.9,
        "savesPer60Last5": 22.2,
        "shotsPerGame": 34.5,
        "shotsPerGameLast5": 34.2,
        "shotsAgainstPerGame": 28.1,
        "shotsAgainstPerGameLast5": 25.6,
        "oppSavesAgainstPer60": 26.8,
        "oppSavesAgainstPer60Last1": 23.9,
        "oppSavesAgainstPer60Last3": 21.2,
        "oppSavesAgainstPer60Last5": 23.4,
        "oppShotsAgainstPerGame": 35.5,
        "oppShotsAgainstPerGameLast5": 38.6,
        "savesProj": 21.7,
        "savesProjLast5": 16.4,
        "savesProjLast3": 12.6,
        "oppSavesAgainstProj": 24.1,
        "oppSavesAgainstProjLast5": 18.8,
        "oppSavesAgainstProjLast3": 14.5,
        "totalOver": 28,
        "totalOverLast5": 40,
        "totalOverLast15": 20,
        "lastTotalOver": 21,
        "last5": "3,0,1,0,0,1,0,0,0,0",
        "overOdds": "+160",
        "underOdds": "0",
        "overUnder": "+160 / 0"
    },
    {
        "player": "Dougie Hamilton",
        "team": "NJ",
        "opponent": "CBJ",
        "propType": "sog",
        "line": 3.5,
        "ppLine": "PP1",
        "avg": 3.41,
        "hit": false,
        "diffAvg": -0.03,
        "diffAbs": 0.11,
        "lastAvg": 3.18,
        "diff": -0.09,
        "avgMin": 21,
        "proj": 3.1,
        "lastAvgMin": 21.22,
        "oppOver": 0,
        "teamOver": 0,
        "gameLine": "-390",
        "+/-": "+22",
        "L5_+/-": -1.0,
        "prevMatchup": "2023-02-14 6.0 sog 2022-10-30 5.0 sog",
        "winLossSplits": "47% - 45%",
        "awayHome": "H",
        "playedYesterday": "N",
        "awayHomeSplits": "44% - 49%",
        "savesAboveExp": -1.53,
        "gsaa": "-",
        "corsi": "53.8% (63.6) // 56.2% (66.9) // 58.7% (68.0) // 62.0% (69.0)",
        "fenwick": "54.0% (46.9) // 55.4% (49.1) // 57.2% (48.4) // 61.2% (49.0)",
