[
    {
        "player": "Alex Pietrangelo",
        "team": "VGK",
        "opponent": "MIN",
        "propType": "sog",
        "line": 2.5,
        "ppLine": "PP1",
        "avg": 2.25,
        "hit": false,
        "diffAvg": -0.1,
        "diffAbs": 0.04,
        "lastAvg": 2.8,
        "diff": 0.12,
        "avgMin": 23,
        "proj": 2.6,
        "lastAvgMin": 24.63,
        "oppOver": 0,
        "teamOver": 0,
        "gameLine": "+115",
        "+/-": "+7",
        "L5_+/-": "+5.0",
        "prevMatchup": "2023-04-01 3.0 sog 2023-02-09 3.0 sog",
        "winLossSplits": "1.84 - 2.64",
        "awayHome": "A",
        "playedYesterday": "N",
        "awayHomeSplits": "2.16 - 2.33",
        "savesAboveExp": 0.594,
        "gsaa": 30.07,
        "corsi": "48.6% (57.5) // 45.4% (53.7) // 45.5% (56.4) // 46.3% (54.4)",
        "fenwick": "49.8% (42.6) // 46.9% (40.6) // 48.2% (43.1) // 47.9% (42.1)",
        "shots": "50.5% (31.3) // 48.1% (30.6) // 48.3% (31.1) // 49.2% (30.2)",
        "scoring": "49.5% (29.5) // 45.9% (29.3) // 47.4% (32.8) // 49.0% (31.2)",
        "corsiAgainst": "51.4% (60.8) // 54.6% (64.6) // 54.5% (67.7) // 53.7% (63.0)",
        "fenwickAgainst": "50.2% (42.9) // 53.1% (45.9) // 51.8% (46.3) // 52.1% (45.8)",
        "shotsAgainst": "49.5% (30.7) // 51.9% (33.0) // 51.7% (33.2) // 50.8% (31.2)",
        "scoringAgainst": "50.5% (30.0) // 54.1% (34.6) // 52.6% (36.4) // 51.0% (32.5)",
        "oppCorsi": "49.9% (57.4) // 47.2% (54.2) // 43.7% (50.2) // 40.9% (50.3)",
        "oppFenwick": "50.8% (43.3) // 46.7% (41.2) // 43.1% (37.6) // 39.9% (37.0)",
        "oppShots": "50.0% (30.5) // 45.1% (29.0) // 41.6% (25.2) // 39.1% (26.3)",
        "oppScoring": "50.4% (28.1) // 45.9% (25.2) // 39.9% (21.8) // 37.5% (23.0)",
        "oppCorsiAgainst": "50.1% (57.5) // 52.8% (60.6) // 56.3% (64.5) // 59.1% (72.7)",
        "oppFenwickAgainst": "49.2% (42.0) // 53.3% (47.1) // 56.9% (49.6) // 60.1% (55.7)",
        "oppShotsAgainst": "50.0% (30.5) // 54.9% (35.3) // 58.4% (35.4) // 60.9% (41.0)",
        "oppScoringAgainst": "49.6% (27.7) // 54.1% (29.7) // 60.1% (32.9) // 62.5% (38.3)",
        "savesPerGame": 28.3,
        "savesPerGameLast1": 29.0,
        "savesPerGameLast3": 27.3,
        "savesPerGameLast5": 30.2,
        "savesPer60": 28.4,
        "savesPer60Last1": 29.0,
        "savesPer60Last3": 27.5,
        "savesPer60Last5": 30.5,
        "shotsPerGame": 31.8,
        "shotsPerGameLast5": 31.4,
        "shotsAgainstPerGame": 31.1,
        "shotsAgainstPerGameLast5": 33.6,
        "oppSavesAgainstPer60": 28.5,
        "oppSavesAgainstPer60Last1": 28.8,
        "oppSavesAgainstPer60Last3": 23.5,
        "oppSavesAgainstPer60Last5": 22.8,
        "oppShotsAgainstPerGame": 31.1,
        "oppShotsAgainstPerGameLast5": 36.0,
        "savesProj": 27.9,
        "savesProjLast5": 23.6,
        "savesProjLast3": 22.0,
        "oppSavesAgainstProj": 28.8,
        "oppSavesAgainstProjLast5": 23.2,
        "oppSavesAgainstProjLast3": 22.6,
        "totalOver": 43,
        "totalOverLast5": 40,
        "totalOverLast15": 33,
        "lastTotalOver": 46,
        "last5": "3,0,3,0,0,4,3,2,2,1",
        "overOdds": "+120",
        "underOdds": "-150",
        "overUnder": "+120 / -150"
    },
    {
        "player": "Alex Pietrangelo",
        "team": "VGK",
        "opponent": "MIN",
        "propType": "pts",
        "line": 0.5,
        "ppLine": "PP1",
        "avg": 0.75,
        "hit": false,
        "diffAvg": 0.5,
        "diffAbs": 0.0,
        "lastAvg": 0.54,
        "diff": 0.08,
        "avgMin": 23,
        "proj": 0.5,
        "lastAvgMin": 24.63,
        "oppOver": 0,
        "teamOver": 0,
        "gameLine": "+115",
        "+/-": "+7",
        "L5_+/-": "+5.0",
        "prevMatchup": "2023-04-01 1.0 pts 2023-02-09 1.0 pts",
        "winLossSplits": "1.05 - 0.29",
        "awayHome": "A",
        "playedYesterday": "N",
        "awayHomeSplits": "0.77 - 0.72",
        "savesAboveExp": 0.594,
        "gsaa": 30.07,
        "corsi": "48.6% (57.5) // 45.4% (53.7) // 45.5% (56.4) // 46.3% (54.4)",
        "fenwick": "49.8% (42.6) // 46.9% (40.6) // 48.2% (43.1) // 47.9% (42.1)",
        "shots": "50.5% (31.3) // 48.1% (30.6) // 48.3% (31.1) // 49.2% (30.2)",
        "scoring": "49.5% (29.5) // 45.9% (29.3) // 47.4% (32.8) // 49.0% (31.2)",
        "corsiAgainst": "51.4% (60.8) // 54.6% (64.6) // 54.5% (67.7) // 53.7% (63.0)",
        "fenwickAgainst": "50.2% (42.9) // 53.1% (45.9) // 51.8% (46.3) // 52.1% (45.8)",
        "shotsAgainst": "49.5% (30.7) // 51.9% (33.0) // 51.7% (33.2) // 50.8% (31.2)",
        "scoringAgainst": "50.5% (30.0) // 54.1% (34.6) // 52.6% (36.4) // 51.0% (32.5)",
        "oppCorsi": "49.9% (57.4) // 47.2% (54.2) // 43.7% (50.2) // 40.9% (50.3)",
        "oppFenwick": "50.8% (43.3) // 46.7% (41.2) // 43.1% (37.6) // 39.9% (37.0)",
        "oppShots": "50.0% (30.5) // 45.1% (29.0) // 41.6% (25.2) // 39.1% (26.3)",
        "oppScoring": "50.4% (28.1) // 45.9% (25.2) // 39.9% (21.8) // 37.5% (23.0)",
        "oppCorsiAgainst": "50.1% (57.5) // 52.8% (60.6) // 56.3% (64.5) // 59.1% (72.7)",
        "oppFenwickAgainst": "49.2% (42.0) // 53.3% (47.1) // 56.9% (49.6) // 60.1% (55.7)",
        "oppShotsAgainst": "50.0% (30.5) // 54.9% (35.3) // 58.4% (35.4) // 60.9% (41.0)",
        "oppScoringAgainst": "49.6% (27.7) // 54.1% (29.7) // 60.1% (32.9) // 62.5% (38.3)",
        "savesPerGame": 28.3,
        "savesPerGameLast1": 29.0,
        "savesPerGameLast3": 27.3,
        "savesPerGameLast5": 30.2,
        "savesPer60": 28.4,
        "savesPer60Last1": 29.0,
        "savesPer60Last3": 27.5,
        "savesPer60Last5": 30.5,
        "shotsPerGame": 31.8,
        "shotsPerGameLast5": 31.4,
        "shotsAgainstPerGame": 31.1,
        "shotsAgainstPerGameLast5": 33.6,
        "oppSavesAgainstPer60": 28.5,
        "oppSavesAgainstPer60Last1": 28.8,
        "oppSavesAgainstPer60Last3": 23.5,
        "oppSavesAgainstPer60Last5": 22.8,
        "oppShotsAgainstPerGame": 31.1,
        "oppShotsAgainstPerGameLast5": 36.0,
        "savesProj": 27.9,
        "savesProjLast5": 23.6,
        "savesProjLast3": 22.0,
        "oppSavesAgainstProj": 28.8,
        "oppSavesAgainstProjLast5": 23.2,
        "oppSavesAgainstProjLast3": 22.6,
        "totalOver": 48,
        "totalOverLast5": 60,
        "totalOverLast15": 60,
        "lastTotalOver": 47,
        "last5": "1,0,2,0,1,1,4,1,0,2",
        "overOdds": "+100",
        "underOdds": "-130",
        "overUnder": "+100 / -130"
    },
    {
        "player": "Alex Pietrangelo",
        "team": "VGK",
        "opponent": "MIN",
        "propType": "ast",
        "line": 0.5,
        "ppLine": "PP1",
        "avg": 0.61,
        "hit": false,
        "diffAvg": 0.22,
        "diffAbs": 0.2,
        "lastAvg": 0.38,
        "diff": -0.24,
        "avgMin": 23,
        "proj": 0.4,
        "lastAvgMin": 24.63,
        "oppOver": 0,
        "teamOver": 0,
        "gameLine": "+115",
        "+/-": "+7",
        "L5_+/-": "+5.0",
        "prevMatchup": "2023-04-01 1.0 ast 2023-02-09 0.0 ast",
        "winLossSplits": "0.85 - 0.25",
        "awayHome": "A",
        "playedYesterday": "N",
        "awayHomeSplits": "0.61 - 0.61",
        "savesAboveExp": 0.594,
        "gsaa": 30.07,
        "corsi": "48.6% (57.5) // 45.4% (53.7) // 45.5% (56.4) // 46.3% (54.4)",
        "fenwick": "49.8% (42.6) // 46.9% (40.6) // 48.2% (43.1) // 47.9% (42.1)",
        "shots": "50.5% (31.3) // 48.1% (30.6) // 48.3% (31.1) // 49.2% (30.2)",
        "scoring": "49.5% (29.5) // 45.9% (29.3) // 47.4% (32.8) // 49.0% (31.2)",
        "corsiAgainst": "51.4% (60.8) // 54.6% (64.6) // 54.5% (67.7) // 53.7% (63.0)",
        "fenwickAgainst": "50.2% (42.9) // 53.1% (45.9) // 51.8% (46.3) // 52.1% (45.8)",
        "shotsAgainst": "49.5% (30.7) // 51.9% (33.0) // 51.7% (33.2) // 50.8% (31.2)",
        "scoringAgainst": "50.5% (30.0) // 54.1% (34.6) // 52.6% (36.4) // 51.0% (32.5)",
        "oppCorsi": "49.9% (57.4) // 47.2% (54.2) // 43.7% (50.2) // 40.9% (50.3)",
        "oppFenwick": "50.8% (43.3) // 46.7% (41.2) // 43.1% (37.6) // 39.9% (37.0)",
        "oppShots": "50.0% (30.5) // 45.1% (29.0) // 41.6% (25.2) // 39.1% (26.3)",
        "oppScoring": "50.4% (28.1) // 45.9% (25.2) // 39.9% (21.8) // 37.5% (23.0)",
        "oppCorsiAgainst": "50.1% (57.5) // 52.8% (60.6) // 56.3% (64.5) // 59.1% (72.7)",
        "oppFenwickAgainst": "49.2% (42.0) // 53.3% (47.1) // 56.9% (49.6) // 60.1% (55.7)",
        "oppShotsAgainst": "50.0% (30.5) // 54.9% (35.3) // 58.4% (35.4) // 60.9% (41.0)",
        "oppScoringAgainst": "49.6% (27.7) // 54.1% (29.7) // 60.1% (32.9) // 62.5% (38.3)",
        "savesPerGame": 28.3,
        "savesPerGameLast1": 29.0,
        "savesPerGameLast3": 27.3,
        "savesPerGameLast5": 30.2,
        "savesPer60": 28.4,
        "savesPer60Last1": 29.0,
        "savesPer60Last3": 27.5,
        "savesPer60Last5": 30.5,
        "shotsPerGame": 31.8,
        "shotsPerGameLast5": 31.4,
        "shotsAgainstPerGame": 31.1,
        "shotsAgainstPerGameLast5": 33.6,
        "oppSavesAgainstPer60": 28.5,
        "oppSavesAgainstPer60Last1": 28.8,
        "oppSavesAgainstPer60Last3": 23.5,
        "oppSavesAgainstPer60Last5": 22.8,
        "oppShotsAgainstPerGame": 31.1,
        "oppShotsAgainstPerGameLast5": 36.0,
        "savesProj": 27.9,
        "savesProjLast5": 23.6,
        "savesProjLast3": 22.0,
        "oppSavesAgainstProj": 28.8,
        "oppSavesAgainstProjLast5": 23.2,
        "oppSavesAgainstProjLast3": 22.6,
        "totalOver": 42,
        "totalOverLast5": 60,
        "totalOverLast15": 60,
        "lastTotalOver": 37,
        "last5": "1,0,2,0,1,1,4,1,0,1",
        "overOdds": "+140",
        "underOdds": "-175",
        "overUnder": "+140 / -175"
    },
    {
        "player": "Alex Pietrangelo",
        "team": "VGK",
        "opponent": "MIN",
        "propType": "g",
        "line": 0.5,
        "ppLine": "PP1",
        "avg": 0.13,
        "hit": false,
        "diffAvg": -0.74,
        "diffAbs": 0.8,
        "lastAvg": 0.16,
        "diff": -0.68,
        "avgMin": 23,
        "proj": 0.1,
        "lastAvgMin": 24.63,
        "oppOver": 0,
        "teamOver": 0,
        "gameLine": "+115",
        "+/-": "+7",
        "L5_+/-": "+5.0",
        "prevMatchup": "2023-04-01 0.0 g 2023-02-09 1.0 g",
        "winLossSplits": "0.2 - 0.04",
        "awayHome": "A",
        "playedYesterday": "N",
        "awayHomeSplits": "0.16 - 0.11",
        "savesAboveExp": 0.594,
        "gsaa": 30.07,
        "corsi": "48.6% (57.5) // 45.4% (53.7) // 45.5% (56.4) // 46.3% (54.4)",
        "fenwick": "49.8% (42.6) // 46.9% (40.6) // 48.2% (43.1) // 47.9% (42.1)",
        "shots": "50.5% (31.3) // 48.1% (30.6) // 48.3% (31.1) // 49.2% (30.2)",
        "scoring": "49.5% (29.5) // 45.9% (29.3) // 47.4% (32.8) // 49.0% (31.2)",
        "corsiAgainst": "51.4% (60.8) // 54.6% (64.6) // 54.5% (67.7) // 53.7% (63.0)",
        "fenwickAgainst": "50.2% (42.9) // 53.1% (45.9) // 51.8% (46.3) // 52.1% (45.8)",
        "shotsAgainst": "49.5% (30.7) // 51.9% (33.0) // 51.7% (33.2) // 50.8% (31.2)",
        "scoringAgainst": "50.5% (30.0) // 54.1% (34.6) // 52.6% (36.4) // 51.0% (32.5)",
        "oppCorsi": "49.9% (57.4) // 47.2% (54.2) // 43.7% (50.2) // 40.9% (50.3)",
        "oppFenwick": "50.8% (43.3) // 46.7% (41.2) // 43.1% (37.6) // 39.9% (37.0)",
        "oppShots": "50.0% (30.5) // 45.1% (29.0) // 41.6% (25.2) // 39.1% (26.3)",
        "oppScoring": "50.4% (28.1) // 45.9% (25.2) // 39.9% (21.8) // 37.5% (23.0)",
        "oppCorsiAgainst": "50.1% (57.5) // 52.8% (60.6) // 56.3% (64.5) // 59.1% (72.7)",
        "oppFenwickAgainst": "49.2% (42.0) // 53.3% (47.1) // 56.9% (49.6) // 60.1% (55.7)",
        "oppShotsAgainst": "50.0% (30.5) // 54.9% (35.3) // 58.4% (35.4) // 60.9% (41.0)",
        "oppScoringAgainst": "49.6% (27.7) // 54.1% (29.7) // 60.1% (32.9) // 62.5% (38.3)",
        "savesPerGame": 28.3,
        "savesPerGameLast1": 29.0,
        "savesPerGameLast3": 27.3,
        "savesPerGameLast5": 30.2,
        "savesPer60": 28.4,
        "savesPer60Last1": 29.0,
        "savesPer60Last3": 27.5,
        "savesPer60Last5": 30.5,
        "shotsPerGame": 31.8,
        "shotsPerGameLast5": 31.4,
        "shotsAgainstPerGame": 31.1,
        "shotsAgainstPerGameLast5": 33.6,
        "oppSavesAgainstPer60": 28.5,
        "oppSavesAgainstPer60Last1": 28.8,
        "oppSavesAgainstPer60Last3": 23.5,
        "oppSavesAgainstPer60Last5": 22.8,
        "oppShotsAgainstPerGame": 31.1,
        "oppShotsAgainstPerGameLast5": 36.0,
        "savesProj": 27.9,
        "savesProjLast5": 23.6,
        "savesProjLast3": 22.0,
        "oppSavesAgainstProj": 28.8,
        "oppSavesAgainstProjLast5": 23.2,
        "oppSavesAgainstProjLast3": 22.6,
        "totalOver": 13,
        "totalOverLast5": 0,
        "totalOverLast15": 7,
        "lastTotalOver": 16,
        "last5": "0,0,0,0,0,0,0,0,0,1",
        "overOdds": "+500",
        "underOdds": "0",
        "overUnder": "+500 / 0"
    },
    {
        "player": "Alex Pietrangelo",
        "team": "VGK",
        "opponent": "MIN",
        "propType": "bs",
        "line": 1.5,
        "ppLine": "PP1",
        "avg": 2.45,
        "hit": false,
        "diffAvg": 0.63,
        "diffAbs": 1.0,
        "lastAvg": 0.0,
        "diff": 0,
        "avgMin": 23,
        "proj": 0.0,
        "lastAvgMin": 24.63,
        "oppOver": 0,
        "teamOver": 0,
        "gameLine": "+115",
        "+/-": "+7",
        "L5_+/-": "+5.0",
        "prevMatchup": "2023-04-01 1.0 bs 2023-02-09 1.0 bs",
        "winLossSplits": "2.25 - 2.48",
        "awayHome": "A",
        "playedYesterday": "N",
        "awayHomeSplits": "2.65 - 2.28",
        "savesAboveExp": 0.594,
        "gsaa": 30.07,
        "corsi": "48.6% (57.5) // 45.4% (53.7) // 45.5% (56.4) // 46.3% (54.4)",
        "fenwick": "49.8% (42.6) // 46.9% (40.6) // 48.2% (43.1) // 47.9% (42.1)",
        "shots": "50.5% (31.3) // 48.1% (30.6) // 48.3% (31.1) // 49.2% (30.2)",
        "scoring": "49.5% (29.5) // 45.9% (29.3) // 47.4% (32.8) // 49.0% (31.2)",
        "corsiAgainst": "51.4% (60.8) // 54.6% (64.6) // 54.5% (67.7) // 53.7% (63.0)",
        "fenwickAgainst": "50.2% (42.9) // 53.1% (45.9) // 51.8% (46.3) // 52.1% (45.8)",
        "shotsAgainst": "49.5% (30.7) // 51.9% (33.0) // 51.7% (33.2) // 50.8% (31.2)",
        "scoringAgainst": "50.5% (30.0) // 54.1% (34.6) // 52.6% (36.4) // 51.0% (32.5)",
        "oppCorsi": "49.9% (57.4) // 47.2% (54.2) // 43.7% (50.2) // 40.9% (50.3)",
        "oppFenwick": "50.8% (43.3) // 46.7% (41.2) // 43.1% (37.6) // 39.9% (37.0)",
        "oppShots": "50.0% (30.5) // 45.1% (29.0) // 41.6% (25.2) // 39.1% (26.3)",
        "oppScoring": "50.4% (28.1) // 45.9% (25.2) // 39.9% (21.8) // 37.5% (23.0)",
        "oppCorsiAgainst": "50.1% (57.5) // 52.8% (60.6) // 56.3% (64.5) // 59.1% (72.7)",
        "oppFenwickAgainst": "49.2% (42.0) // 53.3% (47.1) // 56.9% (49.6) // 60.1% (55.7)",
        "oppShotsAgainst": "50.0% (30.5) // 54.9% (35.3) // 58.4% (35.4) // 60.9% (41.0)",
        "oppScoringAgainst": "49.6% (27.7) // 54.1% (29.7) // 60.1% (32.9) // 62.5% (38.3)",
        "savesPerGame": 28.3,
        "savesPerGameLast1": 29.0,
        "savesPerGameLast3": 27.3,
        "savesPerGameLast5": 30.2,
        "savesPer60": 28.4,
        "savesPer60Last1": 29.0,
        "savesPer60Last3": 27.5,
        "savesPer60Last5": 30.5,
        "shotsPerGame": 31.8,
        "shotsPerGameLast5": 31.4,
        "shotsAgainstPerGame": 31.1,
        "shotsAgainstPerGameLast5": 33.6,
        "oppSavesAgainstPer60": 28.5,
        "oppSavesAgainstPer60Last1": 28.8,
        "oppSavesAgainstPer60Last3": 23.5,
        "oppSavesAgainstPer60Last5": 22.8,
        "oppShotsAgainstPerGame": 31.1,
        "oppShotsAgainstPerGameLast5": 36.0,
        "savesProj": 27.9,
        "savesProjLast5": 23.6,
        "savesProjLast3": 22.0,
        "oppSavesAgainstProj": 28.8,
        "oppSavesAgainstProjLast5": 23.2,
        "oppSavesAgainstProjLast3": 22.6,
        "totalOver": 70,
        "totalOverLast5": 80,
        "totalOverLast15": 53,
        "lastTotalOver": 0,
        "last5": "1,2,4,3,2,0,0,2,3,1",
        "overOdds": "-185",
        "underOdds": "+150",
        "overUnder": "-185 / +150"
    },
    {
        "player": "Jack Eichel",
        "team": "VGK",
        "opponent": "MIN",
        "propType": "sog",
        "line": 2.5,
        "ppLine": "PP1",
        "avg": 3.37,
        "hit": false,
        "diffAvg": 0.35,
        "diffAbs": 0.44,
        "lastAvg": 3.91,
        "diff": 0.56,
        "avgMin": 18,
        "proj": 3.6,
        "lastAvgMin": 19.38,
        "oppOver": 0,
        "teamOver": 0,
        "gameLine": "+115",
        "+/-": "+23",
        "L5_+/-": "+6.0",
        "prevMatchup": "2023-04-01 5.0 sog 2023-02-09 3.0 sog",
        "winLossSplits": "3.59 - 2.62",
        "awayHome": "A",
        "playedYesterday": "N",
        "awayHomeSplits": "3.61 - 3.12",
        "savesAboveExp": 0.594,
        "gsaa": 30.07,
        "corsi": "48.6% (57.5) // 45.4% (53.7) // 45.5% (56.4) // 46.3% (54.4)",
        "fenwick": "49.8% (42.6) // 46.9% (40.6) // 48.2% (43.1) // 47.9% (42.1)",
        "shots": "50.5% (31.3) // 48.1% (30.6) // 48.3% (31.1) // 49.2% (30.2)",
        "scoring": "49.5% (29.5) // 45.9% (29.3) // 47.4% (32.8) // 49.0% (31.2)",
        "corsiAgainst": "51.4% (60.8) // 54.6% (64.6) // 54.5% (67.7) // 53.7% (63.0)",
        "fenwickAgainst": "50.2% (42.9) // 53.1% (45.9) // 51.8% (46.3) // 52.1% (45.8)",
        "shotsAgainst": "49.5% (30.7) // 51.9% (33.0) // 51.7% (33.2) // 50.8% (31.2)",
        "scoringAgainst": "50.5% (30.0) // 54.1% (34.6) // 52.6% (36.4) // 51.0% (32.5)",
        "oppCorsi": "49.9% (57.4) // 47.2% (54.2) // 43.7% (50.2) // 40.9% (50.3)",
        "oppFenwick": "50.8% (43.3) // 46.7% (41.2) // 43.1% (37.6) // 39.9% (37.0)",
        "oppShots": "50.0% (30.5) // 45.1% (29.0) // 41.6% (25.2) // 39.1% (26.3)",
        "oppScoring": "50.4% (28.1) // 45.9% (25.2) // 39.9% (21.8) // 37.5% (23.0)",
        "oppCorsiAgainst": "50.1% (57.5) // 52.8% (60.6) // 56.3% (64.5) // 59.1% (72.7)",
        "oppFenwickAgainst": "49.2% (42.0) // 53.3% (47.1) // 56.9% (49.6) // 60.1% (55.7)",
        "oppShotsAgainst": "50.0% (30.5) // 54.9% (35.3) // 58.4% (35.4) // 60.9% (41.0)",
        "oppScoringAgainst": "49.6% (27.7) // 54.1% (29.7) // 60.1% (32.9) // 62.5% (38.3)",
        "savesPerGame": 28.3,
        "savesPerGameLast1": 29.0,
        "savesPerGameLast3": 27.3,
        "savesPerGameLast5": 30.2,
        "savesPer60": 28.4,
        "savesPer60Last1": 29.0,
        "savesPer60Last3": 27.5,
        "savesPer60Last5": 30.5,
        "shotsPerGame": 31.8,
        "shotsPerGameLast5": 31.4,
        "shotsAgainstPerGame": 31.1,
        "shotsAgainstPerGameLast5": 33.6,
        "oppSavesAgainstPer60": 28.5,
        "oppSavesAgainstPer60Last1": 28.8,
        "oppSavesAgainstPer60Last3": 23.5,
        "oppSavesAgainstPer60Last5": 22.8,
        "oppShotsAgainstPerGame": 31.1,
        "oppShotsAgainstPerGameLast5": 36.0,
        "savesProj": 27.9,
        "savesProjLast5": 23.6,
        "savesProjLast3": 22.0,
        "oppSavesAgainstProj": 28.8,
        "oppSavesAgainstProjLast5": 23.2,
        "oppSavesAgainstProjLast3": 22.6,
        "totalOver": 59,
        "totalOverLast5": 40,
        "totalOverLast15": 33,
        "lastTotalOver": 76,
        "last5": "5,1,1,4,1,2,4,1,4,2",
        "overOdds": "-165",
        "underOdds": "+135",
        "overUnder": "-165 / +135"
    },
    {
        "player": "Jack Eichel",
        "team": "VGK",
        "opponent": "MIN",
        "propType": "pts",
        "line": 0.5,
        "ppLine": "PP1",
        "avg": 0.98,
        "hit": false,
        "diffAvg": 0.96,
        "diffAbs": 0.4,
        "lastAvg": 0.74,
        "diff": 0.48,
        "avgMin": 18,
        "proj": 0.7,
        "lastAvgMin": 19.38,
        "oppOver": 0,
        "teamOver": 0,
        "gameLine": "+115",
        "+/-": "+23",
        "L5_+/-": "+6.0",
        "prevMatchup": "2023-04-01 2.0 pts 2023-02-09 2.0 pts",
        "winLossSplits": "1.24 - 0.47",
        "awayHome": "A",
        "playedYesterday": "N",
        "awayHomeSplits": "0.94 - 1.03",
        "savesAboveExp": 0.594,
        "gsaa": 30.07,
        "corsi": "48.6% (57.5) // 45.4% (53.7) // 45.5% (56.4) // 46.3% (54.4)",
        "fenwick": "49.8% (42.6) // 46.9% (40.6) // 48.2% (43.1) // 47.9% (42.1)",
        "shots": "50.5% (31.3) // 48.1% (30.6) // 48.3% (31.1) // 49.2% (30.2)",
        "scoring": "49.5% (29.5) // 45.9% (29.3) // 47.4% (32.8) // 49.0% (31.2)",
        "corsiAgainst": "51.4% (60.8) // 54.6% (64.6) // 54.5% (67.7) // 53.7% (63.0)",
        "fenwickAgainst": "50.2% (42.9) // 53.1% (45.9) // 51.8% (46.3) // 52.1% (45.8)",
        "shotsAgainst": "49.5% (30.7) // 51.9% (33.0) // 51.7% (33.2) // 50.8% (31.2)",
        "scoringAgainst": "50.5% (30.0) // 54.1% (34.6) // 52.6% (36.4) // 51.0% (32.5)",
        "oppCorsi": "49.9% (57.4) // 47.2% (54.2) // 43.7% (50.2) // 40.9% (50.3)",
        "oppFenwick": "50.8% (43.3) // 46.7% (41.2) // 43.1% (37.6) // 39.9% (37.0)",
        "oppShots": "50.0% (30.5) // 45.1% (29.0) // 41.6% (25.2) // 39.1% (26.3)",
        "oppScoring": "50.4% (28.1) // 45.9% (25.2) // 39.9% (21.8) // 37.5% (23.0)",
        "oppCorsiAgainst": "50.1% (57.5) // 52.8% (60.6) // 56.3% (64.5) // 59.1% (72.7)",
        "oppFenwickAgainst": "49.2% (42.0) // 53.3% (47.1) // 56.9% (49.6) // 60.1% (55.7)",
        "oppShotsAgainst": "50.0% (30.5) // 54.9% (35.3) // 58.4% (35.4) // 60.9% (41.0)",
        "oppScoringAgainst": "49.6% (27.7) // 54.1% (29.7) // 60.1% (32.9) // 62.5% (38.3)",
        "savesPerGame": 28.3,
        "savesPerGameLast1": 29.0,
        "savesPerGameLast3": 27.3,
        "savesPerGameLast5": 30.2,
        "savesPer60": 28.4,
        "savesPer60Last1": 29.0,
        "savesPer60Last3": 27.5,
        "savesPer60Last5": 30.5,
        "shotsPerGame": 31.8,
        "shotsPerGameLast5": 31.4,
        "shotsAgainstPerGame": 31.1,
        "shotsAgainstPerGameLast5": 33.6,
        "oppSavesAgainstPer60": 28.5,
        "oppSavesAgainstPer60Last1": 28.8,
        "oppSavesAgainstPer60Last3": 23.5,
        "oppSavesAgainstPer60Last5": 22.8,
        "oppShotsAgainstPerGame": 31.1,
        "oppShotsAgainstPerGameLast5": 36.0,
        "savesProj": 27.9,
        "savesProjLast5": 23.6,
        "savesProjLast3": 22.0,
        "oppSavesAgainstProj": 28.8,
        "oppSavesAgainstProjLast5": 23.2,
        "oppSavesAgainstProjLast3": 22.6,
        "totalOver": 62,
        "totalOverLast5": 100,
        "totalOverLast15": 67,
        "lastTotalOver": 59,
        "last5": "2,1,1,3,1,0,3,0,1,0",
        "overOdds": "-160",
        "underOdds": "+130",
        "overUnder": "-160 / +130"
    },
    {
        "player": "Jack Eichel",
        "team": "VGK",
        "opponent": "MIN",
        "propType": "ast",
        "line": 0.5,
        "ppLine": "PP1",
        "avg": 0.56,
        "hit": false,
        "diffAvg": 0.12,
        "diffAbs": 0.4,
        "lastAvg": 0.32,
        "diff": -0.36,
        "avgMin": 18,
        "proj": 0.3,
        "lastAvgMin": 19.38,
        "oppOver": 0,
        "teamOver": 0,
        "gameLine": "+115",
        "+/-": "+23",
        "L5_+/-": "+6.0",
        "prevMatchup": "2023-04-01 2.0 ast 2023-02-09 1.0 ast",
        "winLossSplits": "0.65 - 0.33",
        "awayHome": "A",
        "playedYesterday": "N",
        "awayHomeSplits": "0.58 - 0.53",
        "savesAboveExp": 0.594,
        "gsaa": 30.07,
        "corsi": "48.6% (57.5) // 45.4% (53.7) // 45.5% (56.4) // 46.3% (54.4)",
        "fenwick": "49.8% (42.6) // 46.9% (40.6) // 48.2% (43.1) // 47.9% (42.1)",
        "shots": "50.5% (31.3) // 48.1% (30.6) // 48.3% (31.1) // 49.2% (30.2)",
        "scoring": "49.5% (29.5) // 45.9% (29.3) // 47.4% (32.8) // 49.0% (31.2)",
        "corsiAgainst": "51.4% (60.8) // 54.6% (64.6) // 54.5% (67.7) // 53.7% (63.0)",
        "fenwickAgainst": "50.2% (42.9) // 53.1% (45.9) // 51.8% (46.3) // 52.1% (45.8)",
        "shotsAgainst": "49.5% (30.7) // 51.9% (33.0) // 51.7% (33.2) // 50.8% (31.2)",
        "scoringAgainst": "50.5% (30.0) // 54.1% (34.6) // 52.6% (36.4) // 51.0% (32.5)",
        "oppCorsi": "49.9% (57.4) // 47.2% (54.2) // 43.7% (50.2) // 40.9% (50.3)",
        "oppFenwick": "50.8% (43.3) // 46.7% (41.2) // 43.1% (37.6) // 39.9% (37.0)",
        "oppShots": "50.0% (30.5) // 45.1% (29.0) // 41.6% (25.2) // 39.1% (26.3)",
        "oppScoring": "50.4% (28.1) // 45.9% (25.2) // 39.9% (21.8) // 37.5% (23.0)",
        "oppCorsiAgainst": "50.1% (57.5) // 52.8% (60.6) // 56.3% (64.5) // 59.1% (72.7)",
        "oppFenwickAgainst": "49.2% (42.0) // 53.3% (47.1) // 56.9% (49.6) // 60.1% (55.7)",
        "oppShotsAgainst": "50.0% (30.5) // 54.9% (35.3) // 58.4% (35.4) // 60.9% (41.0)",
        "oppScoringAgainst": "49.6% (27.7) // 54.1% (29.7) // 60.1% (32.9) // 62.5% (38.3)",
        "savesPerGame": 28.3,
        "savesPerGameLast1": 29.0,
        "savesPerGameLast3": 27.3,
        "savesPerGameLast5": 30.2,
        "savesPer60": 28.4,
        "savesPer60Last1": 29.0,
        "savesPer60Last3": 27.5,
        "savesPer60Last5": 30.5,
        "shotsPerGame": 31.8,
        "shotsPerGameLast5": 31.4,
        "shotsAgainstPerGame": 31.1,
        "shotsAgainstPerGameLast5": 33.6,
        "oppSavesAgainstPer60": 28.5,
        "oppSavesAgainstPer60Last1": 28.8,
        "oppSavesAgainstPer60Last3": 23.5,
        "oppSavesAgainstPer60Last5": 22.8,
        "oppShotsAgainstPerGame": 31.1,
        "oppShotsAgainstPerGameLast5": 36.0,
        "savesProj": 27.9,
        "savesProjLast5": 23.6,
        "savesProjLast3": 22.0,
        "oppSavesAgainstProj": 28.8,
        "oppSavesAgainstProjLast5": 23.2,
        "oppSavesAgainstProjLast3": 22.6,
        "totalOver": 46,
        "totalOverLast5": 100,
        "totalOverLast15": 60,
        "lastTotalOver": 32,
        "last5": "2,1,1,2,1,0,0,0,1,0",
        "overOdds": "+140",
        "underOdds": "-175",
        "overUnder": "+140 / -175"
    },
    {
        "player": "Jack Eichel",
        "team": "VGK",
        "opponent": "MIN",
        "propType": "g",
        "line": 0.5,
        "ppLine": "PP1",
        "avg": 0.43,
        "hit": false,
        "diffAvg": -0.14,
        "diffAbs": 0.2,
        "lastAvg": 0.41,
        "diff": -0.18,
        "avgMin": 18,
        "proj": 0.4,
        "lastAvgMin": 19.38,
        "oppOver": 0,
        "teamOver": 0,
        "gameLine": "+115",
        "+/-": "+23",
        "L5_+/-": "+6.0",
        "prevMatchup": "2023-04-01 0.0 g 2023-02-09 1.0 g",
        "winLossSplits": "0.59 - 0.14",
        "awayHome": "A",
        "playedYesterday": "N",
        "awayHomeSplits": "0.35 - 0.5",
        "savesAboveExp": 0.594,
        "gsaa": 30.07,
        "corsi": "48.6% (57.5) // 45.4% (53.7) // 45.5% (56.4) // 46.3% (54.4)",
        "fenwick": "49.8% (42.6) // 46.9% (40.6) // 48.2% (43.1) // 47.9% (42.1)",
        "shots": "50.5% (31.3) // 48.1% (30.6) // 48.3% (31.1) // 49.2% (30.2)",
        "scoring": "49.5% (29.5) // 45.9% (29.3) // 47.4% (32.8) // 49.0% (31.2)",
        "corsiAgainst": "51.4% (60.8) // 54.6% (64.6) // 54.5% (67.7) // 53.7% (63.0)",
        "fenwickAgainst": "50.2% (42.9) // 53.1% (45.9) // 51.8% (46.3) // 52.1% (45.8)",
        "shotsAgainst": "49.5% (30.7) // 51.9% (33.0) // 51.7% (33.2) // 50.8% (31.2)",
        "scoringAgainst": "50.5% (30.0) // 54.1% (34.6) // 52.6% (36.4) // 51.0% (32.5)",
        "oppCorsi": "49.9% (57.4) // 47.2% (54.2) // 43.7% (50.2) // 40.9% (50.3)",
        "oppFenwick": "50.8% (43.3) // 46.7% (41.2) // 43.1% (37.6) // 39.9% (37.0)",
        "oppShots": "50.0% (30.5) // 45.1% (29.0) // 41.6% (25.2) // 39.1% (26.3)",
        "oppScoring": "50.4% (28.1) // 45.9% (25.2) // 39.9% (21.8) // 37.5% (23.0)",
        "oppCorsiAgainst": "50.1% (57.5) // 52.8% (60.6) // 56.3% (64.5) // 59.1% (72.7)",
        "oppFenwickAgainst": "49.2% (42.0) // 53.3% (47.1) // 56.9% (49.6) // 60.1% (55.7)",
        "oppShotsAgainst": "50.0% (30.5) // 54.9% (35.3) // 58.4% (35.4) // 60.9% (41.0)",
        "oppScoringAgainst": "49.6% (27.7) // 54.1% (29.7) // 60.1% (32.9) // 62.5% (38.3)",
        "savesPerGame": 28.3,
        "savesPerGameLast1": 29.0,
        "savesPerGameLast3": 27.3,
        "savesPerGameLast5": 30.2,
        "savesPer60": 28.4,
        "savesPer60Last1": 29.0,
        "savesPer60Last3": 27.5,
        "savesPer60Last5": 30.5,
        "shotsPerGame": 31.8,
        "shotsPerGameLast5": 31.4,
        "shotsAgainstPerGame": 31.1,
        "shotsAgainstPerGameLast5": 33.6,
        "oppSavesAgainstPer60": 28.5,
        "oppSavesAgainstPer60Last1": 28.8,
        "oppSavesAgainstPer60Last3": 23.5,
        "oppSavesAgainstPer60Last5": 22.8,
        "oppShotsAgainstPerGame": 31.1,
        "oppShotsAgainstPerGameLast5": 36.0,
        "savesProj": 27.9,
        "savesProjLast5": 23.6,
        "savesProjLast3": 22.0,
        "oppSavesAgainstProj": 28.8,
        "oppSavesAgainstProjLast5": 23.2,
        "oppSavesAgainstProjLast3": 22.6,
        "totalOver": 33,
        "totalOverLast5": 20,
        "totalOverLast15": 13,
        "lastTotalOver": 35,
        "last5": "0,0,0,1,0,0,3,0,0,0",
        "overOdds": "+165",
        "underOdds": "0",
        "overUnder": "+165 / 0"
    },
    {
        "player": "Joel Eriksson Ek",
        "team": "MIN",
        "opponent": "VGK",
        "propType": "sog",
        "line": 2.5,
        "ppLine": "PP1",
        "avg": 3.21,
        "hit": false,
        "diffAvg": 0.28,
        "diffAbs": 0.08,
        "lastAvg": 2.69,
        "diff": 0.08,
        "avgMin": 19,
        "proj": 2.7,
        "lastAvgMin": 18.57,
        "oppOver": 0,
        "teamOver": 0,
        "gameLine": "-135",
        "+/-": "+5",
        "L5_+/-": "+8.0",
        "prevMatchup": "2023-04-01 4.0 sog 2023-02-09 5.0 sog",
        "winLossSplits": "3.13 - 3.36",
        "awayHome": "H",
        "playedYesterday": "N",
        "awayHomeSplits": "3.13 - 3.29",
        "savesAboveExp": -0.478,
        "gsaa": -24.51,
        "corsi": "49.9% (57.4) // 47.2% (54.2) // 43.7% (50.2) // 40.9% (50.3)",
        "fenwick": "50.8% (43.3) // 46.7% (41.2) // 43.1% (37.6) // 39.9% (37.0)",
        "shots": "50.0% (30.5) // 45.1% (29.0) // 41.6% (25.2) // 39.1% (26.3)",
        "scoring": "50.4% (28.1) // 45.9% (25.2) // 39.9% (21.8) // 37.5% (23.0)",
        "corsiAgainst": "50.1% (57.5) // 52.8% (60.6) // 56.3% (64.5) // 59.1% (72.7)",
        "fenwickAgainst": "49.2% (42.0) // 53.3% (47.1) // 56.9% (49.6) // 60.1% (55.7)",
        "shotsAgainst": "50.0% (30.5) // 54.9% (35.3) // 58.4% (35.4) // 60.9% (41.0)",
        "scoringAgainst": "49.6% (27.7) // 54.1% (29.7) // 60.1% (32.9) // 62.5% (38.3)",
        "oppCorsi": "48.6% (57.5) // 45.4% (53.7) // 45.5% (56.4) // 46.3% (54.4)",
        "oppFenwick": "49.8% (42.6) // 46.9% (40.6) // 48.2% (43.1) // 47.9% (42.1)",
        "oppShots": "50.5% (31.3) // 48.1% (30.6) // 48.3% (31.1) // 49.2% (30.2)",
        "oppScoring": "49.5% (29.5) // 45.9% (29.3) // 47.4% (32.8) // 49.0% (31.2)",
        "oppCorsiAgainst": "51.4% (60.8) // 54.6% (64.6) // 54.5% (67.7) // 53.7% (63.0)",
        "oppFenwickAgainst": "50.2% (42.9) // 53.1% (45.9) // 51.8% (46.3) // 52.1% (45.8)",
        "oppShotsAgainst": "49.5% (30.7) // 51.9% (33.0) // 51.7% (33.2) // 50.8% (31.2)",
        "oppScoringAgainst": "50.5% (30.0) // 54.1% (34.6) // 52.6% (36.4) // 51.0% (32.5)",
        "savesPerGame": 28.4,
        "savesPerGameLast1": 39.0,
        "savesPerGameLast3": 38.7,
        "savesPerGameLast5": 33.6,
        "savesPer60": 28.7,
        "savesPer60Last1": 37.5,
        "savesPer60Last3": 38.2,
        "savesPer60Last5": 33.8,
        "shotsPerGame": 31.1,
        "shotsPerGameLast5": 25.6,
        "shotsAgainstPerGame": 31.1,
        "shotsAgainstPerGameLast5": 36.0,
        "oppSavesAgainstPer60": 28.5,
        "oppSavesAgainstPer60Last1": 38.5,
        "oppSavesAgainstPer60Last3": 27.3,
        "oppSavesAgainstPer60Last5": 28.2,
        "oppShotsAgainstPerGame": 31.1,
        "oppShotsAgainstPerGameLast5": 33.6,
        "savesProj": 28.9,
        "savesProjLast5": 33.1,
        "savesProjLast3": 35.9,
        "oppSavesAgainstProj": 29.2,
        "oppSavesAgainstProjLast5": 34.5,
        "oppSavesAgainstProjLast3": 37.0,
        "totalOver": 59,
        "totalOverLast5": 80,
        "totalOverLast15": 60,
        "lastTotalOver": 64,
        "last5": "4,4,4,4,2,2,2,6,6,0",
        "overOdds": "-155",
        "underOdds": "+125",
        "overUnder": "-155 / +125"
    },
    {
        "player": "Joel Eriksson Ek",
        "team": "MIN",
        "opponent": "VGK",
        "propType": "pts",
        "line": 0.5,
        "ppLine": "PP1",
        "avg": 0.79,
        "hit": false,
        "diffAvg": 0.58,
        "diffAbs": 0.2,
        "lastAvg": 0.59,
        "diff": 0.18,
        "avgMin": 19,
        "proj": 0.6,
        "lastAvgMin": 18.57,
        "oppOver": 0,
        "teamOver": 0,
        "gameLine": "-135",
        "+/-": "+5",
        "L5_+/-": "+8.0",
        "prevMatchup": "2023-04-01 1.0 pts 2023-02-09 1.0 pts",
        "winLossSplits": "0.84 - 0.73",
        "awayHome": "H",
        "playedYesterday": "N",
        "awayHomeSplits": "0.82 - 0.76",
        "savesAboveExp": -0.478,
        "gsaa": -24.51,
        "corsi": "49.9% (57.4) // 47.2% (54.2) // 43.7% (50.2) // 40.9% (50.3)",
        "fenwick": "50.8% (43.3) // 46.7% (41.2) // 43.1% (37.6) // 39.9% (37.0)",
        "shots": "50.0% (30.5) // 45.1% (29.0) // 41.6% (25.2) // 39.1% (26.3)",
        "scoring": "50.4% (28.1) // 45.9% (25.2) // 39.9% (21.8) // 37.5% (23.0)",
        "corsiAgainst": "50.1% (57.5) // 52.8% (60.6) // 56.3% (64.5) // 59.1% (72.7)",
        "fenwickAgainst": "49.2% (42.0) // 53.3% (47.1) // 56.9% (49.6) // 60.1% (55.7)",
        "shotsAgainst": "50.0% (30.5) // 54.9% (35.3) // 58.4% (35.4) // 60.9% (41.0)",
        "scoringAgainst": "49.6% (27.7) // 54.1% (29.7) // 60.1% (32.9) // 62.5% (38.3)",
        "oppCorsi": "48.6% (57.5) // 45.4% (53.7) // 45.5% (56.4) // 46.3% (54.4)",
        "oppFenwick": "49.8% (42.6) // 46.9% (40.6) // 48.2% (43.1) // 47.9% (42.1)",
        "oppShots": "50.5% (31.3) // 48.1% (30.6) // 48.3% (31.1) // 49.2% (30.2)",
        "oppScoring": "49.5% (29.5) // 45.9% (29.3) // 47.4% (32.8) // 49.0% (31.2)",
        "oppCorsiAgainst": "51.4% (60.8) // 54.6% (64.6) // 54.5% (67.7) // 53.7% (63.0)",
        "oppFenwickAgainst": "50.2% (42.9) // 53.1% (45.9) // 51.8% (46.3) // 52.1% (45.8)",
        "oppShotsAgainst": "49.5% (30.7) // 51.9% (33.0) // 51.7% (33.2) // 50.8% (31.2)",
        "oppScoringAgainst": "50.5% (30.0) // 54.1% (34.6) // 52.6% (36.4) // 51.0% (32.5)",
        "savesPerGame": 28.4,
        "savesPerGameLast1": 39.0,
        "savesPerGameLast3": 38.7,
        "savesPerGameLast5": 33.6,
        "savesPer60": 28.7,
        "savesPer60Last1": 37.5,
        "savesPer60Last3": 38.2,
        "savesPer60Last5": 33.8,
        "shotsPerGame": 31.1,
        "shotsPerGameLast5": 25.6,
        "shotsAgainstPerGame": 31.1,
        "shotsAgainstPerGameLast5": 36.0,
        "oppSavesAgainstPer60": 28.5,
        "oppSavesAgainstPer60Last1": 38.5,
        "oppSavesAgainstPer60Last3": 27.3,
        "oppSavesAgainstPer60Last5": 28.2,
        "oppShotsAgainstPerGame": 31.1,
        "oppShotsAgainstPerGameLast5": 33.6,
        "savesProj": 28.9,
        "savesProjLast5": 33.1,
        "savesProjLast3": 35.9,
        "oppSavesAgainstProj": 29.2,
        "oppSavesAgainstProjLast5": 34.5,
        "oppSavesAgainstProjLast3": 37.0,
        "totalOver": 58,
        "totalOverLast5": 80,
        "totalOverLast15": 53,
        "lastTotalOver": 41,
        "last5": "1,1,2,0,2,0,1,1,3,0",
        "overOdds": "-165",
        "underOdds": "+135",
        "overUnder": "-165 / +135"
    },
    {
        "player": "Joel Eriksson Ek",
        "team": "MIN",
        "opponent": "VGK",
        "propType": "ast",
        "line": 0.5,
        "ppLine": "PP1",
        "avg": 0.49,
        "hit": false,
        "diffAvg": -0.02,
        "diffAbs": 0.4,
        "lastAvg": 0.28,
        "diff": -0.44,
        "avgMin": 19,
        "proj": 0.3,
        "lastAvgMin": 18.57,
        "oppOver": 0,
        "teamOver": 0,
        "gameLine": "-135",
        "+/-": "+5",
        "L5_+/-": "+8.0",
        "prevMatchup": "2023-04-01 1.0 ast 2023-02-09 1.0 ast",
        "winLossSplits": "0.56 - 0.4",
        "awayHome": "H",
        "playedYesterday": "N",
        "awayHomeSplits": "0.47 - 0.5",
        "savesAboveExp": -0.478,
        "gsaa": -24.51,
        "corsi": "49.9% (57.4) // 47.2% (54.2) // 43.7% (50.2) // 40.9% (50.3)",
        "fenwick": "50.8% (43.3) // 46.7% (41.2) // 43.1% (37.6) // 39.9% (37.0)",
        "shots": "50.0% (30.5) // 45.1% (29.0) // 41.6% (25.2) // 39.1% (26.3)",
        "scoring": "50.4% (28.1) // 45.9% (25.2) // 39.9% (21.8) // 37.5% (23.0)",
        "corsiAgainst": "50.1% (57.5) // 52.8% (60.6) // 56.3% (64.5) // 59.1% (72.7)",
        "fenwickAgainst": "49.2% (42.0) // 53.3% (47.1) // 56.9% (49.6) // 60.1% (55.7)",
        "shotsAgainst": "50.0% (30.5) // 54.9% (35.3) // 58.4% (35.4) // 60.9% (41.0)",
        "scoringAgainst": "49.6% (27.7) // 54.1% (29.7) // 60.1% (32.9) // 62.5% (38.3)",
        "oppCorsi": "48.6% (57.5) // 45.4% (53.7) // 45.5% (56.4) // 46.3% (54.4)",
        "oppFenwick": "49.8% (42.6) // 46.9% (40.6) // 48.2% (43.1) // 47.9% (42.1)",
        "oppShots": "50.5% (31.3) // 48.1% (30.6) // 48.3% (31.1) // 49.2% (30.2)",
        "oppScoring": "49.5% (29.5) // 45.9% (29.3) // 47.4% (32.8) // 49.0% (31.2)",
        "oppCorsiAgainst": "51.4% (60.8) // 54.6% (64.6) // 54.5% (67.7) // 53.7% (63.0)",
        "oppFenwickAgainst": "50.2% (42.9) // 53.1% (45.9) // 51.8% (46.3) // 52.1% (45.8)",
        "oppShotsAgainst": "49.5% (30.7) // 51.9% (33.0) // 51.7% (33.2) // 50.8% (31.2)",
        "oppScoringAgainst": "50.5% (30.0) // 54.1% (34.6) // 52.6% (36.4) // 51.0% (32.5)",
        "savesPerGame": 28.4,
        "savesPerGameLast1": 39.0,
        "savesPerGameLast3": 38.7,
        "savesPerGameLast5": 33.6,
        "savesPer60": 28.7,
        "savesPer60Last1": 37.5,
        "savesPer60Last3": 38.2,
        "savesPer60Last5": 33.8,
        "shotsPerGame": 31.1,
        "shotsPerGameLast5": 25.6,
        "shotsAgainstPerGame": 31.1,
        "shotsAgainstPerGameLast5": 36.0,
        "oppSavesAgainstPer60": 28.5,
        "oppSavesAgainstPer60Last1": 38.5,
        "oppSavesAgainstPer60Last3": 27.3,
        "oppSavesAgainstPer60Last5": 28.2,
        "oppShotsAgainstPerGame": 31.1,
        "oppShotsAgainstPerGameLast5": 33.6,
        "savesProj": 28.9,
        "savesProjLast5": 33.1,
        "savesProjLast3": 35.9,
        "oppSavesAgainstProj": 29.2,
        "oppSavesAgainstProjLast5": 34.5,
        "oppSavesAgainstProjLast3": 37.0,
        "totalOver": 41,
        "totalOverLast5": 80,
        "totalOverLast15": 53,
        "lastTotalOver": 29,
        "last5": "1,1,2,0,2,0,1,1,2,0",
        "overOdds": "+115",
        "underOdds": "-145",
        "overUnder": "+115 / -145"
    },
    {
        "player": "Joel Eriksson Ek",
        "team": "MIN",
        "opponent": "VGK",
        "propType": "g",
        "line": 0.5,
        "ppLine": "PP1",
        "avg": 0.3,
        "hit": false,
        "diffAvg": -0.4,
        "diffAbs": 0.4,
        "lastAvg": 0.31,
        "diff": -0.38,
        "avgMin": 19,
        "proj": 0.3,
        "lastAvgMin": 18.57,
        "oppOver": 0,
        "teamOver": 0,
        "gameLine": "-135",
        "+/-": "+5",
        "L5_+/-": "+8.0",
        "prevMatchup": "2023-04-01 0.0 g 2023-02-09 0.0 g",
        "winLossSplits": "0.28 - 0.34",
        "awayHome": "H",
        "playedYesterday": "N",
        "awayHomeSplits": "0.34 - 0.26",
        "savesAboveExp": -0.478,
        "gsaa": -24.51,
