[
    {
        "player": "Alex Pietrangelo",
        "team": "VGK",
        "opponent": "DAL",
        "propType": "sog",
        "line": 1.5,
        "ppLine": "PP2",
        "avg": 2.27,
        "hit": false,
        "diffAvg": 0.51,
        "diffAbs": 0.8,
        "lastAvg": 2.8,
        "diff": 0.87,
        "avgMin": 24,
        "proj": 2.7,
        "lastAvgMin": 24.63,
        "oppOver": 0,
        "teamOver": 0,
        "gameLine": "+120",
        "+/-": "+19",
        "L5_+/-": "+5.0",
        "prevMatchup": "2023-05-21 2.0 sog 2023-05-19 2.0 sog 2023-04-08 2.0 sog 2023-02-25 2.0 sog 2023-01-16 5.0 sog",
        "winLossSplits": "61% - 77%",
        "awayHome": "A",
        "playedYesterday": "N",
        "awayHomeSplits": "65% - 69%",
        "savesAboveExp": 0.39,
        "gsaa": 26.05,
        "corsi": "48.6% (57.5) // 48.0% (56.0) // 48.6% (57.5) // 48.6% (57.5)",
        "fenwick": "49.7% (42.3) // 48.8% (40.5) // 49.7% (42.3) // 49.7% (42.3)",
        "shots": "50.5% (31.1) // 50.2% (28.8) // 50.5% (31.1) // 50.5% (31.1)",
        "scoring": "49.5% (29.2) // 49.0% (28.7) // 49.5% (29.2) // 49.5% (29.2)",
        "corsiAgainst": "51.4% (60.7) // 52.0% (60.6) // 51.4% (60.7) // 51.4% (60.7)",
        "fenwickAgainst": "50.3% (42.8) // 51.2% (42.5) // 50.3% (42.8) // 50.3% (42.8)",
        "shotsAgainst": "49.5% (30.4) // 49.8% (28.5) // 49.5% (30.4) // 49.5% (30.4)",
        "scoringAgainst": "50.5% (29.8) // 51.0% (29.9) // 50.5% (29.8) // 50.5% (29.8)",
        "oppCorsi": "52.0% (59.9) // 57.0% (56.0) // 52.0% (59.9) // 52.0% (59.9)",
        "oppFenwick": "51.3% (43.7) // 56.1% (40.6) // 51.3% (43.7) // 51.3% (43.7)",
        "oppShots": "51.6% (31.5) // 56.3% (29.0) // 51.6% (31.5) // 51.6% (31.5)",
        "oppScoring": "53.7% (31.5) // 61.3% (29.6) // 53.7% (31.5) // 53.7% (31.5)",
        "oppCorsiAgainst": "48.0% (55.3) // 43.0% (42.3) // 48.0% (55.3) // 48.0% (55.3)",
        "oppFenwickAgainst": "48.7% (41.4) // 43.9% (31.7) // 48.7% (41.4) // 48.7% (41.4)",
        "oppShotsAgainst": "48.4% (29.5) // 43.7% (22.5) // 48.4% (29.5) // 48.4% (29.5)",
        "oppScoringAgainst": "46.3% (27.2) // 38.7% (18.6) // 46.3% (27.2) // 46.3% (27.2)",
        "savesPerGame": 28.1,
        "savesPerGameLast1": 26.0,
        "savesPerGameLast3": 32.7,
        "savesPerGameLast5": 31.6,
        "savesPer60": 32.9,
        "savesPer60Last1": 26.5,
        "savesPer60Last3": 33.1,
        "savesPer60Last5": 31.7,
        "shotsPerGame": 31.5,
        "shotsPerGameLast5": 28.0,
        "shotsAgainstPerGame": 30.9,
        "shotsAgainstPerGameLast5": 34.4,
        "oppSavesAgainstPer60": 33.7,
        "oppSavesAgainstPer60Last1": 28.1,
        "oppSavesAgainstPer60Last3": 29.0,
        "oppSavesAgainstPer60Last5": 24.2,
        "oppShotsAgainstPerGame": 29.9,
        "oppShotsAgainstPerGameLast5": 28.8,
        "savesProj": 28.1,
        "savesProjLast5": 23.5,
        "savesProjLast3": 28.7,
        "oppSavesAgainstProj": 31.9,
        "oppSavesAgainstProjLast5": 22.6,
        "oppSavesAgainstProjLast3": 27.7,
        "totalOver": 67,
        "totalOverLast5": 40,
        "totalOverLast15": 47,
        "lastTotalOver": 71,
        "last5": "2,2,1,1,0,3,4,1,3,3",
        "overOdds": "-185",
        "underOdds": "+150",
        "overUnder": "-185 / +150"
    },
    {
        "player": "Alex Pietrangelo",
        "team": "VGK",
        "opponent": "DAL",
        "propType": "pts",
        "line": 0.5,
        "ppLine": "PP2",
        "avg": 0.73,
        "hit": false,
        "diffAvg": 0.46,
        "diffAbs": 0.0,
        "lastAvg": 0.54,
        "diff": 0.08,
        "avgMin": 24,
        "proj": 0.5,
        "lastAvgMin": 24.63,
        "oppOver": 0,
        "teamOver": 0,
        "gameLine": "+120",
        "+/-": "+19",
        "L5_+/-": "+5.0",
        "prevMatchup": "2023-05-21 0.0 pts 2023-05-19 1.0 pts 2023-04-08 0.0 pts 2023-02-25 0.0 pts 2023-01-16 0.0 pts",
        "winLossSplits": "61% - 26%",
        "awayHome": "A",
        "playedYesterday": "N",
        "awayHomeSplits": "45% - 51%",
        "savesAboveExp": 0.39,
        "gsaa": 26.05,
        "corsi": "48.6% (57.5) // 48.0% (56.0) // 48.6% (57.5) // 48.6% (57.5)",
        "fenwick": "49.7% (42.3) // 48.8% (40.5) // 49.7% (42.3) // 49.7% (42.3)",
        "shots": "50.5% (31.1) // 50.2% (28.8) // 50.5% (31.1) // 50.5% (31.1)",
        "scoring": "49.5% (29.2) // 49.0% (28.7) // 49.5% (29.2) // 49.5% (29.2)",
        "corsiAgainst": "51.4% (60.7) // 52.0% (60.6) // 51.4% (60.7) // 51.4% (60.7)",
        "fenwickAgainst": "50.3% (42.8) // 51.2% (42.5) // 50.3% (42.8) // 50.3% (42.8)",
        "shotsAgainst": "49.5% (30.4) // 49.8% (28.5) // 49.5% (30.4) // 49.5% (30.4)",
        "scoringAgainst": "50.5% (29.8) // 51.0% (29.9) // 50.5% (29.8) // 50.5% (29.8)",
        "oppCorsi": "52.0% (59.9) // 57.0% (56.0) // 52.0% (59.9) // 52.0% (59.9)",
        "oppFenwick": "51.3% (43.7) // 56.1% (40.6) // 51.3% (43.7) // 51.3% (43.7)",
        "oppShots": "51.6% (31.5) // 56.3% (29.0) // 51.6% (31.5) // 51.6% (31.5)",
        "oppScoring": "53.7% (31.5) // 61.3% (29.6) // 53.7% (31.5) // 53.7% (31.5)",
        "oppCorsiAgainst": "48.0% (55.3) // 43.0% (42.3) // 48.0% (55.3) // 48.0% (55.3)",
        "oppFenwickAgainst": "48.7% (41.4) // 43.9% (31.7) // 48.7% (41.4) // 48.7% (41.4)",
        "oppShotsAgainst": "48.4% (29.5) // 43.7% (22.5) // 48.4% (29.5) // 48.4% (29.5)",
        "oppScoringAgainst": "46.3% (27.2) // 38.7% (18.6) // 46.3% (27.2) // 46.3% (27.2)",
        "savesPerGame": 28.1,
        "savesPerGameLast1": 26.0,
        "savesPerGameLast3": 32.7,
        "savesPerGameLast5": 31.6,
        "savesPer60": 32.9,
        "savesPer60Last1": 26.5,
        "savesPer60Last3": 33.1,
        "savesPer60Last5": 31.7,
        "shotsPerGame": 31.5,
        "shotsPerGameLast5": 28.0,
        "shotsAgainstPerGame": 30.9,
        "shotsAgainstPerGameLast5": 34.4,
        "oppSavesAgainstPer60": 33.7,
        "oppSavesAgainstPer60Last1": 28.1,
        "oppSavesAgainstPer60Last3": 29.0,
        "oppSavesAgainstPer60Last5": 24.2,
        "oppShotsAgainstPerGame": 29.9,
        "oppShotsAgainstPerGameLast5": 28.8,
        "savesProj": 28.1,
        "savesProjLast5": 23.5,
        "savesProjLast3": 28.7,
        "oppSavesAgainstProj": 31.9,
        "oppSavesAgainstProjLast5": 22.6,
        "oppSavesAgainstProjLast3": 27.7,
        "totalOver": 48,
        "totalOverLast5": 40,
        "totalOverLast15": 47,
        "lastTotalOver": 47,
        "last5": "0,1,1,0,0,0,1,1,0,2",
        "overOdds": "+105",
        "underOdds": "-135",
        "overUnder": "+105 / -135"
    },
    {
        "player": "Alex Pietrangelo",
        "team": "VGK",
        "opponent": "DAL",
        "propType": "ast",
        "line": 0.5,
        "ppLine": "PP2",
        "avg": 0.6,
        "hit": false,
        "diffAvg": 0.2,
        "diffAbs": 0.2,
        "lastAvg": 0.38,
        "diff": -0.24,
        "avgMin": 24,
        "proj": 0.4,
        "lastAvgMin": 24.63,
        "oppOver": 0,
        "teamOver": 0,
        "gameLine": "+120",
        "+/-": "+19",
        "L5_+/-": "+5.0",
        "prevMatchup": "2023-05-21 0.0 ast 2023-05-19 1.0 ast 2023-04-08 0.0 ast 2023-02-25 0.0 ast 2023-01-16 0.0 ast",
        "winLossSplits": "56% - 19%",
        "awayHome": "A",
        "playedYesterday": "N",
        "awayHomeSplits": "38% - 47%",
        "savesAboveExp": 0.39,
        "gsaa": 26.05,
        "corsi": "48.6% (57.5) // 48.0% (56.0) // 48.6% (57.5) // 48.6% (57.5)",
        "fenwick": "49.7% (42.3) // 48.8% (40.5) // 49.7% (42.3) // 49.7% (42.3)",
        "shots": "50.5% (31.1) // 50.2% (28.8) // 50.5% (31.1) // 50.5% (31.1)",
        "scoring": "49.5% (29.2) // 49.0% (28.7) // 49.5% (29.2) // 49.5% (29.2)",
        "corsiAgainst": "51.4% (60.7) // 52.0% (60.6) // 51.4% (60.7) // 51.4% (60.7)",
        "fenwickAgainst": "50.3% (42.8) // 51.2% (42.5) // 50.3% (42.8) // 50.3% (42.8)",
        "shotsAgainst": "49.5% (30.4) // 49.8% (28.5) // 49.5% (30.4) // 49.5% (30.4)",
        "scoringAgainst": "50.5% (29.8) // 51.0% (29.9) // 50.5% (29.8) // 50.5% (29.8)",
        "oppCorsi": "52.0% (59.9) // 57.0% (56.0) // 52.0% (59.9) // 52.0% (59.9)",
        "oppFenwick": "51.3% (43.7) // 56.1% (40.6) // 51.3% (43.7) // 51.3% (43.7)",
        "oppShots": "51.6% (31.5) // 56.3% (29.0) // 51.6% (31.5) // 51.6% (31.5)",
        "oppScoring": "53.7% (31.5) // 61.3% (29.6) // 53.7% (31.5) // 53.7% (31.5)",
        "oppCorsiAgainst": "48.0% (55.3) // 43.0% (42.3) // 48.0% (55.3) // 48.0% (55.3)",
        "oppFenwickAgainst": "48.7% (41.4) // 43.9% (31.7) // 48.7% (41.4) // 48.7% (41.4)",
        "oppShotsAgainst": "48.4% (29.5) // 43.7% (22.5) // 48.4% (29.5) // 48.4% (29.5)",
        "oppScoringAgainst": "46.3% (27.2) // 38.7% (18.6) // 46.3% (27.2) // 46.3% (27.2)",
        "savesPerGame": 28.1,
        "savesPerGameLast1": 26.0,
        "savesPerGameLast3": 32.7,
        "savesPerGameLast5": 31.6,
        "savesPer60": 32.9,
        "savesPer60Last1": 26.5,
        "savesPer60Last3": 33.1,
        "savesPer60Last5": 31.7,
        "shotsPerGame": 31.5,
        "shotsPerGameLast5": 28.0,
        "shotsAgainstPerGame": 30.9,
        "shotsAgainstPerGameLast5": 34.4,
        "oppSavesAgainstPer60": 33.7,
        "oppSavesAgainstPer60Last1": 28.1,
        "oppSavesAgainstPer60Last3": 29.0,
        "oppSavesAgainstPer60Last5": 24.2,
        "oppShotsAgainstPerGame": 29.9,
        "oppShotsAgainstPerGameLast5": 28.8,
        "savesProj": 28.1,
        "savesProjLast5": 23.5,
        "savesProjLast3": 28.7,
        "oppSavesAgainstProj": 31.9,
        "oppSavesAgainstProjLast5": 22.6,
        "oppSavesAgainstProjLast3": 27.7,
        "totalOver": 42,
        "totalOverLast5": 40,
        "totalOverLast15": 47,
        "lastTotalOver": 37,
        "last5": "0,1,1,0,0,0,1,1,0,2",
        "overOdds": "+145",
        "underOdds": "-180",
        "overUnder": "+145 / -180"
    },
    {
        "player": "Alex Pietrangelo",
        "team": "VGK",
        "opponent": "DAL",
        "propType": "g",
        "line": 0.5,
        "ppLine": "PP2",
        "avg": 0.13,
        "hit": false,
        "diffAvg": -0.74,
        "diffAbs": 0.6,
        "lastAvg": 0.16,
        "diff": -0.68,
        "avgMin": 24,
        "proj": 0.2,
        "lastAvgMin": 24.63,
        "oppOver": 0,
        "teamOver": 0,
        "gameLine": "+120",
        "+/-": "+19",
        "L5_+/-": "+5.0",
        "prevMatchup": "2023-05-21 0.0 g 2023-05-19 0.0 g 2023-04-08 0.0 g 2023-02-25 0.0 g 2023-01-16 0.0 g",
        "winLossSplits": "15% - 6%",
        "awayHome": "A",
        "playedYesterday": "N",
        "awayHomeSplits": "15% - 9%",
        "savesAboveExp": 0.39,
        "gsaa": 26.05,
        "corsi": "48.6% (57.5) // 48.0% (56.0) // 48.6% (57.5) // 48.6% (57.5)",
        "fenwick": "49.7% (42.3) // 48.8% (40.5) // 49.7% (42.3) // 49.7% (42.3)",
        "shots": "50.5% (31.1) // 50.2% (28.8) // 50.5% (31.1) // 50.5% (31.1)",
        "scoring": "49.5% (29.2) // 49.0% (28.7) // 49.5% (29.2) // 49.5% (29.2)",
        "corsiAgainst": "51.4% (60.7) // 52.0% (60.6) // 51.4% (60.7) // 51.4% (60.7)",
        "fenwickAgainst": "50.3% (42.8) // 51.2% (42.5) // 50.3% (42.8) // 50.3% (42.8)",
        "shotsAgainst": "49.5% (30.4) // 49.8% (28.5) // 49.5% (30.4) // 49.5% (30.4)",
        "scoringAgainst": "50.5% (29.8) // 51.0% (29.9) // 50.5% (29.8) // 50.5% (29.8)",
        "oppCorsi": "52.0% (59.9) // 57.0% (56.0) // 52.0% (59.9) // 52.0% (59.9)",
        "oppFenwick": "51.3% (43.7) // 56.1% (40.6) // 51.3% (43.7) // 51.3% (43.7)",
        "oppShots": "51.6% (31.5) // 56.3% (29.0) // 51.6% (31.5) // 51.6% (31.5)",
        "oppScoring": "53.7% (31.5) // 61.3% (29.6) // 53.7% (31.5) // 53.7% (31.5)",
        "oppCorsiAgainst": "48.0% (55.3) // 43.0% (42.3) // 48.0% (55.3) // 48.0% (55.3)",
        "oppFenwickAgainst": "48.7% (41.4) // 43.9% (31.7) // 48.7% (41.4) // 48.7% (41.4)",
        "oppShotsAgainst": "48.4% (29.5) // 43.7% (22.5) // 48.4% (29.5) // 48.4% (29.5)",
        "oppScoringAgainst": "46.3% (27.2) // 38.7% (18.6) // 46.3% (27.2) // 46.3% (27.2)",
        "savesPerGame": 28.1,
        "savesPerGameLast1": 26.0,
        "savesPerGameLast3": 32.7,
        "savesPerGameLast5": 31.6,
        "savesPer60": 32.9,
        "savesPer60Last1": 26.5,
        "savesPer60Last3": 33.1,
        "savesPer60Last5": 31.7,
        "shotsPerGame": 31.5,
        "shotsPerGameLast5": 28.0,
        "shotsAgainstPerGame": 30.9,
        "shotsAgainstPerGameLast5": 34.4,
        "oppSavesAgainstPer60": 33.7,
        "oppSavesAgainstPer60Last1": 28.1,
        "oppSavesAgainstPer60Last3": 29.0,
        "oppSavesAgainstPer60Last5": 24.2,
        "oppShotsAgainstPerGame": 29.9,
        "oppShotsAgainstPerGameLast5": 28.8,
        "savesProj": 28.1,
        "savesProjLast5": 23.5,
        "savesProjLast3": 28.7,
        "oppSavesAgainstProj": 31.9,
        "oppSavesAgainstProjLast5": 22.6,
        "oppSavesAgainstProjLast3": 27.7,
        "totalOver": 12,
        "totalOverLast5": 0,
        "totalOverLast15": 0,
        "lastTotalOver": 16,
        "last5": "0,0,0,0,0,0,0,0,0,0",
        "overOdds": "+500",
        "underOdds": "0",
        "overUnder": "+500 / 0"
    },
    {
        "player": "Alex Pietrangelo",
        "team": "VGK",
        "opponent": "DAL",
        "propType": "bs",
        "line": 2.5,
        "ppLine": "PP2",
        "avg": 2.47,
        "hit": false,
        "diffAvg": -0.01,
        "diffAbs": 1.0,
        "lastAvg": 0.0,
        "diff": 0,
        "avgMin": 24,
        "proj": 0.0,
        "lastAvgMin": 24.63,
        "oppOver": 0,
        "teamOver": 0,
        "gameLine": "+120",
        "+/-": "+19",
        "L5_+/-": "+5.0",
        "prevMatchup": "2023-05-21 1.0 bs 2023-05-19 2.0 bs 2023-04-08 3.0 bs 2023-02-25 2.0 bs 2023-01-16 2.0 bs",
        "winLossSplits": "33% - 48%",
        "awayHome": "A",
        "playedYesterday": "N",
        "awayHomeSplits": "48% - 31%",
        "savesAboveExp": 0.39,
        "gsaa": 26.05,
        "corsi": "48.6% (57.5) // 48.0% (56.0) // 48.6% (57.5) // 48.6% (57.5)",
        "fenwick": "49.7% (42.3) // 48.8% (40.5) // 49.7% (42.3) // 49.7% (42.3)",
        "shots": "50.5% (31.1) // 50.2% (28.8) // 50.5% (31.1) // 50.5% (31.1)",
        "scoring": "49.5% (29.2) // 49.0% (28.7) // 49.5% (29.2) // 49.5% (29.2)",
        "corsiAgainst": "51.4% (60.7) // 52.0% (60.6) // 51.4% (60.7) // 51.4% (60.7)",
        "fenwickAgainst": "50.3% (42.8) // 51.2% (42.5) // 50.3% (42.8) // 50.3% (42.8)",
        "shotsAgainst": "49.5% (30.4) // 49.8% (28.5) // 49.5% (30.4) // 49.5% (30.4)",
        "scoringAgainst": "50.5% (29.8) // 51.0% (29.9) // 50.5% (29.8) // 50.5% (29.8)",
        "oppCorsi": "52.0% (59.9) // 57.0% (56.0) // 52.0% (59.9) // 52.0% (59.9)",
        "oppFenwick": "51.3% (43.7) // 56.1% (40.6) // 51.3% (43.7) // 51.3% (43.7)",
        "oppShots": "51.6% (31.5) // 56.3% (29.0) // 51.6% (31.5) // 51.6% (31.5)",
        "oppScoring": "53.7% (31.5) // 61.3% (29.6) // 53.7% (31.5) // 53.7% (31.5)",
        "oppCorsiAgainst": "48.0% (55.3) // 43.0% (42.3) // 48.0% (55.3) // 48.0% (55.3)",
        "oppFenwickAgainst": "48.7% (41.4) // 43.9% (31.7) // 48.7% (41.4) // 48.7% (41.4)",
        "oppShotsAgainst": "48.4% (29.5) // 43.7% (22.5) // 48.4% (29.5) // 48.4% (29.5)",
        "oppScoringAgainst": "46.3% (27.2) // 38.7% (18.6) // 46.3% (27.2) // 46.3% (27.2)",
        "savesPerGame": 28.1,
        "savesPerGameLast1": 26.0,
        "savesPerGameLast3": 32.7,
        "savesPerGameLast5": 31.6,
        "savesPer60": 32.9,
        "savesPer60Last1": 26.5,
        "savesPer60Last3": 33.1,
        "savesPer60Last5": 31.7,
        "shotsPerGame": 31.5,
        "shotsPerGameLast5": 28.0,
        "shotsAgainstPerGame": 30.9,
        "shotsAgainstPerGameLast5": 34.4,
        "oppSavesAgainstPer60": 33.7,
        "oppSavesAgainstPer60Last1": 28.1,
        "oppSavesAgainstPer60Last3": 29.0,
        "oppSavesAgainstPer60Last5": 24.2,
        "oppShotsAgainstPerGame": 29.9,
        "oppShotsAgainstPerGameLast5": 28.8,
        "savesProj": 28.1,
        "savesProjLast5": 23.5,
        "savesProjLast3": 28.7,
        "oppSavesAgainstProj": 31.9,
        "oppSavesAgainstProjLast5": 22.6,
        "oppSavesAgainstProjLast3": 27.7,
        "totalOver": 39,
        "totalOverLast5": 20,
        "totalOverLast15": 33,
        "lastTotalOver": 0,
        "last5": "1,2,2,1,5,2,7,5,1,5",
        "overOdds": "-120",
        "underOdds": "-110",
        "overUnder": "-120 / -110"
    },
    {
        "player": "Evgenii Dadonov",
        "team": "DAL",
        "opponent": "VGK",
        "propType": "sog",
        "line": 1.5,
        "ppLine": "PP2",
        "avg": 1.58,
        "hit": false,
        "diffAvg": 0.05,
        "diffAbs": 0.33,
        "lastAvg": 2.27,
        "diff": 0.51,
        "avgMin": 14,
        "proj": 2.0,
        "lastAvgMin": 15.82,
        "oppOver": 0,
        "teamOver": 0,
        "gameLine": "-140",
        "+/-": "+7",
        "L5_+/-": "+3.0",
        "prevMatchup": "2023-05-21 3.0 sog 2023-05-19 2.0 sog 2023-04-08 2.0 sog",
        "winLossSplits": "48% - 42%",
        "awayHome": "H",
        "playedYesterday": "N",
        "awayHomeSplits": "45% - 46%",
        "savesAboveExp": -0.478,
        "gsaa": 8.04,
        "corsi": "52.0% (59.9) // 57.0% (56.0) // 52.0% (59.9) // 52.0% (59.9)",
        "fenwick": "51.3% (43.7) // 56.1% (40.6) // 51.3% (43.7) // 51.3% (43.7)",
        "shots": "51.6% (31.5) // 56.3% (29.0) // 51.6% (31.5) // 51.6% (31.5)",
        "scoring": "53.7% (31.5) // 61.3% (29.6) // 53.7% (31.5) // 53.7% (31.5)",
        "corsiAgainst": "48.0% (55.3) // 43.0% (42.3) // 48.0% (55.3) // 48.0% (55.3)",
        "fenwickAgainst": "48.7% (41.4) // 43.9% (31.7) // 48.7% (41.4) // 48.7% (41.4)",
        "shotsAgainst": "48.4% (29.5) // 43.7% (22.5) // 48.4% (29.5) // 48.4% (29.5)",
        "scoringAgainst": "46.3% (27.2) // 38.7% (18.6) // 46.3% (27.2) // 46.3% (27.2)",
        "oppCorsi": "48.6% (57.5) // 48.0% (56.0) // 48.6% (57.5) // 48.6% (57.5)",
        "oppFenwick": "49.7% (42.3) // 48.8% (40.5) // 49.7% (42.3) // 49.7% (42.3)",
        "oppShots": "50.5% (31.1) // 50.2% (28.8) // 50.5% (31.1) // 50.5% (31.1)",
        "oppScoring": "49.5% (29.2) // 49.0% (28.7) // 49.5% (29.2) // 49.5% (29.2)",
        "oppCorsiAgainst": "51.4% (60.7) // 52.0% (60.6) // 51.4% (60.7) // 51.4% (60.7)",
        "oppFenwickAgainst": "50.3% (42.8) // 51.2% (42.5) // 50.3% (42.8) // 50.3% (42.8)",
        "oppShotsAgainst": "49.5% (30.4) // 49.8% (28.5) // 49.5% (30.4) // 49.5% (30.4)",
        "oppScoringAgainst": "50.5% (29.8) // 51.0% (29.9) // 50.5% (29.8) // 50.5% (29.8)",
        "savesPerGame": 27.3,
        "savesPerGameLast1": 21.0,
        "savesPerGameLast3": 25.3,
        "savesPerGameLast5": 25.6,
        "savesPer60": 32.7,
        "savesPer60Last1": 21.4,
        "savesPer60Last3": 25.7,
        "savesPer60Last5": 25.6,
        "shotsPerGame": 31.9,
        "shotsPerGameLast5": 27.2,
        "shotsAgainstPerGame": 29.9,
        "shotsAgainstPerGameLast5": 28.8,
        "oppSavesAgainstPer60": 32.9,
        "oppSavesAgainstPer60Last1": 20.7,
        "oppSavesAgainstPer60Last3": 24.2,
        "oppSavesAgainstPer60Last5": 24.9,
        "oppShotsAgainstPerGame": 30.9,
        "oppShotsAgainstPerGameLast5": 34.4,
        "savesProj": 28.0,
        "savesProjLast5": 19.1,
        "savesProjLast3": 18.5,
        "oppSavesAgainstProj": 30.1,
        "oppSavesAgainstProjLast5": 19.9,
        "oppSavesAgainstProjLast3": 18.9,
        "totalOver": 45,
        "totalOverLast5": 40,
        "totalOverLast15": 53,
        "lastTotalOver": 66,
        "last5": "3,2,0,1,0,0,1,6,2,2",
        "overOdds": "-150",
        "underOdds": "+120",
        "overUnder": "-150 / +120"
    },
    {
        "player": "Evgenii Dadonov",
        "team": "DAL",
        "opponent": "VGK",
        "propType": "pts",
        "line": 0.5,
        "ppLine": "PP2",
        "avg": 0.49,
        "hit": false,
        "diffAvg": -0.02,
        "diffAbs": 0.0,
        "lastAvg": 0.55,
        "diff": 0.1,
        "avgMin": 14,
        "proj": 0.5,
        "lastAvgMin": 15.82,
        "oppOver": 0,
        "teamOver": 0,
        "gameLine": "-140",
        "+/-": "+7",
        "L5_+/-": "+3.0",
        "prevMatchup": "2023-05-21 1.0 pts 2023-05-19 0.0 pts 2023-04-08 0.0 pts",
        "winLossSplits": "48% - 32%",
        "awayHome": "H",
        "playedYesterday": "N",
        "awayHomeSplits": "43% - 39%",
        "savesAboveExp": -0.478,
        "gsaa": 8.04,
        "corsi": "52.0% (59.9) // 57.0% (56.0) // 52.0% (59.9) // 52.0% (59.9)",
        "fenwick": "51.3% (43.7) // 56.1% (40.6) // 51.3% (43.7) // 51.3% (43.7)",
        "shots": "51.6% (31.5) // 56.3% (29.0) // 51.6% (31.5) // 51.6% (31.5)",
        "scoring": "53.7% (31.5) // 61.3% (29.6) // 53.7% (31.5) // 53.7% (31.5)",
        "corsiAgainst": "48.0% (55.3) // 43.0% (42.3) // 48.0% (55.3) // 48.0% (55.3)",
        "fenwickAgainst": "48.7% (41.4) // 43.9% (31.7) // 48.7% (41.4) // 48.7% (41.4)",
        "shotsAgainst": "48.4% (29.5) // 43.7% (22.5) // 48.4% (29.5) // 48.4% (29.5)",
        "scoringAgainst": "46.3% (27.2) // 38.7% (18.6) // 46.3% (27.2) // 46.3% (27.2)",
        "oppCorsi": "48.6% (57.5) // 48.0% (56.0) // 48.6% (57.5) // 48.6% (57.5)",
        "oppFenwick": "49.7% (42.3) // 48.8% (40.5) // 49.7% (42.3) // 49.7% (42.3)",
        "oppShots": "50.5% (31.1) // 50.2% (28.8) // 50.5% (31.1) // 50.5% (31.1)",
        "oppScoring": "49.5% (29.2) // 49.0% (28.7) // 49.5% (29.2) // 49.5% (29.2)",
        "oppCorsiAgainst": "51.4% (60.7) // 52.0% (60.6) // 51.4% (60.7) // 51.4% (60.7)",
        "oppFenwickAgainst": "50.3% (42.8) // 51.2% (42.5) // 50.3% (42.8) // 50.3% (42.8)",
        "oppShotsAgainst": "49.5% (30.4) // 49.8% (28.5) // 49.5% (30.4) // 49.5% (30.4)",
        "oppScoringAgainst": "50.5% (29.8) // 51.0% (29.9) // 50.5% (29.8) // 50.5% (29.8)",
        "savesPerGame": 27.3,
        "savesPerGameLast1": 21.0,
        "savesPerGameLast3": 25.3,
        "savesPerGameLast5": 25.6,
        "savesPer60": 32.7,
        "savesPer60Last1": 21.4,
        "savesPer60Last3": 25.7,
        "savesPer60Last5": 25.6,
        "shotsPerGame": 31.9,
        "shotsPerGameLast5": 27.2,
        "shotsAgainstPerGame": 29.9,
        "shotsAgainstPerGameLast5": 28.8,
        "oppSavesAgainstPer60": 32.9,
        "oppSavesAgainstPer60Last1": 20.7,
        "oppSavesAgainstPer60Last3": 24.2,
        "oppSavesAgainstPer60Last5": 24.9,
        "oppShotsAgainstPerGame": 30.9,
        "oppShotsAgainstPerGameLast5": 34.4,
        "savesProj": 28.0,
        "savesProjLast5": 19.1,
        "savesProjLast3": 18.5,
        "oppSavesAgainstProj": 30.1,
        "oppSavesAgainstProjLast5": 19.9,
        "oppSavesAgainstProjLast3": 18.9,
        "totalOver": 41,
        "totalOverLast5": 40,
        "totalOverLast15": 53,
        "lastTotalOver": 35,
        "last5": "1,0,1,0,0,2,1,1,0,1",
        "overOdds": "+110",
        "underOdds": "-140",
        "overUnder": "+110 / -140"
    },
    {
        "player": "Evgenii Dadonov",
        "team": "DAL",
        "opponent": "VGK",
        "propType": "ast",
        "line": 0.5,
        "ppLine": "PP2",
        "avg": 0.36,
        "hit": false,
        "diffAvg": -0.28,
        "diffAbs": 0.4,
        "lastAvg": 0.29,
        "diff": -0.42,
        "avgMin": 14,
        "proj": 0.3,
        "lastAvgMin": 15.82,
        "oppOver": 0,
        "teamOver": 0,
        "gameLine": "-140",
        "+/-": "+7",
        "L5_+/-": "+3.0",
        "prevMatchup": "2023-05-21 1.0 ast 2023-05-19 0.0 ast 2023-04-08 0.0 ast",
        "winLossSplits": "40% - 25%",
        "awayHome": "H",
        "playedYesterday": "N",
        "awayHomeSplits": "38% - 28%",
        "savesAboveExp": -0.478,
        "gsaa": 8.04,
        "corsi": "52.0% (59.9) // 57.0% (56.0) // 52.0% (59.9) // 52.0% (59.9)",
        "fenwick": "51.3% (43.7) // 56.1% (40.6) // 51.3% (43.7) // 51.3% (43.7)",
        "shots": "51.6% (31.5) // 56.3% (29.0) // 51.6% (31.5) // 51.6% (31.5)",
        "scoring": "53.7% (31.5) // 61.3% (29.6) // 53.7% (31.5) // 53.7% (31.5)",
        "corsiAgainst": "48.0% (55.3) // 43.0% (42.3) // 48.0% (55.3) // 48.0% (55.3)",
        "fenwickAgainst": "48.7% (41.4) // 43.9% (31.7) // 48.7% (41.4) // 48.7% (41.4)",
        "shotsAgainst": "48.4% (29.5) // 43.7% (22.5) // 48.4% (29.5) // 48.4% (29.5)",
        "scoringAgainst": "46.3% (27.2) // 38.7% (18.6) // 46.3% (27.2) // 46.3% (27.2)",
        "oppCorsi": "48.6% (57.5) // 48.0% (56.0) // 48.6% (57.5) // 48.6% (57.5)",
        "oppFenwick": "49.7% (42.3) // 48.8% (40.5) // 49.7% (42.3) // 49.7% (42.3)",
        "oppShots": "50.5% (31.1) // 50.2% (28.8) // 50.5% (31.1) // 50.5% (31.1)",
        "oppScoring": "49.5% (29.2) // 49.0% (28.7) // 49.5% (29.2) // 49.5% (29.2)",
        "oppCorsiAgainst": "51.4% (60.7) // 52.0% (60.6) // 51.4% (60.7) // 51.4% (60.7)",
        "oppFenwickAgainst": "50.3% (42.8) // 51.2% (42.5) // 50.3% (42.8) // 50.3% (42.8)",
        "oppShotsAgainst": "49.5% (30.4) // 49.8% (28.5) // 49.5% (30.4) // 49.5% (30.4)",
        "oppScoringAgainst": "50.5% (29.8) // 51.0% (29.9) // 50.5% (29.8) // 50.5% (29.8)",
        "savesPerGame": 27.3,
        "savesPerGameLast1": 21.0,
        "savesPerGameLast3": 25.3,
        "savesPerGameLast5": 25.6,
        "savesPer60": 32.7,
        "savesPer60Last1": 21.4,
        "savesPer60Last3": 25.7,
        "savesPer60Last5": 25.6,
        "shotsPerGame": 31.9,
        "shotsPerGameLast5": 27.2,
        "shotsAgainstPerGame": 29.9,
        "shotsAgainstPerGameLast5": 28.8,
        "oppSavesAgainstPer60": 32.9,
        "oppSavesAgainstPer60Last1": 20.7,
        "oppSavesAgainstPer60Last3": 24.2,
        "oppSavesAgainstPer60Last5": 24.9,
        "oppShotsAgainstPerGame": 30.9,
        "oppShotsAgainstPerGameLast5": 34.4,
        "savesProj": 28.0,
        "savesProjLast5": 19.1,
        "savesProjLast3": 18.5,
        "oppSavesAgainstProj": 30.1,
        "oppSavesAgainstProjLast5": 19.9,
        "oppSavesAgainstProjLast3": 18.9,
        "totalOver": 33,
        "totalOverLast5": 40,
        "totalOverLast15": 33,
        "lastTotalOver": 24,
        "last5": "1,0,1,0,0,2,1,0,0,1",
        "overOdds": "+185",
        "underOdds": "-230",
        "overUnder": "+185 / -230"
    },
    {
        "player": "Evgenii Dadonov",
        "team": "DAL",
        "opponent": "VGK",
        "propType": "g",
        "line": 0.5,
        "ppLine": "PP2",
        "avg": 0.12,
        "hit": false,
        "diffAvg": -0.76,
        "diffAbs": 0.6,
        "lastAvg": 0.26,
        "diff": -0.48,
        "avgMin": 14,
        "proj": 0.2,
        "lastAvgMin": 15.82,
        "oppOver": 0,
        "teamOver": 0,
        "gameLine": "-140",
        "+/-": "+7",
        "L5_+/-": "+3.0",
        "prevMatchup": "2023-05-21 0.0 g 2023-05-19 0.0 g 2023-04-08 0.0 g",
        "winLossSplits": "12% - 8%",
        "awayHome": "H",
        "playedYesterday": "N",
        "awayHomeSplits": "10% - 11%",
        "savesAboveExp": -0.478,
        "gsaa": 8.04,
        "corsi": "52.0% (59.9) // 57.0% (56.0) // 52.0% (59.9) // 52.0% (59.9)",
        "fenwick": "51.3% (43.7) // 56.1% (40.6) // 51.3% (43.7) // 51.3% (43.7)",
        "shots": "51.6% (31.5) // 56.3% (29.0) // 51.6% (31.5) // 51.6% (31.5)",
        "scoring": "53.7% (31.5) // 61.3% (29.6) // 53.7% (31.5) // 53.7% (31.5)",
        "corsiAgainst": "48.0% (55.3) // 43.0% (42.3) // 48.0% (55.3) // 48.0% (55.3)",
        "fenwickAgainst": "48.7% (41.4) // 43.9% (31.7) // 48.7% (41.4) // 48.7% (41.4)",
        "shotsAgainst": "48.4% (29.5) // 43.7% (22.5) // 48.4% (29.5) // 48.4% (29.5)",
        "scoringAgainst": "46.3% (27.2) // 38.7% (18.6) // 46.3% (27.2) // 46.3% (27.2)",
        "oppCorsi": "48.6% (57.5) // 48.0% (56.0) // 48.6% (57.5) // 48.6% (57.5)",
        "oppFenwick": "49.7% (42.3) // 48.8% (40.5) // 49.7% (42.3) // 49.7% (42.3)",
        "oppShots": "50.5% (31.1) // 50.2% (28.8) // 50.5% (31.1) // 50.5% (31.1)",
        "oppScoring": "49.5% (29.2) // 49.0% (28.7) // 49.5% (29.2) // 49.5% (29.2)",
        "oppCorsiAgainst": "51.4% (60.7) // 52.0% (60.6) // 51.4% (60.7) // 51.4% (60.7)",
        "oppFenwickAgainst": "50.3% (42.8) // 51.2% (42.5) // 50.3% (42.8) // 50.3% (42.8)",
        "oppShotsAgainst": "49.5% (30.4) // 49.8% (28.5) // 49.5% (30.4) // 49.5% (30.4)",
        "oppScoringAgainst": "50.5% (29.8) // 51.0% (29.9) // 50.5% (29.8) // 50.5% (29.8)",
        "savesPerGame": 27.3,
        "savesPerGameLast1": 21.0,
        "savesPerGameLast3": 25.3,
        "savesPerGameLast5": 25.6,
        "savesPer60": 32.7,
        "savesPer60Last1": 21.4,
        "savesPer60Last3": 25.7,
        "savesPer60Last5": 25.6,
        "shotsPerGame": 31.9,
        "shotsPerGameLast5": 27.2,
        "shotsAgainstPerGame": 29.9,
        "shotsAgainstPerGameLast5": 28.8,
        "oppSavesAgainstPer60": 32.9,
        "oppSavesAgainstPer60Last1": 20.7,
        "oppSavesAgainstPer60Last3": 24.2,
        "oppSavesAgainstPer60Last5": 24.9,
        "oppShotsAgainstPerGame": 30.9,
        "oppShotsAgainstPerGameLast5": 34.4,
        "savesProj": 28.0,
        "savesProjLast5": 19.1,
        "savesProjLast3": 18.5,
        "oppSavesAgainstProj": 30.1,
        "oppSavesAgainstProjLast5": 19.9,
        "oppSavesAgainstProjLast3": 18.9,
        "totalOver": 10,
        "totalOverLast5": 0,
        "totalOverLast15": 20,
        "lastTotalOver": 25,
        "last5": "0,0,0,0,0,0,0,1,0,0",
        "overOdds": "+290",
        "underOdds": "0",
        "overUnder": "+290 / 0"
    },
    {
        "player": "Jack Eichel",
        "team": "VGK",
        "opponent": "DAL",
        "propType": "sog",
        "line": 3.5,
        "ppLine": "PP1",
        "avg": 3.36,
        "hit": false,
        "diffAvg": -0.04,
        "diffAbs": 0.03,
        "lastAvg": 3.91,
        "diff": 0.12,
        "avgMin": 18,
        "proj": 3.6,
        "lastAvgMin": 19.38,
        "oppOver": 0,
        "teamOver": 0,
        "gameLine": "+120",
        "+/-": "+34",
        "L5_+/-": "+10.0",
        "prevMatchup": "2023-05-21 3.0 sog 2023-05-19 4.0 sog 2023-02-25 7.0 sog 2023-01-16 2.0 sog",
        "winLossSplits": "47% - 41%",
        "awayHome": "A",
        "playedYesterday": "N",
        "awayHomeSplits": "51% - 39%",
        "savesAboveExp": 0.39,
        "gsaa": 26.05,
        "corsi": "48.6% (57.5) // 48.0% (56.0) // 48.6% (57.5) // 48.6% (57.5)",
        "fenwick": "49.7% (42.3) // 48.8% (40.5) // 49.7% (42.3) // 49.7% (42.3)",
        "shots": "50.5% (31.1) // 50.2% (28.8) // 50.5% (31.1) // 50.5% (31.1)",
        "scoring": "49.5% (29.2) // 49.0% (28.7) // 49.5% (29.2) // 49.5% (29.2)",
        "corsiAgainst": "51.4% (60.7) // 52.0% (60.6) // 51.4% (60.7) // 51.4% (60.7)",
        "fenwickAgainst": "50.3% (42.8) // 51.2% (42.5) // 50.3% (42.8) // 50.3% (42.8)",
        "shotsAgainst": "49.5% (30.4) // 49.8% (28.5) // 49.5% (30.4) // 49.5% (30.4)",
        "scoringAgainst": "50.5% (29.8) // 51.0% (29.9) // 50.5% (29.8) // 50.5% (29.8)",
        "oppCorsi": "52.0% (59.9) // 57.0% (56.0) // 52.0% (59.9) // 52.0% (59.9)",
        "oppFenwick": "51.3% (43.7) // 56.1% (40.6) // 51.3% (43.7) // 51.3% (43.7)",
        "oppShots": "51.6% (31.5) // 56.3% (29.0) // 51.6% (31.5) // 51.6% (31.5)",
        "oppScoring": "53.7% (31.5) // 61.3% (29.6) // 53.7% (31.5) // 53.7% (31.5)",
        "oppCorsiAgainst": "48.0% (55.3) // 43.0% (42.3) // 48.0% (55.3) // 48.0% (55.3)",
        "oppFenwickAgainst": "48.7% (41.4) // 43.9% (31.7) // 48.7% (41.4) // 48.7% (41.4)",
        "oppShotsAgainst": "48.4% (29.5) // 43.7% (22.5) // 48.4% (29.5) // 48.4% (29.5)",
        "oppScoringAgainst": "46.3% (27.2) // 38.7% (18.6) // 46.3% (27.2) // 46.3% (27.2)",
        "savesPerGame": 28.1,
        "savesPerGameLast1": 26.0,
        "savesPerGameLast3": 32.7,
        "savesPerGameLast5": 31.6,
        "savesPer60": 32.9,
        "savesPer60Last1": 26.5,
        "savesPer60Last3": 33.1,
        "savesPer60Last5": 31.7,
        "shotsPerGame": 31.5,
        "shotsPerGameLast5": 28.0,
        "shotsAgainstPerGame": 30.9,
        "shotsAgainstPerGameLast5": 34.4,
        "oppSavesAgainstPer60": 33.7,
        "oppSavesAgainstPer60Last1": 28.1,
        "oppSavesAgainstPer60Last3": 29.0,
        "oppSavesAgainstPer60Last5": 24.2,
        "oppShotsAgainstPerGame": 29.9,
        "oppShotsAgainstPerGameLast5": 28.8,
        "savesProj": 28.1,
        "savesProjLast5": 23.5,
        "savesProjLast3": 28.7,
        "oppSavesAgainstProj": 31.9,
        "oppSavesAgainstProjLast5": 22.6,
        "oppSavesAgainstProjLast3": 27.7,
        "totalOver": 45,
        "totalOverLast5": 60,
        "totalOverLast15": 47,
        "lastTotalOver": 50,
        "last5": "3,4,0,4,5,3,5,5,1,4",
        "overOdds": "-105",
        "underOdds": "-125",
        "overUnder": "-105 / -125"
    },
    {
        "player": "Jack Eichel",
        "team": "VGK",
        "opponent": "DAL",
        "propType": "pts",
        "line": 0.5,
        "ppLine": "PP1",
        "avg": 1.01,
        "hit": false,
        "diffAvg": 1.02,
        "diffAbs": 0.4,
        "lastAvg": 0.74,
        "diff": 0.48,
        "avgMin": 18,
        "proj": 0.7,
        "lastAvgMin": 19.38,
        "oppOver": 0,
        "teamOver": 0,
        "gameLine": "+120",
        "+/-": "+34",
        "L5_+/-": "+10.0",
        "prevMatchup": "2023-05-21 1.0 pts 2023-05-19 0.0 pts 2023-02-25 1.0 pts 2023-01-16 0.0 pts",
        "winLossSplits": "75% - 41%",
        "awayHome": "A",
        "playedYesterday": "N",
        "awayHomeSplits": "64% - 63%",
        "savesAboveExp": 0.39,
        "gsaa": 26.05,
        "corsi": "48.6% (57.5) // 48.0% (56.0) // 48.6% (57.5) // 48.6% (57.5)",
        "fenwick": "49.7% (42.3) // 48.8% (40.5) // 49.7% (42.3) // 49.7% (42.3)",
        "shots": "50.5% (31.1) // 50.2% (28.8) // 50.5% (31.1) // 50.5% (31.1)",
        "scoring": "49.5% (29.2) // 49.0% (28.7) // 49.5% (29.2) // 49.5% (29.2)",
        "corsiAgainst": "51.4% (60.7) // 52.0% (60.6) // 51.4% (60.7) // 51.4% (60.7)",
        "fenwickAgainst": "50.3% (42.8) // 51.2% (42.5) // 50.3% (42.8) // 50.3% (42.8)",
        "shotsAgainst": "49.5% (30.4) // 49.8% (28.5) // 49.5% (30.4) // 49.5% (30.4)",
        "scoringAgainst": "50.5% (29.8) // 51.0% (29.9) // 50.5% (29.8) // 50.5% (29.8)",
        "oppCorsi": "52.0% (59.9) // 57.0% (56.0) // 52.0% (59.9) // 52.0% (59.9)",
        "oppFenwick": "51.3% (43.7) // 56.1% (40.6) // 51.3% (43.7) // 51.3% (43.7)",
        "oppShots": "51.6% (31.5) // 56.3% (29.0) // 51.6% (31.5) // 51.6% (31.5)",
        "oppScoring": "53.7% (31.5) // 61.3% (29.6) // 53.7% (31.5) // 53.7% (31.5)",
        "oppCorsiAgainst": "48.0% (55.3) // 43.0% (42.3) // 48.0% (55.3) // 48.0% (55.3)",
        "oppFenwickAgainst": "48.7% (41.4) // 43.9% (31.7) // 48.7% (41.4) // 48.7% (41.4)",
        "oppShotsAgainst": "48.4% (29.5) // 43.7% (22.5) // 48.4% (29.5) // 48.4% (29.5)",
        "oppScoringAgainst": "46.3% (27.2) // 38.7% (18.6) // 46.3% (27.2) // 46.3% (27.2)",
        "savesPerGame": 28.1,
        "savesPerGameLast1": 26.0,
        "savesPerGameLast3": 32.7,
        "savesPerGameLast5": 31.6,
        "savesPer60": 32.9,
        "savesPer60Last1": 26.5,
        "savesPer60Last3": 33.1,
        "savesPer60Last5": 31.7,
        "shotsPerGame": 31.5,
        "shotsPerGameLast5": 28.0,
        "shotsAgainstPerGame": 30.9,
        "shotsAgainstPerGameLast5": 34.4,
        "oppSavesAgainstPer60": 33.7,
        "oppSavesAgainstPer60Last1": 28.1,
        "oppSavesAgainstPer60Last3": 29.0,
        "oppSavesAgainstPer60Last5": 24.2,
        "oppShotsAgainstPerGame": 29.9,
        "oppShotsAgainstPerGameLast5": 28.8,
        "savesProj": 28.1,
        "savesProjLast5": 23.5,
        "savesProjLast3": 28.7,
        "oppSavesAgainstProj": 31.9,
        "oppSavesAgainstProjLast5": 22.6,
        "oppSavesAgainstProjLast3": 27.7,
        "totalOver": 64,
        "totalOverLast5": 60,
        "totalOverLast15": 60,
        "lastTotalOver": 59,
        "last5": "1,0,1,3,0,3,0,2,1,0",
        "overOdds": "-180",
        "underOdds": "+145",
        "overUnder": "-180 / +145"
    },
    {
        "player": "Jack Eichel",
        "team": "VGK",
        "opponent": "DAL",
        "propType": "ast",
        "line": 0.5,
        "ppLine": "PP1",
        "avg": 0.6,
        "hit": false,
        "diffAvg": 0.2,
        "diffAbs": 0.4,
        "lastAvg": 0.32,
        "diff": -0.36,
        "avgMin": 18,
        "proj": 0.3,
        "lastAvgMin": 19.38,
        "oppOver": 0,
        "teamOver": 0,
        "gameLine": "+120",
        "+/-": "+34",
        "L5_+/-": "+10.0",
        "prevMatchup": "2023-05-21 1.0 ast 2023-05-19 0.0 ast 2023-02-25 0.0 ast 2023-01-16 0.0 ast",
        "winLossSplits": "60% - 30%",
        "awayHome": "A",
        "playedYesterday": "N",
        "awayHomeSplits": "54% - 46%",
        "savesAboveExp": 0.39,
        "gsaa": 26.05,
        "corsi": "48.6% (57.5) // 48.0% (56.0) // 48.6% (57.5) // 48.6% (57.5)",
        "fenwick": "49.7% (42.3) // 48.8% (40.5) // 49.7% (42.3) // 49.7% (42.3)",
        "shots": "50.5% (31.1) // 50.2% (28.8) // 50.5% (31.1) // 50.5% (31.1)",
        "scoring": "49.5% (29.2) // 49.0% (28.7) // 49.5% (29.2) // 49.5% (29.2)",
        "corsiAgainst": "51.4% (60.7) // 52.0% (60.6) // 51.4% (60.7) // 51.4% (60.7)",
        "fenwickAgainst": "50.3% (42.8) // 51.2% (42.5) // 50.3% (42.8) // 50.3% (42.8)",
        "shotsAgainst": "49.5% (30.4) // 49.8% (28.5) // 49.5% (30.4) // 49.5% (30.4)",
        "scoringAgainst": "50.5% (29.8) // 51.0% (29.9) // 50.5% (29.8) // 50.5% (29.8)",
        "oppCorsi": "52.0% (59.9) // 57.0% (56.0) // 52.0% (59.9) // 52.0% (59.9)",
        "oppFenwick": "51.3% (43.7) // 56.1% (40.6) // 51.3% (43.7) // 51.3% (43.7)",
        "oppShots": "51.6% (31.5) // 56.3% (29.0) // 51.6% (31.5) // 51.6% (31.5)",
        "oppScoring": "53.7% (31.5) // 61.3% (29.6) // 53.7% (31.5) // 53.7% (31.5)",
        "oppCorsiAgainst": "48.0% (55.3) // 43.0% (42.3) // 48.0% (55.3) // 48.0% (55.3)",
        "oppFenwickAgainst": "48.7% (41.4) // 43.9% (31.7) // 48.7% (41.4) // 48.7% (41.4)",
        "oppShotsAgainst": "48.4% (29.5) // 43.7% (22.5) // 48.4% (29.5) // 48.4% (29.5)",
        "oppScoringAgainst": "46.3% (27.2) // 38.7% (18.6) // 46.3% (27.2) // 46.3% (27.2)",
        "savesPerGame": 28.1,
        "savesPerGameLast1": 26.0,
        "savesPerGameLast3": 32.7,
        "savesPerGameLast5": 31.6,
        "savesPer60": 32.9,
        "savesPer60Last1": 26.5,
        "savesPer60Last3": 33.1,
        "savesPer60Last5": 31.7,
        "shotsPerGame": 31.5,
        "shotsPerGameLast5": 28.0,
        "shotsAgainstPerGame": 30.9,
        "shotsAgainstPerGameLast5": 34.4,
        "oppSavesAgainstPer60": 33.7,
        "oppSavesAgainstPer60Last1": 28.1,
        "oppSavesAgainstPer60Last3": 29.0,
        "oppSavesAgainstPer60Last5": 24.2,
        "oppShotsAgainstPerGame": 29.9,
        "oppShotsAgainstPerGameLast5": 28.8,
        "savesProj": 28.1,
        "savesProjLast5": 23.5,
        "savesProjLast3": 28.7,
        "oppSavesAgainstProj": 31.9,
        "oppSavesAgainstProjLast5": 22.6,
        "oppSavesAgainstProjLast3": 27.7,
        "totalOver": 50,
        "totalOverLast5": 60,
        "totalOverLast15": 53,
        "lastTotalOver": 32,
        "last5": "1,0,1,2,0,2,0,1,1,0",
        "overOdds": "+125",
        "underOdds": "-155",
        "overUnder": "+125 / -155"
    },
    {
        "player": "Jack Eichel",
        "team": "VGK",
        "opponent": "DAL",
        "propType": "g",
        "line": 0.5,
        "ppLine": "PP1",
        "avg": 0.41,
        "hit": false,
        "diffAvg": -0.18,
        "diffAbs": 0.2,
        "lastAvg": 0.41,
        "diff": -0.18,
        "avgMin": 18,
        "proj": 0.4,
        "lastAvgMin": 19.38,
