[
    {
        "player": "Auston Matthews",
        "team": "TOR",
        "opponent": "CBJ",
        "propType": "sog",
        "line": 4.5,
        "ppLine": "PP1",
        "avg": 4.41,
        "hit": false,
        "diffAvg": -0.02,
        "diffAbs": 0.07,
        "lastAvg": 4.3,
        "diff": -0.04,
        "avgMin": 20,
        "proj": 4.2,
        "lastAvgMin": 20.6,
        "oppOver": 0,
        "teamOver": 0,
        "gameLine": "-365",
        "+/-": "+30",
        "L5_+/-": "+4.0",
        "prevMatchup": "",
        "winLossSplits": "45% - 44%",
        "awayHome": "H",
        "playedYesterday": "N",
        "awayHomeSplits": "37% - 53%",
        "savesAboveExp": "-",
        "gsaa": "-",
        "corsi": "50.9% (57.5) // 48.6% (56.0) // 54.7% (63.4) // 50.7% (59.4)",
        "fenwick": "51.7% (43.8) // 48.4% (41.7) // 55.4% (49.1) // 51.5% (45.9)",
        "shots": "52.2% (31.7) // 49.4% (30.2) // 57.2% (36.4) // 55.6% (34.7)",
        "scoring": "53.9% (33.4) // 52.4% (31.9) // 59.2% (37.6) // 52.4% (32.7)",
        "corsiAgainst": "49.1% (55.5) // 51.4% (59.2) // 45.3% (52.5) // 49.3% (57.8)",
        "fenwickAgainst": "48.3% (40.9) // 51.6% (44.5) // 44.6% (39.6) // 48.5% (43.3)",
        "shotsAgainst": "47.8% (29.0) // 50.6% (31.0) // 42.8% (27.2) // 44.4% (27.7)",
        "scoringAgainst": "46.1% (28.6) // 47.6% (28.9) // 40.8% (25.9) // 47.6% (29.7)",
        "oppCorsi": "45.8% (55.3) // 45.3% (54.7) // 41.6% (46.7) // 39.9% (46.1)",
        "oppFenwick": "45.6% (41.1) // 44.0% (40.1) // 40.1% (34.3) // 38.0% (33.5)",
        "oppShots": "45.5% (29.2) // 44.9% (29.5) // 41.1% (24.3) // 39.2% (22.9)",
        "oppScoring": "45.0% (27.1) // 44.6% (28.3) // 41.3% (23.5) // 38.3% (22.9)",
        "oppCorsiAgainst": "54.2% (65.4) // 54.7% (66.1) // 58.4% (65.6) // 60.1% (69.3)",
        "oppFenwickAgainst": "54.4% (49.0) // 56.0% (51.1) // 59.9% (51.2) // 62.0% (54.7)",
        "oppShotsAgainst": "54.5% (35.0) // 55.1% (36.2) // 58.9% (34.9) // 60.8% (35.5)",
        "oppScoringAgainst": "55.0% (33.1) // 55.4% (35.1) // 58.7% (33.5) // 61.7% (36.8)",
        "savesPerGame": 26.5,
        "savesPerGameLast1": 19.0,
        "savesPerGameLast3": 25.3,
        "savesPerGameLast5": 24.4,
        "savesPer60": 26.5,
        "savesPer60Last1": 18.7,
        "savesPer60Last3": 25.4,
        "savesPer60Last5": 24.3,
        "shotsPerGame": 32.0,
        "shotsPerGameLast5": 36.6,
        "shotsAgainstPerGame": 29.2,
        "shotsAgainstPerGameLast5": 27.4,
        "oppSavesAgainstPer60": 26.8,
        "oppSavesAgainstPer60Last1": 17.9,
        "oppSavesAgainstPer60Last3": 21.5,
        "oppSavesAgainstPer60Last5": 22.8,
        "oppShotsAgainstPerGame": 35.3,
        "oppShotsAgainstPerGameLast5": 35.0,
        "savesProj": 22.8,
        "savesProjLast5": 17.6,
        "savesProjLast3": 17.4,
        "oppSavesAgainstProj": 25.2,
        "oppSavesAgainstProjLast5": 18.8,
        "oppSavesAgainstProjLast3": 18.3,
        "totalOver": 45,
        "totalOverLast5": 80,
        "totalOverLast15": 53,
        "lastTotalOver": 41,
        "last5": "6,3,5,5,15,4,3,4,5,5",
        "overOdds": "-125",
        "underOdds": "-105",
        "overUnder": "-125 / -105"
    },
    {
        "player": "Auston Matthews",
        "team": "TOR",
        "opponent": "CBJ",
        "propType": "pts",
        "line": 1.5,
        "ppLine": "PP1",
        "avg": 1.14,
        "hit": false,
        "diffAvg": -0.24,
        "diffAbs": 0.13,
        "lastAvg": 1.31,
        "diff": -0.13,
        "avgMin": 20,
        "proj": 1.3,
        "lastAvgMin": 20.6,
        "oppOver": 0,
        "teamOver": 0,
        "gameLine": "-365",
        "+/-": "+30",
        "L5_+/-": "+4.0",
        "prevMatchup": "",
        "winLossSplits": "40% - 19%",
        "awayHome": "H",
        "playedYesterday": "N",
        "awayHomeSplits": "34% - 29%",
        "savesAboveExp": "-",
        "gsaa": "-",
        "corsi": "50.9% (57.5) // 48.6% (56.0) // 54.7% (63.4) // 50.7% (59.4)",
        "fenwick": "51.7% (43.8) // 48.4% (41.7) // 55.4% (49.1) // 51.5% (45.9)",
        "shots": "52.2% (31.7) // 49.4% (30.2) // 57.2% (36.4) // 55.6% (34.7)",
        "scoring": "53.9% (33.4) // 52.4% (31.9) // 59.2% (37.6) // 52.4% (32.7)",
        "corsiAgainst": "49.1% (55.5) // 51.4% (59.2) // 45.3% (52.5) // 49.3% (57.8)",
        "fenwickAgainst": "48.3% (40.9) // 51.6% (44.5) // 44.6% (39.6) // 48.5% (43.3)",
        "shotsAgainst": "47.8% (29.0) // 50.6% (31.0) // 42.8% (27.2) // 44.4% (27.7)",
        "scoringAgainst": "46.1% (28.6) // 47.6% (28.9) // 40.8% (25.9) // 47.6% (29.7)",
        "oppCorsi": "45.8% (55.3) // 45.3% (54.7) // 41.6% (46.7) // 39.9% (46.1)",
        "oppFenwick": "45.6% (41.1) // 44.0% (40.1) // 40.1% (34.3) // 38.0% (33.5)",
        "oppShots": "45.5% (29.2) // 44.9% (29.5) // 41.1% (24.3) // 39.2% (22.9)",
        "oppScoring": "45.0% (27.1) // 44.6% (28.3) // 41.3% (23.5) // 38.3% (22.9)",
        "oppCorsiAgainst": "54.2% (65.4) // 54.7% (66.1) // 58.4% (65.6) // 60.1% (69.3)",
        "oppFenwickAgainst": "54.4% (49.0) // 56.0% (51.1) // 59.9% (51.2) // 62.0% (54.7)",
        "oppShotsAgainst": "54.5% (35.0) // 55.1% (36.2) // 58.9% (34.9) // 60.8% (35.5)",
        "oppScoringAgainst": "55.0% (33.1) // 55.4% (35.1) // 58.7% (33.5) // 61.7% (36.8)",
        "savesPerGame": 26.5,
        "savesPerGameLast1": 19.0,
        "savesPerGameLast3": 25.3,
        "savesPerGameLast5": 24.4,
        "savesPer60": 26.5,
        "savesPer60Last1": 18.7,
        "savesPer60Last3": 25.4,
        "savesPer60Last5": 24.3,
        "shotsPerGame": 32.0,
        "shotsPerGameLast5": 36.6,
        "shotsAgainstPerGame": 29.2,
        "shotsAgainstPerGameLast5": 27.4,
        "oppSavesAgainstPer60": 26.8,
        "oppSavesAgainstPer60Last1": 17.9,
        "oppSavesAgainstPer60Last3": 21.5,
        "oppSavesAgainstPer60Last5": 22.8,
        "oppShotsAgainstPerGame": 35.3,
        "oppShotsAgainstPerGameLast5": 35.0,
        "savesProj": 22.8,
        "savesProjLast5": 17.6,
        "savesProjLast3": 17.4,
        "oppSavesAgainstProj": 25.2,
        "oppSavesAgainstProjLast5": 18.8,
        "oppSavesAgainstProjLast3": 18.3,
        "totalOver": 32,
        "totalOverLast5": 40,
        "totalOverLast15": 40,
        "lastTotalOver": 46,
        "last5": "1,0,1,2,2,2,1,2,1,0",
        "overOdds": "-120",
        "underOdds": "-110",
        "overUnder": "-120 / -110"
    },
    {
        "player": "Auston Matthews",
        "team": "TOR",
        "opponent": "CBJ",
        "propType": "ast",
        "line": 0.5,
        "ppLine": "PP1",
        "avg": 0.61,
        "hit": false,
        "diffAvg": 0.22,
        "diffAbs": 0.2,
        "lastAvg": 0.57,
        "diff": 0.14,
        "avgMin": 20,
        "proj": 0.6,
        "lastAvgMin": 20.6,
        "oppOver": 0,
        "teamOver": 0,
        "gameLine": "-365",
        "+/-": "+30",
        "L5_+/-": "+4.0",
        "prevMatchup": "",
        "winLossSplits": "52% - 41%",
        "awayHome": "H",
        "playedYesterday": "N",
        "awayHomeSplits": "46% - 50%",
        "savesAboveExp": "-",
        "gsaa": "-",
        "corsi": "50.9% (57.5) // 48.6% (56.0) // 54.7% (63.4) // 50.7% (59.4)",
        "fenwick": "51.7% (43.8) // 48.4% (41.7) // 55.4% (49.1) // 51.5% (45.9)",
        "shots": "52.2% (31.7) // 49.4% (30.2) // 57.2% (36.4) // 55.6% (34.7)",
        "scoring": "53.9% (33.4) // 52.4% (31.9) // 59.2% (37.6) // 52.4% (32.7)",
        "corsiAgainst": "49.1% (55.5) // 51.4% (59.2) // 45.3% (52.5) // 49.3% (57.8)",
        "fenwickAgainst": "48.3% (40.9) // 51.6% (44.5) // 44.6% (39.6) // 48.5% (43.3)",
        "shotsAgainst": "47.8% (29.0) // 50.6% (31.0) // 42.8% (27.2) // 44.4% (27.7)",
        "scoringAgainst": "46.1% (28.6) // 47.6% (28.9) // 40.8% (25.9) // 47.6% (29.7)",
        "oppCorsi": "45.8% (55.3) // 45.3% (54.7) // 41.6% (46.7) // 39.9% (46.1)",
        "oppFenwick": "45.6% (41.1) // 44.0% (40.1) // 40.1% (34.3) // 38.0% (33.5)",
        "oppShots": "45.5% (29.2) // 44.9% (29.5) // 41.1% (24.3) // 39.2% (22.9)",
        "oppScoring": "45.0% (27.1) // 44.6% (28.3) // 41.3% (23.5) // 38.3% (22.9)",
        "oppCorsiAgainst": "54.2% (65.4) // 54.7% (66.1) // 58.4% (65.6) // 60.1% (69.3)",
        "oppFenwickAgainst": "54.4% (49.0) // 56.0% (51.1) // 59.9% (51.2) // 62.0% (54.7)",
        "oppShotsAgainst": "54.5% (35.0) // 55.1% (36.2) // 58.9% (34.9) // 60.8% (35.5)",
        "oppScoringAgainst": "55.0% (33.1) // 55.4% (35.1) // 58.7% (33.5) // 61.7% (36.8)",
        "savesPerGame": 26.5,
        "savesPerGameLast1": 19.0,
        "savesPerGameLast3": 25.3,
        "savesPerGameLast5": 24.4,
        "savesPer60": 26.5,
        "savesPer60Last1": 18.7,
        "savesPer60Last3": 25.4,
        "savesPer60Last5": 24.3,
        "shotsPerGame": 32.0,
        "shotsPerGameLast5": 36.6,
        "shotsAgainstPerGame": 29.2,
        "shotsAgainstPerGameLast5": 27.4,
        "oppSavesAgainstPer60": 26.8,
        "oppSavesAgainstPer60Last1": 17.9,
        "oppSavesAgainstPer60Last3": 21.5,
        "oppSavesAgainstPer60Last5": 22.8,
        "oppShotsAgainstPerGame": 35.3,
        "oppShotsAgainstPerGameLast5": 35.0,
        "savesProj": 22.8,
        "savesProjLast5": 17.6,
        "savesProjLast3": 17.4,
        "oppSavesAgainstProj": 25.2,
        "oppSavesAgainstProjLast5": 18.8,
        "oppSavesAgainstProjLast3": 18.3,
        "totalOver": 48,
        "totalOverLast5": 40,
        "totalOverLast15": 40,
        "lastTotalOver": 47,
        "last5": "1,0,0,2,0,0,1,2,0,0",
        "overOdds": "-175",
        "underOdds": "+140",
        "overUnder": "-175 / +140"
    },
    {
        "player": "Auston Matthews",
        "team": "TOR",
        "opponent": "CBJ",
        "propType": "g",
        "line": 0.5,
        "ppLine": "PP1",
        "avg": 0.54,
        "hit": false,
        "diffAvg": 0.08,
        "diffAbs": 0.4,
        "lastAvg": 0.74,
        "diff": 0.48,
        "avgMin": 20,
        "proj": 0.7,
        "lastAvgMin": 20.6,
        "oppOver": 0,
        "teamOver": 0,
        "gameLine": "-365",
        "+/-": "+30",
        "L5_+/-": "+4.0",
        "prevMatchup": "",
        "winLossSplits": "52% - 37%",
        "awayHome": "H",
        "playedYesterday": "N",
        "awayHomeSplits": "37% - 56%",
        "savesAboveExp": "-",
        "gsaa": "-",
        "corsi": "50.9% (57.5) // 48.6% (56.0) // 54.7% (63.4) // 50.7% (59.4)",
        "fenwick": "51.7% (43.8) // 48.4% (41.7) // 55.4% (49.1) // 51.5% (45.9)",
        "shots": "52.2% (31.7) // 49.4% (30.2) // 57.2% (36.4) // 55.6% (34.7)",
        "scoring": "53.9% (33.4) // 52.4% (31.9) // 59.2% (37.6) // 52.4% (32.7)",
        "corsiAgainst": "49.1% (55.5) // 51.4% (59.2) // 45.3% (52.5) // 49.3% (57.8)",
        "fenwickAgainst": "48.3% (40.9) // 51.6% (44.5) // 44.6% (39.6) // 48.5% (43.3)",
        "shotsAgainst": "47.8% (29.0) // 50.6% (31.0) // 42.8% (27.2) // 44.4% (27.7)",
        "scoringAgainst": "46.1% (28.6) // 47.6% (28.9) // 40.8% (25.9) // 47.6% (29.7)",
        "oppCorsi": "45.8% (55.3) // 45.3% (54.7) // 41.6% (46.7) // 39.9% (46.1)",
        "oppFenwick": "45.6% (41.1) // 44.0% (40.1) // 40.1% (34.3) // 38.0% (33.5)",
        "oppShots": "45.5% (29.2) // 44.9% (29.5) // 41.1% (24.3) // 39.2% (22.9)",
        "oppScoring": "45.0% (27.1) // 44.6% (28.3) // 41.3% (23.5) // 38.3% (22.9)",
        "oppCorsiAgainst": "54.2% (65.4) // 54.7% (66.1) // 58.4% (65.6) // 60.1% (69.3)",
        "oppFenwickAgainst": "54.4% (49.0) // 56.0% (51.1) // 59.9% (51.2) // 62.0% (54.7)",
        "oppShotsAgainst": "54.5% (35.0) // 55.1% (36.2) // 58.9% (34.9) // 60.8% (35.5)",
        "oppScoringAgainst": "55.0% (33.1) // 55.4% (35.1) // 58.7% (33.5) // 61.7% (36.8)",
        "savesPerGame": 26.5,
        "savesPerGameLast1": 19.0,
        "savesPerGameLast3": 25.3,
        "savesPerGameLast5": 24.4,
        "savesPer60": 26.5,
        "savesPer60Last1": 18.7,
        "savesPer60Last3": 25.4,
        "savesPer60Last5": 24.3,
        "shotsPerGame": 32.0,
        "shotsPerGameLast5": 36.6,
        "shotsAgainstPerGame": 29.2,
        "shotsAgainstPerGameLast5": 27.4,
        "oppSavesAgainstPer60": 26.8,
        "oppSavesAgainstPer60Last1": 17.9,
        "oppSavesAgainstPer60Last3": 21.5,
        "oppSavesAgainstPer60Last5": 22.8,
        "oppShotsAgainstPerGame": 35.3,
        "oppShotsAgainstPerGameLast5": 35.0,
        "savesProj": 22.8,
        "savesProjLast5": 17.6,
        "savesProjLast3": 17.4,
        "oppSavesAgainstProj": 25.2,
        "oppSavesAgainstProjLast5": 18.8,
        "oppSavesAgainstProjLast3": 18.3,
        "totalOver": 46,
        "totalOverLast5": 40,
        "totalOverLast15": 47,
        "lastTotalOver": 54,
        "last5": "0,0,1,0,2,2,0,0,1,0",
        "overOdds": "-165",
        "underOdds": "0",
        "overUnder": "-165 / 0"
    },
    {
        "player": "Boone Jenner",
        "team": "CBJ",
        "opponent": "TOR",
        "propType": "sog",
        "line": 2.5,
        "ppLine": "PP1",
        "avg": 3.25,
        "hit": false,
        "diffAvg": 0.3,
        "diffAbs": 0.08,
        "lastAvg": 2.71,
        "diff": 0.08,
        "avgMin": 20,
        "proj": 2.7,
        "lastAvgMin": 20.45,
        "oppOver": 0,
        "teamOver": 0,
        "gameLine": "+300",
        "+/-": -27,
        "L5_+/-": -10.0,
        "prevMatchup": "2023-02-11 9.0 sog 2023-02-10 3.0 sog",
        "winLossSplits": "59% - 63%",
        "awayHome": "A",
        "playedYesterday": "N",
        "awayHomeSplits": "56% - 67%",
        "savesAboveExp": 0.388,
        "gsaa": 11.93,
        "corsi": "45.8% (55.3) // 45.3% (54.7) // 41.6% (46.7) // 39.9% (46.1)",
        "fenwick": "45.6% (41.1) // 44.0% (40.1) // 40.1% (34.3) // 38.0% (33.5)",
        "shots": "45.5% (29.2) // 44.9% (29.5) // 41.1% (24.3) // 39.2% (22.9)",
        "scoring": "45.0% (27.1) // 44.6% (28.3) // 41.3% (23.5) // 38.3% (22.9)",
        "corsiAgainst": "54.2% (65.4) // 54.7% (66.1) // 58.4% (65.6) // 60.1% (69.3)",
        "fenwickAgainst": "54.4% (49.0) // 56.0% (51.1) // 59.9% (51.2) // 62.0% (54.7)",
        "shotsAgainst": "54.5% (35.0) // 55.1% (36.2) // 58.9% (34.9) // 60.8% (35.5)",
        "scoringAgainst": "55.0% (33.1) // 55.4% (35.1) // 58.7% (33.5) // 61.7% (36.8)",
        "oppCorsi": "50.9% (57.5) // 48.6% (56.0) // 54.7% (63.4) // 50.7% (59.4)",
        "oppFenwick": "51.7% (43.8) // 48.4% (41.7) // 55.4% (49.1) // 51.5% (45.9)",
        "oppShots": "52.2% (31.7) // 49.4% (30.2) // 57.2% (36.4) // 55.6% (34.7)",
        "oppScoring": "53.9% (33.4) // 52.4% (31.9) // 59.2% (37.6) // 52.4% (32.7)",
        "oppCorsiAgainst": "49.1% (55.5) // 51.4% (59.2) // 45.3% (52.5) // 49.3% (57.8)",
        "oppFenwickAgainst": "48.3% (40.9) // 51.6% (44.5) // 44.6% (39.6) // 48.5% (43.3)",
        "oppShotsAgainst": "47.8% (29.0) // 50.6% (31.0) // 42.8% (27.2) // 44.4% (27.7)",
        "oppScoringAgainst": "46.1% (28.6) // 47.6% (28.9) // 40.8% (25.9) // 47.6% (29.7)",
        "savesPerGame": 31.3,
        "savesPerGameLast1": 24.0,
        "savesPerGameLast3": 31.7,
        "savesPerGameLast5": 29.8,
        "savesPer60": 31.2,
        "savesPer60Last1": 24.1,
        "savesPer60Last3": 31.8,
        "savesPer60Last5": 29.8,
        "shotsPerGame": 29.5,
        "shotsPerGameLast5": 24.4,
        "shotsAgainstPerGame": 35.3,
        "shotsAgainstPerGameLast5": 35.0,
        "oppSavesAgainstPer60": 28.4,
        "oppSavesAgainstPer60Last1": 43.0,
        "oppSavesAgainstPer60Last3": 33.1,
        "oppSavesAgainstPer60Last5": 34.3,
        "oppShotsAgainstPerGame": 29.2,
        "oppShotsAgainstPerGameLast5": 27.4,
        "savesProj": 33.6,
        "savesProjLast5": 38.2,
        "savesProjLast3": 39.2,
        "oppSavesAgainstProj": 31.4,
        "oppSavesAgainstProjLast5": 34.9,
        "oppSavesAgainstProjLast3": 33.7,
        "totalOver": 62,
        "totalOverLast5": 40,
        "totalOverLast15": 47,
        "lastTotalOver": 50,
        "last5": "2,4,3,2,1,2,3,1,6,4",
        "overOdds": "-165",
        "underOdds": "+135",
        "overUnder": "-165 / +135"
    },
    {
        "player": "Boone Jenner",
        "team": "CBJ",
        "opponent": "TOR",
        "propType": "g",
        "line": 0.5,
        "ppLine": "PP1",
        "avg": 0.4,
        "hit": false,
        "diffAvg": -0.2,
        "diffAbs": 0.2,
        "lastAvg": 0.39,
        "diff": -0.22,
        "avgMin": 20,
        "proj": 0.4,
        "lastAvgMin": 20.45,
        "oppOver": 0,
        "teamOver": 0,
        "gameLine": "+300",
        "+/-": -27,
        "L5_+/-": -10.0,
        "prevMatchup": "2023-02-11 1.0 g 2023-02-10 0.0 g",
        "winLossSplits": "68% - 19%",
        "awayHome": "A",
        "playedYesterday": "N",
        "awayHomeSplits": "28% - 42%",
        "savesAboveExp": 0.388,
        "gsaa": 11.93,
        "corsi": "45.8% (55.3) // 45.3% (54.7) // 41.6% (46.7) // 39.9% (46.1)",
        "fenwick": "45.6% (41.1) // 44.0% (40.1) // 40.1% (34.3) // 38.0% (33.5)",
        "shots": "45.5% (29.2) // 44.9% (29.5) // 41.1% (24.3) // 39.2% (22.9)",
        "scoring": "45.0% (27.1) // 44.6% (28.3) // 41.3% (23.5) // 38.3% (22.9)",
        "corsiAgainst": "54.2% (65.4) // 54.7% (66.1) // 58.4% (65.6) // 60.1% (69.3)",
        "fenwickAgainst": "54.4% (49.0) // 56.0% (51.1) // 59.9% (51.2) // 62.0% (54.7)",
        "shotsAgainst": "54.5% (35.0) // 55.1% (36.2) // 58.9% (34.9) // 60.8% (35.5)",
        "scoringAgainst": "55.0% (33.1) // 55.4% (35.1) // 58.7% (33.5) // 61.7% (36.8)",
        "oppCorsi": "50.9% (57.5) // 48.6% (56.0) // 54.7% (63.4) // 50.7% (59.4)",
        "oppFenwick": "51.7% (43.8) // 48.4% (41.7) // 55.4% (49.1) // 51.5% (45.9)",
        "oppShots": "52.2% (31.7) // 49.4% (30.2) // 57.2% (36.4) // 55.6% (34.7)",
        "oppScoring": "53.9% (33.4) // 52.4% (31.9) // 59.2% (37.6) // 52.4% (32.7)",
        "oppCorsiAgainst": "49.1% (55.5) // 51.4% (59.2) // 45.3% (52.5) // 49.3% (57.8)",
        "oppFenwickAgainst": "48.3% (40.9) // 51.6% (44.5) // 44.6% (39.6) // 48.5% (43.3)",
        "oppShotsAgainst": "47.8% (29.0) // 50.6% (31.0) // 42.8% (27.2) // 44.4% (27.7)",
        "oppScoringAgainst": "46.1% (28.6) // 47.6% (28.9) // 40.8% (25.9) // 47.6% (29.7)",
        "savesPerGame": 31.3,
        "savesPerGameLast1": 24.0,
        "savesPerGameLast3": 31.7,
        "savesPerGameLast5": 29.8,
        "savesPer60": 31.2,
        "savesPer60Last1": 24.1,
        "savesPer60Last3": 31.8,
        "savesPer60Last5": 29.8,
        "shotsPerGame": 29.5,
        "shotsPerGameLast5": 24.4,
        "shotsAgainstPerGame": 35.3,
        "shotsAgainstPerGameLast5": 35.0,
        "oppSavesAgainstPer60": 28.4,
        "oppSavesAgainstPer60Last1": 43.0,
        "oppSavesAgainstPer60Last3": 33.1,
        "oppSavesAgainstPer60Last5": 34.3,
        "oppShotsAgainstPerGame": 29.2,
        "oppShotsAgainstPerGameLast5": 27.4,
        "savesProj": 33.6,
        "savesProjLast5": 38.2,
        "savesProjLast3": 39.2,
        "oppSavesAgainstProj": 31.4,
        "oppSavesAgainstProjLast5": 34.9,
        "oppSavesAgainstProjLast3": 33.7,
        "totalOver": 35,
        "totalOverLast5": 20,
        "totalOverLast15": 40,
        "lastTotalOver": 37,
        "last5": "1,0,0,0,0,1,1,0,1,0",
        "overOdds": "+190",
        "underOdds": "0",
        "overUnder": "+190 / 0"
    },
    {
        "player": "John Tavares",
        "team": "TOR",
        "opponent": "CBJ",
        "propType": "sog",
        "line": 3.5,
        "ppLine": "PP1",
        "avg": 3.4,
        "hit": false,
        "diffAvg": -0.03,
        "diffAbs": 0.26,
        "lastAvg": 2.76,
        "diff": -0.21,
        "avgMin": 17,
        "proj": 2.6,
        "lastAvgMin": 18.07,
        "oppOver": 0,
        "teamOver": 0,
        "gameLine": "-365",
        "+/-": -7,
        "L5_+/-": -8.0,
        "prevMatchup": "2023-02-11 0.0 sog 2023-02-10 4.0 sog",
        "winLossSplits": "45% - 32%",
        "awayHome": "H",
        "playedYesterday": "N",
        "awayHomeSplits": "42% - 38%",
        "savesAboveExp": "-",
        "gsaa": "-",
        "corsi": "50.9% (57.5) // 48.6% (56.0) // 54.7% (63.4) // 50.7% (59.4)",
        "fenwick": "51.7% (43.8) // 48.4% (41.7) // 55.4% (49.1) // 51.5% (45.9)",
        "shots": "52.2% (31.7) // 49.4% (30.2) // 57.2% (36.4) // 55.6% (34.7)",
        "scoring": "53.9% (33.4) // 52.4% (31.9) // 59.2% (37.6) // 52.4% (32.7)",
        "corsiAgainst": "49.1% (55.5) // 51.4% (59.2) // 45.3% (52.5) // 49.3% (57.8)",
        "fenwickAgainst": "48.3% (40.9) // 51.6% (44.5) // 44.6% (39.6) // 48.5% (43.3)",
        "shotsAgainst": "47.8% (29.0) // 50.6% (31.0) // 42.8% (27.2) // 44.4% (27.7)",
        "scoringAgainst": "46.1% (28.6) // 47.6% (28.9) // 40.8% (25.9) // 47.6% (29.7)",
        "oppCorsi": "45.8% (55.3) // 45.3% (54.7) // 41.6% (46.7) // 39.9% (46.1)",
        "oppFenwick": "45.6% (41.1) // 44.0% (40.1) // 40.1% (34.3) // 38.0% (33.5)",
        "oppShots": "45.5% (29.2) // 44.9% (29.5) // 41.1% (24.3) // 39.2% (22.9)",
        "oppScoring": "45.0% (27.1) // 44.6% (28.3) // 41.3% (23.5) // 38.3% (22.9)",
        "oppCorsiAgainst": "54.2% (65.4) // 54.7% (66.1) // 58.4% (65.6) // 60.1% (69.3)",
        "oppFenwickAgainst": "54.4% (49.0) // 56.0% (51.1) // 59.9% (51.2) // 62.0% (54.7)",
        "oppShotsAgainst": "54.5% (35.0) // 55.1% (36.2) // 58.9% (34.9) // 60.8% (35.5)",
        "oppScoringAgainst": "55.0% (33.1) // 55.4% (35.1) // 58.7% (33.5) // 61.7% (36.8)",
        "savesPerGame": 26.5,
        "savesPerGameLast1": 19.0,
        "savesPerGameLast3": 25.3,
        "savesPerGameLast5": 24.4,
        "savesPer60": 26.5,
        "savesPer60Last1": 18.7,
        "savesPer60Last3": 25.4,
        "savesPer60Last5": 24.3,
        "shotsPerGame": 32.0,
        "shotsPerGameLast5": 36.6,
        "shotsAgainstPerGame": 29.2,
        "shotsAgainstPerGameLast5": 27.4,
        "oppSavesAgainstPer60": 26.8,
        "oppSavesAgainstPer60Last1": 17.9,
        "oppSavesAgainstPer60Last3": 21.5,
        "oppSavesAgainstPer60Last5": 22.8,
        "oppShotsAgainstPerGame": 35.3,
        "oppShotsAgainstPerGameLast5": 35.0,
        "savesProj": 22.8,
        "savesProjLast5": 17.6,
        "savesProjLast3": 17.4,
        "oppSavesAgainstProj": 25.2,
        "oppSavesAgainstProjLast5": 18.8,
        "oppSavesAgainstProjLast3": 18.3,
        "totalOver": 40,
        "totalOverLast5": 40,
        "totalOverLast15": 40,
        "lastTotalOver": 29,
        "last5": "4,0,1,3,9,2,4,0,0,1",
        "overOdds": "+105",
        "underOdds": "-135",
        "overUnder": "+105 / -135"
    },
    {
        "player": "John Tavares",
        "team": "TOR",
        "opponent": "CBJ",
        "propType": "pts",
        "line": 1.5,
        "ppLine": "PP1",
        "avg": 1.01,
        "hit": false,
        "diffAvg": -0.33,
        "diffAbs": 0.47,
        "lastAvg": 0.88,
        "diff": -0.41,
        "avgMin": 17,
        "proj": 0.8,
        "lastAvgMin": 18.07,
        "oppOver": 0,
        "teamOver": 0,
        "gameLine": "-365",
        "+/-": -7,
        "L5_+/-": -8.0,
        "prevMatchup": "2023-02-11 0.0 pts 2023-02-10 2.0 pts",
        "winLossSplits": "45% - 3%",
        "awayHome": "H",
        "playedYesterday": "N",
        "awayHomeSplits": "31% - 26%",
        "savesAboveExp": "-",
        "gsaa": "-",
        "corsi": "50.9% (57.5) // 48.6% (56.0) // 54.7% (63.4) // 50.7% (59.4)",
        "fenwick": "51.7% (43.8) // 48.4% (41.7) // 55.4% (49.1) // 51.5% (45.9)",
        "shots": "52.2% (31.7) // 49.4% (30.2) // 57.2% (36.4) // 55.6% (34.7)",
        "scoring": "53.9% (33.4) // 52.4% (31.9) // 59.2% (37.6) // 52.4% (32.7)",
        "corsiAgainst": "49.1% (55.5) // 51.4% (59.2) // 45.3% (52.5) // 49.3% (57.8)",
        "fenwickAgainst": "48.3% (40.9) // 51.6% (44.5) // 44.6% (39.6) // 48.5% (43.3)",
        "shotsAgainst": "47.8% (29.0) // 50.6% (31.0) // 42.8% (27.2) // 44.4% (27.7)",
        "scoringAgainst": "46.1% (28.6) // 47.6% (28.9) // 40.8% (25.9) // 47.6% (29.7)",
        "oppCorsi": "45.8% (55.3) // 45.3% (54.7) // 41.6% (46.7) // 39.9% (46.1)",
        "oppFenwick": "45.6% (41.1) // 44.0% (40.1) // 40.1% (34.3) // 38.0% (33.5)",
        "oppShots": "45.5% (29.2) // 44.9% (29.5) // 41.1% (24.3) // 39.2% (22.9)",
        "oppScoring": "45.0% (27.1) // 44.6% (28.3) // 41.3% (23.5) // 38.3% (22.9)",
        "oppCorsiAgainst": "54.2% (65.4) // 54.7% (66.1) // 58.4% (65.6) // 60.1% (69.3)",
        "oppFenwickAgainst": "54.4% (49.0) // 56.0% (51.1) // 59.9% (51.2) // 62.0% (54.7)",
        "oppShotsAgainst": "54.5% (35.0) // 55.1% (36.2) // 58.9% (34.9) // 60.8% (35.5)",
        "oppScoringAgainst": "55.0% (33.1) // 55.4% (35.1) // 58.7% (33.5) // 61.7% (36.8)",
        "savesPerGame": 26.5,
        "savesPerGameLast1": 19.0,
        "savesPerGameLast3": 25.3,
        "savesPerGameLast5": 24.4,
        "savesPer60": 26.5,
        "savesPer60Last1": 18.7,
        "savesPer60Last3": 25.4,
        "savesPer60Last5": 24.3,
        "shotsPerGame": 32.0,
        "shotsPerGameLast5": 36.6,
        "shotsAgainstPerGame": 29.2,
        "shotsAgainstPerGameLast5": 27.4,
        "oppSavesAgainstPer60": 26.8,
        "oppSavesAgainstPer60Last1": 17.9,
        "oppSavesAgainstPer60Last3": 21.5,
        "oppSavesAgainstPer60Last5": 22.8,
        "oppShotsAgainstPerGame": 35.3,
        "oppShotsAgainstPerGameLast5": 35.0,
        "savesProj": 22.8,
        "savesProjLast5": 17.6,
        "savesProjLast3": 17.4,
        "oppSavesAgainstProj": 25.2,
        "oppSavesAgainstProjLast5": 18.8,
        "oppSavesAgainstProjLast3": 18.3,
        "totalOver": 28,
        "totalOverLast5": 20,
        "totalOverLast15": 33,
        "lastTotalOver": 22,
        "last5": "1,0,0,3,0,3,0,2,2,0",
        "overOdds": "+190",
        "underOdds": "-235",
        "overUnder": "+190 / -235"
    },
    {
        "player": "John Tavares",
        "team": "TOR",
        "opponent": "CBJ",
        "propType": "ast",
        "line": 0.5,
        "ppLine": "PP1",
        "avg": 0.57,
        "hit": false,
        "diffAvg": 0.14,
        "diffAbs": 0.0,
        "lastAvg": 0.57,
        "diff": 0.14,
        "avgMin": 17,
        "proj": 0.5,
        "lastAvgMin": 18.07,
        "oppOver": 0,
        "teamOver": 0,
        "gameLine": "-365",
        "+/-": -7,
        "L5_+/-": -8.0,
        "prevMatchup": "2023-02-11 0.0 ast 2023-02-10 0.0 ast",
        "winLossSplits": "55% - 23%",
        "awayHome": "H",
        "playedYesterday": "N",
        "awayHomeSplits": "39% - 44%",
        "savesAboveExp": "-",
        "gsaa": "-",
        "corsi": "50.9% (57.5) // 48.6% (56.0) // 54.7% (63.4) // 50.7% (59.4)",
        "fenwick": "51.7% (43.8) // 48.4% (41.7) // 55.4% (49.1) // 51.5% (45.9)",
        "shots": "52.2% (31.7) // 49.4% (30.2) // 57.2% (36.4) // 55.6% (34.7)",
        "scoring": "53.9% (33.4) // 52.4% (31.9) // 59.2% (37.6) // 52.4% (32.7)",
        "corsiAgainst": "49.1% (55.5) // 51.4% (59.2) // 45.3% (52.5) // 49.3% (57.8)",
        "fenwickAgainst": "48.3% (40.9) // 51.6% (44.5) // 44.6% (39.6) // 48.5% (43.3)",
        "shotsAgainst": "47.8% (29.0) // 50.6% (31.0) // 42.8% (27.2) // 44.4% (27.7)",
        "scoringAgainst": "46.1% (28.6) // 47.6% (28.9) // 40.8% (25.9) // 47.6% (29.7)",
        "oppCorsi": "45.8% (55.3) // 45.3% (54.7) // 41.6% (46.7) // 39.9% (46.1)",
        "oppFenwick": "45.6% (41.1) // 44.0% (40.1) // 40.1% (34.3) // 38.0% (33.5)",
        "oppShots": "45.5% (29.2) // 44.9% (29.5) // 41.1% (24.3) // 39.2% (22.9)",
        "oppScoring": "45.0% (27.1) // 44.6% (28.3) // 41.3% (23.5) // 38.3% (22.9)",
        "oppCorsiAgainst": "54.2% (65.4) // 54.7% (66.1) // 58.4% (65.6) // 60.1% (69.3)",
        "oppFenwickAgainst": "54.4% (49.0) // 56.0% (51.1) // 59.9% (51.2) // 62.0% (54.7)",
        "oppShotsAgainst": "54.5% (35.0) // 55.1% (36.2) // 58.9% (34.9) // 60.8% (35.5)",
        "oppScoringAgainst": "55.0% (33.1) // 55.4% (35.1) // 58.7% (33.5) // 61.7% (36.8)",
        "savesPerGame": 26.5,
        "savesPerGameLast1": 19.0,
        "savesPerGameLast3": 25.3,
        "savesPerGameLast5": 24.4,
        "savesPer60": 26.5,
        "savesPer60Last1": 18.7,
        "savesPer60Last3": 25.4,
        "savesPer60Last5": 24.3,
        "shotsPerGame": 32.0,
        "shotsPerGameLast5": 36.6,
        "shotsAgainstPerGame": 29.2,
        "shotsAgainstPerGameLast5": 27.4,
        "oppSavesAgainstPer60": 26.8,
        "oppSavesAgainstPer60Last1": 17.9,
        "oppSavesAgainstPer60Last3": 21.5,
        "oppSavesAgainstPer60Last5": 22.8,
        "oppShotsAgainstPerGame": 35.3,
        "oppShotsAgainstPerGameLast5": 35.0,
        "savesProj": 22.8,
        "savesProjLast5": 17.6,
        "savesProjLast3": 17.4,
        "oppSavesAgainstProj": 25.2,
        "oppSavesAgainstProjLast5": 18.8,
        "oppSavesAgainstProjLast3": 18.3,
        "totalOver": 41,
        "totalOverLast5": 20,
        "totalOverLast15": 33,
        "lastTotalOver": 50,
        "last5": "0,0,0,1,0,3,0,2,2,0",
        "overOdds": "-120",
        "underOdds": "-110",
        "overUnder": "-120 / -110"
    },
    {
        "player": "John Tavares",
        "team": "TOR",
        "opponent": "CBJ",
        "propType": "g",
        "line": 0.5,
        "ppLine": "PP1",
        "avg": 0.44,
        "hit": false,
        "diffAvg": -0.12,
        "diffAbs": 0.4,
        "lastAvg": 0.31,
        "diff": -0.38,
        "avgMin": 17,
        "proj": 0.3,
        "lastAvgMin": 18.07,
        "oppOver": 0,
        "teamOver": 0,
        "gameLine": "-365",
        "+/-": -7,
        "L5_+/-": -8.0,
        "prevMatchup": "2023-02-11 0.0 g 2023-02-10 2.0 g",
        "winLossSplits": "45% - 19%",
        "awayHome": "H",
        "playedYesterday": "N",
        "awayHomeSplits": "39% - 31%",
        "savesAboveExp": "-",
        "gsaa": "-",
        "corsi": "50.9% (57.5) // 48.6% (56.0) // 54.7% (63.4) // 50.7% (59.4)",
        "fenwick": "51.7% (43.8) // 48.4% (41.7) // 55.4% (49.1) // 51.5% (45.9)",
        "shots": "52.2% (31.7) // 49.4% (30.2) // 57.2% (36.4) // 55.6% (34.7)",
        "scoring": "53.9% (33.4) // 52.4% (31.9) // 59.2% (37.6) // 52.4% (32.7)",
        "corsiAgainst": "49.1% (55.5) // 51.4% (59.2) // 45.3% (52.5) // 49.3% (57.8)",
        "fenwickAgainst": "48.3% (40.9) // 51.6% (44.5) // 44.6% (39.6) // 48.5% (43.3)",
        "shotsAgainst": "47.8% (29.0) // 50.6% (31.0) // 42.8% (27.2) // 44.4% (27.7)",
        "scoringAgainst": "46.1% (28.6) // 47.6% (28.9) // 40.8% (25.9) // 47.6% (29.7)",
        "oppCorsi": "45.8% (55.3) // 45.3% (54.7) // 41.6% (46.7) // 39.9% (46.1)",
        "oppFenwick": "45.6% (41.1) // 44.0% (40.1) // 40.1% (34.3) // 38.0% (33.5)",
        "oppShots": "45.5% (29.2) // 44.9% (29.5) // 41.1% (24.3) // 39.2% (22.9)",
        "oppScoring": "45.0% (27.1) // 44.6% (28.3) // 41.3% (23.5) // 38.3% (22.9)",
        "oppCorsiAgainst": "54.2% (65.4) // 54.7% (66.1) // 58.4% (65.6) // 60.1% (69.3)",
        "oppFenwickAgainst": "54.4% (49.0) // 56.0% (51.1) // 59.9% (51.2) // 62.0% (54.7)",
        "oppShotsAgainst": "54.5% (35.0) // 55.1% (36.2) // 58.9% (34.9) // 60.8% (35.5)",
        "oppScoringAgainst": "55.0% (33.1) // 55.4% (35.1) // 58.7% (33.5) // 61.7% (36.8)",
        "savesPerGame": 26.5,
        "savesPerGameLast1": 19.0,
        "savesPerGameLast3": 25.3,
        "savesPerGameLast5": 24.4,
        "savesPer60": 26.5,
        "savesPer60Last1": 18.7,
        "savesPer60Last3": 25.4,
        "savesPer60Last5": 24.3,
        "shotsPerGame": 32.0,
        "shotsPerGameLast5": 36.6,
        "shotsAgainstPerGame": 29.2,
        "shotsAgainstPerGameLast5": 27.4,
        "oppSavesAgainstPer60": 26.8,
        "oppSavesAgainstPer60Last1": 17.9,
        "oppSavesAgainstPer60Last3": 21.5,
        "oppSavesAgainstPer60Last5": 22.8,
        "oppShotsAgainstPerGame": 35.3,
        "oppShotsAgainstPerGameLast5": 35.0,
        "savesProj": 22.8,
        "savesProjLast5": 17.6,
        "savesProjLast3": 17.4,
        "oppSavesAgainstProj": 25.2,
        "oppSavesAgainstProjLast5": 18.8,
        "oppSavesAgainstProjLast3": 18.3,
        "totalOver": 35,
        "totalOverLast5": 40,
        "totalOverLast15": 27,
        "lastTotalOver": 32,
        "last5": "1,0,0,2,0,0,0,0,0,0",
        "overOdds": "+115",
        "underOdds": "0",
        "overUnder": "+115 / 0"
    },
    {
        "player": "Johnny Gaudreau",
        "team": "CBJ",
        "opponent": "TOR",
        "propType": "sog",
        "line": 3.5,
        "ppLine": "PP1",
        "avg": 2.72,
        "hit": false,
        "diffAvg": -0.22,
        "diffAbs": 0.2,
        "lastAvg": 2.76,
        "diff": -0.21,
        "avgMin": 19,
        "proj": 2.8,
        "lastAvgMin": 18.57,
        "oppOver": 0,
        "teamOver": 0,
        "gameLine": "+300",
        "+/-": -31,
        "L5_+/-": -7.0,
        "prevMatchup": "2023-02-11 3.0 sog 2023-02-10 2.0 sog",
        "winLossSplits": "17% - 27%",
        "awayHome": "A",
        "playedYesterday": "N",
        "awayHomeSplits": "19% - 29%",
        "savesAboveExp": 0.388,
        "gsaa": 11.93,
        "corsi": "45.8% (55.3) // 45.3% (54.7) // 41.6% (46.7) // 39.9% (46.1)",
        "fenwick": "45.6% (41.1) // 44.0% (40.1) // 40.1% (34.3) // 38.0% (33.5)",
        "shots": "45.5% (29.2) // 44.9% (29.5) // 41.1% (24.3) // 39.2% (22.9)",
        "scoring": "45.0% (27.1) // 44.6% (28.3) // 41.3% (23.5) // 38.3% (22.9)",
        "corsiAgainst": "54.2% (65.4) // 54.7% (66.1) // 58.4% (65.6) // 60.1% (69.3)",
        "fenwickAgainst": "54.4% (49.0) // 56.0% (51.1) // 59.9% (51.2) // 62.0% (54.7)",
        "shotsAgainst": "54.5% (35.0) // 55.1% (36.2) // 58.9% (34.9) // 60.8% (35.5)",
        "scoringAgainst": "55.0% (33.1) // 55.4% (35.1) // 58.7% (33.5) // 61.7% (36.8)",
        "oppCorsi": "50.9% (57.5) // 48.6% (56.0) // 54.7% (63.4) // 50.7% (59.4)",
        "oppFenwick": "51.7% (43.8) // 48.4% (41.7) // 55.4% (49.1) // 51.5% (45.9)",
        "oppShots": "52.2% (31.7) // 49.4% (30.2) // 57.2% (36.4) // 55.6% (34.7)",
        "oppScoring": "53.9% (33.4) // 52.4% (31.9) // 59.2% (37.6) // 52.4% (32.7)",
        "oppCorsiAgainst": "49.1% (55.5) // 51.4% (59.2) // 45.3% (52.5) // 49.3% (57.8)",
        "oppFenwickAgainst": "48.3% (40.9) // 51.6% (44.5) // 44.6% (39.6) // 48.5% (43.3)",
        "oppShotsAgainst": "47.8% (29.0) // 50.6% (31.0) // 42.8% (27.2) // 44.4% (27.7)",
        "oppScoringAgainst": "46.1% (28.6) // 47.6% (28.9) // 40.8% (25.9) // 47.6% (29.7)",
        "savesPerGame": 31.3,
        "savesPerGameLast1": 24.0,
        "savesPerGameLast3": 31.7,
        "savesPerGameLast5": 29.8,
        "savesPer60": 31.2,
        "savesPer60Last1": 24.1,
        "savesPer60Last3": 31.8,
        "savesPer60Last5": 29.8,
        "shotsPerGame": 29.5,
        "shotsPerGameLast5": 24.4,
        "shotsAgainstPerGame": 35.3,
        "shotsAgainstPerGameLast5": 35.0,
        "oppSavesAgainstPer60": 28.4,
        "oppSavesAgainstPer60Last1": 43.0,
        "oppSavesAgainstPer60Last3": 33.1,
        "oppSavesAgainstPer60Last5": 34.3,
        "oppShotsAgainstPerGame": 29.2,
        "oppShotsAgainstPerGameLast5": 27.4,
        "savesProj": 33.6,
        "savesProjLast5": 38.2,
        "savesProjLast3": 39.2,
        "oppSavesAgainstProj": 31.4,
        "oppSavesAgainstProjLast5": 34.9,
        "oppSavesAgainstProjLast3": 33.7,
        "totalOver": 24,
        "totalOverLast5": 60,
        "totalOverLast15": 47,
        "lastTotalOver": 45,
        "last5": "5,4,5,3,1,3,3,4,4,4",
        "overOdds": "+135",
        "underOdds": "-165",
        "overUnder": "+135 / -165"
    },
    {
        "player": "Johnny Gaudreau",
        "team": "CBJ",
        "opponent": "TOR",
        "propType": "pts",
        "line": 0.5,
        "ppLine": "PP1",
        "avg": 0.96,
        "hit": false,
        "diffAvg": 0.92,
        "diffAbs": 1.4,
        "lastAvg": 1.21,
        "diff": 1.42,
        "avgMin": 19,
        "proj": 1.2,
        "lastAvgMin": 18.57,
        "oppOver": 0,
        "teamOver": 0,
        "gameLine": "+300",
        "+/-": -31,
        "L5_+/-": -7.0,
        "prevMatchup": "2023-02-11 1.0 pts 2023-02-10 0.0 pts",
        "winLossSplits": "83% - 49%",
        "awayHome": "A",
        "playedYesterday": "N",
        "awayHomeSplits": "44% - 74%",
        "savesAboveExp": 0.388,
        "gsaa": 11.93,
        "corsi": "45.8% (55.3) // 45.3% (54.7) // 41.6% (46.7) // 39.9% (46.1)",
        "fenwick": "45.6% (41.1) // 44.0% (40.1) // 40.1% (34.3) // 38.0% (33.5)",
        "shots": "45.5% (29.2) // 44.9% (29.5) // 41.1% (24.3) // 39.2% (22.9)",
        "scoring": "45.0% (27.1) // 44.6% (28.3) // 41.3% (23.5) // 38.3% (22.9)",
        "corsiAgainst": "54.2% (65.4) // 54.7% (66.1) // 58.4% (65.6) // 60.1% (69.3)",
        "fenwickAgainst": "54.4% (49.0) // 56.0% (51.1) // 59.9% (51.2) // 62.0% (54.7)",
        "shotsAgainst": "54.5% (35.0) // 55.1% (36.2) // 58.9% (34.9) // 60.8% (35.5)",
        "scoringAgainst": "55.0% (33.1) // 55.4% (35.1) // 58.7% (33.5) // 61.7% (36.8)",
        "oppCorsi": "50.9% (57.5) // 48.6% (56.0) // 54.7% (63.4) // 50.7% (59.4)",
        "oppFenwick": "51.7% (43.8) // 48.4% (41.7) // 55.4% (49.1) // 51.5% (45.9)",
        "oppShots": "52.2% (31.7) // 49.4% (30.2) // 57.2% (36.4) // 55.6% (34.7)",
        "oppScoring": "53.9% (33.4) // 52.4% (31.9) // 59.2% (37.6) // 52.4% (32.7)",
        "oppCorsiAgainst": "49.1% (55.5) // 51.4% (59.2) // 45.3% (52.5) // 49.3% (57.8)",
        "oppFenwickAgainst": "48.3% (40.9) // 51.6% (44.5) // 44.6% (39.6) // 48.5% (43.3)",
        "oppShotsAgainst": "47.8% (29.0) // 50.6% (31.0) // 42.8% (27.2) // 44.4% (27.7)",
        "oppScoringAgainst": "46.1% (28.6) // 47.6% (28.9) // 40.8% (25.9) // 47.6% (29.7)",
        "savesPerGame": 31.3,
        "savesPerGameLast1": 24.0,
        "savesPerGameLast3": 31.7,
        "savesPerGameLast5": 29.8,
        "savesPer60": 31.2,
        "savesPer60Last1": 24.1,
        "savesPer60Last3": 31.8,
        "savesPer60Last5": 29.8,
        "shotsPerGame": 29.5,
        "shotsPerGameLast5": 24.4,
        "shotsAgainstPerGame": 35.3,
        "shotsAgainstPerGameLast5": 35.0,
        "oppSavesAgainstPer60": 28.4,
        "oppSavesAgainstPer60Last1": 43.0,
        "oppSavesAgainstPer60Last3": 33.1,
        "oppSavesAgainstPer60Last5": 34.3,
        "oppShotsAgainstPerGame": 29.2,
        "oppShotsAgainstPerGameLast5": 27.4,
        "savesProj": 33.6,
        "savesProjLast5": 38.2,
        "savesProjLast3": 39.2,
        "oppSavesAgainstProj": 31.4,
        "oppSavesAgainstProjLast5": 34.9,
        "oppSavesAgainstProjLast3": 33.7,
        "totalOver": 59,
        "totalOverLast5": 40,
        "totalOverLast15": 47,
        "lastTotalOver": 78,
        "last5": "2,0,0,2,0,2,2,0,1,0",
        "overOdds": "-210",
        "underOdds": "+170",
        "overUnder": "-210 / +170"
    },
    {
        "player": "Johnny Gaudreau",
        "team": "CBJ",
        "opponent": "TOR",
        "propType": "ast",
        "line": 0.5,
        "ppLine": "PP1",
        "avg": 0.7,
        "hit": false,
        "diffAvg": 0.4,
        "diffAbs": 0.6,
        "lastAvg": 0.79,
        "diff": 0.58,
        "avgMin": 19,
        "proj": 0.8,
        "lastAvgMin": 18.57,
        "oppOver": 0,
        "teamOver": 0,
        "gameLine": "+300",
        "+/-": -31,
        "L5_+/-": -7.0,
        "prevMatchup": "2023-02-11 1.0 ast 2023-02-10 0.0 ast",
        "winLossSplits": "78% - 35%",
        "awayHome": "A",
        "playedYesterday": "N",
        "awayHomeSplits": "42% - 55%",
        "savesAboveExp": 0.388,
        "gsaa": 11.93,
        "corsi": "45.8% (55.3) // 45.3% (54.7) // 41.6% (46.7) // 39.9% (46.1)",
        "fenwick": "45.6% (41.1) // 44.0% (40.1) // 40.1% (34.3) // 38.0% (33.5)",
        "shots": "45.5% (29.2) // 44.9% (29.5) // 41.1% (24.3) // 39.2% (22.9)",
