[
    {
        "player": "Anders Lee",
        "team": "NYI",
        "opponent": "CAR",
        "propType": "sog",
        "line": 2.5,
        "ppLine": "PP1",
        "avg": 2.62,
        "hit": false,
        "diffAvg": 0.05,
        "diffAbs": 0.16,
        "lastAvg": 2.09,
        "diff": -0.16,
        "avgMin": 17,
        "proj": 2.1,
        "lastAvgMin": 16.62,
        "oppOver": 0,
        "teamOver": 0,
        "gameLine": "+135",
        "+/-": -3,
        "L5_+/-": -2.0,
        "prevMatchup": "2023-04-23 2.0 sog 2023-04-21 4.0 sog 2023-04-19 2.0 sog 2023-04-17 4.0 sog 2023-04-02 0.0 sog 2023-01-21 1.0 sog 2022-12-10 0.0 sog 2022-10-28 0.0 sog",
        "winLossSplits": "58% - 40%",
        "awayHome": "A",
        "playedYesterday": "N",
        "awayHomeSplits": "51% - 47%",
        "savesAboveExp": -0.166,
        "gsaa": 3.66,
        "corsi": "49.6% (58.7) // 54.1% (65.8) // 49.6% (58.7) // 49.6% (58.7)",
        "fenwick": "49.5% (42.7) // 53.4% (47.0) // 49.5% (42.7) // 49.5% (42.7)",
        "shots": "49.8% (30.5) // 53.2% (32.4) // 49.8% (30.5) // 49.8% (30.5)",
        "scoring": "50.0% (30.4) // 52.7% (31.7) // 50.0% (30.4) // 50.0% (30.4)",
        "corsiAgainst": "50.4% (59.6) // 45.9% (55.9) // 50.4% (59.6) // 50.4% (59.6)",
        "fenwickAgainst": "50.5% (43.6) // 46.6% (40.9) // 50.5% (43.6) // 50.5% (43.6)",
        "shotsAgainst": "50.2% (30.7) // 46.8% (28.5) // 50.2% (30.7) // 50.2% (30.7)",
        "scoringAgainst": "50.0% (30.4) // 47.3% (28.4) // 50.0% (30.4) // 50.0% (30.4)",
        "oppCorsi": "59.9% (67.4) // 61.2% (68.8) // 59.9% (67.4) // 59.9% (67.4)",
        "oppFenwick": "59.1% (50.8) // 60.1% (51.8) // 59.1% (50.8) // 59.1% (50.8)",
        "oppShots": "57.2% (34.3) // 58.4% (34.4) // 57.2% (34.3) // 57.2% (34.3)",
        "oppScoring": "58.9% (33.3) // 62.3% (33.3) // 58.9% (33.3) // 58.9% (33.3)",
        "oppCorsiAgainst": "40.1% (45.2) // 38.8% (43.6) // 40.1% (45.2) // 40.1% (45.2)",
        "oppFenwickAgainst": "40.9% (35.1) // 39.9% (34.4) // 40.9% (35.1) // 40.9% (35.1)",
        "oppShotsAgainst": "42.8% (25.6) // 41.6% (24.5) // 42.8% (25.6) // 42.8% (25.6)",
        "oppScoringAgainst": "41.1% (23.3) // 37.7% (20.2) // 41.1% (23.3) // 41.1% (23.3)",
        "savesPerGame": 28.4,
        "savesPerGameLast1": 24.0,
        "savesPerGameLast3": 28.7,
        "savesPerGameLast5": 27.6,
        "savesPer60": 29.8,
        "savesPer60Last1": 24.0,
        "savesPer60Last3": 29.5,
        "savesPer60Last5": 27.9,
        "shotsPerGame": 30.8,
        "shotsPerGameLast5": 30.6,
        "shotsAgainstPerGame": 31.0,
        "shotsAgainstPerGameLast5": 30.4,
        "oppSavesAgainstPer60": 33.3,
        "oppSavesAgainstPer60Last1": 24.0,
        "oppSavesAgainstPer60Last3": 28.8,
        "oppSavesAgainstPer60Last5": 30.8,
        "oppShotsAgainstPerGame": 26.0,
        "oppShotsAgainstPerGameLast5": 30.4,
        "savesProj": 38.1,
        "savesProjLast5": 34.3,
        "savesProjLast3": 34.6,
        "oppSavesAgainstProj": 32.4,
        "oppSavesAgainstProjLast5": 26.9,
        "oppSavesAgainstProjLast3": 25.1,
        "totalOver": 49,
        "totalOverLast5": 40,
        "totalOverLast15": 33,
        "lastTotalOver": 33,
        "last5": "2,4,2,4,2,4,4,4,0,2",
        "overOdds": "+135",
        "underOdds": "-165",
        "overUnder": "+135 / -165"
    },
    {
        "player": "Anders Lee",
        "team": "NYI",
        "opponent": "CAR",
        "propType": "pts",
        "line": 0.5,
        "ppLine": "PP1",
        "avg": 0.59,
        "hit": false,
        "diffAvg": 0.18,
        "diffAbs": 0.2,
        "lastAvg": 0.61,
        "diff": 0.22,
        "avgMin": 17,
        "proj": 0.6,
        "lastAvgMin": 16.62,
        "oppOver": 0,
        "teamOver": 0,
        "gameLine": "+135",
        "+/-": -3,
        "L5_+/-": -2.0,
        "prevMatchup": "2023-04-23 0.0 pts 2023-04-21 1.0 pts 2023-04-19 0.0 pts 2023-04-17 0.0 pts 2023-04-02 0.0 pts 2023-01-21 1.0 pts 2022-12-10 0.0 pts 2022-10-28 1.0 pts",
        "winLossSplits": "63% - 28%",
        "awayHome": "A",
        "playedYesterday": "N",
        "awayHomeSplits": "40% - 51%",
        "savesAboveExp": -0.166,
        "gsaa": 3.66,
        "corsi": "49.6% (58.7) // 54.1% (65.8) // 49.6% (58.7) // 49.6% (58.7)",
        "fenwick": "49.5% (42.7) // 53.4% (47.0) // 49.5% (42.7) // 49.5% (42.7)",
        "shots": "49.8% (30.5) // 53.2% (32.4) // 49.8% (30.5) // 49.8% (30.5)",
        "scoring": "50.0% (30.4) // 52.7% (31.7) // 50.0% (30.4) // 50.0% (30.4)",
        "corsiAgainst": "50.4% (59.6) // 45.9% (55.9) // 50.4% (59.6) // 50.4% (59.6)",
        "fenwickAgainst": "50.5% (43.6) // 46.6% (40.9) // 50.5% (43.6) // 50.5% (43.6)",
        "shotsAgainst": "50.2% (30.7) // 46.8% (28.5) // 50.2% (30.7) // 50.2% (30.7)",
        "scoringAgainst": "50.0% (30.4) // 47.3% (28.4) // 50.0% (30.4) // 50.0% (30.4)",
        "oppCorsi": "59.9% (67.4) // 61.2% (68.8) // 59.9% (67.4) // 59.9% (67.4)",
        "oppFenwick": "59.1% (50.8) // 60.1% (51.8) // 59.1% (50.8) // 59.1% (50.8)",
        "oppShots": "57.2% (34.3) // 58.4% (34.4) // 57.2% (34.3) // 57.2% (34.3)",
        "oppScoring": "58.9% (33.3) // 62.3% (33.3) // 58.9% (33.3) // 58.9% (33.3)",
        "oppCorsiAgainst": "40.1% (45.2) // 38.8% (43.6) // 40.1% (45.2) // 40.1% (45.2)",
        "oppFenwickAgainst": "40.9% (35.1) // 39.9% (34.4) // 40.9% (35.1) // 40.9% (35.1)",
        "oppShotsAgainst": "42.8% (25.6) // 41.6% (24.5) // 42.8% (25.6) // 42.8% (25.6)",
        "oppScoringAgainst": "41.1% (23.3) // 37.7% (20.2) // 41.1% (23.3) // 41.1% (23.3)",
        "savesPerGame": 28.4,
        "savesPerGameLast1": 24.0,
        "savesPerGameLast3": 28.7,
        "savesPerGameLast5": 27.6,
        "savesPer60": 29.8,
        "savesPer60Last1": 24.0,
        "savesPer60Last3": 29.5,
        "savesPer60Last5": 27.9,
        "shotsPerGame": 30.8,
        "shotsPerGameLast5": 30.6,
        "shotsAgainstPerGame": 31.0,
        "shotsAgainstPerGameLast5": 30.4,
        "oppSavesAgainstPer60": 33.3,
        "oppSavesAgainstPer60Last1": 24.0,
        "oppSavesAgainstPer60Last3": 28.8,
        "oppSavesAgainstPer60Last5": 30.8,
        "oppShotsAgainstPerGame": 26.0,
        "oppShotsAgainstPerGameLast5": 30.4,
        "savesProj": 38.1,
        "savesProjLast5": 34.3,
        "savesProjLast3": 34.6,
        "oppSavesAgainstProj": 32.4,
        "oppSavesAgainstProjLast5": 26.9,
        "oppSavesAgainstProjLast3": 25.1,
        "totalOver": 45,
        "totalOverLast5": 40,
        "totalOverLast15": 20,
        "lastTotalOver": 44,
        "last5": "0,1,0,0,1,0,0,0,0,0",
        "overOdds": "+125",
        "underOdds": "-155",
        "overUnder": "+125 / -155"
    },
    {
        "player": "Anders Lee",
        "team": "NYI",
        "opponent": "CAR",
        "propType": "ast",
        "line": 0.5,
        "ppLine": "PP1",
        "avg": 0.26,
        "hit": false,
        "diffAvg": -0.48,
        "diffAbs": 0.6,
        "lastAvg": 0.24,
        "diff": -0.52,
        "avgMin": 17,
        "proj": 0.2,
        "lastAvgMin": 16.62,
        "oppOver": 0,
        "teamOver": 0,
        "gameLine": "+135",
        "+/-": -3,
        "L5_+/-": -2.0,
        "prevMatchup": "2023-04-23 0.0 ast 2023-04-21 0.0 ast 2023-04-19 0.0 ast 2023-04-17 0.0 ast 2023-04-02 0.0 ast 2023-01-21 1.0 ast 2022-12-10 0.0 ast 2022-10-28 1.0 ast",
        "winLossSplits": "28% - 16%",
        "awayHome": "A",
        "playedYesterday": "N",
        "awayHomeSplits": "16% - 28%",
        "savesAboveExp": -0.166,
        "gsaa": 3.66,
        "corsi": "49.6% (58.7) // 54.1% (65.8) // 49.6% (58.7) // 49.6% (58.7)",
        "fenwick": "49.5% (42.7) // 53.4% (47.0) // 49.5% (42.7) // 49.5% (42.7)",
        "shots": "49.8% (30.5) // 53.2% (32.4) // 49.8% (30.5) // 49.8% (30.5)",
        "scoring": "50.0% (30.4) // 52.7% (31.7) // 50.0% (30.4) // 50.0% (30.4)",
        "corsiAgainst": "50.4% (59.6) // 45.9% (55.9) // 50.4% (59.6) // 50.4% (59.6)",
        "fenwickAgainst": "50.5% (43.6) // 46.6% (40.9) // 50.5% (43.6) // 50.5% (43.6)",
        "shotsAgainst": "50.2% (30.7) // 46.8% (28.5) // 50.2% (30.7) // 50.2% (30.7)",
        "scoringAgainst": "50.0% (30.4) // 47.3% (28.4) // 50.0% (30.4) // 50.0% (30.4)",
        "oppCorsi": "59.9% (67.4) // 61.2% (68.8) // 59.9% (67.4) // 59.9% (67.4)",
        "oppFenwick": "59.1% (50.8) // 60.1% (51.8) // 59.1% (50.8) // 59.1% (50.8)",
        "oppShots": "57.2% (34.3) // 58.4% (34.4) // 57.2% (34.3) // 57.2% (34.3)",
        "oppScoring": "58.9% (33.3) // 62.3% (33.3) // 58.9% (33.3) // 58.9% (33.3)",
        "oppCorsiAgainst": "40.1% (45.2) // 38.8% (43.6) // 40.1% (45.2) // 40.1% (45.2)",
        "oppFenwickAgainst": "40.9% (35.1) // 39.9% (34.4) // 40.9% (35.1) // 40.9% (35.1)",
        "oppShotsAgainst": "42.8% (25.6) // 41.6% (24.5) // 42.8% (25.6) // 42.8% (25.6)",
        "oppScoringAgainst": "41.1% (23.3) // 37.7% (20.2) // 41.1% (23.3) // 41.1% (23.3)",
        "savesPerGame": 28.4,
        "savesPerGameLast1": 24.0,
        "savesPerGameLast3": 28.7,
        "savesPerGameLast5": 27.6,
        "savesPer60": 29.8,
        "savesPer60Last1": 24.0,
        "savesPer60Last3": 29.5,
        "savesPer60Last5": 27.9,
        "shotsPerGame": 30.8,
        "shotsPerGameLast5": 30.6,
        "shotsAgainstPerGame": 31.0,
        "shotsAgainstPerGameLast5": 30.4,
        "oppSavesAgainstPer60": 33.3,
        "oppSavesAgainstPer60Last1": 24.0,
        "oppSavesAgainstPer60Last3": 28.8,
        "oppSavesAgainstPer60Last5": 30.8,
        "oppShotsAgainstPerGame": 26.0,
        "oppShotsAgainstPerGameLast5": 30.4,
        "savesProj": 38.1,
        "savesProjLast5": 34.3,
        "savesProjLast3": 34.6,
        "oppSavesAgainstProj": 32.4,
        "oppSavesAgainstProjLast5": 26.9,
        "oppSavesAgainstProjLast3": 25.1,
        "totalOver": 22,
        "totalOverLast5": 0,
        "totalOverLast15": 7,
        "lastTotalOver": 19,
        "last5": "0,0,0,0,0,0,0,0,0,0",
        "overOdds": "+285",
        "underOdds": "-375",
        "overUnder": "+285 / -375"
    },
    {
        "player": "Anders Lee",
        "team": "NYI",
        "opponent": "CAR",
        "propType": "g",
        "line": 0.5,
        "ppLine": "PP1",
        "avg": 0.34,
        "hit": false,
        "diffAvg": -0.32,
        "diffAbs": 0.2,
        "lastAvg": 0.37,
        "diff": -0.26,
        "avgMin": 17,
        "proj": 0.4,
        "lastAvgMin": 16.62,
        "oppOver": 0,
        "teamOver": 0,
        "gameLine": "+135",
        "+/-": -3,
        "L5_+/-": -2.0,
        "prevMatchup": "2023-04-23 0.0 g 2023-04-21 1.0 g 2023-04-19 0.0 g 2023-04-17 0.0 g 2023-04-02 0.0 g 2023-01-21 0.0 g 2022-12-10 0.0 g 2022-10-28 0.0 g",
        "winLossSplits": "42% - 12%",
        "awayHome": "A",
        "playedYesterday": "N",
        "awayHomeSplits": "26% - 28%",
        "savesAboveExp": -0.166,
        "gsaa": 3.66,
        "corsi": "49.6% (58.7) // 54.1% (65.8) // 49.6% (58.7) // 49.6% (58.7)",
        "fenwick": "49.5% (42.7) // 53.4% (47.0) // 49.5% (42.7) // 49.5% (42.7)",
        "shots": "49.8% (30.5) // 53.2% (32.4) // 49.8% (30.5) // 49.8% (30.5)",
        "scoring": "50.0% (30.4) // 52.7% (31.7) // 50.0% (30.4) // 50.0% (30.4)",
        "corsiAgainst": "50.4% (59.6) // 45.9% (55.9) // 50.4% (59.6) // 50.4% (59.6)",
        "fenwickAgainst": "50.5% (43.6) // 46.6% (40.9) // 50.5% (43.6) // 50.5% (43.6)",
        "shotsAgainst": "50.2% (30.7) // 46.8% (28.5) // 50.2% (30.7) // 50.2% (30.7)",
        "scoringAgainst": "50.0% (30.4) // 47.3% (28.4) // 50.0% (30.4) // 50.0% (30.4)",
        "oppCorsi": "59.9% (67.4) // 61.2% (68.8) // 59.9% (67.4) // 59.9% (67.4)",
        "oppFenwick": "59.1% (50.8) // 60.1% (51.8) // 59.1% (50.8) // 59.1% (50.8)",
        "oppShots": "57.2% (34.3) // 58.4% (34.4) // 57.2% (34.3) // 57.2% (34.3)",
        "oppScoring": "58.9% (33.3) // 62.3% (33.3) // 58.9% (33.3) // 58.9% (33.3)",
        "oppCorsiAgainst": "40.1% (45.2) // 38.8% (43.6) // 40.1% (45.2) // 40.1% (45.2)",
        "oppFenwickAgainst": "40.9% (35.1) // 39.9% (34.4) // 40.9% (35.1) // 40.9% (35.1)",
        "oppShotsAgainst": "42.8% (25.6) // 41.6% (24.5) // 42.8% (25.6) // 42.8% (25.6)",
        "oppScoringAgainst": "41.1% (23.3) // 37.7% (20.2) // 41.1% (23.3) // 41.1% (23.3)",
        "savesPerGame": 28.4,
        "savesPerGameLast1": 24.0,
        "savesPerGameLast3": 28.7,
        "savesPerGameLast5": 27.6,
        "savesPer60": 29.8,
        "savesPer60Last1": 24.0,
        "savesPer60Last3": 29.5,
        "savesPer60Last5": 27.9,
        "shotsPerGame": 30.8,
        "shotsPerGameLast5": 30.6,
        "shotsAgainstPerGame": 31.0,
        "shotsAgainstPerGameLast5": 30.4,
        "oppSavesAgainstPer60": 33.3,
        "oppSavesAgainstPer60Last1": 24.0,
        "oppSavesAgainstPer60Last3": 28.8,
        "oppSavesAgainstPer60Last5": 30.8,
        "oppShotsAgainstPerGame": 26.0,
        "oppShotsAgainstPerGameLast5": 30.4,
        "savesProj": 38.1,
        "savesProjLast5": 34.3,
        "savesProjLast3": 34.6,
        "oppSavesAgainstProj": 32.4,
        "oppSavesAgainstProjLast5": 26.9,
        "oppSavesAgainstProjLast3": 25.1,
        "totalOver": 27,
        "totalOverLast5": 40,
        "totalOverLast15": 13,
        "lastTotalOver": 31,
        "last5": "0,1,0,0,1,0,0,0,0,0",
        "overOdds": "+250",
        "underOdds": "0",
        "overUnder": "+250 / 0"
    },
    {
        "player": "Bo Horvat",
        "team": "NYI",
        "opponent": "CAR",
        "propType": "sog",
        "line": 2.5,
        "ppLine": "PP1",
        "avg": 2.74,
        "hit": false,
        "diffAvg": 0.1,
        "diffAbs": 1.0,
        "lastAvg": 0,
        "diff": 0,
        "avgMin": 20,
        "proj": 0.0,
        "lastAvgMin": 0,
        "oppOver": 0,
        "teamOver": 0,
        "gameLine": "+135",
        "+/-": -1,
        "L5_+/-": "+3.0",
        "prevMatchup": "2023-04-23 1.0 sog 2023-04-21 2.0 sog 2023-04-19 2.0 sog 2023-04-17 2.0 sog 2023-04-02 2.0 sog",
        "winLossSplits": "56% - 44%",
        "awayHome": "A",
        "playedYesterday": "N",
        "awayHomeSplits": "53% - 47%",
        "savesAboveExp": -0.166,
        "gsaa": 3.66,
        "corsi": "49.6% (58.7) // 54.1% (65.8) // 49.6% (58.7) // 49.6% (58.7)",
        "fenwick": "49.5% (42.7) // 53.4% (47.0) // 49.5% (42.7) // 49.5% (42.7)",
        "shots": "49.8% (30.5) // 53.2% (32.4) // 49.8% (30.5) // 49.8% (30.5)",
        "scoring": "50.0% (30.4) // 52.7% (31.7) // 50.0% (30.4) // 50.0% (30.4)",
        "corsiAgainst": "50.4% (59.6) // 45.9% (55.9) // 50.4% (59.6) // 50.4% (59.6)",
        "fenwickAgainst": "50.5% (43.6) // 46.6% (40.9) // 50.5% (43.6) // 50.5% (43.6)",
        "shotsAgainst": "50.2% (30.7) // 46.8% (28.5) // 50.2% (30.7) // 50.2% (30.7)",
        "scoringAgainst": "50.0% (30.4) // 47.3% (28.4) // 50.0% (30.4) // 50.0% (30.4)",
        "oppCorsi": "59.9% (67.4) // 61.2% (68.8) // 59.9% (67.4) // 59.9% (67.4)",
        "oppFenwick": "59.1% (50.8) // 60.1% (51.8) // 59.1% (50.8) // 59.1% (50.8)",
        "oppShots": "57.2% (34.3) // 58.4% (34.4) // 57.2% (34.3) // 57.2% (34.3)",
        "oppScoring": "58.9% (33.3) // 62.3% (33.3) // 58.9% (33.3) // 58.9% (33.3)",
        "oppCorsiAgainst": "40.1% (45.2) // 38.8% (43.6) // 40.1% (45.2) // 40.1% (45.2)",
        "oppFenwickAgainst": "40.9% (35.1) // 39.9% (34.4) // 40.9% (35.1) // 40.9% (35.1)",
        "oppShotsAgainst": "42.8% (25.6) // 41.6% (24.5) // 42.8% (25.6) // 42.8% (25.6)",
        "oppScoringAgainst": "41.1% (23.3) // 37.7% (20.2) // 41.1% (23.3) // 41.1% (23.3)",
        "savesPerGame": 28.4,
        "savesPerGameLast1": 24.0,
        "savesPerGameLast3": 28.7,
        "savesPerGameLast5": 27.6,
        "savesPer60": 29.8,
        "savesPer60Last1": 24.0,
        "savesPer60Last3": 29.5,
        "savesPer60Last5": 27.9,
        "shotsPerGame": 30.8,
        "shotsPerGameLast5": 30.6,
        "shotsAgainstPerGame": 31.0,
        "shotsAgainstPerGameLast5": 30.4,
        "oppSavesAgainstPer60": 33.3,
        "oppSavesAgainstPer60Last1": 24.0,
        "oppSavesAgainstPer60Last3": 28.8,
        "oppSavesAgainstPer60Last5": 30.8,
        "oppShotsAgainstPerGame": 26.0,
        "oppShotsAgainstPerGameLast5": 30.4,
        "savesProj": 38.1,
        "savesProjLast5": 34.3,
        "savesProjLast3": 34.6,
        "oppSavesAgainstProj": 32.4,
        "oppSavesAgainstProjLast5": 26.9,
        "oppSavesAgainstProjLast3": 25.1,
        "totalOver": 50,
        "totalOverLast5": 20,
        "totalOverLast15": 33,
        "lastTotalOver": 0,
        "last5": "1,2,2,2,4,5,0,3,2,1",
        "overOdds": "+150",
        "underOdds": "-185",
        "overUnder": "+150 / -185"
    },
    {
        "player": "Bo Horvat",
        "team": "NYI",
        "opponent": "CAR",
        "propType": "pts",
        "line": 0.5,
        "ppLine": "PP1",
        "avg": 0.5,
        "hit": false,
        "diffAvg": 0.0,
        "diffAbs": 1.0,
        "lastAvg": 0,
        "diff": 0,
        "avgMin": 20,
        "proj": 0.0,
        "lastAvgMin": 0,
        "oppOver": 0,
        "teamOver": 0,
        "gameLine": "+135",
        "+/-": -1,
        "L5_+/-": "+3.0",
        "prevMatchup": "2023-04-23 1.0 pts 2023-04-21 0.0 pts 2023-04-19 0.0 pts 2023-04-17 0.0 pts 2023-04-02 0.0 pts",
        "winLossSplits": "44% - 31%",
        "awayHome": "A",
        "playedYesterday": "N",
        "awayHomeSplits": "35% - 41%",
        "savesAboveExp": -0.166,
        "gsaa": 3.66,
        "corsi": "49.6% (58.7) // 54.1% (65.8) // 49.6% (58.7) // 49.6% (58.7)",
        "fenwick": "49.5% (42.7) // 53.4% (47.0) // 49.5% (42.7) // 49.5% (42.7)",
        "shots": "49.8% (30.5) // 53.2% (32.4) // 49.8% (30.5) // 49.8% (30.5)",
        "scoring": "50.0% (30.4) // 52.7% (31.7) // 50.0% (30.4) // 50.0% (30.4)",
        "corsiAgainst": "50.4% (59.6) // 45.9% (55.9) // 50.4% (59.6) // 50.4% (59.6)",
        "fenwickAgainst": "50.5% (43.6) // 46.6% (40.9) // 50.5% (43.6) // 50.5% (43.6)",
        "shotsAgainst": "50.2% (30.7) // 46.8% (28.5) // 50.2% (30.7) // 50.2% (30.7)",
        "scoringAgainst": "50.0% (30.4) // 47.3% (28.4) // 50.0% (30.4) // 50.0% (30.4)",
        "oppCorsi": "59.9% (67.4) // 61.2% (68.8) // 59.9% (67.4) // 59.9% (67.4)",
        "oppFenwick": "59.1% (50.8) // 60.1% (51.8) // 59.1% (50.8) // 59.1% (50.8)",
        "oppShots": "57.2% (34.3) // 58.4% (34.4) // 57.2% (34.3) // 57.2% (34.3)",
        "oppScoring": "58.9% (33.3) // 62.3% (33.3) // 58.9% (33.3) // 58.9% (33.3)",
        "oppCorsiAgainst": "40.1% (45.2) // 38.8% (43.6) // 40.1% (45.2) // 40.1% (45.2)",
        "oppFenwickAgainst": "40.9% (35.1) // 39.9% (34.4) // 40.9% (35.1) // 40.9% (35.1)",
        "oppShotsAgainst": "42.8% (25.6) // 41.6% (24.5) // 42.8% (25.6) // 42.8% (25.6)",
        "oppScoringAgainst": "41.1% (23.3) // 37.7% (20.2) // 41.1% (23.3) // 41.1% (23.3)",
        "savesPerGame": 28.4,
        "savesPerGameLast1": 24.0,
        "savesPerGameLast3": 28.7,
        "savesPerGameLast5": 27.6,
        "savesPer60": 29.8,
        "savesPer60Last1": 24.0,
        "savesPer60Last3": 29.5,
        "savesPer60Last5": 27.9,
        "shotsPerGame": 30.8,
        "shotsPerGameLast5": 30.6,
        "shotsAgainstPerGame": 31.0,
        "shotsAgainstPerGameLast5": 30.4,
        "oppSavesAgainstPer60": 33.3,
        "oppSavesAgainstPer60Last1": 24.0,
        "oppSavesAgainstPer60Last3": 28.8,
        "oppSavesAgainstPer60Last5": 30.8,
        "oppShotsAgainstPerGame": 26.0,
        "oppShotsAgainstPerGameLast5": 30.4,
        "savesProj": 38.1,
        "savesProjLast5": 34.3,
        "savesProjLast3": 34.6,
        "oppSavesAgainstProj": 32.4,
        "oppSavesAgainstProjLast5": 26.9,
        "oppSavesAgainstProjLast3": 25.1,
        "totalOver": 38,
        "totalOverLast5": 20,
        "totalOverLast15": 40,
        "lastTotalOver": 0,
        "last5": "1,0,0,0,0,1,2,2,0,0",
        "overOdds": "+100",
        "underOdds": "-130",
        "overUnder": "+100 / -130"
    },
    {
        "player": "Bo Horvat",
        "team": "NYI",
        "opponent": "CAR",
        "propType": "ast",
        "line": 0.5,
        "ppLine": "PP1",
        "avg": 0.26,
        "hit": false,
        "diffAvg": -0.48,
        "diffAbs": 1.0,
        "lastAvg": 0,
        "diff": 0,
        "avgMin": 20,
        "proj": 0.0,
        "lastAvgMin": 0,
        "oppOver": 0,
        "teamOver": 0,
        "gameLine": "+135",
        "+/-": -1,
        "L5_+/-": "+3.0",
        "prevMatchup": "2023-04-23 0.0 ast 2023-04-21 0.0 ast 2023-04-19 0.0 ast 2023-04-17 0.0 ast 2023-04-02 0.0 ast",
        "winLossSplits": "28% - 19%",
        "awayHome": "A",
        "playedYesterday": "N",
        "awayHomeSplits": "24% - 24%",
        "savesAboveExp": -0.166,
        "gsaa": 3.66,
        "corsi": "49.6% (58.7) // 54.1% (65.8) // 49.6% (58.7) // 49.6% (58.7)",
        "fenwick": "49.5% (42.7) // 53.4% (47.0) // 49.5% (42.7) // 49.5% (42.7)",
        "shots": "49.8% (30.5) // 53.2% (32.4) // 49.8% (30.5) // 49.8% (30.5)",
        "scoring": "50.0% (30.4) // 52.7% (31.7) // 50.0% (30.4) // 50.0% (30.4)",
        "corsiAgainst": "50.4% (59.6) // 45.9% (55.9) // 50.4% (59.6) // 50.4% (59.6)",
        "fenwickAgainst": "50.5% (43.6) // 46.6% (40.9) // 50.5% (43.6) // 50.5% (43.6)",
        "shotsAgainst": "50.2% (30.7) // 46.8% (28.5) // 50.2% (30.7) // 50.2% (30.7)",
        "scoringAgainst": "50.0% (30.4) // 47.3% (28.4) // 50.0% (30.4) // 50.0% (30.4)",
        "oppCorsi": "59.9% (67.4) // 61.2% (68.8) // 59.9% (67.4) // 59.9% (67.4)",
        "oppFenwick": "59.1% (50.8) // 60.1% (51.8) // 59.1% (50.8) // 59.1% (50.8)",
        "oppShots": "57.2% (34.3) // 58.4% (34.4) // 57.2% (34.3) // 57.2% (34.3)",
        "oppScoring": "58.9% (33.3) // 62.3% (33.3) // 58.9% (33.3) // 58.9% (33.3)",
        "oppCorsiAgainst": "40.1% (45.2) // 38.8% (43.6) // 40.1% (45.2) // 40.1% (45.2)",
        "oppFenwickAgainst": "40.9% (35.1) // 39.9% (34.4) // 40.9% (35.1) // 40.9% (35.1)",
        "oppShotsAgainst": "42.8% (25.6) // 41.6% (24.5) // 42.8% (25.6) // 42.8% (25.6)",
        "oppScoringAgainst": "41.1% (23.3) // 37.7% (20.2) // 41.1% (23.3) // 41.1% (23.3)",
        "savesPerGame": 28.4,
        "savesPerGameLast1": 24.0,
        "savesPerGameLast3": 28.7,
        "savesPerGameLast5": 27.6,
        "savesPer60": 29.8,
        "savesPer60Last1": 24.0,
        "savesPer60Last3": 29.5,
        "savesPer60Last5": 27.9,
        "shotsPerGame": 30.8,
        "shotsPerGameLast5": 30.6,
        "shotsAgainstPerGame": 31.0,
        "shotsAgainstPerGameLast5": 30.4,
        "oppSavesAgainstPer60": 33.3,
        "oppSavesAgainstPer60Last1": 24.0,
        "oppSavesAgainstPer60Last3": 28.8,
        "oppSavesAgainstPer60Last5": 30.8,
        "oppShotsAgainstPerGame": 26.0,
        "oppShotsAgainstPerGameLast5": 30.4,
        "savesProj": 38.1,
        "savesProjLast5": 34.3,
        "savesProjLast3": 34.6,
        "oppSavesAgainstProj": 32.4,
        "oppSavesAgainstProjLast5": 26.9,
        "oppSavesAgainstProjLast3": 25.1,
        "totalOver": 24,
        "totalOverLast5": 0,
        "totalOverLast15": 27,
        "lastTotalOver": 0,
        "last5": "0,0,0,0,0,1,2,1,0,0",
        "overOdds": "+210",
        "underOdds": "-265",
        "overUnder": "+210 / -265"
    },
    {
        "player": "Bo Horvat",
        "team": "NYI",
        "opponent": "CAR",
        "propType": "g",
        "line": 0.5,
        "ppLine": "PP1",
        "avg": 0.24,
        "hit": false,
        "diffAvg": -0.52,
        "diffAbs": 1.0,
        "lastAvg": 0,
        "diff": 0,
        "avgMin": 20,
        "proj": 0.0,
        "lastAvgMin": 0,
        "oppOver": 0,
        "teamOver": 0,
        "gameLine": "+135",
        "+/-": -1,
        "L5_+/-": "+3.0",
        "prevMatchup": "2023-04-23 1.0 g 2023-04-21 0.0 g 2023-04-19 0.0 g 2023-04-17 0.0 g 2023-04-02 0.0 g",
        "winLossSplits": "28% - 19%",
        "awayHome": "A",
        "playedYesterday": "N",
        "awayHomeSplits": "18% - 29%",
        "savesAboveExp": -0.166,
        "gsaa": 3.66,
        "corsi": "49.6% (58.7) // 54.1% (65.8) // 49.6% (58.7) // 49.6% (58.7)",
        "fenwick": "49.5% (42.7) // 53.4% (47.0) // 49.5% (42.7) // 49.5% (42.7)",
        "shots": "49.8% (30.5) // 53.2% (32.4) // 49.8% (30.5) // 49.8% (30.5)",
        "scoring": "50.0% (30.4) // 52.7% (31.7) // 50.0% (30.4) // 50.0% (30.4)",
        "corsiAgainst": "50.4% (59.6) // 45.9% (55.9) // 50.4% (59.6) // 50.4% (59.6)",
        "fenwickAgainst": "50.5% (43.6) // 46.6% (40.9) // 50.5% (43.6) // 50.5% (43.6)",
        "shotsAgainst": "50.2% (30.7) // 46.8% (28.5) // 50.2% (30.7) // 50.2% (30.7)",
        "scoringAgainst": "50.0% (30.4) // 47.3% (28.4) // 50.0% (30.4) // 50.0% (30.4)",
        "oppCorsi": "59.9% (67.4) // 61.2% (68.8) // 59.9% (67.4) // 59.9% (67.4)",
        "oppFenwick": "59.1% (50.8) // 60.1% (51.8) // 59.1% (50.8) // 59.1% (50.8)",
        "oppShots": "57.2% (34.3) // 58.4% (34.4) // 57.2% (34.3) // 57.2% (34.3)",
        "oppScoring": "58.9% (33.3) // 62.3% (33.3) // 58.9% (33.3) // 58.9% (33.3)",
        "oppCorsiAgainst": "40.1% (45.2) // 38.8% (43.6) // 40.1% (45.2) // 40.1% (45.2)",
        "oppFenwickAgainst": "40.9% (35.1) // 39.9% (34.4) // 40.9% (35.1) // 40.9% (35.1)",
        "oppShotsAgainst": "42.8% (25.6) // 41.6% (24.5) // 42.8% (25.6) // 42.8% (25.6)",
        "oppScoringAgainst": "41.1% (23.3) // 37.7% (20.2) // 41.1% (23.3) // 41.1% (23.3)",
        "savesPerGame": 28.4,
        "savesPerGameLast1": 24.0,
        "savesPerGameLast3": 28.7,
        "savesPerGameLast5": 27.6,
        "savesPer60": 29.8,
        "savesPer60Last1": 24.0,
        "savesPer60Last3": 29.5,
        "savesPer60Last5": 27.9,
        "shotsPerGame": 30.8,
        "shotsPerGameLast5": 30.6,
        "shotsAgainstPerGame": 31.0,
        "shotsAgainstPerGameLast5": 30.4,
        "oppSavesAgainstPer60": 33.3,
        "oppSavesAgainstPer60Last1": 24.0,
        "oppSavesAgainstPer60Last3": 28.8,
        "oppSavesAgainstPer60Last5": 30.8,
        "oppShotsAgainstPerGame": 26.0,
        "oppShotsAgainstPerGameLast5": 30.4,
        "savesProj": 38.1,
        "savesProjLast5": 34.3,
        "savesProjLast3": 34.6,
        "oppSavesAgainstProj": 32.4,
        "oppSavesAgainstProjLast5": 26.9,
        "oppSavesAgainstProjLast3": 25.1,
        "totalOver": 24,
        "totalOverLast5": 20,
        "totalOverLast15": 20,
        "lastTotalOver": 0,
        "last5": "1,0,0,0,0,0,0,1,0,0",
        "overOdds": "+210",
        "underOdds": "0",
        "overUnder": "+210 / 0"
    },
    {
        "player": "Brady Skjei",
        "team": "CAR",
        "opponent": "NYI",
        "propType": "sog",
        "line": 2.5,
        "ppLine": "PP2",
        "avg": 2.33,
        "hit": false,
        "diffAvg": -0.07,
        "diffAbs": 0.24,
        "lastAvg": 1.92,
        "diff": -0.23,
        "avgMin": 21,
        "proj": 1.9,
        "lastAvgMin": 21.13,
        "oppOver": 0,
        "teamOver": 0,
        "gameLine": "-155",
        "+/-": "+4",
        "L5_+/-": -9.0,
        "prevMatchup": "2023-04-23 1.0 sog 2023-04-21 2.0 sog 2023-04-19 3.0 sog 2023-04-17 4.0 sog 2023-04-02 3.0 sog 2023-01-21 0.0 sog 2022-12-10 5.0 sog 2022-10-28 2.0 sog",
        "winLossSplits": "52% - 32%",
        "awayHome": "H",
        "playedYesterday": "N",
        "awayHomeSplits": "43% - 47%",
        "savesAboveExp": 0.704,
        "gsaa": 35.99,
        "corsi": "59.9% (67.4) // 61.2% (68.8) // 59.9% (67.4) // 59.9% (67.4)",
        "fenwick": "59.1% (50.8) // 60.1% (51.8) // 59.1% (50.8) // 59.1% (50.8)",
        "shots": "57.2% (34.3) // 58.4% (34.4) // 57.2% (34.3) // 57.2% (34.3)",
        "scoring": "58.9% (33.3) // 62.3% (33.3) // 58.9% (33.3) // 58.9% (33.3)",
        "corsiAgainst": "40.1% (45.2) // 38.8% (43.6) // 40.1% (45.2) // 40.1% (45.2)",
        "fenwickAgainst": "40.9% (35.1) // 39.9% (34.4) // 40.9% (35.1) // 40.9% (35.1)",
        "shotsAgainst": "42.8% (25.6) // 41.6% (24.5) // 42.8% (25.6) // 42.8% (25.6)",
        "scoringAgainst": "41.1% (23.3) // 37.7% (20.2) // 41.1% (23.3) // 41.1% (23.3)",
        "oppCorsi": "49.6% (58.7) // 54.1% (65.8) // 49.6% (58.7) // 49.6% (58.7)",
        "oppFenwick": "49.5% (42.7) // 53.4% (47.0) // 49.5% (42.7) // 49.5% (42.7)",
        "oppShots": "49.8% (30.5) // 53.2% (32.4) // 49.8% (30.5) // 49.8% (30.5)",
        "oppScoring": "50.0% (30.4) // 52.7% (31.7) // 50.0% (30.4) // 50.0% (30.4)",
        "oppCorsiAgainst": "50.4% (59.6) // 45.9% (55.9) // 50.4% (59.6) // 50.4% (59.6)",
        "oppFenwickAgainst": "50.5% (43.6) // 46.6% (40.9) // 50.5% (43.6) // 50.5% (43.6)",
        "oppShotsAgainst": "50.2% (30.7) // 46.8% (28.5) // 50.2% (30.7) // 50.2% (30.7)",
        "oppScoringAgainst": "50.0% (30.4) // 47.3% (28.4) // 50.0% (30.4) // 50.0% (30.4)",
        "savesPerGame": 23.4,
        "savesPerGameLast1": 27.0,
        "savesPerGameLast3": 27.3,
        "savesPerGameLast5": 27.4,
        "savesPer60": 24.7,
        "savesPer60Last1": 27.0,
        "savesPer60Last3": 28.0,
        "savesPer60Last5": 27.8,
        "shotsPerGame": 34.8,
        "shotsPerGameLast5": 33.8,
        "shotsAgainstPerGame": 26.0,
        "shotsAgainstPerGameLast5": 30.4,
        "oppSavesAgainstPer60": 29.2,
        "oppSavesAgainstPer60Last1": 27.0,
        "oppSavesAgainstPer60Last3": 27.3,
        "oppSavesAgainstPer60Last5": 27.6,
        "oppShotsAgainstPerGame": 31.0,
        "oppShotsAgainstPerGameLast5": 30.4,
        "savesProj": 23.0,
        "savesProjLast5": 25.7,
        "savesProjLast3": 25.7,
        "oppSavesAgainstProj": 23.9,
        "oppSavesAgainstProjLast5": 25.0,
        "oppSavesAgainstProjLast3": 25.6,
        "totalOver": 45,
        "totalOverLast5": 60,
        "totalOverLast15": 47,
        "lastTotalOver": 35,
        "last5": "1,2,3,4,4,1,1,2,5,3",
        "overOdds": "+105",
        "underOdds": "-135",
        "overUnder": "+105 / -135"
    },
    {
        "player": "Brady Skjei",
        "team": "CAR",
        "opponent": "NYI",
        "propType": "pts",
        "line": 0.5,
        "ppLine": "PP2",
        "avg": 0.46,
        "hit": false,
        "diffAvg": -0.08,
        "diffAbs": 0.2,
        "lastAvg": 0.41,
        "diff": -0.18,
        "avgMin": 21,
        "proj": 0.4,
        "lastAvgMin": 21.13,
        "oppOver": 0,
        "teamOver": 0,
        "gameLine": "-155",
        "+/-": "+4",
        "L5_+/-": -9.0,
        "prevMatchup": "2023-04-23 1.0 pts 2023-04-21 0.0 pts 2023-04-19 0.0 pts 2023-04-17 0.0 pts 2023-04-02 0.0 pts 2023-01-21 0.0 pts 2022-12-10 1.0 pts 2022-10-28 1.0 pts",
        "winLossSplits": "46% - 26%",
        "awayHome": "H",
        "playedYesterday": "N",
        "awayHomeSplits": "40% - 37%",
        "savesAboveExp": 0.704,
        "gsaa": 35.99,
        "corsi": "59.9% (67.4) // 61.2% (68.8) // 59.9% (67.4) // 59.9% (67.4)",
        "fenwick": "59.1% (50.8) // 60.1% (51.8) // 59.1% (50.8) // 59.1% (50.8)",
        "shots": "57.2% (34.3) // 58.4% (34.4) // 57.2% (34.3) // 57.2% (34.3)",
        "scoring": "58.9% (33.3) // 62.3% (33.3) // 58.9% (33.3) // 58.9% (33.3)",
        "corsiAgainst": "40.1% (45.2) // 38.8% (43.6) // 40.1% (45.2) // 40.1% (45.2)",
        "fenwickAgainst": "40.9% (35.1) // 39.9% (34.4) // 40.9% (35.1) // 40.9% (35.1)",
        "shotsAgainst": "42.8% (25.6) // 41.6% (24.5) // 42.8% (25.6) // 42.8% (25.6)",
        "scoringAgainst": "41.1% (23.3) // 37.7% (20.2) // 41.1% (23.3) // 41.1% (23.3)",
        "oppCorsi": "49.6% (58.7) // 54.1% (65.8) // 49.6% (58.7) // 49.6% (58.7)",
        "oppFenwick": "49.5% (42.7) // 53.4% (47.0) // 49.5% (42.7) // 49.5% (42.7)",
        "oppShots": "49.8% (30.5) // 53.2% (32.4) // 49.8% (30.5) // 49.8% (30.5)",
        "oppScoring": "50.0% (30.4) // 52.7% (31.7) // 50.0% (30.4) // 50.0% (30.4)",
        "oppCorsiAgainst": "50.4% (59.6) // 45.9% (55.9) // 50.4% (59.6) // 50.4% (59.6)",
        "oppFenwickAgainst": "50.5% (43.6) // 46.6% (40.9) // 50.5% (43.6) // 50.5% (43.6)",
        "oppShotsAgainst": "50.2% (30.7) // 46.8% (28.5) // 50.2% (30.7) // 50.2% (30.7)",
        "oppScoringAgainst": "50.0% (30.4) // 47.3% (28.4) // 50.0% (30.4) // 50.0% (30.4)",
        "savesPerGame": 23.4,
        "savesPerGameLast1": 27.0,
        "savesPerGameLast3": 27.3,
        "savesPerGameLast5": 27.4,
        "savesPer60": 24.7,
        "savesPer60Last1": 27.0,
        "savesPer60Last3": 28.0,
        "savesPer60Last5": 27.8,
        "shotsPerGame": 34.8,
        "shotsPerGameLast5": 33.8,
        "shotsAgainstPerGame": 26.0,
        "shotsAgainstPerGameLast5": 30.4,
        "oppSavesAgainstPer60": 29.2,
        "oppSavesAgainstPer60Last1": 27.0,
        "oppSavesAgainstPer60Last3": 27.3,
        "oppSavesAgainstPer60Last5": 27.6,
        "oppShotsAgainstPerGame": 31.0,
        "oppShotsAgainstPerGameLast5": 30.4,
        "savesProj": 23.0,
        "savesProjLast5": 25.7,
        "savesProjLast3": 25.7,
        "oppSavesAgainstProj": 23.9,
        "oppSavesAgainstProjLast5": 25.0,
        "oppSavesAgainstProjLast3": 25.6,
        "totalOver": 39,
        "totalOverLast5": 20,
        "totalOverLast15": 33,
        "lastTotalOver": 34,
        "last5": "1,0,0,0,0,1,1,0,0,2",
        "overOdds": "+135",
        "underOdds": "-165",
        "overUnder": "+135 / -165"
    },
    {
        "player": "Brady Skjei",
        "team": "CAR",
        "opponent": "NYI",
        "propType": "ast",
        "line": 0.5,
        "ppLine": "PP2",
        "avg": 0.25,
        "hit": false,
        "diffAvg": -0.5,
        "diffAbs": 0.4,
        "lastAvg": 0.31,
        "diff": -0.38,
        "avgMin": 21,
        "proj": 0.3,
        "lastAvgMin": 21.13,
        "oppOver": 0,
        "teamOver": 0,
        "gameLine": "-155",
        "+/-": "+4",
        "L5_+/-": -9.0,
        "prevMatchup": "2023-04-23 1.0 ast 2023-04-21 0.0 ast 2023-04-19 0.0 ast 2023-04-17 0.0 ast 2023-04-02 0.0 ast 2023-01-21 0.0 ast 2022-12-10 1.0 ast 2022-10-28 1.0 ast",
        "winLossSplits": "31% - 13%",
        "awayHome": "H",
        "playedYesterday": "N",
        "awayHomeSplits": "24% - 26%",
        "savesAboveExp": 0.704,
        "gsaa": 35.99,
        "corsi": "59.9% (67.4) // 61.2% (68.8) // 59.9% (67.4) // 59.9% (67.4)",
        "fenwick": "59.1% (50.8) // 60.1% (51.8) // 59.1% (50.8) // 59.1% (50.8)",
        "shots": "57.2% (34.3) // 58.4% (34.4) // 57.2% (34.3) // 57.2% (34.3)",
        "scoring": "58.9% (33.3) // 62.3% (33.3) // 58.9% (33.3) // 58.9% (33.3)",
        "corsiAgainst": "40.1% (45.2) // 38.8% (43.6) // 40.1% (45.2) // 40.1% (45.2)",
        "fenwickAgainst": "40.9% (35.1) // 39.9% (34.4) // 40.9% (35.1) // 40.9% (35.1)",
        "shotsAgainst": "42.8% (25.6) // 41.6% (24.5) // 42.8% (25.6) // 42.8% (25.6)",
        "scoringAgainst": "41.1% (23.3) // 37.7% (20.2) // 41.1% (23.3) // 41.1% (23.3)",
        "oppCorsi": "49.6% (58.7) // 54.1% (65.8) // 49.6% (58.7) // 49.6% (58.7)",
        "oppFenwick": "49.5% (42.7) // 53.4% (47.0) // 49.5% (42.7) // 49.5% (42.7)",
        "oppShots": "49.8% (30.5) // 53.2% (32.4) // 49.8% (30.5) // 49.8% (30.5)",
        "oppScoring": "50.0% (30.4) // 52.7% (31.7) // 50.0% (30.4) // 50.0% (30.4)",
        "oppCorsiAgainst": "50.4% (59.6) // 45.9% (55.9) // 50.4% (59.6) // 50.4% (59.6)",
        "oppFenwickAgainst": "50.5% (43.6) // 46.6% (40.9) // 50.5% (43.6) // 50.5% (43.6)",
        "oppShotsAgainst": "50.2% (30.7) // 46.8% (28.5) // 50.2% (30.7) // 50.2% (30.7)",
        "oppScoringAgainst": "50.0% (30.4) // 47.3% (28.4) // 50.0% (30.4) // 50.0% (30.4)",
        "savesPerGame": 23.4,
        "savesPerGameLast1": 27.0,
        "savesPerGameLast3": 27.3,
        "savesPerGameLast5": 27.4,
        "savesPer60": 24.7,
        "savesPer60Last1": 27.0,
        "savesPer60Last3": 28.0,
        "savesPer60Last5": 27.8,
        "shotsPerGame": 34.8,
        "shotsPerGameLast5": 33.8,
        "shotsAgainstPerGame": 26.0,
        "shotsAgainstPerGameLast5": 30.4,
        "oppSavesAgainstPer60": 29.2,
        "oppSavesAgainstPer60Last1": 27.0,
        "oppSavesAgainstPer60Last3": 27.3,
        "oppSavesAgainstPer60Last5": 27.6,
        "oppShotsAgainstPerGame": 31.0,
        "oppShotsAgainstPerGameLast5": 30.4,
        "savesProj": 23.0,
        "savesProjLast5": 25.7,
        "savesProjLast3": 25.7,
        "oppSavesAgainstProj": 23.9,
        "oppSavesAgainstProjLast5": 25.0,
        "oppSavesAgainstProjLast3": 25.6,
        "totalOver": 25,
        "totalOverLast5": 20,
        "totalOverLast15": 27,
        "lastTotalOver": 30,
        "last5": "1,0,0,0,0,1,1,0,0,1",
        "overOdds": "+225",
        "underOdds": "-285",
        "overUnder": "+225 / -285"
    },
    {
        "player": "Brady Skjei",
        "team": "CAR",
        "opponent": "NYI",
        "propType": "g",
        "line": 0.5,
        "ppLine": "PP2",
        "avg": 0.21,
        "hit": false,
        "diffAvg": -0.58,
        "diffAbs": 0.8,
        "lastAvg": 0.09,
        "diff": -0.82,
        "avgMin": 21,
        "proj": 0.1,
        "lastAvgMin": 21.13,
        "oppOver": 0,
        "teamOver": 0,
        "gameLine": "-155",
        "+/-": "+4",
        "L5_+/-": -9.0,
        "prevMatchup": "2023-04-23 0.0 g 2023-04-21 0.0 g 2023-04-19 0.0 g 2023-04-17 0.0 g 2023-04-02 0.0 g 2023-01-21 0.0 g 2022-12-10 0.0 g 2022-10-28 0.0 g",
        "winLossSplits": "24% - 16%",
        "awayHome": "H",
        "playedYesterday": "N",
        "awayHomeSplits": "21% - 21%",
        "savesAboveExp": 0.704,
        "gsaa": 35.99,
        "corsi": "59.9% (67.4) // 61.2% (68.8) // 59.9% (67.4) // 59.9% (67.4)",
        "fenwick": "59.1% (50.8) // 60.1% (51.8) // 59.1% (50.8) // 59.1% (50.8)",
        "shots": "57.2% (34.3) // 58.4% (34.4) // 57.2% (34.3) // 57.2% (34.3)",
        "scoring": "58.9% (33.3) // 62.3% (33.3) // 58.9% (33.3) // 58.9% (33.3)",
        "corsiAgainst": "40.1% (45.2) // 38.8% (43.6) // 40.1% (45.2) // 40.1% (45.2)",
        "fenwickAgainst": "40.9% (35.1) // 39.9% (34.4) // 40.9% (35.1) // 40.9% (35.1)",
        "shotsAgainst": "42.8% (25.6) // 41.6% (24.5) // 42.8% (25.6) // 42.8% (25.6)",
        "scoringAgainst": "41.1% (23.3) // 37.7% (20.2) // 41.1% (23.3) // 41.1% (23.3)",
        "oppCorsi": "49.6% (58.7) // 54.1% (65.8) // 49.6% (58.7) // 49.6% (58.7)",
        "oppFenwick": "49.5% (42.7) // 53.4% (47.0) // 49.5% (42.7) // 49.5% (42.7)",
        "oppShots": "49.8% (30.5) // 53.2% (32.4) // 49.8% (30.5) // 49.8% (30.5)",
        "oppScoring": "50.0% (30.4) // 52.7% (31.7) // 50.0% (30.4) // 50.0% (30.4)",
        "oppCorsiAgainst": "50.4% (59.6) // 45.9% (55.9) // 50.4% (59.6) // 50.4% (59.6)",
        "oppFenwickAgainst": "50.5% (43.6) // 46.6% (40.9) // 50.5% (43.6) // 50.5% (43.6)",
        "oppShotsAgainst": "50.2% (30.7) // 46.8% (28.5) // 50.2% (30.7) // 50.2% (30.7)",
        "oppScoringAgainst": "50.0% (30.4) // 47.3% (28.4) // 50.0% (30.4) // 50.0% (30.4)",
        "savesPerGame": 23.4,
        "savesPerGameLast1": 27.0,
        "savesPerGameLast3": 27.3,
        "savesPerGameLast5": 27.4,
        "savesPer60": 24.7,
        "savesPer60Last1": 27.0,
        "savesPer60Last3": 28.0,
        "savesPer60Last5": 27.8,
        "shotsPerGame": 34.8,
        "shotsPerGameLast5": 33.8,
        "shotsAgainstPerGame": 26.0,
        "shotsAgainstPerGameLast5": 30.4,
        "oppSavesAgainstPer60": 29.2,
        "oppSavesAgainstPer60Last1": 27.0,
        "oppSavesAgainstPer60Last3": 27.3,
        "oppSavesAgainstPer60Last5": 27.6,
        "oppShotsAgainstPerGame": 31.0,
        "oppShotsAgainstPerGameLast5": 30.4,
        "savesProj": 23.0,
        "savesProjLast5": 25.7,
        "savesProjLast3": 25.7,
        "oppSavesAgainstProj": 23.9,
        "oppSavesAgainstProjLast5": 25.0,
        "oppSavesAgainstProjLast3": 25.6,
        "totalOver": 21,
        "totalOverLast5": 0,
        "totalOverLast15": 13,
