[
    {
        "player": "Adam Boqvist",
        "team": "CBJ",
        "opponent": "BOS",
        "propType": "sog",
        "line": 1.5,
        "ppLine": "",
        "avg": 1.57,
        "hit": false,
        "diffAvg": 0.05,
        "diffAbs": 0.13,
        "lastAvg": 1.23,
        "diff": -0.18,
        "avgMin": 18,
        "proj": 1.3,
        "lastAvgMin": 17.03,
        "oppOver": 0,
        "teamOver": 0,
        "gameLine": "+360",
        "+/-": -7,
        "L5_+/-": -3.0,
        "prevMatchup": "",
        "winLossSplits": "2.4 - 1.17",
        "awayHome": "A",
        "playedYesterday": "N",
        "awayHomeSplits": "1.92 - 1.06",
        "savesAboveExp": 0.892,
        "gsaa": 44.65,
        "corsi": "46.0% (55.6) // 47.7% (60.1) // 44.5% (53.2) // 43.8% (50.8)",
        "fenwick": "45.9% (41.4) // 47.8% (45.3) // 43.7% (39.4) // 43.0% (37.9)",
        "shots": "45.8% (29.5) // 48.6% (33.6) // 45.4% (29.3) // 43.0% (26.6)",
        "scoring": "45.3% (27.2) // 46.9% (32.1) // 44.5% (27.1) // 45.0% (27.2)",
        "corsiAgainst": "54.0% (65.2) // 52.3% (66.0) // 55.5% (66.3) // 56.2% (65.1)",
        "fenwickAgainst": "54.1% (48.8) // 52.2% (49.4) // 56.3% (50.8) // 57.0% (50.1)",
        "shotsAgainst": "54.2% (34.9) // 51.4% (35.5) // 54.6% (35.3) // 57.0% (35.2)",
        "scoringAgainst": "54.7% (32.9) // 53.1% (36.5) // 55.5% (33.8) // 55.0% (33.2)",
        "oppCorsi": "51.2% (57.9) // 50.6% (57.8) // 49.2% (57.6) // 51.9% (60.6)",
        "oppFenwick": "51.5% (43.7) // 49.5% (43.7) // 47.4% (42.7) // 51.1% (45.7)",
        "oppShots": "52.5% (32.5) // 51.5% (32.3) // 50.8% (32.3) // 55.4% (35.0)",
        "oppScoring": "53.0% (32.2) // 54.0% (33.7) // 55.4% (34.2) // 57.7% (34.1)",
        "oppCorsiAgainst": "48.8% (55.1) // 49.4% (56.5) // 50.8% (59.6) // 48.1% (56.1)",
        "oppFenwickAgainst": "48.5% (41.1) // 50.5% (44.5) // 52.6% (47.4) // 48.9% (43.8)",
        "oppShotsAgainst": "47.5% (29.4) // 48.5% (30.4) // 49.2% (31.3) // 44.6% (28.2)",
        "oppScoringAgainst": "47.0% (28.5) // 46.0% (28.7) // 44.6% (27.5) // 42.3% (25.0)",
        "savesPerGame": 31.3,
        "savesPerGameLast1": 30.0,
        "savesPerGameLast3": 29.3,
        "savesPerGameLast5": 30.6,
        "savesPer60": 31.2,
        "savesPer60Last1": 29.5,
        "savesPer60Last3": 29.3,
        "savesPer60Last5": 30.8,
        "shotsPerGame": 29.7,
        "shotsPerGameLast5": 31.2,
        "shotsAgainstPerGame": 35.2,
        "shotsAgainstPerGameLast5": 36.8,
        "oppSavesAgainstPer60": 29.1,
        "oppSavesAgainstPer60Last1": 35.0,
        "oppSavesAgainstPer60Last3": 34.9,
        "oppSavesAgainstPer60Last5": 30.8,
        "oppShotsAgainstPerGame": 29.7,
        "oppShotsAgainstPerGameLast5": 31.8,
        "savesProj": 32.8,
        "savesProjLast5": 33.7,
        "savesProjLast3": 35.8,
        "oppSavesAgainstProj": 32.2,
        "oppSavesAgainstProjLast5": 34.2,
        "oppSavesAgainstProjLast3": 37.9,
        "totalOver": 50,
        "totalOverLast5": 100,
        "totalOverLast15": 67,
        "lastTotalOver": 44,
        "last5": "3,2,2,4,2,3,2,4,0,1",
        "overOdds": "-160",
        "underOdds": "+130",
        "overUnder": "-160 / +130"
    },
    {
        "player": "Adam Boqvist",
        "team": "CBJ",
        "opponent": "BOS",
        "propType": "pts",
        "line": 0.5,
        "ppLine": "",
        "avg": 0.53,
        "hit": false,
        "diffAvg": 0.06,
        "diffAbs": 0.2,
        "lastAvg": 0.42,
        "diff": -0.16,
        "avgMin": 18,
        "proj": 0.4,
        "lastAvgMin": 17.03,
        "oppOver": 0,
        "teamOver": 0,
        "gameLine": "+360",
        "+/-": -7,
        "L5_+/-": -3.0,
        "prevMatchup": "",
        "winLossSplits": "0.76 - 0.41",
        "awayHome": "A",
        "playedYesterday": "N",
        "awayHomeSplits": "0.42 - 0.69",
        "savesAboveExp": 0.892,
        "gsaa": 44.65,
        "corsi": "46.0% (55.6) // 47.7% (60.1) // 44.5% (53.2) // 43.8% (50.8)",
        "fenwick": "45.9% (41.4) // 47.8% (45.3) // 43.7% (39.4) // 43.0% (37.9)",
        "shots": "45.8% (29.5) // 48.6% (33.6) // 45.4% (29.3) // 43.0% (26.6)",
        "scoring": "45.3% (27.2) // 46.9% (32.1) // 44.5% (27.1) // 45.0% (27.2)",
        "corsiAgainst": "54.0% (65.2) // 52.3% (66.0) // 55.5% (66.3) // 56.2% (65.1)",
        "fenwickAgainst": "54.1% (48.8) // 52.2% (49.4) // 56.3% (50.8) // 57.0% (50.1)",
        "shotsAgainst": "54.2% (34.9) // 51.4% (35.5) // 54.6% (35.3) // 57.0% (35.2)",
        "scoringAgainst": "54.7% (32.9) // 53.1% (36.5) // 55.5% (33.8) // 55.0% (33.2)",
        "oppCorsi": "51.2% (57.9) // 50.6% (57.8) // 49.2% (57.6) // 51.9% (60.6)",
        "oppFenwick": "51.5% (43.7) // 49.5% (43.7) // 47.4% (42.7) // 51.1% (45.7)",
        "oppShots": "52.5% (32.5) // 51.5% (32.3) // 50.8% (32.3) // 55.4% (35.0)",
        "oppScoring": "53.0% (32.2) // 54.0% (33.7) // 55.4% (34.2) // 57.7% (34.1)",
        "oppCorsiAgainst": "48.8% (55.1) // 49.4% (56.5) // 50.8% (59.6) // 48.1% (56.1)",
        "oppFenwickAgainst": "48.5% (41.1) // 50.5% (44.5) // 52.6% (47.4) // 48.9% (43.8)",
        "oppShotsAgainst": "47.5% (29.4) // 48.5% (30.4) // 49.2% (31.3) // 44.6% (28.2)",
        "oppScoringAgainst": "47.0% (28.5) // 46.0% (28.7) // 44.6% (27.5) // 42.3% (25.0)",
        "savesPerGame": 31.3,
        "savesPerGameLast1": 30.0,
        "savesPerGameLast3": 29.3,
        "savesPerGameLast5": 30.6,
        "savesPer60": 31.2,
        "savesPer60Last1": 29.5,
        "savesPer60Last3": 29.3,
        "savesPer60Last5": 30.8,
        "shotsPerGame": 29.7,
        "shotsPerGameLast5": 31.2,
        "shotsAgainstPerGame": 35.2,
        "shotsAgainstPerGameLast5": 36.8,
        "oppSavesAgainstPer60": 29.1,
        "oppSavesAgainstPer60Last1": 35.0,
        "oppSavesAgainstPer60Last3": 34.9,
        "oppSavesAgainstPer60Last5": 30.8,
        "oppShotsAgainstPerGame": 29.7,
        "oppShotsAgainstPerGameLast5": 31.8,
        "savesProj": 32.8,
        "savesProjLast5": 33.7,
        "savesProjLast3": 35.8,
        "oppSavesAgainstProj": 32.2,
        "oppSavesAgainstProjLast5": 34.2,
        "oppSavesAgainstProjLast3": 37.9,
        "totalOver": 45,
        "totalOverLast5": 40,
        "totalOverLast15": 33,
        "lastTotalOver": 35,
        "last5": "0,0,1,2,0,1,0,0,0,0",
        "overOdds": "+110",
        "underOdds": "-140",
        "overUnder": "+110 / -140"
    },
    {
        "player": "Adam Boqvist",
        "team": "CBJ",
        "opponent": "BOS",
        "propType": "ast",
        "line": 0.5,
        "ppLine": "",
        "avg": 0.4,
        "hit": false,
        "diffAvg": -0.2,
        "diffAbs": 0.6,
        "lastAvg": 0.21,
        "diff": -0.58,
        "avgMin": 18,
        "proj": 0.2,
        "lastAvgMin": 17.03,
        "oppOver": 0,
        "teamOver": 0,
        "gameLine": "+360",
        "+/-": -7,
        "L5_+/-": -3.0,
        "prevMatchup": "",
        "winLossSplits": "0.55 - 0.35",
        "awayHome": "A",
        "playedYesterday": "N",
        "awayHomeSplits": "0.29 - 0.56",
        "savesAboveExp": 0.892,
        "gsaa": 44.65,
        "corsi": "46.0% (55.6) // 47.7% (60.1) // 44.5% (53.2) // 43.8% (50.8)",
        "fenwick": "45.9% (41.4) // 47.8% (45.3) // 43.7% (39.4) // 43.0% (37.9)",
        "shots": "45.8% (29.5) // 48.6% (33.6) // 45.4% (29.3) // 43.0% (26.6)",
        "scoring": "45.3% (27.2) // 46.9% (32.1) // 44.5% (27.1) // 45.0% (27.2)",
        "corsiAgainst": "54.0% (65.2) // 52.3% (66.0) // 55.5% (66.3) // 56.2% (65.1)",
        "fenwickAgainst": "54.1% (48.8) // 52.2% (49.4) // 56.3% (50.8) // 57.0% (50.1)",
        "shotsAgainst": "54.2% (34.9) // 51.4% (35.5) // 54.6% (35.3) // 57.0% (35.2)",
        "scoringAgainst": "54.7% (32.9) // 53.1% (36.5) // 55.5% (33.8) // 55.0% (33.2)",
        "oppCorsi": "51.2% (57.9) // 50.6% (57.8) // 49.2% (57.6) // 51.9% (60.6)",
        "oppFenwick": "51.5% (43.7) // 49.5% (43.7) // 47.4% (42.7) // 51.1% (45.7)",
        "oppShots": "52.5% (32.5) // 51.5% (32.3) // 50.8% (32.3) // 55.4% (35.0)",
        "oppScoring": "53.0% (32.2) // 54.0% (33.7) // 55.4% (34.2) // 57.7% (34.1)",
        "oppCorsiAgainst": "48.8% (55.1) // 49.4% (56.5) // 50.8% (59.6) // 48.1% (56.1)",
        "oppFenwickAgainst": "48.5% (41.1) // 50.5% (44.5) // 52.6% (47.4) // 48.9% (43.8)",
        "oppShotsAgainst": "47.5% (29.4) // 48.5% (30.4) // 49.2% (31.3) // 44.6% (28.2)",
        "oppScoringAgainst": "47.0% (28.5) // 46.0% (28.7) // 44.6% (27.5) // 42.3% (25.0)",
        "savesPerGame": 31.3,
        "savesPerGameLast1": 30.0,
        "savesPerGameLast3": 29.3,
        "savesPerGameLast5": 30.6,
        "savesPer60": 31.2,
        "savesPer60Last1": 29.5,
        "savesPer60Last3": 29.3,
        "savesPer60Last5": 30.8,
        "shotsPerGame": 29.7,
        "shotsPerGameLast5": 31.2,
        "shotsAgainstPerGame": 35.2,
        "shotsAgainstPerGameLast5": 36.8,
        "oppSavesAgainstPer60": 29.1,
        "oppSavesAgainstPer60Last1": 35.0,
        "oppSavesAgainstPer60Last3": 34.9,
        "oppSavesAgainstPer60Last5": 30.8,
        "oppShotsAgainstPerGame": 29.7,
        "oppShotsAgainstPerGameLast5": 31.8,
        "savesProj": 32.8,
        "savesProjLast5": 33.7,
        "savesProjLast3": 35.8,
        "oppSavesAgainstProj": 32.2,
        "oppSavesAgainstProjLast5": 34.2,
        "oppSavesAgainstProjLast3": 37.9,
        "totalOver": 40,
        "totalOverLast5": 20,
        "totalOverLast15": 27,
        "lastTotalOver": 21,
        "last5": "0,0,1,0,0,1,0,0,0,0",
        "overOdds": "+150",
        "underOdds": "-185",
        "overUnder": "+150 / -185"
    },
    {
        "player": "Adam Boqvist",
        "team": "CBJ",
        "opponent": "BOS",
        "propType": "g",
        "line": 0.5,
        "ppLine": "",
        "avg": 0.12,
        "hit": false,
        "diffAvg": -0.76,
        "diffAbs": 0.6,
        "lastAvg": 0.21,
        "diff": -0.58,
        "avgMin": 18,
        "proj": 0.2,
        "lastAvgMin": 17.03,
        "oppOver": 0,
        "teamOver": 0,
        "gameLine": "+360",
        "+/-": -7,
        "L5_+/-": -3.0,
        "prevMatchup": "",
        "winLossSplits": "0.21 - 0.07",
        "awayHome": "A",
        "playedYesterday": "N",
        "awayHomeSplits": "0.12 - 0.12",
        "savesAboveExp": 0.892,
        "gsaa": 44.65,
        "corsi": "46.0% (55.6) // 47.7% (60.1) // 44.5% (53.2) // 43.8% (50.8)",
        "fenwick": "45.9% (41.4) // 47.8% (45.3) // 43.7% (39.4) // 43.0% (37.9)",
        "shots": "45.8% (29.5) // 48.6% (33.6) // 45.4% (29.3) // 43.0% (26.6)",
        "scoring": "45.3% (27.2) // 46.9% (32.1) // 44.5% (27.1) // 45.0% (27.2)",
        "corsiAgainst": "54.0% (65.2) // 52.3% (66.0) // 55.5% (66.3) // 56.2% (65.1)",
        "fenwickAgainst": "54.1% (48.8) // 52.2% (49.4) // 56.3% (50.8) // 57.0% (50.1)",
        "shotsAgainst": "54.2% (34.9) // 51.4% (35.5) // 54.6% (35.3) // 57.0% (35.2)",
        "scoringAgainst": "54.7% (32.9) // 53.1% (36.5) // 55.5% (33.8) // 55.0% (33.2)",
        "oppCorsi": "51.2% (57.9) // 50.6% (57.8) // 49.2% (57.6) // 51.9% (60.6)",
        "oppFenwick": "51.5% (43.7) // 49.5% (43.7) // 47.4% (42.7) // 51.1% (45.7)",
        "oppShots": "52.5% (32.5) // 51.5% (32.3) // 50.8% (32.3) // 55.4% (35.0)",
        "oppScoring": "53.0% (32.2) // 54.0% (33.7) // 55.4% (34.2) // 57.7% (34.1)",
        "oppCorsiAgainst": "48.8% (55.1) // 49.4% (56.5) // 50.8% (59.6) // 48.1% (56.1)",
        "oppFenwickAgainst": "48.5% (41.1) // 50.5% (44.5) // 52.6% (47.4) // 48.9% (43.8)",
        "oppShotsAgainst": "47.5% (29.4) // 48.5% (30.4) // 49.2% (31.3) // 44.6% (28.2)",
        "oppScoringAgainst": "47.0% (28.5) // 46.0% (28.7) // 44.6% (27.5) // 42.3% (25.0)",
        "savesPerGame": 31.3,
        "savesPerGameLast1": 30.0,
        "savesPerGameLast3": 29.3,
        "savesPerGameLast5": 30.6,
        "savesPer60": 31.2,
        "savesPer60Last1": 29.5,
        "savesPer60Last3": 29.3,
        "savesPer60Last5": 30.8,
        "shotsPerGame": 29.7,
        "shotsPerGameLast5": 31.2,
        "shotsAgainstPerGame": 35.2,
        "shotsAgainstPerGameLast5": 36.8,
        "oppSavesAgainstPer60": 29.1,
        "oppSavesAgainstPer60Last1": 35.0,
        "oppSavesAgainstPer60Last3": 34.9,
        "oppSavesAgainstPer60Last5": 30.8,
        "oppShotsAgainstPerGame": 29.7,
        "oppShotsAgainstPerGameLast5": 31.8,
        "savesProj": 32.8,
        "savesProjLast5": 33.7,
        "savesProjLast3": 35.8,
        "oppSavesAgainstProj": 32.2,
        "oppSavesAgainstProjLast5": 34.2,
        "oppSavesAgainstProjLast3": 37.9,
        "totalOver": 10,
        "totalOverLast5": 20,
        "totalOverLast15": 13,
        "lastTotalOver": 19,
        "last5": "0,0,0,2,0,0,0,0,0,0",
        "overOdds": "+650",
        "underOdds": "0",
        "overUnder": "+650 / 0"
    },
    {
        "player": "Boone Jenner",
        "team": "CBJ",
        "opponent": "BOS",
        "propType": "sog",
        "line": 2.5,
        "ppLine": "PP1",
        "avg": 3.26,
        "hit": false,
        "diffAvg": 0.3,
        "diffAbs": 0.08,
        "lastAvg": 2.71,
        "diff": 0.08,
        "avgMin": 20,
        "proj": 2.7,
        "lastAvgMin": 20.45,
        "oppOver": 0,
        "teamOver": 0,
        "gameLine": "+360",
        "+/-": -27,
        "L5_+/-": -11.0,
        "prevMatchup": "2022-12-17 4.0 sog 2022-10-28 5.0 sog",
        "winLossSplits": "3.32 - 3.13",
        "awayHome": "A",
        "playedYesterday": "N",
        "awayHomeSplits": "3.13 - 3.39",
        "savesAboveExp": 0.892,
        "gsaa": 44.65,
        "corsi": "46.0% (55.6) // 47.7% (60.1) // 44.5% (53.2) // 43.8% (50.8)",
        "fenwick": "45.9% (41.4) // 47.8% (45.3) // 43.7% (39.4) // 43.0% (37.9)",
        "shots": "45.8% (29.5) // 48.6% (33.6) // 45.4% (29.3) // 43.0% (26.6)",
        "scoring": "45.3% (27.2) // 46.9% (32.1) // 44.5% (27.1) // 45.0% (27.2)",
        "corsiAgainst": "54.0% (65.2) // 52.3% (66.0) // 55.5% (66.3) // 56.2% (65.1)",
        "fenwickAgainst": "54.1% (48.8) // 52.2% (49.4) // 56.3% (50.8) // 57.0% (50.1)",
        "shotsAgainst": "54.2% (34.9) // 51.4% (35.5) // 54.6% (35.3) // 57.0% (35.2)",
        "scoringAgainst": "54.7% (32.9) // 53.1% (36.5) // 55.5% (33.8) // 55.0% (33.2)",
        "oppCorsi": "51.2% (57.9) // 50.6% (57.8) // 49.2% (57.6) // 51.9% (60.6)",
        "oppFenwick": "51.5% (43.7) // 49.5% (43.7) // 47.4% (42.7) // 51.1% (45.7)",
        "oppShots": "52.5% (32.5) // 51.5% (32.3) // 50.8% (32.3) // 55.4% (35.0)",
        "oppScoring": "53.0% (32.2) // 54.0% (33.7) // 55.4% (34.2) // 57.7% (34.1)",
        "oppCorsiAgainst": "48.8% (55.1) // 49.4% (56.5) // 50.8% (59.6) // 48.1% (56.1)",
        "oppFenwickAgainst": "48.5% (41.1) // 50.5% (44.5) // 52.6% (47.4) // 48.9% (43.8)",
        "oppShotsAgainst": "47.5% (29.4) // 48.5% (30.4) // 49.2% (31.3) // 44.6% (28.2)",
        "oppScoringAgainst": "47.0% (28.5) // 46.0% (28.7) // 44.6% (27.5) // 42.3% (25.0)",
        "savesPerGame": 31.3,
        "savesPerGameLast1": 30.0,
        "savesPerGameLast3": 29.3,
        "savesPerGameLast5": 30.6,
        "savesPer60": 31.2,
        "savesPer60Last1": 29.5,
        "savesPer60Last3": 29.3,
        "savesPer60Last5": 30.8,
        "shotsPerGame": 29.7,
        "shotsPerGameLast5": 31.2,
        "shotsAgainstPerGame": 35.2,
        "shotsAgainstPerGameLast5": 36.8,
        "oppSavesAgainstPer60": 29.1,
        "oppSavesAgainstPer60Last1": 35.0,
        "oppSavesAgainstPer60Last3": 34.9,
        "oppSavesAgainstPer60Last5": 30.8,
        "oppShotsAgainstPerGame": 29.7,
        "oppShotsAgainstPerGameLast5": 31.8,
        "savesProj": 32.8,
        "savesProjLast5": 33.7,
        "savesProjLast3": 35.8,
        "oppSavesAgainstProj": 32.2,
        "oppSavesAgainstProjLast5": 34.2,
        "oppSavesAgainstProjLast3": 37.9,
        "totalOver": 61,
        "totalOverLast5": 20,
        "totalOverLast15": 47,
        "lastTotalOver": 50,
        "last5": "2,1,2,3,1,6,4,6,6,2",
        "overOdds": "-155",
        "underOdds": "+125",
        "overUnder": "-155 / +125"
    },
    {
        "player": "Boone Jenner",
        "team": "CBJ",
        "opponent": "BOS",
        "propType": "pts",
        "line": 0.5,
        "ppLine": "PP1",
        "avg": 0.71,
        "hit": false,
        "diffAvg": 0.42,
        "diffAbs": 0.4,
        "lastAvg": 0.75,
        "diff": 0.5,
        "avgMin": 20,
        "proj": 0.7,
        "lastAvgMin": 20.45,
        "oppOver": 0,
        "teamOver": 0,
        "gameLine": "+360",
        "+/-": -27,
        "L5_+/-": -11.0,
        "prevMatchup": "2022-12-17 1.0 pts 2022-10-28 0.0 pts",
        "winLossSplits": "1.2 - 0.44",
        "awayHome": "A",
        "playedYesterday": "N",
        "awayHomeSplits": "0.55 - 0.87",
        "savesAboveExp": 0.892,
        "gsaa": 44.65,
        "corsi": "46.0% (55.6) // 47.7% (60.1) // 44.5% (53.2) // 43.8% (50.8)",
        "fenwick": "45.9% (41.4) // 47.8% (45.3) // 43.7% (39.4) // 43.0% (37.9)",
        "shots": "45.8% (29.5) // 48.6% (33.6) // 45.4% (29.3) // 43.0% (26.6)",
        "scoring": "45.3% (27.2) // 46.9% (32.1) // 44.5% (27.1) // 45.0% (27.2)",
        "corsiAgainst": "54.0% (65.2) // 52.3% (66.0) // 55.5% (66.3) // 56.2% (65.1)",
        "fenwickAgainst": "54.1% (48.8) // 52.2% (49.4) // 56.3% (50.8) // 57.0% (50.1)",
        "shotsAgainst": "54.2% (34.9) // 51.4% (35.5) // 54.6% (35.3) // 57.0% (35.2)",
        "scoringAgainst": "54.7% (32.9) // 53.1% (36.5) // 55.5% (33.8) // 55.0% (33.2)",
        "oppCorsi": "51.2% (57.9) // 50.6% (57.8) // 49.2% (57.6) // 51.9% (60.6)",
        "oppFenwick": "51.5% (43.7) // 49.5% (43.7) // 47.4% (42.7) // 51.1% (45.7)",
        "oppShots": "52.5% (32.5) // 51.5% (32.3) // 50.8% (32.3) // 55.4% (35.0)",
        "oppScoring": "53.0% (32.2) // 54.0% (33.7) // 55.4% (34.2) // 57.7% (34.1)",
        "oppCorsiAgainst": "48.8% (55.1) // 49.4% (56.5) // 50.8% (59.6) // 48.1% (56.1)",
        "oppFenwickAgainst": "48.5% (41.1) // 50.5% (44.5) // 52.6% (47.4) // 48.9% (43.8)",
        "oppShotsAgainst": "47.5% (29.4) // 48.5% (30.4) // 49.2% (31.3) // 44.6% (28.2)",
        "oppScoringAgainst": "47.0% (28.5) // 46.0% (28.7) // 44.6% (27.5) // 42.3% (25.0)",
        "savesPerGame": 31.3,
        "savesPerGameLast1": 30.0,
        "savesPerGameLast3": 29.3,
        "savesPerGameLast5": 30.6,
        "savesPer60": 31.2,
        "savesPer60Last1": 29.5,
        "savesPer60Last3": 29.3,
        "savesPer60Last5": 30.8,
        "shotsPerGame": 29.7,
        "shotsPerGameLast5": 31.2,
        "shotsAgainstPerGame": 35.2,
        "shotsAgainstPerGameLast5": 36.8,
        "oppSavesAgainstPer60": 29.1,
        "oppSavesAgainstPer60Last1": 35.0,
        "oppSavesAgainstPer60Last3": 34.9,
        "oppSavesAgainstPer60Last5": 30.8,
        "oppShotsAgainstPerGame": 29.7,
        "oppShotsAgainstPerGameLast5": 31.8,
        "savesProj": 32.8,
        "savesProjLast5": 33.7,
        "savesProjLast3": 35.8,
        "oppSavesAgainstProj": 32.2,
        "oppSavesAgainstProjLast5": 34.2,
        "oppSavesAgainstProjLast3": 37.9,
        "totalOver": 53,
        "totalOverLast5": 60,
        "totalOverLast15": 47,
        "lastTotalOver": 54,
        "last5": "1,0,2,1,0,1,0,2,1,0",
        "overOdds": "-140",
        "underOdds": "+110",
        "overUnder": "-140 / +110"
    },
    {
        "player": "Boone Jenner",
        "team": "CBJ",
        "opponent": "BOS",
        "propType": "ast",
        "line": 0.5,
        "ppLine": "PP1",
        "avg": 0.31,
        "hit": false,
        "diffAvg": -0.38,
        "diffAbs": 0.4,
        "lastAvg": 0.36,
        "diff": -0.28,
        "avgMin": 20,
        "proj": 0.3,
        "lastAvgMin": 20.45,
        "oppOver": 0,
        "teamOver": 0,
        "gameLine": "+360",
        "+/-": -27,
        "L5_+/-": -11.0,
        "prevMatchup": "2022-12-17 0.0 ast 2022-10-28 0.0 ast",
        "winLossSplits": "0.4 - 0.25",
        "awayHome": "A",
        "playedYesterday": "N",
        "awayHomeSplits": "0.23 - 0.39",
        "savesAboveExp": 0.892,
        "gsaa": 44.65,
        "corsi": "46.0% (55.6) // 47.7% (60.1) // 44.5% (53.2) // 43.8% (50.8)",
        "fenwick": "45.9% (41.4) // 47.8% (45.3) // 43.7% (39.4) // 43.0% (37.9)",
        "shots": "45.8% (29.5) // 48.6% (33.6) // 45.4% (29.3) // 43.0% (26.6)",
        "scoring": "45.3% (27.2) // 46.9% (32.1) // 44.5% (27.1) // 45.0% (27.2)",
        "corsiAgainst": "54.0% (65.2) // 52.3% (66.0) // 55.5% (66.3) // 56.2% (65.1)",
        "fenwickAgainst": "54.1% (48.8) // 52.2% (49.4) // 56.3% (50.8) // 57.0% (50.1)",
        "shotsAgainst": "54.2% (34.9) // 51.4% (35.5) // 54.6% (35.3) // 57.0% (35.2)",
        "scoringAgainst": "54.7% (32.9) // 53.1% (36.5) // 55.5% (33.8) // 55.0% (33.2)",
        "oppCorsi": "51.2% (57.9) // 50.6% (57.8) // 49.2% (57.6) // 51.9% (60.6)",
        "oppFenwick": "51.5% (43.7) // 49.5% (43.7) // 47.4% (42.7) // 51.1% (45.7)",
        "oppShots": "52.5% (32.5) // 51.5% (32.3) // 50.8% (32.3) // 55.4% (35.0)",
        "oppScoring": "53.0% (32.2) // 54.0% (33.7) // 55.4% (34.2) // 57.7% (34.1)",
        "oppCorsiAgainst": "48.8% (55.1) // 49.4% (56.5) // 50.8% (59.6) // 48.1% (56.1)",
        "oppFenwickAgainst": "48.5% (41.1) // 50.5% (44.5) // 52.6% (47.4) // 48.9% (43.8)",
        "oppShotsAgainst": "47.5% (29.4) // 48.5% (30.4) // 49.2% (31.3) // 44.6% (28.2)",
        "oppScoringAgainst": "47.0% (28.5) // 46.0% (28.7) // 44.6% (27.5) // 42.3% (25.0)",
        "savesPerGame": 31.3,
        "savesPerGameLast1": 30.0,
        "savesPerGameLast3": 29.3,
        "savesPerGameLast5": 30.6,
        "savesPer60": 31.2,
        "savesPer60Last1": 29.5,
        "savesPer60Last3": 29.3,
        "savesPer60Last5": 30.8,
        "shotsPerGame": 29.7,
        "shotsPerGameLast5": 31.2,
        "shotsAgainstPerGame": 35.2,
        "shotsAgainstPerGameLast5": 36.8,
        "oppSavesAgainstPer60": 29.1,
        "oppSavesAgainstPer60Last1": 35.0,
        "oppSavesAgainstPer60Last3": 34.9,
        "oppSavesAgainstPer60Last5": 30.8,
        "oppShotsAgainstPerGame": 29.7,
        "oppShotsAgainstPerGameLast5": 31.8,
        "savesProj": 32.8,
        "savesProjLast5": 33.7,
        "savesProjLast3": 35.8,
        "oppSavesAgainstProj": 32.2,
        "oppSavesAgainstProjLast5": 34.2,
        "oppSavesAgainstProjLast3": 37.9,
        "totalOver": 27,
        "totalOverLast5": 40,
        "totalOverLast15": 20,
        "lastTotalOver": 27,
        "last5": "1,0,1,0,0,0,0,0,0,0",
        "overOdds": "+180",
        "underOdds": "-220",
        "overUnder": "+180 / -220"
    },
    {
        "player": "Boone Jenner",
        "team": "CBJ",
        "opponent": "BOS",
        "propType": "g",
        "line": 0.5,
        "ppLine": "PP1",
        "avg": 0.4,
        "hit": false,
        "diffAvg": -0.2,
        "diffAbs": 0.2,
        "lastAvg": 0.39,
        "diff": -0.22,
        "avgMin": 20,
        "proj": 0.4,
        "lastAvgMin": 20.45,
        "oppOver": 0,
        "teamOver": 0,
        "gameLine": "+360",
        "+/-": -27,
        "L5_+/-": -11.0,
        "prevMatchup": "2022-12-17 1.0 g 2022-10-28 0.0 g",
        "winLossSplits": "0.8 - 0.19",
        "awayHome": "A",
        "playedYesterday": "N",
        "awayHomeSplits": "0.32 - 0.48",
        "savesAboveExp": 0.892,
        "gsaa": 44.65,
        "corsi": "46.0% (55.6) // 47.7% (60.1) // 44.5% (53.2) // 43.8% (50.8)",
        "fenwick": "45.9% (41.4) // 47.8% (45.3) // 43.7% (39.4) // 43.0% (37.9)",
        "shots": "45.8% (29.5) // 48.6% (33.6) // 45.4% (29.3) // 43.0% (26.6)",
        "scoring": "45.3% (27.2) // 46.9% (32.1) // 44.5% (27.1) // 45.0% (27.2)",
        "corsiAgainst": "54.0% (65.2) // 52.3% (66.0) // 55.5% (66.3) // 56.2% (65.1)",
        "fenwickAgainst": "54.1% (48.8) // 52.2% (49.4) // 56.3% (50.8) // 57.0% (50.1)",
        "shotsAgainst": "54.2% (34.9) // 51.4% (35.5) // 54.6% (35.3) // 57.0% (35.2)",
        "scoringAgainst": "54.7% (32.9) // 53.1% (36.5) // 55.5% (33.8) // 55.0% (33.2)",
        "oppCorsi": "51.2% (57.9) // 50.6% (57.8) // 49.2% (57.6) // 51.9% (60.6)",
        "oppFenwick": "51.5% (43.7) // 49.5% (43.7) // 47.4% (42.7) // 51.1% (45.7)",
        "oppShots": "52.5% (32.5) // 51.5% (32.3) // 50.8% (32.3) // 55.4% (35.0)",
        "oppScoring": "53.0% (32.2) // 54.0% (33.7) // 55.4% (34.2) // 57.7% (34.1)",
        "oppCorsiAgainst": "48.8% (55.1) // 49.4% (56.5) // 50.8% (59.6) // 48.1% (56.1)",
        "oppFenwickAgainst": "48.5% (41.1) // 50.5% (44.5) // 52.6% (47.4) // 48.9% (43.8)",
        "oppShotsAgainst": "47.5% (29.4) // 48.5% (30.4) // 49.2% (31.3) // 44.6% (28.2)",
        "oppScoringAgainst": "47.0% (28.5) // 46.0% (28.7) // 44.6% (27.5) // 42.3% (25.0)",
        "savesPerGame": 31.3,
        "savesPerGameLast1": 30.0,
        "savesPerGameLast3": 29.3,
        "savesPerGameLast5": 30.6,
        "savesPer60": 31.2,
        "savesPer60Last1": 29.5,
        "savesPer60Last3": 29.3,
        "savesPer60Last5": 30.8,
        "shotsPerGame": 29.7,
        "shotsPerGameLast5": 31.2,
        "shotsAgainstPerGame": 35.2,
        "shotsAgainstPerGameLast5": 36.8,
        "oppSavesAgainstPer60": 29.1,
        "oppSavesAgainstPer60Last1": 35.0,
        "oppSavesAgainstPer60Last3": 34.9,
        "oppSavesAgainstPer60Last5": 30.8,
        "oppShotsAgainstPerGame": 29.7,
        "oppShotsAgainstPerGameLast5": 31.8,
        "savesProj": 32.8,
        "savesProjLast5": 33.7,
        "savesProjLast3": 35.8,
        "oppSavesAgainstProj": 32.2,
        "oppSavesAgainstProjLast5": 34.2,
        "oppSavesAgainstProjLast3": 37.9,
        "totalOver": 35,
        "totalOverLast5": 40,
        "totalOverLast15": 40,
        "lastTotalOver": 37,
        "last5": "0,0,1,1,0,1,0,2,1,0",
        "overOdds": "+210",
        "underOdds": "0",
        "overUnder": "+210 / 0"
    },
    {
        "player": "Brad Marchand",
        "team": "BOS",
        "opponent": "CBJ",
        "propType": "sog",
        "line": 2.5,
        "ppLine": "PP1",
        "avg": 2.52,
        "hit": false,
        "diffAvg": 0.01,
        "diffAbs": 0.16,
        "lastAvg": 3.14,
        "diff": 0.26,
        "avgMin": 18,
        "proj": 2.9,
        "lastAvgMin": 19.25,
        "oppOver": 0,
        "teamOver": 0,
        "gameLine": "-450",
        "+/-": "+26",
        "L5_+/-": "+2.0",
        "prevMatchup": "2022-12-17 1.0 sog",
        "winLossSplits": "2.17 - 3.23",
        "awayHome": "H",
        "playedYesterday": "N",
        "awayHomeSplits": "2.85 - 2.19",
        "savesAboveExp": "-",
        "gsaa": "-",
        "corsi": "51.2% (57.9) // 50.6% (57.8) // 49.2% (57.6) // 51.9% (60.6)",
        "fenwick": "51.5% (43.7) // 49.5% (43.7) // 47.4% (42.7) // 51.1% (45.7)",
        "shots": "52.5% (32.5) // 51.5% (32.3) // 50.8% (32.3) // 55.4% (35.0)",
        "scoring": "53.0% (32.2) // 54.0% (33.7) // 55.4% (34.2) // 57.7% (34.1)",
        "corsiAgainst": "48.8% (55.1) // 49.4% (56.5) // 50.8% (59.6) // 48.1% (56.1)",
        "fenwickAgainst": "48.5% (41.1) // 50.5% (44.5) // 52.6% (47.4) // 48.9% (43.8)",
        "shotsAgainst": "47.5% (29.4) // 48.5% (30.4) // 49.2% (31.3) // 44.6% (28.2)",
        "scoringAgainst": "47.0% (28.5) // 46.0% (28.7) // 44.6% (27.5) // 42.3% (25.0)",
        "oppCorsi": "46.0% (55.6) // 47.7% (60.1) // 44.5% (53.2) // 43.8% (50.8)",
        "oppFenwick": "45.9% (41.4) // 47.8% (45.3) // 43.7% (39.4) // 43.0% (37.9)",
        "oppShots": "45.8% (29.5) // 48.6% (33.6) // 45.4% (29.3) // 43.0% (26.6)",
        "oppScoring": "45.3% (27.2) // 46.9% (32.1) // 44.5% (27.1) // 45.0% (27.2)",
        "oppCorsiAgainst": "54.0% (65.2) // 52.3% (66.0) // 55.5% (66.3) // 56.2% (65.1)",
        "oppFenwickAgainst": "54.1% (48.8) // 52.2% (49.4) // 56.3% (50.8) // 57.0% (50.1)",
        "oppShotsAgainst": "54.2% (34.9) // 51.4% (35.5) // 54.6% (35.3) // 57.0% (35.2)",
        "oppScoringAgainst": "54.7% (32.9) // 53.1% (36.5) // 55.5% (33.8) // 55.0% (33.2)",
        "savesPerGame": 27.6,
        "savesPerGameLast1": 21.0,
        "savesPerGameLast3": 27.0,
        "savesPerGameLast5": 30.0,
        "savesPer60": 27.8,
        "savesPer60Last1": 20.3,
        "savesPer60Last3": 27.4,
        "savesPer60Last5": 30.3,
        "shotsPerGame": 32.9,
        "shotsPerGameLast5": 32.8,
        "shotsAgainstPerGame": 29.7,
        "shotsAgainstPerGameLast5": 31.8,
        "oppSavesAgainstPer60": 27.1,
        "oppSavesAgainstPer60Last1": 27.9,
        "oppSavesAgainstPer60Last3": 23.9,
        "oppSavesAgainstPer60Last5": 27.7,
        "oppShotsAgainstPerGame": 35.2,
        "oppShotsAgainstPerGameLast5": 36.8,
        "savesProj": 24.1,
        "savesProjLast5": 26.8,
        "savesProjLast3": 20.8,
        "oppSavesAgainstProj": 26.3,
        "oppSavesAgainstProjLast5": 29.2,
        "oppSavesAgainstProjLast3": 22.0,
        "totalOver": 43,
        "totalOverLast5": 20,
        "totalOverLast15": 27,
        "lastTotalOver": 61,
        "last5": "1,3,1,2,0,1,1,6,4,0",
        "overOdds": "-110",
        "underOdds": "-120",
        "overUnder": "-110 / -120"
    },
    {
        "player": "Brad Marchand",
        "team": "BOS",
        "opponent": "CBJ",
        "propType": "pts",
        "line": 0.5,
        "ppLine": "PP1",
        "avg": 0.97,
        "hit": false,
        "diffAvg": 0.94,
        "diffAbs": 1.0,
        "lastAvg": 1.04,
        "diff": 1.08,
        "avgMin": 18,
        "proj": 1.0,
        "lastAvgMin": 19.25,
        "oppOver": 0,
        "teamOver": 0,
        "gameLine": "-450",
        "+/-": "+26",
        "L5_+/-": "+2.0",
        "prevMatchup": "2022-12-17 1.0 pts",
        "winLossSplits": "1.1 - 0.58",
        "awayHome": "H",
        "playedYesterday": "N",
        "awayHomeSplits": "0.91 - 1.03",
        "savesAboveExp": "-",
        "gsaa": "-",
        "corsi": "51.2% (57.9) // 50.6% (57.8) // 49.2% (57.6) // 51.9% (60.6)",
        "fenwick": "51.5% (43.7) // 49.5% (43.7) // 47.4% (42.7) // 51.1% (45.7)",
        "shots": "52.5% (32.5) // 51.5% (32.3) // 50.8% (32.3) // 55.4% (35.0)",
        "scoring": "53.0% (32.2) // 54.0% (33.7) // 55.4% (34.2) // 57.7% (34.1)",
        "corsiAgainst": "48.8% (55.1) // 49.4% (56.5) // 50.8% (59.6) // 48.1% (56.1)",
        "fenwickAgainst": "48.5% (41.1) // 50.5% (44.5) // 52.6% (47.4) // 48.9% (43.8)",
        "shotsAgainst": "47.5% (29.4) // 48.5% (30.4) // 49.2% (31.3) // 44.6% (28.2)",
        "scoringAgainst": "47.0% (28.5) // 46.0% (28.7) // 44.6% (27.5) // 42.3% (25.0)",
        "oppCorsi": "46.0% (55.6) // 47.7% (60.1) // 44.5% (53.2) // 43.8% (50.8)",
        "oppFenwick": "45.9% (41.4) // 47.8% (45.3) // 43.7% (39.4) // 43.0% (37.9)",
        "oppShots": "45.8% (29.5) // 48.6% (33.6) // 45.4% (29.3) // 43.0% (26.6)",
        "oppScoring": "45.3% (27.2) // 46.9% (32.1) // 44.5% (27.1) // 45.0% (27.2)",
        "oppCorsiAgainst": "54.0% (65.2) // 52.3% (66.0) // 55.5% (66.3) // 56.2% (65.1)",
        "oppFenwickAgainst": "54.1% (48.8) // 52.2% (49.4) // 56.3% (50.8) // 57.0% (50.1)",
        "oppShotsAgainst": "54.2% (34.9) // 51.4% (35.5) // 54.6% (35.3) // 57.0% (35.2)",
        "oppScoringAgainst": "54.7% (32.9) // 53.1% (36.5) // 55.5% (33.8) // 55.0% (33.2)",
        "savesPerGame": 27.6,
        "savesPerGameLast1": 21.0,
        "savesPerGameLast3": 27.0,
        "savesPerGameLast5": 30.0,
        "savesPer60": 27.8,
        "savesPer60Last1": 20.3,
        "savesPer60Last3": 27.4,
        "savesPer60Last5": 30.3,
        "shotsPerGame": 32.9,
        "shotsPerGameLast5": 32.8,
        "shotsAgainstPerGame": 29.7,
        "shotsAgainstPerGameLast5": 31.8,
        "oppSavesAgainstPer60": 27.1,
        "oppSavesAgainstPer60Last1": 27.9,
        "oppSavesAgainstPer60Last3": 23.9,
        "oppSavesAgainstPer60Last5": 27.7,
        "oppShotsAgainstPerGame": 35.2,
        "oppShotsAgainstPerGameLast5": 36.8,
        "savesProj": 24.1,
        "savesProjLast5": 26.8,
        "savesProjLast3": 20.8,
        "oppSavesAgainstProj": 26.3,
        "oppSavesAgainstProjLast5": 29.2,
        "oppSavesAgainstProjLast3": 22.0,
        "totalOver": 68,
        "totalOverLast5": 60,
        "totalOverLast15": 53,
        "lastTotalOver": 68,
        "last5": "0,1,0,1,2,3,0,1,0,0",
        "overOdds": "-235",
        "underOdds": "+190",
        "overUnder": "-235 / +190"
    },
    {
        "player": "Brad Marchand",
        "team": "BOS",
        "opponent": "CBJ",
        "propType": "ast",
        "line": 0.5,
        "ppLine": "PP1",
        "avg": 0.66,
        "hit": false,
        "diffAvg": 0.32,
        "diffAbs": 0.2,
        "lastAvg": 0.62,
        "diff": 0.24,
        "avgMin": 18,
        "proj": 0.6,
        "lastAvgMin": 19.25,
        "oppOver": 0,
        "teamOver": 0,
        "gameLine": "-450",
        "+/-": "+26",
        "L5_+/-": "+2.0",
        "prevMatchup": "2022-12-17 1.0 ast",
        "winLossSplits": "0.81 - 0.24",
        "awayHome": "H",
        "playedYesterday": "N",
        "awayHomeSplits": "0.58 - 0.75",
        "savesAboveExp": "-",
        "gsaa": "-",
        "corsi": "51.2% (57.9) // 50.6% (57.8) // 49.2% (57.6) // 51.9% (60.6)",
        "fenwick": "51.5% (43.7) // 49.5% (43.7) // 47.4% (42.7) // 51.1% (45.7)",
        "shots": "52.5% (32.5) // 51.5% (32.3) // 50.8% (32.3) // 55.4% (35.0)",
        "scoring": "53.0% (32.2) // 54.0% (33.7) // 55.4% (34.2) // 57.7% (34.1)",
        "corsiAgainst": "48.8% (55.1) // 49.4% (56.5) // 50.8% (59.6) // 48.1% (56.1)",
        "fenwickAgainst": "48.5% (41.1) // 50.5% (44.5) // 52.6% (47.4) // 48.9% (43.8)",
        "shotsAgainst": "47.5% (29.4) // 48.5% (30.4) // 49.2% (31.3) // 44.6% (28.2)",
        "scoringAgainst": "47.0% (28.5) // 46.0% (28.7) // 44.6% (27.5) // 42.3% (25.0)",
        "oppCorsi": "46.0% (55.6) // 47.7% (60.1) // 44.5% (53.2) // 43.8% (50.8)",
        "oppFenwick": "45.9% (41.4) // 47.8% (45.3) // 43.7% (39.4) // 43.0% (37.9)",
        "oppShots": "45.8% (29.5) // 48.6% (33.6) // 45.4% (29.3) // 43.0% (26.6)",
        "oppScoring": "45.3% (27.2) // 46.9% (32.1) // 44.5% (27.1) // 45.0% (27.2)",
        "oppCorsiAgainst": "54.0% (65.2) // 52.3% (66.0) // 55.5% (66.3) // 56.2% (65.1)",
        "oppFenwickAgainst": "54.1% (48.8) // 52.2% (49.4) // 56.3% (50.8) // 57.0% (50.1)",
        "oppShotsAgainst": "54.2% (34.9) // 51.4% (35.5) // 54.6% (35.3) // 57.0% (35.2)",
        "oppScoringAgainst": "54.7% (32.9) // 53.1% (36.5) // 55.5% (33.8) // 55.0% (33.2)",
        "savesPerGame": 27.6,
        "savesPerGameLast1": 21.0,
        "savesPerGameLast3": 27.0,
        "savesPerGameLast5": 30.0,
        "savesPer60": 27.8,
        "savesPer60Last1": 20.3,
        "savesPer60Last3": 27.4,
        "savesPer60Last5": 30.3,
        "shotsPerGame": 32.9,
        "shotsPerGameLast5": 32.8,
        "shotsAgainstPerGame": 29.7,
        "shotsAgainstPerGameLast5": 31.8,
        "oppSavesAgainstPer60": 27.1,
        "oppSavesAgainstPer60Last1": 27.9,
        "oppSavesAgainstPer60Last3": 23.9,
        "oppSavesAgainstPer60Last5": 27.7,
        "oppShotsAgainstPerGame": 35.2,
        "oppShotsAgainstPerGameLast5": 36.8,
        "savesProj": 24.1,
        "savesProjLast5": 26.8,
        "savesProjLast3": 20.8,
        "oppSavesAgainstProj": 26.3,
        "oppSavesAgainstProjLast5": 29.2,
        "oppSavesAgainstProjLast3": 22.0,
        "totalOver": 49,
        "totalOverLast5": 60,
        "totalOverLast15": 47,
        "lastTotalOver": 51,
        "last5": "0,1,0,1,2,3,0,1,0,0",
        "overOdds": "-125",
        "underOdds": "-105",
        "overUnder": "-125 / -105"
    },
    {
        "player": "Brad Marchand",
        "team": "BOS",
        "opponent": "CBJ",
        "propType": "g",
        "line": 0.5,
        "ppLine": "PP1",
        "avg": 0.31,
        "hit": false,
        "diffAvg": -0.38,
        "diffAbs": 0.2,
        "lastAvg": 0.42,
        "diff": -0.16,
        "avgMin": 18,
        "proj": 0.4,
        "lastAvgMin": 19.25,
        "oppOver": 0,
        "teamOver": 0,
        "gameLine": "-450",
        "+/-": "+26",
        "L5_+/-": "+2.0",
        "prevMatchup": "2022-12-17 0.0 g",
        "winLossSplits": "0.29 - 0.34",
        "awayHome": "H",
        "playedYesterday": "N",
        "awayHomeSplits": "0.33 - 0.28",
        "savesAboveExp": "-",
        "gsaa": "-",
        "corsi": "51.2% (57.9) // 50.6% (57.8) // 49.2% (57.6) // 51.9% (60.6)",
        "fenwick": "51.5% (43.7) // 49.5% (43.7) // 47.4% (42.7) // 51.1% (45.7)",
        "shots": "52.5% (32.5) // 51.5% (32.3) // 50.8% (32.3) // 55.4% (35.0)",
        "scoring": "53.0% (32.2) // 54.0% (33.7) // 55.4% (34.2) // 57.7% (34.1)",
        "corsiAgainst": "48.8% (55.1) // 49.4% (56.5) // 50.8% (59.6) // 48.1% (56.1)",
        "fenwickAgainst": "48.5% (41.1) // 50.5% (44.5) // 52.6% (47.4) // 48.9% (43.8)",
        "shotsAgainst": "47.5% (29.4) // 48.5% (30.4) // 49.2% (31.3) // 44.6% (28.2)",
        "scoringAgainst": "47.0% (28.5) // 46.0% (28.7) // 44.6% (27.5) // 42.3% (25.0)",
        "oppCorsi": "46.0% (55.6) // 47.7% (60.1) // 44.5% (53.2) // 43.8% (50.8)",
        "oppFenwick": "45.9% (41.4) // 47.8% (45.3) // 43.7% (39.4) // 43.0% (37.9)",
        "oppShots": "45.8% (29.5) // 48.6% (33.6) // 45.4% (29.3) // 43.0% (26.6)",
        "oppScoring": "45.3% (27.2) // 46.9% (32.1) // 44.5% (27.1) // 45.0% (27.2)",
        "oppCorsiAgainst": "54.0% (65.2) // 52.3% (66.0) // 55.5% (66.3) // 56.2% (65.1)",
        "oppFenwickAgainst": "54.1% (48.8) // 52.2% (49.4) // 56.3% (50.8) // 57.0% (50.1)",
        "oppShotsAgainst": "54.2% (34.9) // 51.4% (35.5) // 54.6% (35.3) // 57.0% (35.2)",
        "oppScoringAgainst": "54.7% (32.9) // 53.1% (36.5) // 55.5% (33.8) // 55.0% (33.2)",
        "savesPerGame": 27.6,
        "savesPerGameLast1": 21.0,
        "savesPerGameLast3": 27.0,
        "savesPerGameLast5": 30.0,
        "savesPer60": 27.8,
        "savesPer60Last1": 20.3,
        "savesPer60Last3": 27.4,
        "savesPer60Last5": 30.3,
        "shotsPerGame": 32.9,
        "shotsPerGameLast5": 32.8,
        "shotsAgainstPerGame": 29.7,
        "shotsAgainstPerGameLast5": 31.8,
        "oppSavesAgainstPer60": 27.1,
        "oppSavesAgainstPer60Last1": 27.9,
        "oppSavesAgainstPer60Last3": 23.9,
        "oppSavesAgainstPer60Last5": 27.7,
        "oppShotsAgainstPerGame": 35.2,
        "oppShotsAgainstPerGameLast5": 36.8,
        "savesProj": 24.1,
        "savesProjLast5": 26.8,
        "savesProjLast3": 20.8,
        "oppSavesAgainstProj": 26.3,
        "oppSavesAgainstProjLast5": 29.2,
        "oppSavesAgainstProjLast3": 22.0,
        "totalOver": 29,
        "totalOverLast5": 0,
        "totalOverLast15": 7,
        "lastTotalOver": 35,
        "last5": "0,0,0,0,0,0,0,0,0,0",
        "overOdds": "+125",
        "underOdds": "0",
        "overUnder": "+125 / 0"
    },
    {
        "player": "David Pastrnak",
        "team": "BOS",
        "opponent": "CBJ",
        "propType": "sog",
        "line": 4.5,
        "ppLine": "PP1",
        "avg": 4.84,
        "hit": false,
        "diffAvg": 0.08,
        "diffAbs": 0.11,
        "lastAvg": 3.95,
        "diff": -0.12,
        "avgMin": 19,
        "proj": 4.0,
        "lastAvgMin": 18.6,
        "oppOver": 0,
        "teamOver": 0,
        "gameLine": "-450",
        "+/-": "+32",
        "L5_+/-": "+2.0",
        "prevMatchup": "2022-12-17 5.0 sog 2022-10-28 6.0 sog",
        "winLossSplits": "4.73 - 4.48",
        "awayHome": "H",
        "playedYesterday": "N",
        "awayHomeSplits": "4.68 - 5.0",
        "savesAboveExp": "-",
        "gsaa": "-",
        "corsi": "51.2% (57.9) // 50.6% (57.8) // 49.2% (57.6) // 51.9% (60.6)",
        "fenwick": "51.5% (43.7) // 49.5% (43.7) // 47.4% (42.7) // 51.1% (45.7)",
        "shots": "52.5% (32.5) // 51.5% (32.3) // 50.8% (32.3) // 55.4% (35.0)",
        "scoring": "53.0% (32.2) // 54.0% (33.7) // 55.4% (34.2) // 57.7% (34.1)",
