[
    {
        "player": "Aaron Ekblad",
        "team": "FLA",
        "opponent": "BOS",
        "propType": "sog",
        "line": 2.5,
        "ppLine": "PP2",
        "avg": 2.97,
        "hit": false,
        "diffAvg": 0.19,
        "diffAbs": 0.08,
        "lastAvg": 2.54,
        "diff": 0.02,
        "avgMin": 23,
        "proj": 2.3,
        "lastAvgMin": 24.92,
        "oppOver": 0,
        "teamOver": 0,
        "gameLine": "+195",
        "+/-": -10,
        "L5_+/-": "+3.0",
        "prevMatchup": "2023-04-28 2.0 sog 2023-04-26 0.0 sog 2023-04-21 0.0 sog 2023-04-19 2.0 sog 2023-04-17 4.0 sog 2023-01-28 5.0 sog 2022-12-19 6.0 sog 2022-11-23 2.0 sog 2022-10-17 2.0 sog",
        "winLossSplits": "54% - 57%",
        "awayHome": "A",
        "playedYesterday": "N",
        "awayHomeSplits": "42% - 68%",
        "savesAboveExp": 0.892,
        "gsaa": 48.51,
        "corsi": "54.2% (66.3) // 52.5% (66.0) // 54.2% (66.3) // 54.2% (66.3)",
        "fenwick": "53.6% (49.9) // 52.0% (49.3) // 53.6% (49.9) // 53.6% (49.9)",
        "shots": "53.7% (36.5) // 51.9% (35.5) // 53.7% (36.5) // 53.7% (36.5)",
        "scoring": "54.6% (34.8) // 53.4% (34.0) // 54.6% (34.8) // 54.6% (34.8)",
        "corsiAgainst": "45.8% (56.1) // 47.5% (59.7) // 45.8% (56.1) // 45.8% (56.1)",
        "fenwickAgainst": "46.4% (43.2) // 48.0% (45.5) // 46.4% (43.2) // 46.4% (43.2)",
        "shotsAgainst": "46.3% (31.5) // 48.1% (33.0) // 46.3% (31.5) // 46.3% (31.5)",
        "scoringAgainst": "45.4% (28.9) // 46.6% (29.7) // 45.4% (28.9) // 45.4% (28.9)",
        "oppCorsi": "51.4% (58.2) // 52.6% (61.3) // 51.4% (58.2) // 51.4% (58.2)",
        "oppFenwick": "51.6% (44.0) // 52.5% (46.9) // 51.6% (44.0) // 51.6% (44.0)",
        "oppShots": "52.5% (32.6) // 52.7% (33.6) // 52.5% (32.6) // 52.5% (32.6)",
        "oppScoring": "53.0% (32.2) // 53.2% (32.5) // 53.0% (32.2) // 53.0% (32.2)",
        "oppCorsiAgainst": "48.6% (55.0) // 47.4% (55.1) // 48.6% (55.0) // 48.6% (55.0)",
        "oppFenwickAgainst": "48.4% (41.2) // 47.5% (42.4) // 48.4% (41.2) // 48.4% (41.2)",
        "oppShotsAgainst": "47.5% (29.5) // 47.3% (30.1) // 47.5% (29.5) // 47.5% (29.5)",
        "oppScoringAgainst": "47.0% (28.6) // 46.8% (28.6) // 47.0% (28.6) // 47.0% (28.6)",
        "savesPerGame": 28.4,
        "savesPerGameLast1": 29.0,
        "savesPerGameLast3": 32.7,
        "savesPerGameLast5": 32.6,
        "savesPer60": 30.3,
        "savesPer60Last1": 29.0,
        "savesPer60Last3": 33.2,
        "savesPer60Last5": 32.6,
        "shotsPerGame": 36.8,
        "shotsPerGameLast5": 32.6,
        "shotsAgainstPerGame": 31.7,
        "shotsAgainstPerGameLast5": 36.8,
        "oppSavesAgainstPer60": 31.4,
        "oppSavesAgainstPer60Last1": 29.0,
        "oppSavesAgainstPer60Last3": 33.5,
        "oppSavesAgainstPer60Last5": 33.1,
        "oppShotsAgainstPerGame": 29.8,
        "oppShotsAgainstPerGameLast5": 32.6,
        "savesProj": 29.7,
        "savesProjLast5": 35.4,
        "savesProjLast3": 36.2,
        "oppSavesAgainstProj": 30.8,
        "oppSavesAgainstProjLast5": 34.4,
        "oppSavesAgainstProjLast3": 34.8,
        "totalOver": 55,
        "totalOverLast5": 20,
        "totalOverLast15": 53,
        "lastTotalOver": 56,
        "last5": "2,0,0,2,4,4,3,3,1,4",
        "overOdds": "+105",
        "underOdds": "-135",
        "overUnder": "+105 / -135"
    },
    {
        "player": "Aaron Ekblad",
        "team": "FLA",
        "opponent": "BOS",
        "propType": "pts",
        "line": 0.5,
        "ppLine": "PP2",
        "avg": 0.5,
        "hit": false,
        "diffAvg": 0.0,
        "diffAbs": 0.4,
        "lastAvg": 0.8,
        "diff": 0.6,
        "avgMin": 23,
        "proj": 0.7,
        "lastAvgMin": 24.92,
        "oppOver": 0,
        "teamOver": 0,
        "gameLine": "+195",
        "+/-": -10,
        "L5_+/-": "+3.0",
        "prevMatchup": "2023-04-28 0.0 pts 2023-04-26 0.0 pts 2023-04-21 0.0 pts 2023-04-19 0.0 pts 2023-04-17 0.0 pts 2023-01-28 1.0 pts 2022-12-19 0.0 pts 2022-11-23 3.0 pts 2022-10-17 0.0 pts",
        "winLossSplits": "46% - 27%",
        "awayHome": "A",
        "playedYesterday": "N",
        "awayHomeSplits": "39% - 34%",
        "savesAboveExp": 0.892,
        "gsaa": 48.51,
        "corsi": "54.2% (66.3) // 52.5% (66.0) // 54.2% (66.3) // 54.2% (66.3)",
        "fenwick": "53.6% (49.9) // 52.0% (49.3) // 53.6% (49.9) // 53.6% (49.9)",
        "shots": "53.7% (36.5) // 51.9% (35.5) // 53.7% (36.5) // 53.7% (36.5)",
        "scoring": "54.6% (34.8) // 53.4% (34.0) // 54.6% (34.8) // 54.6% (34.8)",
        "corsiAgainst": "45.8% (56.1) // 47.5% (59.7) // 45.8% (56.1) // 45.8% (56.1)",
        "fenwickAgainst": "46.4% (43.2) // 48.0% (45.5) // 46.4% (43.2) // 46.4% (43.2)",
        "shotsAgainst": "46.3% (31.5) // 48.1% (33.0) // 46.3% (31.5) // 46.3% (31.5)",
        "scoringAgainst": "45.4% (28.9) // 46.6% (29.7) // 45.4% (28.9) // 45.4% (28.9)",
        "oppCorsi": "51.4% (58.2) // 52.6% (61.3) // 51.4% (58.2) // 51.4% (58.2)",
        "oppFenwick": "51.6% (44.0) // 52.5% (46.9) // 51.6% (44.0) // 51.6% (44.0)",
        "oppShots": "52.5% (32.6) // 52.7% (33.6) // 52.5% (32.6) // 52.5% (32.6)",
        "oppScoring": "53.0% (32.2) // 53.2% (32.5) // 53.0% (32.2) // 53.0% (32.2)",
        "oppCorsiAgainst": "48.6% (55.0) // 47.4% (55.1) // 48.6% (55.0) // 48.6% (55.0)",
        "oppFenwickAgainst": "48.4% (41.2) // 47.5% (42.4) // 48.4% (41.2) // 48.4% (41.2)",
        "oppShotsAgainst": "47.5% (29.5) // 47.3% (30.1) // 47.5% (29.5) // 47.5% (29.5)",
        "oppScoringAgainst": "47.0% (28.6) // 46.8% (28.6) // 47.0% (28.6) // 47.0% (28.6)",
        "savesPerGame": 28.4,
        "savesPerGameLast1": 29.0,
        "savesPerGameLast3": 32.7,
        "savesPerGameLast5": 32.6,
        "savesPer60": 30.3,
        "savesPer60Last1": 29.0,
        "savesPer60Last3": 33.2,
        "savesPer60Last5": 32.6,
        "shotsPerGame": 36.8,
        "shotsPerGameLast5": 32.6,
        "shotsAgainstPerGame": 31.7,
        "shotsAgainstPerGameLast5": 36.8,
        "oppSavesAgainstPer60": 31.4,
        "oppSavesAgainstPer60Last1": 29.0,
        "oppSavesAgainstPer60Last3": 33.5,
        "oppSavesAgainstPer60Last5": 33.1,
        "oppShotsAgainstPerGame": 29.8,
        "oppShotsAgainstPerGameLast5": 32.6,
        "savesProj": 29.7,
        "savesProjLast5": 35.4,
        "savesProjLast3": 36.2,
        "oppSavesAgainstProj": 30.8,
        "oppSavesAgainstProjLast5": 34.4,
        "oppSavesAgainstProjLast3": 34.8,
        "totalOver": 37,
        "totalOverLast5": 0,
        "totalOverLast15": 47,
        "lastTotalOver": 53,
        "last5": "0,0,0,0,0,0,0,1,2,1",
        "overOdds": "+145",
        "underOdds": "-180",
        "overUnder": "+145 / -180"
    },
    {
        "player": "Aaron Ekblad",
        "team": "FLA",
        "opponent": "BOS",
        "propType": "ast",
        "line": 0.5,
        "ppLine": "PP2",
        "avg": 0.32,
        "hit": false,
        "diffAvg": -0.36,
        "diffAbs": 0.0,
        "lastAvg": 0.59,
        "diff": 0.18,
        "avgMin": 23,
        "proj": 0.5,
        "lastAvgMin": 24.92,
        "oppOver": 0,
        "teamOver": 0,
        "gameLine": "+195",
        "+/-": -10,
        "L5_+/-": "+3.0",
        "prevMatchup": "2023-04-28 0.0 ast 2023-04-26 0.0 ast 2023-04-21 0.0 ast 2023-04-19 0.0 ast 2023-04-17 0.0 ast 2023-01-28 1.0 ast 2022-12-19 0.0 ast 2022-11-23 2.0 ast 2022-10-17 0.0 ast",
        "winLossSplits": "31% - 19%",
        "awayHome": "A",
        "playedYesterday": "N",
        "awayHomeSplits": "29% - 21%",
        "savesAboveExp": 0.892,
        "gsaa": 48.51,
        "corsi": "54.2% (66.3) // 52.5% (66.0) // 54.2% (66.3) // 54.2% (66.3)",
        "fenwick": "53.6% (49.9) // 52.0% (49.3) // 53.6% (49.9) // 53.6% (49.9)",
        "shots": "53.7% (36.5) // 51.9% (35.5) // 53.7% (36.5) // 53.7% (36.5)",
        "scoring": "54.6% (34.8) // 53.4% (34.0) // 54.6% (34.8) // 54.6% (34.8)",
        "corsiAgainst": "45.8% (56.1) // 47.5% (59.7) // 45.8% (56.1) // 45.8% (56.1)",
        "fenwickAgainst": "46.4% (43.2) // 48.0% (45.5) // 46.4% (43.2) // 46.4% (43.2)",
        "shotsAgainst": "46.3% (31.5) // 48.1% (33.0) // 46.3% (31.5) // 46.3% (31.5)",
        "scoringAgainst": "45.4% (28.9) // 46.6% (29.7) // 45.4% (28.9) // 45.4% (28.9)",
        "oppCorsi": "51.4% (58.2) // 52.6% (61.3) // 51.4% (58.2) // 51.4% (58.2)",
        "oppFenwick": "51.6% (44.0) // 52.5% (46.9) // 51.6% (44.0) // 51.6% (44.0)",
        "oppShots": "52.5% (32.6) // 52.7% (33.6) // 52.5% (32.6) // 52.5% (32.6)",
        "oppScoring": "53.0% (32.2) // 53.2% (32.5) // 53.0% (32.2) // 53.0% (32.2)",
        "oppCorsiAgainst": "48.6% (55.0) // 47.4% (55.1) // 48.6% (55.0) // 48.6% (55.0)",
        "oppFenwickAgainst": "48.4% (41.2) // 47.5% (42.4) // 48.4% (41.2) // 48.4% (41.2)",
        "oppShotsAgainst": "47.5% (29.5) // 47.3% (30.1) // 47.5% (29.5) // 47.5% (29.5)",
        "oppScoringAgainst": "47.0% (28.6) // 46.8% (28.6) // 47.0% (28.6) // 47.0% (28.6)",
        "savesPerGame": 28.4,
        "savesPerGameLast1": 29.0,
        "savesPerGameLast3": 32.7,
        "savesPerGameLast5": 32.6,
        "savesPer60": 30.3,
        "savesPer60Last1": 29.0,
        "savesPer60Last3": 33.2,
        "savesPer60Last5": 32.6,
        "shotsPerGame": 36.8,
        "shotsPerGameLast5": 32.6,
        "shotsAgainstPerGame": 31.7,
        "shotsAgainstPerGameLast5": 36.8,
        "oppSavesAgainstPer60": 31.4,
        "oppSavesAgainstPer60Last1": 29.0,
        "oppSavesAgainstPer60Last3": 33.5,
        "oppSavesAgainstPer60Last5": 33.1,
        "oppShotsAgainstPerGame": 29.8,
        "oppShotsAgainstPerGameLast5": 32.6,
        "savesProj": 29.7,
        "savesProjLast5": 35.4,
        "savesProjLast3": 36.2,
        "oppSavesAgainstProj": 30.8,
        "oppSavesAgainstProjLast5": 34.4,
        "oppSavesAgainstProjLast3": 34.8,
        "totalOver": 25,
        "totalOverLast5": 0,
        "totalOverLast15": 33,
        "lastTotalOver": 41,
        "last5": "0,0,0,0,0,0,0,0,2,0",
        "overOdds": "+210",
        "underOdds": "-265",
        "overUnder": "+210 / -265"
    },
    {
        "player": "Aaron Ekblad",
        "team": "FLA",
        "opponent": "BOS",
        "propType": "g",
        "line": 0.5,
        "ppLine": "PP2",
        "avg": 0.18,
        "hit": false,
        "diffAvg": -0.64,
        "diffAbs": 0.6,
        "lastAvg": 0.21,
        "diff": -0.58,
        "avgMin": 23,
        "proj": 0.2,
        "lastAvgMin": 24.92,
        "oppOver": 0,
        "teamOver": 0,
        "gameLine": "+195",
        "+/-": -10,
        "L5_+/-": "+3.0",
        "prevMatchup": "2023-04-28 0.0 g 2023-04-26 0.0 g 2023-04-21 0.0 g 2023-04-19 0.0 g 2023-04-17 0.0 g 2023-01-28 0.0 g 2022-12-19 0.0 g 2022-11-23 1.0 g 2022-10-17 0.0 g",
        "winLossSplits": "21% - 11%",
        "awayHome": "A",
        "playedYesterday": "N",
        "awayHomeSplits": "13% - 18%",
        "savesAboveExp": 0.892,
        "gsaa": 48.51,
        "corsi": "54.2% (66.3) // 52.5% (66.0) // 54.2% (66.3) // 54.2% (66.3)",
        "fenwick": "53.6% (49.9) // 52.0% (49.3) // 53.6% (49.9) // 53.6% (49.9)",
        "shots": "53.7% (36.5) // 51.9% (35.5) // 53.7% (36.5) // 53.7% (36.5)",
        "scoring": "54.6% (34.8) // 53.4% (34.0) // 54.6% (34.8) // 54.6% (34.8)",
        "corsiAgainst": "45.8% (56.1) // 47.5% (59.7) // 45.8% (56.1) // 45.8% (56.1)",
        "fenwickAgainst": "46.4% (43.2) // 48.0% (45.5) // 46.4% (43.2) // 46.4% (43.2)",
        "shotsAgainst": "46.3% (31.5) // 48.1% (33.0) // 46.3% (31.5) // 46.3% (31.5)",
        "scoringAgainst": "45.4% (28.9) // 46.6% (29.7) // 45.4% (28.9) // 45.4% (28.9)",
        "oppCorsi": "51.4% (58.2) // 52.6% (61.3) // 51.4% (58.2) // 51.4% (58.2)",
        "oppFenwick": "51.6% (44.0) // 52.5% (46.9) // 51.6% (44.0) // 51.6% (44.0)",
        "oppShots": "52.5% (32.6) // 52.7% (33.6) // 52.5% (32.6) // 52.5% (32.6)",
        "oppScoring": "53.0% (32.2) // 53.2% (32.5) // 53.0% (32.2) // 53.0% (32.2)",
        "oppCorsiAgainst": "48.6% (55.0) // 47.4% (55.1) // 48.6% (55.0) // 48.6% (55.0)",
        "oppFenwickAgainst": "48.4% (41.2) // 47.5% (42.4) // 48.4% (41.2) // 48.4% (41.2)",
        "oppShotsAgainst": "47.5% (29.5) // 47.3% (30.1) // 47.5% (29.5) // 47.5% (29.5)",
        "oppScoringAgainst": "47.0% (28.6) // 46.8% (28.6) // 47.0% (28.6) // 47.0% (28.6)",
        "savesPerGame": 28.4,
        "savesPerGameLast1": 29.0,
        "savesPerGameLast3": 32.7,
        "savesPerGameLast5": 32.6,
        "savesPer60": 30.3,
        "savesPer60Last1": 29.0,
        "savesPer60Last3": 33.2,
        "savesPer60Last5": 32.6,
        "shotsPerGame": 36.8,
        "shotsPerGameLast5": 32.6,
        "shotsAgainstPerGame": 31.7,
        "shotsAgainstPerGameLast5": 36.8,
        "oppSavesAgainstPer60": 31.4,
        "oppSavesAgainstPer60Last1": 29.0,
        "oppSavesAgainstPer60Last3": 33.5,
        "oppSavesAgainstPer60Last5": 33.1,
        "oppShotsAgainstPerGame": 29.8,
        "oppShotsAgainstPerGameLast5": 32.6,
        "savesProj": 29.7,
        "savesProjLast5": 35.4,
        "savesProjLast3": 36.2,
        "oppSavesAgainstProj": 30.8,
        "oppSavesAgainstProjLast5": 34.4,
        "oppSavesAgainstProjLast3": 34.8,
        "totalOver": 16,
        "totalOverLast5": 0,
        "totalOverLast15": 13,
        "lastTotalOver": 20,
        "last5": "0,0,0,0,0,0,0,1,0,1",
        "overOdds": "+475",
        "underOdds": "0",
        "overUnder": "+475 / 0"
    },
    {
        "player": "Aleksander Barkov",
        "team": "FLA",
        "opponent": "BOS",
        "propType": "sog",
        "line": 2.5,
        "ppLine": "PP1",
        "avg": 3.04,
        "hit": false,
        "diffAvg": 0.22,
        "diffAbs": 0.16,
        "lastAvg": 2.78,
        "diff": 0.11,
        "avgMin": 21,
        "proj": 2.9,
        "lastAvgMin": 20.3,
        "oppOver": 0,
        "teamOver": 0,
        "gameLine": "+195",
        "+/-": "+10",
        "L5_+/-": "+1.0",
        "prevMatchup": "2023-04-28 2.0 sog 2023-04-26 2.0 sog 2023-04-23 7.0 sog 2023-04-21 3.0 sog 2023-04-19 1.0 sog 2023-04-17 0.0 sog 2023-01-28 4.0 sog 2022-11-23 5.0 sog 2022-10-17 2.0 sog",
        "winLossSplits": "56% - 52%",
        "awayHome": "A",
        "playedYesterday": "N",
        "awayHomeSplits": "39% - 68%",
        "savesAboveExp": 0.892,
        "gsaa": 48.51,
        "corsi": "54.2% (66.3) // 52.5% (66.0) // 54.2% (66.3) // 54.2% (66.3)",
        "fenwick": "53.6% (49.9) // 52.0% (49.3) // 53.6% (49.9) // 53.6% (49.9)",
        "shots": "53.7% (36.5) // 51.9% (35.5) // 53.7% (36.5) // 53.7% (36.5)",
        "scoring": "54.6% (34.8) // 53.4% (34.0) // 54.6% (34.8) // 54.6% (34.8)",
        "corsiAgainst": "45.8% (56.1) // 47.5% (59.7) // 45.8% (56.1) // 45.8% (56.1)",
        "fenwickAgainst": "46.4% (43.2) // 48.0% (45.5) // 46.4% (43.2) // 46.4% (43.2)",
        "shotsAgainst": "46.3% (31.5) // 48.1% (33.0) // 46.3% (31.5) // 46.3% (31.5)",
        "scoringAgainst": "45.4% (28.9) // 46.6% (29.7) // 45.4% (28.9) // 45.4% (28.9)",
        "oppCorsi": "51.4% (58.2) // 52.6% (61.3) // 51.4% (58.2) // 51.4% (58.2)",
        "oppFenwick": "51.6% (44.0) // 52.5% (46.9) // 51.6% (44.0) // 51.6% (44.0)",
        "oppShots": "52.5% (32.6) // 52.7% (33.6) // 52.5% (32.6) // 52.5% (32.6)",
        "oppScoring": "53.0% (32.2) // 53.2% (32.5) // 53.0% (32.2) // 53.0% (32.2)",
        "oppCorsiAgainst": "48.6% (55.0) // 47.4% (55.1) // 48.6% (55.0) // 48.6% (55.0)",
        "oppFenwickAgainst": "48.4% (41.2) // 47.5% (42.4) // 48.4% (41.2) // 48.4% (41.2)",
        "oppShotsAgainst": "47.5% (29.5) // 47.3% (30.1) // 47.5% (29.5) // 47.5% (29.5)",
        "oppScoringAgainst": "47.0% (28.6) // 46.8% (28.6) // 47.0% (28.6) // 47.0% (28.6)",
        "savesPerGame": 28.4,
        "savesPerGameLast1": 29.0,
        "savesPerGameLast3": 32.7,
        "savesPerGameLast5": 32.6,
        "savesPer60": 30.3,
        "savesPer60Last1": 29.0,
        "savesPer60Last3": 33.2,
        "savesPer60Last5": 32.6,
        "shotsPerGame": 36.8,
        "shotsPerGameLast5": 32.6,
        "shotsAgainstPerGame": 31.7,
        "shotsAgainstPerGameLast5": 36.8,
        "oppSavesAgainstPer60": 31.4,
        "oppSavesAgainstPer60Last1": 29.0,
        "oppSavesAgainstPer60Last3": 33.5,
        "oppSavesAgainstPer60Last5": 33.1,
        "oppShotsAgainstPerGame": 29.8,
        "oppShotsAgainstPerGameLast5": 32.6,
        "savesProj": 29.7,
        "savesProjLast5": 35.4,
        "savesProjLast3": 36.2,
        "oppSavesAgainstProj": 30.8,
        "oppSavesAgainstProjLast5": 34.4,
        "oppSavesAgainstProjLast3": 34.8,
        "totalOver": 54,
        "totalOverLast5": 40,
        "totalOverLast15": 40,
        "lastTotalOver": 66,
        "last5": "2,2,7,3,1,0,5,2,3,4",
        "overOdds": "-135",
        "underOdds": "+105",
        "overUnder": "-135 / +105"
    },
    {
        "player": "Aleksander Barkov",
        "team": "FLA",
        "opponent": "BOS",
        "propType": "pts",
        "line": 0.5,
        "ppLine": "PP1",
        "avg": 1.12,
        "hit": false,
        "diffAvg": 1.24,
        "diffAbs": 1.4,
        "lastAvg": 1.14,
        "diff": 1.28,
        "avgMin": 21,
        "proj": 1.2,
        "lastAvgMin": 20.3,
        "oppOver": 0,
        "teamOver": 0,
        "gameLine": "+195",
        "+/-": "+10",
        "L5_+/-": "+1.0",
        "prevMatchup": "2023-04-28 2.0 pts 2023-04-26 1.0 pts 2023-04-23 0.0 pts 2023-04-21 1.0 pts 2023-04-19 1.0 pts 2023-04-17 0.0 pts 2023-01-28 3.0 pts 2022-11-23 3.0 pts 2022-10-17 0.0 pts",
        "winLossSplits": "85% - 48%",
        "awayHome": "A",
        "playedYesterday": "N",
        "awayHomeSplits": "64% - 74%",
        "savesAboveExp": 0.892,
        "gsaa": 48.51,
        "corsi": "54.2% (66.3) // 52.5% (66.0) // 54.2% (66.3) // 54.2% (66.3)",
        "fenwick": "53.6% (49.9) // 52.0% (49.3) // 53.6% (49.9) // 53.6% (49.9)",
        "shots": "53.7% (36.5) // 51.9% (35.5) // 53.7% (36.5) // 53.7% (36.5)",
        "scoring": "54.6% (34.8) // 53.4% (34.0) // 54.6% (34.8) // 54.6% (34.8)",
        "corsiAgainst": "45.8% (56.1) // 47.5% (59.7) // 45.8% (56.1) // 45.8% (56.1)",
        "fenwickAgainst": "46.4% (43.2) // 48.0% (45.5) // 46.4% (43.2) // 46.4% (43.2)",
        "shotsAgainst": "46.3% (31.5) // 48.1% (33.0) // 46.3% (31.5) // 46.3% (31.5)",
        "scoringAgainst": "45.4% (28.9) // 46.6% (29.7) // 45.4% (28.9) // 45.4% (28.9)",
        "oppCorsi": "51.4% (58.2) // 52.6% (61.3) // 51.4% (58.2) // 51.4% (58.2)",
        "oppFenwick": "51.6% (44.0) // 52.5% (46.9) // 51.6% (44.0) // 51.6% (44.0)",
        "oppShots": "52.5% (32.6) // 52.7% (33.6) // 52.5% (32.6) // 52.5% (32.6)",
        "oppScoring": "53.0% (32.2) // 53.2% (32.5) // 53.0% (32.2) // 53.0% (32.2)",
        "oppCorsiAgainst": "48.6% (55.0) // 47.4% (55.1) // 48.6% (55.0) // 48.6% (55.0)",
        "oppFenwickAgainst": "48.4% (41.2) // 47.5% (42.4) // 48.4% (41.2) // 48.4% (41.2)",
        "oppShotsAgainst": "47.5% (29.5) // 47.3% (30.1) // 47.5% (29.5) // 47.5% (29.5)",
        "oppScoringAgainst": "47.0% (28.6) // 46.8% (28.6) // 47.0% (28.6) // 47.0% (28.6)",
        "savesPerGame": 28.4,
        "savesPerGameLast1": 29.0,
        "savesPerGameLast3": 32.7,
        "savesPerGameLast5": 32.6,
        "savesPer60": 30.3,
        "savesPer60Last1": 29.0,
        "savesPer60Last3": 33.2,
        "savesPer60Last5": 32.6,
        "shotsPerGame": 36.8,
        "shotsPerGameLast5": 32.6,
        "shotsAgainstPerGame": 31.7,
        "shotsAgainstPerGameLast5": 36.8,
        "oppSavesAgainstPer60": 31.4,
        "oppSavesAgainstPer60Last1": 29.0,
        "oppSavesAgainstPer60Last3": 33.5,
        "oppSavesAgainstPer60Last5": 33.1,
        "oppShotsAgainstPerGame": 29.8,
        "oppShotsAgainstPerGameLast5": 32.6,
        "savesProj": 29.7,
        "savesProjLast5": 35.4,
        "savesProjLast3": 36.2,
        "oppSavesAgainstProj": 30.8,
        "oppSavesAgainstProjLast5": 34.4,
        "oppSavesAgainstProjLast3": 34.8,
        "totalOver": 69,
        "totalOverLast5": 80,
        "totalOverLast15": 73,
        "lastTotalOver": 74,
        "last5": "2,1,0,1,1,0,1,0,2,3",
        "overOdds": "-220",
        "underOdds": "+180",
        "overUnder": "-220 / +180"
    },
    {
        "player": "Aleksander Barkov",
        "team": "FLA",
        "opponent": "BOS",
        "propType": "ast",
        "line": 0.5,
        "ppLine": "PP1",
        "avg": 0.8,
        "hit": false,
        "diffAvg": 0.6,
        "diffAbs": 0.4,
        "lastAvg": 0.64,
        "diff": 0.28,
        "avgMin": 21,
        "proj": 0.7,
        "lastAvgMin": 20.3,
        "oppOver": 0,
        "teamOver": 0,
        "gameLine": "+195",
        "+/-": "+10",
        "L5_+/-": "+1.0",
        "prevMatchup": "2023-04-28 1.0 ast 2023-04-26 1.0 ast 2023-04-23 0.0 ast 2023-04-21 1.0 ast 2023-04-19 1.0 ast 2023-04-17 0.0 ast 2023-01-28 2.0 ast 2022-11-23 2.0 ast 2022-10-17 0.0 ast",
        "winLossSplits": "73% - 36%",
        "awayHome": "A",
        "playedYesterday": "N",
        "awayHomeSplits": "56% - 58%",
        "savesAboveExp": 0.892,
        "gsaa": 48.51,
        "corsi": "54.2% (66.3) // 52.5% (66.0) // 54.2% (66.3) // 54.2% (66.3)",
        "fenwick": "53.6% (49.9) // 52.0% (49.3) // 53.6% (49.9) // 53.6% (49.9)",
        "shots": "53.7% (36.5) // 51.9% (35.5) // 53.7% (36.5) // 53.7% (36.5)",
        "scoring": "54.6% (34.8) // 53.4% (34.0) // 54.6% (34.8) // 54.6% (34.8)",
        "corsiAgainst": "45.8% (56.1) // 47.5% (59.7) // 45.8% (56.1) // 45.8% (56.1)",
        "fenwickAgainst": "46.4% (43.2) // 48.0% (45.5) // 46.4% (43.2) // 46.4% (43.2)",
        "shotsAgainst": "46.3% (31.5) // 48.1% (33.0) // 46.3% (31.5) // 46.3% (31.5)",
        "scoringAgainst": "45.4% (28.9) // 46.6% (29.7) // 45.4% (28.9) // 45.4% (28.9)",
        "oppCorsi": "51.4% (58.2) // 52.6% (61.3) // 51.4% (58.2) // 51.4% (58.2)",
        "oppFenwick": "51.6% (44.0) // 52.5% (46.9) // 51.6% (44.0) // 51.6% (44.0)",
        "oppShots": "52.5% (32.6) // 52.7% (33.6) // 52.5% (32.6) // 52.5% (32.6)",
        "oppScoring": "53.0% (32.2) // 53.2% (32.5) // 53.0% (32.2) // 53.0% (32.2)",
        "oppCorsiAgainst": "48.6% (55.0) // 47.4% (55.1) // 48.6% (55.0) // 48.6% (55.0)",
        "oppFenwickAgainst": "48.4% (41.2) // 47.5% (42.4) // 48.4% (41.2) // 48.4% (41.2)",
        "oppShotsAgainst": "47.5% (29.5) // 47.3% (30.1) // 47.5% (29.5) // 47.5% (29.5)",
        "oppScoringAgainst": "47.0% (28.6) // 46.8% (28.6) // 47.0% (28.6) // 47.0% (28.6)",
        "savesPerGame": 28.4,
        "savesPerGameLast1": 29.0,
        "savesPerGameLast3": 32.7,
        "savesPerGameLast5": 32.6,
        "savesPer60": 30.3,
        "savesPer60Last1": 29.0,
        "savesPer60Last3": 33.2,
        "savesPer60Last5": 32.6,
        "shotsPerGame": 36.8,
        "shotsPerGameLast5": 32.6,
        "shotsAgainstPerGame": 31.7,
        "shotsAgainstPerGameLast5": 36.8,
        "oppSavesAgainstPer60": 31.4,
        "oppSavesAgainstPer60Last1": 29.0,
        "oppSavesAgainstPer60Last3": 33.5,
        "oppSavesAgainstPer60Last5": 33.1,
        "oppShotsAgainstPerGame": 29.8,
        "oppShotsAgainstPerGameLast5": 32.6,
        "savesProj": 29.7,
        "savesProjLast5": 35.4,
        "savesProjLast3": 36.2,
        "oppSavesAgainstProj": 30.8,
        "oppSavesAgainstProjLast5": 34.4,
        "oppSavesAgainstProjLast3": 34.8,
        "totalOver": 57,
        "totalOverLast5": 80,
        "totalOverLast15": 67,
        "lastTotalOver": 50,
        "last5": "1,1,0,1,1,0,0,0,2,1",
        "overOdds": "-130",
        "underOdds": "+100",
        "overUnder": "-130 / +100"
    },
    {
        "player": "Aleksander Barkov",
        "team": "FLA",
        "opponent": "BOS",
        "propType": "g",
        "line": 0.5,
        "ppLine": "PP1",
        "avg": 0.32,
        "hit": false,
        "diffAvg": -0.36,
        "diffAbs": 0.0,
        "lastAvg": 0.51,
        "diff": 0.02,
        "avgMin": 21,
        "proj": 0.5,
        "lastAvgMin": 20.3,
        "oppOver": 0,
        "teamOver": 0,
        "gameLine": "+195",
        "+/-": "+10",
        "L5_+/-": "+1.0",
        "prevMatchup": "2023-04-28 1.0 g 2023-04-26 0.0 g 2023-04-23 0.0 g 2023-04-21 0.0 g 2023-04-19 0.0 g 2023-04-17 0.0 g 2023-01-28 1.0 g 2022-11-23 1.0 g 2022-10-17 0.0 g",
        "winLossSplits": "37% - 15%",
        "awayHome": "A",
        "playedYesterday": "N",
        "awayHomeSplits": "14% - 39%",
        "savesAboveExp": 0.892,
        "gsaa": 48.51,
        "corsi": "54.2% (66.3) // 52.5% (66.0) // 54.2% (66.3) // 54.2% (66.3)",
        "fenwick": "53.6% (49.9) // 52.0% (49.3) // 53.6% (49.9) // 53.6% (49.9)",
        "shots": "53.7% (36.5) // 51.9% (35.5) // 53.7% (36.5) // 53.7% (36.5)",
        "scoring": "54.6% (34.8) // 53.4% (34.0) // 54.6% (34.8) // 54.6% (34.8)",
        "corsiAgainst": "45.8% (56.1) // 47.5% (59.7) // 45.8% (56.1) // 45.8% (56.1)",
        "fenwickAgainst": "46.4% (43.2) // 48.0% (45.5) // 46.4% (43.2) // 46.4% (43.2)",
        "shotsAgainst": "46.3% (31.5) // 48.1% (33.0) // 46.3% (31.5) // 46.3% (31.5)",
        "scoringAgainst": "45.4% (28.9) // 46.6% (29.7) // 45.4% (28.9) // 45.4% (28.9)",
        "oppCorsi": "51.4% (58.2) // 52.6% (61.3) // 51.4% (58.2) // 51.4% (58.2)",
        "oppFenwick": "51.6% (44.0) // 52.5% (46.9) // 51.6% (44.0) // 51.6% (44.0)",
        "oppShots": "52.5% (32.6) // 52.7% (33.6) // 52.5% (32.6) // 52.5% (32.6)",
        "oppScoring": "53.0% (32.2) // 53.2% (32.5) // 53.0% (32.2) // 53.0% (32.2)",
        "oppCorsiAgainst": "48.6% (55.0) // 47.4% (55.1) // 48.6% (55.0) // 48.6% (55.0)",
        "oppFenwickAgainst": "48.4% (41.2) // 47.5% (42.4) // 48.4% (41.2) // 48.4% (41.2)",
        "oppShotsAgainst": "47.5% (29.5) // 47.3% (30.1) // 47.5% (29.5) // 47.5% (29.5)",
        "oppScoringAgainst": "47.0% (28.6) // 46.8% (28.6) // 47.0% (28.6) // 47.0% (28.6)",
        "savesPerGame": 28.4,
        "savesPerGameLast1": 29.0,
        "savesPerGameLast3": 32.7,
        "savesPerGameLast5": 32.6,
        "savesPer60": 30.3,
        "savesPer60Last1": 29.0,
        "savesPer60Last3": 33.2,
        "savesPer60Last5": 32.6,
        "shotsPerGame": 36.8,
        "shotsPerGameLast5": 32.6,
        "shotsAgainstPerGame": 31.7,
        "shotsAgainstPerGameLast5": 36.8,
        "oppSavesAgainstPer60": 31.4,
        "oppSavesAgainstPer60Last1": 29.0,
        "oppSavesAgainstPer60Last3": 33.5,
        "oppSavesAgainstPer60Last5": 33.1,
        "oppShotsAgainstPerGame": 29.8,
        "oppShotsAgainstPerGameLast5": 32.6,
        "savesProj": 29.7,
        "savesProjLast5": 35.4,
        "savesProjLast3": 36.2,
        "oppSavesAgainstProj": 30.8,
        "oppSavesAgainstProjLast5": 34.4,
        "oppSavesAgainstProjLast3": 34.8,
        "totalOver": 27,
        "totalOverLast5": 20,
        "totalOverLast15": 20,
        "lastTotalOver": 42,
        "last5": "1,0,0,0,0,0,1,0,0,2",
        "overOdds": "+215",
        "underOdds": "0",
        "overUnder": "+215 / 0"
    },
    {
        "player": "Brad Marchand",
        "team": "BOS",
        "opponent": "FLA",
        "propType": "sog",
        "line": 2.5,
        "ppLine": "PP1",
        "avg": 2.59,
        "hit": false,
        "diffAvg": 0.04,
        "diffAbs": 0.16,
        "lastAvg": 3.14,
        "diff": 0.26,
        "avgMin": 18,
        "proj": 2.9,
        "lastAvgMin": 19.25,
        "oppOver": 0,
        "teamOver": 0,
        "gameLine": "-230",
        "+/-": "+23",
        "L5_+/-": -2.0,
        "prevMatchup": "2023-04-28 2.0 sog 2023-04-26 5.0 sog 2023-04-23 3.0 sog 2023-04-21 4.0 sog 2023-04-19 4.0 sog 2023-04-17 4.0 sog 2023-01-28 4.0 sog 2022-12-19 1.0 sog 2022-11-23 5.0 sog",
        "winLossSplits": "42% - 63%",
        "awayHome": "H",
        "playedYesterday": "N",
        "awayHomeSplits": "48% - 46%",
        "savesAboveExp": -0.102,
        "gsaa": -4.63,
        "corsi": "51.4% (58.2) // 52.6% (61.3) // 51.4% (58.2) // 51.4% (58.2)",
        "fenwick": "51.6% (44.0) // 52.5% (46.9) // 51.6% (44.0) // 51.6% (44.0)",
        "shots": "52.5% (32.6) // 52.7% (33.6) // 52.5% (32.6) // 52.5% (32.6)",
        "scoring": "53.0% (32.2) // 53.2% (32.5) // 53.0% (32.2) // 53.0% (32.2)",
        "corsiAgainst": "48.6% (55.0) // 47.4% (55.1) // 48.6% (55.0) // 48.6% (55.0)",
        "fenwickAgainst": "48.4% (41.2) // 47.5% (42.4) // 48.4% (41.2) // 48.4% (41.2)",
        "shotsAgainst": "47.5% (29.5) // 47.3% (30.1) // 47.5% (29.5) // 47.5% (29.5)",
        "scoringAgainst": "47.0% (28.6) // 46.8% (28.6) // 47.0% (28.6) // 47.0% (28.6)",
        "oppCorsi": "54.2% (66.3) // 52.5% (66.0) // 54.2% (66.3) // 54.2% (66.3)",
        "oppFenwick": "53.6% (49.9) // 52.0% (49.3) // 53.6% (49.9) // 53.6% (49.9)",
        "oppShots": "53.7% (36.5) // 51.9% (35.5) // 53.7% (36.5) // 53.7% (36.5)",
        "oppScoring": "54.6% (34.8) // 53.4% (34.0) // 54.6% (34.8) // 54.6% (34.8)",
        "oppCorsiAgainst": "45.8% (56.1) // 47.5% (59.7) // 45.8% (56.1) // 45.8% (56.1)",
        "oppFenwickAgainst": "46.4% (43.2) // 48.0% (45.5) // 46.4% (43.2) // 46.4% (43.2)",
        "oppShotsAgainst": "46.3% (31.5) // 48.1% (33.0) // 46.3% (31.5) // 46.3% (31.5)",
        "oppScoringAgainst": "45.4% (28.9) // 46.6% (29.7) // 45.4% (28.9) // 45.4% (28.9)",
        "savesPerGame": 27.7,
        "savesPerGameLast1": 26.0,
        "savesPerGameLast3": 29.7,
        "savesPerGameLast5": 28.4,
        "savesPer60": 30.0,
        "savesPer60Last1": 25.4,
        "savesPer60Last3": 30.4,
        "savesPer60Last5": 28.7,
        "shotsPerGame": 33.0,
        "shotsPerGameLast5": 36.8,
        "shotsAgainstPerGame": 29.8,
        "shotsAgainstPerGameLast5": 32.6,
        "oppSavesAgainstPer60": 35.7,
        "oppSavesAgainstPer60Last1": 26.7,
        "oppSavesAgainstPer60Last3": 29.5,
        "oppSavesAgainstPer60Last5": 28.2,
        "oppShotsAgainstPerGame": 31.7,
        "oppShotsAgainstPerGameLast5": 36.8,
        "savesProj": 32.8,
        "savesProjLast5": 26.9,
        "savesProjLast3": 29.8,
        "oppSavesAgainstProj": 33.4,
        "oppSavesAgainstProjLast5": 22.4,
        "oppSavesAgainstProjLast3": 24.5,
        "totalOver": 47,
        "totalOverLast5": 80,
        "totalOverLast15": 60,
        "lastTotalOver": 61,
        "last5": "2,5,3,4,4,4,3,3,0,5",
        "overOdds": "-175",
        "underOdds": "+140",
        "overUnder": "-175 / +140"
    },
    {
        "player": "Brad Marchand",
        "team": "BOS",
        "opponent": "FLA",
        "propType": "pts",
        "line": 0.5,
        "ppLine": "PP1",
        "avg": 0.97,
        "hit": false,
        "diffAvg": 0.94,
        "diffAbs": 1.0,
        "lastAvg": 1.04,
        "diff": 1.08,
        "avgMin": 18,
        "proj": 1.0,
        "lastAvgMin": 19.25,
        "oppOver": 0,
        "teamOver": 0,
        "gameLine": "-230",
        "+/-": "+23",
        "L5_+/-": -2.0,
        "prevMatchup": "2023-04-28 4.0 pts 2023-04-26 2.0 pts 2023-04-23 1.0 pts 2023-04-21 1.0 pts 2023-04-19 1.0 pts 2023-04-17 1.0 pts 2023-01-28 0.0 pts 2022-12-19 3.0 pts 2022-11-23 1.0 pts",
        "winLossSplits": "68% - 58%",
        "awayHome": "H",
        "playedYesterday": "N",
        "awayHomeSplits": "62% - 69%",
        "savesAboveExp": -0.102,
        "gsaa": -4.63,
        "corsi": "51.4% (58.2) // 52.6% (61.3) // 51.4% (58.2) // 51.4% (58.2)",
        "fenwick": "51.6% (44.0) // 52.5% (46.9) // 51.6% (44.0) // 51.6% (44.0)",
        "shots": "52.5% (32.6) // 52.7% (33.6) // 52.5% (32.6) // 52.5% (32.6)",
        "scoring": "53.0% (32.2) // 53.2% (32.5) // 53.0% (32.2) // 53.0% (32.2)",
        "corsiAgainst": "48.6% (55.0) // 47.4% (55.1) // 48.6% (55.0) // 48.6% (55.0)",
        "fenwickAgainst": "48.4% (41.2) // 47.5% (42.4) // 48.4% (41.2) // 48.4% (41.2)",
        "shotsAgainst": "47.5% (29.5) // 47.3% (30.1) // 47.5% (29.5) // 47.5% (29.5)",
        "scoringAgainst": "47.0% (28.6) // 46.8% (28.6) // 47.0% (28.6) // 47.0% (28.6)",
        "oppCorsi": "54.2% (66.3) // 52.5% (66.0) // 54.2% (66.3) // 54.2% (66.3)",
        "oppFenwick": "53.6% (49.9) // 52.0% (49.3) // 53.6% (49.9) // 53.6% (49.9)",
        "oppShots": "53.7% (36.5) // 51.9% (35.5) // 53.7% (36.5) // 53.7% (36.5)",
        "oppScoring": "54.6% (34.8) // 53.4% (34.0) // 54.6% (34.8) // 54.6% (34.8)",
        "oppCorsiAgainst": "45.8% (56.1) // 47.5% (59.7) // 45.8% (56.1) // 45.8% (56.1)",
        "oppFenwickAgainst": "46.4% (43.2) // 48.0% (45.5) // 46.4% (43.2) // 46.4% (43.2)",
        "oppShotsAgainst": "46.3% (31.5) // 48.1% (33.0) // 46.3% (31.5) // 46.3% (31.5)",
        "oppScoringAgainst": "45.4% (28.9) // 46.6% (29.7) // 45.4% (28.9) // 45.4% (28.9)",
        "savesPerGame": 27.7,
        "savesPerGameLast1": 26.0,
        "savesPerGameLast3": 29.7,
        "savesPerGameLast5": 28.4,
        "savesPer60": 30.0,
        "savesPer60Last1": 25.4,
        "savesPer60Last3": 30.4,
        "savesPer60Last5": 28.7,
        "shotsPerGame": 33.0,
        "shotsPerGameLast5": 36.8,
        "shotsAgainstPerGame": 29.8,
        "shotsAgainstPerGameLast5": 32.6,
        "oppSavesAgainstPer60": 35.7,
        "oppSavesAgainstPer60Last1": 26.7,
        "oppSavesAgainstPer60Last3": 29.5,
        "oppSavesAgainstPer60Last5": 28.2,
        "oppShotsAgainstPerGame": 31.7,
        "oppShotsAgainstPerGameLast5": 36.8,
        "savesProj": 32.8,
        "savesProjLast5": 26.9,
        "savesProjLast3": 29.8,
        "oppSavesAgainstProj": 33.4,
        "oppSavesAgainstProjLast5": 22.4,
        "oppSavesAgainstProjLast3": 24.5,
        "totalOver": 66,
        "totalOverLast5": 100,
        "totalOverLast15": 53,
        "lastTotalOver": 68,
        "last5": "4,2,1,1,1,1,1,3,0,0",
        "overOdds": "-235",
        "underOdds": "+190",
        "overUnder": "-235 / +190"
    },
    {
        "player": "Brad Marchand",
        "team": "BOS",
        "opponent": "FLA",
        "propType": "ast",
        "line": 0.5,
        "ppLine": "PP1",
        "avg": 0.66,
        "hit": false,
        "diffAvg": 0.32,
        "diffAbs": 0.2,
        "lastAvg": 0.62,
        "diff": 0.24,
        "avgMin": 18,
        "proj": 0.6,
        "lastAvgMin": 19.25,
        "oppOver": 0,
        "teamOver": 0,
        "gameLine": "-230",
        "+/-": "+23",
        "L5_+/-": -2.0,
        "prevMatchup": "2023-04-28 4.0 ast 2023-04-26 1.0 ast 2023-04-23 0.0 ast 2023-04-21 1.0 ast 2023-04-19 0.0 ast 2023-04-17 0.0 ast 2023-01-28 0.0 ast 2022-12-19 3.0 ast 2022-11-23 1.0 ast",
        "winLossSplits": "52% - 32%",
        "awayHome": "H",
        "playedYesterday": "N",
        "awayHomeSplits": "40% - 54%",
        "savesAboveExp": -0.102,
        "gsaa": -4.63,
        "corsi": "51.4% (58.2) // 52.6% (61.3) // 51.4% (58.2) // 51.4% (58.2)",
        "fenwick": "51.6% (44.0) // 52.5% (46.9) // 51.6% (44.0) // 51.6% (44.0)",
        "shots": "52.5% (32.6) // 52.7% (33.6) // 52.5% (32.6) // 52.5% (32.6)",
        "scoring": "53.0% (32.2) // 53.2% (32.5) // 53.0% (32.2) // 53.0% (32.2)",
        "corsiAgainst": "48.6% (55.0) // 47.4% (55.1) // 48.6% (55.0) // 48.6% (55.0)",
        "fenwickAgainst": "48.4% (41.2) // 47.5% (42.4) // 48.4% (41.2) // 48.4% (41.2)",
        "shotsAgainst": "47.5% (29.5) // 47.3% (30.1) // 47.5% (29.5) // 47.5% (29.5)",
        "scoringAgainst": "47.0% (28.6) // 46.8% (28.6) // 47.0% (28.6) // 47.0% (28.6)",
        "oppCorsi": "54.2% (66.3) // 52.5% (66.0) // 54.2% (66.3) // 54.2% (66.3)",
        "oppFenwick": "53.6% (49.9) // 52.0% (49.3) // 53.6% (49.9) // 53.6% (49.9)",
        "oppShots": "53.7% (36.5) // 51.9% (35.5) // 53.7% (36.5) // 53.7% (36.5)",
        "oppScoring": "54.6% (34.8) // 53.4% (34.0) // 54.6% (34.8) // 54.6% (34.8)",
        "oppCorsiAgainst": "45.8% (56.1) // 47.5% (59.7) // 45.8% (56.1) // 45.8% (56.1)",
        "oppFenwickAgainst": "46.4% (43.2) // 48.0% (45.5) // 46.4% (43.2) // 46.4% (43.2)",
        "oppShotsAgainst": "46.3% (31.5) // 48.1% (33.0) // 46.3% (31.5) // 46.3% (31.5)",
        "oppScoringAgainst": "45.4% (28.9) // 46.6% (29.7) // 45.4% (28.9) // 45.4% (28.9)",
        "savesPerGame": 27.7,
        "savesPerGameLast1": 26.0,
        "savesPerGameLast3": 29.7,
        "savesPerGameLast5": 28.4,
        "savesPer60": 30.0,
        "savesPer60Last1": 25.4,
        "savesPer60Last3": 30.4,
        "savesPer60Last5": 28.7,
        "shotsPerGame": 33.0,
        "shotsPerGameLast5": 36.8,
        "shotsAgainstPerGame": 29.8,
        "shotsAgainstPerGameLast5": 32.6,
        "oppSavesAgainstPer60": 35.7,
        "oppSavesAgainstPer60Last1": 26.7,
        "oppSavesAgainstPer60Last3": 29.5,
        "oppSavesAgainstPer60Last5": 28.2,
        "oppShotsAgainstPerGame": 31.7,
        "oppShotsAgainstPerGameLast5": 36.8,
        "savesProj": 32.8,
        "savesProjLast5": 26.9,
        "savesProjLast3": 29.8,
        "oppSavesAgainstProj": 33.4,
        "oppSavesAgainstProjLast5": 22.4,
        "oppSavesAgainstProjLast3": 24.5,
        "totalOver": 47,
        "totalOverLast5": 60,
        "totalOverLast15": 33,
        "lastTotalOver": 51,
        "last5": "4,1,0,1,0,0,1,2,0,0",
        "overOdds": "-115",
        "underOdds": "-115",
        "overUnder": "-115 / -115"
    },
    {
        "player": "Brad Marchand",
        "team": "BOS",
        "opponent": "FLA",
        "propType": "g",
        "line": 0.5,
        "ppLine": "PP1",
        "avg": 0.32,
        "hit": false,
        "diffAvg": -0.36,
        "diffAbs": 0.2,
        "lastAvg": 0.42,
        "diff": -0.16,
        "avgMin": 18,
        "proj": 0.4,
        "lastAvgMin": 19.25,
        "oppOver": 0,
        "teamOver": 0,
        "gameLine": "-230",
        "+/-": "+23",
        "L5_+/-": -2.0,
        "prevMatchup": "2023-04-28 0.0 g 2023-04-26 1.0 g 2023-04-23 1.0 g 2023-04-21 0.0 g 2023-04-19 1.0 g 2023-04-17 1.0 g 2023-01-28 0.0 g 2022-12-19 0.0 g 2022-11-23 0.0 g",
        "winLossSplits": "27% - 42%",
        "awayHome": "H",
        "playedYesterday": "N",
        "awayHomeSplits": "30% - 31%",
        "savesAboveExp": -0.102,
        "gsaa": -4.63,
        "corsi": "51.4% (58.2) // 52.6% (61.3) // 51.4% (58.2) // 51.4% (58.2)",
        "fenwick": "51.6% (44.0) // 52.5% (46.9) // 51.6% (44.0) // 51.6% (44.0)",
        "shots": "52.5% (32.6) // 52.7% (33.6) // 52.5% (32.6) // 52.5% (32.6)",
        "scoring": "53.0% (32.2) // 53.2% (32.5) // 53.0% (32.2) // 53.0% (32.2)",
        "corsiAgainst": "48.6% (55.0) // 47.4% (55.1) // 48.6% (55.0) // 48.6% (55.0)",
        "fenwickAgainst": "48.4% (41.2) // 47.5% (42.4) // 48.4% (41.2) // 48.4% (41.2)",
        "shotsAgainst": "47.5% (29.5) // 47.3% (30.1) // 47.5% (29.5) // 47.5% (29.5)",
        "scoringAgainst": "47.0% (28.6) // 46.8% (28.6) // 47.0% (28.6) // 47.0% (28.6)",
        "oppCorsi": "54.2% (66.3) // 52.5% (66.0) // 54.2% (66.3) // 54.2% (66.3)",
        "oppFenwick": "53.6% (49.9) // 52.0% (49.3) // 53.6% (49.9) // 53.6% (49.9)",
        "oppShots": "53.7% (36.5) // 51.9% (35.5) // 53.7% (36.5) // 53.7% (36.5)",
        "oppScoring": "54.6% (34.8) // 53.4% (34.0) // 54.6% (34.8) // 54.6% (34.8)",
        "oppCorsiAgainst": "45.8% (56.1) // 47.5% (59.7) // 45.8% (56.1) // 45.8% (56.1)",
        "oppFenwickAgainst": "46.4% (43.2) // 48.0% (45.5) // 46.4% (43.2) // 46.4% (43.2)",
        "oppShotsAgainst": "46.3% (31.5) // 48.1% (33.0) // 46.3% (31.5) // 46.3% (31.5)",
        "oppScoringAgainst": "45.4% (28.9) // 46.6% (29.7) // 45.4% (28.9) // 45.4% (28.9)",
        "savesPerGame": 27.7,
        "savesPerGameLast1": 26.0,
        "savesPerGameLast3": 29.7,
        "savesPerGameLast5": 28.4,
        "savesPer60": 30.0,
        "savesPer60Last1": 25.4,
        "savesPer60Last3": 30.4,
        "savesPer60Last5": 28.7,
        "shotsPerGame": 33.0,
        "shotsPerGameLast5": 36.8,
        "shotsAgainstPerGame": 29.8,
        "shotsAgainstPerGameLast5": 32.6,
