[
    {
        "player": "Adam Fox",
        "team": "NYR",
        "opponent": "WSH",
        "propType": "sog",
        "line": 1.5,
        "ppLine": "",
        "avg": 2.07,
        "hit": false,
        "diffAvg": 0.38,
        "diffAbs": 0.07,
        "lastAvg": 1.61,
        "diff": 0.07,
        "avgMin": 24,
        "proj": 1.6,
        "lastAvgMin": 23.9,
        "oppOver": 0,
        "teamOver": 0,
        "gameLine": "-130",
        "+/-": "+29",
        "L5_+/-": "+10.0",
        "prevMatchup": "2023-03-14 0.0 sog 2023-02-25 1.0 sog 2022-12-27 0.0 sog",
        "winLossSplits": "1.94 - 2.1",
        "awayHome": "A",
        "playedYesterday": "N",
        "awayHomeSplits": "2.16 - 1.97",
        "savesAboveExp": "-",
        "gsaa": "-",
        "corsi": "51.4% (58.2) // 46.3% (52.3) // 45.2% (50.9) // 48.1% (55.1)",
        "fenwick": "52.1% (43.9) // 48.5% (41.2) // 47.8% (40.9) // 49.8% (44.5)",
        "shots": "51.8% (31.2) // 49.7% (31.1) // 48.9% (30.2) // 49.7% (31.0)",
        "scoring": "51.3% (30.8) // 48.0% (28.5) // 45.5% (26.8) // 44.0% (26.7)",
        "corsiAgainst": "48.6% (55.0) // 53.7% (60.7) // 54.8% (61.6) // 51.9% (59.4)",
        "fenwickAgainst": "47.9% (40.4) // 51.5% (43.7) // 52.2% (44.7) // 50.2% (44.9)",
        "shotsAgainst": "48.2% (29.1) // 50.3% (31.5) // 51.1% (31.6) // 50.3% (31.3)",
        "scoringAgainst": "48.7% (29.2) // 52.0% (30.9) // 54.5% (32.2) // 56.0% (34.0)",
        "oppCorsi": "50.7% (59.3) // 50.6% (58.5) // 47.6% (54.9) // 44.2% (48.0)",
        "oppFenwick": "50.5% (43.5) // 50.3% (43.0) // 48.8% (41.4) // 46.8% (35.5)",
        "oppShots": "50.6% (31.1) // 50.7% (31.6) // 47.6% (29.1) // 47.5% (27.4)",
        "oppScoring": "50.8% (29.6) // 51.0% (29.2) // 50.0% (29.6) // 40.2% (21.6)",
        "oppCorsiAgainst": "49.3% (57.7) // 49.4% (57.1) // 52.4% (60.5) // 55.8% (60.5)",
        "oppFenwickAgainst": "49.5% (42.7) // 49.7% (42.5) // 51.2% (43.3) // 53.2% (40.3)",
        "oppShotsAgainst": "49.4% (30.3) // 49.3% (30.7) // 52.4% (32.1) // 52.5% (30.2)",
        "oppScoringAgainst": "49.2% (28.7) // 49.0% (28.0) // 50.0% (29.6) // 59.8% (32.2)",
        "savesPerGame": 26.9,
        "savesPerGameLast1": 31.0,
        "savesPerGameLast3": 29.3,
        "savesPerGameLast5": 29.6,
        "savesPer60": 27.0,
        "savesPer60Last1": 31.9,
        "savesPer60Last3": 29.3,
        "savesPer60Last5": 29.5,
        "shotsPerGame": 31.7,
        "shotsPerGameLast5": 30.4,
        "shotsAgainstPerGame": 29.5,
        "shotsAgainstPerGameLast5": 31.8,
        "oppSavesAgainstPer60": 28.5,
        "oppSavesAgainstPer60Last1": 30.6,
        "oppSavesAgainstPer60Last3": 28.8,
        "oppSavesAgainstPer60Last5": 27.7,
        "oppShotsAgainstPerGame": 30.6,
        "oppShotsAgainstPerGameLast5": 34.0,
        "savesProj": 27.8,
        "savesProjLast5": 29.8,
        "savesProjLast3": 30.5,
        "oppSavesAgainstProj": 27.2,
        "oppSavesAgainstProjLast5": 27.5,
        "oppSavesAgainstProjLast3": 29.7,
        "totalOver": 62,
        "totalOverLast5": 100,
        "totalOverLast15": 67,
        "lastTotalOver": 64,
        "last5": "4,2,2,3,3,0,2,3,1,0",
        "overOdds": "-165",
        "underOdds": "+125",
        "overUnder": "-165 / +125"
    },
    {
        "player": "Adam Fox",
        "team": "NYR",
        "opponent": "WSH",
        "propType": "pts",
        "line": 0.5,
        "ppLine": "",
        "avg": 0.88,
        "hit": false,
        "diffAvg": 0.76,
        "diffAbs": 0.6,
        "lastAvg": 0.76,
        "diff": 0.52,
        "avgMin": 24,
        "proj": 0.8,
        "lastAvgMin": 23.9,
        "oppOver": 0,
        "teamOver": 0,
        "gameLine": "-130",
        "+/-": "+29",
        "L5_+/-": "+10.0",
        "prevMatchup": "2023-03-14 1.0 pts 2023-02-25 1.0 pts 2022-12-27 0.0 pts",
        "winLossSplits": "1.19 - 0.47",
        "awayHome": "A",
        "playedYesterday": "N",
        "awayHomeSplits": "0.79 - 0.97",
        "savesAboveExp": "-",
        "gsaa": "-",
        "corsi": "51.4% (58.2) // 46.3% (52.3) // 45.2% (50.9) // 48.1% (55.1)",
        "fenwick": "52.1% (43.9) // 48.5% (41.2) // 47.8% (40.9) // 49.8% (44.5)",
        "shots": "51.8% (31.2) // 49.7% (31.1) // 48.9% (30.2) // 49.7% (31.0)",
        "scoring": "51.3% (30.8) // 48.0% (28.5) // 45.5% (26.8) // 44.0% (26.7)",
        "corsiAgainst": "48.6% (55.0) // 53.7% (60.7) // 54.8% (61.6) // 51.9% (59.4)",
        "fenwickAgainst": "47.9% (40.4) // 51.5% (43.7) // 52.2% (44.7) // 50.2% (44.9)",
        "shotsAgainst": "48.2% (29.1) // 50.3% (31.5) // 51.1% (31.6) // 50.3% (31.3)",
        "scoringAgainst": "48.7% (29.2) // 52.0% (30.9) // 54.5% (32.2) // 56.0% (34.0)",
        "oppCorsi": "50.7% (59.3) // 50.6% (58.5) // 47.6% (54.9) // 44.2% (48.0)",
        "oppFenwick": "50.5% (43.5) // 50.3% (43.0) // 48.8% (41.4) // 46.8% (35.5)",
        "oppShots": "50.6% (31.1) // 50.7% (31.6) // 47.6% (29.1) // 47.5% (27.4)",
        "oppScoring": "50.8% (29.6) // 51.0% (29.2) // 50.0% (29.6) // 40.2% (21.6)",
        "oppCorsiAgainst": "49.3% (57.7) // 49.4% (57.1) // 52.4% (60.5) // 55.8% (60.5)",
        "oppFenwickAgainst": "49.5% (42.7) // 49.7% (42.5) // 51.2% (43.3) // 53.2% (40.3)",
        "oppShotsAgainst": "49.4% (30.3) // 49.3% (30.7) // 52.4% (32.1) // 52.5% (30.2)",
        "oppScoringAgainst": "49.2% (28.7) // 49.0% (28.0) // 50.0% (29.6) // 59.8% (32.2)",
        "savesPerGame": 26.9,
        "savesPerGameLast1": 31.0,
        "savesPerGameLast3": 29.3,
        "savesPerGameLast5": 29.6,
        "savesPer60": 27.0,
        "savesPer60Last1": 31.9,
        "savesPer60Last3": 29.3,
        "savesPer60Last5": 29.5,
        "shotsPerGame": 31.7,
        "shotsPerGameLast5": 30.4,
        "shotsAgainstPerGame": 29.5,
        "shotsAgainstPerGameLast5": 31.8,
        "oppSavesAgainstPer60": 28.5,
        "oppSavesAgainstPer60Last1": 30.6,
        "oppSavesAgainstPer60Last3": 28.8,
        "oppSavesAgainstPer60Last5": 27.7,
        "oppShotsAgainstPerGame": 30.6,
        "oppShotsAgainstPerGameLast5": 34.0,
        "savesProj": 27.8,
        "savesProjLast5": 29.8,
        "savesProjLast3": 30.5,
        "oppSavesAgainstProj": 27.2,
        "oppSavesAgainstProjLast5": 27.5,
        "oppSavesAgainstProjLast3": 29.7,
        "totalOver": 63,
        "totalOverLast5": 60,
        "totalOverLast15": 67,
        "lastTotalOver": 67,
        "last5": "1,0,2,0,1,1,1,1,1,1",
        "overOdds": "-165",
        "underOdds": "+125",
        "overUnder": "-165 / +125"
    },
    {
        "player": "Adam Fox",
        "team": "NYR",
        "opponent": "WSH",
        "propType": "ast",
        "line": 0.5,
        "ppLine": "",
        "avg": 0.72,
        "hit": false,
        "diffAvg": 0.44,
        "diffAbs": 0.2,
        "lastAvg": 0.64,
        "diff": 0.28,
        "avgMin": 24,
        "proj": 0.6,
        "lastAvgMin": 23.9,
        "oppOver": 0,
        "teamOver": 0,
        "gameLine": "-130",
        "+/-": "+29",
        "L5_+/-": "+10.0",
        "prevMatchup": "2023-03-14 1.0 ast 2023-02-25 1.0 ast 2022-12-27 0.0 ast",
        "winLossSplits": "0.99 - 0.38",
        "awayHome": "A",
        "playedYesterday": "N",
        "awayHomeSplits": "0.66 - 0.79",
        "savesAboveExp": "-",
        "gsaa": "-",
        "corsi": "51.4% (58.2) // 46.3% (52.3) // 45.2% (50.9) // 48.1% (55.1)",
        "fenwick": "52.1% (43.9) // 48.5% (41.2) // 47.8% (40.9) // 49.8% (44.5)",
        "shots": "51.8% (31.2) // 49.7% (31.1) // 48.9% (30.2) // 49.7% (31.0)",
        "scoring": "51.3% (30.8) // 48.0% (28.5) // 45.5% (26.8) // 44.0% (26.7)",
        "corsiAgainst": "48.6% (55.0) // 53.7% (60.7) // 54.8% (61.6) // 51.9% (59.4)",
        "fenwickAgainst": "47.9% (40.4) // 51.5% (43.7) // 52.2% (44.7) // 50.2% (44.9)",
        "shotsAgainst": "48.2% (29.1) // 50.3% (31.5) // 51.1% (31.6) // 50.3% (31.3)",
        "scoringAgainst": "48.7% (29.2) // 52.0% (30.9) // 54.5% (32.2) // 56.0% (34.0)",
        "oppCorsi": "50.7% (59.3) // 50.6% (58.5) // 47.6% (54.9) // 44.2% (48.0)",
        "oppFenwick": "50.5% (43.5) // 50.3% (43.0) // 48.8% (41.4) // 46.8% (35.5)",
        "oppShots": "50.6% (31.1) // 50.7% (31.6) // 47.6% (29.1) // 47.5% (27.4)",
        "oppScoring": "50.8% (29.6) // 51.0% (29.2) // 50.0% (29.6) // 40.2% (21.6)",
        "oppCorsiAgainst": "49.3% (57.7) // 49.4% (57.1) // 52.4% (60.5) // 55.8% (60.5)",
        "oppFenwickAgainst": "49.5% (42.7) // 49.7% (42.5) // 51.2% (43.3) // 53.2% (40.3)",
        "oppShotsAgainst": "49.4% (30.3) // 49.3% (30.7) // 52.4% (32.1) // 52.5% (30.2)",
        "oppScoringAgainst": "49.2% (28.7) // 49.0% (28.0) // 50.0% (29.6) // 59.8% (32.2)",
        "savesPerGame": 26.9,
        "savesPerGameLast1": 31.0,
        "savesPerGameLast3": 29.3,
        "savesPerGameLast5": 29.6,
        "savesPer60": 27.0,
        "savesPer60Last1": 31.9,
        "savesPer60Last3": 29.3,
        "savesPer60Last5": 29.5,
        "shotsPerGame": 31.7,
        "shotsPerGameLast5": 30.4,
        "shotsAgainstPerGame": 29.5,
        "shotsAgainstPerGameLast5": 31.8,
        "oppSavesAgainstPer60": 28.5,
        "oppSavesAgainstPer60Last1": 30.6,
        "oppSavesAgainstPer60Last3": 28.8,
        "oppSavesAgainstPer60Last5": 27.7,
        "oppShotsAgainstPerGame": 30.6,
        "oppShotsAgainstPerGameLast5": 34.0,
        "savesProj": 27.8,
        "savesProjLast5": 29.8,
        "savesProjLast3": 30.5,
        "oppSavesAgainstProj": 27.2,
        "oppSavesAgainstProjLast5": 27.5,
        "oppSavesAgainstProjLast3": 29.7,
        "totalOver": 55,
        "totalOverLast5": 20,
        "totalOverLast15": 53,
        "lastTotalOver": 57,
        "last5": "0,0,2,0,0,1,1,1,1,1",
        "overOdds": "-135",
        "underOdds": "-105",
        "overUnder": "-135 / -105"
    },
    {
        "player": "Alex Ovechkin",
        "team": "WSH",
        "opponent": "NYR",
        "propType": "sog",
        "line": 3.5,
        "ppLine": "",
        "avg": 4.11,
        "hit": false,
        "diffAvg": 0.17,
        "diffAbs": 0.11,
        "lastAvg": 4.02,
        "diff": 0.15,
        "avgMin": 20,
        "proj": 3.9,
        "lastAvgMin": 20.57,
        "oppOver": 0,
        "teamOver": 0,
        "gameLine": "+110",
        "+/-": -13,
        "L5_+/-": -7.0,
        "prevMatchup": "2023-02-25 2.0 sog 2022-12-27 1.0 sog",
        "winLossSplits": "4.25 - 3.93",
        "awayHome": "H",
        "playedYesterday": "N",
        "awayHomeSplits": "4.25 - 3.97",
        "savesAboveExp": "-",
        "gsaa": "-",
        "corsi": "50.7% (59.3) // 50.6% (58.5) // 47.6% (54.9) // 44.2% (48.0)",
        "fenwick": "50.5% (43.5) // 50.3% (43.0) // 48.8% (41.4) // 46.8% (35.5)",
        "shots": "50.6% (31.1) // 50.7% (31.6) // 47.6% (29.1) // 47.5% (27.4)",
        "scoring": "50.8% (29.6) // 51.0% (29.2) // 50.0% (29.6) // 40.2% (21.6)",
        "corsiAgainst": "49.3% (57.7) // 49.4% (57.1) // 52.4% (60.5) // 55.8% (60.5)",
        "fenwickAgainst": "49.5% (42.7) // 49.7% (42.5) // 51.2% (43.3) // 53.2% (40.3)",
        "shotsAgainst": "49.4% (30.3) // 49.3% (30.7) // 52.4% (32.1) // 52.5% (30.2)",
        "scoringAgainst": "49.2% (28.7) // 49.0% (28.0) // 50.0% (29.6) // 59.8% (32.2)",
        "oppCorsi": "51.4% (58.2) // 46.3% (52.3) // 45.2% (50.9) // 48.1% (55.1)",
        "oppFenwick": "52.1% (43.9) // 48.5% (41.2) // 47.8% (40.9) // 49.8% (44.5)",
        "oppShots": "51.8% (31.2) // 49.7% (31.1) // 48.9% (30.2) // 49.7% (31.0)",
        "oppScoring": "51.3% (30.8) // 48.0% (28.5) // 45.5% (26.8) // 44.0% (26.7)",
        "oppCorsiAgainst": "48.6% (55.0) // 53.7% (60.7) // 54.8% (61.6) // 51.9% (59.4)",
        "oppFenwickAgainst": "47.9% (40.4) // 51.5% (43.7) // 52.2% (44.7) // 50.2% (44.9)",
        "oppShotsAgainst": "48.2% (29.1) // 50.3% (31.5) // 51.1% (31.6) // 50.3% (31.3)",
        "oppScoringAgainst": "48.7% (29.2) // 52.0% (30.9) // 54.5% (32.2) // 56.0% (34.0)",
        "savesPerGame": 27.5,
        "savesPerGameLast1": 29.0,
        "savesPerGameLast3": 31.0,
        "savesPerGameLast5": 30.4,
        "savesPer60": 27.5,
        "savesPer60Last1": 28.7,
        "savesPer60Last3": 31.6,
        "savesPer60Last5": 31.0,
        "shotsPerGame": 31.4,
        "shotsPerGameLast5": 31.2,
        "shotsAgainstPerGame": 30.6,
        "shotsAgainstPerGameLast5": 34.0,
        "oppSavesAgainstPer60": 28.5,
        "oppSavesAgainstPer60Last1": 31.0,
        "oppSavesAgainstPer60Last3": 28.2,
        "oppSavesAgainstPer60Last5": 27.2,
        "oppShotsAgainstPerGame": 29.5,
        "oppShotsAgainstPerGameLast5": 31.8,
        "savesProj": 28.9,
        "savesProjLast5": 31.5,
        "savesProjLast3": 33.1,
        "oppSavesAgainstProj": 28.2,
        "oppSavesAgainstProjLast5": 30.2,
        "oppSavesAgainstProjLast3": 30.2,
        "totalOver": 54,
        "totalOverLast5": 20,
        "totalOverLast15": 53,
        "lastTotalOver": 64,
        "last5": "2,1,4,3,3,8,4,5,4,2",
        "overOdds": "-150",
        "underOdds": "+110",
        "overUnder": "-150 / +110"
    },
    {
        "player": "Alex Ovechkin",
        "team": "WSH",
        "opponent": "NYR",
        "propType": "pts",
        "line": 0.5,
        "ppLine": "",
        "avg": 1.03,
        "hit": false,
        "diffAvg": 1.06,
        "diffAbs": 1.2,
        "lastAvg": 1.08,
        "diff": 1.16,
        "avgMin": 20,
        "proj": 1.1,
        "lastAvgMin": 20.57,
        "oppOver": 0,
        "teamOver": 0,
        "gameLine": "+110",
        "+/-": -13,
        "L5_+/-": -7.0,
        "prevMatchup": "2023-02-25 2.0 pts 2022-12-27 0.0 pts",
        "winLossSplits": "1.45 - 0.7",
        "awayHome": "H",
        "playedYesterday": "N",
        "awayHomeSplits": "0.92 - 1.15",
        "savesAboveExp": "-",
        "gsaa": "-",
        "corsi": "50.7% (59.3) // 50.6% (58.5) // 47.6% (54.9) // 44.2% (48.0)",
        "fenwick": "50.5% (43.5) // 50.3% (43.0) // 48.8% (41.4) // 46.8% (35.5)",
        "shots": "50.6% (31.1) // 50.7% (31.6) // 47.6% (29.1) // 47.5% (27.4)",
        "scoring": "50.8% (29.6) // 51.0% (29.2) // 50.0% (29.6) // 40.2% (21.6)",
        "corsiAgainst": "49.3% (57.7) // 49.4% (57.1) // 52.4% (60.5) // 55.8% (60.5)",
        "fenwickAgainst": "49.5% (42.7) // 49.7% (42.5) // 51.2% (43.3) // 53.2% (40.3)",
        "shotsAgainst": "49.4% (30.3) // 49.3% (30.7) // 52.4% (32.1) // 52.5% (30.2)",
        "scoringAgainst": "49.2% (28.7) // 49.0% (28.0) // 50.0% (29.6) // 59.8% (32.2)",
        "oppCorsi": "51.4% (58.2) // 46.3% (52.3) // 45.2% (50.9) // 48.1% (55.1)",
        "oppFenwick": "52.1% (43.9) // 48.5% (41.2) // 47.8% (40.9) // 49.8% (44.5)",
        "oppShots": "51.8% (31.2) // 49.7% (31.1) // 48.9% (30.2) // 49.7% (31.0)",
        "oppScoring": "51.3% (30.8) // 48.0% (28.5) // 45.5% (26.8) // 44.0% (26.7)",
        "oppCorsiAgainst": "48.6% (55.0) // 53.7% (60.7) // 54.8% (61.6) // 51.9% (59.4)",
        "oppFenwickAgainst": "47.9% (40.4) // 51.5% (43.7) // 52.2% (44.7) // 50.2% (44.9)",
        "oppShotsAgainst": "48.2% (29.1) // 50.3% (31.5) // 51.1% (31.6) // 50.3% (31.3)",
        "oppScoringAgainst": "48.7% (29.2) // 52.0% (30.9) // 54.5% (32.2) // 56.0% (34.0)",
        "savesPerGame": 27.5,
        "savesPerGameLast1": 29.0,
        "savesPerGameLast3": 31.0,
        "savesPerGameLast5": 30.4,
        "savesPer60": 27.5,
        "savesPer60Last1": 28.7,
        "savesPer60Last3": 31.6,
        "savesPer60Last5": 31.0,
        "shotsPerGame": 31.4,
        "shotsPerGameLast5": 31.2,
        "shotsAgainstPerGame": 30.6,
        "shotsAgainstPerGameLast5": 34.0,
        "oppSavesAgainstPer60": 28.5,
        "oppSavesAgainstPer60Last1": 31.0,
        "oppSavesAgainstPer60Last3": 28.2,
        "oppSavesAgainstPer60Last5": 27.2,
        "oppShotsAgainstPerGame": 29.5,
        "oppShotsAgainstPerGameLast5": 31.8,
        "savesProj": 28.9,
        "savesProjLast5": 31.5,
        "savesProjLast3": 33.1,
        "oppSavesAgainstProj": 28.2,
        "oppSavesAgainstProjLast5": 30.2,
        "oppSavesAgainstProjLast3": 30.2,
        "totalOver": 61,
        "totalOverLast5": 60,
        "totalOverLast15": 67,
        "lastTotalOver": 77,
        "last5": "0,0,1,2,1,3,1,2,1,0",
        "overOdds": "-245",
        "underOdds": "+180",
        "overUnder": "-245 / +180"
    },
    {
        "player": "Alex Ovechkin",
        "team": "WSH",
        "opponent": "NYR",
        "propType": "ast",
        "line": 0.5,
        "ppLine": "",
        "avg": 0.43,
        "hit": false,
        "diffAvg": -0.14,
        "diffAbs": 0.0,
        "lastAvg": 0.48,
        "diff": -0.04,
        "avgMin": 20,
        "proj": 0.5,
        "lastAvgMin": 20.57,
        "oppOver": 0,
        "teamOver": 0,
        "gameLine": "+110",
        "+/-": -13,
        "L5_+/-": -7.0,
        "prevMatchup": "2023-02-25 2.0 ast 2022-12-27 0.0 ast",
        "winLossSplits": "0.6 - 0.28",
        "awayHome": "H",
        "playedYesterday": "N",
        "awayHomeSplits": "0.31 - 0.56",
        "savesAboveExp": "-",
        "gsaa": "-",
        "corsi": "50.7% (59.3) // 50.6% (58.5) // 47.6% (54.9) // 44.2% (48.0)",
        "fenwick": "50.5% (43.5) // 50.3% (43.0) // 48.8% (41.4) // 46.8% (35.5)",
        "shots": "50.6% (31.1) // 50.7% (31.6) // 47.6% (29.1) // 47.5% (27.4)",
        "scoring": "50.8% (29.6) // 51.0% (29.2) // 50.0% (29.6) // 40.2% (21.6)",
        "corsiAgainst": "49.3% (57.7) // 49.4% (57.1) // 52.4% (60.5) // 55.8% (60.5)",
        "fenwickAgainst": "49.5% (42.7) // 49.7% (42.5) // 51.2% (43.3) // 53.2% (40.3)",
        "shotsAgainst": "49.4% (30.3) // 49.3% (30.7) // 52.4% (32.1) // 52.5% (30.2)",
        "scoringAgainst": "49.2% (28.7) // 49.0% (28.0) // 50.0% (29.6) // 59.8% (32.2)",
        "oppCorsi": "51.4% (58.2) // 46.3% (52.3) // 45.2% (50.9) // 48.1% (55.1)",
        "oppFenwick": "52.1% (43.9) // 48.5% (41.2) // 47.8% (40.9) // 49.8% (44.5)",
        "oppShots": "51.8% (31.2) // 49.7% (31.1) // 48.9% (30.2) // 49.7% (31.0)",
        "oppScoring": "51.3% (30.8) // 48.0% (28.5) // 45.5% (26.8) // 44.0% (26.7)",
        "oppCorsiAgainst": "48.6% (55.0) // 53.7% (60.7) // 54.8% (61.6) // 51.9% (59.4)",
        "oppFenwickAgainst": "47.9% (40.4) // 51.5% (43.7) // 52.2% (44.7) // 50.2% (44.9)",
        "oppShotsAgainst": "48.2% (29.1) // 50.3% (31.5) // 51.1% (31.6) // 50.3% (31.3)",
        "oppScoringAgainst": "48.7% (29.2) // 52.0% (30.9) // 54.5% (32.2) // 56.0% (34.0)",
        "savesPerGame": 27.5,
        "savesPerGameLast1": 29.0,
        "savesPerGameLast3": 31.0,
        "savesPerGameLast5": 30.4,
        "savesPer60": 27.5,
        "savesPer60Last1": 28.7,
        "savesPer60Last3": 31.6,
        "savesPer60Last5": 31.0,
        "shotsPerGame": 31.4,
        "shotsPerGameLast5": 31.2,
        "shotsAgainstPerGame": 30.6,
        "shotsAgainstPerGameLast5": 34.0,
        "oppSavesAgainstPer60": 28.5,
        "oppSavesAgainstPer60Last1": 31.0,
        "oppSavesAgainstPer60Last3": 28.2,
        "oppSavesAgainstPer60Last5": 27.2,
        "oppShotsAgainstPerGame": 29.5,
        "oppShotsAgainstPerGameLast5": 31.8,
        "savesProj": 28.9,
        "savesProjLast5": 31.5,
        "savesProjLast3": 33.1,
        "oppSavesAgainstProj": 28.2,
        "oppSavesAgainstProjLast5": 30.2,
        "oppSavesAgainstProjLast3": 30.2,
        "totalOver": 34,
        "totalOverLast5": 20,
        "totalOverLast15": 40,
        "lastTotalOver": 44,
        "last5": "0,0,0,1,0,1,1,1,1,0",
        "overOdds": "+120",
        "underOdds": "-160",
        "overUnder": "+120 / -160"
    },
    {
        "player": "Artemi Panarin",
        "team": "NYR",
        "opponent": "WSH",
        "propType": "sog",
        "line": 2.5,
        "ppLine": "",
        "avg": 2.49,
        "hit": false,
        "diffAvg": -0.0,
        "diffAbs": 0.28,
        "lastAvg": 1.86,
        "diff": -0.26,
        "avgMin": 19,
        "proj": 1.8,
        "lastAvgMin": 19.22,
        "oppOver": 0,
        "teamOver": 0,
        "gameLine": "-130",
        "+/-": "+4",
        "L5_+/-": "+7.0",
        "prevMatchup": "2023-03-14 1.0 sog 2023-02-25 0.0 sog 2022-12-27 4.0 sog",
        "winLossSplits": "2.24 - 2.59",
        "awayHome": "A",
        "playedYesterday": "N",
        "awayHomeSplits": "2.26 - 2.71",
        "savesAboveExp": "-",
        "gsaa": "-",
        "corsi": "51.4% (58.2) // 46.3% (52.3) // 45.2% (50.9) // 48.1% (55.1)",
        "fenwick": "52.1% (43.9) // 48.5% (41.2) // 47.8% (40.9) // 49.8% (44.5)",
        "shots": "51.8% (31.2) // 49.7% (31.1) // 48.9% (30.2) // 49.7% (31.0)",
        "scoring": "51.3% (30.8) // 48.0% (28.5) // 45.5% (26.8) // 44.0% (26.7)",
        "corsiAgainst": "48.6% (55.0) // 53.7% (60.7) // 54.8% (61.6) // 51.9% (59.4)",
        "fenwickAgainst": "47.9% (40.4) // 51.5% (43.7) // 52.2% (44.7) // 50.2% (44.9)",
        "shotsAgainst": "48.2% (29.1) // 50.3% (31.5) // 51.1% (31.6) // 50.3% (31.3)",
        "scoringAgainst": "48.7% (29.2) // 52.0% (30.9) // 54.5% (32.2) // 56.0% (34.0)",
        "oppCorsi": "50.7% (59.3) // 50.6% (58.5) // 47.6% (54.9) // 44.2% (48.0)",
        "oppFenwick": "50.5% (43.5) // 50.3% (43.0) // 48.8% (41.4) // 46.8% (35.5)",
        "oppShots": "50.6% (31.1) // 50.7% (31.6) // 47.6% (29.1) // 47.5% (27.4)",
        "oppScoring": "50.8% (29.6) // 51.0% (29.2) // 50.0% (29.6) // 40.2% (21.6)",
        "oppCorsiAgainst": "49.3% (57.7) // 49.4% (57.1) // 52.4% (60.5) // 55.8% (60.5)",
        "oppFenwickAgainst": "49.5% (42.7) // 49.7% (42.5) // 51.2% (43.3) // 53.2% (40.3)",
        "oppShotsAgainst": "49.4% (30.3) // 49.3% (30.7) // 52.4% (32.1) // 52.5% (30.2)",
        "oppScoringAgainst": "49.2% (28.7) // 49.0% (28.0) // 50.0% (29.6) // 59.8% (32.2)",
        "savesPerGame": 26.9,
        "savesPerGameLast1": 31.0,
        "savesPerGameLast3": 29.3,
        "savesPerGameLast5": 29.6,
        "savesPer60": 27.0,
        "savesPer60Last1": 31.9,
        "savesPer60Last3": 29.3,
        "savesPer60Last5": 29.5,
        "shotsPerGame": 31.7,
        "shotsPerGameLast5": 30.4,
        "shotsAgainstPerGame": 29.5,
        "shotsAgainstPerGameLast5": 31.8,
        "oppSavesAgainstPer60": 28.5,
        "oppSavesAgainstPer60Last1": 30.6,
        "oppSavesAgainstPer60Last3": 28.8,
        "oppSavesAgainstPer60Last5": 27.7,
        "oppShotsAgainstPerGame": 30.6,
        "oppShotsAgainstPerGameLast5": 34.0,
        "savesProj": 27.8,
        "savesProjLast5": 29.8,
        "savesProjLast3": 30.5,
        "oppSavesAgainstProj": 27.2,
        "oppSavesAgainstProjLast5": 27.5,
        "oppSavesAgainstProjLast3": 29.7,
        "totalOver": 47,
        "totalOverLast5": 80,
        "totalOverLast15": 33,
        "lastTotalOver": 37,
        "last5": "3,4,4,2,4,2,1,2,2,1",
        "overOdds": "+100",
        "underOdds": "-140",
        "overUnder": "+100 / -140"
    },
    {
        "player": "Artemi Panarin",
        "team": "NYR",
        "opponent": "WSH",
        "propType": "pts",
        "line": 0.5,
        "ppLine": "",
        "avg": 1.09,
        "hit": false,
        "diffAvg": 1.18,
        "diffAbs": 1.0,
        "lastAvg": 1.01,
        "diff": 1.02,
        "avgMin": 19,
        "proj": 1.0,
        "lastAvgMin": 19.22,
        "oppOver": 0,
        "teamOver": 0,
        "gameLine": "-130",
        "+/-": "+4",
        "L5_+/-": "+7.0",
        "prevMatchup": "2023-03-14 1.0 pts 2023-02-25 0.0 pts 2022-12-27 0.0 pts",
        "winLossSplits": "1.62 - 0.43",
        "awayHome": "A",
        "playedYesterday": "N",
        "awayHomeSplits": "1.08 - 1.11",
        "savesAboveExp": "-",
        "gsaa": "-",
        "corsi": "51.4% (58.2) // 46.3% (52.3) // 45.2% (50.9) // 48.1% (55.1)",
        "fenwick": "52.1% (43.9) // 48.5% (41.2) // 47.8% (40.9) // 49.8% (44.5)",
        "shots": "51.8% (31.2) // 49.7% (31.1) // 48.9% (30.2) // 49.7% (31.0)",
        "scoring": "51.3% (30.8) // 48.0% (28.5) // 45.5% (26.8) // 44.0% (26.7)",
        "corsiAgainst": "48.6% (55.0) // 53.7% (60.7) // 54.8% (61.6) // 51.9% (59.4)",
        "fenwickAgainst": "47.9% (40.4) // 51.5% (43.7) // 52.2% (44.7) // 50.2% (44.9)",
        "shotsAgainst": "48.2% (29.1) // 50.3% (31.5) // 51.1% (31.6) // 50.3% (31.3)",
        "scoringAgainst": "48.7% (29.2) // 52.0% (30.9) // 54.5% (32.2) // 56.0% (34.0)",
        "oppCorsi": "50.7% (59.3) // 50.6% (58.5) // 47.6% (54.9) // 44.2% (48.0)",
        "oppFenwick": "50.5% (43.5) // 50.3% (43.0) // 48.8% (41.4) // 46.8% (35.5)",
        "oppShots": "50.6% (31.1) // 50.7% (31.6) // 47.6% (29.1) // 47.5% (27.4)",
        "oppScoring": "50.8% (29.6) // 51.0% (29.2) // 50.0% (29.6) // 40.2% (21.6)",
        "oppCorsiAgainst": "49.3% (57.7) // 49.4% (57.1) // 52.4% (60.5) // 55.8% (60.5)",
        "oppFenwickAgainst": "49.5% (42.7) // 49.7% (42.5) // 51.2% (43.3) // 53.2% (40.3)",
        "oppShotsAgainst": "49.4% (30.3) // 49.3% (30.7) // 52.4% (32.1) // 52.5% (30.2)",
        "oppScoringAgainst": "49.2% (28.7) // 49.0% (28.0) // 50.0% (29.6) // 59.8% (32.2)",
        "savesPerGame": 26.9,
        "savesPerGameLast1": 31.0,
        "savesPerGameLast3": 29.3,
        "savesPerGameLast5": 29.6,
        "savesPer60": 27.0,
        "savesPer60Last1": 31.9,
        "savesPer60Last3": 29.3,
        "savesPer60Last5": 29.5,
        "shotsPerGame": 31.7,
        "shotsPerGameLast5": 30.4,
        "shotsAgainstPerGame": 29.5,
        "shotsAgainstPerGameLast5": 31.8,
        "oppSavesAgainstPer60": 28.5,
        "oppSavesAgainstPer60Last1": 30.6,
        "oppSavesAgainstPer60Last3": 28.8,
        "oppSavesAgainstPer60Last5": 27.7,
        "oppShotsAgainstPerGame": 30.6,
        "oppShotsAgainstPerGameLast5": 34.0,
        "savesProj": 27.8,
        "savesProjLast5": 29.8,
        "savesProjLast3": 30.5,
        "oppSavesAgainstProj": 27.2,
        "oppSavesAgainstProjLast5": 27.5,
        "oppSavesAgainstProjLast3": 29.7,
        "totalOver": 62,
        "totalOverLast5": 40,
        "totalOverLast15": 53,
        "lastTotalOver": 68,
        "last5": "0,0,2,0,2,0,3,2,1,1",
        "overOdds": "-230",
        "underOdds": "+170",
        "overUnder": "-230 / +170"
    },
    {
        "player": "Artemi Panarin",
        "team": "NYR",
        "opponent": "WSH",
        "propType": "ast",
        "line": 0.5,
        "ppLine": "",
        "avg": 0.76,
        "hit": false,
        "diffAvg": 0.52,
        "diffAbs": 0.6,
        "lastAvg": 0.78,
        "diff": 0.56,
        "avgMin": 19,
        "proj": 0.8,
        "lastAvgMin": 19.22,
        "oppOver": 0,
        "teamOver": 0,
        "gameLine": "-130",
        "+/-": "+4",
        "L5_+/-": "+7.0",
        "prevMatchup": "2023-03-14 1.0 ast 2023-02-25 0.0 ast 2022-12-27 0.0 ast",
        "winLossSplits": "1.09 - 0.32",
        "awayHome": "A",
        "playedYesterday": "N",
        "awayHomeSplits": "0.74 - 0.79",
        "savesAboveExp": "-",
        "gsaa": "-",
        "corsi": "51.4% (58.2) // 46.3% (52.3) // 45.2% (50.9) // 48.1% (55.1)",
        "fenwick": "52.1% (43.9) // 48.5% (41.2) // 47.8% (40.9) // 49.8% (44.5)",
        "shots": "51.8% (31.2) // 49.7% (31.1) // 48.9% (30.2) // 49.7% (31.0)",
        "scoring": "51.3% (30.8) // 48.0% (28.5) // 45.5% (26.8) // 44.0% (26.7)",
        "corsiAgainst": "48.6% (55.0) // 53.7% (60.7) // 54.8% (61.6) // 51.9% (59.4)",
        "fenwickAgainst": "47.9% (40.4) // 51.5% (43.7) // 52.2% (44.7) // 50.2% (44.9)",
        "shotsAgainst": "48.2% (29.1) // 50.3% (31.5) // 51.1% (31.6) // 50.3% (31.3)",
        "scoringAgainst": "48.7% (29.2) // 52.0% (30.9) // 54.5% (32.2) // 56.0% (34.0)",
        "oppCorsi": "50.7% (59.3) // 50.6% (58.5) // 47.6% (54.9) // 44.2% (48.0)",
        "oppFenwick": "50.5% (43.5) // 50.3% (43.0) // 48.8% (41.4) // 46.8% (35.5)",
        "oppShots": "50.6% (31.1) // 50.7% (31.6) // 47.6% (29.1) // 47.5% (27.4)",
        "oppScoring": "50.8% (29.6) // 51.0% (29.2) // 50.0% (29.6) // 40.2% (21.6)",
        "oppCorsiAgainst": "49.3% (57.7) // 49.4% (57.1) // 52.4% (60.5) // 55.8% (60.5)",
        "oppFenwickAgainst": "49.5% (42.7) // 49.7% (42.5) // 51.2% (43.3) // 53.2% (40.3)",
        "oppShotsAgainst": "49.4% (30.3) // 49.3% (30.7) // 52.4% (32.1) // 52.5% (30.2)",
        "oppScoringAgainst": "49.2% (28.7) // 49.0% (28.0) // 50.0% (29.6) // 59.8% (32.2)",
        "savesPerGame": 26.9,
        "savesPerGameLast1": 31.0,
        "savesPerGameLast3": 29.3,
        "savesPerGameLast5": 29.6,
        "savesPer60": 27.0,
        "savesPer60Last1": 31.9,
        "savesPer60Last3": 29.3,
        "savesPer60Last5": 29.5,
        "shotsPerGame": 31.7,
        "shotsPerGameLast5": 30.4,
        "shotsAgainstPerGame": 29.5,
        "shotsAgainstPerGameLast5": 31.8,
        "oppSavesAgainstPer60": 28.5,
        "oppSavesAgainstPer60Last1": 30.6,
        "oppSavesAgainstPer60Last3": 28.8,
        "oppSavesAgainstPer60Last5": 27.7,
        "oppShotsAgainstPerGame": 30.6,
        "oppShotsAgainstPerGameLast5": 34.0,
        "savesProj": 27.8,
        "savesProjLast5": 29.8,
        "savesProjLast3": 30.5,
        "oppSavesAgainstProj": 27.2,
        "oppSavesAgainstProjLast5": 27.5,
        "oppSavesAgainstProjLast3": 29.7,
        "totalOver": 51,
        "totalOverLast5": 40,
        "totalOverLast15": 40,
        "lastTotalOver": 58,
        "last5": "0,0,1,0,1,0,2,0,1,1",
        "overOdds": "-130",
        "underOdds": "-110",
        "overUnder": "-130 / -110"
    },
    {
        "player": "Chris Kreider",
        "team": "NYR",
        "opponent": "WSH",
        "propType": "sog",
        "line": 2.5,
        "ppLine": "",
        "avg": 3.0,
        "hit": false,
        "diffAvg": 0.2,
        "diffAbs": 0.04,
        "lastAvg": 2.5,
        "diff": 0.0,
        "avgMin": 18,
        "proj": 2.4,
        "lastAvgMin": 18.72,
        "oppOver": 0,
        "teamOver": 0,
        "gameLine": "-130",
        "+/-": "+22",
        "L5_+/-": "+4.0",
        "prevMatchup": "2023-03-14 5.0 sog 2023-02-25 3.0 sog 2022-12-27 3.0 sog",
        "winLossSplits": "3.27 - 2.48",
        "awayHome": "A",
        "playedYesterday": "N",
        "awayHomeSplits": "2.89 - 3.11",
        "savesAboveExp": "-",
        "gsaa": "-",
        "corsi": "51.4% (58.2) // 46.3% (52.3) // 45.2% (50.9) // 48.1% (55.1)",
        "fenwick": "52.1% (43.9) // 48.5% (41.2) // 47.8% (40.9) // 49.8% (44.5)",
        "shots": "51.8% (31.2) // 49.7% (31.1) // 48.9% (30.2) // 49.7% (31.0)",
        "scoring": "51.3% (30.8) // 48.0% (28.5) // 45.5% (26.8) // 44.0% (26.7)",
        "corsiAgainst": "48.6% (55.0) // 53.7% (60.7) // 54.8% (61.6) // 51.9% (59.4)",
        "fenwickAgainst": "47.9% (40.4) // 51.5% (43.7) // 52.2% (44.7) // 50.2% (44.9)",
        "shotsAgainst": "48.2% (29.1) // 50.3% (31.5) // 51.1% (31.6) // 50.3% (31.3)",
        "scoringAgainst": "48.7% (29.2) // 52.0% (30.9) // 54.5% (32.2) // 56.0% (34.0)",
        "oppCorsi": "50.7% (59.3) // 50.6% (58.5) // 47.6% (54.9) // 44.2% (48.0)",
        "oppFenwick": "50.5% (43.5) // 50.3% (43.0) // 48.8% (41.4) // 46.8% (35.5)",
        "oppShots": "50.6% (31.1) // 50.7% (31.6) // 47.6% (29.1) // 47.5% (27.4)",
        "oppScoring": "50.8% (29.6) // 51.0% (29.2) // 50.0% (29.6) // 40.2% (21.6)",
        "oppCorsiAgainst": "49.3% (57.7) // 49.4% (57.1) // 52.4% (60.5) // 55.8% (60.5)",
        "oppFenwickAgainst": "49.5% (42.7) // 49.7% (42.5) // 51.2% (43.3) // 53.2% (40.3)",
        "oppShotsAgainst": "49.4% (30.3) // 49.3% (30.7) // 52.4% (32.1) // 52.5% (30.2)",
        "oppScoringAgainst": "49.2% (28.7) // 49.0% (28.0) // 50.0% (29.6) // 59.8% (32.2)",
        "savesPerGame": 26.9,
        "savesPerGameLast1": 31.0,
        "savesPerGameLast3": 29.3,
        "savesPerGameLast5": 29.6,
        "savesPer60": 27.0,
        "savesPer60Last1": 31.9,
        "savesPer60Last3": 29.3,
        "savesPer60Last5": 29.5,
        "shotsPerGame": 31.7,
        "shotsPerGameLast5": 30.4,
        "shotsAgainstPerGame": 29.5,
        "shotsAgainstPerGameLast5": 31.8,
        "oppSavesAgainstPer60": 28.5,
        "oppSavesAgainstPer60Last1": 30.6,
        "oppSavesAgainstPer60Last3": 28.8,
        "oppSavesAgainstPer60Last5": 27.7,
        "oppShotsAgainstPerGame": 30.6,
        "oppShotsAgainstPerGameLast5": 34.0,
        "savesProj": 27.8,
        "savesProjLast5": 29.8,
        "savesProjLast3": 30.5,
        "oppSavesAgainstProj": 27.2,
        "oppSavesAgainstProjLast5": 27.5,
        "oppSavesAgainstProjLast3": 29.7,
        "totalOver": 53,
        "totalOverLast5": 60,
        "totalOverLast15": 40,
        "lastTotalOver": 56,
        "last5": "1,3,4,4,0,4,1,2,4,5",
        "overOdds": "-110",
        "underOdds": "-130",
        "overUnder": "-110 / -130"
    },
    {
        "player": "Chris Kreider",
        "team": "NYR",
        "opponent": "WSH",
        "propType": "pts",
        "line": 0.5,
        "ppLine": "",
        "avg": 0.7,
        "hit": false,
        "diffAvg": 0.4,
        "diffAbs": 0.4,
        "lastAvg": 0.75,
        "diff": 0.5,
        "avgMin": 18,
        "proj": 0.7,
        "lastAvgMin": 18.72,
        "oppOver": 0,
        "teamOver": 0,
        "gameLine": "-130",
        "+/-": "+22",
        "L5_+/-": "+4.0",
        "prevMatchup": "2023-03-14 0.0 pts 2023-02-25 2.0 pts 2022-12-27 0.0 pts",
        "winLossSplits": "0.8 - 0.54",
        "awayHome": "A",
        "playedYesterday": "N",
        "awayHomeSplits": "0.68 - 0.72",
        "savesAboveExp": "-",
        "gsaa": "-",
        "corsi": "51.4% (58.2) // 46.3% (52.3) // 45.2% (50.9) // 48.1% (55.1)",
        "fenwick": "52.1% (43.9) // 48.5% (41.2) // 47.8% (40.9) // 49.8% (44.5)",
        "shots": "51.8% (31.2) // 49.7% (31.1) // 48.9% (30.2) // 49.7% (31.0)",
        "scoring": "51.3% (30.8) // 48.0% (28.5) // 45.5% (26.8) // 44.0% (26.7)",
        "corsiAgainst": "48.6% (55.0) // 53.7% (60.7) // 54.8% (61.6) // 51.9% (59.4)",
        "fenwickAgainst": "47.9% (40.4) // 51.5% (43.7) // 52.2% (44.7) // 50.2% (44.9)",
        "shotsAgainst": "48.2% (29.1) // 50.3% (31.5) // 51.1% (31.6) // 50.3% (31.3)",
        "scoringAgainst": "48.7% (29.2) // 52.0% (30.9) // 54.5% (32.2) // 56.0% (34.0)",
        "oppCorsi": "50.7% (59.3) // 50.6% (58.5) // 47.6% (54.9) // 44.2% (48.0)",
        "oppFenwick": "50.5% (43.5) // 50.3% (43.0) // 48.8% (41.4) // 46.8% (35.5)",
        "oppShots": "50.6% (31.1) // 50.7% (31.6) // 47.6% (29.1) // 47.5% (27.4)",
        "oppScoring": "50.8% (29.6) // 51.0% (29.2) // 50.0% (29.6) // 40.2% (21.6)",
        "oppCorsiAgainst": "49.3% (57.7) // 49.4% (57.1) // 52.4% (60.5) // 55.8% (60.5)",
        "oppFenwickAgainst": "49.5% (42.7) // 49.7% (42.5) // 51.2% (43.3) // 53.2% (40.3)",
        "oppShotsAgainst": "49.4% (30.3) // 49.3% (30.7) // 52.4% (32.1) // 52.5% (30.2)",
        "oppScoringAgainst": "49.2% (28.7) // 49.0% (28.0) // 50.0% (29.6) // 59.8% (32.2)",
        "savesPerGame": 26.9,
        "savesPerGameLast1": 31.0,
        "savesPerGameLast3": 29.3,
        "savesPerGameLast5": 29.6,
        "savesPer60": 27.0,
        "savesPer60Last1": 31.9,
        "savesPer60Last3": 29.3,
        "savesPer60Last5": 29.5,
        "shotsPerGame": 31.7,
        "shotsPerGameLast5": 30.4,
        "shotsAgainstPerGame": 29.5,
        "shotsAgainstPerGameLast5": 31.8,
        "oppSavesAgainstPer60": 28.5,
        "oppSavesAgainstPer60Last1": 30.6,
        "oppSavesAgainstPer60Last3": 28.8,
        "oppSavesAgainstPer60Last5": 27.7,
        "oppShotsAgainstPerGame": 30.6,
        "oppShotsAgainstPerGameLast5": 34.0,
        "savesProj": 27.8,
        "savesProjLast5": 29.8,
        "savesProjLast3": 30.5,
        "oppSavesAgainstProj": 27.2,
        "oppSavesAgainstProjLast5": 27.5,
        "oppSavesAgainstProjLast3": 29.7,
        "totalOver": 55,
        "totalOverLast5": 40,
        "totalOverLast15": 40,
        "lastTotalOver": 60,
        "last5": "0,1,1,0,0,0,1,1,2,0",
        "overOdds": "-125",
        "underOdds": "-115",
        "overUnder": "-125 / -115"
    },
    {
        "player": "Chris Kreider",
        "team": "NYR",
        "opponent": "WSH",
        "propType": "ast",
        "line": 0.5,
        "ppLine": "",
        "avg": 0.26,
        "hit": false,
        "diffAvg": -0.48,
        "diffAbs": 0.6,
        "lastAvg": 0.24,
        "diff": -0.52,
        "avgMin": 18,
        "proj": 0.2,
        "lastAvgMin": 18.72,
        "oppOver": 0,
        "teamOver": 0,
        "gameLine": "-130",
        "+/-": "+22",
        "L5_+/-": "+4.0",
        "prevMatchup": "2023-03-14 0.0 ast 2023-02-25 1.0 ast 2022-12-27 0.0 ast",
        "winLossSplits": "0.26 - 0.23",
        "awayHome": "A",
        "playedYesterday": "N",
        "awayHomeSplits": "0.19 - 0.33",
        "savesAboveExp": "-",
        "gsaa": "-",
        "corsi": "51.4% (58.2) // 46.3% (52.3) // 45.2% (50.9) // 48.1% (55.1)",
        "fenwick": "52.1% (43.9) // 48.5% (41.2) // 47.8% (40.9) // 49.8% (44.5)",
        "shots": "51.8% (31.2) // 49.7% (31.1) // 48.9% (30.2) // 49.7% (31.0)",
        "scoring": "51.3% (30.8) // 48.0% (28.5) // 45.5% (26.8) // 44.0% (26.7)",
        "corsiAgainst": "48.6% (55.0) // 53.7% (60.7) // 54.8% (61.6) // 51.9% (59.4)",
        "fenwickAgainst": "47.9% (40.4) // 51.5% (43.7) // 52.2% (44.7) // 50.2% (44.9)",
        "shotsAgainst": "48.2% (29.1) // 50.3% (31.5) // 51.1% (31.6) // 50.3% (31.3)",
        "scoringAgainst": "48.7% (29.2) // 52.0% (30.9) // 54.5% (32.2) // 56.0% (34.0)",
        "oppCorsi": "50.7% (59.3) // 50.6% (58.5) // 47.6% (54.9) // 44.2% (48.0)",
        "oppFenwick": "50.5% (43.5) // 50.3% (43.0) // 48.8% (41.4) // 46.8% (35.5)",
        "oppShots": "50.6% (31.1) // 50.7% (31.6) // 47.6% (29.1) // 47.5% (27.4)",
        "oppScoring": "50.8% (29.6) // 51.0% (29.2) // 50.0% (29.6) // 40.2% (21.6)",
        "oppCorsiAgainst": "49.3% (57.7) // 49.4% (57.1) // 52.4% (60.5) // 55.8% (60.5)",
        "oppFenwickAgainst": "49.5% (42.7) // 49.7% (42.5) // 51.2% (43.3) // 53.2% (40.3)",
        "oppShotsAgainst": "49.4% (30.3) // 49.3% (30.7) // 52.4% (32.1) // 52.5% (30.2)",
        "oppScoringAgainst": "49.2% (28.7) // 49.0% (28.0) // 50.0% (29.6) // 59.8% (32.2)",
        "savesPerGame": 26.9,
        "savesPerGameLast1": 31.0,
        "savesPerGameLast3": 29.3,
        "savesPerGameLast5": 29.6,
        "savesPer60": 27.0,
        "savesPer60Last1": 31.9,
        "savesPer60Last3": 29.3,
        "savesPer60Last5": 29.5,
        "shotsPerGame": 31.7,
        "shotsPerGameLast5": 30.4,
        "shotsAgainstPerGame": 29.5,
        "shotsAgainstPerGameLast5": 31.8,
        "oppSavesAgainstPer60": 28.5,
        "oppSavesAgainstPer60Last1": 30.6,
        "oppSavesAgainstPer60Last3": 28.8,
        "oppSavesAgainstPer60Last5": 27.7,
        "oppShotsAgainstPerGame": 30.6,
        "oppShotsAgainstPerGameLast5": 34.0,
        "savesProj": 27.8,
        "savesProjLast5": 29.8,
        "savesProjLast3": 30.5,
        "oppSavesAgainstProj": 27.2,
        "oppSavesAgainstProjLast5": 27.5,
        "oppSavesAgainstProjLast3": 29.7,
        "totalOver": 23,
        "totalOverLast5": 20,
        "totalOverLast15": 7,
        "lastTotalOver": 26,
        "last5": "0,0,1,0,0,0,0,0,0,0",
        "overOdds": "+210",
        "underOdds": "-290",
        "overUnder": "+210 / -290"
    },
    {
        "player": "Dylan Strome",
        "team": "WSH",
        "opponent": "NYR",
        "propType": "sog",
        "line": 1.5,
        "ppLine": "",
        "avg": 1.89,
        "hit": false,
        "diffAvg": 0.26,
        "diffAbs": 0.13,
        "lastAvg": 1.83,
        "diff": 0.22,
        "avgMin": 16,
        "proj": 1.7,
        "lastAvgMin": 17.43,
        "oppOver": 0,
        "teamOver": 0,
        "gameLine": "+110",
        "+/-": -5,
        "L5_+/-": 0.0,
        "prevMatchup": "2023-03-14 1.0 sog 2023-02-25 2.0 sog 2022-12-27 2.0 sog",
        "winLossSplits": "1.72 - 1.92",
        "awayHome": "H",
        "playedYesterday": "N",
        "awayHomeSplits": "1.82 - 1.97",
