[
    {
        "player": "Adam Fox",
        "team": "NYR",
        "opponent": "TB",
        "propType": "sog",
        "line": 1.5,
        "ppLine": "PP1",
        "avg": 2.04,
        "hit": false,
        "diffAvg": 0.36,
        "diffAbs": 0.07,
        "lastAvg": 1.61,
        "diff": 0.07,
        "avgMin": 24,
        "proj": 1.6,
        "lastAvgMin": 23.9,
        "oppOver": 0,
        "teamOver": 0,
        "gameLine": "-120",
        "+/-": "+28",
        "L5_+/-": "+8.0",
        "prevMatchup": "2022-12-29 2.0 sog 2022-10-11 0.0 sog",
        "winLossSplits": "60% - 62%",
        "awayHome": "H",
        "playedYesterday": "N",
        "awayHomeSplits": "67% - 55%",
        "savesAboveExp": 0.522,
        "gsaa": 24.74,
        "corsi": "51.4% (58.2) // 46.4% (52.2) // 48.9% (56.6) // 47.6% (56.1)",
        "fenwick": "52.1% (44.0) // 48.4% (41.4) // 50.4% (45.9) // 49.5% (45.5)",
        "shots": "51.8% (31.3) // 49.8% (30.9) // 51.0% (31.8) // 49.7% (30.4)",
        "scoring": "51.3% (30.8) // 47.7% (28.7) // 46.2% (29.0) // 44.6% (28.4)",
        "corsiAgainst": "48.6% (55.0) // 53.6% (60.3) // 51.1% (59.0) // 52.4% (61.7)",
        "fenwickAgainst": "47.9% (40.4) // 51.6% (44.1) // 49.6% (45.2) // 50.5% (46.5)",
        "shotsAgainst": "48.2% (29.1) // 50.2% (31.2) // 49.0% (30.5) // 50.3% (30.7)",
        "scoringAgainst": "48.7% (29.3) // 52.3% (31.5) // 53.8% (33.7) // 55.4% (35.3)",
        "oppCorsi": "51.5% (59.4) // 51.1% (57.7) // 50.0% (54.3) // 51.1% (57.5)",
        "oppFenwick": "51.5% (44.7) // 49.2% (41.3) // 47.4% (39.7) // 50.9% (44.5)",
        "oppShots": "50.5% (31.6) // 49.0% (29.3) // 46.5% (29.0) // 48.9% (33.0)",
        "oppScoring": "53.2% (33.9) // 49.9% (29.5) // 54.6% (31.3) // 59.7% (37.0)",
        "oppCorsiAgainst": "48.5% (56.0) // 48.9% (55.2) // 50.0% (54.3) // 48.9% (55.0)",
        "oppFenwickAgainst": "48.5% (42.1) // 50.8% (42.5) // 52.6% (44.0) // 49.1% (43.0)",
        "oppShotsAgainst": "49.5% (31.0) // 51.0% (30.4) // 53.5% (33.3) // 51.1% (34.5)",
        "oppScoringAgainst": "46.8% (29.8) // 50.1% (29.6) // 45.4% (26.0) // 40.3% (25.0)",
        "savesPerGame": 26.8,
        "savesPerGameLast1": 26.0,
        "savesPerGameLast3": 28.7,
        "savesPerGameLast5": 29.0,
        "savesPer60": 27.0,
        "savesPer60Last1": 26.0,
        "savesPer60Last3": 28.7,
        "savesPer60Last5": 29.0,
        "shotsPerGame": 31.7,
        "shotsPerGameLast5": 34.0,
        "shotsAgainstPerGame": 29.5,
        "shotsAgainstPerGameLast5": 31.4,
        "oppSavesAgainstPer60": 28.5,
        "oppSavesAgainstPer60Last1": 26.9,
        "oppSavesAgainstPer60Last3": 24.7,
        "oppSavesAgainstPer60Last5": 25.3,
        "oppShotsAgainstPerGame": 31.3,
        "oppShotsAgainstPerGameLast5": 33.8,
        "savesProj": 27.1,
        "savesProjLast5": 25.8,
        "savesProjLast3": 24.7,
        "oppSavesAgainstProj": 26.9,
        "oppSavesAgainstProjLast5": 24.8,
        "oppSavesAgainstProjLast3": 24.1,
        "totalOver": 61,
        "totalOverLast5": 80,
        "totalOverLast15": 67,
        "lastTotalOver": 64,
        "last5": "0,4,2,2,3,3,0,2,3,1",
        "overOdds": "-155",
        "underOdds": "+125",
        "overUnder": "-155 / +125"
    },
    {
        "player": "Adam Fox",
        "team": "NYR",
        "opponent": "TB",
        "propType": "pts",
        "line": 0.5,
        "ppLine": "PP1",
        "avg": 0.87,
        "hit": false,
        "diffAvg": 0.74,
        "diffAbs": 0.6,
        "lastAvg": 0.76,
        "diff": 0.52,
        "avgMin": 24,
        "proj": 0.8,
        "lastAvgMin": 23.9,
        "oppOver": 0,
        "teamOver": 0,
        "gameLine": "-120",
        "+/-": "+28",
        "L5_+/-": "+8.0",
        "prevMatchup": "2022-12-29 0.0 pts 2022-10-11 0.0 pts",
        "winLossSplits": "71% - 50%",
        "awayHome": "H",
        "playedYesterday": "N",
        "awayHomeSplits": "51% - 74%",
        "savesAboveExp": 0.522,
        "gsaa": 24.74,
        "corsi": "51.4% (58.2) // 46.4% (52.2) // 48.9% (56.6) // 47.6% (56.1)",
        "fenwick": "52.1% (44.0) // 48.4% (41.4) // 50.4% (45.9) // 49.5% (45.5)",
        "shots": "51.8% (31.3) // 49.8% (30.9) // 51.0% (31.8) // 49.7% (30.4)",
        "scoring": "51.3% (30.8) // 47.7% (28.7) // 46.2% (29.0) // 44.6% (28.4)",
        "corsiAgainst": "48.6% (55.0) // 53.6% (60.3) // 51.1% (59.0) // 52.4% (61.7)",
        "fenwickAgainst": "47.9% (40.4) // 51.6% (44.1) // 49.6% (45.2) // 50.5% (46.5)",
        "shotsAgainst": "48.2% (29.1) // 50.2% (31.2) // 49.0% (30.5) // 50.3% (30.7)",
        "scoringAgainst": "48.7% (29.3) // 52.3% (31.5) // 53.8% (33.7) // 55.4% (35.3)",
        "oppCorsi": "51.5% (59.4) // 51.1% (57.7) // 50.0% (54.3) // 51.1% (57.5)",
        "oppFenwick": "51.5% (44.7) // 49.2% (41.3) // 47.4% (39.7) // 50.9% (44.5)",
        "oppShots": "50.5% (31.6) // 49.0% (29.3) // 46.5% (29.0) // 48.9% (33.0)",
        "oppScoring": "53.2% (33.9) // 49.9% (29.5) // 54.6% (31.3) // 59.7% (37.0)",
        "oppCorsiAgainst": "48.5% (56.0) // 48.9% (55.2) // 50.0% (54.3) // 48.9% (55.0)",
        "oppFenwickAgainst": "48.5% (42.1) // 50.8% (42.5) // 52.6% (44.0) // 49.1% (43.0)",
        "oppShotsAgainst": "49.5% (31.0) // 51.0% (30.4) // 53.5% (33.3) // 51.1% (34.5)",
        "oppScoringAgainst": "46.8% (29.8) // 50.1% (29.6) // 45.4% (26.0) // 40.3% (25.0)",
        "savesPerGame": 26.8,
        "savesPerGameLast1": 26.0,
        "savesPerGameLast3": 28.7,
        "savesPerGameLast5": 29.0,
        "savesPer60": 27.0,
        "savesPer60Last1": 26.0,
        "savesPer60Last3": 28.7,
        "savesPer60Last5": 29.0,
        "shotsPerGame": 31.7,
        "shotsPerGameLast5": 34.0,
        "shotsAgainstPerGame": 29.5,
        "shotsAgainstPerGameLast5": 31.4,
        "oppSavesAgainstPer60": 28.5,
        "oppSavesAgainstPer60Last1": 26.9,
        "oppSavesAgainstPer60Last3": 24.7,
        "oppSavesAgainstPer60Last5": 25.3,
        "oppShotsAgainstPerGame": 31.3,
        "oppShotsAgainstPerGameLast5": 33.8,
        "savesProj": 27.1,
        "savesProjLast5": 25.8,
        "savesProjLast3": 24.7,
        "oppSavesAgainstProj": 26.9,
        "oppSavesAgainstProjLast5": 24.8,
        "oppSavesAgainstProjLast3": 24.1,
        "totalOver": 62,
        "totalOverLast5": 40,
        "totalOverLast15": 67,
        "lastTotalOver": 67,
        "last5": "0,1,0,2,0,1,1,1,1,1",
        "overOdds": "-145",
        "underOdds": "+115",
        "overUnder": "-145 / +115"
    },
    {
        "player": "Adam Fox",
        "team": "NYR",
        "opponent": "TB",
        "propType": "ast",
        "line": 0.5,
        "ppLine": "PP1",
        "avg": 0.71,
        "hit": false,
        "diffAvg": 0.42,
        "diffAbs": 0.2,
        "lastAvg": 0.64,
        "diff": 0.28,
        "avgMin": 24,
        "proj": 0.6,
        "lastAvgMin": 23.9,
        "oppOver": 0,
        "teamOver": 0,
        "gameLine": "-120",
        "+/-": "+28",
        "L5_+/-": "+8.0",
        "prevMatchup": "2022-12-29 0.0 ast 2022-10-11 0.0 ast",
        "winLossSplits": "64% - 41%",
        "awayHome": "H",
        "playedYesterday": "N",
        "awayHomeSplits": "44% - 66%",
        "savesAboveExp": 0.522,
        "gsaa": 24.74,
        "corsi": "51.4% (58.2) // 46.4% (52.2) // 48.9% (56.6) // 47.6% (56.1)",
        "fenwick": "52.1% (44.0) // 48.4% (41.4) // 50.4% (45.9) // 49.5% (45.5)",
        "shots": "51.8% (31.3) // 49.8% (30.9) // 51.0% (31.8) // 49.7% (30.4)",
        "scoring": "51.3% (30.8) // 47.7% (28.7) // 46.2% (29.0) // 44.6% (28.4)",
        "corsiAgainst": "48.6% (55.0) // 53.6% (60.3) // 51.1% (59.0) // 52.4% (61.7)",
        "fenwickAgainst": "47.9% (40.4) // 51.6% (44.1) // 49.6% (45.2) // 50.5% (46.5)",
        "shotsAgainst": "48.2% (29.1) // 50.2% (31.2) // 49.0% (30.5) // 50.3% (30.7)",
        "scoringAgainst": "48.7% (29.3) // 52.3% (31.5) // 53.8% (33.7) // 55.4% (35.3)",
        "oppCorsi": "51.5% (59.4) // 51.1% (57.7) // 50.0% (54.3) // 51.1% (57.5)",
        "oppFenwick": "51.5% (44.7) // 49.2% (41.3) // 47.4% (39.7) // 50.9% (44.5)",
        "oppShots": "50.5% (31.6) // 49.0% (29.3) // 46.5% (29.0) // 48.9% (33.0)",
        "oppScoring": "53.2% (33.9) // 49.9% (29.5) // 54.6% (31.3) // 59.7% (37.0)",
        "oppCorsiAgainst": "48.5% (56.0) // 48.9% (55.2) // 50.0% (54.3) // 48.9% (55.0)",
        "oppFenwickAgainst": "48.5% (42.1) // 50.8% (42.5) // 52.6% (44.0) // 49.1% (43.0)",
        "oppShotsAgainst": "49.5% (31.0) // 51.0% (30.4) // 53.5% (33.3) // 51.1% (34.5)",
        "oppScoringAgainst": "46.8% (29.8) // 50.1% (29.6) // 45.4% (26.0) // 40.3% (25.0)",
        "savesPerGame": 26.8,
        "savesPerGameLast1": 26.0,
        "savesPerGameLast3": 28.7,
        "savesPerGameLast5": 29.0,
        "savesPer60": 27.0,
        "savesPer60Last1": 26.0,
        "savesPer60Last3": 28.7,
        "savesPer60Last5": 29.0,
        "shotsPerGame": 31.7,
        "shotsPerGameLast5": 34.0,
        "shotsAgainstPerGame": 29.5,
        "shotsAgainstPerGameLast5": 31.4,
        "oppSavesAgainstPer60": 28.5,
        "oppSavesAgainstPer60Last1": 26.9,
        "oppSavesAgainstPer60Last3": 24.7,
        "oppSavesAgainstPer60Last5": 25.3,
        "oppShotsAgainstPerGame": 31.3,
        "oppShotsAgainstPerGameLast5": 33.8,
        "savesProj": 27.1,
        "savesProjLast5": 25.8,
        "savesProjLast3": 24.7,
        "oppSavesAgainstProj": 26.9,
        "oppSavesAgainstProjLast5": 24.8,
        "oppSavesAgainstProjLast3": 24.1,
        "totalOver": 55,
        "totalOverLast5": 20,
        "totalOverLast15": 53,
        "lastTotalOver": 57,
        "last5": "0,0,0,2,0,0,1,1,1,1",
        "overOdds": "-120",
        "underOdds": "-110",
        "overUnder": "-120 / -110"
    },
    {
        "player": "Adam Fox",
        "team": "NYR",
        "opponent": "TB",
        "propType": "g",
        "line": 0.5,
        "ppLine": "PP1",
        "avg": 0.16,
        "hit": false,
        "diffAvg": -0.68,
        "diffAbs": 0.8,
        "lastAvg": 0.11,
        "diff": -0.78,
        "avgMin": 24,
        "proj": 0.1,
        "lastAvgMin": 23.9,
        "oppOver": 0,
        "teamOver": 0,
        "gameLine": "-120",
        "+/-": "+28",
        "L5_+/-": "+8.0",
        "prevMatchup": "2022-12-29 0.0 g 2022-10-11 0.0 g",
        "winLossSplits": "20% - 9%",
        "awayHome": "H",
        "playedYesterday": "N",
        "awayHomeSplits": "13% - 18%",
        "savesAboveExp": 0.522,
        "gsaa": 24.74,
        "corsi": "51.4% (58.2) // 46.4% (52.2) // 48.9% (56.6) // 47.6% (56.1)",
        "fenwick": "52.1% (44.0) // 48.4% (41.4) // 50.4% (45.9) // 49.5% (45.5)",
        "shots": "51.8% (31.3) // 49.8% (30.9) // 51.0% (31.8) // 49.7% (30.4)",
        "scoring": "51.3% (30.8) // 47.7% (28.7) // 46.2% (29.0) // 44.6% (28.4)",
        "corsiAgainst": "48.6% (55.0) // 53.6% (60.3) // 51.1% (59.0) // 52.4% (61.7)",
        "fenwickAgainst": "47.9% (40.4) // 51.6% (44.1) // 49.6% (45.2) // 50.5% (46.5)",
        "shotsAgainst": "48.2% (29.1) // 50.2% (31.2) // 49.0% (30.5) // 50.3% (30.7)",
        "scoringAgainst": "48.7% (29.3) // 52.3% (31.5) // 53.8% (33.7) // 55.4% (35.3)",
        "oppCorsi": "51.5% (59.4) // 51.1% (57.7) // 50.0% (54.3) // 51.1% (57.5)",
        "oppFenwick": "51.5% (44.7) // 49.2% (41.3) // 47.4% (39.7) // 50.9% (44.5)",
        "oppShots": "50.5% (31.6) // 49.0% (29.3) // 46.5% (29.0) // 48.9% (33.0)",
        "oppScoring": "53.2% (33.9) // 49.9% (29.5) // 54.6% (31.3) // 59.7% (37.0)",
        "oppCorsiAgainst": "48.5% (56.0) // 48.9% (55.2) // 50.0% (54.3) // 48.9% (55.0)",
        "oppFenwickAgainst": "48.5% (42.1) // 50.8% (42.5) // 52.6% (44.0) // 49.1% (43.0)",
        "oppShotsAgainst": "49.5% (31.0) // 51.0% (30.4) // 53.5% (33.3) // 51.1% (34.5)",
        "oppScoringAgainst": "46.8% (29.8) // 50.1% (29.6) // 45.4% (26.0) // 40.3% (25.0)",
        "savesPerGame": 26.8,
        "savesPerGameLast1": 26.0,
        "savesPerGameLast3": 28.7,
        "savesPerGameLast5": 29.0,
        "savesPer60": 27.0,
        "savesPer60Last1": 26.0,
        "savesPer60Last3": 28.7,
        "savesPer60Last5": 29.0,
        "shotsPerGame": 31.7,
        "shotsPerGameLast5": 34.0,
        "shotsAgainstPerGame": 29.5,
        "shotsAgainstPerGameLast5": 31.4,
        "oppSavesAgainstPer60": 28.5,
        "oppSavesAgainstPer60Last1": 26.9,
        "oppSavesAgainstPer60Last3": 24.7,
        "oppSavesAgainstPer60Last5": 25.3,
        "oppShotsAgainstPerGame": 31.3,
        "oppShotsAgainstPerGameLast5": 33.8,
        "savesProj": 27.1,
        "savesProjLast5": 25.8,
        "savesProjLast3": 24.7,
        "oppSavesAgainstProj": 26.9,
        "oppSavesAgainstProjLast5": 24.8,
        "oppSavesAgainstProjLast3": 24.1,
        "totalOver": 16,
        "totalOverLast5": 20,
        "totalOverLast15": 13,
        "lastTotalOver": 17,
        "last5": "0,1,0,0,0,1,0,0,0,0",
        "overOdds": "+400",
        "underOdds": "0",
        "overUnder": "+400 / 0"
    },
    {
        "player": "Adam Fox",
        "team": "NYR",
        "opponent": "TB",
        "propType": "bs",
        "line": 1.5,
        "ppLine": "PP1",
        "avg": 1.55,
        "hit": false,
        "diffAvg": 0.03,
        "diffAbs": 1.0,
        "lastAvg": 0.0,
        "diff": 0,
        "avgMin": 24,
        "proj": 0.0,
        "lastAvgMin": 23.9,
        "oppOver": 0,
        "teamOver": 0,
        "gameLine": "-120",
        "+/-": "+28",
        "L5_+/-": "+8.0",
        "prevMatchup": "2022-12-29 2.0 bs 2022-10-11 2.0 bs",
        "winLossSplits": "44% - 56%",
        "awayHome": "H",
        "playedYesterday": "N",
        "awayHomeSplits": "51% - 47%",
        "savesAboveExp": 0.522,
        "gsaa": 24.74,
        "corsi": "51.4% (58.2) // 46.4% (52.2) // 48.9% (56.6) // 47.6% (56.1)",
        "fenwick": "52.1% (44.0) // 48.4% (41.4) // 50.4% (45.9) // 49.5% (45.5)",
        "shots": "51.8% (31.3) // 49.8% (30.9) // 51.0% (31.8) // 49.7% (30.4)",
        "scoring": "51.3% (30.8) // 47.7% (28.7) // 46.2% (29.0) // 44.6% (28.4)",
        "corsiAgainst": "48.6% (55.0) // 53.6% (60.3) // 51.1% (59.0) // 52.4% (61.7)",
        "fenwickAgainst": "47.9% (40.4) // 51.6% (44.1) // 49.6% (45.2) // 50.5% (46.5)",
        "shotsAgainst": "48.2% (29.1) // 50.2% (31.2) // 49.0% (30.5) // 50.3% (30.7)",
        "scoringAgainst": "48.7% (29.3) // 52.3% (31.5) // 53.8% (33.7) // 55.4% (35.3)",
        "oppCorsi": "51.5% (59.4) // 51.1% (57.7) // 50.0% (54.3) // 51.1% (57.5)",
        "oppFenwick": "51.5% (44.7) // 49.2% (41.3) // 47.4% (39.7) // 50.9% (44.5)",
        "oppShots": "50.5% (31.6) // 49.0% (29.3) // 46.5% (29.0) // 48.9% (33.0)",
        "oppScoring": "53.2% (33.9) // 49.9% (29.5) // 54.6% (31.3) // 59.7% (37.0)",
        "oppCorsiAgainst": "48.5% (56.0) // 48.9% (55.2) // 50.0% (54.3) // 48.9% (55.0)",
        "oppFenwickAgainst": "48.5% (42.1) // 50.8% (42.5) // 52.6% (44.0) // 49.1% (43.0)",
        "oppShotsAgainst": "49.5% (31.0) // 51.0% (30.4) // 53.5% (33.3) // 51.1% (34.5)",
        "oppScoringAgainst": "46.8% (29.8) // 50.1% (29.6) // 45.4% (26.0) // 40.3% (25.0)",
        "savesPerGame": 26.8,
        "savesPerGameLast1": 26.0,
        "savesPerGameLast3": 28.7,
        "savesPerGameLast5": 29.0,
        "savesPer60": 27.0,
        "savesPer60Last1": 26.0,
        "savesPer60Last3": 28.7,
        "savesPer60Last5": 29.0,
        "shotsPerGame": 31.7,
        "shotsPerGameLast5": 34.0,
        "shotsAgainstPerGame": 29.5,
        "shotsAgainstPerGameLast5": 31.4,
        "oppSavesAgainstPer60": 28.5,
        "oppSavesAgainstPer60Last1": 26.9,
        "oppSavesAgainstPer60Last3": 24.7,
        "oppSavesAgainstPer60Last5": 25.3,
        "oppShotsAgainstPerGame": 31.3,
        "oppShotsAgainstPerGameLast5": 33.8,
        "savesProj": 27.1,
        "savesProjLast5": 25.8,
        "savesProjLast3": 24.7,
        "oppSavesAgainstProj": 26.9,
        "oppSavesAgainstProjLast5": 24.8,
        "oppSavesAgainstProjLast3": 24.1,
        "totalOver": 49,
        "totalOverLast5": 40,
        "totalOverLast15": 67,
        "lastTotalOver": 0,
        "last5": "1,3,2,1,1,3,1,2,3,3",
        "overOdds": "-130",
        "underOdds": "+100",
        "overUnder": "-130 / +100"
    },
    {
        "player": "Artemi Panarin",
        "team": "NYR",
        "opponent": "TB",
        "propType": "sog",
        "line": 2.5,
        "ppLine": "PP1",
        "avg": 2.49,
        "hit": false,
        "diffAvg": -0.0,
        "diffAbs": 0.28,
        "lastAvg": 1.86,
        "diff": -0.26,
        "avgMin": 19,
        "proj": 1.8,
        "lastAvgMin": 19.22,
        "oppOver": 0,
        "teamOver": 0,
        "gameLine": "-120",
        "+/-": "+5",
        "L5_+/-": "+6.0",
        "prevMatchup": "2022-12-29 4.0 sog 2022-10-11 1.0 sog",
        "winLossSplits": "44% - 53%",
        "awayHome": "H",
        "playedYesterday": "N",
        "awayHomeSplits": "49% - 47%",
        "savesAboveExp": 0.522,
        "gsaa": 24.74,
        "corsi": "51.4% (58.2) // 46.4% (52.2) // 48.9% (56.6) // 47.6% (56.1)",
        "fenwick": "52.1% (44.0) // 48.4% (41.4) // 50.4% (45.9) // 49.5% (45.5)",
        "shots": "51.8% (31.3) // 49.8% (30.9) // 51.0% (31.8) // 49.7% (30.4)",
        "scoring": "51.3% (30.8) // 47.7% (28.7) // 46.2% (29.0) // 44.6% (28.4)",
        "corsiAgainst": "48.6% (55.0) // 53.6% (60.3) // 51.1% (59.0) // 52.4% (61.7)",
        "fenwickAgainst": "47.9% (40.4) // 51.6% (44.1) // 49.6% (45.2) // 50.5% (46.5)",
        "shotsAgainst": "48.2% (29.1) // 50.2% (31.2) // 49.0% (30.5) // 50.3% (30.7)",
        "scoringAgainst": "48.7% (29.3) // 52.3% (31.5) // 53.8% (33.7) // 55.4% (35.3)",
        "oppCorsi": "51.5% (59.4) // 51.1% (57.7) // 50.0% (54.3) // 51.1% (57.5)",
        "oppFenwick": "51.5% (44.7) // 49.2% (41.3) // 47.4% (39.7) // 50.9% (44.5)",
        "oppShots": "50.5% (31.6) // 49.0% (29.3) // 46.5% (29.0) // 48.9% (33.0)",
        "oppScoring": "53.2% (33.9) // 49.9% (29.5) // 54.6% (31.3) // 59.7% (37.0)",
        "oppCorsiAgainst": "48.5% (56.0) // 48.9% (55.2) // 50.0% (54.3) // 48.9% (55.0)",
        "oppFenwickAgainst": "48.5% (42.1) // 50.8% (42.5) // 52.6% (44.0) // 49.1% (43.0)",
        "oppShotsAgainst": "49.5% (31.0) // 51.0% (30.4) // 53.5% (33.3) // 51.1% (34.5)",
        "oppScoringAgainst": "46.8% (29.8) // 50.1% (29.6) // 45.4% (26.0) // 40.3% (25.0)",
        "savesPerGame": 26.8,
        "savesPerGameLast1": 26.0,
        "savesPerGameLast3": 28.7,
        "savesPerGameLast5": 29.0,
        "savesPer60": 27.0,
        "savesPer60Last1": 26.0,
        "savesPer60Last3": 28.7,
        "savesPer60Last5": 29.0,
        "shotsPerGame": 31.7,
        "shotsPerGameLast5": 34.0,
        "shotsAgainstPerGame": 29.5,
        "shotsAgainstPerGameLast5": 31.4,
        "oppSavesAgainstPer60": 28.5,
        "oppSavesAgainstPer60Last1": 26.9,
        "oppSavesAgainstPer60Last3": 24.7,
        "oppSavesAgainstPer60Last5": 25.3,
        "oppShotsAgainstPerGame": 31.3,
        "oppShotsAgainstPerGameLast5": 33.8,
        "savesProj": 27.1,
        "savesProjLast5": 25.8,
        "savesProjLast3": 24.7,
        "oppSavesAgainstProj": 26.9,
        "oppSavesAgainstProjLast5": 24.8,
        "oppSavesAgainstProjLast3": 24.1,
        "totalOver": 48,
        "totalOverLast5": 80,
        "totalOverLast15": 40,
        "lastTotalOver": 37,
        "last5": "3,3,4,4,2,4,2,1,2,2",
        "overOdds": "-110",
        "underOdds": "-120",
        "overUnder": "-110 / -120"
    },
    {
        "player": "Artemi Panarin",
        "team": "NYR",
        "opponent": "TB",
        "propType": "pts",
        "line": 0.5,
        "ppLine": "PP1",
        "avg": 1.12,
        "hit": false,
        "diffAvg": 1.24,
        "diffAbs": 1.0,
        "lastAvg": 1.01,
        "diff": 1.02,
        "avgMin": 19,
        "proj": 1.0,
        "lastAvgMin": 19.22,
        "oppOver": 0,
        "teamOver": 0,
        "gameLine": "-120",
        "+/-": "+5",
        "L5_+/-": "+6.0",
        "prevMatchup": "2022-12-29 0.0 pts 2022-10-11 1.0 pts",
        "winLossSplits": "78% - 41%",
        "awayHome": "H",
        "playedYesterday": "N",
        "awayHomeSplits": "51% - 74%",
        "savesAboveExp": 0.522,
        "gsaa": 24.74,
        "corsi": "51.4% (58.2) // 46.4% (52.2) // 48.9% (56.6) // 47.6% (56.1)",
        "fenwick": "52.1% (44.0) // 48.4% (41.4) // 50.4% (45.9) // 49.5% (45.5)",
        "shots": "51.8% (31.3) // 49.8% (30.9) // 51.0% (31.8) // 49.7% (30.4)",
        "scoring": "51.3% (30.8) // 47.7% (28.7) // 46.2% (29.0) // 44.6% (28.4)",
        "corsiAgainst": "48.6% (55.0) // 53.6% (60.3) // 51.1% (59.0) // 52.4% (61.7)",
        "fenwickAgainst": "47.9% (40.4) // 51.6% (44.1) // 49.6% (45.2) // 50.5% (46.5)",
        "shotsAgainst": "48.2% (29.1) // 50.2% (31.2) // 49.0% (30.5) // 50.3% (30.7)",
        "scoringAgainst": "48.7% (29.3) // 52.3% (31.5) // 53.8% (33.7) // 55.4% (35.3)",
        "oppCorsi": "51.5% (59.4) // 51.1% (57.7) // 50.0% (54.3) // 51.1% (57.5)",
        "oppFenwick": "51.5% (44.7) // 49.2% (41.3) // 47.4% (39.7) // 50.9% (44.5)",
        "oppShots": "50.5% (31.6) // 49.0% (29.3) // 46.5% (29.0) // 48.9% (33.0)",
        "oppScoring": "53.2% (33.9) // 49.9% (29.5) // 54.6% (31.3) // 59.7% (37.0)",
        "oppCorsiAgainst": "48.5% (56.0) // 48.9% (55.2) // 50.0% (54.3) // 48.9% (55.0)",
        "oppFenwickAgainst": "48.5% (42.1) // 50.8% (42.5) // 52.6% (44.0) // 49.1% (43.0)",
        "oppShotsAgainst": "49.5% (31.0) // 51.0% (30.4) // 53.5% (33.3) // 51.1% (34.5)",
        "oppScoringAgainst": "46.8% (29.8) // 50.1% (29.6) // 45.4% (26.0) // 40.3% (25.0)",
        "savesPerGame": 26.8,
        "savesPerGameLast1": 26.0,
        "savesPerGameLast3": 28.7,
        "savesPerGameLast5": 29.0,
        "savesPer60": 27.0,
        "savesPer60Last1": 26.0,
        "savesPer60Last3": 28.7,
        "savesPer60Last5": 29.0,
        "shotsPerGame": 31.7,
        "shotsPerGameLast5": 34.0,
        "shotsAgainstPerGame": 29.5,
        "shotsAgainstPerGameLast5": 31.4,
        "oppSavesAgainstPer60": 28.5,
        "oppSavesAgainstPer60Last1": 26.9,
        "oppSavesAgainstPer60Last3": 24.7,
        "oppSavesAgainstPer60Last5": 25.3,
        "oppShotsAgainstPerGame": 31.3,
        "oppShotsAgainstPerGameLast5": 33.8,
        "savesProj": 27.1,
        "savesProjLast5": 25.8,
        "savesProjLast3": 24.7,
        "oppSavesAgainstProj": 26.9,
        "oppSavesAgainstProjLast5": 24.8,
        "oppSavesAgainstProjLast3": 24.1,
        "totalOver": 62,
        "totalOverLast5": 40,
        "totalOverLast15": 60,
        "lastTotalOver": 68,
        "last5": "3,0,0,2,0,2,0,3,2,1",
        "overOdds": "-230",
        "underOdds": "+185",
        "overUnder": "-230 / +185"
    },
    {
        "player": "Artemi Panarin",
        "team": "NYR",
        "opponent": "TB",
        "propType": "ast",
        "line": 0.5,
        "ppLine": "PP1",
        "avg": 0.79,
        "hit": false,
        "diffAvg": 0.58,
        "diffAbs": 0.6,
        "lastAvg": 0.78,
        "diff": 0.56,
        "avgMin": 19,
        "proj": 0.8,
        "lastAvgMin": 19.22,
        "oppOver": 0,
        "teamOver": 0,
        "gameLine": "-120",
        "+/-": "+5",
        "L5_+/-": "+6.0",
        "prevMatchup": "2022-12-29 0.0 ast 2022-10-11 1.0 ast",
        "winLossSplits": "69% - 28%",
        "awayHome": "H",
        "playedYesterday": "N",
        "awayHomeSplits": "49% - 55%",
        "savesAboveExp": 0.522,
        "gsaa": 24.74,
        "corsi": "51.4% (58.2) // 46.4% (52.2) // 48.9% (56.6) // 47.6% (56.1)",
        "fenwick": "52.1% (44.0) // 48.4% (41.4) // 50.4% (45.9) // 49.5% (45.5)",
        "shots": "51.8% (31.3) // 49.8% (30.9) // 51.0% (31.8) // 49.7% (30.4)",
        "scoring": "51.3% (30.8) // 47.7% (28.7) // 46.2% (29.0) // 44.6% (28.4)",
        "corsiAgainst": "48.6% (55.0) // 53.6% (60.3) // 51.1% (59.0) // 52.4% (61.7)",
        "fenwickAgainst": "47.9% (40.4) // 51.6% (44.1) // 49.6% (45.2) // 50.5% (46.5)",
        "shotsAgainst": "48.2% (29.1) // 50.2% (31.2) // 49.0% (30.5) // 50.3% (30.7)",
        "scoringAgainst": "48.7% (29.3) // 52.3% (31.5) // 53.8% (33.7) // 55.4% (35.3)",
        "oppCorsi": "51.5% (59.4) // 51.1% (57.7) // 50.0% (54.3) // 51.1% (57.5)",
        "oppFenwick": "51.5% (44.7) // 49.2% (41.3) // 47.4% (39.7) // 50.9% (44.5)",
        "oppShots": "50.5% (31.6) // 49.0% (29.3) // 46.5% (29.0) // 48.9% (33.0)",
        "oppScoring": "53.2% (33.9) // 49.9% (29.5) // 54.6% (31.3) // 59.7% (37.0)",
        "oppCorsiAgainst": "48.5% (56.0) // 48.9% (55.2) // 50.0% (54.3) // 48.9% (55.0)",
        "oppFenwickAgainst": "48.5% (42.1) // 50.8% (42.5) // 52.6% (44.0) // 49.1% (43.0)",
        "oppShotsAgainst": "49.5% (31.0) // 51.0% (30.4) // 53.5% (33.3) // 51.1% (34.5)",
        "oppScoringAgainst": "46.8% (29.8) // 50.1% (29.6) // 45.4% (26.0) // 40.3% (25.0)",
        "savesPerGame": 26.8,
        "savesPerGameLast1": 26.0,
        "savesPerGameLast3": 28.7,
        "savesPerGameLast5": 29.0,
        "savesPer60": 27.0,
        "savesPer60Last1": 26.0,
        "savesPer60Last3": 28.7,
        "savesPer60Last5": 29.0,
        "shotsPerGame": 31.7,
        "shotsPerGameLast5": 34.0,
        "shotsAgainstPerGame": 29.5,
        "shotsAgainstPerGameLast5": 31.4,
        "oppSavesAgainstPer60": 28.5,
        "oppSavesAgainstPer60Last1": 26.9,
        "oppSavesAgainstPer60Last3": 24.7,
        "oppSavesAgainstPer60Last5": 25.3,
        "oppShotsAgainstPerGame": 31.3,
        "oppShotsAgainstPerGameLast5": 33.8,
        "savesProj": 27.1,
        "savesProjLast5": 25.8,
        "savesProjLast3": 24.7,
        "oppSavesAgainstProj": 26.9,
        "oppSavesAgainstProjLast5": 24.8,
        "oppSavesAgainstProjLast3": 24.1,
        "totalOver": 52,
        "totalOverLast5": 40,
        "totalOverLast15": 47,
        "lastTotalOver": 58,
        "last5": "3,0,0,1,0,1,0,2,0,1",
        "overOdds": "-135",
        "underOdds": "+105",
        "overUnder": "-135 / +105"
    },
    {
        "player": "Artemi Panarin",
        "team": "NYR",
        "opponent": "TB",
        "propType": "g",
        "line": 0.5,
        "ppLine": "PP1",
        "avg": 0.32,
        "hit": false,
        "diffAvg": -0.36,
        "diffAbs": 0.6,
        "lastAvg": 0.23,
        "diff": -0.54,
        "avgMin": 19,
        "proj": 0.2,
        "lastAvgMin": 19.22,
        "oppOver": 0,
        "teamOver": 0,
        "gameLine": "-120",
        "+/-": "+5",
        "L5_+/-": "+6.0",
        "prevMatchup": "2022-12-29 0.0 g 2022-10-11 0.0 g",
        "winLossSplits": "36% - 12%",
        "awayHome": "H",
        "playedYesterday": "N",
        "awayHomeSplits": "23% - 29%",
        "savesAboveExp": 0.522,
        "gsaa": 24.74,
        "corsi": "51.4% (58.2) // 46.4% (52.2) // 48.9% (56.6) // 47.6% (56.1)",
        "fenwick": "52.1% (44.0) // 48.4% (41.4) // 50.4% (45.9) // 49.5% (45.5)",
        "shots": "51.8% (31.3) // 49.8% (30.9) // 51.0% (31.8) // 49.7% (30.4)",
        "scoring": "51.3% (30.8) // 47.7% (28.7) // 46.2% (29.0) // 44.6% (28.4)",
        "corsiAgainst": "48.6% (55.0) // 53.6% (60.3) // 51.1% (59.0) // 52.4% (61.7)",
        "fenwickAgainst": "47.9% (40.4) // 51.6% (44.1) // 49.6% (45.2) // 50.5% (46.5)",
        "shotsAgainst": "48.2% (29.1) // 50.2% (31.2) // 49.0% (30.5) // 50.3% (30.7)",
        "scoringAgainst": "48.7% (29.3) // 52.3% (31.5) // 53.8% (33.7) // 55.4% (35.3)",
        "oppCorsi": "51.5% (59.4) // 51.1% (57.7) // 50.0% (54.3) // 51.1% (57.5)",
        "oppFenwick": "51.5% (44.7) // 49.2% (41.3) // 47.4% (39.7) // 50.9% (44.5)",
        "oppShots": "50.5% (31.6) // 49.0% (29.3) // 46.5% (29.0) // 48.9% (33.0)",
        "oppScoring": "53.2% (33.9) // 49.9% (29.5) // 54.6% (31.3) // 59.7% (37.0)",
        "oppCorsiAgainst": "48.5% (56.0) // 48.9% (55.2) // 50.0% (54.3) // 48.9% (55.0)",
        "oppFenwickAgainst": "48.5% (42.1) // 50.8% (42.5) // 52.6% (44.0) // 49.1% (43.0)",
        "oppShotsAgainst": "49.5% (31.0) // 51.0% (30.4) // 53.5% (33.3) // 51.1% (34.5)",
        "oppScoringAgainst": "46.8% (29.8) // 50.1% (29.6) // 45.4% (26.0) // 40.3% (25.0)",
        "savesPerGame": 26.8,
        "savesPerGameLast1": 26.0,
        "savesPerGameLast3": 28.7,
        "savesPerGameLast5": 29.0,
        "savesPer60": 27.0,
        "savesPer60Last1": 26.0,
        "savesPer60Last3": 28.7,
        "savesPer60Last5": 29.0,
        "shotsPerGame": 31.7,
        "shotsPerGameLast5": 34.0,
        "shotsAgainstPerGame": 29.5,
        "shotsAgainstPerGameLast5": 31.4,
        "oppSavesAgainstPer60": 28.5,
        "oppSavesAgainstPer60Last1": 26.9,
        "oppSavesAgainstPer60Last3": 24.7,
        "oppSavesAgainstPer60Last5": 25.3,
        "oppShotsAgainstPerGame": 31.3,
        "oppShotsAgainstPerGameLast5": 33.8,
        "savesProj": 27.1,
        "savesProjLast5": 25.8,
        "savesProjLast3": 24.7,
        "oppSavesAgainstProj": 26.9,
        "oppSavesAgainstProjLast5": 24.8,
        "oppSavesAgainstProjLast3": 24.1,
        "totalOver": 26,
        "totalOverLast5": 20,
        "totalOverLast15": 33,
        "lastTotalOver": 28,
        "last5": "0,0,0,1,0,1,0,1,2,0",
        "overOdds": "+185",
        "underOdds": "0",
        "overUnder": "+185 / 0"
    },
    {
        "player": "Brandon Hagel",
        "team": "TB",
        "opponent": "NYR",
        "propType": "sog",
        "line": 1.5,
        "ppLine": "PP2",
        "avg": 2.14,
        "hit": false,
        "diffAvg": 0.43,
        "diffAbs": 0.07,
        "lastAvg": 1.25,
        "diff": -0.17,
        "avgMin": 18,
        "proj": 1.4,
        "lastAvgMin": 16.35,
        "oppOver": 0,
        "teamOver": 0,
        "gameLine": "+100",
        "+/-": "+19",
        "L5_+/-": "+5.0",
        "prevMatchup": "2022-12-29 6.0 sog 2022-10-11 1.0 sog",
        "winLossSplits": "73% - 53%",
        "awayHome": "A",
        "playedYesterday": "N",
        "awayHomeSplits": "66% - 64%",
        "savesAboveExp": 0.388,
        "gsaa": 17.02,
        "corsi": "51.5% (59.4) // 51.1% (57.7) // 50.0% (54.3) // 51.1% (57.5)",
        "fenwick": "51.5% (44.7) // 49.2% (41.3) // 47.4% (39.7) // 50.9% (44.5)",
        "shots": "50.5% (31.6) // 49.0% (29.3) // 46.5% (29.0) // 48.9% (33.0)",
        "scoring": "53.2% (33.9) // 49.9% (29.5) // 54.6% (31.3) // 59.7% (37.0)",
        "corsiAgainst": "48.5% (56.0) // 48.9% (55.2) // 50.0% (54.3) // 48.9% (55.0)",
        "fenwickAgainst": "48.5% (42.1) // 50.8% (42.5) // 52.6% (44.0) // 49.1% (43.0)",
        "shotsAgainst": "49.5% (31.0) // 51.0% (30.4) // 53.5% (33.3) // 51.1% (34.5)",
        "scoringAgainst": "46.8% (29.8) // 50.1% (29.6) // 45.4% (26.0) // 40.3% (25.0)",
        "oppCorsi": "51.4% (58.2) // 46.4% (52.2) // 48.9% (56.6) // 47.6% (56.1)",
        "oppFenwick": "52.1% (44.0) // 48.4% (41.4) // 50.4% (45.9) // 49.5% (45.5)",
        "oppShots": "51.8% (31.3) // 49.8% (30.9) // 51.0% (31.8) // 49.7% (30.4)",
        "oppScoring": "51.3% (30.8) // 47.7% (28.7) // 46.2% (29.0) // 44.6% (28.4)",
        "oppCorsiAgainst": "48.6% (55.0) // 53.6% (60.3) // 51.1% (59.0) // 52.4% (61.7)",
        "oppFenwickAgainst": "47.9% (40.4) // 51.6% (44.1) // 49.6% (45.2) // 50.5% (46.5)",
        "oppShotsAgainst": "48.2% (29.1) // 50.2% (31.2) // 49.0% (30.5) // 50.3% (30.7)",
        "oppScoringAgainst": "48.7% (29.3) // 52.3% (31.5) // 53.8% (33.7) // 55.4% (35.3)",
        "savesPerGame": 28.3,
        "savesPerGameLast1": 38.0,
        "savesPerGameLast3": 33.0,
        "savesPerGameLast5": 31.8,
        "savesPer60": 28.3,
        "savesPer60Last1": 38.0,
        "savesPer60Last3": 32.9,
        "savesPer60Last5": 31.6,
        "shotsPerGame": 31.9,
        "shotsPerGameLast5": 28.6,
        "shotsAgainstPerGame": 31.3,
        "shotsAgainstPerGameLast5": 33.8,
        "oppSavesAgainstPer60": 28.5,
        "oppSavesAgainstPer60Last1": 29.0,
        "oppSavesAgainstPer60Last3": 27.9,
        "oppSavesAgainstPer60Last5": 30.2,
        "oppShotsAgainstPerGame": 29.5,
        "oppShotsAgainstPerGameLast5": 31.4,
        "savesProj": 29.7,
        "savesProjLast5": 35.6,
        "savesProjLast3": 34.1,
        "oppSavesAgainstProj": 28.5,
        "oppSavesAgainstProjLast5": 32.8,
        "oppSavesAgainstProjLast3": 31.6,
        "totalOver": 65,
        "totalOverLast5": 60,
        "totalOverLast15": 60,
        "lastTotalOver": 50,
        "last5": "1,2,3,1,3,4,1,7,2,2",
        "overOdds": "-165",
        "underOdds": "+135",
        "overUnder": "-165 / +135"
    },
    {
        "player": "Brandon Hagel",
        "team": "TB",
        "opponent": "NYR",
        "propType": "pts",
        "line": 0.5,
        "ppLine": "PP2",
        "avg": 0.77,
        "hit": false,
        "diffAvg": 0.54,
        "diffAbs": 0.0,
        "lastAvg": 0.44,
        "diff": -0.12,
        "avgMin": 18,
        "proj": 0.5,
        "lastAvgMin": 16.35,
        "oppOver": 0,
        "teamOver": 0,
        "gameLine": "+100",
        "+/-": "+19",
        "L5_+/-": "+5.0",
        "prevMatchup": "2022-12-29 0.0 pts 2022-10-11 0.0 pts",
        "winLossSplits": "69% - 22%",
        "awayHome": "A",
        "playedYesterday": "N",
        "awayHomeSplits": "37% - 62%",
        "savesAboveExp": 0.388,
        "gsaa": 17.02,
        "corsi": "51.5% (59.4) // 51.1% (57.7) // 50.0% (54.3) // 51.1% (57.5)",
        "fenwick": "51.5% (44.7) // 49.2% (41.3) // 47.4% (39.7) // 50.9% (44.5)",
        "shots": "50.5% (31.6) // 49.0% (29.3) // 46.5% (29.0) // 48.9% (33.0)",
        "scoring": "53.2% (33.9) // 49.9% (29.5) // 54.6% (31.3) // 59.7% (37.0)",
        "corsiAgainst": "48.5% (56.0) // 48.9% (55.2) // 50.0% (54.3) // 48.9% (55.0)",
        "fenwickAgainst": "48.5% (42.1) // 50.8% (42.5) // 52.6% (44.0) // 49.1% (43.0)",
        "shotsAgainst": "49.5% (31.0) // 51.0% (30.4) // 53.5% (33.3) // 51.1% (34.5)",
        "scoringAgainst": "46.8% (29.8) // 50.1% (29.6) // 45.4% (26.0) // 40.3% (25.0)",
        "oppCorsi": "51.4% (58.2) // 46.4% (52.2) // 48.9% (56.6) // 47.6% (56.1)",
        "oppFenwick": "52.1% (44.0) // 48.4% (41.4) // 50.4% (45.9) // 49.5% (45.5)",
        "oppShots": "51.8% (31.3) // 49.8% (30.9) // 51.0% (31.8) // 49.7% (30.4)",
        "oppScoring": "51.3% (30.8) // 47.7% (28.7) // 46.2% (29.0) // 44.6% (28.4)",
        "oppCorsiAgainst": "48.6% (55.0) // 53.6% (60.3) // 51.1% (59.0) // 52.4% (61.7)",
        "oppFenwickAgainst": "47.9% (40.4) // 51.6% (44.1) // 49.6% (45.2) // 50.5% (46.5)",
        "oppShotsAgainst": "48.2% (29.1) // 50.2% (31.2) // 49.0% (30.5) // 50.3% (30.7)",
        "oppScoringAgainst": "48.7% (29.3) // 52.3% (31.5) // 53.8% (33.7) // 55.4% (35.3)",
        "savesPerGame": 28.3,
        "savesPerGameLast1": 38.0,
        "savesPerGameLast3": 33.0,
        "savesPerGameLast5": 31.8,
        "savesPer60": 28.3,
        "savesPer60Last1": 38.0,
        "savesPer60Last3": 32.9,
        "savesPer60Last5": 31.6,
        "shotsPerGame": 31.9,
        "shotsPerGameLast5": 28.6,
        "shotsAgainstPerGame": 31.3,
        "shotsAgainstPerGameLast5": 33.8,
        "oppSavesAgainstPer60": 28.5,
        "oppSavesAgainstPer60Last1": 29.0,
        "oppSavesAgainstPer60Last3": 27.9,
        "oppSavesAgainstPer60Last5": 30.2,
        "oppShotsAgainstPerGame": 29.5,
        "oppShotsAgainstPerGameLast5": 31.4,
        "savesProj": 29.7,
        "savesProjLast5": 35.6,
        "savesProjLast3": 34.1,
        "oppSavesAgainstProj": 28.5,
        "oppSavesAgainstProjLast5": 32.8,
        "oppSavesAgainstProjLast3": 31.6,
        "totalOver": 49,
        "totalOverLast5": 0,
        "totalOverLast15": 33,
        "lastTotalOver": 37,
        "last5": "0,0,0,0,0,0,0,3,0,3",
        "overOdds": "+100",
        "underOdds": "-130",
        "overUnder": "+100 / -130"
    },
    {
        "player": "Brandon Hagel",
        "team": "TB",
        "opponent": "NYR",
        "propType": "ast",
        "line": 0.5,
        "ppLine": "PP2",
        "avg": 0.42,
        "hit": false,
        "diffAvg": -0.16,
        "diffAbs": 0.6,
        "lastAvg": 0.19,
        "diff": -0.62,
        "avgMin": 18,
        "proj": 0.2,
        "lastAvgMin": 16.35,
        "oppOver": 0,
        "teamOver": 0,
        "gameLine": "+100",
        "+/-": "+19",
        "L5_+/-": "+5.0",
        "prevMatchup": "2022-12-29 0.0 ast 2022-10-11 0.0 ast",
        "winLossSplits": "53% - 12%",
        "awayHome": "A",
        "playedYesterday": "N",
        "awayHomeSplits": "29% - 44%",
        "savesAboveExp": 0.388,
        "gsaa": 17.02,
        "corsi": "51.5% (59.4) // 51.1% (57.7) // 50.0% (54.3) // 51.1% (57.5)",
        "fenwick": "51.5% (44.7) // 49.2% (41.3) // 47.4% (39.7) // 50.9% (44.5)",
        "shots": "50.5% (31.6) // 49.0% (29.3) // 46.5% (29.0) // 48.9% (33.0)",
        "scoring": "53.2% (33.9) // 49.9% (29.5) // 54.6% (31.3) // 59.7% (37.0)",
        "corsiAgainst": "48.5% (56.0) // 48.9% (55.2) // 50.0% (54.3) // 48.9% (55.0)",
        "fenwickAgainst": "48.5% (42.1) // 50.8% (42.5) // 52.6% (44.0) // 49.1% (43.0)",
        "shotsAgainst": "49.5% (31.0) // 51.0% (30.4) // 53.5% (33.3) // 51.1% (34.5)",
        "scoringAgainst": "46.8% (29.8) // 50.1% (29.6) // 45.4% (26.0) // 40.3% (25.0)",
        "oppCorsi": "51.4% (58.2) // 46.4% (52.2) // 48.9% (56.6) // 47.6% (56.1)",
        "oppFenwick": "52.1% (44.0) // 48.4% (41.4) // 50.4% (45.9) // 49.5% (45.5)",
        "oppShots": "51.8% (31.3) // 49.8% (30.9) // 51.0% (31.8) // 49.7% (30.4)",
        "oppScoring": "51.3% (30.8) // 47.7% (28.7) // 46.2% (29.0) // 44.6% (28.4)",
        "oppCorsiAgainst": "48.6% (55.0) // 53.6% (60.3) // 51.1% (59.0) // 52.4% (61.7)",
        "oppFenwickAgainst": "47.9% (40.4) // 51.6% (44.1) // 49.6% (45.2) // 50.5% (46.5)",
        "oppShotsAgainst": "48.2% (29.1) // 50.2% (31.2) // 49.0% (30.5) // 50.3% (30.7)",
        "oppScoringAgainst": "48.7% (29.3) // 52.3% (31.5) // 53.8% (33.7) // 55.4% (35.3)",
        "savesPerGame": 28.3,
        "savesPerGameLast1": 38.0,
        "savesPerGameLast3": 33.0,
        "savesPerGameLast5": 31.8,
        "savesPer60": 28.3,
        "savesPer60Last1": 38.0,
        "savesPer60Last3": 32.9,
        "savesPer60Last5": 31.6,
        "shotsPerGame": 31.9,
        "shotsPerGameLast5": 28.6,
        "shotsAgainstPerGame": 31.3,
        "shotsAgainstPerGameLast5": 33.8,
        "oppSavesAgainstPer60": 28.5,
        "oppSavesAgainstPer60Last1": 29.0,
        "oppSavesAgainstPer60Last3": 27.9,
        "oppSavesAgainstPer60Last5": 30.2,
        "oppShotsAgainstPerGame": 29.5,
        "oppShotsAgainstPerGameLast5": 31.4,
        "savesProj": 29.7,
        "savesProjLast5": 35.6,
        "savesProjLast3": 34.1,
        "oppSavesAgainstProj": 28.5,
        "oppSavesAgainstProjLast5": 32.8,
        "oppSavesAgainstProjLast3": 31.6,
        "totalOver": 36,
        "totalOverLast5": 0,
        "totalOverLast15": 20,
        "lastTotalOver": 16,
        "last5": "0,0,0,0,0,0,0,0,0,2",
        "overOdds": "+210",
        "underOdds": "-265",
        "overUnder": "+210 / -265"
    },
    {
        "player": "Brandon Hagel",
        "team": "TB",
        "opponent": "NYR",
        "propType": "g",
        "line": 0.5,
        "ppLine": "PP2",
        "avg": 0.35,
        "hit": false,
        "diffAvg": -0.3,
        "diffAbs": 0.4,
        "lastAvg": 0.25,
        "diff": -0.5,
        "avgMin": 18,
        "proj": 0.3,
        "lastAvgMin": 16.35,
        "oppOver": 0,
        "teamOver": 0,
        "gameLine": "+100",
        "+/-": "+19",
        "L5_+/-": "+5.0",
        "prevMatchup": "2022-12-29 0.0 g 2022-10-11 0.0 g",
        "winLossSplits": "42% - 9%",
        "awayHome": "A",
        "playedYesterday": "N",
        "awayHomeSplits": "24% - 33%",
        "savesAboveExp": 0.388,
        "gsaa": 17.02,
        "corsi": "51.5% (59.4) // 51.1% (57.7) // 50.0% (54.3) // 51.1% (57.5)",
