[
    {
        "player": "Anders Lee",
        "team": "NYI",
        "opponent": "CAR",
        "propType": "sog",
        "line": 2.5,
        "ppLine": "PP1",
        "avg": 2.61,
        "hit": false,
        "diffAvg": 0.04,
        "diffAbs": 0.16,
        "lastAvg": 2.09,
        "diff": -0.16,
        "avgMin": 17,
        "proj": 2.1,
        "lastAvgMin": 16.62,
        "oppOver": 0,
        "teamOver": 0,
        "gameLine": "-110",
        "+/-": -3,
        "L5_+/-": -2.0,
        "prevMatchup": "2023-04-19 2.0 sog 2023-04-17 4.0 sog 2023-04-02 0.0 sog 2023-01-21 1.0 sog 2022-12-10 0.0 sog 2022-10-28 0.0 sog",
        "winLossSplits": "57% - 40%",
        "awayHome": "H",
        "playedYesterday": "N",
        "awayHomeSplits": "51% - 46%",
        "savesAboveExp": -0.166,
        "gsaa": 3.66,
        "corsi": "49.6% (58.7) // 54.1% (65.8) // 59.5% (72.0) // 49.6% (58.7)",
        "fenwick": "49.5% (42.7) // 53.4% (47.0) // 63.9% (53.0) // 49.5% (42.7)",
        "shots": "49.8% (30.5) // 53.2% (32.4) // 64.8% (35.0) // 49.8% (30.5)",
        "scoring": "50.0% (30.4) // 52.7% (31.7) // 65.1% (41.0) // 50.0% (30.4)",
        "corsiAgainst": "50.4% (59.6) // 45.9% (55.9) // 40.5% (49.0) // 50.4% (59.6)",
        "fenwickAgainst": "50.5% (43.6) // 46.6% (40.9) // 36.1% (30.0) // 50.5% (43.6)",
        "shotsAgainst": "50.2% (30.7) // 46.8% (28.5) // 35.2% (19.0) // 50.2% (30.7)",
        "scoringAgainst": "50.0% (30.4) // 47.3% (28.4) // 34.9% (22.0) // 50.0% (30.4)",
        "oppCorsi": "59.9% (67.4) // 61.2% (68.8) // 58.7% (67.5) // 59.9% (67.4)",
        "oppFenwick": "59.1% (50.8) // 60.1% (51.8) // 59.7% (54.0) // 59.1% (50.8)",
        "oppShots": "57.2% (34.3) // 58.4% (34.4) // 53.8% (32.0) // 57.2% (34.3)",
        "oppScoring": "58.9% (33.3) // 62.3% (33.3) // 54.5% (27.5) // 58.9% (33.3)",
        "oppCorsiAgainst": "40.1% (45.2) // 38.8% (43.6) // 41.3% (47.5) // 40.1% (45.2)",
        "oppFenwickAgainst": "40.9% (35.1) // 39.9% (34.4) // 40.3% (36.5) // 40.9% (35.1)",
        "oppShotsAgainst": "42.8% (25.6) // 41.6% (24.5) // 46.2% (27.5) // 42.8% (25.6)",
        "oppScoringAgainst": "41.1% (23.3) // 37.7% (20.2) // 45.5% (23.0) // 41.1% (23.3)",
        "savesPerGame": 28.4,
        "savesPerGameLast1": 32.0,
        "savesPerGameLast3": 28.0,
        "savesPerGameLast5": 26.2,
        "savesPer60": 29.1,
        "savesPer60Last1": 34.7,
        "savesPer60Last3": 28.5,
        "savesPer60Last5": 26.2,
        "shotsPerGame": 30.8,
        "shotsPerGameLast5": 29.6,
        "shotsAgainstPerGame": 31.0,
        "shotsAgainstPerGameLast5": 28.8,
        "oppSavesAgainstPer60": 32.5,
        "oppSavesAgainstPer60Last1": 32.0,
        "oppSavesAgainstPer60Last3": 32.5,
        "oppSavesAgainstPer60Last5": 30.2,
        "oppShotsAgainstPerGame": 26.0,
        "oppShotsAgainstPerGameLast5": 27.8,
        "savesProj": 38.1,
        "savesProjLast5": 32.3,
        "savesProjLast3": 38.5,
        "oppSavesAgainstProj": 32.3,
        "oppSavesAgainstProjLast5": 27.3,
        "oppSavesAgainstProjLast3": 30.3,
        "totalOver": 49,
        "totalOverLast5": 60,
        "totalOverLast15": 40,
        "lastTotalOver": 33,
        "last5": "2,4,2,4,4,4,0,2,2,1",
        "overOdds": "+125",
        "underOdds": "-155",
        "overUnder": "+125 / -155"
    },
    {
        "player": "Anders Lee",
        "team": "NYI",
        "opponent": "CAR",
        "propType": "pts",
        "line": 0.5,
        "ppLine": "PP1",
        "avg": 0.6,
        "hit": false,
        "diffAvg": 0.2,
        "diffAbs": 0.2,
        "lastAvg": 0.61,
        "diff": 0.22,
        "avgMin": 17,
        "proj": 0.6,
        "lastAvgMin": 16.62,
        "oppOver": 0,
        "teamOver": 0,
        "gameLine": "-110",
        "+/-": -3,
        "L5_+/-": -2.0,
        "prevMatchup": "2023-04-19 0.0 pts 2023-04-17 0.0 pts 2023-04-02 0.0 pts 2023-01-21 1.0 pts 2022-12-10 0.0 pts 2022-10-28 1.0 pts",
        "winLossSplits": "62% - 29%",
        "awayHome": "H",
        "playedYesterday": "N",
        "awayHomeSplits": "40% - 51%",
        "savesAboveExp": -0.166,
        "gsaa": 3.66,
        "corsi": "49.6% (58.7) // 54.1% (65.8) // 59.5% (72.0) // 49.6% (58.7)",
        "fenwick": "49.5% (42.7) // 53.4% (47.0) // 63.9% (53.0) // 49.5% (42.7)",
        "shots": "49.8% (30.5) // 53.2% (32.4) // 64.8% (35.0) // 49.8% (30.5)",
        "scoring": "50.0% (30.4) // 52.7% (31.7) // 65.1% (41.0) // 50.0% (30.4)",
        "corsiAgainst": "50.4% (59.6) // 45.9% (55.9) // 40.5% (49.0) // 50.4% (59.6)",
        "fenwickAgainst": "50.5% (43.6) // 46.6% (40.9) // 36.1% (30.0) // 50.5% (43.6)",
        "shotsAgainst": "50.2% (30.7) // 46.8% (28.5) // 35.2% (19.0) // 50.2% (30.7)",
        "scoringAgainst": "50.0% (30.4) // 47.3% (28.4) // 34.9% (22.0) // 50.0% (30.4)",
        "oppCorsi": "59.9% (67.4) // 61.2% (68.8) // 58.7% (67.5) // 59.9% (67.4)",
        "oppFenwick": "59.1% (50.8) // 60.1% (51.8) // 59.7% (54.0) // 59.1% (50.8)",
        "oppShots": "57.2% (34.3) // 58.4% (34.4) // 53.8% (32.0) // 57.2% (34.3)",
        "oppScoring": "58.9% (33.3) // 62.3% (33.3) // 54.5% (27.5) // 58.9% (33.3)",
        "oppCorsiAgainst": "40.1% (45.2) // 38.8% (43.6) // 41.3% (47.5) // 40.1% (45.2)",
        "oppFenwickAgainst": "40.9% (35.1) // 39.9% (34.4) // 40.3% (36.5) // 40.9% (35.1)",
        "oppShotsAgainst": "42.8% (25.6) // 41.6% (24.5) // 46.2% (27.5) // 42.8% (25.6)",
        "oppScoringAgainst": "41.1% (23.3) // 37.7% (20.2) // 45.5% (23.0) // 41.1% (23.3)",
        "savesPerGame": 28.4,
        "savesPerGameLast1": 32.0,
        "savesPerGameLast3": 28.0,
        "savesPerGameLast5": 26.2,
        "savesPer60": 29.1,
        "savesPer60Last1": 34.7,
        "savesPer60Last3": 28.5,
        "savesPer60Last5": 26.2,
        "shotsPerGame": 30.8,
        "shotsPerGameLast5": 29.6,
        "shotsAgainstPerGame": 31.0,
        "shotsAgainstPerGameLast5": 28.8,
        "oppSavesAgainstPer60": 32.5,
        "oppSavesAgainstPer60Last1": 32.0,
        "oppSavesAgainstPer60Last3": 32.5,
        "oppSavesAgainstPer60Last5": 30.2,
        "oppShotsAgainstPerGame": 26.0,
        "oppShotsAgainstPerGameLast5": 27.8,
        "savesProj": 38.1,
        "savesProjLast5": 32.3,
        "savesProjLast3": 38.5,
        "oppSavesAgainstProj": 32.3,
        "oppSavesAgainstProjLast5": 27.3,
        "oppSavesAgainstProjLast3": 30.3,
        "totalOver": 45,
        "totalOverLast5": 20,
        "totalOverLast15": 20,
        "lastTotalOver": 44,
        "last5": "0,0,1,0,0,0,0,0,0,1",
        "overOdds": "+110",
        "underOdds": "-140",
        "overUnder": "+110 / -140"
    },
    {
        "player": "Anders Lee",
        "team": "NYI",
        "opponent": "CAR",
        "propType": "ast",
        "line": 0.5,
        "ppLine": "PP1",
        "avg": 0.26,
        "hit": false,
        "diffAvg": -0.48,
        "diffAbs": 0.6,
        "lastAvg": 0.24,
        "diff": -0.52,
        "avgMin": 17,
        "proj": 0.2,
        "lastAvgMin": 16.62,
        "oppOver": 0,
        "teamOver": 0,
        "gameLine": "-110",
        "+/-": -3,
        "L5_+/-": -2.0,
        "prevMatchup": "2023-04-19 0.0 ast 2023-04-17 0.0 ast 2023-04-02 0.0 ast 2023-01-21 1.0 ast 2022-12-10 0.0 ast 2022-10-28 1.0 ast",
        "winLossSplits": "29% - 17%",
        "awayHome": "H",
        "playedYesterday": "N",
        "awayHomeSplits": "16% - 29%",
        "savesAboveExp": -0.166,
        "gsaa": 3.66,
        "corsi": "49.6% (58.7) // 54.1% (65.8) // 59.5% (72.0) // 49.6% (58.7)",
        "fenwick": "49.5% (42.7) // 53.4% (47.0) // 63.9% (53.0) // 49.5% (42.7)",
        "shots": "49.8% (30.5) // 53.2% (32.4) // 64.8% (35.0) // 49.8% (30.5)",
        "scoring": "50.0% (30.4) // 52.7% (31.7) // 65.1% (41.0) // 50.0% (30.4)",
        "corsiAgainst": "50.4% (59.6) // 45.9% (55.9) // 40.5% (49.0) // 50.4% (59.6)",
        "fenwickAgainst": "50.5% (43.6) // 46.6% (40.9) // 36.1% (30.0) // 50.5% (43.6)",
        "shotsAgainst": "50.2% (30.7) // 46.8% (28.5) // 35.2% (19.0) // 50.2% (30.7)",
        "scoringAgainst": "50.0% (30.4) // 47.3% (28.4) // 34.9% (22.0) // 50.0% (30.4)",
        "oppCorsi": "59.9% (67.4) // 61.2% (68.8) // 58.7% (67.5) // 59.9% (67.4)",
        "oppFenwick": "59.1% (50.8) // 60.1% (51.8) // 59.7% (54.0) // 59.1% (50.8)",
        "oppShots": "57.2% (34.3) // 58.4% (34.4) // 53.8% (32.0) // 57.2% (34.3)",
        "oppScoring": "58.9% (33.3) // 62.3% (33.3) // 54.5% (27.5) // 58.9% (33.3)",
        "oppCorsiAgainst": "40.1% (45.2) // 38.8% (43.6) // 41.3% (47.5) // 40.1% (45.2)",
        "oppFenwickAgainst": "40.9% (35.1) // 39.9% (34.4) // 40.3% (36.5) // 40.9% (35.1)",
        "oppShotsAgainst": "42.8% (25.6) // 41.6% (24.5) // 46.2% (27.5) // 42.8% (25.6)",
        "oppScoringAgainst": "41.1% (23.3) // 37.7% (20.2) // 45.5% (23.0) // 41.1% (23.3)",
        "savesPerGame": 28.4,
        "savesPerGameLast1": 32.0,
        "savesPerGameLast3": 28.0,
        "savesPerGameLast5": 26.2,
        "savesPer60": 29.1,
        "savesPer60Last1": 34.7,
        "savesPer60Last3": 28.5,
        "savesPer60Last5": 26.2,
        "shotsPerGame": 30.8,
        "shotsPerGameLast5": 29.6,
        "shotsAgainstPerGame": 31.0,
        "shotsAgainstPerGameLast5": 28.8,
        "oppSavesAgainstPer60": 32.5,
        "oppSavesAgainstPer60Last1": 32.0,
        "oppSavesAgainstPer60Last3": 32.5,
        "oppSavesAgainstPer60Last5": 30.2,
        "oppShotsAgainstPerGame": 26.0,
        "oppShotsAgainstPerGameLast5": 27.8,
        "savesProj": 38.1,
        "savesProjLast5": 32.3,
        "savesProjLast3": 38.5,
        "oppSavesAgainstProj": 32.3,
        "oppSavesAgainstProjLast5": 27.3,
        "oppSavesAgainstProjLast3": 30.3,
        "totalOver": 23,
        "totalOverLast5": 0,
        "totalOverLast15": 13,
        "lastTotalOver": 19,
        "last5": "0,0,0,0,0,0,0,0,0,1",
        "overOdds": "+235",
        "underOdds": "-300",
        "overUnder": "+235 / -300"
    },
    {
        "player": "Anders Lee",
        "team": "NYI",
        "opponent": "CAR",
        "propType": "g",
        "line": 0.5,
        "ppLine": "PP1",
        "avg": 0.33,
        "hit": false,
        "diffAvg": -0.34,
        "diffAbs": 0.2,
        "lastAvg": 0.37,
        "diff": -0.26,
        "avgMin": 17,
        "proj": 0.4,
        "lastAvgMin": 16.62,
        "oppOver": 0,
        "teamOver": 0,
        "gameLine": "-110",
        "+/-": -3,
        "L5_+/-": -2.0,
        "prevMatchup": "2023-04-19 0.0 g 2023-04-17 0.0 g 2023-04-02 0.0 g 2023-01-21 0.0 g 2022-12-10 0.0 g 2022-10-28 0.0 g",
        "winLossSplits": "40% - 12%",
        "awayHome": "H",
        "playedYesterday": "N",
        "awayHomeSplits": "26% - 27%",
        "savesAboveExp": -0.166,
        "gsaa": 3.66,
        "corsi": "49.6% (58.7) // 54.1% (65.8) // 59.5% (72.0) // 49.6% (58.7)",
        "fenwick": "49.5% (42.7) // 53.4% (47.0) // 63.9% (53.0) // 49.5% (42.7)",
        "shots": "49.8% (30.5) // 53.2% (32.4) // 64.8% (35.0) // 49.8% (30.5)",
        "scoring": "50.0% (30.4) // 52.7% (31.7) // 65.1% (41.0) // 50.0% (30.4)",
        "corsiAgainst": "50.4% (59.6) // 45.9% (55.9) // 40.5% (49.0) // 50.4% (59.6)",
        "fenwickAgainst": "50.5% (43.6) // 46.6% (40.9) // 36.1% (30.0) // 50.5% (43.6)",
        "shotsAgainst": "50.2% (30.7) // 46.8% (28.5) // 35.2% (19.0) // 50.2% (30.7)",
        "scoringAgainst": "50.0% (30.4) // 47.3% (28.4) // 34.9% (22.0) // 50.0% (30.4)",
        "oppCorsi": "59.9% (67.4) // 61.2% (68.8) // 58.7% (67.5) // 59.9% (67.4)",
        "oppFenwick": "59.1% (50.8) // 60.1% (51.8) // 59.7% (54.0) // 59.1% (50.8)",
        "oppShots": "57.2% (34.3) // 58.4% (34.4) // 53.8% (32.0) // 57.2% (34.3)",
        "oppScoring": "58.9% (33.3) // 62.3% (33.3) // 54.5% (27.5) // 58.9% (33.3)",
        "oppCorsiAgainst": "40.1% (45.2) // 38.8% (43.6) // 41.3% (47.5) // 40.1% (45.2)",
        "oppFenwickAgainst": "40.9% (35.1) // 39.9% (34.4) // 40.3% (36.5) // 40.9% (35.1)",
        "oppShotsAgainst": "42.8% (25.6) // 41.6% (24.5) // 46.2% (27.5) // 42.8% (25.6)",
        "oppScoringAgainst": "41.1% (23.3) // 37.7% (20.2) // 45.5% (23.0) // 41.1% (23.3)",
        "savesPerGame": 28.4,
        "savesPerGameLast1": 32.0,
        "savesPerGameLast3": 28.0,
        "savesPerGameLast5": 26.2,
        "savesPer60": 29.1,
        "savesPer60Last1": 34.7,
        "savesPer60Last3": 28.5,
        "savesPer60Last5": 26.2,
        "shotsPerGame": 30.8,
        "shotsPerGameLast5": 29.6,
        "shotsAgainstPerGame": 31.0,
        "shotsAgainstPerGameLast5": 28.8,
        "oppSavesAgainstPer60": 32.5,
        "oppSavesAgainstPer60Last1": 32.0,
        "oppSavesAgainstPer60Last3": 32.5,
        "oppSavesAgainstPer60Last5": 30.2,
        "oppShotsAgainstPerGame": 26.0,
        "oppShotsAgainstPerGameLast5": 27.8,
        "savesProj": 38.1,
        "savesProjLast5": 32.3,
        "savesProjLast3": 38.5,
        "oppSavesAgainstProj": 32.3,
        "oppSavesAgainstProjLast5": 27.3,
        "oppSavesAgainstProjLast3": 30.3,
        "totalOver": 26,
        "totalOverLast5": 20,
        "totalOverLast15": 13,
        "lastTotalOver": 31,
        "last5": "0,0,1,0,0,0,0,0,0,0",
        "overOdds": "+220",
        "underOdds": "0",
        "overUnder": "+220 / 0"
    },
    {
        "player": "Bo Horvat",
        "team": "NYI",
        "opponent": "CAR",
        "propType": "sog",
        "line": 2.5,
        "ppLine": "PP1",
        "avg": 2.81,
        "hit": false,
        "diffAvg": 0.12,
        "diffAbs": 1.0,
        "lastAvg": 0,
        "diff": 0,
        "avgMin": 20,
        "proj": 0.0,
        "lastAvgMin": 0,
        "oppOver": 0,
        "teamOver": 0,
        "gameLine": "-110",
        "+/-": -3,
        "L5_+/-": "+1.0",
        "prevMatchup": "2023-04-19 2.0 sog 2023-04-17 2.0 sog 2023-04-02 2.0 sog",
        "winLossSplits": "59% - 47%",
        "awayHome": "H",
        "playedYesterday": "N",
        "awayHomeSplits": "53% - 53%",
        "savesAboveExp": -0.166,
        "gsaa": 3.66,
        "corsi": "49.6% (58.7) // 54.1% (65.8) // 59.5% (72.0) // 49.6% (58.7)",
        "fenwick": "49.5% (42.7) // 53.4% (47.0) // 63.9% (53.0) // 49.5% (42.7)",
        "shots": "49.8% (30.5) // 53.2% (32.4) // 64.8% (35.0) // 49.8% (30.5)",
        "scoring": "50.0% (30.4) // 52.7% (31.7) // 65.1% (41.0) // 50.0% (30.4)",
        "corsiAgainst": "50.4% (59.6) // 45.9% (55.9) // 40.5% (49.0) // 50.4% (59.6)",
        "fenwickAgainst": "50.5% (43.6) // 46.6% (40.9) // 36.1% (30.0) // 50.5% (43.6)",
        "shotsAgainst": "50.2% (30.7) // 46.8% (28.5) // 35.2% (19.0) // 50.2% (30.7)",
        "scoringAgainst": "50.0% (30.4) // 47.3% (28.4) // 34.9% (22.0) // 50.0% (30.4)",
        "oppCorsi": "59.9% (67.4) // 61.2% (68.8) // 58.7% (67.5) // 59.9% (67.4)",
        "oppFenwick": "59.1% (50.8) // 60.1% (51.8) // 59.7% (54.0) // 59.1% (50.8)",
        "oppShots": "57.2% (34.3) // 58.4% (34.4) // 53.8% (32.0) // 57.2% (34.3)",
        "oppScoring": "58.9% (33.3) // 62.3% (33.3) // 54.5% (27.5) // 58.9% (33.3)",
        "oppCorsiAgainst": "40.1% (45.2) // 38.8% (43.6) // 41.3% (47.5) // 40.1% (45.2)",
        "oppFenwickAgainst": "40.9% (35.1) // 39.9% (34.4) // 40.3% (36.5) // 40.9% (35.1)",
        "oppShotsAgainst": "42.8% (25.6) // 41.6% (24.5) // 46.2% (27.5) // 42.8% (25.6)",
        "oppScoringAgainst": "41.1% (23.3) // 37.7% (20.2) // 45.5% (23.0) // 41.1% (23.3)",
        "savesPerGame": 28.4,
        "savesPerGameLast1": 32.0,
        "savesPerGameLast3": 28.0,
        "savesPerGameLast5": 26.2,
        "savesPer60": 29.1,
        "savesPer60Last1": 34.7,
        "savesPer60Last3": 28.5,
        "savesPer60Last5": 26.2,
        "shotsPerGame": 30.8,
        "shotsPerGameLast5": 29.6,
        "shotsAgainstPerGame": 31.0,
        "shotsAgainstPerGameLast5": 28.8,
        "oppSavesAgainstPer60": 32.5,
        "oppSavesAgainstPer60Last1": 32.0,
        "oppSavesAgainstPer60Last3": 32.5,
        "oppSavesAgainstPer60Last5": 30.2,
        "oppShotsAgainstPerGame": 26.0,
        "oppShotsAgainstPerGameLast5": 27.8,
        "savesProj": 38.1,
        "savesProjLast5": 32.3,
        "savesProjLast3": 38.5,
        "oppSavesAgainstProj": 32.3,
        "oppSavesAgainstProjLast5": 27.3,
        "oppSavesAgainstProjLast3": 30.3,
        "totalOver": 53,
        "totalOverLast5": 40,
        "totalOverLast15": 47,
        "lastTotalOver": 0,
        "last5": "2,2,4,5,0,3,2,1,2,2",
        "overOdds": "+115",
        "underOdds": "-145",
        "overUnder": "+115 / -145"
    },
    {
        "player": "Bo Horvat",
        "team": "NYI",
        "opponent": "CAR",
        "propType": "pts",
        "line": 0.5,
        "ppLine": "PP1",
        "avg": 0.5,
        "hit": false,
        "diffAvg": 0.0,
        "diffAbs": 1.0,
        "lastAvg": 0,
        "diff": 0,
        "avgMin": 20,
        "proj": 0.0,
        "lastAvgMin": 0,
        "oppOver": 0,
        "teamOver": 0,
        "gameLine": "-110",
        "+/-": -3,
        "L5_+/-": "+1.0",
        "prevMatchup": "2023-04-19 0.0 pts 2023-04-17 0.0 pts 2023-04-02 0.0 pts",
        "winLossSplits": "47% - 27%",
        "awayHome": "H",
        "playedYesterday": "N",
        "awayHomeSplits": "35% - 40%",
        "savesAboveExp": -0.166,
        "gsaa": 3.66,
        "corsi": "49.6% (58.7) // 54.1% (65.8) // 59.5% (72.0) // 49.6% (58.7)",
        "fenwick": "49.5% (42.7) // 53.4% (47.0) // 63.9% (53.0) // 49.5% (42.7)",
        "shots": "49.8% (30.5) // 53.2% (32.4) // 64.8% (35.0) // 49.8% (30.5)",
        "scoring": "50.0% (30.4) // 52.7% (31.7) // 65.1% (41.0) // 50.0% (30.4)",
        "corsiAgainst": "50.4% (59.6) // 45.9% (55.9) // 40.5% (49.0) // 50.4% (59.6)",
        "fenwickAgainst": "50.5% (43.6) // 46.6% (40.9) // 36.1% (30.0) // 50.5% (43.6)",
        "shotsAgainst": "50.2% (30.7) // 46.8% (28.5) // 35.2% (19.0) // 50.2% (30.7)",
        "scoringAgainst": "50.0% (30.4) // 47.3% (28.4) // 34.9% (22.0) // 50.0% (30.4)",
        "oppCorsi": "59.9% (67.4) // 61.2% (68.8) // 58.7% (67.5) // 59.9% (67.4)",
        "oppFenwick": "59.1% (50.8) // 60.1% (51.8) // 59.7% (54.0) // 59.1% (50.8)",
        "oppShots": "57.2% (34.3) // 58.4% (34.4) // 53.8% (32.0) // 57.2% (34.3)",
        "oppScoring": "58.9% (33.3) // 62.3% (33.3) // 54.5% (27.5) // 58.9% (33.3)",
        "oppCorsiAgainst": "40.1% (45.2) // 38.8% (43.6) // 41.3% (47.5) // 40.1% (45.2)",
        "oppFenwickAgainst": "40.9% (35.1) // 39.9% (34.4) // 40.3% (36.5) // 40.9% (35.1)",
        "oppShotsAgainst": "42.8% (25.6) // 41.6% (24.5) // 46.2% (27.5) // 42.8% (25.6)",
        "oppScoringAgainst": "41.1% (23.3) // 37.7% (20.2) // 45.5% (23.0) // 41.1% (23.3)",
        "savesPerGame": 28.4,
        "savesPerGameLast1": 32.0,
        "savesPerGameLast3": 28.0,
        "savesPerGameLast5": 26.2,
        "savesPer60": 29.1,
        "savesPer60Last1": 34.7,
        "savesPer60Last3": 28.5,
        "savesPer60Last5": 26.2,
        "shotsPerGame": 30.8,
        "shotsPerGameLast5": 29.6,
        "shotsAgainstPerGame": 31.0,
        "shotsAgainstPerGameLast5": 28.8,
        "oppSavesAgainstPer60": 32.5,
        "oppSavesAgainstPer60Last1": 32.0,
        "oppSavesAgainstPer60Last3": 32.5,
        "oppSavesAgainstPer60Last5": 30.2,
        "oppShotsAgainstPerGame": 26.0,
        "oppShotsAgainstPerGameLast5": 27.8,
        "savesProj": 38.1,
        "savesProjLast5": 32.3,
        "savesProjLast3": 38.5,
        "oppSavesAgainstProj": 32.3,
        "oppSavesAgainstProjLast5": 27.3,
        "oppSavesAgainstProjLast3": 30.3,
        "totalOver": 38,
        "totalOverLast5": 40,
        "totalOverLast15": 33,
        "lastTotalOver": 0,
        "last5": "0,0,0,1,2,2,0,0,0,1",
        "overOdds": "-120",
        "underOdds": "-110",
        "overUnder": "-120 / -110"
    },
    {
        "player": "Bo Horvat",
        "team": "NYI",
        "opponent": "CAR",
        "propType": "ast",
        "line": 0.5,
        "ppLine": "PP1",
        "avg": 0.28,
        "hit": false,
        "diffAvg": -0.44,
        "diffAbs": 1.0,
        "lastAvg": 0,
        "diff": 0,
        "avgMin": 20,
        "proj": 0.0,
        "lastAvgMin": 0,
        "oppOver": 0,
        "teamOver": 0,
        "gameLine": "-110",
        "+/-": -3,
        "L5_+/-": "+1.0",
        "prevMatchup": "2023-04-19 0.0 ast 2023-04-17 0.0 ast 2023-04-02 0.0 ast",
        "winLossSplits": "29% - 20%",
        "awayHome": "H",
        "playedYesterday": "N",
        "awayHomeSplits": "24% - 27%",
        "savesAboveExp": -0.166,
        "gsaa": 3.66,
        "corsi": "49.6% (58.7) // 54.1% (65.8) // 59.5% (72.0) // 49.6% (58.7)",
        "fenwick": "49.5% (42.7) // 53.4% (47.0) // 63.9% (53.0) // 49.5% (42.7)",
        "shots": "49.8% (30.5) // 53.2% (32.4) // 64.8% (35.0) // 49.8% (30.5)",
        "scoring": "50.0% (30.4) // 52.7% (31.7) // 65.1% (41.0) // 50.0% (30.4)",
        "corsiAgainst": "50.4% (59.6) // 45.9% (55.9) // 40.5% (49.0) // 50.4% (59.6)",
        "fenwickAgainst": "50.5% (43.6) // 46.6% (40.9) // 36.1% (30.0) // 50.5% (43.6)",
        "shotsAgainst": "50.2% (30.7) // 46.8% (28.5) // 35.2% (19.0) // 50.2% (30.7)",
        "scoringAgainst": "50.0% (30.4) // 47.3% (28.4) // 34.9% (22.0) // 50.0% (30.4)",
        "oppCorsi": "59.9% (67.4) // 61.2% (68.8) // 58.7% (67.5) // 59.9% (67.4)",
        "oppFenwick": "59.1% (50.8) // 60.1% (51.8) // 59.7% (54.0) // 59.1% (50.8)",
        "oppShots": "57.2% (34.3) // 58.4% (34.4) // 53.8% (32.0) // 57.2% (34.3)",
        "oppScoring": "58.9% (33.3) // 62.3% (33.3) // 54.5% (27.5) // 58.9% (33.3)",
        "oppCorsiAgainst": "40.1% (45.2) // 38.8% (43.6) // 41.3% (47.5) // 40.1% (45.2)",
        "oppFenwickAgainst": "40.9% (35.1) // 39.9% (34.4) // 40.3% (36.5) // 40.9% (35.1)",
        "oppShotsAgainst": "42.8% (25.6) // 41.6% (24.5) // 46.2% (27.5) // 42.8% (25.6)",
        "oppScoringAgainst": "41.1% (23.3) // 37.7% (20.2) // 45.5% (23.0) // 41.1% (23.3)",
        "savesPerGame": 28.4,
        "savesPerGameLast1": 32.0,
        "savesPerGameLast3": 28.0,
        "savesPerGameLast5": 26.2,
        "savesPer60": 29.1,
        "savesPer60Last1": 34.7,
        "savesPer60Last3": 28.5,
        "savesPer60Last5": 26.2,
        "shotsPerGame": 30.8,
        "shotsPerGameLast5": 29.6,
        "shotsAgainstPerGame": 31.0,
        "shotsAgainstPerGameLast5": 28.8,
        "oppSavesAgainstPer60": 32.5,
        "oppSavesAgainstPer60Last1": 32.0,
        "oppSavesAgainstPer60Last3": 32.5,
        "oppSavesAgainstPer60Last5": 30.2,
        "oppShotsAgainstPerGame": 26.0,
        "oppShotsAgainstPerGameLast5": 27.8,
        "savesProj": 38.1,
        "savesProjLast5": 32.3,
        "savesProjLast3": 38.5,
        "oppSavesAgainstProj": 32.3,
        "oppSavesAgainstProjLast5": 27.3,
        "oppSavesAgainstProjLast3": 30.3,
        "totalOver": 25,
        "totalOverLast5": 40,
        "totalOverLast15": 27,
        "lastTotalOver": 0,
        "last5": "0,0,0,1,2,1,0,0,0,0",
        "overOdds": "+175",
        "underOdds": "-215",
        "overUnder": "+175 / -215"
    },
    {
        "player": "Bo Horvat",
        "team": "NYI",
        "opponent": "CAR",
        "propType": "g",
        "line": 0.5,
        "ppLine": "PP1",
        "avg": 0.22,
        "hit": false,
        "diffAvg": -0.56,
        "diffAbs": 1.0,
        "lastAvg": 0,
        "diff": 0,
        "avgMin": 20,
        "proj": 0.0,
        "lastAvgMin": 0,
        "oppOver": 0,
        "teamOver": 0,
        "gameLine": "-110",
        "+/-": -3,
        "L5_+/-": "+1.0",
        "prevMatchup": "2023-04-19 0.0 g 2023-04-17 0.0 g 2023-04-02 0.0 g",
        "winLossSplits": "29% - 13%",
        "awayHome": "H",
        "playedYesterday": "N",
        "awayHomeSplits": "18% - 27%",
        "savesAboveExp": -0.166,
        "gsaa": 3.66,
        "corsi": "49.6% (58.7) // 54.1% (65.8) // 59.5% (72.0) // 49.6% (58.7)",
        "fenwick": "49.5% (42.7) // 53.4% (47.0) // 63.9% (53.0) // 49.5% (42.7)",
        "shots": "49.8% (30.5) // 53.2% (32.4) // 64.8% (35.0) // 49.8% (30.5)",
        "scoring": "50.0% (30.4) // 52.7% (31.7) // 65.1% (41.0) // 50.0% (30.4)",
        "corsiAgainst": "50.4% (59.6) // 45.9% (55.9) // 40.5% (49.0) // 50.4% (59.6)",
        "fenwickAgainst": "50.5% (43.6) // 46.6% (40.9) // 36.1% (30.0) // 50.5% (43.6)",
        "shotsAgainst": "50.2% (30.7) // 46.8% (28.5) // 35.2% (19.0) // 50.2% (30.7)",
        "scoringAgainst": "50.0% (30.4) // 47.3% (28.4) // 34.9% (22.0) // 50.0% (30.4)",
        "oppCorsi": "59.9% (67.4) // 61.2% (68.8) // 58.7% (67.5) // 59.9% (67.4)",
        "oppFenwick": "59.1% (50.8) // 60.1% (51.8) // 59.7% (54.0) // 59.1% (50.8)",
        "oppShots": "57.2% (34.3) // 58.4% (34.4) // 53.8% (32.0) // 57.2% (34.3)",
        "oppScoring": "58.9% (33.3) // 62.3% (33.3) // 54.5% (27.5) // 58.9% (33.3)",
        "oppCorsiAgainst": "40.1% (45.2) // 38.8% (43.6) // 41.3% (47.5) // 40.1% (45.2)",
        "oppFenwickAgainst": "40.9% (35.1) // 39.9% (34.4) // 40.3% (36.5) // 40.9% (35.1)",
        "oppShotsAgainst": "42.8% (25.6) // 41.6% (24.5) // 46.2% (27.5) // 42.8% (25.6)",
        "oppScoringAgainst": "41.1% (23.3) // 37.7% (20.2) // 45.5% (23.0) // 41.1% (23.3)",
        "savesPerGame": 28.4,
        "savesPerGameLast1": 32.0,
        "savesPerGameLast3": 28.0,
        "savesPerGameLast5": 26.2,
        "savesPer60": 29.1,
        "savesPer60Last1": 34.7,
        "savesPer60Last3": 28.5,
        "savesPer60Last5": 26.2,
        "shotsPerGame": 30.8,
        "shotsPerGameLast5": 29.6,
        "shotsAgainstPerGame": 31.0,
        "shotsAgainstPerGameLast5": 28.8,
        "oppSavesAgainstPer60": 32.5,
        "oppSavesAgainstPer60Last1": 32.0,
        "oppSavesAgainstPer60Last3": 32.5,
        "oppSavesAgainstPer60Last5": 30.2,
        "oppShotsAgainstPerGame": 26.0,
        "oppShotsAgainstPerGameLast5": 27.8,
        "savesProj": 38.1,
        "savesProjLast5": 32.3,
        "savesProjLast3": 38.5,
        "oppSavesAgainstProj": 32.3,
        "oppSavesAgainstProjLast5": 27.3,
        "oppSavesAgainstProjLast3": 30.3,
        "totalOver": 22,
        "totalOverLast5": 0,
        "totalOverLast15": 13,
        "lastTotalOver": 0,
        "last5": "0,0,0,0,0,1,0,0,0,1",
        "overOdds": "+185",
        "underOdds": "0",
        "overUnder": "+185 / 0"
    },
    {
        "player": "Brady Skjei",
        "team": "CAR",
        "opponent": "NYI",
        "propType": "sog",
        "line": 2.5,
        "ppLine": "PP2",
        "avg": 2.35,
        "hit": false,
        "diffAvg": -0.06,
        "diffAbs": 0.24,
        "lastAvg": 1.92,
        "diff": -0.23,
        "avgMin": 21,
        "proj": 1.9,
        "lastAvgMin": 21.13,
        "oppOver": 0,
        "teamOver": 0,
        "gameLine": "-110",
        "+/-": "+4",
        "L5_+/-": -8.0,
        "prevMatchup": "2023-04-19 3.0 sog 2023-04-17 4.0 sog 2023-04-02 3.0 sog 2023-01-21 0.0 sog 2022-12-10 5.0 sog 2022-10-28 2.0 sog",
        "winLossSplits": "53% - 33%",
        "awayHome": "A",
        "playedYesterday": "N",
        "awayHomeSplits": "45% - 47%",
        "savesAboveExp": 0.704,
        "gsaa": 35.99,
        "corsi": "59.9% (67.4) // 61.2% (68.8) // 58.7% (67.5) // 59.9% (67.4)",
        "fenwick": "59.1% (50.8) // 60.1% (51.8) // 59.7% (54.0) // 59.1% (50.8)",
        "shots": "57.2% (34.3) // 58.4% (34.4) // 53.8% (32.0) // 57.2% (34.3)",
        "scoring": "58.9% (33.3) // 62.3% (33.3) // 54.5% (27.5) // 58.9% (33.3)",
        "corsiAgainst": "40.1% (45.2) // 38.8% (43.6) // 41.3% (47.5) // 40.1% (45.2)",
        "fenwickAgainst": "40.9% (35.1) // 39.9% (34.4) // 40.3% (36.5) // 40.9% (35.1)",
        "shotsAgainst": "42.8% (25.6) // 41.6% (24.5) // 46.2% (27.5) // 42.8% (25.6)",
        "scoringAgainst": "41.1% (23.3) // 37.7% (20.2) // 45.5% (23.0) // 41.1% (23.3)",
        "oppCorsi": "49.6% (58.7) // 54.1% (65.8) // 59.5% (72.0) // 49.6% (58.7)",
        "oppFenwick": "49.5% (42.7) // 53.4% (47.0) // 63.9% (53.0) // 49.5% (42.7)",
        "oppShots": "49.8% (30.5) // 53.2% (32.4) // 64.8% (35.0) // 49.8% (30.5)",
        "oppScoring": "50.0% (30.4) // 52.7% (31.7) // 65.1% (41.0) // 50.0% (30.4)",
        "oppCorsiAgainst": "50.4% (59.6) // 45.9% (55.9) // 40.5% (49.0) // 50.4% (59.6)",
        "oppFenwickAgainst": "50.5% (43.6) // 46.6% (40.9) // 36.1% (30.0) // 50.5% (43.6)",
        "oppShotsAgainst": "50.2% (30.7) // 46.8% (28.5) // 35.2% (19.0) // 50.2% (30.7)",
        "oppScoringAgainst": "50.0% (30.4) // 47.3% (28.4) // 34.9% (22.0) // 50.0% (30.4)",
        "savesPerGame": 23.4,
        "savesPerGameLast1": 23.0,
        "savesPerGameLast3": 26.0,
        "savesPerGameLast5": 25.4,
        "savesPer60": 24.2,
        "savesPer60Last1": 24.9,
        "savesPer60Last3": 26.7,
        "savesPer60Last5": 25.6,
        "shotsPerGame": 34.8,
        "shotsPerGameLast5": 33.2,
        "shotsAgainstPerGame": 26.0,
        "shotsAgainstPerGameLast5": 27.8,
        "oppSavesAgainstPer60": 28.5,
        "oppSavesAgainstPer60Last1": 23.0,
        "oppSavesAgainstPer60Last3": 26.3,
        "oppSavesAgainstPer60Last5": 26.8,
        "oppShotsAgainstPerGame": 31.0,
        "oppShotsAgainstPerGameLast5": 28.8,
        "savesProj": 23.1,
        "savesProjLast5": 23.6,
        "savesProjLast3": 24.2,
        "oppSavesAgainstProj": 23.5,
        "oppSavesAgainstProjLast5": 23.1,
        "oppSavesAgainstProjLast3": 22.5,
        "totalOver": 46,
        "totalOverLast5": 60,
        "totalOverLast15": 60,
        "lastTotalOver": 35,
        "last5": "3,4,4,1,1,2,5,3,3,2",
        "overOdds": "-105",
        "underOdds": "-125",
        "overUnder": "-105 / -125"
    },
    {
        "player": "Brady Skjei",
        "team": "CAR",
        "opponent": "NYI",
        "propType": "pts",
        "line": 0.5,
        "ppLine": "PP2",
        "avg": 0.46,
        "hit": false,
        "diffAvg": -0.08,
        "diffAbs": 0.2,
        "lastAvg": 0.41,
        "diff": -0.18,
        "avgMin": 21,
        "proj": 0.4,
        "lastAvgMin": 21.13,
        "oppOver": 0,
        "teamOver": 0,
        "gameLine": "-110",
        "+/-": "+4",
        "L5_+/-": -8.0,
        "prevMatchup": "2023-04-19 0.0 pts 2023-04-17 0.0 pts 2023-04-02 0.0 pts 2023-01-21 0.0 pts 2022-12-10 1.0 pts 2022-10-28 1.0 pts",
        "winLossSplits": "45% - 27%",
        "awayHome": "A",
        "playedYesterday": "N",
        "awayHomeSplits": "40% - 37%",
        "savesAboveExp": 0.704,
        "gsaa": 35.99,
        "corsi": "59.9% (67.4) // 61.2% (68.8) // 58.7% (67.5) // 59.9% (67.4)",
        "fenwick": "59.1% (50.8) // 60.1% (51.8) // 59.7% (54.0) // 59.1% (50.8)",
        "shots": "57.2% (34.3) // 58.4% (34.4) // 53.8% (32.0) // 57.2% (34.3)",
        "scoring": "58.9% (33.3) // 62.3% (33.3) // 54.5% (27.5) // 58.9% (33.3)",
        "corsiAgainst": "40.1% (45.2) // 38.8% (43.6) // 41.3% (47.5) // 40.1% (45.2)",
        "fenwickAgainst": "40.9% (35.1) // 39.9% (34.4) // 40.3% (36.5) // 40.9% (35.1)",
        "shotsAgainst": "42.8% (25.6) // 41.6% (24.5) // 46.2% (27.5) // 42.8% (25.6)",
        "scoringAgainst": "41.1% (23.3) // 37.7% (20.2) // 45.5% (23.0) // 41.1% (23.3)",
        "oppCorsi": "49.6% (58.7) // 54.1% (65.8) // 59.5% (72.0) // 49.6% (58.7)",
        "oppFenwick": "49.5% (42.7) // 53.4% (47.0) // 63.9% (53.0) // 49.5% (42.7)",
        "oppShots": "49.8% (30.5) // 53.2% (32.4) // 64.8% (35.0) // 49.8% (30.5)",
        "oppScoring": "50.0% (30.4) // 52.7% (31.7) // 65.1% (41.0) // 50.0% (30.4)",
        "oppCorsiAgainst": "50.4% (59.6) // 45.9% (55.9) // 40.5% (49.0) // 50.4% (59.6)",
        "oppFenwickAgainst": "50.5% (43.6) // 46.6% (40.9) // 36.1% (30.0) // 50.5% (43.6)",
        "oppShotsAgainst": "50.2% (30.7) // 46.8% (28.5) // 35.2% (19.0) // 50.2% (30.7)",
        "oppScoringAgainst": "50.0% (30.4) // 47.3% (28.4) // 34.9% (22.0) // 50.0% (30.4)",
        "savesPerGame": 23.4,
        "savesPerGameLast1": 23.0,
        "savesPerGameLast3": 26.0,
        "savesPerGameLast5": 25.4,
        "savesPer60": 24.2,
        "savesPer60Last1": 24.9,
        "savesPer60Last3": 26.7,
        "savesPer60Last5": 25.6,
        "shotsPerGame": 34.8,
        "shotsPerGameLast5": 33.2,
        "shotsAgainstPerGame": 26.0,
        "shotsAgainstPerGameLast5": 27.8,
        "oppSavesAgainstPer60": 28.5,
        "oppSavesAgainstPer60Last1": 23.0,
        "oppSavesAgainstPer60Last3": 26.3,
        "oppSavesAgainstPer60Last5": 26.8,
        "oppShotsAgainstPerGame": 31.0,
        "oppShotsAgainstPerGameLast5": 28.8,
        "savesProj": 23.1,
        "savesProjLast5": 23.6,
        "savesProjLast3": 24.2,
        "oppSavesAgainstProj": 23.5,
        "oppSavesAgainstProjLast5": 23.1,
        "oppSavesAgainstProjLast3": 22.5,
        "totalOver": 39,
        "totalOverLast5": 40,
        "totalOverLast15": 33,
        "lastTotalOver": 34,
        "last5": "0,0,0,1,1,0,0,2,0,1",
        "overOdds": "+140",
        "underOdds": "-175",
        "overUnder": "+140 / -175"
    },
    {
        "player": "Brady Skjei",
        "team": "CAR",
        "opponent": "NYI",
        "propType": "ast",
        "line": 0.5,
        "ppLine": "PP2",
        "avg": 0.24,
        "hit": false,
        "diffAvg": -0.52,
        "diffAbs": 0.4,
        "lastAvg": 0.31,
        "diff": -0.38,
        "avgMin": 21,
        "proj": 0.3,
        "lastAvgMin": 21.13,
        "oppOver": 0,
        "teamOver": 0,
        "gameLine": "-110",
        "+/-": "+4",
        "L5_+/-": -8.0,
        "prevMatchup": "2023-04-19 0.0 ast 2023-04-17 0.0 ast 2023-04-02 0.0 ast 2023-01-21 0.0 ast 2022-12-10 1.0 ast 2022-10-28 1.0 ast",
        "winLossSplits": "30% - 13%",
        "awayHome": "A",
        "playedYesterday": "N",
        "awayHomeSplits": "22% - 26%",
        "savesAboveExp": 0.704,
        "gsaa": 35.99,
        "corsi": "59.9% (67.4) // 61.2% (68.8) // 58.7% (67.5) // 59.9% (67.4)",
        "fenwick": "59.1% (50.8) // 60.1% (51.8) // 59.7% (54.0) // 59.1% (50.8)",
        "shots": "57.2% (34.3) // 58.4% (34.4) // 53.8% (32.0) // 57.2% (34.3)",
        "scoring": "58.9% (33.3) // 62.3% (33.3) // 54.5% (27.5) // 58.9% (33.3)",
        "corsiAgainst": "40.1% (45.2) // 38.8% (43.6) // 41.3% (47.5) // 40.1% (45.2)",
        "fenwickAgainst": "40.9% (35.1) // 39.9% (34.4) // 40.3% (36.5) // 40.9% (35.1)",
        "shotsAgainst": "42.8% (25.6) // 41.6% (24.5) // 46.2% (27.5) // 42.8% (25.6)",
        "scoringAgainst": "41.1% (23.3) // 37.7% (20.2) // 45.5% (23.0) // 41.1% (23.3)",
        "oppCorsi": "49.6% (58.7) // 54.1% (65.8) // 59.5% (72.0) // 49.6% (58.7)",
        "oppFenwick": "49.5% (42.7) // 53.4% (47.0) // 63.9% (53.0) // 49.5% (42.7)",
        "oppShots": "49.8% (30.5) // 53.2% (32.4) // 64.8% (35.0) // 49.8% (30.5)",
        "oppScoring": "50.0% (30.4) // 52.7% (31.7) // 65.1% (41.0) // 50.0% (30.4)",
        "oppCorsiAgainst": "50.4% (59.6) // 45.9% (55.9) // 40.5% (49.0) // 50.4% (59.6)",
        "oppFenwickAgainst": "50.5% (43.6) // 46.6% (40.9) // 36.1% (30.0) // 50.5% (43.6)",
        "oppShotsAgainst": "50.2% (30.7) // 46.8% (28.5) // 35.2% (19.0) // 50.2% (30.7)",
        "oppScoringAgainst": "50.0% (30.4) // 47.3% (28.4) // 34.9% (22.0) // 50.0% (30.4)",
        "savesPerGame": 23.4,
        "savesPerGameLast1": 23.0,
        "savesPerGameLast3": 26.0,
        "savesPerGameLast5": 25.4,
        "savesPer60": 24.2,
        "savesPer60Last1": 24.9,
        "savesPer60Last3": 26.7,
        "savesPer60Last5": 25.6,
        "shotsPerGame": 34.8,
        "shotsPerGameLast5": 33.2,
        "shotsAgainstPerGame": 26.0,
        "shotsAgainstPerGameLast5": 27.8,
        "oppSavesAgainstPer60": 28.5,
        "oppSavesAgainstPer60Last1": 23.0,
        "oppSavesAgainstPer60Last3": 26.3,
        "oppSavesAgainstPer60Last5": 26.8,
        "oppShotsAgainstPerGame": 31.0,
        "oppShotsAgainstPerGameLast5": 28.8,
        "savesProj": 23.1,
        "savesProjLast5": 23.6,
        "savesProjLast3": 24.2,
        "oppSavesAgainstProj": 23.5,
        "oppSavesAgainstProjLast5": 23.1,
        "oppSavesAgainstProjLast3": 22.5,
        "totalOver": 24,
        "totalOverLast5": 40,
        "totalOverLast15": 20,
        "lastTotalOver": 30,
        "last5": "0,0,0,1,1,0,0,1,0,0",
        "overOdds": "+235",
        "underOdds": "-300",
        "overUnder": "+235 / -300"
    },
    {
        "player": "Brady Skjei",
        "team": "CAR",
        "opponent": "NYI",
        "propType": "g",
        "line": 0.5,
        "ppLine": "PP2",
        "avg": 0.22,
        "hit": false,
        "diffAvg": -0.56,
        "diffAbs": 0.8,
        "lastAvg": 0.09,
        "diff": -0.82,
        "avgMin": 21,
        "proj": 0.1,
        "lastAvgMin": 21.13,
        "oppOver": 0,
        "teamOver": 0,
        "gameLine": "-110",
        "+/-": "+4",
        "L5_+/-": -8.0,
        "prevMatchup": "2023-04-19 0.0 g 2023-04-17 0.0 g 2023-04-02 0.0 g 2023-01-21 0.0 g 2022-12-10 0.0 g 2022-10-28 0.0 g",
        "winLossSplits": "25% - 17%",
        "awayHome": "A",
        "playedYesterday": "N",
        "awayHomeSplits": "22% - 21%",
        "savesAboveExp": 0.704,
        "gsaa": 35.99,
        "corsi": "59.9% (67.4) // 61.2% (68.8) // 58.7% (67.5) // 59.9% (67.4)",
        "fenwick": "59.1% (50.8) // 60.1% (51.8) // 59.7% (54.0) // 59.1% (50.8)",
        "shots": "57.2% (34.3) // 58.4% (34.4) // 53.8% (32.0) // 57.2% (34.3)",
        "scoring": "58.9% (33.3) // 62.3% (33.3) // 54.5% (27.5) // 58.9% (33.3)",
        "corsiAgainst": "40.1% (45.2) // 38.8% (43.6) // 41.3% (47.5) // 40.1% (45.2)",
        "fenwickAgainst": "40.9% (35.1) // 39.9% (34.4) // 40.3% (36.5) // 40.9% (35.1)",
        "shotsAgainst": "42.8% (25.6) // 41.6% (24.5) // 46.2% (27.5) // 42.8% (25.6)",
        "scoringAgainst": "41.1% (23.3) // 37.7% (20.2) // 45.5% (23.0) // 41.1% (23.3)",
        "oppCorsi": "49.6% (58.7) // 54.1% (65.8) // 59.5% (72.0) // 49.6% (58.7)",
        "oppFenwick": "49.5% (42.7) // 53.4% (47.0) // 63.9% (53.0) // 49.5% (42.7)",
        "oppShots": "49.8% (30.5) // 53.2% (32.4) // 64.8% (35.0) // 49.8% (30.5)",
        "oppScoring": "50.0% (30.4) // 52.7% (31.7) // 65.1% (41.0) // 50.0% (30.4)",
        "oppCorsiAgainst": "50.4% (59.6) // 45.9% (55.9) // 40.5% (49.0) // 50.4% (59.6)",
        "oppFenwickAgainst": "50.5% (43.6) // 46.6% (40.9) // 36.1% (30.0) // 50.5% (43.6)",
        "oppShotsAgainst": "50.2% (30.7) // 46.8% (28.5) // 35.2% (19.0) // 50.2% (30.7)",
        "oppScoringAgainst": "50.0% (30.4) // 47.3% (28.4) // 34.9% (22.0) // 50.0% (30.4)",
        "savesPerGame": 23.4,
        "savesPerGameLast1": 23.0,
        "savesPerGameLast3": 26.0,
        "savesPerGameLast5": 25.4,
        "savesPer60": 24.2,
        "savesPer60Last1": 24.9,
        "savesPer60Last3": 26.7,
        "savesPer60Last5": 25.6,
        "shotsPerGame": 34.8,
        "shotsPerGameLast5": 33.2,
        "shotsAgainstPerGame": 26.0,
        "shotsAgainstPerGameLast5": 27.8,
        "oppSavesAgainstPer60": 28.5,
        "oppSavesAgainstPer60Last1": 23.0,
        "oppSavesAgainstPer60Last3": 26.3,
        "oppSavesAgainstPer60Last5": 26.8,
        "oppShotsAgainstPerGame": 31.0,
        "oppShotsAgainstPerGameLast5": 28.8,
        "savesProj": 23.1,
        "savesProjLast5": 23.6,
        "savesProjLast3": 24.2,
        "oppSavesAgainstProj": 23.5,
        "oppSavesAgainstProjLast5": 23.1,
        "oppSavesAgainstProjLast3": 22.5,
        "totalOver": 22,
        "totalOverLast5": 0,
        "totalOverLast15": 20,
        "lastTotalOver": 8,
        "last5": "0,0,0,0,0,0,0,1,0,1",
        "overOdds": "+450",
        "underOdds": "0",
        "overUnder": "+450 / 0"
    },
    {
        "player": "Brent Burns",
        "team": "CAR",
        "opponent": "NYI",
        "propType": "sog",
        "line": 3.5,
        "ppLine": "PP1",
        "avg": 3.15,
        "hit": false,
        "diffAvg": -0.1,
        "diffAbs": 0.37,
        "lastAvg": 2.48,
        "diff": -0.29,
