[
    {
        "player": "Alex Killorn",
        "team": "TB",
        "opponent": "TOR",
        "propType": "sog",
        "line": 1.5,
        "ppLine": "PP1",
        "avg": 1.77,
        "hit": false,
        "diffAvg": 0.18,
        "diffAbs": 0.07,
        "lastAvg": 1.56,
        "diff": 0.04,
        "avgMin": 17,
        "proj": 1.4,
        "lastAvgMin": 18.68,
        "oppOver": 0,
        "teamOver": 0,
        "gameLine": "+130",
        "+/-": "+16",
        "L5_+/-": "+1.0",
        "prevMatchup": "2023-04-24 7.0 sog 2023-04-22 1.0 sog 2023-04-20 1.0 sog 2023-04-18 0.0 sog 2023-04-11 3.0 sog 2022-12-20 1.0 sog 2022-12-03 2.0 sog",
        "winLossSplits": "55% - 46%",
        "awayHome": "A",
        "playedYesterday": "N",
        "awayHomeSplits": "51% - 51%",
        "savesAboveExp": 0.388,
        "gsaa": 17.37,
        "corsi": "51.4% (59.4) // 49.6% (57.4) // 51.4% (59.4) // 51.4% (59.4)",
        "fenwick": "51.3% (44.7) // 48.1% (42.5) // 51.3% (44.7) // 51.3% (44.7)",
        "shots": "50.4% (31.7) // 47.3% (30.9) // 50.4% (31.7) // 50.4% (31.7)",
        "scoring": "52.9% (33.9) // 49.5% (32.2) // 52.9% (33.9) // 52.9% (33.9)",
        "corsiAgainst": "48.6% (56.3) // 50.4% (58.3) // 48.6% (56.3) // 48.6% (56.3)",
        "fenwickAgainst": "48.7% (42.4) // 51.9% (45.9) // 48.7% (42.4) // 48.7% (42.4)",
        "shotsAgainst": "49.6% (31.2) // 52.7% (34.4) // 49.6% (31.2) // 49.6% (31.2)",
        "scoringAgainst": "47.1% (30.1) // 50.5% (32.8) // 47.1% (30.1) // 47.1% (30.1)",
        "oppCorsi": "50.8% (57.6) // 50.8% (59.1) // 50.8% (57.6) // 50.8% (57.6)",
        "oppFenwick": "51.7% (44.0) // 52.2% (46.4) // 51.7% (44.0) // 51.7% (44.0)",
        "oppShots": "52.1% (31.8) // 52.3% (33.2) // 52.1% (31.8) // 52.1% (31.8)",
        "oppScoring": "53.9% (33.4) // 55.3% (34.1) // 53.9% (33.4) // 53.9% (33.4)",
        "oppCorsiAgainst": "49.2% (55.8) // 49.2% (57.4) // 49.2% (55.8) // 49.2% (55.8)",
        "oppFenwickAgainst": "48.3% (41.1) // 47.8% (42.5) // 48.3% (41.1) // 48.3% (41.1)",
        "oppShotsAgainst": "47.9% (29.2) // 47.7% (30.3) // 47.9% (29.2) // 47.9% (29.2)",
        "oppScoringAgainst": "46.1% (28.5) // 44.7% (27.6) // 46.1% (28.5) // 46.1% (28.5)",
        "savesPerGame": 28.4,
        "savesPerGameLast1": 32.0,
        "savesPerGameLast3": 28.3,
        "savesPerGameLast5": 29.0,
        "savesPer60": 29.9,
        "savesPer60Last1": 34.3,
        "savesPer60Last3": 32.0,
        "savesPer60Last5": 31.2,
        "shotsPerGame": 32.0,
        "shotsPerGameLast5": 31.6,
        "shotsAgainstPerGame": 31.5,
        "shotsAgainstPerGameLast5": 32.8,
        "oppSavesAgainstPer60": 30.0,
        "oppSavesAgainstPer60Last1": 32.0,
        "oppSavesAgainstPer60Last3": 28.7,
        "oppSavesAgainstPer60Last5": 26.6,
        "oppShotsAgainstPerGame": 29.5,
        "oppShotsAgainstPerGameLast5": 30.0,
        "savesProj": 30.2,
        "savesProjLast5": 28.9,
        "savesProjLast3": 32.0,
        "oppSavesAgainstProj": 29.2,
        "oppSavesAgainstProjLast5": 26.7,
        "oppSavesAgainstProjLast3": 27.1,
        "totalOver": 51,
        "totalOverLast5": 40,
        "totalOverLast15": 40,
        "lastTotalOver": 64,
        "last5": "7,1,1,0,2,3,2,3,1,1",
        "overOdds": "-130",
        "underOdds": "+100",
        "overUnder": "-130 / +100"
    },
    {
        "player": "Alex Killorn",
        "team": "TB",
        "opponent": "TOR",
        "propType": "pts",
        "line": 0.5,
        "ppLine": "PP1",
        "avg": 0.79,
        "hit": false,
        "diffAvg": 0.58,
        "diffAbs": 0.0,
        "lastAvg": 0.56,
        "diff": 0.12,
        "avgMin": 17,
        "proj": 0.5,
        "lastAvgMin": 18.68,
        "oppOver": 0,
        "teamOver": 0,
        "gameLine": "+130",
        "+/-": "+16",
        "L5_+/-": "+1.0",
        "prevMatchup": "2023-04-24 2.0 pts 2023-04-22 1.0 pts 2023-04-20 0.0 pts 2023-04-18 1.0 pts 2023-04-11 1.0 pts 2022-12-20 0.0 pts 2022-12-03 1.0 pts",
        "winLossSplits": "70% - 38%",
        "awayHome": "A",
        "playedYesterday": "N",
        "awayHomeSplits": "44% - 67%",
        "savesAboveExp": 0.388,
        "gsaa": 17.37,
        "corsi": "51.4% (59.4) // 49.6% (57.4) // 51.4% (59.4) // 51.4% (59.4)",
        "fenwick": "51.3% (44.7) // 48.1% (42.5) // 51.3% (44.7) // 51.3% (44.7)",
        "shots": "50.4% (31.7) // 47.3% (30.9) // 50.4% (31.7) // 50.4% (31.7)",
        "scoring": "52.9% (33.9) // 49.5% (32.2) // 52.9% (33.9) // 52.9% (33.9)",
        "corsiAgainst": "48.6% (56.3) // 50.4% (58.3) // 48.6% (56.3) // 48.6% (56.3)",
        "fenwickAgainst": "48.7% (42.4) // 51.9% (45.9) // 48.7% (42.4) // 48.7% (42.4)",
        "shotsAgainst": "49.6% (31.2) // 52.7% (34.4) // 49.6% (31.2) // 49.6% (31.2)",
        "scoringAgainst": "47.1% (30.1) // 50.5% (32.8) // 47.1% (30.1) // 47.1% (30.1)",
        "oppCorsi": "50.8% (57.6) // 50.8% (59.1) // 50.8% (57.6) // 50.8% (57.6)",
        "oppFenwick": "51.7% (44.0) // 52.2% (46.4) // 51.7% (44.0) // 51.7% (44.0)",
        "oppShots": "52.1% (31.8) // 52.3% (33.2) // 52.1% (31.8) // 52.1% (31.8)",
        "oppScoring": "53.9% (33.4) // 55.3% (34.1) // 53.9% (33.4) // 53.9% (33.4)",
        "oppCorsiAgainst": "49.2% (55.8) // 49.2% (57.4) // 49.2% (55.8) // 49.2% (55.8)",
        "oppFenwickAgainst": "48.3% (41.1) // 47.8% (42.5) // 48.3% (41.1) // 48.3% (41.1)",
        "oppShotsAgainst": "47.9% (29.2) // 47.7% (30.3) // 47.9% (29.2) // 47.9% (29.2)",
        "oppScoringAgainst": "46.1% (28.5) // 44.7% (27.6) // 46.1% (28.5) // 46.1% (28.5)",
        "savesPerGame": 28.4,
        "savesPerGameLast1": 32.0,
        "savesPerGameLast3": 28.3,
        "savesPerGameLast5": 29.0,
        "savesPer60": 29.9,
        "savesPer60Last1": 34.3,
        "savesPer60Last3": 32.0,
        "savesPer60Last5": 31.2,
        "shotsPerGame": 32.0,
        "shotsPerGameLast5": 31.6,
        "shotsAgainstPerGame": 31.5,
        "shotsAgainstPerGameLast5": 32.8,
        "oppSavesAgainstPer60": 30.0,
        "oppSavesAgainstPer60Last1": 32.0,
        "oppSavesAgainstPer60Last3": 28.7,
        "oppSavesAgainstPer60Last5": 26.6,
        "oppShotsAgainstPerGame": 29.5,
        "oppShotsAgainstPerGameLast5": 30.0,
        "savesProj": 30.2,
        "savesProjLast5": 28.9,
        "savesProjLast3": 32.0,
        "oppSavesAgainstProj": 29.2,
        "oppSavesAgainstProjLast5": 26.7,
        "oppSavesAgainstProjLast3": 27.1,
        "totalOver": 56,
        "totalOverLast5": 80,
        "totalOverLast15": 67,
        "lastTotalOver": 46,
        "last5": "2,1,0,1,2,1,0,0,2,1",
        "overOdds": "-125",
        "underOdds": "-105",
        "overUnder": "-125 / -105"
    },
    {
        "player": "Alex Killorn",
        "team": "TB",
        "opponent": "TOR",
        "propType": "ast",
        "line": 0.5,
        "ppLine": "PP1",
        "avg": 0.45,
        "hit": false,
        "diffAvg": -0.1,
        "diffAbs": 0.4,
        "lastAvg": 0.32,
        "diff": -0.36,
        "avgMin": 17,
        "proj": 0.3,
        "lastAvgMin": 18.68,
        "oppOver": 0,
        "teamOver": 0,
        "gameLine": "+130",
        "+/-": "+16",
        "L5_+/-": "+1.0",
        "prevMatchup": "2023-04-24 0.0 ast 2023-04-22 1.0 ast 2023-04-20 0.0 ast 2023-04-18 1.0 ast 2023-04-11 0.0 ast 2022-12-20 0.0 ast 2022-12-03 0.0 ast",
        "winLossSplits": "49% - 21%",
        "awayHome": "A",
        "playedYesterday": "N",
        "awayHomeSplits": "28% - 44%",
        "savesAboveExp": 0.388,
        "gsaa": 17.37,
        "corsi": "51.4% (59.4) // 49.6% (57.4) // 51.4% (59.4) // 51.4% (59.4)",
        "fenwick": "51.3% (44.7) // 48.1% (42.5) // 51.3% (44.7) // 51.3% (44.7)",
        "shots": "50.4% (31.7) // 47.3% (30.9) // 50.4% (31.7) // 50.4% (31.7)",
        "scoring": "52.9% (33.9) // 49.5% (32.2) // 52.9% (33.9) // 52.9% (33.9)",
        "corsiAgainst": "48.6% (56.3) // 50.4% (58.3) // 48.6% (56.3) // 48.6% (56.3)",
        "fenwickAgainst": "48.7% (42.4) // 51.9% (45.9) // 48.7% (42.4) // 48.7% (42.4)",
        "shotsAgainst": "49.6% (31.2) // 52.7% (34.4) // 49.6% (31.2) // 49.6% (31.2)",
        "scoringAgainst": "47.1% (30.1) // 50.5% (32.8) // 47.1% (30.1) // 47.1% (30.1)",
        "oppCorsi": "50.8% (57.6) // 50.8% (59.1) // 50.8% (57.6) // 50.8% (57.6)",
        "oppFenwick": "51.7% (44.0) // 52.2% (46.4) // 51.7% (44.0) // 51.7% (44.0)",
        "oppShots": "52.1% (31.8) // 52.3% (33.2) // 52.1% (31.8) // 52.1% (31.8)",
        "oppScoring": "53.9% (33.4) // 55.3% (34.1) // 53.9% (33.4) // 53.9% (33.4)",
        "oppCorsiAgainst": "49.2% (55.8) // 49.2% (57.4) // 49.2% (55.8) // 49.2% (55.8)",
        "oppFenwickAgainst": "48.3% (41.1) // 47.8% (42.5) // 48.3% (41.1) // 48.3% (41.1)",
        "oppShotsAgainst": "47.9% (29.2) // 47.7% (30.3) // 47.9% (29.2) // 47.9% (29.2)",
        "oppScoringAgainst": "46.1% (28.5) // 44.7% (27.6) // 46.1% (28.5) // 46.1% (28.5)",
        "savesPerGame": 28.4,
        "savesPerGameLast1": 32.0,
        "savesPerGameLast3": 28.3,
        "savesPerGameLast5": 29.0,
        "savesPer60": 29.9,
        "savesPer60Last1": 34.3,
        "savesPer60Last3": 32.0,
        "savesPer60Last5": 31.2,
        "shotsPerGame": 32.0,
        "shotsPerGameLast5": 31.6,
        "shotsAgainstPerGame": 31.5,
        "shotsAgainstPerGameLast5": 32.8,
        "oppSavesAgainstPer60": 30.0,
        "oppSavesAgainstPer60Last1": 32.0,
        "oppSavesAgainstPer60Last3": 28.7,
        "oppSavesAgainstPer60Last5": 26.6,
        "oppShotsAgainstPerGame": 29.5,
        "oppShotsAgainstPerGameLast5": 30.0,
        "savesProj": 30.2,
        "savesProjLast5": 28.9,
        "savesProjLast3": 32.0,
        "oppSavesAgainstProj": 29.2,
        "oppSavesAgainstProjLast5": 26.7,
        "oppSavesAgainstProjLast3": 27.1,
        "totalOver": 36,
        "totalOverLast5": 60,
        "totalOverLast15": 47,
        "lastTotalOver": 31,
        "last5": "0,1,0,1,1,0,0,0,1,1",
        "overOdds": "+160",
        "underOdds": "-195",
        "overUnder": "+160 / -195"
    },
    {
        "player": "Alex Killorn",
        "team": "TB",
        "opponent": "TOR",
        "propType": "g",
        "line": 0.5,
        "ppLine": "PP1",
        "avg": 0.34,
        "hit": false,
        "diffAvg": -0.32,
        "diffAbs": 0.6,
        "lastAvg": 0.24,
        "diff": -0.52,
        "avgMin": 17,
        "proj": 0.2,
        "lastAvgMin": 18.68,
        "oppOver": 0,
        "teamOver": 0,
        "gameLine": "+130",
        "+/-": "+16",
        "L5_+/-": "+1.0",
        "prevMatchup": "2023-04-24 2.0 g 2023-04-22 0.0 g 2023-04-20 0.0 g 2023-04-18 0.0 g 2023-04-11 1.0 g 2022-12-20 0.0 g 2022-12-03 1.0 g",
        "winLossSplits": "38% - 21%",
        "awayHome": "A",
        "playedYesterday": "N",
        "awayHomeSplits": "23% - 37%",
        "savesAboveExp": 0.388,
        "gsaa": 17.37,
        "corsi": "51.4% (59.4) // 49.6% (57.4) // 51.4% (59.4) // 51.4% (59.4)",
        "fenwick": "51.3% (44.7) // 48.1% (42.5) // 51.3% (44.7) // 51.3% (44.7)",
        "shots": "50.4% (31.7) // 47.3% (30.9) // 50.4% (31.7) // 50.4% (31.7)",
        "scoring": "52.9% (33.9) // 49.5% (32.2) // 52.9% (33.9) // 52.9% (33.9)",
        "corsiAgainst": "48.6% (56.3) // 50.4% (58.3) // 48.6% (56.3) // 48.6% (56.3)",
        "fenwickAgainst": "48.7% (42.4) // 51.9% (45.9) // 48.7% (42.4) // 48.7% (42.4)",
        "shotsAgainst": "49.6% (31.2) // 52.7% (34.4) // 49.6% (31.2) // 49.6% (31.2)",
        "scoringAgainst": "47.1% (30.1) // 50.5% (32.8) // 47.1% (30.1) // 47.1% (30.1)",
        "oppCorsi": "50.8% (57.6) // 50.8% (59.1) // 50.8% (57.6) // 50.8% (57.6)",
        "oppFenwick": "51.7% (44.0) // 52.2% (46.4) // 51.7% (44.0) // 51.7% (44.0)",
        "oppShots": "52.1% (31.8) // 52.3% (33.2) // 52.1% (31.8) // 52.1% (31.8)",
        "oppScoring": "53.9% (33.4) // 55.3% (34.1) // 53.9% (33.4) // 53.9% (33.4)",
        "oppCorsiAgainst": "49.2% (55.8) // 49.2% (57.4) // 49.2% (55.8) // 49.2% (55.8)",
        "oppFenwickAgainst": "48.3% (41.1) // 47.8% (42.5) // 48.3% (41.1) // 48.3% (41.1)",
        "oppShotsAgainst": "47.9% (29.2) // 47.7% (30.3) // 47.9% (29.2) // 47.9% (29.2)",
        "oppScoringAgainst": "46.1% (28.5) // 44.7% (27.6) // 46.1% (28.5) // 46.1% (28.5)",
        "savesPerGame": 28.4,
        "savesPerGameLast1": 32.0,
        "savesPerGameLast3": 28.3,
        "savesPerGameLast5": 29.0,
        "savesPer60": 29.9,
        "savesPer60Last1": 34.3,
        "savesPer60Last3": 32.0,
        "savesPer60Last5": 31.2,
        "shotsPerGame": 32.0,
        "shotsPerGameLast5": 31.6,
        "shotsAgainstPerGame": 31.5,
        "shotsAgainstPerGameLast5": 32.8,
        "oppSavesAgainstPer60": 30.0,
        "oppSavesAgainstPer60Last1": 32.0,
        "oppSavesAgainstPer60Last3": 28.7,
        "oppSavesAgainstPer60Last5": 26.6,
        "oppShotsAgainstPerGame": 29.5,
        "oppShotsAgainstPerGameLast5": 30.0,
        "savesProj": 30.2,
        "savesProjLast5": 28.9,
        "savesProjLast3": 32.0,
        "oppSavesAgainstProj": 29.2,
        "oppSavesAgainstProjLast5": 26.7,
        "oppSavesAgainstProjLast3": 27.1,
        "totalOver": 30,
        "totalOverLast5": 40,
        "totalOverLast15": 40,
        "lastTotalOver": 20,
        "last5": "2,0,0,0,1,1,0,0,1,0",
        "overOdds": "+200",
        "underOdds": "0",
        "overUnder": "+200 / 0"
    },
    {
        "player": "Auston Matthews",
        "team": "TOR",
        "opponent": "TB",
        "propType": "sog",
        "line": 4.5,
        "ppLine": "PP1",
        "avg": 4.41,
        "hit": false,
        "diffAvg": -0.02,
        "diffAbs": 0.07,
        "lastAvg": 4.3,
        "diff": -0.04,
        "avgMin": 20,
        "proj": 4.2,
        "lastAvgMin": 20.6,
        "oppOver": 0,
        "teamOver": 0,
        "gameLine": "-150",
        "+/-": "+34",
        "L5_+/-": "+2.0",
        "prevMatchup": "2023-04-24 7.0 sog 2023-04-22 5.0 sog 2023-04-20 3.0 sog 2023-04-18 2.0 sog 2022-12-20 6.0 sog 2022-12-03 8.0 sog",
        "winLossSplits": "45% - 45%",
        "awayHome": "H",
        "playedYesterday": "N",
        "awayHomeSplits": "40% - 50%",
        "savesAboveExp": 0.522,
        "gsaa": 20.53,
        "corsi": "50.8% (57.6) // 50.8% (59.1) // 50.8% (57.6) // 50.8% (57.6)",
        "fenwick": "51.7% (44.0) // 52.2% (46.4) // 51.7% (44.0) // 51.7% (44.0)",
        "shots": "52.1% (31.8) // 52.3% (33.2) // 52.1% (31.8) // 52.1% (31.8)",
        "scoring": "53.9% (33.4) // 55.3% (34.1) // 53.9% (33.4) // 53.9% (33.4)",
        "corsiAgainst": "49.2% (55.8) // 49.2% (57.4) // 49.2% (55.8) // 49.2% (55.8)",
        "fenwickAgainst": "48.3% (41.1) // 47.8% (42.5) // 48.3% (41.1) // 48.3% (41.1)",
        "shotsAgainst": "47.9% (29.2) // 47.7% (30.3) // 47.9% (29.2) // 47.9% (29.2)",
        "scoringAgainst": "46.1% (28.5) // 44.7% (27.6) // 46.1% (28.5) // 46.1% (28.5)",
        "oppCorsi": "51.4% (59.4) // 49.6% (57.4) // 51.4% (59.4) // 51.4% (59.4)",
        "oppFenwick": "51.3% (44.7) // 48.1% (42.5) // 51.3% (44.7) // 51.3% (44.7)",
        "oppShots": "50.4% (31.7) // 47.3% (30.9) // 50.4% (31.7) // 50.4% (31.7)",
        "oppScoring": "52.9% (33.9) // 49.5% (32.2) // 52.9% (33.9) // 52.9% (33.9)",
        "oppCorsiAgainst": "48.6% (56.3) // 50.4% (58.3) // 48.6% (56.3) // 48.6% (56.3)",
        "oppFenwickAgainst": "48.7% (42.4) // 51.9% (45.9) // 48.7% (42.4) // 48.7% (42.4)",
        "oppShotsAgainst": "49.6% (31.2) // 52.7% (34.4) // 49.6% (31.2) // 49.6% (31.2)",
        "oppScoringAgainst": "47.1% (30.1) // 50.5% (32.8) // 47.1% (30.1) // 47.1% (30.1)",
        "savesPerGame": 26.8,
        "savesPerGameLast1": 27.0,
        "savesPerGameLast3": 27.7,
        "savesPerGameLast5": 26.4,
        "savesPer60": 28.3,
        "savesPer60Last1": 28.8,
        "savesPer60Last3": 31.1,
        "savesPer60Last5": 28.4,
        "shotsPerGame": 32.0,
        "shotsPerGameLast5": 30.6,
        "shotsAgainstPerGame": 29.5,
        "shotsAgainstPerGameLast5": 30.0,
        "oppSavesAgainstPer60": 30.1,
        "oppSavesAgainstPer60Last1": 26.9,
        "oppSavesAgainstPer60Last3": 28.1,
        "oppSavesAgainstPer60Last5": 27.5,
        "oppShotsAgainstPerGame": 31.5,
        "oppShotsAgainstPerGameLast5": 32.8,
        "savesProj": 27.0,
        "savesProjLast5": 26.0,
        "savesProjLast3": 28.8,
        "oppSavesAgainstProj": 27.8,
        "oppSavesAgainstProjLast5": 24.2,
        "oppSavesAgainstProjLast3": 25.8,
        "totalOver": 45,
        "totalOverLast5": 40,
        "totalOverLast15": 53,
        "lastTotalOver": 41,
        "last5": "7,5,3,2,3,4,4,6,6,6",
        "overOdds": "-105",
        "underOdds": "-125",
        "overUnder": "-105 / -125"
    },
    {
        "player": "Auston Matthews",
        "team": "TOR",
        "opponent": "TB",
        "propType": "pts",
        "line": 1.5,
        "ppLine": "PP1",
        "avg": 1.18,
        "hit": false,
        "diffAvg": -0.21,
        "diffAbs": 0.13,
        "lastAvg": 1.31,
        "diff": -0.13,
        "avgMin": 20,
        "proj": 1.3,
        "lastAvgMin": 20.6,
        "oppOver": 0,
        "teamOver": 0,
        "gameLine": "-150",
        "+/-": "+34",
        "L5_+/-": "+2.0",
        "prevMatchup": "2023-04-24 2.0 pts 2023-04-22 1.0 pts 2023-04-20 2.0 pts 2023-04-18 2.0 pts 2022-12-20 1.0 pts 2022-12-03 1.0 pts",
        "winLossSplits": "41% - 21%",
        "awayHome": "H",
        "playedYesterday": "N",
        "awayHomeSplits": "32% - 34%",
        "savesAboveExp": 0.522,
        "gsaa": 20.53,
        "corsi": "50.8% (57.6) // 50.8% (59.1) // 50.8% (57.6) // 50.8% (57.6)",
        "fenwick": "51.7% (44.0) // 52.2% (46.4) // 51.7% (44.0) // 51.7% (44.0)",
        "shots": "52.1% (31.8) // 52.3% (33.2) // 52.1% (31.8) // 52.1% (31.8)",
        "scoring": "53.9% (33.4) // 55.3% (34.1) // 53.9% (33.4) // 53.9% (33.4)",
        "corsiAgainst": "49.2% (55.8) // 49.2% (57.4) // 49.2% (55.8) // 49.2% (55.8)",
        "fenwickAgainst": "48.3% (41.1) // 47.8% (42.5) // 48.3% (41.1) // 48.3% (41.1)",
        "shotsAgainst": "47.9% (29.2) // 47.7% (30.3) // 47.9% (29.2) // 47.9% (29.2)",
        "scoringAgainst": "46.1% (28.5) // 44.7% (27.6) // 46.1% (28.5) // 46.1% (28.5)",
        "oppCorsi": "51.4% (59.4) // 49.6% (57.4) // 51.4% (59.4) // 51.4% (59.4)",
        "oppFenwick": "51.3% (44.7) // 48.1% (42.5) // 51.3% (44.7) // 51.3% (44.7)",
        "oppShots": "50.4% (31.7) // 47.3% (30.9) // 50.4% (31.7) // 50.4% (31.7)",
        "oppScoring": "52.9% (33.9) // 49.5% (32.2) // 52.9% (33.9) // 52.9% (33.9)",
        "oppCorsiAgainst": "48.6% (56.3) // 50.4% (58.3) // 48.6% (56.3) // 48.6% (56.3)",
        "oppFenwickAgainst": "48.7% (42.4) // 51.9% (45.9) // 48.7% (42.4) // 48.7% (42.4)",
        "oppShotsAgainst": "49.6% (31.2) // 52.7% (34.4) // 49.6% (31.2) // 49.6% (31.2)",
        "oppScoringAgainst": "47.1% (30.1) // 50.5% (32.8) // 47.1% (30.1) // 47.1% (30.1)",
        "savesPerGame": 26.8,
        "savesPerGameLast1": 27.0,
        "savesPerGameLast3": 27.7,
        "savesPerGameLast5": 26.4,
        "savesPer60": 28.3,
        "savesPer60Last1": 28.8,
        "savesPer60Last3": 31.1,
        "savesPer60Last5": 28.4,
        "shotsPerGame": 32.0,
        "shotsPerGameLast5": 30.6,
        "shotsAgainstPerGame": 29.5,
        "shotsAgainstPerGameLast5": 30.0,
        "oppSavesAgainstPer60": 30.1,
        "oppSavesAgainstPer60Last1": 26.9,
        "oppSavesAgainstPer60Last3": 28.1,
        "oppSavesAgainstPer60Last5": 27.5,
        "oppShotsAgainstPerGame": 31.5,
        "oppShotsAgainstPerGameLast5": 32.8,
        "savesProj": 27.0,
        "savesProjLast5": 26.0,
        "savesProjLast3": 28.8,
        "oppSavesAgainstProj": 27.8,
        "oppSavesAgainstProjLast5": 24.2,
        "oppSavesAgainstProjLast3": 25.8,
        "totalOver": 33,
        "totalOverLast5": 60,
        "totalOverLast15": 40,
        "lastTotalOver": 46,
        "last5": "2,1,2,2,0,1,4,0,1,1",
        "overOdds": "+145",
        "underOdds": "-180",
        "overUnder": "+145 / -180"
    },
    {
        "player": "Auston Matthews",
        "team": "TOR",
        "opponent": "TB",
        "propType": "ast",
        "line": 0.5,
        "ppLine": "PP1",
        "avg": 0.63,
        "hit": false,
        "diffAvg": 0.26,
        "diffAbs": 0.2,
        "lastAvg": 0.57,
        "diff": 0.14,
        "avgMin": 20,
        "proj": 0.6,
        "lastAvgMin": 20.6,
        "oppOver": 0,
        "teamOver": 0,
        "gameLine": "-150",
        "+/-": "+34",
        "L5_+/-": "+2.0",
        "prevMatchup": "2023-04-24 0.0 ast 2023-04-22 0.0 ast 2023-04-20 2.0 ast 2023-04-18 2.0 ast 2022-12-20 0.0 ast 2022-12-03 1.0 ast",
        "winLossSplits": "49% - 41%",
        "awayHome": "H",
        "playedYesterday": "N",
        "awayHomeSplits": "40% - 53%",
        "savesAboveExp": 0.522,
        "gsaa": 20.53,
        "corsi": "50.8% (57.6) // 50.8% (59.1) // 50.8% (57.6) // 50.8% (57.6)",
        "fenwick": "51.7% (44.0) // 52.2% (46.4) // 51.7% (44.0) // 51.7% (44.0)",
        "shots": "52.1% (31.8) // 52.3% (33.2) // 52.1% (31.8) // 52.1% (31.8)",
        "scoring": "53.9% (33.4) // 55.3% (34.1) // 53.9% (33.4) // 53.9% (33.4)",
        "corsiAgainst": "49.2% (55.8) // 49.2% (57.4) // 49.2% (55.8) // 49.2% (55.8)",
        "fenwickAgainst": "48.3% (41.1) // 47.8% (42.5) // 48.3% (41.1) // 48.3% (41.1)",
        "shotsAgainst": "47.9% (29.2) // 47.7% (30.3) // 47.9% (29.2) // 47.9% (29.2)",
        "scoringAgainst": "46.1% (28.5) // 44.7% (27.6) // 46.1% (28.5) // 46.1% (28.5)",
        "oppCorsi": "51.4% (59.4) // 49.6% (57.4) // 51.4% (59.4) // 51.4% (59.4)",
        "oppFenwick": "51.3% (44.7) // 48.1% (42.5) // 51.3% (44.7) // 51.3% (44.7)",
        "oppShots": "50.4% (31.7) // 47.3% (30.9) // 50.4% (31.7) // 50.4% (31.7)",
        "oppScoring": "52.9% (33.9) // 49.5% (32.2) // 52.9% (33.9) // 52.9% (33.9)",
        "oppCorsiAgainst": "48.6% (56.3) // 50.4% (58.3) // 48.6% (56.3) // 48.6% (56.3)",
        "oppFenwickAgainst": "48.7% (42.4) // 51.9% (45.9) // 48.7% (42.4) // 48.7% (42.4)",
        "oppShotsAgainst": "49.6% (31.2) // 52.7% (34.4) // 49.6% (31.2) // 49.6% (31.2)",
        "oppScoringAgainst": "47.1% (30.1) // 50.5% (32.8) // 47.1% (30.1) // 47.1% (30.1)",
        "savesPerGame": 26.8,
        "savesPerGameLast1": 27.0,
        "savesPerGameLast3": 27.7,
        "savesPerGameLast5": 26.4,
        "savesPer60": 28.3,
        "savesPer60Last1": 28.8,
        "savesPer60Last3": 31.1,
        "savesPer60Last5": 28.4,
        "shotsPerGame": 32.0,
        "shotsPerGameLast5": 30.6,
        "shotsAgainstPerGame": 29.5,
        "shotsAgainstPerGameLast5": 30.0,
        "oppSavesAgainstPer60": 30.1,
        "oppSavesAgainstPer60Last1": 26.9,
        "oppSavesAgainstPer60Last3": 28.1,
        "oppSavesAgainstPer60Last5": 27.5,
        "oppShotsAgainstPerGame": 31.5,
        "oppShotsAgainstPerGameLast5": 32.8,
        "savesProj": 27.0,
        "savesProjLast5": 26.0,
        "savesProjLast3": 28.8,
        "oppSavesAgainstProj": 27.8,
        "oppSavesAgainstProjLast5": 24.2,
        "oppSavesAgainstProjLast3": 25.8,
        "totalOver": 46,
        "totalOverLast5": 40,
        "totalOverLast15": 33,
        "lastTotalOver": 47,
        "last5": "0,0,2,2,0,0,3,0,0,1",
        "overOdds": "-115",
        "underOdds": "-115",
        "overUnder": "-115 / -115"
    },
    {
        "player": "Auston Matthews",
        "team": "TOR",
        "opponent": "TB",
        "propType": "g",
        "line": 0.5,
        "ppLine": "PP1",
        "avg": 0.55,
        "hit": false,
        "diffAvg": 0.1,
        "diffAbs": 0.4,
        "lastAvg": 0.74,
        "diff": 0.48,
        "avgMin": 20,
        "proj": 0.7,
        "lastAvgMin": 20.6,
        "oppOver": 0,
        "teamOver": 0,
        "gameLine": "-150",
        "+/-": "+34",
        "L5_+/-": "+2.0",
        "prevMatchup": "2023-04-24 2.0 g 2023-04-22 1.0 g 2023-04-20 0.0 g 2023-04-18 0.0 g 2022-12-20 1.0 g 2022-12-03 0.0 g",
        "winLossSplits": "55% - 34%",
        "awayHome": "H",
        "playedYesterday": "N",
        "awayHomeSplits": "40% - 55%",
        "savesAboveExp": 0.522,
        "gsaa": 20.53,
        "corsi": "50.8% (57.6) // 50.8% (59.1) // 50.8% (57.6) // 50.8% (57.6)",
        "fenwick": "51.7% (44.0) // 52.2% (46.4) // 51.7% (44.0) // 51.7% (44.0)",
        "shots": "52.1% (31.8) // 52.3% (33.2) // 52.1% (31.8) // 52.1% (31.8)",
        "scoring": "53.9% (33.4) // 55.3% (34.1) // 53.9% (33.4) // 53.9% (33.4)",
        "corsiAgainst": "49.2% (55.8) // 49.2% (57.4) // 49.2% (55.8) // 49.2% (55.8)",
        "fenwickAgainst": "48.3% (41.1) // 47.8% (42.5) // 48.3% (41.1) // 48.3% (41.1)",
        "shotsAgainst": "47.9% (29.2) // 47.7% (30.3) // 47.9% (29.2) // 47.9% (29.2)",
        "scoringAgainst": "46.1% (28.5) // 44.7% (27.6) // 46.1% (28.5) // 46.1% (28.5)",
        "oppCorsi": "51.4% (59.4) // 49.6% (57.4) // 51.4% (59.4) // 51.4% (59.4)",
        "oppFenwick": "51.3% (44.7) // 48.1% (42.5) // 51.3% (44.7) // 51.3% (44.7)",
        "oppShots": "50.4% (31.7) // 47.3% (30.9) // 50.4% (31.7) // 50.4% (31.7)",
        "oppScoring": "52.9% (33.9) // 49.5% (32.2) // 52.9% (33.9) // 52.9% (33.9)",
        "oppCorsiAgainst": "48.6% (56.3) // 50.4% (58.3) // 48.6% (56.3) // 48.6% (56.3)",
        "oppFenwickAgainst": "48.7% (42.4) // 51.9% (45.9) // 48.7% (42.4) // 48.7% (42.4)",
        "oppShotsAgainst": "49.6% (31.2) // 52.7% (34.4) // 49.6% (31.2) // 49.6% (31.2)",
        "oppScoringAgainst": "47.1% (30.1) // 50.5% (32.8) // 47.1% (30.1) // 47.1% (30.1)",
        "savesPerGame": 26.8,
        "savesPerGameLast1": 27.0,
        "savesPerGameLast3": 27.7,
        "savesPerGameLast5": 26.4,
        "savesPer60": 28.3,
        "savesPer60Last1": 28.8,
        "savesPer60Last3": 31.1,
        "savesPer60Last5": 28.4,
        "shotsPerGame": 32.0,
        "shotsPerGameLast5": 30.6,
        "shotsAgainstPerGame": 29.5,
        "shotsAgainstPerGameLast5": 30.0,
        "oppSavesAgainstPer60": 30.1,
        "oppSavesAgainstPer60Last1": 26.9,
        "oppSavesAgainstPer60Last3": 28.1,
        "oppSavesAgainstPer60Last5": 27.5,
        "oppShotsAgainstPerGame": 31.5,
        "oppShotsAgainstPerGameLast5": 32.8,
        "savesProj": 27.0,
        "savesProjLast5": 26.0,
        "savesProjLast3": 28.8,
        "oppSavesAgainstProj": 27.8,
        "oppSavesAgainstProjLast5": 24.2,
        "oppSavesAgainstProjLast3": 25.8,
        "totalOver": 47,
        "totalOverLast5": 40,
        "totalOverLast15": 47,
        "lastTotalOver": 54,
        "last5": "2,1,0,0,0,1,1,0,1,0",
        "overOdds": "-120",
        "underOdds": "0",
        "overUnder": "-120 / 0"
    },
    {
        "player": "Brandon Hagel",
        "team": "TB",
        "opponent": "TOR",
        "propType": "sog",
        "line": 2.5,
        "ppLine": "PP2",
        "avg": 2.2,
        "hit": false,
        "diffAvg": -0.12,
        "diffAbs": 0.44,
        "lastAvg": 1.25,
        "diff": -0.5,
        "avgMin": 18,
        "proj": 1.4,
        "lastAvgMin": 16.35,
        "oppOver": 0,
        "teamOver": 0,
        "gameLine": "+130",
        "+/-": "+21",
        "L5_+/-": "+3.0",
        "prevMatchup": "2023-04-24 2.0 sog 2023-04-22 4.0 sog 2023-04-20 0.0 sog 2023-04-18 3.0 sog 2023-04-11 2.0 sog 2022-12-20 0.0 sog 2022-12-03 0.0 sog",
        "winLossSplits": "45% - 32%",
        "awayHome": "A",
        "playedYesterday": "N",
        "awayHomeSplits": "40% - 37%",
        "savesAboveExp": 0.388,
        "gsaa": 17.37,
        "corsi": "51.4% (59.4) // 49.6% (57.4) // 51.4% (59.4) // 51.4% (59.4)",
        "fenwick": "51.3% (44.7) // 48.1% (42.5) // 51.3% (44.7) // 51.3% (44.7)",
        "shots": "50.4% (31.7) // 47.3% (30.9) // 50.4% (31.7) // 50.4% (31.7)",
        "scoring": "52.9% (33.9) // 49.5% (32.2) // 52.9% (33.9) // 52.9% (33.9)",
        "corsiAgainst": "48.6% (56.3) // 50.4% (58.3) // 48.6% (56.3) // 48.6% (56.3)",
        "fenwickAgainst": "48.7% (42.4) // 51.9% (45.9) // 48.7% (42.4) // 48.7% (42.4)",
        "shotsAgainst": "49.6% (31.2) // 52.7% (34.4) // 49.6% (31.2) // 49.6% (31.2)",
        "scoringAgainst": "47.1% (30.1) // 50.5% (32.8) // 47.1% (30.1) // 47.1% (30.1)",
        "oppCorsi": "50.8% (57.6) // 50.8% (59.1) // 50.8% (57.6) // 50.8% (57.6)",
        "oppFenwick": "51.7% (44.0) // 52.2% (46.4) // 51.7% (44.0) // 51.7% (44.0)",
        "oppShots": "52.1% (31.8) // 52.3% (33.2) // 52.1% (31.8) // 52.1% (31.8)",
        "oppScoring": "53.9% (33.4) // 55.3% (34.1) // 53.9% (33.4) // 53.9% (33.4)",
        "oppCorsiAgainst": "49.2% (55.8) // 49.2% (57.4) // 49.2% (55.8) // 49.2% (55.8)",
        "oppFenwickAgainst": "48.3% (41.1) // 47.8% (42.5) // 48.3% (41.1) // 48.3% (41.1)",
        "oppShotsAgainst": "47.9% (29.2) // 47.7% (30.3) // 47.9% (29.2) // 47.9% (29.2)",
        "oppScoringAgainst": "46.1% (28.5) // 44.7% (27.6) // 46.1% (28.5) // 46.1% (28.5)",
        "savesPerGame": 28.4,
        "savesPerGameLast1": 32.0,
        "savesPerGameLast3": 28.3,
        "savesPerGameLast5": 29.0,
        "savesPer60": 29.9,
        "savesPer60Last1": 34.3,
        "savesPer60Last3": 32.0,
        "savesPer60Last5": 31.2,
        "shotsPerGame": 32.0,
        "shotsPerGameLast5": 31.6,
        "shotsAgainstPerGame": 31.5,
        "shotsAgainstPerGameLast5": 32.8,
        "oppSavesAgainstPer60": 30.0,
        "oppSavesAgainstPer60Last1": 32.0,
        "oppSavesAgainstPer60Last3": 28.7,
        "oppSavesAgainstPer60Last5": 26.6,
        "oppShotsAgainstPerGame": 29.5,
        "oppShotsAgainstPerGameLast5": 30.0,
        "savesProj": 30.2,
        "savesProjLast5": 28.9,
        "savesProjLast3": 32.0,
        "oppSavesAgainstProj": 29.2,
        "oppSavesAgainstProjLast5": 26.7,
        "oppSavesAgainstProjLast3": 27.1,
        "totalOver": 39,
        "totalOverLast5": 60,
        "totalOverLast15": 53,
        "lastTotalOver": 28,
        "last5": "2,4,0,3,3,2,4,4,1,2",
        "overOdds": "+120",
        "underOdds": "-150",
        "overUnder": "+120 / -150"
    },
    {
        "player": "Brandon Hagel",
        "team": "TB",
        "opponent": "TOR",
        "propType": "pts",
        "line": 0.5,
        "ppLine": "PP2",
        "avg": 0.8,
        "hit": false,
        "diffAvg": 0.6,
        "diffAbs": 0.0,
        "lastAvg": 0.44,
        "diff": -0.12,
        "avgMin": 18,
        "proj": 0.5,
        "lastAvgMin": 16.35,
        "oppOver": 0,
        "teamOver": 0,
        "gameLine": "+130",
        "+/-": "+21",
        "L5_+/-": "+3.0",
        "prevMatchup": "2023-04-24 1.0 pts 2023-04-22 2.0 pts 2023-04-20 0.0 pts 2023-04-18 1.0 pts 2023-04-11 0.0 pts 2022-12-20 0.0 pts 2022-12-03 0.0 pts",
        "winLossSplits": "70% - 29%",
        "awayHome": "A",
        "playedYesterday": "N",
        "awayHomeSplits": "40% - 63%",
        "savesAboveExp": 0.388,
        "gsaa": 17.37,
        "corsi": "51.4% (59.4) // 49.6% (57.4) // 51.4% (59.4) // 51.4% (59.4)",
        "fenwick": "51.3% (44.7) // 48.1% (42.5) // 51.3% (44.7) // 51.3% (44.7)",
        "shots": "50.4% (31.7) // 47.3% (30.9) // 50.4% (31.7) // 50.4% (31.7)",
        "scoring": "52.9% (33.9) // 49.5% (32.2) // 52.9% (33.9) // 52.9% (33.9)",
        "corsiAgainst": "48.6% (56.3) // 50.4% (58.3) // 48.6% (56.3) // 48.6% (56.3)",
        "fenwickAgainst": "48.7% (42.4) // 51.9% (45.9) // 48.7% (42.4) // 48.7% (42.4)",
        "shotsAgainst": "49.6% (31.2) // 52.7% (34.4) // 49.6% (31.2) // 49.6% (31.2)",
        "scoringAgainst": "47.1% (30.1) // 50.5% (32.8) // 47.1% (30.1) // 47.1% (30.1)",
        "oppCorsi": "50.8% (57.6) // 50.8% (59.1) // 50.8% (57.6) // 50.8% (57.6)",
        "oppFenwick": "51.7% (44.0) // 52.2% (46.4) // 51.7% (44.0) // 51.7% (44.0)",
        "oppShots": "52.1% (31.8) // 52.3% (33.2) // 52.1% (31.8) // 52.1% (31.8)",
        "oppScoring": "53.9% (33.4) // 55.3% (34.1) // 53.9% (33.4) // 53.9% (33.4)",
        "oppCorsiAgainst": "49.2% (55.8) // 49.2% (57.4) // 49.2% (55.8) // 49.2% (55.8)",
        "oppFenwickAgainst": "48.3% (41.1) // 47.8% (42.5) // 48.3% (41.1) // 48.3% (41.1)",
        "oppShotsAgainst": "47.9% (29.2) // 47.7% (30.3) // 47.9% (29.2) // 47.9% (29.2)",
        "oppScoringAgainst": "46.1% (28.5) // 44.7% (27.6) // 46.1% (28.5) // 46.1% (28.5)",
        "savesPerGame": 28.4,
        "savesPerGameLast1": 32.0,
        "savesPerGameLast3": 28.3,
        "savesPerGameLast5": 29.0,
        "savesPer60": 29.9,
        "savesPer60Last1": 34.3,
        "savesPer60Last3": 32.0,
        "savesPer60Last5": 31.2,
        "shotsPerGame": 32.0,
        "shotsPerGameLast5": 31.6,
        "shotsAgainstPerGame": 31.5,
        "shotsAgainstPerGameLast5": 32.8,
        "oppSavesAgainstPer60": 30.0,
        "oppSavesAgainstPer60Last1": 32.0,
        "oppSavesAgainstPer60Last3": 28.7,
        "oppSavesAgainstPer60Last5": 26.6,
        "oppShotsAgainstPerGame": 29.5,
        "oppShotsAgainstPerGameLast5": 30.0,
        "savesProj": 30.2,
        "savesProjLast5": 28.9,
        "savesProjLast3": 32.0,
        "oppSavesAgainstProj": 29.2,
        "oppSavesAgainstProjLast5": 26.7,
        "oppSavesAgainstProjLast3": 27.1,
        "totalOver": 52,
        "totalOverLast5": 80,
        "totalOverLast15": 40,
        "lastTotalOver": 37,
        "last5": "1,2,0,1,2,0,1,2,0,0",
        "overOdds": "-125",
        "underOdds": "-105",
        "overUnder": "-125 / -105"
    },
    {
        "player": "Brandon Hagel",
        "team": "TB",
        "opponent": "TOR",
        "propType": "ast",
        "line": 0.5,
        "ppLine": "PP2",
        "avg": 0.44,
        "hit": false,
        "diffAvg": -0.12,
        "diffAbs": 0.6,
        "lastAvg": 0.19,
        "diff": -0.62,
        "avgMin": 18,
        "proj": 0.2,
        "lastAvgMin": 16.35,
        "oppOver": 0,
        "teamOver": 0,
        "gameLine": "+130",
        "+/-": "+21",
        "L5_+/-": "+3.0",
        "prevMatchup": "2023-04-24 1.0 ast 2023-04-22 1.0 ast 2023-04-20 0.0 ast 2023-04-18 1.0 ast 2023-04-11 0.0 ast 2022-12-20 0.0 ast 2022-12-03 0.0 ast",
        "winLossSplits": "55% - 18%",
        "awayHome": "A",
        "playedYesterday": "N",
        "awayHomeSplits": "31% - 47%",
        "savesAboveExp": 0.388,
        "gsaa": 17.37,
        "corsi": "51.4% (59.4) // 49.6% (57.4) // 51.4% (59.4) // 51.4% (59.4)",
        "fenwick": "51.3% (44.7) // 48.1% (42.5) // 51.3% (44.7) // 51.3% (44.7)",
        "shots": "50.4% (31.7) // 47.3% (30.9) // 50.4% (31.7) // 50.4% (31.7)",
        "scoring": "52.9% (33.9) // 49.5% (32.2) // 52.9% (33.9) // 52.9% (33.9)",
        "corsiAgainst": "48.6% (56.3) // 50.4% (58.3) // 48.6% (56.3) // 48.6% (56.3)",
        "fenwickAgainst": "48.7% (42.4) // 51.9% (45.9) // 48.7% (42.4) // 48.7% (42.4)",
        "shotsAgainst": "49.6% (31.2) // 52.7% (34.4) // 49.6% (31.2) // 49.6% (31.2)",
        "scoringAgainst": "47.1% (30.1) // 50.5% (32.8) // 47.1% (30.1) // 47.1% (30.1)",
        "oppCorsi": "50.8% (57.6) // 50.8% (59.1) // 50.8% (57.6) // 50.8% (57.6)",
        "oppFenwick": "51.7% (44.0) // 52.2% (46.4) // 51.7% (44.0) // 51.7% (44.0)",
        "oppShots": "52.1% (31.8) // 52.3% (33.2) // 52.1% (31.8) // 52.1% (31.8)",
        "oppScoring": "53.9% (33.4) // 55.3% (34.1) // 53.9% (33.4) // 53.9% (33.4)",
        "oppCorsiAgainst": "49.2% (55.8) // 49.2% (57.4) // 49.2% (55.8) // 49.2% (55.8)",
        "oppFenwickAgainst": "48.3% (41.1) // 47.8% (42.5) // 48.3% (41.1) // 48.3% (41.1)",
        "oppShotsAgainst": "47.9% (29.2) // 47.7% (30.3) // 47.9% (29.2) // 47.9% (29.2)",
        "oppScoringAgainst": "46.1% (28.5) // 44.7% (27.6) // 46.1% (28.5) // 46.1% (28.5)",
        "savesPerGame": 28.4,
        "savesPerGameLast1": 32.0,
        "savesPerGameLast3": 28.3,
        "savesPerGameLast5": 29.0,
        "savesPer60": 29.9,
        "savesPer60Last1": 34.3,
        "savesPer60Last3": 32.0,
        "savesPer60Last5": 31.2,
        "shotsPerGame": 32.0,
        "shotsPerGameLast5": 31.6,
        "shotsAgainstPerGame": 31.5,
        "shotsAgainstPerGameLast5": 32.8,
        "oppSavesAgainstPer60": 30.0,
        "oppSavesAgainstPer60Last1": 32.0,
        "oppSavesAgainstPer60Last3": 28.7,
        "oppSavesAgainstPer60Last5": 26.6,
        "oppShotsAgainstPerGame": 29.5,
        "oppShotsAgainstPerGameLast5": 30.0,
        "savesProj": 30.2,
        "savesProjLast5": 28.9,
        "savesProjLast3": 32.0,
        "oppSavesAgainstProj": 29.2,
        "oppSavesAgainstProjLast5": 26.7,
        "oppSavesAgainstProjLast3": 27.1,
        "totalOver": 39,
        "totalOverLast5": 80,
        "totalOverLast15": 33,
        "lastTotalOver": 16,
        "last5": "1,1,0,1,1,0,0,1,0,0",
        "overOdds": "+180",
        "underOdds": "-220",
        "overUnder": "+180 / -220"
    },
    {
        "player": "Brandon Hagel",
        "team": "TB",
        "opponent": "TOR",
        "propType": "g",
        "line": 0.5,
        "ppLine": "PP2",
        "avg": 0.36,
        "hit": false,
        "diffAvg": -0.28,
        "diffAbs": 0.4,
        "lastAvg": 0.25,
        "diff": -0.5,
        "avgMin": 18,
        "proj": 0.3,
        "lastAvgMin": 16.35,
        "oppOver": 0,
        "teamOver": 0,
        "gameLine": "+130",
        "+/-": "+21",
        "L5_+/-": "+3.0",
        "prevMatchup": "2023-04-24 0.0 g 2023-04-22 1.0 g 2023-04-20 0.0 g 2023-04-18 0.0 g 2023-04-11 0.0 g 2022-12-20 0.0 g 2022-12-03 0.0 g",
        "winLossSplits": "43% - 16%",
        "awayHome": "A",
        "playedYesterday": "N",
        "awayHomeSplits": "26% - 35%",
        "savesAboveExp": 0.388,
        "gsaa": 17.37,
        "corsi": "51.4% (59.4) // 49.6% (57.4) // 51.4% (59.4) // 51.4% (59.4)",
        "fenwick": "51.3% (44.7) // 48.1% (42.5) // 51.3% (44.7) // 51.3% (44.7)",
        "shots": "50.4% (31.7) // 47.3% (30.9) // 50.4% (31.7) // 50.4% (31.7)",
        "scoring": "52.9% (33.9) // 49.5% (32.2) // 52.9% (33.9) // 52.9% (33.9)",
        "corsiAgainst": "48.6% (56.3) // 50.4% (58.3) // 48.6% (56.3) // 48.6% (56.3)",
        "fenwickAgainst": "48.7% (42.4) // 51.9% (45.9) // 48.7% (42.4) // 48.7% (42.4)",
        "shotsAgainst": "49.6% (31.2) // 52.7% (34.4) // 49.6% (31.2) // 49.6% (31.2)",
        "scoringAgainst": "47.1% (30.1) // 50.5% (32.8) // 47.1% (30.1) // 47.1% (30.1)",
        "oppCorsi": "50.8% (57.6) // 50.8% (59.1) // 50.8% (57.6) // 50.8% (57.6)",
        "oppFenwick": "51.7% (44.0) // 52.2% (46.4) // 51.7% (44.0) // 51.7% (44.0)",
        "oppShots": "52.1% (31.8) // 52.3% (33.2) // 52.1% (31.8) // 52.1% (31.8)",
        "oppScoring": "53.9% (33.4) // 55.3% (34.1) // 53.9% (33.4) // 53.9% (33.4)",
        "oppCorsiAgainst": "49.2% (55.8) // 49.2% (57.4) // 49.2% (55.8) // 49.2% (55.8)",
        "oppFenwickAgainst": "48.3% (41.1) // 47.8% (42.5) // 48.3% (41.1) // 48.3% (41.1)",
        "oppShotsAgainst": "47.9% (29.2) // 47.7% (30.3) // 47.9% (29.2) // 47.9% (29.2)",
        "oppScoringAgainst": "46.1% (28.5) // 44.7% (27.6) // 46.1% (28.5) // 46.1% (28.5)",
        "savesPerGame": 28.4,
        "savesPerGameLast1": 32.0,
        "savesPerGameLast3": 28.3,
        "savesPerGameLast5": 29.0,
        "savesPer60": 29.9,
        "savesPer60Last1": 34.3,
        "savesPer60Last3": 32.0,
        "savesPer60Last5": 31.2,
        "shotsPerGame": 32.0,
        "shotsPerGameLast5": 31.6,
        "shotsAgainstPerGame": 31.5,
        "shotsAgainstPerGameLast5": 32.8,
        "oppSavesAgainstPer60": 30.0,
        "oppSavesAgainstPer60Last1": 32.0,
        "oppSavesAgainstPer60Last3": 28.7,
        "oppSavesAgainstPer60Last5": 26.6,
        "oppShotsAgainstPerGame": 29.5,
        "oppShotsAgainstPerGameLast5": 30.0,
        "savesProj": 30.2,
        "savesProjLast5": 28.9,
        "savesProjLast3": 32.0,
        "oppSavesAgainstProj": 29.2,
        "oppSavesAgainstProjLast5": 26.7,
        "oppSavesAgainstProjLast3": 27.1,
        "totalOver": 31,
        "totalOverLast5": 40,
