[
    {
        "player": "Alex Tuch",
        "team": "BUF",
        "opponent": "CBJ",
        "propType": "ast",
        "line": 0.5,
        "ppLine": "PP1",
        "avg": 0.59,
        "hit": false,
        "diffAvg": 0.18,
        "diffAbs": 0.0,
        "lastAvg": 0.52,
        "diff": 0.04,
        "avgMin": 19,
        "proj": 0.5,
        "lastAvgMin": 18.4,
        "oppOver": 0,
        "teamOver": 0,
        "gameLine": "-170",
        "+/-": "+13",
        "L5_+/-": "+6.0",
        "prevMatchup": "2022-12-07 3.0 ast",
        "winLossSplits": "54% - 32%",
        "awayHome": "A",
        "playedYesterday": "Y",
        "awayHomeSplits": "45% - 43%",
        "savesAboveExp": "-",
        "gsaa": "-",
        "corsi": "51.0% (57.5) // 50.1% (57.2) // 51.8% (59.0) // 52.0% (59.9)",
        "fenwick": "49.7% (43.7) // 50.2% (45.2) // 52.1% (47.5) // 52.3% (47.7)",
        "shots": "49.5% (32.1) // 51.1% (34.0) // 53.2% (35.4) // 53.4% (34.8)",
        "scoring": "49.9% (30.6) // 50.5% (31.2) // 51.0% (32.6) // 51.8% (32.4)",
        "corsiAgainst": "49.0% (55.3) // 49.9% (57.0) // 48.2% (54.9) // 48.0% (55.3)",
        "fenwickAgainst": "50.3% (44.2) // 49.8% (44.9) // 47.9% (43.6) // 47.7% (43.6)",
        "shotsAgainst": "50.5% (32.7) // 48.9% (32.5) // 46.8% (31.2) // 46.6% (30.5)",
        "scoringAgainst": "50.1% (30.7) // 49.5% (30.5) // 49.0% (31.3) // 48.2% (30.2)",
        "oppCorsi": "45.6% (54.9) // 42.2% (48.4) // 42.8% (50.0) // 46.3% (52.0)",
        "oppFenwick": "45.3% (40.8) // 40.2% (35.1) // 40.4% (35.9) // 45.7% (39.7)",
        "oppShots": "45.2% (29.0) // 40.7% (24.7) // 40.4% (25.1) // 45.2% (27.5)",
        "oppScoring": "44.7% (27.0) // 40.8% (24.9) // 40.5% (26.3) // 45.0% (26.5)",
        "oppCorsiAgainst": "54.4% (65.5) // 57.8% (66.3) // 57.2% (66.9) // 53.7% (60.4)",
        "oppFenwickAgainst": "54.7% (49.3) // 59.8% (52.1) // 59.6% (53.0) // 54.3% (47.2)",
        "oppShotsAgainst": "54.8% (35.1) // 59.3% (36.0) // 59.6% (37.1) // 54.8% (33.3)",
        "oppScoringAgainst": "55.3% (33.4) // 59.2% (36.1) // 59.5% (38.7) // 55.0% (32.3)",
        "savesPerGame": 29.4,
        "savesPerGameLast1": 30.0,
        "savesPerGameLast3": 26.7,
        "savesPerGameLast5": 27.4,
        "savesPer60": 29.6,
        "savesPer60Last1": 30.6,
        "savesPer60Last3": 27.3,
        "savesPer60Last5": 28.3,
        "shotsPerGame": 32.5,
        "shotsPerGameLast5": 35.8,
        "shotsAgainstPerGame": 33.1,
        "shotsAgainstPerGameLast5": 31.4,
        "oppSavesAgainstPer60": 26.7,
        "oppSavesAgainstPer60Last1": 30.9,
        "oppSavesAgainstPer60Last3": 26.6,
        "oppSavesAgainstPer60Last5": 24.0,
        "oppShotsAgainstPerGame": 35.4,
        "oppShotsAgainstPerGameLast5": 37.8,
        "savesProj": 25.1,
        "savesProjLast5": 21.5,
        "savesProjLast3": 22.9,
        "oppSavesAgainstProj": 27.8,
        "oppSavesAgainstProjLast5": 22.5,
        "oppSavesAgainstProjLast3": 23.8,
        "totalOver": 44,
        "totalOverLast5": 100,
        "totalOverLast15": 53,
        "lastTotalOver": 42,
        "last5": "1,2,1,1,1,0,0,0,1,0",
        "overOdds": "-115",
        "underOdds": "-115",
        "overUnder": "-115 / -115"
    },
    {
        "player": "Dylan Cozens",
        "team": "BUF",
        "opponent": "CBJ",
        "propType": "ast",
        "line": 0.5,
        "ppLine": "PP1",
        "avg": 0.45,
        "hit": false,
        "diffAvg": -0.1,
        "diffAbs": 0.4,
        "lastAvg": 0.32,
        "diff": -0.36,
        "avgMin": 16,
        "proj": 0.3,
        "lastAvgMin": 15.88,
        "oppOver": 0,
        "teamOver": 0,
        "gameLine": "-170",
        "+/-": -4,
        "L5_+/-": -3.0,
        "prevMatchup": "2023-02-28 0.0 ast 2022-12-07 2.0 ast",
        "winLossSplits": "46% - 21%",
        "awayHome": "A",
        "playedYesterday": "Y",
        "awayHomeSplits": "31% - 37%",
        "savesAboveExp": "-",
        "gsaa": "-",
        "corsi": "51.0% (57.5) // 50.1% (57.2) // 51.8% (59.0) // 52.0% (59.9)",
        "fenwick": "49.7% (43.7) // 50.2% (45.2) // 52.1% (47.5) // 52.3% (47.7)",
        "shots": "49.5% (32.1) // 51.1% (34.0) // 53.2% (35.4) // 53.4% (34.8)",
        "scoring": "49.9% (30.6) // 50.5% (31.2) // 51.0% (32.6) // 51.8% (32.4)",
        "corsiAgainst": "49.0% (55.3) // 49.9% (57.0) // 48.2% (54.9) // 48.0% (55.3)",
        "fenwickAgainst": "50.3% (44.2) // 49.8% (44.9) // 47.9% (43.6) // 47.7% (43.6)",
        "shotsAgainst": "50.5% (32.7) // 48.9% (32.5) // 46.8% (31.2) // 46.6% (30.5)",
        "scoringAgainst": "50.1% (30.7) // 49.5% (30.5) // 49.0% (31.3) // 48.2% (30.2)",
        "oppCorsi": "45.6% (54.9) // 42.2% (48.4) // 42.8% (50.0) // 46.3% (52.0)",
        "oppFenwick": "45.3% (40.8) // 40.2% (35.1) // 40.4% (35.9) // 45.7% (39.7)",
        "oppShots": "45.2% (29.0) // 40.7% (24.7) // 40.4% (25.1) // 45.2% (27.5)",
        "oppScoring": "44.7% (27.0) // 40.8% (24.9) // 40.5% (26.3) // 45.0% (26.5)",
        "oppCorsiAgainst": "54.4% (65.5) // 57.8% (66.3) // 57.2% (66.9) // 53.7% (60.4)",
        "oppFenwickAgainst": "54.7% (49.3) // 59.8% (52.1) // 59.6% (53.0) // 54.3% (47.2)",
        "oppShotsAgainst": "54.8% (35.1) // 59.3% (36.0) // 59.6% (37.1) // 54.8% (33.3)",
        "oppScoringAgainst": "55.3% (33.4) // 59.2% (36.1) // 59.5% (38.7) // 55.0% (32.3)",
        "savesPerGame": 29.4,
        "savesPerGameLast1": 30.0,
        "savesPerGameLast3": 26.7,
        "savesPerGameLast5": 27.4,
        "savesPer60": 29.6,
        "savesPer60Last1": 30.6,
        "savesPer60Last3": 27.3,
        "savesPer60Last5": 28.3,
        "shotsPerGame": 32.5,
        "shotsPerGameLast5": 35.8,
        "shotsAgainstPerGame": 33.1,
        "shotsAgainstPerGameLast5": 31.4,
        "oppSavesAgainstPer60": 26.7,
        "oppSavesAgainstPer60Last1": 30.9,
        "oppSavesAgainstPer60Last3": 26.6,
        "oppSavesAgainstPer60Last5": 24.0,
        "oppShotsAgainstPerGame": 35.4,
        "oppShotsAgainstPerGameLast5": 37.8,
        "savesProj": 25.1,
        "savesProjLast5": 21.5,
        "savesProjLast3": 22.9,
        "oppSavesAgainstProj": 27.8,
        "oppSavesAgainstProjLast5": 22.5,
        "oppSavesAgainstProjLast3": 23.8,
        "totalOver": 34,
        "totalOverLast5": 40,
        "totalOverLast15": 33,
        "lastTotalOver": 22,
        "last5": "0,0,0,1,1,0,0,1,0,1",
        "overOdds": "+145",
        "underOdds": "-180",
        "overUnder": "+145 / -180"
    },
    {
        "player": "Jeff Skinner",
        "team": "BUF",
        "opponent": "CBJ",
        "propType": "ast",
        "line": 0.5,
        "ppLine": "PP1",
        "avg": 0.58,
        "hit": false,
        "diffAvg": 0.16,
        "diffAbs": 0.2,
        "lastAvg": 0.38,
        "diff": -0.24,
        "avgMin": 17,
        "proj": 0.4,
        "lastAvgMin": 17.1,
        "oppOver": 0,
        "teamOver": 0,
        "gameLine": "-170",
        "+/-": "+13",
        "L5_+/-": "+6.0",
        "prevMatchup": "2023-02-28 1.0 ast 2022-12-07 4.0 ast",
        "winLossSplits": "62% - 15%",
        "awayHome": "A",
        "playedYesterday": "Y",
        "awayHomeSplits": "42% - 35%",
        "savesAboveExp": "-",
        "gsaa": "-",
        "corsi": "51.0% (57.5) // 50.1% (57.2) // 51.8% (59.0) // 52.0% (59.9)",
        "fenwick": "49.7% (43.7) // 50.2% (45.2) // 52.1% (47.5) // 52.3% (47.7)",
        "shots": "49.5% (32.1) // 51.1% (34.0) // 53.2% (35.4) // 53.4% (34.8)",
        "scoring": "49.9% (30.6) // 50.5% (31.2) // 51.0% (32.6) // 51.8% (32.4)",
        "corsiAgainst": "49.0% (55.3) // 49.9% (57.0) // 48.2% (54.9) // 48.0% (55.3)",
        "fenwickAgainst": "50.3% (44.2) // 49.8% (44.9) // 47.9% (43.6) // 47.7% (43.6)",
        "shotsAgainst": "50.5% (32.7) // 48.9% (32.5) // 46.8% (31.2) // 46.6% (30.5)",
        "scoringAgainst": "50.1% (30.7) // 49.5% (30.5) // 49.0% (31.3) // 48.2% (30.2)",
        "oppCorsi": "45.6% (54.9) // 42.2% (48.4) // 42.8% (50.0) // 46.3% (52.0)",
        "oppFenwick": "45.3% (40.8) // 40.2% (35.1) // 40.4% (35.9) // 45.7% (39.7)",
        "oppShots": "45.2% (29.0) // 40.7% (24.7) // 40.4% (25.1) // 45.2% (27.5)",
        "oppScoring": "44.7% (27.0) // 40.8% (24.9) // 40.5% (26.3) // 45.0% (26.5)",
        "oppCorsiAgainst": "54.4% (65.5) // 57.8% (66.3) // 57.2% (66.9) // 53.7% (60.4)",
        "oppFenwickAgainst": "54.7% (49.3) // 59.8% (52.1) // 59.6% (53.0) // 54.3% (47.2)",
        "oppShotsAgainst": "54.8% (35.1) // 59.3% (36.0) // 59.6% (37.1) // 54.8% (33.3)",
        "oppScoringAgainst": "55.3% (33.4) // 59.2% (36.1) // 59.5% (38.7) // 55.0% (32.3)",
        "savesPerGame": 29.4,
        "savesPerGameLast1": 30.0,
        "savesPerGameLast3": 26.7,
        "savesPerGameLast5": 27.4,
        "savesPer60": 29.6,
        "savesPer60Last1": 30.6,
        "savesPer60Last3": 27.3,
        "savesPer60Last5": 28.3,
        "shotsPerGame": 32.5,
        "shotsPerGameLast5": 35.8,
        "shotsAgainstPerGame": 33.1,
        "shotsAgainstPerGameLast5": 31.4,
        "oppSavesAgainstPer60": 26.7,
        "oppSavesAgainstPer60Last1": 30.9,
        "oppSavesAgainstPer60Last3": 26.6,
        "oppSavesAgainstPer60Last5": 24.0,
        "oppShotsAgainstPerGame": 35.4,
        "oppShotsAgainstPerGameLast5": 37.8,
        "savesProj": 25.1,
        "savesProjLast5": 21.5,
        "savesProjLast3": 22.9,
        "oppSavesAgainstProj": 27.8,
        "oppSavesAgainstProjLast5": 22.5,
        "oppSavesAgainstProjLast3": 23.8,
        "totalOver": 38,
        "totalOverLast5": 40,
        "totalOverLast15": 27,
        "lastTotalOver": 30,
        "last5": "3,0,0,2,0,0,1,0,0,0",
        "overOdds": "+120",
        "underOdds": "-150",
        "overUnder": "+120 / -150"
    },
    {
        "player": "Johnny Gaudreau",
        "team": "CBJ",
        "opponent": "BUF",
        "propType": "ast",
        "line": 0.5,
        "ppLine": "PP1",
        "avg": 0.67,
        "hit": false,
        "diffAvg": 0.34,
        "diffAbs": 0.6,
        "lastAvg": 0.79,
        "diff": 0.58,
        "avgMin": 19,
        "proj": 0.8,
        "lastAvgMin": 18.57,
        "oppOver": 0,
        "teamOver": 0,
        "gameLine": "+145",
        "+/-": -33,
        "L5_+/-": -5.0,
        "prevMatchup": "2023-02-28 0.0 ast 2022-12-07 1.0 ast",
        "winLossSplits": "75% - 35%",
        "awayHome": "H",
        "playedYesterday": "Y",
        "awayHomeSplits": "41% - 52%",
        "savesAboveExp": "-",
        "gsaa": "-",
        "corsi": "45.6% (54.9) // 42.2% (48.4) // 42.8% (50.0) // 46.3% (52.0)",
        "fenwick": "45.3% (40.8) // 40.2% (35.1) // 40.4% (35.9) // 45.7% (39.7)",
        "shots": "45.2% (29.0) // 40.7% (24.7) // 40.4% (25.1) // 45.2% (27.5)",
        "scoring": "44.7% (27.0) // 40.8% (24.9) // 40.5% (26.3) // 45.0% (26.5)",
        "corsiAgainst": "54.4% (65.5) // 57.8% (66.3) // 57.2% (66.9) // 53.7% (60.4)",
        "fenwickAgainst": "54.7% (49.3) // 59.8% (52.1) // 59.6% (53.0) // 54.3% (47.2)",
        "shotsAgainst": "54.8% (35.1) // 59.3% (36.0) // 59.6% (37.1) // 54.8% (33.3)",
        "scoringAgainst": "55.3% (33.4) // 59.2% (36.1) // 59.5% (38.7) // 55.0% (32.3)",
        "oppCorsi": "51.0% (57.5) // 50.1% (57.2) // 51.8% (59.0) // 52.0% (59.9)",
        "oppFenwick": "49.7% (43.7) // 50.2% (45.2) // 52.1% (47.5) // 52.3% (47.7)",
        "oppShots": "49.5% (32.1) // 51.1% (34.0) // 53.2% (35.4) // 53.4% (34.8)",
        "oppScoring": "49.9% (30.6) // 50.5% (31.2) // 51.0% (32.6) // 51.8% (32.4)",
        "oppCorsiAgainst": "49.0% (55.3) // 49.9% (57.0) // 48.2% (54.9) // 48.0% (55.3)",
        "oppFenwickAgainst": "50.3% (44.2) // 49.8% (44.9) // 47.9% (43.6) // 47.7% (43.6)",
        "oppShotsAgainst": "50.5% (32.7) // 48.9% (32.5) // 46.8% (31.2) // 46.6% (30.5)",
        "oppScoringAgainst": "50.1% (30.7) // 49.5% (30.5) // 49.0% (31.3) // 48.2% (30.2)",
        "savesPerGame": 31.4,
        "savesPerGameLast1": 34.0,
        "savesPerGameLast3": 31.0,
        "savesPerGameLast5": 33.4,
        "savesPer60": 31.4,
        "savesPer60Last1": 34.5,
        "savesPer60Last3": 31.9,
        "savesPer60Last5": 33.9,
        "shotsPerGame": 29.2,
        "shotsPerGameLast5": 25.6,
        "shotsAgainstPerGame": 35.4,
        "shotsAgainstPerGameLast5": 37.8,
        "oppSavesAgainstPer60": 29.0,
        "oppSavesAgainstPer60Last1": 32.0,
        "oppSavesAgainstPer60Last3": 34.8,
        "oppSavesAgainstPer60Last5": 32.0,
        "oppShotsAgainstPerGame": 33.1,
        "oppShotsAgainstPerGameLast5": 31.4,
        "savesProj": 30.7,
        "savesProjLast5": 36.9,
        "savesProjLast3": 37.7,
        "oppSavesAgainstProj": 32.2,
        "oppSavesAgainstProjLast5": 37.0,
        "oppSavesAgainstProjLast3": 37.8,
        "totalOver": 47,
        "totalOverLast5": 20,
        "totalOverLast15": 40,
        "lastTotalOver": 62,
        "last5": "0,1,0,0,0,2,0,0,1,0",
        "overOdds": "-155",
        "underOdds": "+125",
        "overUnder": "-155 / +125"
    },
    {
        "player": "Kent Johnson",
        "team": "CBJ",
        "opponent": "BUF",
        "propType": "ast",
        "line": 0.5,
        "ppLine": "PP1",
        "avg": 0.29,
        "hit": false,
        "diffAvg": -0.42,
        "diffAbs": 1.0,
        "lastAvg": 0,
        "diff": 0,
        "avgMin": 14,
        "proj": 0.0,
        "lastAvgMin": 0,
        "oppOver": 0,
        "teamOver": 0,
        "gameLine": "+145",
        "+/-": -18,
        "L5_+/-": -7.0,
        "prevMatchup": "2023-02-28 0.0 ast 2022-12-07 0.0 ast",
        "winLossSplits": "46% - 15%",
        "awayHome": "H",
        "playedYesterday": "Y",
        "awayHomeSplits": "23% - 26%",
        "savesAboveExp": "-",
        "gsaa": "-",
        "corsi": "45.6% (54.9) // 42.2% (48.4) // 42.8% (50.0) // 46.3% (52.0)",
        "fenwick": "45.3% (40.8) // 40.2% (35.1) // 40.4% (35.9) // 45.7% (39.7)",
        "shots": "45.2% (29.0) // 40.7% (24.7) // 40.4% (25.1) // 45.2% (27.5)",
        "scoring": "44.7% (27.0) // 40.8% (24.9) // 40.5% (26.3) // 45.0% (26.5)",
        "corsiAgainst": "54.4% (65.5) // 57.8% (66.3) // 57.2% (66.9) // 53.7% (60.4)",
        "fenwickAgainst": "54.7% (49.3) // 59.8% (52.1) // 59.6% (53.0) // 54.3% (47.2)",
        "shotsAgainst": "54.8% (35.1) // 59.3% (36.0) // 59.6% (37.1) // 54.8% (33.3)",
        "scoringAgainst": "55.3% (33.4) // 59.2% (36.1) // 59.5% (38.7) // 55.0% (32.3)",
        "oppCorsi": "51.0% (57.5) // 50.1% (57.2) // 51.8% (59.0) // 52.0% (59.9)",
        "oppFenwick": "49.7% (43.7) // 50.2% (45.2) // 52.1% (47.5) // 52.3% (47.7)",
        "oppShots": "49.5% (32.1) // 51.1% (34.0) // 53.2% (35.4) // 53.4% (34.8)",
        "oppScoring": "49.9% (30.6) // 50.5% (31.2) // 51.0% (32.6) // 51.8% (32.4)",
        "oppCorsiAgainst": "49.0% (55.3) // 49.9% (57.0) // 48.2% (54.9) // 48.0% (55.3)",
        "oppFenwickAgainst": "50.3% (44.2) // 49.8% (44.9) // 47.9% (43.6) // 47.7% (43.6)",
        "oppShotsAgainst": "50.5% (32.7) // 48.9% (32.5) // 46.8% (31.2) // 46.6% (30.5)",
        "oppScoringAgainst": "50.1% (30.7) // 49.5% (30.5) // 49.0% (31.3) // 48.2% (30.2)",
        "savesPerGame": 31.4,
        "savesPerGameLast1": 34.0,
        "savesPerGameLast3": 31.0,
        "savesPerGameLast5": 33.4,
        "savesPer60": 31.4,
        "savesPer60Last1": 34.5,
        "savesPer60Last3": 31.9,
        "savesPer60Last5": 33.9,
        "shotsPerGame": 29.2,
        "shotsPerGameLast5": 25.6,
        "shotsAgainstPerGame": 35.4,
        "shotsAgainstPerGameLast5": 37.8,
        "oppSavesAgainstPer60": 29.0,
        "oppSavesAgainstPer60Last1": 32.0,
        "oppSavesAgainstPer60Last3": 34.8,
        "oppSavesAgainstPer60Last5": 32.0,
        "oppShotsAgainstPerGame": 33.1,
        "oppShotsAgainstPerGameLast5": 31.4,
        "savesProj": 30.7,
        "savesProjLast5": 36.9,
        "savesProjLast3": 37.7,
        "oppSavesAgainstProj": 32.2,
        "oppSavesAgainstProjLast5": 37.0,
        "oppSavesAgainstProjLast3": 37.8,
        "totalOver": 24,
        "totalOverLast5": 20,
        "totalOverLast15": 27,
        "lastTotalOver": 33,
        "last5": "0,0,0,0,1,0,0,0,0,1",
        "overOdds": "+160",
        "underOdds": "-195",
        "overUnder": "+160 / -195"
    },
    {
        "player": "Kirill Marchenko",
        "team": "CBJ",
        "opponent": "BUF",
        "propType": "ast",
        "line": 0.5,
        "ppLine": "PP1",
        "avg": 0.07,
        "hit": false,
        "diffAvg": -0.86,
        "diffAbs": 1.0,
        "lastAvg": 0,
        "diff": 0,
        "avgMin": 16,
        "proj": 0.0,
        "lastAvgMin": 0,
        "oppOver": 0,
        "teamOver": 0,
        "gameLine": "+145",
        "+/-": -23,
        "L5_+/-": -10.0,
        "prevMatchup": "2023-02-28 0.0 ast 2022-12-07 0.0 ast",
        "winLossSplits": "12% - 5%",
        "awayHome": "H",
        "playedYesterday": "Y",
        "awayHomeSplits": "9% - 4%",
        "savesAboveExp": "-",
        "gsaa": "-",
        "corsi": "45.6% (54.9) // 42.2% (48.4) // 42.8% (50.0) // 46.3% (52.0)",
        "fenwick": "45.3% (40.8) // 40.2% (35.1) // 40.4% (35.9) // 45.7% (39.7)",
        "shots": "45.2% (29.0) // 40.7% (24.7) // 40.4% (25.1) // 45.2% (27.5)",
        "scoring": "44.7% (27.0) // 40.8% (24.9) // 40.5% (26.3) // 45.0% (26.5)",
        "corsiAgainst": "54.4% (65.5) // 57.8% (66.3) // 57.2% (66.9) // 53.7% (60.4)",
        "fenwickAgainst": "54.7% (49.3) // 59.8% (52.1) // 59.6% (53.0) // 54.3% (47.2)",
        "shotsAgainst": "54.8% (35.1) // 59.3% (36.0) // 59.6% (37.1) // 54.8% (33.3)",
        "scoringAgainst": "55.3% (33.4) // 59.2% (36.1) // 59.5% (38.7) // 55.0% (32.3)",
        "oppCorsi": "51.0% (57.5) // 50.1% (57.2) // 51.8% (59.0) // 52.0% (59.9)",
        "oppFenwick": "49.7% (43.7) // 50.2% (45.2) // 52.1% (47.5) // 52.3% (47.7)",
        "oppShots": "49.5% (32.1) // 51.1% (34.0) // 53.2% (35.4) // 53.4% (34.8)",
        "oppScoring": "49.9% (30.6) // 50.5% (31.2) // 51.0% (32.6) // 51.8% (32.4)",
        "oppCorsiAgainst": "49.0% (55.3) // 49.9% (57.0) // 48.2% (54.9) // 48.0% (55.3)",
        "oppFenwickAgainst": "50.3% (44.2) // 49.8% (44.9) // 47.9% (43.6) // 47.7% (43.6)",
        "oppShotsAgainst": "50.5% (32.7) // 48.9% (32.5) // 46.8% (31.2) // 46.6% (30.5)",
        "oppScoringAgainst": "50.1% (30.7) // 49.5% (30.5) // 49.0% (31.3) // 48.2% (30.2)",
        "savesPerGame": 31.4,
        "savesPerGameLast1": 34.0,
        "savesPerGameLast3": 31.0,
        "savesPerGameLast5": 33.4,
        "savesPer60": 31.4,
        "savesPer60Last1": 34.5,
        "savesPer60Last3": 31.9,
        "savesPer60Last5": 33.9,
        "shotsPerGame": 29.2,
        "shotsPerGameLast5": 25.6,
        "shotsAgainstPerGame": 35.4,
        "shotsAgainstPerGameLast5": 37.8,
        "oppSavesAgainstPer60": 29.0,
        "oppSavesAgainstPer60Last1": 32.0,
        "oppSavesAgainstPer60Last3": 34.8,
        "oppSavesAgainstPer60Last5": 32.0,
        "oppShotsAgainstPerGame": 33.1,
        "oppShotsAgainstPerGameLast5": 31.4,
        "savesProj": 30.7,
        "savesProjLast5": 36.9,
        "savesProjLast3": 37.7,
        "oppSavesAgainstProj": 32.2,
        "oppSavesAgainstProjLast5": 37.0,
        "oppSavesAgainstProjLast3": 37.8,
        "totalOver": 7,
        "totalOverLast5": 0,
        "totalOverLast15": 13,
        "lastTotalOver": 0,
        "last5": "0,0,0,0,0,1,0,0,0,0",
        "overOdds": "+215",
        "underOdds": "-270",
        "overUnder": "+215 / -270"
    },
    {
        "player": "Rasmus Dahlin",
        "team": "BUF",
        "opponent": "CBJ",
        "propType": "ast",
        "line": 0.5,
        "ppLine": "PP1",
        "avg": 0.75,
        "hit": false,
        "diffAvg": 0.5,
        "diffAbs": 0.0,
        "lastAvg": 0.49,
        "diff": -0.02,
        "avgMin": 25,
        "proj": 0.5,
        "lastAvgMin": 24.0,
        "oppOver": 0,
        "teamOver": 0,
        "gameLine": "-170",
        "+/-": "+12",
        "L5_+/-": "+3.0",
        "prevMatchup": "2022-12-07 2.0 ast",
        "winLossSplits": "72% - 41%",
        "awayHome": "A",
        "playedYesterday": "Y",
        "awayHomeSplits": "53% - 62%",
        "savesAboveExp": "-",
        "gsaa": "-",
        "corsi": "51.0% (57.5) // 50.1% (57.2) // 51.8% (59.0) // 52.0% (59.9)",
        "fenwick": "49.7% (43.7) // 50.2% (45.2) // 52.1% (47.5) // 52.3% (47.7)",
        "shots": "49.5% (32.1) // 51.1% (34.0) // 53.2% (35.4) // 53.4% (34.8)",
        "scoring": "49.9% (30.6) // 50.5% (31.2) // 51.0% (32.6) // 51.8% (32.4)",
        "corsiAgainst": "49.0% (55.3) // 49.9% (57.0) // 48.2% (54.9) // 48.0% (55.3)",
        "fenwickAgainst": "50.3% (44.2) // 49.8% (44.9) // 47.9% (43.6) // 47.7% (43.6)",
        "shotsAgainst": "50.5% (32.7) // 48.9% (32.5) // 46.8% (31.2) // 46.6% (30.5)",
        "scoringAgainst": "50.1% (30.7) // 49.5% (30.5) // 49.0% (31.3) // 48.2% (30.2)",
        "oppCorsi": "45.6% (54.9) // 42.2% (48.4) // 42.8% (50.0) // 46.3% (52.0)",
        "oppFenwick": "45.3% (40.8) // 40.2% (35.1) // 40.4% (35.9) // 45.7% (39.7)",
        "oppShots": "45.2% (29.0) // 40.7% (24.7) // 40.4% (25.1) // 45.2% (27.5)",
        "oppScoring": "44.7% (27.0) // 40.8% (24.9) // 40.5% (26.3) // 45.0% (26.5)",
        "oppCorsiAgainst": "54.4% (65.5) // 57.8% (66.3) // 57.2% (66.9) // 53.7% (60.4)",
        "oppFenwickAgainst": "54.7% (49.3) // 59.8% (52.1) // 59.6% (53.0) // 54.3% (47.2)",
        "oppShotsAgainst": "54.8% (35.1) // 59.3% (36.0) // 59.6% (37.1) // 54.8% (33.3)",
        "oppScoringAgainst": "55.3% (33.4) // 59.2% (36.1) // 59.5% (38.7) // 55.0% (32.3)",
        "savesPerGame": 29.4,
        "savesPerGameLast1": 30.0,
        "savesPerGameLast3": 26.7,
        "savesPerGameLast5": 27.4,
        "savesPer60": 29.6,
        "savesPer60Last1": 30.6,
        "savesPer60Last3": 27.3,
        "savesPer60Last5": 28.3,
        "shotsPerGame": 32.5,
        "shotsPerGameLast5": 35.8,
        "shotsAgainstPerGame": 33.1,
        "shotsAgainstPerGameLast5": 31.4,
        "oppSavesAgainstPer60": 26.7,
        "oppSavesAgainstPer60Last1": 30.9,
        "oppSavesAgainstPer60Last3": 26.6,
        "oppSavesAgainstPer60Last5": 24.0,
        "oppShotsAgainstPerGame": 35.4,
        "oppShotsAgainstPerGameLast5": 37.8,
        "savesProj": 25.1,
        "savesProjLast5": 21.5,
        "savesProjLast3": 22.9,
        "oppSavesAgainstProj": 27.8,
        "oppSavesAgainstProjLast5": 22.5,
        "oppSavesAgainstProjLast3": 23.8,
        "totalOver": 57,
        "totalOverLast5": 60,
        "totalOverLast15": 53,
        "lastTotalOver": 39,
        "last5": "1,0,0,2,1,1,1,1,0,0",
        "overOdds": "-190",
        "underOdds": "+155",
        "overUnder": "-190 / +155"
    },
    {
        "player": "Adam Boqvist",
        "team": "CBJ",
        "opponent": "BUF",
        "propType": "ast",
        "line": 0.5,
        "ppLine": "PP1",
        "avg": 0.38,
        "hit": false,
        "diffAvg": -0.24,
        "diffAbs": 0.6,
        "lastAvg": 0.21,
        "diff": -0.58,
        "avgMin": 18,
        "proj": 0.2,
        "lastAvgMin": 17.03,
        "oppOver": 0,
        "teamOver": 0,
        "gameLine": "+145",
        "+/-": -12,
        "L5_+/-": -2.0,
        "prevMatchup": "2023-02-28 0.0 ast",
        "winLossSplits": "54% - 31%",
        "awayHome": "H",
        "playedYesterday": "Y",
        "awayHomeSplits": "26% - 56%",
        "savesAboveExp": "-",
        "gsaa": "-",
        "corsi": "45.6% (54.9) // 42.2% (48.4) // 42.8% (50.0) // 46.3% (52.0)",
        "fenwick": "45.3% (40.8) // 40.2% (35.1) // 40.4% (35.9) // 45.7% (39.7)",
        "shots": "45.2% (29.0) // 40.7% (24.7) // 40.4% (25.1) // 45.2% (27.5)",
        "scoring": "44.7% (27.0) // 40.8% (24.9) // 40.5% (26.3) // 45.0% (26.5)",
        "corsiAgainst": "54.4% (65.5) // 57.8% (66.3) // 57.2% (66.9) // 53.7% (60.4)",
        "fenwickAgainst": "54.7% (49.3) // 59.8% (52.1) // 59.6% (53.0) // 54.3% (47.2)",
        "shotsAgainst": "54.8% (35.1) // 59.3% (36.0) // 59.6% (37.1) // 54.8% (33.3)",
        "scoringAgainst": "55.3% (33.4) // 59.2% (36.1) // 59.5% (38.7) // 55.0% (32.3)",
        "oppCorsi": "51.0% (57.5) // 50.1% (57.2) // 51.8% (59.0) // 52.0% (59.9)",
        "oppFenwick": "49.7% (43.7) // 50.2% (45.2) // 52.1% (47.5) // 52.3% (47.7)",
        "oppShots": "49.5% (32.1) // 51.1% (34.0) // 53.2% (35.4) // 53.4% (34.8)",
        "oppScoring": "49.9% (30.6) // 50.5% (31.2) // 51.0% (32.6) // 51.8% (32.4)",
        "oppCorsiAgainst": "49.0% (55.3) // 49.9% (57.0) // 48.2% (54.9) // 48.0% (55.3)",
        "oppFenwickAgainst": "50.3% (44.2) // 49.8% (44.9) // 47.9% (43.6) // 47.7% (43.6)",
        "oppShotsAgainst": "50.5% (32.7) // 48.9% (32.5) // 46.8% (31.2) // 46.6% (30.5)",
        "oppScoringAgainst": "50.1% (30.7) // 49.5% (30.5) // 49.0% (31.3) // 48.2% (30.2)",
        "savesPerGame": 31.4,
        "savesPerGameLast1": 34.0,
        "savesPerGameLast3": 31.0,
        "savesPerGameLast5": 33.4,
        "savesPer60": 31.4,
        "savesPer60Last1": 34.5,
        "savesPer60Last3": 31.9,
        "savesPer60Last5": 33.9,
        "shotsPerGame": 29.2,
        "shotsPerGameLast5": 25.6,
        "shotsAgainstPerGame": 35.4,
        "shotsAgainstPerGameLast5": 37.8,
        "oppSavesAgainstPer60": 29.0,
        "oppSavesAgainstPer60Last1": 32.0,
        "oppSavesAgainstPer60Last3": 34.8,
        "oppSavesAgainstPer60Last5": 32.0,
        "oppShotsAgainstPerGame": 33.1,
        "oppShotsAgainstPerGameLast5": 31.4,
        "savesProj": 30.7,
        "savesProjLast5": 36.9,
        "savesProjLast3": 37.7,
        "oppSavesAgainstProj": 32.2,
        "oppSavesAgainstProjLast5": 37.0,
        "oppSavesAgainstProjLast3": 37.8,
        "totalOver": 38,
        "totalOverLast5": 20,
        "totalOverLast15": 20,
        "lastTotalOver": 21,
        "last5": "1,0,0,0,0,0,0,1,0,0",
        "overOdds": "-105",
        "underOdds": "-125",
        "overUnder": "-105 / -125"
    },
    {
        "player": "Casey Mittelstadt",
        "team": "BUF",
        "opponent": "CBJ",
        "propType": "ast",
        "line": 0.5,
        "ppLine": "PP2",
        "avg": 0.53,
        "hit": false,
        "diffAvg": 0.06,
        "diffAbs": 0.4,
        "lastAvg": 0.33,
        "diff": -0.34,
        "avgMin": 15,
        "proj": 0.3,
        "lastAvgMin": 16.12,
        "oppOver": 0,
        "teamOver": 0,
        "gameLine": "-170",
        "+/-": -10,
        "L5_+/-": "+6.0",
        "prevMatchup": "2023-02-28 0.0 ast 2022-12-07 0.0 ast",
        "winLossSplits": "51% - 25%",
        "awayHome": "A",
        "playedYesterday": "Y",
        "awayHomeSplits": "40% - 37%",
        "savesAboveExp": "-",
        "gsaa": "-",
        "corsi": "51.0% (57.5) // 50.1% (57.2) // 51.8% (59.0) // 52.0% (59.9)",
        "fenwick": "49.7% (43.7) // 50.2% (45.2) // 52.1% (47.5) // 52.3% (47.7)",
        "shots": "49.5% (32.1) // 51.1% (34.0) // 53.2% (35.4) // 53.4% (34.8)",
        "scoring": "49.9% (30.6) // 50.5% (31.2) // 51.0% (32.6) // 51.8% (32.4)",
        "corsiAgainst": "49.0% (55.3) // 49.9% (57.0) // 48.2% (54.9) // 48.0% (55.3)",
        "fenwickAgainst": "50.3% (44.2) // 49.8% (44.9) // 47.9% (43.6) // 47.7% (43.6)",
        "shotsAgainst": "50.5% (32.7) // 48.9% (32.5) // 46.8% (31.2) // 46.6% (30.5)",
        "scoringAgainst": "50.1% (30.7) // 49.5% (30.5) // 49.0% (31.3) // 48.2% (30.2)",
        "oppCorsi": "45.6% (54.9) // 42.2% (48.4) // 42.8% (50.0) // 46.3% (52.0)",
        "oppFenwick": "45.3% (40.8) // 40.2% (35.1) // 40.4% (35.9) // 45.7% (39.7)",
        "oppShots": "45.2% (29.0) // 40.7% (24.7) // 40.4% (25.1) // 45.2% (27.5)",
        "oppScoring": "44.7% (27.0) // 40.8% (24.9) // 40.5% (26.3) // 45.0% (26.5)",
        "oppCorsiAgainst": "54.4% (65.5) // 57.8% (66.3) // 57.2% (66.9) // 53.7% (60.4)",
        "oppFenwickAgainst": "54.7% (49.3) // 59.8% (52.1) // 59.6% (53.0) // 54.3% (47.2)",
        "oppShotsAgainst": "54.8% (35.1) // 59.3% (36.0) // 59.6% (37.1) // 54.8% (33.3)",
        "oppScoringAgainst": "55.3% (33.4) // 59.2% (36.1) // 59.5% (38.7) // 55.0% (32.3)",
        "savesPerGame": 29.4,
        "savesPerGameLast1": 30.0,
        "savesPerGameLast3": 26.7,
        "savesPerGameLast5": 27.4,
        "savesPer60": 29.6,
        "savesPer60Last1": 30.6,
        "savesPer60Last3": 27.3,
        "savesPer60Last5": 28.3,
        "shotsPerGame": 32.5,
        "shotsPerGameLast5": 35.8,
        "shotsAgainstPerGame": 33.1,
        "shotsAgainstPerGameLast5": 31.4,
        "oppSavesAgainstPer60": 26.7,
        "oppSavesAgainstPer60Last1": 30.9,
        "oppSavesAgainstPer60Last3": 26.6,
        "oppSavesAgainstPer60Last5": 24.0,
        "oppShotsAgainstPerGame": 35.4,
        "oppShotsAgainstPerGameLast5": 37.8,
        "savesProj": 25.1,
        "savesProjLast5": 21.5,
        "savesProjLast3": 22.9,
        "oppSavesAgainstProj": 27.8,
        "oppSavesAgainstProjLast5": 22.5,
        "oppSavesAgainstProjLast3": 23.8,
        "totalOver": 38,
        "totalOverLast5": 60,
        "totalOverLast15": 53,
        "lastTotalOver": 28,
        "last5": "1,1,0,0,2,0,3,2,1,1",
        "overOdds": "+115",
        "underOdds": "-145",
        "overUnder": "+115 / -145"
    },
    {
        "player": "Jack Roslovic",
        "team": "CBJ",
        "opponent": "BUF",
        "propType": "ast",
        "line": 0.5,
        "ppLine": "PP1",
        "avg": 0.43,
        "hit": false,
        "diffAvg": -0.14,
        "diffAbs": 0.4,
        "lastAvg": 0.28,
        "diff": -0.44,
        "avgMin": 16,
        "proj": 0.3,
        "lastAvgMin": 14.27,
        "oppOver": 0,
        "teamOver": 0,
        "gameLine": "+145",
        "+/-": -13,
        "L5_+/-": -4.0,
        "prevMatchup": "2023-02-28 0.0 ast 2022-12-07 1.0 ast",
        "winLossSplits": "59% - 26%",
        "awayHome": "H",
        "playedYesterday": "Y",
        "awayHomeSplits": "32% - 40%",
        "savesAboveExp": "-",
        "gsaa": "-",
        "corsi": "45.6% (54.9) // 42.2% (48.4) // 42.8% (50.0) // 46.3% (52.0)",
        "fenwick": "45.3% (40.8) // 40.2% (35.1) // 40.4% (35.9) // 45.7% (39.7)",
        "shots": "45.2% (29.0) // 40.7% (24.7) // 40.4% (25.1) // 45.2% (27.5)",
        "scoring": "44.7% (27.0) // 40.8% (24.9) // 40.5% (26.3) // 45.0% (26.5)",
        "corsiAgainst": "54.4% (65.5) // 57.8% (66.3) // 57.2% (66.9) // 53.7% (60.4)",
        "fenwickAgainst": "54.7% (49.3) // 59.8% (52.1) // 59.6% (53.0) // 54.3% (47.2)",
        "shotsAgainst": "54.8% (35.1) // 59.3% (36.0) // 59.6% (37.1) // 54.8% (33.3)",
        "scoringAgainst": "55.3% (33.4) // 59.2% (36.1) // 59.5% (38.7) // 55.0% (32.3)",
        "oppCorsi": "51.0% (57.5) // 50.1% (57.2) // 51.8% (59.0) // 52.0% (59.9)",
        "oppFenwick": "49.7% (43.7) // 50.2% (45.2) // 52.1% (47.5) // 52.3% (47.7)",
        "oppShots": "49.5% (32.1) // 51.1% (34.0) // 53.2% (35.4) // 53.4% (34.8)",
        "oppScoring": "49.9% (30.6) // 50.5% (31.2) // 51.0% (32.6) // 51.8% (32.4)",
        "oppCorsiAgainst": "49.0% (55.3) // 49.9% (57.0) // 48.2% (54.9) // 48.0% (55.3)",
        "oppFenwickAgainst": "50.3% (44.2) // 49.8% (44.9) // 47.9% (43.6) // 47.7% (43.6)",
        "oppShotsAgainst": "50.5% (32.7) // 48.9% (32.5) // 46.8% (31.2) // 46.6% (30.5)",
        "oppScoringAgainst": "50.1% (30.7) // 49.5% (30.5) // 49.0% (31.3) // 48.2% (30.2)",
        "savesPerGame": 31.4,
        "savesPerGameLast1": 34.0,
        "savesPerGameLast3": 31.0,
        "savesPerGameLast5": 33.4,
        "savesPer60": 31.4,
        "savesPer60Last1": 34.5,
        "savesPer60Last3": 31.9,
        "savesPer60Last5": 33.9,
        "shotsPerGame": 29.2,
        "shotsPerGameLast5": 25.6,
        "shotsAgainstPerGame": 35.4,
        "shotsAgainstPerGameLast5": 37.8,
        "oppSavesAgainstPer60": 29.0,
        "oppSavesAgainstPer60Last1": 32.0,
        "oppSavesAgainstPer60Last3": 34.8,
        "oppSavesAgainstPer60Last5": 32.0,
        "oppShotsAgainstPerGame": 33.1,
        "oppShotsAgainstPerGameLast5": 31.4,
        "savesProj": 30.7,
        "savesProjLast5": 36.9,
        "savesProjLast3": 37.7,
        "oppSavesAgainstProj": 32.2,
        "oppSavesAgainstProjLast5": 37.0,
        "oppSavesAgainstProjLast3": 37.8,
        "totalOver": 36,
        "totalOverLast5": 0,
        "totalOverLast15": 20,
        "lastTotalOver": 27,
        "last5": "0,0,0,0,0,0,1,1,2,0",
        "overOdds": "+140",
        "underOdds": "-175",
        "overUnder": "+140 / -175"
    },
    {
        "player": "Cody Glass",
        "team": "NSH",
        "opponent": "COL",
        "propType": "ast",
        "line": 0.5,
        "ppLine": "PP1",
        "avg": 0.28,
        "hit": false,
        "diffAvg": -0.44,
        "diffAbs": 0.8,
        "lastAvg": 0.1,
        "diff": -0.8,
        "avgMin": 14,
        "proj": 0.1,
        "lastAvgMin": 11.4,
        "oppOver": 0,
        "teamOver": 0,
        "gameLine": "+190",
        "+/-": "+9",
        "L5_+/-": 0.0,
        "prevMatchup": "2022-12-23 1.0 ast 2022-12-17 0.0 ast 2022-11-10 1.0 ast",
        "winLossSplits": "42% - 9%",
        "awayHome": "H",
        "playedYesterday": "Y",
        "awayHomeSplits": "29% - 22%",
        "savesAboveExp": -0.066,
        "gsaa": 5.19,
        "corsi": "47.6% (56.4) // 41.6% (47.8) // 40.2% (46.5) // 42.1% (49.2)",
        "fenwick": "47.5% (41.6) // 43.0% (36.6) // 43.3% (37.0) // 44.7% (39.3)",
        "shots": "47.1% (29.2) // 45.2% (27.1) // 44.7% (26.6) // 45.4% (28.1)",
        "scoring": "46.7% (29.4) // 39.7% (24.3) // 42.2% (27.2) // 45.1% (31.0)",
        "corsiAgainst": "52.4% (61.9) // 58.4% (67.1) // 59.8% (69.2) // 57.9% (67.8)",
        "fenwickAgainst": "52.5% (46.1) // 57.0% (48.6) // 56.7% (48.4) // 55.3% (48.6)",
        "shotsAgainst": "52.9% (32.8) // 54.8% (32.8) // 55.3% (33.0) // 54.6% (33.9)",
        "scoringAgainst": "53.3% (33.5) // 60.3% (36.9) // 57.8% (37.2) // 54.9% (37.7)",
        "oppCorsi": "52.4% (60.0) // 53.7% (61.2) // 51.5% (58.0) // 51.2% (57.3)",
        "oppFenwick": "51.7% (44.1) // 54.0% (45.4) // 52.0% (42.9) // 52.2% (43.6)",
        "oppShots": "51.7% (32.8) // 54.2% (34.1) // 52.5% (32.0) // 50.0% (30.2)",
        "oppScoring": "53.3% (30.3) // 53.0% (32.2) // 50.3% (31.7) // 52.0% (31.9)",
        "oppCorsiAgainst": "47.6% (54.5) // 46.3% (52.8) // 48.5% (54.6) // 48.8% (54.6)",
        "oppFenwickAgainst": "48.3% (41.1) // 46.0% (38.7) // 48.0% (39.6) // 47.8% (40.0)",
        "oppShotsAgainst": "48.3% (30.6) // 45.8% (28.8) // 47.5% (28.9) // 50.0% (30.2)",
        "oppScoringAgainst": "46.7% (26.6) // 47.0% (28.6) // 49.7% (31.4) // 48.0% (29.5)",
        "savesPerGame": 30.4,
        "savesPerGameLast1": 21.0,
        "savesPerGameLast3": 33.0,
        "savesPerGameLast5": 32.4,
        "savesPer60": 30.5,
        "savesPer60Last1": 22.0,
        "savesPer60Last3": 34.0,
        "savesPer60Last5": 33.4,
        "shotsPerGame": 29.6,
        "shotsPerGameLast5": 27.6,
        "shotsAgainstPerGame": 33.3,
        "shotsAgainstPerGameLast5": 34.2,
        "oppSavesAgainstPer60": 30.1,
        "oppSavesAgainstPer60Last1": 22.5,
        "oppSavesAgainstPer60Last3": 30.7,
        "oppSavesAgainstPer60Last5": 27.5,
        "oppShotsAgainstPerGame": 31.1,
        "oppShotsAgainstPerGameLast5": 29.4,
        "savesProj": 32.1,
        "savesProjLast5": 31.8,
        "savesProjLast3": 36.3,
        "oppSavesAgainstProj": 32.7,
        "oppSavesAgainstProjLast5": 29.9,
        "oppSavesAgainstProjLast3": 34.2,
        "totalOver": 25,
        "totalOverLast5": 60,
        "totalOverLast15": 27,
        "lastTotalOver": 10,
        "last5": "1,1,0,0,1,0,0,0,1,0",
        "overOdds": "+235",
        "underOdds": "-300",
        "overUnder": "+235 / -300"
    },
    {
        "player": "Devon Toews",
        "team": "COL",
        "opponent": "NSH",
        "propType": "ast",
        "line": 0.5,
        "ppLine": "PP1",
        "avg": 0.53,
        "hit": false,
        "diffAvg": 0.06,
        "diffAbs": 0.0,
        "lastAvg": 0.51,
        "diff": 0.02,
        "avgMin": 25,
        "proj": 0.5,
        "lastAvgMin": 25.37,
        "oppOver": 0,
        "teamOver": 0,
        "gameLine": "-225",
        "+/-": "+37",
        "L5_+/-": "+6.0",
        "prevMatchup": "2022-12-23 0.0 ast 2022-12-17 0.0 ast 2022-11-10 1.0 ast",
        "winLossSplits": "49% - 27%",
        "awayHome": "A",
        "playedYesterday": "Y",
        "awayHomeSplits": "44% - 38%",
        "savesAboveExp": 0.383,
        "gsaa": 7.55,
        "corsi": "52.4% (60.0) // 53.7% (61.2) // 51.5% (58.0) // 51.2% (57.3)",
        "fenwick": "51.7% (44.1) // 54.0% (45.4) // 52.0% (42.9) // 52.2% (43.6)",
        "shots": "51.7% (32.8) // 54.2% (34.1) // 52.5% (32.0) // 50.0% (30.2)",
        "scoring": "53.3% (30.3) // 53.0% (32.2) // 50.3% (31.7) // 52.0% (31.9)",
        "corsiAgainst": "47.6% (54.5) // 46.3% (52.8) // 48.5% (54.6) // 48.8% (54.6)",
        "fenwickAgainst": "48.3% (41.1) // 46.0% (38.7) // 48.0% (39.6) // 47.8% (40.0)",
        "shotsAgainst": "48.3% (30.6) // 45.8% (28.8) // 47.5% (28.9) // 50.0% (30.2)",
        "scoringAgainst": "46.7% (26.6) // 47.0% (28.6) // 49.7% (31.4) // 48.0% (29.5)",
        "oppCorsi": "47.6% (56.4) // 41.6% (47.8) // 40.2% (46.5) // 42.1% (49.2)",
        "oppFenwick": "47.5% (41.6) // 43.0% (36.6) // 43.3% (37.0) // 44.7% (39.3)",
        "oppShots": "47.1% (29.2) // 45.2% (27.1) // 44.7% (26.6) // 45.4% (28.1)",
        "oppScoring": "46.7% (29.4) // 39.7% (24.3) // 42.2% (27.2) // 45.1% (31.0)",
        "oppCorsiAgainst": "52.4% (61.9) // 58.4% (67.1) // 59.8% (69.2) // 57.9% (67.8)",
        "oppFenwickAgainst": "52.5% (46.1) // 57.0% (48.6) // 56.7% (48.4) // 55.3% (48.6)",
        "oppShotsAgainst": "52.9% (32.8) // 54.8% (32.8) // 55.3% (33.0) // 54.6% (33.9)",
        "oppScoringAgainst": "53.3% (33.5) // 60.3% (36.9) // 57.8% (37.2) // 54.9% (37.7)",
        "savesPerGame": 28.4,
        "savesPerGameLast1": 18.0,
        "savesPerGameLast3": 25.0,
        "savesPerGameLast5": 26.8,
        "savesPer60": 28.4,
        "savesPer60Last1": 18.0,
        "savesPer60Last3": 25.8,
        "savesPer60Last5": 27.3,
        "shotsPerGame": 33.2,
        "shotsPerGameLast5": 30.8,
        "shotsAgainstPerGame": 31.1,
        "shotsAgainstPerGameLast5": 29.4,
        "oppSavesAgainstPer60": 27.0,
        "oppSavesAgainstPer60Last1": 26.7,
        "oppSavesAgainstPer60Last3": 27.8,
        "oppSavesAgainstPer60Last5": 25.5,
        "oppShotsAgainstPerGame": 33.3,
        "oppShotsAgainstPerGameLast5": 34.2,
        "savesProj": 25.0,
        "savesProjLast5": 22.5,
        "savesProjLast3": 23.1,
        "oppSavesAgainstProj": 27.4,
        "oppSavesAgainstProjLast5": 24.3,
        "oppSavesAgainstProjLast3": 24.8,
        "totalOver": 41,
        "totalOverLast5": 80,
        "totalOverLast15": 47,
        "lastTotalOver": 43,
        "last5": "1,0,3,1,1,2,0,1,0,1",
        "overOdds": "+110",
        "underOdds": "-140",
        "overUnder": "+110 / -140"
    },
    {
        "player": "Evan Rodrigues",
        "team": "COL",
        "opponent": "NSH",
        "propType": "ast",
        "line": 0.5,
        "ppLine": "PP2",
        "avg": 0.32,
        "hit": false,
        "diffAvg": -0.36,
        "diffAbs": 0.4,
        "lastAvg": 0.27,
        "diff": -0.46,
        "avgMin": 17,
        "proj": 0.3,
        "lastAvgMin": 15.83,
        "oppOver": 0,
        "teamOver": 0,
        "gameLine": "-225",
        "+/-": "+6",
        "L5_+/-": "+2.0",
        "prevMatchup": "2022-12-23 1.0 ast 2022-12-17 1.0 ast 2022-11-10 0.0 ast",
        "winLossSplits": "33% - 22%",
        "awayHome": "A",
        "playedYesterday": "Y",
        "awayHomeSplits": "29% - 29%",
        "savesAboveExp": 0.383,
        "gsaa": 7.55,
        "corsi": "52.4% (60.0) // 53.7% (61.2) // 51.5% (58.0) // 51.2% (57.3)",
        "fenwick": "51.7% (44.1) // 54.0% (45.4) // 52.0% (42.9) // 52.2% (43.6)",
