[
    {
        "player": "Brett Pesce",
        "team": "CAR",
        "opponent": "NYI",
        "propType": "bs",
        "line": 1.5,
        "ppLine": "",
        "avg": 1.34,
        "hit": false,
        "diffAvg": -0.11,
        "diffAbs": 1.0,
        "lastAvg": 0.0,
        "diff": 0,
        "avgMin": 22,
        "proj": 0.0,
        "lastAvgMin": 21.7,
        "oppOver": 0,
        "teamOver": 0,
        "gameLine": "-165",
        "+/-": "+11",
        "L5_+/-": -3.0,
        "prevMatchup": "2023-04-02 0.0 bs 2023-01-21 1.0 bs 2022-12-10 2.0 bs 2022-10-28 0.0 bs",
        "winLossSplits": "46% - 40%",
        "awayHome": "H",
        "playedYesterday": "N",
        "awayHomeSplits": "39% - 49%",
        "savesAboveExp": 0.704,
        "gsaa": 35.99,
        "corsi": "59.9% (67.4) // 61.2% (68.8) // 57.4% (64.8) // 58.7% (67.5)",
        "fenwick": "59.1% (50.8) // 60.1% (51.8) // 55.9% (49.8) // 59.7% (54.0)",
        "shots": "57.2% (34.3) // 58.4% (34.4) // 52.0% (31.8) // 53.8% (32.0)",
        "scoring": "58.9% (33.3) // 62.3% (33.3) // 55.4% (30.7) // 54.5% (27.5)",
        "corsiAgainst": "40.1% (45.2) // 38.8% (43.6) // 42.6% (48.0) // 41.3% (47.5)",
        "fenwickAgainst": "40.9% (35.1) // 39.9% (34.4) // 44.1% (39.2) // 40.3% (36.5)",
        "shotsAgainst": "42.8% (25.6) // 41.6% (24.5) // 48.0% (29.2) // 46.2% (27.5)",
        "scoringAgainst": "41.1% (23.3) // 37.7% (20.2) // 44.6% (24.8) // 45.5% (23.0)",
        "oppCorsi": "49.6% (58.7) // 54.1% (65.8) // 58.6% (73.7) // 59.5% (72.0)",
        "oppFenwick": "49.5% (42.7) // 53.4% (47.0) // 58.7% (51.7) // 63.9% (53.0)",
        "oppShots": "49.8% (30.5) // 53.2% (32.4) // 57.5% (32.0) // 64.8% (35.0)",
        "oppScoring": "50.0% (30.4) // 52.7% (31.7) // 62.8% (38.3) // 65.1% (41.0)",
        "oppCorsiAgainst": "50.4% (59.6) // 45.9% (55.9) // 41.4% (52.0) // 40.5% (49.0)",
        "oppFenwickAgainst": "50.5% (43.6) // 46.6% (40.9) // 41.3% (36.3) // 36.1% (30.0)",
        "oppShotsAgainst": "50.2% (30.7) // 46.8% (28.5) // 42.5% (23.7) // 35.2% (19.0)",
        "oppScoringAgainst": "50.0% (30.4) // 47.3% (28.4) // 37.2% (22.7) // 34.9% (22.0)",
        "savesPerGame": 23.4,
        "savesPerGameLast1": 30.0,
        "savesPerGameLast3": 26.3,
        "savesPerGameLast5": 25.0,
        "savesPer60": 23.6,
        "savesPer60Last1": 30.0,
        "savesPer60Last3": 25.9,
        "savesPer60Last5": 24.5,
        "shotsPerGame": 34.8,
        "shotsPerGameLast5": 32.0,
        "shotsAgainstPerGame": 26.0,
        "shotsAgainstPerGameLast5": 28.0,
        "oppSavesAgainstPer60": 27.8,
        "oppSavesAgainstPer60Last1": 31.0,
        "oppSavesAgainstPer60Last3": 28.7,
        "oppSavesAgainstPer60Last5": 28.6,
        "oppShotsAgainstPerGame": 31.0,
        "oppShotsAgainstPerGameLast5": 27.4,
        "savesProj": 23.1,
        "savesProjLast5": 24.7,
        "savesProjLast3": 26.1,
        "oppSavesAgainstProj": 23.1,
        "oppSavesAgainstProjLast5": 24.4,
        "oppSavesAgainstProjLast3": 25.3,
        "totalOver": 44,
        "totalOverLast5": 40,
        "totalOverLast15": 47,
        "lastTotalOver": 0,
        "last5": "2,0,1,2,0,2,0,2,1,3",
        "overOdds": "+110",
        "underOdds": "-140",
        "overUnder": "+110 / -140"
    },
    {
        "player": "Jaccob Slavin",
        "team": "CAR",
        "opponent": "NYI",
        "propType": "bs",
        "line": 1.5,
        "ppLine": "",
        "avg": 1.36,
        "hit": false,
        "diffAvg": -0.09,
        "diffAbs": 1.0,
        "lastAvg": 0.0,
        "diff": 0,
        "avgMin": 21,
        "proj": 0.0,
        "lastAvgMin": 23.52,
        "oppOver": 0,
        "teamOver": 0,
        "gameLine": "-165",
        "+/-": "+18",
        "L5_+/-": "+3.0",
        "prevMatchup": "2023-04-02 2.0 bs 2022-12-10 3.0 bs 2022-10-28 1.0 bs",
        "winLossSplits": "35% - 37%",
        "awayHome": "H",
        "playedYesterday": "N",
        "awayHomeSplits": "29% - 42%",
        "savesAboveExp": 0.704,
        "gsaa": 35.99,
        "corsi": "59.9% (67.4) // 61.2% (68.8) // 57.4% (64.8) // 58.7% (67.5)",
        "fenwick": "59.1% (50.8) // 60.1% (51.8) // 55.9% (49.8) // 59.7% (54.0)",
        "shots": "57.2% (34.3) // 58.4% (34.4) // 52.0% (31.8) // 53.8% (32.0)",
        "scoring": "58.9% (33.3) // 62.3% (33.3) // 55.4% (30.7) // 54.5% (27.5)",
        "corsiAgainst": "40.1% (45.2) // 38.8% (43.6) // 42.6% (48.0) // 41.3% (47.5)",
        "fenwickAgainst": "40.9% (35.1) // 39.9% (34.4) // 44.1% (39.2) // 40.3% (36.5)",
        "shotsAgainst": "42.8% (25.6) // 41.6% (24.5) // 48.0% (29.2) // 46.2% (27.5)",
        "scoringAgainst": "41.1% (23.3) // 37.7% (20.2) // 44.6% (24.8) // 45.5% (23.0)",
        "oppCorsi": "49.6% (58.7) // 54.1% (65.8) // 58.6% (73.7) // 59.5% (72.0)",
        "oppFenwick": "49.5% (42.7) // 53.4% (47.0) // 58.7% (51.7) // 63.9% (53.0)",
        "oppShots": "49.8% (30.5) // 53.2% (32.4) // 57.5% (32.0) // 64.8% (35.0)",
        "oppScoring": "50.0% (30.4) // 52.7% (31.7) // 62.8% (38.3) // 65.1% (41.0)",
        "oppCorsiAgainst": "50.4% (59.6) // 45.9% (55.9) // 41.4% (52.0) // 40.5% (49.0)",
        "oppFenwickAgainst": "50.5% (43.6) // 46.6% (40.9) // 41.3% (36.3) // 36.1% (30.0)",
        "oppShotsAgainst": "50.2% (30.7) // 46.8% (28.5) // 42.5% (23.7) // 35.2% (19.0)",
        "oppScoringAgainst": "50.0% (30.4) // 47.3% (28.4) // 37.2% (22.7) // 34.9% (22.0)",
        "savesPerGame": 23.4,
        "savesPerGameLast1": 30.0,
        "savesPerGameLast3": 26.3,
        "savesPerGameLast5": 25.0,
        "savesPer60": 23.6,
        "savesPer60Last1": 30.0,
        "savesPer60Last3": 25.9,
        "savesPer60Last5": 24.5,
        "shotsPerGame": 34.8,
        "shotsPerGameLast5": 32.0,
        "shotsAgainstPerGame": 26.0,
        "shotsAgainstPerGameLast5": 28.0,
        "oppSavesAgainstPer60": 27.8,
        "oppSavesAgainstPer60Last1": 31.0,
        "oppSavesAgainstPer60Last3": 28.7,
        "oppSavesAgainstPer60Last5": 28.6,
        "oppShotsAgainstPerGame": 31.0,
        "oppShotsAgainstPerGameLast5": 27.4,
        "savesProj": 23.1,
        "savesProjLast5": 24.7,
        "savesProjLast3": 26.1,
        "oppSavesAgainstProj": 23.1,
        "oppSavesAgainstProjLast5": 24.4,
        "oppSavesAgainstProjLast3": 25.3,
        "totalOver": 36,
        "totalOverLast5": 0,
        "totalOverLast15": 13,
        "lastTotalOver": 0,
        "last5": "1,0,1,0,0,1,2,0,0,0",
        "overOdds": "+130",
        "underOdds": "-160",
        "overUnder": "+130 / -160"
    },
    {
        "player": "Adam Pelech",
        "team": "NYI",
        "opponent": "CAR",
        "propType": "bs",
        "line": 2.5,
        "ppLine": "",
        "avg": 1.8,
        "hit": false,
        "diffAvg": -0.28,
        "diffAbs": 1.0,
        "lastAvg": 0.0,
        "diff": 0,
        "avgMin": 21,
        "proj": 0.0,
        "lastAvgMin": 21.27,
        "oppOver": 0,
        "teamOver": 0,
        "gameLine": "+140",
        "+/-": "+16",
        "L5_+/-": 0.0,
        "prevMatchup": "2023-04-02 3.0 bs 2022-10-28 5.0 bs",
        "winLossSplits": "20% - 23%",
        "awayHome": "A",
        "playedYesterday": "N",
        "awayHomeSplits": "20% - 23%",
        "savesAboveExp": -0.44,
        "gsaa": -0.71,
        "corsi": "49.6% (58.7) // 54.1% (65.8) // 58.6% (73.7) // 59.5% (72.0)",
        "fenwick": "49.5% (42.7) // 53.4% (47.0) // 58.7% (51.7) // 63.9% (53.0)",
        "shots": "49.8% (30.5) // 53.2% (32.4) // 57.5% (32.0) // 64.8% (35.0)",
        "scoring": "50.0% (30.4) // 52.7% (31.7) // 62.8% (38.3) // 65.1% (41.0)",
        "corsiAgainst": "50.4% (59.6) // 45.9% (55.9) // 41.4% (52.0) // 40.5% (49.0)",
        "fenwickAgainst": "50.5% (43.6) // 46.6% (40.9) // 41.3% (36.3) // 36.1% (30.0)",
        "shotsAgainst": "50.2% (30.7) // 46.8% (28.5) // 42.5% (23.7) // 35.2% (19.0)",
        "scoringAgainst": "50.0% (30.4) // 47.3% (28.4) // 37.2% (22.7) // 34.9% (22.0)",
        "oppCorsi": "59.9% (67.4) // 61.2% (68.8) // 57.4% (64.8) // 58.7% (67.5)",
        "oppFenwick": "59.1% (50.8) // 60.1% (51.8) // 55.9% (49.8) // 59.7% (54.0)",
        "oppShots": "57.2% (34.3) // 58.4% (34.4) // 52.0% (31.8) // 53.8% (32.0)",
        "oppScoring": "58.9% (33.3) // 62.3% (33.3) // 55.4% (30.7) // 54.5% (27.5)",
        "oppCorsiAgainst": "40.1% (45.2) // 38.8% (43.6) // 42.6% (48.0) // 41.3% (47.5)",
        "oppFenwickAgainst": "40.9% (35.1) // 39.9% (34.4) // 44.1% (39.2) // 40.3% (36.5)",
        "oppShotsAgainst": "42.8% (25.6) // 41.6% (24.5) // 48.0% (29.2) // 46.2% (27.5)",
        "oppScoringAgainst": "41.1% (23.3) // 37.7% (20.2) // 44.6% (24.8) // 45.5% (23.0)",
        "savesPerGame": 28.4,
        "savesPerGameLast1": 17.0,
        "savesPerGameLast3": 21.3,
        "savesPerGameLast5": 25.4,
        "savesPer60": 28.4,
        "savesPer60Last1": 17.0,
        "savesPer60Last3": 21.0,
        "savesPer60Last5": 25.0,
        "shotsPerGame": 30.8,
        "shotsPerGameLast5": 32.0,
        "shotsAgainstPerGame": 31.0,
        "shotsAgainstPerGameLast5": 27.4,
        "oppSavesAgainstPer60": 31.7,
        "oppSavesAgainstPer60Last1": 30.0,
        "oppSavesAgainstPer60Last3": 27.2,
        "oppSavesAgainstPer60Last5": 29.6,
        "oppShotsAgainstPerGame": 26.0,
        "oppShotsAgainstPerGameLast5": 28.0,
        "savesProj": 38.0,
        "savesProjLast5": 30.7,
        "savesProjLast3": 24.0,
        "oppSavesAgainstProj": 31.7,
        "oppSavesAgainstProjLast5": 26.8,
        "oppSavesAgainstProjLast3": 22.0,
        "totalOver": 21,
        "totalOverLast5": 20,
        "totalOverLast15": 33,
        "lastTotalOver": 0,
        "last5": "1,1,2,0,3,2,2,4,4,3",
        "overOdds": "+125",
        "underOdds": "-155",
        "overUnder": "+125 / -155"
    },
    {
        "player": "Scott Mayfield",
        "team": "NYI",
        "opponent": "CAR",
        "propType": "bs",
        "line": 1.5,
        "ppLine": "",
        "avg": 2.05,
        "hit": false,
        "diffAvg": 0.37,
        "diffAbs": 1.0,
        "lastAvg": 0.0,
        "diff": 0,
        "avgMin": 21,
        "proj": 0.0,
        "lastAvgMin": 19.77,
        "oppOver": 0,
        "teamOver": 0,
        "gameLine": "+140",
        "+/-": "+9",
        "L5_+/-": "+4.0",
        "prevMatchup": "2023-04-02 4.0 bs 2023-01-21 1.0 bs 2022-12-10 6.0 bs 2022-10-28 4.0 bs",
        "winLossSplits": "57% - 58%",
        "awayHome": "A",
        "playedYesterday": "N",
        "awayHomeSplits": "61% - 54%",
        "savesAboveExp": -0.44,
        "gsaa": -0.71,
        "corsi": "49.6% (58.7) // 54.1% (65.8) // 58.6% (73.7) // 59.5% (72.0)",
        "fenwick": "49.5% (42.7) // 53.4% (47.0) // 58.7% (51.7) // 63.9% (53.0)",
        "shots": "49.8% (30.5) // 53.2% (32.4) // 57.5% (32.0) // 64.8% (35.0)",
        "scoring": "50.0% (30.4) // 52.7% (31.7) // 62.8% (38.3) // 65.1% (41.0)",
        "corsiAgainst": "50.4% (59.6) // 45.9% (55.9) // 41.4% (52.0) // 40.5% (49.0)",
        "fenwickAgainst": "50.5% (43.6) // 46.6% (40.9) // 41.3% (36.3) // 36.1% (30.0)",
        "shotsAgainst": "50.2% (30.7) // 46.8% (28.5) // 42.5% (23.7) // 35.2% (19.0)",
        "scoringAgainst": "50.0% (30.4) // 47.3% (28.4) // 37.2% (22.7) // 34.9% (22.0)",
        "oppCorsi": "59.9% (67.4) // 61.2% (68.8) // 57.4% (64.8) // 58.7% (67.5)",
        "oppFenwick": "59.1% (50.8) // 60.1% (51.8) // 55.9% (49.8) // 59.7% (54.0)",
        "oppShots": "57.2% (34.3) // 58.4% (34.4) // 52.0% (31.8) // 53.8% (32.0)",
        "oppScoring": "58.9% (33.3) // 62.3% (33.3) // 55.4% (30.7) // 54.5% (27.5)",
        "oppCorsiAgainst": "40.1% (45.2) // 38.8% (43.6) // 42.6% (48.0) // 41.3% (47.5)",
        "oppFenwickAgainst": "40.9% (35.1) // 39.9% (34.4) // 44.1% (39.2) // 40.3% (36.5)",
        "oppShotsAgainst": "42.8% (25.6) // 41.6% (24.5) // 48.0% (29.2) // 46.2% (27.5)",
        "oppScoringAgainst": "41.1% (23.3) // 37.7% (20.2) // 44.6% (24.8) // 45.5% (23.0)",
        "savesPerGame": 28.4,
        "savesPerGameLast1": 17.0,
        "savesPerGameLast3": 21.3,
        "savesPerGameLast5": 25.4,
        "savesPer60": 28.4,
        "savesPer60Last1": 17.0,
        "savesPer60Last3": 21.0,
        "savesPer60Last5": 25.0,
        "shotsPerGame": 30.8,
        "shotsPerGameLast5": 32.0,
        "shotsAgainstPerGame": 31.0,
        "shotsAgainstPerGameLast5": 27.4,
        "oppSavesAgainstPer60": 31.7,
        "oppSavesAgainstPer60Last1": 30.0,
        "oppSavesAgainstPer60Last3": 27.2,
        "oppSavesAgainstPer60Last5": 29.6,
        "oppShotsAgainstPerGame": 26.0,
        "oppShotsAgainstPerGameLast5": 28.0,
        "savesProj": 38.0,
        "savesProjLast5": 30.7,
        "savesProjLast3": 24.0,
        "oppSavesAgainstProj": 31.7,
        "oppSavesAgainstProjLast5": 26.8,
        "oppSavesAgainstProjLast3": 22.0,
        "totalOver": 57,
        "totalOverLast5": 80,
        "totalOverLast15": 73,
        "lastTotalOver": 0,
        "last5": "0,4,2,3,4,1,2,2,2,2",
        "overOdds": "-175",
        "underOdds": "+140",
        "overUnder": "-175 / +140"
    },
    {
        "player": "Gustav Forsling",
        "team": "FLA",
        "opponent": "BOS",
        "propType": "bs",
        "line": 1.5,
        "ppLine": "PP2",
        "avg": 1.28,
        "hit": false,
        "diffAvg": -0.15,
        "diffAbs": 1.0,
        "lastAvg": 0.0,
        "diff": 0,
        "avgMin": 23,
        "proj": 0.0,
        "lastAvgMin": 21.22,
        "oppOver": 0,
        "teamOver": 0,
        "gameLine": "+190",
        "+/-": "+18",
        "L5_+/-": "+2.0",
        "prevMatchup": "2023-01-28 0.0 bs 2022-12-19 3.0 bs 2022-11-23 2.0 bs 2022-10-17 1.0 bs",
        "winLossSplits": "40% - 28%",
        "awayHome": "A",
        "playedYesterday": "N",
        "awayHomeSplits": "32% - 37%",
        "savesAboveExp": 0.892,
        "gsaa": 48.51,
        "corsi": "54.2% (66.3) // 52.5% (66.0) // 55.6% (72.8) // 43.1% (63.0)",
        "fenwick": "53.6% (49.9) // 52.0% (49.3) // 54.0% (52.3) // 41.6% (47.0)",
        "shots": "53.7% (36.5) // 51.9% (35.5) // 57.9% (38.0) // 48.6% (34.0)",
        "scoring": "54.6% (34.8) // 53.4% (34.0) // 56.3% (34.8) // 45.5% (30.0)",
        "corsiAgainst": "45.8% (56.1) // 47.5% (59.7) // 44.4% (58.2) // 56.9% (83.0)",
        "fenwickAgainst": "46.4% (43.2) // 48.0% (45.5) // 46.0% (44.5) // 58.4% (66.0)",
        "shotsAgainst": "46.3% (31.5) // 48.1% (33.0) // 42.1% (27.6) // 51.4% (36.0)",
        "scoringAgainst": "45.4% (28.9) // 46.6% (29.7) // 43.7% (27.0) // 54.5% (36.0)",
        "oppCorsi": "51.4% (58.2) // 52.6% (61.3) // 55.6% (66.0) // 56.1% (69.0)",
        "oppFenwick": "51.6% (44.0) // 52.5% (46.9) // 53.6% (50.2) // 54.0% (51.0)",
        "oppShots": "52.5% (32.6) // 52.7% (33.6) // 52.1% (34.8) // 51.6% (32.5)",
        "oppScoring": "53.0% (32.2) // 53.2% (32.5) // 53.1% (32.2) // 54.3% (35.0)",
        "oppCorsiAgainst": "48.6% (55.0) // 47.4% (55.1) // 44.4% (52.8) // 43.9% (54.0)",
        "oppFenwickAgainst": "48.4% (41.2) // 47.5% (42.4) // 46.4% (43.5) // 46.0% (43.5)",
        "oppShotsAgainst": "47.5% (29.5) // 47.3% (30.1) // 47.9% (32.0) // 48.4% (30.5)",
        "oppScoringAgainst": "47.0% (28.6) // 46.8% (28.6) // 46.9% (28.5) // 45.7% (29.5)",
        "savesPerGame": 28.4,
        "savesPerGameLast1": 30.0,
        "savesPerGameLast3": 25.0,
        "savesPerGameLast5": 34.0,
        "savesPer60": 28.3,
        "savesPer60Last1": 28.5,
        "savesPer60Last3": 25.2,
        "savesPer60Last5": 34.2,
        "shotsPerGame": 36.8,
        "shotsPerGameLast5": 36.6,
        "shotsAgainstPerGame": 31.7,
        "shotsAgainstPerGameLast5": 36.6,
        "oppSavesAgainstPer60": 29.2,
        "oppSavesAgainstPer60Last1": 16.0,
        "oppSavesAgainstPer60Last3": 28.8,
        "oppSavesAgainstPer60Last5": 31.0,
        "oppShotsAgainstPerGame": 29.8,
        "oppShotsAgainstPerGameLast5": 32.0,
        "savesProj": 29.7,
        "savesProjLast5": 37.5,
        "savesProjLast3": 25.3,
        "oppSavesAgainstProj": 29.6,
        "oppSavesAgainstProjLast5": 35.4,
        "oppSavesAgainstProjLast3": 24.4,
        "totalOver": 34,
        "totalOverLast5": 40,
        "totalOverLast15": 27,
        "lastTotalOver": 0,
        "last5": "0,1,0,2,2,1,1,1,1,2",
        "overOdds": "-115",
        "underOdds": "-115",
        "overUnder": "-115 / -115"
    },
    {
        "player": "Charlie Mcavoy",
        "team": "BOS",
        "opponent": "FLA",
        "propType": "bs",
        "line": 2.5,
        "ppLine": "PP2",
        "avg": 1.96,
        "hit": false,
        "diffAvg": -0.22,
        "diffAbs": 1.0,
        "lastAvg": 0.0,
        "diff": 0,
        "avgMin": 22,
        "proj": 0.0,
        "lastAvgMin": 24.65,
        "oppOver": 0,
        "teamOver": 0,
        "gameLine": "-225",
        "+/-": "+30",
        "L5_+/-": 0.0,
        "prevMatchup": "2023-01-28 4.0 bs 2022-12-19 1.0 bs 2022-11-23 0.0 bs",
        "winLossSplits": "27% - 27%",
        "awayHome": "H",
        "playedYesterday": "N",
        "awayHomeSplits": "24% - 29%",
        "savesAboveExp": "-",
        "gsaa": 3.73,
        "corsi": "51.4% (58.2) // 52.6% (61.3) // 55.6% (66.0) // 56.1% (69.0)",
        "fenwick": "51.6% (44.0) // 52.5% (46.9) // 53.6% (50.2) // 54.0% (51.0)",
        "shots": "52.5% (32.6) // 52.7% (33.6) // 52.1% (34.8) // 51.6% (32.5)",
        "scoring": "53.0% (32.2) // 53.2% (32.5) // 53.1% (32.2) // 54.3% (35.0)",
        "corsiAgainst": "48.6% (55.0) // 47.4% (55.1) // 44.4% (52.8) // 43.9% (54.0)",
        "fenwickAgainst": "48.4% (41.2) // 47.5% (42.4) // 46.4% (43.5) // 46.0% (43.5)",
        "shotsAgainst": "47.5% (29.5) // 47.3% (30.1) // 47.9% (32.0) // 48.4% (30.5)",
        "scoringAgainst": "47.0% (28.6) // 46.8% (28.6) // 46.9% (28.5) // 45.7% (29.5)",
        "oppCorsi": "54.2% (66.3) // 52.5% (66.0) // 55.6% (72.8) // 43.1% (63.0)",
        "oppFenwick": "53.6% (49.9) // 52.0% (49.3) // 54.0% (52.3) // 41.6% (47.0)",
        "oppShots": "53.7% (36.5) // 51.9% (35.5) // 57.9% (38.0) // 48.6% (34.0)",
        "oppScoring": "54.6% (34.8) // 53.4% (34.0) // 56.3% (34.8) // 45.5% (30.0)",
        "oppCorsiAgainst": "45.8% (56.1) // 47.5% (59.7) // 44.4% (58.2) // 56.9% (83.0)",
        "oppFenwickAgainst": "46.4% (43.2) // 48.0% (45.5) // 46.0% (44.5) // 58.4% (66.0)",
        "oppShotsAgainst": "46.3% (31.5) // 48.1% (33.0) // 42.1% (27.6) // 51.4% (36.0)",
        "oppScoringAgainst": "45.4% (28.9) // 46.6% (29.7) // 43.7% (27.0) // 54.5% (36.0)",
        "savesPerGame": 27.7,
        "savesPerGameLast1": 30.0,
        "savesPerGameLast3": 29.7,
        "savesPerGameLast5": 29.8,
        "savesPer60": 27.9,
        "savesPer60Last1": 30.0,
        "savesPer60Last3": 29.7,
        "savesPer60Last5": 30.0,
        "shotsPerGame": 33.0,
        "shotsPerGameLast5": 34.4,
        "shotsAgainstPerGame": 29.8,
        "shotsAgainstPerGameLast5": 32.0,
        "oppSavesAgainstPer60": 33.2,
        "oppSavesAgainstPer60Last1": 30.9,
        "oppSavesAgainstPer60Last3": 35.8,
        "oppSavesAgainstPer60Last5": 32.9,
        "oppShotsAgainstPerGame": 31.7,
        "oppShotsAgainstPerGameLast5": 36.6,
        "savesProj": 32.9,
        "savesProjLast5": 35.0,
        "savesProjLast3": 37.8,
        "oppSavesAgainstProj": 32.4,
        "oppSavesAgainstProjLast5": 35.8,
        "oppSavesAgainstProjLast3": 40.7,
        "totalOver": 27,
        "totalOverLast5": 20,
        "totalOverLast15": 20,
        "lastTotalOver": 0,
        "last5": "0,0,3,2,2,4,2,2,1,1",
        "overOdds": "+115",
        "underOdds": "-145",
        "overUnder": "+115 / -145"
    },
    {
        "player": "Brandon Carlo",
        "team": "BOS",
        "opponent": "FLA",
        "propType": "bs",
        "line": 1.5,
        "ppLine": "",
        "avg": 1.55,
        "hit": false,
        "diffAvg": 0.03,
        "diffAbs": 1.0,
        "lastAvg": 0.0,
        "diff": 0,
        "avgMin": 18,
        "proj": 0.0,
        "lastAvgMin": 19.7,
        "oppOver": 0,
        "teamOver": 0,
        "gameLine": "-225",
        "+/-": "+44",
        "L5_+/-": "+5.0",
        "prevMatchup": "2023-01-28 3.0 bs 2022-12-19 2.0 bs 2022-11-23 3.0 bs",
        "winLossSplits": "50% - 53%",
        "awayHome": "H",
        "playedYesterday": "N",
        "awayHomeSplits": "61% - 41%",
        "savesAboveExp": "-",
        "gsaa": 3.73,
        "corsi": "51.4% (58.2) // 52.6% (61.3) // 55.6% (66.0) // 56.1% (69.0)",
        "fenwick": "51.6% (44.0) // 52.5% (46.9) // 53.6% (50.2) // 54.0% (51.0)",
        "shots": "52.5% (32.6) // 52.7% (33.6) // 52.1% (34.8) // 51.6% (32.5)",
        "scoring": "53.0% (32.2) // 53.2% (32.5) // 53.1% (32.2) // 54.3% (35.0)",
        "corsiAgainst": "48.6% (55.0) // 47.4% (55.1) // 44.4% (52.8) // 43.9% (54.0)",
        "fenwickAgainst": "48.4% (41.2) // 47.5% (42.4) // 46.4% (43.5) // 46.0% (43.5)",
        "shotsAgainst": "47.5% (29.5) // 47.3% (30.1) // 47.9% (32.0) // 48.4% (30.5)",
        "scoringAgainst": "47.0% (28.6) // 46.8% (28.6) // 46.9% (28.5) // 45.7% (29.5)",
        "oppCorsi": "54.2% (66.3) // 52.5% (66.0) // 55.6% (72.8) // 43.1% (63.0)",
        "oppFenwick": "53.6% (49.9) // 52.0% (49.3) // 54.0% (52.3) // 41.6% (47.0)",
        "oppShots": "53.7% (36.5) // 51.9% (35.5) // 57.9% (38.0) // 48.6% (34.0)",
        "oppScoring": "54.6% (34.8) // 53.4% (34.0) // 56.3% (34.8) // 45.5% (30.0)",
        "oppCorsiAgainst": "45.8% (56.1) // 47.5% (59.7) // 44.4% (58.2) // 56.9% (83.0)",
        "oppFenwickAgainst": "46.4% (43.2) // 48.0% (45.5) // 46.0% (44.5) // 58.4% (66.0)",
        "oppShotsAgainst": "46.3% (31.5) // 48.1% (33.0) // 42.1% (27.6) // 51.4% (36.0)",
        "oppScoringAgainst": "45.4% (28.9) // 46.6% (29.7) // 43.7% (27.0) // 54.5% (36.0)",
        "savesPerGame": 27.7,
        "savesPerGameLast1": 30.0,
        "savesPerGameLast3": 29.7,
        "savesPerGameLast5": 29.8,
        "savesPer60": 27.9,
        "savesPer60Last1": 30.0,
        "savesPer60Last3": 29.7,
        "savesPer60Last5": 30.0,
        "shotsPerGame": 33.0,
        "shotsPerGameLast5": 34.4,
        "shotsAgainstPerGame": 29.8,
        "shotsAgainstPerGameLast5": 32.0,
        "oppSavesAgainstPer60": 33.2,
        "oppSavesAgainstPer60Last1": 30.9,
        "oppSavesAgainstPer60Last3": 35.8,
        "oppSavesAgainstPer60Last5": 32.9,
        "oppShotsAgainstPerGame": 31.7,
        "oppShotsAgainstPerGameLast5": 36.6,
        "savesProj": 32.9,
        "savesProjLast5": 35.0,
        "savesProjLast3": 37.8,
        "oppSavesAgainstProj": 32.4,
        "oppSavesAgainstProjLast5": 35.8,
        "oppSavesAgainstProjLast3": 40.7,
        "totalOver": 51,
        "totalOverLast5": 20,
        "totalOverLast15": 47,
        "lastTotalOver": 0,
        "last5": "1,0,2,0,1,2,2,2,0,2",
        "overOdds": "-145",
        "underOdds": "+115",
        "overUnder": "-145 / +115"
    },
    {
        "player": "Radko Gudas",
        "team": "FLA",
        "opponent": "BOS",
        "propType": "bs",
        "line": 1.5,
        "ppLine": "",
        "avg": 1.79,
        "hit": false,
        "diffAvg": 0.19,
        "diffAbs": 1.0,
        "lastAvg": 0.0,
        "diff": 0,
        "avgMin": 17,
        "proj": 0.0,
        "lastAvgMin": 18.0,
        "oppOver": 0,
        "teamOver": 0,
        "gameLine": "+190",
        "+/-": "+12",
        "L5_+/-": "+3.0",
        "prevMatchup": "2023-01-28 1.0 bs 2022-11-23 4.0 bs 2022-10-17 2.0 bs",
        "winLossSplits": "44% - 58%",
        "awayHome": "A",
        "playedYesterday": "N",
        "awayHomeSplits": "44% - 56%",
        "savesAboveExp": 0.892,
        "gsaa": 48.51,
        "corsi": "54.2% (66.3) // 52.5% (66.0) // 55.6% (72.8) // 43.1% (63.0)",
        "fenwick": "53.6% (49.9) // 52.0% (49.3) // 54.0% (52.3) // 41.6% (47.0)",
        "shots": "53.7% (36.5) // 51.9% (35.5) // 57.9% (38.0) // 48.6% (34.0)",
        "scoring": "54.6% (34.8) // 53.4% (34.0) // 56.3% (34.8) // 45.5% (30.0)",
        "corsiAgainst": "45.8% (56.1) // 47.5% (59.7) // 44.4% (58.2) // 56.9% (83.0)",
        "fenwickAgainst": "46.4% (43.2) // 48.0% (45.5) // 46.0% (44.5) // 58.4% (66.0)",
        "shotsAgainst": "46.3% (31.5) // 48.1% (33.0) // 42.1% (27.6) // 51.4% (36.0)",
        "scoringAgainst": "45.4% (28.9) // 46.6% (29.7) // 43.7% (27.0) // 54.5% (36.0)",
        "oppCorsi": "51.4% (58.2) // 52.6% (61.3) // 55.6% (66.0) // 56.1% (69.0)",
        "oppFenwick": "51.6% (44.0) // 52.5% (46.9) // 53.6% (50.2) // 54.0% (51.0)",
        "oppShots": "52.5% (32.6) // 52.7% (33.6) // 52.1% (34.8) // 51.6% (32.5)",
        "oppScoring": "53.0% (32.2) // 53.2% (32.5) // 53.1% (32.2) // 54.3% (35.0)",
        "oppCorsiAgainst": "48.6% (55.0) // 47.4% (55.1) // 44.4% (52.8) // 43.9% (54.0)",
        "oppFenwickAgainst": "48.4% (41.2) // 47.5% (42.4) // 46.4% (43.5) // 46.0% (43.5)",
        "oppShotsAgainst": "47.5% (29.5) // 47.3% (30.1) // 47.9% (32.0) // 48.4% (30.5)",
        "oppScoringAgainst": "47.0% (28.6) // 46.8% (28.6) // 46.9% (28.5) // 45.7% (29.5)",
        "savesPerGame": 28.4,
        "savesPerGameLast1": 30.0,
        "savesPerGameLast3": 25.0,
        "savesPerGameLast5": 34.0,
        "savesPer60": 28.3,
        "savesPer60Last1": 28.5,
        "savesPer60Last3": 25.2,
        "savesPer60Last5": 34.2,
        "shotsPerGame": 36.8,
        "shotsPerGameLast5": 36.6,
        "shotsAgainstPerGame": 31.7,
        "shotsAgainstPerGameLast5": 36.6,
        "oppSavesAgainstPer60": 29.2,
        "oppSavesAgainstPer60Last1": 16.0,
        "oppSavesAgainstPer60Last3": 28.8,
        "oppSavesAgainstPer60Last5": 31.0,
        "oppShotsAgainstPerGame": 29.8,
        "oppShotsAgainstPerGameLast5": 32.0,
        "savesProj": 29.7,
        "savesProjLast5": 37.5,
        "savesProjLast3": 25.3,
        "oppSavesAgainstProj": 29.6,
        "oppSavesAgainstProjLast5": 35.4,
        "oppSavesAgainstProjLast3": 24.4,
        "totalOver": 50,
        "totalOverLast5": 40,
        "totalOverLast15": 40,
        "lastTotalOver": 0,
        "last5": "2,1,1,4,1,4,4,3,1,2",
        "overOdds": "-140",
        "underOdds": "+110",
        "overUnder": "-140 / +110"
    },
    {
        "player": "Jared Spurgeon",
        "team": "MIN",
        "opponent": "DAL",
        "propType": "bs",
        "line": 2.5,
        "ppLine": "PP1",
        "avg": 2.27,
        "hit": false,
        "diffAvg": -0.09,
        "diffAbs": 1.0,
        "lastAvg": 0.0,
        "diff": 0,
        "avgMin": 21,
        "proj": 0.0,
        "lastAvgMin": 21.15,
        "oppOver": 0,
        "teamOver": 0,
        "gameLine": "+120",
        "+/-": "+33",
        "L5_+/-": "+2.0",
        "prevMatchup": "2023-02-17 7.0 bs 2023-02-08 2.0 bs 2022-12-29 1.0 bs 2022-12-04 2.0 bs",
        "winLossSplits": "36% - 31%",
        "awayHome": "A",
        "playedYesterday": "N",
        "awayHomeSplits": "42% - 27%",
        "savesAboveExp": 0.39,
        "gsaa": 26.05,
        "corsi": "49.9% (57.3) // 46.8% (54.2) // 46.0% (53.1) // 52.5% (55.7)",
        "fenwick": "50.8% (43.1) // 46.8% (39.4) // 48.2% (39.5) // 55.2% (41.6)",
        "shots": "49.8% (30.3) // 45.0% (27.2) // 45.3% (27.2) // 53.2% (28.4)",
        "scoring": "50.3% (28.1) // 45.1% (25.2) // 46.5% (27.7) // 50.9% (29.3)",
        "corsiAgainst": "50.1% (57.6) // 53.2% (61.7) // 54.0% (62.3) // 47.5% (50.4)",
        "fenwickAgainst": "49.2% (41.9) // 53.2% (44.8) // 51.8% (42.5) // 44.8% (33.7)",
        "shotsAgainst": "50.2% (30.5) // 55.0% (33.2) // 54.7% (32.9) // 46.8% (24.9)",
        "scoringAgainst": "49.7% (27.7) // 54.9% (30.6) // 53.5% (31.9) // 49.1% (28.4)",
        "oppCorsi": "52.0% (59.9) // 57.0% (56.0) // 59.5% (56.8) // 64.2% (64.5)",
        "oppFenwick": "51.3% (43.7) // 56.1% (40.6) // 58.2% (40.2) // 61.6% (45.0)",
        "oppShots": "51.6% (31.5) // 56.3% (29.0) // 58.7% (28.9) // 62.3% (35.5)",
        "oppScoring": "53.7% (31.5) // 61.3% (29.6) // 64.0% (29.6) // 74.0% (38.5)",
        "oppCorsiAgainst": "48.0% (55.3) // 43.0% (42.3) // 40.5% (38.7) // 35.8% (36.0)",
        "oppFenwickAgainst": "48.7% (41.4) // 43.9% (31.7) // 41.8% (28.9) // 38.4% (28.0)",
        "oppShotsAgainst": "48.4% (29.5) // 43.7% (22.5) // 41.3% (20.3) // 37.7% (21.5)",
        "oppScoringAgainst": "46.3% (27.2) // 38.7% (18.6) // 36.0% (16.7) // 26.0% (13.5)",
        "savesPerGame": 28.5,
        "savesPerGameLast1": 27.0,
        "savesPerGameLast3": 28.0,
        "savesPerGameLast5": 29.6,
        "savesPer60": 28.7,
        "savesPer60Last1": 28.2,
        "savesPer60Last3": 28.1,
        "savesPer60Last5": 29.6,
        "shotsPerGame": 30.9,
        "shotsPerGameLast5": 27.6,
        "shotsAgainstPerGame": 31.1,
        "shotsAgainstPerGameLast5": 32.8,
        "oppSavesAgainstPer60": 28.3,
        "oppSavesAgainstPer60Last1": 35.7,
        "oppSavesAgainstPer60Last3": 27.7,
        "oppSavesAgainstPer60Last5": 26.2,
        "oppShotsAgainstPerGame": 29.9,
        "oppShotsAgainstPerGameLast5": 21.6,
        "savesProj": 29.5,
        "savesProjLast5": 28.3,
        "savesProjLast3": 27.7,
        "oppSavesAgainstProj": 29.0,
        "oppSavesAgainstProjLast5": 29.2,
        "oppSavesAgainstProjLast3": 30.0,
        "totalOver": 34,
        "totalOverLast5": 0,
        "totalOverLast15": 13,
        "lastTotalOver": 0,
        "last5": "0,0,2,2,1,1,1,1,1,1",
        "overOdds": "+150",
        "underOdds": "-185",
        "overUnder": "+150 / -185"
    },
    {
        "player": "Esa Lindell",
        "team": "DAL",
        "opponent": "MIN",
        "propType": "bs",
        "line": 1.5,
        "ppLine": "",
        "avg": 1.79,
        "hit": false,
        "diffAvg": 0.19,
        "diffAbs": 1.0,
        "lastAvg": 0.0,
        "diff": 0,
        "avgMin": 19,
        "proj": 0.0,
        "lastAvgMin": 22.03,
        "oppOver": 0,
        "teamOver": 0,
        "gameLine": "-140",
        "+/-": "+30",
        "L5_+/-": "+1.0",
        "prevMatchup": "2023-02-17 5.0 bs 2023-02-08 4.0 bs 2022-12-29 2.0 bs 2022-12-04 3.0 bs",
        "winLossSplits": "57% - 46%",
        "awayHome": "H",
        "playedYesterday": "N",
        "awayHomeSplits": "54% - 51%",
        "savesAboveExp": 0.594,
        "gsaa": 31.32,
        "corsi": "52.0% (59.9) // 57.0% (56.0) // 59.5% (56.8) // 64.2% (64.5)",
        "fenwick": "51.3% (43.7) // 56.1% (40.6) // 58.2% (40.2) // 61.6% (45.0)",
        "shots": "51.6% (31.5) // 56.3% (29.0) // 58.7% (28.9) // 62.3% (35.5)",
        "scoring": "53.7% (31.5) // 61.3% (29.6) // 64.0% (29.6) // 74.0% (38.5)",
        "corsiAgainst": "48.0% (55.3) // 43.0% (42.3) // 40.5% (38.7) // 35.8% (36.0)",
        "fenwickAgainst": "48.7% (41.4) // 43.9% (31.7) // 41.8% (28.9) // 38.4% (28.0)",
        "shotsAgainst": "48.4% (29.5) // 43.7% (22.5) // 41.3% (20.3) // 37.7% (21.5)",
        "scoringAgainst": "46.3% (27.2) // 38.7% (18.6) // 36.0% (16.7) // 26.0% (13.5)",
        "oppCorsi": "49.9% (57.3) // 46.8% (54.2) // 46.0% (53.1) // 52.5% (55.7)",
        "oppFenwick": "50.8% (43.1) // 46.8% (39.4) // 48.2% (39.5) // 55.2% (41.6)",
        "oppShots": "49.8% (30.3) // 45.0% (27.2) // 45.3% (27.2) // 53.2% (28.4)",
        "oppScoring": "50.3% (28.1) // 45.1% (25.2) // 46.5% (27.7) // 50.9% (29.3)",
        "oppCorsiAgainst": "50.1% (57.6) // 53.2% (61.7) // 54.0% (62.3) // 47.5% (50.4)",
        "oppFenwickAgainst": "49.2% (41.9) // 53.2% (44.8) // 51.8% (42.5) // 44.8% (33.7)",
        "oppShotsAgainst": "50.2% (30.5) // 55.0% (33.2) // 54.7% (32.9) // 46.8% (24.9)",
        "oppScoringAgainst": "49.7% (27.7) // 54.9% (30.6) // 53.5% (31.9) // 49.1% (28.4)",
        "savesPerGame": 27.3,
        "savesPerGameLast1": 25.0,
        "savesPerGameLast3": 20.0,
        "savesPerGameLast5": 20.6,
        "savesPer60": 27.4,
        "savesPer60Last1": 25.0,
        "savesPer60Last3": 20.0,
        "savesPer60Last5": 20.9,
        "shotsPerGame": 31.9,
        "shotsPerGameLast5": 29.6,
        "shotsAgainstPerGame": 29.9,
        "shotsAgainstPerGameLast5": 21.6,
        "oppSavesAgainstPer60": 28.3,
        "oppSavesAgainstPer60Last1": 20.8,
        "oppSavesAgainstPer60Last3": 24.5,
        "oppSavesAgainstPer60Last5": 25.4,
        "oppShotsAgainstPerGame": 31.1,
        "oppShotsAgainstPerGameLast5": 32.8,
        "savesProj": 26.7,
        "savesProjLast5": 18.1,
        "savesProjLast3": 16.7,
        "oppSavesAgainstProj": 27.6,
        "oppSavesAgainstProjLast5": 20.0,
        "oppSavesAgainstProjLast3": 19.3,
        "totalOver": 52,
        "totalOverLast5": 0,
        "totalOverLast15": 33,
        "lastTotalOver": 0,
        "last5": "0,0,1,0,0,3,3,2,0,0",
        "overOdds": "+100",
        "underOdds": "-130",
        "overUnder": "+100 / -130"
    },
    {
        "player": "Ryan Suter",
        "team": "DAL",
        "opponent": "MIN",
        "propType": "bs",
        "line": 1.5,
        "ppLine": "PP2",
        "avg": 1.4,
        "hit": false,
        "diffAvg": -0.07,
        "diffAbs": 1.0,
        "lastAvg": 0.0,
        "diff": 0,
        "avgMin": 20,
        "proj": 0.0,
        "lastAvgMin": 23.65,
        "oppOver": 0,
        "teamOver": 0,
        "gameLine": "-140",
        "+/-": 0,
        "L5_+/-": "+5.0",
        "prevMatchup": "2023-02-17 0.0 bs 2023-02-08 3.0 bs 2022-12-29 1.0 bs 2022-12-04 1.0 bs",
        "winLossSplits": "38% - 34%",
        "awayHome": "H",
        "playedYesterday": "N",
        "awayHomeSplits": "32% - 41%",
        "savesAboveExp": 0.594,
        "gsaa": 31.32,
        "corsi": "52.0% (59.9) // 57.0% (56.0) // 59.5% (56.8) // 64.2% (64.5)",
        "fenwick": "51.3% (43.7) // 56.1% (40.6) // 58.2% (40.2) // 61.6% (45.0)",
        "shots": "51.6% (31.5) // 56.3% (29.0) // 58.7% (28.9) // 62.3% (35.5)",
        "scoring": "53.7% (31.5) // 61.3% (29.6) // 64.0% (29.6) // 74.0% (38.5)",
        "corsiAgainst": "48.0% (55.3) // 43.0% (42.3) // 40.5% (38.7) // 35.8% (36.0)",
        "fenwickAgainst": "48.7% (41.4) // 43.9% (31.7) // 41.8% (28.9) // 38.4% (28.0)",
        "shotsAgainst": "48.4% (29.5) // 43.7% (22.5) // 41.3% (20.3) // 37.7% (21.5)",
        "scoringAgainst": "46.3% (27.2) // 38.7% (18.6) // 36.0% (16.7) // 26.0% (13.5)",
        "oppCorsi": "49.9% (57.3) // 46.8% (54.2) // 46.0% (53.1) // 52.5% (55.7)",
        "oppFenwick": "50.8% (43.1) // 46.8% (39.4) // 48.2% (39.5) // 55.2% (41.6)",
        "oppShots": "49.8% (30.3) // 45.0% (27.2) // 45.3% (27.2) // 53.2% (28.4)",
        "oppScoring": "50.3% (28.1) // 45.1% (25.2) // 46.5% (27.7) // 50.9% (29.3)",
        "oppCorsiAgainst": "50.1% (57.6) // 53.2% (61.7) // 54.0% (62.3) // 47.5% (50.4)",
        "oppFenwickAgainst": "49.2% (41.9) // 53.2% (44.8) // 51.8% (42.5) // 44.8% (33.7)",
        "oppShotsAgainst": "50.2% (30.5) // 55.0% (33.2) // 54.7% (32.9) // 46.8% (24.9)",
        "oppScoringAgainst": "49.7% (27.7) // 54.9% (30.6) // 53.5% (31.9) // 49.1% (28.4)",
        "savesPerGame": 27.3,
        "savesPerGameLast1": 25.0,
        "savesPerGameLast3": 20.0,
        "savesPerGameLast5": 20.6,
        "savesPer60": 27.4,
        "savesPer60Last1": 25.0,
        "savesPer60Last3": 20.0,
        "savesPer60Last5": 20.9,
        "shotsPerGame": 31.9,
        "shotsPerGameLast5": 29.6,
        "shotsAgainstPerGame": 29.9,
        "shotsAgainstPerGameLast5": 21.6,
        "oppSavesAgainstPer60": 28.3,
        "oppSavesAgainstPer60Last1": 20.8,
        "oppSavesAgainstPer60Last3": 24.5,
        "oppSavesAgainstPer60Last5": 25.4,
        "oppShotsAgainstPerGame": 31.1,
        "oppShotsAgainstPerGameLast5": 32.8,
        "savesProj": 26.7,
        "savesProjLast5": 18.1,
        "savesProjLast3": 16.7,
        "oppSavesAgainstProj": 27.6,
        "oppSavesAgainstProjLast5": 20.0,
        "oppSavesAgainstProjLast3": 19.3,
        "totalOver": 37,
        "totalOverLast5": 60,
        "totalOverLast15": 33,
        "lastTotalOver": 0,
        "last5": "4,2,3,1,1,1,1,4,1,1",
        "overOdds": "-120",
        "underOdds": "-110",
        "overUnder": "-120 / -110"
    },
    {
        "player": "Jonas Brodin",
        "team": "MIN",
        "opponent": "DAL",
        "propType": "bs",
        "line": 2.5,
        "ppLine": "",
        "avg": 2.17,
        "hit": false,
        "diffAvg": -0.13,
        "diffAbs": 1.0,
        "lastAvg": 0.0,
        "diff": 0,
        "avgMin": 22,
        "proj": 0.0,
        "lastAvgMin": 23.43,
        "oppOver": 0,
        "teamOver": 0,
        "gameLine": "+120",
        "+/-": "+12",
        "L5_+/-": "+4.0",
        "prevMatchup": "2023-02-17 1.0 bs 2022-12-29 2.0 bs",
        "winLossSplits": "33% - 33%",
        "awayHome": "A",
        "playedYesterday": "N",
        "awayHomeSplits": "36% - 31%",
        "savesAboveExp": 0.39,
        "gsaa": 26.05,
        "corsi": "49.9% (57.3) // 46.8% (54.2) // 46.0% (53.1) // 52.5% (55.7)",
        "fenwick": "50.8% (43.1) // 46.8% (39.4) // 48.2% (39.5) // 55.2% (41.6)",
        "shots": "49.8% (30.3) // 45.0% (27.2) // 45.3% (27.2) // 53.2% (28.4)",
        "scoring": "50.3% (28.1) // 45.1% (25.2) // 46.5% (27.7) // 50.9% (29.3)",
        "corsiAgainst": "50.1% (57.6) // 53.2% (61.7) // 54.0% (62.3) // 47.5% (50.4)",
        "fenwickAgainst": "49.2% (41.9) // 53.2% (44.8) // 51.8% (42.5) // 44.8% (33.7)",
        "shotsAgainst": "50.2% (30.5) // 55.0% (33.2) // 54.7% (32.9) // 46.8% (24.9)",
        "scoringAgainst": "49.7% (27.7) // 54.9% (30.6) // 53.5% (31.9) // 49.1% (28.4)",
        "oppCorsi": "52.0% (59.9) // 57.0% (56.0) // 59.5% (56.8) // 64.2% (64.5)",
        "oppFenwick": "51.3% (43.7) // 56.1% (40.6) // 58.2% (40.2) // 61.6% (45.0)",
        "oppShots": "51.6% (31.5) // 56.3% (29.0) // 58.7% (28.9) // 62.3% (35.5)",
        "oppScoring": "53.7% (31.5) // 61.3% (29.6) // 64.0% (29.6) // 74.0% (38.5)",
        "oppCorsiAgainst": "48.0% (55.3) // 43.0% (42.3) // 40.5% (38.7) // 35.8% (36.0)",
        "oppFenwickAgainst": "48.7% (41.4) // 43.9% (31.7) // 41.8% (28.9) // 38.4% (28.0)",
        "oppShotsAgainst": "48.4% (29.5) // 43.7% (22.5) // 41.3% (20.3) // 37.7% (21.5)",
        "oppScoringAgainst": "46.3% (27.2) // 38.7% (18.6) // 36.0% (16.7) // 26.0% (13.5)",
        "savesPerGame": 28.5,
        "savesPerGameLast1": 27.0,
        "savesPerGameLast3": 28.0,
        "savesPerGameLast5": 29.6,
        "savesPer60": 28.7,
        "savesPer60Last1": 28.2,
        "savesPer60Last3": 28.1,
        "savesPer60Last5": 29.6,
        "shotsPerGame": 30.9,
        "shotsPerGameLast5": 27.6,
        "shotsAgainstPerGame": 31.1,
        "shotsAgainstPerGameLast5": 32.8,
        "oppSavesAgainstPer60": 28.3,
        "oppSavesAgainstPer60Last1": 35.7,
        "oppSavesAgainstPer60Last3": 27.7,
        "oppSavesAgainstPer60Last5": 26.2,
        "oppShotsAgainstPerGame": 29.9,
        "oppShotsAgainstPerGameLast5": 21.6,
        "savesProj": 29.5,
        "savesProjLast5": 28.3,
        "savesProjLast3": 27.7,
        "oppSavesAgainstProj": 29.0,
        "oppSavesAgainstProjLast5": 29.2,
        "oppSavesAgainstProjLast3": 30.0,
        "totalOver": 33,
        "totalOverLast5": 20,
        "totalOverLast15": 27,
        "lastTotalOver": 0,
        "last5": "2,4,1,0,2,7,3,1,3,0",
        "overOdds": "+135",
        "underOdds": "-165",
        "overUnder": "+135 / -165"
    },
    {
        "player": "Darnell Nurse",
        "team": "EDM",
        "opponent": "LA",
        "propType": "bs",
        "line": 2.5,
        "ppLine": "PP2",
        "avg": 2.0,
        "hit": false,
        "diffAvg": -0.2,
        "diffAbs": 1.0,
        "lastAvg": 0.0,
        "diff": 0,
        "avgMin": 23,
        "proj": 0.0,
        "lastAvgMin": 25.03,
        "oppOver": 0,
        "teamOver": 0,
        "gameLine": "-195",
        "+/-": "+26",
        "L5_+/-": "+7.0",
        "prevMatchup": "2023-04-04 2.0 bs 2023-03-30 2.0 bs 2023-01-09 1.0 bs 2022-11-16 1.0 bs",
        "winLossSplits": "30% - 34%",
        "awayHome": "H",
