[
    {
        "player": "Aaron Ekblad",
        "team": "FLA",
        "opponent": "TOR",
        "propType": "g",
        "line": 0.5,
        "ppLine": "PP2",
        "avg": 0.18,
        "hit": false,
        "diffAvg": -0.64,
        "diffAbs": 0.6,
        "lastAvg": 0.21,
        "diff": -0.58,
        "avgMin": 23,
        "proj": 0.2,
        "lastAvgMin": 24.92,
        "oppOver": 0,
        "teamOver": 0,
        "gameLine": "+160",
        "+/-": -8,
        "L5_+/-": "+5.0",
        "prevMatchup": "2023-05-02 0.0 g 2023-04-10 0.0 g 2023-03-29 0.0 g 2023-03-23 0.0 g 2023-01-17 0.0 g",
        "winLossSplits": "20% - 11%",
        "awayHome": "A",
        "playedYesterday": "N",
        "awayHomeSplits": "12% - 18%",
        "savesAboveExp": 0.388,
        "gsaa": 17.37,
        "corsi": "54.2% (66.3) // 52.5% (66.0) // 54.2% (66.3) // 54.2% (66.3)",
        "fenwick": "53.6% (49.9) // 52.0% (49.3) // 53.6% (49.9) // 53.6% (49.9)",
        "shots": "53.7% (36.5) // 51.9% (35.5) // 53.7% (36.5) // 53.7% (36.5)",
        "scoring": "54.6% (34.8) // 53.4% (34.0) // 54.6% (34.8) // 54.6% (34.8)",
        "corsiAgainst": "45.8% (56.1) // 47.5% (59.7) // 45.8% (56.1) // 45.8% (56.1)",
        "fenwickAgainst": "46.4% (43.2) // 48.0% (45.5) // 46.4% (43.2) // 46.4% (43.2)",
        "shotsAgainst": "46.3% (31.5) // 48.1% (33.0) // 46.3% (31.5) // 46.3% (31.5)",
        "scoringAgainst": "45.4% (28.9) // 46.6% (29.7) // 45.4% (28.9) // 45.4% (28.9)",
        "oppCorsi": "50.8% (57.6) // 50.8% (59.1) // 50.8% (57.6) // 50.8% (57.6)",
        "oppFenwick": "51.7% (44.0) // 52.2% (46.4) // 51.7% (44.0) // 51.7% (44.0)",
        "oppShots": "52.1% (31.8) // 52.3% (33.2) // 52.1% (31.8) // 52.1% (31.8)",
        "oppScoring": "53.9% (33.4) // 55.3% (34.1) // 53.9% (33.4) // 53.9% (33.4)",
        "oppCorsiAgainst": "49.2% (55.8) // 49.2% (57.4) // 49.2% (55.8) // 49.2% (55.8)",
        "oppFenwickAgainst": "48.3% (41.1) // 47.8% (42.5) // 48.3% (41.1) // 48.3% (41.1)",
        "oppShotsAgainst": "47.9% (29.2) // 47.7% (30.3) // 47.9% (29.2) // 47.9% (29.2)",
        "oppScoringAgainst": "46.1% (28.5) // 44.7% (27.6) // 46.1% (28.5) // 46.1% (28.5)",
        "savesPerGame": 28.4,
        "savesPerGameLast1": 34.0,
        "savesPerGameLast3": 32.0,
        "savesPerGameLast5": 33.0,
        "savesPer60": 31.1,
        "savesPer60Last1": 33.7,
        "savesPer60Last3": 33.3,
        "savesPer60Last5": 34.1,
        "shotsPerGame": 36.8,
        "shotsPerGameLast5": 32.2,
        "shotsAgainstPerGame": 31.7,
        "shotsAgainstPerGameLast5": 36.8,
        "oppSavesAgainstPer60": 31.0,
        "oppSavesAgainstPer60Last1": 34.0,
        "oppSavesAgainstPer60Last3": 27.7,
        "oppSavesAgainstPer60Last5": 27.8,
        "oppShotsAgainstPerGame": 29.5,
        "oppShotsAgainstPerGameLast5": 33.6,
        "savesProj": 30.3,
        "savesProjLast5": 31.9,
        "savesProjLast3": 31.1,
        "oppSavesAgainstProj": 30.3,
        "oppSavesAgainstProjLast5": 29.0,
        "oppSavesAgainstProjLast3": 28.1,
        "totalOver": 15,
        "totalOverLast5": 0,
        "totalOverLast15": 13,
        "lastTotalOver": 20,
        "last5": "0,0,0,0,0,0,0,0,0,1",
        "overOdds": "+425",
        "underOdds": "0",
        "overUnder": "+425 / 0"
    },
    {
        "player": "Aleksander Barkov",
        "team": "FLA",
        "opponent": "TOR",
        "propType": "g",
        "line": 0.5,
        "ppLine": "PP1",
        "avg": 0.32,
        "hit": false,
        "diffAvg": -0.36,
        "diffAbs": 0.0,
        "lastAvg": 0.51,
        "diff": 0.02,
        "avgMin": 21,
        "proj": 0.5,
        "lastAvgMin": 20.3,
        "oppOver": 0,
        "teamOver": 0,
        "gameLine": "+160",
        "+/-": "+12",
        "L5_+/-": 0.0,
        "prevMatchup": "2023-05-02 0.0 g 2023-04-10 0.0 g 2023-03-29 0.0 g 2023-03-23 0.0 g 2023-01-17 1.0 g",
        "winLossSplits": "35% - 15%",
        "awayHome": "A",
        "playedYesterday": "N",
        "awayHomeSplits": "13% - 39%",
        "savesAboveExp": 0.388,
        "gsaa": 17.37,
        "corsi": "54.2% (66.3) // 52.5% (66.0) // 54.2% (66.3) // 54.2% (66.3)",
        "fenwick": "53.6% (49.9) // 52.0% (49.3) // 53.6% (49.9) // 53.6% (49.9)",
        "shots": "53.7% (36.5) // 51.9% (35.5) // 53.7% (36.5) // 53.7% (36.5)",
        "scoring": "54.6% (34.8) // 53.4% (34.0) // 54.6% (34.8) // 54.6% (34.8)",
        "corsiAgainst": "45.8% (56.1) // 47.5% (59.7) // 45.8% (56.1) // 45.8% (56.1)",
        "fenwickAgainst": "46.4% (43.2) // 48.0% (45.5) // 46.4% (43.2) // 46.4% (43.2)",
        "shotsAgainst": "46.3% (31.5) // 48.1% (33.0) // 46.3% (31.5) // 46.3% (31.5)",
        "scoringAgainst": "45.4% (28.9) // 46.6% (29.7) // 45.4% (28.9) // 45.4% (28.9)",
        "oppCorsi": "50.8% (57.6) // 50.8% (59.1) // 50.8% (57.6) // 50.8% (57.6)",
        "oppFenwick": "51.7% (44.0) // 52.2% (46.4) // 51.7% (44.0) // 51.7% (44.0)",
        "oppShots": "52.1% (31.8) // 52.3% (33.2) // 52.1% (31.8) // 52.1% (31.8)",
        "oppScoring": "53.9% (33.4) // 55.3% (34.1) // 53.9% (33.4) // 53.9% (33.4)",
        "oppCorsiAgainst": "49.2% (55.8) // 49.2% (57.4) // 49.2% (55.8) // 49.2% (55.8)",
        "oppFenwickAgainst": "48.3% (41.1) // 47.8% (42.5) // 48.3% (41.1) // 48.3% (41.1)",
        "oppShotsAgainst": "47.9% (29.2) // 47.7% (30.3) // 47.9% (29.2) // 47.9% (29.2)",
        "oppScoringAgainst": "46.1% (28.5) // 44.7% (27.6) // 46.1% (28.5) // 46.1% (28.5)",
        "savesPerGame": 28.4,
        "savesPerGameLast1": 34.0,
        "savesPerGameLast3": 32.0,
        "savesPerGameLast5": 33.0,
        "savesPer60": 31.1,
        "savesPer60Last1": 33.7,
        "savesPer60Last3": 33.3,
        "savesPer60Last5": 34.1,
        "shotsPerGame": 36.8,
        "shotsPerGameLast5": 32.2,
        "shotsAgainstPerGame": 31.7,
        "shotsAgainstPerGameLast5": 36.8,
        "oppSavesAgainstPer60": 31.0,
        "oppSavesAgainstPer60Last1": 34.0,
        "oppSavesAgainstPer60Last3": 27.7,
        "oppSavesAgainstPer60Last5": 27.8,
        "oppShotsAgainstPerGame": 29.5,
        "oppShotsAgainstPerGameLast5": 33.6,
        "savesProj": 30.3,
        "savesProjLast5": 31.9,
        "savesProjLast3": 31.1,
        "oppSavesAgainstProj": 30.3,
        "oppSavesAgainstProjLast5": 29.0,
        "oppSavesAgainstProjLast3": 28.1,
        "totalOver": 26,
        "totalOverLast5": 20,
        "totalOverLast15": 20,
        "lastTotalOver": 42,
        "last5": "0,0,1,0,0,0,0,0,1,0",
        "overOdds": "+185",
        "underOdds": "0",
        "overUnder": "+185 / 0"
    },
    {
        "player": "Anton Lundell",
        "team": "FLA",
        "opponent": "TOR",
        "propType": "g",
        "line": 0.5,
        "ppLine": "PP2",
        "avg": 0.15,
        "hit": false,
        "diffAvg": -0.7,
        "diffAbs": 0.6,
        "lastAvg": 0.24,
        "diff": -0.52,
        "avgMin": 16,
        "proj": 0.2,
        "lastAvgMin": 15.73,
        "oppOver": 0,
        "teamOver": 0,
        "gameLine": "+160",
        "+/-": "+2",
        "L5_+/-": "+1.0",
        "prevMatchup": "2023-05-02 0.0 g 2023-04-10 0.0 g 2023-03-29 1.0 g 2023-03-23 0.0 g 2023-01-17 1.0 g",
        "winLossSplits": "19% - 8%",
        "awayHome": "A",
        "playedYesterday": "N",
        "awayHomeSplits": "17% - 10%",
        "savesAboveExp": 0.388,
        "gsaa": 17.37,
        "corsi": "54.2% (66.3) // 52.5% (66.0) // 54.2% (66.3) // 54.2% (66.3)",
        "fenwick": "53.6% (49.9) // 52.0% (49.3) // 53.6% (49.9) // 53.6% (49.9)",
        "shots": "53.7% (36.5) // 51.9% (35.5) // 53.7% (36.5) // 53.7% (36.5)",
        "scoring": "54.6% (34.8) // 53.4% (34.0) // 54.6% (34.8) // 54.6% (34.8)",
        "corsiAgainst": "45.8% (56.1) // 47.5% (59.7) // 45.8% (56.1) // 45.8% (56.1)",
        "fenwickAgainst": "46.4% (43.2) // 48.0% (45.5) // 46.4% (43.2) // 46.4% (43.2)",
        "shotsAgainst": "46.3% (31.5) // 48.1% (33.0) // 46.3% (31.5) // 46.3% (31.5)",
        "scoringAgainst": "45.4% (28.9) // 46.6% (29.7) // 45.4% (28.9) // 45.4% (28.9)",
        "oppCorsi": "50.8% (57.6) // 50.8% (59.1) // 50.8% (57.6) // 50.8% (57.6)",
        "oppFenwick": "51.7% (44.0) // 52.2% (46.4) // 51.7% (44.0) // 51.7% (44.0)",
        "oppShots": "52.1% (31.8) // 52.3% (33.2) // 52.1% (31.8) // 52.1% (31.8)",
        "oppScoring": "53.9% (33.4) // 55.3% (34.1) // 53.9% (33.4) // 53.9% (33.4)",
        "oppCorsiAgainst": "49.2% (55.8) // 49.2% (57.4) // 49.2% (55.8) // 49.2% (55.8)",
        "oppFenwickAgainst": "48.3% (41.1) // 47.8% (42.5) // 48.3% (41.1) // 48.3% (41.1)",
        "oppShotsAgainst": "47.9% (29.2) // 47.7% (30.3) // 47.9% (29.2) // 47.9% (29.2)",
        "oppScoringAgainst": "46.1% (28.5) // 44.7% (27.6) // 46.1% (28.5) // 46.1% (28.5)",
        "savesPerGame": 28.4,
        "savesPerGameLast1": 34.0,
        "savesPerGameLast3": 32.0,
        "savesPerGameLast5": 33.0,
        "savesPer60": 31.1,
        "savesPer60Last1": 33.7,
        "savesPer60Last3": 33.3,
        "savesPer60Last5": 34.1,
        "shotsPerGame": 36.8,
        "shotsPerGameLast5": 32.2,
        "shotsAgainstPerGame": 31.7,
        "shotsAgainstPerGameLast5": 36.8,
        "oppSavesAgainstPer60": 31.0,
        "oppSavesAgainstPer60Last1": 34.0,
        "oppSavesAgainstPer60Last3": 27.7,
        "oppSavesAgainstPer60Last5": 27.8,
        "oppShotsAgainstPerGame": 29.5,
        "oppShotsAgainstPerGameLast5": 33.6,
        "savesProj": 30.3,
        "savesProjLast5": 31.9,
        "savesProjLast3": 31.1,
        "oppSavesAgainstProj": 30.3,
        "oppSavesAgainstProjLast5": 29.0,
        "oppSavesAgainstProjLast3": 28.1,
        "totalOver": 14,
        "totalOverLast5": 0,
        "totalOverLast15": 0,
        "lastTotalOver": 23,
        "last5": "0,0,0,0,0,0,0,0,0,0",
        "overOdds": "+330",
        "underOdds": "0",
        "overUnder": "+330 / 0"
    },
    {
        "player": "Auston Matthews",
        "team": "TOR",
        "opponent": "FLA",
        "propType": "g",
        "line": 0.5,
        "ppLine": "PP1",
        "avg": 0.56,
        "hit": false,
        "diffAvg": 0.12,
        "diffAbs": 0.4,
        "lastAvg": 0.74,
        "diff": 0.48,
        "avgMin": 20,
        "proj": 0.7,
        "lastAvgMin": 20.6,
        "oppOver": 0,
        "teamOver": 0,
        "gameLine": "-190",
        "+/-": "+34",
        "L5_+/-": "+5.0",
        "prevMatchup": "2023-05-02 0.0 g 2023-04-10 1.0 g 2023-03-29 1.0 g 2023-03-23 2.0 g 2023-01-17 1.0 g",
        "winLossSplits": "56% - 35%",
        "awayHome": "H",
        "playedYesterday": "N",
        "awayHomeSplits": "41% - 55%",
        "savesAboveExp": -0.102,
        "gsaa": -4.63,
        "corsi": "50.8% (57.6) // 50.8% (59.1) // 50.8% (57.6) // 50.8% (57.6)",
        "fenwick": "51.7% (44.0) // 52.2% (46.4) // 51.7% (44.0) // 51.7% (44.0)",
        "shots": "52.1% (31.8) // 52.3% (33.2) // 52.1% (31.8) // 52.1% (31.8)",
        "scoring": "53.9% (33.4) // 55.3% (34.1) // 53.9% (33.4) // 53.9% (33.4)",
        "corsiAgainst": "49.2% (55.8) // 49.2% (57.4) // 49.2% (55.8) // 49.2% (55.8)",
        "fenwickAgainst": "48.3% (41.1) // 47.8% (42.5) // 48.3% (41.1) // 48.3% (41.1)",
        "shotsAgainst": "47.9% (29.2) // 47.7% (30.3) // 47.9% (29.2) // 47.9% (29.2)",
        "scoringAgainst": "46.1% (28.5) // 44.7% (27.6) // 46.1% (28.5) // 46.1% (28.5)",
        "oppCorsi": "54.2% (66.3) // 52.5% (66.0) // 54.2% (66.3) // 54.2% (66.3)",
        "oppFenwick": "53.6% (49.9) // 52.0% (49.3) // 53.6% (49.9) // 53.6% (49.9)",
        "oppShots": "53.7% (36.5) // 51.9% (35.5) // 53.7% (36.5) // 53.7% (36.5)",
        "oppScoring": "54.6% (34.8) // 53.4% (34.0) // 54.6% (34.8) // 54.6% (34.8)",
        "oppCorsiAgainst": "45.8% (56.1) // 47.5% (59.7) // 45.8% (56.1) // 45.8% (56.1)",
        "oppFenwickAgainst": "46.4% (43.2) // 48.0% (45.5) // 46.4% (43.2) // 46.4% (43.2)",
        "oppShotsAgainst": "46.3% (31.5) // 48.1% (33.0) // 46.3% (31.5) // 46.3% (31.5)",
        "oppScoringAgainst": "45.4% (28.9) // 46.6% (29.7) // 45.4% (28.9) // 45.4% (28.9)",
        "savesPerGame": 26.8,
        "savesPerGameLast1": 24.0,
        "savesPerGameLast3": 29.7,
        "savesPerGameLast5": 30.4,
        "savesPer60": 29.3,
        "savesPer60Last1": 22.9,
        "savesPer60Last3": 29.3,
        "savesPer60Last5": 32.5,
        "shotsPerGame": 32.0,
        "shotsPerGameLast5": 30.4,
        "shotsAgainstPerGame": 29.5,
        "shotsAgainstPerGameLast5": 33.6,
        "oppSavesAgainstPer60": 36.5,
        "oppSavesAgainstPer60Last1": 24.7,
        "oppSavesAgainstPer60Last3": 25.5,
        "oppSavesAgainstPer60Last5": 28.7,
        "oppShotsAgainstPerGame": 31.7,
        "oppShotsAgainstPerGameLast5": 36.8,
        "savesProj": 31.0,
        "savesProjLast5": 29.2,
        "savesProjLast3": 24.2,
        "oppSavesAgainstProj": 33.4,
        "oppSavesAgainstProjLast5": 27.6,
        "oppSavesAgainstProjLast3": 23.5,
        "totalOver": 48,
        "totalOverLast5": 80,
        "totalOverLast15": 47,
        "lastTotalOver": 54,
        "last5": "0,1,1,2,1,0,0,0,1,1",
        "overOdds": "-135",
        "underOdds": "0",
        "overUnder": "-135 / 0"
    },
    {
        "player": "Brandon Montour",
        "team": "FLA",
        "opponent": "TOR",
        "propType": "g",
        "line": 0.5,
        "ppLine": "PP1",
        "avg": 0.25,
        "hit": false,
        "diffAvg": -0.5,
        "diffAbs": 0.6,
        "lastAvg": 0.12,
        "diff": -0.76,
        "avgMin": 24,
        "proj": 0.2,
        "lastAvgMin": 17.88,
        "oppOver": 0,
        "teamOver": 0,
        "gameLine": "+160",
        "+/-": "+10",
        "L5_+/-": 0.0,
        "prevMatchup": "2023-05-02 1.0 g 2023-04-10 1.0 g 2023-03-29 1.0 g 2023-03-23 0.0 g 2023-01-17 0.0 g",
        "winLossSplits": "30% - 14%",
        "awayHome": "A",
        "playedYesterday": "N",
        "awayHomeSplits": "24% - 21%",
        "savesAboveExp": 0.388,
        "gsaa": 17.37,
        "corsi": "54.2% (66.3) // 52.5% (66.0) // 54.2% (66.3) // 54.2% (66.3)",
        "fenwick": "53.6% (49.9) // 52.0% (49.3) // 53.6% (49.9) // 53.6% (49.9)",
        "shots": "53.7% (36.5) // 51.9% (35.5) // 53.7% (36.5) // 53.7% (36.5)",
        "scoring": "54.6% (34.8) // 53.4% (34.0) // 54.6% (34.8) // 54.6% (34.8)",
        "corsiAgainst": "45.8% (56.1) // 47.5% (59.7) // 45.8% (56.1) // 45.8% (56.1)",
        "fenwickAgainst": "46.4% (43.2) // 48.0% (45.5) // 46.4% (43.2) // 46.4% (43.2)",
        "shotsAgainst": "46.3% (31.5) // 48.1% (33.0) // 46.3% (31.5) // 46.3% (31.5)",
        "scoringAgainst": "45.4% (28.9) // 46.6% (29.7) // 45.4% (28.9) // 45.4% (28.9)",
        "oppCorsi": "50.8% (57.6) // 50.8% (59.1) // 50.8% (57.6) // 50.8% (57.6)",
        "oppFenwick": "51.7% (44.0) // 52.2% (46.4) // 51.7% (44.0) // 51.7% (44.0)",
        "oppShots": "52.1% (31.8) // 52.3% (33.2) // 52.1% (31.8) // 52.1% (31.8)",
        "oppScoring": "53.9% (33.4) // 55.3% (34.1) // 53.9% (33.4) // 53.9% (33.4)",
        "oppCorsiAgainst": "49.2% (55.8) // 49.2% (57.4) // 49.2% (55.8) // 49.2% (55.8)",
        "oppFenwickAgainst": "48.3% (41.1) // 47.8% (42.5) // 48.3% (41.1) // 48.3% (41.1)",
        "oppShotsAgainst": "47.9% (29.2) // 47.7% (30.3) // 47.9% (29.2) // 47.9% (29.2)",
        "oppScoringAgainst": "46.1% (28.5) // 44.7% (27.6) // 46.1% (28.5) // 46.1% (28.5)",
        "savesPerGame": 28.4,
        "savesPerGameLast1": 34.0,
        "savesPerGameLast3": 32.0,
        "savesPerGameLast5": 33.0,
        "savesPer60": 31.1,
        "savesPer60Last1": 33.7,
        "savesPer60Last3": 33.3,
        "savesPer60Last5": 34.1,
        "shotsPerGame": 36.8,
        "shotsPerGameLast5": 32.2,
        "shotsAgainstPerGame": 31.7,
        "shotsAgainstPerGameLast5": 36.8,
        "oppSavesAgainstPer60": 31.0,
        "oppSavesAgainstPer60Last1": 34.0,
        "oppSavesAgainstPer60Last3": 27.7,
        "oppSavesAgainstPer60Last5": 27.8,
        "oppShotsAgainstPerGame": 29.5,
        "oppShotsAgainstPerGameLast5": 33.6,
        "savesProj": 30.3,
        "savesProjLast5": 31.9,
        "savesProjLast3": 31.1,
        "oppSavesAgainstProj": 30.3,
        "oppSavesAgainstProjLast5": 29.0,
        "oppSavesAgainstProjLast3": 28.1,
        "totalOver": 23,
        "totalOverLast5": 60,
        "totalOverLast15": 40,
        "lastTotalOver": 13,
        "last5": "1,2,1,0,0,0,2,0,0,1",
        "overOdds": "+400",
        "underOdds": "0",
        "overUnder": "+400 / 0"
    },
    {
        "player": "Carter Verhaeghe",
        "team": "FLA",
        "opponent": "TOR",
        "propType": "g",
        "line": 0.5,
        "ppLine": "PP2",
        "avg": 0.51,
        "hit": false,
        "diffAvg": 0.02,
        "diffAbs": 0.4,
        "lastAvg": 0.27,
        "diff": -0.46,
        "avgMin": 17,
        "proj": 0.3,
        "lastAvgMin": 16.05,
        "oppOver": 0,
        "teamOver": 0,
        "gameLine": "+160",
        "+/-": "+16",
        "L5_+/-": "+2.0",
        "prevMatchup": "2023-05-02 1.0 g 2023-04-10 0.0 g 2023-03-29 0.0 g 2023-03-23 0.0 g 2023-01-17 1.0 g",
        "winLossSplits": "43% - 30%",
        "awayHome": "A",
        "playedYesterday": "N",
        "awayHomeSplits": "41% - 33%",
        "savesAboveExp": 0.388,
        "gsaa": 17.37,
        "corsi": "54.2% (66.3) // 52.5% (66.0) // 54.2% (66.3) // 54.2% (66.3)",
        "fenwick": "53.6% (49.9) // 52.0% (49.3) // 53.6% (49.9) // 53.6% (49.9)",
        "shots": "53.7% (36.5) // 51.9% (35.5) // 53.7% (36.5) // 53.7% (36.5)",
        "scoring": "54.6% (34.8) // 53.4% (34.0) // 54.6% (34.8) // 54.6% (34.8)",
        "corsiAgainst": "45.8% (56.1) // 47.5% (59.7) // 45.8% (56.1) // 45.8% (56.1)",
        "fenwickAgainst": "46.4% (43.2) // 48.0% (45.5) // 46.4% (43.2) // 46.4% (43.2)",
        "shotsAgainst": "46.3% (31.5) // 48.1% (33.0) // 46.3% (31.5) // 46.3% (31.5)",
        "scoringAgainst": "45.4% (28.9) // 46.6% (29.7) // 45.4% (28.9) // 45.4% (28.9)",
        "oppCorsi": "50.8% (57.6) // 50.8% (59.1) // 50.8% (57.6) // 50.8% (57.6)",
        "oppFenwick": "51.7% (44.0) // 52.2% (46.4) // 51.7% (44.0) // 51.7% (44.0)",
        "oppShots": "52.1% (31.8) // 52.3% (33.2) // 52.1% (31.8) // 52.1% (31.8)",
        "oppScoring": "53.9% (33.4) // 55.3% (34.1) // 53.9% (33.4) // 53.9% (33.4)",
        "oppCorsiAgainst": "49.2% (55.8) // 49.2% (57.4) // 49.2% (55.8) // 49.2% (55.8)",
        "oppFenwickAgainst": "48.3% (41.1) // 47.8% (42.5) // 48.3% (41.1) // 48.3% (41.1)",
        "oppShotsAgainst": "47.9% (29.2) // 47.7% (30.3) // 47.9% (29.2) // 47.9% (29.2)",
        "oppScoringAgainst": "46.1% (28.5) // 44.7% (27.6) // 46.1% (28.5) // 46.1% (28.5)",
        "savesPerGame": 28.4,
        "savesPerGameLast1": 34.0,
        "savesPerGameLast3": 32.0,
        "savesPerGameLast5": 33.0,
        "savesPer60": 31.1,
        "savesPer60Last1": 33.7,
        "savesPer60Last3": 33.3,
        "savesPer60Last5": 34.1,
        "shotsPerGame": 36.8,
        "shotsPerGameLast5": 32.2,
        "shotsAgainstPerGame": 31.7,
        "shotsAgainstPerGameLast5": 36.8,
        "oppSavesAgainstPer60": 31.0,
        "oppSavesAgainstPer60Last1": 34.0,
        "oppSavesAgainstPer60Last3": 27.7,
        "oppSavesAgainstPer60Last5": 27.8,
        "oppShotsAgainstPerGame": 29.5,
        "oppShotsAgainstPerGameLast5": 33.6,
        "savesProj": 30.3,
        "savesProjLast5": 31.9,
        "savesProjLast3": 31.1,
        "oppSavesAgainstProj": 30.3,
        "oppSavesAgainstProjLast5": 29.0,
        "oppSavesAgainstProjLast3": 28.1,
        "totalOver": 37,
        "totalOverLast5": 40,
        "totalOverLast15": 40,
        "lastTotalOver": 26,
        "last5": "1,1,0,0,0,0,1,0,1,0",
        "overOdds": "+150",
        "underOdds": "0",
        "overUnder": "+150 / 0"
    },
    {
        "player": "Gustav Forsling",
        "team": "FLA",
        "opponent": "TOR",
        "propType": "g",
        "line": 0.5,
        "ppLine": "PP2",
        "avg": 0.16,
        "hit": false,
        "diffAvg": -0.68,
        "diffAbs": 0.8,
        "lastAvg": 0.12,
        "diff": -0.76,
        "avgMin": 23,
        "proj": 0.1,
        "lastAvgMin": 21.22,
        "oppOver": 0,
        "teamOver": 0,
        "gameLine": "+160",
        "+/-": "+25",
        "L5_+/-": "+4.0",
        "prevMatchup": "2023-05-02 0.0 g 2023-04-10 0.0 g 2023-03-29 0.0 g 2023-03-23 0.0 g 2023-01-17 0.0 g",
        "winLossSplits": "19% - 9%",
        "awayHome": "A",
        "playedYesterday": "N",
        "awayHomeSplits": "20% - 9%",
        "savesAboveExp": 0.388,
        "gsaa": 17.37,
        "corsi": "54.2% (66.3) // 52.5% (66.0) // 54.2% (66.3) // 54.2% (66.3)",
        "fenwick": "53.6% (49.9) // 52.0% (49.3) // 53.6% (49.9) // 53.6% (49.9)",
        "shots": "53.7% (36.5) // 51.9% (35.5) // 53.7% (36.5) // 53.7% (36.5)",
        "scoring": "54.6% (34.8) // 53.4% (34.0) // 54.6% (34.8) // 54.6% (34.8)",
        "corsiAgainst": "45.8% (56.1) // 47.5% (59.7) // 45.8% (56.1) // 45.8% (56.1)",
        "fenwickAgainst": "46.4% (43.2) // 48.0% (45.5) // 46.4% (43.2) // 46.4% (43.2)",
        "shotsAgainst": "46.3% (31.5) // 48.1% (33.0) // 46.3% (31.5) // 46.3% (31.5)",
        "scoringAgainst": "45.4% (28.9) // 46.6% (29.7) // 45.4% (28.9) // 45.4% (28.9)",
        "oppCorsi": "50.8% (57.6) // 50.8% (59.1) // 50.8% (57.6) // 50.8% (57.6)",
        "oppFenwick": "51.7% (44.0) // 52.2% (46.4) // 51.7% (44.0) // 51.7% (44.0)",
        "oppShots": "52.1% (31.8) // 52.3% (33.2) // 52.1% (31.8) // 52.1% (31.8)",
        "oppScoring": "53.9% (33.4) // 55.3% (34.1) // 53.9% (33.4) // 53.9% (33.4)",
        "oppCorsiAgainst": "49.2% (55.8) // 49.2% (57.4) // 49.2% (55.8) // 49.2% (55.8)",
        "oppFenwickAgainst": "48.3% (41.1) // 47.8% (42.5) // 48.3% (41.1) // 48.3% (41.1)",
        "oppShotsAgainst": "47.9% (29.2) // 47.7% (30.3) // 47.9% (29.2) // 47.9% (29.2)",
        "oppScoringAgainst": "46.1% (28.5) // 44.7% (27.6) // 46.1% (28.5) // 46.1% (28.5)",
        "savesPerGame": 28.4,
        "savesPerGameLast1": 34.0,
        "savesPerGameLast3": 32.0,
        "savesPerGameLast5": 33.0,
        "savesPer60": 31.1,
        "savesPer60Last1": 33.7,
        "savesPer60Last3": 33.3,
        "savesPer60Last5": 34.1,
        "shotsPerGame": 36.8,
        "shotsPerGameLast5": 32.2,
        "shotsAgainstPerGame": 31.7,
        "shotsAgainstPerGameLast5": 36.8,
        "oppSavesAgainstPer60": 31.0,
        "oppSavesAgainstPer60Last1": 34.0,
        "oppSavesAgainstPer60Last3": 27.7,
        "oppSavesAgainstPer60Last5": 27.8,
        "oppShotsAgainstPerGame": 29.5,
        "oppShotsAgainstPerGameLast5": 33.6,
        "savesProj": 30.3,
        "savesProjLast5": 31.9,
        "savesProjLast3": 31.1,
        "oppSavesAgainstProj": 30.3,
        "oppSavesAgainstProjLast5": 29.0,
        "oppSavesAgainstProjLast3": 28.1,
        "totalOver": 14,
        "totalOverLast5": 0,
        "totalOverLast15": 13,
        "lastTotalOver": 11,
        "last5": "0,0,0,0,0,1,0,0,0,0",
        "overOdds": "+600",
        "underOdds": "0",
        "overUnder": "+600 / 0"
    },
    {
        "player": "John Tavares",
        "team": "TOR",
        "opponent": "FLA",
        "propType": "g",
        "line": 0.5,
        "ppLine": "PP1",
        "avg": 0.46,
        "hit": false,
        "diffAvg": -0.08,
        "diffAbs": 0.4,
        "lastAvg": 0.31,
        "diff": -0.38,
        "avgMin": 17,
        "proj": 0.3,
        "lastAvgMin": 18.07,
        "oppOver": 0,
        "teamOver": 0,
        "gameLine": "-190",
        "+/-": -7,
        "L5_+/-": "+1.0",
        "prevMatchup": "2023-05-02 0.0 g 2023-04-10 1.0 g 2023-03-29 0.0 g 2023-03-23 0.0 g 2023-01-17 0.0 g",
        "winLossSplits": "46% - 17%",
        "awayHome": "H",
        "playedYesterday": "N",
        "awayHomeSplits": "38% - 31%",
        "savesAboveExp": -0.102,
        "gsaa": -4.63,
        "corsi": "50.8% (57.6) // 50.8% (59.1) // 50.8% (57.6) // 50.8% (57.6)",
        "fenwick": "51.7% (44.0) // 52.2% (46.4) // 51.7% (44.0) // 51.7% (44.0)",
        "shots": "52.1% (31.8) // 52.3% (33.2) // 52.1% (31.8) // 52.1% (31.8)",
        "scoring": "53.9% (33.4) // 55.3% (34.1) // 53.9% (33.4) // 53.9% (33.4)",
        "corsiAgainst": "49.2% (55.8) // 49.2% (57.4) // 49.2% (55.8) // 49.2% (55.8)",
        "fenwickAgainst": "48.3% (41.1) // 47.8% (42.5) // 48.3% (41.1) // 48.3% (41.1)",
        "shotsAgainst": "47.9% (29.2) // 47.7% (30.3) // 47.9% (29.2) // 47.9% (29.2)",
        "scoringAgainst": "46.1% (28.5) // 44.7% (27.6) // 46.1% (28.5) // 46.1% (28.5)",
        "oppCorsi": "54.2% (66.3) // 52.5% (66.0) // 54.2% (66.3) // 54.2% (66.3)",
        "oppFenwick": "53.6% (49.9) // 52.0% (49.3) // 53.6% (49.9) // 53.6% (49.9)",
        "oppShots": "53.7% (36.5) // 51.9% (35.5) // 53.7% (36.5) // 53.7% (36.5)",
        "oppScoring": "54.6% (34.8) // 53.4% (34.0) // 54.6% (34.8) // 54.6% (34.8)",
        "oppCorsiAgainst": "45.8% (56.1) // 47.5% (59.7) // 45.8% (56.1) // 45.8% (56.1)",
        "oppFenwickAgainst": "46.4% (43.2) // 48.0% (45.5) // 46.4% (43.2) // 46.4% (43.2)",
        "oppShotsAgainst": "46.3% (31.5) // 48.1% (33.0) // 46.3% (31.5) // 46.3% (31.5)",
        "oppScoringAgainst": "45.4% (28.9) // 46.6% (29.7) // 45.4% (28.9) // 45.4% (28.9)",
        "savesPerGame": 26.8,
        "savesPerGameLast1": 24.0,
        "savesPerGameLast3": 29.7,
        "savesPerGameLast5": 30.4,
        "savesPer60": 29.3,
        "savesPer60Last1": 22.9,
        "savesPer60Last3": 29.3,
        "savesPer60Last5": 32.5,
        "shotsPerGame": 32.0,
        "shotsPerGameLast5": 30.4,
        "shotsAgainstPerGame": 29.5,
        "shotsAgainstPerGameLast5": 33.6,
        "oppSavesAgainstPer60": 36.5,
        "oppSavesAgainstPer60Last1": 24.7,
        "oppSavesAgainstPer60Last3": 25.5,
        "oppSavesAgainstPer60Last5": 28.7,
        "oppShotsAgainstPerGame": 31.7,
        "oppShotsAgainstPerGameLast5": 36.8,
        "savesProj": 31.0,
        "savesProjLast5": 29.2,
        "savesProjLast3": 24.2,
        "oppSavesAgainstProj": 33.4,
        "oppSavesAgainstProjLast5": 27.6,
        "oppSavesAgainstProjLast3": 23.5,
        "totalOver": 34,
        "totalOverLast5": 20,
        "totalOverLast15": 33,
        "lastTotalOver": 32,
        "last5": "0,1,0,0,0,3,0,0,1,2",
        "overOdds": "+130",
        "underOdds": "0",
        "overUnder": "+130 / 0"
    },
    {
        "player": "Matthew Tkachuk",
        "team": "FLA",
        "opponent": "TOR",
        "propType": "g",
        "line": 0.5,
        "ppLine": "PP1",
        "avg": 0.52,
        "hit": false,
        "diffAvg": 0.04,
        "diffAbs": 0.0,
        "lastAvg": 0.45,
        "diff": -0.1,
        "avgMin": 20,
        "proj": 0.5,
        "lastAvgMin": 17.88,
        "oppOver": 0,
        "teamOver": 0,
        "gameLine": "+160",
        "+/-": "+36",
        "L5_+/-": "+5.0",
        "prevMatchup": "2023-05-02 0.0 g 2023-04-10 0.0 g 2023-03-29 0.0 g 2023-03-23 1.0 g 2023-01-17 0.0 g",
        "winLossSplits": "47% - 33%",
        "awayHome": "A",
        "playedYesterday": "N",
        "awayHomeSplits": "40% - 40%",
        "savesAboveExp": 0.388,
        "gsaa": 17.37,
        "corsi": "54.2% (66.3) // 52.5% (66.0) // 54.2% (66.3) // 54.2% (66.3)",
        "fenwick": "53.6% (49.9) // 52.0% (49.3) // 53.6% (49.9) // 53.6% (49.9)",
        "shots": "53.7% (36.5) // 51.9% (35.5) // 53.7% (36.5) // 53.7% (36.5)",
        "scoring": "54.6% (34.8) // 53.4% (34.0) // 54.6% (34.8) // 54.6% (34.8)",
        "corsiAgainst": "45.8% (56.1) // 47.5% (59.7) // 45.8% (56.1) // 45.8% (56.1)",
        "fenwickAgainst": "46.4% (43.2) // 48.0% (45.5) // 46.4% (43.2) // 46.4% (43.2)",
        "shotsAgainst": "46.3% (31.5) // 48.1% (33.0) // 46.3% (31.5) // 46.3% (31.5)",
        "scoringAgainst": "45.4% (28.9) // 46.6% (29.7) // 45.4% (28.9) // 45.4% (28.9)",
        "oppCorsi": "50.8% (57.6) // 50.8% (59.1) // 50.8% (57.6) // 50.8% (57.6)",
        "oppFenwick": "51.7% (44.0) // 52.2% (46.4) // 51.7% (44.0) // 51.7% (44.0)",
        "oppShots": "52.1% (31.8) // 52.3% (33.2) // 52.1% (31.8) // 52.1% (31.8)",
        "oppScoring": "53.9% (33.4) // 55.3% (34.1) // 53.9% (33.4) // 53.9% (33.4)",
        "oppCorsiAgainst": "49.2% (55.8) // 49.2% (57.4) // 49.2% (55.8) // 49.2% (55.8)",
        "oppFenwickAgainst": "48.3% (41.1) // 47.8% (42.5) // 48.3% (41.1) // 48.3% (41.1)",
        "oppShotsAgainst": "47.9% (29.2) // 47.7% (30.3) // 47.9% (29.2) // 47.9% (29.2)",
        "oppScoringAgainst": "46.1% (28.5) // 44.7% (27.6) // 46.1% (28.5) // 46.1% (28.5)",
        "savesPerGame": 28.4,
        "savesPerGameLast1": 34.0,
        "savesPerGameLast3": 32.0,
        "savesPerGameLast5": 33.0,
        "savesPer60": 31.1,
        "savesPer60Last1": 33.7,
        "savesPer60Last3": 33.3,
        "savesPer60Last5": 34.1,
        "shotsPerGame": 36.8,
        "shotsPerGameLast5": 32.2,
        "shotsAgainstPerGame": 31.7,
        "shotsAgainstPerGameLast5": 36.8,
        "oppSavesAgainstPer60": 31.0,
        "oppSavesAgainstPer60Last1": 34.0,
        "oppSavesAgainstPer60Last3": 27.7,
        "oppSavesAgainstPer60Last5": 27.8,
        "oppShotsAgainstPerGame": 29.5,
        "oppShotsAgainstPerGameLast5": 33.6,
        "savesProj": 30.3,
        "savesProjLast5": 31.9,
        "savesProjLast3": 31.1,
        "oppSavesAgainstProj": 30.3,
        "oppSavesAgainstProjLast5": 29.0,
        "oppSavesAgainstProjLast3": 28.1,
        "totalOver": 40,
        "totalOverLast5": 60,
        "totalOverLast15": 40,
        "lastTotalOver": 41,
        "last5": "0,0,2,1,1,0,0,1,0,0",
        "overOdds": "+130",
        "underOdds": "0",
        "overUnder": "+130 / 0"
    },
    {
        "player": "Michael Bunting",
        "team": "TOR",
        "opponent": "FLA",
        "propType": "g",
        "line": 0.5,
        "ppLine": "PP2",
        "avg": 0.28,
        "hit": false,
        "diffAvg": -0.44,
        "diffAbs": 0.4,
        "lastAvg": 0.27,
        "diff": -0.46,
        "avgMin": 15,
        "proj": 0.3,
        "lastAvgMin": 15.53,
        "oppOver": 0,
        "teamOver": 0,
        "gameLine": "-190",
        "+/-": "+20",
        "L5_+/-": -4.0,
        "prevMatchup": "2023-05-02 1.0 g 2023-04-10 0.0 g 2023-03-29 0.0 g 2023-03-23 1.0 g 2023-01-17 0.0 g",
        "winLossSplits": "27% - 18%",
        "awayHome": "H",
        "playedYesterday": "N",
        "awayHomeSplits": "24% - 23%",
        "savesAboveExp": -0.102,
        "gsaa": -4.63,
        "corsi": "50.8% (57.6) // 50.8% (59.1) // 50.8% (57.6) // 50.8% (57.6)",
        "fenwick": "51.7% (44.0) // 52.2% (46.4) // 51.7% (44.0) // 51.7% (44.0)",
        "shots": "52.1% (31.8) // 52.3% (33.2) // 52.1% (31.8) // 52.1% (31.8)",
        "scoring": "53.9% (33.4) // 55.3% (34.1) // 53.9% (33.4) // 53.9% (33.4)",
        "corsiAgainst": "49.2% (55.8) // 49.2% (57.4) // 49.2% (55.8) // 49.2% (55.8)",
        "fenwickAgainst": "48.3% (41.1) // 47.8% (42.5) // 48.3% (41.1) // 48.3% (41.1)",
        "shotsAgainst": "47.9% (29.2) // 47.7% (30.3) // 47.9% (29.2) // 47.9% (29.2)",
        "scoringAgainst": "46.1% (28.5) // 44.7% (27.6) // 46.1% (28.5) // 46.1% (28.5)",
        "oppCorsi": "54.2% (66.3) // 52.5% (66.0) // 54.2% (66.3) // 54.2% (66.3)",
        "oppFenwick": "53.6% (49.9) // 52.0% (49.3) // 53.6% (49.9) // 53.6% (49.9)",
        "oppShots": "53.7% (36.5) // 51.9% (35.5) // 53.7% (36.5) // 53.7% (36.5)",
        "oppScoring": "54.6% (34.8) // 53.4% (34.0) // 54.6% (34.8) // 54.6% (34.8)",
        "oppCorsiAgainst": "45.8% (56.1) // 47.5% (59.7) // 45.8% (56.1) // 45.8% (56.1)",
        "oppFenwickAgainst": "46.4% (43.2) // 48.0% (45.5) // 46.4% (43.2) // 46.4% (43.2)",
        "oppShotsAgainst": "46.3% (31.5) // 48.1% (33.0) // 46.3% (31.5) // 46.3% (31.5)",
        "oppScoringAgainst": "45.4% (28.9) // 46.6% (29.7) // 45.4% (28.9) // 45.4% (28.9)",
        "savesPerGame": 26.8,
        "savesPerGameLast1": 24.0,
        "savesPerGameLast3": 29.7,
        "savesPerGameLast5": 30.4,
        "savesPer60": 29.3,
        "savesPer60Last1": 22.9,
        "savesPer60Last3": 29.3,
        "savesPer60Last5": 32.5,
        "shotsPerGame": 32.0,
        "shotsPerGameLast5": 30.4,
        "shotsAgainstPerGame": 29.5,
        "shotsAgainstPerGameLast5": 33.6,
        "oppSavesAgainstPer60": 36.5,
        "oppSavesAgainstPer60Last1": 24.7,
        "oppSavesAgainstPer60Last3": 25.5,
        "oppSavesAgainstPer60Last5": 28.7,
        "oppShotsAgainstPerGame": 31.7,
        "oppShotsAgainstPerGameLast5": 36.8,
        "savesProj": 31.0,
        "savesProjLast5": 29.2,
        "savesProjLast3": 24.2,
        "oppSavesAgainstProj": 33.4,
        "oppSavesAgainstProjLast5": 27.6,
        "oppSavesAgainstProjLast3": 23.5,
        "totalOver": 24,
        "totalOverLast5": 20,
        "totalOverLast15": 20,
        "lastTotalOver": 24,
        "last5": "1,0,0,0,0,0,1,0,0,0",
        "overOdds": "+265",
        "underOdds": "0",
        "overUnder": "+265 / 0"
    },
    {
        "player": "Mitchell Marner",
        "team": "TOR",
        "opponent": "FLA",
        "propType": "g",
        "line": 0.5,
        "ppLine": "PP1",
        "avg": 0.37,
        "hit": false,
        "diffAvg": -0.26,
        "diffAbs": 0.2,
        "lastAvg": 0.44,
        "diff": -0.12,
        "avgMin": 21,
        "proj": 0.4,
        "lastAvgMin": 20.87,
        "oppOver": 0,
        "teamOver": 0,
        "gameLine": "-190",
        "+/-": "+26",
        "L5_+/-": "+11.0",
        "prevMatchup": "2023-05-02 0.0 g 2023-04-10 0.0 g 2023-03-29 0.0 g 2023-03-23 1.0 g 2023-01-17 0.0 g",
        "winLossSplits": "40% - 24%",
        "awayHome": "H",
        "playedYesterday": "N",
        "awayHomeSplits": "33% - 34%",
        "savesAboveExp": -0.102,
        "gsaa": -4.63,
        "corsi": "50.8% (57.6) // 50.8% (59.1) // 50.8% (57.6) // 50.8% (57.6)",
        "fenwick": "51.7% (44.0) // 52.2% (46.4) // 51.7% (44.0) // 51.7% (44.0)",
        "shots": "52.1% (31.8) // 52.3% (33.2) // 52.1% (31.8) // 52.1% (31.8)",
        "scoring": "53.9% (33.4) // 55.3% (34.1) // 53.9% (33.4) // 53.9% (33.4)",
        "corsiAgainst": "49.2% (55.8) // 49.2% (57.4) // 49.2% (55.8) // 49.2% (55.8)",
        "fenwickAgainst": "48.3% (41.1) // 47.8% (42.5) // 48.3% (41.1) // 48.3% (41.1)",
        "shotsAgainst": "47.9% (29.2) // 47.7% (30.3) // 47.9% (29.2) // 47.9% (29.2)",
        "scoringAgainst": "46.1% (28.5) // 44.7% (27.6) // 46.1% (28.5) // 46.1% (28.5)",
        "oppCorsi": "54.2% (66.3) // 52.5% (66.0) // 54.2% (66.3) // 54.2% (66.3)",
        "oppFenwick": "53.6% (49.9) // 52.0% (49.3) // 53.6% (49.9) // 53.6% (49.9)",
        "oppShots": "53.7% (36.5) // 51.9% (35.5) // 53.7% (36.5) // 53.7% (36.5)",
        "oppScoring": "54.6% (34.8) // 53.4% (34.0) // 54.6% (34.8) // 54.6% (34.8)",
        "oppCorsiAgainst": "45.8% (56.1) // 47.5% (59.7) // 45.8% (56.1) // 45.8% (56.1)",
        "oppFenwickAgainst": "46.4% (43.2) // 48.0% (45.5) // 46.4% (43.2) // 46.4% (43.2)",
        "oppShotsAgainst": "46.3% (31.5) // 48.1% (33.0) // 46.3% (31.5) // 46.3% (31.5)",
        "oppScoringAgainst": "45.4% (28.9) // 46.6% (29.7) // 45.4% (28.9) // 45.4% (28.9)",
        "savesPerGame": 26.8,
        "savesPerGameLast1": 24.0,
        "savesPerGameLast3": 29.7,
        "savesPerGameLast5": 30.4,
        "savesPer60": 29.3,
        "savesPer60Last1": 22.9,
        "savesPer60Last3": 29.3,
        "savesPer60Last5": 32.5,
        "shotsPerGame": 32.0,
        "shotsPerGameLast5": 30.4,
        "shotsAgainstPerGame": 29.5,
        "shotsAgainstPerGameLast5": 33.6,
        "oppSavesAgainstPer60": 36.5,
        "oppSavesAgainstPer60Last1": 24.7,
        "oppSavesAgainstPer60Last3": 25.5,
        "oppSavesAgainstPer60Last5": 28.7,
        "oppShotsAgainstPerGame": 31.7,
        "oppShotsAgainstPerGameLast5": 36.8,
        "savesProj": 31.0,
        "savesProjLast5": 29.2,
        "savesProjLast3": 24.2,
        "oppSavesAgainstProj": 33.4,
        "oppSavesAgainstProjLast5": 27.6,
        "oppSavesAgainstProjLast3": 23.5,
        "totalOver": 33,
        "totalOverLast5": 0,
        "totalOverLast15": 13,
        "lastTotalOver": 34,
        "last5": "0,0,0,0,0,2,0,0,0,2",
        "overOdds": "+160",
        "underOdds": "0",
        "overUnder": "+160 / 0"
    },
    {
        "player": "Morgan Rielly",
        "team": "TOR",
        "opponent": "FLA",
        "propType": "g",
        "line": 0.5,
        "ppLine": "PP1",
        "avg": 0.1,
        "hit": false,
        "diffAvg": -0.8,
        "diffAbs": 0.8,
        "lastAvg": 0.11,
        "diff": -0.78,
        "avgMin": 21,
        "proj": 0.1,
        "lastAvgMin": 23.73,
        "oppOver": 0,
        "teamOver": 0,
        "gameLine": "-190",
        "+/-": -1,
        "L5_+/-": "+7.0",
        "prevMatchup": "2023-05-02 0.0 g 2023-04-10 0.0 g 2023-03-29 0.0 g 2023-01-17 0.0 g",
        "winLossSplits": "10% - 9%",
        "awayHome": "H",
        "playedYesterday": "N",
        "awayHomeSplits": "6% - 13%",
        "savesAboveExp": -0.102,
        "gsaa": -4.63,
        "corsi": "50.8% (57.6) // 50.8% (59.1) // 50.8% (57.6) // 50.8% (57.6)",
        "fenwick": "51.7% (44.0) // 52.2% (46.4) // 51.7% (44.0) // 51.7% (44.0)",
        "shots": "52.1% (31.8) // 52.3% (33.2) // 52.1% (31.8) // 52.1% (31.8)",
        "scoring": "53.9% (33.4) // 55.3% (34.1) // 53.9% (33.4) // 53.9% (33.4)",
        "corsiAgainst": "49.2% (55.8) // 49.2% (57.4) // 49.2% (55.8) // 49.2% (55.8)",
        "fenwickAgainst": "48.3% (41.1) // 47.8% (42.5) // 48.3% (41.1) // 48.3% (41.1)",
        "shotsAgainst": "47.9% (29.2) // 47.7% (30.3) // 47.9% (29.2) // 47.9% (29.2)",
        "scoringAgainst": "46.1% (28.5) // 44.7% (27.6) // 46.1% (28.5) // 46.1% (28.5)",
        "oppCorsi": "54.2% (66.3) // 52.5% (66.0) // 54.2% (66.3) // 54.2% (66.3)",
        "oppFenwick": "53.6% (49.9) // 52.0% (49.3) // 53.6% (49.9) // 53.6% (49.9)",
        "oppShots": "53.7% (36.5) // 51.9% (35.5) // 53.7% (36.5) // 53.7% (36.5)",
        "oppScoring": "54.6% (34.8) // 53.4% (34.0) // 54.6% (34.8) // 54.6% (34.8)",
        "oppCorsiAgainst": "45.8% (56.1) // 47.5% (59.7) // 45.8% (56.1) // 45.8% (56.1)",
        "oppFenwickAgainst": "46.4% (43.2) // 48.0% (45.5) // 46.4% (43.2) // 46.4% (43.2)",
        "oppShotsAgainst": "46.3% (31.5) // 48.1% (33.0) // 46.3% (31.5) // 46.3% (31.5)",
        "oppScoringAgainst": "45.4% (28.9) // 46.6% (29.7) // 45.4% (28.9) // 45.4% (28.9)",
        "savesPerGame": 26.8,
        "savesPerGameLast1": 24.0,
        "savesPerGameLast3": 29.7,
        "savesPerGameLast5": 30.4,
        "savesPer60": 29.3,
        "savesPer60Last1": 22.9,
        "savesPer60Last3": 29.3,
        "savesPer60Last5": 32.5,
        "shotsPerGame": 32.0,
        "shotsPerGameLast5": 30.4,
        "shotsAgainstPerGame": 29.5,
        "shotsAgainstPerGameLast5": 33.6,
        "oppSavesAgainstPer60": 36.5,
        "oppSavesAgainstPer60Last1": 24.7,
        "oppSavesAgainstPer60Last3": 25.5,
        "oppSavesAgainstPer60Last5": 28.7,
        "oppShotsAgainstPerGame": 31.7,
        "oppShotsAgainstPerGameLast5": 36.8,
        "savesProj": 31.0,
        "savesProjLast5": 29.2,
        "savesProjLast3": 24.2,
        "oppSavesAgainstProj": 33.4,
        "oppSavesAgainstProjLast5": 27.6,
        "oppSavesAgainstProjLast3": 23.5,
        "totalOver": 10,
        "totalOverLast5": 60,
        "totalOverLast15": 20,
        "lastTotalOver": 14,
        "last5": "0,0,1,1,1,0,0,0,0,0",
        "overOdds": "+400",
        "underOdds": "0",
        "overUnder": "+400 / 0"
    },
    {
        "player": "Sam Bennett",
        "team": "FLA",
        "opponent": "TOR",
        "propType": "g",
        "line": 0.5,
        "ppLine": "PP1",
        "avg": 0.29,
        "hit": false,
        "diffAvg": -0.42,
        "diffAbs": 0.4,
        "lastAvg": 0.35,
        "diff": -0.3,
        "avgMin": 17,
        "proj": 0.3,
