[
    {
        "player": "Brayden Schenn",
        "team": "STL",
        "opponent": "NSH",
        "propType": "sog",
        "line": 1.5,
        "ppLine": "PP1",
        "avg": 1.75,
        "hit": false,
        "diffAvg": 0.17,
        "diffAbs": 0.0,
        "lastAvg": 1.5,
        "diff": 0.0,
        "avgMin": 18,
        "proj": 1.5,
        "lastAvgMin": 17.77,
        "oppOver": 0,
        "teamOver": 0,
        "gameLine": "+125",
        "+/-": -27,
        "L5_+/-": "+5.0",
        "prevMatchup": "2023-01-19 2.0 sog 2022-12-12 2.0 sog 2022-10-27 2.0 sog",
        "winLossSplits": "2.05 - 1.45",
        "awayHome": "A",
        "playedYesterday": "N",
        "awayHomeSplits": "1.71 - 1.78",
        "savesAboveExp": 0.483,
        "gsaa": 25.18,
        "corsi": "46.1% (50.6) // 43.9% (47.4) // 43.8% (48.9) // 42.9% (50.5)",
        "fenwick": "46.2% (38.7) // 43.9% (36.2) // 43.5% (37.1) // 40.6% (36.6)",
        "shots": "46.9% (28.3) // 45.9% (26.8) // 47.6% (28.0) // 44.8% (27.3)",
        "scoring": "46.4% (27.4) // 44.4% (24.2) // 43.7% (24.8) // 41.1% (26.3)",
        "corsiAgainst": "53.9% (59.2) // 56.1% (60.5) // 56.2% (62.9) // 57.1% (67.2)",
        "fenwickAgainst": "53.8% (45.1) // 56.1% (46.2) // 56.5% (48.3) // 59.4% (53.5)",
        "shotsAgainst": "53.1% (32.1) // 54.1% (31.5) // 52.4% (30.8) // 55.2% (33.6)",
        "scoringAgainst": "53.6% (31.6) // 55.6% (30.2) // 56.3% (32.0) // 58.9% (37.6)",
        "oppCorsi": "48.0% (57.0) // 42.7% (46.6) // 40.8% (45.6) // 37.3% (44.0)",
        "oppFenwick": "47.6% (41.9) // 40.8% (33.1) // 38.6% (32.5) // 35.6% (31.3)",
        "oppShots": "47.0% (29.3) // 41.7% (23.5) // 38.9% (22.8) // 39.8% (25.3)",
        "oppScoring": "47.0% (29.6) // 40.9% (23.0) // 33.8% (18.7) // 30.6% (18.3)",
        "oppCorsiAgainst": "52.0% (61.7) // 57.3% (62.5) // 59.2% (66.3) // 62.7% (74.0)",
        "oppFenwickAgainst": "52.4% (46.2) // 59.2% (48.0) // 61.4% (51.5) // 64.4% (56.7)",
        "oppShotsAgainst": "53.0% (33.0) // 58.3% (32.8) // 61.1% (35.8) // 60.2% (38.3)",
        "oppScoringAgainst": "53.0% (33.4) // 59.1% (33.2) // 66.2% (36.6) // 69.4% (41.7)",
        "savesPerGame": 28.7,
        "savesPerGameLast1": 30.0,
        "savesPerGameLast3": 28.7,
        "savesPerGameLast5": 26.6,
        "savesPer60": 28.7,
        "savesPer60Last1": 30.0,
        "savesPer60Last3": 28.4,
        "savesPer60Last5": 26.4,
        "shotsPerGame": 28.6,
        "shotsPerGameLast5": 28.0,
        "shotsAgainstPerGame": 32.4,
        "shotsAgainstPerGameLast5": 30.8,
        "oppSavesAgainstPer60": 27.0,
        "oppSavesAgainstPer60Last1": 27.7,
        "oppSavesAgainstPer60Last3": 24.4,
        "oppSavesAgainstPer60Last5": 22.0,
        "oppShotsAgainstPerGame": 33.5,
        "oppShotsAgainstPerGameLast5": 36.4,
        "savesProj": 25.3,
        "savesProjLast5": 18.8,
        "savesProjLast3": 22.3,
        "oppSavesAgainstProj": 27.5,
        "oppSavesAgainstProjLast5": 22.3,
        "oppSavesAgainstProjLast3": 26.4,
        "totalOver": 47,
        "totalOverLast5": 100,
        "totalOverLast15": 53,
        "lastTotalOver": 51,
        "last5": "2,3,2,4,3,1,0,2,1,4",
        "overOdds": "-155",
        "underOdds": "+125",
        "overUnder": "-155 / +125"
    },
    {
        "player": "Cody Glass",
        "team": "NSH",
        "opponent": "STL",
        "propType": "sog",
        "line": 1.5,
        "ppLine": "PP1",
        "avg": 1.77,
        "hit": false,
        "diffAvg": 0.18,
        "diffAbs": 0.27,
        "lastAvg": 0.9,
        "diff": -0.4,
        "avgMin": 14,
        "proj": 1.1,
        "lastAvgMin": 11.4,
        "oppOver": 0,
        "teamOver": 0,
        "gameLine": "-145",
        "+/-": "+9",
        "L5_+/-": "+3.0",
        "prevMatchup": "2023-01-19 0.0 sog 2022-12-12 1.0 sog 2022-10-27 0.0 sog",
        "winLossSplits": "1.36 - 2.01",
        "awayHome": "H",
        "playedYesterday": "N",
        "awayHomeSplits": "1.88 - 1.66",
        "savesAboveExp": -0.172,
        "gsaa": -21.62,
        "corsi": "48.0% (57.0) // 42.7% (46.6) // 40.8% (45.6) // 37.3% (44.0)",
        "fenwick": "47.6% (41.9) // 40.8% (33.1) // 38.6% (32.5) // 35.6% (31.3)",
        "shots": "47.0% (29.3) // 41.7% (23.5) // 38.9% (22.8) // 39.8% (25.3)",
        "scoring": "47.0% (29.6) // 40.9% (23.0) // 33.8% (18.7) // 30.6% (18.3)",
        "corsiAgainst": "52.0% (61.7) // 57.3% (62.5) // 59.2% (66.3) // 62.7% (74.0)",
        "fenwickAgainst": "52.4% (46.2) // 59.2% (48.0) // 61.4% (51.5) // 64.4% (56.7)",
        "shotsAgainst": "53.0% (33.0) // 58.3% (32.8) // 61.1% (35.8) // 60.2% (38.3)",
        "scoringAgainst": "53.0% (33.4) // 59.1% (33.2) // 66.2% (36.6) // 69.4% (41.7)",
        "oppCorsi": "46.1% (50.6) // 43.9% (47.4) // 43.8% (48.9) // 42.9% (50.5)",
        "oppFenwick": "46.2% (38.7) // 43.9% (36.2) // 43.5% (37.1) // 40.6% (36.6)",
        "oppShots": "46.9% (28.3) // 45.9% (26.8) // 47.6% (28.0) // 44.8% (27.3)",
        "oppScoring": "46.4% (27.4) // 44.4% (24.2) // 43.7% (24.8) // 41.1% (26.3)",
        "oppCorsiAgainst": "53.9% (59.2) // 56.1% (60.5) // 56.2% (62.9) // 57.1% (67.2)",
        "oppFenwickAgainst": "53.8% (45.1) // 56.1% (46.2) // 56.5% (48.3) // 59.4% (53.5)",
        "oppShotsAgainst": "53.1% (32.1) // 54.1% (31.5) // 52.4% (30.8) // 55.2% (33.6)",
        "oppScoringAgainst": "53.6% (31.6) // 55.6% (30.2) // 56.3% (32.0) // 58.9% (37.6)",
        "savesPerGame": 30.5,
        "savesPerGameLast1": 43.0,
        "savesPerGameLast3": 36.3,
        "savesPerGameLast5": 33.6,
        "savesPer60": 30.6,
        "savesPer60Last1": 42.5,
        "savesPer60Last3": 35.9,
        "savesPer60Last5": 33.9,
        "shotsPerGame": 29.7,
        "shotsPerGameLast5": 23.2,
        "shotsAgainstPerGame": 33.5,
        "shotsAgainstPerGameLast5": 36.4,
        "oppSavesAgainstPer60": 25.3,
        "oppSavesAgainstPer60Last1": 23.8,
        "oppSavesAgainstPer60Last3": 21.4,
        "oppSavesAgainstPer60Last5": 22.5,
        "oppShotsAgainstPerGame": 32.4,
        "oppShotsAgainstPerGameLast5": 30.8,
        "savesProj": 27.0,
        "savesProjLast5": 26.7,
        "savesProjLast3": 27.1,
        "oppSavesAgainstProj": 27.7,
        "oppSavesAgainstProjLast5": 26.3,
        "oppSavesAgainstProjLast3": 26.1,
        "totalOver": 42,
        "totalOverLast5": 40,
        "totalOverLast15": 53,
        "lastTotalOver": 40,
        "last5": "2,1,4,0,0,1,5,3,5,1",
        "overOdds": "-160",
        "underOdds": "+130",
        "overUnder": "-160 / +130"
    },
    {
        "player": "Jakub Vrana",
        "team": "STL",
        "opponent": "NSH",
        "propType": "sog",
        "line": 2.5,
        "ppLine": "PP1",
        "avg": 2.78,
        "hit": false,
        "diffAvg": 0.11,
        "diffAbs": 0.08,
        "lastAvg": 2.5,
        "diff": 0.0,
        "avgMin": 14,
        "proj": 2.3,
        "lastAvgMin": 14.93,
        "oppOver": 0,
        "teamOver": 0,
        "gameLine": "+125",
        "+/-": "+6",
        "L5_+/-": "+6.0",
        "prevMatchup": "",
        "winLossSplits": "2.51 - 2.98",
        "awayHome": "A",
        "playedYesterday": "Y",
        "awayHomeSplits": "2.6 - 3.0",
        "savesAboveExp": 0.483,
        "gsaa": 25.18,
        "corsi": "46.1% (50.6) // 43.9% (47.4) // 43.8% (48.9) // 42.9% (50.5)",
        "fenwick": "46.2% (38.7) // 43.9% (36.2) // 43.5% (37.1) // 40.6% (36.6)",
        "shots": "46.9% (28.3) // 45.9% (26.8) // 47.6% (28.0) // 44.8% (27.3)",
        "scoring": "46.4% (27.4) // 44.4% (24.2) // 43.7% (24.8) // 41.1% (26.3)",
        "corsiAgainst": "53.9% (59.2) // 56.1% (60.5) // 56.2% (62.9) // 57.1% (67.2)",
        "fenwickAgainst": "53.8% (45.1) // 56.1% (46.2) // 56.5% (48.3) // 59.4% (53.5)",
        "shotsAgainst": "53.1% (32.1) // 54.1% (31.5) // 52.4% (30.8) // 55.2% (33.6)",
        "scoringAgainst": "53.6% (31.6) // 55.6% (30.2) // 56.3% (32.0) // 58.9% (37.6)",
        "oppCorsi": "48.0% (57.0) // 42.7% (46.6) // 40.8% (45.6) // 37.3% (44.0)",
        "oppFenwick": "47.6% (41.9) // 40.8% (33.1) // 38.6% (32.5) // 35.6% (31.3)",
        "oppShots": "47.0% (29.3) // 41.7% (23.5) // 38.9% (22.8) // 39.8% (25.3)",
        "oppScoring": "47.0% (29.6) // 40.9% (23.0) // 33.8% (18.7) // 30.6% (18.3)",
        "oppCorsiAgainst": "52.0% (61.7) // 57.3% (62.5) // 59.2% (66.3) // 62.7% (74.0)",
        "oppFenwickAgainst": "52.4% (46.2) // 59.2% (48.0) // 61.4% (51.5) // 64.4% (56.7)",
        "oppShotsAgainst": "53.0% (33.0) // 58.3% (32.8) // 61.1% (35.8) // 60.2% (38.3)",
        "oppScoringAgainst": "53.0% (33.4) // 59.1% (33.2) // 66.2% (36.6) // 69.4% (41.7)",
        "savesPerGame": 28.7,
        "savesPerGameLast1": 30.0,
        "savesPerGameLast3": 28.7,
        "savesPerGameLast5": 26.6,
        "savesPer60": 28.7,
        "savesPer60Last1": 30.0,
        "savesPer60Last3": 28.4,
        "savesPer60Last5": 26.4,
        "shotsPerGame": 28.6,
        "shotsPerGameLast5": 28.0,
        "shotsAgainstPerGame": 32.4,
        "shotsAgainstPerGameLast5": 30.8,
        "oppSavesAgainstPer60": 27.0,
        "oppSavesAgainstPer60Last1": 27.7,
        "oppSavesAgainstPer60Last3": 24.4,
        "oppSavesAgainstPer60Last5": 22.0,
        "oppShotsAgainstPerGame": 33.5,
        "oppShotsAgainstPerGameLast5": 36.4,
        "savesProj": 25.3,
        "savesProjLast5": 18.8,
        "savesProjLast3": 22.3,
        "oppSavesAgainstProj": 27.5,
        "oppSavesAgainstProjLast5": 22.3,
        "oppSavesAgainstProjLast3": 26.4,
        "totalOver": 56,
        "totalOverLast5": 80,
        "totalOverLast15": 60,
        "lastTotalOver": 46,
        "last5": "3,4,3,3,2,5,2,2,5,1",
        "overOdds": "-150",
        "underOdds": "+120",
        "overUnder": "-150 / +120"
    },
    {
        "player": "Jordan Kyrou",
        "team": "STL",
        "opponent": "NSH",
        "propType": "sog",
        "line": 3.5,
        "ppLine": "PP1",
        "avg": 3.49,
        "hit": false,
        "diffAvg": -0.0,
        "diffAbs": 0.34,
        "lastAvg": 2.14,
        "diff": -0.39,
        "avgMin": 18,
        "proj": 2.3,
        "lastAvgMin": 16.57,
        "oppOver": 0,
        "teamOver": 0,
        "gameLine": "+125",
        "+/-": -35,
        "L5_+/-": -2.0,
        "prevMatchup": "2023-01-19 8.0 sog 2022-12-12 5.0 sog 2022-10-27 5.0 sog",
        "winLossSplits": "3.84 - 3.25",
        "awayHome": "A",
        "playedYesterday": "N",
        "awayHomeSplits": "3.74 - 3.24",
        "savesAboveExp": 0.483,
        "gsaa": 25.18,
        "corsi": "46.1% (50.6) // 43.9% (47.4) // 43.8% (48.9) // 42.9% (50.5)",
        "fenwick": "46.2% (38.7) // 43.9% (36.2) // 43.5% (37.1) // 40.6% (36.6)",
        "shots": "46.9% (28.3) // 45.9% (26.8) // 47.6% (28.0) // 44.8% (27.3)",
        "scoring": "46.4% (27.4) // 44.4% (24.2) // 43.7% (24.8) // 41.1% (26.3)",
        "corsiAgainst": "53.9% (59.2) // 56.1% (60.5) // 56.2% (62.9) // 57.1% (67.2)",
        "fenwickAgainst": "53.8% (45.1) // 56.1% (46.2) // 56.5% (48.3) // 59.4% (53.5)",
        "shotsAgainst": "53.1% (32.1) // 54.1% (31.5) // 52.4% (30.8) // 55.2% (33.6)",
        "scoringAgainst": "53.6% (31.6) // 55.6% (30.2) // 56.3% (32.0) // 58.9% (37.6)",
        "oppCorsi": "48.0% (57.0) // 42.7% (46.6) // 40.8% (45.6) // 37.3% (44.0)",
        "oppFenwick": "47.6% (41.9) // 40.8% (33.1) // 38.6% (32.5) // 35.6% (31.3)",
        "oppShots": "47.0% (29.3) // 41.7% (23.5) // 38.9% (22.8) // 39.8% (25.3)",
        "oppScoring": "47.0% (29.6) // 40.9% (23.0) // 33.8% (18.7) // 30.6% (18.3)",
        "oppCorsiAgainst": "52.0% (61.7) // 57.3% (62.5) // 59.2% (66.3) // 62.7% (74.0)",
        "oppFenwickAgainst": "52.4% (46.2) // 59.2% (48.0) // 61.4% (51.5) // 64.4% (56.7)",
        "oppShotsAgainst": "53.0% (33.0) // 58.3% (32.8) // 61.1% (35.8) // 60.2% (38.3)",
        "oppScoringAgainst": "53.0% (33.4) // 59.1% (33.2) // 66.2% (36.6) // 69.4% (41.7)",
        "savesPerGame": 28.7,
        "savesPerGameLast1": 30.0,
        "savesPerGameLast3": 28.7,
        "savesPerGameLast5": 26.6,
        "savesPer60": 28.7,
        "savesPer60Last1": 30.0,
        "savesPer60Last3": 28.4,
        "savesPer60Last5": 26.4,
        "shotsPerGame": 28.6,
        "shotsPerGameLast5": 28.0,
        "shotsAgainstPerGame": 32.4,
        "shotsAgainstPerGameLast5": 30.8,
        "oppSavesAgainstPer60": 27.0,
        "oppSavesAgainstPer60Last1": 27.7,
        "oppSavesAgainstPer60Last3": 24.4,
        "oppSavesAgainstPer60Last5": 22.0,
        "oppShotsAgainstPerGame": 33.5,
        "oppShotsAgainstPerGameLast5": 36.4,
        "savesProj": 25.3,
        "savesProjLast5": 18.8,
        "savesProjLast3": 22.3,
        "oppSavesAgainstProj": 27.5,
        "oppSavesAgainstProjLast5": 22.3,
        "oppSavesAgainstProjLast3": 26.4,
        "totalOver": 46,
        "totalOverLast5": 60,
        "totalOverLast15": 47,
        "lastTotalOver": 30,
        "last5": "5,4,6,1,1,1,3,3,3,4",
        "overOdds": "+110",
        "underOdds": "-140",
        "overUnder": "+110 / -140"
    },
    {
        "player": "Justin Faulk",
        "team": "STL",
        "opponent": "NSH",
        "propType": "sog",
        "line": 2.5,
        "ppLine": "PP2",
        "avg": 2.45,
        "hit": false,
        "diffAvg": -0.02,
        "diffAbs": 0.24,
        "lastAvg": 1.9,
        "diff": -0.24,
        "avgMin": 23,
        "proj": 1.9,
        "lastAvgMin": 23.18,
        "oppOver": 0,
        "teamOver": 0,
        "gameLine": "+125",
        "+/-": -8,
        "L5_+/-": "+5.0",
        "prevMatchup": "2023-01-19 0.0 sog 2022-12-12 4.0 sog 2022-10-27 6.0 sog",
        "winLossSplits": "2.35 - 2.47",
        "awayHome": "A",
        "playedYesterday": "N",
        "awayHomeSplits": "2.26 - 2.65",
        "savesAboveExp": 0.483,
        "gsaa": 25.18,
        "corsi": "46.1% (50.6) // 43.9% (47.4) // 43.8% (48.9) // 42.9% (50.5)",
        "fenwick": "46.2% (38.7) // 43.9% (36.2) // 43.5% (37.1) // 40.6% (36.6)",
        "shots": "46.9% (28.3) // 45.9% (26.8) // 47.6% (28.0) // 44.8% (27.3)",
        "scoring": "46.4% (27.4) // 44.4% (24.2) // 43.7% (24.8) // 41.1% (26.3)",
        "corsiAgainst": "53.9% (59.2) // 56.1% (60.5) // 56.2% (62.9) // 57.1% (67.2)",
        "fenwickAgainst": "53.8% (45.1) // 56.1% (46.2) // 56.5% (48.3) // 59.4% (53.5)",
        "shotsAgainst": "53.1% (32.1) // 54.1% (31.5) // 52.4% (30.8) // 55.2% (33.6)",
        "scoringAgainst": "53.6% (31.6) // 55.6% (30.2) // 56.3% (32.0) // 58.9% (37.6)",
        "oppCorsi": "48.0% (57.0) // 42.7% (46.6) // 40.8% (45.6) // 37.3% (44.0)",
        "oppFenwick": "47.6% (41.9) // 40.8% (33.1) // 38.6% (32.5) // 35.6% (31.3)",
        "oppShots": "47.0% (29.3) // 41.7% (23.5) // 38.9% (22.8) // 39.8% (25.3)",
        "oppScoring": "47.0% (29.6) // 40.9% (23.0) // 33.8% (18.7) // 30.6% (18.3)",
        "oppCorsiAgainst": "52.0% (61.7) // 57.3% (62.5) // 59.2% (66.3) // 62.7% (74.0)",
        "oppFenwickAgainst": "52.4% (46.2) // 59.2% (48.0) // 61.4% (51.5) // 64.4% (56.7)",
        "oppShotsAgainst": "53.0% (33.0) // 58.3% (32.8) // 61.1% (35.8) // 60.2% (38.3)",
        "oppScoringAgainst": "53.0% (33.4) // 59.1% (33.2) // 66.2% (36.6) // 69.4% (41.7)",
        "savesPerGame": 28.7,
        "savesPerGameLast1": 30.0,
        "savesPerGameLast3": 28.7,
        "savesPerGameLast5": 26.6,
        "savesPer60": 28.7,
        "savesPer60Last1": 30.0,
        "savesPer60Last3": 28.4,
        "savesPer60Last5": 26.4,
        "shotsPerGame": 28.6,
        "shotsPerGameLast5": 28.0,
        "shotsAgainstPerGame": 32.4,
        "shotsAgainstPerGameLast5": 30.8,
        "oppSavesAgainstPer60": 27.0,
        "oppSavesAgainstPer60Last1": 27.7,
        "oppSavesAgainstPer60Last3": 24.4,
        "oppSavesAgainstPer60Last5": 22.0,
        "oppShotsAgainstPerGame": 33.5,
        "oppShotsAgainstPerGameLast5": 36.4,
        "savesProj": 25.3,
        "savesProjLast5": 18.8,
        "savesProjLast3": 22.3,
        "oppSavesAgainstProj": 27.5,
        "oppSavesAgainstProjLast5": 22.3,
        "oppSavesAgainstProjLast3": 26.4,
        "totalOver": 48,
        "totalOverLast5": 60,
        "totalOverLast15": 33,
        "lastTotalOver": 43,
        "last5": "3,3,2,1,3,2,1,2,0,1",
        "overOdds": "+105",
        "underOdds": "-135",
        "overUnder": "+105 / -135"
    },
    {
        "player": "Kasperi Kapanen",
        "team": "STL",
        "opponent": "NSH",
        "propType": "sog",
        "line": 2.5,
        "ppLine": "PP1",
        "avg": 1.78,
        "hit": false,
        "diffAvg": -0.29,
        "diffAbs": 0.48,
        "lastAvg": 1.5,
        "diff": -0.4,
        "avgMin": 13,
        "proj": 1.3,
        "lastAvgMin": 14.52,
        "oppOver": 0,
        "teamOver": 0,
        "gameLine": "+125",
        "+/-": "+5",
        "L5_+/-": "+5.0",
        "prevMatchup": "",
        "winLossSplits": "2.03 - 1.55",
        "awayHome": "A",
        "playedYesterday": "N",
        "awayHomeSplits": "1.83 - 1.72",
        "savesAboveExp": 0.483,
        "gsaa": 25.18,
        "corsi": "46.1% (50.6) // 43.9% (47.4) // 43.8% (48.9) // 42.9% (50.5)",
        "fenwick": "46.2% (38.7) // 43.9% (36.2) // 43.5% (37.1) // 40.6% (36.6)",
        "shots": "46.9% (28.3) // 45.9% (26.8) // 47.6% (28.0) // 44.8% (27.3)",
        "scoring": "46.4% (27.4) // 44.4% (24.2) // 43.7% (24.8) // 41.1% (26.3)",
        "corsiAgainst": "53.9% (59.2) // 56.1% (60.5) // 56.2% (62.9) // 57.1% (67.2)",
        "fenwickAgainst": "53.8% (45.1) // 56.1% (46.2) // 56.5% (48.3) // 59.4% (53.5)",
        "shotsAgainst": "53.1% (32.1) // 54.1% (31.5) // 52.4% (30.8) // 55.2% (33.6)",
        "scoringAgainst": "53.6% (31.6) // 55.6% (30.2) // 56.3% (32.0) // 58.9% (37.6)",
        "oppCorsi": "48.0% (57.0) // 42.7% (46.6) // 40.8% (45.6) // 37.3% (44.0)",
        "oppFenwick": "47.6% (41.9) // 40.8% (33.1) // 38.6% (32.5) // 35.6% (31.3)",
        "oppShots": "47.0% (29.3) // 41.7% (23.5) // 38.9% (22.8) // 39.8% (25.3)",
        "oppScoring": "47.0% (29.6) // 40.9% (23.0) // 33.8% (18.7) // 30.6% (18.3)",
        "oppCorsiAgainst": "52.0% (61.7) // 57.3% (62.5) // 59.2% (66.3) // 62.7% (74.0)",
        "oppFenwickAgainst": "52.4% (46.2) // 59.2% (48.0) // 61.4% (51.5) // 64.4% (56.7)",
        "oppShotsAgainst": "53.0% (33.0) // 58.3% (32.8) // 61.1% (35.8) // 60.2% (38.3)",
        "oppScoringAgainst": "53.0% (33.4) // 59.1% (33.2) // 66.2% (36.6) // 69.4% (41.7)",
        "savesPerGame": 28.7,
        "savesPerGameLast1": 30.0,
        "savesPerGameLast3": 28.7,
        "savesPerGameLast5": 26.6,
        "savesPer60": 28.7,
        "savesPer60Last1": 30.0,
        "savesPer60Last3": 28.4,
        "savesPer60Last5": 26.4,
        "shotsPerGame": 28.6,
        "shotsPerGameLast5": 28.0,
        "shotsAgainstPerGame": 32.4,
        "shotsAgainstPerGameLast5": 30.8,
        "oppSavesAgainstPer60": 27.0,
        "oppSavesAgainstPer60Last1": 27.7,
        "oppSavesAgainstPer60Last3": 24.4,
        "oppSavesAgainstPer60Last5": 22.0,
        "oppShotsAgainstPerGame": 33.5,
        "oppShotsAgainstPerGameLast5": 36.4,
        "savesProj": 25.3,
        "savesProjLast5": 18.8,
        "savesProjLast3": 22.3,
        "oppSavesAgainstProj": 27.5,
        "oppSavesAgainstProjLast5": 22.3,
        "oppSavesAgainstProjLast3": 26.4,
        "totalOver": 31,
        "totalOverLast5": 40,
        "totalOverLast15": 33,
        "lastTotalOver": 21,
        "last5": "0,2,3,6,1,2,3,3,1,2",
        "overOdds": "+145",
        "underOdds": "-180",
        "overUnder": "+145 / -180"
    },
    {
        "player": "Luke Evangelista",
        "team": "NSH",
        "opponent": "STL",
        "propType": "sog",
        "line": 2.5,
        "ppLine": "PP1",
        "avg": 2.5,
        "hit": false,
        "diffAvg": 0.0,
        "diffAbs": 1.0,
        "lastAvg": 0,
        "diff": 0,
        "avgMin": 16,
        "proj": 0.0,
        "lastAvgMin": 0,
        "oppOver": 0,
        "teamOver": 0,
        "gameLine": "-145",
        "+/-": "+4",
        "L5_+/-": "+3.0",
        "prevMatchup": "",
        "winLossSplits": "2.44 - 2.44",
        "awayHome": "H",
        "playedYesterday": "N",
        "awayHomeSplits": "2.78 - 2.14",
        "savesAboveExp": -0.172,
        "gsaa": -21.62,
        "corsi": "48.0% (57.0) // 42.7% (46.6) // 40.8% (45.6) // 37.3% (44.0)",
        "fenwick": "47.6% (41.9) // 40.8% (33.1) // 38.6% (32.5) // 35.6% (31.3)",
        "shots": "47.0% (29.3) // 41.7% (23.5) // 38.9% (22.8) // 39.8% (25.3)",
        "scoring": "47.0% (29.6) // 40.9% (23.0) // 33.8% (18.7) // 30.6% (18.3)",
        "corsiAgainst": "52.0% (61.7) // 57.3% (62.5) // 59.2% (66.3) // 62.7% (74.0)",
        "fenwickAgainst": "52.4% (46.2) // 59.2% (48.0) // 61.4% (51.5) // 64.4% (56.7)",
        "shotsAgainst": "53.0% (33.0) // 58.3% (32.8) // 61.1% (35.8) // 60.2% (38.3)",
        "scoringAgainst": "53.0% (33.4) // 59.1% (33.2) // 66.2% (36.6) // 69.4% (41.7)",
        "oppCorsi": "46.1% (50.6) // 43.9% (47.4) // 43.8% (48.9) // 42.9% (50.5)",
        "oppFenwick": "46.2% (38.7) // 43.9% (36.2) // 43.5% (37.1) // 40.6% (36.6)",
        "oppShots": "46.9% (28.3) // 45.9% (26.8) // 47.6% (28.0) // 44.8% (27.3)",
        "oppScoring": "46.4% (27.4) // 44.4% (24.2) // 43.7% (24.8) // 41.1% (26.3)",
        "oppCorsiAgainst": "53.9% (59.2) // 56.1% (60.5) // 56.2% (62.9) // 57.1% (67.2)",
        "oppFenwickAgainst": "53.8% (45.1) // 56.1% (46.2) // 56.5% (48.3) // 59.4% (53.5)",
        "oppShotsAgainst": "53.1% (32.1) // 54.1% (31.5) // 52.4% (30.8) // 55.2% (33.6)",
        "oppScoringAgainst": "53.6% (31.6) // 55.6% (30.2) // 56.3% (32.0) // 58.9% (37.6)",
        "savesPerGame": 30.5,
        "savesPerGameLast1": 43.0,
        "savesPerGameLast3": 36.3,
        "savesPerGameLast5": 33.6,
        "savesPer60": 30.6,
        "savesPer60Last1": 42.5,
        "savesPer60Last3": 35.9,
        "savesPer60Last5": 33.9,
        "shotsPerGame": 29.7,
        "shotsPerGameLast5": 23.2,
        "shotsAgainstPerGame": 33.5,
        "shotsAgainstPerGameLast5": 36.4,
        "oppSavesAgainstPer60": 25.3,
        "oppSavesAgainstPer60Last1": 23.8,
        "oppSavesAgainstPer60Last3": 21.4,
        "oppSavesAgainstPer60Last5": 22.5,
        "oppShotsAgainstPerGame": 32.4,
        "oppShotsAgainstPerGameLast5": 30.8,
        "savesProj": 27.0,
        "savesProjLast5": 26.7,
        "savesProjLast3": 27.1,
        "oppSavesAgainstProj": 27.7,
        "oppSavesAgainstProjLast5": 26.3,
        "oppSavesAgainstProjLast3": 26.1,
        "totalOver": 44,
        "totalOverLast5": 60,
        "totalOverLast15": 47,
        "lastTotalOver": 0,
        "last5": "1,4,4,1,3,7,1,2,3,0",
        "overOdds": "+125",
        "underOdds": "-155",
        "overUnder": "+125 / -155"
    },
    {
        "player": "Phillip Tomasino",
        "team": "NSH",
        "opponent": "STL",
        "propType": "sog",
        "line": 1.5,
        "ppLine": "",
        "avg": 1.78,
        "hit": false,
        "diffAvg": 0.19,
        "diffAbs": 1.0,
        "lastAvg": 0,
        "diff": 0,
        "avgMin": 14,
        "proj": 0.0,
        "lastAvgMin": 0,
        "oppOver": 0,
        "teamOver": 0,
        "gameLine": "-145",
        "+/-": "+5",
        "L5_+/-": "+4.0",
        "prevMatchup": "",
        "winLossSplits": "2.32 - 1.19",
        "awayHome": "H",
        "playedYesterday": "N",
        "awayHomeSplits": "2.25 - 1.27",
        "savesAboveExp": -0.172,
        "gsaa": -21.62,
        "corsi": "48.0% (57.0) // 42.7% (46.6) // 40.8% (45.6) // 37.3% (44.0)",
        "fenwick": "47.6% (41.9) // 40.8% (33.1) // 38.6% (32.5) // 35.6% (31.3)",
        "shots": "47.0% (29.3) // 41.7% (23.5) // 38.9% (22.8) // 39.8% (25.3)",
        "scoring": "47.0% (29.6) // 40.9% (23.0) // 33.8% (18.7) // 30.6% (18.3)",
        "corsiAgainst": "52.0% (61.7) // 57.3% (62.5) // 59.2% (66.3) // 62.7% (74.0)",
        "fenwickAgainst": "52.4% (46.2) // 59.2% (48.0) // 61.4% (51.5) // 64.4% (56.7)",
        "shotsAgainst": "53.0% (33.0) // 58.3% (32.8) // 61.1% (35.8) // 60.2% (38.3)",
        "scoringAgainst": "53.0% (33.4) // 59.1% (33.2) // 66.2% (36.6) // 69.4% (41.7)",
        "oppCorsi": "46.1% (50.6) // 43.9% (47.4) // 43.8% (48.9) // 42.9% (50.5)",
        "oppFenwick": "46.2% (38.7) // 43.9% (36.2) // 43.5% (37.1) // 40.6% (36.6)",
        "oppShots": "46.9% (28.3) // 45.9% (26.8) // 47.6% (28.0) // 44.8% (27.3)",
        "oppScoring": "46.4% (27.4) // 44.4% (24.2) // 43.7% (24.8) // 41.1% (26.3)",
        "oppCorsiAgainst": "53.9% (59.2) // 56.1% (60.5) // 56.2% (62.9) // 57.1% (67.2)",
        "oppFenwickAgainst": "53.8% (45.1) // 56.1% (46.2) // 56.5% (48.3) // 59.4% (53.5)",
        "oppShotsAgainst": "53.1% (32.1) // 54.1% (31.5) // 52.4% (30.8) // 55.2% (33.6)",
        "oppScoringAgainst": "53.6% (31.6) // 55.6% (30.2) // 56.3% (32.0) // 58.9% (37.6)",
        "savesPerGame": 30.5,
        "savesPerGameLast1": 43.0,
        "savesPerGameLast3": 36.3,
        "savesPerGameLast5": 33.6,
        "savesPer60": 30.6,
        "savesPer60Last1": 42.5,
        "savesPer60Last3": 35.9,
        "savesPer60Last5": 33.9,
        "shotsPerGame": 29.7,
        "shotsPerGameLast5": 23.2,
        "shotsAgainstPerGame": 33.5,
        "shotsAgainstPerGameLast5": 36.4,
        "oppSavesAgainstPer60": 25.3,
        "oppSavesAgainstPer60Last1": 23.8,
        "oppSavesAgainstPer60Last3": 21.4,
        "oppSavesAgainstPer60Last5": 22.5,
        "oppShotsAgainstPerGame": 32.4,
        "oppShotsAgainstPerGameLast5": 30.8,
        "savesProj": 27.0,
        "savesProjLast5": 26.7,
        "savesProjLast3": 27.1,
        "oppSavesAgainstProj": 27.7,
        "oppSavesAgainstProjLast5": 26.3,
        "oppSavesAgainstProjLast3": 26.1,
        "totalOver": 57,
        "totalOverLast5": 60,
        "totalOverLast15": 47,
        "lastTotalOver": 0,
        "last5": "2,2,0,2,0,6,2,1,1,0",
        "overOdds": "-175",
        "underOdds": "+140",
        "overUnder": "-175 / +140"
    },
    {
        "player": "Brad Marchand",
        "team": "BOS",
        "opponent": "PIT",
        "propType": "sog",
        "line": 2.5,
        "ppLine": "PP1",
        "avg": 2.53,
        "hit": false,
        "diffAvg": 0.01,
        "diffAbs": 0.16,
        "lastAvg": 3.14,
        "diff": 0.26,
        "avgMin": 18,
        "proj": 2.9,
        "lastAvgMin": 19.25,
        "oppOver": 0,
        "teamOver": 0,
        "gameLine": "-125",
        "+/-": "+26",
        "L5_+/-": "+2.0",
        "prevMatchup": "2023-01-02 4.0 sog 2022-11-01 6.0 sog",
        "winLossSplits": "2.18 - 3.23",
        "awayHome": "A",
        "playedYesterday": "N",
        "awayHomeSplits": "2.85 - 2.21",
        "savesAboveExp": 0.033,
        "gsaa": 7.32,
        "corsi": "51.3% (57.9) // 49.8% (56.6) // 50.3% (56.7) // 52.8% (61.4)",
        "fenwick": "51.6% (43.8) // 49.8% (43.8) // 49.7% (43.0) // 54.2% (47.8)",
        "shots": "52.6% (32.5) // 51.4% (32.1) // 52.6% (31.4) // 55.0% (33.9)",
        "scoring": "53.1% (32.3) // 53.6% (32.8) // 55.0% (32.4) // 57.6% (34.3)",
        "corsiAgainst": "48.7% (55.0) // 50.2% (57.1) // 49.7% (56.1) // 47.2% (54.9)",
        "fenwickAgainst": "48.4% (41.0) // 50.2% (44.2) // 50.3% (43.6) // 45.8% (40.4)",
        "shotsAgainst": "47.4% (29.3) // 48.6% (30.4) // 47.4% (28.3) // 45.0% (27.8)",
        "scoringAgainst": "46.9% (28.5) // 46.4% (28.3) // 45.0% (26.5) // 42.4% (25.2)",
        "oppCorsi": "52.0% (63.5) // 57.1% (73.9) // 56.3% (75.8) // 59.7% (78.5)",
        "oppFenwick": "52.0% (47.6) // 58.5% (55.6) // 58.1% (59.0) // 62.6% (62.0)",
        "oppShots": "51.3% (34.4) // 58.9% (40.2) // 58.5% (42.2) // 61.3% (42.0)",
        "oppScoring": "52.7% (33.4) // 59.2% (40.1) // 56.4% (39.8) // 63.7% (43.0)",
        "oppCorsiAgainst": "48.0% (58.6) // 42.9% (55.5) // 43.7% (58.8) // 40.3% (53.0)",
        "oppFenwickAgainst": "48.0% (43.9) // 41.5% (39.5) // 41.9% (42.6) // 37.4% (37.0)",
        "oppShotsAgainst": "48.7% (32.6) // 41.1% (28.0) // 41.5% (30.0) // 38.7% (26.5)",
        "oppScoringAgainst": "47.3% (30.0) // 40.8% (27.6) // 43.6% (30.8) // 36.3% (24.5)",
        "savesPerGame": 27.6,
        "savesPerGameLast1": 25.0,
        "savesPerGameLast3": 26.7,
        "savesPerGameLast5": 27.0,
        "savesPer60": 27.7,
        "savesPer60Last1": 25.3,
        "savesPer60Last3": 27.2,
        "savesPer60Last5": 27.3,
        "shotsPerGame": 32.9,
        "shotsPerGameLast5": 32.0,
        "shotsAgainstPerGame": 29.7,
        "shotsAgainstPerGameLast5": 28.8,
        "oppSavesAgainstPer60": 31.6,
        "oppSavesAgainstPer60Last1": 43.0,
        "oppSavesAgainstPer60Last3": 37.6,
        "oppSavesAgainstPer60Last5": 38.4,
        "oppShotsAgainstPerGame": 33.0,
        "oppShotsAgainstPerGameLast5": 30.0,
        "savesProj": 29.3,
        "savesProjLast5": 35.5,
        "savesProjLast3": 34.7,
        "oppSavesAgainstProj": 30.6,
        "oppSavesAgainstProjLast5": 37.4,
        "oppSavesAgainstProjLast3": 34.8,
        "totalOver": 44,
        "totalOverLast5": 40,
        "totalOverLast15": 33,
        "lastTotalOver": 61,
        "last5": "3,1,3,1,2,0,1,1,6,4",
        "overOdds": "-110",
        "underOdds": "-120",
        "overUnder": "-110 / -120"
    },
    {
        "player": "Bryan Rust",
        "team": "PIT",
        "opponent": "BOS",
        "propType": "sog",
        "line": 2.5,
        "ppLine": "PP2",
        "avg": 2.61,
        "hit": false,
        "diffAvg": 0.04,
        "diffAbs": 0.04,
        "lastAvg": 2.69,
        "diff": 0.08,
        "avgMin": 17,
        "proj": 2.4,
        "lastAvgMin": 18.77,
        "oppOver": 0,
        "teamOver": 0,
        "gameLine": "+105",
        "+/-": -8,
        "L5_+/-": -1.0,
        "prevMatchup": "2023-01-02 2.0 sog 2022-11-01 5.0 sog",
        "winLossSplits": "2.52 - 2.42",
        "awayHome": "H",
        "playedYesterday": "N",
        "awayHomeSplits": "2.21 - 3.03",
        "savesAboveExp": 0.19,
        "gsaa": 13.56,
        "corsi": "52.0% (63.5) // 57.1% (73.9) // 56.3% (75.8) // 59.7% (78.5)",
        "fenwick": "52.0% (47.6) // 58.5% (55.6) // 58.1% (59.0) // 62.6% (62.0)",
        "shots": "51.3% (34.4) // 58.9% (40.2) // 58.5% (42.2) // 61.3% (42.0)",
        "scoring": "52.7% (33.4) // 59.2% (40.1) // 56.4% (39.8) // 63.7% (43.0)",
        "corsiAgainst": "48.0% (58.6) // 42.9% (55.5) // 43.7% (58.8) // 40.3% (53.0)",
        "fenwickAgainst": "48.0% (43.9) // 41.5% (39.5) // 41.9% (42.6) // 37.4% (37.0)",
        "shotsAgainst": "48.7% (32.6) // 41.1% (28.0) // 41.5% (30.0) // 38.7% (26.5)",
        "scoringAgainst": "47.3% (30.0) // 40.8% (27.6) // 43.6% (30.8) // 36.3% (24.5)",
        "oppCorsi": "51.3% (57.9) // 49.8% (56.6) // 50.3% (56.7) // 52.8% (61.4)",
        "oppFenwick": "51.6% (43.8) // 49.8% (43.8) // 49.7% (43.0) // 54.2% (47.8)",
        "oppShots": "52.6% (32.5) // 51.4% (32.1) // 52.6% (31.4) // 55.0% (33.9)",
        "oppScoring": "53.1% (32.3) // 53.6% (32.8) // 55.0% (32.4) // 57.6% (34.3)",
        "oppCorsiAgainst": "48.7% (55.0) // 50.2% (57.1) // 49.7% (56.1) // 47.2% (54.9)",
        "oppFenwickAgainst": "48.4% (41.0) // 50.2% (44.2) // 50.3% (43.6) // 45.8% (40.4)",
        "oppShotsAgainst": "47.4% (29.3) // 48.6% (30.4) // 47.4% (28.3) // 45.0% (27.8)",
        "oppScoringAgainst": "46.9% (28.5) // 46.4% (28.3) // 45.0% (26.5) // 42.4% (25.2)",
        "savesPerGame": 29.7,
        "savesPerGameLast1": 28.0,
        "savesPerGameLast3": 25.7,
        "savesPerGameLast5": 27.0,
        "savesPer60": 29.8,
        "savesPer60Last1": 27.7,
        "savesPer60Last3": 25.3,
        "savesPer60Last5": 26.5,
        "shotsPerGame": 34.7,
        "shotsPerGameLast5": 42.2,
        "shotsAgainstPerGame": 33.0,
        "shotsAgainstPerGameLast5": 30.0,
        "oppSavesAgainstPer60": 29.1,
        "oppSavesAgainstPer60Last1": 29.0,
        "oppSavesAgainstPer60Last3": 33.9,
        "oppSavesAgainstPer60Last5": 30.0,
        "oppShotsAgainstPerGame": 29.7,
        "oppShotsAgainstPerGameLast5": 28.8,
        "savesProj": 31.4,
        "savesProjLast5": 28.3,
        "savesProjLast3": 30.1,
        "oppSavesAgainstProj": 30.7,
        "oppSavesAgainstProjLast5": 28.8,
        "oppSavesAgainstProjLast3": 31.9,
        "totalOver": 42,
        "totalOverLast5": 80,
        "totalOverLast15": 40,
        "lastTotalOver": 54,
        "last5": "1,3,3,5,3,6,2,1,2,2",
        "overOdds": "-120",
        "underOdds": "-110",
        "overUnder": "-120 / -110"
    },
    {
        "player": "David Pastrnak",
        "team": "BOS",
        "opponent": "PIT",
        "propType": "sog",
        "line": 4.5,
        "ppLine": "PP1",
        "avg": 4.84,
        "hit": false,
        "diffAvg": 0.08,
        "diffAbs": 0.11,
        "lastAvg": 3.95,
        "diff": -0.12,
        "avgMin": 19,
        "proj": 4.0,
        "lastAvgMin": 18.6,
        "oppOver": 0,
        "teamOver": 0,
        "gameLine": "-125",
        "+/-": "+33",
        "L5_+/-": "+3.0",
        "prevMatchup": "2023-01-02 2.0 sog 2022-11-01 7.0 sog",
        "winLossSplits": "4.75 - 4.48",
        "awayHome": "A",
        "playedYesterday": "N",
        "awayHomeSplits": "4.68 - 5.0",
        "savesAboveExp": 0.033,
        "gsaa": 7.32,
        "corsi": "51.3% (57.9) // 49.8% (56.6) // 50.3% (56.7) // 52.8% (61.4)",
        "fenwick": "51.6% (43.8) // 49.8% (43.8) // 49.7% (43.0) // 54.2% (47.8)",
        "shots": "52.6% (32.5) // 51.4% (32.1) // 52.6% (31.4) // 55.0% (33.9)",
        "scoring": "53.1% (32.3) // 53.6% (32.8) // 55.0% (32.4) // 57.6% (34.3)",
        "corsiAgainst": "48.7% (55.0) // 50.2% (57.1) // 49.7% (56.1) // 47.2% (54.9)",
        "fenwickAgainst": "48.4% (41.0) // 50.2% (44.2) // 50.3% (43.6) // 45.8% (40.4)",
        "shotsAgainst": "47.4% (29.3) // 48.6% (30.4) // 47.4% (28.3) // 45.0% (27.8)",
        "scoringAgainst": "46.9% (28.5) // 46.4% (28.3) // 45.0% (26.5) // 42.4% (25.2)",
        "oppCorsi": "52.0% (63.5) // 57.1% (73.9) // 56.3% (75.8) // 59.7% (78.5)",
        "oppFenwick": "52.0% (47.6) // 58.5% (55.6) // 58.1% (59.0) // 62.6% (62.0)",
        "oppShots": "51.3% (34.4) // 58.9% (40.2) // 58.5% (42.2) // 61.3% (42.0)",
        "oppScoring": "52.7% (33.4) // 59.2% (40.1) // 56.4% (39.8) // 63.7% (43.0)",
        "oppCorsiAgainst": "48.0% (58.6) // 42.9% (55.5) // 43.7% (58.8) // 40.3% (53.0)",
        "oppFenwickAgainst": "48.0% (43.9) // 41.5% (39.5) // 41.9% (42.6) // 37.4% (37.0)",
        "oppShotsAgainst": "48.7% (32.6) // 41.1% (28.0) // 41.5% (30.0) // 38.7% (26.5)",
        "oppScoringAgainst": "47.3% (30.0) // 40.8% (27.6) // 43.6% (30.8) // 36.3% (24.5)",
        "savesPerGame": 27.6,
        "savesPerGameLast1": 25.0,
        "savesPerGameLast3": 26.7,
        "savesPerGameLast5": 27.0,
        "savesPer60": 27.7,
        "savesPer60Last1": 25.3,
        "savesPer60Last3": 27.2,
        "savesPer60Last5": 27.3,
        "shotsPerGame": 32.9,
        "shotsPerGameLast5": 32.0,
        "shotsAgainstPerGame": 29.7,
        "shotsAgainstPerGameLast5": 28.8,
        "oppSavesAgainstPer60": 31.6,
        "oppSavesAgainstPer60Last1": 43.0,
        "oppSavesAgainstPer60Last3": 37.6,
        "oppSavesAgainstPer60Last5": 38.4,
        "oppShotsAgainstPerGame": 33.0,
        "oppShotsAgainstPerGameLast5": 30.0,
        "savesProj": 29.3,
        "savesProjLast5": 35.5,
        "savesProjLast3": 34.7,
        "oppSavesAgainstProj": 30.6,
        "oppSavesAgainstProjLast5": 37.4,
        "oppSavesAgainstProjLast3": 34.8,
        "totalOver": 60,
        "totalOverLast5": 100,
        "totalOverLast15": 73,
        "lastTotalOver": 46,
        "last5": "5,8,7,5,5,7,5,6,5,3",
        "overOdds": "-135",
        "underOdds": "+105",
        "overUnder": "-135 / +105"
    },
    {
        "player": "Evgeni Malkin",
        "team": "PIT",
        "opponent": "BOS",
        "propType": "sog",
        "line": 2.5,
        "ppLine": "PP1",
        "avg": 2.91,
        "hit": false,
        "diffAvg": 0.16,
        "diffAbs": 0.04,
        "lastAvg": 2.69,
        "diff": 0.08,
        "avgMin": 18,
        "proj": 2.6,
        "lastAvgMin": 18.32,
        "oppOver": 0,
        "teamOver": 0,
        "gameLine": "+105",
        "+/-": -9,
        "L5_+/-": -5.0,
        "prevMatchup": "2023-01-02 3.0 sog 2022-11-01 4.0 sog",
        "winLossSplits": "3.23 - 2.42",
        "awayHome": "H",
        "playedYesterday": "N",
        "awayHomeSplits": "2.71 - 3.11",
        "savesAboveExp": 0.19,
        "gsaa": 13.56,
        "corsi": "52.0% (63.5) // 57.1% (73.9) // 56.3% (75.8) // 59.7% (78.5)",
        "fenwick": "52.0% (47.6) // 58.5% (55.6) // 58.1% (59.0) // 62.6% (62.0)",
        "shots": "51.3% (34.4) // 58.9% (40.2) // 58.5% (42.2) // 61.3% (42.0)",
        "scoring": "52.7% (33.4) // 59.2% (40.1) // 56.4% (39.8) // 63.7% (43.0)",
        "corsiAgainst": "48.0% (58.6) // 42.9% (55.5) // 43.7% (58.8) // 40.3% (53.0)",
        "fenwickAgainst": "48.0% (43.9) // 41.5% (39.5) // 41.9% (42.6) // 37.4% (37.0)",
        "shotsAgainst": "48.7% (32.6) // 41.1% (28.0) // 41.5% (30.0) // 38.7% (26.5)",
        "scoringAgainst": "47.3% (30.0) // 40.8% (27.6) // 43.6% (30.8) // 36.3% (24.5)",
        "oppCorsi": "51.3% (57.9) // 49.8% (56.6) // 50.3% (56.7) // 52.8% (61.4)",
        "oppFenwick": "51.6% (43.8) // 49.8% (43.8) // 49.7% (43.0) // 54.2% (47.8)",
        "oppShots": "52.6% (32.5) // 51.4% (32.1) // 52.6% (31.4) // 55.0% (33.9)",
        "oppScoring": "53.1% (32.3) // 53.6% (32.8) // 55.0% (32.4) // 57.6% (34.3)",
        "oppCorsiAgainst": "48.7% (55.0) // 50.2% (57.1) // 49.7% (56.1) // 47.2% (54.9)",
        "oppFenwickAgainst": "48.4% (41.0) // 50.2% (44.2) // 50.3% (43.6) // 45.8% (40.4)",
        "oppShotsAgainst": "47.4% (29.3) // 48.6% (30.4) // 47.4% (28.3) // 45.0% (27.8)",
        "oppScoringAgainst": "46.9% (28.5) // 46.4% (28.3) // 45.0% (26.5) // 42.4% (25.2)",
        "savesPerGame": 29.7,
        "savesPerGameLast1": 28.0,
        "savesPerGameLast3": 25.7,
        "savesPerGameLast5": 27.0,
        "savesPer60": 29.8,
        "savesPer60Last1": 27.7,
        "savesPer60Last3": 25.3,
        "savesPer60Last5": 26.5,
        "shotsPerGame": 34.7,
        "shotsPerGameLast5": 42.2,
        "shotsAgainstPerGame": 33.0,
        "shotsAgainstPerGameLast5": 30.0,
        "oppSavesAgainstPer60": 29.1,
        "oppSavesAgainstPer60Last1": 29.0,
        "oppSavesAgainstPer60Last3": 33.9,
        "oppSavesAgainstPer60Last5": 30.0,
        "oppShotsAgainstPerGame": 29.7,
        "oppShotsAgainstPerGameLast5": 28.8,
        "savesProj": 31.4,
        "savesProjLast5": 28.3,
        "savesProjLast3": 30.1,
        "oppSavesAgainstProj": 30.7,
        "oppSavesAgainstProjLast5": 28.8,
        "oppSavesAgainstProjLast3": 31.9,
        "totalOver": 53,
        "totalOverLast5": 60,
        "totalOverLast15": 53,
        "lastTotalOver": 50,
        "last5": "4,6,2,3,2,4,2,0,3,2",
        "overOdds": "-125",
        "underOdds": "-105",
        "overUnder": "-125 / -105"
    },
    {
        "player": "Hampus Lindholm",
        "team": "BOS",
        "opponent": "PIT",
        "propType": "sog",
        "line": 1.5,
        "ppLine": "PP1",
        "avg": 2.03,
        "hit": false,
        "diffAvg": 0.35,
        "diffAbs": 0.27,
        "lastAvg": 1.89,
        "diff": 0.26,
        "avgMin": 23,
        "proj": 1.9,
        "lastAvgMin": 22.5,
        "oppOver": 0,
        "teamOver": 0,
        "gameLine": "-125",
        "+/-": "+46",
        "L5_+/-": "+7.0",
        "prevMatchup": "2023-01-02 2.0 sog 2022-11-01 3.0 sog",
        "winLossSplits": "1.95 - 2.19",
        "awayHome": "A",
        "playedYesterday": "N",
        "awayHomeSplits": "2.0 - 2.05",
        "savesAboveExp": 0.033,
        "gsaa": 7.32,
        "corsi": "51.3% (57.9) // 49.8% (56.6) // 50.3% (56.7) // 52.8% (61.4)",
