[
    {
        "player": "Aaron Ekblad",
        "team": "FLA",
        "opponent": "CAR",
        "propType": "sog",
        "line": 1.5,
        "ppLine": "PP2",
        "avg": 2.86,
        "hit": false,
        "diffAvg": 0.91,
        "diffAbs": 0.53,
        "lastAvg": 2.54,
        "diff": 0.69,
        "avgMin": 23,
        "proj": 2.3,
        "lastAvgMin": 24.92,
        "oppOver": 0,
        "teamOver": 0,
        "gameLine": "+125",
        "+/-": -8,
        "L5_+/-": "+6.0",
        "prevMatchup": "2023-05-18 2.0 sog 2023-04-13 4.0 sog 2022-12-30 0.0 sog",
        "winLossSplits": "76% - 74%",
        "awayHome": "A",
        "playedYesterday": "N",
        "awayHomeSplits": "67% - 82%",
        "savesAboveExp": -0.44,
        "gsaa": -0.71,
        "corsi": "54.2% (66.3) // 52.5% (66.0) // 54.2% (66.3) // 54.2% (66.3)",
        "fenwick": "53.6% (49.9) // 52.0% (49.3) // 53.6% (49.9) // 53.6% (49.9)",
        "shots": "53.7% (36.5) // 51.9% (35.5) // 53.7% (36.5) // 53.7% (36.5)",
        "scoring": "54.6% (34.8) // 53.4% (34.0) // 54.6% (34.8) // 54.6% (34.8)",
        "corsiAgainst": "45.8% (56.1) // 47.5% (59.7) // 45.8% (56.1) // 45.8% (56.1)",
        "fenwickAgainst": "46.4% (43.2) // 48.0% (45.5) // 46.4% (43.2) // 46.4% (43.2)",
        "shotsAgainst": "46.3% (31.5) // 48.1% (33.0) // 46.3% (31.5) // 46.3% (31.5)",
        "scoringAgainst": "45.4% (28.9) // 46.6% (29.7) // 45.4% (28.9) // 45.4% (28.9)",
        "oppCorsi": "59.9% (67.4) // 61.2% (68.8) // 59.9% (67.4) // 59.9% (67.4)",
        "oppFenwick": "59.1% (50.8) // 60.1% (51.8) // 59.1% (50.8) // 59.1% (50.8)",
        "oppShots": "57.2% (34.3) // 58.4% (34.4) // 57.2% (34.3) // 57.2% (34.3)",
        "oppScoring": "58.9% (33.3) // 62.3% (33.3) // 58.9% (33.3) // 58.9% (33.3)",
        "oppCorsiAgainst": "40.1% (45.2) // 38.8% (43.6) // 40.1% (45.2) // 40.1% (45.2)",
        "oppFenwickAgainst": "40.9% (35.1) // 39.9% (34.4) // 40.9% (35.1) // 40.9% (35.1)",
        "oppShotsAgainst": "42.8% (25.6) // 41.6% (24.5) // 42.8% (25.6) // 42.8% (25.6)",
        "oppScoringAgainst": "41.1% (23.3) // 37.7% (20.2) // 41.1% (23.3) // 41.1% (23.3)",
        "savesPerGame": 28.4,
        "savesPerGameLast1": 63.0,
        "savesPerGameLast3": 45.7,
        "savesPerGameLast5": 38.6,
        "savesPer60": 33.4,
        "savesPer60Last1": 146.8,
        "savesPer60Last3": 69.5,
        "savesPer60Last5": 51.1,
        "shotsPerGame": 36.8,
        "shotsPerGameLast5": 37.4,
        "shotsAgainstPerGame": 31.7,
        "shotsAgainstPerGameLast5": 40.6,
        "oppSavesAgainstPer60": 36.9,
        "oppSavesAgainstPer60Last1": 63.0,
        "oppSavesAgainstPer60Last3": 40.6,
        "oppSavesAgainstPer60Last5": 36.1,
        "oppShotsAgainstPerGame": 26.0,
        "oppShotsAgainstPerGameLast5": 34.8,
        "savesProj": 38.5,
        "savesProjLast5": 65.8,
        "savesProjLast3": 102.8,
        "oppSavesAgainstProj": 36.0,
        "oppSavesAgainstProjLast5": 41.2,
        "oppSavesAgainstProjLast3": 53.5,
        "totalOver": 75,
        "totalOverLast5": 40,
        "totalOverLast15": 60,
        "lastTotalOver": 77,
        "last5": "2,1,1,0,2,2,3,2,0,0",
        "overOdds": "-150",
        "underOdds": "+120",
        "overUnder": "-150 / +120"
    },
    {
        "player": "Aleksander Barkov",
        "team": "FLA",
        "opponent": "CAR",
        "propType": "sog",
        "line": 2.5,
        "ppLine": "PP1",
        "avg": 3.05,
        "hit": false,
        "diffAvg": 0.22,
        "diffAbs": 0.16,
        "lastAvg": 2.78,
        "diff": 0.11,
        "avgMin": 21,
        "proj": 2.9,
        "lastAvgMin": 20.3,
        "oppOver": 0,
        "teamOver": 0,
        "gameLine": "+125",
        "+/-": "+15",
        "L5_+/-": "+6.0",
        "prevMatchup": "2023-05-18 3.0 sog 2023-04-13 5.0 sog 2022-12-30 2.0 sog 2022-11-09 6.0 sog",
        "winLossSplits": "57% - 53%",
        "awayHome": "A",
        "playedYesterday": "N",
        "awayHomeSplits": "44% - 68%",
        "savesAboveExp": -0.44,
        "gsaa": -0.71,
        "corsi": "54.2% (66.3) // 52.5% (66.0) // 54.2% (66.3) // 54.2% (66.3)",
        "fenwick": "53.6% (49.9) // 52.0% (49.3) // 53.6% (49.9) // 53.6% (49.9)",
        "shots": "53.7% (36.5) // 51.9% (35.5) // 53.7% (36.5) // 53.7% (36.5)",
        "scoring": "54.6% (34.8) // 53.4% (34.0) // 54.6% (34.8) // 54.6% (34.8)",
        "corsiAgainst": "45.8% (56.1) // 47.5% (59.7) // 45.8% (56.1) // 45.8% (56.1)",
        "fenwickAgainst": "46.4% (43.2) // 48.0% (45.5) // 46.4% (43.2) // 46.4% (43.2)",
        "shotsAgainst": "46.3% (31.5) // 48.1% (33.0) // 46.3% (31.5) // 46.3% (31.5)",
        "scoringAgainst": "45.4% (28.9) // 46.6% (29.7) // 45.4% (28.9) // 45.4% (28.9)",
        "oppCorsi": "59.9% (67.4) // 61.2% (68.8) // 59.9% (67.4) // 59.9% (67.4)",
        "oppFenwick": "59.1% (50.8) // 60.1% (51.8) // 59.1% (50.8) // 59.1% (50.8)",
        "oppShots": "57.2% (34.3) // 58.4% (34.4) // 57.2% (34.3) // 57.2% (34.3)",
        "oppScoring": "58.9% (33.3) // 62.3% (33.3) // 58.9% (33.3) // 58.9% (33.3)",
        "oppCorsiAgainst": "40.1% (45.2) // 38.8% (43.6) // 40.1% (45.2) // 40.1% (45.2)",
        "oppFenwickAgainst": "40.9% (35.1) // 39.9% (34.4) // 40.9% (35.1) // 40.9% (35.1)",
        "oppShotsAgainst": "42.8% (25.6) // 41.6% (24.5) // 42.8% (25.6) // 42.8% (25.6)",
        "oppScoringAgainst": "41.1% (23.3) // 37.7% (20.2) // 41.1% (23.3) // 41.1% (23.3)",
        "savesPerGame": 28.4,
        "savesPerGameLast1": 63.0,
        "savesPerGameLast3": 45.7,
        "savesPerGameLast5": 38.6,
        "savesPer60": 33.4,
        "savesPer60Last1": 146.8,
        "savesPer60Last3": 69.5,
        "savesPer60Last5": 51.1,
        "shotsPerGame": 36.8,
        "shotsPerGameLast5": 37.4,
        "shotsAgainstPerGame": 31.7,
        "shotsAgainstPerGameLast5": 40.6,
        "oppSavesAgainstPer60": 36.9,
        "oppSavesAgainstPer60Last1": 63.0,
        "oppSavesAgainstPer60Last3": 40.6,
        "oppSavesAgainstPer60Last5": 36.1,
        "oppShotsAgainstPerGame": 26.0,
        "oppShotsAgainstPerGameLast5": 34.8,
        "savesProj": 38.5,
        "savesProjLast5": 65.8,
        "savesProjLast3": 102.8,
        "oppSavesAgainstProj": 36.0,
        "oppSavesAgainstProjLast5": 41.2,
        "oppSavesAgainstProjLast3": 53.5,
        "totalOver": 56,
        "totalOverLast5": 60,
        "totalOverLast15": 53,
        "lastTotalOver": 66,
        "last5": "3,3,6,1,1,4,4,2,2,7",
        "overOdds": "-120",
        "underOdds": "-110",
        "overUnder": "-120 / -110"
    },
    {
        "player": "Anthony Duclair",
        "team": "FLA",
        "opponent": "CAR",
        "propType": "sog",
        "line": 1.5,
        "ppLine": "PP2",
        "avg": 2.19,
        "hit": false,
        "diffAvg": 0.46,
        "diffAbs": 1.0,
        "lastAvg": 0,
        "diff": 0,
        "avgMin": 15,
        "proj": 0.0,
        "lastAvgMin": 0,
        "oppOver": 0,
        "teamOver": 0,
        "gameLine": "+125",
        "+/-": "+1",
        "L5_+/-": "+1.0",
        "prevMatchup": "2023-05-18 8.0 sog 2023-04-13 1.0 sog",
        "winLossSplits": "52% - 73%",
        "awayHome": "A",
        "playedYesterday": "N",
        "awayHomeSplits": "53% - 65%",
        "savesAboveExp": -0.44,
        "gsaa": -0.71,
        "corsi": "54.2% (66.3) // 52.5% (66.0) // 54.2% (66.3) // 54.2% (66.3)",
        "fenwick": "53.6% (49.9) // 52.0% (49.3) // 53.6% (49.9) // 53.6% (49.9)",
        "shots": "53.7% (36.5) // 51.9% (35.5) // 53.7% (36.5) // 53.7% (36.5)",
        "scoring": "54.6% (34.8) // 53.4% (34.0) // 54.6% (34.8) // 54.6% (34.8)",
        "corsiAgainst": "45.8% (56.1) // 47.5% (59.7) // 45.8% (56.1) // 45.8% (56.1)",
        "fenwickAgainst": "46.4% (43.2) // 48.0% (45.5) // 46.4% (43.2) // 46.4% (43.2)",
        "shotsAgainst": "46.3% (31.5) // 48.1% (33.0) // 46.3% (31.5) // 46.3% (31.5)",
        "scoringAgainst": "45.4% (28.9) // 46.6% (29.7) // 45.4% (28.9) // 45.4% (28.9)",
        "oppCorsi": "59.9% (67.4) // 61.2% (68.8) // 59.9% (67.4) // 59.9% (67.4)",
        "oppFenwick": "59.1% (50.8) // 60.1% (51.8) // 59.1% (50.8) // 59.1% (50.8)",
        "oppShots": "57.2% (34.3) // 58.4% (34.4) // 57.2% (34.3) // 57.2% (34.3)",
        "oppScoring": "58.9% (33.3) // 62.3% (33.3) // 58.9% (33.3) // 58.9% (33.3)",
        "oppCorsiAgainst": "40.1% (45.2) // 38.8% (43.6) // 40.1% (45.2) // 40.1% (45.2)",
        "oppFenwickAgainst": "40.9% (35.1) // 39.9% (34.4) // 40.9% (35.1) // 40.9% (35.1)",
        "oppShotsAgainst": "42.8% (25.6) // 41.6% (24.5) // 42.8% (25.6) // 42.8% (25.6)",
        "oppScoringAgainst": "41.1% (23.3) // 37.7% (20.2) // 41.1% (23.3) // 41.1% (23.3)",
        "savesPerGame": 28.4,
        "savesPerGameLast1": 63.0,
        "savesPerGameLast3": 45.7,
        "savesPerGameLast5": 38.6,
        "savesPer60": 33.4,
        "savesPer60Last1": 146.8,
        "savesPer60Last3": 69.5,
        "savesPer60Last5": 51.1,
        "shotsPerGame": 36.8,
        "shotsPerGameLast5": 37.4,
        "shotsAgainstPerGame": 31.7,
        "shotsAgainstPerGameLast5": 40.6,
        "oppSavesAgainstPer60": 36.9,
        "oppSavesAgainstPer60Last1": 63.0,
        "oppSavesAgainstPer60Last3": 40.6,
        "oppSavesAgainstPer60Last5": 36.1,
        "oppShotsAgainstPerGame": 26.0,
        "oppShotsAgainstPerGameLast5": 34.8,
        "savesProj": 38.5,
        "savesProjLast5": 65.8,
        "savesProjLast3": 102.8,
        "oppSavesAgainstProj": 36.0,
        "oppSavesAgainstProjLast5": 41.2,
        "oppSavesAgainstProjLast3": 53.5,
        "totalOver": 59,
        "totalOverLast5": 60,
        "totalOverLast15": 53,
        "lastTotalOver": 0,
        "last5": "8,1,0,5,2,0,0,2,2,3",
        "overOdds": "-155",
        "underOdds": "+125",
        "overUnder": "-155 / +125"
    },
    {
        "player": "Anton Lundell",
        "team": "FLA",
        "opponent": "CAR",
        "propType": "sog",
        "line": 1.5,
        "ppLine": "PP2",
        "avg": 2.08,
        "hit": false,
        "diffAvg": 0.39,
        "diffAbs": 0.13,
        "lastAvg": 1.69,
        "diff": 0.13,
        "avgMin": 16,
        "proj": 1.7,
        "lastAvgMin": 15.73,
        "oppOver": 0,
        "teamOver": 0,
        "gameLine": "+125",
        "+/-": "+4",
        "L5_+/-": "+4.0",
        "prevMatchup": "2023-05-18 2.0 sog 2023-04-13 2.0 sog 2022-12-30 1.0 sog 2022-11-09 1.0 sog",
        "winLossSplits": "51% - 74%",
        "awayHome": "A",
        "playedYesterday": "N",
        "awayHomeSplits": "73% - 50%",
        "savesAboveExp": -0.44,
        "gsaa": -0.71,
        "corsi": "54.2% (66.3) // 52.5% (66.0) // 54.2% (66.3) // 54.2% (66.3)",
        "fenwick": "53.6% (49.9) // 52.0% (49.3) // 53.6% (49.9) // 53.6% (49.9)",
        "shots": "53.7% (36.5) // 51.9% (35.5) // 53.7% (36.5) // 53.7% (36.5)",
        "scoring": "54.6% (34.8) // 53.4% (34.0) // 54.6% (34.8) // 54.6% (34.8)",
        "corsiAgainst": "45.8% (56.1) // 47.5% (59.7) // 45.8% (56.1) // 45.8% (56.1)",
        "fenwickAgainst": "46.4% (43.2) // 48.0% (45.5) // 46.4% (43.2) // 46.4% (43.2)",
        "shotsAgainst": "46.3% (31.5) // 48.1% (33.0) // 46.3% (31.5) // 46.3% (31.5)",
        "scoringAgainst": "45.4% (28.9) // 46.6% (29.7) // 45.4% (28.9) // 45.4% (28.9)",
        "oppCorsi": "59.9% (67.4) // 61.2% (68.8) // 59.9% (67.4) // 59.9% (67.4)",
        "oppFenwick": "59.1% (50.8) // 60.1% (51.8) // 59.1% (50.8) // 59.1% (50.8)",
        "oppShots": "57.2% (34.3) // 58.4% (34.4) // 57.2% (34.3) // 57.2% (34.3)",
        "oppScoring": "58.9% (33.3) // 62.3% (33.3) // 58.9% (33.3) // 58.9% (33.3)",
        "oppCorsiAgainst": "40.1% (45.2) // 38.8% (43.6) // 40.1% (45.2) // 40.1% (45.2)",
        "oppFenwickAgainst": "40.9% (35.1) // 39.9% (34.4) // 40.9% (35.1) // 40.9% (35.1)",
        "oppShotsAgainst": "42.8% (25.6) // 41.6% (24.5) // 42.8% (25.6) // 42.8% (25.6)",
        "oppScoringAgainst": "41.1% (23.3) // 37.7% (20.2) // 41.1% (23.3) // 41.1% (23.3)",
        "savesPerGame": 28.4,
        "savesPerGameLast1": 63.0,
        "savesPerGameLast3": 45.7,
        "savesPerGameLast5": 38.6,
        "savesPer60": 33.4,
        "savesPer60Last1": 146.8,
        "savesPer60Last3": 69.5,
        "savesPer60Last5": 51.1,
        "shotsPerGame": 36.8,
        "shotsPerGameLast5": 37.4,
        "shotsAgainstPerGame": 31.7,
        "shotsAgainstPerGameLast5": 40.6,
        "oppSavesAgainstPer60": 36.9,
        "oppSavesAgainstPer60Last1": 63.0,
        "oppSavesAgainstPer60Last3": 40.6,
        "oppSavesAgainstPer60Last5": 36.1,
        "oppShotsAgainstPerGame": 26.0,
        "oppShotsAgainstPerGameLast5": 34.8,
        "savesProj": 38.5,
        "savesProjLast5": 65.8,
        "savesProjLast3": 102.8,
        "oppSavesAgainstProj": 36.0,
        "oppSavesAgainstProjLast5": 41.2,
        "oppSavesAgainstProjLast3": 53.5,
        "totalOver": 62,
        "totalOverLast5": 80,
        "totalOverLast15": 73,
        "lastTotalOver": 55,
        "last5": "2,4,1,2,4,1,2,2,1,2",
        "overOdds": "-140",
        "underOdds": "+110",
        "overUnder": "-140 / +110"
    },
    {
        "player": "Brady Skjei",
        "team": "CAR",
        "opponent": "FLA",
        "propType": "sog",
        "line": 1.5,
        "ppLine": "",
        "avg": 2.28,
        "hit": false,
        "diffAvg": 0.52,
        "diffAbs": 0.33,
        "lastAvg": 1.92,
        "diff": 0.28,
        "avgMin": 22,
        "proj": 2.0,
        "lastAvgMin": 21.13,
        "oppOver": 0,
        "teamOver": 0,
        "gameLine": "-145",
        "+/-": "+4",
        "L5_+/-": 0.0,
        "prevMatchup": "2023-05-18 3.0 sog 2023-04-13 4.0 sog 2022-12-30 0.0 sog 2022-11-09 2.0 sog",
        "winLossSplits": "71% - 65%",
        "awayHome": "H",
        "playedYesterday": "N",
        "awayHomeSplits": "73% - 65%",
        "savesAboveExp": -0.102,
        "gsaa": -4.63,
        "corsi": "59.9% (67.4) // 61.2% (68.8) // 59.9% (67.4) // 59.9% (67.4)",
        "fenwick": "59.1% (50.8) // 60.1% (51.8) // 59.1% (50.8) // 59.1% (50.8)",
        "shots": "57.2% (34.3) // 58.4% (34.4) // 57.2% (34.3) // 57.2% (34.3)",
        "scoring": "58.9% (33.3) // 62.3% (33.3) // 58.9% (33.3) // 58.9% (33.3)",
        "corsiAgainst": "40.1% (45.2) // 38.8% (43.6) // 40.1% (45.2) // 40.1% (45.2)",
        "fenwickAgainst": "40.9% (35.1) // 39.9% (34.4) // 40.9% (35.1) // 40.9% (35.1)",
        "shotsAgainst": "42.8% (25.6) // 41.6% (24.5) // 42.8% (25.6) // 42.8% (25.6)",
        "scoringAgainst": "41.1% (23.3) // 37.7% (20.2) // 41.1% (23.3) // 41.1% (23.3)",
        "oppCorsi": "54.2% (66.3) // 52.5% (66.0) // 54.2% (66.3) // 54.2% (66.3)",
        "oppFenwick": "53.6% (49.9) // 52.0% (49.3) // 53.6% (49.9) // 53.6% (49.9)",
        "oppShots": "53.7% (36.5) // 51.9% (35.5) // 53.7% (36.5) // 53.7% (36.5)",
        "oppScoring": "54.6% (34.8) // 53.4% (34.0) // 54.6% (34.8) // 54.6% (34.8)",
        "oppCorsiAgainst": "45.8% (56.1) // 47.5% (59.7) // 45.8% (56.1) // 45.8% (56.1)",
        "oppFenwickAgainst": "46.4% (43.2) // 48.0% (45.5) // 46.4% (43.2) // 46.4% (43.2)",
        "oppShotsAgainst": "46.3% (31.5) // 48.1% (33.0) // 46.3% (31.5) // 46.3% (31.5)",
        "oppScoringAgainst": "45.4% (28.9) // 46.6% (29.7) // 45.4% (28.9) // 45.4% (28.9)",
        "savesPerGame": 23.4,
        "savesPerGameLast1": 57.0,
        "savesPerGameLast3": 35.0,
        "savesPerGameLast5": 31.8,
        "savesPer60": 27.5,
        "savesPer60Last1": 132.7,
        "savesPer60Last3": 51.9,
        "savesPer60Last5": 41.0,
        "shotsPerGame": 34.8,
        "shotsPerGameLast5": 39.6,
        "shotsAgainstPerGame": 26.0,
        "shotsAgainstPerGameLast5": 34.8,
        "oppSavesAgainstPer60": 39.2,
        "oppSavesAgainstPer60Last1": 58.6,
        "oppSavesAgainstPer60Last3": 40.4,
        "oppSavesAgainstPer60Last5": 35.7,
        "oppShotsAgainstPerGame": 31.7,
        "oppShotsAgainstPerGameLast5": 40.6,
        "savesProj": 27.2,
        "savesProjLast5": 42.5,
        "savesProjLast3": 62.7,
        "oppSavesAgainstProj": 31.3,
        "oppSavesAgainstProjLast5": 30.8,
        "oppSavesAgainstProjLast3": 37.7,
        "totalOver": 69,
        "totalOverLast5": 40,
        "totalOverLast15": 53,
        "lastTotalOver": 67,
        "last5": "3,3,1,1,0,1,3,2,1,2",
        "overOdds": "-175",
        "underOdds": "+140",
        "overUnder": "-175 / +140"
    },
    {
        "player": "Brandon Montour",
        "team": "FLA",
        "opponent": "CAR",
        "propType": "sog",
        "line": 2.5,
        "ppLine": "PP1",
        "avg": 3.17,
        "hit": false,
        "diffAvg": 0.27,
        "diffAbs": 0.08,
        "lastAvg": 1.68,
        "diff": -0.33,
        "avgMin": 24,
        "proj": 2.3,
        "lastAvgMin": 17.88,
        "oppOver": 0,
        "teamOver": 0,
        "gameLine": "+125",
        "+/-": "+14",
        "L5_+/-": "+5.0",
        "prevMatchup": "2023-05-18 8.0 sog 2023-04-13 6.0 sog 2022-12-30 2.0 sog 2022-11-09 1.0 sog",
        "winLossSplits": "58% - 60%",
        "awayHome": "A",
        "playedYesterday": "N",
        "awayHomeSplits": "50% - 69%",
        "savesAboveExp": -0.44,
        "gsaa": -0.71,
        "corsi": "54.2% (66.3) // 52.5% (66.0) // 54.2% (66.3) // 54.2% (66.3)",
        "fenwick": "53.6% (49.9) // 52.0% (49.3) // 53.6% (49.9) // 53.6% (49.9)",
        "shots": "53.7% (36.5) // 51.9% (35.5) // 53.7% (36.5) // 53.7% (36.5)",
        "scoring": "54.6% (34.8) // 53.4% (34.0) // 54.6% (34.8) // 54.6% (34.8)",
        "corsiAgainst": "45.8% (56.1) // 47.5% (59.7) // 45.8% (56.1) // 45.8% (56.1)",
        "fenwickAgainst": "46.4% (43.2) // 48.0% (45.5) // 46.4% (43.2) // 46.4% (43.2)",
        "shotsAgainst": "46.3% (31.5) // 48.1% (33.0) // 46.3% (31.5) // 46.3% (31.5)",
        "scoringAgainst": "45.4% (28.9) // 46.6% (29.7) // 45.4% (28.9) // 45.4% (28.9)",
        "oppCorsi": "59.9% (67.4) // 61.2% (68.8) // 59.9% (67.4) // 59.9% (67.4)",
        "oppFenwick": "59.1% (50.8) // 60.1% (51.8) // 59.1% (50.8) // 59.1% (50.8)",
        "oppShots": "57.2% (34.3) // 58.4% (34.4) // 57.2% (34.3) // 57.2% (34.3)",
        "oppScoring": "58.9% (33.3) // 62.3% (33.3) // 58.9% (33.3) // 58.9% (33.3)",
        "oppCorsiAgainst": "40.1% (45.2) // 38.8% (43.6) // 40.1% (45.2) // 40.1% (45.2)",
        "oppFenwickAgainst": "40.9% (35.1) // 39.9% (34.4) // 40.9% (35.1) // 40.9% (35.1)",
        "oppShotsAgainst": "42.8% (25.6) // 41.6% (24.5) // 42.8% (25.6) // 42.8% (25.6)",
        "oppScoringAgainst": "41.1% (23.3) // 37.7% (20.2) // 41.1% (23.3) // 41.1% (23.3)",
        "savesPerGame": 28.4,
        "savesPerGameLast1": 63.0,
        "savesPerGameLast3": 45.7,
        "savesPerGameLast5": 38.6,
        "savesPer60": 33.4,
        "savesPer60Last1": 146.8,
        "savesPer60Last3": 69.5,
        "savesPer60Last5": 51.1,
        "shotsPerGame": 36.8,
        "shotsPerGameLast5": 37.4,
        "shotsAgainstPerGame": 31.7,
        "shotsAgainstPerGameLast5": 40.6,
        "oppSavesAgainstPer60": 36.9,
        "oppSavesAgainstPer60Last1": 63.0,
        "oppSavesAgainstPer60Last3": 40.6,
        "oppSavesAgainstPer60Last5": 36.1,
        "oppShotsAgainstPerGame": 26.0,
        "oppShotsAgainstPerGameLast5": 34.8,
        "savesProj": 38.5,
        "savesProjLast5": 65.8,
        "savesProjLast3": 102.8,
        "oppSavesAgainstProj": 36.0,
        "oppSavesAgainstProjLast5": 41.2,
        "oppSavesAgainstProjLast3": 53.5,
        "totalOver": 59,
        "totalOverLast5": 80,
        "totalOverLast15": 60,
        "lastTotalOver": 48,
        "last5": "8,9,2,3,4,5,6,2,0,6",
        "overOdds": "-165",
        "underOdds": "+135",
        "overUnder": "-165 / +135"
    },
    {
        "player": "Brent Burns",
        "team": "CAR",
        "opponent": "FLA",
        "propType": "sog",
        "line": 3.5,
        "ppLine": "PP1",
        "avg": 3.23,
        "hit": false,
        "diffAvg": -0.08,
        "diffAbs": 0.37,
        "lastAvg": 2.48,
        "diff": -0.29,
        "avgMin": 23,
        "proj": 2.2,
        "lastAvgMin": 26.13,
        "oppOver": 0,
        "teamOver": 0,
        "gameLine": "-145",
        "+/-": "+25",
        "L5_+/-": "+4.0",
        "prevMatchup": "2023-05-18 8.0 sog 2023-04-13 5.0 sog 2022-12-30 1.0 sog 2022-11-09 3.0 sog",
        "winLossSplits": "30% - 47%",
        "awayHome": "H",
        "playedYesterday": "N",
        "awayHomeSplits": "39% - 33%",
        "savesAboveExp": -0.102,
        "gsaa": -4.63,
        "corsi": "59.9% (67.4) // 61.2% (68.8) // 59.9% (67.4) // 59.9% (67.4)",
        "fenwick": "59.1% (50.8) // 60.1% (51.8) // 59.1% (50.8) // 59.1% (50.8)",
        "shots": "57.2% (34.3) // 58.4% (34.4) // 57.2% (34.3) // 57.2% (34.3)",
        "scoring": "58.9% (33.3) // 62.3% (33.3) // 58.9% (33.3) // 58.9% (33.3)",
        "corsiAgainst": "40.1% (45.2) // 38.8% (43.6) // 40.1% (45.2) // 40.1% (45.2)",
        "fenwickAgainst": "40.9% (35.1) // 39.9% (34.4) // 40.9% (35.1) // 40.9% (35.1)",
        "shotsAgainst": "42.8% (25.6) // 41.6% (24.5) // 42.8% (25.6) // 42.8% (25.6)",
        "scoringAgainst": "41.1% (23.3) // 37.7% (20.2) // 41.1% (23.3) // 41.1% (23.3)",
        "oppCorsi": "54.2% (66.3) // 52.5% (66.0) // 54.2% (66.3) // 54.2% (66.3)",
        "oppFenwick": "53.6% (49.9) // 52.0% (49.3) // 53.6% (49.9) // 53.6% (49.9)",
        "oppShots": "53.7% (36.5) // 51.9% (35.5) // 53.7% (36.5) // 53.7% (36.5)",
        "oppScoring": "54.6% (34.8) // 53.4% (34.0) // 54.6% (34.8) // 54.6% (34.8)",
        "oppCorsiAgainst": "45.8% (56.1) // 47.5% (59.7) // 45.8% (56.1) // 45.8% (56.1)",
        "oppFenwickAgainst": "46.4% (43.2) // 48.0% (45.5) // 46.4% (43.2) // 46.4% (43.2)",
        "oppShotsAgainst": "46.3% (31.5) // 48.1% (33.0) // 46.3% (31.5) // 46.3% (31.5)",
        "oppScoringAgainst": "45.4% (28.9) // 46.6% (29.7) // 45.4% (28.9) // 45.4% (28.9)",
        "savesPerGame": 23.4,
        "savesPerGameLast1": 57.0,
        "savesPerGameLast3": 35.0,
        "savesPerGameLast5": 31.8,
        "savesPer60": 27.5,
        "savesPer60Last1": 132.7,
        "savesPer60Last3": 51.9,
        "savesPer60Last5": 41.0,
        "shotsPerGame": 34.8,
        "shotsPerGameLast5": 39.6,
        "shotsAgainstPerGame": 26.0,
        "shotsAgainstPerGameLast5": 34.8,
        "oppSavesAgainstPer60": 39.2,
        "oppSavesAgainstPer60Last1": 58.6,
        "oppSavesAgainstPer60Last3": 40.4,
        "oppSavesAgainstPer60Last5": 35.7,
        "oppShotsAgainstPerGame": 31.7,
        "oppShotsAgainstPerGameLast5": 40.6,
        "savesProj": 27.2,
        "savesProjLast5": 42.5,
        "savesProjLast3": 62.7,
        "oppSavesAgainstProj": 31.3,
        "oppSavesAgainstProjLast5": 30.8,
        "oppSavesAgainstProjLast3": 37.7,
        "totalOver": 36,
        "totalOverLast5": 40,
        "totalOverLast15": 53,
        "lastTotalOver": 18,
        "last5": "8,6,1,2,3,2,5,6,5,1",
        "overOdds": "-120",
        "underOdds": "-110",
        "overUnder": "-120 / -110"
    },
    {
        "player": "Brett Pesce",
        "team": "CAR",
        "opponent": "FLA",
        "propType": "sog",
        "line": 1.5,
        "ppLine": "",
        "avg": 1.8,
        "hit": false,
        "diffAvg": 0.2,
        "diffAbs": 0.2,
        "lastAvg": 1.76,
        "diff": 0.17,
        "avgMin": 22,
        "proj": 1.8,
        "lastAvgMin": 21.7,
        "oppOver": 0,
        "teamOver": 0,
        "gameLine": "-145",
        "+/-": "+8",
        "L5_+/-": 0.0,
        "prevMatchup": "2023-05-18 2.0 sog 2023-04-13 1.0 sog 2022-12-30 1.0 sog 2022-11-09 1.0 sog",
        "winLossSplits": "57% - 44%",
        "awayHome": "H",
        "playedYesterday": "N",
        "awayHomeSplits": "48% - 56%",
        "savesAboveExp": -0.102,
        "gsaa": -4.63,
        "corsi": "59.9% (67.4) // 61.2% (68.8) // 59.9% (67.4) // 59.9% (67.4)",
        "fenwick": "59.1% (50.8) // 60.1% (51.8) // 59.1% (50.8) // 59.1% (50.8)",
        "shots": "57.2% (34.3) // 58.4% (34.4) // 57.2% (34.3) // 57.2% (34.3)",
        "scoring": "58.9% (33.3) // 62.3% (33.3) // 58.9% (33.3) // 58.9% (33.3)",
        "corsiAgainst": "40.1% (45.2) // 38.8% (43.6) // 40.1% (45.2) // 40.1% (45.2)",
        "fenwickAgainst": "40.9% (35.1) // 39.9% (34.4) // 40.9% (35.1) // 40.9% (35.1)",
        "shotsAgainst": "42.8% (25.6) // 41.6% (24.5) // 42.8% (25.6) // 42.8% (25.6)",
        "scoringAgainst": "41.1% (23.3) // 37.7% (20.2) // 41.1% (23.3) // 41.1% (23.3)",
        "oppCorsi": "54.2% (66.3) // 52.5% (66.0) // 54.2% (66.3) // 54.2% (66.3)",
        "oppFenwick": "53.6% (49.9) // 52.0% (49.3) // 53.6% (49.9) // 53.6% (49.9)",
        "oppShots": "53.7% (36.5) // 51.9% (35.5) // 53.7% (36.5) // 53.7% (36.5)",
        "oppScoring": "54.6% (34.8) // 53.4% (34.0) // 54.6% (34.8) // 54.6% (34.8)",
        "oppCorsiAgainst": "45.8% (56.1) // 47.5% (59.7) // 45.8% (56.1) // 45.8% (56.1)",
        "oppFenwickAgainst": "46.4% (43.2) // 48.0% (45.5) // 46.4% (43.2) // 46.4% (43.2)",
        "oppShotsAgainst": "46.3% (31.5) // 48.1% (33.0) // 46.3% (31.5) // 46.3% (31.5)",
        "oppScoringAgainst": "45.4% (28.9) // 46.6% (29.7) // 45.4% (28.9) // 45.4% (28.9)",
        "savesPerGame": 23.4,
        "savesPerGameLast1": 57.0,
        "savesPerGameLast3": 35.0,
        "savesPerGameLast5": 31.8,
        "savesPer60": 27.5,
        "savesPer60Last1": 132.7,
        "savesPer60Last3": 51.9,
        "savesPer60Last5": 41.0,
        "shotsPerGame": 34.8,
        "shotsPerGameLast5": 39.6,
        "shotsAgainstPerGame": 26.0,
        "shotsAgainstPerGameLast5": 34.8,
        "oppSavesAgainstPer60": 39.2,
        "oppSavesAgainstPer60Last1": 58.6,
        "oppSavesAgainstPer60Last3": 40.4,
        "oppSavesAgainstPer60Last5": 35.7,
        "oppShotsAgainstPerGame": 31.7,
        "oppShotsAgainstPerGameLast5": 40.6,
        "savesProj": 27.2,
        "savesProjLast5": 42.5,
        "savesProjLast3": 62.7,
        "oppSavesAgainstProj": 31.3,
        "oppSavesAgainstProjLast5": 30.8,
        "oppSavesAgainstProjLast3": 37.7,
        "totalOver": 52,
        "totalOverLast5": 80,
        "totalOverLast15": 60,
        "lastTotalOver": 60,
        "last5": "2,4,2,2,0,1,1,4,1,3",
        "overOdds": "-145",
        "underOdds": "+115",
        "overUnder": "-145 / +115"
    },
    {
        "player": "Carter Verhaeghe",
        "team": "FLA",
        "opponent": "CAR",
        "propType": "sog",
        "line": 2.5,
        "ppLine": "PP2",
        "avg": 3.34,
        "hit": false,
        "diffAvg": 0.34,
        "diffAbs": 0.2,
        "lastAvg": 1.9,
        "diff": -0.24,
        "avgMin": 17,
        "proj": 2.0,
        "lastAvgMin": 16.05,
        "oppOver": 0,
        "teamOver": 0,
        "gameLine": "+125",
        "+/-": "+19",
        "L5_+/-": "+8.0",
        "prevMatchup": "2023-05-18 6.0 sog 2023-04-13 2.0 sog 2022-12-30 0.0 sog 2022-11-09 5.0 sog",
        "winLossSplits": "74% - 50%",
        "awayHome": "A",
        "playedYesterday": "N",
        "awayHomeSplits": "57% - 69%",
        "savesAboveExp": -0.44,
        "gsaa": -0.71,
        "corsi": "54.2% (66.3) // 52.5% (66.0) // 54.2% (66.3) // 54.2% (66.3)",
        "fenwick": "53.6% (49.9) // 52.0% (49.3) // 53.6% (49.9) // 53.6% (49.9)",
        "shots": "53.7% (36.5) // 51.9% (35.5) // 53.7% (36.5) // 53.7% (36.5)",
        "scoring": "54.6% (34.8) // 53.4% (34.0) // 54.6% (34.8) // 54.6% (34.8)",
        "corsiAgainst": "45.8% (56.1) // 47.5% (59.7) // 45.8% (56.1) // 45.8% (56.1)",
        "fenwickAgainst": "46.4% (43.2) // 48.0% (45.5) // 46.4% (43.2) // 46.4% (43.2)",
        "shotsAgainst": "46.3% (31.5) // 48.1% (33.0) // 46.3% (31.5) // 46.3% (31.5)",
        "scoringAgainst": "45.4% (28.9) // 46.6% (29.7) // 45.4% (28.9) // 45.4% (28.9)",
        "oppCorsi": "59.9% (67.4) // 61.2% (68.8) // 59.9% (67.4) // 59.9% (67.4)",
        "oppFenwick": "59.1% (50.8) // 60.1% (51.8) // 59.1% (50.8) // 59.1% (50.8)",
        "oppShots": "57.2% (34.3) // 58.4% (34.4) // 57.2% (34.3) // 57.2% (34.3)",
        "oppScoring": "58.9% (33.3) // 62.3% (33.3) // 58.9% (33.3) // 58.9% (33.3)",
        "oppCorsiAgainst": "40.1% (45.2) // 38.8% (43.6) // 40.1% (45.2) // 40.1% (45.2)",
        "oppFenwickAgainst": "40.9% (35.1) // 39.9% (34.4) // 40.9% (35.1) // 40.9% (35.1)",
        "oppShotsAgainst": "42.8% (25.6) // 41.6% (24.5) // 42.8% (25.6) // 42.8% (25.6)",
        "oppScoringAgainst": "41.1% (23.3) // 37.7% (20.2) // 41.1% (23.3) // 41.1% (23.3)",
        "savesPerGame": 28.4,
        "savesPerGameLast1": 63.0,
        "savesPerGameLast3": 45.7,
        "savesPerGameLast5": 38.6,
        "savesPer60": 33.4,
        "savesPer60Last1": 146.8,
        "savesPer60Last3": 69.5,
        "savesPer60Last5": 51.1,
        "shotsPerGame": 36.8,
        "shotsPerGameLast5": 37.4,
        "shotsAgainstPerGame": 31.7,
        "shotsAgainstPerGameLast5": 40.6,
        "oppSavesAgainstPer60": 36.9,
        "oppSavesAgainstPer60Last1": 63.0,
        "oppSavesAgainstPer60Last3": 40.6,
        "oppSavesAgainstPer60Last5": 36.1,
        "oppShotsAgainstPerGame": 26.0,
        "oppShotsAgainstPerGameLast5": 34.8,
        "savesProj": 38.5,
        "savesProjLast5": 65.8,
        "savesProjLast3": 102.8,
        "oppSavesAgainstProj": 36.0,
        "oppSavesAgainstProjLast5": 41.2,
        "oppSavesAgainstProjLast3": 53.5,
        "totalOver": 63,
        "totalOverLast5": 60,
        "totalOverLast15": 40,
        "lastTotalOver": 35,
        "last5": "6,4,2,2,4,1,4,2,3,2",
        "overOdds": "-125",
        "underOdds": "-105",
        "overUnder": "-125 / -105"
    },
    {
        "player": "Gustav Forsling",
        "team": "FLA",
        "opponent": "CAR",
        "propType": "sog",
        "line": 1.5,
        "ppLine": "PP2",
        "avg": 2.51,
        "hit": false,
        "diffAvg": 0.67,
        "diffAbs": 0.27,
        "lastAvg": 1.79,
        "diff": 0.19,
        "avgMin": 23,
        "proj": 1.9,
        "lastAvgMin": 21.22,
        "oppOver": 0,
        "teamOver": 0,
        "gameLine": "+125",
        "+/-": "+25",
        "L5_+/-": "+7.0",
        "prevMatchup": "2023-05-18 6.0 sog 2023-04-13 2.0 sog 2022-12-30 0.0 sog 2022-11-09 3.0 sog",
        "winLossSplits": "76% - 61%",
        "awayHome": "A",
        "playedYesterday": "N",
        "awayHomeSplits": "67% - 72%",
        "savesAboveExp": -0.44,
        "gsaa": -0.71,
        "corsi": "54.2% (66.3) // 52.5% (66.0) // 54.2% (66.3) // 54.2% (66.3)",
        "fenwick": "53.6% (49.9) // 52.0% (49.3) // 53.6% (49.9) // 53.6% (49.9)",
        "shots": "53.7% (36.5) // 51.9% (35.5) // 53.7% (36.5) // 53.7% (36.5)",
        "scoring": "54.6% (34.8) // 53.4% (34.0) // 54.6% (34.8) // 54.6% (34.8)",
        "corsiAgainst": "45.8% (56.1) // 47.5% (59.7) // 45.8% (56.1) // 45.8% (56.1)",
        "fenwickAgainst": "46.4% (43.2) // 48.0% (45.5) // 46.4% (43.2) // 46.4% (43.2)",
        "shotsAgainst": "46.3% (31.5) // 48.1% (33.0) // 46.3% (31.5) // 46.3% (31.5)",
        "scoringAgainst": "45.4% (28.9) // 46.6% (29.7) // 45.4% (28.9) // 45.4% (28.9)",
        "oppCorsi": "59.9% (67.4) // 61.2% (68.8) // 59.9% (67.4) // 59.9% (67.4)",
        "oppFenwick": "59.1% (50.8) // 60.1% (51.8) // 59.1% (50.8) // 59.1% (50.8)",
        "oppShots": "57.2% (34.3) // 58.4% (34.4) // 57.2% (34.3) // 57.2% (34.3)",
        "oppScoring": "58.9% (33.3) // 62.3% (33.3) // 58.9% (33.3) // 58.9% (33.3)",
        "oppCorsiAgainst": "40.1% (45.2) // 38.8% (43.6) // 40.1% (45.2) // 40.1% (45.2)",
        "oppFenwickAgainst": "40.9% (35.1) // 39.9% (34.4) // 40.9% (35.1) // 40.9% (35.1)",
        "oppShotsAgainst": "42.8% (25.6) // 41.6% (24.5) // 42.8% (25.6) // 42.8% (25.6)",
        "oppScoringAgainst": "41.1% (23.3) // 37.7% (20.2) // 41.1% (23.3) // 41.1% (23.3)",
        "savesPerGame": 28.4,
        "savesPerGameLast1": 63.0,
        "savesPerGameLast3": 45.7,
        "savesPerGameLast5": 38.6,
        "savesPer60": 33.4,
        "savesPer60Last1": 146.8,
        "savesPer60Last3": 69.5,
        "savesPer60Last5": 51.1,
        "shotsPerGame": 36.8,
        "shotsPerGameLast5": 37.4,
        "shotsAgainstPerGame": 31.7,
        "shotsAgainstPerGameLast5": 40.6,
        "oppSavesAgainstPer60": 36.9,
        "oppSavesAgainstPer60Last1": 63.0,
        "oppSavesAgainstPer60Last3": 40.6,
        "oppSavesAgainstPer60Last5": 36.1,
        "oppShotsAgainstPerGame": 26.0,
        "oppShotsAgainstPerGameLast5": 34.8,
        "savesProj": 38.5,
        "savesProjLast5": 65.8,
        "savesProjLast3": 102.8,
        "oppSavesAgainstProj": 36.0,
        "oppSavesAgainstProjLast5": 41.2,
        "oppSavesAgainstProjLast3": 53.5,
        "totalOver": 69,
        "totalOverLast5": 60,
        "totalOverLast15": 53,
        "lastTotalOver": 63,
        "last5": "6,1,1,2,3,1,0,0,3,4",
        "overOdds": "-155",
        "underOdds": "+125",
        "overUnder": "-155 / +125"
    },
    {
        "player": "Jesperi Kotkaniemi",
        "team": "CAR",
        "opponent": "FLA",
        "propType": "sog",
        "line": 1.5,
        "ppLine": "PP2",
        "avg": 1.6,
        "hit": false,
        "diffAvg": 0.07,
        "diffAbs": 0.13,
        "lastAvg": 1.01,
        "diff": -0.33,
        "avgMin": 15,
        "proj": 1.3,
        "lastAvgMin": 12.02,
        "oppOver": 0,
        "teamOver": 0,
        "gameLine": "-145",
        "+/-": "+5",
        "L5_+/-": -2.0,
        "prevMatchup": "2023-05-18 3.0 sog 2023-04-13 4.0 sog 2022-12-30 4.0 sog 2022-11-09 0.0 sog",
        "winLossSplits": "47% - 53%",
        "awayHome": "H",
        "playedYesterday": "N",
        "awayHomeSplits": "50% - 48%",
        "savesAboveExp": -0.102,
        "gsaa": -4.63,
        "corsi": "59.9% (67.4) // 61.2% (68.8) // 59.9% (67.4) // 59.9% (67.4)",
        "fenwick": "59.1% (50.8) // 60.1% (51.8) // 59.1% (50.8) // 59.1% (50.8)",
        "shots": "57.2% (34.3) // 58.4% (34.4) // 57.2% (34.3) // 57.2% (34.3)",
        "scoring": "58.9% (33.3) // 62.3% (33.3) // 58.9% (33.3) // 58.9% (33.3)",
        "corsiAgainst": "40.1% (45.2) // 38.8% (43.6) // 40.1% (45.2) // 40.1% (45.2)",
        "fenwickAgainst": "40.9% (35.1) // 39.9% (34.4) // 40.9% (35.1) // 40.9% (35.1)",
        "shotsAgainst": "42.8% (25.6) // 41.6% (24.5) // 42.8% (25.6) // 42.8% (25.6)",
        "scoringAgainst": "41.1% (23.3) // 37.7% (20.2) // 41.1% (23.3) // 41.1% (23.3)",
        "oppCorsi": "54.2% (66.3) // 52.5% (66.0) // 54.2% (66.3) // 54.2% (66.3)",
        "oppFenwick": "53.6% (49.9) // 52.0% (49.3) // 53.6% (49.9) // 53.6% (49.9)",
        "oppShots": "53.7% (36.5) // 51.9% (35.5) // 53.7% (36.5) // 53.7% (36.5)",
        "oppScoring": "54.6% (34.8) // 53.4% (34.0) // 54.6% (34.8) // 54.6% (34.8)",
        "oppCorsiAgainst": "45.8% (56.1) // 47.5% (59.7) // 45.8% (56.1) // 45.8% (56.1)",
        "oppFenwickAgainst": "46.4% (43.2) // 48.0% (45.5) // 46.4% (43.2) // 46.4% (43.2)",
        "oppShotsAgainst": "46.3% (31.5) // 48.1% (33.0) // 46.3% (31.5) // 46.3% (31.5)",
        "oppScoringAgainst": "45.4% (28.9) // 46.6% (29.7) // 45.4% (28.9) // 45.4% (28.9)",
        "savesPerGame": 23.4,
        "savesPerGameLast1": 57.0,
        "savesPerGameLast3": 35.0,
        "savesPerGameLast5": 31.8,
        "savesPer60": 27.5,
        "savesPer60Last1": 132.7,
        "savesPer60Last3": 51.9,
        "savesPer60Last5": 41.0,
        "shotsPerGame": 34.8,
        "shotsPerGameLast5": 39.6,
        "shotsAgainstPerGame": 26.0,
        "shotsAgainstPerGameLast5": 34.8,
        "oppSavesAgainstPer60": 39.2,
        "oppSavesAgainstPer60Last1": 58.6,
        "oppSavesAgainstPer60Last3": 40.4,
        "oppSavesAgainstPer60Last5": 35.7,
        "oppShotsAgainstPerGame": 31.7,
        "oppShotsAgainstPerGameLast5": 40.6,
        "savesProj": 27.2,
        "savesProjLast5": 42.5,
        "savesProjLast3": 62.7,
        "oppSavesAgainstProj": 31.3,
        "oppSavesAgainstProjLast5": 30.8,
        "oppSavesAgainstProjLast3": 37.7,
        "totalOver": 49,
        "totalOverLast5": 60,
        "totalOverLast15": 53,
        "lastTotalOver": 47,
        "last5": "3,1,2,1,6,2,2,1,0,0",
        "overOdds": "-145",
        "underOdds": "+115",
        "overUnder": "-145 / +115"
    },
    {
        "player": "Jordan Martinook",
        "team": "CAR",
        "opponent": "FLA",
        "propType": "sog",
        "line": 2.5,
        "ppLine": "",
        "avg": 2.1,
        "hit": false,
        "diffAvg": -0.16,
        "diffAbs": 0.32,
        "lastAvg": 1.18,
        "diff": -0.53,
        "avgMin": 16,
        "proj": 1.7,
        "lastAvgMin": 11.2,
        "oppOver": 0,
        "teamOver": 0,
        "gameLine": "-145",
        "+/-": "+11",
        "L5_+/-": "+4.0",
        "prevMatchup": "2023-05-18 5.0 sog 2023-04-13 1.0 sog 2022-12-30 2.0 sog 2022-11-09 2.0 sog",
        "winLossSplits": "27% - 35%",
        "awayHome": "H",
        "playedYesterday": "N",
        "awayHomeSplits": "22% - 38%",
        "savesAboveExp": -0.102,
        "gsaa": -4.63,
        "corsi": "59.9% (67.4) // 61.2% (68.8) // 59.9% (67.4) // 59.9% (67.4)",
        "fenwick": "59.1% (50.8) // 60.1% (51.8) // 59.1% (50.8) // 59.1% (50.8)",
        "shots": "57.2% (34.3) // 58.4% (34.4) // 57.2% (34.3) // 57.2% (34.3)",
        "scoring": "58.9% (33.3) // 62.3% (33.3) // 58.9% (33.3) // 58.9% (33.3)",
        "corsiAgainst": "40.1% (45.2) // 38.8% (43.6) // 40.1% (45.2) // 40.1% (45.2)",
        "fenwickAgainst": "40.9% (35.1) // 39.9% (34.4) // 40.9% (35.1) // 40.9% (35.1)",
        "shotsAgainst": "42.8% (25.6) // 41.6% (24.5) // 42.8% (25.6) // 42.8% (25.6)",
        "scoringAgainst": "41.1% (23.3) // 37.7% (20.2) // 41.1% (23.3) // 41.1% (23.3)",
        "oppCorsi": "54.2% (66.3) // 52.5% (66.0) // 54.2% (66.3) // 54.2% (66.3)",
        "oppFenwick": "53.6% (49.9) // 52.0% (49.3) // 53.6% (49.9) // 53.6% (49.9)",
        "oppShots": "53.7% (36.5) // 51.9% (35.5) // 53.7% (36.5) // 53.7% (36.5)",
        "oppScoring": "54.6% (34.8) // 53.4% (34.0) // 54.6% (34.8) // 54.6% (34.8)",
        "oppCorsiAgainst": "45.8% (56.1) // 47.5% (59.7) // 45.8% (56.1) // 45.8% (56.1)",
        "oppFenwickAgainst": "46.4% (43.2) // 48.0% (45.5) // 46.4% (43.2) // 46.4% (43.2)",
        "oppShotsAgainst": "46.3% (31.5) // 48.1% (33.0) // 46.3% (31.5) // 46.3% (31.5)",
        "oppScoringAgainst": "45.4% (28.9) // 46.6% (29.7) // 45.4% (28.9) // 45.4% (28.9)",
        "savesPerGame": 23.4,
        "savesPerGameLast1": 57.0,
        "savesPerGameLast3": 35.0,
        "savesPerGameLast5": 31.8,
        "savesPer60": 27.5,
        "savesPer60Last1": 132.7,
        "savesPer60Last3": 51.9,
        "savesPer60Last5": 41.0,
        "shotsPerGame": 34.8,
        "shotsPerGameLast5": 39.6,
        "shotsAgainstPerGame": 26.0,
        "shotsAgainstPerGameLast5": 34.8,
        "oppSavesAgainstPer60": 39.2,
        "oppSavesAgainstPer60Last1": 58.6,
        "oppSavesAgainstPer60Last3": 40.4,
        "oppSavesAgainstPer60Last5": 35.7,
        "oppShotsAgainstPerGame": 31.7,
        "oppShotsAgainstPerGameLast5": 40.6,
        "savesProj": 27.2,
        "savesProjLast5": 42.5,
        "savesProjLast3": 62.7,
        "oppSavesAgainstProj": 31.3,
        "oppSavesAgainstProjLast5": 30.8,
        "oppSavesAgainstProjLast3": 37.7,
        "totalOver": 30,
        "totalOverLast5": 60,
        "totalOverLast15": 40,
        "lastTotalOver": 35,
        "last5": "5,2,3,2,4,0,7,1,2,4",
        "overOdds": "+140",
        "underOdds": "-175",
        "overUnder": "+140 / -175"
    },
    {
        "player": "Martin Necas",
        "team": "CAR",
        "opponent": "FLA",
        "propType": "sog",
        "line": 2.5,
        "ppLine": "PP1",
        "avg": 2.94,
        "hit": false,
        "diffAvg": 0.18,
        "diffAbs": 0.24,
        "lastAvg": 1.73,
        "diff": -0.31,
        "avgMin": 18,
        "proj": 1.9,
        "lastAvgMin": 16.18,
        "oppOver": 0,
