[
    {
        "player": "Alex Pietrangelo",
        "team": "VGK",
        "opponent": "EDM",
        "propType": "ast",
        "line": 0.5,
        "ppLine": "PP1",
        "avg": 0.62,
        "hit": false,
        "diffAvg": 0.24,
        "diffAbs": 0.2,
        "lastAvg": 0.38,
        "diff": -0.24,
        "avgMin": 24,
        "proj": 0.4,
        "lastAvgMin": 24.63,
        "oppOver": 0,
        "teamOver": 0,
        "gameLine": "+150",
        "+/-": "+15",
        "L5_+/-": "+7.0",
        "prevMatchup": "2023-05-03 1.0 ast 2023-03-28 2.0 ast 2023-03-25 0.0 ast 2023-01-14 0.0 ast 2022-11-19 0.0 ast",
        "winLossSplits": "56% - 21%",
        "awayHome": "A",
        "playedYesterday": "N",
        "awayHomeSplits": "38% - 48%",
        "savesAboveExp": 0.118,
        "gsaa": 14.07,
        "corsi": "48.6% (57.5) // 48.0% (56.0) // 48.6% (57.5) // 48.6% (57.5)",
        "fenwick": "49.7% (42.3) // 48.8% (40.5) // 49.7% (42.3) // 49.7% (42.3)",
        "shots": "50.5% (31.1) // 50.2% (28.8) // 50.5% (31.1) // 50.5% (31.1)",
        "scoring": "49.5% (29.2) // 49.0% (28.7) // 49.5% (29.2) // 49.5% (29.2)",
        "corsiAgainst": "51.4% (60.7) // 52.0% (60.6) // 51.4% (60.7) // 51.4% (60.7)",
        "fenwickAgainst": "50.3% (42.8) // 51.2% (42.5) // 50.3% (42.8) // 50.3% (42.8)",
        "shotsAgainst": "49.5% (30.4) // 49.8% (28.5) // 49.5% (30.4) // 49.5% (30.4)",
        "scoringAgainst": "50.5% (29.8) // 51.0% (29.9) // 50.5% (29.8) // 50.5% (29.8)",
        "oppCorsi": "52.1% (59.2) // 54.3% (61.2) // 52.1% (59.2) // 52.1% (59.2)",
        "oppFenwick": "51.6% (44.8) // 54.4% (46.8) // 51.6% (44.8) // 51.6% (44.8)",
        "oppShots": "51.7% (33.3) // 54.4% (35.4) // 51.7% (33.3) // 51.7% (33.3)",
        "oppScoring": "53.5% (32.9) // 54.3% (35.5) // 53.5% (32.9) // 53.5% (32.9)",
        "oppCorsiAgainst": "47.9% (54.5) // 45.7% (51.4) // 47.9% (54.5) // 47.9% (54.5)",
        "oppFenwickAgainst": "48.4% (42.0) // 45.6% (39.2) // 48.4% (42.0) // 48.4% (42.0)",
        "oppShotsAgainst": "48.3% (31.1) // 45.6% (29.7) // 48.3% (31.1) // 48.3% (31.1)",
        "oppScoringAgainst": "46.5% (28.6) // 45.7% (29.9) // 46.5% (28.6) // 46.5% (28.6)",
        "savesPerGame": 28.1,
        "savesPerGameLast1": 32.0,
        "savesPerGameLast3": 28.3,
        "savesPerGameLast5": 27.8,
        "savesPer60": 30.5,
        "savesPer60Last1": 31.9,
        "savesPer60Last3": 28.3,
        "savesPer60Last5": 29.9,
        "shotsPerGame": 31.5,
        "shotsPerGameLast5": 33.6,
        "shotsAgainstPerGame": 30.9,
        "shotsAgainstPerGameLast5": 31.0,
        "oppSavesAgainstPer60": 32.2,
        "oppSavesAgainstPer60Last1": 31.9,
        "oppSavesAgainstPer60Last3": 25.6,
        "oppSavesAgainstPer60Last5": 26.7,
        "oppShotsAgainstPerGame": 31.4,
        "oppShotsAgainstPerGameLast5": 35.2,
        "savesProj": 29.3,
        "savesProjLast5": 27.1,
        "savesProjLast3": 19.8,
        "oppSavesAgainstProj": 31.0,
        "oppSavesAgainstProjLast5": 24.9,
        "oppSavesAgainstProjLast3": 21.7,
        "totalOver": 43,
        "totalOverLast5": 80,
        "totalOverLast15": 47,
        "lastTotalOver": 37,
        "last5": "1,1,0,2,2,0,0,1,0,1",
        "overOdds": "+135",
        "underOdds": "-165",
        "overUnder": "+135 / -165"
    },
    {
        "player": "Connor Mcdavid",
        "team": "EDM",
        "opponent": "VGK",
        "propType": "ast",
        "line": 1.5,
        "ppLine": "PP1",
        "avg": 1.1,
        "hit": false,
        "diffAvg": -0.27,
        "diffAbs": 0.47,
        "lastAvg": 0.81,
        "diff": -0.46,
        "avgMin": 22,
        "proj": 0.8,
        "lastAvgMin": 22.05,
        "oppOver": 0,
        "teamOver": 0,
        "gameLine": "-175",
        "+/-": "+22",
        "L5_+/-": "+4.0",
        "prevMatchup": "2023-05-03 2.0 ast 2023-03-28 3.0 ast 2023-03-25 1.0 ast 2023-01-14 1.0 ast 2022-11-19 1.0 ast",
        "winLossSplits": "33% - 17%",
        "awayHome": "H",
        "playedYesterday": "N",
        "awayHomeSplits": "27% - 27%",
        "savesAboveExp": "-",
        "gsaa": "-",
        "corsi": "52.1% (59.2) // 54.3% (61.2) // 52.1% (59.2) // 52.1% (59.2)",
        "fenwick": "51.6% (44.8) // 54.4% (46.8) // 51.6% (44.8) // 51.6% (44.8)",
        "shots": "51.7% (33.3) // 54.4% (35.4) // 51.7% (33.3) // 51.7% (33.3)",
        "scoring": "53.5% (32.9) // 54.3% (35.5) // 53.5% (32.9) // 53.5% (32.9)",
        "corsiAgainst": "47.9% (54.5) // 45.7% (51.4) // 47.9% (54.5) // 47.9% (54.5)",
        "fenwickAgainst": "48.4% (42.0) // 45.6% (39.2) // 48.4% (42.0) // 48.4% (42.0)",
        "shotsAgainst": "48.3% (31.1) // 45.6% (29.7) // 48.3% (31.1) // 48.3% (31.1)",
        "scoringAgainst": "46.5% (28.6) // 45.7% (29.9) // 46.5% (28.6) // 46.5% (28.6)",
        "oppCorsi": "48.6% (57.5) // 48.0% (56.0) // 48.6% (57.5) // 48.6% (57.5)",
        "oppFenwick": "49.7% (42.3) // 48.8% (40.5) // 49.7% (42.3) // 49.7% (42.3)",
        "oppShots": "50.5% (31.1) // 50.2% (28.8) // 50.5% (31.1) // 50.5% (31.1)",
        "oppScoring": "49.5% (29.2) // 49.0% (28.7) // 49.5% (29.2) // 49.5% (29.2)",
        "oppCorsiAgainst": "51.4% (60.7) // 52.0% (60.6) // 51.4% (60.7) // 51.4% (60.7)",
        "oppFenwickAgainst": "50.3% (42.8) // 51.2% (42.5) // 50.3% (42.8) // 50.3% (42.8)",
        "oppShotsAgainst": "49.5% (30.4) // 49.8% (28.5) // 49.5% (30.4) // 49.5% (30.4)",
        "oppScoringAgainst": "50.5% (29.8) // 51.0% (29.9) // 50.5% (29.8) // 50.5% (29.8)",
        "savesPerGame": 28.2,
        "savesPerGameLast1": 30.0,
        "savesPerGameLast3": 32.7,
        "savesPerGameLast5": 31.6,
        "savesPer60": 30.9,
        "savesPer60Last1": 29.8,
        "savesPer60Last3": 32.5,
        "savesPer60Last5": 33.0,
        "shotsPerGame": 33.6,
        "shotsPerGameLast5": 32.0,
        "shotsAgainstPerGame": 31.4,
        "shotsAgainstPerGameLast5": 35.2,
        "oppSavesAgainstPer60": 30.5,
        "oppSavesAgainstPer60Last1": 29.6,
        "oppSavesAgainstPer60Last3": 26.9,
        "oppSavesAgainstPer60Last5": 30.0,
        "oppShotsAgainstPerGame": 30.9,
        "oppShotsAgainstPerGameLast5": 31.0,
        "savesProj": 28.7,
        "savesProjLast5": 32.9,
        "savesProjLast3": 26.6,
        "oppSavesAgainstProj": 29.5,
        "oppSavesAgainstProjLast5": 30.0,
        "oppSavesAgainstProjLast3": 26.8,
        "totalOver": 27,
        "totalOverLast5": 60,
        "totalOverLast15": 20,
        "lastTotalOver": 38,
        "last5": "2,1,2,3,0,1,0,1,1,1",
        "overOdds": "+130",
        "underOdds": "-160",
        "overUnder": "+130 / -160"
    },
    {
        "player": "Darnell Nurse",
        "team": "EDM",
        "opponent": "VGK",
        "propType": "ast",
        "line": 0.5,
        "ppLine": "PP2",
        "avg": 0.38,
        "hit": false,
        "diffAvg": -0.24,
        "diffAbs": 0.4,
        "lastAvg": 0.3,
        "diff": -0.4,
        "avgMin": 23,
        "proj": 0.3,
        "lastAvgMin": 25.03,
        "oppOver": 0,
        "teamOver": 0,
        "gameLine": "-175",
        "+/-": "+28",
        "L5_+/-": "+6.0",
        "prevMatchup": "2023-05-03 0.0 ast 2023-03-28 0.0 ast 2023-03-25 1.0 ast 2023-01-14 0.0 ast 2022-11-19 2.0 ast",
        "winLossSplits": "41% - 23%",
        "awayHome": "H",
        "playedYesterday": "N",
        "awayHomeSplits": "29% - 39%",
        "savesAboveExp": "-",
        "gsaa": "-",
        "corsi": "52.1% (59.2) // 54.3% (61.2) // 52.1% (59.2) // 52.1% (59.2)",
        "fenwick": "51.6% (44.8) // 54.4% (46.8) // 51.6% (44.8) // 51.6% (44.8)",
        "shots": "51.7% (33.3) // 54.4% (35.4) // 51.7% (33.3) // 51.7% (33.3)",
        "scoring": "53.5% (32.9) // 54.3% (35.5) // 53.5% (32.9) // 53.5% (32.9)",
        "corsiAgainst": "47.9% (54.5) // 45.7% (51.4) // 47.9% (54.5) // 47.9% (54.5)",
        "fenwickAgainst": "48.4% (42.0) // 45.6% (39.2) // 48.4% (42.0) // 48.4% (42.0)",
        "shotsAgainst": "48.3% (31.1) // 45.6% (29.7) // 48.3% (31.1) // 48.3% (31.1)",
        "scoringAgainst": "46.5% (28.6) // 45.7% (29.9) // 46.5% (28.6) // 46.5% (28.6)",
        "oppCorsi": "48.6% (57.5) // 48.0% (56.0) // 48.6% (57.5) // 48.6% (57.5)",
        "oppFenwick": "49.7% (42.3) // 48.8% (40.5) // 49.7% (42.3) // 49.7% (42.3)",
        "oppShots": "50.5% (31.1) // 50.2% (28.8) // 50.5% (31.1) // 50.5% (31.1)",
        "oppScoring": "49.5% (29.2) // 49.0% (28.7) // 49.5% (29.2) // 49.5% (29.2)",
        "oppCorsiAgainst": "51.4% (60.7) // 52.0% (60.6) // 51.4% (60.7) // 51.4% (60.7)",
        "oppFenwickAgainst": "50.3% (42.8) // 51.2% (42.5) // 50.3% (42.8) // 50.3% (42.8)",
        "oppShotsAgainst": "49.5% (30.4) // 49.8% (28.5) // 49.5% (30.4) // 49.5% (30.4)",
        "oppScoringAgainst": "50.5% (29.8) // 51.0% (29.9) // 50.5% (29.8) // 50.5% (29.8)",
        "savesPerGame": 28.2,
        "savesPerGameLast1": 30.0,
        "savesPerGameLast3": 32.7,
        "savesPerGameLast5": 31.6,
        "savesPer60": 30.9,
        "savesPer60Last1": 29.8,
        "savesPer60Last3": 32.5,
        "savesPer60Last5": 33.0,
        "shotsPerGame": 33.6,
        "shotsPerGameLast5": 32.0,
        "shotsAgainstPerGame": 31.4,
        "shotsAgainstPerGameLast5": 35.2,
        "oppSavesAgainstPer60": 30.5,
        "oppSavesAgainstPer60Last1": 29.6,
        "oppSavesAgainstPer60Last3": 26.9,
        "oppSavesAgainstPer60Last5": 30.0,
        "oppShotsAgainstPerGame": 30.9,
        "oppShotsAgainstPerGameLast5": 31.0,
        "savesProj": 28.7,
        "savesProjLast5": 32.9,
        "savesProjLast3": 26.6,
        "oppSavesAgainstProj": 29.5,
        "oppSavesAgainstProjLast5": 30.0,
        "oppSavesAgainstProjLast3": 26.8,
        "totalOver": 34,
        "totalOverLast5": 20,
        "totalOverLast15": 13,
        "lastTotalOver": 35,
        "last5": "0,0,2,0,0,1,0,0,0,0",
        "overOdds": "+185",
        "underOdds": "-230",
        "overUnder": "+185 / -230"
    },
    {
        "player": "Evan Bouchard",
        "team": "EDM",
        "opponent": "VGK",
        "propType": "ast",
        "line": 0.5,
        "ppLine": "PP1",
        "avg": 0.47,
        "hit": false,
        "diffAvg": -0.06,
        "diffAbs": 0.4,
        "lastAvg": 0.32,
        "diff": -0.36,
        "avgMin": 18,
        "proj": 0.3,
        "lastAvgMin": 19.8,
        "oppOver": 0,
        "teamOver": 0,
        "gameLine": "-175",
        "+/-": "+7",
        "L5_+/-": "+6.0",
        "prevMatchup": "2023-05-03 2.0 ast 2023-03-28 0.0 ast 2023-03-25 1.0 ast 2023-01-14 0.0 ast 2022-11-19 0.0 ast",
        "winLossSplits": "33% - 31%",
        "awayHome": "H",
        "playedYesterday": "N",
        "awayHomeSplits": "40% - 25%",
        "savesAboveExp": "-",
        "gsaa": "-",
        "corsi": "52.1% (59.2) // 54.3% (61.2) // 52.1% (59.2) // 52.1% (59.2)",
        "fenwick": "51.6% (44.8) // 54.4% (46.8) // 51.6% (44.8) // 51.6% (44.8)",
        "shots": "51.7% (33.3) // 54.4% (35.4) // 51.7% (33.3) // 51.7% (33.3)",
        "scoring": "53.5% (32.9) // 54.3% (35.5) // 53.5% (32.9) // 53.5% (32.9)",
        "corsiAgainst": "47.9% (54.5) // 45.7% (51.4) // 47.9% (54.5) // 47.9% (54.5)",
        "fenwickAgainst": "48.4% (42.0) // 45.6% (39.2) // 48.4% (42.0) // 48.4% (42.0)",
        "shotsAgainst": "48.3% (31.1) // 45.6% (29.7) // 48.3% (31.1) // 48.3% (31.1)",
        "scoringAgainst": "46.5% (28.6) // 45.7% (29.9) // 46.5% (28.6) // 46.5% (28.6)",
        "oppCorsi": "48.6% (57.5) // 48.0% (56.0) // 48.6% (57.5) // 48.6% (57.5)",
        "oppFenwick": "49.7% (42.3) // 48.8% (40.5) // 49.7% (42.3) // 49.7% (42.3)",
        "oppShots": "50.5% (31.1) // 50.2% (28.8) // 50.5% (31.1) // 50.5% (31.1)",
        "oppScoring": "49.5% (29.2) // 49.0% (28.7) // 49.5% (29.2) // 49.5% (29.2)",
        "oppCorsiAgainst": "51.4% (60.7) // 52.0% (60.6) // 51.4% (60.7) // 51.4% (60.7)",
        "oppFenwickAgainst": "50.3% (42.8) // 51.2% (42.5) // 50.3% (42.8) // 50.3% (42.8)",
        "oppShotsAgainst": "49.5% (30.4) // 49.8% (28.5) // 49.5% (30.4) // 49.5% (30.4)",
        "oppScoringAgainst": "50.5% (29.8) // 51.0% (29.9) // 50.5% (29.8) // 50.5% (29.8)",
        "savesPerGame": 28.2,
        "savesPerGameLast1": 30.0,
        "savesPerGameLast3": 32.7,
        "savesPerGameLast5": 31.6,
        "savesPer60": 30.9,
        "savesPer60Last1": 29.8,
        "savesPer60Last3": 32.5,
        "savesPer60Last5": 33.0,
        "shotsPerGame": 33.6,
        "shotsPerGameLast5": 32.0,
        "shotsAgainstPerGame": 31.4,
        "shotsAgainstPerGameLast5": 35.2,
        "oppSavesAgainstPer60": 30.5,
        "oppSavesAgainstPer60Last1": 29.6,
        "oppSavesAgainstPer60Last3": 26.9,
        "oppSavesAgainstPer60Last5": 30.0,
        "oppShotsAgainstPerGame": 30.9,
        "oppShotsAgainstPerGameLast5": 31.0,
        "savesProj": 28.7,
        "savesProjLast5": 32.9,
        "savesProjLast3": 26.6,
        "oppSavesAgainstProj": 29.5,
        "oppSavesAgainstProjLast5": 30.0,
        "oppSavesAgainstProjLast3": 26.8,
        "totalOver": 33,
        "totalOverLast5": 100,
        "totalOverLast15": 60,
        "lastTotalOver": 33,
        "last5": "2,2,1,2,2,1,0,0,0,2",
        "overOdds": "-130",
        "underOdds": "+100",
        "overUnder": "-130 / +100"
    },
    {
        "player": "Evander Kane",
        "team": "EDM",
        "opponent": "VGK",
        "propType": "ast",
        "line": 0.5,
        "ppLine": "PP2",
        "avg": 0.27,
        "hit": false,
        "diffAvg": -0.46,
        "diffAbs": 0.4,
        "lastAvg": 0.29,
        "diff": -0.42,
        "avgMin": 18,
        "proj": 0.3,
        "lastAvgMin": 19.45,
        "oppOver": 0,
        "teamOver": 0,
        "gameLine": "-175",
        "+/-": -6,
        "L5_+/-": -1.0,
        "prevMatchup": "2023-05-03 0.0 ast 2023-03-28 0.0 ast 2023-03-25 0.0 ast",
        "winLossSplits": "24% - 27%",
        "awayHome": "H",
        "playedYesterday": "N",
        "awayHomeSplits": "22% - 28%",
        "savesAboveExp": "-",
        "gsaa": "-",
        "corsi": "52.1% (59.2) // 54.3% (61.2) // 52.1% (59.2) // 52.1% (59.2)",
        "fenwick": "51.6% (44.8) // 54.4% (46.8) // 51.6% (44.8) // 51.6% (44.8)",
        "shots": "51.7% (33.3) // 54.4% (35.4) // 51.7% (33.3) // 51.7% (33.3)",
        "scoring": "53.5% (32.9) // 54.3% (35.5) // 53.5% (32.9) // 53.5% (32.9)",
        "corsiAgainst": "47.9% (54.5) // 45.7% (51.4) // 47.9% (54.5) // 47.9% (54.5)",
        "fenwickAgainst": "48.4% (42.0) // 45.6% (39.2) // 48.4% (42.0) // 48.4% (42.0)",
        "shotsAgainst": "48.3% (31.1) // 45.6% (29.7) // 48.3% (31.1) // 48.3% (31.1)",
        "scoringAgainst": "46.5% (28.6) // 45.7% (29.9) // 46.5% (28.6) // 46.5% (28.6)",
        "oppCorsi": "48.6% (57.5) // 48.0% (56.0) // 48.6% (57.5) // 48.6% (57.5)",
        "oppFenwick": "49.7% (42.3) // 48.8% (40.5) // 49.7% (42.3) // 49.7% (42.3)",
        "oppShots": "50.5% (31.1) // 50.2% (28.8) // 50.5% (31.1) // 50.5% (31.1)",
        "oppScoring": "49.5% (29.2) // 49.0% (28.7) // 49.5% (29.2) // 49.5% (29.2)",
        "oppCorsiAgainst": "51.4% (60.7) // 52.0% (60.6) // 51.4% (60.7) // 51.4% (60.7)",
        "oppFenwickAgainst": "50.3% (42.8) // 51.2% (42.5) // 50.3% (42.8) // 50.3% (42.8)",
        "oppShotsAgainst": "49.5% (30.4) // 49.8% (28.5) // 49.5% (30.4) // 49.5% (30.4)",
        "oppScoringAgainst": "50.5% (29.8) // 51.0% (29.9) // 50.5% (29.8) // 50.5% (29.8)",
        "savesPerGame": 28.2,
        "savesPerGameLast1": 30.0,
        "savesPerGameLast3": 32.7,
        "savesPerGameLast5": 31.6,
        "savesPer60": 30.9,
        "savesPer60Last1": 29.8,
        "savesPer60Last3": 32.5,
        "savesPer60Last5": 33.0,
        "shotsPerGame": 33.6,
        "shotsPerGameLast5": 32.0,
        "shotsAgainstPerGame": 31.4,
        "shotsAgainstPerGameLast5": 35.2,
        "oppSavesAgainstPer60": 30.5,
        "oppSavesAgainstPer60Last1": 29.6,
        "oppSavesAgainstPer60Last3": 26.9,
        "oppSavesAgainstPer60Last5": 30.0,
        "oppShotsAgainstPerGame": 30.9,
        "oppShotsAgainstPerGameLast5": 31.0,
        "savesProj": 28.7,
        "savesProjLast5": 32.9,
        "savesProjLast3": 26.6,
        "oppSavesAgainstProj": 29.5,
        "oppSavesAgainstProjLast5": 30.0,
        "oppSavesAgainstProjLast3": 26.8,
        "totalOver": 25,
        "totalOverLast5": 0,
        "totalOverLast15": 13,
        "lastTotalOver": 33,
        "last5": "0,0,0,0,0,0,1,0,0,0",
        "overOdds": "+170",
        "underOdds": "-210",
        "overUnder": "+170 / -210"
    },
    {
        "player": "Jack Eichel",
        "team": "VGK",
        "opponent": "EDM",
        "propType": "ast",
        "line": 0.5,
        "ppLine": "PP1",
        "avg": 0.58,
        "hit": false,
        "diffAvg": 0.16,
        "diffAbs": 0.4,
        "lastAvg": 0.32,
        "diff": -0.36,
        "avgMin": 18,
        "proj": 0.3,
        "lastAvgMin": 19.38,
        "oppOver": 0,
        "teamOver": 0,
        "gameLine": "+150",
        "+/-": "+25",
        "L5_+/-": "+2.0",
        "prevMatchup": "2023-05-03 1.0 ast 2023-03-28 1.0 ast 2023-03-25 2.0 ast 2023-01-14 0.0 ast 2022-11-19 1.0 ast",
        "winLossSplits": "58% - 32%",
        "awayHome": "A",
        "playedYesterday": "N",
        "awayHomeSplits": "53% - 46%",
        "savesAboveExp": 0.118,
        "gsaa": 14.07,
        "corsi": "48.6% (57.5) // 48.0% (56.0) // 48.6% (57.5) // 48.6% (57.5)",
        "fenwick": "49.7% (42.3) // 48.8% (40.5) // 49.7% (42.3) // 49.7% (42.3)",
        "shots": "50.5% (31.1) // 50.2% (28.8) // 50.5% (31.1) // 50.5% (31.1)",
        "scoring": "49.5% (29.2) // 49.0% (28.7) // 49.5% (29.2) // 49.5% (29.2)",
        "corsiAgainst": "51.4% (60.7) // 52.0% (60.6) // 51.4% (60.7) // 51.4% (60.7)",
        "fenwickAgainst": "50.3% (42.8) // 51.2% (42.5) // 50.3% (42.8) // 50.3% (42.8)",
        "shotsAgainst": "49.5% (30.4) // 49.8% (28.5) // 49.5% (30.4) // 49.5% (30.4)",
        "scoringAgainst": "50.5% (29.8) // 51.0% (29.9) // 50.5% (29.8) // 50.5% (29.8)",
        "oppCorsi": "52.1% (59.2) // 54.3% (61.2) // 52.1% (59.2) // 52.1% (59.2)",
        "oppFenwick": "51.6% (44.8) // 54.4% (46.8) // 51.6% (44.8) // 51.6% (44.8)",
        "oppShots": "51.7% (33.3) // 54.4% (35.4) // 51.7% (33.3) // 51.7% (33.3)",
        "oppScoring": "53.5% (32.9) // 54.3% (35.5) // 53.5% (32.9) // 53.5% (32.9)",
        "oppCorsiAgainst": "47.9% (54.5) // 45.7% (51.4) // 47.9% (54.5) // 47.9% (54.5)",
        "oppFenwickAgainst": "48.4% (42.0) // 45.6% (39.2) // 48.4% (42.0) // 48.4% (42.0)",
        "oppShotsAgainst": "48.3% (31.1) // 45.6% (29.7) // 48.3% (31.1) // 48.3% (31.1)",
        "oppScoringAgainst": "46.5% (28.6) // 45.7% (29.9) // 46.5% (28.6) // 46.5% (28.6)",
        "savesPerGame": 28.1,
        "savesPerGameLast1": 32.0,
        "savesPerGameLast3": 28.3,
        "savesPerGameLast5": 27.8,
        "savesPer60": 30.5,
        "savesPer60Last1": 31.9,
        "savesPer60Last3": 28.3,
        "savesPer60Last5": 29.9,
        "shotsPerGame": 31.5,
        "shotsPerGameLast5": 33.6,
        "shotsAgainstPerGame": 30.9,
        "shotsAgainstPerGameLast5": 31.0,
        "oppSavesAgainstPer60": 32.2,
        "oppSavesAgainstPer60Last1": 31.9,
        "oppSavesAgainstPer60Last3": 25.6,
        "oppSavesAgainstPer60Last5": 26.7,
        "oppShotsAgainstPerGame": 31.4,
        "oppShotsAgainstPerGameLast5": 35.2,
        "savesProj": 29.3,
        "savesProjLast5": 27.1,
        "savesProjLast3": 19.8,
        "oppSavesAgainstProj": 31.0,
        "oppSavesAgainstProjLast5": 24.9,
        "oppSavesAgainstProjLast3": 21.7,
        "totalOver": 49,
        "totalOverLast5": 60,
        "totalOverLast15": 73,
        "lastTotalOver": 32,
        "last5": "1,1,0,1,0,0,1,1,1,1",
        "overOdds": "+110",
        "underOdds": "-140",
        "overUnder": "+110 / -140"
    },
    {
        "player": "Jonathan Marchessault",
        "team": "VGK",
        "opponent": "EDM",
        "propType": "ast",
        "line": 0.5,
        "ppLine": "PP2",
        "avg": 0.38,
        "hit": false,
        "diffAvg": -0.24,
        "diffAbs": 0.0,
        "lastAvg": 0.47,
        "diff": -0.06,
        "avgMin": 17,
        "proj": 0.5,
        "lastAvgMin": 17.57,
        "oppOver": 0,
        "teamOver": 0,
        "gameLine": "+150",
        "+/-": "+6",
        "L5_+/-": "+5.0",
        "prevMatchup": "2023-05-03 0.0 ast 2023-03-28 0.0 ast 2023-03-25 1.0 ast 2023-01-14 1.0 ast 2022-11-19 0.0 ast",
        "winLossSplits": "40% - 20%",
        "awayHome": "A",
        "playedYesterday": "N",
        "awayHomeSplits": "35% - 31%",
        "savesAboveExp": 0.118,
        "gsaa": 14.07,
        "corsi": "48.6% (57.5) // 48.0% (56.0) // 48.6% (57.5) // 48.6% (57.5)",
        "fenwick": "49.7% (42.3) // 48.8% (40.5) // 49.7% (42.3) // 49.7% (42.3)",
        "shots": "50.5% (31.1) // 50.2% (28.8) // 50.5% (31.1) // 50.5% (31.1)",
        "scoring": "49.5% (29.2) // 49.0% (28.7) // 49.5% (29.2) // 49.5% (29.2)",
        "corsiAgainst": "51.4% (60.7) // 52.0% (60.6) // 51.4% (60.7) // 51.4% (60.7)",
        "fenwickAgainst": "50.3% (42.8) // 51.2% (42.5) // 50.3% (42.8) // 50.3% (42.8)",
        "shotsAgainst": "49.5% (30.4) // 49.8% (28.5) // 49.5% (30.4) // 49.5% (30.4)",
        "scoringAgainst": "50.5% (29.8) // 51.0% (29.9) // 50.5% (29.8) // 50.5% (29.8)",
        "oppCorsi": "52.1% (59.2) // 54.3% (61.2) // 52.1% (59.2) // 52.1% (59.2)",
        "oppFenwick": "51.6% (44.8) // 54.4% (46.8) // 51.6% (44.8) // 51.6% (44.8)",
        "oppShots": "51.7% (33.3) // 54.4% (35.4) // 51.7% (33.3) // 51.7% (33.3)",
        "oppScoring": "53.5% (32.9) // 54.3% (35.5) // 53.5% (32.9) // 53.5% (32.9)",
        "oppCorsiAgainst": "47.9% (54.5) // 45.7% (51.4) // 47.9% (54.5) // 47.9% (54.5)",
        "oppFenwickAgainst": "48.4% (42.0) // 45.6% (39.2) // 48.4% (42.0) // 48.4% (42.0)",
        "oppShotsAgainst": "48.3% (31.1) // 45.6% (29.7) // 48.3% (31.1) // 48.3% (31.1)",
        "oppScoringAgainst": "46.5% (28.6) // 45.7% (29.9) // 46.5% (28.6) // 46.5% (28.6)",
        "savesPerGame": 28.1,
        "savesPerGameLast1": 32.0,
        "savesPerGameLast3": 28.3,
        "savesPerGameLast5": 27.8,
        "savesPer60": 30.5,
        "savesPer60Last1": 31.9,
        "savesPer60Last3": 28.3,
        "savesPer60Last5": 29.9,
        "shotsPerGame": 31.5,
        "shotsPerGameLast5": 33.6,
        "shotsAgainstPerGame": 30.9,
        "shotsAgainstPerGameLast5": 31.0,
        "oppSavesAgainstPer60": 32.2,
        "oppSavesAgainstPer60Last1": 31.9,
        "oppSavesAgainstPer60Last3": 25.6,
        "oppSavesAgainstPer60Last5": 26.7,
        "oppShotsAgainstPerGame": 31.4,
        "oppShotsAgainstPerGameLast5": 35.2,
        "savesProj": 29.3,
        "savesProjLast5": 27.1,
        "savesProjLast3": 19.8,
        "oppSavesAgainstProj": 31.0,
        "oppSavesAgainstProjLast5": 24.9,
        "oppSavesAgainstProjLast3": 21.7,
        "totalOver": 33,
        "totalOverLast5": 20,
        "totalOverLast15": 20,
        "lastTotalOver": 35,
        "last5": "0,0,1,0,0,1,0,0,0,0",
        "overOdds": "+235",
        "underOdds": "-300",
        "overUnder": "+235 / -300"
    },
    {
        "player": "Leon Draisaitl",
        "team": "EDM",
        "opponent": "VGK",
        "propType": "ast",
        "line": 0.5,
        "ppLine": "PP1",
        "avg": 0.92,
        "hit": false,
        "diffAvg": 0.84,
        "diffAbs": 0.0,
        "lastAvg": 0.57,
        "diff": 0.14,
        "avgMin": 21,
        "proj": 0.5,
        "lastAvgMin": 22.33,
        "oppOver": 0,
        "teamOver": 0,
        "gameLine": "-175",
        "+/-": "+12",
        "L5_+/-": "+6.0",
        "prevMatchup": "2023-05-03 0.0 ast 2023-03-28 1.0 ast 2023-03-25 1.0 ast 2023-01-14 0.0 ast 2022-11-19 1.0 ast",
        "winLossSplits": "75% - 38%",
        "awayHome": "H",
        "playedYesterday": "N",
        "awayHomeSplits": "52% - 70%",
        "savesAboveExp": "-",
        "gsaa": "-",
        "corsi": "52.1% (59.2) // 54.3% (61.2) // 52.1% (59.2) // 52.1% (59.2)",
        "fenwick": "51.6% (44.8) // 54.4% (46.8) // 51.6% (44.8) // 51.6% (44.8)",
        "shots": "51.7% (33.3) // 54.4% (35.4) // 51.7% (33.3) // 51.7% (33.3)",
        "scoring": "53.5% (32.9) // 54.3% (35.5) // 53.5% (32.9) // 53.5% (32.9)",
        "corsiAgainst": "47.9% (54.5) // 45.7% (51.4) // 47.9% (54.5) // 47.9% (54.5)",
        "fenwickAgainst": "48.4% (42.0) // 45.6% (39.2) // 48.4% (42.0) // 48.4% (42.0)",
        "shotsAgainst": "48.3% (31.1) // 45.6% (29.7) // 48.3% (31.1) // 48.3% (31.1)",
        "scoringAgainst": "46.5% (28.6) // 45.7% (29.9) // 46.5% (28.6) // 46.5% (28.6)",
        "oppCorsi": "48.6% (57.5) // 48.0% (56.0) // 48.6% (57.5) // 48.6% (57.5)",
        "oppFenwick": "49.7% (42.3) // 48.8% (40.5) // 49.7% (42.3) // 49.7% (42.3)",
        "oppShots": "50.5% (31.1) // 50.2% (28.8) // 50.5% (31.1) // 50.5% (31.1)",
        "oppScoring": "49.5% (29.2) // 49.0% (28.7) // 49.5% (29.2) // 49.5% (29.2)",
        "oppCorsiAgainst": "51.4% (60.7) // 52.0% (60.6) // 51.4% (60.7) // 51.4% (60.7)",
        "oppFenwickAgainst": "50.3% (42.8) // 51.2% (42.5) // 50.3% (42.8) // 50.3% (42.8)",
        "oppShotsAgainst": "49.5% (30.4) // 49.8% (28.5) // 49.5% (30.4) // 49.5% (30.4)",
        "oppScoringAgainst": "50.5% (29.8) // 51.0% (29.9) // 50.5% (29.8) // 50.5% (29.8)",
        "savesPerGame": 28.2,
        "savesPerGameLast1": 30.0,
        "savesPerGameLast3": 32.7,
        "savesPerGameLast5": 31.6,
        "savesPer60": 30.9,
        "savesPer60Last1": 29.8,
        "savesPer60Last3": 32.5,
        "savesPer60Last5": 33.0,
        "shotsPerGame": 33.6,
        "shotsPerGameLast5": 32.0,
        "shotsAgainstPerGame": 31.4,
        "shotsAgainstPerGameLast5": 35.2,
        "oppSavesAgainstPer60": 30.5,
        "oppSavesAgainstPer60Last1": 29.6,
        "oppSavesAgainstPer60Last3": 26.9,
        "oppSavesAgainstPer60Last5": 30.0,
        "oppShotsAgainstPerGame": 30.9,
        "oppShotsAgainstPerGameLast5": 31.0,
        "savesProj": 28.7,
        "savesProjLast5": 32.9,
        "savesProjLast3": 26.6,
        "oppSavesAgainstProj": 29.5,
        "oppSavesAgainstProjLast5": 30.0,
        "oppSavesAgainstProjLast3": 26.8,
        "totalOver": 61,
        "totalOverLast5": 40,
        "totalOverLast15": 53,
        "lastTotalOver": 58,
        "last5": "0,0,0,1,1,2,0,2,1,1",
        "overOdds": "-195",
        "underOdds": "+160",
        "overUnder": "-195 / +160"
    },
    {
        "player": "Mark Stone",
        "team": "VGK",
        "opponent": "EDM",
        "propType": "ast",
        "line": 0.5,
        "ppLine": "PP1",
        "avg": 0.55,
        "hit": false,
        "diffAvg": 0.1,
        "diffAbs": 0.2,
        "lastAvg": 0.55,
        "diff": 0.1,
        "avgMin": 19,
        "proj": 0.6,
        "lastAvgMin": 18.33,
        "oppOver": 0,
        "teamOver": 0,
        "gameLine": "+150",
        "+/-": "+16",
        "L5_+/-": "+4.0",
        "prevMatchup": "2023-05-03 1.0 ast 2022-11-19 0.0 ast",
        "winLossSplits": "58% - 25%",
        "awayHome": "A",
        "playedYesterday": "N",
        "awayHomeSplits": "64% - 33%",
        "savesAboveExp": 0.118,
        "gsaa": 14.07,
        "corsi": "48.6% (57.5) // 48.0% (56.0) // 48.6% (57.5) // 48.6% (57.5)",
        "fenwick": "49.7% (42.3) // 48.8% (40.5) // 49.7% (42.3) // 49.7% (42.3)",
        "shots": "50.5% (31.1) // 50.2% (28.8) // 50.5% (31.1) // 50.5% (31.1)",
        "scoring": "49.5% (29.2) // 49.0% (28.7) // 49.5% (29.2) // 49.5% (29.2)",
        "corsiAgainst": "51.4% (60.7) // 52.0% (60.6) // 51.4% (60.7) // 51.4% (60.7)",
        "fenwickAgainst": "50.3% (42.8) // 51.2% (42.5) // 50.3% (42.8) // 50.3% (42.8)",
        "shotsAgainst": "49.5% (30.4) // 49.8% (28.5) // 49.5% (30.4) // 49.5% (30.4)",
        "scoringAgainst": "50.5% (29.8) // 51.0% (29.9) // 50.5% (29.8) // 50.5% (29.8)",
        "oppCorsi": "52.1% (59.2) // 54.3% (61.2) // 52.1% (59.2) // 52.1% (59.2)",
        "oppFenwick": "51.6% (44.8) // 54.4% (46.8) // 51.6% (44.8) // 51.6% (44.8)",
        "oppShots": "51.7% (33.3) // 54.4% (35.4) // 51.7% (33.3) // 51.7% (33.3)",
        "oppScoring": "53.5% (32.9) // 54.3% (35.5) // 53.5% (32.9) // 53.5% (32.9)",
        "oppCorsiAgainst": "47.9% (54.5) // 45.7% (51.4) // 47.9% (54.5) // 47.9% (54.5)",
        "oppFenwickAgainst": "48.4% (42.0) // 45.6% (39.2) // 48.4% (42.0) // 48.4% (42.0)",
        "oppShotsAgainst": "48.3% (31.1) // 45.6% (29.7) // 48.3% (31.1) // 48.3% (31.1)",
        "oppScoringAgainst": "46.5% (28.6) // 45.7% (29.9) // 46.5% (28.6) // 46.5% (28.6)",
        "savesPerGame": 28.1,
        "savesPerGameLast1": 32.0,
        "savesPerGameLast3": 28.3,
        "savesPerGameLast5": 27.8,
        "savesPer60": 30.5,
        "savesPer60Last1": 31.9,
        "savesPer60Last3": 28.3,
        "savesPer60Last5": 29.9,
        "shotsPerGame": 31.5,
        "shotsPerGameLast5": 33.6,
        "shotsAgainstPerGame": 30.9,
        "shotsAgainstPerGameLast5": 31.0,
        "oppSavesAgainstPer60": 32.2,
        "oppSavesAgainstPer60Last1": 31.9,
        "oppSavesAgainstPer60Last3": 25.6,
        "oppSavesAgainstPer60Last5": 26.7,
        "oppShotsAgainstPerGame": 31.4,
        "oppShotsAgainstPerGameLast5": 35.2,
        "savesProj": 29.3,
        "savesProjLast5": 27.1,
        "savesProjLast3": 19.8,
        "oppSavesAgainstProj": 31.0,
        "oppSavesAgainstProjLast5": 24.9,
        "oppSavesAgainstProjLast3": 21.7,
        "totalOver": 47,
        "totalOverLast5": 100,
        "totalOverLast15": 67,
        "lastTotalOver": 47,
        "last5": "1,2,1,1,1,0,0,0,1,1",
        "overOdds": "+115",
        "underOdds": "-145",
        "overUnder": "+115 / -145"
    },
    {
        "player": "Reilly Smith",
        "team": "VGK",
        "opponent": "EDM",
        "propType": "ast",
        "line": 0.5,
        "ppLine": "PP1",
        "avg": 0.4,
        "hit": false,
        "diffAvg": -0.2,
        "diffAbs": 0.2,
        "lastAvg": 0.39,
        "diff": -0.22,
        "avgMin": 16,
        "proj": 0.4,
        "lastAvgMin": 17.78,
        "oppOver": 0,
        "teamOver": 0,
        "gameLine": "+150",
        "+/-": "+12",
        "L5_+/-": "+3.0",
        "prevMatchup": "2023-05-03 1.0 ast 2023-01-14 0.0 ast 2022-11-19 0.0 ast",
        "winLossSplits": "41% - 20%",
        "awayHome": "A",
        "playedYesterday": "N",
        "awayHomeSplits": "29% - 37%",
        "savesAboveExp": 0.118,
        "gsaa": 14.07,
        "corsi": "48.6% (57.5) // 48.0% (56.0) // 48.6% (57.5) // 48.6% (57.5)",
        "fenwick": "49.7% (42.3) // 48.8% (40.5) // 49.7% (42.3) // 49.7% (42.3)",
        "shots": "50.5% (31.1) // 50.2% (28.8) // 50.5% (31.1) // 50.5% (31.1)",
        "scoring": "49.5% (29.2) // 49.0% (28.7) // 49.5% (29.2) // 49.5% (29.2)",
        "corsiAgainst": "51.4% (60.7) // 52.0% (60.6) // 51.4% (60.7) // 51.4% (60.7)",
        "fenwickAgainst": "50.3% (42.8) // 51.2% (42.5) // 50.3% (42.8) // 50.3% (42.8)",
        "shotsAgainst": "49.5% (30.4) // 49.8% (28.5) // 49.5% (30.4) // 49.5% (30.4)",
        "scoringAgainst": "50.5% (29.8) // 51.0% (29.9) // 50.5% (29.8) // 50.5% (29.8)",
        "oppCorsi": "52.1% (59.2) // 54.3% (61.2) // 52.1% (59.2) // 52.1% (59.2)",
        "oppFenwick": "51.6% (44.8) // 54.4% (46.8) // 51.6% (44.8) // 51.6% (44.8)",
        "oppShots": "51.7% (33.3) // 54.4% (35.4) // 51.7% (33.3) // 51.7% (33.3)",
        "oppScoring": "53.5% (32.9) // 54.3% (35.5) // 53.5% (32.9) // 53.5% (32.9)",
        "oppCorsiAgainst": "47.9% (54.5) // 45.7% (51.4) // 47.9% (54.5) // 47.9% (54.5)",
        "oppFenwickAgainst": "48.4% (42.0) // 45.6% (39.2) // 48.4% (42.0) // 48.4% (42.0)",
        "oppShotsAgainst": "48.3% (31.1) // 45.6% (29.7) // 48.3% (31.1) // 48.3% (31.1)",
        "oppScoringAgainst": "46.5% (28.6) // 45.7% (29.9) // 46.5% (28.6) // 46.5% (28.6)",
        "savesPerGame": 28.1,
        "savesPerGameLast1": 32.0,
        "savesPerGameLast3": 28.3,
        "savesPerGameLast5": 27.8,
        "savesPer60": 30.5,
        "savesPer60Last1": 31.9,
        "savesPer60Last3": 28.3,
        "savesPer60Last5": 29.9,
        "shotsPerGame": 31.5,
        "shotsPerGameLast5": 33.6,
        "shotsAgainstPerGame": 30.9,
        "shotsAgainstPerGameLast5": 31.0,
        "oppSavesAgainstPer60": 32.2,
        "oppSavesAgainstPer60Last1": 31.9,
        "oppSavesAgainstPer60Last3": 25.6,
        "oppSavesAgainstPer60Last5": 26.7,
        "oppShotsAgainstPerGame": 31.4,
        "oppShotsAgainstPerGameLast5": 35.2,
        "savesProj": 29.3,
        "savesProjLast5": 27.1,
        "savesProjLast3": 19.8,
        "oppSavesAgainstProj": 31.0,
        "oppSavesAgainstProjLast5": 24.9,
        "oppSavesAgainstProjLast3": 21.7,
        "totalOver": 33,
        "totalOverLast5": 80,
        "totalOverLast15": 40,
        "lastTotalOver": 34,
        "last5": "1,1,0,1,1,0,0,2,0,0",
        "overOdds": "+190",
        "underOdds": "-235",
        "overUnder": "+190 / -235"
    },
    {
        "player": "Ryan Nugent-Hopkins",
        "team": "EDM",
        "opponent": "VGK",
        "propType": "ast",
        "line": 0.5,
        "ppLine": "",
        "avg": 0.8,
        "hit": false,
        "diffAvg": 0.6,
        "diffAbs": 0.0,
        "lastAvg": 0.49,
        "diff": -0.02,
        "avgMin": 19,
        "proj": 0.5,
        "lastAvgMin": 19.32,
        "oppOver": 0,
        "teamOver": 0,
        "gameLine": "-175",
        "+/-": "+9",
        "L5_+/-": "+1.0",
        "prevMatchup": "2023-05-03 0.0 ast 2023-03-28 4.0 ast 2023-03-25 1.0 ast 2023-01-14 0.0 ast 2022-11-19 3.0 ast",
        "winLossSplits": "70% - 34%",
        "awayHome": "H",
        "playedYesterday": "N",
        "awayHomeSplits": "51% - 61%",
        "savesAboveExp": "-",
        "gsaa": "-",
        "corsi": "52.1% (59.2) // 54.3% (61.2) // 52.1% (59.2) // 52.1% (59.2)",
        "fenwick": "51.6% (44.8) // 54.4% (46.8) // 51.6% (44.8) // 51.6% (44.8)",
        "shots": "51.7% (33.3) // 54.4% (35.4) // 51.7% (33.3) // 51.7% (33.3)",
        "scoring": "53.5% (32.9) // 54.3% (35.5) // 53.5% (32.9) // 53.5% (32.9)",
        "corsiAgainst": "47.9% (54.5) // 45.7% (51.4) // 47.9% (54.5) // 47.9% (54.5)",
        "fenwickAgainst": "48.4% (42.0) // 45.6% (39.2) // 48.4% (42.0) // 48.4% (42.0)",
        "shotsAgainst": "48.3% (31.1) // 45.6% (29.7) // 48.3% (31.1) // 48.3% (31.1)",
        "scoringAgainst": "46.5% (28.6) // 45.7% (29.9) // 46.5% (28.6) // 46.5% (28.6)",
        "oppCorsi": "48.6% (57.5) // 48.0% (56.0) // 48.6% (57.5) // 48.6% (57.5)",
        "oppFenwick": "49.7% (42.3) // 48.8% (40.5) // 49.7% (42.3) // 49.7% (42.3)",
        "oppShots": "50.5% (31.1) // 50.2% (28.8) // 50.5% (31.1) // 50.5% (31.1)",
        "oppScoring": "49.5% (29.2) // 49.0% (28.7) // 49.5% (29.2) // 49.5% (29.2)",
        "oppCorsiAgainst": "51.4% (60.7) // 52.0% (60.6) // 51.4% (60.7) // 51.4% (60.7)",
        "oppFenwickAgainst": "50.3% (42.8) // 51.2% (42.5) // 50.3% (42.8) // 50.3% (42.8)",
        "oppShotsAgainst": "49.5% (30.4) // 49.8% (28.5) // 49.5% (30.4) // 49.5% (30.4)",
        "oppScoringAgainst": "50.5% (29.8) // 51.0% (29.9) // 50.5% (29.8) // 50.5% (29.8)",
        "savesPerGame": 28.2,
        "savesPerGameLast1": 30.0,
        "savesPerGameLast3": 32.7,
        "savesPerGameLast5": 31.6,
        "savesPer60": 30.9,
        "savesPer60Last1": 29.8,
        "savesPer60Last3": 32.5,
        "savesPer60Last5": 33.0,
        "shotsPerGame": 33.6,
        "shotsPerGameLast5": 32.0,
        "shotsAgainstPerGame": 31.4,
        "shotsAgainstPerGameLast5": 35.2,
        "oppSavesAgainstPer60": 30.5,
        "oppSavesAgainstPer60Last1": 29.6,
        "oppSavesAgainstPer60Last3": 26.9,
        "oppSavesAgainstPer60Last5": 30.0,
        "oppShotsAgainstPerGame": 30.9,
        "oppShotsAgainstPerGameLast5": 31.0,
        "savesProj": 28.7,
        "savesProjLast5": 32.9,
        "savesProjLast3": 26.6,
        "oppSavesAgainstProj": 29.5,
        "oppSavesAgainstProjLast5": 30.0,
        "oppSavesAgainstProjLast3": 26.8,
        "totalOver": 56,
        "totalOverLast5": 60,
        "totalOverLast15": 60,
        "lastTotalOver": 45,
        "last5": "0,0,1,1,1,0,1,1,0,2",
        "overOdds": "-165",
        "underOdds": "+135",
        "overUnder": "-165 / +135"
    },
    {
        "player": "Shea Theodore",
        "team": "VGK",
        "opponent": "EDM",
        "propType": "ast",
        "line": 0.5,
        "ppLine": "PP2",
        "avg": 0.6,
        "hit": false,
        "diffAvg": 0.2,
        "diffAbs": 0.2,
        "lastAvg": 0.49,
        "diff": -0.02,
        "avgMin": 21,
        "proj": 0.4,
        "lastAvgMin": 23.13,
        "oppOver": 0,
        "teamOver": 0,
        "gameLine": "+150",
        "+/-": "+19",
        "L5_+/-": "+5.0",
        "prevMatchup": "2023-05-03 0.0 ast 2023-03-28 0.0 ast 2023-03-25 2.0 ast 2022-11-19 2.0 ast",
        "winLossSplits": "55% - 39%",
        "awayHome": "A",
        "playedYesterday": "N",
        "awayHomeSplits": "50% - 50%",
        "savesAboveExp": 0.118,
        "gsaa": 14.07,
        "corsi": "48.6% (57.5) // 48.0% (56.0) // 48.6% (57.5) // 48.6% (57.5)",
        "fenwick": "49.7% (42.3) // 48.8% (40.5) // 49.7% (42.3) // 49.7% (42.3)",
        "shots": "50.5% (31.1) // 50.2% (28.8) // 50.5% (31.1) // 50.5% (31.1)",
        "scoring": "49.5% (29.2) // 49.0% (28.7) // 49.5% (29.2) // 49.5% (29.2)",
        "corsiAgainst": "51.4% (60.7) // 52.0% (60.6) // 51.4% (60.7) // 51.4% (60.7)",
        "fenwickAgainst": "50.3% (42.8) // 51.2% (42.5) // 50.3% (42.8) // 50.3% (42.8)",
        "shotsAgainst": "49.5% (30.4) // 49.8% (28.5) // 49.5% (30.4) // 49.5% (30.4)",
        "scoringAgainst": "50.5% (29.8) // 51.0% (29.9) // 50.5% (29.8) // 50.5% (29.8)",
        "oppCorsi": "52.1% (59.2) // 54.3% (61.2) // 52.1% (59.2) // 52.1% (59.2)",
        "oppFenwick": "51.6% (44.8) // 54.4% (46.8) // 51.6% (44.8) // 51.6% (44.8)",
        "oppShots": "51.7% (33.3) // 54.4% (35.4) // 51.7% (33.3) // 51.7% (33.3)",
        "oppScoring": "53.5% (32.9) // 54.3% (35.5) // 53.5% (32.9) // 53.5% (32.9)",
        "oppCorsiAgainst": "47.9% (54.5) // 45.7% (51.4) // 47.9% (54.5) // 47.9% (54.5)",
        "oppFenwickAgainst": "48.4% (42.0) // 45.6% (39.2) // 48.4% (42.0) // 48.4% (42.0)",
        "oppShotsAgainst": "48.3% (31.1) // 45.6% (29.7) // 48.3% (31.1) // 48.3% (31.1)",
        "oppScoringAgainst": "46.5% (28.6) // 45.7% (29.9) // 46.5% (28.6) // 46.5% (28.6)",
        "savesPerGame": 28.1,
        "savesPerGameLast1": 32.0,
        "savesPerGameLast3": 28.3,
        "savesPerGameLast5": 27.8,
        "savesPer60": 30.5,
        "savesPer60Last1": 31.9,
        "savesPer60Last3": 28.3,
        "savesPer60Last5": 29.9,
        "shotsPerGame": 31.5,
        "shotsPerGameLast5": 33.6,
        "shotsAgainstPerGame": 30.9,
        "shotsAgainstPerGameLast5": 31.0,
        "oppSavesAgainstPer60": 32.2,
        "oppSavesAgainstPer60Last1": 31.9,
        "oppSavesAgainstPer60Last3": 25.6,
        "oppSavesAgainstPer60Last5": 26.7,
        "oppShotsAgainstPerGame": 31.4,
        "oppShotsAgainstPerGameLast5": 35.2,
        "savesProj": 29.3,
        "savesProjLast5": 27.1,
        "savesProjLast3": 19.8,
        "oppSavesAgainstProj": 31.0,
        "oppSavesAgainstProjLast5": 24.9,
        "oppSavesAgainstProjLast3": 21.7,
        "totalOver": 50,
        "totalOverLast5": 40,
        "totalOverLast15": 40,
        "lastTotalOver": 39,
        "last5": "0,2,1,0,0,0,0,2,1,0",
        "overOdds": "+175",
        "underOdds": "-215",
        "overUnder": "+175 / -215"
    },
    {
        "player": "William Karlsson",
        "team": "VGK",
        "opponent": "EDM",
        "propType": "ast",
        "line": 0.5,
        "ppLine": "PP2",
        "avg": 0.47,
        "hit": false,
        "diffAvg": -0.06,
        "diffAbs": 0.4,
        "lastAvg": 0.34,
