[
    {
        "player": "Ilya Sorokin",
        "team": "NYI",
        "opponent": "MTL",
        "propType": "sv",
        "line": 24.5,
        "ppLine": "",
        "avg": 27.57,
        "hit": false,
        "diffAvg": 0.13,
        "diffAbs": 0.15,
        "lastAvg": 29.23,
        "diff": 0.19,
        "avgMin": 57,
        "proj": 28.2,
        "lastAvgMin": 59.07,
        "oppOver": 47,
        "teamOver": 68,
        "gameLine": "-330",
        "+/-": 0,
        "L5_+/-": 0,
        "prevMatchup": "2023-01-14 mtl @ nyi 22.0 sv 2023-02-11 nyi @ mtl 27.0 sv",
        "winLossSplits": "58% - 70%",
        "awayHome": "H",
        "playedYesterday": "N",
        "awayHomeSplits": "62% - 66%",
        "savesAboveExp": 0.704,
        "gsaa": 35.88,
        "corsi": "49.5% (58.5) // 52.5% (63.0) // 55.3% (69.5) // 59.4% (77.0)",
        "fenwick": "49.3% (42.6) // 51.8% (45.2) // 53.2% (48.0) // 57.0% (52.7)",
        "shots": "49.6% (30.4) // 52.0% (31.8) // 51.4% (31.3) // 55.4% (34.3)",
        "scoring": "49.8% (30.3) // 50.4% (29.9) // 55.2% (33.0) // 62.4% (39.3)",
        "corsiAgainst": "50.5% (59.7) // 47.5% (57.1) // 44.7% (56.2) // 40.6% (52.7)",
        "fenwickAgainst": "50.7% (43.8) // 48.2% (42.1) // 46.8% (42.2) // 43.0% (39.7)",
        "shotsAgainst": "50.4% (30.8) // 48.0% (29.3) // 48.6% (29.5) // 44.6% (27.7)",
        "scoringAgainst": "50.2% (30.5) // 49.6% (29.4) // 44.8% (26.8) // 37.6% (23.7)",
        "oppCorsi": "44.7% (50.7) // 46.9% (49.8) // 45.1% (47.3) // 45.5% (53.0)",
        "oppFenwick": "44.6% (36.9) // 46.7% (36.6) // 44.0% (34.3) // 42.0% (36.5)",
        "oppShots": "44.7% (27.0) // 46.0% (26.2) // 45.3% (25.7) // 42.4% (26.5)",
        "oppScoring": "42.6% (24.8) // 43.5% (22.2) // 38.2% (19.3) // 39.1% (22.5)",
        "oppCorsiAgainst": "55.3% (62.7) // 53.1% (56.4) // 54.9% (57.7) // 54.5% (63.5)",
        "oppFenwickAgainst": "55.4% (45.8) // 53.3% (41.8) // 56.0% (43.7) // 58.0% (50.5)",
        "oppShotsAgainst": "55.3% (33.3) // 54.0% (30.7) // 54.7% (31.0) // 57.6% (36.0)",
        "oppScoringAgainst": "57.4% (33.5) // 56.5% (28.9) // 61.8% (31.3) // 60.9% (35.0)",
        "savesPerGame": 28.5,
        "savesPerGameLast1": 20.0,
        "savesPerGameLast3": 25.7,
        "savesPerGameLast5": 27.4,
        "savesPer60": 28.5,
        "savesPer60Last1": 19.0,
        "savesPer60Last3": 25.2,
        "savesPer60Last5": 27.0,
        "shotsPerGame": 30.7,
        "shotsPerGameLast5": 32.6,
        "shotsAgainstPerGame": 31.2,
        "shotsAgainstPerGameLast5": 30.0,
        "oppSavesAgainstPer60": 24.3,
        "oppSavesAgainstPer60Last1": 20.0,
        "oppSavesAgainstPer60Last3": 23.4,
        "oppSavesAgainstPer60Last5": 20.4,
        "oppShotsAgainstPerGame": 33.7,
        "oppShotsAgainstPerGameLast5": 34.6,
        "savesProj": 23.5,
        "savesProjLast5": 18.5,
        "savesProjLast3": 19.8,
        "oppSavesAgainstProj": 24.4,
        "oppSavesAgainstProjLast5": 19.4,
        "oppSavesAgainstProjLast3": 21.7,
        "totalOver": 64,
        "totalOverLast5": 60,
        "totalOverLast15": 60,
        "lastTotalOver": 72,
        "last5": "20,27,30,33,17,25,30,22,25,29",
        "overOdds": "-105",
        "underOdds": "-125",
        "overUnder": "-105 / -125"
    },
    {
        "player": "Sam Montembeault",
        "team": "MTL",
        "opponent": "NYI",
        "propType": "sv",
        "line": 31.5,
        "ppLine": "",
        "avg": 30.66,
        "hit": false,
        "diffAvg": -0.03,
        "diffAbs": 0.05,
        "lastAvg": 26.37,
        "diff": -0.16,
        "avgMin": 58,
        "proj": 29.9,
        "lastAvgMin": 51.12,
        "oppOver": 27,
        "teamOver": 39,
        "gameLine": "+275",
        "+/-": 0,
        "L5_+/-": 0,
        "prevMatchup": "2023-01-14 mtl @ nyi 36.0 sv 2023-02-11 nyi @ mtl 27.0 sv",
        "winLossSplits": "44% - 36%",
        "awayHome": "A",
        "playedYesterday": "N",
        "awayHomeSplits": "52% - 24%",
        "savesAboveExp": 0.061,
        "gsaa": -0.78,
        "corsi": "44.7% (50.7) // 46.9% (49.8) // 45.1% (47.3) // 45.5% (53.0)",
        "fenwick": "44.6% (36.9) // 46.7% (36.6) // 44.0% (34.3) // 42.0% (36.5)",
        "shots": "44.7% (27.0) // 46.0% (26.2) // 45.3% (25.7) // 42.4% (26.5)",
        "scoring": "42.6% (24.8) // 43.5% (22.2) // 38.2% (19.3) // 39.1% (22.5)",
        "corsiAgainst": "55.3% (62.7) // 53.1% (56.4) // 54.9% (57.7) // 54.5% (63.5)",
        "fenwickAgainst": "55.4% (45.8) // 53.3% (41.8) // 56.0% (43.7) // 58.0% (50.5)",
        "shotsAgainst": "55.3% (33.3) // 54.0% (30.7) // 54.7% (31.0) // 57.6% (36.0)",
        "scoringAgainst": "57.4% (33.5) // 56.5% (28.9) // 61.8% (31.3) // 60.9% (35.0)",
        "oppCorsi": "49.5% (58.5) // 52.5% (63.0) // 55.3% (69.5) // 59.4% (77.0)",
        "oppFenwick": "49.3% (42.6) // 51.8% (45.2) // 53.2% (48.0) // 57.0% (52.7)",
        "oppShots": "49.6% (30.4) // 52.0% (31.8) // 51.4% (31.3) // 55.4% (34.3)",
        "oppScoring": "49.8% (30.3) // 50.4% (29.9) // 55.2% (33.0) // 62.4% (39.3)",
        "oppCorsiAgainst": "50.5% (59.7) // 47.5% (57.1) // 44.7% (56.2) // 40.6% (52.7)",
        "oppFenwickAgainst": "50.7% (43.8) // 48.2% (42.1) // 46.8% (42.2) // 43.0% (39.7)",
        "oppShotsAgainst": "50.4% (30.8) // 48.0% (29.3) // 48.6% (29.5) // 44.6% (27.7)",
        "oppScoringAgainst": "50.2% (30.5) // 49.6% (29.4) // 44.8% (26.8) // 37.6% (23.7)",
        "savesPerGame": 30.0,
        "savesPerGameLast1": 39.0,
        "savesPerGameLast3": 26.3,
        "savesPerGameLast5": 30.2,
        "savesPer60": 29.7,
        "savesPer60Last1": 38.9,
        "savesPer60Last3": 26.2,
        "savesPer60Last5": 30.0,
        "shotsPerGame": 27.3,
        "shotsPerGameLast5": 22.2,
        "shotsAgainstPerGame": 33.7,
        "shotsAgainstPerGameLast5": 34.6,
        "oppSavesAgainstPer60": 27.8,
        "oppSavesAgainstPer60Last1": 38.0,
        "oppSavesAgainstPer60Last3": 30.3,
        "oppSavesAgainstPer60Last5": 30.0,
        "oppShotsAgainstPerGame": 31.2,
        "oppShotsAgainstPerGameLast5": 30.0,
        "savesProj": 29.0,
        "savesProjLast5": 31.6,
        "savesProjLast3": 27.9,
        "oppSavesAgainstProj": 29.4,
        "oppSavesAgainstProjLast5": 30.5,
        "oppSavesAgainstProjLast3": 28.8,
        "totalOver": 39,
        "totalOverLast5": 40,
        "totalOverLast15": 33,
        "lastTotalOver": 34,
        "last5": "39,24,47,25,21,31,36,21,39,16",
        "overOdds": "-110",
        "underOdds": "-120",
        "overUnder": "-110 / -120"
    },
    {
        "player": "Scott Wedgewood",
        "team": "DAL",
        "opponent": "STL",
        "propType": "sv",
        "line": 27.5,
        "ppLine": "",
        "avg": 26.8,
        "hit": false,
        "diffAvg": -0.03,
        "diffAbs": 0.01,
        "lastAvg": 29.95,
        "diff": 0.09,
        "avgMin": 53,
        "proj": 27.9,
        "lastAvgMin": 56.88,
        "oppOver": 35,
        "teamOver": 48,
        "gameLine": "-165",
        "+/-": 0,
        "L5_+/-": 0,
        "prevMatchup": "2022-11-28 dal @ stl 23.0 sv",
        "winLossSplits": "56% - 73%",
        "awayHome": "A",
        "playedYesterday": "N",
        "awayHomeSplits": "69% - 57%",
        "savesAboveExp": 0.285,
        "gsaa": 6.92,
        "corsi": "51.8% (59.8) // 53.0% (54.8) // 53.9% (52.7) // 54.5% (52.9)",
        "fenwick": "51.1% (43.6) // 52.2% (39.9) // 53.1% (37.7) // 52.8% (37.0)",
        "shots": "51.4% (31.4) // 52.8% (28.0) // 52.8% (25.2) // 54.2% (25.0)",
        "scoring": "53.2% (31.3) // 55.0% (28.4) // 58.3% (27.4) // 56.1% (25.3)",
        "corsiAgainst": "48.2% (55.7) // 47.0% (48.5) // 46.1% (45.1) // 45.5% (44.1)",
        "fenwickAgainst": "48.9% (41.8) // 47.8% (36.6) // 46.9% (33.3) // 47.2% (33.1)",
        "shotsAgainst": "48.6% (29.7) // 47.2% (25.0) // 47.2% (22.5) // 45.8% (21.1)",
        "scoringAgainst": "46.8% (27.5) // 45.0% (23.2) // 41.7% (19.6) // 43.9% (19.8)",
        "oppCorsi": "46.4% (51.0) // 47.4% (53.2) // 52.8% (59.0) // 50.7% (54.4)",
        "oppFenwick": "46.4% (38.9) // 46.7% (39.7) // 52.6% (44.1) // 52.5% (41.1)",
        "oppShots": "47.1% (28.4) // 48.8% (29.1) // 52.6% (32.2) // 53.5% (30.7)",
        "oppScoring": "46.7% (27.6) // 47.6% (27.9) // 53.4% (32.6) // 54.3% (31.2)",
        "oppCorsiAgainst": "53.6% (59.0) // 52.6% (59.0) // 47.2% (52.6) // 49.3% (52.9)",
        "oppFenwickAgainst": "53.6% (44.9) // 53.3% (45.3) // 47.4% (39.7) // 47.5% (37.1)",
        "oppShotsAgainst": "52.9% (31.9) // 51.2% (30.5) // 47.4% (29.0) // 46.5% (26.7)",
        "oppScoringAgainst": "53.3% (31.5) // 52.4% (30.7) // 46.6% (28.5) // 45.7% (26.2)",
        "savesPerGame": 27.4,
        "savesPerGameLast1": 19.0,
        "savesPerGameLast3": 20.7,
        "savesPerGameLast5": 23.0,
        "savesPer60": 27.6,
        "savesPer60Last1": 19.0,
        "savesPer60Last3": 21.2,
        "savesPer60Last5": 23.1,
        "shotsPerGame": 31.8,
        "shotsPerGameLast5": 26.2,
        "shotsAgainstPerGame": 30.1,
        "shotsAgainstPerGameLast5": 24.8,
        "oppSavesAgainstPer60": 25.5,
        "oppSavesAgainstPer60Last1": 36.7,
        "oppSavesAgainstPer60Last3": 27.6,
        "oppSavesAgainstPer60Last5": 27.8,
        "oppShotsAgainstPerGame": 32.3,
        "oppShotsAgainstPerGameLast5": 30.8,
        "savesProj": 24.6,
        "savesProjLast5": 22.6,
        "savesProjLast3": 20.8,
        "oppSavesAgainstProj": 25.0,
        "oppSavesAgainstProjLast5": 23.3,
        "oppSavesAgainstProjLast3": 21.4,
        "totalOver": 65,
        "totalOverLast5": 60,
        "totalOverLast15": 53,
        "lastTotalOver": 51,
        "last5": "7,26,33,28,34,30,25,33,35,14",
        "overOdds": "-105",
        "underOdds": "-125",
        "overUnder": "-105 / -125"
    },
    {
        "player": "Kaapo Kahkonen",
        "team": "SJ",
        "opponent": "CGY",
        "propType": "sv",
        "line": 33.5,
        "ppLine": "",
        "avg": 26.89,
        "hit": false,
        "diffAvg": -0.2,
        "diffAbs": 0.17,
        "lastAvg": 26.75,
        "diff": -0.2,
        "avgMin": 56,
        "proj": 27.7,
        "lastAvgMin": 54.07,
        "oppOver": 42,
        "teamOver": 25,
        "gameLine": "+205",
        "+/-": 0,
        "L5_+/-": 0,
        "prevMatchup": "2022-12-18 cgy @ sj 20.0 sv 2022-12-20 cgy @ sj 32.0 sv 2023-03-25 sj @ cgy 25.0 sv",
        "winLossSplits": "33% - 30%",
        "awayHome": "A",
        "playedYesterday": "N",
        "awayHomeSplits": "33% - 28%",
        "savesAboveExp": -1.142,
        "gsaa": "-",
        "corsi": "48.1% (55.6) // 44.5% (50.5) // 47.1% (53.8) // 49.0% (55.0)",
        "fenwick": "47.9% (40.8) // 44.2% (37.6) // 45.3% (38.2) // 46.0% (38.7)",
        "shots": "48.1% (29.2) // 43.8% (26.2) // 41.0% (24.2) // 40.4% (22.3)",
        "scoring": "50.0% (31.9) // 46.4% (30.2) // 50.5% (34.0) // 50.2% (34.0)",
        "corsiAgainst": "51.9% (60.0) // 55.5% (62.9) // 52.9% (60.4) // 51.0% (57.3)",
        "fenwickAgainst": "52.1% (44.4) // 55.8% (47.5) // 54.7% (46.1) // 54.0% (45.3)",
        "shotsAgainst": "51.9% (31.5) // 56.2% (33.7) // 59.0% (34.8) // 59.6% (33.0)",
        "scoringAgainst": "50.0% (31.8) // 53.6% (34.8) // 49.5% (33.3) // 49.8% (33.7)",
        "oppCorsi": "56.8% (66.1) // 59.4% (71.8) // 59.1% (70.1) // 59.0% (71.1)",
        "oppFenwick": "56.4% (49.3) // 58.4% (53.6) // 57.3% (53.0) // 55.4% (52.2)",
        "oppShots": "56.6% (35.2) // 58.3% (38.0) // 58.4% (38.5) // 58.4% (40.2)",
        "oppScoring": "54.4% (32.8) // 59.0% (38.4) // 58.8% (37.5) // 56.2% (41.5)",
        "oppCorsiAgainst": "43.2% (50.3) // 40.6% (49.1) // 40.9% (48.4) // 41.0% (49.4)",
        "oppFenwickAgainst": "43.6% (38.1) // 41.6% (38.2) // 42.7% (39.5) // 44.6% (42.0)",
        "oppShotsAgainst": "43.4% (27.0) // 41.7% (27.2) // 41.6% (27.5) // 41.6% (28.6)",
        "oppScoringAgainst": "45.6% (27.5) // 41.0% (26.7) // 41.2% (26.3) // 43.8% (32.3)",
        "savesPerGame": 28.1,
        "savesPerGameLast1": 27.0,
        "savesPerGameLast3": 27.0,
        "savesPerGameLast5": 29.6,
        "savesPer60": 28.2,
        "savesPer60Last1": 26.8,
        "savesPer60Last3": 26.9,
        "savesPer60Last5": 29.8,
        "shotsPerGame": 29.5,
        "shotsPerGameLast5": 25.8,
        "shotsAgainstPerGame": 31.9,
        "shotsAgainstPerGameLast5": 34.4,
        "oppSavesAgainstPer60": 32.9,
        "oppSavesAgainstPer60Last1": 41.1,
        "oppSavesAgainstPer60Last3": 38.1,
        "oppSavesAgainstPer60Last5": 37.3,
        "oppShotsAgainstPerGame": 27.4,
        "oppShotsAgainstPerGameLast5": 28.4,
        "savesProj": 37.6,
        "savesProjLast5": 44.8,
        "savesProjLast3": 42.1,
        "oppSavesAgainstProj": 32.9,
        "oppSavesAgainstProjLast5": 39.6,
        "oppSavesAgainstProjLast3": 35.5,
        "totalOver": 31,
        "totalOverLast5": 20,
        "totalOverLast15": 20,
        "lastTotalOver": 21,
        "last5": "15,38,29,25,29,42,26,19,22,29",
        "overOdds": "-110",
        "underOdds": "-120",
        "overUnder": "-110 / -120"
    }
]