[
    {
        "player": "Aaron Ekblad",
        "team": "FLA",
        "opponent": "CAR",
        "propType": "ast",
        "line": 0.5,
        "ppLine": "PP2",
        "avg": 0.33,
        "hit": false,
        "diffAvg": -0.34,
        "diffAbs": 0.0,
        "lastAvg": 0.59,
        "diff": 0.18,
        "avgMin": 23,
        "proj": 0.5,
        "lastAvgMin": 24.92,
        "oppOver": 0,
        "teamOver": 0,
        "gameLine": "-115",
        "+/-": -8,
        "L5_+/-": "+6.0",
        "prevMatchup": "2023-05-20 0.0 ast 2023-05-18 0.0 ast 2023-04-13 0.0 ast 2022-12-30 0.0 ast",
        "winLossSplits": "33% - 18%",
        "awayHome": "H",
        "playedYesterday": "N",
        "awayHomeSplits": "30% - 22%",
        "savesAboveExp": -0.44,
        "gsaa": -0.71,
        "corsi": "54.2% (66.3) // 52.5% (66.0) // 54.2% (66.3) // 54.2% (66.3)",
        "fenwick": "53.6% (49.9) // 52.0% (49.3) // 53.6% (49.9) // 53.6% (49.9)",
        "shots": "53.7% (36.5) // 51.9% (35.5) // 53.7% (36.5) // 53.7% (36.5)",
        "scoring": "54.6% (34.8) // 53.4% (34.0) // 54.6% (34.8) // 54.6% (34.8)",
        "corsiAgainst": "45.8% (56.1) // 47.5% (59.7) // 45.8% (56.1) // 45.8% (56.1)",
        "fenwickAgainst": "46.4% (43.2) // 48.0% (45.5) // 46.4% (43.2) // 46.4% (43.2)",
        "shotsAgainst": "46.3% (31.5) // 48.1% (33.0) // 46.3% (31.5) // 46.3% (31.5)",
        "scoringAgainst": "45.4% (28.9) // 46.6% (29.7) // 45.4% (28.9) // 45.4% (28.9)",
        "oppCorsi": "59.9% (67.4) // 61.2% (68.8) // 59.9% (67.4) // 59.9% (67.4)",
        "oppFenwick": "59.1% (50.8) // 60.1% (51.8) // 59.1% (50.8) // 59.1% (50.8)",
        "oppShots": "57.2% (34.3) // 58.4% (34.4) // 57.2% (34.3) // 57.2% (34.3)",
        "oppScoring": "58.9% (33.3) // 62.3% (33.3) // 58.9% (33.3) // 58.9% (33.3)",
        "oppCorsiAgainst": "40.1% (45.2) // 38.8% (43.6) // 40.1% (45.2) // 40.1% (45.2)",
        "oppFenwickAgainst": "40.9% (35.1) // 39.9% (34.4) // 40.9% (35.1) // 40.9% (35.1)",
        "oppShotsAgainst": "42.8% (25.6) // 41.6% (24.5) // 42.8% (25.6) // 42.8% (25.6)",
        "oppScoringAgainst": "41.1% (23.3) // 37.7% (20.2) // 41.1% (23.3) // 41.1% (23.3)",
        "savesPerGame": 28.4,
        "savesPerGameLast1": 37.0,
        "savesPerGameLast3": 50.3,
        "savesPerGameLast5": 39.2,
        "savesPer60": 33.7,
        "savesPer60Last1": 38.1,
        "savesPer60Last3": 77.5,
        "savesPer60Last5": 52.1,
        "shotsPerGame": 36.8,
        "shotsPerGameLast5": 36.8,
        "shotsAgainstPerGame": 31.7,
        "shotsAgainstPerGameLast5": 41.0,
        "oppSavesAgainstPer60": 37.3,
        "oppSavesAgainstPer60Last1": 37.0,
        "oppSavesAgainstPer60Last3": 45.6,
        "oppSavesAgainstPer60Last5": 37.5,
        "oppShotsAgainstPerGame": 26.0,
        "oppShotsAgainstPerGameLast5": 34.2,
        "savesProj": 38.5,
        "savesProjLast5": 69.3,
        "savesProjLast3": 126.4,
        "oppSavesAgainstProj": 36.4,
        "oppSavesAgainstProjLast5": 42.0,
        "oppSavesAgainstProjLast3": 64.1,
        "totalOver": 26,
        "totalOverLast5": 40,
        "totalOverLast15": 20,
        "lastTotalOver": 41,
        "last5": "0,0,1,0,2,0,1,0,0,0",
        "overOdds": "+200",
        "underOdds": "-250",
        "overUnder": "+200 / -250"
    },
    {
        "player": "Aleksander Barkov",
        "team": "FLA",
        "opponent": "CAR",
        "propType": "ast",
        "line": 0.5,
        "ppLine": "PP1",
        "avg": 0.77,
        "hit": false,
        "diffAvg": 0.54,
        "diffAbs": 0.4,
        "lastAvg": 0.64,
        "diff": 0.28,
        "avgMin": 21,
        "proj": 0.7,
        "lastAvgMin": 20.3,
        "oppOver": 0,
        "teamOver": 0,
        "gameLine": "-115",
        "+/-": "+16",
        "L5_+/-": "+8.0",
        "prevMatchup": "2023-05-20 0.0 ast 2023-05-18 1.0 ast 2023-04-13 0.0 ast 2022-12-30 0.0 ast 2022-11-09 0.0 ast",
        "winLossSplits": "69% - 35%",
        "awayHome": "H",
        "playedYesterday": "N",
        "awayHomeSplits": "55% - 55%",
        "savesAboveExp": -0.44,
        "gsaa": -0.71,
        "corsi": "54.2% (66.3) // 52.5% (66.0) // 54.2% (66.3) // 54.2% (66.3)",
        "fenwick": "53.6% (49.9) // 52.0% (49.3) // 53.6% (49.9) // 53.6% (49.9)",
        "shots": "53.7% (36.5) // 51.9% (35.5) // 53.7% (36.5) // 53.7% (36.5)",
        "scoring": "54.6% (34.8) // 53.4% (34.0) // 54.6% (34.8) // 54.6% (34.8)",
        "corsiAgainst": "45.8% (56.1) // 47.5% (59.7) // 45.8% (56.1) // 45.8% (56.1)",
        "fenwickAgainst": "46.4% (43.2) // 48.0% (45.5) // 46.4% (43.2) // 46.4% (43.2)",
        "shotsAgainst": "46.3% (31.5) // 48.1% (33.0) // 46.3% (31.5) // 46.3% (31.5)",
        "scoringAgainst": "45.4% (28.9) // 46.6% (29.7) // 45.4% (28.9) // 45.4% (28.9)",
        "oppCorsi": "59.9% (67.4) // 61.2% (68.8) // 59.9% (67.4) // 59.9% (67.4)",
        "oppFenwick": "59.1% (50.8) // 60.1% (51.8) // 59.1% (50.8) // 59.1% (50.8)",
        "oppShots": "57.2% (34.3) // 58.4% (34.4) // 57.2% (34.3) // 57.2% (34.3)",
        "oppScoring": "58.9% (33.3) // 62.3% (33.3) // 58.9% (33.3) // 58.9% (33.3)",
        "oppCorsiAgainst": "40.1% (45.2) // 38.8% (43.6) // 40.1% (45.2) // 40.1% (45.2)",
        "oppFenwickAgainst": "40.9% (35.1) // 39.9% (34.4) // 40.9% (35.1) // 40.9% (35.1)",
        "oppShotsAgainst": "42.8% (25.6) // 41.6% (24.5) // 42.8% (25.6) // 42.8% (25.6)",
        "oppScoringAgainst": "41.1% (23.3) // 37.7% (20.2) // 41.1% (23.3) // 41.1% (23.3)",
        "savesPerGame": 28.4,
        "savesPerGameLast1": 37.0,
        "savesPerGameLast3": 50.3,
        "savesPerGameLast5": 39.2,
        "savesPer60": 33.7,
        "savesPer60Last1": 38.1,
        "savesPer60Last3": 77.5,
        "savesPer60Last5": 52.1,
        "shotsPerGame": 36.8,
        "shotsPerGameLast5": 36.8,
        "shotsAgainstPerGame": 31.7,
        "shotsAgainstPerGameLast5": 41.0,
        "oppSavesAgainstPer60": 37.3,
        "oppSavesAgainstPer60Last1": 37.0,
        "oppSavesAgainstPer60Last3": 45.6,
        "oppSavesAgainstPer60Last5": 37.5,
        "oppShotsAgainstPerGame": 26.0,
        "oppShotsAgainstPerGameLast5": 34.2,
        "savesProj": 38.5,
        "savesProjLast5": 69.3,
        "savesProjLast3": 126.4,
        "oppSavesAgainstProj": 36.4,
        "oppSavesAgainstProjLast5": 42.0,
        "oppSavesAgainstProjLast3": 64.1,
        "totalOver": 55,
        "totalOverLast5": 20,
        "totalOverLast15": 47,
        "lastTotalOver": 50,
        "last5": "0,1,0,0,0,0,2,1,1,1",
        "overOdds": "-130",
        "underOdds": "+100",
        "overUnder": "-130 / +100"
    },
    {
        "player": "Anthony Duclair",
        "team": "FLA",
        "opponent": "CAR",
        "propType": "ast",
        "line": 0.5,
        "ppLine": "PP2",
        "avg": 0.39,
        "hit": false,
        "diffAvg": -0.22,
        "diffAbs": 1.0,
        "lastAvg": 0,
        "diff": 0,
        "avgMin": 15,
        "proj": 0.0,
        "lastAvgMin": 0,
        "oppOver": 0,
        "teamOver": 0,
        "gameLine": "-115",
        "+/-": "+1",
        "L5_+/-": "+3.0",
        "prevMatchup": "2023-05-20 0.0 ast 2023-05-18 2.0 ast 2023-04-13 0.0 ast",
        "winLossSplits": "36% - 18%",
        "awayHome": "H",
        "playedYesterday": "N",
        "awayHomeSplits": "38% - 24%",
        "savesAboveExp": -0.44,
        "gsaa": -0.71,
        "corsi": "54.2% (66.3) // 52.5% (66.0) // 54.2% (66.3) // 54.2% (66.3)",
        "fenwick": "53.6% (49.9) // 52.0% (49.3) // 53.6% (49.9) // 53.6% (49.9)",
        "shots": "53.7% (36.5) // 51.9% (35.5) // 53.7% (36.5) // 53.7% (36.5)",
        "scoring": "54.6% (34.8) // 53.4% (34.0) // 54.6% (34.8) // 54.6% (34.8)",
        "corsiAgainst": "45.8% (56.1) // 47.5% (59.7) // 45.8% (56.1) // 45.8% (56.1)",
        "fenwickAgainst": "46.4% (43.2) // 48.0% (45.5) // 46.4% (43.2) // 46.4% (43.2)",
        "shotsAgainst": "46.3% (31.5) // 48.1% (33.0) // 46.3% (31.5) // 46.3% (31.5)",
        "scoringAgainst": "45.4% (28.9) // 46.6% (29.7) // 45.4% (28.9) // 45.4% (28.9)",
        "oppCorsi": "59.9% (67.4) // 61.2% (68.8) // 59.9% (67.4) // 59.9% (67.4)",
        "oppFenwick": "59.1% (50.8) // 60.1% (51.8) // 59.1% (50.8) // 59.1% (50.8)",
        "oppShots": "57.2% (34.3) // 58.4% (34.4) // 57.2% (34.3) // 57.2% (34.3)",
        "oppScoring": "58.9% (33.3) // 62.3% (33.3) // 58.9% (33.3) // 58.9% (33.3)",
        "oppCorsiAgainst": "40.1% (45.2) // 38.8% (43.6) // 40.1% (45.2) // 40.1% (45.2)",
        "oppFenwickAgainst": "40.9% (35.1) // 39.9% (34.4) // 40.9% (35.1) // 40.9% (35.1)",
        "oppShotsAgainst": "42.8% (25.6) // 41.6% (24.5) // 42.8% (25.6) // 42.8% (25.6)",
        "oppScoringAgainst": "41.1% (23.3) // 37.7% (20.2) // 41.1% (23.3) // 41.1% (23.3)",
        "savesPerGame": 28.4,
        "savesPerGameLast1": 37.0,
        "savesPerGameLast3": 50.3,
        "savesPerGameLast5": 39.2,
        "savesPer60": 33.7,
        "savesPer60Last1": 38.1,
        "savesPer60Last3": 77.5,
        "savesPer60Last5": 52.1,
        "shotsPerGame": 36.8,
        "shotsPerGameLast5": 36.8,
        "shotsAgainstPerGame": 31.7,
        "shotsAgainstPerGameLast5": 41.0,
        "oppSavesAgainstPer60": 37.3,
        "oppSavesAgainstPer60Last1": 37.0,
        "oppSavesAgainstPer60Last3": 45.6,
        "oppSavesAgainstPer60Last5": 37.5,
        "oppShotsAgainstPerGame": 26.0,
        "oppShotsAgainstPerGameLast5": 34.2,
        "savesProj": 38.5,
        "savesProjLast5": 69.3,
        "savesProjLast3": 126.4,
        "oppSavesAgainstProj": 36.4,
        "oppSavesAgainstProjLast5": 42.0,
        "oppSavesAgainstProjLast3": 64.1,
        "totalOver": 30,
        "totalOverLast5": 40,
        "totalOverLast15": 33,
        "lastTotalOver": 0,
        "last5": "0,2,1,0,0,1,1,0,1,0",
        "overOdds": "+220",
        "underOdds": "-280",
        "overUnder": "+220 / -280"
    },
    {
        "player": "Brady Skjei",
        "team": "CAR",
        "opponent": "FLA",
        "propType": "ast",
        "line": 0.5,
        "ppLine": "",
        "avg": 0.22,
        "hit": false,
        "diffAvg": -0.56,
        "diffAbs": 0.4,
        "lastAvg": 0.31,
        "diff": -0.38,
        "avgMin": 22,
        "proj": 0.3,
        "lastAvgMin": 21.13,
        "oppOver": 0,
        "teamOver": 0,
        "gameLine": "-105",
        "+/-": "+3",
        "L5_+/-": 0.0,
        "prevMatchup": "2023-05-20 0.0 ast 2023-05-18 0.0 ast 2023-04-13 0.0 ast 2022-12-30 0.0 ast 2022-11-09 0.0 ast",
        "winLossSplits": "29% - 11%",
        "awayHome": "A",
        "playedYesterday": "N",
        "awayHomeSplits": "22% - 22%",
        "savesAboveExp": -0.102,
        "gsaa": -4.63,
        "corsi": "59.9% (67.4) // 61.2% (68.8) // 59.9% (67.4) // 59.9% (67.4)",
        "fenwick": "59.1% (50.8) // 60.1% (51.8) // 59.1% (50.8) // 59.1% (50.8)",
        "shots": "57.2% (34.3) // 58.4% (34.4) // 57.2% (34.3) // 57.2% (34.3)",
        "scoring": "58.9% (33.3) // 62.3% (33.3) // 58.9% (33.3) // 58.9% (33.3)",
        "corsiAgainst": "40.1% (45.2) // 38.8% (43.6) // 40.1% (45.2) // 40.1% (45.2)",
        "fenwickAgainst": "40.9% (35.1) // 39.9% (34.4) // 40.9% (35.1) // 40.9% (35.1)",
        "shotsAgainst": "42.8% (25.6) // 41.6% (24.5) // 42.8% (25.6) // 42.8% (25.6)",
        "scoringAgainst": "41.1% (23.3) // 37.7% (20.2) // 41.1% (23.3) // 41.1% (23.3)",
        "oppCorsi": "54.2% (66.3) // 52.5% (66.0) // 54.2% (66.3) // 54.2% (66.3)",
        "oppFenwick": "53.6% (49.9) // 52.0% (49.3) // 53.6% (49.9) // 53.6% (49.9)",
        "oppShots": "53.7% (36.5) // 51.9% (35.5) // 53.7% (36.5) // 53.7% (36.5)",
        "oppScoring": "54.6% (34.8) // 53.4% (34.0) // 54.6% (34.8) // 54.6% (34.8)",
        "oppCorsiAgainst": "45.8% (56.1) // 47.5% (59.7) // 45.8% (56.1) // 45.8% (56.1)",
        "oppFenwickAgainst": "46.4% (43.2) // 48.0% (45.5) // 46.4% (43.2) // 46.4% (43.2)",
        "oppShotsAgainst": "46.3% (31.5) // 48.1% (33.0) // 46.3% (31.5) // 46.3% (31.5)",
        "oppScoringAgainst": "45.4% (28.9) // 46.6% (29.7) // 45.4% (28.9) // 45.4% (28.9)",
        "savesPerGame": 23.4,
        "savesPerGameLast1": 24.0,
        "savesPerGameLast3": 36.0,
        "savesPerGameLast5": 31.0,
        "savesPer60": 27.8,
        "savesPer60Last1": 24.7,
        "savesPer60Last3": 53.7,
        "savesPer60Last5": 40.2,
        "shotsPerGame": 34.8,
        "shotsPerGameLast5": 40.0,
        "shotsAgainstPerGame": 26.0,
        "shotsAgainstPerGameLast5": 34.2,
        "oppSavesAgainstPer60": 39.6,
        "oppSavesAgainstPer60Last1": 24.7,
        "oppSavesAgainstPer60Last3": 40.4,
        "oppSavesAgainstPer60Last5": 35.2,
        "oppShotsAgainstPerGame": 31.7,
        "oppShotsAgainstPerGameLast5": 41.0,
        "savesProj": 27.2,
        "savesProjLast5": 40.8,
        "savesProjLast3": 64.3,
        "oppSavesAgainstProj": 31.5,
        "oppSavesAgainstProjLast5": 29.0,
        "oppSavesAgainstProjLast3": 37.8,
        "totalOver": 22,
        "totalOverLast5": 0,
        "totalOverLast15": 7,
        "lastTotalOver": 30,
        "last5": "0,0,0,0,0,0,0,0,0,1",
        "overOdds": "+280",
        "underOdds": "-360",
        "overUnder": "+280 / -360"
    },
    {
        "player": "Brandon Montour",
        "team": "FLA",
        "opponent": "CAR",
        "propType": "ast",
        "line": 0.5,
        "ppLine": "PP1",
        "avg": 0.64,
        "hit": false,
        "diffAvg": 0.28,
        "diffAbs": 0.2,
        "lastAvg": 0.29,
        "diff": -0.42,
        "avgMin": 24,
        "proj": 0.4,
        "lastAvgMin": 17.88,
        "oppOver": 0,
        "teamOver": 0,
        "gameLine": "-115",
        "+/-": "+14",
        "L5_+/-": "+5.0",
        "prevMatchup": "2023-05-20 0.0 ast 2023-05-18 0.0 ast 2023-04-13 0.0 ast 2022-12-30 0.0 ast 2022-11-09 3.0 ast",
        "winLossSplits": "51% - 42%",
        "awayHome": "H",
        "playedYesterday": "N",
        "awayHomeSplits": "45% - 49%",
        "savesAboveExp": -0.44,
        "gsaa": -0.71,
        "corsi": "54.2% (66.3) // 52.5% (66.0) // 54.2% (66.3) // 54.2% (66.3)",
        "fenwick": "53.6% (49.9) // 52.0% (49.3) // 53.6% (49.9) // 53.6% (49.9)",
        "shots": "53.7% (36.5) // 51.9% (35.5) // 53.7% (36.5) // 53.7% (36.5)",
        "scoring": "54.6% (34.8) // 53.4% (34.0) // 54.6% (34.8) // 54.6% (34.8)",
        "corsiAgainst": "45.8% (56.1) // 47.5% (59.7) // 45.8% (56.1) // 45.8% (56.1)",
        "fenwickAgainst": "46.4% (43.2) // 48.0% (45.5) // 46.4% (43.2) // 46.4% (43.2)",
        "shotsAgainst": "46.3% (31.5) // 48.1% (33.0) // 46.3% (31.5) // 46.3% (31.5)",
        "scoringAgainst": "45.4% (28.9) // 46.6% (29.7) // 45.4% (28.9) // 45.4% (28.9)",
        "oppCorsi": "59.9% (67.4) // 61.2% (68.8) // 59.9% (67.4) // 59.9% (67.4)",
        "oppFenwick": "59.1% (50.8) // 60.1% (51.8) // 59.1% (50.8) // 59.1% (50.8)",
        "oppShots": "57.2% (34.3) // 58.4% (34.4) // 57.2% (34.3) // 57.2% (34.3)",
        "oppScoring": "58.9% (33.3) // 62.3% (33.3) // 58.9% (33.3) // 58.9% (33.3)",
        "oppCorsiAgainst": "40.1% (45.2) // 38.8% (43.6) // 40.1% (45.2) // 40.1% (45.2)",
        "oppFenwickAgainst": "40.9% (35.1) // 39.9% (34.4) // 40.9% (35.1) // 40.9% (35.1)",
        "oppShotsAgainst": "42.8% (25.6) // 41.6% (24.5) // 42.8% (25.6) // 42.8% (25.6)",
        "oppScoringAgainst": "41.1% (23.3) // 37.7% (20.2) // 41.1% (23.3) // 41.1% (23.3)",
        "savesPerGame": 28.4,
        "savesPerGameLast1": 37.0,
        "savesPerGameLast3": 50.3,
        "savesPerGameLast5": 39.2,
        "savesPer60": 33.7,
        "savesPer60Last1": 38.1,
        "savesPer60Last3": 77.5,
        "savesPer60Last5": 52.1,
        "shotsPerGame": 36.8,
        "shotsPerGameLast5": 36.8,
        "shotsAgainstPerGame": 31.7,
        "shotsAgainstPerGameLast5": 41.0,
        "oppSavesAgainstPer60": 37.3,
        "oppSavesAgainstPer60Last1": 37.0,
        "oppSavesAgainstPer60Last3": 45.6,
        "oppSavesAgainstPer60Last5": 37.5,
        "oppShotsAgainstPerGame": 26.0,
        "oppShotsAgainstPerGameLast5": 34.2,
        "savesProj": 38.5,
        "savesProjLast5": 69.3,
        "savesProjLast3": 126.4,
        "oppSavesAgainstProj": 36.4,
        "oppSavesAgainstProjLast5": 42.0,
        "oppSavesAgainstProjLast3": 64.1,
        "totalOver": 47,
        "totalOverLast5": 0,
        "totalOverLast15": 13,
        "lastTotalOver": 23,
        "last5": "0,0,0,0,0,0,0,0,1,0",
        "overOdds": "-115",
        "underOdds": "-115",
        "overUnder": "-115 / -115"
    },
    {
        "player": "Brent Burns",
        "team": "CAR",
        "opponent": "FLA",
        "propType": "ast",
        "line": 0.5,
        "ppLine": "PP1",
        "avg": 0.53,
        "hit": false,
        "diffAvg": 0.06,
        "diffAbs": 0.0,
        "lastAvg": 0.54,
        "diff": 0.08,
        "avgMin": 23,
        "proj": 0.5,
        "lastAvgMin": 26.13,
        "oppOver": 0,
        "teamOver": 0,
        "gameLine": "-105",
        "+/-": "+25",
        "L5_+/-": "+5.0",
        "prevMatchup": "2023-05-20 0.0 ast 2023-05-18 1.0 ast 2023-04-13 0.0 ast 2022-12-30 2.0 ast 2022-11-09 0.0 ast",
        "winLossSplits": "53% - 17%",
        "awayHome": "A",
        "playedYesterday": "N",
        "awayHomeSplits": "43% - 37%",
        "savesAboveExp": -0.102,
        "gsaa": -4.63,
        "corsi": "59.9% (67.4) // 61.2% (68.8) // 59.9% (67.4) // 59.9% (67.4)",
        "fenwick": "59.1% (50.8) // 60.1% (51.8) // 59.1% (50.8) // 59.1% (50.8)",
        "shots": "57.2% (34.3) // 58.4% (34.4) // 57.2% (34.3) // 57.2% (34.3)",
        "scoring": "58.9% (33.3) // 62.3% (33.3) // 58.9% (33.3) // 58.9% (33.3)",
        "corsiAgainst": "40.1% (45.2) // 38.8% (43.6) // 40.1% (45.2) // 40.1% (45.2)",
        "fenwickAgainst": "40.9% (35.1) // 39.9% (34.4) // 40.9% (35.1) // 40.9% (35.1)",
        "shotsAgainst": "42.8% (25.6) // 41.6% (24.5) // 42.8% (25.6) // 42.8% (25.6)",
        "scoringAgainst": "41.1% (23.3) // 37.7% (20.2) // 41.1% (23.3) // 41.1% (23.3)",
        "oppCorsi": "54.2% (66.3) // 52.5% (66.0) // 54.2% (66.3) // 54.2% (66.3)",
        "oppFenwick": "53.6% (49.9) // 52.0% (49.3) // 53.6% (49.9) // 53.6% (49.9)",
        "oppShots": "53.7% (36.5) // 51.9% (35.5) // 53.7% (36.5) // 53.7% (36.5)",
        "oppScoring": "54.6% (34.8) // 53.4% (34.0) // 54.6% (34.8) // 54.6% (34.8)",
        "oppCorsiAgainst": "45.8% (56.1) // 47.5% (59.7) // 45.8% (56.1) // 45.8% (56.1)",
        "oppFenwickAgainst": "46.4% (43.2) // 48.0% (45.5) // 46.4% (43.2) // 46.4% (43.2)",
        "oppShotsAgainst": "46.3% (31.5) // 48.1% (33.0) // 46.3% (31.5) // 46.3% (31.5)",
        "oppScoringAgainst": "45.4% (28.9) // 46.6% (29.7) // 45.4% (28.9) // 45.4% (28.9)",
        "savesPerGame": 23.4,
        "savesPerGameLast1": 24.0,
        "savesPerGameLast3": 36.0,
        "savesPerGameLast5": 31.0,
        "savesPer60": 27.8,
        "savesPer60Last1": 24.7,
        "savesPer60Last3": 53.7,
        "savesPer60Last5": 40.2,
        "shotsPerGame": 34.8,
        "shotsPerGameLast5": 40.0,
        "shotsAgainstPerGame": 26.0,
        "shotsAgainstPerGameLast5": 34.2,
        "oppSavesAgainstPer60": 39.6,
        "oppSavesAgainstPer60Last1": 24.7,
        "oppSavesAgainstPer60Last3": 40.4,
        "oppSavesAgainstPer60Last5": 35.2,
        "oppShotsAgainstPerGame": 31.7,
        "oppShotsAgainstPerGameLast5": 41.0,
        "savesProj": 27.2,
        "savesProjLast5": 40.8,
        "savesProjLast3": 64.3,
        "oppSavesAgainstProj": 31.5,
        "oppSavesAgainstProjLast5": 29.0,
        "oppSavesAgainstProjLast3": 37.8,
        "totalOver": 40,
        "totalOverLast5": 40,
        "totalOverLast15": 33,
        "lastTotalOver": 44,
        "last5": "0,1,0,1,0,0,0,0,0,1",
        "overOdds": "+125",
        "underOdds": "-155",
        "overUnder": "+125 / -155"
    },
    {
        "player": "Carter Verhaeghe",
        "team": "FLA",
        "opponent": "CAR",
        "propType": "ast",
        "line": 0.5,
        "ppLine": "PP2",
        "avg": 0.41,
        "hit": false,
        "diffAvg": -0.18,
        "diffAbs": 0.2,
        "lastAvg": 0.35,
        "diff": -0.3,
        "avgMin": 17,
        "proj": 0.4,
        "lastAvgMin": 16.05,
        "oppOver": 0,
        "teamOver": 0,
        "gameLine": "-115",
        "+/-": "+20",
        "L5_+/-": "+9.0",
        "prevMatchup": "2023-05-20 0.0 ast 2023-05-18 1.0 ast 2023-04-13 0.0 ast 2022-12-30 0.0 ast 2022-11-09 1.0 ast",
        "winLossSplits": "39% - 32%",
        "awayHome": "H",
        "playedYesterday": "N",
        "awayHomeSplits": "32% - 40%",
        "savesAboveExp": -0.44,
        "gsaa": -0.71,
        "corsi": "54.2% (66.3) // 52.5% (66.0) // 54.2% (66.3) // 54.2% (66.3)",
        "fenwick": "53.6% (49.9) // 52.0% (49.3) // 53.6% (49.9) // 53.6% (49.9)",
        "shots": "53.7% (36.5) // 51.9% (35.5) // 53.7% (36.5) // 53.7% (36.5)",
        "scoring": "54.6% (34.8) // 53.4% (34.0) // 54.6% (34.8) // 54.6% (34.8)",
        "corsiAgainst": "45.8% (56.1) // 47.5% (59.7) // 45.8% (56.1) // 45.8% (56.1)",
        "fenwickAgainst": "46.4% (43.2) // 48.0% (45.5) // 46.4% (43.2) // 46.4% (43.2)",
        "shotsAgainst": "46.3% (31.5) // 48.1% (33.0) // 46.3% (31.5) // 46.3% (31.5)",
        "scoringAgainst": "45.4% (28.9) // 46.6% (29.7) // 45.4% (28.9) // 45.4% (28.9)",
        "oppCorsi": "59.9% (67.4) // 61.2% (68.8) // 59.9% (67.4) // 59.9% (67.4)",
        "oppFenwick": "59.1% (50.8) // 60.1% (51.8) // 59.1% (50.8) // 59.1% (50.8)",
        "oppShots": "57.2% (34.3) // 58.4% (34.4) // 57.2% (34.3) // 57.2% (34.3)",
        "oppScoring": "58.9% (33.3) // 62.3% (33.3) // 58.9% (33.3) // 58.9% (33.3)",
        "oppCorsiAgainst": "40.1% (45.2) // 38.8% (43.6) // 40.1% (45.2) // 40.1% (45.2)",
        "oppFenwickAgainst": "40.9% (35.1) // 39.9% (34.4) // 40.9% (35.1) // 40.9% (35.1)",
        "oppShotsAgainst": "42.8% (25.6) // 41.6% (24.5) // 42.8% (25.6) // 42.8% (25.6)",
        "oppScoringAgainst": "41.1% (23.3) // 37.7% (20.2) // 41.1% (23.3) // 41.1% (23.3)",
        "savesPerGame": 28.4,
        "savesPerGameLast1": 37.0,
        "savesPerGameLast3": 50.3,
        "savesPerGameLast5": 39.2,
        "savesPer60": 33.7,
        "savesPer60Last1": 38.1,
        "savesPer60Last3": 77.5,
        "savesPer60Last5": 52.1,
        "shotsPerGame": 36.8,
        "shotsPerGameLast5": 36.8,
        "shotsAgainstPerGame": 31.7,
        "shotsAgainstPerGameLast5": 41.0,
        "oppSavesAgainstPer60": 37.3,
        "oppSavesAgainstPer60Last1": 37.0,
        "oppSavesAgainstPer60Last3": 45.6,
        "oppSavesAgainstPer60Last5": 37.5,
        "oppShotsAgainstPerGame": 26.0,
        "oppShotsAgainstPerGameLast5": 34.2,
        "savesProj": 38.5,
        "savesProjLast5": 69.3,
        "savesProjLast3": 126.4,
        "oppSavesAgainstProj": 36.4,
        "oppSavesAgainstProjLast5": 42.0,
        "oppSavesAgainstProjLast3": 64.1,
        "totalOver": 36,
        "totalOverLast5": 40,
        "totalOverLast15": 40,
        "lastTotalOver": 32,
        "last5": "0,1,1,0,0,0,0,1,1,3",
        "overOdds": "+150",
        "underOdds": "-185",
        "overUnder": "+150 / -185"
    },
    {
        "player": "Gustav Forsling",
        "team": "FLA",
        "opponent": "CAR",
        "propType": "ast",
        "line": 0.5,
        "ppLine": "PP2",
        "avg": 0.32,
        "hit": false,
        "diffAvg": -0.36,
        "diffAbs": 0.2,
        "lastAvg": 0.33,
        "diff": -0.34,
        "avgMin": 23,
        "proj": 0.4,
        "lastAvgMin": 21.22,
        "oppOver": 0,
        "teamOver": 0,
        "gameLine": "-115",
        "+/-": "+25",
        "L5_+/-": "+7.0",
        "prevMatchup": "2023-05-20 0.0 ast 2023-05-18 0.0 ast 2023-04-13 0.0 ast 2022-12-30 0.0 ast 2022-11-09 0.0 ast",
        "winLossSplits": "31% - 27%",
        "awayHome": "H",
        "playedYesterday": "N",
        "awayHomeSplits": "24% - 35%",
        "savesAboveExp": -0.44,
        "gsaa": -0.71,
        "corsi": "54.2% (66.3) // 52.5% (66.0) // 54.2% (66.3) // 54.2% (66.3)",
        "fenwick": "53.6% (49.9) // 52.0% (49.3) // 53.6% (49.9) // 53.6% (49.9)",
        "shots": "53.7% (36.5) // 51.9% (35.5) // 53.7% (36.5) // 53.7% (36.5)",
        "scoring": "54.6% (34.8) // 53.4% (34.0) // 54.6% (34.8) // 54.6% (34.8)",
        "corsiAgainst": "45.8% (56.1) // 47.5% (59.7) // 45.8% (56.1) // 45.8% (56.1)",
        "fenwickAgainst": "46.4% (43.2) // 48.0% (45.5) // 46.4% (43.2) // 46.4% (43.2)",
        "shotsAgainst": "46.3% (31.5) // 48.1% (33.0) // 46.3% (31.5) // 46.3% (31.5)",
        "scoringAgainst": "45.4% (28.9) // 46.6% (29.7) // 45.4% (28.9) // 45.4% (28.9)",
        "oppCorsi": "59.9% (67.4) // 61.2% (68.8) // 59.9% (67.4) // 59.9% (67.4)",
        "oppFenwick": "59.1% (50.8) // 60.1% (51.8) // 59.1% (50.8) // 59.1% (50.8)",
        "oppShots": "57.2% (34.3) // 58.4% (34.4) // 57.2% (34.3) // 57.2% (34.3)",
        "oppScoring": "58.9% (33.3) // 62.3% (33.3) // 58.9% (33.3) // 58.9% (33.3)",
        "oppCorsiAgainst": "40.1% (45.2) // 38.8% (43.6) // 40.1% (45.2) // 40.1% (45.2)",
        "oppFenwickAgainst": "40.9% (35.1) // 39.9% (34.4) // 40.9% (35.1) // 40.9% (35.1)",
        "oppShotsAgainst": "42.8% (25.6) // 41.6% (24.5) // 42.8% (25.6) // 42.8% (25.6)",
        "oppScoringAgainst": "41.1% (23.3) // 37.7% (20.2) // 41.1% (23.3) // 41.1% (23.3)",
        "savesPerGame": 28.4,
        "savesPerGameLast1": 37.0,
        "savesPerGameLast3": 50.3,
        "savesPerGameLast5": 39.2,
        "savesPer60": 33.7,
        "savesPer60Last1": 38.1,
        "savesPer60Last3": 77.5,
        "savesPer60Last5": 52.1,
        "shotsPerGame": 36.8,
        "shotsPerGameLast5": 36.8,
        "shotsAgainstPerGame": 31.7,
        "shotsAgainstPerGameLast5": 41.0,
        "oppSavesAgainstPer60": 37.3,
        "oppSavesAgainstPer60Last1": 37.0,
        "oppSavesAgainstPer60Last3": 45.6,
        "oppSavesAgainstPer60Last5": 37.5,
        "oppShotsAgainstPerGame": 26.0,
        "oppShotsAgainstPerGameLast5": 34.2,
        "savesProj": 38.5,
        "savesProjLast5": 69.3,
        "savesProjLast3": 126.4,
        "oppSavesAgainstProj": 36.4,
        "oppSavesAgainstProjLast5": 42.0,
        "oppSavesAgainstProjLast3": 64.1,
        "totalOver": 29,
        "totalOverLast5": 20,
        "totalOverLast15": 20,
        "lastTotalOver": 29,
        "last5": "0,0,1,0,0,0,0,0,1,0",
        "overOdds": "+210",
        "underOdds": "-265",
        "overUnder": "+210 / -265"
    },
    {
        "player": "Jordan Martinook",
        "team": "CAR",
        "opponent": "FLA",
        "propType": "ast",
        "line": 0.5,
        "ppLine": "",
        "avg": 0.29,
        "hit": false,
        "diffAvg": -0.42,
        "diffAbs": 0.6,
        "lastAvg": 0.14,
        "diff": -0.72,
        "avgMin": 16,
        "proj": 0.2,
        "lastAvgMin": 11.2,
        "oppOver": 0,
        "teamOver": 0,
        "gameLine": "-105",
        "+/-": "+10",
        "L5_+/-": "+3.0",
        "prevMatchup": "2023-05-20 0.0 ast 2023-05-18 0.0 ast 2023-04-13 0.0 ast 2022-12-30 0.0 ast 2022-11-09 0.0 ast",
        "winLossSplits": "30% - 20%",
        "awayHome": "A",
        "playedYesterday": "N",
        "awayHomeSplits": "22% - 31%",
        "savesAboveExp": -0.102,
        "gsaa": -4.63,
        "corsi": "59.9% (67.4) // 61.2% (68.8) // 59.9% (67.4) // 59.9% (67.4)",
        "fenwick": "59.1% (50.8) // 60.1% (51.8) // 59.1% (50.8) // 59.1% (50.8)",
        "shots": "57.2% (34.3) // 58.4% (34.4) // 57.2% (34.3) // 57.2% (34.3)",
        "scoring": "58.9% (33.3) // 62.3% (33.3) // 58.9% (33.3) // 58.9% (33.3)",
        "corsiAgainst": "40.1% (45.2) // 38.8% (43.6) // 40.1% (45.2) // 40.1% (45.2)",
        "fenwickAgainst": "40.9% (35.1) // 39.9% (34.4) // 40.9% (35.1) // 40.9% (35.1)",
        "shotsAgainst": "42.8% (25.6) // 41.6% (24.5) // 42.8% (25.6) // 42.8% (25.6)",
        "scoringAgainst": "41.1% (23.3) // 37.7% (20.2) // 41.1% (23.3) // 41.1% (23.3)",
        "oppCorsi": "54.2% (66.3) // 52.5% (66.0) // 54.2% (66.3) // 54.2% (66.3)",
        "oppFenwick": "53.6% (49.9) // 52.0% (49.3) // 53.6% (49.9) // 53.6% (49.9)",
        "oppShots": "53.7% (36.5) // 51.9% (35.5) // 53.7% (36.5) // 53.7% (36.5)",
        "oppScoring": "54.6% (34.8) // 53.4% (34.0) // 54.6% (34.8) // 54.6% (34.8)",
        "oppCorsiAgainst": "45.8% (56.1) // 47.5% (59.7) // 45.8% (56.1) // 45.8% (56.1)",
        "oppFenwickAgainst": "46.4% (43.2) // 48.0% (45.5) // 46.4% (43.2) // 46.4% (43.2)",
        "oppShotsAgainst": "46.3% (31.5) // 48.1% (33.0) // 46.3% (31.5) // 46.3% (31.5)",
        "oppScoringAgainst": "45.4% (28.9) // 46.6% (29.7) // 45.4% (28.9) // 45.4% (28.9)",
        "savesPerGame": 23.4,
        "savesPerGameLast1": 24.0,
        "savesPerGameLast3": 36.0,
        "savesPerGameLast5": 31.0,
        "savesPer60": 27.8,
        "savesPer60Last1": 24.7,
        "savesPer60Last3": 53.7,
        "savesPer60Last5": 40.2,
        "shotsPerGame": 34.8,
        "shotsPerGameLast5": 40.0,
        "shotsAgainstPerGame": 26.0,
        "shotsAgainstPerGameLast5": 34.2,
        "oppSavesAgainstPer60": 39.6,
        "oppSavesAgainstPer60Last1": 24.7,
        "oppSavesAgainstPer60Last3": 40.4,
        "oppSavesAgainstPer60Last5": 35.2,
        "oppShotsAgainstPerGame": 31.7,
        "oppShotsAgainstPerGameLast5": 41.0,
        "savesProj": 27.2,
        "savesProjLast5": 40.8,
        "savesProjLast3": 64.3,
        "oppSavesAgainstProj": 31.5,
        "oppSavesAgainstProjLast5": 29.0,
        "oppSavesAgainstProjLast3": 37.8,
        "totalOver": 26,
        "totalOverLast5": 60,
        "totalOverLast15": 33,
        "lastTotalOver": 14,
        "last5": "0,0,1,2,1,1,2,0,0,0",
        "overOdds": "+215",
        "underOdds": "-270",
        "overUnder": "+215 / -270"
    },
    {
        "player": "Martin Necas",
        "team": "CAR",
        "opponent": "FLA",
        "propType": "ast",
        "line": 0.5,
        "ppLine": "PP1",
        "avg": 0.48,
        "hit": false,
        "diffAvg": -0.04,
        "diffAbs": 0.4,
        "lastAvg": 0.28,
        "diff": -0.44,
        "avgMin": 18,
        "proj": 0.3,
        "lastAvgMin": 16.18,
        "oppOver": 0,
        "teamOver": 0,
        "gameLine": "-105",
        "+/-": "+3",
        "L5_+/-": "+2.0",
        "prevMatchup": "2023-05-20 0.0 ast 2023-05-18 1.0 ast 2023-04-13 0.0 ast 2022-12-30 1.0 ast 2022-11-09 0.0 ast",
        "winLossSplits": "42% - 26%",
        "awayHome": "A",
        "playedYesterday": "N",
        "awayHomeSplits": "24% - 47%",
        "savesAboveExp": -0.102,
        "gsaa": -4.63,
        "corsi": "59.9% (67.4) // 61.2% (68.8) // 59.9% (67.4) // 59.9% (67.4)",
        "fenwick": "59.1% (50.8) // 60.1% (51.8) // 59.1% (50.8) // 59.1% (50.8)",
        "shots": "57.2% (34.3) // 58.4% (34.4) // 57.2% (34.3) // 57.2% (34.3)",
        "scoring": "58.9% (33.3) // 62.3% (33.3) // 58.9% (33.3) // 58.9% (33.3)",
        "corsiAgainst": "40.1% (45.2) // 38.8% (43.6) // 40.1% (45.2) // 40.1% (45.2)",
        "fenwickAgainst": "40.9% (35.1) // 39.9% (34.4) // 40.9% (35.1) // 40.9% (35.1)",
        "shotsAgainst": "42.8% (25.6) // 41.6% (24.5) // 42.8% (25.6) // 42.8% (25.6)",
        "scoringAgainst": "41.1% (23.3) // 37.7% (20.2) // 41.1% (23.3) // 41.1% (23.3)",
        "oppCorsi": "54.2% (66.3) // 52.5% (66.0) // 54.2% (66.3) // 54.2% (66.3)",
        "oppFenwick": "53.6% (49.9) // 52.0% (49.3) // 53.6% (49.9) // 53.6% (49.9)",
        "oppShots": "53.7% (36.5) // 51.9% (35.5) // 53.7% (36.5) // 53.7% (36.5)",
        "oppScoring": "54.6% (34.8) // 53.4% (34.0) // 54.6% (34.8) // 54.6% (34.8)",
        "oppCorsiAgainst": "45.8% (56.1) // 47.5% (59.7) // 45.8% (56.1) // 45.8% (56.1)",
        "oppFenwickAgainst": "46.4% (43.2) // 48.0% (45.5) // 46.4% (43.2) // 46.4% (43.2)",
        "oppShotsAgainst": "46.3% (31.5) // 48.1% (33.0) // 46.3% (31.5) // 46.3% (31.5)",
        "oppScoringAgainst": "45.4% (28.9) // 46.6% (29.7) // 45.4% (28.9) // 45.4% (28.9)",
        "savesPerGame": 23.4,
        "savesPerGameLast1": 24.0,
        "savesPerGameLast3": 36.0,
        "savesPerGameLast5": 31.0,
        "savesPer60": 27.8,
        "savesPer60Last1": 24.7,
        "savesPer60Last3": 53.7,
        "savesPer60Last5": 40.2,
        "shotsPerGame": 34.8,
        "shotsPerGameLast5": 40.0,
        "shotsAgainstPerGame": 26.0,
        "shotsAgainstPerGameLast5": 34.2,
        "oppSavesAgainstPer60": 39.6,
        "oppSavesAgainstPer60Last1": 24.7,
        "oppSavesAgainstPer60Last3": 40.4,
        "oppSavesAgainstPer60Last5": 35.2,
        "oppShotsAgainstPerGame": 31.7,
        "oppShotsAgainstPerGameLast5": 41.0,
        "savesProj": 27.2,
        "savesProjLast5": 40.8,
        "savesProjLast3": 64.3,
        "oppSavesAgainstProj": 31.5,
        "oppSavesAgainstProjLast5": 29.0,
        "oppSavesAgainstProjLast3": 37.8,
        "totalOver": 36,
        "totalOverLast5": 20,
        "totalOverLast15": 13,
        "lastTotalOver": 29,
        "last5": "0,1,0,0,0,0,0,0,0,0",
        "overOdds": "+155",
        "underOdds": "-190",
        "overUnder": "+155 / -190"
    },
    {
        "player": "Matthew Tkachuk",
        "team": "FLA",
        "opponent": "CAR",
        "propType": "ast",
        "line": 0.5,
        "ppLine": "PP1",
        "avg": 0.86,
        "hit": false,
        "diffAvg": 0.72,
        "diffAbs": 0.4,
        "lastAvg": 0.66,
        "diff": 0.32,
        "avgMin": 20,
        "proj": 0.7,
        "lastAvgMin": 17.88,
        "oppOver": 0,
        "teamOver": 0,
        "gameLine": "-115",
        "+/-": "+41",
        "L5_+/-": "+10.0",
        "prevMatchup": "2023-05-20 0.0 ast 2023-05-18 0.0 ast 2023-04-13 1.0 ast 2022-12-30 0.0 ast",
        "winLossSplits": "68% - 44%",
        "awayHome": "H",
        "playedYesterday": "N",
        "awayHomeSplits": "53% - 61%",
        "savesAboveExp": -0.44,
        "gsaa": -0.71,
        "corsi": "54.2% (66.3) // 52.5% (66.0) // 54.2% (66.3) // 54.2% (66.3)",
        "fenwick": "53.6% (49.9) // 52.0% (49.3) // 53.6% (49.9) // 53.6% (49.9)",
        "shots": "53.7% (36.5) // 51.9% (35.5) // 53.7% (36.5) // 53.7% (36.5)",
        "scoring": "54.6% (34.8) // 53.4% (34.0) // 54.6% (34.8) // 54.6% (34.8)",
        "corsiAgainst": "45.8% (56.1) // 47.5% (59.7) // 45.8% (56.1) // 45.8% (56.1)",
        "fenwickAgainst": "46.4% (43.2) // 48.0% (45.5) // 46.4% (43.2) // 46.4% (43.2)",
        "shotsAgainst": "46.3% (31.5) // 48.1% (33.0) // 46.3% (31.5) // 46.3% (31.5)",
        "scoringAgainst": "45.4% (28.9) // 46.6% (29.7) // 45.4% (28.9) // 45.4% (28.9)",
        "oppCorsi": "59.9% (67.4) // 61.2% (68.8) // 59.9% (67.4) // 59.9% (67.4)",
        "oppFenwick": "59.1% (50.8) // 60.1% (51.8) // 59.1% (50.8) // 59.1% (50.8)",
        "oppShots": "57.2% (34.3) // 58.4% (34.4) // 57.2% (34.3) // 57.2% (34.3)",
        "oppScoring": "58.9% (33.3) // 62.3% (33.3) // 58.9% (33.3) // 58.9% (33.3)",
        "oppCorsiAgainst": "40.1% (45.2) // 38.8% (43.6) // 40.1% (45.2) // 40.1% (45.2)",
        "oppFenwickAgainst": "40.9% (35.1) // 39.9% (34.4) // 40.9% (35.1) // 40.9% (35.1)",
        "oppShotsAgainst": "42.8% (25.6) // 41.6% (24.5) // 42.8% (25.6) // 42.8% (25.6)",
        "oppScoringAgainst": "41.1% (23.3) // 37.7% (20.2) // 41.1% (23.3) // 41.1% (23.3)",
        "savesPerGame": 28.4,
        "savesPerGameLast1": 37.0,
        "savesPerGameLast3": 50.3,
        "savesPerGameLast5": 39.2,
        "savesPer60": 33.7,
        "savesPer60Last1": 38.1,
        "savesPer60Last3": 77.5,
        "savesPer60Last5": 52.1,
        "shotsPerGame": 36.8,
        "shotsPerGameLast5": 36.8,
        "shotsAgainstPerGame": 31.7,
        "shotsAgainstPerGameLast5": 41.0,
        "oppSavesAgainstPer60": 37.3,
        "oppSavesAgainstPer60Last1": 37.0,
        "oppSavesAgainstPer60Last3": 45.6,
        "oppSavesAgainstPer60Last5": 37.5,
        "oppShotsAgainstPerGame": 26.0,
        "oppShotsAgainstPerGameLast5": 34.2,
        "savesProj": 38.5,
        "savesProjLast5": 69.3,
        "savesProjLast3": 126.4,
        "oppSavesAgainstProj": 36.4,
        "oppSavesAgainstProjLast5": 42.0,
        "oppSavesAgainstProjLast3": 64.1,
        "totalOver": 57,
        "totalOverLast5": 20,
        "totalOverLast15": 53,
        "lastTotalOver": 49,
        "last5": "0,0,0,1,0,1,3,1,1,1",
        "overOdds": "-140",
        "underOdds": "+110",
        "overUnder": "-140 / +110"
    },
    {
        "player": "Sam Bennett",
        "team": "FLA",
        "opponent": "CAR",
        "propType": "ast",
        "line": 0.5,
        "ppLine": "PP1",
        "avg": 0.39,
        "hit": false,
        "diffAvg": -0.22,
        "diffAbs": 0.4,
        "lastAvg": 0.26,
        "diff": -0.48,
        "avgMin": 18,
        "proj": 0.3,
        "lastAvgMin": 16.93,
        "oppOver": 0,
        "teamOver": 0,
        "gameLine": "-115",
        "+/-": "+14",
        "L5_+/-": "+8.0",
        "prevMatchup": "2023-05-20 1.0 ast 2023-05-18 1.0 ast 2022-12-30 0.0 ast 2022-11-09 1.0 ast",
        "winLossSplits": "33% - 24%",
        "awayHome": "H",
        "playedYesterday": "N",
        "awayHomeSplits": "28% - 30%",
        "savesAboveExp": -0.44,
        "gsaa": -0.71,
        "corsi": "54.2% (66.3) // 52.5% (66.0) // 54.2% (66.3) // 54.2% (66.3)",
        "fenwick": "53.6% (49.9) // 52.0% (49.3) // 53.6% (49.9) // 53.6% (49.9)",
        "shots": "53.7% (36.5) // 51.9% (35.5) // 53.7% (36.5) // 53.7% (36.5)",
        "scoring": "54.6% (34.8) // 53.4% (34.0) // 54.6% (34.8) // 54.6% (34.8)",
        "corsiAgainst": "45.8% (56.1) // 47.5% (59.7) // 45.8% (56.1) // 45.8% (56.1)",
        "fenwickAgainst": "46.4% (43.2) // 48.0% (45.5) // 46.4% (43.2) // 46.4% (43.2)",
        "shotsAgainst": "46.3% (31.5) // 48.1% (33.0) // 46.3% (31.5) // 46.3% (31.5)",
        "scoringAgainst": "45.4% (28.9) // 46.6% (29.7) // 45.4% (28.9) // 45.4% (28.9)",
        "oppCorsi": "59.9% (67.4) // 61.2% (68.8) // 59.9% (67.4) // 59.9% (67.4)",
        "oppFenwick": "59.1% (50.8) // 60.1% (51.8) // 59.1% (50.8) // 59.1% (50.8)",
        "oppShots": "57.2% (34.3) // 58.4% (34.4) // 57.2% (34.3) // 57.2% (34.3)",
        "oppScoring": "58.9% (33.3) // 62.3% (33.3) // 58.9% (33.3) // 58.9% (33.3)",
        "oppCorsiAgainst": "40.1% (45.2) // 38.8% (43.6) // 40.1% (45.2) // 40.1% (45.2)",
        "oppFenwickAgainst": "40.9% (35.1) // 39.9% (34.4) // 40.9% (35.1) // 40.9% (35.1)",
        "oppShotsAgainst": "42.8% (25.6) // 41.6% (24.5) // 42.8% (25.6) // 42.8% (25.6)",
        "oppScoringAgainst": "41.1% (23.3) // 37.7% (20.2) // 41.1% (23.3) // 41.1% (23.3)",
        "savesPerGame": 28.4,
        "savesPerGameLast1": 37.0,
        "savesPerGameLast3": 50.3,
        "savesPerGameLast5": 39.2,
        "savesPer60": 33.7,
        "savesPer60Last1": 38.1,
        "savesPer60Last3": 77.5,
        "savesPer60Last5": 52.1,
        "shotsPerGame": 36.8,
        "shotsPerGameLast5": 36.8,
        "shotsAgainstPerGame": 31.7,
        "shotsAgainstPerGameLast5": 41.0,
        "oppSavesAgainstPer60": 37.3,
        "oppSavesAgainstPer60Last1": 37.0,
        "oppSavesAgainstPer60Last3": 45.6,
        "oppSavesAgainstPer60Last5": 37.5,
        "oppShotsAgainstPerGame": 26.0,
        "oppShotsAgainstPerGameLast5": 34.2,
        "savesProj": 38.5,
        "savesProjLast5": 69.3,
        "savesProjLast3": 126.4,
        "oppSavesAgainstProj": 36.4,
        "oppSavesAgainstProjLast5": 42.0,
        "oppSavesAgainstProjLast3": 64.1,
        "totalOver": 29,
        "totalOverLast5": 60,
        "totalOverLast15": 47,
        "lastTotalOver": 26,
        "last5": "1,1,0,1,0,0,1,1,0,0",
        "overOdds": "+160",
        "underOdds": "-195",
        "overUnder": "+160 / -195"
    },
    {
        "player": "Sam Reinhart",
        "team": "FLA",
        "opponent": "CAR",
        "propType": "ast",
        "line": 0.5,
        "ppLine": "PP1",
        "avg": 0.41,
        "hit": false,
