[
    {
        "player": "Alex Tuch",
        "team": "BUF",
        "opponent": "NYR",
        "propType": "sog",
        "line": 2.5,
        "ppLine": "PP1",
        "avg": 2.86,
        "hit": false,
        "diffAvg": 0.14,
        "diffAbs": 0.16,
        "lastAvg": 2.78,
        "diff": 0.11,
        "avgMin": 19,
        "proj": 2.9,
        "lastAvgMin": 18.4,
        "oppOver": 0,
        "teamOver": 0,
        "gameLine": "+125",
        "+/-": "+7",
        "L5_+/-": -1.0,
        "prevMatchup": "",
        "winLossSplits": "3.15 - 2.56",
        "awayHome": "H",
        "playedYesterday": "N",
        "awayHomeSplits": "2.79 - 2.94",
        "savesAboveExp": -0.187,
        "gsaa": 0.72,
        "corsi": "51.1% (57.5) // 50.6% (54.9) // 48.4% (52.2) // 50.7% (55.7)",
        "fenwick": "49.7% (43.4) // 50.6% (42.4) // 50.0% (41.9) // 50.6% (41.3)",
        "shots": "49.3% (31.8) // 49.4% (30.1) // 50.0% (30.6) // 50.4% (32.6)",
        "scoring": "49.7% (30.4) // 46.2% (26.0) // 43.0% (24.2) // 47.8% (25.4)",
        "corsiAgainst": "48.9% (55.1) // 49.4% (53.5) // 51.6% (55.6) // 49.3% (54.2)",
        "fenwickAgainst": "50.3% (44.0) // 49.4% (41.4) // 50.0% (41.9) // 49.4% (40.3)",
        "shotsAgainst": "50.7% (32.7) // 50.6% (30.8) // 50.0% (30.6) // 49.6% (32.2)",
        "scoringAgainst": "50.3% (30.7) // 53.8% (30.2) // 57.0% (32.1) // 52.2% (27.8)",
        "oppCorsi": "51.4% (58.2) // 46.3% (52.4) // 43.6% (48.2) // 46.7% (54.0)",
        "oppFenwick": "52.1% (43.9) // 48.1% (40.3) // 46.1% (39.0) // 49.6% (43.7)",
        "oppShots": "51.8% (31.2) // 49.3% (30.7) // 47.8% (30.0) // 52.0% (34.3)",
        "oppScoring": "51.3% (30.8) // 48.2% (28.5) // 45.5% (25.4) // 44.2% (26.7)",
        "oppCorsiAgainst": "48.6% (54.9) // 53.7% (60.6) // 56.4% (62.4) // 53.3% (61.7)",
        "oppFenwickAgainst": "47.9% (40.3) // 51.9% (43.5) // 53.9% (45.6) // 50.4% (44.3)",
        "oppShotsAgainst": "48.2% (29.1) // 50.7% (31.6) // 52.2% (32.8) // 48.0% (31.7)",
        "oppScoringAgainst": "48.7% (29.2) // 51.8% (30.6) // 54.5% (30.4) // 55.8% (33.7)",
        "savesPerGame": 29.4,
        "savesPerGameLast1": 38.0,
        "savesPerGameLast3": 30.3,
        "savesPerGameLast5": 25.8,
        "savesPer60": 29.4,
        "savesPer60Last1": 41.0,
        "savesPer60Last3": 31.0,
        "savesPer60Last5": 26.1,
        "shotsPerGame": 32.2,
        "shotsPerGameLast5": 30.2,
        "shotsAgainstPerGame": 33.0,
        "shotsAgainstPerGameLast5": 30.0,
        "oppSavesAgainstPer60": 28.4,
        "oppSavesAgainstPer60Last1": 24.0,
        "oppSavesAgainstPer60Last3": 30.5,
        "oppSavesAgainstPer60Last5": 26.8,
        "oppShotsAgainstPerGame": 29.5,
        "oppShotsAgainstPerGameLast5": 32.8,
        "savesProj": 31.0,
        "savesProjLast5": 26.2,
        "savesProjLast3": 35.3,
        "oppSavesAgainstProj": 29.6,
        "oppSavesAgainstProjLast5": 25.3,
        "oppSavesAgainstProjLast3": 34.2,
        "totalOver": 63,
        "totalOverLast5": 40,
        "totalOverLast15": 47,
        "lastTotalOver": 58,
        "last5": "6,3,2,2,0,1,3,5,5,0",
        "overOdds": "-135",
        "underOdds": "+105",
        "overUnder": "-135 / +105"
    },
    {
        "player": "Artemi Panarin",
        "team": "NYR",
        "opponent": "BUF",
        "propType": "sog",
        "line": 2.5,
        "ppLine": "PP1",
        "avg": 2.48,
        "hit": false,
        "diffAvg": -0.01,
        "diffAbs": 0.28,
        "lastAvg": 1.86,
        "diff": -0.26,
        "avgMin": 19,
        "proj": 1.8,
        "lastAvgMin": 19.22,
        "oppOver": 0,
        "teamOver": 0,
        "gameLine": "-145",
        "+/-": "+6",
        "L5_+/-": "+8.0",
        "prevMatchup": "2023-03-11 5.0 sog",
        "winLossSplits": "2.24 - 2.57",
        "awayHome": "A",
        "playedYesterday": "Y",
        "awayHomeSplits": "2.24 - 2.71",
        "savesAboveExp": "-",
        "gsaa": "-",
        "corsi": "51.4% (58.2) // 46.3% (52.4) // 43.6% (48.2) // 46.7% (54.0)",
        "fenwick": "52.1% (43.9) // 48.1% (40.3) // 46.1% (39.0) // 49.6% (43.7)",
        "shots": "51.8% (31.2) // 49.3% (30.7) // 47.8% (30.0) // 52.0% (34.3)",
        "scoring": "51.3% (30.8) // 48.2% (28.5) // 45.5% (25.4) // 44.2% (26.7)",
        "corsiAgainst": "48.6% (54.9) // 53.7% (60.6) // 56.4% (62.4) // 53.3% (61.7)",
        "fenwickAgainst": "47.9% (40.3) // 51.9% (43.5) // 53.9% (45.6) // 50.4% (44.3)",
        "shotsAgainst": "48.2% (29.1) // 50.7% (31.6) // 52.2% (32.8) // 48.0% (31.7)",
        "scoringAgainst": "48.7% (29.2) // 51.8% (30.6) // 54.5% (30.4) // 55.8% (33.7)",
        "oppCorsi": "51.1% (57.5) // 50.6% (54.9) // 48.4% (52.2) // 50.7% (55.7)",
        "oppFenwick": "49.7% (43.4) // 50.6% (42.4) // 50.0% (41.9) // 50.6% (41.3)",
        "oppShots": "49.3% (31.8) // 49.4% (30.1) // 50.0% (30.6) // 50.4% (32.6)",
        "oppScoring": "49.7% (30.4) // 46.2% (26.0) // 43.0% (24.2) // 47.8% (25.4)",
        "oppCorsiAgainst": "48.9% (55.1) // 49.4% (53.5) // 51.6% (55.6) // 49.3% (54.2)",
        "oppFenwickAgainst": "50.3% (44.0) // 49.4% (41.4) // 50.0% (41.9) // 49.4% (40.3)",
        "oppShotsAgainst": "50.7% (32.7) // 50.6% (30.8) // 50.0% (30.6) // 49.6% (32.2)",
        "oppScoringAgainst": "50.3% (30.7) // 53.8% (30.2) // 57.0% (32.1) // 52.2% (27.8)",
        "savesPerGame": 26.8,
        "savesPerGameLast1": 29.0,
        "savesPerGameLast3": 29.3,
        "savesPerGameLast5": 30.6,
        "savesPer60": 26.9,
        "savesPer60Last1": 28.2,
        "savesPer60Last3": 29.0,
        "savesPer60Last5": 30.2,
        "shotsPerGame": 31.7,
        "shotsPerGameLast5": 30.0,
        "shotsAgainstPerGame": 29.5,
        "shotsAgainstPerGameLast5": 32.8,
        "oppSavesAgainstPer60": 28.6,
        "oppSavesAgainstPer60Last1": 30.0,
        "oppSavesAgainstPer60Last3": 27.8,
        "oppSavesAgainstPer60Last5": 27.5,
        "oppShotsAgainstPerGame": 33.0,
        "oppShotsAgainstPerGameLast5": 30.0,
        "savesProj": 26.2,
        "savesProjLast5": 28.4,
        "savesProjLast3": 27.6,
        "oppSavesAgainstProj": 26.9,
        "oppSavesAgainstProjLast5": 27.3,
        "oppSavesAgainstProjLast3": 26.9,
        "totalOver": 47,
        "totalOverLast5": 60,
        "totalOverLast15": 33,
        "lastTotalOver": 37,
        "last5": "4,4,2,4,2,1,2,2,1,1",
        "overOdds": "+115",
        "underOdds": "-145",
        "overUnder": "+115 / -145"
    },
    {
        "player": "Chris Kreider",
        "team": "NYR",
        "opponent": "BUF",
        "propType": "sog",
        "line": 2.5,
        "ppLine": "PP1",
        "avg": 3.03,
        "hit": false,
        "diffAvg": 0.21,
        "diffAbs": 0.04,
        "lastAvg": 2.5,
        "diff": 0.0,
        "avgMin": 18,
        "proj": 2.4,
        "lastAvgMin": 18.72,
        "oppOver": 0,
        "teamOver": 0,
        "gameLine": "-145",
        "+/-": "+22",
        "L5_+/-": "+5.0",
        "prevMatchup": "2023-03-11 2.0 sog",
        "winLossSplits": "3.27 - 2.52",
        "awayHome": "A",
        "playedYesterday": "Y",
        "awayHomeSplits": "2.94 - 3.11",
        "savesAboveExp": "-",
        "gsaa": "-",
        "corsi": "51.4% (58.2) // 46.3% (52.4) // 43.6% (48.2) // 46.7% (54.0)",
        "fenwick": "52.1% (43.9) // 48.1% (40.3) // 46.1% (39.0) // 49.6% (43.7)",
        "shots": "51.8% (31.2) // 49.3% (30.7) // 47.8% (30.0) // 52.0% (34.3)",
        "scoring": "51.3% (30.8) // 48.2% (28.5) // 45.5% (25.4) // 44.2% (26.7)",
        "corsiAgainst": "48.6% (54.9) // 53.7% (60.6) // 56.4% (62.4) // 53.3% (61.7)",
        "fenwickAgainst": "47.9% (40.3) // 51.9% (43.5) // 53.9% (45.6) // 50.4% (44.3)",
        "shotsAgainst": "48.2% (29.1) // 50.7% (31.6) // 52.2% (32.8) // 48.0% (31.7)",
        "scoringAgainst": "48.7% (29.2) // 51.8% (30.6) // 54.5% (30.4) // 55.8% (33.7)",
        "oppCorsi": "51.1% (57.5) // 50.6% (54.9) // 48.4% (52.2) // 50.7% (55.7)",
        "oppFenwick": "49.7% (43.4) // 50.6% (42.4) // 50.0% (41.9) // 50.6% (41.3)",
        "oppShots": "49.3% (31.8) // 49.4% (30.1) // 50.0% (30.6) // 50.4% (32.6)",
        "oppScoring": "49.7% (30.4) // 46.2% (26.0) // 43.0% (24.2) // 47.8% (25.4)",
        "oppCorsiAgainst": "48.9% (55.1) // 49.4% (53.5) // 51.6% (55.6) // 49.3% (54.2)",
        "oppFenwickAgainst": "50.3% (44.0) // 49.4% (41.4) // 50.0% (41.9) // 49.4% (40.3)",
        "oppShotsAgainst": "50.7% (32.7) // 50.6% (30.8) // 50.0% (30.6) // 49.6% (32.2)",
        "oppScoringAgainst": "50.3% (30.7) // 53.8% (30.2) // 57.0% (32.1) // 52.2% (27.8)",
        "savesPerGame": 26.8,
        "savesPerGameLast1": 29.0,
        "savesPerGameLast3": 29.3,
        "savesPerGameLast5": 30.6,
        "savesPer60": 26.9,
        "savesPer60Last1": 28.2,
        "savesPer60Last3": 29.0,
        "savesPer60Last5": 30.2,
        "shotsPerGame": 31.7,
        "shotsPerGameLast5": 30.0,
        "shotsAgainstPerGame": 29.5,
        "shotsAgainstPerGameLast5": 32.8,
        "oppSavesAgainstPer60": 28.6,
        "oppSavesAgainstPer60Last1": 30.0,
        "oppSavesAgainstPer60Last3": 27.8,
        "oppSavesAgainstPer60Last5": 27.5,
        "oppShotsAgainstPerGame": 33.0,
        "oppShotsAgainstPerGameLast5": 30.0,
        "savesProj": 26.2,
        "savesProjLast5": 28.4,
        "savesProjLast3": 27.6,
        "oppSavesAgainstProj": 26.9,
        "oppSavesAgainstProjLast5": 27.3,
        "oppSavesAgainstProjLast3": 26.9,
        "totalOver": 54,
        "totalOverLast5": 80,
        "totalOverLast15": 40,
        "lastTotalOver": 56,
        "last5": "3,4,4,0,4,1,2,4,5,2",
        "overOdds": "-120",
        "underOdds": "-110",
        "overUnder": "-120 / -110"
    },
    {
        "player": "Dylan Cozens",
        "team": "BUF",
        "opponent": "NYR",
        "propType": "sog",
        "line": 2.5,
        "ppLine": "PP2",
        "avg": 2.61,
        "hit": false,
        "diffAvg": 0.04,
        "diffAbs": 0.2,
        "lastAvg": 2.03,
        "diff": -0.19,
        "avgMin": 16,
        "proj": 2.0,
        "lastAvgMin": 15.88,
        "oppOver": 0,
        "teamOver": 0,
        "gameLine": "+125",
        "+/-": -1,
        "L5_+/-": -8.0,
        "prevMatchup": "2023-03-11 3.0 sog",
        "winLossSplits": "2.98 - 2.15",
        "awayHome": "H",
        "playedYesterday": "N",
        "awayHomeSplits": "2.56 - 2.66",
        "savesAboveExp": -0.187,
        "gsaa": 0.72,
        "corsi": "51.1% (57.5) // 50.6% (54.9) // 48.4% (52.2) // 50.7% (55.7)",
        "fenwick": "49.7% (43.4) // 50.6% (42.4) // 50.0% (41.9) // 50.6% (41.3)",
        "shots": "49.3% (31.8) // 49.4% (30.1) // 50.0% (30.6) // 50.4% (32.6)",
        "scoring": "49.7% (30.4) // 46.2% (26.0) // 43.0% (24.2) // 47.8% (25.4)",
        "corsiAgainst": "48.9% (55.1) // 49.4% (53.5) // 51.6% (55.6) // 49.3% (54.2)",
        "fenwickAgainst": "50.3% (44.0) // 49.4% (41.4) // 50.0% (41.9) // 49.4% (40.3)",
        "shotsAgainst": "50.7% (32.7) // 50.6% (30.8) // 50.0% (30.6) // 49.6% (32.2)",
        "scoringAgainst": "50.3% (30.7) // 53.8% (30.2) // 57.0% (32.1) // 52.2% (27.8)",
        "oppCorsi": "51.4% (58.2) // 46.3% (52.4) // 43.6% (48.2) // 46.7% (54.0)",
        "oppFenwick": "52.1% (43.9) // 48.1% (40.3) // 46.1% (39.0) // 49.6% (43.7)",
        "oppShots": "51.8% (31.2) // 49.3% (30.7) // 47.8% (30.0) // 52.0% (34.3)",
        "oppScoring": "51.3% (30.8) // 48.2% (28.5) // 45.5% (25.4) // 44.2% (26.7)",
        "oppCorsiAgainst": "48.6% (54.9) // 53.7% (60.6) // 56.4% (62.4) // 53.3% (61.7)",
        "oppFenwickAgainst": "47.9% (40.3) // 51.9% (43.5) // 53.9% (45.6) // 50.4% (44.3)",
        "oppShotsAgainst": "48.2% (29.1) // 50.7% (31.6) // 52.2% (32.8) // 48.0% (31.7)",
        "oppScoringAgainst": "48.7% (29.2) // 51.8% (30.6) // 54.5% (30.4) // 55.8% (33.7)",
        "savesPerGame": 29.4,
        "savesPerGameLast1": 38.0,
        "savesPerGameLast3": 30.3,
        "savesPerGameLast5": 25.8,
        "savesPer60": 29.4,
        "savesPer60Last1": 41.0,
        "savesPer60Last3": 31.0,
        "savesPer60Last5": 26.1,
        "shotsPerGame": 32.2,
        "shotsPerGameLast5": 30.2,
        "shotsAgainstPerGame": 33.0,
        "shotsAgainstPerGameLast5": 30.0,
        "oppSavesAgainstPer60": 28.4,
        "oppSavesAgainstPer60Last1": 24.0,
        "oppSavesAgainstPer60Last3": 30.5,
        "oppSavesAgainstPer60Last5": 26.8,
        "oppShotsAgainstPerGame": 29.5,
        "oppShotsAgainstPerGameLast5": 32.8,
        "savesProj": 31.0,
        "savesProjLast5": 26.2,
        "savesProjLast3": 35.3,
        "oppSavesAgainstProj": 29.6,
        "oppSavesAgainstProjLast5": 25.3,
        "oppSavesAgainstProjLast3": 34.2,
        "totalOver": 46,
        "totalOverLast5": 20,
        "totalOverLast15": 47,
        "lastTotalOver": 32,
        "last5": "2,6,2,2,0,3,2,4,3,1",
        "overOdds": "+105",
        "underOdds": "-135",
        "overUnder": "+105 / -135"
    },
    {
        "player": "Filip Chytil",
        "team": "NYR",
        "opponent": "BUF",
        "propType": "sog",
        "line": 2.5,
        "ppLine": "PP2",
        "avg": 2.31,
        "hit": false,
        "diffAvg": -0.08,
        "diffAbs": 0.36,
        "lastAvg": 1.55,
        "diff": -0.38,
        "avgMin": 14,
        "proj": 1.6,
        "lastAvgMin": 13.17,
        "oppOver": 0,
        "teamOver": 0,
        "gameLine": "-145",
        "+/-": "+15",
        "L5_+/-": "+5.0",
        "prevMatchup": "2023-03-11 2.0 sog",
        "winLossSplits": "2.28 - 2.13",
        "awayHome": "A",
        "playedYesterday": "Y",
        "awayHomeSplits": "2.09 - 2.55",
        "savesAboveExp": "-",
        "gsaa": "-",
        "corsi": "51.4% (58.2) // 46.3% (52.4) // 43.6% (48.2) // 46.7% (54.0)",
        "fenwick": "52.1% (43.9) // 48.1% (40.3) // 46.1% (39.0) // 49.6% (43.7)",
        "shots": "51.8% (31.2) // 49.3% (30.7) // 47.8% (30.0) // 52.0% (34.3)",
        "scoring": "51.3% (30.8) // 48.2% (28.5) // 45.5% (25.4) // 44.2% (26.7)",
        "corsiAgainst": "48.6% (54.9) // 53.7% (60.6) // 56.4% (62.4) // 53.3% (61.7)",
        "fenwickAgainst": "47.9% (40.3) // 51.9% (43.5) // 53.9% (45.6) // 50.4% (44.3)",
        "shotsAgainst": "48.2% (29.1) // 50.7% (31.6) // 52.2% (32.8) // 48.0% (31.7)",
        "scoringAgainst": "48.7% (29.2) // 51.8% (30.6) // 54.5% (30.4) // 55.8% (33.7)",
        "oppCorsi": "51.1% (57.5) // 50.6% (54.9) // 48.4% (52.2) // 50.7% (55.7)",
        "oppFenwick": "49.7% (43.4) // 50.6% (42.4) // 50.0% (41.9) // 50.6% (41.3)",
        "oppShots": "49.3% (31.8) // 49.4% (30.1) // 50.0% (30.6) // 50.4% (32.6)",
        "oppScoring": "49.7% (30.4) // 46.2% (26.0) // 43.0% (24.2) // 47.8% (25.4)",
        "oppCorsiAgainst": "48.9% (55.1) // 49.4% (53.5) // 51.6% (55.6) // 49.3% (54.2)",
        "oppFenwickAgainst": "50.3% (44.0) // 49.4% (41.4) // 50.0% (41.9) // 49.4% (40.3)",
        "oppShotsAgainst": "50.7% (32.7) // 50.6% (30.8) // 50.0% (30.6) // 49.6% (32.2)",
        "oppScoringAgainst": "50.3% (30.7) // 53.8% (30.2) // 57.0% (32.1) // 52.2% (27.8)",
        "savesPerGame": 26.8,
        "savesPerGameLast1": 29.0,
        "savesPerGameLast3": 29.3,
        "savesPerGameLast5": 30.6,
        "savesPer60": 26.9,
        "savesPer60Last1": 28.2,
        "savesPer60Last3": 29.0,
        "savesPer60Last5": 30.2,
        "shotsPerGame": 31.7,
        "shotsPerGameLast5": 30.0,
        "shotsAgainstPerGame": 29.5,
        "shotsAgainstPerGameLast5": 32.8,
        "oppSavesAgainstPer60": 28.6,
        "oppSavesAgainstPer60Last1": 30.0,
        "oppSavesAgainstPer60Last3": 27.8,
        "oppSavesAgainstPer60Last5": 27.5,
        "oppShotsAgainstPerGame": 33.0,
        "oppShotsAgainstPerGameLast5": 30.0,
        "savesProj": 26.2,
        "savesProjLast5": 28.4,
        "savesProjLast3": 27.6,
        "oppSavesAgainstProj": 26.9,
        "oppSavesAgainstProjLast5": 27.3,
        "oppSavesAgainstProjLast3": 26.9,
        "totalOver": 37,
        "totalOverLast5": 40,
        "totalOverLast15": 33,
        "lastTotalOver": 34,
        "last5": "2,3,5,1,2,6,1,4,1,1",
        "overOdds": "+130",
        "underOdds": "-160",
        "overUnder": "+130 / -160"
    },
    {
        "player": "Jacob Trouba",
        "team": "NYR",
        "opponent": "BUF",
        "propType": "sog",
        "line": 2.5,
        "ppLine": "PP2",
        "avg": 2.55,
        "hit": false,
        "diffAvg": 0.02,
        "diffAbs": 0.24,
        "lastAvg": 2.02,
        "diff": -0.19,
        "avgMin": 21,
        "proj": 1.9,
        "lastAvgMin": 22.42,
        "oppOver": 0,
        "teamOver": 0,
        "gameLine": "-145",
        "+/-": "+4",
        "L5_+/-": "+10.0",
        "prevMatchup": "2023-03-11 1.0 sog",
        "winLossSplits": "2.39 - 2.61",
        "awayHome": "A",
        "playedYesterday": "Y",
        "awayHomeSplits": "2.27 - 2.82",
        "savesAboveExp": "-",
        "gsaa": "-",
        "corsi": "51.4% (58.2) // 46.3% (52.4) // 43.6% (48.2) // 46.7% (54.0)",
        "fenwick": "52.1% (43.9) // 48.1% (40.3) // 46.1% (39.0) // 49.6% (43.7)",
        "shots": "51.8% (31.2) // 49.3% (30.7) // 47.8% (30.0) // 52.0% (34.3)",
        "scoring": "51.3% (30.8) // 48.2% (28.5) // 45.5% (25.4) // 44.2% (26.7)",
        "corsiAgainst": "48.6% (54.9) // 53.7% (60.6) // 56.4% (62.4) // 53.3% (61.7)",
        "fenwickAgainst": "47.9% (40.3) // 51.9% (43.5) // 53.9% (45.6) // 50.4% (44.3)",
        "shotsAgainst": "48.2% (29.1) // 50.7% (31.6) // 52.2% (32.8) // 48.0% (31.7)",
        "scoringAgainst": "48.7% (29.2) // 51.8% (30.6) // 54.5% (30.4) // 55.8% (33.7)",
        "oppCorsi": "51.1% (57.5) // 50.6% (54.9) // 48.4% (52.2) // 50.7% (55.7)",
        "oppFenwick": "49.7% (43.4) // 50.6% (42.4) // 50.0% (41.9) // 50.6% (41.3)",
        "oppShots": "49.3% (31.8) // 49.4% (30.1) // 50.0% (30.6) // 50.4% (32.6)",
        "oppScoring": "49.7% (30.4) // 46.2% (26.0) // 43.0% (24.2) // 47.8% (25.4)",
        "oppCorsiAgainst": "48.9% (55.1) // 49.4% (53.5) // 51.6% (55.6) // 49.3% (54.2)",
        "oppFenwickAgainst": "50.3% (44.0) // 49.4% (41.4) // 50.0% (41.9) // 49.4% (40.3)",
        "oppShotsAgainst": "50.7% (32.7) // 50.6% (30.8) // 50.0% (30.6) // 49.6% (32.2)",
        "oppScoringAgainst": "50.3% (30.7) // 53.8% (30.2) // 57.0% (32.1) // 52.2% (27.8)",
        "savesPerGame": 26.8,
        "savesPerGameLast1": 29.0,
        "savesPerGameLast3": 29.3,
        "savesPerGameLast5": 30.6,
        "savesPer60": 26.9,
        "savesPer60Last1": 28.2,
        "savesPer60Last3": 29.0,
        "savesPer60Last5": 30.2,
        "shotsPerGame": 31.7,
        "shotsPerGameLast5": 30.0,
        "shotsAgainstPerGame": 29.5,
        "shotsAgainstPerGameLast5": 32.8,
        "oppSavesAgainstPer60": 28.6,
        "oppSavesAgainstPer60Last1": 30.0,
        "oppSavesAgainstPer60Last3": 27.8,
        "oppSavesAgainstPer60Last5": 27.5,
        "oppShotsAgainstPerGame": 33.0,
        "oppShotsAgainstPerGameLast5": 30.0,
        "savesProj": 26.2,
        "savesProjLast5": 28.4,
        "savesProjLast3": 27.6,
        "oppSavesAgainstProj": 26.9,
        "oppSavesAgainstProjLast5": 27.3,
        "oppSavesAgainstProjLast3": 26.9,
        "totalOver": 49,
        "totalOverLast5": 40,
        "totalOverLast15": 47,
        "lastTotalOver": 38,
        "last5": "2,3,3,0,2,1,3,3,4,1",
        "overOdds": "+110",
        "underOdds": "-140",
        "overUnder": "+110 / -140"
    },
    {
        "player": "Jeff Skinner",
        "team": "BUF",
        "opponent": "NYR",
        "propType": "sog",
        "line": 2.5,
        "ppLine": "PP1",
        "avg": 2.91,
        "hit": false,
        "diffAvg": 0.16,
        "diffAbs": 0.32,
        "lastAvg": 3.27,
        "diff": 0.31,
        "avgMin": 17,
        "proj": 3.3,
        "lastAvgMin": 17.1,
        "oppOver": 0,
        "teamOver": 0,
        "gameLine": "+125",
        "+/-": "+8",
        "L5_+/-": -2.0,
        "prevMatchup": "2023-03-11 3.0 sog",
        "winLossSplits": "2.85 - 2.85",
        "awayHome": "H",
        "playedYesterday": "N",
        "awayHomeSplits": "2.58 - 3.22",
        "savesAboveExp": -0.187,
        "gsaa": 0.72,
        "corsi": "51.1% (57.5) // 50.6% (54.9) // 48.4% (52.2) // 50.7% (55.7)",
        "fenwick": "49.7% (43.4) // 50.6% (42.4) // 50.0% (41.9) // 50.6% (41.3)",
        "shots": "49.3% (31.8) // 49.4% (30.1) // 50.0% (30.6) // 50.4% (32.6)",
        "scoring": "49.7% (30.4) // 46.2% (26.0) // 43.0% (24.2) // 47.8% (25.4)",
        "corsiAgainst": "48.9% (55.1) // 49.4% (53.5) // 51.6% (55.6) // 49.3% (54.2)",
        "fenwickAgainst": "50.3% (44.0) // 49.4% (41.4) // 50.0% (41.9) // 49.4% (40.3)",
        "shotsAgainst": "50.7% (32.7) // 50.6% (30.8) // 50.0% (30.6) // 49.6% (32.2)",
        "scoringAgainst": "50.3% (30.7) // 53.8% (30.2) // 57.0% (32.1) // 52.2% (27.8)",
        "oppCorsi": "51.4% (58.2) // 46.3% (52.4) // 43.6% (48.2) // 46.7% (54.0)",
        "oppFenwick": "52.1% (43.9) // 48.1% (40.3) // 46.1% (39.0) // 49.6% (43.7)",
        "oppShots": "51.8% (31.2) // 49.3% (30.7) // 47.8% (30.0) // 52.0% (34.3)",
        "oppScoring": "51.3% (30.8) // 48.2% (28.5) // 45.5% (25.4) // 44.2% (26.7)",
        "oppCorsiAgainst": "48.6% (54.9) // 53.7% (60.6) // 56.4% (62.4) // 53.3% (61.7)",
        "oppFenwickAgainst": "47.9% (40.3) // 51.9% (43.5) // 53.9% (45.6) // 50.4% (44.3)",
        "oppShotsAgainst": "48.2% (29.1) // 50.7% (31.6) // 52.2% (32.8) // 48.0% (31.7)",
        "oppScoringAgainst": "48.7% (29.2) // 51.8% (30.6) // 54.5% (30.4) // 55.8% (33.7)",
        "savesPerGame": 29.4,
        "savesPerGameLast1": 38.0,
        "savesPerGameLast3": 30.3,
        "savesPerGameLast5": 25.8,
        "savesPer60": 29.4,
        "savesPer60Last1": 41.0,
        "savesPer60Last3": 31.0,
        "savesPer60Last5": 26.1,
        "shotsPerGame": 32.2,
        "shotsPerGameLast5": 30.2,
        "shotsAgainstPerGame": 33.0,
        "shotsAgainstPerGameLast5": 30.0,
        "oppSavesAgainstPer60": 28.4,
        "oppSavesAgainstPer60Last1": 24.0,
        "oppSavesAgainstPer60Last3": 30.5,
        "oppSavesAgainstPer60Last5": 26.8,
        "oppShotsAgainstPerGame": 29.5,
        "oppShotsAgainstPerGameLast5": 32.8,
        "savesProj": 31.0,
        "savesProjLast5": 26.2,
        "savesProjLast3": 35.3,
        "oppSavesAgainstProj": 29.6,
        "oppSavesAgainstProjLast5": 25.3,
        "oppSavesAgainstProjLast3": 34.2,
        "totalOver": 53,
        "totalOverLast5": 40,
        "totalOverLast15": 33,
        "lastTotalOver": 60,
        "last5": "2,2,5,3,2,4,2,2,3,2",
        "overOdds": "-125",
        "underOdds": "-105",
        "overUnder": "-125 / -105"
    },
    {
        "player": "Mika Zibanejad",
        "team": "NYR",
        "opponent": "BUF",
        "propType": "sog",
        "line": 2.5,
        "ppLine": "PP1",
        "avg": 3.15,
        "hit": false,
        "diffAvg": 0.26,
        "diffAbs": 0.12,
        "lastAvg": 2.17,
        "diff": -0.13,
        "avgMin": 20,
        "proj": 2.2,
        "lastAvgMin": 19.62,
        "oppOver": 0,
        "teamOver": 0,
        "gameLine": "-145",
        "+/-": "+25",
        "L5_+/-": "+7.0",
        "prevMatchup": "2023-03-11 1.0 sog",
        "winLossSplits": "3.19 - 2.91",
        "awayHome": "A",
        "playedYesterday": "Y",
        "awayHomeSplits": "2.89 - 3.39",
        "savesAboveExp": "-",
        "gsaa": "-",
        "corsi": "51.4% (58.2) // 46.3% (52.4) // 43.6% (48.2) // 46.7% (54.0)",
        "fenwick": "52.1% (43.9) // 48.1% (40.3) // 46.1% (39.0) // 49.6% (43.7)",
        "shots": "51.8% (31.2) // 49.3% (30.7) // 47.8% (30.0) // 52.0% (34.3)",
        "scoring": "51.3% (30.8) // 48.2% (28.5) // 45.5% (25.4) // 44.2% (26.7)",
        "corsiAgainst": "48.6% (54.9) // 53.7% (60.6) // 56.4% (62.4) // 53.3% (61.7)",
        "fenwickAgainst": "47.9% (40.3) // 51.9% (43.5) // 53.9% (45.6) // 50.4% (44.3)",
        "shotsAgainst": "48.2% (29.1) // 50.7% (31.6) // 52.2% (32.8) // 48.0% (31.7)",
        "scoringAgainst": "48.7% (29.2) // 51.8% (30.6) // 54.5% (30.4) // 55.8% (33.7)",
        "oppCorsi": "51.1% (57.5) // 50.6% (54.9) // 48.4% (52.2) // 50.7% (55.7)",
        "oppFenwick": "49.7% (43.4) // 50.6% (42.4) // 50.0% (41.9) // 50.6% (41.3)",
        "oppShots": "49.3% (31.8) // 49.4% (30.1) // 50.0% (30.6) // 50.4% (32.6)",
        "oppScoring": "49.7% (30.4) // 46.2% (26.0) // 43.0% (24.2) // 47.8% (25.4)",
        "oppCorsiAgainst": "48.9% (55.1) // 49.4% (53.5) // 51.6% (55.6) // 49.3% (54.2)",
        "oppFenwickAgainst": "50.3% (44.0) // 49.4% (41.4) // 50.0% (41.9) // 49.4% (40.3)",
        "oppShotsAgainst": "50.7% (32.7) // 50.6% (30.8) // 50.0% (30.6) // 49.6% (32.2)",
        "oppScoringAgainst": "50.3% (30.7) // 53.8% (30.2) // 57.0% (32.1) // 52.2% (27.8)",
        "savesPerGame": 26.8,
        "savesPerGameLast1": 29.0,
        "savesPerGameLast3": 29.3,
        "savesPerGameLast5": 30.6,
        "savesPer60": 26.9,
        "savesPer60Last1": 28.2,
        "savesPer60Last3": 29.0,
        "savesPer60Last5": 30.2,
        "shotsPerGame": 31.7,
        "shotsPerGameLast5": 30.0,
        "shotsAgainstPerGame": 29.5,
        "shotsAgainstPerGameLast5": 32.8,
        "oppSavesAgainstPer60": 28.6,
        "oppSavesAgainstPer60Last1": 30.0,
        "oppSavesAgainstPer60Last3": 27.8,
        "oppSavesAgainstPer60Last5": 27.5,
        "oppShotsAgainstPerGame": 33.0,
        "oppShotsAgainstPerGameLast5": 30.0,
        "savesProj": 26.2,
        "savesProjLast5": 28.4,
        "savesProjLast3": 27.6,
        "oppSavesAgainstProj": 26.9,
        "oppSavesAgainstProjLast5": 27.3,
        "oppSavesAgainstProjLast3": 26.9,
        "totalOver": 63,
        "totalOverLast5": 40,
        "totalOverLast15": 40,
        "lastTotalOver": 47,
        "last5": "0,3,4,1,2,3,2,1,5,0",
        "overOdds": "-150",
        "underOdds": "+120",
        "overUnder": "-150 / +120"
    },
    {
        "player": "Patrick Kane",
        "team": "NYR",
        "opponent": "BUF",
        "propType": "sog",
        "line": 2.5,
        "ppLine": "PP1",
        "avg": 3.22,
        "hit": false,
        "diffAvg": 0.29,
        "diffAbs": 0.28,
        "lastAvg": 3.68,
        "diff": 0.47,
        "avgMin": 19,
        "proj": 3.2,
        "lastAvgMin": 21.82,
        "oppOver": 0,
        "teamOver": 0,
        "gameLine": "-145",
        "+/-": "+3",
        "L5_+/-": "+6.0",
        "prevMatchup": "2023-03-11 3.0 sog 2023-01-17 1.0 sog 2022-10-29 1.0 sog",
        "winLossSplits": "2.91 - 3.29",
        "awayHome": "A",
        "playedYesterday": "Y",
        "awayHomeSplits": "2.82 - 3.6",
        "savesAboveExp": "-",
        "gsaa": "-",
        "corsi": "51.4% (58.2) // 46.3% (52.4) // 43.6% (48.2) // 46.7% (54.0)",
        "fenwick": "52.1% (43.9) // 48.1% (40.3) // 46.1% (39.0) // 49.6% (43.7)",
        "shots": "51.8% (31.2) // 49.3% (30.7) // 47.8% (30.0) // 52.0% (34.3)",
        "scoring": "51.3% (30.8) // 48.2% (28.5) // 45.5% (25.4) // 44.2% (26.7)",
        "corsiAgainst": "48.6% (54.9) // 53.7% (60.6) // 56.4% (62.4) // 53.3% (61.7)",
        "fenwickAgainst": "47.9% (40.3) // 51.9% (43.5) // 53.9% (45.6) // 50.4% (44.3)",
        "shotsAgainst": "48.2% (29.1) // 50.7% (31.6) // 52.2% (32.8) // 48.0% (31.7)",
        "scoringAgainst": "48.7% (29.2) // 51.8% (30.6) // 54.5% (30.4) // 55.8% (33.7)",
        "oppCorsi": "51.1% (57.5) // 50.6% (54.9) // 48.4% (52.2) // 50.7% (55.7)",
        "oppFenwick": "49.7% (43.4) // 50.6% (42.4) // 50.0% (41.9) // 50.6% (41.3)",
        "oppShots": "49.3% (31.8) // 49.4% (30.1) // 50.0% (30.6) // 50.4% (32.6)",
        "oppScoring": "49.7% (30.4) // 46.2% (26.0) // 43.0% (24.2) // 47.8% (25.4)",
        "oppCorsiAgainst": "48.9% (55.1) // 49.4% (53.5) // 51.6% (55.6) // 49.3% (54.2)",
        "oppFenwickAgainst": "50.3% (44.0) // 49.4% (41.4) // 50.0% (41.9) // 49.4% (40.3)",
        "oppShotsAgainst": "50.7% (32.7) // 50.6% (30.8) // 50.0% (30.6) // 49.6% (32.2)",
        "oppScoringAgainst": "50.3% (30.7) // 53.8% (30.2) // 57.0% (32.1) // 52.2% (27.8)",
        "savesPerGame": 26.8,
        "savesPerGameLast1": 29.0,
        "savesPerGameLast3": 29.3,
        "savesPerGameLast5": 30.6,
        "savesPer60": 26.9,
        "savesPer60Last1": 28.2,
        "savesPer60Last3": 29.0,
        "savesPer60Last5": 30.2,
        "shotsPerGame": 31.7,
        "shotsPerGameLast5": 30.0,
        "shotsAgainstPerGame": 29.5,
        "shotsAgainstPerGameLast5": 32.8,
        "oppSavesAgainstPer60": 28.6,
        "oppSavesAgainstPer60Last1": 30.0,
        "oppSavesAgainstPer60Last3": 27.8,
        "oppSavesAgainstPer60Last5": 27.5,
        "oppShotsAgainstPerGame": 33.0,
        "oppShotsAgainstPerGameLast5": 30.0,
        "savesProj": 26.2,
        "savesProjLast5": 28.4,
        "savesProjLast3": 27.6,
        "oppSavesAgainstProj": 26.9,
        "oppSavesAgainstProjLast5": 27.3,
        "oppSavesAgainstProjLast3": 26.9,
        "totalOver": 59,
        "totalOverLast5": 40,
        "totalOverLast15": 47,
        "lastTotalOver": 62,
        "last5": "3,1,5,1,2,0,2,2,6,3",
        "overOdds": "-125",
        "underOdds": "-105",
        "overUnder": "-125 / -105"
    },
    {
        "player": "Rasmus Dahlin",
        "team": "BUF",
        "opponent": "NYR",
        "propType": "sog",
        "line": 2.5,
        "ppLine": "PP1",
        "avg": 2.7,
        "hit": false,
        "diffAvg": 0.08,
        "diffAbs": 0.12,
        "lastAvg": 2.1,
        "diff": -0.16,
        "avgMin": 25,
        "proj": 2.2,
        "lastAvgMin": 24.0,
        "oppOver": 0,
        "teamOver": 0,
        "gameLine": "+125",
        "+/-": "+7",
        "L5_+/-": -15.0,
        "prevMatchup": "2023-03-11 2.0 sog",
        "winLossSplits": "2.53 - 2.71",
        "awayHome": "H",
        "playedYesterday": "N",
        "awayHomeSplits": "2.52 - 2.86",
        "savesAboveExp": -0.187,
        "gsaa": 0.72,
        "corsi": "51.1% (57.5) // 50.6% (54.9) // 48.4% (52.2) // 50.7% (55.7)",
        "fenwick": "49.7% (43.4) // 50.6% (42.4) // 50.0% (41.9) // 50.6% (41.3)",
        "shots": "49.3% (31.8) // 49.4% (30.1) // 50.0% (30.6) // 50.4% (32.6)",
        "scoring": "49.7% (30.4) // 46.2% (26.0) // 43.0% (24.2) // 47.8% (25.4)",
        "corsiAgainst": "48.9% (55.1) // 49.4% (53.5) // 51.6% (55.6) // 49.3% (54.2)",
        "fenwickAgainst": "50.3% (44.0) // 49.4% (41.4) // 50.0% (41.9) // 49.4% (40.3)",
        "shotsAgainst": "50.7% (32.7) // 50.6% (30.8) // 50.0% (30.6) // 49.6% (32.2)",
        "scoringAgainst": "50.3% (30.7) // 53.8% (30.2) // 57.0% (32.1) // 52.2% (27.8)",
        "oppCorsi": "51.4% (58.2) // 46.3% (52.4) // 43.6% (48.2) // 46.7% (54.0)",
        "oppFenwick": "52.1% (43.9) // 48.1% (40.3) // 46.1% (39.0) // 49.6% (43.7)",
        "oppShots": "51.8% (31.2) // 49.3% (30.7) // 47.8% (30.0) // 52.0% (34.3)",
        "oppScoring": "51.3% (30.8) // 48.2% (28.5) // 45.5% (25.4) // 44.2% (26.7)",
        "oppCorsiAgainst": "48.6% (54.9) // 53.7% (60.6) // 56.4% (62.4) // 53.3% (61.7)",
        "oppFenwickAgainst": "47.9% (40.3) // 51.9% (43.5) // 53.9% (45.6) // 50.4% (44.3)",
        "oppShotsAgainst": "48.2% (29.1) // 50.7% (31.6) // 52.2% (32.8) // 48.0% (31.7)",
        "oppScoringAgainst": "48.7% (29.2) // 51.8% (30.6) // 54.5% (30.4) // 55.8% (33.7)",
        "savesPerGame": 29.4,
        "savesPerGameLast1": 38.0,
        "savesPerGameLast3": 30.3,
        "savesPerGameLast5": 25.8,
        "savesPer60": 29.4,
        "savesPer60Last1": 41.0,
        "savesPer60Last3": 31.0,
        "savesPer60Last5": 26.1,
        "shotsPerGame": 32.2,
        "shotsPerGameLast5": 30.2,
        "shotsAgainstPerGame": 33.0,
        "shotsAgainstPerGameLast5": 30.0,
        "oppSavesAgainstPer60": 28.4,
        "oppSavesAgainstPer60Last1": 24.0,
        "oppSavesAgainstPer60Last3": 30.5,
        "oppSavesAgainstPer60Last5": 26.8,
        "oppShotsAgainstPerGame": 29.5,
        "oppShotsAgainstPerGameLast5": 32.8,
        "savesProj": 31.0,
        "savesProjLast5": 26.2,
        "savesProjLast3": 35.3,
        "oppSavesAgainstProj": 29.6,
        "oppSavesAgainstProjLast5": 25.3,
        "oppSavesAgainstProjLast3": 34.2,
        "totalOver": 52,
        "totalOverLast5": 20,
        "totalOverLast15": 33,
        "lastTotalOver": 36,
        "last5": "2,1,0,2,7,3,0,1,2,4",
        "overOdds": "+120",
        "underOdds": "-150",
        "overUnder": "+120 / -150"
    },
    {
        "player": "Vincent Trocheck",
        "team": "NYR",
        "opponent": "BUF",
        "propType": "sog",
        "line": 2.5,
        "ppLine": "PP2",
        "avg": 2.79,
        "hit": false,
        "diffAvg": 0.12,
        "diffAbs": 0.24,
        "lastAvg": 1.77,
        "diff": -0.29,
        "avgMin": 19,
        "proj": 1.9,
        "lastAvgMin": 17.87,
        "oppOver": 0,
        "teamOver": 0,
        "gameLine": "-145",
        "+/-": "+5",
        "L5_+/-": "+7.0",
        "prevMatchup": "2023-03-11 1.0 sog",
        "winLossSplits": "2.61 - 2.83",
        "awayHome": "A",
        "playedYesterday": "Y",
        "awayHomeSplits": "2.78 - 2.79",
        "savesAboveExp": "-",
        "gsaa": "-",
        "corsi": "51.4% (58.2) // 46.3% (52.4) // 43.6% (48.2) // 46.7% (54.0)",
        "fenwick": "52.1% (43.9) // 48.1% (40.3) // 46.1% (39.0) // 49.6% (43.7)",
        "shots": "51.8% (31.2) // 49.3% (30.7) // 47.8% (30.0) // 52.0% (34.3)",
        "scoring": "51.3% (30.8) // 48.2% (28.5) // 45.5% (25.4) // 44.2% (26.7)",
        "corsiAgainst": "48.6% (54.9) // 53.7% (60.6) // 56.4% (62.4) // 53.3% (61.7)",
        "fenwickAgainst": "47.9% (40.3) // 51.9% (43.5) // 53.9% (45.6) // 50.4% (44.3)",
        "shotsAgainst": "48.2% (29.1) // 50.7% (31.6) // 52.2% (32.8) // 48.0% (31.7)",
        "scoringAgainst": "48.7% (29.2) // 51.8% (30.6) // 54.5% (30.4) // 55.8% (33.7)",
        "oppCorsi": "51.1% (57.5) // 50.6% (54.9) // 48.4% (52.2) // 50.7% (55.7)",
        "oppFenwick": "49.7% (43.4) // 50.6% (42.4) // 50.0% (41.9) // 50.6% (41.3)",
        "oppShots": "49.3% (31.8) // 49.4% (30.1) // 50.0% (30.6) // 50.4% (32.6)",
        "oppScoring": "49.7% (30.4) // 46.2% (26.0) // 43.0% (24.2) // 47.8% (25.4)",
        "oppCorsiAgainst": "48.9% (55.1) // 49.4% (53.5) // 51.6% (55.6) // 49.3% (54.2)",
        "oppFenwickAgainst": "50.3% (44.0) // 49.4% (41.4) // 50.0% (41.9) // 49.4% (40.3)",
        "oppShotsAgainst": "50.7% (32.7) // 50.6% (30.8) // 50.0% (30.6) // 49.6% (32.2)",
        "oppScoringAgainst": "50.3% (30.7) // 53.8% (30.2) // 57.0% (32.1) // 52.2% (27.8)",
        "savesPerGame": 26.8,
        "savesPerGameLast1": 29.0,
        "savesPerGameLast3": 29.3,
        "savesPerGameLast5": 30.6,
        "savesPer60": 26.9,
        "savesPer60Last1": 28.2,
        "savesPer60Last3": 29.0,
        "savesPer60Last5": 30.2,
        "shotsPerGame": 31.7,
        "shotsPerGameLast5": 30.0,
        "shotsAgainstPerGame": 29.5,
        "shotsAgainstPerGameLast5": 32.8,
        "oppSavesAgainstPer60": 28.6,
        "oppSavesAgainstPer60Last1": 30.0,
        "oppSavesAgainstPer60Last3": 27.8,
        "oppSavesAgainstPer60Last5": 27.5,
        "oppShotsAgainstPerGame": 33.0,
        "oppShotsAgainstPerGameLast5": 30.0,
        "savesProj": 26.2,
        "savesProjLast5": 28.4,
        "savesProjLast3": 27.6,
        "oppSavesAgainstProj": 26.9,
        "oppSavesAgainstProjLast5": 27.3,
        "oppSavesAgainstProjLast3": 26.9,
        "totalOver": 44,
        "totalOverLast5": 20,
        "totalOverLast15": 13,
        "lastTotalOver": 40,
        "last5": "2,1,4,1,1,2,1,1,2,3",
        "overOdds": "+125",
        "underOdds": "-155",
        "overUnder": "+125 / -155"
    },
    {
        "player": "Vladimir Tarasenko",
        "team": "NYR",
        "opponent": "BUF",
        "propType": "sog",
        "line": 2.5,
        "ppLine": "PP2",
        "avg": 2.04,
        "hit": false,
        "diffAvg": -0.18,
        "diffAbs": 1.0,
        "lastAvg": 0,
        "diff": 0,
        "avgMin": 15,
        "proj": 0.0,
        "lastAvgMin": 0,
        "oppOver": 0,
        "teamOver": 0,
        "gameLine": "-145",
        "+/-": "+5",
        "L5_+/-": "+4.0",
        "prevMatchup": "2023-03-11 2.0 sog",
        "winLossSplits": "1.34 - 2.89",
        "awayHome": "A",
        "playedYesterday": "Y",
        "awayHomeSplits": "1.71 - 2.5",
        "savesAboveExp": "-",
        "gsaa": "-",
        "corsi": "51.4% (58.2) // 46.3% (52.4) // 43.6% (48.2) // 46.7% (54.0)",
        "fenwick": "52.1% (43.9) // 48.1% (40.3) // 46.1% (39.0) // 49.6% (43.7)",
        "shots": "51.8% (31.2) // 49.3% (30.7) // 47.8% (30.0) // 52.0% (34.3)",
        "scoring": "51.3% (30.8) // 48.2% (28.5) // 45.5% (25.4) // 44.2% (26.7)",
        "corsiAgainst": "48.6% (54.9) // 53.7% (60.6) // 56.4% (62.4) // 53.3% (61.7)",
        "fenwickAgainst": "47.9% (40.3) // 51.9% (43.5) // 53.9% (45.6) // 50.4% (44.3)",
        "shotsAgainst": "48.2% (29.1) // 50.7% (31.6) // 52.2% (32.8) // 48.0% (31.7)",
        "scoringAgainst": "48.7% (29.2) // 51.8% (30.6) // 54.5% (30.4) // 55.8% (33.7)",
        "oppCorsi": "51.1% (57.5) // 50.6% (54.9) // 48.4% (52.2) // 50.7% (55.7)",
        "oppFenwick": "49.7% (43.4) // 50.6% (42.4) // 50.0% (41.9) // 50.6% (41.3)",
        "oppShots": "49.3% (31.8) // 49.4% (30.1) // 50.0% (30.6) // 50.4% (32.6)",
        "oppScoring": "49.7% (30.4) // 46.2% (26.0) // 43.0% (24.2) // 47.8% (25.4)",
        "oppCorsiAgainst": "48.9% (55.1) // 49.4% (53.5) // 51.6% (55.6) // 49.3% (54.2)",
        "oppFenwickAgainst": "50.3% (44.0) // 49.4% (41.4) // 50.0% (41.9) // 49.4% (40.3)",
        "oppShotsAgainst": "50.7% (32.7) // 50.6% (30.8) // 50.0% (30.6) // 49.6% (32.2)",
        "oppScoringAgainst": "50.3% (30.7) // 53.8% (30.2) // 57.0% (32.1) // 52.2% (27.8)",
        "savesPerGame": 26.8,
        "savesPerGameLast1": 29.0,
        "savesPerGameLast3": 29.3,
        "savesPerGameLast5": 30.6,
        "savesPer60": 26.9,
        "savesPer60Last1": 28.2,
        "savesPer60Last3": 29.0,
        "savesPer60Last5": 30.2,
        "shotsPerGame": 31.7,
        "shotsPerGameLast5": 30.0,
        "shotsAgainstPerGame": 29.5,
        "shotsAgainstPerGameLast5": 32.8,
        "oppSavesAgainstPer60": 28.6,
        "oppSavesAgainstPer60Last1": 30.0,
        "oppSavesAgainstPer60Last3": 27.8,
        "oppSavesAgainstPer60Last5": 27.5,
        "oppShotsAgainstPerGame": 33.0,
        "oppShotsAgainstPerGameLast5": 30.0,
        "savesProj": 26.2,
        "savesProjLast5": 28.4,
        "savesProjLast3": 27.6,
        "oppSavesAgainstProj": 26.9,
        "oppSavesAgainstProjLast5": 27.3,
        "oppSavesAgainstProjLast3": 26.9,
        "totalOver": 38,
        "totalOverLast5": 20,
        "totalOverLast15": 40,
        "lastTotalOver": 0,
        "last5": "1,1,0,1,5,1,4,3,1,6",
        "overOdds": "+125",
        "underOdds": "-155",
        "overUnder": "+125 / -155"
    },
    {
        "player": "David Perron",
        "team": "DET",
        "opponent": "WPG",
        "propType": "sog",
        "line": 2.5,
        "ppLine": "PP1",
        "avg": 2.35,
        "hit": false,
        "diffAvg": -0.06,
        "diffAbs": 0.16,
        "lastAvg": 2.24,
        "diff": -0.1,
        "avgMin": 16,
        "proj": 2.1,
        "lastAvgMin": 16.98,
        "oppOver": 0,
        "teamOver": 0,
        "gameLine": "+200",
        "+/-": -4,
        "L5_+/-": -2.0,
        "prevMatchup": "2023-01-10 0.0 sog",
        "winLossSplits": "2.54 - 1.96",
        "awayHome": "A",
        "playedYesterday": "Y",
        "awayHomeSplits": "2.31 - 2.39",
        "savesAboveExp": 0.641,
        "gsaa": 23.25,
        "corsi": "47.2% (52.2) // 48.4% (52.2) // 48.6% (52.3) // 43.4% (50.3)",
        "fenwick": "47.8% (39.1) // 49.3% (39.0) // 47.6% (37.4) // 42.0% (36.0)",
        "shots": "48.5% (28.2) // 50.3% (27.4) // 49.3% (26.4) // 44.7% (25.3)",
