[
    {
        "player": "Anders Lee",
        "team": "NYI",
        "opponent": "CAR",
        "propType": "sog",
        "line": 2.5,
        "ppLine": "PP1",
        "avg": 2.61,
        "hit": false,
        "diffAvg": 0.04,
        "diffAbs": 0.16,
        "lastAvg": 2.09,
        "diff": -0.16,
        "avgMin": 17,
        "proj": 2.1,
        "lastAvgMin": 16.62,
        "oppOver": 0,
        "teamOver": 0,
        "gameLine": "-110",
        "+/-": -3,
        "L5_+/-": -2.0,
        "prevMatchup": "2023-04-19 2.0 sog 2023-04-17 4.0 sog 2023-04-02 0.0 sog 2023-01-21 1.0 sog 2022-12-10 0.0 sog 2022-10-28 0.0 sog",
        "winLossSplits": "57% - 40%",
        "awayHome": "H",
        "playedYesterday": "N",
        "awayHomeSplits": "51% - 46%",
        "savesAboveExp": -0.166,
        "gsaa": 3.66,
        "corsi": "49.6% (58.7) // 54.1% (65.8) // 59.5% (72.0) // 49.6% (58.7)",
        "fenwick": "49.5% (42.7) // 53.4% (47.0) // 63.9% (53.0) // 49.5% (42.7)",
        "shots": "49.8% (30.5) // 53.2% (32.4) // 64.8% (35.0) // 49.8% (30.5)",
        "scoring": "50.0% (30.4) // 52.7% (31.7) // 65.1% (41.0) // 50.0% (30.4)",
        "corsiAgainst": "50.4% (59.6) // 45.9% (55.9) // 40.5% (49.0) // 50.4% (59.6)",
        "fenwickAgainst": "50.5% (43.6) // 46.6% (40.9) // 36.1% (30.0) // 50.5% (43.6)",
        "shotsAgainst": "50.2% (30.7) // 46.8% (28.5) // 35.2% (19.0) // 50.2% (30.7)",
        "scoringAgainst": "50.0% (30.4) // 47.3% (28.4) // 34.9% (22.0) // 50.0% (30.4)",
        "oppCorsi": "59.9% (67.4) // 61.2% (68.8) // 58.7% (67.5) // 59.9% (67.4)",
        "oppFenwick": "59.1% (50.8) // 60.1% (51.8) // 59.7% (54.0) // 59.1% (50.8)",
        "oppShots": "57.2% (34.3) // 58.4% (34.4) // 53.8% (32.0) // 57.2% (34.3)",
        "oppScoring": "58.9% (33.3) // 62.3% (33.3) // 54.5% (27.5) // 58.9% (33.3)",
        "oppCorsiAgainst": "40.1% (45.2) // 38.8% (43.6) // 41.3% (47.5) // 40.1% (45.2)",
        "oppFenwickAgainst": "40.9% (35.1) // 39.9% (34.4) // 40.3% (36.5) // 40.9% (35.1)",
        "oppShotsAgainst": "42.8% (25.6) // 41.6% (24.5) // 46.2% (27.5) // 42.8% (25.6)",
        "oppScoringAgainst": "41.1% (23.3) // 37.7% (20.2) // 45.5% (23.0) // 41.1% (23.3)",
        "savesPerGame": 28.4,
        "savesPerGameLast1": 32.0,
        "savesPerGameLast3": 28.0,
        "savesPerGameLast5": 26.2,
        "savesPer60": 29.1,
        "savesPer60Last1": 34.7,
        "savesPer60Last3": 28.5,
        "savesPer60Last5": 26.2,
        "shotsPerGame": 30.8,
        "shotsPerGameLast5": 29.6,
        "shotsAgainstPerGame": 31.0,
        "shotsAgainstPerGameLast5": 28.8,
        "oppSavesAgainstPer60": 32.5,
        "oppSavesAgainstPer60Last1": 32.0,
        "oppSavesAgainstPer60Last3": 32.5,
        "oppSavesAgainstPer60Last5": 30.2,
        "oppShotsAgainstPerGame": 26.0,
        "oppShotsAgainstPerGameLast5": 27.8,
        "savesProj": 38.1,
        "savesProjLast5": 32.3,
        "savesProjLast3": 38.5,
        "oppSavesAgainstProj": 32.3,
        "oppSavesAgainstProjLast5": 27.3,
        "oppSavesAgainstProjLast3": 30.3,
        "totalOver": 49,
        "totalOverLast5": 60,
        "totalOverLast15": 40,
        "lastTotalOver": 33,
        "last5": "2,4,2,4,4,4,0,2,2,1",
        "overOdds": "+125",
        "underOdds": "-155",
        "overUnder": "+125 / -155"
    },
    {
        "player": "Bo Horvat",
        "team": "NYI",
        "opponent": "CAR",
        "propType": "sog",
        "line": 2.5,
        "ppLine": "PP1",
        "avg": 2.81,
        "hit": false,
        "diffAvg": 0.12,
        "diffAbs": 1.0,
        "lastAvg": 0,
        "diff": 0,
        "avgMin": 20,
        "proj": 0.0,
        "lastAvgMin": 0,
        "oppOver": 0,
        "teamOver": 0,
        "gameLine": "-110",
        "+/-": -3,
        "L5_+/-": "+1.0",
        "prevMatchup": "2023-04-19 2.0 sog 2023-04-17 2.0 sog 2023-04-02 2.0 sog",
        "winLossSplits": "59% - 47%",
        "awayHome": "H",
        "playedYesterday": "N",
        "awayHomeSplits": "53% - 53%",
        "savesAboveExp": -0.166,
        "gsaa": 3.66,
        "corsi": "49.6% (58.7) // 54.1% (65.8) // 59.5% (72.0) // 49.6% (58.7)",
        "fenwick": "49.5% (42.7) // 53.4% (47.0) // 63.9% (53.0) // 49.5% (42.7)",
        "shots": "49.8% (30.5) // 53.2% (32.4) // 64.8% (35.0) // 49.8% (30.5)",
        "scoring": "50.0% (30.4) // 52.7% (31.7) // 65.1% (41.0) // 50.0% (30.4)",
        "corsiAgainst": "50.4% (59.6) // 45.9% (55.9) // 40.5% (49.0) // 50.4% (59.6)",
        "fenwickAgainst": "50.5% (43.6) // 46.6% (40.9) // 36.1% (30.0) // 50.5% (43.6)",
        "shotsAgainst": "50.2% (30.7) // 46.8% (28.5) // 35.2% (19.0) // 50.2% (30.7)",
        "scoringAgainst": "50.0% (30.4) // 47.3% (28.4) // 34.9% (22.0) // 50.0% (30.4)",
        "oppCorsi": "59.9% (67.4) // 61.2% (68.8) // 58.7% (67.5) // 59.9% (67.4)",
        "oppFenwick": "59.1% (50.8) // 60.1% (51.8) // 59.7% (54.0) // 59.1% (50.8)",
        "oppShots": "57.2% (34.3) // 58.4% (34.4) // 53.8% (32.0) // 57.2% (34.3)",
        "oppScoring": "58.9% (33.3) // 62.3% (33.3) // 54.5% (27.5) // 58.9% (33.3)",
        "oppCorsiAgainst": "40.1% (45.2) // 38.8% (43.6) // 41.3% (47.5) // 40.1% (45.2)",
        "oppFenwickAgainst": "40.9% (35.1) // 39.9% (34.4) // 40.3% (36.5) // 40.9% (35.1)",
        "oppShotsAgainst": "42.8% (25.6) // 41.6% (24.5) // 46.2% (27.5) // 42.8% (25.6)",
        "oppScoringAgainst": "41.1% (23.3) // 37.7% (20.2) // 45.5% (23.0) // 41.1% (23.3)",
        "savesPerGame": 28.4,
        "savesPerGameLast1": 32.0,
        "savesPerGameLast3": 28.0,
        "savesPerGameLast5": 26.2,
        "savesPer60": 29.1,
        "savesPer60Last1": 34.7,
        "savesPer60Last3": 28.5,
        "savesPer60Last5": 26.2,
        "shotsPerGame": 30.8,
        "shotsPerGameLast5": 29.6,
        "shotsAgainstPerGame": 31.0,
        "shotsAgainstPerGameLast5": 28.8,
        "oppSavesAgainstPer60": 32.5,
        "oppSavesAgainstPer60Last1": 32.0,
        "oppSavesAgainstPer60Last3": 32.5,
        "oppSavesAgainstPer60Last5": 30.2,
        "oppShotsAgainstPerGame": 26.0,
        "oppShotsAgainstPerGameLast5": 27.8,
        "savesProj": 38.1,
        "savesProjLast5": 32.3,
        "savesProjLast3": 38.5,
        "oppSavesAgainstProj": 32.3,
        "oppSavesAgainstProjLast5": 27.3,
        "oppSavesAgainstProjLast3": 30.3,
        "totalOver": 53,
        "totalOverLast5": 40,
        "totalOverLast15": 47,
        "lastTotalOver": 0,
        "last5": "2,2,4,5,0,3,2,1,2,2",
        "overOdds": "+115",
        "underOdds": "-145",
        "overUnder": "+115 / -145"
    },
    {
        "player": "Brady Skjei",
        "team": "CAR",
        "opponent": "NYI",
        "propType": "sog",
        "line": 2.5,
        "ppLine": "PP2",
        "avg": 2.35,
        "hit": false,
        "diffAvg": -0.06,
        "diffAbs": 0.24,
        "lastAvg": 1.92,
        "diff": -0.23,
        "avgMin": 21,
        "proj": 1.9,
        "lastAvgMin": 21.13,
        "oppOver": 0,
        "teamOver": 0,
        "gameLine": "-110",
        "+/-": "+4",
        "L5_+/-": -8.0,
        "prevMatchup": "2023-04-19 3.0 sog 2023-04-17 4.0 sog 2023-04-02 3.0 sog 2023-01-21 0.0 sog 2022-12-10 5.0 sog 2022-10-28 2.0 sog",
        "winLossSplits": "53% - 33%",
        "awayHome": "A",
        "playedYesterday": "N",
        "awayHomeSplits": "45% - 47%",
        "savesAboveExp": 0.704,
        "gsaa": 35.99,
        "corsi": "59.9% (67.4) // 61.2% (68.8) // 58.7% (67.5) // 59.9% (67.4)",
        "fenwick": "59.1% (50.8) // 60.1% (51.8) // 59.7% (54.0) // 59.1% (50.8)",
        "shots": "57.2% (34.3) // 58.4% (34.4) // 53.8% (32.0) // 57.2% (34.3)",
        "scoring": "58.9% (33.3) // 62.3% (33.3) // 54.5% (27.5) // 58.9% (33.3)",
        "corsiAgainst": "40.1% (45.2) // 38.8% (43.6) // 41.3% (47.5) // 40.1% (45.2)",
        "fenwickAgainst": "40.9% (35.1) // 39.9% (34.4) // 40.3% (36.5) // 40.9% (35.1)",
        "shotsAgainst": "42.8% (25.6) // 41.6% (24.5) // 46.2% (27.5) // 42.8% (25.6)",
        "scoringAgainst": "41.1% (23.3) // 37.7% (20.2) // 45.5% (23.0) // 41.1% (23.3)",
        "oppCorsi": "49.6% (58.7) // 54.1% (65.8) // 59.5% (72.0) // 49.6% (58.7)",
        "oppFenwick": "49.5% (42.7) // 53.4% (47.0) // 63.9% (53.0) // 49.5% (42.7)",
        "oppShots": "49.8% (30.5) // 53.2% (32.4) // 64.8% (35.0) // 49.8% (30.5)",
        "oppScoring": "50.0% (30.4) // 52.7% (31.7) // 65.1% (41.0) // 50.0% (30.4)",
        "oppCorsiAgainst": "50.4% (59.6) // 45.9% (55.9) // 40.5% (49.0) // 50.4% (59.6)",
        "oppFenwickAgainst": "50.5% (43.6) // 46.6% (40.9) // 36.1% (30.0) // 50.5% (43.6)",
        "oppShotsAgainst": "50.2% (30.7) // 46.8% (28.5) // 35.2% (19.0) // 50.2% (30.7)",
        "oppScoringAgainst": "50.0% (30.4) // 47.3% (28.4) // 34.9% (22.0) // 50.0% (30.4)",
        "savesPerGame": 23.4,
        "savesPerGameLast1": 23.0,
        "savesPerGameLast3": 26.0,
        "savesPerGameLast5": 25.4,
        "savesPer60": 24.2,
        "savesPer60Last1": 24.9,
        "savesPer60Last3": 26.7,
        "savesPer60Last5": 25.6,
        "shotsPerGame": 34.8,
        "shotsPerGameLast5": 33.2,
        "shotsAgainstPerGame": 26.0,
        "shotsAgainstPerGameLast5": 27.8,
        "oppSavesAgainstPer60": 28.5,
        "oppSavesAgainstPer60Last1": 23.0,
        "oppSavesAgainstPer60Last3": 26.3,
        "oppSavesAgainstPer60Last5": 26.8,
        "oppShotsAgainstPerGame": 31.0,
        "oppShotsAgainstPerGameLast5": 28.8,
        "savesProj": 23.1,
        "savesProjLast5": 23.6,
        "savesProjLast3": 24.2,
        "oppSavesAgainstProj": 23.5,
        "oppSavesAgainstProjLast5": 23.1,
        "oppSavesAgainstProjLast3": 22.5,
        "totalOver": 46,
        "totalOverLast5": 60,
        "totalOverLast15": 60,
        "lastTotalOver": 35,
        "last5": "3,4,4,1,1,2,5,3,3,2",
        "overOdds": "-105",
        "underOdds": "-125",
        "overUnder": "-105 / -125"
    },
    {
        "player": "Brent Burns",
        "team": "CAR",
        "opponent": "NYI",
        "propType": "sog",
        "line": 3.5,
        "ppLine": "PP1",
        "avg": 3.15,
        "hit": false,
        "diffAvg": -0.1,
        "diffAbs": 0.37,
        "lastAvg": 2.48,
        "diff": -0.29,
        "avgMin": 23,
        "proj": 2.2,
        "lastAvgMin": 26.13,
        "oppOver": 0,
        "teamOver": 0,
        "gameLine": "-110",
        "+/-": "+21",
        "L5_+/-": "+7.0",
        "prevMatchup": "2023-04-19 4.0 sog 2023-04-17 6.0 sog 2023-04-02 3.0 sog 2023-01-21 3.0 sog 2022-12-10 2.0 sog 2022-10-28 5.0 sog",
        "winLossSplits": "28% - 47%",
        "awayHome": "A",
        "playedYesterday": "N",
        "awayHomeSplits": "39% - 30%",
        "savesAboveExp": 0.704,
        "gsaa": 35.99,
        "corsi": "59.9% (67.4) // 61.2% (68.8) // 58.7% (67.5) // 59.9% (67.4)",
        "fenwick": "59.1% (50.8) // 60.1% (51.8) // 59.7% (54.0) // 59.1% (50.8)",
        "shots": "57.2% (34.3) // 58.4% (34.4) // 53.8% (32.0) // 57.2% (34.3)",
        "scoring": "58.9% (33.3) // 62.3% (33.3) // 54.5% (27.5) // 58.9% (33.3)",
        "corsiAgainst": "40.1% (45.2) // 38.8% (43.6) // 41.3% (47.5) // 40.1% (45.2)",
        "fenwickAgainst": "40.9% (35.1) // 39.9% (34.4) // 40.3% (36.5) // 40.9% (35.1)",
        "shotsAgainst": "42.8% (25.6) // 41.6% (24.5) // 46.2% (27.5) // 42.8% (25.6)",
        "scoringAgainst": "41.1% (23.3) // 37.7% (20.2) // 45.5% (23.0) // 41.1% (23.3)",
        "oppCorsi": "49.6% (58.7) // 54.1% (65.8) // 59.5% (72.0) // 49.6% (58.7)",
        "oppFenwick": "49.5% (42.7) // 53.4% (47.0) // 63.9% (53.0) // 49.5% (42.7)",
        "oppShots": "49.8% (30.5) // 53.2% (32.4) // 64.8% (35.0) // 49.8% (30.5)",
        "oppScoring": "50.0% (30.4) // 52.7% (31.7) // 65.1% (41.0) // 50.0% (30.4)",
        "oppCorsiAgainst": "50.4% (59.6) // 45.9% (55.9) // 40.5% (49.0) // 50.4% (59.6)",
        "oppFenwickAgainst": "50.5% (43.6) // 46.6% (40.9) // 36.1% (30.0) // 50.5% (43.6)",
        "oppShotsAgainst": "50.2% (30.7) // 46.8% (28.5) // 35.2% (19.0) // 50.2% (30.7)",
        "oppScoringAgainst": "50.0% (30.4) // 47.3% (28.4) // 34.9% (22.0) // 50.0% (30.4)",
        "savesPerGame": 23.4,
        "savesPerGameLast1": 23.0,
        "savesPerGameLast3": 26.0,
        "savesPerGameLast5": 25.4,
        "savesPer60": 24.2,
        "savesPer60Last1": 24.9,
        "savesPer60Last3": 26.7,
        "savesPer60Last5": 25.6,
        "shotsPerGame": 34.8,
        "shotsPerGameLast5": 33.2,
        "shotsAgainstPerGame": 26.0,
        "shotsAgainstPerGameLast5": 27.8,
        "oppSavesAgainstPer60": 28.5,
        "oppSavesAgainstPer60Last1": 23.0,
        "oppSavesAgainstPer60Last3": 26.3,
        "oppSavesAgainstPer60Last5": 26.8,
        "oppShotsAgainstPerGame": 31.0,
        "oppShotsAgainstPerGameLast5": 28.8,
        "savesProj": 23.1,
        "savesProjLast5": 23.6,
        "savesProjLast3": 24.2,
        "oppSavesAgainstProj": 23.5,
        "oppSavesAgainstProjLast5": 23.1,
        "oppSavesAgainstProjLast3": 22.5,
        "totalOver": 35,
        "totalOverLast5": 80,
        "totalOverLast15": 40,
        "lastTotalOver": 18,
        "last5": "4,6,5,3,5,3,7,1,3,8",
        "overOdds": "+105",
        "underOdds": "-145",
        "overUnder": "+105 / -145"
    },
    {
        "player": "Brock Nelson",
        "team": "NYI",
        "opponent": "CAR",
        "propType": "sog",
        "line": 2.5,
        "ppLine": "PP1",
        "avg": 2.7,
        "hit": false,
        "diffAvg": 0.08,
        "diffAbs": 0.04,
        "lastAvg": 2.38,
        "diff": -0.05,
        "avgMin": 18,
        "proj": 2.4,
        "lastAvgMin": 17.67,
        "oppOver": 0,
        "teamOver": 0,
        "gameLine": "-110",
        "+/-": "+17",
        "L5_+/-": "+7.0",
        "prevMatchup": "2023-04-19 3.0 sog 2023-04-17 2.0 sog 2023-04-02 0.0 sog 2023-01-21 4.0 sog 2022-12-10 3.0 sog 2022-10-28 3.0 sog",
        "winLossSplits": "55% - 36%",
        "awayHome": "H",
        "playedYesterday": "N",
        "awayHomeSplits": "40% - 51%",
        "savesAboveExp": -0.166,
        "gsaa": 3.66,
        "corsi": "49.6% (58.7) // 54.1% (65.8) // 59.5% (72.0) // 49.6% (58.7)",
        "fenwick": "49.5% (42.7) // 53.4% (47.0) // 63.9% (53.0) // 49.5% (42.7)",
        "shots": "49.8% (30.5) // 53.2% (32.4) // 64.8% (35.0) // 49.8% (30.5)",
        "scoring": "50.0% (30.4) // 52.7% (31.7) // 65.1% (41.0) // 50.0% (30.4)",
        "corsiAgainst": "50.4% (59.6) // 45.9% (55.9) // 40.5% (49.0) // 50.4% (59.6)",
        "fenwickAgainst": "50.5% (43.6) // 46.6% (40.9) // 36.1% (30.0) // 50.5% (43.6)",
        "shotsAgainst": "50.2% (30.7) // 46.8% (28.5) // 35.2% (19.0) // 50.2% (30.7)",
        "scoringAgainst": "50.0% (30.4) // 47.3% (28.4) // 34.9% (22.0) // 50.0% (30.4)",
        "oppCorsi": "59.9% (67.4) // 61.2% (68.8) // 58.7% (67.5) // 59.9% (67.4)",
        "oppFenwick": "59.1% (50.8) // 60.1% (51.8) // 59.7% (54.0) // 59.1% (50.8)",
        "oppShots": "57.2% (34.3) // 58.4% (34.4) // 53.8% (32.0) // 57.2% (34.3)",
        "oppScoring": "58.9% (33.3) // 62.3% (33.3) // 54.5% (27.5) // 58.9% (33.3)",
        "oppCorsiAgainst": "40.1% (45.2) // 38.8% (43.6) // 41.3% (47.5) // 40.1% (45.2)",
        "oppFenwickAgainst": "40.9% (35.1) // 39.9% (34.4) // 40.3% (36.5) // 40.9% (35.1)",
        "oppShotsAgainst": "42.8% (25.6) // 41.6% (24.5) // 46.2% (27.5) // 42.8% (25.6)",
        "oppScoringAgainst": "41.1% (23.3) // 37.7% (20.2) // 45.5% (23.0) // 41.1% (23.3)",
        "savesPerGame": 28.4,
        "savesPerGameLast1": 32.0,
        "savesPerGameLast3": 28.0,
        "savesPerGameLast5": 26.2,
        "savesPer60": 29.1,
        "savesPer60Last1": 34.7,
        "savesPer60Last3": 28.5,
        "savesPer60Last5": 26.2,
        "shotsPerGame": 30.8,
        "shotsPerGameLast5": 29.6,
        "shotsAgainstPerGame": 31.0,
        "shotsAgainstPerGameLast5": 28.8,
        "oppSavesAgainstPer60": 32.5,
        "oppSavesAgainstPer60Last1": 32.0,
        "oppSavesAgainstPer60Last3": 32.5,
        "oppSavesAgainstPer60Last5": 30.2,
        "oppShotsAgainstPerGame": 26.0,
        "oppShotsAgainstPerGameLast5": 27.8,
        "savesProj": 38.1,
        "savesProjLast5": 32.3,
        "savesProjLast3": 38.5,
        "oppSavesAgainstProj": 32.3,
        "oppSavesAgainstProjLast5": 27.3,
        "oppSavesAgainstProjLast3": 30.3,
        "totalOver": 45,
        "totalOverLast5": 40,
        "totalOverLast15": 33,
        "lastTotalOver": 49,
        "last5": "3,2,4,1,1,4,0,1,1,2",
        "overOdds": "+125",
        "underOdds": "-155",
        "overUnder": "+125 / -155"
    },
    {
        "player": "Jesperi Kotkaniemi",
        "team": "CAR",
        "opponent": "NYI",
        "propType": "sog",
        "line": 1.5,
        "ppLine": "PP2",
        "avg": 1.57,
        "hit": false,
        "diffAvg": 0.05,
        "diffAbs": 0.2,
        "lastAvg": 1.01,
        "diff": -0.33,
        "avgMin": 14,
        "proj": 1.2,
        "lastAvgMin": 12.02,
        "oppOver": 0,
        "teamOver": 0,
        "gameLine": "-110",
        "+/-": "+7",
        "L5_+/-": -3.0,
        "prevMatchup": "2023-04-19 1.0 sog 2023-04-17 2.0 sog 2023-04-02 4.0 sog 2023-01-21 1.0 sog 2022-12-10 2.0 sog 2022-10-28 2.0 sog",
        "winLossSplits": "44% - 57%",
        "awayHome": "A",
        "playedYesterday": "N",
        "awayHomeSplits": "51% - 47%",
        "savesAboveExp": 0.704,
        "gsaa": 35.99,
        "corsi": "59.9% (67.4) // 61.2% (68.8) // 58.7% (67.5) // 59.9% (67.4)",
        "fenwick": "59.1% (50.8) // 60.1% (51.8) // 59.7% (54.0) // 59.1% (50.8)",
        "shots": "57.2% (34.3) // 58.4% (34.4) // 53.8% (32.0) // 57.2% (34.3)",
        "scoring": "58.9% (33.3) // 62.3% (33.3) // 54.5% (27.5) // 58.9% (33.3)",
        "corsiAgainst": "40.1% (45.2) // 38.8% (43.6) // 41.3% (47.5) // 40.1% (45.2)",
        "fenwickAgainst": "40.9% (35.1) // 39.9% (34.4) // 40.3% (36.5) // 40.9% (35.1)",
        "shotsAgainst": "42.8% (25.6) // 41.6% (24.5) // 46.2% (27.5) // 42.8% (25.6)",
        "scoringAgainst": "41.1% (23.3) // 37.7% (20.2) // 45.5% (23.0) // 41.1% (23.3)",
        "oppCorsi": "49.6% (58.7) // 54.1% (65.8) // 59.5% (72.0) // 49.6% (58.7)",
        "oppFenwick": "49.5% (42.7) // 53.4% (47.0) // 63.9% (53.0) // 49.5% (42.7)",
        "oppShots": "49.8% (30.5) // 53.2% (32.4) // 64.8% (35.0) // 49.8% (30.5)",
        "oppScoring": "50.0% (30.4) // 52.7% (31.7) // 65.1% (41.0) // 50.0% (30.4)",
        "oppCorsiAgainst": "50.4% (59.6) // 45.9% (55.9) // 40.5% (49.0) // 50.4% (59.6)",
        "oppFenwickAgainst": "50.5% (43.6) // 46.6% (40.9) // 36.1% (30.0) // 50.5% (43.6)",
        "oppShotsAgainst": "50.2% (30.7) // 46.8% (28.5) // 35.2% (19.0) // 50.2% (30.7)",
        "oppScoringAgainst": "50.0% (30.4) // 47.3% (28.4) // 34.9% (22.0) // 50.0% (30.4)",
        "savesPerGame": 23.4,
        "savesPerGameLast1": 23.0,
        "savesPerGameLast3": 26.0,
        "savesPerGameLast5": 25.4,
        "savesPer60": 24.2,
        "savesPer60Last1": 24.9,
        "savesPer60Last3": 26.7,
        "savesPer60Last5": 25.6,
        "shotsPerGame": 34.8,
        "shotsPerGameLast5": 33.2,
        "shotsAgainstPerGame": 26.0,
        "shotsAgainstPerGameLast5": 27.8,
        "oppSavesAgainstPer60": 28.5,
        "oppSavesAgainstPer60Last1": 23.0,
        "oppSavesAgainstPer60Last3": 26.3,
        "oppSavesAgainstPer60Last5": 26.8,
        "oppShotsAgainstPerGame": 31.0,
        "oppShotsAgainstPerGameLast5": 28.8,
        "savesProj": 23.1,
        "savesProjLast5": 23.6,
        "savesProjLast3": 24.2,
        "oppSavesAgainstProj": 23.5,
        "oppSavesAgainstProjLast5": 23.1,
        "oppSavesAgainstProjLast3": 22.5,
        "totalOver": 49,
        "totalOverLast5": 60,
        "totalOverLast15": 60,
        "lastTotalOver": 47,
        "last5": "1,2,4,3,0,5,3,2,4,4",
        "overOdds": "-150",
        "underOdds": "+120",
        "overUnder": "-150 / +120"
    },
    {
        "player": "Jordan Martinook",
        "team": "CAR",
        "opponent": "NYI",
        "propType": "sog",
        "line": 1.5,
        "ppLine": "",
        "avg": 1.99,
        "hit": false,
        "diffAvg": 0.33,
        "diffAbs": 0.07,
        "lastAvg": 1.18,
        "diff": -0.21,
        "avgMin": 15,
        "proj": 1.6,
        "lastAvgMin": 11.2,
        "oppOver": 0,
        "teamOver": 0,
        "gameLine": "-110",
        "+/-": "+7",
        "L5_+/-": "+2.0",
        "prevMatchup": "2023-04-19 2.0 sog 2023-04-17 3.0 sog 2023-04-02 5.0 sog 2023-01-21 2.0 sog 2022-12-10 0.0 sog 2022-10-28 2.0 sog",
        "winLossSplits": "65% - 63%",
        "awayHome": "A",
        "playedYesterday": "N",
        "awayHomeSplits": "56% - 72%",
        "savesAboveExp": 0.704,
        "gsaa": 35.99,
        "corsi": "59.9% (67.4) // 61.2% (68.8) // 58.7% (67.5) // 59.9% (67.4)",
        "fenwick": "59.1% (50.8) // 60.1% (51.8) // 59.7% (54.0) // 59.1% (50.8)",
        "shots": "57.2% (34.3) // 58.4% (34.4) // 53.8% (32.0) // 57.2% (34.3)",
        "scoring": "58.9% (33.3) // 62.3% (33.3) // 54.5% (27.5) // 58.9% (33.3)",
        "corsiAgainst": "40.1% (45.2) // 38.8% (43.6) // 41.3% (47.5) // 40.1% (45.2)",
        "fenwickAgainst": "40.9% (35.1) // 39.9% (34.4) // 40.3% (36.5) // 40.9% (35.1)",
        "shotsAgainst": "42.8% (25.6) // 41.6% (24.5) // 46.2% (27.5) // 42.8% (25.6)",
        "scoringAgainst": "41.1% (23.3) // 37.7% (20.2) // 45.5% (23.0) // 41.1% (23.3)",
        "oppCorsi": "49.6% (58.7) // 54.1% (65.8) // 59.5% (72.0) // 49.6% (58.7)",
        "oppFenwick": "49.5% (42.7) // 53.4% (47.0) // 63.9% (53.0) // 49.5% (42.7)",
        "oppShots": "49.8% (30.5) // 53.2% (32.4) // 64.8% (35.0) // 49.8% (30.5)",
        "oppScoring": "50.0% (30.4) // 52.7% (31.7) // 65.1% (41.0) // 50.0% (30.4)",
        "oppCorsiAgainst": "50.4% (59.6) // 45.9% (55.9) // 40.5% (49.0) // 50.4% (59.6)",
        "oppFenwickAgainst": "50.5% (43.6) // 46.6% (40.9) // 36.1% (30.0) // 50.5% (43.6)",
        "oppShotsAgainst": "50.2% (30.7) // 46.8% (28.5) // 35.2% (19.0) // 50.2% (30.7)",
        "oppScoringAgainst": "50.0% (30.4) // 47.3% (28.4) // 34.9% (22.0) // 50.0% (30.4)",
        "savesPerGame": 23.4,
        "savesPerGameLast1": 23.0,
        "savesPerGameLast3": 26.0,
        "savesPerGameLast5": 25.4,
        "savesPer60": 24.2,
        "savesPer60Last1": 24.9,
        "savesPer60Last3": 26.7,
        "savesPer60Last5": 25.6,
        "shotsPerGame": 34.8,
        "shotsPerGameLast5": 33.2,
        "shotsAgainstPerGame": 26.0,
        "shotsAgainstPerGameLast5": 27.8,
        "oppSavesAgainstPer60": 28.5,
        "oppSavesAgainstPer60Last1": 23.0,
        "oppSavesAgainstPer60Last3": 26.3,
        "oppSavesAgainstPer60Last5": 26.8,
        "oppShotsAgainstPerGame": 31.0,
        "oppShotsAgainstPerGameLast5": 28.8,
        "savesProj": 23.1,
        "savesProjLast5": 23.6,
        "savesProjLast3": 24.2,
        "oppSavesAgainstProj": 23.5,
        "oppSavesAgainstProjLast5": 23.1,
        "oppSavesAgainstProjLast3": 22.5,
        "totalOver": 64,
        "totalOverLast5": 60,
        "totalOverLast15": 67,
        "lastTotalOver": 51,
        "last5": "2,3,1,2,0,2,3,2,5,1",
        "overOdds": "-160",
        "underOdds": "+130",
        "overUnder": "-160 / +130"
    },
    {
        "player": "Kyle Palmieri",
        "team": "NYI",
        "opponent": "CAR",
        "propType": "sog",
        "line": 2.5,
        "ppLine": "PP2",
        "avg": 2.26,
        "hit": false,
        "diffAvg": -0.1,
        "diffAbs": 0.0,
        "lastAvg": 2.26,
        "diff": -0.1,
        "avgMin": 17,
        "proj": 2.5,
        "lastAvgMin": 15.62,
        "oppOver": 0,
        "teamOver": 0,
        "gameLine": "-110",
        "+/-": "+16",
        "L5_+/-": "+8.0",
        "prevMatchup": "2023-04-19 4.0 sog 2023-04-17 3.0 sog 2023-04-02 2.0 sog 2022-10-28 3.0 sog",
        "winLossSplits": "42% - 42%",
        "awayHome": "H",
        "playedYesterday": "N",
        "awayHomeSplits": "35% - 50%",
        "savesAboveExp": -0.166,
        "gsaa": 3.66,
        "corsi": "49.6% (58.7) // 54.1% (65.8) // 59.5% (72.0) // 49.6% (58.7)",
        "fenwick": "49.5% (42.7) // 53.4% (47.0) // 63.9% (53.0) // 49.5% (42.7)",
        "shots": "49.8% (30.5) // 53.2% (32.4) // 64.8% (35.0) // 49.8% (30.5)",
        "scoring": "50.0% (30.4) // 52.7% (31.7) // 65.1% (41.0) // 50.0% (30.4)",
        "corsiAgainst": "50.4% (59.6) // 45.9% (55.9) // 40.5% (49.0) // 50.4% (59.6)",
        "fenwickAgainst": "50.5% (43.6) // 46.6% (40.9) // 36.1% (30.0) // 50.5% (43.6)",
        "shotsAgainst": "50.2% (30.7) // 46.8% (28.5) // 35.2% (19.0) // 50.2% (30.7)",
        "scoringAgainst": "50.0% (30.4) // 47.3% (28.4) // 34.9% (22.0) // 50.0% (30.4)",
        "oppCorsi": "59.9% (67.4) // 61.2% (68.8) // 58.7% (67.5) // 59.9% (67.4)",
        "oppFenwick": "59.1% (50.8) // 60.1% (51.8) // 59.7% (54.0) // 59.1% (50.8)",
        "oppShots": "57.2% (34.3) // 58.4% (34.4) // 53.8% (32.0) // 57.2% (34.3)",
        "oppScoring": "58.9% (33.3) // 62.3% (33.3) // 54.5% (27.5) // 58.9% (33.3)",
        "oppCorsiAgainst": "40.1% (45.2) // 38.8% (43.6) // 41.3% (47.5) // 40.1% (45.2)",
        "oppFenwickAgainst": "40.9% (35.1) // 39.9% (34.4) // 40.3% (36.5) // 40.9% (35.1)",
        "oppShotsAgainst": "42.8% (25.6) // 41.6% (24.5) // 46.2% (27.5) // 42.8% (25.6)",
        "oppScoringAgainst": "41.1% (23.3) // 37.7% (20.2) // 45.5% (23.0) // 41.1% (23.3)",
        "savesPerGame": 28.4,
        "savesPerGameLast1": 32.0,
        "savesPerGameLast3": 28.0,
        "savesPerGameLast5": 26.2,
        "savesPer60": 29.1,
        "savesPer60Last1": 34.7,
        "savesPer60Last3": 28.5,
        "savesPer60Last5": 26.2,
        "shotsPerGame": 30.8,
        "shotsPerGameLast5": 29.6,
        "shotsAgainstPerGame": 31.0,
        "shotsAgainstPerGameLast5": 28.8,
        "oppSavesAgainstPer60": 32.5,
        "oppSavesAgainstPer60Last1": 32.0,
        "oppSavesAgainstPer60Last3": 32.5,
        "oppSavesAgainstPer60Last5": 30.2,
        "oppShotsAgainstPerGame": 26.0,
        "oppShotsAgainstPerGameLast5": 27.8,
        "savesProj": 38.1,
        "savesProjLast5": 32.3,
        "savesProjLast3": 38.5,
        "oppSavesAgainstProj": 32.3,
        "oppSavesAgainstProjLast5": 27.3,
        "oppSavesAgainstProjLast3": 30.3,
        "totalOver": 42,
        "totalOverLast5": 80,
        "totalOverLast15": 53,
        "lastTotalOver": 51,
        "last5": "4,3,3,3,2,3,2,4,0,7",
        "overOdds": "+130",
        "underOdds": "-160",
        "overUnder": "+130 / -160"
    },
    {
        "player": "Martin Necas",
        "team": "CAR",
        "opponent": "NYI",
        "propType": "sog",
        "line": 2.5,
        "ppLine": "PP1",
        "avg": 2.93,
        "hit": false,
        "diffAvg": 0.17,
        "diffAbs": 0.24,
        "lastAvg": 1.73,
        "diff": -0.31,
        "avgMin": 18,
        "proj": 1.9,
        "lastAvgMin": 16.18,
        "oppOver": 0,
        "teamOver": 0,
        "gameLine": "-110",
        "+/-": "+2",
        "L5_+/-": -1.0,
        "prevMatchup": "2023-04-19 3.0 sog 2023-04-17 3.0 sog 2023-04-02 4.0 sog 2023-01-21 0.0 sog 2022-12-10 3.0 sog 2022-10-28 2.0 sog",
        "winLossSplits": "61% - 43%",
        "awayHome": "A",
        "playedYesterday": "N",
        "awayHomeSplits": "63% - 47%",
        "savesAboveExp": 0.704,
        "gsaa": 35.99,
        "corsi": "59.9% (67.4) // 61.2% (68.8) // 58.7% (67.5) // 59.9% (67.4)",
        "fenwick": "59.1% (50.8) // 60.1% (51.8) // 59.7% (54.0) // 59.1% (50.8)",
        "shots": "57.2% (34.3) // 58.4% (34.4) // 53.8% (32.0) // 57.2% (34.3)",
        "scoring": "58.9% (33.3) // 62.3% (33.3) // 54.5% (27.5) // 58.9% (33.3)",
        "corsiAgainst": "40.1% (45.2) // 38.8% (43.6) // 41.3% (47.5) // 40.1% (45.2)",
        "fenwickAgainst": "40.9% (35.1) // 39.9% (34.4) // 40.3% (36.5) // 40.9% (35.1)",
        "shotsAgainst": "42.8% (25.6) // 41.6% (24.5) // 46.2% (27.5) // 42.8% (25.6)",
        "scoringAgainst": "41.1% (23.3) // 37.7% (20.2) // 45.5% (23.0) // 41.1% (23.3)",
        "oppCorsi": "49.6% (58.7) // 54.1% (65.8) // 59.5% (72.0) // 49.6% (58.7)",
        "oppFenwick": "49.5% (42.7) // 53.4% (47.0) // 63.9% (53.0) // 49.5% (42.7)",
        "oppShots": "49.8% (30.5) // 53.2% (32.4) // 64.8% (35.0) // 49.8% (30.5)",
        "oppScoring": "50.0% (30.4) // 52.7% (31.7) // 65.1% (41.0) // 50.0% (30.4)",
        "oppCorsiAgainst": "50.4% (59.6) // 45.9% (55.9) // 40.5% (49.0) // 50.4% (59.6)",
        "oppFenwickAgainst": "50.5% (43.6) // 46.6% (40.9) // 36.1% (30.0) // 50.5% (43.6)",
        "oppShotsAgainst": "50.2% (30.7) // 46.8% (28.5) // 35.2% (19.0) // 50.2% (30.7)",
        "oppScoringAgainst": "50.0% (30.4) // 47.3% (28.4) // 34.9% (22.0) // 50.0% (30.4)",
        "savesPerGame": 23.4,
        "savesPerGameLast1": 23.0,
        "savesPerGameLast3": 26.0,
        "savesPerGameLast5": 25.4,
        "savesPer60": 24.2,
        "savesPer60Last1": 24.9,
        "savesPer60Last3": 26.7,
        "savesPer60Last5": 25.6,
        "shotsPerGame": 34.8,
        "shotsPerGameLast5": 33.2,
        "shotsAgainstPerGame": 26.0,
        "shotsAgainstPerGameLast5": 27.8,
        "oppSavesAgainstPer60": 28.5,
        "oppSavesAgainstPer60Last1": 23.0,
        "oppSavesAgainstPer60Last3": 26.3,
        "oppSavesAgainstPer60Last5": 26.8,
        "oppShotsAgainstPerGame": 31.0,
        "oppShotsAgainstPerGameLast5": 28.8,
        "savesProj": 23.1,
        "savesProjLast5": 23.6,
        "savesProjLast3": 24.2,
        "oppSavesAgainstProj": 23.5,
        "oppSavesAgainstProjLast5": 23.1,
        "oppSavesAgainstProjLast3": 22.5,
        "totalOver": 55,
        "totalOverLast5": 40,
        "totalOverLast15": 33,
        "lastTotalOver": 37,
        "last5": "3,3,2,2,2,0,2,5,4,1",
        "overOdds": "-120",
        "underOdds": "-110",
        "overUnder": "-120 / -110"
    },
    {
        "player": "Mathew Barzal",
        "team": "NYI",
        "opponent": "CAR",
        "propType": "sog",
        "line": 1.5,
        "ppLine": "PP1",
        "avg": 2.4,
        "hit": false,
        "diffAvg": 0.6,
        "diffAbs": 0.47,
        "lastAvg": 2.21,
        "diff": 0.47,
        "avgMin": 18,
        "proj": 2.2,
        "lastAvgMin": 18.02,
        "oppOver": 0,
        "teamOver": 0,
        "gameLine": "-110",
        "+/-": "+7",
        "L5_+/-": "+5.0",
        "prevMatchup": "2023-04-19 3.0 sog 2023-04-17 2.0 sog 2023-01-21 6.0 sog 2022-12-10 1.0 sog 2022-10-28 3.0 sog",
        "winLossSplits": "64% - 69%",
        "awayHome": "H",
        "playedYesterday": "N",
        "awayHomeSplits": "67% - 67%",
        "savesAboveExp": -0.166,
        "gsaa": 3.66,
        "corsi": "49.6% (58.7) // 54.1% (65.8) // 59.5% (72.0) // 49.6% (58.7)",
        "fenwick": "49.5% (42.7) // 53.4% (47.0) // 63.9% (53.0) // 49.5% (42.7)",
        "shots": "49.8% (30.5) // 53.2% (32.4) // 64.8% (35.0) // 49.8% (30.5)",
        "scoring": "50.0% (30.4) // 52.7% (31.7) // 65.1% (41.0) // 50.0% (30.4)",
        "corsiAgainst": "50.4% (59.6) // 45.9% (55.9) // 40.5% (49.0) // 50.4% (59.6)",
        "fenwickAgainst": "50.5% (43.6) // 46.6% (40.9) // 36.1% (30.0) // 50.5% (43.6)",
        "shotsAgainst": "50.2% (30.7) // 46.8% (28.5) // 35.2% (19.0) // 50.2% (30.7)",
        "scoringAgainst": "50.0% (30.4) // 47.3% (28.4) // 34.9% (22.0) // 50.0% (30.4)",
        "oppCorsi": "59.9% (67.4) // 61.2% (68.8) // 58.7% (67.5) // 59.9% (67.4)",
        "oppFenwick": "59.1% (50.8) // 60.1% (51.8) // 59.7% (54.0) // 59.1% (50.8)",
        "oppShots": "57.2% (34.3) // 58.4% (34.4) // 53.8% (32.0) // 57.2% (34.3)",
        "oppScoring": "58.9% (33.3) // 62.3% (33.3) // 54.5% (27.5) // 58.9% (33.3)",
        "oppCorsiAgainst": "40.1% (45.2) // 38.8% (43.6) // 41.3% (47.5) // 40.1% (45.2)",
        "oppFenwickAgainst": "40.9% (35.1) // 39.9% (34.4) // 40.3% (36.5) // 40.9% (35.1)",
        "oppShotsAgainst": "42.8% (25.6) // 41.6% (24.5) // 46.2% (27.5) // 42.8% (25.6)",
        "oppScoringAgainst": "41.1% (23.3) // 37.7% (20.2) // 45.5% (23.0) // 41.1% (23.3)",
        "savesPerGame": 28.4,
        "savesPerGameLast1": 32.0,
        "savesPerGameLast3": 28.0,
        "savesPerGameLast5": 26.2,
        "savesPer60": 29.1,
        "savesPer60Last1": 34.7,
        "savesPer60Last3": 28.5,
        "savesPer60Last5": 26.2,
        "shotsPerGame": 30.8,
        "shotsPerGameLast5": 29.6,
        "shotsAgainstPerGame": 31.0,
        "shotsAgainstPerGameLast5": 28.8,
        "oppSavesAgainstPer60": 32.5,
        "oppSavesAgainstPer60Last1": 32.0,
        "oppSavesAgainstPer60Last3": 32.5,
        "oppSavesAgainstPer60Last5": 30.2,
        "oppShotsAgainstPerGame": 26.0,
        "oppShotsAgainstPerGameLast5": 27.8,
        "savesProj": 38.1,
        "savesProjLast5": 32.3,
        "savesProjLast3": 38.5,
        "oppSavesAgainstProj": 32.3,
        "oppSavesAgainstProjLast5": 27.3,
        "oppSavesAgainstProjLast3": 30.3,
        "totalOver": 67,
        "totalOverLast5": 60,
        "totalOverLast15": 60,
        "lastTotalOver": 59,
        "last5": "3,2,0,1,7,3,1,1,2,6",
        "overOdds": "-190",
        "underOdds": "+155",
        "overUnder": "-190 / +155"
    },
    {
        "player": "Noah Dobson",
        "team": "NYI",
        "opponent": "CAR",
        "propType": "sog",
        "line": 2.5,
        "ppLine": "PP1",
        "avg": 2.61,
        "hit": false,
        "diffAvg": 0.04,
        "diffAbs": 0.12,
        "lastAvg": 2.38,
        "diff": -0.05,
        "avgMin": 20,
        "proj": 2.2,
        "lastAvgMin": 21.45,
        "oppOver": 0,
        "teamOver": 0,
        "gameLine": "-110",
        "+/-": "+8",
        "L5_+/-": "+7.0",
        "prevMatchup": "2023-04-19 2.0 sog 2023-04-17 1.0 sog 2023-04-02 1.0 sog 2023-01-21 5.0 sog 2022-12-10 1.0 sog 2022-10-28 1.0 sog",
        "winLossSplits": "45% - 48%",
        "awayHome": "H",
        "playedYesterday": "N",
        "awayHomeSplits": "37% - 56%",
        "savesAboveExp": -0.166,
        "gsaa": 3.66,
        "corsi": "49.6% (58.7) // 54.1% (65.8) // 59.5% (72.0) // 49.6% (58.7)",
        "fenwick": "49.5% (42.7) // 53.4% (47.0) // 63.9% (53.0) // 49.5% (42.7)",
        "shots": "49.8% (30.5) // 53.2% (32.4) // 64.8% (35.0) // 49.8% (30.5)",
        "scoring": "50.0% (30.4) // 52.7% (31.7) // 65.1% (41.0) // 50.0% (30.4)",
        "corsiAgainst": "50.4% (59.6) // 45.9% (55.9) // 40.5% (49.0) // 50.4% (59.6)",
        "fenwickAgainst": "50.5% (43.6) // 46.6% (40.9) // 36.1% (30.0) // 50.5% (43.6)",
        "shotsAgainst": "50.2% (30.7) // 46.8% (28.5) // 35.2% (19.0) // 50.2% (30.7)",
        "scoringAgainst": "50.0% (30.4) // 47.3% (28.4) // 34.9% (22.0) // 50.0% (30.4)",
        "oppCorsi": "59.9% (67.4) // 61.2% (68.8) // 58.7% (67.5) // 59.9% (67.4)",
        "oppFenwick": "59.1% (50.8) // 60.1% (51.8) // 59.7% (54.0) // 59.1% (50.8)",
        "oppShots": "57.2% (34.3) // 58.4% (34.4) // 53.8% (32.0) // 57.2% (34.3)",
        "oppScoring": "58.9% (33.3) // 62.3% (33.3) // 54.5% (27.5) // 58.9% (33.3)",
        "oppCorsiAgainst": "40.1% (45.2) // 38.8% (43.6) // 41.3% (47.5) // 40.1% (45.2)",
        "oppFenwickAgainst": "40.9% (35.1) // 39.9% (34.4) // 40.3% (36.5) // 40.9% (35.1)",
        "oppShotsAgainst": "42.8% (25.6) // 41.6% (24.5) // 46.2% (27.5) // 42.8% (25.6)",
        "oppScoringAgainst": "41.1% (23.3) // 37.7% (20.2) // 45.5% (23.0) // 41.1% (23.3)",
        "savesPerGame": 28.4,
        "savesPerGameLast1": 32.0,
        "savesPerGameLast3": 28.0,
        "savesPerGameLast5": 26.2,
        "savesPer60": 29.1,
        "savesPer60Last1": 34.7,
        "savesPer60Last3": 28.5,
        "savesPer60Last5": 26.2,
        "shotsPerGame": 30.8,
        "shotsPerGameLast5": 29.6,
        "shotsAgainstPerGame": 31.0,
        "shotsAgainstPerGameLast5": 28.8,
        "oppSavesAgainstPer60": 32.5,
        "oppSavesAgainstPer60Last1": 32.0,
        "oppSavesAgainstPer60Last3": 32.5,
        "oppSavesAgainstPer60Last5": 30.2,
        "oppShotsAgainstPerGame": 26.0,
        "oppShotsAgainstPerGameLast5": 27.8,
        "savesProj": 38.1,
        "savesProjLast5": 32.3,
        "savesProjLast3": 38.5,
        "oppSavesAgainstProj": 32.3,
        "oppSavesAgainstProjLast5": 27.3,
        "oppSavesAgainstProjLast3": 30.3,
        "totalOver": 46,
        "totalOverLast5": 40,
        "totalOverLast15": 33,
        "lastTotalOver": 37,
        "last5": "2,1,3,3,1,0,1,4,1,4",
        "overOdds": "+120",
        "underOdds": "-150",
        "overUnder": "+120 / -150"
    },
    {
        "player": "Sebastian Aho",
        "team": "CAR",
        "opponent": "NYI",
        "propType": "sog",
        "line": 2.5,
        "ppLine": "PP1",
        "avg": 2.9,
        "hit": false,
        "diffAvg": 0.16,
        "diffAbs": 0.08,
        "lastAvg": 2.33,
        "diff": -0.07,
        "avgMin": 19,
        "proj": 2.3,
        "lastAvgMin": 18.95,
        "oppOver": 0,
        "teamOver": 0,
        "gameLine": "-110",
        "+/-": "+9",
        "L5_+/-": "+1.0",
        "prevMatchup": "2023-04-19 4.0 sog 2023-04-17 1.0 sog 2023-04-02 3.0 sog 2023-01-21 3.0 sog 2022-10-28 2.0 sog",
        "winLossSplits": "64% - 43%",
        "awayHome": "A",
        "playedYesterday": "N",
        "awayHomeSplits": "55% - 56%",
        "savesAboveExp": 0.704,
        "gsaa": 35.99,
        "corsi": "59.9% (67.4) // 61.2% (68.8) // 58.7% (67.5) // 59.9% (67.4)",
        "fenwick": "59.1% (50.8) // 60.1% (51.8) // 59.7% (54.0) // 59.1% (50.8)",
        "shots": "57.2% (34.3) // 58.4% (34.4) // 53.8% (32.0) // 57.2% (34.3)",
        "scoring": "58.9% (33.3) // 62.3% (33.3) // 54.5% (27.5) // 58.9% (33.3)",
        "corsiAgainst": "40.1% (45.2) // 38.8% (43.6) // 41.3% (47.5) // 40.1% (45.2)",
        "fenwickAgainst": "40.9% (35.1) // 39.9% (34.4) // 40.3% (36.5) // 40.9% (35.1)",
        "shotsAgainst": "42.8% (25.6) // 41.6% (24.5) // 46.2% (27.5) // 42.8% (25.6)",
        "scoringAgainst": "41.1% (23.3) // 37.7% (20.2) // 45.5% (23.0) // 41.1% (23.3)",
        "oppCorsi": "49.6% (58.7) // 54.1% (65.8) // 59.5% (72.0) // 49.6% (58.7)",
        "oppFenwick": "49.5% (42.7) // 53.4% (47.0) // 63.9% (53.0) // 49.5% (42.7)",
        "oppShots": "49.8% (30.5) // 53.2% (32.4) // 64.8% (35.0) // 49.8% (30.5)",
        "oppScoring": "50.0% (30.4) // 52.7% (31.7) // 65.1% (41.0) // 50.0% (30.4)",
        "oppCorsiAgainst": "50.4% (59.6) // 45.9% (55.9) // 40.5% (49.0) // 50.4% (59.6)",
        "oppFenwickAgainst": "50.5% (43.6) // 46.6% (40.9) // 36.1% (30.0) // 50.5% (43.6)",
        "oppShotsAgainst": "50.2% (30.7) // 46.8% (28.5) // 35.2% (19.0) // 50.2% (30.7)",
        "oppScoringAgainst": "50.0% (30.4) // 47.3% (28.4) // 34.9% (22.0) // 50.0% (30.4)",
        "savesPerGame": 23.4,
        "savesPerGameLast1": 23.0,
        "savesPerGameLast3": 26.0,
        "savesPerGameLast5": 25.4,
        "savesPer60": 24.2,
        "savesPer60Last1": 24.9,
        "savesPer60Last3": 26.7,
        "savesPer60Last5": 25.6,
        "shotsPerGame": 34.8,
        "shotsPerGameLast5": 33.2,
        "shotsAgainstPerGame": 26.0,
        "shotsAgainstPerGameLast5": 27.8,
        "oppSavesAgainstPer60": 28.5,
        "oppSavesAgainstPer60Last1": 23.0,
        "oppSavesAgainstPer60Last3": 26.3,
        "oppSavesAgainstPer60Last5": 26.8,
        "oppShotsAgainstPerGame": 31.0,
        "oppShotsAgainstPerGameLast5": 28.8,
        "savesProj": 23.1,
        "savesProjLast5": 23.6,
        "savesProjLast3": 24.2,
        "oppSavesAgainstProj": 23.5,
        "oppSavesAgainstProjLast5": 23.1,
        "oppSavesAgainstProjLast3": 22.5,
        "totalOver": 56,
        "totalOverLast5": 20,
        "totalOverLast15": 33,
        "lastTotalOver": 52,
        "last5": "4,1,2,1,2,3,1,2,3,2",
        "overOdds": "-130",
        "underOdds": "+100",
        "overUnder": "-130 / +100"
    },
    {
        "player": "Seth Jarvis",
        "team": "CAR",
