[
    {
        "player": "Brad Marchand",
        "team": "BOS",
        "opponent": "PHI",
        "propType": "pts",
        "line": 0.5,
        "ppLine": "PP1",
        "avg": 0.9,
        "hit": false,
        "diffAvg": 0.8,
        "diffAbs": 1.0,
        "lastAvg": 1.04,
        "diff": 1.08,
        "avgMin": 18,
        "proj": 1.0,
        "lastAvgMin": 19.25,
        "oppOver": 0,
        "teamOver": 0,
        "gameLine": "-255",
        "+/-": "+25",
        "L5_+/-": "+2.0",
        "prevMatchup": "2023-01-16 2.0 pts 2022-11-17 0.0 pts",
        "winLossSplits": "67% - 50%",
        "awayHome": "A",
        "playedYesterday": "Y",
        "awayHomeSplits": "60% - 66%",
        "savesAboveExp": -0.431,
        "gsaa": -11.81,
        "corsi": "51.3% (58.0) // 50.6% (58.4) // 52.1% (59.2) // 54.6% (61.2)",
        "fenwick": "51.6% (43.8) // 50.1% (43.9) // 52.9% (45.2) // 53.6% (47.0)",
        "shots": "52.6% (32.5) // 51.9% (32.7) // 53.1% (33.1) // 54.1% (35.8)",
        "scoring": "53.0% (32.3) // 53.9% (33.5) // 52.3% (32.7) // 54.4% (30.4)",
        "corsiAgainst": "48.7% (55.0) // 49.4% (56.9) // 47.9% (54.3) // 45.4% (50.9)",
        "fenwickAgainst": "48.4% (41.1) // 49.9% (43.8) // 47.1% (40.3) // 46.4% (40.7)",
        "shotsAgainst": "47.4% (29.3) // 48.1% (30.2) // 46.9% (29.2) // 45.9% (30.4)",
        "scoringAgainst": "47.0% (28.6) // 46.1% (28.7) // 47.7% (29.8) // 45.6% (25.5)",
        "oppCorsi": "46.7% (53.7) // 47.1% (53.1) // 48.7% (55.9) // 48.4% (55.3)",
        "oppFenwick": "47.6% (40.1) // 47.6% (40.6) // 48.6% (43.0) // 51.6% (43.7)",
        "oppShots": "48.1% (28.9) // 47.0% (27.6) // 47.6% (28.5) // 50.9% (28.7)",
        "oppScoring": "44.7% (25.6) // 44.4% (26.0) // 43.0% (26.4) // 42.5% (25.3)",
        "oppCorsiAgainst": "53.3% (61.3) // 52.9% (59.6) // 51.3% (58.9) // 51.6% (59.0)",
        "oppFenwickAgainst": "52.4% (44.2) // 52.4% (44.6) // 51.4% (45.5) // 48.4% (41.0)",
        "oppShotsAgainst": "51.9% (31.1) // 53.0% (31.2) // 52.4% (31.4) // 49.1% (27.7)",
        "oppScoringAgainst": "55.3% (31.6) // 55.6% (32.6) // 57.0% (35.0) // 57.5% (34.3)",
        "savesPerGame": 27.6,
        "savesPerGameLast1": 29.0,
        "savesPerGameLast3": 31.7,
        "savesPerGameLast5": 28.2,
        "savesPer60": 27.8,
        "savesPer60Last1": 29.0,
        "savesPer60Last3": 32.9,
        "savesPer60Last5": 28.9,
        "shotsPerGame": 33.0,
        "shotsPerGameLast5": 34.0,
        "shotsAgainstPerGame": 29.7,
        "shotsAgainstPerGameLast5": 30.0,
        "oppSavesAgainstPer60": 26.2,
        "oppSavesAgainstPer60Last1": 26.9,
        "oppSavesAgainstPer60Last3": 27.6,
        "oppSavesAgainstPer60Last5": 31.0,
        "oppShotsAgainstPerGame": 31.4,
        "oppShotsAgainstPerGameLast5": 28.6,
        "savesProj": 26.9,
        "savesProjLast5": 32.2,
        "savesProjLast3": 33.1,
        "oppSavesAgainstProj": 25.5,
        "oppSavesAgainstProjLast5": 31.0,
        "oppSavesAgainstProjLast3": 31.1,
        "totalOver": 63,
        "totalOverLast5": 0,
        "totalOverLast15": 33,
        "lastTotalOver": 68,
        "last5": "0,0,0,0,0,0,1,0,1,2",
        "overOdds": "-175",
        "underOdds": "+140",
        "overUnder": "-175 / +140"
    },
    {
        "player": "David Pastrnak",
        "team": "BOS",
        "opponent": "PHI",
        "propType": "pts",
        "line": 1.5,
        "ppLine": "PP1",
        "avg": 1.32,
        "hit": false,
        "diffAvg": -0.12,
        "diffAbs": 0.33,
        "lastAvg": 0.97,
        "diff": -0.35,
        "avgMin": 19,
        "proj": 1.0,
        "lastAvgMin": 18.6,
        "oppOver": 0,
        "teamOver": 0,
        "gameLine": "-255",
        "+/-": "+32",
        "L5_+/-": "+1.0",
        "prevMatchup": "2023-01-16 3.0 pts 2022-11-17 1.0 pts",
        "winLossSplits": "42% - 24%",
        "awayHome": "A",
        "playedYesterday": "Y",
        "awayHomeSplits": "33% - 42%",
        "savesAboveExp": -0.431,
        "gsaa": -11.81,
        "corsi": "51.3% (58.0) // 50.6% (58.4) // 52.1% (59.2) // 54.6% (61.2)",
        "fenwick": "51.6% (43.8) // 50.1% (43.9) // 52.9% (45.2) // 53.6% (47.0)",
        "shots": "52.6% (32.5) // 51.9% (32.7) // 53.1% (33.1) // 54.1% (35.8)",
        "scoring": "53.0% (32.3) // 53.9% (33.5) // 52.3% (32.7) // 54.4% (30.4)",
        "corsiAgainst": "48.7% (55.0) // 49.4% (56.9) // 47.9% (54.3) // 45.4% (50.9)",
        "fenwickAgainst": "48.4% (41.1) // 49.9% (43.8) // 47.1% (40.3) // 46.4% (40.7)",
        "shotsAgainst": "47.4% (29.3) // 48.1% (30.2) // 46.9% (29.2) // 45.9% (30.4)",
        "scoringAgainst": "47.0% (28.6) // 46.1% (28.7) // 47.7% (29.8) // 45.6% (25.5)",
        "oppCorsi": "46.7% (53.7) // 47.1% (53.1) // 48.7% (55.9) // 48.4% (55.3)",
        "oppFenwick": "47.6% (40.1) // 47.6% (40.6) // 48.6% (43.0) // 51.6% (43.7)",
        "oppShots": "48.1% (28.9) // 47.0% (27.6) // 47.6% (28.5) // 50.9% (28.7)",
        "oppScoring": "44.7% (25.6) // 44.4% (26.0) // 43.0% (26.4) // 42.5% (25.3)",
        "oppCorsiAgainst": "53.3% (61.3) // 52.9% (59.6) // 51.3% (58.9) // 51.6% (59.0)",
        "oppFenwickAgainst": "52.4% (44.2) // 52.4% (44.6) // 51.4% (45.5) // 48.4% (41.0)",
        "oppShotsAgainst": "51.9% (31.1) // 53.0% (31.2) // 52.4% (31.4) // 49.1% (27.7)",
        "oppScoringAgainst": "55.3% (31.6) // 55.6% (32.6) // 57.0% (35.0) // 57.5% (34.3)",
        "savesPerGame": 27.6,
        "savesPerGameLast1": 29.0,
        "savesPerGameLast3": 31.7,
        "savesPerGameLast5": 28.2,
        "savesPer60": 27.8,
        "savesPer60Last1": 29.0,
        "savesPer60Last3": 32.9,
        "savesPer60Last5": 28.9,
        "shotsPerGame": 33.0,
        "shotsPerGameLast5": 34.0,
        "shotsAgainstPerGame": 29.7,
        "shotsAgainstPerGameLast5": 30.0,
        "oppSavesAgainstPer60": 26.2,
        "oppSavesAgainstPer60Last1": 26.9,
        "oppSavesAgainstPer60Last3": 27.6,
        "oppSavesAgainstPer60Last5": 31.0,
        "oppShotsAgainstPerGame": 31.4,
        "oppShotsAgainstPerGameLast5": 28.6,
        "savesProj": 26.9,
        "savesProjLast5": 32.2,
        "savesProjLast3": 33.1,
        "oppSavesAgainstProj": 25.5,
        "oppSavesAgainstProjLast5": 31.0,
        "oppSavesAgainstProjLast3": 31.1,
        "totalOver": 38,
        "totalOverLast5": 20,
        "totalOverLast15": 27,
        "lastTotalOver": 31,
        "last5": "1,1,1,3,1,1,2,0,2,0",
        "overOdds": "+140",
        "underOdds": "-175",
        "overUnder": "+140 / -175"
    },
    {
        "player": "Jake Debrusk",
        "team": "BOS",
        "opponent": "PHI",
        "propType": "pts",
        "line": 0.5,
        "ppLine": "PP1",
        "avg": 0.79,
        "hit": false,
        "diffAvg": 0.58,
        "diffAbs": 0.0,
        "lastAvg": 0.5,
        "diff": 0.0,
        "avgMin": 16,
        "proj": 0.5,
        "lastAvgMin": 15.03,
        "oppOver": 0,
        "teamOver": 0,
        "gameLine": "-255",
        "+/-": "+24",
        "L5_+/-": "+2.0",
        "prevMatchup": "2022-11-17 1.0 pts",
        "winLossSplits": "57% - 58%",
        "awayHome": "A",
        "playedYesterday": "Y",
        "awayHomeSplits": "70% - 47%",
        "savesAboveExp": -0.431,
        "gsaa": -11.81,
        "corsi": "51.3% (58.0) // 50.6% (58.4) // 52.1% (59.2) // 54.6% (61.2)",
        "fenwick": "51.6% (43.8) // 50.1% (43.9) // 52.9% (45.2) // 53.6% (47.0)",
        "shots": "52.6% (32.5) // 51.9% (32.7) // 53.1% (33.1) // 54.1% (35.8)",
        "scoring": "53.0% (32.3) // 53.9% (33.5) // 52.3% (32.7) // 54.4% (30.4)",
        "corsiAgainst": "48.7% (55.0) // 49.4% (56.9) // 47.9% (54.3) // 45.4% (50.9)",
        "fenwickAgainst": "48.4% (41.1) // 49.9% (43.8) // 47.1% (40.3) // 46.4% (40.7)",
        "shotsAgainst": "47.4% (29.3) // 48.1% (30.2) // 46.9% (29.2) // 45.9% (30.4)",
        "scoringAgainst": "47.0% (28.6) // 46.1% (28.7) // 47.7% (29.8) // 45.6% (25.5)",
        "oppCorsi": "46.7% (53.7) // 47.1% (53.1) // 48.7% (55.9) // 48.4% (55.3)",
        "oppFenwick": "47.6% (40.1) // 47.6% (40.6) // 48.6% (43.0) // 51.6% (43.7)",
        "oppShots": "48.1% (28.9) // 47.0% (27.6) // 47.6% (28.5) // 50.9% (28.7)",
        "oppScoring": "44.7% (25.6) // 44.4% (26.0) // 43.0% (26.4) // 42.5% (25.3)",
        "oppCorsiAgainst": "53.3% (61.3) // 52.9% (59.6) // 51.3% (58.9) // 51.6% (59.0)",
        "oppFenwickAgainst": "52.4% (44.2) // 52.4% (44.6) // 51.4% (45.5) // 48.4% (41.0)",
        "oppShotsAgainst": "51.9% (31.1) // 53.0% (31.2) // 52.4% (31.4) // 49.1% (27.7)",
        "oppScoringAgainst": "55.3% (31.6) // 55.6% (32.6) // 57.0% (35.0) // 57.5% (34.3)",
        "savesPerGame": 27.6,
        "savesPerGameLast1": 29.0,
        "savesPerGameLast3": 31.7,
        "savesPerGameLast5": 28.2,
        "savesPer60": 27.8,
        "savesPer60Last1": 29.0,
        "savesPer60Last3": 32.9,
        "savesPer60Last5": 28.9,
        "shotsPerGame": 33.0,
        "shotsPerGameLast5": 34.0,
        "shotsAgainstPerGame": 29.7,
        "shotsAgainstPerGameLast5": 30.0,
        "oppSavesAgainstPer60": 26.2,
        "oppSavesAgainstPer60Last1": 26.9,
        "oppSavesAgainstPer60Last3": 27.6,
        "oppSavesAgainstPer60Last5": 31.0,
        "oppShotsAgainstPerGame": 31.4,
        "oppShotsAgainstPerGameLast5": 28.6,
        "savesProj": 26.9,
        "savesProjLast5": 32.2,
        "savesProjLast3": 33.1,
        "oppSavesAgainstProj": 25.5,
        "oppSavesAgainstProjLast5": 31.0,
        "oppSavesAgainstProjLast3": 31.1,
        "totalOver": 57,
        "totalOverLast5": 20,
        "totalOverLast15": 40,
        "lastTotalOver": 40,
        "last5": "0,0,1,0,0,1,0,0,1,1",
        "overOdds": "-130",
        "underOdds": "+100",
        "overUnder": "-130 / +100"
    },
    {
        "player": "Kevin Hayes",
        "team": "PHI",
        "opponent": "BOS",
        "propType": "pts",
        "line": 0.5,
        "ppLine": "PP2",
        "avg": 0.69,
        "hit": false,
        "diffAvg": 0.38,
        "diffAbs": 0.2,
        "lastAvg": 0.65,
        "diff": 0.3,
        "avgMin": 17,
        "proj": 0.6,
        "lastAvgMin": 17.92,
        "oppOver": 0,
        "teamOver": 0,
        "gameLine": "+215",
        "+/-": -21,
        "L5_+/-": -4.0,
        "prevMatchup": "2023-01-16 0.0 pts 2022-11-17 1.0 pts",
        "winLossSplits": "61% - 43%",
        "awayHome": "H",
        "playedYesterday": "Y",
        "awayHomeSplits": "45% - 54%",
        "savesAboveExp": 0.19,
        "gsaa": 14.92,
        "corsi": "46.7% (53.7) // 47.1% (53.1) // 48.7% (55.9) // 48.4% (55.3)",
        "fenwick": "47.6% (40.1) // 47.6% (40.6) // 48.6% (43.0) // 51.6% (43.7)",
        "shots": "48.1% (28.9) // 47.0% (27.6) // 47.6% (28.5) // 50.9% (28.7)",
        "scoring": "44.7% (25.6) // 44.4% (26.0) // 43.0% (26.4) // 42.5% (25.3)",
        "corsiAgainst": "53.3% (61.3) // 52.9% (59.6) // 51.3% (58.9) // 51.6% (59.0)",
        "fenwickAgainst": "52.4% (44.2) // 52.4% (44.6) // 51.4% (45.5) // 48.4% (41.0)",
        "shotsAgainst": "51.9% (31.1) // 53.0% (31.2) // 52.4% (31.4) // 49.1% (27.7)",
        "scoringAgainst": "55.3% (31.6) // 55.6% (32.6) // 57.0% (35.0) // 57.5% (34.3)",
        "oppCorsi": "51.3% (58.0) // 50.6% (58.4) // 52.1% (59.2) // 54.6% (61.2)",
        "oppFenwick": "51.6% (43.8) // 50.1% (43.9) // 52.9% (45.2) // 53.6% (47.0)",
        "oppShots": "52.6% (32.5) // 51.9% (32.7) // 53.1% (33.1) // 54.1% (35.8)",
        "oppScoring": "53.0% (32.3) // 53.9% (33.5) // 52.3% (32.7) // 54.4% (30.4)",
        "oppCorsiAgainst": "48.7% (55.0) // 49.4% (56.9) // 47.9% (54.3) // 45.4% (50.9)",
        "oppFenwickAgainst": "48.4% (41.1) // 49.9% (43.8) // 47.1% (40.3) // 46.4% (40.7)",
        "oppShotsAgainst": "47.4% (29.3) // 48.1% (30.2) // 46.9% (29.2) // 45.9% (30.4)",
        "oppScoringAgainst": "47.0% (28.6) // 46.1% (28.7) // 47.7% (29.8) // 45.6% (25.5)",
        "savesPerGame": 28.1,
        "savesPerGameLast1": 17.0,
        "savesPerGameLast3": 23.7,
        "savesPerGameLast5": 24.2,
        "savesPer60": 27.5,
        "savesPer60Last1": 17.0,
        "savesPer60Last3": 23.5,
        "savesPer60Last5": 23.9,
        "shotsPerGame": 29.2,
        "shotsPerGameLast5": 32.2,
        "shotsAgainstPerGame": 31.4,
        "shotsAgainstPerGameLast5": 28.6,
        "oppSavesAgainstPer60": 29.3,
        "oppSavesAgainstPer60Last1": 38.0,
        "oppSavesAgainstPer60Last3": 33.2,
        "oppSavesAgainstPer60Last5": 31.9,
        "oppShotsAgainstPerGame": 29.7,
        "oppShotsAgainstPerGameLast5": 30.0,
        "savesProj": 29.0,
        "savesProjLast5": 27.0,
        "savesProjLast3": 27.3,
        "oppSavesAgainstProj": 28.7,
        "oppSavesAgainstProjLast5": 27.4,
        "oppSavesAgainstProjLast3": 29.1,
        "totalOver": 49,
        "totalOverLast5": 20,
        "totalOverLast15": 20,
        "lastTotalOver": 51,
        "last5": "0,1,0,0,0,1,0,0,0,0",
        "overOdds": "+125",
        "underOdds": "-155",
        "overUnder": "+125 / -155"
    },
    {
        "player": "Morgan Frost",
        "team": "PHI",
        "opponent": "BOS",
        "propType": "pts",
        "line": 0.5,
        "ppLine": "PP1",
        "avg": 0.53,
        "hit": false,
        "diffAvg": 0.06,
        "diffAbs": 0.4,
        "lastAvg": 0.29,
        "diff": -0.42,
        "avgMin": 16,
        "proj": 0.3,
        "lastAvgMin": 13.92,
        "oppOver": 0,
        "teamOver": 0,
        "gameLine": "+215",
        "+/-": -14,
        "L5_+/-": "+1.0",
        "prevMatchup": "2023-01-16 0.0 pts 2022-11-17 0.0 pts",
        "winLossSplits": "39% - 39%",
        "awayHome": "H",
        "playedYesterday": "Y",
        "awayHomeSplits": "36% - 42%",
        "savesAboveExp": 0.19,
        "gsaa": 14.92,
        "corsi": "46.7% (53.7) // 47.1% (53.1) // 48.7% (55.9) // 48.4% (55.3)",
        "fenwick": "47.6% (40.1) // 47.6% (40.6) // 48.6% (43.0) // 51.6% (43.7)",
        "shots": "48.1% (28.9) // 47.0% (27.6) // 47.6% (28.5) // 50.9% (28.7)",
        "scoring": "44.7% (25.6) // 44.4% (26.0) // 43.0% (26.4) // 42.5% (25.3)",
        "corsiAgainst": "53.3% (61.3) // 52.9% (59.6) // 51.3% (58.9) // 51.6% (59.0)",
        "fenwickAgainst": "52.4% (44.2) // 52.4% (44.6) // 51.4% (45.5) // 48.4% (41.0)",
        "shotsAgainst": "51.9% (31.1) // 53.0% (31.2) // 52.4% (31.4) // 49.1% (27.7)",
        "scoringAgainst": "55.3% (31.6) // 55.6% (32.6) // 57.0% (35.0) // 57.5% (34.3)",
        "oppCorsi": "51.3% (58.0) // 50.6% (58.4) // 52.1% (59.2) // 54.6% (61.2)",
        "oppFenwick": "51.6% (43.8) // 50.1% (43.9) // 52.9% (45.2) // 53.6% (47.0)",
        "oppShots": "52.6% (32.5) // 51.9% (32.7) // 53.1% (33.1) // 54.1% (35.8)",
        "oppScoring": "53.0% (32.3) // 53.9% (33.5) // 52.3% (32.7) // 54.4% (30.4)",
        "oppCorsiAgainst": "48.7% (55.0) // 49.4% (56.9) // 47.9% (54.3) // 45.4% (50.9)",
        "oppFenwickAgainst": "48.4% (41.1) // 49.9% (43.8) // 47.1% (40.3) // 46.4% (40.7)",
        "oppShotsAgainst": "47.4% (29.3) // 48.1% (30.2) // 46.9% (29.2) // 45.9% (30.4)",
        "oppScoringAgainst": "47.0% (28.6) // 46.1% (28.7) // 47.7% (29.8) // 45.6% (25.5)",
        "savesPerGame": 28.1,
        "savesPerGameLast1": 17.0,
        "savesPerGameLast3": 23.7,
        "savesPerGameLast5": 24.2,
        "savesPer60": 27.5,
        "savesPer60Last1": 17.0,
        "savesPer60Last3": 23.5,
        "savesPer60Last5": 23.9,
        "shotsPerGame": 29.2,
        "shotsPerGameLast5": 32.2,
        "shotsAgainstPerGame": 31.4,
        "shotsAgainstPerGameLast5": 28.6,
        "oppSavesAgainstPer60": 29.3,
        "oppSavesAgainstPer60Last1": 38.0,
        "oppSavesAgainstPer60Last3": 33.2,
        "oppSavesAgainstPer60Last5": 31.9,
        "oppShotsAgainstPerGame": 29.7,
        "oppShotsAgainstPerGameLast5": 30.0,
        "savesProj": 29.0,
        "savesProjLast5": 27.0,
        "savesProjLast3": 27.3,
        "oppSavesAgainstProj": 28.7,
        "oppSavesAgainstProjLast5": 27.4,
        "oppSavesAgainstProjLast3": 29.1,
        "totalOver": 39,
        "totalOverLast5": 60,
        "totalOverLast15": 53,
        "lastTotalOver": 28,
        "last5": "0,0,1,1,2,1,0,1,2,2",
        "overOdds": "+110",
        "underOdds": "-140",
        "overUnder": "+110 / -140"
    },
    {
        "player": "Owen Tippett",
        "team": "PHI",
        "opponent": "BOS",
        "propType": "pts",
        "line": 0.5,
        "ppLine": "PP1",
        "avg": 0.58,
        "hit": false,
        "diffAvg": 0.16,
        "diffAbs": 0.2,
        "lastAvg": 0.33,
        "diff": -0.34,
        "avgMin": 17,
        "proj": 0.4,
        "lastAvgMin": 13.42,
        "oppOver": 0,
        "teamOver": 0,
        "gameLine": "+215",
        "+/-": -14,
        "L5_+/-": "+1.0",
        "prevMatchup": "2023-01-16 0.0 pts 2022-11-17 1.0 pts",
        "winLossSplits": "48% - 38%",
        "awayHome": "H",
        "playedYesterday": "Y",
        "awayHomeSplits": "35% - 47%",
        "savesAboveExp": 0.19,
        "gsaa": 14.92,
        "corsi": "46.7% (53.7) // 47.1% (53.1) // 48.7% (55.9) // 48.4% (55.3)",
        "fenwick": "47.6% (40.1) // 47.6% (40.6) // 48.6% (43.0) // 51.6% (43.7)",
        "shots": "48.1% (28.9) // 47.0% (27.6) // 47.6% (28.5) // 50.9% (28.7)",
        "scoring": "44.7% (25.6) // 44.4% (26.0) // 43.0% (26.4) // 42.5% (25.3)",
        "corsiAgainst": "53.3% (61.3) // 52.9% (59.6) // 51.3% (58.9) // 51.6% (59.0)",
        "fenwickAgainst": "52.4% (44.2) // 52.4% (44.6) // 51.4% (45.5) // 48.4% (41.0)",
        "shotsAgainst": "51.9% (31.1) // 53.0% (31.2) // 52.4% (31.4) // 49.1% (27.7)",
        "scoringAgainst": "55.3% (31.6) // 55.6% (32.6) // 57.0% (35.0) // 57.5% (34.3)",
        "oppCorsi": "51.3% (58.0) // 50.6% (58.4) // 52.1% (59.2) // 54.6% (61.2)",
        "oppFenwick": "51.6% (43.8) // 50.1% (43.9) // 52.9% (45.2) // 53.6% (47.0)",
        "oppShots": "52.6% (32.5) // 51.9% (32.7) // 53.1% (33.1) // 54.1% (35.8)",
        "oppScoring": "53.0% (32.3) // 53.9% (33.5) // 52.3% (32.7) // 54.4% (30.4)",
        "oppCorsiAgainst": "48.7% (55.0) // 49.4% (56.9) // 47.9% (54.3) // 45.4% (50.9)",
        "oppFenwickAgainst": "48.4% (41.1) // 49.9% (43.8) // 47.1% (40.3) // 46.4% (40.7)",
        "oppShotsAgainst": "47.4% (29.3) // 48.1% (30.2) // 46.9% (29.2) // 45.9% (30.4)",
        "oppScoringAgainst": "47.0% (28.6) // 46.1% (28.7) // 47.7% (29.8) // 45.6% (25.5)",
        "savesPerGame": 28.1,
        "savesPerGameLast1": 17.0,
        "savesPerGameLast3": 23.7,
        "savesPerGameLast5": 24.2,
        "savesPer60": 27.5,
        "savesPer60Last1": 17.0,
        "savesPer60Last3": 23.5,
        "savesPer60Last5": 23.9,
        "shotsPerGame": 29.2,
        "shotsPerGameLast5": 32.2,
        "shotsAgainstPerGame": 31.4,
        "shotsAgainstPerGameLast5": 28.6,
        "oppSavesAgainstPer60": 29.3,
        "oppSavesAgainstPer60Last1": 38.0,
        "oppSavesAgainstPer60Last3": 33.2,
        "oppSavesAgainstPer60Last5": 31.9,
        "oppShotsAgainstPerGame": 29.7,
        "oppShotsAgainstPerGameLast5": 30.0,
        "savesProj": 29.0,
        "savesProjLast5": 27.0,
        "savesProjLast3": 27.3,
        "oppSavesAgainstProj": 28.7,
        "oppSavesAgainstProjLast5": 27.4,
        "oppSavesAgainstProjLast3": 29.1,
        "totalOver": 41,
        "totalOverLast5": 20,
        "totalOverLast15": 33,
        "lastTotalOver": 30,
        "last5": "0,1,0,0,0,1,1,0,0,2",
        "overOdds": "-125",
        "underOdds": "-105",
        "overUnder": "-125 / -105"
    },
    {
        "player": "Patrice Bergeron",
        "team": "BOS",
        "opponent": "PHI",
        "propType": "pts",
        "line": 0.5,
        "ppLine": "PP1",
        "avg": 0.75,
        "hit": false,
        "diffAvg": 0.5,
        "diffAbs": 0.6,
        "lastAvg": 0.8,
        "diff": 0.6,
        "avgMin": 17,
        "proj": 0.8,
        "lastAvgMin": 18.17,
        "oppOver": 0,
        "teamOver": 0,
        "gameLine": "-255",
        "+/-": "+33",
        "L5_+/-": "+7.0",
        "prevMatchup": "2023-01-16 1.0 pts 2022-11-17 0.0 pts",
        "winLossSplits": "64% - 24%",
        "awayHome": "A",
        "playedYesterday": "Y",
        "awayHomeSplits": "56% - 55%",
        "savesAboveExp": -0.431,
        "gsaa": -11.81,
        "corsi": "51.3% (58.0) // 50.6% (58.4) // 52.1% (59.2) // 54.6% (61.2)",
        "fenwick": "51.6% (43.8) // 50.1% (43.9) // 52.9% (45.2) // 53.6% (47.0)",
        "shots": "52.6% (32.5) // 51.9% (32.7) // 53.1% (33.1) // 54.1% (35.8)",
        "scoring": "53.0% (32.3) // 53.9% (33.5) // 52.3% (32.7) // 54.4% (30.4)",
        "corsiAgainst": "48.7% (55.0) // 49.4% (56.9) // 47.9% (54.3) // 45.4% (50.9)",
        "fenwickAgainst": "48.4% (41.1) // 49.9% (43.8) // 47.1% (40.3) // 46.4% (40.7)",
        "shotsAgainst": "47.4% (29.3) // 48.1% (30.2) // 46.9% (29.2) // 45.9% (30.4)",
        "scoringAgainst": "47.0% (28.6) // 46.1% (28.7) // 47.7% (29.8) // 45.6% (25.5)",
        "oppCorsi": "46.7% (53.7) // 47.1% (53.1) // 48.7% (55.9) // 48.4% (55.3)",
        "oppFenwick": "47.6% (40.1) // 47.6% (40.6) // 48.6% (43.0) // 51.6% (43.7)",
        "oppShots": "48.1% (28.9) // 47.0% (27.6) // 47.6% (28.5) // 50.9% (28.7)",
        "oppScoring": "44.7% (25.6) // 44.4% (26.0) // 43.0% (26.4) // 42.5% (25.3)",
        "oppCorsiAgainst": "53.3% (61.3) // 52.9% (59.6) // 51.3% (58.9) // 51.6% (59.0)",
        "oppFenwickAgainst": "52.4% (44.2) // 52.4% (44.6) // 51.4% (45.5) // 48.4% (41.0)",
        "oppShotsAgainst": "51.9% (31.1) // 53.0% (31.2) // 52.4% (31.4) // 49.1% (27.7)",
        "oppScoringAgainst": "55.3% (31.6) // 55.6% (32.6) // 57.0% (35.0) // 57.5% (34.3)",
        "savesPerGame": 27.6,
        "savesPerGameLast1": 29.0,
        "savesPerGameLast3": 31.7,
        "savesPerGameLast5": 28.2,
        "savesPer60": 27.8,
        "savesPer60Last1": 29.0,
        "savesPer60Last3": 32.9,
        "savesPer60Last5": 28.9,
        "shotsPerGame": 33.0,
        "shotsPerGameLast5": 34.0,
        "shotsAgainstPerGame": 29.7,
        "shotsAgainstPerGameLast5": 30.0,
        "oppSavesAgainstPer60": 26.2,
        "oppSavesAgainstPer60Last1": 26.9,
        "oppSavesAgainstPer60Last3": 27.6,
        "oppSavesAgainstPer60Last5": 31.0,
        "oppShotsAgainstPerGame": 31.4,
        "oppShotsAgainstPerGameLast5": 28.6,
        "savesProj": 26.9,
        "savesProjLast5": 32.2,
        "savesProjLast3": 33.1,
        "oppSavesAgainstProj": 25.5,
        "oppSavesAgainstProjLast5": 31.0,
        "oppSavesAgainstProjLast3": 31.1,
        "totalOver": 55,
        "totalOverLast5": 20,
        "totalOverLast15": 40,
        "lastTotalOver": 57,
        "last5": "0,0,0,0,1,1,1,3,2,0",
        "overOdds": "-145",
        "underOdds": "+115",
        "overUnder": "-145 / +115"
    },
    {
        "player": "Travis Konecny",
        "team": "PHI",
        "opponent": "BOS",
        "propType": "pts",
        "line": 0.5,
        "ppLine": "PP1",
        "avg": 0.98,
        "hit": false,
        "diffAvg": 0.96,
        "diffAbs": 0.4,
        "lastAvg": 0.66,
        "diff": 0.32,
        "avgMin": 20,
        "proj": 0.7,
        "lastAvgMin": 17.6,
        "oppOver": 0,
        "teamOver": 0,
        "gameLine": "+215",
        "+/-": -14,
        "L5_+/-": -6.0,
        "prevMatchup": "2023-01-16 0.0 pts 2022-11-17 0.0 pts",
        "winLossSplits": "77% - 54%",
        "awayHome": "H",
        "playedYesterday": "Y",
        "awayHomeSplits": "61% - 65%",
        "savesAboveExp": 0.19,
        "gsaa": 14.92,
        "corsi": "46.7% (53.7) // 47.1% (53.1) // 48.7% (55.9) // 48.4% (55.3)",
        "fenwick": "47.6% (40.1) // 47.6% (40.6) // 48.6% (43.0) // 51.6% (43.7)",
        "shots": "48.1% (28.9) // 47.0% (27.6) // 47.6% (28.5) // 50.9% (28.7)",
        "scoring": "44.7% (25.6) // 44.4% (26.0) // 43.0% (26.4) // 42.5% (25.3)",
        "corsiAgainst": "53.3% (61.3) // 52.9% (59.6) // 51.3% (58.9) // 51.6% (59.0)",
        "fenwickAgainst": "52.4% (44.2) // 52.4% (44.6) // 51.4% (45.5) // 48.4% (41.0)",
        "shotsAgainst": "51.9% (31.1) // 53.0% (31.2) // 52.4% (31.4) // 49.1% (27.7)",
        "scoringAgainst": "55.3% (31.6) // 55.6% (32.6) // 57.0% (35.0) // 57.5% (34.3)",
        "oppCorsi": "51.3% (58.0) // 50.6% (58.4) // 52.1% (59.2) // 54.6% (61.2)",
        "oppFenwick": "51.6% (43.8) // 50.1% (43.9) // 52.9% (45.2) // 53.6% (47.0)",
        "oppShots": "52.6% (32.5) // 51.9% (32.7) // 53.1% (33.1) // 54.1% (35.8)",
        "oppScoring": "53.0% (32.3) // 53.9% (33.5) // 52.3% (32.7) // 54.4% (30.4)",
        "oppCorsiAgainst": "48.7% (55.0) // 49.4% (56.9) // 47.9% (54.3) // 45.4% (50.9)",
        "oppFenwickAgainst": "48.4% (41.1) // 49.9% (43.8) // 47.1% (40.3) // 46.4% (40.7)",
        "oppShotsAgainst": "47.4% (29.3) // 48.1% (30.2) // 46.9% (29.2) // 45.9% (30.4)",
        "oppScoringAgainst": "47.0% (28.6) // 46.1% (28.7) // 47.7% (29.8) // 45.6% (25.5)",
        "savesPerGame": 28.1,
        "savesPerGameLast1": 17.0,
        "savesPerGameLast3": 23.7,
        "savesPerGameLast5": 24.2,
        "savesPer60": 27.5,
        "savesPer60Last1": 17.0,
        "savesPer60Last3": 23.5,
        "savesPer60Last5": 23.9,
        "shotsPerGame": 29.2,
        "shotsPerGameLast5": 32.2,
        "shotsAgainstPerGame": 31.4,
        "shotsAgainstPerGameLast5": 28.6,
        "oppSavesAgainstPer60": 29.3,
        "oppSavesAgainstPer60Last1": 38.0,
        "oppSavesAgainstPer60Last3": 33.2,
        "oppSavesAgainstPer60Last5": 31.9,
        "oppShotsAgainstPerGame": 29.7,
        "oppShotsAgainstPerGameLast5": 30.0,
        "savesProj": 29.0,
        "savesProjLast5": 27.0,
        "savesProjLast3": 27.3,
        "oppSavesAgainstProj": 28.7,
        "oppSavesAgainstProjLast5": 27.4,
        "oppSavesAgainstProjLast3": 29.1,
        "totalOver": 63,
        "totalOverLast5": 40,
        "totalOverLast15": 33,
        "lastTotalOver": 56,
        "last5": "0,0,0,1,1,2,1,2,0,0",
        "overOdds": "-155",
        "underOdds": "+125",
        "overUnder": "-155 / +125"
    },
    {
        "player": "Hampus Lindholm",
        "team": "BOS",
        "opponent": "PHI",
        "propType": "pts",
        "line": 0.5,
        "ppLine": "PP1",
        "avg": 0.68,
        "hit": false,
        "diffAvg": 0.36,
        "diffAbs": 0.2,
        "lastAvg": 0.36,
        "diff": -0.28,
        "avgMin": 23,
        "proj": 0.4,
        "lastAvgMin": 22.5,
        "oppOver": 0,
        "teamOver": 0,
        "gameLine": "-255",
        "+/-": "+45",
        "L5_+/-": "+5.0",
        "prevMatchup": "2023-01-16 1.0 pts 2022-11-17 1.0 pts",
        "winLossSplits": "54% - 31%",
        "awayHome": "A",
        "playedYesterday": "Y",
        "awayHomeSplits": "49% - 50%",
        "savesAboveExp": -0.431,
        "gsaa": -11.81,
        "corsi": "51.3% (58.0) // 50.6% (58.4) // 52.1% (59.2) // 54.6% (61.2)",
        "fenwick": "51.6% (43.8) // 50.1% (43.9) // 52.9% (45.2) // 53.6% (47.0)",
        "shots": "52.6% (32.5) // 51.9% (32.7) // 53.1% (33.1) // 54.1% (35.8)",
        "scoring": "53.0% (32.3) // 53.9% (33.5) // 52.3% (32.7) // 54.4% (30.4)",
        "corsiAgainst": "48.7% (55.0) // 49.4% (56.9) // 47.9% (54.3) // 45.4% (50.9)",
        "fenwickAgainst": "48.4% (41.1) // 49.9% (43.8) // 47.1% (40.3) // 46.4% (40.7)",
        "shotsAgainst": "47.4% (29.3) // 48.1% (30.2) // 46.9% (29.2) // 45.9% (30.4)",
        "scoringAgainst": "47.0% (28.6) // 46.1% (28.7) // 47.7% (29.8) // 45.6% (25.5)",
        "oppCorsi": "46.7% (53.7) // 47.1% (53.1) // 48.7% (55.9) // 48.4% (55.3)",
        "oppFenwick": "47.6% (40.1) // 47.6% (40.6) // 48.6% (43.0) // 51.6% (43.7)",
        "oppShots": "48.1% (28.9) // 47.0% (27.6) // 47.6% (28.5) // 50.9% (28.7)",
        "oppScoring": "44.7% (25.6) // 44.4% (26.0) // 43.0% (26.4) // 42.5% (25.3)",
        "oppCorsiAgainst": "53.3% (61.3) // 52.9% (59.6) // 51.3% (58.9) // 51.6% (59.0)",
        "oppFenwickAgainst": "52.4% (44.2) // 52.4% (44.6) // 51.4% (45.5) // 48.4% (41.0)",
        "oppShotsAgainst": "51.9% (31.1) // 53.0% (31.2) // 52.4% (31.4) // 49.1% (27.7)",
        "oppScoringAgainst": "55.3% (31.6) // 55.6% (32.6) // 57.0% (35.0) // 57.5% (34.3)",
        "savesPerGame": 27.6,
        "savesPerGameLast1": 29.0,
        "savesPerGameLast3": 31.7,
        "savesPerGameLast5": 28.2,
        "savesPer60": 27.8,
        "savesPer60Last1": 29.0,
        "savesPer60Last3": 32.9,
        "savesPer60Last5": 28.9,
        "shotsPerGame": 33.0,
        "shotsPerGameLast5": 34.0,
        "shotsAgainstPerGame": 29.7,
        "shotsAgainstPerGameLast5": 30.0,
        "oppSavesAgainstPer60": 26.2,
        "oppSavesAgainstPer60Last1": 26.9,
        "oppSavesAgainstPer60Last3": 27.6,
        "oppSavesAgainstPer60Last5": 31.0,
        "oppShotsAgainstPerGame": 31.4,
        "oppShotsAgainstPerGameLast5": 28.6,
        "savesProj": 26.9,
        "savesProjLast5": 32.2,
        "savesProjLast3": 33.1,
        "oppSavesAgainstProj": 25.5,
        "oppSavesAgainstProjLast5": 31.0,
        "oppSavesAgainstProjLast3": 31.1,
        "totalOver": 49,
        "totalOverLast5": 60,
        "totalOverLast15": 60,
        "lastTotalOver": 31,
        "last5": "1,0,1,0,1,0,1,0,2,1",
        "overOdds": "-115",
        "underOdds": "-115",
        "overUnder": "-115 / -115"
    },
    {
        "player": "Joel Farabee",
        "team": "PHI",
        "opponent": "BOS",
        "propType": "pts",
        "line": 0.5,
        "ppLine": "PP2",
        "avg": 0.46,
        "hit": false,
        "diffAvg": -0.08,
        "diffAbs": 0.0,
        "lastAvg": 0.54,
        "diff": 0.08,
        "avgMin": 16,
        "proj": 0.5,
        "lastAvgMin": 17.58,
        "oppOver": 0,
        "teamOver": 0,
        "gameLine": "+215",
        "+/-": -2,
        "L5_+/-": 0.0,
        "prevMatchup": "2023-01-16 0.0 pts 2022-11-17 0.0 pts",
        "winLossSplits": "50% - 30%",
        "awayHome": "H",
        "playedYesterday": "Y",
        "awayHomeSplits": "35% - 39%",
        "savesAboveExp": 0.19,
        "gsaa": 14.92,
        "corsi": "46.7% (53.7) // 47.1% (53.1) // 48.7% (55.9) // 48.4% (55.3)",
        "fenwick": "47.6% (40.1) // 47.6% (40.6) // 48.6% (43.0) // 51.6% (43.7)",
        "shots": "48.1% (28.9) // 47.0% (27.6) // 47.6% (28.5) // 50.9% (28.7)",
        "scoring": "44.7% (25.6) // 44.4% (26.0) // 43.0% (26.4) // 42.5% (25.3)",
        "corsiAgainst": "53.3% (61.3) // 52.9% (59.6) // 51.3% (58.9) // 51.6% (59.0)",
        "fenwickAgainst": "52.4% (44.2) // 52.4% (44.6) // 51.4% (45.5) // 48.4% (41.0)",
        "shotsAgainst": "51.9% (31.1) // 53.0% (31.2) // 52.4% (31.4) // 49.1% (27.7)",
        "scoringAgainst": "55.3% (31.6) // 55.6% (32.6) // 57.0% (35.0) // 57.5% (34.3)",
        "oppCorsi": "51.3% (58.0) // 50.6% (58.4) // 52.1% (59.2) // 54.6% (61.2)",
        "oppFenwick": "51.6% (43.8) // 50.1% (43.9) // 52.9% (45.2) // 53.6% (47.0)",
        "oppShots": "52.6% (32.5) // 51.9% (32.7) // 53.1% (33.1) // 54.1% (35.8)",
        "oppScoring": "53.0% (32.3) // 53.9% (33.5) // 52.3% (32.7) // 54.4% (30.4)",
        "oppCorsiAgainst": "48.7% (55.0) // 49.4% (56.9) // 47.9% (54.3) // 45.4% (50.9)",
        "oppFenwickAgainst": "48.4% (41.1) // 49.9% (43.8) // 47.1% (40.3) // 46.4% (40.7)",
        "oppShotsAgainst": "47.4% (29.3) // 48.1% (30.2) // 46.9% (29.2) // 45.9% (30.4)",
        "oppScoringAgainst": "47.0% (28.6) // 46.1% (28.7) // 47.7% (29.8) // 45.6% (25.5)",
        "savesPerGame": 28.1,
        "savesPerGameLast1": 17.0,
        "savesPerGameLast3": 23.7,
        "savesPerGameLast5": 24.2,
        "savesPer60": 27.5,
        "savesPer60Last1": 17.0,
        "savesPer60Last3": 23.5,
        "savesPer60Last5": 23.9,
        "shotsPerGame": 29.2,
        "shotsPerGameLast5": 32.2,
        "shotsAgainstPerGame": 31.4,
        "shotsAgainstPerGameLast5": 28.6,
        "oppSavesAgainstPer60": 29.3,
        "oppSavesAgainstPer60Last1": 38.0,
        "oppSavesAgainstPer60Last3": 33.2,
        "oppSavesAgainstPer60Last5": 31.9,
        "oppShotsAgainstPerGame": 29.7,
        "oppShotsAgainstPerGameLast5": 30.0,
        "savesProj": 29.0,
        "savesProjLast5": 27.0,
        "savesProjLast3": 27.3,
        "oppSavesAgainstProj": 28.7,
        "oppSavesAgainstProjLast5": 27.4,
        "oppSavesAgainstProjLast3": 29.1,
        "totalOver": 37,
        "totalOverLast5": 40,
        "totalOverLast15": 47,
        "lastTotalOver": 36,
        "last5": "0,0,0,1,1,0,1,2,2,1",
        "overOdds": "+120",
        "underOdds": "-150",
        "overUnder": "+120 / -150"
    },
    {
        "player": "Noah Cates",
        "team": "PHI",
        "opponent": "BOS",
        "propType": "pts",
        "line": 0.5,
        "ppLine": "",
        "avg": 0.45,
        "hit": false,
        "diffAvg": -0.1,
        "diffAbs": 0.4,
        "lastAvg": 0.56,
        "diff": 0.12,
        "avgMin": 17,
        "proj": 0.7,
        "lastAvgMin": 13.23,
        "oppOver": 0,
        "teamOver": 0,
        "gameLine": "+215",
        "+/-": "+6",
        "L5_+/-": 0.0,
        "prevMatchup": "2023-01-16 0.0 pts 2022-11-17 0.0 pts",
        "winLossSplits": "50% - 24%",
        "awayHome": "H",
        "playedYesterday": "Y",
        "awayHomeSplits": "38% - 29%",
        "savesAboveExp": 0.19,
        "gsaa": 14.92,
        "corsi": "46.7% (53.7) // 47.1% (53.1) // 48.7% (55.9) // 48.4% (55.3)",
        "fenwick": "47.6% (40.1) // 47.6% (40.6) // 48.6% (43.0) // 51.6% (43.7)",
        "shots": "48.1% (28.9) // 47.0% (27.6) // 47.6% (28.5) // 50.9% (28.7)",
        "scoring": "44.7% (25.6) // 44.4% (26.0) // 43.0% (26.4) // 42.5% (25.3)",
        "corsiAgainst": "53.3% (61.3) // 52.9% (59.6) // 51.3% (58.9) // 51.6% (59.0)",
        "fenwickAgainst": "52.4% (44.2) // 52.4% (44.6) // 51.4% (45.5) // 48.4% (41.0)",
        "shotsAgainst": "51.9% (31.1) // 53.0% (31.2) // 52.4% (31.4) // 49.1% (27.7)",
        "scoringAgainst": "55.3% (31.6) // 55.6% (32.6) // 57.0% (35.0) // 57.5% (34.3)",
        "oppCorsi": "51.3% (58.0) // 50.6% (58.4) // 52.1% (59.2) // 54.6% (61.2)",
        "oppFenwick": "51.6% (43.8) // 50.1% (43.9) // 52.9% (45.2) // 53.6% (47.0)",
        "oppShots": "52.6% (32.5) // 51.9% (32.7) // 53.1% (33.1) // 54.1% (35.8)",
        "oppScoring": "53.0% (32.3) // 53.9% (33.5) // 52.3% (32.7) // 54.4% (30.4)",
        "oppCorsiAgainst": "48.7% (55.0) // 49.4% (56.9) // 47.9% (54.3) // 45.4% (50.9)",
        "oppFenwickAgainst": "48.4% (41.1) // 49.9% (43.8) // 47.1% (40.3) // 46.4% (40.7)",
        "oppShotsAgainst": "47.4% (29.3) // 48.1% (30.2) // 46.9% (29.2) // 45.9% (30.4)",
        "oppScoringAgainst": "47.0% (28.6) // 46.1% (28.7) // 47.7% (29.8) // 45.6% (25.5)",
        "savesPerGame": 28.1,
        "savesPerGameLast1": 17.0,
        "savesPerGameLast3": 23.7,
        "savesPerGameLast5": 24.2,
        "savesPer60": 27.5,
        "savesPer60Last1": 17.0,
        "savesPer60Last3": 23.5,
        "savesPer60Last5": 23.9,
        "shotsPerGame": 29.2,
        "shotsPerGameLast5": 32.2,
        "shotsAgainstPerGame": 31.4,
        "shotsAgainstPerGameLast5": 28.6,
        "oppSavesAgainstPer60": 29.3,
        "oppSavesAgainstPer60Last1": 38.0,
        "oppSavesAgainstPer60Last3": 33.2,
        "oppSavesAgainstPer60Last5": 31.9,
        "oppShotsAgainstPerGame": 29.7,
        "oppShotsAgainstPerGameLast5": 30.0,
        "savesProj": 29.0,
        "savesProjLast5": 27.0,
        "savesProjLast3": 27.3,
        "oppSavesAgainstProj": 28.7,
        "oppSavesAgainstProjLast5": 27.4,
        "oppSavesAgainstProjLast3": 29.1,
        "totalOver": 33,
        "totalOverLast5": 20,
        "totalOverLast15": 40,
        "lastTotalOver": 38,
        "last5": "0,0,0,0,1,1,1,1,2,2",
        "overOdds": "+145",
        "underOdds": "-180",
        "overUnder": "+145 / -180"
    },
    {
        "player": "Scott Laughton",
        "team": "PHI",
        "opponent": "BOS",
        "propType": "pts",
        "line": 0.5,
        "ppLine": "PP2",
        "avg": 0.57,
        "hit": false,
        "diffAvg": 0.14,
        "diffAbs": 0.0,
        "lastAvg": 0.45,
        "diff": -0.1,
        "avgMin": 18,
        "proj": 0.5,
        "lastAvgMin": 16.42,
        "oppOver": 0,
        "teamOver": 0,
        "gameLine": "+215",
        "+/-": -9,
        "L5_+/-": -2.0,
        "prevMatchup": "2023-01-16 0.0 pts 2022-11-17 0.0 pts",
        "winLossSplits": "82% - 22%",
        "awayHome": "H",
        "playedYesterday": "Y",
        "awayHomeSplits": "42% - 47%",
        "savesAboveExp": 0.19,
        "gsaa": 14.92,
        "corsi": "46.7% (53.7) // 47.1% (53.1) // 48.7% (55.9) // 48.4% (55.3)",
        "fenwick": "47.6% (40.1) // 47.6% (40.6) // 48.6% (43.0) // 51.6% (43.7)",
        "shots": "48.1% (28.9) // 47.0% (27.6) // 47.6% (28.5) // 50.9% (28.7)",
        "scoring": "44.7% (25.6) // 44.4% (26.0) // 43.0% (26.4) // 42.5% (25.3)",
        "corsiAgainst": "53.3% (61.3) // 52.9% (59.6) // 51.3% (58.9) // 51.6% (59.0)",
        "fenwickAgainst": "52.4% (44.2) // 52.4% (44.6) // 51.4% (45.5) // 48.4% (41.0)",
        "shotsAgainst": "51.9% (31.1) // 53.0% (31.2) // 52.4% (31.4) // 49.1% (27.7)",
        "scoringAgainst": "55.3% (31.6) // 55.6% (32.6) // 57.0% (35.0) // 57.5% (34.3)",
        "oppCorsi": "51.3% (58.0) // 50.6% (58.4) // 52.1% (59.2) // 54.6% (61.2)",
        "oppFenwick": "51.6% (43.8) // 50.1% (43.9) // 52.9% (45.2) // 53.6% (47.0)",
        "oppShots": "52.6% (32.5) // 51.9% (32.7) // 53.1% (33.1) // 54.1% (35.8)",
        "oppScoring": "53.0% (32.3) // 53.9% (33.5) // 52.3% (32.7) // 54.4% (30.4)",
        "oppCorsiAgainst": "48.7% (55.0) // 49.4% (56.9) // 47.9% (54.3) // 45.4% (50.9)",
        "oppFenwickAgainst": "48.4% (41.1) // 49.9% (43.8) // 47.1% (40.3) // 46.4% (40.7)",
        "oppShotsAgainst": "47.4% (29.3) // 48.1% (30.2) // 46.9% (29.2) // 45.9% (30.4)",
        "oppScoringAgainst": "47.0% (28.6) // 46.1% (28.7) // 47.7% (29.8) // 45.6% (25.5)",
        "savesPerGame": 28.1,
        "savesPerGameLast1": 17.0,
        "savesPerGameLast3": 23.7,
        "savesPerGameLast5": 24.2,
        "savesPer60": 27.5,
        "savesPer60Last1": 17.0,
        "savesPer60Last3": 23.5,
        "savesPer60Last5": 23.9,
        "shotsPerGame": 29.2,
        "shotsPerGameLast5": 32.2,
        "shotsAgainstPerGame": 31.4,
        "shotsAgainstPerGameLast5": 28.6,
        "oppSavesAgainstPer60": 29.3,
        "oppSavesAgainstPer60Last1": 38.0,
        "oppSavesAgainstPer60Last3": 33.2,
        "oppSavesAgainstPer60Last5": 31.9,
        "oppShotsAgainstPerGame": 29.7,
        "oppShotsAgainstPerGameLast5": 30.0,
        "savesProj": 29.0,
        "savesProjLast5": 27.0,
        "savesProjLast3": 27.3,
        "oppSavesAgainstProj": 28.7,
        "oppSavesAgainstProjLast5": 27.4,
        "oppSavesAgainstProjLast3": 29.1,
        "totalOver": 45,
        "totalOverLast5": 20,
        "totalOverLast15": 33,
        "lastTotalOver": 33,
        "last5": "0,0,1,0,0,0,2,1,1,0",
        "overOdds": "+150",
        "underOdds": "-185",
        "overUnder": "+150 / -185"
    },
    {
        "player": "Adam Henrique",
        "team": "ANA",
        "opponent": "COL",
        "propType": "pts",
        "line": 0.5,
        "ppLine": "PP1",
        "avg": 0.61,
        "hit": false,
        "diffAvg": 0.22,
        "diffAbs": 0.4,
        "lastAvg": 0.72,
        "diff": 0.44,
        "avgMin": 18,
        "proj": 0.7,
        "lastAvgMin": 17.42,
        "oppOver": 0,
        "teamOver": 0,
        "gameLine": "+250",
        "+/-": -9,
        "L5_+/-": -8.0,
        "prevMatchup": "2023-01-26 1.0 pts",
        "winLossSplits": "76% - 36%",
        "awayHome": "H",
        "playedYesterday": "Y",
        "awayHomeSplits": "48% - 46%",
        "savesAboveExp": -0.066,
        "gsaa": 7.03,
        "corsi": "43.4% (51.2) // 40.9% (45.9) // 39.9% (44.8) // 46.9% (50.8)",
