[
    {
        "player": "Brady Skjei",
        "team": "CAR",
        "opponent": "NJ",
        "propType": "g",
        "line": 0.5,
        "ppLine": "",
        "avg": 0.21,
        "hit": false,
        "diffAvg": -0.58,
        "diffAbs": 0.8,
        "lastAvg": 0.09,
        "diff": -0.82,
        "avgMin": 21,
        "proj": 0.1,
        "lastAvgMin": 21.13,
        "oppOver": 0,
        "teamOver": 0,
        "gameLine": "+130",
        "+/-": "+2",
        "L5_+/-": -6.0,
        "prevMatchup": "2023-05-07 0.0 g 2023-05-03 1.0 g 2023-03-12 0.0 g 2023-01-10 0.0 g 2023-01-01 0.0 g 2022-12-20 0.0 g",
        "winLossSplits": "25% - 15%",
        "awayHome": "A",
        "playedYesterday": "N",
        "awayHomeSplits": "20% - 22%",
        "savesAboveExp": 0.109,
        "gsaa": 8.64,
        "corsi": "59.9% (67.4) // 61.2% (68.8) // 59.9% (67.4) // 59.9% (67.4)",
        "fenwick": "59.1% (50.8) // 60.1% (51.8) // 59.1% (50.8) // 59.1% (50.8)",
        "shots": "57.2% (34.3) // 58.4% (34.4) // 57.2% (34.3) // 57.2% (34.3)",
        "scoring": "58.9% (33.3) // 62.3% (33.3) // 58.9% (33.3) // 58.9% (33.3)",
        "corsiAgainst": "40.1% (45.2) // 38.8% (43.6) // 40.1% (45.2) // 40.1% (45.2)",
        "fenwickAgainst": "40.9% (35.1) // 39.9% (34.4) // 40.9% (35.1) // 40.9% (35.1)",
        "shotsAgainst": "42.8% (25.6) // 41.6% (24.5) // 42.8% (25.6) // 42.8% (25.6)",
        "scoringAgainst": "41.1% (23.3) // 37.7% (20.2) // 41.1% (23.3) // 41.1% (23.3)",
        "oppCorsi": "53.7% (63.4) // 55.1% (64.9) // 53.7% (63.4) // 53.7% (63.4)",
        "oppFenwick": "53.9% (46.9) // 55.2% (48.2) // 53.9% (46.9) // 53.9% (46.9)",
        "oppShots": "54.9% (33.9) // 54.4% (33.3) // 54.9% (33.9) // 54.9% (33.9)",
        "oppScoring": "56.3% (35.0) // 60.7% (39.4) // 56.3% (35.0) // 56.3% (35.0)",
        "oppCorsiAgainst": "46.3% (54.8) // 44.9% (52.8) // 46.3% (54.8) // 46.3% (54.8)",
        "oppFenwickAgainst": "46.1% (40.1) // 44.8% (39.2) // 46.1% (40.1) // 46.1% (40.1)",
        "oppShotsAgainst": "45.1% (27.8) // 45.6% (28.0) // 45.1% (27.8) // 45.1% (27.8)",
        "oppScoringAgainst": "43.7% (27.1) // 39.3% (25.5) // 43.7% (27.1) // 43.7% (27.1)",
        "savesPerGame": 23.4,
        "savesPerGameLast1": 26.0,
        "savesPerGameLast3": 24.0,
        "savesPerGameLast5": 24.8,
        "savesPer60": 25.9,
        "savesPer60Last1": 26.0,
        "savesPer60Last3": 24.8,
        "savesPer60Last5": 25.0,
        "shotsPerGame": 34.8,
        "shotsPerGameLast5": 33.2,
        "shotsAgainstPerGame": 26.0,
        "shotsAgainstPerGameLast5": 27.6,
        "oppSavesAgainstPer60": 34.4,
        "oppSavesAgainstPer60Last1": 26.0,
        "oppSavesAgainstPer60Last3": 23.8,
        "oppSavesAgainstPer60Last5": 24.9,
        "oppShotsAgainstPerGame": 28.2,
        "oppShotsAgainstPerGameLast5": 29.8,
        "savesProj": 27.6,
        "savesProjLast5": 23.9,
        "savesProjLast3": 18.3,
        "oppSavesAgainstProj": 27.6,
        "oppSavesAgainstProjLast5": 19.4,
        "oppSavesAgainstProjLast3": 18.7,
        "totalOver": 21,
        "totalOverLast5": 20,
        "totalOverLast15": 13,
        "lastTotalOver": 8,
        "last5": "0,1,0,0,0,0,0,0,0,0",
        "overOdds": "+450",
        "underOdds": "0",
        "overUnder": "+450 / 0"
    },
    {
        "player": "Brent Burns",
        "team": "CAR",
        "opponent": "NJ",
        "propType": "g",
        "line": 0.5,
        "ppLine": "PP1",
        "avg": 0.2,
        "hit": false,
        "diffAvg": -0.6,
        "diffAbs": 0.8,
        "lastAvg": 0.12,
        "diff": -0.76,
        "avgMin": 23,
        "proj": 0.1,
        "lastAvgMin": 26.13,
        "oppOver": 0,
        "teamOver": 0,
        "gameLine": "+130",
        "+/-": "+22",
        "L5_+/-": "+8.0",
        "prevMatchup": "2023-05-07 0.0 g 2023-05-03 0.0 g 2023-03-12 0.0 g 2023-01-10 0.0 g 2023-01-01 0.0 g 2022-12-20 0.0 g",
        "winLossSplits": "23% - 12%",
        "awayHome": "A",
        "playedYesterday": "N",
        "awayHomeSplits": "22% - 16%",
        "savesAboveExp": 0.109,
        "gsaa": 8.64,
        "corsi": "59.9% (67.4) // 61.2% (68.8) // 59.9% (67.4) // 59.9% (67.4)",
        "fenwick": "59.1% (50.8) // 60.1% (51.8) // 59.1% (50.8) // 59.1% (50.8)",
        "shots": "57.2% (34.3) // 58.4% (34.4) // 57.2% (34.3) // 57.2% (34.3)",
        "scoring": "58.9% (33.3) // 62.3% (33.3) // 58.9% (33.3) // 58.9% (33.3)",
        "corsiAgainst": "40.1% (45.2) // 38.8% (43.6) // 40.1% (45.2) // 40.1% (45.2)",
        "fenwickAgainst": "40.9% (35.1) // 39.9% (34.4) // 40.9% (35.1) // 40.9% (35.1)",
        "shotsAgainst": "42.8% (25.6) // 41.6% (24.5) // 42.8% (25.6) // 42.8% (25.6)",
        "scoringAgainst": "41.1% (23.3) // 37.7% (20.2) // 41.1% (23.3) // 41.1% (23.3)",
        "oppCorsi": "53.7% (63.4) // 55.1% (64.9) // 53.7% (63.4) // 53.7% (63.4)",
        "oppFenwick": "53.9% (46.9) // 55.2% (48.2) // 53.9% (46.9) // 53.9% (46.9)",
        "oppShots": "54.9% (33.9) // 54.4% (33.3) // 54.9% (33.9) // 54.9% (33.9)",
        "oppScoring": "56.3% (35.0) // 60.7% (39.4) // 56.3% (35.0) // 56.3% (35.0)",
        "oppCorsiAgainst": "46.3% (54.8) // 44.9% (52.8) // 46.3% (54.8) // 46.3% (54.8)",
        "oppFenwickAgainst": "46.1% (40.1) // 44.8% (39.2) // 46.1% (40.1) // 46.1% (40.1)",
        "oppShotsAgainst": "45.1% (27.8) // 45.6% (28.0) // 45.1% (27.8) // 45.1% (27.8)",
        "oppScoringAgainst": "43.7% (27.1) // 39.3% (25.5) // 43.7% (27.1) // 43.7% (27.1)",
        "savesPerGame": 23.4,
        "savesPerGameLast1": 26.0,
        "savesPerGameLast3": 24.0,
        "savesPerGameLast5": 24.8,
        "savesPer60": 25.9,
        "savesPer60Last1": 26.0,
        "savesPer60Last3": 24.8,
        "savesPer60Last5": 25.0,
        "shotsPerGame": 34.8,
        "shotsPerGameLast5": 33.2,
        "shotsAgainstPerGame": 26.0,
        "shotsAgainstPerGameLast5": 27.6,
        "oppSavesAgainstPer60": 34.4,
        "oppSavesAgainstPer60Last1": 26.0,
        "oppSavesAgainstPer60Last3": 23.8,
        "oppSavesAgainstPer60Last5": 24.9,
        "oppShotsAgainstPerGame": 28.2,
        "oppShotsAgainstPerGameLast5": 29.8,
        "savesProj": 27.6,
        "savesProjLast5": 23.9,
        "savesProjLast3": 18.3,
        "oppSavesAgainstProj": 27.6,
        "oppSavesAgainstProjLast5": 19.4,
        "oppSavesAgainstProjLast3": 18.7,
        "totalOver": 19,
        "totalOverLast5": 0,
        "totalOverLast15": 20,
        "lastTotalOver": 12,
        "last5": "0,0,0,0,0,0,0,0,2,1",
        "overOdds": "+425",
        "underOdds": "0",
        "overUnder": "+425 / 0"
    },
    {
        "player": "Brett Pesce",
        "team": "CAR",
        "opponent": "NJ",
        "propType": "g",
        "line": 0.5,
        "ppLine": "",
        "avg": 0.07,
        "hit": false,
        "diffAvg": -0.86,
        "diffAbs": 0.8,
        "lastAvg": 0.08,
        "diff": -0.84,
        "avgMin": 21,
        "proj": 0.1,
        "lastAvgMin": 21.7,
        "oppOver": 0,
        "teamOver": 0,
        "gameLine": "+130",
        "+/-": "+7",
        "L5_+/-": -5.0,
        "prevMatchup": "2023-05-07 0.0 g 2023-05-03 1.0 g 2023-03-12 0.0 g 2023-01-10 0.0 g 2023-01-01 0.0 g 2022-12-20 0.0 g",
        "winLossSplits": "7% - 3%",
        "awayHome": "A",
        "playedYesterday": "N",
        "awayHomeSplits": "7% - 4%",
        "savesAboveExp": 0.109,
        "gsaa": 8.64,
        "corsi": "59.9% (67.4) // 61.2% (68.8) // 59.9% (67.4) // 59.9% (67.4)",
        "fenwick": "59.1% (50.8) // 60.1% (51.8) // 59.1% (50.8) // 59.1% (50.8)",
        "shots": "57.2% (34.3) // 58.4% (34.4) // 57.2% (34.3) // 57.2% (34.3)",
        "scoring": "58.9% (33.3) // 62.3% (33.3) // 58.9% (33.3) // 58.9% (33.3)",
        "corsiAgainst": "40.1% (45.2) // 38.8% (43.6) // 40.1% (45.2) // 40.1% (45.2)",
        "fenwickAgainst": "40.9% (35.1) // 39.9% (34.4) // 40.9% (35.1) // 40.9% (35.1)",
        "shotsAgainst": "42.8% (25.6) // 41.6% (24.5) // 42.8% (25.6) // 42.8% (25.6)",
        "scoringAgainst": "41.1% (23.3) // 37.7% (20.2) // 41.1% (23.3) // 41.1% (23.3)",
        "oppCorsi": "53.7% (63.4) // 55.1% (64.9) // 53.7% (63.4) // 53.7% (63.4)",
        "oppFenwick": "53.9% (46.9) // 55.2% (48.2) // 53.9% (46.9) // 53.9% (46.9)",
        "oppShots": "54.9% (33.9) // 54.4% (33.3) // 54.9% (33.9) // 54.9% (33.9)",
        "oppScoring": "56.3% (35.0) // 60.7% (39.4) // 56.3% (35.0) // 56.3% (35.0)",
        "oppCorsiAgainst": "46.3% (54.8) // 44.9% (52.8) // 46.3% (54.8) // 46.3% (54.8)",
        "oppFenwickAgainst": "46.1% (40.1) // 44.8% (39.2) // 46.1% (40.1) // 46.1% (40.1)",
        "oppShotsAgainst": "45.1% (27.8) // 45.6% (28.0) // 45.1% (27.8) // 45.1% (27.8)",
        "oppScoringAgainst": "43.7% (27.1) // 39.3% (25.5) // 43.7% (27.1) // 43.7% (27.1)",
        "savesPerGame": 23.4,
        "savesPerGameLast1": 26.0,
        "savesPerGameLast3": 24.0,
        "savesPerGameLast5": 24.8,
        "savesPer60": 25.9,
        "savesPer60Last1": 26.0,
        "savesPer60Last3": 24.8,
        "savesPer60Last5": 25.0,
        "shotsPerGame": 34.8,
        "shotsPerGameLast5": 33.2,
        "shotsAgainstPerGame": 26.0,
        "shotsAgainstPerGameLast5": 27.6,
        "oppSavesAgainstPer60": 34.4,
        "oppSavesAgainstPer60Last1": 26.0,
        "oppSavesAgainstPer60Last3": 23.8,
        "oppSavesAgainstPer60Last5": 24.9,
        "oppShotsAgainstPerGame": 28.2,
        "oppShotsAgainstPerGameLast5": 29.8,
        "savesProj": 27.6,
        "savesProjLast5": 23.9,
        "savesProjLast3": 18.3,
        "oppSavesAgainstProj": 27.6,
        "oppSavesAgainstProjLast5": 19.4,
        "oppSavesAgainstProjLast3": 18.7,
        "totalOver": 6,
        "totalOverLast5": 20,
        "totalOverLast15": 13,
        "lastTotalOver": 10,
        "last5": "0,1,0,0,0,0,0,0,0,0",
        "overOdds": "+950",
        "underOdds": "0",
        "overUnder": "+950 / 0"
    },
    {
        "player": "Dawson Mercer",
        "team": "NJ",
        "opponent": "CAR",
        "propType": "g",
        "line": 0.5,
        "ppLine": "PP1",
        "avg": 0.32,
        "hit": false,
        "diffAvg": -0.36,
        "diffAbs": 0.6,
        "lastAvg": 0.21,
        "diff": -0.58,
        "avgMin": 16,
        "proj": 0.2,
        "lastAvgMin": 16.53,
        "oppOver": 0,
        "teamOver": 0,
        "gameLine": "-150",
        "+/-": "+21",
        "L5_+/-": -1.0,
        "prevMatchup": "2023-05-07 0.0 g 2023-05-03 0.0 g 2023-03-12 0.0 g 2023-01-10 2.0 g 2023-01-01 0.0 g 2022-12-20 0.0 g",
        "winLossSplits": "30% - 21%",
        "awayHome": "H",
        "playedYesterday": "N",
        "awayHomeSplits": "29% - 24%",
        "savesAboveExp": -0.44,
        "gsaa": -0.71,
        "corsi": "53.7% (63.4) // 55.1% (64.9) // 53.7% (63.4) // 53.7% (63.4)",
        "fenwick": "53.9% (46.9) // 55.2% (48.2) // 53.9% (46.9) // 53.9% (46.9)",
        "shots": "54.9% (33.9) // 54.4% (33.3) // 54.9% (33.9) // 54.9% (33.9)",
        "scoring": "56.3% (35.0) // 60.7% (39.4) // 56.3% (35.0) // 56.3% (35.0)",
        "corsiAgainst": "46.3% (54.8) // 44.9% (52.8) // 46.3% (54.8) // 46.3% (54.8)",
        "fenwickAgainst": "46.1% (40.1) // 44.8% (39.2) // 46.1% (40.1) // 46.1% (40.1)",
        "shotsAgainst": "45.1% (27.8) // 45.6% (28.0) // 45.1% (27.8) // 45.1% (27.8)",
        "scoringAgainst": "43.7% (27.1) // 39.3% (25.5) // 43.7% (27.1) // 43.7% (27.1)",
        "oppCorsi": "59.9% (67.4) // 61.2% (68.8) // 59.9% (67.4) // 59.9% (67.4)",
        "oppFenwick": "59.1% (50.8) // 60.1% (51.8) // 59.1% (50.8) // 59.1% (50.8)",
        "oppShots": "57.2% (34.3) // 58.4% (34.4) // 57.2% (34.3) // 57.2% (34.3)",
        "oppScoring": "58.9% (33.3) // 62.3% (33.3) // 58.9% (33.3) // 58.9% (33.3)",
        "oppCorsiAgainst": "40.1% (45.2) // 38.8% (43.6) // 40.1% (45.2) // 40.1% (45.2)",
        "oppFenwickAgainst": "40.9% (35.1) // 39.9% (34.4) // 40.9% (35.1) // 40.9% (35.1)",
        "oppShotsAgainst": "42.8% (25.6) // 41.6% (24.5) // 42.8% (25.6) // 42.8% (25.6)",
        "oppScoringAgainst": "41.1% (23.3) // 37.7% (20.2) // 41.1% (23.3) // 41.1% (23.3)",
        "savesPerGame": 25.5,
        "savesPerGameLast1": 26.0,
        "savesPerGameLast3": 24.7,
        "savesPerGameLast5": 25.8,
        "savesPer60": 28.5,
        "savesPer60Last1": 26.0,
        "savesPer60Last3": 24.5,
        "savesPer60Last5": 25.0,
        "shotsPerGame": 34.4,
        "shotsPerGameLast5": 28.4,
        "shotsAgainstPerGame": 28.2,
        "shotsAgainstPerGameLast5": 29.8,
        "oppSavesAgainstPer60": 34.8,
        "oppSavesAgainstPer60Last1": 26.0,
        "oppSavesAgainstPer60Last3": 24.8,
        "oppSavesAgainstPer60Last5": 30.0,
        "oppShotsAgainstPerGame": 26.0,
        "oppShotsAgainstPerGameLast5": 27.6,
        "savesProj": 34.6,
        "savesProjLast5": 27.2,
        "savesProjLast3": 26.2,
        "oppSavesAgainstProj": 29.9,
        "oppSavesAgainstProjLast5": 22.8,
        "oppSavesAgainstProjLast3": 18.8,
        "totalOver": 26,
        "totalOverLast5": 40,
        "totalOverLast15": 20,
        "lastTotalOver": 21,
        "last5": "0,0,0,1,1,0,0,0,0,0",
        "overOdds": "+240",
        "underOdds": "0",
        "overUnder": "+240 / 0"
    },
    {
        "player": "Dougie Hamilton",
        "team": "NJ",
        "opponent": "CAR",
        "propType": "g",
        "line": 0.5,
        "ppLine": "PP1",
        "avg": 0.25,
        "hit": false,
        "diffAvg": -0.5,
        "diffAbs": 0.8,
        "lastAvg": 0.15,
        "diff": -0.7,
        "avgMin": 21,
        "proj": 0.1,
        "lastAvgMin": 21.22,
        "oppOver": 0,
        "teamOver": 0,
        "gameLine": "-150",
        "+/-": "+20",
        "L5_+/-": -4.0,
        "prevMatchup": "2023-05-07 0.0 g 2023-05-03 0.0 g 2023-03-12 0.0 g 2023-01-10 0.0 g 2023-01-01 0.0 g 2022-12-20 0.0 g",
        "winLossSplits": "33% - 6%",
        "awayHome": "H",
        "playedYesterday": "N",
        "awayHomeSplits": "20% - 26%",
        "savesAboveExp": -0.44,
        "gsaa": -0.71,
        "corsi": "53.7% (63.4) // 55.1% (64.9) // 53.7% (63.4) // 53.7% (63.4)",
        "fenwick": "53.9% (46.9) // 55.2% (48.2) // 53.9% (46.9) // 53.9% (46.9)",
        "shots": "54.9% (33.9) // 54.4% (33.3) // 54.9% (33.9) // 54.9% (33.9)",
        "scoring": "56.3% (35.0) // 60.7% (39.4) // 56.3% (35.0) // 56.3% (35.0)",
        "corsiAgainst": "46.3% (54.8) // 44.9% (52.8) // 46.3% (54.8) // 46.3% (54.8)",
        "fenwickAgainst": "46.1% (40.1) // 44.8% (39.2) // 46.1% (40.1) // 46.1% (40.1)",
        "shotsAgainst": "45.1% (27.8) // 45.6% (28.0) // 45.1% (27.8) // 45.1% (27.8)",
        "scoringAgainst": "43.7% (27.1) // 39.3% (25.5) // 43.7% (27.1) // 43.7% (27.1)",
        "oppCorsi": "59.9% (67.4) // 61.2% (68.8) // 59.9% (67.4) // 59.9% (67.4)",
        "oppFenwick": "59.1% (50.8) // 60.1% (51.8) // 59.1% (50.8) // 59.1% (50.8)",
        "oppShots": "57.2% (34.3) // 58.4% (34.4) // 57.2% (34.3) // 57.2% (34.3)",
        "oppScoring": "58.9% (33.3) // 62.3% (33.3) // 58.9% (33.3) // 58.9% (33.3)",
        "oppCorsiAgainst": "40.1% (45.2) // 38.8% (43.6) // 40.1% (45.2) // 40.1% (45.2)",
        "oppFenwickAgainst": "40.9% (35.1) // 39.9% (34.4) // 40.9% (35.1) // 40.9% (35.1)",
        "oppShotsAgainst": "42.8% (25.6) // 41.6% (24.5) // 42.8% (25.6) // 42.8% (25.6)",
        "oppScoringAgainst": "41.1% (23.3) // 37.7% (20.2) // 41.1% (23.3) // 41.1% (23.3)",
        "savesPerGame": 25.5,
        "savesPerGameLast1": 26.0,
        "savesPerGameLast3": 24.7,
        "savesPerGameLast5": 25.8,
        "savesPer60": 28.5,
        "savesPer60Last1": 26.0,
        "savesPer60Last3": 24.5,
        "savesPer60Last5": 25.0,
        "shotsPerGame": 34.4,
        "shotsPerGameLast5": 28.4,
        "shotsAgainstPerGame": 28.2,
        "shotsAgainstPerGameLast5": 29.8,
        "oppSavesAgainstPer60": 34.8,
        "oppSavesAgainstPer60Last1": 26.0,
        "oppSavesAgainstPer60Last3": 24.8,
        "oppSavesAgainstPer60Last5": 30.0,
        "oppShotsAgainstPerGame": 26.0,
        "oppShotsAgainstPerGameLast5": 27.6,
        "savesProj": 34.6,
        "savesProjLast5": 27.2,
        "savesProjLast3": 26.2,
        "oppSavesAgainstProj": 29.9,
        "oppSavesAgainstProjLast5": 22.8,
        "oppSavesAgainstProjLast3": 18.8,
        "totalOver": 23,
        "totalOverLast5": 0,
        "totalOverLast15": 20,
        "lastTotalOver": 15,
        "last5": "0,0,0,0,0,0,1,0,0,1",
        "overOdds": "+285",
        "underOdds": "0",
        "overUnder": "+285 / 0"
    },
    {
        "player": "Erik Haula",
        "team": "NJ",
        "opponent": "CAR",
        "propType": "g",
        "line": 0.5,
        "ppLine": "PP2",
        "avg": 0.2,
        "hit": false,
        "diffAvg": -0.6,
        "diffAbs": 0.6,
        "lastAvg": 0.21,
        "diff": -0.58,
        "avgMin": 16,
        "proj": 0.2,
        "lastAvgMin": 15.08,
        "oppOver": 0,
        "teamOver": 0,
        "gameLine": "-150",
        "+/-": "+11",
        "L5_+/-": 0.0,
        "prevMatchup": "2023-05-07 0.0 g 2023-05-03 0.0 g 2023-03-12 0.0 g 2023-01-10 0.0 g 2023-01-01 0.0 g 2022-12-20 0.0 g",
        "winLossSplits": "16% - 18%",
        "awayHome": "H",
        "playedYesterday": "N",
        "awayHomeSplits": "18% - 16%",
        "savesAboveExp": -0.44,
        "gsaa": -0.71,
        "corsi": "53.7% (63.4) // 55.1% (64.9) // 53.7% (63.4) // 53.7% (63.4)",
        "fenwick": "53.9% (46.9) // 55.2% (48.2) // 53.9% (46.9) // 53.9% (46.9)",
        "shots": "54.9% (33.9) // 54.4% (33.3) // 54.9% (33.9) // 54.9% (33.9)",
        "scoring": "56.3% (35.0) // 60.7% (39.4) // 56.3% (35.0) // 56.3% (35.0)",
        "corsiAgainst": "46.3% (54.8) // 44.9% (52.8) // 46.3% (54.8) // 46.3% (54.8)",
        "fenwickAgainst": "46.1% (40.1) // 44.8% (39.2) // 46.1% (40.1) // 46.1% (40.1)",
        "shotsAgainst": "45.1% (27.8) // 45.6% (28.0) // 45.1% (27.8) // 45.1% (27.8)",
        "scoringAgainst": "43.7% (27.1) // 39.3% (25.5) // 43.7% (27.1) // 43.7% (27.1)",
        "oppCorsi": "59.9% (67.4) // 61.2% (68.8) // 59.9% (67.4) // 59.9% (67.4)",
        "oppFenwick": "59.1% (50.8) // 60.1% (51.8) // 59.1% (50.8) // 59.1% (50.8)",
        "oppShots": "57.2% (34.3) // 58.4% (34.4) // 57.2% (34.3) // 57.2% (34.3)",
        "oppScoring": "58.9% (33.3) // 62.3% (33.3) // 58.9% (33.3) // 58.9% (33.3)",
        "oppCorsiAgainst": "40.1% (45.2) // 38.8% (43.6) // 40.1% (45.2) // 40.1% (45.2)",
        "oppFenwickAgainst": "40.9% (35.1) // 39.9% (34.4) // 40.9% (35.1) // 40.9% (35.1)",
        "oppShotsAgainst": "42.8% (25.6) // 41.6% (24.5) // 42.8% (25.6) // 42.8% (25.6)",
        "oppScoringAgainst": "41.1% (23.3) // 37.7% (20.2) // 41.1% (23.3) // 41.1% (23.3)",
        "savesPerGame": 25.5,
        "savesPerGameLast1": 26.0,
        "savesPerGameLast3": 24.7,
        "savesPerGameLast5": 25.8,
        "savesPer60": 28.5,
        "savesPer60Last1": 26.0,
        "savesPer60Last3": 24.5,
        "savesPer60Last5": 25.0,
        "shotsPerGame": 34.4,
        "shotsPerGameLast5": 28.4,
        "shotsAgainstPerGame": 28.2,
        "shotsAgainstPerGameLast5": 29.8,
        "oppSavesAgainstPer60": 34.8,
        "oppSavesAgainstPer60Last1": 26.0,
        "oppSavesAgainstPer60Last3": 24.8,
        "oppSavesAgainstPer60Last5": 30.0,
        "oppShotsAgainstPerGame": 26.0,
        "oppShotsAgainstPerGameLast5": 27.6,
        "savesProj": 34.6,
        "savesProjLast5": 27.2,
        "savesProjLast3": 26.2,
        "oppSavesAgainstProj": 29.9,
        "oppSavesAgainstProjLast5": 22.8,
        "oppSavesAgainstProjLast3": 18.8,
        "totalOver": 17,
        "totalOverLast5": 40,
        "totalOverLast15": 40,
        "lastTotalOver": 19,
        "last5": "0,0,1,0,2,0,0,1,0,2",
        "overOdds": "+250",
        "underOdds": "0",
        "overUnder": "+250 / 0"
    },
    {
        "player": "Jack Hughes",
        "team": "NJ",
        "opponent": "CAR",
        "propType": "g",
        "line": 0.5,
        "ppLine": "PP1",
        "avg": 0.55,
        "hit": false,
        "diffAvg": 0.1,
        "diffAbs": 0.0,
        "lastAvg": 0.51,
        "diff": 0.02,
        "avgMin": 20,
        "proj": 0.5,
        "lastAvgMin": 19.55,
        "oppOver": 0,
        "teamOver": 0,
        "gameLine": "-150",
        "+/-": "+10",
        "L5_+/-": -1.0,
        "prevMatchup": "2023-05-07 2.0 g 2023-05-03 0.0 g 2023-03-12 1.0 g 2023-01-10 0.0 g 2023-01-01 1.0 g 2022-12-20 1.0 g",
        "winLossSplits": "47% - 31%",
        "awayHome": "H",
        "playedYesterday": "N",
        "awayHomeSplits": "43% - 40%",
        "savesAboveExp": -0.44,
        "gsaa": -0.71,
        "corsi": "53.7% (63.4) // 55.1% (64.9) // 53.7% (63.4) // 53.7% (63.4)",
        "fenwick": "53.9% (46.9) // 55.2% (48.2) // 53.9% (46.9) // 53.9% (46.9)",
        "shots": "54.9% (33.9) // 54.4% (33.3) // 54.9% (33.9) // 54.9% (33.9)",
        "scoring": "56.3% (35.0) // 60.7% (39.4) // 56.3% (35.0) // 56.3% (35.0)",
        "corsiAgainst": "46.3% (54.8) // 44.9% (52.8) // 46.3% (54.8) // 46.3% (54.8)",
        "fenwickAgainst": "46.1% (40.1) // 44.8% (39.2) // 46.1% (40.1) // 46.1% (40.1)",
        "shotsAgainst": "45.1% (27.8) // 45.6% (28.0) // 45.1% (27.8) // 45.1% (27.8)",
        "scoringAgainst": "43.7% (27.1) // 39.3% (25.5) // 43.7% (27.1) // 43.7% (27.1)",
        "oppCorsi": "59.9% (67.4) // 61.2% (68.8) // 59.9% (67.4) // 59.9% (67.4)",
        "oppFenwick": "59.1% (50.8) // 60.1% (51.8) // 59.1% (50.8) // 59.1% (50.8)",
        "oppShots": "57.2% (34.3) // 58.4% (34.4) // 57.2% (34.3) // 57.2% (34.3)",
        "oppScoring": "58.9% (33.3) // 62.3% (33.3) // 58.9% (33.3) // 58.9% (33.3)",
        "oppCorsiAgainst": "40.1% (45.2) // 38.8% (43.6) // 40.1% (45.2) // 40.1% (45.2)",
        "oppFenwickAgainst": "40.9% (35.1) // 39.9% (34.4) // 40.9% (35.1) // 40.9% (35.1)",
        "oppShotsAgainst": "42.8% (25.6) // 41.6% (24.5) // 42.8% (25.6) // 42.8% (25.6)",
        "oppScoringAgainst": "41.1% (23.3) // 37.7% (20.2) // 41.1% (23.3) // 41.1% (23.3)",
        "savesPerGame": 25.5,
        "savesPerGameLast1": 26.0,
        "savesPerGameLast3": 24.7,
        "savesPerGameLast5": 25.8,
        "savesPer60": 28.5,
        "savesPer60Last1": 26.0,
        "savesPer60Last3": 24.5,
        "savesPer60Last5": 25.0,
        "shotsPerGame": 34.4,
        "shotsPerGameLast5": 28.4,
        "shotsAgainstPerGame": 28.2,
        "shotsAgainstPerGameLast5": 29.8,
        "oppSavesAgainstPer60": 34.8,
        "oppSavesAgainstPer60Last1": 26.0,
        "oppSavesAgainstPer60Last3": 24.8,
        "oppSavesAgainstPer60Last5": 30.0,
        "oppShotsAgainstPerGame": 26.0,
        "oppShotsAgainstPerGameLast5": 27.6,
        "savesProj": 34.6,
        "savesProjLast5": 27.2,
        "savesProjLast3": 26.2,
        "oppSavesAgainstProj": 29.9,
        "oppSavesAgainstProjLast5": 22.8,
        "oppSavesAgainstProjLast3": 18.8,
        "totalOver": 41,
        "totalOverLast5": 20,
        "totalOverLast15": 40,
        "lastTotalOver": 46,
        "last5": "2,0,0,0,0,1,1,0,1,0",
        "overOdds": "+120",
        "underOdds": "0",
        "overUnder": "+120 / 0"
    },
    {
        "player": "Jesper Bratt",
        "team": "NJ",
        "opponent": "CAR",
        "propType": "g",
        "line": 0.5,
        "ppLine": "PP2",
        "avg": 0.36,
        "hit": false,
        "diffAvg": -0.28,
        "diffAbs": 0.4,
        "lastAvg": 0.34,
        "diff": -0.32,
        "avgMin": 17,
        "proj": 0.3,
        "lastAvgMin": 17.42,
        "oppOver": 0,
        "teamOver": 0,
        "gameLine": "-150",
        "+/-": "+16",
        "L5_+/-": "+1.0",
        "prevMatchup": "2023-05-07 0.0 g 2023-05-03 0.0 g 2023-03-12 2.0 g 2023-01-10 0.0 g 2023-01-01 2.0 g 2022-12-20 0.0 g",
        "winLossSplits": "33% - 21%",
        "awayHome": "H",
        "playedYesterday": "N",
        "awayHomeSplits": "29% - 28%",
        "savesAboveExp": -0.44,
        "gsaa": -0.71,
        "corsi": "53.7% (63.4) // 55.1% (64.9) // 53.7% (63.4) // 53.7% (63.4)",
        "fenwick": "53.9% (46.9) // 55.2% (48.2) // 53.9% (46.9) // 53.9% (46.9)",
        "shots": "54.9% (33.9) // 54.4% (33.3) // 54.9% (33.9) // 54.9% (33.9)",
        "scoring": "56.3% (35.0) // 60.7% (39.4) // 56.3% (35.0) // 56.3% (35.0)",
        "corsiAgainst": "46.3% (54.8) // 44.9% (52.8) // 46.3% (54.8) // 46.3% (54.8)",
        "fenwickAgainst": "46.1% (40.1) // 44.8% (39.2) // 46.1% (40.1) // 46.1% (40.1)",
        "shotsAgainst": "45.1% (27.8) // 45.6% (28.0) // 45.1% (27.8) // 45.1% (27.8)",
        "scoringAgainst": "43.7% (27.1) // 39.3% (25.5) // 43.7% (27.1) // 43.7% (27.1)",
        "oppCorsi": "59.9% (67.4) // 61.2% (68.8) // 59.9% (67.4) // 59.9% (67.4)",
        "oppFenwick": "59.1% (50.8) // 60.1% (51.8) // 59.1% (50.8) // 59.1% (50.8)",
        "oppShots": "57.2% (34.3) // 58.4% (34.4) // 57.2% (34.3) // 57.2% (34.3)",
        "oppScoring": "58.9% (33.3) // 62.3% (33.3) // 58.9% (33.3) // 58.9% (33.3)",
        "oppCorsiAgainst": "40.1% (45.2) // 38.8% (43.6) // 40.1% (45.2) // 40.1% (45.2)",
        "oppFenwickAgainst": "40.9% (35.1) // 39.9% (34.4) // 40.9% (35.1) // 40.9% (35.1)",
        "oppShotsAgainst": "42.8% (25.6) // 41.6% (24.5) // 42.8% (25.6) // 42.8% (25.6)",
        "oppScoringAgainst": "41.1% (23.3) // 37.7% (20.2) // 41.1% (23.3) // 41.1% (23.3)",
        "savesPerGame": 25.5,
        "savesPerGameLast1": 26.0,
        "savesPerGameLast3": 24.7,
        "savesPerGameLast5": 25.8,
        "savesPer60": 28.5,
        "savesPer60Last1": 26.0,
        "savesPer60Last3": 24.5,
        "savesPer60Last5": 25.0,
        "shotsPerGame": 34.4,
        "shotsPerGameLast5": 28.4,
        "shotsAgainstPerGame": 28.2,
        "shotsAgainstPerGameLast5": 29.8,
        "oppSavesAgainstPer60": 34.8,
        "oppSavesAgainstPer60Last1": 26.0,
        "oppSavesAgainstPer60Last3": 24.8,
        "oppSavesAgainstPer60Last5": 30.0,
        "oppShotsAgainstPerGame": 26.0,
        "oppShotsAgainstPerGameLast5": 27.6,
        "savesProj": 34.6,
        "savesProjLast5": 27.2,
        "savesProjLast3": 26.2,
        "oppSavesAgainstProj": 29.9,
        "oppSavesAgainstProjLast5": 22.8,
        "oppSavesAgainstProjLast3": 18.8,
        "totalOver": 29,
        "totalOverLast5": 20,
        "totalOverLast15": 13,
        "lastTotalOver": 29,
        "last5": "0,0,1,0,0,0,0,0,0,0",
        "overOdds": "+190",
        "underOdds": "0",
        "overUnder": "+190 / 0"
    },
    {
        "player": "Jesperi Kotkaniemi",
        "team": "CAR",
        "opponent": "NJ",
        "propType": "g",
        "line": 0.5,
        "ppLine": "PP2",
        "avg": 0.21,
        "hit": false,
        "diffAvg": -0.58,
        "diffAbs": 0.6,
        "lastAvg": 0.15,
        "diff": -0.7,
        "avgMin": 14,
        "proj": 0.2,
        "lastAvgMin": 12.02,
        "oppOver": 0,
        "teamOver": 0,
        "gameLine": "+130",
        "+/-": "+2",
        "L5_+/-": -8.0,
        "prevMatchup": "2023-05-07 0.0 g 2023-05-03 1.0 g 2023-03-12 0.0 g 2023-01-10 1.0 g 2023-01-01 0.0 g 2022-12-20 1.0 g",
        "winLossSplits": "25% - 12%",
        "awayHome": "A",
        "playedYesterday": "N",
        "awayHomeSplits": "7% - 33%",
        "savesAboveExp": 0.109,
        "gsaa": 8.64,
        "corsi": "59.9% (67.4) // 61.2% (68.8) // 59.9% (67.4) // 59.9% (67.4)",
        "fenwick": "59.1% (50.8) // 60.1% (51.8) // 59.1% (50.8) // 59.1% (50.8)",
        "shots": "57.2% (34.3) // 58.4% (34.4) // 57.2% (34.3) // 57.2% (34.3)",
        "scoring": "58.9% (33.3) // 62.3% (33.3) // 58.9% (33.3) // 58.9% (33.3)",
        "corsiAgainst": "40.1% (45.2) // 38.8% (43.6) // 40.1% (45.2) // 40.1% (45.2)",
        "fenwickAgainst": "40.9% (35.1) // 39.9% (34.4) // 40.9% (35.1) // 40.9% (35.1)",
        "shotsAgainst": "42.8% (25.6) // 41.6% (24.5) // 42.8% (25.6) // 42.8% (25.6)",
        "scoringAgainst": "41.1% (23.3) // 37.7% (20.2) // 41.1% (23.3) // 41.1% (23.3)",
        "oppCorsi": "53.7% (63.4) // 55.1% (64.9) // 53.7% (63.4) // 53.7% (63.4)",
        "oppFenwick": "53.9% (46.9) // 55.2% (48.2) // 53.9% (46.9) // 53.9% (46.9)",
        "oppShots": "54.9% (33.9) // 54.4% (33.3) // 54.9% (33.9) // 54.9% (33.9)",
        "oppScoring": "56.3% (35.0) // 60.7% (39.4) // 56.3% (35.0) // 56.3% (35.0)",
        "oppCorsiAgainst": "46.3% (54.8) // 44.9% (52.8) // 46.3% (54.8) // 46.3% (54.8)",
        "oppFenwickAgainst": "46.1% (40.1) // 44.8% (39.2) // 46.1% (40.1) // 46.1% (40.1)",
        "oppShotsAgainst": "45.1% (27.8) // 45.6% (28.0) // 45.1% (27.8) // 45.1% (27.8)",
        "oppScoringAgainst": "43.7% (27.1) // 39.3% (25.5) // 43.7% (27.1) // 43.7% (27.1)",
        "savesPerGame": 23.4,
        "savesPerGameLast1": 26.0,
        "savesPerGameLast3": 24.0,
        "savesPerGameLast5": 24.8,
        "savesPer60": 25.9,
        "savesPer60Last1": 26.0,
        "savesPer60Last3": 24.8,
        "savesPer60Last5": 25.0,
        "shotsPerGame": 34.8,
        "shotsPerGameLast5": 33.2,
        "shotsAgainstPerGame": 26.0,
        "shotsAgainstPerGameLast5": 27.6,
        "oppSavesAgainstPer60": 34.4,
        "oppSavesAgainstPer60Last1": 26.0,
        "oppSavesAgainstPer60Last3": 23.8,
        "oppSavesAgainstPer60Last5": 24.9,
        "oppShotsAgainstPerGame": 28.2,
        "oppShotsAgainstPerGameLast5": 29.8,
        "savesProj": 27.6,
        "savesProjLast5": 23.9,
        "savesProjLast3": 18.3,
        "oppSavesAgainstProj": 27.6,
        "oppSavesAgainstProjLast5": 19.4,
        "oppSavesAgainstProjLast3": 18.7,
        "totalOver": 20,
        "totalOverLast5": 20,
        "totalOverLast15": 27,
        "lastTotalOver": 12,
        "last5": "0,1,0,0,0,0,0,0,1,1",
        "overOdds": "+330",
        "underOdds": "0",
        "overUnder": "+330 / 0"
    },
    {
        "player": "Jordan Martinook",
        "team": "CAR",
        "opponent": "NJ",
        "propType": "g",
        "line": 0.5,
        "ppLine": "",
        "avg": 0.16,
        "hit": false,
        "diffAvg": -0.68,
        "diffAbs": 0.8,
        "lastAvg": 0.09,
        "diff": -0.82,
        "avgMin": 15,
        "proj": 0.1,
        "lastAvgMin": 11.2,
        "oppOver": 0,
        "teamOver": 0,
        "gameLine": "+130",
        "+/-": "+7",
        "L5_+/-": "+1.0",
        "prevMatchup": "2023-05-07 1.0 g 2023-05-03 0.0 g 2023-03-12 0.0 g 2023-01-10 0.0 g 2023-01-01 0.0 g 2022-12-20 0.0 g",
        "winLossSplits": "18% - 6%",
        "awayHome": "A",
        "playedYesterday": "N",
        "awayHomeSplits": "13% - 13%",
        "savesAboveExp": 0.109,
        "gsaa": 8.64,
        "corsi": "59.9% (67.4) // 61.2% (68.8) // 59.9% (67.4) // 59.9% (67.4)",
        "fenwick": "59.1% (50.8) // 60.1% (51.8) // 59.1% (50.8) // 59.1% (50.8)",
        "shots": "57.2% (34.3) // 58.4% (34.4) // 57.2% (34.3) // 57.2% (34.3)",
        "scoring": "58.9% (33.3) // 62.3% (33.3) // 58.9% (33.3) // 58.9% (33.3)",
        "corsiAgainst": "40.1% (45.2) // 38.8% (43.6) // 40.1% (45.2) // 40.1% (45.2)",
        "fenwickAgainst": "40.9% (35.1) // 39.9% (34.4) // 40.9% (35.1) // 40.9% (35.1)",
        "shotsAgainst": "42.8% (25.6) // 41.6% (24.5) // 42.8% (25.6) // 42.8% (25.6)",
        "scoringAgainst": "41.1% (23.3) // 37.7% (20.2) // 41.1% (23.3) // 41.1% (23.3)",
        "oppCorsi": "53.7% (63.4) // 55.1% (64.9) // 53.7% (63.4) // 53.7% (63.4)",
        "oppFenwick": "53.9% (46.9) // 55.2% (48.2) // 53.9% (46.9) // 53.9% (46.9)",
        "oppShots": "54.9% (33.9) // 54.4% (33.3) // 54.9% (33.9) // 54.9% (33.9)",
        "oppScoring": "56.3% (35.0) // 60.7% (39.4) // 56.3% (35.0) // 56.3% (35.0)",
        "oppCorsiAgainst": "46.3% (54.8) // 44.9% (52.8) // 46.3% (54.8) // 46.3% (54.8)",
        "oppFenwickAgainst": "46.1% (40.1) // 44.8% (39.2) // 46.1% (40.1) // 46.1% (40.1)",
        "oppShotsAgainst": "45.1% (27.8) // 45.6% (28.0) // 45.1% (27.8) // 45.1% (27.8)",
        "oppScoringAgainst": "43.7% (27.1) // 39.3% (25.5) // 43.7% (27.1) // 43.7% (27.1)",
        "savesPerGame": 23.4,
        "savesPerGameLast1": 26.0,
        "savesPerGameLast3": 24.0,
        "savesPerGameLast5": 24.8,
        "savesPer60": 25.9,
        "savesPer60Last1": 26.0,
        "savesPer60Last3": 24.8,
        "savesPer60Last5": 25.0,
        "shotsPerGame": 34.8,
        "shotsPerGameLast5": 33.2,
        "shotsAgainstPerGame": 26.0,
        "shotsAgainstPerGameLast5": 27.6,
        "oppSavesAgainstPer60": 34.4,
        "oppSavesAgainstPer60Last1": 26.0,
        "oppSavesAgainstPer60Last3": 23.8,
        "oppSavesAgainstPer60Last5": 24.9,
        "oppShotsAgainstPerGame": 28.2,
        "oppShotsAgainstPerGameLast5": 29.8,
        "savesProj": 27.6,
        "savesProjLast5": 23.9,
        "savesProjLast3": 18.3,
        "oppSavesAgainstProj": 27.6,
        "oppSavesAgainstProjLast5": 19.4,
        "oppSavesAgainstProjLast3": 18.7,
        "totalOver": 13,
        "totalOverLast5": 20,
        "totalOverLast15": 13,
        "lastTotalOver": 10,
        "last5": "1,0,0,0,0,0,0,0,0,1",
        "overOdds": "+390",
        "underOdds": "0",
        "overUnder": "+390 / 0"
    },
    {
        "player": "Martin Necas",
        "team": "CAR",
        "opponent": "NJ",
        "propType": "g",
        "line": 0.5,
        "ppLine": "PP1",
        "avg": 0.32,
        "hit": false,
        "diffAvg": -0.36,
        "diffAbs": 0.6,
        "lastAvg": 0.15,
        "diff": -0.7,
        "avgMin": 18,
        "proj": 0.2,
        "lastAvgMin": 16.18,
        "oppOver": 0,
        "teamOver": 0,
        "gameLine": "+130",
        "+/-": -2,
        "L5_+/-": -7.0,
        "prevMatchup": "2023-05-07 0.0 g 2023-05-03 0.0 g 2023-03-12 0.0 g 2023-01-10 0.0 g 2023-01-01 1.0 g 2022-12-20 0.0 g",
        "winLossSplits": "37% - 21%",
        "awayHome": "A",
        "playedYesterday": "N",
        "awayHomeSplits": "36% - 27%",
        "savesAboveExp": 0.109,
        "gsaa": 8.64,
        "corsi": "59.9% (67.4) // 61.2% (68.8) // 59.9% (67.4) // 59.9% (67.4)",
        "fenwick": "59.1% (50.8) // 60.1% (51.8) // 59.1% (50.8) // 59.1% (50.8)",
        "shots": "57.2% (34.3) // 58.4% (34.4) // 57.2% (34.3) // 57.2% (34.3)",
        "scoring": "58.9% (33.3) // 62.3% (33.3) // 58.9% (33.3) // 58.9% (33.3)",
        "corsiAgainst": "40.1% (45.2) // 38.8% (43.6) // 40.1% (45.2) // 40.1% (45.2)",
        "fenwickAgainst": "40.9% (35.1) // 39.9% (34.4) // 40.9% (35.1) // 40.9% (35.1)",
        "shotsAgainst": "42.8% (25.6) // 41.6% (24.5) // 42.8% (25.6) // 42.8% (25.6)",
        "scoringAgainst": "41.1% (23.3) // 37.7% (20.2) // 41.1% (23.3) // 41.1% (23.3)",
        "oppCorsi": "53.7% (63.4) // 55.1% (64.9) // 53.7% (63.4) // 53.7% (63.4)",
        "oppFenwick": "53.9% (46.9) // 55.2% (48.2) // 53.9% (46.9) // 53.9% (46.9)",
        "oppShots": "54.9% (33.9) // 54.4% (33.3) // 54.9% (33.9) // 54.9% (33.9)",
        "oppScoring": "56.3% (35.0) // 60.7% (39.4) // 56.3% (35.0) // 56.3% (35.0)",
        "oppCorsiAgainst": "46.3% (54.8) // 44.9% (52.8) // 46.3% (54.8) // 46.3% (54.8)",
        "oppFenwickAgainst": "46.1% (40.1) // 44.8% (39.2) // 46.1% (40.1) // 46.1% (40.1)",
        "oppShotsAgainst": "45.1% (27.8) // 45.6% (28.0) // 45.1% (27.8) // 45.1% (27.8)",
        "oppScoringAgainst": "43.7% (27.1) // 39.3% (25.5) // 43.7% (27.1) // 43.7% (27.1)",
        "savesPerGame": 23.4,
        "savesPerGameLast1": 26.0,
        "savesPerGameLast3": 24.0,
        "savesPerGameLast5": 24.8,
        "savesPer60": 25.9,
        "savesPer60Last1": 26.0,
        "savesPer60Last3": 24.8,
        "savesPer60Last5": 25.0,
        "shotsPerGame": 34.8,
        "shotsPerGameLast5": 33.2,
        "shotsAgainstPerGame": 26.0,
        "shotsAgainstPerGameLast5": 27.6,
        "oppSavesAgainstPer60": 34.4,
        "oppSavesAgainstPer60Last1": 26.0,
        "oppSavesAgainstPer60Last3": 23.8,
        "oppSavesAgainstPer60Last5": 24.9,
        "oppShotsAgainstPerGame": 28.2,
        "oppShotsAgainstPerGameLast5": 29.8,
        "savesProj": 27.6,
        "savesProjLast5": 23.9,
        "savesProjLast3": 18.3,
        "oppSavesAgainstProj": 27.6,
        "oppSavesAgainstProjLast5": 19.4,
        "oppSavesAgainstProjLast3": 18.7,
        "totalOver": 31,
        "totalOverLast5": 20,
        "totalOverLast15": 13,
        "lastTotalOver": 15,
        "last5": "0,0,0,0,1,0,0,0,0,0",
        "overOdds": "+215",
        "underOdds": "0",
        "overUnder": "+215 / 0"
    },
    {
        "player": "Nico Hischier",
        "team": "NJ",
        "opponent": "CAR",
        "propType": "g",
        "line": 0.5,
        "ppLine": "PP1",
        "avg": 0.36,
        "hit": false,
        "diffAvg": -0.28,
        "diffAbs": 0.4,
        "lastAvg": 0.3,
        "diff": -0.4,
        "avgMin": 19,
        "proj": 0.3,
        "lastAvgMin": 19.33,
        "oppOver": 0,
        "teamOver": 0,
        "gameLine": "-150",
        "+/-": "+31",
        "L5_+/-": -1.0,
        "prevMatchup": "2023-05-07 1.0 g 2023-05-03 0.0 g 2023-03-12 0.0 g 2023-01-10 1.0 g 2023-01-01 1.0 g 2022-12-20 0.0 g",
        "winLossSplits": "39% - 24%",
        "awayHome": "H",
        "playedYesterday": "N",
        "awayHomeSplits": "39% - 28%",
        "savesAboveExp": -0.44,
        "gsaa": -0.71,
        "corsi": "53.7% (63.4) // 55.1% (64.9) // 53.7% (63.4) // 53.7% (63.4)",
        "fenwick": "53.9% (46.9) // 55.2% (48.2) // 53.9% (46.9) // 53.9% (46.9)",
        "shots": "54.9% (33.9) // 54.4% (33.3) // 54.9% (33.9) // 54.9% (33.9)",
        "scoring": "56.3% (35.0) // 60.7% (39.4) // 56.3% (35.0) // 56.3% (35.0)",
        "corsiAgainst": "46.3% (54.8) // 44.9% (52.8) // 46.3% (54.8) // 46.3% (54.8)",
        "fenwickAgainst": "46.1% (40.1) // 44.8% (39.2) // 46.1% (40.1) // 46.1% (40.1)",
        "shotsAgainst": "45.1% (27.8) // 45.6% (28.0) // 45.1% (27.8) // 45.1% (27.8)",
        "scoringAgainst": "43.7% (27.1) // 39.3% (25.5) // 43.7% (27.1) // 43.7% (27.1)",
        "oppCorsi": "59.9% (67.4) // 61.2% (68.8) // 59.9% (67.4) // 59.9% (67.4)",
        "oppFenwick": "59.1% (50.8) // 60.1% (51.8) // 59.1% (50.8) // 59.1% (50.8)",
        "oppShots": "57.2% (34.3) // 58.4% (34.4) // 57.2% (34.3) // 57.2% (34.3)",
        "oppScoring": "58.9% (33.3) // 62.3% (33.3) // 58.9% (33.3) // 58.9% (33.3)",
        "oppCorsiAgainst": "40.1% (45.2) // 38.8% (43.6) // 40.1% (45.2) // 40.1% (45.2)",
        "oppFenwickAgainst": "40.9% (35.1) // 39.9% (34.4) // 40.9% (35.1) // 40.9% (35.1)",
        "oppShotsAgainst": "42.8% (25.6) // 41.6% (24.5) // 42.8% (25.6) // 42.8% (25.6)",
        "oppScoringAgainst": "41.1% (23.3) // 37.7% (20.2) // 41.1% (23.3) // 41.1% (23.3)",
        "savesPerGame": 25.5,
        "savesPerGameLast1": 26.0,
        "savesPerGameLast3": 24.7,
        "savesPerGameLast5": 25.8,
        "savesPer60": 28.5,
        "savesPer60Last1": 26.0,
        "savesPer60Last3": 24.5,
        "savesPer60Last5": 25.0,
        "shotsPerGame": 34.4,
        "shotsPerGameLast5": 28.4,
        "shotsAgainstPerGame": 28.2,
        "shotsAgainstPerGameLast5": 29.8,
        "oppSavesAgainstPer60": 34.8,
        "oppSavesAgainstPer60Last1": 26.0,
        "oppSavesAgainstPer60Last3": 24.8,
        "oppSavesAgainstPer60Last5": 30.0,
        "oppShotsAgainstPerGame": 26.0,
        "oppShotsAgainstPerGameLast5": 27.6,
        "savesProj": 34.6,
        "savesProjLast5": 27.2,
        "savesProjLast3": 26.2,
        "oppSavesAgainstProj": 29.9,
        "oppSavesAgainstProjLast5": 22.8,
        "oppSavesAgainstProjLast3": 18.8,
        "totalOver": 33,
        "totalOverLast5": 20,
        "totalOverLast15": 7,
        "lastTotalOver": 25,
        "last5": "1,0,0,0,0,0,0,0,0,0",
        "overOdds": "+215",
        "underOdds": "0",
        "overUnder": "+215 / 0"
    },
    {
        "player": "Seth Jarvis",
        "team": "CAR",
        "opponent": "NJ",
        "propType": "g",
        "line": 0.5,
        "ppLine": "PP1",
        "avg": 0.2,
        "hit": false,
