[
    {
        "player": "Adam Fox",
        "team": "NYR",
        "opponent": "TB",
        "propType": "sog",
        "line": 1.5,
        "ppLine": "PP1",
        "avg": 2.04,
        "hit": false,
        "diffAvg": 0.36,
        "diffAbs": 0.07,
        "lastAvg": 1.61,
        "diff": 0.07,
        "avgMin": 24,
        "proj": 1.6,
        "lastAvgMin": 23.9,
        "oppOver": 0,
        "teamOver": 0,
        "gameLine": "-120",
        "+/-": "+28",
        "L5_+/-": "+8.0",
        "prevMatchup": "2022-12-29 2.0 sog 2022-10-11 0.0 sog",
        "winLossSplits": "60% - 62%",
        "awayHome": "H",
        "playedYesterday": "N",
        "awayHomeSplits": "67% - 55%",
        "savesAboveExp": 0.522,
        "gsaa": 24.74,
        "corsi": "51.4% (58.2) // 46.4% (52.2) // 48.9% (56.6) // 47.6% (56.1)",
        "fenwick": "52.1% (44.0) // 48.4% (41.4) // 50.4% (45.9) // 49.5% (45.5)",
        "shots": "51.8% (31.3) // 49.8% (30.9) // 51.0% (31.8) // 49.7% (30.4)",
        "scoring": "51.3% (30.8) // 47.7% (28.7) // 46.2% (29.0) // 44.6% (28.4)",
        "corsiAgainst": "48.6% (55.0) // 53.6% (60.3) // 51.1% (59.0) // 52.4% (61.7)",
        "fenwickAgainst": "47.9% (40.4) // 51.6% (44.1) // 49.6% (45.2) // 50.5% (46.5)",
        "shotsAgainst": "48.2% (29.1) // 50.2% (31.2) // 49.0% (30.5) // 50.3% (30.7)",
        "scoringAgainst": "48.7% (29.3) // 52.3% (31.5) // 53.8% (33.7) // 55.4% (35.3)",
        "oppCorsi": "51.5% (59.4) // 51.1% (57.7) // 50.0% (54.3) // 51.1% (57.5)",
        "oppFenwick": "51.5% (44.7) // 49.2% (41.3) // 47.4% (39.7) // 50.9% (44.5)",
        "oppShots": "50.5% (31.6) // 49.0% (29.3) // 46.5% (29.0) // 48.9% (33.0)",
        "oppScoring": "53.2% (33.9) // 49.9% (29.5) // 54.6% (31.3) // 59.7% (37.0)",
        "oppCorsiAgainst": "48.5% (56.0) // 48.9% (55.2) // 50.0% (54.3) // 48.9% (55.0)",
        "oppFenwickAgainst": "48.5% (42.1) // 50.8% (42.5) // 52.6% (44.0) // 49.1% (43.0)",
        "oppShotsAgainst": "49.5% (31.0) // 51.0% (30.4) // 53.5% (33.3) // 51.1% (34.5)",
        "oppScoringAgainst": "46.8% (29.8) // 50.1% (29.6) // 45.4% (26.0) // 40.3% (25.0)",
        "savesPerGame": 26.8,
        "savesPerGameLast1": 26.0,
        "savesPerGameLast3": 28.7,
        "savesPerGameLast5": 29.0,
        "savesPer60": 27.0,
        "savesPer60Last1": 26.0,
        "savesPer60Last3": 28.7,
        "savesPer60Last5": 29.0,
        "shotsPerGame": 31.7,
        "shotsPerGameLast5": 34.0,
        "shotsAgainstPerGame": 29.5,
        "shotsAgainstPerGameLast5": 31.4,
        "oppSavesAgainstPer60": 28.5,
        "oppSavesAgainstPer60Last1": 26.9,
        "oppSavesAgainstPer60Last3": 24.7,
        "oppSavesAgainstPer60Last5": 25.3,
        "oppShotsAgainstPerGame": 31.3,
        "oppShotsAgainstPerGameLast5": 33.8,
        "savesProj": 27.1,
        "savesProjLast5": 25.8,
        "savesProjLast3": 24.7,
        "oppSavesAgainstProj": 26.9,
        "oppSavesAgainstProjLast5": 24.8,
        "oppSavesAgainstProjLast3": 24.1,
        "totalOver": 61,
        "totalOverLast5": 80,
        "totalOverLast15": 67,
        "lastTotalOver": 64,
        "last5": "0,4,2,2,3,3,0,2,3,1",
        "overOdds": "-155",
        "underOdds": "+125",
        "overUnder": "-155 / +125"
    },
    {
        "player": "Artemi Panarin",
        "team": "NYR",
        "opponent": "TB",
        "propType": "sog",
        "line": 2.5,
        "ppLine": "PP1",
        "avg": 2.49,
        "hit": false,
        "diffAvg": -0.0,
        "diffAbs": 0.28,
        "lastAvg": 1.86,
        "diff": -0.26,
        "avgMin": 19,
        "proj": 1.8,
        "lastAvgMin": 19.22,
        "oppOver": 0,
        "teamOver": 0,
        "gameLine": "-120",
        "+/-": "+5",
        "L5_+/-": "+6.0",
        "prevMatchup": "2022-12-29 4.0 sog 2022-10-11 1.0 sog",
        "winLossSplits": "44% - 53%",
        "awayHome": "H",
        "playedYesterday": "N",
        "awayHomeSplits": "49% - 47%",
        "savesAboveExp": 0.522,
        "gsaa": 24.74,
        "corsi": "51.4% (58.2) // 46.4% (52.2) // 48.9% (56.6) // 47.6% (56.1)",
        "fenwick": "52.1% (44.0) // 48.4% (41.4) // 50.4% (45.9) // 49.5% (45.5)",
        "shots": "51.8% (31.3) // 49.8% (30.9) // 51.0% (31.8) // 49.7% (30.4)",
        "scoring": "51.3% (30.8) // 47.7% (28.7) // 46.2% (29.0) // 44.6% (28.4)",
        "corsiAgainst": "48.6% (55.0) // 53.6% (60.3) // 51.1% (59.0) // 52.4% (61.7)",
        "fenwickAgainst": "47.9% (40.4) // 51.6% (44.1) // 49.6% (45.2) // 50.5% (46.5)",
        "shotsAgainst": "48.2% (29.1) // 50.2% (31.2) // 49.0% (30.5) // 50.3% (30.7)",
        "scoringAgainst": "48.7% (29.3) // 52.3% (31.5) // 53.8% (33.7) // 55.4% (35.3)",
        "oppCorsi": "51.5% (59.4) // 51.1% (57.7) // 50.0% (54.3) // 51.1% (57.5)",
        "oppFenwick": "51.5% (44.7) // 49.2% (41.3) // 47.4% (39.7) // 50.9% (44.5)",
        "oppShots": "50.5% (31.6) // 49.0% (29.3) // 46.5% (29.0) // 48.9% (33.0)",
        "oppScoring": "53.2% (33.9) // 49.9% (29.5) // 54.6% (31.3) // 59.7% (37.0)",
        "oppCorsiAgainst": "48.5% (56.0) // 48.9% (55.2) // 50.0% (54.3) // 48.9% (55.0)",
        "oppFenwickAgainst": "48.5% (42.1) // 50.8% (42.5) // 52.6% (44.0) // 49.1% (43.0)",
        "oppShotsAgainst": "49.5% (31.0) // 51.0% (30.4) // 53.5% (33.3) // 51.1% (34.5)",
        "oppScoringAgainst": "46.8% (29.8) // 50.1% (29.6) // 45.4% (26.0) // 40.3% (25.0)",
        "savesPerGame": 26.8,
        "savesPerGameLast1": 26.0,
        "savesPerGameLast3": 28.7,
        "savesPerGameLast5": 29.0,
        "savesPer60": 27.0,
        "savesPer60Last1": 26.0,
        "savesPer60Last3": 28.7,
        "savesPer60Last5": 29.0,
        "shotsPerGame": 31.7,
        "shotsPerGameLast5": 34.0,
        "shotsAgainstPerGame": 29.5,
        "shotsAgainstPerGameLast5": 31.4,
        "oppSavesAgainstPer60": 28.5,
        "oppSavesAgainstPer60Last1": 26.9,
        "oppSavesAgainstPer60Last3": 24.7,
        "oppSavesAgainstPer60Last5": 25.3,
        "oppShotsAgainstPerGame": 31.3,
        "oppShotsAgainstPerGameLast5": 33.8,
        "savesProj": 27.1,
        "savesProjLast5": 25.8,
        "savesProjLast3": 24.7,
        "oppSavesAgainstProj": 26.9,
        "oppSavesAgainstProjLast5": 24.8,
        "oppSavesAgainstProjLast3": 24.1,
        "totalOver": 48,
        "totalOverLast5": 80,
        "totalOverLast15": 40,
        "lastTotalOver": 37,
        "last5": "3,3,4,4,2,4,2,1,2,2",
        "overOdds": "-110",
        "underOdds": "-120",
        "overUnder": "-110 / -120"
    },
    {
        "player": "Brandon Hagel",
        "team": "TB",
        "opponent": "NYR",
        "propType": "sog",
        "line": 1.5,
        "ppLine": "PP2",
        "avg": 2.14,
        "hit": false,
        "diffAvg": 0.43,
        "diffAbs": 0.07,
        "lastAvg": 1.25,
        "diff": -0.17,
        "avgMin": 18,
        "proj": 1.4,
        "lastAvgMin": 16.35,
        "oppOver": 0,
        "teamOver": 0,
        "gameLine": "+100",
        "+/-": "+19",
        "L5_+/-": "+5.0",
        "prevMatchup": "2022-12-29 6.0 sog 2022-10-11 1.0 sog",
        "winLossSplits": "73% - 53%",
        "awayHome": "A",
        "playedYesterday": "N",
        "awayHomeSplits": "66% - 64%",
        "savesAboveExp": 0.388,
        "gsaa": 17.02,
        "corsi": "51.5% (59.4) // 51.1% (57.7) // 50.0% (54.3) // 51.1% (57.5)",
        "fenwick": "51.5% (44.7) // 49.2% (41.3) // 47.4% (39.7) // 50.9% (44.5)",
        "shots": "50.5% (31.6) // 49.0% (29.3) // 46.5% (29.0) // 48.9% (33.0)",
        "scoring": "53.2% (33.9) // 49.9% (29.5) // 54.6% (31.3) // 59.7% (37.0)",
        "corsiAgainst": "48.5% (56.0) // 48.9% (55.2) // 50.0% (54.3) // 48.9% (55.0)",
        "fenwickAgainst": "48.5% (42.1) // 50.8% (42.5) // 52.6% (44.0) // 49.1% (43.0)",
        "shotsAgainst": "49.5% (31.0) // 51.0% (30.4) // 53.5% (33.3) // 51.1% (34.5)",
        "scoringAgainst": "46.8% (29.8) // 50.1% (29.6) // 45.4% (26.0) // 40.3% (25.0)",
        "oppCorsi": "51.4% (58.2) // 46.4% (52.2) // 48.9% (56.6) // 47.6% (56.1)",
        "oppFenwick": "52.1% (44.0) // 48.4% (41.4) // 50.4% (45.9) // 49.5% (45.5)",
        "oppShots": "51.8% (31.3) // 49.8% (30.9) // 51.0% (31.8) // 49.7% (30.4)",
        "oppScoring": "51.3% (30.8) // 47.7% (28.7) // 46.2% (29.0) // 44.6% (28.4)",
        "oppCorsiAgainst": "48.6% (55.0) // 53.6% (60.3) // 51.1% (59.0) // 52.4% (61.7)",
        "oppFenwickAgainst": "47.9% (40.4) // 51.6% (44.1) // 49.6% (45.2) // 50.5% (46.5)",
        "oppShotsAgainst": "48.2% (29.1) // 50.2% (31.2) // 49.0% (30.5) // 50.3% (30.7)",
        "oppScoringAgainst": "48.7% (29.3) // 52.3% (31.5) // 53.8% (33.7) // 55.4% (35.3)",
        "savesPerGame": 28.3,
        "savesPerGameLast1": 38.0,
        "savesPerGameLast3": 33.0,
        "savesPerGameLast5": 31.8,
        "savesPer60": 28.3,
        "savesPer60Last1": 38.0,
        "savesPer60Last3": 32.9,
        "savesPer60Last5": 31.6,
        "shotsPerGame": 31.9,
        "shotsPerGameLast5": 28.6,
        "shotsAgainstPerGame": 31.3,
        "shotsAgainstPerGameLast5": 33.8,
        "oppSavesAgainstPer60": 28.5,
        "oppSavesAgainstPer60Last1": 29.0,
        "oppSavesAgainstPer60Last3": 27.9,
        "oppSavesAgainstPer60Last5": 30.2,
        "oppShotsAgainstPerGame": 29.5,
        "oppShotsAgainstPerGameLast5": 31.4,
        "savesProj": 29.7,
        "savesProjLast5": 35.6,
        "savesProjLast3": 34.1,
        "oppSavesAgainstProj": 28.5,
        "oppSavesAgainstProjLast5": 32.8,
        "oppSavesAgainstProjLast3": 31.6,
        "totalOver": 65,
        "totalOverLast5": 60,
        "totalOverLast15": 60,
        "lastTotalOver": 50,
        "last5": "1,2,3,1,3,4,1,7,2,2",
        "overOdds": "-165",
        "underOdds": "+135",
        "overUnder": "-165 / +135"
    },
    {
        "player": "Brayden Point",
        "team": "TB",
        "opponent": "NYR",
        "propType": "sog",
        "line": 2.5,
        "ppLine": "PP1",
        "avg": 2.83,
        "hit": false,
        "diffAvg": 0.13,
        "diffAbs": 0.08,
        "lastAvg": 2.35,
        "diff": -0.06,
        "avgMin": 19,
        "proj": 2.3,
        "lastAvgMin": 19.45,
        "oppOver": 0,
        "teamOver": 0,
        "gameLine": "+100",
        "+/-": "+5",
        "L5_+/-": "+7.0",
        "prevMatchup": "2022-12-29 5.0 sog 2022-10-11 3.0 sog",
        "winLossSplits": "51% - 50%",
        "awayHome": "A",
        "playedYesterday": "N",
        "awayHomeSplits": "45% - 56%",
        "savesAboveExp": 0.388,
        "gsaa": 17.02,
        "corsi": "51.5% (59.4) // 51.1% (57.7) // 50.0% (54.3) // 51.1% (57.5)",
        "fenwick": "51.5% (44.7) // 49.2% (41.3) // 47.4% (39.7) // 50.9% (44.5)",
        "shots": "50.5% (31.6) // 49.0% (29.3) // 46.5% (29.0) // 48.9% (33.0)",
        "scoring": "53.2% (33.9) // 49.9% (29.5) // 54.6% (31.3) // 59.7% (37.0)",
        "corsiAgainst": "48.5% (56.0) // 48.9% (55.2) // 50.0% (54.3) // 48.9% (55.0)",
        "fenwickAgainst": "48.5% (42.1) // 50.8% (42.5) // 52.6% (44.0) // 49.1% (43.0)",
        "shotsAgainst": "49.5% (31.0) // 51.0% (30.4) // 53.5% (33.3) // 51.1% (34.5)",
        "scoringAgainst": "46.8% (29.8) // 50.1% (29.6) // 45.4% (26.0) // 40.3% (25.0)",
        "oppCorsi": "51.4% (58.2) // 46.4% (52.2) // 48.9% (56.6) // 47.6% (56.1)",
        "oppFenwick": "52.1% (44.0) // 48.4% (41.4) // 50.4% (45.9) // 49.5% (45.5)",
        "oppShots": "51.8% (31.3) // 49.8% (30.9) // 51.0% (31.8) // 49.7% (30.4)",
        "oppScoring": "51.3% (30.8) // 47.7% (28.7) // 46.2% (29.0) // 44.6% (28.4)",
        "oppCorsiAgainst": "48.6% (55.0) // 53.6% (60.3) // 51.1% (59.0) // 52.4% (61.7)",
        "oppFenwickAgainst": "47.9% (40.4) // 51.6% (44.1) // 49.6% (45.2) // 50.5% (46.5)",
        "oppShotsAgainst": "48.2% (29.1) // 50.2% (31.2) // 49.0% (30.5) // 50.3% (30.7)",
        "oppScoringAgainst": "48.7% (29.3) // 52.3% (31.5) // 53.8% (33.7) // 55.4% (35.3)",
        "savesPerGame": 28.3,
        "savesPerGameLast1": 38.0,
        "savesPerGameLast3": 33.0,
        "savesPerGameLast5": 31.8,
        "savesPer60": 28.3,
        "savesPer60Last1": 38.0,
        "savesPer60Last3": 32.9,
        "savesPer60Last5": 31.6,
        "shotsPerGame": 31.9,
        "shotsPerGameLast5": 28.6,
        "shotsAgainstPerGame": 31.3,
        "shotsAgainstPerGameLast5": 33.8,
        "oppSavesAgainstPer60": 28.5,
        "oppSavesAgainstPer60Last1": 29.0,
        "oppSavesAgainstPer60Last3": 27.9,
        "oppSavesAgainstPer60Last5": 30.2,
        "oppShotsAgainstPerGame": 29.5,
        "oppShotsAgainstPerGameLast5": 31.4,
        "savesProj": 29.7,
        "savesProjLast5": 35.6,
        "savesProjLast3": 34.1,
        "oppSavesAgainstProj": 28.5,
        "oppSavesAgainstProjLast5": 32.8,
        "oppSavesAgainstProjLast3": 31.6,
        "totalOver": 51,
        "totalOverLast5": 20,
        "totalOverLast15": 27,
        "lastTotalOver": 43,
        "last5": "2,3,2,1,2,4,2,0,0,1",
        "overOdds": "+105",
        "underOdds": "-135",
        "overUnder": "+105 / -135"
    },
    {
        "player": "Chris Kreider",
        "team": "NYR",
        "opponent": "TB",
        "propType": "sog",
        "line": 2.5,
        "ppLine": "PP1",
        "avg": 2.96,
        "hit": false,
        "diffAvg": 0.18,
        "diffAbs": 0.04,
        "lastAvg": 2.5,
        "diff": 0.0,
        "avgMin": 18,
        "proj": 2.4,
        "lastAvgMin": 18.72,
        "oppOver": 0,
        "teamOver": 0,
        "gameLine": "-120",
        "+/-": "+22",
        "L5_+/-": "+4.0",
        "prevMatchup": "2022-12-29 6.0 sog 2022-10-11 5.0 sog",
        "winLossSplits": "56% - 48%",
        "awayHome": "H",
        "playedYesterday": "N",
        "awayHomeSplits": "53% - 53%",
        "savesAboveExp": 0.522,
        "gsaa": 24.74,
        "corsi": "51.4% (58.2) // 46.4% (52.2) // 48.9% (56.6) // 47.6% (56.1)",
        "fenwick": "52.1% (44.0) // 48.4% (41.4) // 50.4% (45.9) // 49.5% (45.5)",
        "shots": "51.8% (31.3) // 49.8% (30.9) // 51.0% (31.8) // 49.7% (30.4)",
        "scoring": "51.3% (30.8) // 47.7% (28.7) // 46.2% (29.0) // 44.6% (28.4)",
        "corsiAgainst": "48.6% (55.0) // 53.6% (60.3) // 51.1% (59.0) // 52.4% (61.7)",
        "fenwickAgainst": "47.9% (40.4) // 51.6% (44.1) // 49.6% (45.2) // 50.5% (46.5)",
        "shotsAgainst": "48.2% (29.1) // 50.2% (31.2) // 49.0% (30.5) // 50.3% (30.7)",
        "scoringAgainst": "48.7% (29.3) // 52.3% (31.5) // 53.8% (33.7) // 55.4% (35.3)",
        "oppCorsi": "51.5% (59.4) // 51.1% (57.7) // 50.0% (54.3) // 51.1% (57.5)",
        "oppFenwick": "51.5% (44.7) // 49.2% (41.3) // 47.4% (39.7) // 50.9% (44.5)",
        "oppShots": "50.5% (31.6) // 49.0% (29.3) // 46.5% (29.0) // 48.9% (33.0)",
        "oppScoring": "53.2% (33.9) // 49.9% (29.5) // 54.6% (31.3) // 59.7% (37.0)",
        "oppCorsiAgainst": "48.5% (56.0) // 48.9% (55.2) // 50.0% (54.3) // 48.9% (55.0)",
        "oppFenwickAgainst": "48.5% (42.1) // 50.8% (42.5) // 52.6% (44.0) // 49.1% (43.0)",
        "oppShotsAgainst": "49.5% (31.0) // 51.0% (30.4) // 53.5% (33.3) // 51.1% (34.5)",
        "oppScoringAgainst": "46.8% (29.8) // 50.1% (29.6) // 45.4% (26.0) // 40.3% (25.0)",
        "savesPerGame": 26.8,
        "savesPerGameLast1": 26.0,
        "savesPerGameLast3": 28.7,
        "savesPerGameLast5": 29.0,
        "savesPer60": 27.0,
        "savesPer60Last1": 26.0,
        "savesPer60Last3": 28.7,
        "savesPer60Last5": 29.0,
        "shotsPerGame": 31.7,
        "shotsPerGameLast5": 34.0,
        "shotsAgainstPerGame": 29.5,
        "shotsAgainstPerGameLast5": 31.4,
        "oppSavesAgainstPer60": 28.5,
        "oppSavesAgainstPer60Last1": 26.9,
        "oppSavesAgainstPer60Last3": 24.7,
        "oppSavesAgainstPer60Last5": 25.3,
        "oppShotsAgainstPerGame": 31.3,
        "oppShotsAgainstPerGameLast5": 33.8,
        "savesProj": 27.1,
        "savesProjLast5": 25.8,
        "savesProjLast3": 24.7,
        "oppSavesAgainstProj": 26.9,
        "oppSavesAgainstProjLast5": 24.8,
        "oppSavesAgainstProjLast3": 24.1,
        "totalOver": 53,
        "totalOverLast5": 60,
        "totalOverLast15": 40,
        "lastTotalOver": 56,
        "last5": "0,1,3,4,4,0,4,1,2,4",
        "overOdds": "-120",
        "underOdds": "-110",
        "overUnder": "-120 / -110"
    },
    {
        "player": "Filip Chytil",
        "team": "NYR",
        "opponent": "TB",
        "propType": "sog",
        "line": 2.5,
        "ppLine": "PP2",
        "avg": 2.33,
        "hit": false,
        "diffAvg": -0.07,
        "diffAbs": 0.36,
        "lastAvg": 1.55,
        "diff": -0.38,
        "avgMin": 14,
        "proj": 1.6,
        "lastAvgMin": 13.17,
        "oppOver": 0,
        "teamOver": 0,
        "gameLine": "-120",
        "+/-": "+18",
        "L5_+/-": "+9.0",
        "prevMatchup": "2022-12-29 3.0 sog 2022-10-11 2.0 sog",
        "winLossSplits": "34% - 43%",
        "awayHome": "H",
        "playedYesterday": "N",
        "awayHomeSplits": "31% - 45%",
        "savesAboveExp": 0.522,
        "gsaa": 24.74,
        "corsi": "51.4% (58.2) // 46.4% (52.2) // 48.9% (56.6) // 47.6% (56.1)",
        "fenwick": "52.1% (44.0) // 48.4% (41.4) // 50.4% (45.9) // 49.5% (45.5)",
        "shots": "51.8% (31.3) // 49.8% (30.9) // 51.0% (31.8) // 49.7% (30.4)",
        "scoring": "51.3% (30.8) // 47.7% (28.7) // 46.2% (29.0) // 44.6% (28.4)",
        "corsiAgainst": "48.6% (55.0) // 53.6% (60.3) // 51.1% (59.0) // 52.4% (61.7)",
        "fenwickAgainst": "47.9% (40.4) // 51.6% (44.1) // 49.6% (45.2) // 50.5% (46.5)",
        "shotsAgainst": "48.2% (29.1) // 50.2% (31.2) // 49.0% (30.5) // 50.3% (30.7)",
        "scoringAgainst": "48.7% (29.3) // 52.3% (31.5) // 53.8% (33.7) // 55.4% (35.3)",
        "oppCorsi": "51.5% (59.4) // 51.1% (57.7) // 50.0% (54.3) // 51.1% (57.5)",
        "oppFenwick": "51.5% (44.7) // 49.2% (41.3) // 47.4% (39.7) // 50.9% (44.5)",
        "oppShots": "50.5% (31.6) // 49.0% (29.3) // 46.5% (29.0) // 48.9% (33.0)",
        "oppScoring": "53.2% (33.9) // 49.9% (29.5) // 54.6% (31.3) // 59.7% (37.0)",
        "oppCorsiAgainst": "48.5% (56.0) // 48.9% (55.2) // 50.0% (54.3) // 48.9% (55.0)",
        "oppFenwickAgainst": "48.5% (42.1) // 50.8% (42.5) // 52.6% (44.0) // 49.1% (43.0)",
        "oppShotsAgainst": "49.5% (31.0) // 51.0% (30.4) // 53.5% (33.3) // 51.1% (34.5)",
        "oppScoringAgainst": "46.8% (29.8) // 50.1% (29.6) // 45.4% (26.0) // 40.3% (25.0)",
        "savesPerGame": 26.8,
        "savesPerGameLast1": 26.0,
        "savesPerGameLast3": 28.7,
        "savesPerGameLast5": 29.0,
        "savesPer60": 27.0,
        "savesPer60Last1": 26.0,
        "savesPer60Last3": 28.7,
        "savesPer60Last5": 29.0,
        "shotsPerGame": 31.7,
        "shotsPerGameLast5": 34.0,
        "shotsAgainstPerGame": 29.5,
        "shotsAgainstPerGameLast5": 31.4,
        "oppSavesAgainstPer60": 28.5,
        "oppSavesAgainstPer60Last1": 26.9,
        "oppSavesAgainstPer60Last3": 24.7,
        "oppSavesAgainstPer60Last5": 25.3,
        "oppShotsAgainstPerGame": 31.3,
        "oppShotsAgainstPerGameLast5": 33.8,
        "savesProj": 27.1,
        "savesProjLast5": 25.8,
        "savesProjLast3": 24.7,
        "oppSavesAgainstProj": 26.9,
        "oppSavesAgainstProjLast5": 24.8,
        "oppSavesAgainstProjLast3": 24.1,
        "totalOver": 38,
        "totalOverLast5": 60,
        "totalOverLast15": 33,
        "lastTotalOver": 34,
        "last5": "4,2,2,3,5,1,2,6,1,4",
        "overOdds": "+100",
        "underOdds": "-130",
        "overUnder": "+100 / -130"
    },
    {
        "player": "Jacob Trouba",
        "team": "NYR",
        "opponent": "TB",
        "propType": "sog",
        "line": 2.5,
        "ppLine": "PP2",
        "avg": 2.52,
        "hit": false,
        "diffAvg": 0.01,
        "diffAbs": 0.24,
        "lastAvg": 2.02,
        "diff": -0.19,
        "avgMin": 21,
        "proj": 1.9,
        "lastAvgMin": 22.42,
        "oppOver": 0,
        "teamOver": 0,
        "gameLine": "-120",
        "+/-": "+7",
        "L5_+/-": "+12.0",
        "prevMatchup": "2022-12-29 4.0 sog 2022-10-11 6.0 sog",
        "winLossSplits": "51% - 44%",
        "awayHome": "H",
        "playedYesterday": "N",
        "awayHomeSplits": "41% - 55%",
        "savesAboveExp": 0.522,
        "gsaa": 24.74,
        "corsi": "51.4% (58.2) // 46.4% (52.2) // 48.9% (56.6) // 47.6% (56.1)",
        "fenwick": "52.1% (44.0) // 48.4% (41.4) // 50.4% (45.9) // 49.5% (45.5)",
        "shots": "51.8% (31.3) // 49.8% (30.9) // 51.0% (31.8) // 49.7% (30.4)",
        "scoring": "51.3% (30.8) // 47.7% (28.7) // 46.2% (29.0) // 44.6% (28.4)",
        "corsiAgainst": "48.6% (55.0) // 53.6% (60.3) // 51.1% (59.0) // 52.4% (61.7)",
        "fenwickAgainst": "47.9% (40.4) // 51.6% (44.1) // 49.6% (45.2) // 50.5% (46.5)",
        "shotsAgainst": "48.2% (29.1) // 50.2% (31.2) // 49.0% (30.5) // 50.3% (30.7)",
        "scoringAgainst": "48.7% (29.3) // 52.3% (31.5) // 53.8% (33.7) // 55.4% (35.3)",
        "oppCorsi": "51.5% (59.4) // 51.1% (57.7) // 50.0% (54.3) // 51.1% (57.5)",
        "oppFenwick": "51.5% (44.7) // 49.2% (41.3) // 47.4% (39.7) // 50.9% (44.5)",
        "oppShots": "50.5% (31.6) // 49.0% (29.3) // 46.5% (29.0) // 48.9% (33.0)",
        "oppScoring": "53.2% (33.9) // 49.9% (29.5) // 54.6% (31.3) // 59.7% (37.0)",
        "oppCorsiAgainst": "48.5% (56.0) // 48.9% (55.2) // 50.0% (54.3) // 48.9% (55.0)",
        "oppFenwickAgainst": "48.5% (42.1) // 50.8% (42.5) // 52.6% (44.0) // 49.1% (43.0)",
        "oppShotsAgainst": "49.5% (31.0) // 51.0% (30.4) // 53.5% (33.3) // 51.1% (34.5)",
        "oppScoringAgainst": "46.8% (29.8) // 50.1% (29.6) // 45.4% (26.0) // 40.3% (25.0)",
        "savesPerGame": 26.8,
        "savesPerGameLast1": 26.0,
        "savesPerGameLast3": 28.7,
        "savesPerGameLast5": 29.0,
        "savesPer60": 27.0,
        "savesPer60Last1": 26.0,
        "savesPer60Last3": 28.7,
        "savesPer60Last5": 29.0,
        "shotsPerGame": 31.7,
        "shotsPerGameLast5": 34.0,
        "shotsAgainstPerGame": 29.5,
        "shotsAgainstPerGameLast5": 31.4,
        "oppSavesAgainstPer60": 28.5,
        "oppSavesAgainstPer60Last1": 26.9,
        "oppSavesAgainstPer60Last3": 24.7,
        "oppSavesAgainstPer60Last5": 25.3,
        "oppShotsAgainstPerGame": 31.3,
        "oppShotsAgainstPerGameLast5": 33.8,
        "savesProj": 27.1,
        "savesProjLast5": 25.8,
        "savesProjLast3": 24.7,
        "oppSavesAgainstProj": 26.9,
        "oppSavesAgainstProjLast5": 24.8,
        "oppSavesAgainstProjLast3": 24.1,
        "totalOver": 48,
        "totalOverLast5": 40,
        "totalOverLast15": 40,
        "lastTotalOver": 38,
        "last5": "2,1,2,3,3,0,2,1,3,3",
        "overOdds": "+120",
        "underOdds": "-150",
        "overUnder": "+120 / -150"
    },
    {
        "player": "Mika Zibanejad",
        "team": "NYR",
        "opponent": "TB",
        "propType": "sog",
        "line": 2.5,
        "ppLine": "PP1",
        "avg": 3.1,
        "hit": false,
        "diffAvg": 0.24,
        "diffAbs": 0.12,
        "lastAvg": 2.17,
        "diff": -0.13,
        "avgMin": 20,
        "proj": 2.2,
        "lastAvgMin": 19.62,
        "oppOver": 0,
        "teamOver": 0,
        "gameLine": "-120",
        "+/-": "+23",
        "L5_+/-": "+4.0",
        "prevMatchup": "2022-12-29 3.0 sog 2022-10-11 9.0 sog",
        "winLossSplits": "62% - 62%",
        "awayHome": "H",
        "playedYesterday": "N",
        "awayHomeSplits": "59% - 66%",
        "savesAboveExp": 0.522,
        "gsaa": 24.74,
        "corsi": "51.4% (58.2) // 46.4% (52.2) // 48.9% (56.6) // 47.6% (56.1)",
        "fenwick": "52.1% (44.0) // 48.4% (41.4) // 50.4% (45.9) // 49.5% (45.5)",
        "shots": "51.8% (31.3) // 49.8% (30.9) // 51.0% (31.8) // 49.7% (30.4)",
        "scoring": "51.3% (30.8) // 47.7% (28.7) // 46.2% (29.0) // 44.6% (28.4)",
        "corsiAgainst": "48.6% (55.0) // 53.6% (60.3) // 51.1% (59.0) // 52.4% (61.7)",
        "fenwickAgainst": "47.9% (40.4) // 51.6% (44.1) // 49.6% (45.2) // 50.5% (46.5)",
        "shotsAgainst": "48.2% (29.1) // 50.2% (31.2) // 49.0% (30.5) // 50.3% (30.7)",
        "scoringAgainst": "48.7% (29.3) // 52.3% (31.5) // 53.8% (33.7) // 55.4% (35.3)",
        "oppCorsi": "51.5% (59.4) // 51.1% (57.7) // 50.0% (54.3) // 51.1% (57.5)",
        "oppFenwick": "51.5% (44.7) // 49.2% (41.3) // 47.4% (39.7) // 50.9% (44.5)",
        "oppShots": "50.5% (31.6) // 49.0% (29.3) // 46.5% (29.0) // 48.9% (33.0)",
        "oppScoring": "53.2% (33.9) // 49.9% (29.5) // 54.6% (31.3) // 59.7% (37.0)",
        "oppCorsiAgainst": "48.5% (56.0) // 48.9% (55.2) // 50.0% (54.3) // 48.9% (55.0)",
        "oppFenwickAgainst": "48.5% (42.1) // 50.8% (42.5) // 52.6% (44.0) // 49.1% (43.0)",
        "oppShotsAgainst": "49.5% (31.0) // 51.0% (30.4) // 53.5% (33.3) // 51.1% (34.5)",
        "oppScoringAgainst": "46.8% (29.8) // 50.1% (29.6) // 45.4% (26.0) // 40.3% (25.0)",
        "savesPerGame": 26.8,
        "savesPerGameLast1": 26.0,
        "savesPerGameLast3": 28.7,
        "savesPerGameLast5": 29.0,
        "savesPer60": 27.0,
        "savesPer60Last1": 26.0,
        "savesPer60Last3": 28.7,
        "savesPer60Last5": 29.0,
        "shotsPerGame": 31.7,
        "shotsPerGameLast5": 34.0,
        "shotsAgainstPerGame": 29.5,
        "shotsAgainstPerGameLast5": 31.4,
        "oppSavesAgainstPer60": 28.5,
        "oppSavesAgainstPer60Last1": 26.9,
        "oppSavesAgainstPer60Last3": 24.7,
        "oppSavesAgainstPer60Last5": 25.3,
        "oppShotsAgainstPerGame": 31.3,
        "oppShotsAgainstPerGameLast5": 33.8,
        "savesProj": 27.1,
        "savesProjLast5": 25.8,
        "savesProjLast3": 24.7,
        "oppSavesAgainstProj": 26.9,
        "oppSavesAgainstProjLast5": 24.8,
        "oppSavesAgainstProjLast3": 24.1,
        "totalOver": 62,
        "totalOverLast5": 60,
        "totalOverLast15": 40,
        "lastTotalOver": 47,
        "last5": "3,0,0,3,4,1,2,3,2,1",
        "overOdds": "-145",
        "underOdds": "+115",
        "overUnder": "-145 / +115"
    },
    {
        "player": "Mikhail Sergachev",
        "team": "TB",
        "opponent": "NYR",
        "propType": "sog",
        "line": 1.5,
        "ppLine": "PP1",
        "avg": 1.93,
        "hit": false,
        "diffAvg": 0.29,
        "diffAbs": 0.0,
        "lastAvg": 1.48,
        "diff": -0.01,
        "avgMin": 23,
        "proj": 1.5,
        "lastAvgMin": 22.47,
        "oppOver": 0,
        "teamOver": 0,
        "gameLine": "+100",
        "+/-": "+13",
        "L5_+/-": "+3.0",
        "prevMatchup": "2022-12-29 1.0 sog 2022-10-11 0.0 sog",
        "winLossSplits": "58% - 66%",
        "awayHome": "A",
        "playedYesterday": "N",
        "awayHomeSplits": "59% - 63%",
        "savesAboveExp": 0.388,
        "gsaa": 17.02,
        "corsi": "51.5% (59.4) // 51.1% (57.7) // 50.0% (54.3) // 51.1% (57.5)",
        "fenwick": "51.5% (44.7) // 49.2% (41.3) // 47.4% (39.7) // 50.9% (44.5)",
        "shots": "50.5% (31.6) // 49.0% (29.3) // 46.5% (29.0) // 48.9% (33.0)",
        "scoring": "53.2% (33.9) // 49.9% (29.5) // 54.6% (31.3) // 59.7% (37.0)",
        "corsiAgainst": "48.5% (56.0) // 48.9% (55.2) // 50.0% (54.3) // 48.9% (55.0)",
        "fenwickAgainst": "48.5% (42.1) // 50.8% (42.5) // 52.6% (44.0) // 49.1% (43.0)",
        "shotsAgainst": "49.5% (31.0) // 51.0% (30.4) // 53.5% (33.3) // 51.1% (34.5)",
        "scoringAgainst": "46.8% (29.8) // 50.1% (29.6) // 45.4% (26.0) // 40.3% (25.0)",
        "oppCorsi": "51.4% (58.2) // 46.4% (52.2) // 48.9% (56.6) // 47.6% (56.1)",
        "oppFenwick": "52.1% (44.0) // 48.4% (41.4) // 50.4% (45.9) // 49.5% (45.5)",
        "oppShots": "51.8% (31.3) // 49.8% (30.9) // 51.0% (31.8) // 49.7% (30.4)",
        "oppScoring": "51.3% (30.8) // 47.7% (28.7) // 46.2% (29.0) // 44.6% (28.4)",
        "oppCorsiAgainst": "48.6% (55.0) // 53.6% (60.3) // 51.1% (59.0) // 52.4% (61.7)",
        "oppFenwickAgainst": "47.9% (40.4) // 51.6% (44.1) // 49.6% (45.2) // 50.5% (46.5)",
        "oppShotsAgainst": "48.2% (29.1) // 50.2% (31.2) // 49.0% (30.5) // 50.3% (30.7)",
        "oppScoringAgainst": "48.7% (29.3) // 52.3% (31.5) // 53.8% (33.7) // 55.4% (35.3)",
        "savesPerGame": 28.3,
        "savesPerGameLast1": 38.0,
        "savesPerGameLast3": 33.0,
        "savesPerGameLast5": 31.8,
        "savesPer60": 28.3,
        "savesPer60Last1": 38.0,
        "savesPer60Last3": 32.9,
        "savesPer60Last5": 31.6,
        "shotsPerGame": 31.9,
        "shotsPerGameLast5": 28.6,
        "shotsAgainstPerGame": 31.3,
        "shotsAgainstPerGameLast5": 33.8,
        "oppSavesAgainstPer60": 28.5,
        "oppSavesAgainstPer60Last1": 29.0,
        "oppSavesAgainstPer60Last3": 27.9,
        "oppSavesAgainstPer60Last5": 30.2,
        "oppShotsAgainstPerGame": 29.5,
        "oppShotsAgainstPerGameLast5": 31.4,
        "savesProj": 29.7,
        "savesProjLast5": 35.6,
        "savesProjLast3": 34.1,
        "oppSavesAgainstProj": 28.5,
        "oppSavesAgainstProjLast5": 32.8,
        "oppSavesAgainstProjLast3": 31.6,
        "totalOver": 61,
        "totalOverLast5": 60,
        "totalOverLast15": 67,
        "lastTotalOver": 47,
        "last5": "4,1,1,4,2,2,1,3,2,3",
        "overOdds": "-160",
        "underOdds": "+130",
        "overUnder": "-160 / +130"
    },
    {
        "player": "Nikita Kucherov",
        "team": "TB",
        "opponent": "NYR",
        "propType": "sog",
        "line": 3.5,
        "ppLine": "PP1",
        "avg": 3.3,
        "hit": false,
        "diffAvg": -0.06,
        "diffAbs": 0.37,
        "lastAvg": 2.23,
        "diff": -0.36,
        "avgMin": 20,
        "proj": 2.2,
        "lastAvgMin": 19.97,
        "oppOver": 0,
        "teamOver": 0,
        "gameLine": "+100",
        "+/-": "+3",
        "L5_+/-": "+7.0",
        "prevMatchup": "2022-12-29 8.0 sog 2022-10-11 3.0 sog",
        "winLossSplits": "40% - 50%",
        "awayHome": "A",
        "playedYesterday": "N",
        "awayHomeSplits": "32% - 56%",
        "savesAboveExp": 0.388,
        "gsaa": 17.02,
        "corsi": "51.5% (59.4) // 51.1% (57.7) // 50.0% (54.3) // 51.1% (57.5)",
        "fenwick": "51.5% (44.7) // 49.2% (41.3) // 47.4% (39.7) // 50.9% (44.5)",
        "shots": "50.5% (31.6) // 49.0% (29.3) // 46.5% (29.0) // 48.9% (33.0)",
        "scoring": "53.2% (33.9) // 49.9% (29.5) // 54.6% (31.3) // 59.7% (37.0)",
        "corsiAgainst": "48.5% (56.0) // 48.9% (55.2) // 50.0% (54.3) // 48.9% (55.0)",
        "fenwickAgainst": "48.5% (42.1) // 50.8% (42.5) // 52.6% (44.0) // 49.1% (43.0)",
        "shotsAgainst": "49.5% (31.0) // 51.0% (30.4) // 53.5% (33.3) // 51.1% (34.5)",
        "scoringAgainst": "46.8% (29.8) // 50.1% (29.6) // 45.4% (26.0) // 40.3% (25.0)",
        "oppCorsi": "51.4% (58.2) // 46.4% (52.2) // 48.9% (56.6) // 47.6% (56.1)",
        "oppFenwick": "52.1% (44.0) // 48.4% (41.4) // 50.4% (45.9) // 49.5% (45.5)",
        "oppShots": "51.8% (31.3) // 49.8% (30.9) // 51.0% (31.8) // 49.7% (30.4)",
        "oppScoring": "51.3% (30.8) // 47.7% (28.7) // 46.2% (29.0) // 44.6% (28.4)",
        "oppCorsiAgainst": "48.6% (55.0) // 53.6% (60.3) // 51.1% (59.0) // 52.4% (61.7)",
        "oppFenwickAgainst": "47.9% (40.4) // 51.6% (44.1) // 49.6% (45.2) // 50.5% (46.5)",
        "oppShotsAgainst": "48.2% (29.1) // 50.2% (31.2) // 49.0% (30.5) // 50.3% (30.7)",
        "oppScoringAgainst": "48.7% (29.3) // 52.3% (31.5) // 53.8% (33.7) // 55.4% (35.3)",
        "savesPerGame": 28.3,
        "savesPerGameLast1": 38.0,
        "savesPerGameLast3": 33.0,
        "savesPerGameLast5": 31.8,
        "savesPer60": 28.3,
        "savesPer60Last1": 38.0,
        "savesPer60Last3": 32.9,
        "savesPer60Last5": 31.6,
        "shotsPerGame": 31.9,
        "shotsPerGameLast5": 28.6,
        "shotsAgainstPerGame": 31.3,
        "shotsAgainstPerGameLast5": 33.8,
        "oppSavesAgainstPer60": 28.5,
        "oppSavesAgainstPer60Last1": 29.0,
        "oppSavesAgainstPer60Last3": 27.9,
        "oppSavesAgainstPer60Last5": 30.2,
        "oppShotsAgainstPerGame": 29.5,
        "oppShotsAgainstPerGameLast5": 31.4,
        "savesProj": 29.7,
        "savesProjLast5": 35.6,
        "savesProjLast3": 34.1,
        "oppSavesAgainstProj": 28.5,
        "oppSavesAgainstProjLast5": 32.8,
        "oppSavesAgainstProjLast3": 31.6,
        "totalOver": 44,
        "totalOverLast5": 0,
        "totalOverLast15": 33,
        "lastTotalOver": 47,
        "last5": "3,2,3,3,1,2,4,2,2,2",
        "overOdds": "+140",
        "underOdds": "-175",
        "overUnder": "+140 / -175"
    },
    {
        "player": "Patrick Kane",
        "team": "NYR",
        "opponent": "TB",
        "propType": "sog",
        "line": 2.5,
        "ppLine": "PP1",
        "avg": 3.16,
        "hit": false,
        "diffAvg": 0.26,
        "diffAbs": 0.28,
        "lastAvg": 3.68,
        "diff": 0.47,
        "avgMin": 19,
        "proj": 3.2,
        "lastAvgMin": 21.82,
        "oppOver": 0,
        "teamOver": 0,
        "gameLine": "-120",
        "+/-": "+1",
        "L5_+/-": "+4.0",
        "prevMatchup": "2023-01-03 2.0 sog",
        "winLossSplits": "44% - 65%",
        "awayHome": "H",
        "playedYesterday": "Y",
        "awayHomeSplits": "60% - 54%",
        "savesAboveExp": 0.522,
        "gsaa": 24.74,
        "corsi": "51.4% (58.2) // 46.4% (52.2) // 48.9% (56.6) // 47.6% (56.1)",
        "fenwick": "52.1% (44.0) // 48.4% (41.4) // 50.4% (45.9) // 49.5% (45.5)",
        "shots": "51.8% (31.3) // 49.8% (30.9) // 51.0% (31.8) // 49.7% (30.4)",
        "scoring": "51.3% (30.8) // 47.7% (28.7) // 46.2% (29.0) // 44.6% (28.4)",
        "corsiAgainst": "48.6% (55.0) // 53.6% (60.3) // 51.1% (59.0) // 52.4% (61.7)",
        "fenwickAgainst": "47.9% (40.4) // 51.6% (44.1) // 49.6% (45.2) // 50.5% (46.5)",
        "shotsAgainst": "48.2% (29.1) // 50.2% (31.2) // 49.0% (30.5) // 50.3% (30.7)",
        "scoringAgainst": "48.7% (29.3) // 52.3% (31.5) // 53.8% (33.7) // 55.4% (35.3)",
        "oppCorsi": "51.5% (59.4) // 51.1% (57.7) // 50.0% (54.3) // 51.1% (57.5)",
        "oppFenwick": "51.5% (44.7) // 49.2% (41.3) // 47.4% (39.7) // 50.9% (44.5)",
        "oppShots": "50.5% (31.6) // 49.0% (29.3) // 46.5% (29.0) // 48.9% (33.0)",
        "oppScoring": "53.2% (33.9) // 49.9% (29.5) // 54.6% (31.3) // 59.7% (37.0)",
        "oppCorsiAgainst": "48.5% (56.0) // 48.9% (55.2) // 50.0% (54.3) // 48.9% (55.0)",
        "oppFenwickAgainst": "48.5% (42.1) // 50.8% (42.5) // 52.6% (44.0) // 49.1% (43.0)",
        "oppShotsAgainst": "49.5% (31.0) // 51.0% (30.4) // 53.5% (33.3) // 51.1% (34.5)",
        "oppScoringAgainst": "46.8% (29.8) // 50.1% (29.6) // 45.4% (26.0) // 40.3% (25.0)",
        "savesPerGame": 26.8,
        "savesPerGameLast1": 26.0,
        "savesPerGameLast3": 28.7,
        "savesPerGameLast5": 29.0,
        "savesPer60": 27.0,
        "savesPer60Last1": 26.0,
        "savesPer60Last3": 28.7,
        "savesPer60Last5": 29.0,
        "shotsPerGame": 31.7,
        "shotsPerGameLast5": 34.0,
        "shotsAgainstPerGame": 29.5,
        "shotsAgainstPerGameLast5": 31.4,
        "oppSavesAgainstPer60": 28.5,
        "oppSavesAgainstPer60Last1": 26.9,
        "oppSavesAgainstPer60Last3": 24.7,
        "oppSavesAgainstPer60Last5": 25.3,
        "oppShotsAgainstPerGame": 31.3,
        "oppShotsAgainstPerGameLast5": 33.8,
        "savesProj": 27.1,
        "savesProjLast5": 25.8,
        "savesProjLast3": 24.7,
        "oppSavesAgainstProj": 26.9,
        "oppSavesAgainstProjLast5": 24.8,
        "oppSavesAgainstProjLast3": 24.1,
        "totalOver": 57,
        "totalOverLast5": 40,
        "totalOverLast15": 40,
        "lastTotalOver": 62,
        "last5": "1,1,3,1,5,1,2,0,2,2",
        "overOdds": "-150",
        "underOdds": "+120",
        "overUnder": "-150 / +120"
    },
    {
        "player": "Steven Stamkos",
        "team": "TB",
        "opponent": "NYR",
        "propType": "sog",
        "line": 2.5,
        "ppLine": "PP1",
        "avg": 3.0,
        "hit": false,
        "diffAvg": 0.2,
        "diffAbs": 0.12,
        "lastAvg": 2.3,
        "diff": -0.08,
        "avgMin": 18,
        "proj": 2.2,
        "lastAvgMin": 18.47,
        "oppOver": 0,
        "teamOver": 0,
        "gameLine": "+100",
        "+/-": -2,
        "L5_+/-": "+2.0",
        "prevMatchup": "2022-12-29 2.0 sog 2022-10-11 5.0 sog",
        "winLossSplits": "55% - 53%",
        "awayHome": "A",
        "playedYesterday": "N",
        "awayHomeSplits": "57% - 51%",
        "savesAboveExp": 0.388,
        "gsaa": 17.02,
        "corsi": "51.5% (59.4) // 51.1% (57.7) // 50.0% (54.3) // 51.1% (57.5)",
        "fenwick": "51.5% (44.7) // 49.2% (41.3) // 47.4% (39.7) // 50.9% (44.5)",
        "shots": "50.5% (31.6) // 49.0% (29.3) // 46.5% (29.0) // 48.9% (33.0)",
        "scoring": "53.2% (33.9) // 49.9% (29.5) // 54.6% (31.3) // 59.7% (37.0)",
        "corsiAgainst": "48.5% (56.0) // 48.9% (55.2) // 50.0% (54.3) // 48.9% (55.0)",
        "fenwickAgainst": "48.5% (42.1) // 50.8% (42.5) // 52.6% (44.0) // 49.1% (43.0)",
        "shotsAgainst": "49.5% (31.0) // 51.0% (30.4) // 53.5% (33.3) // 51.1% (34.5)",
        "scoringAgainst": "46.8% (29.8) // 50.1% (29.6) // 45.4% (26.0) // 40.3% (25.0)",
        "oppCorsi": "51.4% (58.2) // 46.4% (52.2) // 48.9% (56.6) // 47.6% (56.1)",
        "oppFenwick": "52.1% (44.0) // 48.4% (41.4) // 50.4% (45.9) // 49.5% (45.5)",
        "oppShots": "51.8% (31.3) // 49.8% (30.9) // 51.0% (31.8) // 49.7% (30.4)",
        "oppScoring": "51.3% (30.8) // 47.7% (28.7) // 46.2% (29.0) // 44.6% (28.4)",
        "oppCorsiAgainst": "48.6% (55.0) // 53.6% (60.3) // 51.1% (59.0) // 52.4% (61.7)",
        "oppFenwickAgainst": "47.9% (40.4) // 51.6% (44.1) // 49.6% (45.2) // 50.5% (46.5)",
        "oppShotsAgainst": "48.2% (29.1) // 50.2% (31.2) // 49.0% (30.5) // 50.3% (30.7)",
        "oppScoringAgainst": "48.7% (29.3) // 52.3% (31.5) // 53.8% (33.7) // 55.4% (35.3)",
        "savesPerGame": 28.3,
        "savesPerGameLast1": 38.0,
        "savesPerGameLast3": 33.0,
        "savesPerGameLast5": 31.8,
        "savesPer60": 28.3,
        "savesPer60Last1": 38.0,
        "savesPer60Last3": 32.9,
        "savesPer60Last5": 31.6,
        "shotsPerGame": 31.9,
        "shotsPerGameLast5": 28.6,
        "shotsAgainstPerGame": 31.3,
        "shotsAgainstPerGameLast5": 33.8,
        "oppSavesAgainstPer60": 28.5,
        "oppSavesAgainstPer60Last1": 29.0,
        "oppSavesAgainstPer60Last3": 27.9,
        "oppSavesAgainstPer60Last5": 30.2,
        "oppShotsAgainstPerGame": 29.5,
        "oppShotsAgainstPerGameLast5": 31.4,
        "savesProj": 29.7,
        "savesProjLast5": 35.6,
        "savesProjLast3": 34.1,
        "oppSavesAgainstProj": 28.5,
        "oppSavesAgainstProjLast5": 32.8,
        "oppSavesAgainstProjLast3": 31.6,
        "totalOver": 54,
        "totalOverLast5": 40,
        "totalOverLast15": 33,
        "lastTotalOver": 54,
        "last5": "3,1,2,3,0,3,0,4,4,2",
        "overOdds": "-120",
        "underOdds": "-110",
        "overUnder": "-120 / -110"
    },
    {
        "player": "Victor Hedman",
        "team": "TB",
        "opponent": "NYR",
        "propType": "sog",
        "line": 2.5,
        "ppLine": "PP2",
        "avg": 2.44,
        "hit": false,
        "diffAvg": -0.02,
        "diffAbs": 0.24,
        "lastAvg": 2.07,
        "diff": -0.17,
        "avgMin": 23,
        "proj": 1.9,
        "lastAvgMin": 25.07,
        "oppOver": 0,
        "teamOver": 0,
        "gameLine": "+100",
        "+/-": "+15",
        "L5_+/-": "+3.0",
        "prevMatchup": "2022-12-29 3.0 sog 2022-10-11 3.0 sog",
        "winLossSplits": "44% - 41%",
        "awayHome": "A",
        "playedYesterday": "N",
        "awayHomeSplits": "46% - 40%",
        "savesAboveExp": 0.388,
        "gsaa": 17.02,
        "corsi": "51.5% (59.4) // 51.1% (57.7) // 50.0% (54.3) // 51.1% (57.5)",
