[
    {
        "player": "Brett Pesce",
        "team": "CAR",
        "opponent": "NJ",
        "propType": "bs",
        "line": 1.5,
        "ppLine": "",
        "avg": 1.39,
        "hit": false,
        "diffAvg": -0.07,
        "diffAbs": 1.0,
        "lastAvg": 0.0,
        "diff": 0,
        "avgMin": 21,
        "proj": 0.0,
        "lastAvgMin": 21.7,
        "oppOver": 0,
        "teamOver": 0,
        "gameLine": "+130",
        "+/-": "+7",
        "L5_+/-": -5.0,
        "prevMatchup": "2023-05-07 3.0 bs 2023-05-03 1.0 bs 2023-03-12 2.0 bs 2023-01-10 2.0 bs 2023-01-01 1.0 bs 2022-12-20 2.0 bs",
        "winLossSplits": "47% - 42%",
        "awayHome": "A",
        "playedYesterday": "N",
        "awayHomeSplits": "44% - 47%",
        "savesAboveExp": 0.109,
        "gsaa": 8.64,
        "corsi": "59.9% (67.4) // 61.2% (68.8) // 59.9% (67.4) // 59.9% (67.4)",
        "fenwick": "59.1% (50.8) // 60.1% (51.8) // 59.1% (50.8) // 59.1% (50.8)",
        "shots": "57.2% (34.3) // 58.4% (34.4) // 57.2% (34.3) // 57.2% (34.3)",
        "scoring": "58.9% (33.3) // 62.3% (33.3) // 58.9% (33.3) // 58.9% (33.3)",
        "corsiAgainst": "40.1% (45.2) // 38.8% (43.6) // 40.1% (45.2) // 40.1% (45.2)",
        "fenwickAgainst": "40.9% (35.1) // 39.9% (34.4) // 40.9% (35.1) // 40.9% (35.1)",
        "shotsAgainst": "42.8% (25.6) // 41.6% (24.5) // 42.8% (25.6) // 42.8% (25.6)",
        "scoringAgainst": "41.1% (23.3) // 37.7% (20.2) // 41.1% (23.3) // 41.1% (23.3)",
        "oppCorsi": "53.7% (63.4) // 55.1% (64.9) // 53.7% (63.4) // 53.7% (63.4)",
        "oppFenwick": "53.9% (46.9) // 55.2% (48.2) // 53.9% (46.9) // 53.9% (46.9)",
        "oppShots": "54.9% (33.9) // 54.4% (33.3) // 54.9% (33.9) // 54.9% (33.9)",
        "oppScoring": "56.3% (35.0) // 60.7% (39.4) // 56.3% (35.0) // 56.3% (35.0)",
        "oppCorsiAgainst": "46.3% (54.8) // 44.9% (52.8) // 46.3% (54.8) // 46.3% (54.8)",
        "oppFenwickAgainst": "46.1% (40.1) // 44.8% (39.2) // 46.1% (40.1) // 46.1% (40.1)",
        "oppShotsAgainst": "45.1% (27.8) // 45.6% (28.0) // 45.1% (27.8) // 45.1% (27.8)",
        "oppScoringAgainst": "43.7% (27.1) // 39.3% (25.5) // 43.7% (27.1) // 43.7% (27.1)",
        "savesPerGame": 23.4,
        "savesPerGameLast1": 26.0,
        "savesPerGameLast3": 24.0,
        "savesPerGameLast5": 24.8,
        "savesPer60": 25.9,
        "savesPer60Last1": 26.0,
        "savesPer60Last3": 24.8,
        "savesPer60Last5": 25.0,
        "shotsPerGame": 34.8,
        "shotsPerGameLast5": 33.2,
        "shotsAgainstPerGame": 26.0,
        "shotsAgainstPerGameLast5": 27.6,
        "oppSavesAgainstPer60": 34.4,
        "oppSavesAgainstPer60Last1": 26.0,
        "oppSavesAgainstPer60Last3": 23.8,
        "oppSavesAgainstPer60Last5": 24.9,
        "oppShotsAgainstPerGame": 28.2,
        "oppShotsAgainstPerGameLast5": 29.8,
        "savesProj": 27.6,
        "savesProjLast5": 23.9,
        "savesProjLast3": 18.3,
        "oppSavesAgainstProj": 27.6,
        "oppSavesAgainstProjLast5": 19.4,
        "oppSavesAgainstProjLast3": 18.7,
        "totalOver": 46,
        "totalOverLast5": 60,
        "totalOverLast15": 53,
        "lastTotalOver": 0,
        "last5": "3,1,2,0,3,2,3,1,2,0",
        "overOdds": "-145",
        "underOdds": "+115",
        "overUnder": "-145 / +115"
    },
    {
        "player": "Damon Severson",
        "team": "NJ",
        "opponent": "CAR",
        "propType": "bs",
        "line": 1.5,
        "ppLine": "PP2",
        "avg": 1.39,
        "hit": false,
        "diffAvg": -0.07,
        "diffAbs": 1.0,
        "lastAvg": 0.0,
        "diff": 0,
        "avgMin": 19,
        "proj": 0.0,
        "lastAvgMin": 23.6,
        "oppOver": 0,
        "teamOver": 0,
        "gameLine": "-150",
        "+/-": "+8",
        "L5_+/-": -1.0,
        "prevMatchup": "2023-05-07 0.0 bs 2023-05-03 1.0 bs 2023-03-12 1.0 bs 2023-01-10 1.0 bs 2023-01-01 2.0 bs 2022-12-20 1.0 bs",
        "winLossSplits": "40% - 36%",
        "awayHome": "H",
        "playedYesterday": "N",
        "awayHomeSplits": "33% - 44%",
        "savesAboveExp": -0.44,
        "gsaa": -0.71,
        "corsi": "53.7% (63.4) // 55.1% (64.9) // 53.7% (63.4) // 53.7% (63.4)",
        "fenwick": "53.9% (46.9) // 55.2% (48.2) // 53.9% (46.9) // 53.9% (46.9)",
        "shots": "54.9% (33.9) // 54.4% (33.3) // 54.9% (33.9) // 54.9% (33.9)",
        "scoring": "56.3% (35.0) // 60.7% (39.4) // 56.3% (35.0) // 56.3% (35.0)",
        "corsiAgainst": "46.3% (54.8) // 44.9% (52.8) // 46.3% (54.8) // 46.3% (54.8)",
        "fenwickAgainst": "46.1% (40.1) // 44.8% (39.2) // 46.1% (40.1) // 46.1% (40.1)",
        "shotsAgainst": "45.1% (27.8) // 45.6% (28.0) // 45.1% (27.8) // 45.1% (27.8)",
        "scoringAgainst": "43.7% (27.1) // 39.3% (25.5) // 43.7% (27.1) // 43.7% (27.1)",
        "oppCorsi": "59.9% (67.4) // 61.2% (68.8) // 59.9% (67.4) // 59.9% (67.4)",
        "oppFenwick": "59.1% (50.8) // 60.1% (51.8) // 59.1% (50.8) // 59.1% (50.8)",
        "oppShots": "57.2% (34.3) // 58.4% (34.4) // 57.2% (34.3) // 57.2% (34.3)",
        "oppScoring": "58.9% (33.3) // 62.3% (33.3) // 58.9% (33.3) // 58.9% (33.3)",
        "oppCorsiAgainst": "40.1% (45.2) // 38.8% (43.6) // 40.1% (45.2) // 40.1% (45.2)",
        "oppFenwickAgainst": "40.9% (35.1) // 39.9% (34.4) // 40.9% (35.1) // 40.9% (35.1)",
        "oppShotsAgainst": "42.8% (25.6) // 41.6% (24.5) // 42.8% (25.6) // 42.8% (25.6)",
        "oppScoringAgainst": "41.1% (23.3) // 37.7% (20.2) // 41.1% (23.3) // 41.1% (23.3)",
        "savesPerGame": 25.5,
        "savesPerGameLast1": 26.0,
        "savesPerGameLast3": 24.7,
        "savesPerGameLast5": 25.8,
        "savesPer60": 28.5,
        "savesPer60Last1": 26.0,
        "savesPer60Last3": 24.5,
        "savesPer60Last5": 25.0,
        "shotsPerGame": 34.4,
        "shotsPerGameLast5": 28.4,
        "shotsAgainstPerGame": 28.2,
        "shotsAgainstPerGameLast5": 29.8,
        "oppSavesAgainstPer60": 34.8,
        "oppSavesAgainstPer60Last1": 26.0,
        "oppSavesAgainstPer60Last3": 24.8,
        "oppSavesAgainstPer60Last5": 30.0,
        "oppShotsAgainstPerGame": 26.0,
        "oppShotsAgainstPerGameLast5": 27.6,
        "savesProj": 34.6,
        "savesProjLast5": 27.2,
        "savesProjLast3": 26.2,
        "oppSavesAgainstProj": 29.9,
        "oppSavesAgainstProjLast5": 22.8,
        "oppSavesAgainstProjLast3": 18.8,
        "totalOver": 39,
        "totalOverLast5": 20,
        "totalOverLast15": 33,
        "lastTotalOver": 0,
        "last5": "0,1,2,0,0,1,1,3,2,1",
        "overOdds": "-105",
        "underOdds": "-125",
        "overUnder": "-105 / -125"
    },
    {
        "player": "Jaccob Slavin",
        "team": "CAR",
        "opponent": "NJ",
        "propType": "bs",
        "line": 1.5,
        "ppLine": "",
        "avg": 1.4,
        "hit": false,
        "diffAvg": -0.07,
        "diffAbs": 1.0,
        "lastAvg": 0.0,
        "diff": 0,
        "avgMin": 21,
        "proj": 0.0,
        "lastAvgMin": 23.52,
        "oppOver": 0,
        "teamOver": 0,
        "gameLine": "+130",
        "+/-": "+25",
        "L5_+/-": "+12.0",
        "prevMatchup": "2023-05-07 0.0 bs 2023-05-03 1.0 bs 2023-03-12 4.0 bs 2023-01-10 0.0 bs 2023-01-01 1.0 bs 2022-12-20 4.0 bs",
        "winLossSplits": "39% - 39%",
        "awayHome": "A",
        "playedYesterday": "N",
        "awayHomeSplits": "33% - 45%",
        "savesAboveExp": 0.109,
        "gsaa": 8.64,
        "corsi": "59.9% (67.4) // 61.2% (68.8) // 59.9% (67.4) // 59.9% (67.4)",
        "fenwick": "59.1% (50.8) // 60.1% (51.8) // 59.1% (50.8) // 59.1% (50.8)",
        "shots": "57.2% (34.3) // 58.4% (34.4) // 57.2% (34.3) // 57.2% (34.3)",
        "scoring": "58.9% (33.3) // 62.3% (33.3) // 58.9% (33.3) // 58.9% (33.3)",
        "corsiAgainst": "40.1% (45.2) // 38.8% (43.6) // 40.1% (45.2) // 40.1% (45.2)",
        "fenwickAgainst": "40.9% (35.1) // 39.9% (34.4) // 40.9% (35.1) // 40.9% (35.1)",
        "shotsAgainst": "42.8% (25.6) // 41.6% (24.5) // 42.8% (25.6) // 42.8% (25.6)",
        "scoringAgainst": "41.1% (23.3) // 37.7% (20.2) // 41.1% (23.3) // 41.1% (23.3)",
        "oppCorsi": "53.7% (63.4) // 55.1% (64.9) // 53.7% (63.4) // 53.7% (63.4)",
        "oppFenwick": "53.9% (46.9) // 55.2% (48.2) // 53.9% (46.9) // 53.9% (46.9)",
        "oppShots": "54.9% (33.9) // 54.4% (33.3) // 54.9% (33.9) // 54.9% (33.9)",
        "oppScoring": "56.3% (35.0) // 60.7% (39.4) // 56.3% (35.0) // 56.3% (35.0)",
        "oppCorsiAgainst": "46.3% (54.8) // 44.9% (52.8) // 46.3% (54.8) // 46.3% (54.8)",
        "oppFenwickAgainst": "46.1% (40.1) // 44.8% (39.2) // 46.1% (40.1) // 46.1% (40.1)",
        "oppShotsAgainst": "45.1% (27.8) // 45.6% (28.0) // 45.1% (27.8) // 45.1% (27.8)",
        "oppScoringAgainst": "43.7% (27.1) // 39.3% (25.5) // 43.7% (27.1) // 43.7% (27.1)",
        "savesPerGame": 23.4,
        "savesPerGameLast1": 26.0,
        "savesPerGameLast3": 24.0,
        "savesPerGameLast5": 24.8,
        "savesPer60": 25.9,
        "savesPer60Last1": 26.0,
        "savesPer60Last3": 24.8,
        "savesPer60Last5": 25.0,
        "shotsPerGame": 34.8,
        "shotsPerGameLast5": 33.2,
        "shotsAgainstPerGame": 26.0,
        "shotsAgainstPerGameLast5": 27.6,
        "oppSavesAgainstPer60": 34.4,
        "oppSavesAgainstPer60Last1": 26.0,
        "oppSavesAgainstPer60Last3": 23.8,
        "oppSavesAgainstPer60Last5": 24.9,
        "oppShotsAgainstPerGame": 28.2,
        "oppShotsAgainstPerGameLast5": 29.8,
        "savesProj": 27.6,
        "savesProjLast5": 23.9,
        "savesProjLast3": 18.3,
        "oppSavesAgainstProj": 27.6,
        "oppSavesAgainstProjLast5": 19.4,
        "oppSavesAgainstProjLast3": 18.7,
        "totalOver": 39,
        "totalOverLast5": 60,
        "totalOverLast15": 40,
        "lastTotalOver": 0,
        "last5": "0,1,2,2,2,2,2,4,1,0",
        "overOdds": "-120",
        "underOdds": "-110",
        "overUnder": "-120 / -110"
    },
    {
        "player": "John Marino",
        "team": "NJ",
        "opponent": "CAR",
        "propType": "bs",
        "line": 1.5,
        "ppLine": "",
        "avg": 1.3,
        "hit": false,
        "diffAvg": -0.13,
        "diffAbs": 1.0,
        "lastAvg": 0.0,
        "diff": 0,
        "avgMin": 21,
        "proj": 0.0,
        "lastAvgMin": 20.63,
        "oppOver": 0,
        "teamOver": 0,
        "gameLine": "-150",
        "+/-": "+23",
        "L5_+/-": "+3.0",
        "prevMatchup": "2023-05-07 0.0 bs 2023-05-03 3.0 bs 2023-03-12 3.0 bs 2022-12-20 0.0 bs",
        "winLossSplits": "42% - 36%",
        "awayHome": "H",
        "playedYesterday": "N",
        "awayHomeSplits": "35% - 44%",
        "savesAboveExp": -0.44,
        "gsaa": -0.71,
        "corsi": "53.7% (63.4) // 55.1% (64.9) // 53.7% (63.4) // 53.7% (63.4)",
        "fenwick": "53.9% (46.9) // 55.2% (48.2) // 53.9% (46.9) // 53.9% (46.9)",
        "shots": "54.9% (33.9) // 54.4% (33.3) // 54.9% (33.9) // 54.9% (33.9)",
        "scoring": "56.3% (35.0) // 60.7% (39.4) // 56.3% (35.0) // 56.3% (35.0)",
        "corsiAgainst": "46.3% (54.8) // 44.9% (52.8) // 46.3% (54.8) // 46.3% (54.8)",
        "fenwickAgainst": "46.1% (40.1) // 44.8% (39.2) // 46.1% (40.1) // 46.1% (40.1)",
        "shotsAgainst": "45.1% (27.8) // 45.6% (28.0) // 45.1% (27.8) // 45.1% (27.8)",
        "scoringAgainst": "43.7% (27.1) // 39.3% (25.5) // 43.7% (27.1) // 43.7% (27.1)",
        "oppCorsi": "59.9% (67.4) // 61.2% (68.8) // 59.9% (67.4) // 59.9% (67.4)",
        "oppFenwick": "59.1% (50.8) // 60.1% (51.8) // 59.1% (50.8) // 59.1% (50.8)",
        "oppShots": "57.2% (34.3) // 58.4% (34.4) // 57.2% (34.3) // 57.2% (34.3)",
        "oppScoring": "58.9% (33.3) // 62.3% (33.3) // 58.9% (33.3) // 58.9% (33.3)",
        "oppCorsiAgainst": "40.1% (45.2) // 38.8% (43.6) // 40.1% (45.2) // 40.1% (45.2)",
        "oppFenwickAgainst": "40.9% (35.1) // 39.9% (34.4) // 40.9% (35.1) // 40.9% (35.1)",
        "oppShotsAgainst": "42.8% (25.6) // 41.6% (24.5) // 42.8% (25.6) // 42.8% (25.6)",
        "oppScoringAgainst": "41.1% (23.3) // 37.7% (20.2) // 41.1% (23.3) // 41.1% (23.3)",
        "savesPerGame": 25.5,
        "savesPerGameLast1": 26.0,
        "savesPerGameLast3": 24.7,
        "savesPerGameLast5": 25.8,
        "savesPer60": 28.5,
        "savesPer60Last1": 26.0,
        "savesPer60Last3": 24.5,
        "savesPer60Last5": 25.0,
        "shotsPerGame": 34.4,
        "shotsPerGameLast5": 28.4,
        "shotsAgainstPerGame": 28.2,
        "shotsAgainstPerGameLast5": 29.8,
        "oppSavesAgainstPer60": 34.8,
        "oppSavesAgainstPer60Last1": 26.0,
        "oppSavesAgainstPer60Last3": 24.8,
        "oppSavesAgainstPer60Last5": 30.0,
        "oppShotsAgainstPerGame": 26.0,
        "oppShotsAgainstPerGameLast5": 27.6,
        "savesProj": 34.6,
        "savesProjLast5": 27.2,
        "savesProjLast3": 26.2,
        "oppSavesAgainstProj": 29.9,
        "oppSavesAgainstProjLast5": 22.8,
        "oppSavesAgainstProjLast3": 18.8,
        "totalOver": 40,
        "totalOverLast5": 40,
        "totalOverLast15": 53,
        "lastTotalOver": 0,
        "last5": "0,3,0,0,5,2,2,2,0,0",
        "overOdds": "-115",
        "underOdds": "-115",
        "overUnder": "-115 / -115"
    },
    {
        "player": "Jonas Siegenthaler",
        "team": "NJ",
        "opponent": "CAR",
        "propType": "bs",
        "line": 1.5,
        "ppLine": "",
        "avg": 1.91,
        "hit": false,
        "diffAvg": 0.27,
        "diffAbs": 1.0,
        "lastAvg": 0.0,
        "diff": 0,
        "avgMin": 20,
        "proj": 0.0,
        "lastAvgMin": 20.57,
        "oppOver": 0,
        "teamOver": 0,
        "gameLine": "-150",
        "+/-": "+29",
        "L5_+/-": "+3.0",
        "prevMatchup": "2023-05-07 1.0 bs 2023-05-03 2.0 bs 2023-03-12 3.0 bs 2023-01-10 2.0 bs 2023-01-01 4.0 bs 2022-12-20 1.0 bs",
        "winLossSplits": "62% - 58%",
        "awayHome": "H",
        "playedYesterday": "N",
        "awayHomeSplits": "61% - 59%",
        "savesAboveExp": -0.44,
        "gsaa": -0.71,
        "corsi": "53.7% (63.4) // 55.1% (64.9) // 53.7% (63.4) // 53.7% (63.4)",
        "fenwick": "53.9% (46.9) // 55.2% (48.2) // 53.9% (46.9) // 53.9% (46.9)",
        "shots": "54.9% (33.9) // 54.4% (33.3) // 54.9% (33.9) // 54.9% (33.9)",
        "scoring": "56.3% (35.0) // 60.7% (39.4) // 56.3% (35.0) // 56.3% (35.0)",
        "corsiAgainst": "46.3% (54.8) // 44.9% (52.8) // 46.3% (54.8) // 46.3% (54.8)",
        "fenwickAgainst": "46.1% (40.1) // 44.8% (39.2) // 46.1% (40.1) // 46.1% (40.1)",
        "shotsAgainst": "45.1% (27.8) // 45.6% (28.0) // 45.1% (27.8) // 45.1% (27.8)",
        "scoringAgainst": "43.7% (27.1) // 39.3% (25.5) // 43.7% (27.1) // 43.7% (27.1)",
        "oppCorsi": "59.9% (67.4) // 61.2% (68.8) // 59.9% (67.4) // 59.9% (67.4)",
        "oppFenwick": "59.1% (50.8) // 60.1% (51.8) // 59.1% (50.8) // 59.1% (50.8)",
        "oppShots": "57.2% (34.3) // 58.4% (34.4) // 57.2% (34.3) // 57.2% (34.3)",
        "oppScoring": "58.9% (33.3) // 62.3% (33.3) // 58.9% (33.3) // 58.9% (33.3)",
        "oppCorsiAgainst": "40.1% (45.2) // 38.8% (43.6) // 40.1% (45.2) // 40.1% (45.2)",
        "oppFenwickAgainst": "40.9% (35.1) // 39.9% (34.4) // 40.9% (35.1) // 40.9% (35.1)",
        "oppShotsAgainst": "42.8% (25.6) // 41.6% (24.5) // 42.8% (25.6) // 42.8% (25.6)",
        "oppScoringAgainst": "41.1% (23.3) // 37.7% (20.2) // 41.1% (23.3) // 41.1% (23.3)",
        "savesPerGame": 25.5,
        "savesPerGameLast1": 26.0,
        "savesPerGameLast3": 24.7,
        "savesPerGameLast5": 25.8,
        "savesPer60": 28.5,
        "savesPer60Last1": 26.0,
        "savesPer60Last3": 24.5,
        "savesPer60Last5": 25.0,
        "shotsPerGame": 34.4,
        "shotsPerGameLast5": 28.4,
        "shotsAgainstPerGame": 28.2,
        "shotsAgainstPerGameLast5": 29.8,
        "oppSavesAgainstPer60": 34.8,
        "oppSavesAgainstPer60Last1": 26.0,
        "oppSavesAgainstPer60Last3": 24.8,
        "oppSavesAgainstPer60Last5": 30.0,
        "oppShotsAgainstPerGame": 26.0,
        "oppShotsAgainstPerGameLast5": 27.6,
        "savesProj": 34.6,
        "savesProjLast5": 27.2,
        "savesProjLast3": 26.2,
        "oppSavesAgainstProj": 29.9,
        "oppSavesAgainstProjLast5": 22.8,
        "oppSavesAgainstProjLast3": 18.8,
        "totalOver": 60,
        "totalOverLast5": 80,
        "totalOverLast15": 67,
        "lastTotalOver": 0,
        "last5": "1,2,2,3,2,3,2,2,0,4",
        "overOdds": "-190",
        "underOdds": "+155",
        "overUnder": "-190 / +155"
    },
    {
        "player": "Adam Larsson",
        "team": "SEA",
        "opponent": "DAL",
        "propType": "bs",
        "line": 2.5,
        "ppLine": "",
        "avg": 2.11,
        "hit": false,
        "diffAvg": -0.16,
        "diffAbs": 1.0,
        "lastAvg": 0.0,
        "diff": 0,
        "avgMin": 23,
        "proj": 0.0,
        "lastAvgMin": 22.27,
        "oppOver": 0,
        "teamOver": 0,
        "gameLine": "+120",
        "+/-": "+26",
        "L5_+/-": -2.0,
        "prevMatchup": "2023-05-07 2.0 bs 2023-05-02 0.0 bs 2023-03-21 7.0 bs 2023-03-13 2.0 bs 2023-03-11 4.0 bs",
        "winLossSplits": "44% - 31%",
        "awayHome": "H",
        "playedYesterday": "N",
        "awayHomeSplits": "33% - 44%",
        "savesAboveExp": 0.39,
        "gsaa": 26.05,
        "corsi": "52.2% (57.4) // 56.1% (59.4) // 52.2% (57.4) // 52.2% (57.4)",
        "fenwick": "52.5% (43.0) // 57.1% (44.7) // 52.5% (43.0) // 52.5% (43.0)",
        "shots": "53.0% (30.2) // 57.4% (31.5) // 53.0% (30.2) // 53.0% (30.2)",
        "scoring": "50.6% (27.4) // 55.4% (26.5) // 50.6% (27.4) // 50.6% (27.4)",
        "corsiAgainst": "47.8% (52.6) // 43.9% (46.4) // 47.8% (52.6) // 47.8% (52.6)",
        "fenwickAgainst": "47.5% (39.0) // 42.9% (33.6) // 47.5% (39.0) // 47.5% (39.0)",
        "shotsAgainst": "47.0% (26.8) // 42.6% (23.4) // 47.0% (26.8) // 47.0% (26.8)",
        "scoringAgainst": "49.4% (26.8) // 44.6% (21.3) // 49.4% (26.8) // 49.4% (26.8)",
        "oppCorsi": "52.0% (59.9) // 57.0% (56.0) // 52.0% (59.9) // 52.0% (59.9)",
        "oppFenwick": "51.3% (43.7) // 56.1% (40.6) // 51.3% (43.7) // 51.3% (43.7)",
        "oppShots": "51.6% (31.5) // 56.3% (29.0) // 51.6% (31.5) // 51.6% (31.5)",
        "oppScoring": "53.7% (31.5) // 61.3% (29.6) // 53.7% (31.5) // 53.7% (31.5)",
        "oppCorsiAgainst": "48.0% (55.3) // 43.0% (42.3) // 48.0% (55.3) // 48.0% (55.3)",
        "oppFenwickAgainst": "48.7% (41.4) // 43.9% (31.7) // 48.7% (41.4) // 48.7% (41.4)",
        "oppShotsAgainst": "48.4% (29.5) // 43.7% (22.5) // 48.4% (29.5) // 48.4% (29.5)",
        "oppScoringAgainst": "46.3% (27.2) // 38.7% (18.6) // 46.3% (27.2) // 46.3% (27.2)",
        "savesPerGame": 23.9,
        "savesPerGameLast1": 24.0,
        "savesPerGameLast3": 29.3,
        "savesPerGameLast5": 31.2,
        "savesPer60": 26.7,
        "savesPer60Last1": 24.0,
        "savesPer60Last3": 31.3,
        "savesPer60Last5": 32.3,
        "shotsPerGame": 30.5,
        "shotsPerGameLast5": 29.2,
        "shotsAgainstPerGame": 27.0,
        "shotsAgainstPerGameLast5": 34.2,
        "oppSavesAgainstPer60": 31.3,
        "oppSavesAgainstPer60Last1": 26.0,
        "oppSavesAgainstPer60Last3": 30.1,
        "oppSavesAgainstPer60Last5": 27.6,
        "oppShotsAgainstPerGame": 29.9,
        "oppShotsAgainstPerGameLast5": 29.4,
        "savesProj": 24.8,
        "savesProjLast5": 26.9,
        "savesProjLast3": 28.9,
        "oppSavesAgainstProj": 25.9,
        "oppSavesAgainstProjLast5": 25.4,
        "oppSavesAgainstProjLast3": 27.7,
        "totalOver": 38,
        "totalOverLast5": 20,
        "totalOverLast15": 40,
        "lastTotalOver": 0,
        "last5": "2,0,3,1,1,4,3,1,4,0",
        "overOdds": "+130",
        "underOdds": "-160",
        "overUnder": "+130 / -160"
    },
    {
        "player": "Jamie Oleksiak",
        "team": "SEA",
        "opponent": "DAL",
        "propType": "bs",
        "line": 2.5,
        "ppLine": "",
        "avg": 1.75,
        "hit": false,
        "diffAvg": -0.3,
        "diffAbs": 1.0,
        "lastAvg": 0.0,
        "diff": 0,
        "avgMin": 19,
        "proj": 0.0,
        "lastAvgMin": 19.32,
        "oppOver": 0,
        "teamOver": 0,
        "gameLine": "+120",
        "+/-": "+11",
        "L5_+/-": -2.0,
        "prevMatchup": "2023-05-07 4.0 bs 2023-05-02 1.0 bs 2023-03-21 1.0 bs 2023-03-13 1.0 bs 2023-03-11 3.0 bs",
        "winLossSplits": "31% - 23%",
        "awayHome": "H",
        "playedYesterday": "N",
        "awayHomeSplits": "30% - 24%",
        "savesAboveExp": 0.39,
        "gsaa": 26.05,
        "corsi": "52.2% (57.4) // 56.1% (59.4) // 52.2% (57.4) // 52.2% (57.4)",
        "fenwick": "52.5% (43.0) // 57.1% (44.7) // 52.5% (43.0) // 52.5% (43.0)",
        "shots": "53.0% (30.2) // 57.4% (31.5) // 53.0% (30.2) // 53.0% (30.2)",
        "scoring": "50.6% (27.4) // 55.4% (26.5) // 50.6% (27.4) // 50.6% (27.4)",
        "corsiAgainst": "47.8% (52.6) // 43.9% (46.4) // 47.8% (52.6) // 47.8% (52.6)",
        "fenwickAgainst": "47.5% (39.0) // 42.9% (33.6) // 47.5% (39.0) // 47.5% (39.0)",
        "shotsAgainst": "47.0% (26.8) // 42.6% (23.4) // 47.0% (26.8) // 47.0% (26.8)",
        "scoringAgainst": "49.4% (26.8) // 44.6% (21.3) // 49.4% (26.8) // 49.4% (26.8)",
        "oppCorsi": "52.0% (59.9) // 57.0% (56.0) // 52.0% (59.9) // 52.0% (59.9)",
        "oppFenwick": "51.3% (43.7) // 56.1% (40.6) // 51.3% (43.7) // 51.3% (43.7)",
        "oppShots": "51.6% (31.5) // 56.3% (29.0) // 51.6% (31.5) // 51.6% (31.5)",
        "oppScoring": "53.7% (31.5) // 61.3% (29.6) // 53.7% (31.5) // 53.7% (31.5)",
        "oppCorsiAgainst": "48.0% (55.3) // 43.0% (42.3) // 48.0% (55.3) // 48.0% (55.3)",
        "oppFenwickAgainst": "48.7% (41.4) // 43.9% (31.7) // 48.7% (41.4) // 48.7% (41.4)",
        "oppShotsAgainst": "48.4% (29.5) // 43.7% (22.5) // 48.4% (29.5) // 48.4% (29.5)",
        "oppScoringAgainst": "46.3% (27.2) // 38.7% (18.6) // 46.3% (27.2) // 46.3% (27.2)",
        "savesPerGame": 23.9,
        "savesPerGameLast1": 24.0,
        "savesPerGameLast3": 29.3,
        "savesPerGameLast5": 31.2,
        "savesPer60": 26.7,
        "savesPer60Last1": 24.0,
        "savesPer60Last3": 31.3,
        "savesPer60Last5": 32.3,
        "shotsPerGame": 30.5,
        "shotsPerGameLast5": 29.2,
        "shotsAgainstPerGame": 27.0,
        "shotsAgainstPerGameLast5": 34.2,
        "oppSavesAgainstPer60": 31.3,
        "oppSavesAgainstPer60Last1": 26.0,
        "oppSavesAgainstPer60Last3": 30.1,
        "oppSavesAgainstPer60Last5": 27.6,
        "oppShotsAgainstPerGame": 29.9,
        "oppShotsAgainstPerGameLast5": 29.4,
        "savesProj": 24.8,
        "savesProjLast5": 26.9,
        "savesProjLast3": 28.9,
        "oppSavesAgainstProj": 25.9,
        "oppSavesAgainstProjLast5": 25.4,
        "oppSavesAgainstProjLast3": 27.7,
        "totalOver": 27,
        "totalOverLast5": 60,
        "totalOverLast15": 47,
        "lastTotalOver": 0,
        "last5": "4,1,4,1,5,7,5,3,2,1",
        "overOdds": "+115",
        "underOdds": "-145",
        "overUnder": "+115 / -145"
    }
]