[
    {
        "player": "Aaron Ekblad",
        "team": "FLA",
        "opponent": "TOR",
        "propType": "sog",
        "line": 2.5,
        "ppLine": "PP2",
        "avg": 2.96,
        "hit": false,
        "diffAvg": 0.18,
        "diffAbs": 0.08,
        "lastAvg": 2.54,
        "diff": 0.02,
        "avgMin": 23,
        "proj": 2.3,
        "lastAvgMin": 24.92,
        "oppOver": 0,
        "teamOver": 0,
        "gameLine": "+160",
        "+/-": -8,
        "L5_+/-": "+5.0",
        "prevMatchup": "2023-05-02 2.0 sog 2023-04-10 3.0 sog 2023-03-29 5.0 sog 2023-03-23 2.0 sog 2023-01-17 1.0 sog",
        "winLossSplits": "54% - 57%",
        "awayHome": "A",
        "playedYesterday": "N",
        "awayHomeSplits": "42% - 68%",
        "savesAboveExp": 0.388,
        "gsaa": 17.37,
        "corsi": "54.2% (66.3) // 52.5% (66.0) // 54.2% (66.3) // 54.2% (66.3)",
        "fenwick": "53.6% (49.9) // 52.0% (49.3) // 53.6% (49.9) // 53.6% (49.9)",
        "shots": "53.7% (36.5) // 51.9% (35.5) // 53.7% (36.5) // 53.7% (36.5)",
        "scoring": "54.6% (34.8) // 53.4% (34.0) // 54.6% (34.8) // 54.6% (34.8)",
        "corsiAgainst": "45.8% (56.1) // 47.5% (59.7) // 45.8% (56.1) // 45.8% (56.1)",
        "fenwickAgainst": "46.4% (43.2) // 48.0% (45.5) // 46.4% (43.2) // 46.4% (43.2)",
        "shotsAgainst": "46.3% (31.5) // 48.1% (33.0) // 46.3% (31.5) // 46.3% (31.5)",
        "scoringAgainst": "45.4% (28.9) // 46.6% (29.7) // 45.4% (28.9) // 45.4% (28.9)",
        "oppCorsi": "50.8% (57.6) // 50.8% (59.1) // 50.8% (57.6) // 50.8% (57.6)",
        "oppFenwick": "51.7% (44.0) // 52.2% (46.4) // 51.7% (44.0) // 51.7% (44.0)",
        "oppShots": "52.1% (31.8) // 52.3% (33.2) // 52.1% (31.8) // 52.1% (31.8)",
        "oppScoring": "53.9% (33.4) // 55.3% (34.1) // 53.9% (33.4) // 53.9% (33.4)",
        "oppCorsiAgainst": "49.2% (55.8) // 49.2% (57.4) // 49.2% (55.8) // 49.2% (55.8)",
        "oppFenwickAgainst": "48.3% (41.1) // 47.8% (42.5) // 48.3% (41.1) // 48.3% (41.1)",
        "oppShotsAgainst": "47.9% (29.2) // 47.7% (30.3) // 47.9% (29.2) // 47.9% (29.2)",
        "oppScoringAgainst": "46.1% (28.5) // 44.7% (27.6) // 46.1% (28.5) // 46.1% (28.5)",
        "savesPerGame": 28.4,
        "savesPerGameLast1": 34.0,
        "savesPerGameLast3": 32.0,
        "savesPerGameLast5": 33.0,
        "savesPer60": 31.1,
        "savesPer60Last1": 33.7,
        "savesPer60Last3": 33.3,
        "savesPer60Last5": 34.1,
        "shotsPerGame": 36.8,
        "shotsPerGameLast5": 32.2,
        "shotsAgainstPerGame": 31.7,
        "shotsAgainstPerGameLast5": 36.8,
        "oppSavesAgainstPer60": 31.0,
        "oppSavesAgainstPer60Last1": 34.0,
        "oppSavesAgainstPer60Last3": 27.7,
        "oppSavesAgainstPer60Last5": 27.8,
        "oppShotsAgainstPerGame": 29.5,
        "oppShotsAgainstPerGameLast5": 33.6,
        "savesProj": 30.3,
        "savesProjLast5": 31.9,
        "savesProjLast3": 31.1,
        "oppSavesAgainstProj": 30.3,
        "oppSavesAgainstProjLast5": 29.0,
        "oppSavesAgainstProjLast3": 28.1,
        "totalOver": 55,
        "totalOverLast5": 20,
        "totalOverLast15": 47,
        "lastTotalOver": 56,
        "last5": "2,3,2,0,0,2,4,4,3,3",
        "overOdds": "-115",
        "underOdds": "-115",
        "overUnder": "-115 / -115"
    },
    {
        "player": "Aleksander Barkov",
        "team": "FLA",
        "opponent": "TOR",
        "propType": "sog",
        "line": 2.5,
        "ppLine": "PP1",
        "avg": 3.07,
        "hit": false,
        "diffAvg": 0.23,
        "diffAbs": 0.16,
        "lastAvg": 2.78,
        "diff": 0.11,
        "avgMin": 21,
        "proj": 2.9,
        "lastAvgMin": 20.3,
        "oppOver": 0,
        "teamOver": 0,
        "gameLine": "+160",
        "+/-": "+12",
        "L5_+/-": 0.0,
        "prevMatchup": "2023-05-02 4.0 sog 2023-04-10 2.0 sog 2023-03-29 1.0 sog 2023-03-23 1.0 sog 2023-01-17 2.0 sog",
        "winLossSplits": "58% - 52%",
        "awayHome": "A",
        "playedYesterday": "N",
        "awayHomeSplits": "42% - 68%",
        "savesAboveExp": 0.388,
        "gsaa": 17.37,
        "corsi": "54.2% (66.3) // 52.5% (66.0) // 54.2% (66.3) // 54.2% (66.3)",
        "fenwick": "53.6% (49.9) // 52.0% (49.3) // 53.6% (49.9) // 53.6% (49.9)",
        "shots": "53.7% (36.5) // 51.9% (35.5) // 53.7% (36.5) // 53.7% (36.5)",
        "scoring": "54.6% (34.8) // 53.4% (34.0) // 54.6% (34.8) // 54.6% (34.8)",
        "corsiAgainst": "45.8% (56.1) // 47.5% (59.7) // 45.8% (56.1) // 45.8% (56.1)",
        "fenwickAgainst": "46.4% (43.2) // 48.0% (45.5) // 46.4% (43.2) // 46.4% (43.2)",
        "shotsAgainst": "46.3% (31.5) // 48.1% (33.0) // 46.3% (31.5) // 46.3% (31.5)",
        "scoringAgainst": "45.4% (28.9) // 46.6% (29.7) // 45.4% (28.9) // 45.4% (28.9)",
        "oppCorsi": "50.8% (57.6) // 50.8% (59.1) // 50.8% (57.6) // 50.8% (57.6)",
        "oppFenwick": "51.7% (44.0) // 52.2% (46.4) // 51.7% (44.0) // 51.7% (44.0)",
        "oppShots": "52.1% (31.8) // 52.3% (33.2) // 52.1% (31.8) // 52.1% (31.8)",
        "oppScoring": "53.9% (33.4) // 55.3% (34.1) // 53.9% (33.4) // 53.9% (33.4)",
        "oppCorsiAgainst": "49.2% (55.8) // 49.2% (57.4) // 49.2% (55.8) // 49.2% (55.8)",
        "oppFenwickAgainst": "48.3% (41.1) // 47.8% (42.5) // 48.3% (41.1) // 48.3% (41.1)",
        "oppShotsAgainst": "47.9% (29.2) // 47.7% (30.3) // 47.9% (29.2) // 47.9% (29.2)",
        "oppScoringAgainst": "46.1% (28.5) // 44.7% (27.6) // 46.1% (28.5) // 46.1% (28.5)",
        "savesPerGame": 28.4,
        "savesPerGameLast1": 34.0,
        "savesPerGameLast3": 32.0,
        "savesPerGameLast5": 33.0,
        "savesPer60": 31.1,
        "savesPer60Last1": 33.7,
        "savesPer60Last3": 33.3,
        "savesPer60Last5": 34.1,
        "shotsPerGame": 36.8,
        "shotsPerGameLast5": 32.2,
        "shotsAgainstPerGame": 31.7,
        "shotsAgainstPerGameLast5": 36.8,
        "oppSavesAgainstPer60": 31.0,
        "oppSavesAgainstPer60Last1": 34.0,
        "oppSavesAgainstPer60Last3": 27.7,
        "oppSavesAgainstPer60Last5": 27.8,
        "oppShotsAgainstPerGame": 29.5,
        "oppShotsAgainstPerGameLast5": 33.6,
        "savesProj": 30.3,
        "savesProjLast5": 31.9,
        "savesProjLast3": 31.1,
        "oppSavesAgainstProj": 30.3,
        "oppSavesAgainstProjLast5": 29.0,
        "oppSavesAgainstProjLast3": 28.1,
        "totalOver": 55,
        "totalOverLast5": 60,
        "totalOverLast15": 53,
        "lastTotalOver": 66,
        "last5": "4,4,2,2,7,3,1,0,5,2",
        "overOdds": "-140",
        "underOdds": "+110",
        "overUnder": "-140 / +110"
    },
    {
        "player": "Anton Lundell",
        "team": "FLA",
        "opponent": "TOR",
        "propType": "sog",
        "line": 1.5,
        "ppLine": "PP2",
        "avg": 2.05,
        "hit": false,
        "diffAvg": 0.37,
        "diffAbs": 0.13,
        "lastAvg": 1.69,
        "diff": 0.13,
        "avgMin": 16,
        "proj": 1.7,
        "lastAvgMin": 15.73,
        "oppOver": 0,
        "teamOver": 0,
        "gameLine": "+160",
        "+/-": "+2",
        "L5_+/-": "+1.0",
        "prevMatchup": "2023-05-02 1.0 sog 2023-04-10 1.0 sog 2023-03-29 3.0 sog 2023-03-23 1.0 sog 2023-01-17 3.0 sog",
        "winLossSplits": "47% - 76%",
        "awayHome": "A",
        "playedYesterday": "N",
        "awayHomeSplits": "71% - 50%",
        "savesAboveExp": 0.388,
        "gsaa": 17.37,
        "corsi": "54.2% (66.3) // 52.5% (66.0) // 54.2% (66.3) // 54.2% (66.3)",
        "fenwick": "53.6% (49.9) // 52.0% (49.3) // 53.6% (49.9) // 53.6% (49.9)",
        "shots": "53.7% (36.5) // 51.9% (35.5) // 53.7% (36.5) // 53.7% (36.5)",
        "scoring": "54.6% (34.8) // 53.4% (34.0) // 54.6% (34.8) // 54.6% (34.8)",
        "corsiAgainst": "45.8% (56.1) // 47.5% (59.7) // 45.8% (56.1) // 45.8% (56.1)",
        "fenwickAgainst": "46.4% (43.2) // 48.0% (45.5) // 46.4% (43.2) // 46.4% (43.2)",
        "shotsAgainst": "46.3% (31.5) // 48.1% (33.0) // 46.3% (31.5) // 46.3% (31.5)",
        "scoringAgainst": "45.4% (28.9) // 46.6% (29.7) // 45.4% (28.9) // 45.4% (28.9)",
        "oppCorsi": "50.8% (57.6) // 50.8% (59.1) // 50.8% (57.6) // 50.8% (57.6)",
        "oppFenwick": "51.7% (44.0) // 52.2% (46.4) // 51.7% (44.0) // 51.7% (44.0)",
        "oppShots": "52.1% (31.8) // 52.3% (33.2) // 52.1% (31.8) // 52.1% (31.8)",
        "oppScoring": "53.9% (33.4) // 55.3% (34.1) // 53.9% (33.4) // 53.9% (33.4)",
        "oppCorsiAgainst": "49.2% (55.8) // 49.2% (57.4) // 49.2% (55.8) // 49.2% (55.8)",
        "oppFenwickAgainst": "48.3% (41.1) // 47.8% (42.5) // 48.3% (41.1) // 48.3% (41.1)",
        "oppShotsAgainst": "47.9% (29.2) // 47.7% (30.3) // 47.9% (29.2) // 47.9% (29.2)",
        "oppScoringAgainst": "46.1% (28.5) // 44.7% (27.6) // 46.1% (28.5) // 46.1% (28.5)",
        "savesPerGame": 28.4,
        "savesPerGameLast1": 34.0,
        "savesPerGameLast3": 32.0,
        "savesPerGameLast5": 33.0,
        "savesPer60": 31.1,
        "savesPer60Last1": 33.7,
        "savesPer60Last3": 33.3,
        "savesPer60Last5": 34.1,
        "shotsPerGame": 36.8,
        "shotsPerGameLast5": 32.2,
        "shotsAgainstPerGame": 31.7,
        "shotsAgainstPerGameLast5": 36.8,
        "oppSavesAgainstPer60": 31.0,
        "oppSavesAgainstPer60Last1": 34.0,
        "oppSavesAgainstPer60Last3": 27.7,
        "oppSavesAgainstPer60Last5": 27.8,
        "oppShotsAgainstPerGame": 29.5,
        "oppShotsAgainstPerGameLast5": 33.6,
        "savesProj": 30.3,
        "savesProjLast5": 31.9,
        "savesProjLast3": 31.1,
        "oppSavesAgainstProj": 30.3,
        "oppSavesAgainstProjLast5": 29.0,
        "oppSavesAgainstProjLast3": 28.1,
        "totalOver": 60,
        "totalOverLast5": 60,
        "totalOverLast15": 60,
        "lastTotalOver": 55,
        "last5": "1,2,2,1,2,2,2,3,2,1",
        "overOdds": "-145",
        "underOdds": "+115",
        "overUnder": "-145 / +115"
    },
    {
        "player": "Auston Matthews",
        "team": "TOR",
        "opponent": "FLA",
        "propType": "sog",
        "line": 4.5,
        "ppLine": "PP1",
        "avg": 4.4,
        "hit": false,
        "diffAvg": -0.02,
        "diffAbs": 0.07,
        "lastAvg": 4.3,
        "diff": -0.04,
        "avgMin": 20,
        "proj": 4.2,
        "lastAvgMin": 20.6,
        "oppOver": 0,
        "teamOver": 0,
        "gameLine": "-190",
        "+/-": "+34",
        "L5_+/-": "+5.0",
        "prevMatchup": "2023-05-02 6.0 sog 2023-04-10 4.0 sog 2023-03-29 5.0 sog 2023-03-23 4.0 sog 2023-01-17 5.0 sog",
        "winLossSplits": "44% - 45%",
        "awayHome": "H",
        "playedYesterday": "N",
        "awayHomeSplits": "39% - 50%",
        "savesAboveExp": -0.102,
        "gsaa": -4.63,
        "corsi": "50.8% (57.6) // 50.8% (59.1) // 50.8% (57.6) // 50.8% (57.6)",
        "fenwick": "51.7% (44.0) // 52.2% (46.4) // 51.7% (44.0) // 51.7% (44.0)",
        "shots": "52.1% (31.8) // 52.3% (33.2) // 52.1% (31.8) // 52.1% (31.8)",
        "scoring": "53.9% (33.4) // 55.3% (34.1) // 53.9% (33.4) // 53.9% (33.4)",
        "corsiAgainst": "49.2% (55.8) // 49.2% (57.4) // 49.2% (55.8) // 49.2% (55.8)",
        "fenwickAgainst": "48.3% (41.1) // 47.8% (42.5) // 48.3% (41.1) // 48.3% (41.1)",
        "shotsAgainst": "47.9% (29.2) // 47.7% (30.3) // 47.9% (29.2) // 47.9% (29.2)",
        "scoringAgainst": "46.1% (28.5) // 44.7% (27.6) // 46.1% (28.5) // 46.1% (28.5)",
        "oppCorsi": "54.2% (66.3) // 52.5% (66.0) // 54.2% (66.3) // 54.2% (66.3)",
        "oppFenwick": "53.6% (49.9) // 52.0% (49.3) // 53.6% (49.9) // 53.6% (49.9)",
        "oppShots": "53.7% (36.5) // 51.9% (35.5) // 53.7% (36.5) // 53.7% (36.5)",
        "oppScoring": "54.6% (34.8) // 53.4% (34.0) // 54.6% (34.8) // 54.6% (34.8)",
        "oppCorsiAgainst": "45.8% (56.1) // 47.5% (59.7) // 45.8% (56.1) // 45.8% (56.1)",
        "oppFenwickAgainst": "46.4% (43.2) // 48.0% (45.5) // 46.4% (43.2) // 46.4% (43.2)",
        "oppShotsAgainst": "46.3% (31.5) // 48.1% (33.0) // 46.3% (31.5) // 46.3% (31.5)",
        "oppScoringAgainst": "45.4% (28.9) // 46.6% (29.7) // 45.4% (28.9) // 45.4% (28.9)",
        "savesPerGame": 26.8,
        "savesPerGameLast1": 24.0,
        "savesPerGameLast3": 29.7,
        "savesPerGameLast5": 30.4,
        "savesPer60": 29.3,
        "savesPer60Last1": 22.9,
        "savesPer60Last3": 29.3,
        "savesPer60Last5": 32.5,
        "shotsPerGame": 32.0,
        "shotsPerGameLast5": 30.4,
        "shotsAgainstPerGame": 29.5,
        "shotsAgainstPerGameLast5": 33.6,
        "oppSavesAgainstPer60": 36.5,
        "oppSavesAgainstPer60Last1": 24.7,
        "oppSavesAgainstPer60Last3": 25.5,
        "oppSavesAgainstPer60Last5": 28.7,
        "oppShotsAgainstPerGame": 31.7,
        "oppShotsAgainstPerGameLast5": 36.8,
        "savesProj": 31.0,
        "savesProjLast5": 29.2,
        "savesProjLast3": 24.2,
        "oppSavesAgainstProj": 33.4,
        "oppSavesAgainstProjLast5": 27.6,
        "oppSavesAgainstProjLast3": 23.5,
        "totalOver": 44,
        "totalOverLast5": 60,
        "totalOverLast15": 40,
        "lastTotalOver": 41,
        "last5": "6,3,3,7,5,3,2,3,4,4",
        "overOdds": "-120",
        "underOdds": "-110",
        "overUnder": "-120 / -110"
    },
    {
        "player": "Brandon Montour",
        "team": "FLA",
        "opponent": "TOR",
        "propType": "sog",
        "line": 2.5,
        "ppLine": "PP1",
        "avg": 3.06,
        "hit": false,
        "diffAvg": 0.22,
        "diffAbs": 0.08,
        "lastAvg": 1.68,
        "diff": -0.33,
        "avgMin": 24,
        "proj": 2.3,
        "lastAvgMin": 17.88,
        "oppOver": 0,
        "teamOver": 0,
        "gameLine": "+160",
        "+/-": "+10",
        "L5_+/-": 0.0,
        "prevMatchup": "2023-05-02 5.0 sog 2023-04-10 4.0 sog 2023-03-29 1.0 sog 2023-03-23 4.0 sog 2023-01-17 1.0 sog",
        "winLossSplits": "54% - 62%",
        "awayHome": "A",
        "playedYesterday": "N",
        "awayHomeSplits": "47% - 70%",
        "savesAboveExp": 0.388,
        "gsaa": 17.37,
        "corsi": "54.2% (66.3) // 52.5% (66.0) // 54.2% (66.3) // 54.2% (66.3)",
        "fenwick": "53.6% (49.9) // 52.0% (49.3) // 53.6% (49.9) // 53.6% (49.9)",
        "shots": "53.7% (36.5) // 51.9% (35.5) // 53.7% (36.5) // 53.7% (36.5)",
        "scoring": "54.6% (34.8) // 53.4% (34.0) // 54.6% (34.8) // 54.6% (34.8)",
        "corsiAgainst": "45.8% (56.1) // 47.5% (59.7) // 45.8% (56.1) // 45.8% (56.1)",
        "fenwickAgainst": "46.4% (43.2) // 48.0% (45.5) // 46.4% (43.2) // 46.4% (43.2)",
        "shotsAgainst": "46.3% (31.5) // 48.1% (33.0) // 46.3% (31.5) // 46.3% (31.5)",
        "scoringAgainst": "45.4% (28.9) // 46.6% (29.7) // 45.4% (28.9) // 45.4% (28.9)",
        "oppCorsi": "50.8% (57.6) // 50.8% (59.1) // 50.8% (57.6) // 50.8% (57.6)",
        "oppFenwick": "51.7% (44.0) // 52.2% (46.4) // 51.7% (44.0) // 51.7% (44.0)",
        "oppShots": "52.1% (31.8) // 52.3% (33.2) // 52.1% (31.8) // 52.1% (31.8)",
        "oppScoring": "53.9% (33.4) // 55.3% (34.1) // 53.9% (33.4) // 53.9% (33.4)",
        "oppCorsiAgainst": "49.2% (55.8) // 49.2% (57.4) // 49.2% (55.8) // 49.2% (55.8)",
        "oppFenwickAgainst": "48.3% (41.1) // 47.8% (42.5) // 48.3% (41.1) // 48.3% (41.1)",
        "oppShotsAgainst": "47.9% (29.2) // 47.7% (30.3) // 47.9% (29.2) // 47.9% (29.2)",
        "oppScoringAgainst": "46.1% (28.5) // 44.7% (27.6) // 46.1% (28.5) // 46.1% (28.5)",
        "savesPerGame": 28.4,
        "savesPerGameLast1": 34.0,
        "savesPerGameLast3": 32.0,
        "savesPerGameLast5": 33.0,
        "savesPer60": 31.1,
        "savesPer60Last1": 33.7,
        "savesPer60Last3": 33.3,
        "savesPer60Last5": 34.1,
        "shotsPerGame": 36.8,
        "shotsPerGameLast5": 32.2,
        "shotsAgainstPerGame": 31.7,
        "shotsAgainstPerGameLast5": 36.8,
        "oppSavesAgainstPer60": 31.0,
        "oppSavesAgainstPer60Last1": 34.0,
        "oppSavesAgainstPer60Last3": 27.7,
        "oppSavesAgainstPer60Last5": 27.8,
        "oppShotsAgainstPerGame": 29.5,
        "oppShotsAgainstPerGameLast5": 33.6,
        "savesProj": 30.3,
        "savesProjLast5": 31.9,
        "savesProjLast3": 31.1,
        "oppSavesAgainstProj": 30.3,
        "oppSavesAgainstProjLast5": 29.0,
        "oppSavesAgainstProjLast3": 28.1,
        "totalOver": 58,
        "totalOverLast5": 60,
        "totalOverLast15": 53,
        "lastTotalOver": 48,
        "last5": "5,6,2,0,6,4,2,2,6,4",
        "overOdds": "-135",
        "underOdds": "+105",
        "overUnder": "-135 / +105"
    },
    {
        "player": "Carter Verhaeghe",
        "team": "FLA",
        "opponent": "TOR",
        "propType": "sog",
        "line": 2.5,
        "ppLine": "PP2",
        "avg": 3.33,
        "hit": false,
        "diffAvg": 0.33,
        "diffAbs": 0.2,
        "lastAvg": 1.9,
        "diff": -0.24,
        "avgMin": 17,
        "proj": 2.0,
        "lastAvgMin": 16.05,
        "oppOver": 0,
        "teamOver": 0,
        "gameLine": "+160",
        "+/-": "+16",
        "L5_+/-": "+2.0",
        "prevMatchup": "2023-05-02 1.0 sog 2023-04-10 2.0 sog 2023-03-29 1.0 sog 2023-03-23 4.0 sog 2023-01-17 6.0 sog",
        "winLossSplits": "74% - 51%",
        "awayHome": "A",
        "playedYesterday": "N",
        "awayHomeSplits": "54% - 72%",
        "savesAboveExp": 0.388,
        "gsaa": 17.37,
        "corsi": "54.2% (66.3) // 52.5% (66.0) // 54.2% (66.3) // 54.2% (66.3)",
        "fenwick": "53.6% (49.9) // 52.0% (49.3) // 53.6% (49.9) // 53.6% (49.9)",
        "shots": "53.7% (36.5) // 51.9% (35.5) // 53.7% (36.5) // 53.7% (36.5)",
        "scoring": "54.6% (34.8) // 53.4% (34.0) // 54.6% (34.8) // 54.6% (34.8)",
        "corsiAgainst": "45.8% (56.1) // 47.5% (59.7) // 45.8% (56.1) // 45.8% (56.1)",
        "fenwickAgainst": "46.4% (43.2) // 48.0% (45.5) // 46.4% (43.2) // 46.4% (43.2)",
        "shotsAgainst": "46.3% (31.5) // 48.1% (33.0) // 46.3% (31.5) // 46.3% (31.5)",
        "scoringAgainst": "45.4% (28.9) // 46.6% (29.7) // 45.4% (28.9) // 45.4% (28.9)",
        "oppCorsi": "50.8% (57.6) // 50.8% (59.1) // 50.8% (57.6) // 50.8% (57.6)",
        "oppFenwick": "51.7% (44.0) // 52.2% (46.4) // 51.7% (44.0) // 51.7% (44.0)",
        "oppShots": "52.1% (31.8) // 52.3% (33.2) // 52.1% (31.8) // 52.1% (31.8)",
        "oppScoring": "53.9% (33.4) // 55.3% (34.1) // 53.9% (33.4) // 53.9% (33.4)",
        "oppCorsiAgainst": "49.2% (55.8) // 49.2% (57.4) // 49.2% (55.8) // 49.2% (55.8)",
        "oppFenwickAgainst": "48.3% (41.1) // 47.8% (42.5) // 48.3% (41.1) // 48.3% (41.1)",
        "oppShotsAgainst": "47.9% (29.2) // 47.7% (30.3) // 47.9% (29.2) // 47.9% (29.2)",
        "oppScoringAgainst": "46.1% (28.5) // 44.7% (27.6) // 46.1% (28.5) // 46.1% (28.5)",
        "savesPerGame": 28.4,
        "savesPerGameLast1": 34.0,
        "savesPerGameLast3": 32.0,
        "savesPerGameLast5": 33.0,
        "savesPer60": 31.1,
        "savesPer60Last1": 33.7,
        "savesPer60Last3": 33.3,
        "savesPer60Last5": 34.1,
        "shotsPerGame": 36.8,
        "shotsPerGameLast5": 32.2,
        "shotsAgainstPerGame": 31.7,
        "shotsAgainstPerGameLast5": 36.8,
        "oppSavesAgainstPer60": 31.0,
        "oppSavesAgainstPer60Last1": 34.0,
        "oppSavesAgainstPer60Last3": 27.7,
        "oppSavesAgainstPer60Last5": 27.8,
        "oppShotsAgainstPerGame": 29.5,
        "oppShotsAgainstPerGameLast5": 33.6,
        "savesProj": 30.3,
        "savesProjLast5": 31.9,
        "savesProjLast3": 31.1,
        "oppSavesAgainstProj": 30.3,
        "oppSavesAgainstProjLast5": 29.0,
        "oppSavesAgainstProjLast3": 28.1,
        "totalOver": 63,
        "totalOverLast5": 40,
        "totalOverLast15": 40,
        "lastTotalOver": 35,
        "last5": "1,4,2,3,2,3,2,2,2,2",
        "overOdds": "-135",
        "underOdds": "+105",
        "overUnder": "-135 / +105"
    },
    {
        "player": "Gustav Forsling",
        "team": "FLA",
        "opponent": "TOR",
        "propType": "sog",
        "line": 2.5,
        "ppLine": "PP2",
        "avg": 2.5,
        "hit": false,
        "diffAvg": 0.0,
        "diffAbs": 0.24,
        "lastAvg": 1.79,
        "diff": -0.28,
        "avgMin": 23,
        "proj": 1.9,
        "lastAvgMin": 21.22,
        "oppOver": 0,
        "teamOver": 0,
        "gameLine": "+160",
        "+/-": "+25",
        "L5_+/-": "+4.0",
        "prevMatchup": "2023-05-02 1.0 sog 2023-04-10 3.0 sog 2023-03-29 3.0 sog 2023-03-23 4.0 sog 2023-01-17 1.0 sog",
        "winLossSplits": "55% - 51%",
        "awayHome": "A",
        "playedYesterday": "N",
        "awayHomeSplits": "52% - 55%",
        "savesAboveExp": 0.388,
        "gsaa": 17.37,
        "corsi": "54.2% (66.3) // 52.5% (66.0) // 54.2% (66.3) // 54.2% (66.3)",
        "fenwick": "53.6% (49.9) // 52.0% (49.3) // 53.6% (49.9) // 53.6% (49.9)",
        "shots": "53.7% (36.5) // 51.9% (35.5) // 53.7% (36.5) // 53.7% (36.5)",
        "scoring": "54.6% (34.8) // 53.4% (34.0) // 54.6% (34.8) // 54.6% (34.8)",
        "corsiAgainst": "45.8% (56.1) // 47.5% (59.7) // 45.8% (56.1) // 45.8% (56.1)",
        "fenwickAgainst": "46.4% (43.2) // 48.0% (45.5) // 46.4% (43.2) // 46.4% (43.2)",
        "shotsAgainst": "46.3% (31.5) // 48.1% (33.0) // 46.3% (31.5) // 46.3% (31.5)",
        "scoringAgainst": "45.4% (28.9) // 46.6% (29.7) // 45.4% (28.9) // 45.4% (28.9)",
        "oppCorsi": "50.8% (57.6) // 50.8% (59.1) // 50.8% (57.6) // 50.8% (57.6)",
        "oppFenwick": "51.7% (44.0) // 52.2% (46.4) // 51.7% (44.0) // 51.7% (44.0)",
        "oppShots": "52.1% (31.8) // 52.3% (33.2) // 52.1% (31.8) // 52.1% (31.8)",
        "oppScoring": "53.9% (33.4) // 55.3% (34.1) // 53.9% (33.4) // 53.9% (33.4)",
        "oppCorsiAgainst": "49.2% (55.8) // 49.2% (57.4) // 49.2% (55.8) // 49.2% (55.8)",
        "oppFenwickAgainst": "48.3% (41.1) // 47.8% (42.5) // 48.3% (41.1) // 48.3% (41.1)",
        "oppShotsAgainst": "47.9% (29.2) // 47.7% (30.3) // 47.9% (29.2) // 47.9% (29.2)",
        "oppScoringAgainst": "46.1% (28.5) // 44.7% (27.6) // 46.1% (28.5) // 46.1% (28.5)",
        "savesPerGame": 28.4,
        "savesPerGameLast1": 34.0,
        "savesPerGameLast3": 32.0,
        "savesPerGameLast5": 33.0,
        "savesPer60": 31.1,
        "savesPer60Last1": 33.7,
        "savesPer60Last3": 33.3,
        "savesPer60Last5": 34.1,
        "shotsPerGame": 36.8,
        "shotsPerGameLast5": 32.2,
        "shotsAgainstPerGame": 31.7,
        "shotsAgainstPerGameLast5": 36.8,
        "oppSavesAgainstPer60": 31.0,
        "oppSavesAgainstPer60Last1": 34.0,
        "oppSavesAgainstPer60Last3": 27.7,
        "oppSavesAgainstPer60Last5": 27.8,
        "oppShotsAgainstPerGame": 29.5,
        "oppShotsAgainstPerGameLast5": 33.6,
        "savesProj": 30.3,
        "savesProjLast5": 31.9,
        "savesProjLast3": 31.1,
        "oppSavesAgainstProj": 30.3,
        "oppSavesAgainstProjLast5": 29.0,
        "oppSavesAgainstProjLast3": 28.1,
        "totalOver": 53,
        "totalOverLast5": 40,
        "totalOverLast15": 53,
        "lastTotalOver": 32,
        "last5": "1,0,0,3,4,2,1,3,2,3",
        "overOdds": "+135",
        "underOdds": "-165",
        "overUnder": "+135 / -165"
    },
    {
        "player": "John Tavares",
        "team": "TOR",
        "opponent": "FLA",
        "propType": "sog",
        "line": 3.5,
        "ppLine": "PP1",
        "avg": 3.47,
        "hit": false,
        "diffAvg": -0.01,
        "diffAbs": 0.26,
        "lastAvg": 2.76,
        "diff": -0.21,
        "avgMin": 17,
        "proj": 2.6,
        "lastAvgMin": 18.07,
        "oppOver": 0,
        "teamOver": 0,
        "gameLine": "-190",
        "+/-": -7,
        "L5_+/-": "+1.0",
        "prevMatchup": "2023-05-02 5.0 sog 2023-04-10 3.0 sog 2023-03-29 1.0 sog 2023-03-23 2.0 sog 2023-01-17 6.0 sog",
        "winLossSplits": "44% - 40%",
        "awayHome": "H",
        "playedYesterday": "N",
        "awayHomeSplits": "38% - 47%",
        "savesAboveExp": -0.102,
        "gsaa": -4.63,
        "corsi": "50.8% (57.6) // 50.8% (59.1) // 50.8% (57.6) // 50.8% (57.6)",
        "fenwick": "51.7% (44.0) // 52.2% (46.4) // 51.7% (44.0) // 51.7% (44.0)",
        "shots": "52.1% (31.8) // 52.3% (33.2) // 52.1% (31.8) // 52.1% (31.8)",
        "scoring": "53.9% (33.4) // 55.3% (34.1) // 53.9% (33.4) // 53.9% (33.4)",
        "corsiAgainst": "49.2% (55.8) // 49.2% (57.4) // 49.2% (55.8) // 49.2% (55.8)",
        "fenwickAgainst": "48.3% (41.1) // 47.8% (42.5) // 48.3% (41.1) // 48.3% (41.1)",
        "shotsAgainst": "47.9% (29.2) // 47.7% (30.3) // 47.9% (29.2) // 47.9% (29.2)",
        "scoringAgainst": "46.1% (28.5) // 44.7% (27.6) // 46.1% (28.5) // 46.1% (28.5)",
        "oppCorsi": "54.2% (66.3) // 52.5% (66.0) // 54.2% (66.3) // 54.2% (66.3)",
        "oppFenwick": "53.6% (49.9) // 52.0% (49.3) // 53.6% (49.9) // 53.6% (49.9)",
        "oppShots": "53.7% (36.5) // 51.9% (35.5) // 53.7% (36.5) // 53.7% (36.5)",
        "oppScoring": "54.6% (34.8) // 53.4% (34.0) // 54.6% (34.8) // 54.6% (34.8)",
        "oppCorsiAgainst": "45.8% (56.1) // 47.5% (59.7) // 45.8% (56.1) // 45.8% (56.1)",
        "oppFenwickAgainst": "46.4% (43.2) // 48.0% (45.5) // 46.4% (43.2) // 46.4% (43.2)",
        "oppShotsAgainst": "46.3% (31.5) // 48.1% (33.0) // 46.3% (31.5) // 46.3% (31.5)",
        "oppScoringAgainst": "45.4% (28.9) // 46.6% (29.7) // 45.4% (28.9) // 45.4% (28.9)",
        "savesPerGame": 26.8,
        "savesPerGameLast1": 24.0,
        "savesPerGameLast3": 29.7,
        "savesPerGameLast5": 30.4,
        "savesPer60": 29.3,
        "savesPer60Last1": 22.9,
        "savesPer60Last3": 29.3,
        "savesPer60Last5": 32.5,
        "shotsPerGame": 32.0,
        "shotsPerGameLast5": 30.4,
        "shotsAgainstPerGame": 29.5,
        "shotsAgainstPerGameLast5": 33.6,
        "oppSavesAgainstPer60": 36.5,
        "oppSavesAgainstPer60Last1": 24.7,
        "oppSavesAgainstPer60Last3": 25.5,
        "oppSavesAgainstPer60Last5": 28.7,
        "oppShotsAgainstPerGame": 31.7,
        "oppShotsAgainstPerGameLast5": 36.8,
        "savesProj": 31.0,
        "savesProjLast5": 29.2,
        "savesProjLast3": 24.2,
        "oppSavesAgainstProj": 33.4,
        "oppSavesAgainstProjLast5": 27.6,
        "oppSavesAgainstProjLast3": 23.5,
        "totalOver": 43,
        "totalOverLast5": 40,
        "totalOverLast15": 53,
        "lastTotalOver": 29,
        "last5": "5,1,5,3,1,6,4,3,3,5",
        "overOdds": "+115",
        "underOdds": "-145",
        "overUnder": "+115 / -145"
    },
    {
        "player": "Matthew Tkachuk",
        "team": "FLA",
        "opponent": "TOR",
        "propType": "sog",
        "line": 3.5,
        "ppLine": "PP1",
        "avg": 4.0,
        "hit": false,
        "diffAvg": 0.14,
        "diffAbs": 0.14,
        "lastAvg": 2.69,
        "diff": -0.23,
        "avgMin": 20,
        "proj": 3.0,
        "lastAvgMin": 17.88,
        "oppOver": 0,
        "teamOver": 0,
        "gameLine": "+160",
        "+/-": "+36",
        "L5_+/-": "+5.0",
        "prevMatchup": "2023-05-02 3.0 sog 2023-04-10 8.0 sog 2023-03-29 3.0 sog 2023-03-23 4.0 sog 2023-01-17 1.0 sog",
        "winLossSplits": "56% - 50%",
        "awayHome": "A",
        "playedYesterday": "N",
        "awayHomeSplits": "38% - 69%",
        "savesAboveExp": 0.388,
        "gsaa": 17.37,
        "corsi": "54.2% (66.3) // 52.5% (66.0) // 54.2% (66.3) // 54.2% (66.3)",
        "fenwick": "53.6% (49.9) // 52.0% (49.3) // 53.6% (49.9) // 53.6% (49.9)",
        "shots": "53.7% (36.5) // 51.9% (35.5) // 53.7% (36.5) // 53.7% (36.5)",
        "scoring": "54.6% (34.8) // 53.4% (34.0) // 54.6% (34.8) // 54.6% (34.8)",
        "corsiAgainst": "45.8% (56.1) // 47.5% (59.7) // 45.8% (56.1) // 45.8% (56.1)",
        "fenwickAgainst": "46.4% (43.2) // 48.0% (45.5) // 46.4% (43.2) // 46.4% (43.2)",
        "shotsAgainst": "46.3% (31.5) // 48.1% (33.0) // 46.3% (31.5) // 46.3% (31.5)",
        "scoringAgainst": "45.4% (28.9) // 46.6% (29.7) // 45.4% (28.9) // 45.4% (28.9)",
        "oppCorsi": "50.8% (57.6) // 50.8% (59.1) // 50.8% (57.6) // 50.8% (57.6)",
        "oppFenwick": "51.7% (44.0) // 52.2% (46.4) // 51.7% (44.0) // 51.7% (44.0)",
        "oppShots": "52.1% (31.8) // 52.3% (33.2) // 52.1% (31.8) // 52.1% (31.8)",
        "oppScoring": "53.9% (33.4) // 55.3% (34.1) // 53.9% (33.4) // 53.9% (33.4)",
        "oppCorsiAgainst": "49.2% (55.8) // 49.2% (57.4) // 49.2% (55.8) // 49.2% (55.8)",
        "oppFenwickAgainst": "48.3% (41.1) // 47.8% (42.5) // 48.3% (41.1) // 48.3% (41.1)",
        "oppShotsAgainst": "47.9% (29.2) // 47.7% (30.3) // 47.9% (29.2) // 47.9% (29.2)",
        "oppScoringAgainst": "46.1% (28.5) // 44.7% (27.6) // 46.1% (28.5) // 46.1% (28.5)",
        "savesPerGame": 28.4,
        "savesPerGameLast1": 34.0,
        "savesPerGameLast3": 32.0,
        "savesPerGameLast5": 33.0,
        "savesPer60": 31.1,
        "savesPer60Last1": 33.7,
        "savesPer60Last3": 33.3,
        "savesPer60Last5": 34.1,
        "shotsPerGame": 36.8,
        "shotsPerGameLast5": 32.2,
        "shotsAgainstPerGame": 31.7,
        "shotsAgainstPerGameLast5": 36.8,
        "oppSavesAgainstPer60": 31.0,
        "oppSavesAgainstPer60Last1": 34.0,
        "oppSavesAgainstPer60Last3": 27.7,
        "oppSavesAgainstPer60Last5": 27.8,
        "oppShotsAgainstPerGame": 29.5,
        "oppShotsAgainstPerGameLast5": 33.6,
        "savesProj": 30.3,
        "savesProjLast5": 31.9,
        "savesProjLast3": 31.1,
        "oppSavesAgainstProj": 30.3,
        "oppSavesAgainstProjLast5": 29.0,
        "oppSavesAgainstProjLast3": 28.1,
        "totalOver": 53,
        "totalOverLast5": 40,
        "totalOverLast15": 40,
        "lastTotalOver": 44,
        "last5": "3,1,4,2,6,4,2,3,3,8",
        "overOdds": "-120",
        "underOdds": "-110",
        "overUnder": "-120 / -110"
    },
    {
        "player": "Michael Bunting",
        "team": "TOR",
        "opponent": "FLA",
        "propType": "sog",
        "line": 1.5,
        "ppLine": "PP2",
        "avg": 2.09,
        "hit": false,
        "diffAvg": 0.39,
        "diffAbs": 0.33,
        "lastAvg": 2.06,
        "diff": 0.37,
        "avgMin": 15,
        "proj": 2.0,
        "lastAvgMin": 15.53,
        "oppOver": 0,
        "teamOver": 0,
        "gameLine": "-190",
        "+/-": "+20",
        "L5_+/-": -4.0,
        "prevMatchup": "2023-05-02 2.0 sog 2023-04-10 4.0 sog 2023-03-29 3.0 sog 2023-03-23 4.0 sog 2023-01-17 0.0 sog",
        "winLossSplits": "55% - 56%",
        "awayHome": "H",
        "playedYesterday": "N",
        "awayHomeSplits": "52% - 58%",
        "savesAboveExp": -0.102,
        "gsaa": -4.63,
        "corsi": "50.8% (57.6) // 50.8% (59.1) // 50.8% (57.6) // 50.8% (57.6)",
        "fenwick": "51.7% (44.0) // 52.2% (46.4) // 51.7% (44.0) // 51.7% (44.0)",
        "shots": "52.1% (31.8) // 52.3% (33.2) // 52.1% (31.8) // 52.1% (31.8)",
        "scoring": "53.9% (33.4) // 55.3% (34.1) // 53.9% (33.4) // 53.9% (33.4)",
        "corsiAgainst": "49.2% (55.8) // 49.2% (57.4) // 49.2% (55.8) // 49.2% (55.8)",
        "fenwickAgainst": "48.3% (41.1) // 47.8% (42.5) // 48.3% (41.1) // 48.3% (41.1)",
        "shotsAgainst": "47.9% (29.2) // 47.7% (30.3) // 47.9% (29.2) // 47.9% (29.2)",
        "scoringAgainst": "46.1% (28.5) // 44.7% (27.6) // 46.1% (28.5) // 46.1% (28.5)",
        "oppCorsi": "54.2% (66.3) // 52.5% (66.0) // 54.2% (66.3) // 54.2% (66.3)",
        "oppFenwick": "53.6% (49.9) // 52.0% (49.3) // 53.6% (49.9) // 53.6% (49.9)",
        "oppShots": "53.7% (36.5) // 51.9% (35.5) // 53.7% (36.5) // 53.7% (36.5)",
        "oppScoring": "54.6% (34.8) // 53.4% (34.0) // 54.6% (34.8) // 54.6% (34.8)",
        "oppCorsiAgainst": "45.8% (56.1) // 47.5% (59.7) // 45.8% (56.1) // 45.8% (56.1)",
        "oppFenwickAgainst": "46.4% (43.2) // 48.0% (45.5) // 46.4% (43.2) // 46.4% (43.2)",
        "oppShotsAgainst": "46.3% (31.5) // 48.1% (33.0) // 46.3% (31.5) // 46.3% (31.5)",
        "oppScoringAgainst": "45.4% (28.9) // 46.6% (29.7) // 45.4% (28.9) // 45.4% (28.9)",
        "savesPerGame": 26.8,
        "savesPerGameLast1": 24.0,
        "savesPerGameLast3": 29.7,
        "savesPerGameLast5": 30.4,
        "savesPer60": 29.3,
        "savesPer60Last1": 22.9,
        "savesPer60Last3": 29.3,
        "savesPer60Last5": 32.5,
        "shotsPerGame": 32.0,
        "shotsPerGameLast5": 30.4,
        "shotsAgainstPerGame": 29.5,
        "shotsAgainstPerGameLast5": 33.6,
        "oppSavesAgainstPer60": 36.5,
        "oppSavesAgainstPer60Last1": 24.7,
        "oppSavesAgainstPer60Last3": 25.5,
        "oppSavesAgainstPer60Last5": 28.7,
        "oppShotsAgainstPerGame": 31.7,
        "oppShotsAgainstPerGameLast5": 36.8,
        "savesProj": 31.0,
        "savesProjLast5": 29.2,
        "savesProjLast3": 24.2,
        "oppSavesAgainstProj": 33.4,
        "oppSavesAgainstProjLast5": 27.6,
        "oppSavesAgainstProjLast3": 23.5,
        "totalOver": 55,
        "totalOverLast5": 40,
        "totalOverLast15": 60,
        "lastTotalOver": 62,
        "last5": "2,1,1,3,0,4,6,3,3,5",
        "overOdds": "-165",
        "underOdds": "+135",
        "overUnder": "-165 / +135"
    },
    {
        "player": "Mitchell Marner",
        "team": "TOR",
        "opponent": "FLA",
        "propType": "sog",
        "line": 2.5,
        "ppLine": "PP1",
        "avg": 2.45,
        "hit": false,
        "diffAvg": -0.02,
        "diffAbs": 0.16,
        "lastAvg": 2.84,
        "diff": 0.14,
        "avgMin": 21,
        "proj": 2.9,
        "lastAvgMin": 20.87,
        "oppOver": 0,
        "teamOver": 0,
        "gameLine": "-190",
        "+/-": "+26",
        "L5_+/-": "+11.0",
        "prevMatchup": "2023-05-02 1.0 sog 2023-04-10 1.0 sog 2023-03-29 3.0 sog 2023-03-23 3.0 sog 2023-01-17 0.0 sog",
        "winLossSplits": "49% - 44%",
        "awayHome": "H",
        "playedYesterday": "N",
        "awayHomeSplits": "47% - 48%",
        "savesAboveExp": -0.102,
        "gsaa": -4.63,
        "corsi": "50.8% (57.6) // 50.8% (59.1) // 50.8% (57.6) // 50.8% (57.6)",
        "fenwick": "51.7% (44.0) // 52.2% (46.4) // 51.7% (44.0) // 51.7% (44.0)",
        "shots": "52.1% (31.8) // 52.3% (33.2) // 52.1% (31.8) // 52.1% (31.8)",
        "scoring": "53.9% (33.4) // 55.3% (34.1) // 53.9% (33.4) // 53.9% (33.4)",
        "corsiAgainst": "49.2% (55.8) // 49.2% (57.4) // 49.2% (55.8) // 49.2% (55.8)",
        "fenwickAgainst": "48.3% (41.1) // 47.8% (42.5) // 48.3% (41.1) // 48.3% (41.1)",
        "shotsAgainst": "47.9% (29.2) // 47.7% (30.3) // 47.9% (29.2) // 47.9% (29.2)",
        "scoringAgainst": "46.1% (28.5) // 44.7% (27.6) // 46.1% (28.5) // 46.1% (28.5)",
        "oppCorsi": "54.2% (66.3) // 52.5% (66.0) // 54.2% (66.3) // 54.2% (66.3)",
        "oppFenwick": "53.6% (49.9) // 52.0% (49.3) // 53.6% (49.9) // 53.6% (49.9)",
        "oppShots": "53.7% (36.5) // 51.9% (35.5) // 53.7% (36.5) // 53.7% (36.5)",
        "oppScoring": "54.6% (34.8) // 53.4% (34.0) // 54.6% (34.8) // 54.6% (34.8)",
        "oppCorsiAgainst": "45.8% (56.1) // 47.5% (59.7) // 45.8% (56.1) // 45.8% (56.1)",
        "oppFenwickAgainst": "46.4% (43.2) // 48.0% (45.5) // 46.4% (43.2) // 46.4% (43.2)",
        "oppShotsAgainst": "46.3% (31.5) // 48.1% (33.0) // 46.3% (31.5) // 46.3% (31.5)",
        "oppScoringAgainst": "45.4% (28.9) // 46.6% (29.7) // 45.4% (28.9) // 45.4% (28.9)",
        "savesPerGame": 26.8,
        "savesPerGameLast1": 24.0,
        "savesPerGameLast3": 29.7,
        "savesPerGameLast5": 30.4,
        "savesPer60": 29.3,
        "savesPer60Last1": 22.9,
        "savesPer60Last3": 29.3,
        "savesPer60Last5": 32.5,
        "shotsPerGame": 32.0,
        "shotsPerGameLast5": 30.4,
        "shotsAgainstPerGame": 29.5,
        "shotsAgainstPerGameLast5": 33.6,
        "oppSavesAgainstPer60": 36.5,
        "oppSavesAgainstPer60Last1": 24.7,
        "oppSavesAgainstPer60Last3": 25.5,
        "oppSavesAgainstPer60Last5": 28.7,
        "oppShotsAgainstPerGame": 31.7,
        "oppShotsAgainstPerGameLast5": 36.8,
        "savesProj": 31.0,
        "savesProjLast5": 29.2,
        "savesProjLast3": 24.2,
        "oppSavesAgainstProj": 33.4,
        "oppSavesAgainstProjLast5": 27.6,
        "oppSavesAgainstProjLast3": 23.5,
        "totalOver": 47,
        "totalOverLast5": 40,
        "totalOverLast15": 53,
        "lastTotalOver": 51,
        "last5": "1,3,2,3,2,3,3,1,1,5",
        "overOdds": "-135",
        "underOdds": "+105",
        "overUnder": "-135 / +105"
    },
    {
        "player": "Morgan Rielly",
        "team": "TOR",
        "opponent": "FLA",
        "propType": "sog",
        "line": 2.5,
        "ppLine": "PP1",
        "avg": 1.96,
        "hit": false,
        "diffAvg": -0.22,
        "diffAbs": 0.12,
        "lastAvg": 2.48,
        "diff": -0.01,
        "avgMin": 21,
        "proj": 2.2,
        "lastAvgMin": 23.73,
        "oppOver": 0,
        "teamOver": 0,
        "gameLine": "-190",
        "+/-": -1,
        "L5_+/-": "+7.0",
        "prevMatchup": "2023-05-02 3.0 sog 2023-04-10 1.0 sog 2023-03-29 1.0 sog 2023-01-17 1.0 sog",
        "winLossSplits": "35% - 31%",
        "awayHome": "H",
        "playedYesterday": "N",
        "awayHomeSplits": "21% - 45%",
        "savesAboveExp": -0.102,
        "gsaa": -4.63,
        "corsi": "50.8% (57.6) // 50.8% (59.1) // 50.8% (57.6) // 50.8% (57.6)",
        "fenwick": "51.7% (44.0) // 52.2% (46.4) // 51.7% (44.0) // 51.7% (44.0)",
        "shots": "52.1% (31.8) // 52.3% (33.2) // 52.1% (31.8) // 52.1% (31.8)",
        "scoring": "53.9% (33.4) // 55.3% (34.1) // 53.9% (33.4) // 53.9% (33.4)",
        "corsiAgainst": "49.2% (55.8) // 49.2% (57.4) // 49.2% (55.8) // 49.2% (55.8)",
        "fenwickAgainst": "48.3% (41.1) // 47.8% (42.5) // 48.3% (41.1) // 48.3% (41.1)",
        "shotsAgainst": "47.9% (29.2) // 47.7% (30.3) // 47.9% (29.2) // 47.9% (29.2)",
        "scoringAgainst": "46.1% (28.5) // 44.7% (27.6) // 46.1% (28.5) // 46.1% (28.5)",
        "oppCorsi": "54.2% (66.3) // 52.5% (66.0) // 54.2% (66.3) // 54.2% (66.3)",
        "oppFenwick": "53.6% (49.9) // 52.0% (49.3) // 53.6% (49.9) // 53.6% (49.9)",
        "oppShots": "53.7% (36.5) // 51.9% (35.5) // 53.7% (36.5) // 53.7% (36.5)",
        "oppScoring": "54.6% (34.8) // 53.4% (34.0) // 54.6% (34.8) // 54.6% (34.8)",
        "oppCorsiAgainst": "45.8% (56.1) // 47.5% (59.7) // 45.8% (56.1) // 45.8% (56.1)",
        "oppFenwickAgainst": "46.4% (43.2) // 48.0% (45.5) // 46.4% (43.2) // 46.4% (43.2)",
        "oppShotsAgainst": "46.3% (31.5) // 48.1% (33.0) // 46.3% (31.5) // 46.3% (31.5)",
        "oppScoringAgainst": "45.4% (28.9) // 46.6% (29.7) // 45.4% (28.9) // 45.4% (28.9)",
        "savesPerGame": 26.8,
        "savesPerGameLast1": 24.0,
        "savesPerGameLast3": 29.7,
        "savesPerGameLast5": 30.4,
        "savesPer60": 29.3,
        "savesPer60Last1": 22.9,
        "savesPer60Last3": 29.3,
        "savesPer60Last5": 32.5,
        "shotsPerGame": 32.0,
        "shotsPerGameLast5": 30.4,
        "shotsAgainstPerGame": 29.5,
        "shotsAgainstPerGameLast5": 33.6,
        "oppSavesAgainstPer60": 36.5,
        "oppSavesAgainstPer60Last1": 24.7,
        "oppSavesAgainstPer60Last3": 25.5,
        "oppSavesAgainstPer60Last5": 28.7,
        "oppShotsAgainstPerGame": 31.7,
        "oppShotsAgainstPerGameLast5": 36.8,
        "savesProj": 31.0,
        "savesProjLast5": 29.2,
        "savesProjLast3": 24.2,
        "oppSavesAgainstProj": 33.4,
        "oppSavesAgainstProjLast5": 27.6,
        "oppSavesAgainstProjLast3": 23.5,
        "totalOver": 33,
        "totalOverLast5": 40,
        "totalOverLast15": 20,
        "lastTotalOver": 49,
        "last5": "3,2,3,1,2,2,2,0,0,1",
        "overOdds": "+140",
        "underOdds": "-175",
        "overUnder": "+140 / -175"
    },
    {
        "player": "Sam Bennett",
        "team": "FLA",
        "opponent": "TOR",
        "propType": "sog",
