[
    {
        "player": "Brady Skjei",
        "team": "CAR",
        "opponent": "NJ",
        "propType": "sog",
        "line": 1.5,
        "ppLine": "",
        "avg": 2.26,
        "hit": false,
        "diffAvg": 0.51,
        "diffAbs": 0.27,
        "lastAvg": 1.92,
        "diff": 0.28,
        "avgMin": 21,
        "proj": 1.9,
        "lastAvgMin": 21.13,
        "oppOver": 0,
        "teamOver": 0,
        "gameLine": "-130",
        "+/-": "+5",
        "L5_+/-": -2.0,
        "prevMatchup": "2023-05-09 1.0 sog 2023-05-07 1.0 sog 2023-05-05 0.0 sog 2023-05-03 1.0 sog 2023-03-12 3.0 sog 2023-01-10 0.0 sog 2023-01-01 5.0 sog 2022-12-20 1.0 sog",
        "winLossSplits": "71% - 64%",
        "awayHome": "H",
        "playedYesterday": "N",
        "awayHomeSplits": "73% - 63%",
        "savesAboveExp": 0.922,
        "gsaa": 7.07,
        "corsi": "59.9% (67.4) // 61.2% (68.8) // 59.9% (67.4) // 59.9% (67.4)",
        "fenwick": "59.1% (50.8) // 60.1% (51.8) // 59.1% (50.8) // 59.1% (50.8)",
        "shots": "57.2% (34.3) // 58.4% (34.4) // 57.2% (34.3) // 57.2% (34.3)",
        "scoring": "58.9% (33.3) // 62.3% (33.3) // 58.9% (33.3) // 58.9% (33.3)",
        "corsiAgainst": "40.1% (45.2) // 38.8% (43.6) // 40.1% (45.2) // 40.1% (45.2)",
        "fenwickAgainst": "40.9% (35.1) // 39.9% (34.4) // 40.9% (35.1) // 40.9% (35.1)",
        "shotsAgainst": "42.8% (25.6) // 41.6% (24.5) // 42.8% (25.6) // 42.8% (25.6)",
        "scoringAgainst": "41.1% (23.3) // 37.7% (20.2) // 41.1% (23.3) // 41.1% (23.3)",
        "oppCorsi": "53.7% (63.4) // 55.1% (64.9) // 53.7% (63.4) // 53.7% (63.4)",
        "oppFenwick": "53.9% (46.9) // 55.2% (48.2) // 53.9% (46.9) // 53.9% (46.9)",
        "oppShots": "54.9% (33.9) // 54.4% (33.3) // 54.9% (33.9) // 54.9% (33.9)",
        "oppScoring": "56.3% (35.0) // 60.7% (39.4) // 56.3% (35.0) // 56.3% (35.0)",
        "oppCorsiAgainst": "46.3% (54.8) // 44.9% (52.8) // 46.3% (54.8) // 46.3% (54.8)",
        "oppFenwickAgainst": "46.1% (40.1) // 44.8% (39.2) // 46.1% (40.1) // 46.1% (40.1)",
        "oppShotsAgainst": "45.1% (27.8) // 45.6% (28.0) // 45.1% (27.8) // 45.1% (27.8)",
        "oppScoringAgainst": "43.7% (27.1) // 39.3% (25.5) // 43.7% (27.1) // 43.7% (27.1)",
        "savesPerGame": 23.4,
        "savesPerGameLast1": 21.0,
        "savesPerGameLast3": 25.0,
        "savesPerGameLast5": 25.2,
        "savesPer60": 26.5,
        "savesPer60Last1": 21.0,
        "savesPer60Last3": 25.0,
        "savesPer60Last5": 25.7,
        "shotsPerGame": 34.8,
        "shotsPerGameLast5": 31.6,
        "shotsAgainstPerGame": 26.0,
        "shotsAgainstPerGameLast5": 27.6,
        "oppSavesAgainstPer60": 35.2,
        "oppSavesAgainstPer60Last1": 21.0,
        "oppSavesAgainstPer60Last3": 24.8,
        "oppSavesAgainstPer60Last5": 22.4,
        "oppShotsAgainstPerGame": 28.2,
        "oppShotsAgainstPerGameLast5": 29.6,
        "savesProj": 27.5,
        "savesProjLast5": 19.8,
        "savesProjLast3": 21.5,
        "oppSavesAgainstProj": 28.0,
        "oppSavesAgainstProjLast5": 16.6,
        "oppSavesAgainstProjLast3": 17.6,
        "totalOver": 68,
        "totalOverLast5": 20,
        "totalOverLast15": 47,
        "lastTotalOver": 67,
        "last5": "1,1,0,1,3,2,1,2,3,4",
        "overOdds": "-160",
        "underOdds": "+130",
        "overUnder": "-160 / +130"
    },
    {
        "player": "Brent Burns",
        "team": "CAR",
        "opponent": "NJ",
        "propType": "sog",
        "line": 3.5,
        "ppLine": "PP1",
        "avg": 3.15,
        "hit": false,
        "diffAvg": -0.1,
        "diffAbs": 0.37,
        "lastAvg": 2.48,
        "diff": -0.29,
        "avgMin": 23,
        "proj": 2.2,
        "lastAvgMin": 26.13,
        "oppOver": 0,
        "teamOver": 0,
        "gameLine": "-130",
        "+/-": "+26",
        "L5_+/-": "+7.0",
        "prevMatchup": "2023-05-09 1.0 sog 2023-05-07 2.0 sog 2023-05-05 3.0 sog 2023-05-03 2.0 sog 2023-03-12 5.0 sog 2023-01-10 3.0 sog 2023-01-01 7.0 sog 2022-12-20 0.0 sog",
        "winLossSplits": "29% - 45%",
        "awayHome": "H",
        "playedYesterday": "N",
        "awayHomeSplits": "39% - 30%",
        "savesAboveExp": 0.922,
        "gsaa": 7.07,
        "corsi": "59.9% (67.4) // 61.2% (68.8) // 59.9% (67.4) // 59.9% (67.4)",
        "fenwick": "59.1% (50.8) // 60.1% (51.8) // 59.1% (50.8) // 59.1% (50.8)",
        "shots": "57.2% (34.3) // 58.4% (34.4) // 57.2% (34.3) // 57.2% (34.3)",
        "scoring": "58.9% (33.3) // 62.3% (33.3) // 58.9% (33.3) // 58.9% (33.3)",
        "corsiAgainst": "40.1% (45.2) // 38.8% (43.6) // 40.1% (45.2) // 40.1% (45.2)",
        "fenwickAgainst": "40.9% (35.1) // 39.9% (34.4) // 40.9% (35.1) // 40.9% (35.1)",
        "shotsAgainst": "42.8% (25.6) // 41.6% (24.5) // 42.8% (25.6) // 42.8% (25.6)",
        "scoringAgainst": "41.1% (23.3) // 37.7% (20.2) // 41.1% (23.3) // 41.1% (23.3)",
        "oppCorsi": "53.7% (63.4) // 55.1% (64.9) // 53.7% (63.4) // 53.7% (63.4)",
        "oppFenwick": "53.9% (46.9) // 55.2% (48.2) // 53.9% (46.9) // 53.9% (46.9)",
        "oppShots": "54.9% (33.9) // 54.4% (33.3) // 54.9% (33.9) // 54.9% (33.9)",
        "oppScoring": "56.3% (35.0) // 60.7% (39.4) // 56.3% (35.0) // 56.3% (35.0)",
        "oppCorsiAgainst": "46.3% (54.8) // 44.9% (52.8) // 46.3% (54.8) // 46.3% (54.8)",
        "oppFenwickAgainst": "46.1% (40.1) // 44.8% (39.2) // 46.1% (40.1) // 46.1% (40.1)",
        "oppShotsAgainst": "45.1% (27.8) // 45.6% (28.0) // 45.1% (27.8) // 45.1% (27.8)",
        "oppScoringAgainst": "43.7% (27.1) // 39.3% (25.5) // 43.7% (27.1) // 43.7% (27.1)",
        "savesPerGame": 23.4,
        "savesPerGameLast1": 21.0,
        "savesPerGameLast3": 25.0,
        "savesPerGameLast5": 25.2,
        "savesPer60": 26.5,
        "savesPer60Last1": 21.0,
        "savesPer60Last3": 25.0,
        "savesPer60Last5": 25.7,
        "shotsPerGame": 34.8,
        "shotsPerGameLast5": 31.6,
        "shotsAgainstPerGame": 26.0,
        "shotsAgainstPerGameLast5": 27.6,
        "oppSavesAgainstPer60": 35.2,
        "oppSavesAgainstPer60Last1": 21.0,
        "oppSavesAgainstPer60Last3": 24.8,
        "oppSavesAgainstPer60Last5": 22.4,
        "oppShotsAgainstPerGame": 28.2,
        "oppShotsAgainstPerGameLast5": 29.6,
        "savesProj": 27.5,
        "savesProjLast5": 19.8,
        "savesProjLast3": 21.5,
        "oppSavesAgainstProj": 28.0,
        "oppSavesAgainstProjLast5": 16.6,
        "oppSavesAgainstProjLast3": 17.6,
        "totalOver": 35,
        "totalOverLast5": 20,
        "totalOverLast15": 47,
        "lastTotalOver": 18,
        "last5": "1,2,3,2,5,6,5,1,4,6",
        "overOdds": "+105",
        "underOdds": "-135",
        "overUnder": "+105 / -135"
    },
    {
        "player": "Brett Pesce",
        "team": "CAR",
        "opponent": "NJ",
        "propType": "sog",
        "line": 1.5,
        "ppLine": "",
        "avg": 1.77,
        "hit": false,
        "diffAvg": 0.18,
        "diffAbs": 0.13,
        "lastAvg": 1.76,
        "diff": 0.17,
        "avgMin": 21,
        "proj": 1.7,
        "lastAvgMin": 21.7,
        "oppOver": 0,
        "teamOver": 0,
        "gameLine": "-130",
        "+/-": "+9",
        "L5_+/-": -2.0,
        "prevMatchup": "2023-05-09 2.0 sog 2023-05-07 2.0 sog 2023-05-05 0.0 sog 2023-05-03 1.0 sog 2023-03-12 4.0 sog 2023-01-10 1.0 sog 2023-01-01 1.0 sog 2022-12-20 0.0 sog",
        "winLossSplits": "56% - 42%",
        "awayHome": "H",
        "playedYesterday": "N",
        "awayHomeSplits": "48% - 54%",
        "savesAboveExp": 0.922,
        "gsaa": 7.07,
        "corsi": "59.9% (67.4) // 61.2% (68.8) // 59.9% (67.4) // 59.9% (67.4)",
        "fenwick": "59.1% (50.8) // 60.1% (51.8) // 59.1% (50.8) // 59.1% (50.8)",
        "shots": "57.2% (34.3) // 58.4% (34.4) // 57.2% (34.3) // 57.2% (34.3)",
        "scoring": "58.9% (33.3) // 62.3% (33.3) // 58.9% (33.3) // 58.9% (33.3)",
        "corsiAgainst": "40.1% (45.2) // 38.8% (43.6) // 40.1% (45.2) // 40.1% (45.2)",
        "fenwickAgainst": "40.9% (35.1) // 39.9% (34.4) // 40.9% (35.1) // 40.9% (35.1)",
        "shotsAgainst": "42.8% (25.6) // 41.6% (24.5) // 42.8% (25.6) // 42.8% (25.6)",
        "scoringAgainst": "41.1% (23.3) // 37.7% (20.2) // 41.1% (23.3) // 41.1% (23.3)",
        "oppCorsi": "53.7% (63.4) // 55.1% (64.9) // 53.7% (63.4) // 53.7% (63.4)",
        "oppFenwick": "53.9% (46.9) // 55.2% (48.2) // 53.9% (46.9) // 53.9% (46.9)",
        "oppShots": "54.9% (33.9) // 54.4% (33.3) // 54.9% (33.9) // 54.9% (33.9)",
        "oppScoring": "56.3% (35.0) // 60.7% (39.4) // 56.3% (35.0) // 56.3% (35.0)",
        "oppCorsiAgainst": "46.3% (54.8) // 44.9% (52.8) // 46.3% (54.8) // 46.3% (54.8)",
        "oppFenwickAgainst": "46.1% (40.1) // 44.8% (39.2) // 46.1% (40.1) // 46.1% (40.1)",
        "oppShotsAgainst": "45.1% (27.8) // 45.6% (28.0) // 45.1% (27.8) // 45.1% (27.8)",
        "oppScoringAgainst": "43.7% (27.1) // 39.3% (25.5) // 43.7% (27.1) // 43.7% (27.1)",
        "savesPerGame": 23.4,
        "savesPerGameLast1": 21.0,
        "savesPerGameLast3": 25.0,
        "savesPerGameLast5": 25.2,
        "savesPer60": 26.5,
        "savesPer60Last1": 21.0,
        "savesPer60Last3": 25.0,
        "savesPer60Last5": 25.7,
        "shotsPerGame": 34.8,
        "shotsPerGameLast5": 31.6,
        "shotsAgainstPerGame": 26.0,
        "shotsAgainstPerGameLast5": 27.6,
        "oppSavesAgainstPer60": 35.2,
        "oppSavesAgainstPer60Last1": 21.0,
        "oppSavesAgainstPer60Last3": 24.8,
        "oppSavesAgainstPer60Last5": 22.4,
        "oppShotsAgainstPerGame": 28.2,
        "oppShotsAgainstPerGameLast5": 29.6,
        "savesProj": 27.5,
        "savesProjLast5": 19.8,
        "savesProjLast3": 21.5,
        "oppSavesAgainstProj": 28.0,
        "oppSavesAgainstProjLast5": 16.6,
        "oppSavesAgainstProjLast3": 17.6,
        "totalOver": 51,
        "totalOverLast5": 40,
        "totalOverLast15": 47,
        "lastTotalOver": 59,
        "last5": "2,2,0,1,1,4,1,3,2,3",
        "overOdds": "-120",
        "underOdds": "-110",
        "overUnder": "-120 / -110"
    },
    {
        "player": "Dougie Hamilton",
        "team": "NJ",
        "opponent": "CAR",
        "propType": "sog",
        "line": 2.5,
        "ppLine": "PP1",
        "avg": 3.19,
        "hit": false,
        "diffAvg": 0.28,
        "diffAbs": 0.24,
        "lastAvg": 3.18,
        "diff": 0.27,
        "avgMin": 21,
        "proj": 3.1,
        "lastAvgMin": 21.22,
        "oppOver": 0,
        "teamOver": 0,
        "gameLine": "+110",
        "+/-": "+14",
        "L5_+/-": -7.0,
        "prevMatchup": "2023-05-09 3.0 sog 2023-05-07 3.0 sog 2023-05-05 1.0 sog 2023-05-03 1.0 sog 2023-03-12 0.0 sog 2023-01-10 1.0 sog 2023-01-01 4.0 sog 2022-12-20 3.0 sog",
        "winLossSplits": "63% - 50%",
        "awayHome": "A",
        "playedYesterday": "N",
        "awayHomeSplits": "52% - 64%",
        "savesAboveExp": -0.44,
        "gsaa": -0.71,
        "corsi": "53.7% (63.4) // 55.1% (64.9) // 53.7% (63.4) // 53.7% (63.4)",
        "fenwick": "53.9% (46.9) // 55.2% (48.2) // 53.9% (46.9) // 53.9% (46.9)",
        "shots": "54.9% (33.9) // 54.4% (33.3) // 54.9% (33.9) // 54.9% (33.9)",
        "scoring": "56.3% (35.0) // 60.7% (39.4) // 56.3% (35.0) // 56.3% (35.0)",
        "corsiAgainst": "46.3% (54.8) // 44.9% (52.8) // 46.3% (54.8) // 46.3% (54.8)",
        "fenwickAgainst": "46.1% (40.1) // 44.8% (39.2) // 46.1% (40.1) // 46.1% (40.1)",
        "shotsAgainst": "45.1% (27.8) // 45.6% (28.0) // 45.1% (27.8) // 45.1% (27.8)",
        "scoringAgainst": "43.7% (27.1) // 39.3% (25.5) // 43.7% (27.1) // 43.7% (27.1)",
        "oppCorsi": "59.9% (67.4) // 61.2% (68.8) // 59.9% (67.4) // 59.9% (67.4)",
        "oppFenwick": "59.1% (50.8) // 60.1% (51.8) // 59.1% (50.8) // 59.1% (50.8)",
        "oppShots": "57.2% (34.3) // 58.4% (34.4) // 57.2% (34.3) // 57.2% (34.3)",
        "oppScoring": "58.9% (33.3) // 62.3% (33.3) // 58.9% (33.3) // 58.9% (33.3)",
        "oppCorsiAgainst": "40.1% (45.2) // 38.8% (43.6) // 40.1% (45.2) // 40.1% (45.2)",
        "oppFenwickAgainst": "40.9% (35.1) // 39.9% (34.4) // 40.9% (35.1) // 40.9% (35.1)",
        "oppShotsAgainst": "42.8% (25.6) // 41.6% (24.5) // 42.8% (25.6) // 42.8% (25.6)",
        "oppScoringAgainst": "41.1% (23.3) // 37.7% (20.2) // 41.1% (23.3) // 41.1% (23.3)",
        "savesPerGame": 25.5,
        "savesPerGameLast1": 22.0,
        "savesPerGameLast3": 26.0,
        "savesPerGameLast5": 25.4,
        "savesPer60": 29.1,
        "savesPer60Last1": 21.9,
        "savesPer60Last3": 26.0,
        "savesPer60Last5": 25.3,
        "shotsPerGame": 34.4,
        "shotsPerGameLast5": 25.6,
        "shotsAgainstPerGame": 28.2,
        "shotsAgainstPerGameLast5": 29.6,
        "oppSavesAgainstPer60": 35.6,
        "oppSavesAgainstPer60Last1": 22.0,
        "oppSavesAgainstPer60Last3": 26.2,
        "oppSavesAgainstPer60Last5": 27.5,
        "oppShotsAgainstPerGame": 26.0,
        "oppShotsAgainstPerGameLast5": 27.6,
        "savesProj": 34.4,
        "savesProjLast5": 25.8,
        "savesProjLast3": 25.5,
        "oppSavesAgainstProj": 30.3,
        "oppSavesAgainstProjLast5": 20.4,
        "oppSavesAgainstProjLast3": 19.1,
        "totalOver": 58,
        "totalOverLast5": 60,
        "totalOverLast15": 40,
        "lastTotalOver": 67,
        "last5": "3,3,1,1,5,1,2,1,3,1",
        "overOdds": "-120",
        "underOdds": "-110",
        "overUnder": "-120 / -110"
    },
    {
        "player": "Erik Haula",
        "team": "NJ",
        "opponent": "CAR",
        "propType": "sog",
        "line": 1.5,
        "ppLine": "PP2",
        "avg": 2.04,
        "hit": false,
        "diffAvg": 0.36,
        "diffAbs": 0.2,
        "lastAvg": 1.66,
        "diff": 0.11,
        "avgMin": 16,
        "proj": 1.8,
        "lastAvgMin": 15.08,
        "oppOver": 0,
        "teamOver": 0,
        "gameLine": "+110",
        "+/-": "+8",
        "L5_+/-": -4.0,
        "prevMatchup": "2023-05-09 2.0 sog 2023-05-07 2.0 sog 2023-05-05 2.0 sog 2023-05-03 0.0 sog 2023-03-12 2.0 sog 2023-01-10 0.0 sog 2023-01-01 0.0 sog 2022-12-20 2.0 sog",
        "winLossSplits": "68% - 60%",
        "awayHome": "A",
        "playedYesterday": "N",
        "awayHomeSplits": "64% - 65%",
        "savesAboveExp": -0.44,
        "gsaa": -0.71,
        "corsi": "53.7% (63.4) // 55.1% (64.9) // 53.7% (63.4) // 53.7% (63.4)",
        "fenwick": "53.9% (46.9) // 55.2% (48.2) // 53.9% (46.9) // 53.9% (46.9)",
        "shots": "54.9% (33.9) // 54.4% (33.3) // 54.9% (33.9) // 54.9% (33.9)",
        "scoring": "56.3% (35.0) // 60.7% (39.4) // 56.3% (35.0) // 56.3% (35.0)",
        "corsiAgainst": "46.3% (54.8) // 44.9% (52.8) // 46.3% (54.8) // 46.3% (54.8)",
        "fenwickAgainst": "46.1% (40.1) // 44.8% (39.2) // 46.1% (40.1) // 46.1% (40.1)",
        "shotsAgainst": "45.1% (27.8) // 45.6% (28.0) // 45.1% (27.8) // 45.1% (27.8)",
        "scoringAgainst": "43.7% (27.1) // 39.3% (25.5) // 43.7% (27.1) // 43.7% (27.1)",
        "oppCorsi": "59.9% (67.4) // 61.2% (68.8) // 59.9% (67.4) // 59.9% (67.4)",
        "oppFenwick": "59.1% (50.8) // 60.1% (51.8) // 59.1% (50.8) // 59.1% (50.8)",
        "oppShots": "57.2% (34.3) // 58.4% (34.4) // 57.2% (34.3) // 57.2% (34.3)",
        "oppScoring": "58.9% (33.3) // 62.3% (33.3) // 58.9% (33.3) // 58.9% (33.3)",
        "oppCorsiAgainst": "40.1% (45.2) // 38.8% (43.6) // 40.1% (45.2) // 40.1% (45.2)",
        "oppFenwickAgainst": "40.9% (35.1) // 39.9% (34.4) // 40.9% (35.1) // 40.9% (35.1)",
        "oppShotsAgainst": "42.8% (25.6) // 41.6% (24.5) // 42.8% (25.6) // 42.8% (25.6)",
        "oppScoringAgainst": "41.1% (23.3) // 37.7% (20.2) // 41.1% (23.3) // 41.1% (23.3)",
        "savesPerGame": 25.5,
        "savesPerGameLast1": 22.0,
        "savesPerGameLast3": 26.0,
        "savesPerGameLast5": 25.4,
        "savesPer60": 29.1,
        "savesPer60Last1": 21.9,
        "savesPer60Last3": 26.0,
        "savesPer60Last5": 25.3,
        "shotsPerGame": 34.4,
        "shotsPerGameLast5": 25.6,
        "shotsAgainstPerGame": 28.2,
        "shotsAgainstPerGameLast5": 29.6,
        "oppSavesAgainstPer60": 35.6,
        "oppSavesAgainstPer60Last1": 22.0,
        "oppSavesAgainstPer60Last3": 26.2,
        "oppSavesAgainstPer60Last5": 27.5,
        "oppShotsAgainstPerGame": 26.0,
        "oppShotsAgainstPerGameLast5": 27.6,
        "savesProj": 34.4,
        "savesProjLast5": 25.8,
        "savesProjLast3": 25.5,
        "oppSavesAgainstProj": 30.3,
        "oppSavesAgainstProjLast5": 20.4,
        "oppSavesAgainstProjLast3": 19.1,
        "totalOver": 65,
        "totalOverLast5": 80,
        "totalOverLast15": 73,
        "lastTotalOver": 59,
        "last5": "2,2,2,0,2,1,5,2,0,3",
        "overOdds": "-130",
        "underOdds": "+100",
        "overUnder": "-130 / +100"
    },
    {
        "player": "Jack Hughes",
        "team": "NJ",
        "opponent": "CAR",
        "propType": "sog",
        "line": 3.5,
        "ppLine": "PP1",
        "avg": 4.26,
        "hit": false,
        "diffAvg": 0.22,
        "diffAbs": 0.11,
        "lastAvg": 3.24,
        "diff": -0.07,
        "avgMin": 19,
        "proj": 3.1,
        "lastAvgMin": 19.55,
        "oppOver": 0,
        "teamOver": 0,
        "gameLine": "+110",
        "+/-": "+8",
        "L5_+/-": -2.0,
        "prevMatchup": "2023-05-09 2.0 sog 2023-05-07 4.0 sog 2023-05-05 4.0 sog 2023-05-03 2.0 sog 2023-03-12 4.0 sog 2023-01-10 3.0 sog 2023-01-01 6.0 sog 2022-12-20 7.0 sog",
        "winLossSplits": "58% - 68%",
        "awayHome": "A",
        "playedYesterday": "N",
        "awayHomeSplits": "60% - 63%",
        "savesAboveExp": -0.44,
        "gsaa": -0.71,
        "corsi": "53.7% (63.4) // 55.1% (64.9) // 53.7% (63.4) // 53.7% (63.4)",
        "fenwick": "53.9% (46.9) // 55.2% (48.2) // 53.9% (46.9) // 53.9% (46.9)",
        "shots": "54.9% (33.9) // 54.4% (33.3) // 54.9% (33.9) // 54.9% (33.9)",
        "scoring": "56.3% (35.0) // 60.7% (39.4) // 56.3% (35.0) // 56.3% (35.0)",
        "corsiAgainst": "46.3% (54.8) // 44.9% (52.8) // 46.3% (54.8) // 46.3% (54.8)",
        "fenwickAgainst": "46.1% (40.1) // 44.8% (39.2) // 46.1% (40.1) // 46.1% (40.1)",
        "shotsAgainst": "45.1% (27.8) // 45.6% (28.0) // 45.1% (27.8) // 45.1% (27.8)",
        "scoringAgainst": "43.7% (27.1) // 39.3% (25.5) // 43.7% (27.1) // 43.7% (27.1)",
        "oppCorsi": "59.9% (67.4) // 61.2% (68.8) // 59.9% (67.4) // 59.9% (67.4)",
        "oppFenwick": "59.1% (50.8) // 60.1% (51.8) // 59.1% (50.8) // 59.1% (50.8)",
        "oppShots": "57.2% (34.3) // 58.4% (34.4) // 57.2% (34.3) // 57.2% (34.3)",
        "oppScoring": "58.9% (33.3) // 62.3% (33.3) // 58.9% (33.3) // 58.9% (33.3)",
        "oppCorsiAgainst": "40.1% (45.2) // 38.8% (43.6) // 40.1% (45.2) // 40.1% (45.2)",
        "oppFenwickAgainst": "40.9% (35.1) // 39.9% (34.4) // 40.9% (35.1) // 40.9% (35.1)",
        "oppShotsAgainst": "42.8% (25.6) // 41.6% (24.5) // 42.8% (25.6) // 42.8% (25.6)",
        "oppScoringAgainst": "41.1% (23.3) // 37.7% (20.2) // 41.1% (23.3) // 41.1% (23.3)",
        "savesPerGame": 25.5,
        "savesPerGameLast1": 22.0,
        "savesPerGameLast3": 26.0,
        "savesPerGameLast5": 25.4,
        "savesPer60": 29.1,
        "savesPer60Last1": 21.9,
        "savesPer60Last3": 26.0,
        "savesPer60Last5": 25.3,
        "shotsPerGame": 34.4,
        "shotsPerGameLast5": 25.6,
        "shotsAgainstPerGame": 28.2,
        "shotsAgainstPerGameLast5": 29.6,
        "oppSavesAgainstPer60": 35.6,
        "oppSavesAgainstPer60Last1": 22.0,
        "oppSavesAgainstPer60Last3": 26.2,
        "oppSavesAgainstPer60Last5": 27.5,
        "oppShotsAgainstPerGame": 26.0,
        "oppShotsAgainstPerGameLast5": 27.6,
        "savesProj": 34.4,
        "savesProjLast5": 25.8,
        "savesProjLast3": 25.5,
        "oppSavesAgainstProj": 30.3,
        "oppSavesAgainstProjLast5": 20.4,
        "oppSavesAgainstProjLast3": 19.1,
        "totalOver": 62,
        "totalOverLast5": 40,
        "totalOverLast15": 47,
        "lastTotalOver": 46,
        "last5": "2,4,4,2,2,9,1,5,5,6",
        "overOdds": "-110",
        "underOdds": "-120",
        "overUnder": "-110 / -120"
    },
    {
        "player": "Jesper Bratt",
        "team": "NJ",
        "opponent": "CAR",
        "propType": "sog",
        "line": 1.5,
        "ppLine": "PP2",
        "avg": 2.51,
        "hit": false,
        "diffAvg": 0.67,
        "diffAbs": 0.67,
        "lastAvg": 2.59,
        "diff": 0.73,
        "avgMin": 17,
        "proj": 2.5,
        "lastAvgMin": 17.42,
        "oppOver": 0,
        "teamOver": 0,
        "gameLine": "+110",
        "+/-": "+12",
        "L5_+/-": -2.0,
        "prevMatchup": "2023-05-09 0.0 sog 2023-05-07 4.0 sog 2023-05-05 2.0 sog 2023-05-03 1.0 sog 2023-03-12 5.0 sog 2023-01-10 0.0 sog 2023-01-01 2.0 sog 2022-12-20 3.0 sog",
        "winLossSplits": "70% - 75%",
        "awayHome": "A",
        "playedYesterday": "N",
        "awayHomeSplits": "74% - 70%",
        "savesAboveExp": -0.44,
        "gsaa": -0.71,
        "corsi": "53.7% (63.4) // 55.1% (64.9) // 53.7% (63.4) // 53.7% (63.4)",
        "fenwick": "53.9% (46.9) // 55.2% (48.2) // 53.9% (46.9) // 53.9% (46.9)",
        "shots": "54.9% (33.9) // 54.4% (33.3) // 54.9% (33.9) // 54.9% (33.9)",
        "scoring": "56.3% (35.0) // 60.7% (39.4) // 56.3% (35.0) // 56.3% (35.0)",
        "corsiAgainst": "46.3% (54.8) // 44.9% (52.8) // 46.3% (54.8) // 46.3% (54.8)",
        "fenwickAgainst": "46.1% (40.1) // 44.8% (39.2) // 46.1% (40.1) // 46.1% (40.1)",
        "shotsAgainst": "45.1% (27.8) // 45.6% (28.0) // 45.1% (27.8) // 45.1% (27.8)",
        "scoringAgainst": "43.7% (27.1) // 39.3% (25.5) // 43.7% (27.1) // 43.7% (27.1)",
        "oppCorsi": "59.9% (67.4) // 61.2% (68.8) // 59.9% (67.4) // 59.9% (67.4)",
        "oppFenwick": "59.1% (50.8) // 60.1% (51.8) // 59.1% (50.8) // 59.1% (50.8)",
        "oppShots": "57.2% (34.3) // 58.4% (34.4) // 57.2% (34.3) // 57.2% (34.3)",
        "oppScoring": "58.9% (33.3) // 62.3% (33.3) // 58.9% (33.3) // 58.9% (33.3)",
        "oppCorsiAgainst": "40.1% (45.2) // 38.8% (43.6) // 40.1% (45.2) // 40.1% (45.2)",
        "oppFenwickAgainst": "40.9% (35.1) // 39.9% (34.4) // 40.9% (35.1) // 40.9% (35.1)",
        "oppShotsAgainst": "42.8% (25.6) // 41.6% (24.5) // 42.8% (25.6) // 42.8% (25.6)",
        "oppScoringAgainst": "41.1% (23.3) // 37.7% (20.2) // 41.1% (23.3) // 41.1% (23.3)",
        "savesPerGame": 25.5,
        "savesPerGameLast1": 22.0,
        "savesPerGameLast3": 26.0,
        "savesPerGameLast5": 25.4,
        "savesPer60": 29.1,
        "savesPer60Last1": 21.9,
        "savesPer60Last3": 26.0,
        "savesPer60Last5": 25.3,
        "shotsPerGame": 34.4,
        "shotsPerGameLast5": 25.6,
        "shotsAgainstPerGame": 28.2,
        "shotsAgainstPerGameLast5": 29.6,
        "oppSavesAgainstPer60": 35.6,
        "oppSavesAgainstPer60Last1": 22.0,
        "oppSavesAgainstPer60Last3": 26.2,
        "oppSavesAgainstPer60Last5": 27.5,
        "oppShotsAgainstPerGame": 26.0,
        "oppShotsAgainstPerGameLast5": 27.6,
        "savesProj": 34.4,
        "savesProjLast5": 25.8,
        "savesProjLast3": 25.5,
        "oppSavesAgainstProj": 30.3,
        "oppSavesAgainstProjLast5": 20.4,
        "oppSavesAgainstProjLast3": 19.1,
        "totalOver": 72,
        "totalOverLast5": 60,
        "totalOverLast15": 60,
        "lastTotalOver": 75,
        "last5": "0,4,2,1,2,0,3,0,5,4",
        "overOdds": "-180",
        "underOdds": "+145",
        "overUnder": "-180 / +145"
    },
    {
        "player": "Jesperi Kotkaniemi",
        "team": "CAR",
        "opponent": "NJ",
        "propType": "sog",
        "line": 1.5,
        "ppLine": "PP2",
        "avg": 1.59,
        "hit": false,
        "diffAvg": 0.06,
        "diffAbs": 0.2,
        "lastAvg": 1.01,
        "diff": -0.33,
        "avgMin": 14,
        "proj": 1.2,
        "lastAvgMin": 12.02,
        "oppOver": 0,
        "teamOver": 0,
        "gameLine": "-130",
        "+/-": "+7",
        "L5_+/-": -3.0,
        "prevMatchup": "2023-05-09 2.0 sog 2023-05-07 1.0 sog 2023-05-05 6.0 sog 2023-05-03 2.0 sog 2023-03-12 0.0 sog 2023-01-10 2.0 sog 2023-01-01 0.0 sog 2022-12-20 2.0 sog",
        "winLossSplits": "47% - 52%",
        "awayHome": "H",
        "playedYesterday": "N",
        "awayHomeSplits": "50% - 48%",
        "savesAboveExp": 0.922,
        "gsaa": 7.07,
        "corsi": "59.9% (67.4) // 61.2% (68.8) // 59.9% (67.4) // 59.9% (67.4)",
        "fenwick": "59.1% (50.8) // 60.1% (51.8) // 59.1% (50.8) // 59.1% (50.8)",
        "shots": "57.2% (34.3) // 58.4% (34.4) // 57.2% (34.3) // 57.2% (34.3)",
        "scoring": "58.9% (33.3) // 62.3% (33.3) // 58.9% (33.3) // 58.9% (33.3)",
        "corsiAgainst": "40.1% (45.2) // 38.8% (43.6) // 40.1% (45.2) // 40.1% (45.2)",
        "fenwickAgainst": "40.9% (35.1) // 39.9% (34.4) // 40.9% (35.1) // 40.9% (35.1)",
        "shotsAgainst": "42.8% (25.6) // 41.6% (24.5) // 42.8% (25.6) // 42.8% (25.6)",
        "scoringAgainst": "41.1% (23.3) // 37.7% (20.2) // 41.1% (23.3) // 41.1% (23.3)",
        "oppCorsi": "53.7% (63.4) // 55.1% (64.9) // 53.7% (63.4) // 53.7% (63.4)",
        "oppFenwick": "53.9% (46.9) // 55.2% (48.2) // 53.9% (46.9) // 53.9% (46.9)",
        "oppShots": "54.9% (33.9) // 54.4% (33.3) // 54.9% (33.9) // 54.9% (33.9)",
        "oppScoring": "56.3% (35.0) // 60.7% (39.4) // 56.3% (35.0) // 56.3% (35.0)",
        "oppCorsiAgainst": "46.3% (54.8) // 44.9% (52.8) // 46.3% (54.8) // 46.3% (54.8)",
        "oppFenwickAgainst": "46.1% (40.1) // 44.8% (39.2) // 46.1% (40.1) // 46.1% (40.1)",
        "oppShotsAgainst": "45.1% (27.8) // 45.6% (28.0) // 45.1% (27.8) // 45.1% (27.8)",
        "oppScoringAgainst": "43.7% (27.1) // 39.3% (25.5) // 43.7% (27.1) // 43.7% (27.1)",
        "savesPerGame": 23.4,
        "savesPerGameLast1": 21.0,
        "savesPerGameLast3": 25.0,
        "savesPerGameLast5": 25.2,
        "savesPer60": 26.5,
        "savesPer60Last1": 21.0,
        "savesPer60Last3": 25.0,
        "savesPer60Last5": 25.7,
        "shotsPerGame": 34.8,
        "shotsPerGameLast5": 31.6,
        "shotsAgainstPerGame": 26.0,
        "shotsAgainstPerGameLast5": 27.6,
        "oppSavesAgainstPer60": 35.2,
        "oppSavesAgainstPer60Last1": 21.0,
        "oppSavesAgainstPer60Last3": 24.8,
        "oppSavesAgainstPer60Last5": 22.4,
        "oppShotsAgainstPerGame": 28.2,
        "oppShotsAgainstPerGameLast5": 29.6,
        "savesProj": 27.5,
        "savesProjLast5": 19.8,
        "savesProjLast3": 21.5,
        "oppSavesAgainstProj": 28.0,
        "oppSavesAgainstProjLast5": 16.6,
        "oppSavesAgainstProjLast3": 17.6,
        "totalOver": 49,
        "totalOverLast5": 80,
        "totalOverLast15": 53,
        "lastTotalOver": 47,
        "last5": "2,1,6,2,2,1,0,0,1,2",
        "overOdds": "-150",
        "underOdds": "+120",
        "overUnder": "-150 / +120"
    },
    {
        "player": "Jordan Martinook",
        "team": "CAR",
        "opponent": "NJ",
        "propType": "sog",
        "line": 1.5,
        "ppLine": "",
        "avg": 2.07,
        "hit": false,
        "diffAvg": 0.38,
        "diffAbs": 0.07,
        "lastAvg": 1.18,
        "diff": -0.21,
        "avgMin": 15,
        "proj": 1.6,
        "lastAvgMin": 11.2,
        "oppOver": 0,
        "teamOver": 0,
        "gameLine": "-130",
        "+/-": "+12",
        "L5_+/-": "+5.0",
        "prevMatchup": "2023-05-09 3.0 sog 2023-05-07 2.0 sog 2023-05-05 4.0 sog 2023-05-03 0.0 sog 2023-03-12 1.0 sog 2023-01-10 2.0 sog 2023-01-01 1.0 sog 2022-12-20 1.0 sog",
        "winLossSplits": "66% - 64%",
        "awayHome": "H",
        "playedYesterday": "N",
        "awayHomeSplits": "61% - 70%",
        "savesAboveExp": 0.922,
        "gsaa": 7.07,
        "corsi": "59.9% (67.4) // 61.2% (68.8) // 59.9% (67.4) // 59.9% (67.4)",
        "fenwick": "59.1% (50.8) // 60.1% (51.8) // 59.1% (50.8) // 59.1% (50.8)",
        "shots": "57.2% (34.3) // 58.4% (34.4) // 57.2% (34.3) // 57.2% (34.3)",
        "scoring": "58.9% (33.3) // 62.3% (33.3) // 58.9% (33.3) // 58.9% (33.3)",
        "corsiAgainst": "40.1% (45.2) // 38.8% (43.6) // 40.1% (45.2) // 40.1% (45.2)",
        "fenwickAgainst": "40.9% (35.1) // 39.9% (34.4) // 40.9% (35.1) // 40.9% (35.1)",
        "shotsAgainst": "42.8% (25.6) // 41.6% (24.5) // 42.8% (25.6) // 42.8% (25.6)",
        "scoringAgainst": "41.1% (23.3) // 37.7% (20.2) // 41.1% (23.3) // 41.1% (23.3)",
        "oppCorsi": "53.7% (63.4) // 55.1% (64.9) // 53.7% (63.4) // 53.7% (63.4)",
        "oppFenwick": "53.9% (46.9) // 55.2% (48.2) // 53.9% (46.9) // 53.9% (46.9)",
        "oppShots": "54.9% (33.9) // 54.4% (33.3) // 54.9% (33.9) // 54.9% (33.9)",
        "oppScoring": "56.3% (35.0) // 60.7% (39.4) // 56.3% (35.0) // 56.3% (35.0)",
        "oppCorsiAgainst": "46.3% (54.8) // 44.9% (52.8) // 46.3% (54.8) // 46.3% (54.8)",
        "oppFenwickAgainst": "46.1% (40.1) // 44.8% (39.2) // 46.1% (40.1) // 46.1% (40.1)",
        "oppShotsAgainst": "45.1% (27.8) // 45.6% (28.0) // 45.1% (27.8) // 45.1% (27.8)",
        "oppScoringAgainst": "43.7% (27.1) // 39.3% (25.5) // 43.7% (27.1) // 43.7% (27.1)",
        "savesPerGame": 23.4,
        "savesPerGameLast1": 21.0,
        "savesPerGameLast3": 25.0,
        "savesPerGameLast5": 25.2,
        "savesPer60": 26.5,
        "savesPer60Last1": 21.0,
        "savesPer60Last3": 25.0,
        "savesPer60Last5": 25.7,
        "shotsPerGame": 34.8,
        "shotsPerGameLast5": 31.6,
        "shotsAgainstPerGame": 26.0,
        "shotsAgainstPerGameLast5": 27.6,
        "oppSavesAgainstPer60": 35.2,
        "oppSavesAgainstPer60Last1": 21.0,
        "oppSavesAgainstPer60Last3": 24.8,
        "oppSavesAgainstPer60Last5": 22.4,
        "oppShotsAgainstPerGame": 28.2,
        "oppShotsAgainstPerGameLast5": 29.6,
        "savesProj": 27.5,
        "savesProjLast5": 19.8,
        "savesProjLast3": 21.5,
        "oppSavesAgainstProj": 28.0,
        "oppSavesAgainstProjLast5": 16.6,
        "oppSavesAgainstProjLast3": 17.6,
        "totalOver": 65,
        "totalOverLast5": 80,
        "totalOverLast15": 67,
        "lastTotalOver": 51,
        "last5": "3,2,4,0,7,1,2,4,2,3",
        "overOdds": "-190",
        "underOdds": "+155",
        "overUnder": "-190 / +155"
    },
    {
        "player": "Martin Necas",
        "team": "CAR",
        "opponent": "NJ",
        "propType": "sog",
        "line": 2.5,
        "ppLine": "PP1",
        "avg": 2.9,
        "hit": false,
        "diffAvg": 0.16,
        "diffAbs": 0.24,
        "lastAvg": 1.73,
        "diff": -0.31,
        "avgMin": 18,
        "proj": 1.9,
        "lastAvgMin": 16.18,
        "oppOver": 0,
        "teamOver": 0,
        "gameLine": "-130",
        "+/-": "+3",
        "L5_+/-": -2.0,
        "prevMatchup": "2023-05-09 3.0 sog 2023-05-07 2.0 sog 2023-05-05 4.0 sog 2023-05-03 3.0 sog 2023-03-12 1.0 sog 2023-01-10 2.0 sog 2023-01-01 3.0 sog 2022-12-20 3.0 sog",
        "winLossSplits": "63% - 42%",
        "awayHome": "H",
        "playedYesterday": "N",
        "awayHomeSplits": "63% - 48%",
        "savesAboveExp": 0.922,
        "gsaa": 7.07,
        "corsi": "59.9% (67.4) // 61.2% (68.8) // 59.9% (67.4) // 59.9% (67.4)",
        "fenwick": "59.1% (50.8) // 60.1% (51.8) // 59.1% (50.8) // 59.1% (50.8)",
        "shots": "57.2% (34.3) // 58.4% (34.4) // 57.2% (34.3) // 57.2% (34.3)",
        "scoring": "58.9% (33.3) // 62.3% (33.3) // 58.9% (33.3) // 58.9% (33.3)",
        "corsiAgainst": "40.1% (45.2) // 38.8% (43.6) // 40.1% (45.2) // 40.1% (45.2)",
        "fenwickAgainst": "40.9% (35.1) // 39.9% (34.4) // 40.9% (35.1) // 40.9% (35.1)",
        "shotsAgainst": "42.8% (25.6) // 41.6% (24.5) // 42.8% (25.6) // 42.8% (25.6)",
        "scoringAgainst": "41.1% (23.3) // 37.7% (20.2) // 41.1% (23.3) // 41.1% (23.3)",
        "oppCorsi": "53.7% (63.4) // 55.1% (64.9) // 53.7% (63.4) // 53.7% (63.4)",
        "oppFenwick": "53.9% (46.9) // 55.2% (48.2) // 53.9% (46.9) // 53.9% (46.9)",
        "oppShots": "54.9% (33.9) // 54.4% (33.3) // 54.9% (33.9) // 54.9% (33.9)",
        "oppScoring": "56.3% (35.0) // 60.7% (39.4) // 56.3% (35.0) // 56.3% (35.0)",
        "oppCorsiAgainst": "46.3% (54.8) // 44.9% (52.8) // 46.3% (54.8) // 46.3% (54.8)",
        "oppFenwickAgainst": "46.1% (40.1) // 44.8% (39.2) // 46.1% (40.1) // 46.1% (40.1)",
        "oppShotsAgainst": "45.1% (27.8) // 45.6% (28.0) // 45.1% (27.8) // 45.1% (27.8)",
        "oppScoringAgainst": "43.7% (27.1) // 39.3% (25.5) // 43.7% (27.1) // 43.7% (27.1)",
        "savesPerGame": 23.4,
        "savesPerGameLast1": 21.0,
        "savesPerGameLast3": 25.0,
        "savesPerGameLast5": 25.2,
        "savesPer60": 26.5,
        "savesPer60Last1": 21.0,
        "savesPer60Last3": 25.0,
        "savesPer60Last5": 25.7,
        "shotsPerGame": 34.8,
        "shotsPerGameLast5": 31.6,
        "shotsAgainstPerGame": 26.0,
        "shotsAgainstPerGameLast5": 27.6,
        "oppSavesAgainstPer60": 35.2,
        "oppSavesAgainstPer60Last1": 21.0,
        "oppSavesAgainstPer60Last3": 24.8,
        "oppSavesAgainstPer60Last5": 22.4,
        "oppShotsAgainstPerGame": 28.2,
        "oppShotsAgainstPerGameLast5": 29.6,
        "savesProj": 27.5,
        "savesProjLast5": 19.8,
        "savesProjLast3": 21.5,
        "oppSavesAgainstProj": 28.0,
        "oppSavesAgainstProjLast5": 16.6,
        "oppSavesAgainstProjLast3": 17.6,
        "totalOver": 55,
        "totalOverLast5": 60,
        "totalOverLast15": 47,
        "lastTotalOver": 37,
        "last5": "3,2,4,3,2,1,3,3,3,3",
        "overOdds": "-140",
        "underOdds": "+110",
        "overUnder": "-140 / +110"
    },
    {
        "player": "Nico Hischier",
        "team": "NJ",
        "opponent": "CAR",
        "propType": "sog",
        "line": 2.5,
        "ppLine": "PP1",
        "avg": 3.14,
        "hit": false,
        "diffAvg": 0.26,
        "diffAbs": 0.16,
        "lastAvg": 2.19,
        "diff": -0.12,
        "avgMin": 19,
        "proj": 2.1,
        "lastAvgMin": 19.33,
        "oppOver": 0,
        "teamOver": 0,
        "gameLine": "+110",
        "+/-": "+27",
        "L5_+/-": -1.0,
        "prevMatchup": "2023-05-09 4.0 sog 2023-05-07 5.0 sog 2023-05-05 1.0 sog 2023-05-03 1.0 sog 2023-03-12 1.0 sog 2023-01-10 2.0 sog 2023-01-01 4.0 sog 2022-12-20 7.0 sog",
        "winLossSplits": "54% - 71%",
        "awayHome": "A",
        "playedYesterday": "N",
        "awayHomeSplits": "49% - 72%",
        "savesAboveExp": -0.44,
        "gsaa": -0.71,
        "corsi": "53.7% (63.4) // 55.1% (64.9) // 53.7% (63.4) // 53.7% (63.4)",
        "fenwick": "53.9% (46.9) // 55.2% (48.2) // 53.9% (46.9) // 53.9% (46.9)",
        "shots": "54.9% (33.9) // 54.4% (33.3) // 54.9% (33.9) // 54.9% (33.9)",
        "scoring": "56.3% (35.0) // 60.7% (39.4) // 56.3% (35.0) // 56.3% (35.0)",
        "corsiAgainst": "46.3% (54.8) // 44.9% (52.8) // 46.3% (54.8) // 46.3% (54.8)",
        "fenwickAgainst": "46.1% (40.1) // 44.8% (39.2) // 46.1% (40.1) // 46.1% (40.1)",
        "shotsAgainst": "45.1% (27.8) // 45.6% (28.0) // 45.1% (27.8) // 45.1% (27.8)",
        "scoringAgainst": "43.7% (27.1) // 39.3% (25.5) // 43.7% (27.1) // 43.7% (27.1)",
        "oppCorsi": "59.9% (67.4) // 61.2% (68.8) // 59.9% (67.4) // 59.9% (67.4)",
        "oppFenwick": "59.1% (50.8) // 60.1% (51.8) // 59.1% (50.8) // 59.1% (50.8)",
        "oppShots": "57.2% (34.3) // 58.4% (34.4) // 57.2% (34.3) // 57.2% (34.3)",
        "oppScoring": "58.9% (33.3) // 62.3% (33.3) // 58.9% (33.3) // 58.9% (33.3)",
        "oppCorsiAgainst": "40.1% (45.2) // 38.8% (43.6) // 40.1% (45.2) // 40.1% (45.2)",
        "oppFenwickAgainst": "40.9% (35.1) // 39.9% (34.4) // 40.9% (35.1) // 40.9% (35.1)",
        "oppShotsAgainst": "42.8% (25.6) // 41.6% (24.5) // 42.8% (25.6) // 42.8% (25.6)",
        "oppScoringAgainst": "41.1% (23.3) // 37.7% (20.2) // 41.1% (23.3) // 41.1% (23.3)",
        "savesPerGame": 25.5,
        "savesPerGameLast1": 22.0,
        "savesPerGameLast3": 26.0,
        "savesPerGameLast5": 25.4,
        "savesPer60": 29.1,
        "savesPer60Last1": 21.9,
        "savesPer60Last3": 26.0,
        "savesPer60Last5": 25.3,
        "shotsPerGame": 34.4,
        "shotsPerGameLast5": 25.6,
        "shotsAgainstPerGame": 28.2,
        "shotsAgainstPerGameLast5": 29.6,
        "oppSavesAgainstPer60": 35.6,
        "oppSavesAgainstPer60Last1": 22.0,
        "oppSavesAgainstPer60Last3": 26.2,
        "oppSavesAgainstPer60Last5": 27.5,
        "oppShotsAgainstPerGame": 26.0,
        "oppShotsAgainstPerGameLast5": 27.6,
        "savesProj": 34.4,
        "savesProjLast5": 25.8,
        "savesProjLast3": 25.5,
        "oppSavesAgainstProj": 30.3,
        "oppSavesAgainstProjLast5": 20.4,
        "oppSavesAgainstProjLast3": 19.1,
        "totalOver": 61,
        "totalOverLast5": 60,
        "totalOverLast15": 60,
        "lastTotalOver": 37,
        "last5": "4,5,1,1,3,3,4,3,4,0",
        "overOdds": "-130",
        "underOdds": "+100",
        "overUnder": "-130 / +100"
    },
    {
        "player": "Seth Jarvis",
        "team": "CAR",
        "opponent": "NJ",
        "propType": "sog",
        "line": 2.5,
        "ppLine": "PP1",
        "avg": 2.33,
        "hit": false,
        "diffAvg": -0.07,
        "diffAbs": 0.4,
        "lastAvg": 1.34,
        "diff": -0.46,
        "avgMin": 16,
        "proj": 1.5,
        "lastAvgMin": 13.87,
        "oppOver": 0,
        "teamOver": 0,
        "gameLine": "-130",
        "+/-": "+16",
        "L5_+/-": "+6.0",
        "prevMatchup": "2023-05-09 3.0 sog 2023-05-07 2.0 sog 2023-05-05 3.0 sog 2023-05-03 1.0 sog 2023-03-12 3.0 sog 2023-01-10 1.0 sog 2023-01-01 4.0 sog 2022-12-20 2.0 sog",
        "winLossSplits": "39% - 48%",
        "awayHome": "H",
        "playedYesterday": "N",
        "awayHomeSplits": "43% - 41%",
        "savesAboveExp": 0.922,
        "gsaa": 7.07,
        "corsi": "59.9% (67.4) // 61.2% (68.8) // 59.9% (67.4) // 59.9% (67.4)",
        "fenwick": "59.1% (50.8) // 60.1% (51.8) // 59.1% (50.8) // 59.1% (50.8)",
        "shots": "57.2% (34.3) // 58.4% (34.4) // 57.2% (34.3) // 57.2% (34.3)",
        "scoring": "58.9% (33.3) // 62.3% (33.3) // 58.9% (33.3) // 58.9% (33.3)",
        "corsiAgainst": "40.1% (45.2) // 38.8% (43.6) // 40.1% (45.2) // 40.1% (45.2)",
        "fenwickAgainst": "40.9% (35.1) // 39.9% (34.4) // 40.9% (35.1) // 40.9% (35.1)",
        "shotsAgainst": "42.8% (25.6) // 41.6% (24.5) // 42.8% (25.6) // 42.8% (25.6)",
        "scoringAgainst": "41.1% (23.3) // 37.7% (20.2) // 41.1% (23.3) // 41.1% (23.3)",
        "oppCorsi": "53.7% (63.4) // 55.1% (64.9) // 53.7% (63.4) // 53.7% (63.4)",
        "oppFenwick": "53.9% (46.9) // 55.2% (48.2) // 53.9% (46.9) // 53.9% (46.9)",
        "oppShots": "54.9% (33.9) // 54.4% (33.3) // 54.9% (33.9) // 54.9% (33.9)",
        "oppScoring": "56.3% (35.0) // 60.7% (39.4) // 56.3% (35.0) // 56.3% (35.0)",
        "oppCorsiAgainst": "46.3% (54.8) // 44.9% (52.8) // 46.3% (54.8) // 46.3% (54.8)",
        "oppFenwickAgainst": "46.1% (40.1) // 44.8% (39.2) // 46.1% (40.1) // 46.1% (40.1)",
        "oppShotsAgainst": "45.1% (27.8) // 45.6% (28.0) // 45.1% (27.8) // 45.1% (27.8)",
        "oppScoringAgainst": "43.7% (27.1) // 39.3% (25.5) // 43.7% (27.1) // 43.7% (27.1)",
        "savesPerGame": 23.4,
        "savesPerGameLast1": 21.0,
        "savesPerGameLast3": 25.0,
        "savesPerGameLast5": 25.2,
        "savesPer60": 26.5,
        "savesPer60Last1": 21.0,
        "savesPer60Last3": 25.0,
        "savesPer60Last5": 25.7,
        "shotsPerGame": 34.8,
        "shotsPerGameLast5": 31.6,
        "shotsAgainstPerGame": 26.0,
        "shotsAgainstPerGameLast5": 27.6,
        "oppSavesAgainstPer60": 35.2,
        "oppSavesAgainstPer60Last1": 21.0,
        "oppSavesAgainstPer60Last3": 24.8,
        "oppSavesAgainstPer60Last5": 22.4,
        "oppShotsAgainstPerGame": 28.2,
