[
    {
        "player": "Adam Boqvist",
        "team": "CBJ",
        "opponent": "NJ",
        "propType": "pts",
        "line": 0.5,
        "ppLine": "PP1",
        "avg": 0.51,
        "hit": false,
        "diffAvg": 0.02,
        "diffAbs": 0.2,
        "lastAvg": 0.42,
        "diff": -0.16,
        "avgMin": 18,
        "proj": 0.4,
        "lastAvgMin": 17.03,
        "oppOver": 0,
        "teamOver": 0,
        "gameLine": "+330",
        "+/-": -9,
        "L5_+/-": -4.0,
        "prevMatchup": "2023-02-14 2.0 pts",
        "winLossSplits": "67% - 34%",
        "awayHome": "A",
        "playedYesterday": "N",
        "awayHomeSplits": "36% - 56%",
        "savesAboveExp": 0.109,
        "gsaa": 6.35,
        "corsi": "45.7% (55.2) // 44.4% (54.5) // 40.8% (48.4) // 38.0% (47.3)",
        "fenwick": "45.5% (41.0) // 42.5% (39.5) // 38.6% (35.3) // 35.4% (33.9)",
        "shots": "45.4% (29.2) // 43.6% (29.1) // 39.3% (24.9) // 35.4% (23.0)",
        "scoring": "44.8% (27.1) // 43.1% (28.5) // 38.8% (25.3) // 35.0% (24.0)",
        "corsiAgainst": "54.3% (65.6) // 55.6% (68.3) // 59.2% (70.2) // 62.0% (77.2)",
        "fenwickAgainst": "54.5% (49.3) // 57.5% (53.5) // 61.4% (56.0) // 64.6% (61.9)",
        "shotsAgainst": "54.6% (35.2) // 56.4% (37.6) // 60.7% (38.5) // 64.6% (41.9)",
        "scoringAgainst": "55.2% (33.4) // 56.9% (37.6) // 61.2% (39.9) // 65.0% (44.6)",
        "oppCorsi": "53.8% (63.6) // 56.2% (66.9) // 58.7% (68.0) // 62.0% (69.0)",
        "oppFenwick": "54.0% (46.9) // 55.4% (49.1) // 57.2% (48.4) // 61.2% (49.0)",
        "oppShots": "55.1% (34.1) // 56.5% (35.6) // 57.2% (34.2) // 61.9% (36.3)",
        "oppScoring": "56.5% (34.9) // 61.6% (38.7) // 66.2% (41.2) // 69.1% (40.3)",
        "oppCorsiAgainst": "46.2% (54.6) // 43.8% (52.3) // 41.3% (47.8) // 38.0% (42.3)",
        "oppFenwickAgainst": "46.0% (39.9) // 44.6% (39.6) // 42.8% (36.2) // 38.8% (31.0)",
        "oppShotsAgainst": "44.9% (27.7) // 43.5% (27.4) // 42.8% (25.6) // 38.1% (22.3)",
        "oppScoringAgainst": "43.5% (26.9) // 38.4% (24.1) // 33.8% (21.0) // 30.9% (18.0)",
        "savesPerGame": 31.5,
        "savesPerGameLast1": 46.0,
        "savesPerGameLast3": 37.3,
        "savesPerGameLast5": 34.2,
        "savesPer60": 31.4,
        "savesPer60Last1": 45.2,
        "savesPer60Last3": 37.2,
        "savesPer60Last5": 34.1,
        "shotsPerGame": 29.4,
        "shotsPerGameLast5": 25.0,
        "shotsAgainstPerGame": 35.5,
        "shotsAgainstPerGameLast5": 38.6,
        "oppSavesAgainstPer60": 31.1,
        "oppSavesAgainstPer60Last1": 32.0,
        "oppSavesAgainstPer60Last3": 32.1,
        "oppSavesAgainstPer60Last5": 30.9,
        "oppShotsAgainstPerGame": 28.1,
        "oppShotsAgainstPerGameLast5": 25.6,
        "savesProj": 38.4,
        "savesProjLast5": 41.9,
        "savesProjLast3": 47.4,
        "oppSavesAgainstProj": 34.6,
        "oppSavesAgainstProjLast5": 35.3,
        "oppSavesAgainstProjLast3": 39.3,
        "totalOver": 44,
        "totalOverLast5": 40,
        "totalOverLast15": 27,
        "lastTotalOver": 35,
        "last5": "0,0,0,1,2,0,1,0,0,0",
        "overOdds": "+105",
        "underOdds": "-135",
        "overUnder": "+105 / -135"
    },
    {
        "player": "Boone Jenner",
        "team": "CBJ",
        "opponent": "NJ",
        "propType": "pts",
        "line": 0.5,
        "ppLine": "PP1",
        "avg": 0.68,
        "hit": false,
        "diffAvg": 0.36,
        "diffAbs": 0.4,
        "lastAvg": 0.75,
        "diff": 0.5,
        "avgMin": 20,
        "proj": 0.7,
        "lastAvgMin": 20.45,
        "oppOver": 0,
        "teamOver": 0,
        "gameLine": "+330",
        "+/-": -28,
        "L5_+/-": -10.0,
        "prevMatchup": "2023-02-14 1.0 pts 2022-10-30 0.0 pts",
        "winLossSplits": "82% - 36%",
        "awayHome": "A",
        "playedYesterday": "N",
        "awayHomeSplits": "39% - 64%",
        "savesAboveExp": 0.109,
        "gsaa": 6.35,
        "corsi": "45.7% (55.2) // 44.4% (54.5) // 40.8% (48.4) // 38.0% (47.3)",
        "fenwick": "45.5% (41.0) // 42.5% (39.5) // 38.6% (35.3) // 35.4% (33.9)",
        "shots": "45.4% (29.2) // 43.6% (29.1) // 39.3% (24.9) // 35.4% (23.0)",
        "scoring": "44.8% (27.1) // 43.1% (28.5) // 38.8% (25.3) // 35.0% (24.0)",
        "corsiAgainst": "54.3% (65.6) // 55.6% (68.3) // 59.2% (70.2) // 62.0% (77.2)",
        "fenwickAgainst": "54.5% (49.3) // 57.5% (53.5) // 61.4% (56.0) // 64.6% (61.9)",
        "shotsAgainst": "54.6% (35.2) // 56.4% (37.6) // 60.7% (38.5) // 64.6% (41.9)",
        "scoringAgainst": "55.2% (33.4) // 56.9% (37.6) // 61.2% (39.9) // 65.0% (44.6)",
        "oppCorsi": "53.8% (63.6) // 56.2% (66.9) // 58.7% (68.0) // 62.0% (69.0)",
        "oppFenwick": "54.0% (46.9) // 55.4% (49.1) // 57.2% (48.4) // 61.2% (49.0)",
        "oppShots": "55.1% (34.1) // 56.5% (35.6) // 57.2% (34.2) // 61.9% (36.3)",
        "oppScoring": "56.5% (34.9) // 61.6% (38.7) // 66.2% (41.2) // 69.1% (40.3)",
        "oppCorsiAgainst": "46.2% (54.6) // 43.8% (52.3) // 41.3% (47.8) // 38.0% (42.3)",
        "oppFenwickAgainst": "46.0% (39.9) // 44.6% (39.6) // 42.8% (36.2) // 38.8% (31.0)",
        "oppShotsAgainst": "44.9% (27.7) // 43.5% (27.4) // 42.8% (25.6) // 38.1% (22.3)",
        "oppScoringAgainst": "43.5% (26.9) // 38.4% (24.1) // 33.8% (21.0) // 30.9% (18.0)",
        "savesPerGame": 31.5,
        "savesPerGameLast1": 46.0,
        "savesPerGameLast3": 37.3,
        "savesPerGameLast5": 34.2,
        "savesPer60": 31.4,
        "savesPer60Last1": 45.2,
        "savesPer60Last3": 37.2,
        "savesPer60Last5": 34.1,
        "shotsPerGame": 29.4,
        "shotsPerGameLast5": 25.0,
        "shotsAgainstPerGame": 35.5,
        "shotsAgainstPerGameLast5": 38.6,
        "oppSavesAgainstPer60": 31.1,
        "oppSavesAgainstPer60Last1": 32.0,
        "oppSavesAgainstPer60Last3": 32.1,
        "oppSavesAgainstPer60Last5": 30.9,
        "oppShotsAgainstPerGame": 28.1,
        "oppShotsAgainstPerGameLast5": 25.6,
        "savesProj": 38.4,
        "savesProjLast5": 41.9,
        "savesProjLast3": 47.4,
        "oppSavesAgainstProj": 34.6,
        "oppSavesAgainstProjLast5": 35.3,
        "oppSavesAgainstProjLast3": 39.3,
        "totalOver": 52,
        "totalOverLast5": 40,
        "totalOverLast15": 47,
        "lastTotalOver": 54,
        "last5": "0,1,0,0,1,0,2,1,0,1",
        "overOdds": "-145",
        "underOdds": "+115",
        "overUnder": "-145 / +115"
    },
    {
        "player": "Dawson Mercer",
        "team": "NJ",
        "opponent": "CBJ",
        "propType": "pts",
        "line": 0.5,
        "ppLine": "PP2",
        "avg": 0.71,
        "hit": false,
        "diffAvg": 0.42,
        "diffAbs": 0.0,
        "lastAvg": 0.51,
        "diff": 0.02,
        "avgMin": 16,
        "proj": 0.5,
        "lastAvgMin": 16.53,
        "oppOver": 0,
        "teamOver": 0,
        "gameLine": "-410",
        "+/-": "+20",
        "L5_+/-": "+1.0",
        "prevMatchup": "2023-02-14 0.0 pts 2022-10-30 1.0 pts",
        "winLossSplits": "55% - 38%",
        "awayHome": "H",
        "playedYesterday": "N",
        "awayHomeSplits": "56% - 41%",
        "savesAboveExp": "-",
        "gsaa": "-",
        "corsi": "53.8% (63.6) // 56.2% (66.9) // 58.7% (68.0) // 62.0% (69.0)",
        "fenwick": "54.0% (46.9) // 55.4% (49.1) // 57.2% (48.4) // 61.2% (49.0)",
        "shots": "55.1% (34.1) // 56.5% (35.6) // 57.2% (34.2) // 61.9% (36.3)",
        "scoring": "56.5% (34.9) // 61.6% (38.7) // 66.2% (41.2) // 69.1% (40.3)",
        "corsiAgainst": "46.2% (54.6) // 43.8% (52.3) // 41.3% (47.8) // 38.0% (42.3)",
        "fenwickAgainst": "46.0% (39.9) // 44.6% (39.6) // 42.8% (36.2) // 38.8% (31.0)",
        "shotsAgainst": "44.9% (27.7) // 43.5% (27.4) // 42.8% (25.6) // 38.1% (22.3)",
        "scoringAgainst": "43.5% (26.9) // 38.4% (24.1) // 33.8% (21.0) // 30.9% (18.0)",
        "oppCorsi": "45.7% (55.2) // 44.4% (54.5) // 40.8% (48.4) // 38.0% (47.3)",
        "oppFenwick": "45.5% (41.0) // 42.5% (39.5) // 38.6% (35.3) // 35.4% (33.9)",
        "oppShots": "45.4% (29.2) // 43.6% (29.1) // 39.3% (24.9) // 35.4% (23.0)",
        "oppScoring": "44.8% (27.1) // 43.1% (28.5) // 38.8% (25.3) // 35.0% (24.0)",
        "oppCorsiAgainst": "54.3% (65.6) // 55.6% (68.3) // 59.2% (70.2) // 62.0% (77.2)",
        "oppFenwickAgainst": "54.5% (49.3) // 57.5% (53.5) // 61.4% (56.0) // 64.6% (61.9)",
        "oppShotsAgainst": "54.6% (35.2) // 56.4% (37.6) // 60.7% (38.5) // 64.6% (41.9)",
        "oppScoringAgainst": "55.2% (33.4) // 56.9% (37.6) // 61.2% (39.9) // 65.0% (44.6)",
        "savesPerGame": 25.3,
        "savesPerGameLast1": 22.0,
        "savesPerGameLast3": 19.0,
        "savesPerGameLast5": 22.4,
        "savesPer60": 25.4,
        "savesPer60Last1": 22.0,
        "savesPer60Last3": 18.9,
        "savesPer60Last5": 22.2,
        "shotsPerGame": 34.5,
        "shotsPerGameLast5": 34.2,
        "shotsAgainstPerGame": 28.1,
        "shotsAgainstPerGameLast5": 25.6,
        "oppSavesAgainstPer60": 26.8,
        "oppSavesAgainstPer60Last1": 23.9,
        "oppSavesAgainstPer60Last3": 21.2,
        "oppSavesAgainstPer60Last5": 23.4,
        "oppShotsAgainstPerGame": 35.5,
        "oppShotsAgainstPerGameLast5": 38.6,
        "savesProj": 21.7,
        "savesProjLast5": 16.4,
        "savesProjLast3": 12.6,
        "oppSavesAgainstProj": 24.1,
        "oppSavesAgainstProjLast5": 18.8,
        "oppSavesAgainstProjLast3": 14.5,
        "totalOver": 49,
        "totalOverLast5": 40,
        "totalOverLast15": 33,
        "lastTotalOver": 39,
        "last5": "3,0,1,0,0,1,0,0,0,0",
        "overOdds": "-160",
        "underOdds": "+130",
        "overUnder": "-160 / +130"
    },
    {
        "player": "Dougie Hamilton",
        "team": "NJ",
        "opponent": "CBJ",
        "propType": "pts",
        "line": 0.5,
        "ppLine": "PP1",
        "avg": 0.94,
        "hit": false,
        "diffAvg": 0.88,
        "diffAbs": 0.0,
        "lastAvg": 0.48,
        "diff": -0.04,
        "avgMin": 21,
        "proj": 0.5,
        "lastAvgMin": 21.22,
        "oppOver": 0,
        "teamOver": 0,
        "gameLine": "-410",
        "+/-": "+22",
        "L5_+/-": -1.0,
        "prevMatchup": "2023-02-14 0.0 pts 2022-10-30 0.0 pts",
        "winLossSplits": "69% - 52%",
        "awayHome": "H",
        "playedYesterday": "N",
        "awayHomeSplits": "54% - 72%",
        "savesAboveExp": "-",
        "gsaa": "-",
        "corsi": "53.8% (63.6) // 56.2% (66.9) // 58.7% (68.0) // 62.0% (69.0)",
        "fenwick": "54.0% (46.9) // 55.4% (49.1) // 57.2% (48.4) // 61.2% (49.0)",
        "shots": "55.1% (34.1) // 56.5% (35.6) // 57.2% (34.2) // 61.9% (36.3)",
        "scoring": "56.5% (34.9) // 61.6% (38.7) // 66.2% (41.2) // 69.1% (40.3)",
        "corsiAgainst": "46.2% (54.6) // 43.8% (52.3) // 41.3% (47.8) // 38.0% (42.3)",
        "fenwickAgainst": "46.0% (39.9) // 44.6% (39.6) // 42.8% (36.2) // 38.8% (31.0)",
        "shotsAgainst": "44.9% (27.7) // 43.5% (27.4) // 42.8% (25.6) // 38.1% (22.3)",
        "scoringAgainst": "43.5% (26.9) // 38.4% (24.1) // 33.8% (21.0) // 30.9% (18.0)",
        "oppCorsi": "45.7% (55.2) // 44.4% (54.5) // 40.8% (48.4) // 38.0% (47.3)",
        "oppFenwick": "45.5% (41.0) // 42.5% (39.5) // 38.6% (35.3) // 35.4% (33.9)",
        "oppShots": "45.4% (29.2) // 43.6% (29.1) // 39.3% (24.9) // 35.4% (23.0)",
        "oppScoring": "44.8% (27.1) // 43.1% (28.5) // 38.8% (25.3) // 35.0% (24.0)",
        "oppCorsiAgainst": "54.3% (65.6) // 55.6% (68.3) // 59.2% (70.2) // 62.0% (77.2)",
        "oppFenwickAgainst": "54.5% (49.3) // 57.5% (53.5) // 61.4% (56.0) // 64.6% (61.9)",
        "oppShotsAgainst": "54.6% (35.2) // 56.4% (37.6) // 60.7% (38.5) // 64.6% (41.9)",
        "oppScoringAgainst": "55.2% (33.4) // 56.9% (37.6) // 61.2% (39.9) // 65.0% (44.6)",
        "savesPerGame": 25.3,
        "savesPerGameLast1": 22.0,
        "savesPerGameLast3": 19.0,
        "savesPerGameLast5": 22.4,
        "savesPer60": 25.4,
        "savesPer60Last1": 22.0,
        "savesPer60Last3": 18.9,
        "savesPer60Last5": 22.2,
        "shotsPerGame": 34.5,
        "shotsPerGameLast5": 34.2,
        "shotsAgainstPerGame": 28.1,
        "shotsAgainstPerGameLast5": 25.6,
        "oppSavesAgainstPer60": 26.8,
        "oppSavesAgainstPer60Last1": 23.9,
        "oppSavesAgainstPer60Last3": 21.2,
        "oppSavesAgainstPer60Last5": 23.4,
        "oppShotsAgainstPerGame": 35.5,
        "oppShotsAgainstPerGameLast5": 38.6,
        "savesProj": 21.7,
        "savesProjLast5": 16.4,
        "savesProjLast3": 12.6,
        "oppSavesAgainstProj": 24.1,
        "oppSavesAgainstProjLast5": 18.8,
        "oppSavesAgainstProjLast3": 14.5,
        "totalOver": 63,
        "totalOverLast5": 60,
        "totalOverLast15": 60,
        "lastTotalOver": 41,
        "last5": "2,0,2,1,0,1,1,0,2,0",
        "overOdds": "-175",
        "underOdds": "+140",
        "overUnder": "-175 / +140"
    },
    {
        "player": "Jack Hughes",
        "team": "NJ",
        "opponent": "CBJ",
        "propType": "pts",
        "line": 1.5,
        "ppLine": "PP1",
        "avg": 1.23,
        "hit": false,
        "diffAvg": -0.18,
        "diffAbs": 0.27,
        "lastAvg": 1.1,
        "diff": -0.27,
        "avgMin": 19,
        "proj": 1.1,
        "lastAvgMin": 19.55,
        "oppOver": 0,
        "teamOver": 0,
        "gameLine": "-410",
        "+/-": "+9",
        "L5_+/-": -1.0,
        "prevMatchup": "2022-10-30 2.0 pts",
        "winLossSplits": "51% - 22%",
        "awayHome": "H",
        "playedYesterday": "N",
        "awayHomeSplits": "36% - 45%",
        "savesAboveExp": "-",
        "gsaa": "-",
        "corsi": "53.8% (63.6) // 56.2% (66.9) // 58.7% (68.0) // 62.0% (69.0)",
        "fenwick": "54.0% (46.9) // 55.4% (49.1) // 57.2% (48.4) // 61.2% (49.0)",
        "shots": "55.1% (34.1) // 56.5% (35.6) // 57.2% (34.2) // 61.9% (36.3)",
        "scoring": "56.5% (34.9) // 61.6% (38.7) // 66.2% (41.2) // 69.1% (40.3)",
        "corsiAgainst": "46.2% (54.6) // 43.8% (52.3) // 41.3% (47.8) // 38.0% (42.3)",
        "fenwickAgainst": "46.0% (39.9) // 44.6% (39.6) // 42.8% (36.2) // 38.8% (31.0)",
        "shotsAgainst": "44.9% (27.7) // 43.5% (27.4) // 42.8% (25.6) // 38.1% (22.3)",
        "scoringAgainst": "43.5% (26.9) // 38.4% (24.1) // 33.8% (21.0) // 30.9% (18.0)",
        "oppCorsi": "45.7% (55.2) // 44.4% (54.5) // 40.8% (48.4) // 38.0% (47.3)",
        "oppFenwick": "45.5% (41.0) // 42.5% (39.5) // 38.6% (35.3) // 35.4% (33.9)",
        "oppShots": "45.4% (29.2) // 43.6% (29.1) // 39.3% (24.9) // 35.4% (23.0)",
        "oppScoring": "44.8% (27.1) // 43.1% (28.5) // 38.8% (25.3) // 35.0% (24.0)",
        "oppCorsiAgainst": "54.3% (65.6) // 55.6% (68.3) // 59.2% (70.2) // 62.0% (77.2)",
        "oppFenwickAgainst": "54.5% (49.3) // 57.5% (53.5) // 61.4% (56.0) // 64.6% (61.9)",
        "oppShotsAgainst": "54.6% (35.2) // 56.4% (37.6) // 60.7% (38.5) // 64.6% (41.9)",
        "oppScoringAgainst": "55.2% (33.4) // 56.9% (37.6) // 61.2% (39.9) // 65.0% (44.6)",
        "savesPerGame": 25.3,
        "savesPerGameLast1": 22.0,
        "savesPerGameLast3": 19.0,
        "savesPerGameLast5": 22.4,
        "savesPer60": 25.4,
        "savesPer60Last1": 22.0,
        "savesPer60Last3": 18.9,
        "savesPer60Last5": 22.2,
        "shotsPerGame": 34.5,
        "shotsPerGameLast5": 34.2,
        "shotsAgainstPerGame": 28.1,
        "shotsAgainstPerGameLast5": 25.6,
        "oppSavesAgainstPer60": 26.8,
        "oppSavesAgainstPer60Last1": 23.9,
        "oppSavesAgainstPer60Last3": 21.2,
        "oppSavesAgainstPer60Last5": 23.4,
        "oppShotsAgainstPerGame": 35.5,
        "oppShotsAgainstPerGameLast5": 38.6,
        "savesProj": 21.7,
        "savesProjLast5": 16.4,
        "savesProjLast3": 12.6,
        "oppSavesAgainstProj": 24.1,
        "oppSavesAgainstProjLast5": 18.8,
        "oppSavesAgainstProjLast3": 14.5,
        "totalOver": 41,
        "totalOverLast5": 20,
        "totalOverLast15": 27,
        "lastTotalOver": 34,
        "last5": "1,1,2,1,0,2,3,0,0,0",
        "overOdds": "+100",
        "underOdds": "-130",
        "overUnder": "+100 / -130"
    },
    {
        "player": "Jesper Bratt",
        "team": "NJ",
        "opponent": "CBJ",
        "propType": "pts",
        "line": 0.5,
        "ppLine": "PP1",
        "avg": 0.88,
        "hit": false,
        "diffAvg": 0.76,
        "diffAbs": 0.8,
        "lastAvg": 0.96,
        "diff": 0.92,
        "avgMin": 17,
        "proj": 0.9,
        "lastAvgMin": 17.42,
        "oppOver": 0,
        "teamOver": 0,
        "gameLine": "-410",
        "+/-": "+13",
        "L5_+/-": "+3.0",
        "prevMatchup": "2023-02-14 1.0 pts 2022-10-30 2.0 pts",
        "winLossSplits": "73% - 52%",
        "awayHome": "H",
        "playedYesterday": "N",
        "awayHomeSplits": "69% - 62%",
        "savesAboveExp": "-",
        "gsaa": "-",
        "corsi": "53.8% (63.6) // 56.2% (66.9) // 58.7% (68.0) // 62.0% (69.0)",
        "fenwick": "54.0% (46.9) // 55.4% (49.1) // 57.2% (48.4) // 61.2% (49.0)",
        "shots": "55.1% (34.1) // 56.5% (35.6) // 57.2% (34.2) // 61.9% (36.3)",
        "scoring": "56.5% (34.9) // 61.6% (38.7) // 66.2% (41.2) // 69.1% (40.3)",
        "corsiAgainst": "46.2% (54.6) // 43.8% (52.3) // 41.3% (47.8) // 38.0% (42.3)",
        "fenwickAgainst": "46.0% (39.9) // 44.6% (39.6) // 42.8% (36.2) // 38.8% (31.0)",
        "shotsAgainst": "44.9% (27.7) // 43.5% (27.4) // 42.8% (25.6) // 38.1% (22.3)",
        "scoringAgainst": "43.5% (26.9) // 38.4% (24.1) // 33.8% (21.0) // 30.9% (18.0)",
        "oppCorsi": "45.7% (55.2) // 44.4% (54.5) // 40.8% (48.4) // 38.0% (47.3)",
        "oppFenwick": "45.5% (41.0) // 42.5% (39.5) // 38.6% (35.3) // 35.4% (33.9)",
        "oppShots": "45.4% (29.2) // 43.6% (29.1) // 39.3% (24.9) // 35.4% (23.0)",
        "oppScoring": "44.8% (27.1) // 43.1% (28.5) // 38.8% (25.3) // 35.0% (24.0)",
        "oppCorsiAgainst": "54.3% (65.6) // 55.6% (68.3) // 59.2% (70.2) // 62.0% (77.2)",
        "oppFenwickAgainst": "54.5% (49.3) // 57.5% (53.5) // 61.4% (56.0) // 64.6% (61.9)",
        "oppShotsAgainst": "54.6% (35.2) // 56.4% (37.6) // 60.7% (38.5) // 64.6% (41.9)",
        "oppScoringAgainst": "55.2% (33.4) // 56.9% (37.6) // 61.2% (39.9) // 65.0% (44.6)",
        "savesPerGame": 25.3,
        "savesPerGameLast1": 22.0,
        "savesPerGameLast3": 19.0,
        "savesPerGameLast5": 22.4,
        "savesPer60": 25.4,
        "savesPer60Last1": 22.0,
        "savesPer60Last3": 18.9,
        "savesPer60Last5": 22.2,
        "shotsPerGame": 34.5,
        "shotsPerGameLast5": 34.2,
        "shotsAgainstPerGame": 28.1,
        "shotsAgainstPerGameLast5": 25.6,
        "oppSavesAgainstPer60": 26.8,
        "oppSavesAgainstPer60Last1": 23.9,
        "oppSavesAgainstPer60Last3": 21.2,
        "oppSavesAgainstPer60Last5": 23.4,
        "oppShotsAgainstPerGame": 35.5,
        "oppShotsAgainstPerGameLast5": 38.6,
        "savesProj": 21.7,
        "savesProjLast5": 16.4,
        "savesProjLast3": 12.6,
        "oppSavesAgainstProj": 24.1,
        "oppSavesAgainstProjLast5": 18.8,
        "oppSavesAgainstProjLast3": 14.5,
        "totalOver": 65,
        "totalOverLast5": 60,
        "totalOverLast15": 53,
        "lastTotalOver": 67,
        "last5": "1,1,1,0,0,1,1,1,3,0",
        "overOdds": "-175",
        "underOdds": "+140",
        "overUnder": "-175 / +140"
    },
    {
        "player": "Johnny Gaudreau",
        "team": "CBJ",
        "opponent": "NJ",
        "propType": "pts",
        "line": 0.5,
        "ppLine": "PP1",
        "avg": 0.95,
        "hit": false,
        "diffAvg": 0.9,
        "diffAbs": 1.4,
        "lastAvg": 1.21,
        "diff": 1.42,
        "avgMin": 19,
        "proj": 1.2,
        "lastAvgMin": 18.57,
        "oppOver": 0,
        "teamOver": 0,
        "gameLine": "+330",
        "+/-": -32,
        "L5_+/-": -6.0,
        "prevMatchup": "2023-02-14 1.0 pts 2022-10-30 0.0 pts",
        "winLossSplits": "83% - 48%",
        "awayHome": "A",
        "playedYesterday": "N",
        "awayHomeSplits": "43% - 74%",
        "savesAboveExp": 0.109,
        "gsaa": 6.35,
        "corsi": "45.7% (55.2) // 44.4% (54.5) // 40.8% (48.4) // 38.0% (47.3)",
        "fenwick": "45.5% (41.0) // 42.5% (39.5) // 38.6% (35.3) // 35.4% (33.9)",
        "shots": "45.4% (29.2) // 43.6% (29.1) // 39.3% (24.9) // 35.4% (23.0)",
        "scoring": "44.8% (27.1) // 43.1% (28.5) // 38.8% (25.3) // 35.0% (24.0)",
        "corsiAgainst": "54.3% (65.6) // 55.6% (68.3) // 59.2% (70.2) // 62.0% (77.2)",
        "fenwickAgainst": "54.5% (49.3) // 57.5% (53.5) // 61.4% (56.0) // 64.6% (61.9)",
        "shotsAgainst": "54.6% (35.2) // 56.4% (37.6) // 60.7% (38.5) // 64.6% (41.9)",
        "scoringAgainst": "55.2% (33.4) // 56.9% (37.6) // 61.2% (39.9) // 65.0% (44.6)",
        "oppCorsi": "53.8% (63.6) // 56.2% (66.9) // 58.7% (68.0) // 62.0% (69.0)",
        "oppFenwick": "54.0% (46.9) // 55.4% (49.1) // 57.2% (48.4) // 61.2% (49.0)",
        "oppShots": "55.1% (34.1) // 56.5% (35.6) // 57.2% (34.2) // 61.9% (36.3)",
        "oppScoring": "56.5% (34.9) // 61.6% (38.7) // 66.2% (41.2) // 69.1% (40.3)",
        "oppCorsiAgainst": "46.2% (54.6) // 43.8% (52.3) // 41.3% (47.8) // 38.0% (42.3)",
        "oppFenwickAgainst": "46.0% (39.9) // 44.6% (39.6) // 42.8% (36.2) // 38.8% (31.0)",
        "oppShotsAgainst": "44.9% (27.7) // 43.5% (27.4) // 42.8% (25.6) // 38.1% (22.3)",
        "oppScoringAgainst": "43.5% (26.9) // 38.4% (24.1) // 33.8% (21.0) // 30.9% (18.0)",
        "savesPerGame": 31.5,
        "savesPerGameLast1": 46.0,
        "savesPerGameLast3": 37.3,
        "savesPerGameLast5": 34.2,
        "savesPer60": 31.4,
        "savesPer60Last1": 45.2,
        "savesPer60Last3": 37.2,
        "savesPer60Last5": 34.1,
        "shotsPerGame": 29.4,
        "shotsPerGameLast5": 25.0,
        "shotsAgainstPerGame": 35.5,
        "shotsAgainstPerGameLast5": 38.6,
        "oppSavesAgainstPer60": 31.1,
        "oppSavesAgainstPer60Last1": 32.0,
        "oppSavesAgainstPer60Last3": 32.1,
        "oppSavesAgainstPer60Last5": 30.9,
        "oppShotsAgainstPerGame": 28.1,
        "oppShotsAgainstPerGameLast5": 25.6,
        "savesProj": 38.4,
        "savesProjLast5": 41.9,
        "savesProjLast3": 47.4,
        "oppSavesAgainstProj": 34.6,
        "oppSavesAgainstProjLast5": 35.3,
        "oppSavesAgainstProjLast3": 39.3,
        "totalOver": 59,
        "totalOverLast5": 40,
        "totalOverLast15": 47,
        "lastTotalOver": 78,
        "last5": "0,2,0,0,2,0,2,2,0,1",
        "overOdds": "-235",
        "underOdds": "+190",
        "overUnder": "-235 / +190"
    },
    {
        "player": "Kirill Marchenko",
        "team": "CBJ",
        "opponent": "NJ",
        "propType": "pts",
        "line": 0.5,
        "ppLine": "PP1",
        "avg": 0.46,
        "hit": false,
        "diffAvg": -0.08,
        "diffAbs": 1.0,
        "lastAvg": 0,
        "diff": 0,
        "avgMin": 15,
        "proj": 0.0,
        "lastAvgMin": 0,
        "oppOver": 0,
        "teamOver": 0,
        "gameLine": "+330",
        "+/-": -17,
        "L5_+/-": -6.0,
        "prevMatchup": "2023-02-14 0.0 pts",
        "winLossSplits": "44% - 29%",
        "awayHome": "A",
        "playedYesterday": "N",
        "awayHomeSplits": "41% - 23%",
        "savesAboveExp": 0.109,
        "gsaa": 6.35,
        "corsi": "45.7% (55.2) // 44.4% (54.5) // 40.8% (48.4) // 38.0% (47.3)",
        "fenwick": "45.5% (41.0) // 42.5% (39.5) // 38.6% (35.3) // 35.4% (33.9)",
        "shots": "45.4% (29.2) // 43.6% (29.1) // 39.3% (24.9) // 35.4% (23.0)",
        "scoring": "44.8% (27.1) // 43.1% (28.5) // 38.8% (25.3) // 35.0% (24.0)",
        "corsiAgainst": "54.3% (65.6) // 55.6% (68.3) // 59.2% (70.2) // 62.0% (77.2)",
        "fenwickAgainst": "54.5% (49.3) // 57.5% (53.5) // 61.4% (56.0) // 64.6% (61.9)",
        "shotsAgainst": "54.6% (35.2) // 56.4% (37.6) // 60.7% (38.5) // 64.6% (41.9)",
        "scoringAgainst": "55.2% (33.4) // 56.9% (37.6) // 61.2% (39.9) // 65.0% (44.6)",
        "oppCorsi": "53.8% (63.6) // 56.2% (66.9) // 58.7% (68.0) // 62.0% (69.0)",
        "oppFenwick": "54.0% (46.9) // 55.4% (49.1) // 57.2% (48.4) // 61.2% (49.0)",
        "oppShots": "55.1% (34.1) // 56.5% (35.6) // 57.2% (34.2) // 61.9% (36.3)",
        "oppScoring": "56.5% (34.9) // 61.6% (38.7) // 66.2% (41.2) // 69.1% (40.3)",
        "oppCorsiAgainst": "46.2% (54.6) // 43.8% (52.3) // 41.3% (47.8) // 38.0% (42.3)",
        "oppFenwickAgainst": "46.0% (39.9) // 44.6% (39.6) // 42.8% (36.2) // 38.8% (31.0)",
        "oppShotsAgainst": "44.9% (27.7) // 43.5% (27.4) // 42.8% (25.6) // 38.1% (22.3)",
        "oppScoringAgainst": "43.5% (26.9) // 38.4% (24.1) // 33.8% (21.0) // 30.9% (18.0)",
        "savesPerGame": 31.5,
        "savesPerGameLast1": 46.0,
        "savesPerGameLast3": 37.3,
        "savesPerGameLast5": 34.2,
        "savesPer60": 31.4,
        "savesPer60Last1": 45.2,
        "savesPer60Last3": 37.2,
        "savesPer60Last5": 34.1,
        "shotsPerGame": 29.4,
        "shotsPerGameLast5": 25.0,
        "shotsAgainstPerGame": 35.5,
        "shotsAgainstPerGameLast5": 38.6,
        "oppSavesAgainstPer60": 31.1,
        "oppSavesAgainstPer60Last1": 32.0,
        "oppSavesAgainstPer60Last3": 32.1,
        "oppSavesAgainstPer60Last5": 30.9,
        "oppShotsAgainstPerGame": 28.1,
        "oppShotsAgainstPerGameLast5": 25.6,
        "savesProj": 38.4,
        "savesProjLast5": 41.9,
        "savesProjLast3": 47.4,
        "oppSavesAgainstProj": 34.6,
        "oppSavesAgainstProjLast5": 35.3,
        "oppSavesAgainstProjLast3": 39.3,
        "totalOver": 33,
        "totalOverLast5": 40,
        "totalOverLast15": 33,
        "lastTotalOver": 0,
        "last5": "0,2,0,0,1,1,0,0,2,0",
        "overOdds": "+100",
        "underOdds": "-130",
        "overUnder": "+100 / -130"
    },
    {
        "player": "Nico Hischier",
        "team": "NJ",
        "opponent": "CBJ",
        "propType": "pts",
        "line": 1.5,
        "ppLine": "PP1",
        "avg": 0.97,
        "hit": false,
        "diffAvg": -0.35,
        "diffAbs": 0.47,
        "lastAvg": 0.86,
        "diff": -0.43,
        "avgMin": 19,
        "proj": 0.8,
        "lastAvgMin": 19.33,
        "oppOver": 0,
        "teamOver": 0,
        "gameLine": "-410",
        "+/-": "+30",
        "L5_+/-": "+3.0",
        "prevMatchup": "2023-02-14 0.0 pts 2022-10-30 2.0 pts",
        "winLossSplits": "33% - 7%",
        "awayHome": "H",
        "playedYesterday": "N",
        "awayHomeSplits": "21% - 26%",
        "savesAboveExp": "-",
        "gsaa": "-",
        "corsi": "53.8% (63.6) // 56.2% (66.9) // 58.7% (68.0) // 62.0% (69.0)",
        "fenwick": "54.0% (46.9) // 55.4% (49.1) // 57.2% (48.4) // 61.2% (49.0)",
        "shots": "55.1% (34.1) // 56.5% (35.6) // 57.2% (34.2) // 61.9% (36.3)",
        "scoring": "56.5% (34.9) // 61.6% (38.7) // 66.2% (41.2) // 69.1% (40.3)",
        "corsiAgainst": "46.2% (54.6) // 43.8% (52.3) // 41.3% (47.8) // 38.0% (42.3)",
        "fenwickAgainst": "46.0% (39.9) // 44.6% (39.6) // 42.8% (36.2) // 38.8% (31.0)",
        "shotsAgainst": "44.9% (27.7) // 43.5% (27.4) // 42.8% (25.6) // 38.1% (22.3)",
        "scoringAgainst": "43.5% (26.9) // 38.4% (24.1) // 33.8% (21.0) // 30.9% (18.0)",
        "oppCorsi": "45.7% (55.2) // 44.4% (54.5) // 40.8% (48.4) // 38.0% (47.3)",
        "oppFenwick": "45.5% (41.0) // 42.5% (39.5) // 38.6% (35.3) // 35.4% (33.9)",
        "oppShots": "45.4% (29.2) // 43.6% (29.1) // 39.3% (24.9) // 35.4% (23.0)",
        "oppScoring": "44.8% (27.1) // 43.1% (28.5) // 38.8% (25.3) // 35.0% (24.0)",
        "oppCorsiAgainst": "54.3% (65.6) // 55.6% (68.3) // 59.2% (70.2) // 62.0% (77.2)",
        "oppFenwickAgainst": "54.5% (49.3) // 57.5% (53.5) // 61.4% (56.0) // 64.6% (61.9)",
        "oppShotsAgainst": "54.6% (35.2) // 56.4% (37.6) // 60.7% (38.5) // 64.6% (41.9)",
        "oppScoringAgainst": "55.2% (33.4) // 56.9% (37.6) // 61.2% (39.9) // 65.0% (44.6)",
        "savesPerGame": 25.3,
        "savesPerGameLast1": 22.0,
        "savesPerGameLast3": 19.0,
        "savesPerGameLast5": 22.4,
        "savesPer60": 25.4,
        "savesPer60Last1": 22.0,
        "savesPer60Last3": 18.9,
        "savesPer60Last5": 22.2,
        "shotsPerGame": 34.5,
        "shotsPerGameLast5": 34.2,
        "shotsAgainstPerGame": 28.1,
        "shotsAgainstPerGameLast5": 25.6,
        "oppSavesAgainstPer60": 26.8,
        "oppSavesAgainstPer60Last1": 23.9,
        "oppSavesAgainstPer60Last3": 21.2,
        "oppSavesAgainstPer60Last5": 23.4,
        "oppShotsAgainstPerGame": 35.5,
        "oppShotsAgainstPerGameLast5": 38.6,
        "savesProj": 21.7,
        "savesProjLast5": 16.4,
        "savesProjLast3": 12.6,
        "oppSavesAgainstProj": 24.1,
        "oppSavesAgainstProjLast5": 18.8,
        "oppSavesAgainstProjLast3": 14.5,
        "totalOver": 23,
        "totalOverLast5": 20,
        "totalOverLast15": 33,
        "lastTotalOver": 17,
        "last5": "2,1,1,1,0,2,1,1,2,1",
        "overOdds": "+175",
        "underOdds": "-215",
        "overUnder": "+175 / -215"
    },
    {
        "player": "Timo Meier",
        "team": "NJ",
        "opponent": "CBJ",
        "propType": "pts",
        "line": 0.5,
        "ppLine": "PP1",
        "avg": 0.84,
        "hit": false,
        "diffAvg": 0.68,
        "diffAbs": 1.0,
        "lastAvg": 0.97,
        "diff": 0.94,
        "avgMin": 19,
        "proj": 1.0,
        "lastAvgMin": 19.15,
        "oppOver": 0,
        "teamOver": 0,
        "gameLine": "-410",
        "+/-": -2,
        "L5_+/-": 0.0,
        "prevMatchup": "2023-01-21 1.0 pts",
        "winLossSplits": "65% - 54%",
        "awayHome": "H",
        "playedYesterday": "N",
        "awayHomeSplits": "52% - 65%",
        "savesAboveExp": "-",
        "gsaa": "-",
        "corsi": "53.8% (63.6) // 56.2% (66.9) // 58.7% (68.0) // 62.0% (69.0)",
        "fenwick": "54.0% (46.9) // 55.4% (49.1) // 57.2% (48.4) // 61.2% (49.0)",
        "shots": "55.1% (34.1) // 56.5% (35.6) // 57.2% (34.2) // 61.9% (36.3)",
        "scoring": "56.5% (34.9) // 61.6% (38.7) // 66.2% (41.2) // 69.1% (40.3)",
        "corsiAgainst": "46.2% (54.6) // 43.8% (52.3) // 41.3% (47.8) // 38.0% (42.3)",
        "fenwickAgainst": "46.0% (39.9) // 44.6% (39.6) // 42.8% (36.2) // 38.8% (31.0)",
        "shotsAgainst": "44.9% (27.7) // 43.5% (27.4) // 42.8% (25.6) // 38.1% (22.3)",
        "scoringAgainst": "43.5% (26.9) // 38.4% (24.1) // 33.8% (21.0) // 30.9% (18.0)",
        "oppCorsi": "45.7% (55.2) // 44.4% (54.5) // 40.8% (48.4) // 38.0% (47.3)",
        "oppFenwick": "45.5% (41.0) // 42.5% (39.5) // 38.6% (35.3) // 35.4% (33.9)",
        "oppShots": "45.4% (29.2) // 43.6% (29.1) // 39.3% (24.9) // 35.4% (23.0)",
        "oppScoring": "44.8% (27.1) // 43.1% (28.5) // 38.8% (25.3) // 35.0% (24.0)",
        "oppCorsiAgainst": "54.3% (65.6) // 55.6% (68.3) // 59.2% (70.2) // 62.0% (77.2)",
        "oppFenwickAgainst": "54.5% (49.3) // 57.5% (53.5) // 61.4% (56.0) // 64.6% (61.9)",
        "oppShotsAgainst": "54.6% (35.2) // 56.4% (37.6) // 60.7% (38.5) // 64.6% (41.9)",
        "oppScoringAgainst": "55.2% (33.4) // 56.9% (37.6) // 61.2% (39.9) // 65.0% (44.6)",
        "savesPerGame": 25.3,
        "savesPerGameLast1": 22.0,
        "savesPerGameLast3": 19.0,
        "savesPerGameLast5": 22.4,
        "savesPer60": 25.4,
        "savesPer60Last1": 22.0,
        "savesPer60Last3": 18.9,
        "savesPer60Last5": 22.2,
        "shotsPerGame": 34.5,
        "shotsPerGameLast5": 34.2,
        "shotsAgainstPerGame": 28.1,
        "shotsAgainstPerGameLast5": 25.6,
        "oppSavesAgainstPer60": 26.8,
        "oppSavesAgainstPer60Last1": 23.9,
        "oppSavesAgainstPer60Last3": 21.2,
        "oppSavesAgainstPer60Last5": 23.4,
        "oppShotsAgainstPerGame": 35.5,
        "oppShotsAgainstPerGameLast5": 38.6,
        "savesProj": 21.7,
        "savesProjLast5": 16.4,
        "savesProjLast3": 12.6,
        "oppSavesAgainstProj": 24.1,
        "oppSavesAgainstProjLast5": 18.8,
        "oppSavesAgainstProjLast3": 14.5,
        "totalOver": 58,
        "totalOverLast5": 60,
        "totalOverLast15": 47,
        "lastTotalOver": 62,
        "last5": "1,0,2,1,0,0,0,1,1,0",
        "overOdds": "-205",
        "underOdds": "+165",
        "overUnder": "-205 / +165"
    },
    {
        "player": "Jack Roslovic",
        "team": "CBJ",
        "opponent": "NJ",
        "propType": "pts",
        "line": 0.5,
        "ppLine": "PP2",
        "avg": 0.61,
        "hit": false,
        "diffAvg": 0.22,
        "diffAbs": 0.2,
        "lastAvg": 0.56,
        "diff": 0.12,
        "avgMin": 16,
        "proj": 0.6,
        "lastAvgMin": 14.27,
        "oppOver": 0,
        "teamOver": 0,
        "gameLine": "+330",
        "+/-": -9,
        "L5_+/-": -4.0,
        "prevMatchup": "2023-02-14 0.0 pts 2022-10-30 0.0 pts",
        "winLossSplits": "67% - 35%",
        "awayHome": "A",
        "playedYesterday": "N",
        "awayHomeSplits": "44% - 45%",
        "savesAboveExp": 0.109,
        "gsaa": 6.35,
        "corsi": "45.7% (55.2) // 44.4% (54.5) // 40.8% (48.4) // 38.0% (47.3)",
        "fenwick": "45.5% (41.0) // 42.5% (39.5) // 38.6% (35.3) // 35.4% (33.9)",
        "shots": "45.4% (29.2) // 43.6% (29.1) // 39.3% (24.9) // 35.4% (23.0)",
        "scoring": "44.8% (27.1) // 43.1% (28.5) // 38.8% (25.3) // 35.0% (24.0)",
        "corsiAgainst": "54.3% (65.6) // 55.6% (68.3) // 59.2% (70.2) // 62.0% (77.2)",
        "fenwickAgainst": "54.5% (49.3) // 57.5% (53.5) // 61.4% (56.0) // 64.6% (61.9)",
        "shotsAgainst": "54.6% (35.2) // 56.4% (37.6) // 60.7% (38.5) // 64.6% (41.9)",
        "scoringAgainst": "55.2% (33.4) // 56.9% (37.6) // 61.2% (39.9) // 65.0% (44.6)",
        "oppCorsi": "53.8% (63.6) // 56.2% (66.9) // 58.7% (68.0) // 62.0% (69.0)",
        "oppFenwick": "54.0% (46.9) // 55.4% (49.1) // 57.2% (48.4) // 61.2% (49.0)",
        "oppShots": "55.1% (34.1) // 56.5% (35.6) // 57.2% (34.2) // 61.9% (36.3)",
        "oppScoring": "56.5% (34.9) // 61.6% (38.7) // 66.2% (41.2) // 69.1% (40.3)",
        "oppCorsiAgainst": "46.2% (54.6) // 43.8% (52.3) // 41.3% (47.8) // 38.0% (42.3)",
        "oppFenwickAgainst": "46.0% (39.9) // 44.6% (39.6) // 42.8% (36.2) // 38.8% (31.0)",
        "oppShotsAgainst": "44.9% (27.7) // 43.5% (27.4) // 42.8% (25.6) // 38.1% (22.3)",
        "oppScoringAgainst": "43.5% (26.9) // 38.4% (24.1) // 33.8% (21.0) // 30.9% (18.0)",
        "savesPerGame": 31.5,
        "savesPerGameLast1": 46.0,
        "savesPerGameLast3": 37.3,
        "savesPerGameLast5": 34.2,
        "savesPer60": 31.4,
        "savesPer60Last1": 45.2,
        "savesPer60Last3": 37.2,
        "savesPer60Last5": 34.1,
        "shotsPerGame": 29.4,
        "shotsPerGameLast5": 25.0,
        "shotsAgainstPerGame": 35.5,
        "shotsAgainstPerGameLast5": 38.6,
        "oppSavesAgainstPer60": 31.1,
        "oppSavesAgainstPer60Last1": 32.0,
        "oppSavesAgainstPer60Last3": 32.1,
        "oppSavesAgainstPer60Last5": 30.9,
        "oppShotsAgainstPerGame": 28.1,
        "oppShotsAgainstPerGameLast5": 25.6,
        "savesProj": 38.4,
        "savesProjLast5": 41.9,
        "savesProjLast3": 47.4,
        "oppSavesAgainstProj": 34.6,
        "oppSavesAgainstProjLast5": 35.3,
        "oppSavesAgainstProjLast3": 39.3,
        "totalOver": 44,
        "totalOverLast5": 100,
        "totalOverLast15": 53,
        "lastTotalOver": 41,
        "last5": "1,1,1,1,2,2,0,0,0,0",
        "overOdds": "+110",
        "underOdds": "-140",
        "overUnder": "+110 / -140"
    },
    {
        "player": "Kent Johnson",
        "team": "CBJ",
        "opponent": "NJ",
        "propType": "pts",
        "line": 0.5,
        "ppLine": "PP1",
        "avg": 0.53,
        "hit": false,
        "diffAvg": 0.06,
        "diffAbs": 1.0,
        "lastAvg": 0,
        "diff": 0,
        "avgMin": 14,
        "proj": 0.0,
        "lastAvgMin": 0,
        "oppOver": 0,
        "teamOver": 0,
        "gameLine": "+330",
        "+/-": -16,
        "L5_+/-": -10.0,
        "prevMatchup": "2023-02-14 0.0 pts 2022-10-30 1.0 pts",
        "winLossSplits": "83% - 27%",
        "awayHome": "A",
        "playedYesterday": "N",
        "awayHomeSplits": "41% - 49%",
        "savesAboveExp": 0.109,
        "gsaa": 6.35,
        "corsi": "45.7% (55.2) // 44.4% (54.5) // 40.8% (48.4) // 38.0% (47.3)",
        "fenwick": "45.5% (41.0) // 42.5% (39.5) // 38.6% (35.3) // 35.4% (33.9)",
        "shots": "45.4% (29.2) // 43.6% (29.1) // 39.3% (24.9) // 35.4% (23.0)",
        "scoring": "44.8% (27.1) // 43.1% (28.5) // 38.8% (25.3) // 35.0% (24.0)",
        "corsiAgainst": "54.3% (65.6) // 55.6% (68.3) // 59.2% (70.2) // 62.0% (77.2)",
        "fenwickAgainst": "54.5% (49.3) // 57.5% (53.5) // 61.4% (56.0) // 64.6% (61.9)",
        "shotsAgainst": "54.6% (35.2) // 56.4% (37.6) // 60.7% (38.5) // 64.6% (41.9)",
        "scoringAgainst": "55.2% (33.4) // 56.9% (37.6) // 61.2% (39.9) // 65.0% (44.6)",
        "oppCorsi": "53.8% (63.6) // 56.2% (66.9) // 58.7% (68.0) // 62.0% (69.0)",
        "oppFenwick": "54.0% (46.9) // 55.4% (49.1) // 57.2% (48.4) // 61.2% (49.0)",
        "oppShots": "55.1% (34.1) // 56.5% (35.6) // 57.2% (34.2) // 61.9% (36.3)",
        "oppScoring": "56.5% (34.9) // 61.6% (38.7) // 66.2% (41.2) // 69.1% (40.3)",
        "oppCorsiAgainst": "46.2% (54.6) // 43.8% (52.3) // 41.3% (47.8) // 38.0% (42.3)",
        "oppFenwickAgainst": "46.0% (39.9) // 44.6% (39.6) // 42.8% (36.2) // 38.8% (31.0)",
        "oppShotsAgainst": "44.9% (27.7) // 43.5% (27.4) // 42.8% (25.6) // 38.1% (22.3)",
        "oppScoringAgainst": "43.5% (26.9) // 38.4% (24.1) // 33.8% (21.0) // 30.9% (18.0)",
        "savesPerGame": 31.5,
        "savesPerGameLast1": 46.0,
        "savesPerGameLast3": 37.3,
        "savesPerGameLast5": 34.2,
        "savesPer60": 31.4,
        "savesPer60Last1": 45.2,
        "savesPer60Last3": 37.2,
        "savesPer60Last5": 34.1,
        "shotsPerGame": 29.4,
        "shotsPerGameLast5": 25.0,
        "shotsAgainstPerGame": 35.5,
        "shotsAgainstPerGameLast5": 38.6,
        "oppSavesAgainstPer60": 31.1,
        "oppSavesAgainstPer60Last1": 32.0,
        "oppSavesAgainstPer60Last3": 32.1,
        "oppSavesAgainstPer60Last5": 30.9,
        "oppShotsAgainstPerGame": 28.1,
        "oppShotsAgainstPerGameLast5": 25.6,
        "savesProj": 38.4,
        "savesProjLast5": 41.9,
        "savesProjLast3": 47.4,
        "oppSavesAgainstProj": 34.6,
        "oppSavesAgainstProjLast5": 35.3,
        "oppSavesAgainstProjLast3": 39.3,
        "totalOver": 45,
        "totalOverLast5": 40,
        "totalOverLast15": 60,
        "lastTotalOver": 33,
        "last5": "1,1,0,0,0,1,1,2,0,1",
        "overOdds": "+130",
        "underOdds": "-160",
        "overUnder": "+130 / -160"
    },
    {
        "player": "Ondrej Palat",
        "team": "NJ",
        "opponent": "CBJ",
        "propType": "pts",
        "line": 0.5,
        "ppLine": "PP2",
        "avg": 0.48,
        "hit": false,
        "diffAvg": -0.04,
        "diffAbs": 0.2,
        "lastAvg": 0.49,
        "diff": -0.02,
        "avgMin": 15,
        "proj": 0.4,
        "lastAvgMin": 16.48,
        "oppOver": 0,
        "teamOver": 0,
        "gameLine": "-410",
        "+/-": "+6",
        "L5_+/-": -1.0,
        "prevMatchup": "2023-02-14 1.0 pts",
        "winLossSplits": "46% - 22%",
        "awayHome": "H",
        "playedYesterday": "N",
        "awayHomeSplits": "42% - 32%",
        "savesAboveExp": "-",
        "gsaa": "-",
        "corsi": "53.8% (63.6) // 56.2% (66.9) // 58.7% (68.0) // 62.0% (69.0)",
        "fenwick": "54.0% (46.9) // 55.4% (49.1) // 57.2% (48.4) // 61.2% (49.0)",
        "shots": "55.1% (34.1) // 56.5% (35.6) // 57.2% (34.2) // 61.9% (36.3)",
