[
    {
        "player": "Alex Pietrangelo",
        "team": "VGK",
        "opponent": "DAL",
        "propType": "bs",
        "line": 2.5,
        "ppLine": "PP2",
        "avg": 2.44,
        "hit": false,
        "diffAvg": -0.02,
        "diffAbs": 1.0,
        "lastAvg": 0.0,
        "diff": 0,
        "avgMin": 23,
        "proj": 0.0,
        "lastAvgMin": 24.63,
        "oppOver": 0,
        "teamOver": 0,
        "gameLine": "+110",
        "+/-": "+19",
        "L5_+/-": "+6.0",
        "prevMatchup": "2023-05-27 1.0 bs 2023-05-23 1.0 bs 2023-05-21 1.0 bs 2023-05-19 2.0 bs 2023-04-08 3.0 bs 2023-02-25 2.0 bs 2023-01-16 2.0 bs",
        "winLossSplits": "33% - 47%",
        "awayHome": "A",
        "playedYesterday": "N",
        "awayHomeSplits": "46% - 30%",
        "savesAboveExp": 0.39,
        "gsaa": 26.05,
        "corsi": "48.6% (57.5) // 48.0% (56.0) // 48.6% (57.5) // 48.6% (57.5)",
        "fenwick": "49.7% (42.3) // 48.8% (40.5) // 49.7% (42.3) // 49.7% (42.3)",
        "shots": "50.5% (31.1) // 50.2% (28.8) // 50.5% (31.1) // 50.5% (31.1)",
        "scoring": "49.5% (29.2) // 49.0% (28.7) // 49.5% (29.2) // 49.5% (29.2)",
        "corsiAgainst": "51.4% (60.7) // 52.0% (60.6) // 51.4% (60.7) // 51.4% (60.7)",
        "fenwickAgainst": "50.3% (42.8) // 51.2% (42.5) // 50.3% (42.8) // 50.3% (42.8)",
        "shotsAgainst": "49.5% (30.4) // 49.8% (28.5) // 49.5% (30.4) // 49.5% (30.4)",
        "scoringAgainst": "50.5% (29.8) // 51.0% (29.9) // 50.5% (29.8) // 50.5% (29.8)",
        "oppCorsi": "52.0% (59.9) // 57.0% (56.0) // 52.0% (59.9) // 52.0% (59.9)",
        "oppFenwick": "51.3% (43.7) // 56.1% (40.6) // 51.3% (43.7) // 51.3% (43.7)",
        "oppShots": "51.6% (31.5) // 56.3% (29.0) // 51.6% (31.5) // 51.6% (31.5)",
        "oppScoring": "53.7% (31.5) // 61.3% (29.6) // 53.7% (31.5) // 53.7% (31.5)",
        "oppCorsiAgainst": "48.0% (55.3) // 43.0% (42.3) // 48.0% (55.3) // 48.0% (55.3)",
        "oppFenwickAgainst": "48.7% (41.4) // 43.9% (31.7) // 48.7% (41.4) // 48.7% (41.4)",
        "oppShotsAgainst": "48.4% (29.5) // 43.7% (22.5) // 48.4% (29.5) // 48.4% (29.5)",
        "oppScoringAgainst": "46.3% (27.2) // 38.7% (18.6) // 46.3% (27.2) // 46.3% (27.2)",
        "savesPerGame": 28.1,
        "savesPerGameLast1": 30.0,
        "savesPerGameLast3": 34.3,
        "savesPerGameLast5": 32.4,
        "savesPer60": 33.6,
        "savesPer60Last1": 28.4,
        "savesPer60Last3": 33.9,
        "savesPer60Last5": 32.3,
        "shotsPerGame": 31.5,
        "shotsPerGameLast5": 29.0,
        "shotsAgainstPerGame": 30.9,
        "shotsAgainstPerGameLast5": 34.8,
        "oppSavesAgainstPer60": 34.3,
        "oppSavesAgainstPer60Last1": 32.5,
        "oppSavesAgainstPer60Last3": 35.2,
        "oppSavesAgainstPer60Last5": 32.4,
        "oppShotsAgainstPerGame": 29.9,
        "oppShotsAgainstPerGameLast5": 29.0,
        "savesProj": 28.2,
        "savesProjLast5": 28.9,
        "savesProjLast3": 30.5,
        "oppSavesAgainstProj": 32.4,
        "oppSavesAgainstProjLast5": 30.5,
        "oppSavesAgainstProjLast3": 30.8,
        "totalOver": 38,
        "totalOverLast5": 0,
        "totalOverLast15": 27,
        "lastTotalOver": 0,
        "last5": "1,1,1,2,2,1,5,2,7,5",
        "overOdds": "-115",
        "underOdds": "-115",
        "overUnder": "-115 / -115"
    },
    {
        "player": "Miro Heiskanen",
        "team": "DAL",
        "opponent": "VGK",
        "propType": "bs",
        "line": 1.5,
        "ppLine": "PP1",
        "avg": 1.29,
        "hit": false,
        "diffAvg": -0.14,
        "diffAbs": 1.0,
        "lastAvg": 0.0,
        "diff": 0,
        "avgMin": 25,
        "proj": 0.0,
        "lastAvgMin": 24.88,
        "oppOver": 0,
        "teamOver": 0,
        "gameLine": "-130",
        "+/-": "+10",
        "L5_+/-": -7.0,
        "prevMatchup": "2023-05-27 1.0 bs 2023-05-23 0.0 bs 2023-05-21 2.0 bs 2023-05-19 1.0 bs 2023-04-08 3.0 bs 2023-02-25 1.0 bs 2023-01-16 1.0 bs",
        "winLossSplits": "38% - 37%",
        "awayHome": "H",
        "playedYesterday": "N",
        "awayHomeSplits": "33% - 43%",
        "savesAboveExp": -0.478,
        "gsaa": 8.04,
        "corsi": "52.0% (59.9) // 57.0% (56.0) // 52.0% (59.9) // 52.0% (59.9)",
        "fenwick": "51.3% (43.7) // 56.1% (40.6) // 51.3% (43.7) // 51.3% (43.7)",
        "shots": "51.6% (31.5) // 56.3% (29.0) // 51.6% (31.5) // 51.6% (31.5)",
        "scoring": "53.7% (31.5) // 61.3% (29.6) // 53.7% (31.5) // 53.7% (31.5)",
        "corsiAgainst": "48.0% (55.3) // 43.0% (42.3) // 48.0% (55.3) // 48.0% (55.3)",
        "fenwickAgainst": "48.7% (41.4) // 43.9% (31.7) // 48.7% (41.4) // 48.7% (41.4)",
        "shotsAgainst": "48.4% (29.5) // 43.7% (22.5) // 48.4% (29.5) // 48.4% (29.5)",
        "scoringAgainst": "46.3% (27.2) // 38.7% (18.6) // 46.3% (27.2) // 46.3% (27.2)",
        "oppCorsi": "48.6% (57.5) // 48.0% (56.0) // 48.6% (57.5) // 48.6% (57.5)",
        "oppFenwick": "49.7% (42.3) // 48.8% (40.5) // 49.7% (42.3) // 49.7% (42.3)",
        "oppShots": "50.5% (31.1) // 50.2% (28.8) // 50.5% (31.1) // 50.5% (31.1)",
        "oppScoring": "49.5% (29.2) // 49.0% (28.7) // 49.5% (29.2) // 49.5% (29.2)",
        "oppCorsiAgainst": "51.4% (60.7) // 52.0% (60.6) // 51.4% (60.7) // 51.4% (60.7)",
        "oppFenwickAgainst": "50.3% (42.8) // 51.2% (42.5) // 50.3% (42.8) // 50.3% (42.8)",
        "oppShotsAgainst": "49.5% (30.4) // 49.8% (28.5) // 49.5% (30.4) // 49.5% (30.4)",
        "oppScoringAgainst": "50.5% (29.8) // 51.0% (29.9) // 50.5% (29.8) // 50.5% (29.8)",
        "savesPerGame": 27.3,
        "savesPerGameLast1": 27.0,
        "savesPerGameLast3": 25.3,
        "savesPerGameLast5": 26.0,
        "savesPer60": 33.3,
        "savesPer60Last1": 27.0,
        "savesPer60Last3": 25.5,
        "savesPer60Last5": 26.2,
        "shotsPerGame": 31.9,
        "shotsPerGameLast5": 34.8,
        "shotsAgainstPerGame": 29.9,
        "shotsAgainstPerGameLast5": 29.0,
        "oppSavesAgainstPer60": 33.6,
        "oppSavesAgainstPer60Last1": 26.7,
        "oppSavesAgainstPer60Last3": 25.9,
        "oppSavesAgainstPer60Last5": 26.4,
        "oppShotsAgainstPerGame": 30.9,
        "oppShotsAgainstPerGameLast5": 34.8,
        "savesProj": 27.8,
        "savesProjLast5": 17.2,
        "savesProjLast3": 15.2,
        "oppSavesAgainstProj": 30.5,
        "oppSavesAgainstProjLast5": 18.3,
        "oppSavesAgainstProjLast3": 15.4,
        "totalOver": 38,
        "totalOverLast5": 40,
        "totalOverLast15": 47,
        "lastTotalOver": 0,
        "last5": "1,0,2,1,2,1,3,1,0,0",
        "overOdds": "-130",
        "underOdds": "+100",
        "overUnder": "-130 / +100"
    },
    {
        "player": "Shea Theodore",
        "team": "VGK",
        "opponent": "DAL",
        "propType": "bs",
        "line": 1.5,
        "ppLine": "PP1",
        "avg": 1.61,
        "hit": false,
        "diffAvg": 0.07,
        "diffAbs": 1.0,
        "lastAvg": 0.0,
        "diff": 0,
        "avgMin": 21,
        "proj": 0.0,
        "lastAvgMin": 23.13,
        "oppOver": 0,
        "teamOver": 0,
        "gameLine": "+110",
        "+/-": "+18",
        "L5_+/-": -1.0,
        "prevMatchup": "2023-05-27 5.0 bs 2023-05-23 2.0 bs 2023-05-21 3.0 bs 2023-05-19 1.0 bs 2023-02-25 0.0 bs",
        "winLossSplits": "54% - 38%",
        "awayHome": "A",
        "playedYesterday": "N",
        "awayHomeSplits": "56% - 42%",
        "savesAboveExp": 0.39,
        "gsaa": 26.05,
        "corsi": "48.6% (57.5) // 48.0% (56.0) // 48.6% (57.5) // 48.6% (57.5)",
        "fenwick": "49.7% (42.3) // 48.8% (40.5) // 49.7% (42.3) // 49.7% (42.3)",
        "shots": "50.5% (31.1) // 50.2% (28.8) // 50.5% (31.1) // 50.5% (31.1)",
        "scoring": "49.5% (29.2) // 49.0% (28.7) // 49.5% (29.2) // 49.5% (29.2)",
        "corsiAgainst": "51.4% (60.7) // 52.0% (60.6) // 51.4% (60.7) // 51.4% (60.7)",
        "fenwickAgainst": "50.3% (42.8) // 51.2% (42.5) // 50.3% (42.8) // 50.3% (42.8)",
        "shotsAgainst": "49.5% (30.4) // 49.8% (28.5) // 49.5% (30.4) // 49.5% (30.4)",
        "scoringAgainst": "50.5% (29.8) // 51.0% (29.9) // 50.5% (29.8) // 50.5% (29.8)",
        "oppCorsi": "52.0% (59.9) // 57.0% (56.0) // 52.0% (59.9) // 52.0% (59.9)",
        "oppFenwick": "51.3% (43.7) // 56.1% (40.6) // 51.3% (43.7) // 51.3% (43.7)",
        "oppShots": "51.6% (31.5) // 56.3% (29.0) // 51.6% (31.5) // 51.6% (31.5)",
        "oppScoring": "53.7% (31.5) // 61.3% (29.6) // 53.7% (31.5) // 53.7% (31.5)",
        "oppCorsiAgainst": "48.0% (55.3) // 43.0% (42.3) // 48.0% (55.3) // 48.0% (55.3)",
        "oppFenwickAgainst": "48.7% (41.4) // 43.9% (31.7) // 48.7% (41.4) // 48.7% (41.4)",
        "oppShotsAgainst": "48.4% (29.5) // 43.7% (22.5) // 48.4% (29.5) // 48.4% (29.5)",
        "oppScoringAgainst": "46.3% (27.2) // 38.7% (18.6) // 46.3% (27.2) // 46.3% (27.2)",
        "savesPerGame": 28.1,
        "savesPerGameLast1": 30.0,
        "savesPerGameLast3": 34.3,
        "savesPerGameLast5": 32.4,
        "savesPer60": 33.6,
        "savesPer60Last1": 28.4,
        "savesPer60Last3": 33.9,
        "savesPer60Last5": 32.3,
        "shotsPerGame": 31.5,
        "shotsPerGameLast5": 29.0,
        "shotsAgainstPerGame": 30.9,
        "shotsAgainstPerGameLast5": 34.8,
        "oppSavesAgainstPer60": 34.3,
        "oppSavesAgainstPer60Last1": 32.5,
        "oppSavesAgainstPer60Last3": 35.2,
        "oppSavesAgainstPer60Last5": 32.4,
        "oppShotsAgainstPerGame": 29.9,
        "oppShotsAgainstPerGameLast5": 29.0,
        "savesProj": 28.2,
        "savesProjLast5": 28.9,
        "savesProjLast3": 30.5,
        "oppSavesAgainstProj": 32.4,
        "oppSavesAgainstProjLast5": 30.5,
        "oppSavesAgainstProjLast3": 30.8,
        "totalOver": 49,
        "totalOverLast5": 60,
        "totalOverLast15": 47,
        "lastTotalOver": 0,
        "last5": "5,2,3,1,1,1,2,3,0,0",
        "overOdds": "-160",
        "underOdds": "+130",
        "overUnder": "-160 / +130"
    },
    {
        "player": "Ryan Suter",
        "team": "DAL",
        "opponent": "VGK",
        "propType": "bs",
        "line": 1.5,
        "ppLine": "PP2",
        "avg": 1.45,
        "hit": false,
        "diffAvg": -0.03,
        "diffAbs": 1.0,
        "lastAvg": 0.0,
        "diff": 0,
        "avgMin": 20,
        "proj": 0.0,
        "lastAvgMin": 23.65,
        "oppOver": 0,
        "teamOver": 0,
        "gameLine": "-130",
        "+/-": -1,
        "L5_+/-": -6.0,
        "prevMatchup": "2023-05-27 2.0 bs 2023-05-23 1.0 bs 2023-05-21 1.0 bs 2023-05-19 5.0 bs 2023-04-08 1.0 bs 2023-02-25 4.0 bs 2023-01-16 0.0 bs",
        "winLossSplits": "38% - 42%",
        "awayHome": "H",
        "playedYesterday": "N",
        "awayHomeSplits": "36% - 43%",
        "savesAboveExp": -0.478,
        "gsaa": 8.04,
        "corsi": "52.0% (59.9) // 57.0% (56.0) // 52.0% (59.9) // 52.0% (59.9)",
        "fenwick": "51.3% (43.7) // 56.1% (40.6) // 51.3% (43.7) // 51.3% (43.7)",
        "shots": "51.6% (31.5) // 56.3% (29.0) // 51.6% (31.5) // 51.6% (31.5)",
        "scoring": "53.7% (31.5) // 61.3% (29.6) // 53.7% (31.5) // 53.7% (31.5)",
        "corsiAgainst": "48.0% (55.3) // 43.0% (42.3) // 48.0% (55.3) // 48.0% (55.3)",
        "fenwickAgainst": "48.7% (41.4) // 43.9% (31.7) // 48.7% (41.4) // 48.7% (41.4)",
        "shotsAgainst": "48.4% (29.5) // 43.7% (22.5) // 48.4% (29.5) // 48.4% (29.5)",
        "scoringAgainst": "46.3% (27.2) // 38.7% (18.6) // 46.3% (27.2) // 46.3% (27.2)",
        "oppCorsi": "48.6% (57.5) // 48.0% (56.0) // 48.6% (57.5) // 48.6% (57.5)",
        "oppFenwick": "49.7% (42.3) // 48.8% (40.5) // 49.7% (42.3) // 49.7% (42.3)",
        "oppShots": "50.5% (31.1) // 50.2% (28.8) // 50.5% (31.1) // 50.5% (31.1)",
        "oppScoring": "49.5% (29.2) // 49.0% (28.7) // 49.5% (29.2) // 49.5% (29.2)",
        "oppCorsiAgainst": "51.4% (60.7) // 52.0% (60.6) // 51.4% (60.7) // 51.4% (60.7)",
        "oppFenwickAgainst": "50.3% (42.8) // 51.2% (42.5) // 50.3% (42.8) // 50.3% (42.8)",
        "oppShotsAgainst": "49.5% (30.4) // 49.8% (28.5) // 49.5% (30.4) // 49.5% (30.4)",
        "oppScoringAgainst": "50.5% (29.8) // 51.0% (29.9) // 50.5% (29.8) // 50.5% (29.8)",
        "savesPerGame": 27.3,
        "savesPerGameLast1": 27.0,
        "savesPerGameLast3": 25.3,
        "savesPerGameLast5": 26.0,
        "savesPer60": 33.3,
        "savesPer60Last1": 27.0,
        "savesPer60Last3": 25.5,
        "savesPer60Last5": 26.2,
        "shotsPerGame": 31.9,
        "shotsPerGameLast5": 34.8,
        "shotsAgainstPerGame": 29.9,
        "shotsAgainstPerGameLast5": 29.0,
        "oppSavesAgainstPer60": 33.6,
        "oppSavesAgainstPer60Last1": 26.7,
        "oppSavesAgainstPer60Last3": 25.9,
        "oppSavesAgainstPer60Last5": 26.4,
        "oppShotsAgainstPerGame": 30.9,
        "oppShotsAgainstPerGameLast5": 34.8,
        "savesProj": 27.8,
        "savesProjLast5": 17.2,
        "savesProjLast3": 15.2,
        "oppSavesAgainstProj": 30.5,
        "oppSavesAgainstProjLast5": 18.3,
        "oppSavesAgainstProjLast3": 15.4,
        "totalOver": 39,
        "totalOverLast5": 40,
        "totalOverLast15": 47,
        "lastTotalOver": 0,
        "last5": "2,1,1,5,0,3,1,0,3,2",
        "overOdds": "-140",
        "underOdds": "+110",
        "overUnder": "-140 / +110"
    },
    {
        "player": "Zach Whitecloud",
        "team": "VGK",
        "opponent": "DAL",
        "propType": "bs",
        "line": 1.5,
        "ppLine": "",
        "avg": 1.62,
        "hit": false,
        "diffAvg": 0.08,
        "diffAbs": 1.0,
        "lastAvg": 0.0,
        "diff": 0,
        "avgMin": 17,
        "proj": 0.0,
        "lastAvgMin": 18.78,
        "oppOver": 0,
        "teamOver": 0,
        "gameLine": "+110",
        "+/-": "+19",
        "L5_+/-": "+8.0",
        "prevMatchup": "2023-05-27 2.0 bs 2023-05-23 1.0 bs 2023-05-21 2.0 bs 2023-05-19 3.0 bs 2023-04-08 1.0 bs 2023-02-25 0.0 bs",
        "winLossSplits": "49% - 52%",
        "awayHome": "A",
        "playedYesterday": "N",
        "awayHomeSplits": "49% - 51%",
        "savesAboveExp": 0.39,
        "gsaa": 26.05,
        "corsi": "48.6% (57.5) // 48.0% (56.0) // 48.6% (57.5) // 48.6% (57.5)",
        "fenwick": "49.7% (42.3) // 48.8% (40.5) // 49.7% (42.3) // 49.7% (42.3)",
        "shots": "50.5% (31.1) // 50.2% (28.8) // 50.5% (31.1) // 50.5% (31.1)",
        "scoring": "49.5% (29.2) // 49.0% (28.7) // 49.5% (29.2) // 49.5% (29.2)",
        "corsiAgainst": "51.4% (60.7) // 52.0% (60.6) // 51.4% (60.7) // 51.4% (60.7)",
        "fenwickAgainst": "50.3% (42.8) // 51.2% (42.5) // 50.3% (42.8) // 50.3% (42.8)",
        "shotsAgainst": "49.5% (30.4) // 49.8% (28.5) // 49.5% (30.4) // 49.5% (30.4)",
        "scoringAgainst": "50.5% (29.8) // 51.0% (29.9) // 50.5% (29.8) // 50.5% (29.8)",
        "oppCorsi": "52.0% (59.9) // 57.0% (56.0) // 52.0% (59.9) // 52.0% (59.9)",
        "oppFenwick": "51.3% (43.7) // 56.1% (40.6) // 51.3% (43.7) // 51.3% (43.7)",
        "oppShots": "51.6% (31.5) // 56.3% (29.0) // 51.6% (31.5) // 51.6% (31.5)",
        "oppScoring": "53.7% (31.5) // 61.3% (29.6) // 53.7% (31.5) // 53.7% (31.5)",
        "oppCorsiAgainst": "48.0% (55.3) // 43.0% (42.3) // 48.0% (55.3) // 48.0% (55.3)",
        "oppFenwickAgainst": "48.7% (41.4) // 43.9% (31.7) // 48.7% (41.4) // 48.7% (41.4)",
        "oppShotsAgainst": "48.4% (29.5) // 43.7% (22.5) // 48.4% (29.5) // 48.4% (29.5)",
        "oppScoringAgainst": "46.3% (27.2) // 38.7% (18.6) // 46.3% (27.2) // 46.3% (27.2)",
        "savesPerGame": 28.1,
        "savesPerGameLast1": 30.0,
        "savesPerGameLast3": 34.3,
        "savesPerGameLast5": 32.4,
        "savesPer60": 33.6,
        "savesPer60Last1": 28.4,
        "savesPer60Last3": 33.9,
        "savesPer60Last5": 32.3,
        "shotsPerGame": 31.5,
        "shotsPerGameLast5": 29.0,
        "shotsAgainstPerGame": 30.9,
        "shotsAgainstPerGameLast5": 34.8,
        "oppSavesAgainstPer60": 34.3,
        "oppSavesAgainstPer60Last1": 32.5,
        "oppSavesAgainstPer60Last3": 35.2,
        "oppSavesAgainstPer60Last5": 32.4,
        "oppShotsAgainstPerGame": 29.9,
        "oppShotsAgainstPerGameLast5": 29.0,
        "savesProj": 28.2,
        "savesProjLast5": 28.9,
        "savesProjLast3": 30.5,
        "oppSavesAgainstProj": 32.4,
        "oppSavesAgainstProjLast5": 30.5,
        "oppSavesAgainstProjLast3": 30.8,
        "totalOver": 50,
        "totalOverLast5": 60,
        "totalOverLast15": 53,
        "lastTotalOver": 0,
        "last5": "2,1,2,3,1,0,0,1,2,3",
        "overOdds": "-125",
        "underOdds": "-105",
        "overUnder": "-125 / -105"
    },
    {
        "player": "Jani Hakanpaa",
        "team": "DAL",
        "opponent": "VGK",
        "propType": "bs",
        "line": 1.5,
        "ppLine": "",
        "avg": 1.73,
        "hit": false,
        "diffAvg": 0.15,
        "diffAbs": 1.0,
        "lastAvg": 0.0,
        "diff": 0,
        "avgMin": 19,
        "proj": 0.0,
        "lastAvgMin": 16.2,
        "oppOver": 0,
        "teamOver": 0,
        "gameLine": "-130",
        "+/-": "+14",
        "L5_+/-": -3.0,
        "prevMatchup": "2023-05-27 2.0 bs 2023-05-23 2.0 bs 2023-04-08 1.0 bs 2023-02-25 2.0 bs 2023-01-16 3.0 bs",
        "winLossSplits": "48% - 59%",
        "awayHome": "H",
        "playedYesterday": "N",
        "awayHomeSplits": "49% - 56%",
        "savesAboveExp": -0.478,
        "gsaa": 8.04,
        "corsi": "52.0% (59.9) // 57.0% (56.0) // 52.0% (59.9) // 52.0% (59.9)",
        "fenwick": "51.3% (43.7) // 56.1% (40.6) // 51.3% (43.7) // 51.3% (43.7)",
        "shots": "51.6% (31.5) // 56.3% (29.0) // 51.6% (31.5) // 51.6% (31.5)",
        "scoring": "53.7% (31.5) // 61.3% (29.6) // 53.7% (31.5) // 53.7% (31.5)",
        "corsiAgainst": "48.0% (55.3) // 43.0% (42.3) // 48.0% (55.3) // 48.0% (55.3)",
        "fenwickAgainst": "48.7% (41.4) // 43.9% (31.7) // 48.7% (41.4) // 48.7% (41.4)",
        "shotsAgainst": "48.4% (29.5) // 43.7% (22.5) // 48.4% (29.5) // 48.4% (29.5)",
        "scoringAgainst": "46.3% (27.2) // 38.7% (18.6) // 46.3% (27.2) // 46.3% (27.2)",
        "oppCorsi": "48.6% (57.5) // 48.0% (56.0) // 48.6% (57.5) // 48.6% (57.5)",
        "oppFenwick": "49.7% (42.3) // 48.8% (40.5) // 49.7% (42.3) // 49.7% (42.3)",
        "oppShots": "50.5% (31.1) // 50.2% (28.8) // 50.5% (31.1) // 50.5% (31.1)",
        "oppScoring": "49.5% (29.2) // 49.0% (28.7) // 49.5% (29.2) // 49.5% (29.2)",
        "oppCorsiAgainst": "51.4% (60.7) // 52.0% (60.6) // 51.4% (60.7) // 51.4% (60.7)",
        "oppFenwickAgainst": "50.3% (42.8) // 51.2% (42.5) // 50.3% (42.8) // 50.3% (42.8)",
        "oppShotsAgainst": "49.5% (30.4) // 49.8% (28.5) // 49.5% (30.4) // 49.5% (30.4)",
        "oppScoringAgainst": "50.5% (29.8) // 51.0% (29.9) // 50.5% (29.8) // 50.5% (29.8)",
        "savesPerGame": 27.3,
        "savesPerGameLast1": 27.0,
        "savesPerGameLast3": 25.3,
        "savesPerGameLast5": 26.0,
        "savesPer60": 33.3,
        "savesPer60Last1": 27.0,
        "savesPer60Last3": 25.5,
        "savesPer60Last5": 26.2,
        "shotsPerGame": 31.9,
        "shotsPerGameLast5": 34.8,
        "shotsAgainstPerGame": 29.9,
        "shotsAgainstPerGameLast5": 29.0,
        "oppSavesAgainstPer60": 33.6,
        "oppSavesAgainstPer60Last1": 26.7,
        "oppSavesAgainstPer60Last3": 25.9,
        "oppSavesAgainstPer60Last5": 26.4,
        "oppShotsAgainstPerGame": 30.9,
        "oppShotsAgainstPerGameLast5": 34.8,
        "savesProj": 27.8,
        "savesProjLast5": 17.2,
        "savesProjLast3": 15.2,
        "oppSavesAgainstProj": 30.5,
        "oppSavesAgainstProjLast5": 18.3,
        "oppSavesAgainstProjLast3": 15.4,
        "totalOver": 53,
        "totalOverLast5": 80,
        "totalOverLast15": 73,
        "lastTotalOver": 0,
        "last5": "2,2,3,3,1,4,7,1,2,3",
        "overOdds": "-160",
        "underOdds": "+130",
        "overUnder": "-160 / +130"
    },
    {
        "player": "Alec Martinez",
        "team": "VGK",
        "opponent": "DAL",
        "propType": "bs",
        "line": 2.5,
        "ppLine": "",
        "avg": 3.08,
        "hit": false,
        "diffAvg": 0.23,
        "diffAbs": 1.0,
        "lastAvg": 0.0,
        "diff": 0,
        "avgMin": 19,
        "proj": 0.0,
        "lastAvgMin": 19.53,
        "oppOver": 0,
        "teamOver": 0,
        "gameLine": "+110",
        "+/-": "+39",
        "L5_+/-": "+5.0",
        "prevMatchup": "2023-05-27 4.0 bs 2023-05-23 1.0 bs 2023-05-21 1.0 bs 2023-05-19 1.0 bs 2023-04-08 2.0 bs 2023-02-25 4.0 bs 2023-01-16 0.0 bs",
        "winLossSplits": "57% - 50%",
        "awayHome": "A",
        "playedYesterday": "N",
        "awayHomeSplits": "55% - 54%",
        "savesAboveExp": 0.39,
        "gsaa": 26.05,
        "corsi": "48.6% (57.5) // 48.0% (56.0) // 48.6% (57.5) // 48.6% (57.5)",
        "fenwick": "49.7% (42.3) // 48.8% (40.5) // 49.7% (42.3) // 49.7% (42.3)",
        "shots": "50.5% (31.1) // 50.2% (28.8) // 50.5% (31.1) // 50.5% (31.1)",
        "scoring": "49.5% (29.2) // 49.0% (28.7) // 49.5% (29.2) // 49.5% (29.2)",
        "corsiAgainst": "51.4% (60.7) // 52.0% (60.6) // 51.4% (60.7) // 51.4% (60.7)",
        "fenwickAgainst": "50.3% (42.8) // 51.2% (42.5) // 50.3% (42.8) // 50.3% (42.8)",
        "shotsAgainst": "49.5% (30.4) // 49.8% (28.5) // 49.5% (30.4) // 49.5% (30.4)",
        "scoringAgainst": "50.5% (29.8) // 51.0% (29.9) // 50.5% (29.8) // 50.5% (29.8)",
        "oppCorsi": "52.0% (59.9) // 57.0% (56.0) // 52.0% (59.9) // 52.0% (59.9)",
        "oppFenwick": "51.3% (43.7) // 56.1% (40.6) // 51.3% (43.7) // 51.3% (43.7)",
        "oppShots": "51.6% (31.5) // 56.3% (29.0) // 51.6% (31.5) // 51.6% (31.5)",
        "oppScoring": "53.7% (31.5) // 61.3% (29.6) // 53.7% (31.5) // 53.7% (31.5)",
        "oppCorsiAgainst": "48.0% (55.3) // 43.0% (42.3) // 48.0% (55.3) // 48.0% (55.3)",
        "oppFenwickAgainst": "48.7% (41.4) // 43.9% (31.7) // 48.7% (41.4) // 48.7% (41.4)",
        "oppShotsAgainst": "48.4% (29.5) // 43.7% (22.5) // 48.4% (29.5) // 48.4% (29.5)",
        "oppScoringAgainst": "46.3% (27.2) // 38.7% (18.6) // 46.3% (27.2) // 46.3% (27.2)",
        "savesPerGame": 28.1,
        "savesPerGameLast1": 30.0,
        "savesPerGameLast3": 34.3,
        "savesPerGameLast5": 32.4,
        "savesPer60": 33.6,
        "savesPer60Last1": 28.4,
        "savesPer60Last3": 33.9,
        "savesPer60Last5": 32.3,
        "shotsPerGame": 31.5,
        "shotsPerGameLast5": 29.0,
        "shotsAgainstPerGame": 30.9,
        "shotsAgainstPerGameLast5": 34.8,
        "oppSavesAgainstPer60": 34.3,
        "oppSavesAgainstPer60Last1": 32.5,
        "oppSavesAgainstPer60Last3": 35.2,
        "oppSavesAgainstPer60Last5": 32.4,
        "oppShotsAgainstPerGame": 29.9,
        "oppShotsAgainstPerGameLast5": 29.0,
        "savesProj": 28.2,
        "savesProjLast5": 28.9,
        "savesProjLast3": 30.5,
        "oppSavesAgainstProj": 32.4,
        "oppSavesAgainstProjLast5": 30.5,
        "oppSavesAgainstProjLast3": 30.8,
        "totalOver": 54,
        "totalOverLast5": 40,
        "totalOverLast15": 33,
        "lastTotalOver": 0,
        "last5": "4,1,1,1,5,5,1,2,4,2",
        "overOdds": "-130",
        "underOdds": "+100",
        "overUnder": "-130 / +100"
    },
    {
        "player": "Brayden Mcnabb",
        "team": "VGK",
        "opponent": "DAL",
        "propType": "bs",
        "line": 2.5,
        "ppLine": "",
        "avg": 2.43,
        "hit": false,
        "diffAvg": -0.03,
        "diffAbs": 1.0,
        "lastAvg": 0.0,
        "diff": 0,
        "avgMin": 19,
        "proj": 0.0,
        "lastAvgMin": 19.7,
        "oppOver": 0,
        "teamOver": 0,
        "gameLine": "+110",
        "+/-": "+12",
        "L5_+/-": 0.0,
        "prevMatchup": "2023-05-27 4.0 bs 2023-05-23 2.0 bs 2023-05-21 2.0 bs 2023-05-19 3.0 bs 2023-04-08 3.0 bs 2023-02-25 5.0 bs 2023-01-16 5.0 bs",
        "winLossSplits": "49% - 33%",
        "awayHome": "A",
        "playedYesterday": "N",
        "awayHomeSplits": "42% - 44%",
        "savesAboveExp": 0.39,
        "gsaa": 26.05,
        "corsi": "48.6% (57.5) // 48.0% (56.0) // 48.6% (57.5) // 48.6% (57.5)",
        "fenwick": "49.7% (42.3) // 48.8% (40.5) // 49.7% (42.3) // 49.7% (42.3)",
        "shots": "50.5% (31.1) // 50.2% (28.8) // 50.5% (31.1) // 50.5% (31.1)",
        "scoring": "49.5% (29.2) // 49.0% (28.7) // 49.5% (29.2) // 49.5% (29.2)",
        "corsiAgainst": "51.4% (60.7) // 52.0% (60.6) // 51.4% (60.7) // 51.4% (60.7)",
        "fenwickAgainst": "50.3% (42.8) // 51.2% (42.5) // 50.3% (42.8) // 50.3% (42.8)",
        "shotsAgainst": "49.5% (30.4) // 49.8% (28.5) // 49.5% (30.4) // 49.5% (30.4)",
        "scoringAgainst": "50.5% (29.8) // 51.0% (29.9) // 50.5% (29.8) // 50.5% (29.8)",
        "oppCorsi": "52.0% (59.9) // 57.0% (56.0) // 52.0% (59.9) // 52.0% (59.9)",
        "oppFenwick": "51.3% (43.7) // 56.1% (40.6) // 51.3% (43.7) // 51.3% (43.7)",
        "oppShots": "51.6% (31.5) // 56.3% (29.0) // 51.6% (31.5) // 51.6% (31.5)",
        "oppScoring": "53.7% (31.5) // 61.3% (29.6) // 53.7% (31.5) // 53.7% (31.5)",
        "oppCorsiAgainst": "48.0% (55.3) // 43.0% (42.3) // 48.0% (55.3) // 48.0% (55.3)",
        "oppFenwickAgainst": "48.7% (41.4) // 43.9% (31.7) // 48.7% (41.4) // 48.7% (41.4)",
        "oppShotsAgainst": "48.4% (29.5) // 43.7% (22.5) // 48.4% (29.5) // 48.4% (29.5)",
        "oppScoringAgainst": "46.3% (27.2) // 38.7% (18.6) // 46.3% (27.2) // 46.3% (27.2)",
        "savesPerGame": 28.1,
        "savesPerGameLast1": 30.0,
        "savesPerGameLast3": 34.3,
        "savesPerGameLast5": 32.4,
        "savesPer60": 33.6,
        "savesPer60Last1": 28.4,
        "savesPer60Last3": 33.9,
        "savesPer60Last5": 32.3,
        "shotsPerGame": 31.5,
        "shotsPerGameLast5": 29.0,
        "shotsAgainstPerGame": 30.9,
        "shotsAgainstPerGameLast5": 34.8,
        "oppSavesAgainstPer60": 34.3,
        "oppSavesAgainstPer60Last1": 32.5,
        "oppSavesAgainstPer60Last3": 35.2,
        "oppSavesAgainstPer60Last5": 32.4,
        "oppShotsAgainstPerGame": 29.9,
        "oppShotsAgainstPerGameLast5": 29.0,
        "savesProj": 28.2,
        "savesProjLast5": 28.9,
        "savesProjLast3": 30.5,
        "oppSavesAgainstProj": 32.4,
        "oppSavesAgainstProjLast5": 30.5,
        "oppSavesAgainstProjLast3": 30.8,
        "totalOver": 43,
        "totalOverLast5": 40,
        "totalOverLast15": 40,
        "lastTotalOver": 0,
        "last5": "4,2,2,3,2,4,2,5,1,3",
        "overOdds": "+120",
        "underOdds": "-150",
        "overUnder": "+120 / -150"
    }
]