[
    {
        "player": "Aleksander Barkov",
        "team": "FLA",
        "opponent": "BOS",
        "propType": "ast",
        "line": 0.5,
        "ppLine": "PP1",
        "avg": 0.79,
        "hit": false,
        "diffAvg": 0.58,
        "diffAbs": 0.4,
        "lastAvg": 0.64,
        "diff": 0.28,
        "avgMin": 21,
        "proj": 0.7,
        "lastAvgMin": 20.3,
        "oppOver": 0,
        "teamOver": 0,
        "gameLine": "+205",
        "+/-": "+8",
        "L5_+/-": "+3.0",
        "prevMatchup": "2023-04-23 0.0 ast 2023-04-21 1.0 ast 2023-04-19 1.0 ast 2023-04-17 0.0 ast 2023-01-28 2.0 ast 2022-11-23 2.0 ast 2022-10-17 0.0 ast",
        "winLossSplits": "72% - 36%",
        "awayHome": "A",
        "playedYesterday": "N",
        "awayHomeSplits": "54% - 57%",
        "savesAboveExp": 0.892,
        "gsaa": 48.51,
        "corsi": "54.2% (66.3) // 52.5% (66.0) // 54.2% (66.3) // 54.2% (66.3)",
        "fenwick": "53.6% (49.9) // 52.0% (49.3) // 53.6% (49.9) // 53.6% (49.9)",
        "shots": "53.7% (36.5) // 51.9% (35.5) // 53.7% (36.5) // 53.7% (36.5)",
        "scoring": "54.6% (34.8) // 53.4% (34.0) // 54.6% (34.8) // 54.6% (34.8)",
        "corsiAgainst": "45.8% (56.1) // 47.5% (59.7) // 45.8% (56.1) // 45.8% (56.1)",
        "fenwickAgainst": "46.4% (43.2) // 48.0% (45.5) // 46.4% (43.2) // 46.4% (43.2)",
        "shotsAgainst": "46.3% (31.5) // 48.1% (33.0) // 46.3% (31.5) // 46.3% (31.5)",
        "scoringAgainst": "45.4% (28.9) // 46.6% (29.7) // 45.4% (28.9) // 45.4% (28.9)",
        "oppCorsi": "51.4% (58.2) // 52.6% (61.3) // 51.4% (58.2) // 51.4% (58.2)",
        "oppFenwick": "51.6% (44.0) // 52.5% (46.9) // 51.6% (44.0) // 51.6% (44.0)",
        "oppShots": "52.5% (32.6) // 52.7% (33.6) // 52.5% (32.6) // 52.5% (32.6)",
        "oppScoring": "53.0% (32.2) // 53.2% (32.5) // 53.0% (32.2) // 53.0% (32.2)",
        "oppCorsiAgainst": "48.6% (55.0) // 47.4% (55.1) // 48.6% (55.0) // 48.6% (55.0)",
        "oppFenwickAgainst": "48.4% (41.2) // 47.5% (42.4) // 48.4% (41.2) // 48.4% (41.2)",
        "oppShotsAgainst": "47.5% (29.5) // 47.3% (30.1) // 47.5% (29.5) // 47.5% (29.5)",
        "oppScoringAgainst": "47.0% (28.6) // 46.8% (28.6) // 47.0% (28.6) // 47.0% (28.6)",
        "savesPerGame": 28.4,
        "savesPerGameLast1": 25.0,
        "savesPerGameLast3": 30.0,
        "savesPerGameLast5": 29.2,
        "savesPer60": 29.6,
        "savesPer60Last1": 23.8,
        "savesPer60Last3": 28.9,
        "savesPer60Last5": 28.0,
        "shotsPerGame": 36.8,
        "shotsPerGameLast5": 34.2,
        "shotsAgainstPerGame": 31.7,
        "shotsAgainstPerGameLast5": 33.6,
        "oppSavesAgainstPer60": 30.6,
        "oppSavesAgainstPer60Last1": 25.0,
        "oppSavesAgainstPer60Last3": 30.8,
        "oppSavesAgainstPer60Last5": 26.8,
        "oppShotsAgainstPerGame": 29.8,
        "oppShotsAgainstPerGameLast5": 34.2,
        "savesProj": 29.6,
        "savesProjLast5": 25.2,
        "savesProjLast3": 29.6,
        "oppSavesAgainstProj": 30.2,
        "oppSavesAgainstProjLast5": 25.1,
        "oppSavesAgainstProjLast3": 30.2,
        "totalOver": 56,
        "totalOverLast5": 40,
        "totalOverLast15": 53,
        "lastTotalOver": 50,
        "last5": "0,1,1,0,0,0,2,1,1,3",
        "overOdds": "-110",
        "underOdds": "-120",
        "overUnder": "-110 / -120"
    },
    {
        "player": "Brad Marchand",
        "team": "BOS",
        "opponent": "FLA",
        "propType": "ast",
        "line": 0.5,
        "ppLine": "PP1",
        "avg": 0.61,
        "hit": false,
        "diffAvg": 0.22,
        "diffAbs": 0.2,
        "lastAvg": 0.62,
        "diff": 0.24,
        "avgMin": 18,
        "proj": 0.6,
        "lastAvgMin": 19.25,
        "oppOver": 0,
        "teamOver": 0,
        "gameLine": "-245",
        "+/-": "+25",
        "L5_+/-": -1.0,
        "prevMatchup": "2023-04-23 0.0 ast 2023-04-21 1.0 ast 2023-04-19 0.0 ast 2023-04-17 0.0 ast 2023-01-28 0.0 ast 2022-12-19 3.0 ast 2022-11-23 1.0 ast",
        "winLossSplits": "52% - 24%",
        "awayHome": "H",
        "playedYesterday": "N",
        "awayHomeSplits": "38% - 53%",
        "savesAboveExp": "-",
        "gsaa": 3.73,
        "corsi": "51.4% (58.2) // 52.6% (61.3) // 51.4% (58.2) // 51.4% (58.2)",
        "fenwick": "51.6% (44.0) // 52.5% (46.9) // 51.6% (44.0) // 51.6% (44.0)",
        "shots": "52.5% (32.6) // 52.7% (33.6) // 52.5% (32.6) // 52.5% (32.6)",
        "scoring": "53.0% (32.2) // 53.2% (32.5) // 53.0% (32.2) // 53.0% (32.2)",
        "corsiAgainst": "48.6% (55.0) // 47.4% (55.1) // 48.6% (55.0) // 48.6% (55.0)",
        "fenwickAgainst": "48.4% (41.2) // 47.5% (42.4) // 48.4% (41.2) // 48.4% (41.2)",
        "shotsAgainst": "47.5% (29.5) // 47.3% (30.1) // 47.5% (29.5) // 47.5% (29.5)",
        "scoringAgainst": "47.0% (28.6) // 46.8% (28.6) // 47.0% (28.6) // 47.0% (28.6)",
        "oppCorsi": "54.2% (66.3) // 52.5% (66.0) // 54.2% (66.3) // 54.2% (66.3)",
        "oppFenwick": "53.6% (49.9) // 52.0% (49.3) // 53.6% (49.9) // 53.6% (49.9)",
        "oppShots": "53.7% (36.5) // 51.9% (35.5) // 53.7% (36.5) // 53.7% (36.5)",
        "oppScoring": "54.6% (34.8) // 53.4% (34.0) // 54.6% (34.8) // 54.6% (34.8)",
        "oppCorsiAgainst": "45.8% (56.1) // 47.5% (59.7) // 45.8% (56.1) // 45.8% (56.1)",
        "oppFenwickAgainst": "46.4% (43.2) // 48.0% (45.5) // 46.4% (43.2) // 46.4% (43.2)",
        "oppShotsAgainst": "46.3% (31.5) // 48.1% (33.0) // 46.3% (31.5) // 46.3% (31.5)",
        "oppScoringAgainst": "45.4% (28.9) // 46.6% (29.7) // 45.4% (28.9) // 45.4% (28.9)",
        "savesPerGame": 27.7,
        "savesPerGameLast1": 42.0,
        "savesPerGameLast3": 31.7,
        "savesPerGameLast5": 31.2,
        "savesPer60": 29.3,
        "savesPer60Last1": 42.0,
        "savesPer60Last3": 31.4,
        "savesPer60Last5": 31.1,
        "shotsPerGame": 33.0,
        "shotsPerGameLast5": 30.6,
        "shotsAgainstPerGame": 29.8,
        "shotsAgainstPerGameLast5": 34.2,
        "oppSavesAgainstPer60": 34.8,
        "oppSavesAgainstPer60Last1": 43.2,
        "oppSavesAgainstPer60Last3": 31.4,
        "oppSavesAgainstPer60Last5": 31.1,
        "oppShotsAgainstPerGame": 31.7,
        "oppShotsAgainstPerGameLast5": 33.6,
        "savesProj": 33.0,
        "savesProjLast5": 32.8,
        "savesProjLast3": 33.6,
        "oppSavesAgainstProj": 33.1,
        "oppSavesAgainstProjLast5": 30.2,
        "oppSavesAgainstProjLast3": 28.6,
        "totalOver": 45,
        "totalOverLast5": 40,
        "totalOverLast15": 27,
        "lastTotalOver": 51,
        "last5": "0,1,0,0,1,2,0,0,0,0",
        "overOdds": "+115",
        "underOdds": "-145",
        "overUnder": "+115 / -145"
    },
    {
        "player": "Brandon Montour",
        "team": "FLA",
        "opponent": "BOS",
        "propType": "ast",
        "line": 0.5,
        "ppLine": "PP1",
        "avg": 0.7,
        "hit": false,
        "diffAvg": 0.4,
        "diffAbs": 0.2,
        "lastAvg": 0.29,
        "diff": -0.42,
        "avgMin": 24,
        "proj": 0.4,
        "lastAvgMin": 17.88,
        "oppOver": 0,
        "teamOver": 0,
        "gameLine": "+205",
        "+/-": "+9",
        "L5_+/-": "+4.0",
        "prevMatchup": "2023-04-23 2.0 ast 2023-04-21 0.0 ast 2023-04-19 0.0 ast 2023-04-17 0.0 ast 2023-01-28 0.0 ast 2022-12-19 1.0 ast 2022-11-23 1.0 ast",
        "winLossSplits": "60% - 43%",
        "awayHome": "A",
        "playedYesterday": "N",
        "awayHomeSplits": "52% - 50%",
        "savesAboveExp": 0.892,
        "gsaa": 48.51,
        "corsi": "54.2% (66.3) // 52.5% (66.0) // 54.2% (66.3) // 54.2% (66.3)",
        "fenwick": "53.6% (49.9) // 52.0% (49.3) // 53.6% (49.9) // 53.6% (49.9)",
        "shots": "53.7% (36.5) // 51.9% (35.5) // 53.7% (36.5) // 53.7% (36.5)",
        "scoring": "54.6% (34.8) // 53.4% (34.0) // 54.6% (34.8) // 54.6% (34.8)",
        "corsiAgainst": "45.8% (56.1) // 47.5% (59.7) // 45.8% (56.1) // 45.8% (56.1)",
        "fenwickAgainst": "46.4% (43.2) // 48.0% (45.5) // 46.4% (43.2) // 46.4% (43.2)",
        "shotsAgainst": "46.3% (31.5) // 48.1% (33.0) // 46.3% (31.5) // 46.3% (31.5)",
        "scoringAgainst": "45.4% (28.9) // 46.6% (29.7) // 45.4% (28.9) // 45.4% (28.9)",
        "oppCorsi": "51.4% (58.2) // 52.6% (61.3) // 51.4% (58.2) // 51.4% (58.2)",
        "oppFenwick": "51.6% (44.0) // 52.5% (46.9) // 51.6% (44.0) // 51.6% (44.0)",
        "oppShots": "52.5% (32.6) // 52.7% (33.6) // 52.5% (32.6) // 52.5% (32.6)",
        "oppScoring": "53.0% (32.2) // 53.2% (32.5) // 53.0% (32.2) // 53.0% (32.2)",
        "oppCorsiAgainst": "48.6% (55.0) // 47.4% (55.1) // 48.6% (55.0) // 48.6% (55.0)",
        "oppFenwickAgainst": "48.4% (41.2) // 47.5% (42.4) // 48.4% (41.2) // 48.4% (41.2)",
        "oppShotsAgainst": "47.5% (29.5) // 47.3% (30.1) // 47.5% (29.5) // 47.5% (29.5)",
        "oppScoringAgainst": "47.0% (28.6) // 46.8% (28.6) // 47.0% (28.6) // 47.0% (28.6)",
        "savesPerGame": 28.4,
        "savesPerGameLast1": 25.0,
        "savesPerGameLast3": 30.0,
        "savesPerGameLast5": 29.2,
        "savesPer60": 29.6,
        "savesPer60Last1": 23.8,
        "savesPer60Last3": 28.9,
        "savesPer60Last5": 28.0,
        "shotsPerGame": 36.8,
        "shotsPerGameLast5": 34.2,
        "shotsAgainstPerGame": 31.7,
        "shotsAgainstPerGameLast5": 33.6,
        "oppSavesAgainstPer60": 30.6,
        "oppSavesAgainstPer60Last1": 25.0,
        "oppSavesAgainstPer60Last3": 30.8,
        "oppSavesAgainstPer60Last5": 26.8,
        "oppShotsAgainstPerGame": 29.8,
        "oppShotsAgainstPerGameLast5": 34.2,
        "savesProj": 29.6,
        "savesProjLast5": 25.2,
        "savesProjLast3": 29.6,
        "oppSavesAgainstProj": 30.2,
        "oppSavesAgainstProjLast5": 25.1,
        "oppSavesAgainstProjLast3": 30.2,
        "totalOver": 51,
        "totalOverLast5": 20,
        "totalOverLast15": 47,
        "lastTotalOver": 23,
        "last5": "2,0,0,0,0,0,1,3,2,1",
        "overOdds": "-110",
        "underOdds": "-120",
        "overUnder": "-110 / -120"
    },
    {
        "player": "Carter Verhaeghe",
        "team": "FLA",
        "opponent": "BOS",
        "propType": "ast",
        "line": 0.5,
        "ppLine": "PP2",
        "avg": 0.38,
        "hit": false,
        "diffAvg": -0.24,
        "diffAbs": 0.2,
        "lastAvg": 0.35,
        "diff": -0.3,
        "avgMin": 17,
        "proj": 0.4,
        "lastAvgMin": 16.05,
        "oppOver": 0,
        "teamOver": 0,
        "gameLine": "+205",
        "+/-": "+11",
        "L5_+/-": "+1.0",
        "prevMatchup": "2023-04-23 1.0 ast 2023-04-21 0.0 ast 2023-04-19 0.0 ast 2023-04-17 0.0 ast 2023-01-28 0.0 ast 2022-12-19 1.0 ast 2022-11-23 0.0 ast 2022-10-17 0.0 ast",
        "winLossSplits": "36% - 33%",
        "awayHome": "A",
        "playedYesterday": "N",
        "awayHomeSplits": "28% - 40%",
        "savesAboveExp": 0.892,
        "gsaa": 48.51,
        "corsi": "54.2% (66.3) // 52.5% (66.0) // 54.2% (66.3) // 54.2% (66.3)",
        "fenwick": "53.6% (49.9) // 52.0% (49.3) // 53.6% (49.9) // 53.6% (49.9)",
        "shots": "53.7% (36.5) // 51.9% (35.5) // 53.7% (36.5) // 53.7% (36.5)",
        "scoring": "54.6% (34.8) // 53.4% (34.0) // 54.6% (34.8) // 54.6% (34.8)",
        "corsiAgainst": "45.8% (56.1) // 47.5% (59.7) // 45.8% (56.1) // 45.8% (56.1)",
        "fenwickAgainst": "46.4% (43.2) // 48.0% (45.5) // 46.4% (43.2) // 46.4% (43.2)",
        "shotsAgainst": "46.3% (31.5) // 48.1% (33.0) // 46.3% (31.5) // 46.3% (31.5)",
        "scoringAgainst": "45.4% (28.9) // 46.6% (29.7) // 45.4% (28.9) // 45.4% (28.9)",
        "oppCorsi": "51.4% (58.2) // 52.6% (61.3) // 51.4% (58.2) // 51.4% (58.2)",
        "oppFenwick": "51.6% (44.0) // 52.5% (46.9) // 51.6% (44.0) // 51.6% (44.0)",
        "oppShots": "52.5% (32.6) // 52.7% (33.6) // 52.5% (32.6) // 52.5% (32.6)",
        "oppScoring": "53.0% (32.2) // 53.2% (32.5) // 53.0% (32.2) // 53.0% (32.2)",
        "oppCorsiAgainst": "48.6% (55.0) // 47.4% (55.1) // 48.6% (55.0) // 48.6% (55.0)",
        "oppFenwickAgainst": "48.4% (41.2) // 47.5% (42.4) // 48.4% (41.2) // 48.4% (41.2)",
        "oppShotsAgainst": "47.5% (29.5) // 47.3% (30.1) // 47.5% (29.5) // 47.5% (29.5)",
        "oppScoringAgainst": "47.0% (28.6) // 46.8% (28.6) // 47.0% (28.6) // 47.0% (28.6)",
        "savesPerGame": 28.4,
        "savesPerGameLast1": 25.0,
        "savesPerGameLast3": 30.0,
        "savesPerGameLast5": 29.2,
        "savesPer60": 29.6,
        "savesPer60Last1": 23.8,
        "savesPer60Last3": 28.9,
        "savesPer60Last5": 28.0,
        "shotsPerGame": 36.8,
        "shotsPerGameLast5": 34.2,
        "shotsAgainstPerGame": 31.7,
        "shotsAgainstPerGameLast5": 33.6,
        "oppSavesAgainstPer60": 30.6,
        "oppSavesAgainstPer60Last1": 25.0,
        "oppSavesAgainstPer60Last3": 30.8,
        "oppSavesAgainstPer60Last5": 26.8,
        "oppShotsAgainstPerGame": 29.8,
        "oppShotsAgainstPerGameLast5": 34.2,
        "savesProj": 29.6,
        "savesProjLast5": 25.2,
        "savesProjLast3": 29.6,
        "oppSavesAgainstProj": 30.2,
        "oppSavesAgainstProjLast5": 25.1,
        "oppSavesAgainstProjLast3": 30.2,
        "totalOver": 34,
        "totalOverLast5": 20,
        "totalOverLast15": 20,
        "lastTotalOver": 32,
        "last5": "1,0,0,0,0,1,0,0,0,0",
        "overOdds": "+195",
        "underOdds": "-240",
        "overUnder": "+195 / -240"
    },
    {
        "player": "David Pastrnak",
        "team": "BOS",
        "opponent": "FLA",
        "propType": "ast",
        "line": 0.5,
        "ppLine": "PP1",
        "avg": 0.59,
        "hit": false,
        "diffAvg": 0.18,
        "diffAbs": 0.0,
        "lastAvg": 0.47,
        "diff": -0.06,
        "avgMin": 19,
        "proj": 0.5,
        "lastAvgMin": 18.6,
        "oppOver": 0,
        "teamOver": 0,
        "gameLine": "-245",
        "+/-": "+33",
        "L5_+/-": 0.0,
        "prevMatchup": "2023-04-23 0.0 ast 2023-04-21 0.0 ast 2023-04-19 0.0 ast 2023-04-17 0.0 ast 2023-01-28 0.0 ast 2022-12-19 0.0 ast 2022-11-23 0.0 ast 2022-10-17 0.0 ast",
        "winLossSplits": "51% - 39%",
        "awayHome": "H",
        "playedYesterday": "N",
        "awayHomeSplits": "49% - 49%",
        "savesAboveExp": "-",
        "gsaa": 3.73,
        "corsi": "51.4% (58.2) // 52.6% (61.3) // 51.4% (58.2) // 51.4% (58.2)",
        "fenwick": "51.6% (44.0) // 52.5% (46.9) // 51.6% (44.0) // 51.6% (44.0)",
        "shots": "52.5% (32.6) // 52.7% (33.6) // 52.5% (32.6) // 52.5% (32.6)",
        "scoring": "53.0% (32.2) // 53.2% (32.5) // 53.0% (32.2) // 53.0% (32.2)",
        "corsiAgainst": "48.6% (55.0) // 47.4% (55.1) // 48.6% (55.0) // 48.6% (55.0)",
        "fenwickAgainst": "48.4% (41.2) // 47.5% (42.4) // 48.4% (41.2) // 48.4% (41.2)",
        "shotsAgainst": "47.5% (29.5) // 47.3% (30.1) // 47.5% (29.5) // 47.5% (29.5)",
        "scoringAgainst": "47.0% (28.6) // 46.8% (28.6) // 47.0% (28.6) // 47.0% (28.6)",
        "oppCorsi": "54.2% (66.3) // 52.5% (66.0) // 54.2% (66.3) // 54.2% (66.3)",
        "oppFenwick": "53.6% (49.9) // 52.0% (49.3) // 53.6% (49.9) // 53.6% (49.9)",
        "oppShots": "53.7% (36.5) // 51.9% (35.5) // 53.7% (36.5) // 53.7% (36.5)",
        "oppScoring": "54.6% (34.8) // 53.4% (34.0) // 54.6% (34.8) // 54.6% (34.8)",
        "oppCorsiAgainst": "45.8% (56.1) // 47.5% (59.7) // 45.8% (56.1) // 45.8% (56.1)",
        "oppFenwickAgainst": "46.4% (43.2) // 48.0% (45.5) // 46.4% (43.2) // 46.4% (43.2)",
        "oppShotsAgainst": "46.3% (31.5) // 48.1% (33.0) // 46.3% (31.5) // 46.3% (31.5)",
        "oppScoringAgainst": "45.4% (28.9) // 46.6% (29.7) // 45.4% (28.9) // 45.4% (28.9)",
        "savesPerGame": 27.7,
        "savesPerGameLast1": 42.0,
        "savesPerGameLast3": 31.7,
        "savesPerGameLast5": 31.2,
        "savesPer60": 29.3,
        "savesPer60Last1": 42.0,
        "savesPer60Last3": 31.4,
        "savesPer60Last5": 31.1,
        "shotsPerGame": 33.0,
        "shotsPerGameLast5": 30.6,
        "shotsAgainstPerGame": 29.8,
        "shotsAgainstPerGameLast5": 34.2,
        "oppSavesAgainstPer60": 34.8,
        "oppSavesAgainstPer60Last1": 43.2,
        "oppSavesAgainstPer60Last3": 31.4,
        "oppSavesAgainstPer60Last5": 31.1,
        "oppShotsAgainstPerGame": 31.7,
        "oppShotsAgainstPerGameLast5": 33.6,
        "savesProj": 33.0,
        "savesProjLast5": 32.8,
        "savesProjLast3": 33.6,
        "oppSavesAgainstProj": 33.1,
        "oppSavesAgainstProjLast5": 30.2,
        "oppSavesAgainstProjLast3": 28.6,
        "totalOver": 49,
        "totalOverLast5": 20,
        "totalOverLast15": 33,
        "lastTotalOver": 43,
        "last5": "0,0,0,0,1,2,1,1,0,1",
        "overOdds": "+110",
        "underOdds": "-140",
        "overUnder": "+110 / -140"
    },
    {
        "player": "Gustav Forsling",
        "team": "FLA",
        "opponent": "BOS",
        "propType": "ast",
        "line": 0.5,
        "ppLine": "PP2",
        "avg": 0.34,
        "hit": false,
        "diffAvg": -0.32,
        "diffAbs": 0.2,
        "lastAvg": 0.33,
        "diff": -0.34,
        "avgMin": 23,
        "proj": 0.4,
        "lastAvgMin": 21.22,
        "oppOver": 0,
        "teamOver": 0,
        "gameLine": "+205",
        "+/-": "+18",
        "L5_+/-": -1.0,
        "prevMatchup": "2023-04-23 0.0 ast 2023-04-21 0.0 ast 2023-04-19 1.0 ast 2023-04-17 0.0 ast 2023-01-28 0.0 ast 2022-12-19 1.0 ast 2022-11-23 0.0 ast 2022-10-17 1.0 ast",
        "winLossSplits": "33% - 28%",
        "awayHome": "A",
        "playedYesterday": "N",
        "awayHomeSplits": "26% - 35%",
        "savesAboveExp": 0.892,
        "gsaa": 48.51,
        "corsi": "54.2% (66.3) // 52.5% (66.0) // 54.2% (66.3) // 54.2% (66.3)",
        "fenwick": "53.6% (49.9) // 52.0% (49.3) // 53.6% (49.9) // 53.6% (49.9)",
        "shots": "53.7% (36.5) // 51.9% (35.5) // 53.7% (36.5) // 53.7% (36.5)",
        "scoring": "54.6% (34.8) // 53.4% (34.0) // 54.6% (34.8) // 54.6% (34.8)",
        "corsiAgainst": "45.8% (56.1) // 47.5% (59.7) // 45.8% (56.1) // 45.8% (56.1)",
        "fenwickAgainst": "46.4% (43.2) // 48.0% (45.5) // 46.4% (43.2) // 46.4% (43.2)",
        "shotsAgainst": "46.3% (31.5) // 48.1% (33.0) // 46.3% (31.5) // 46.3% (31.5)",
        "scoringAgainst": "45.4% (28.9) // 46.6% (29.7) // 45.4% (28.9) // 45.4% (28.9)",
        "oppCorsi": "51.4% (58.2) // 52.6% (61.3) // 51.4% (58.2) // 51.4% (58.2)",
        "oppFenwick": "51.6% (44.0) // 52.5% (46.9) // 51.6% (44.0) // 51.6% (44.0)",
        "oppShots": "52.5% (32.6) // 52.7% (33.6) // 52.5% (32.6) // 52.5% (32.6)",
        "oppScoring": "53.0% (32.2) // 53.2% (32.5) // 53.0% (32.2) // 53.0% (32.2)",
        "oppCorsiAgainst": "48.6% (55.0) // 47.4% (55.1) // 48.6% (55.0) // 48.6% (55.0)",
        "oppFenwickAgainst": "48.4% (41.2) // 47.5% (42.4) // 48.4% (41.2) // 48.4% (41.2)",
        "oppShotsAgainst": "47.5% (29.5) // 47.3% (30.1) // 47.5% (29.5) // 47.5% (29.5)",
        "oppScoringAgainst": "47.0% (28.6) // 46.8% (28.6) // 47.0% (28.6) // 47.0% (28.6)",
        "savesPerGame": 28.4,
        "savesPerGameLast1": 25.0,
        "savesPerGameLast3": 30.0,
        "savesPerGameLast5": 29.2,
        "savesPer60": 29.6,
        "savesPer60Last1": 23.8,
        "savesPer60Last3": 28.9,
        "savesPer60Last5": 28.0,
        "shotsPerGame": 36.8,
        "shotsPerGameLast5": 34.2,
        "shotsAgainstPerGame": 31.7,
        "shotsAgainstPerGameLast5": 33.6,
        "oppSavesAgainstPer60": 30.6,
        "oppSavesAgainstPer60Last1": 25.0,
        "oppSavesAgainstPer60Last3": 30.8,
        "oppSavesAgainstPer60Last5": 26.8,
        "oppShotsAgainstPerGame": 29.8,
        "oppShotsAgainstPerGameLast5": 34.2,
        "savesProj": 29.6,
        "savesProjLast5": 25.2,
        "savesProjLast3": 29.6,
        "oppSavesAgainstProj": 30.2,
        "oppSavesAgainstProjLast5": 25.1,
        "oppSavesAgainstProjLast3": 30.2,
        "totalOver": 30,
        "totalOverLast5": 20,
        "totalOverLast15": 27,
        "lastTotalOver": 29,
        "last5": "0,0,1,0,0,0,0,1,0,1",
        "overOdds": "+250",
        "underOdds": "-320",
        "overUnder": "+250 / -320"
    },
    {
        "player": "Jake Debrusk",
        "team": "BOS",
        "opponent": "FLA",
        "propType": "ast",
        "line": 0.5,
        "ppLine": "PP2",
        "avg": 0.37,
        "hit": false,
        "diffAvg": -0.26,
        "diffAbs": 0.6,
        "lastAvg": 0.2,
        "diff": -0.6,
        "avgMin": 16,
        "proj": 0.2,
        "lastAvgMin": 15.03,
        "oppOver": 0,
        "teamOver": 0,
        "gameLine": "-245",
        "+/-": "+26",
        "L5_+/-": "+2.0",
        "prevMatchup": "2023-04-23 0.0 ast 2023-04-21 2.0 ast 2023-04-19 0.0 ast 2023-04-17 0.0 ast 2022-12-19 0.0 ast 2022-11-23 1.0 ast 2022-10-17 1.0 ast",
        "winLossSplits": "25% - 38%",
        "awayHome": "H",
        "playedYesterday": "N",
        "awayHomeSplits": "39% - 19%",
        "savesAboveExp": "-",
        "gsaa": 3.73,
        "corsi": "51.4% (58.2) // 52.6% (61.3) // 51.4% (58.2) // 51.4% (58.2)",
        "fenwick": "51.6% (44.0) // 52.5% (46.9) // 51.6% (44.0) // 51.6% (44.0)",
        "shots": "52.5% (32.6) // 52.7% (33.6) // 52.5% (32.6) // 52.5% (32.6)",
        "scoring": "53.0% (32.2) // 53.2% (32.5) // 53.0% (32.2) // 53.0% (32.2)",
        "corsiAgainst": "48.6% (55.0) // 47.4% (55.1) // 48.6% (55.0) // 48.6% (55.0)",
        "fenwickAgainst": "48.4% (41.2) // 47.5% (42.4) // 48.4% (41.2) // 48.4% (41.2)",
        "shotsAgainst": "47.5% (29.5) // 47.3% (30.1) // 47.5% (29.5) // 47.5% (29.5)",
        "scoringAgainst": "47.0% (28.6) // 46.8% (28.6) // 47.0% (28.6) // 47.0% (28.6)",
        "oppCorsi": "54.2% (66.3) // 52.5% (66.0) // 54.2% (66.3) // 54.2% (66.3)",
        "oppFenwick": "53.6% (49.9) // 52.0% (49.3) // 53.6% (49.9) // 53.6% (49.9)",
        "oppShots": "53.7% (36.5) // 51.9% (35.5) // 53.7% (36.5) // 53.7% (36.5)",
        "oppScoring": "54.6% (34.8) // 53.4% (34.0) // 54.6% (34.8) // 54.6% (34.8)",
        "oppCorsiAgainst": "45.8% (56.1) // 47.5% (59.7) // 45.8% (56.1) // 45.8% (56.1)",
        "oppFenwickAgainst": "46.4% (43.2) // 48.0% (45.5) // 46.4% (43.2) // 46.4% (43.2)",
        "oppShotsAgainst": "46.3% (31.5) // 48.1% (33.0) // 46.3% (31.5) // 46.3% (31.5)",
        "oppScoringAgainst": "45.4% (28.9) // 46.6% (29.7) // 45.4% (28.9) // 45.4% (28.9)",
        "savesPerGame": 27.7,
        "savesPerGameLast1": 42.0,
        "savesPerGameLast3": 31.7,
        "savesPerGameLast5": 31.2,
        "savesPer60": 29.3,
        "savesPer60Last1": 42.0,
        "savesPer60Last3": 31.4,
        "savesPer60Last5": 31.1,
        "shotsPerGame": 33.0,
        "shotsPerGameLast5": 30.6,
        "shotsAgainstPerGame": 29.8,
        "shotsAgainstPerGameLast5": 34.2,
        "oppSavesAgainstPer60": 34.8,
        "oppSavesAgainstPer60Last1": 43.2,
        "oppSavesAgainstPer60Last3": 31.4,
        "oppSavesAgainstPer60Last5": 31.1,
        "oppShotsAgainstPerGame": 31.7,
        "oppShotsAgainstPerGameLast5": 33.6,
        "savesProj": 33.0,
        "savesProjLast5": 32.8,
        "savesProjLast3": 33.6,
        "oppSavesAgainstProj": 33.1,
        "oppSavesAgainstProjLast5": 30.2,
        "oppSavesAgainstProjLast3": 28.6,
        "totalOver": 28,
        "totalOverLast5": 20,
        "totalOverLast15": 13,
        "lastTotalOver": 21,
        "last5": "0,2,0,0,0,0,0,0,0,0",
        "overOdds": "+220",
        "underOdds": "-280",
        "overUnder": "+220 / -280"
    },
    {
        "player": "Matthew Tkachuk",
        "team": "FLA",
        "opponent": "BOS",
        "propType": "ast",
        "line": 0.5,
        "ppLine": "PP1",
        "avg": 0.87,
        "hit": false,
        "diffAvg": 0.74,
        "diffAbs": 0.4,
        "lastAvg": 0.66,
        "diff": 0.32,
        "avgMin": 20,
        "proj": 0.7,
        "lastAvgMin": 17.88,
        "oppOver": 0,
        "teamOver": 0,
        "gameLine": "+205",
        "+/-": "+31",
        "L5_+/-": "+5.0",
        "prevMatchup": "2023-04-23 1.0 ast 2023-04-21 0.0 ast 2023-04-19 2.0 ast 2023-04-17 0.0 ast 2023-01-28 2.0 ast 2022-12-19 0.0 ast 2022-11-23 1.0 ast 2022-10-17 1.0 ast",
        "winLossSplits": "71% - 43%",
        "awayHome": "A",
        "playedYesterday": "N",
        "awayHomeSplits": "52% - 61%",
        "savesAboveExp": 0.892,
        "gsaa": 48.51,
        "corsi": "54.2% (66.3) // 52.5% (66.0) // 54.2% (66.3) // 54.2% (66.3)",
        "fenwick": "53.6% (49.9) // 52.0% (49.3) // 53.6% (49.9) // 53.6% (49.9)",
        "shots": "53.7% (36.5) // 51.9% (35.5) // 53.7% (36.5) // 53.7% (36.5)",
        "scoring": "54.6% (34.8) // 53.4% (34.0) // 54.6% (34.8) // 54.6% (34.8)",
        "corsiAgainst": "45.8% (56.1) // 47.5% (59.7) // 45.8% (56.1) // 45.8% (56.1)",
        "fenwickAgainst": "46.4% (43.2) // 48.0% (45.5) // 46.4% (43.2) // 46.4% (43.2)",
        "shotsAgainst": "46.3% (31.5) // 48.1% (33.0) // 46.3% (31.5) // 46.3% (31.5)",
        "scoringAgainst": "45.4% (28.9) // 46.6% (29.7) // 45.4% (28.9) // 45.4% (28.9)",
        "oppCorsi": "51.4% (58.2) // 52.6% (61.3) // 51.4% (58.2) // 51.4% (58.2)",
        "oppFenwick": "51.6% (44.0) // 52.5% (46.9) // 51.6% (44.0) // 51.6% (44.0)",
        "oppShots": "52.5% (32.6) // 52.7% (33.6) // 52.5% (32.6) // 52.5% (32.6)",
        "oppScoring": "53.0% (32.2) // 53.2% (32.5) // 53.0% (32.2) // 53.0% (32.2)",
        "oppCorsiAgainst": "48.6% (55.0) // 47.4% (55.1) // 48.6% (55.0) // 48.6% (55.0)",
        "oppFenwickAgainst": "48.4% (41.2) // 47.5% (42.4) // 48.4% (41.2) // 48.4% (41.2)",
        "oppShotsAgainst": "47.5% (29.5) // 47.3% (30.1) // 47.5% (29.5) // 47.5% (29.5)",
        "oppScoringAgainst": "47.0% (28.6) // 46.8% (28.6) // 47.0% (28.6) // 47.0% (28.6)",
        "savesPerGame": 28.4,
        "savesPerGameLast1": 25.0,
        "savesPerGameLast3": 30.0,
        "savesPerGameLast5": 29.2,
        "savesPer60": 29.6,
        "savesPer60Last1": 23.8,
        "savesPer60Last3": 28.9,
        "savesPer60Last5": 28.0,
        "shotsPerGame": 36.8,
        "shotsPerGameLast5": 34.2,
        "shotsAgainstPerGame": 31.7,
        "shotsAgainstPerGameLast5": 33.6,
        "oppSavesAgainstPer60": 30.6,
        "oppSavesAgainstPer60Last1": 25.0,
        "oppSavesAgainstPer60Last3": 30.8,
        "oppSavesAgainstPer60Last5": 26.8,
        "oppShotsAgainstPerGame": 29.8,
        "oppShotsAgainstPerGameLast5": 34.2,
        "savesProj": 29.6,
        "savesProjLast5": 25.2,
        "savesProjLast3": 29.6,
        "oppSavesAgainstProj": 30.2,
        "oppSavesAgainstProjLast5": 25.1,
        "oppSavesAgainstProjLast3": 30.2,
        "totalOver": 57,
        "totalOverLast5": 60,
        "totalOverLast15": 47,
        "lastTotalOver": 49,
        "last5": "1,0,2,0,1,0,2,2,0,1",
        "overOdds": "-110",
        "underOdds": "-120",
        "overUnder": "-110 / -120"
    },
    {
        "player": "Patrice Bergeron",
        "team": "BOS",
        "opponent": "FLA",
        "propType": "ast",
        "line": 0.5,
        "ppLine": "PP1",
        "avg": 0.4,
        "hit": false,
        "diffAvg": -0.2,
        "diffAbs": 0.0,
        "lastAvg": 0.49,
        "diff": -0.02,
        "avgMin": 17,
        "proj": 0.5,
        "lastAvgMin": 18.17,
        "oppOver": 0,
        "teamOver": 0,
        "gameLine": "-245",
        "+/-": "+35",
        "L5_+/-": "+6.0",
        "prevMatchup": "2023-01-28 0.0 ast 2022-12-19 2.0 ast 2022-11-23 0.0 ast 2022-10-17 1.0 ast",
        "winLossSplits": "38% - 18%",
        "awayHome": "H",
        "playedYesterday": "N",
        "awayHomeSplits": "35% - 32%",
        "savesAboveExp": "-",
        "gsaa": 3.73,
        "corsi": "51.4% (58.2) // 52.6% (61.3) // 51.4% (58.2) // 51.4% (58.2)",
        "fenwick": "51.6% (44.0) // 52.5% (46.9) // 51.6% (44.0) // 51.6% (44.0)",
        "shots": "52.5% (32.6) // 52.7% (33.6) // 52.5% (32.6) // 52.5% (32.6)",
        "scoring": "53.0% (32.2) // 53.2% (32.5) // 53.0% (32.2) // 53.0% (32.2)",
        "corsiAgainst": "48.6% (55.0) // 47.4% (55.1) // 48.6% (55.0) // 48.6% (55.0)",
        "fenwickAgainst": "48.4% (41.2) // 47.5% (42.4) // 48.4% (41.2) // 48.4% (41.2)",
        "shotsAgainst": "47.5% (29.5) // 47.3% (30.1) // 47.5% (29.5) // 47.5% (29.5)",
        "scoringAgainst": "47.0% (28.6) // 46.8% (28.6) // 47.0% (28.6) // 47.0% (28.6)",
        "oppCorsi": "54.2% (66.3) // 52.5% (66.0) // 54.2% (66.3) // 54.2% (66.3)",
        "oppFenwick": "53.6% (49.9) // 52.0% (49.3) // 53.6% (49.9) // 53.6% (49.9)",
        "oppShots": "53.7% (36.5) // 51.9% (35.5) // 53.7% (36.5) // 53.7% (36.5)",
        "oppScoring": "54.6% (34.8) // 53.4% (34.0) // 54.6% (34.8) // 54.6% (34.8)",
        "oppCorsiAgainst": "45.8% (56.1) // 47.5% (59.7) // 45.8% (56.1) // 45.8% (56.1)",
        "oppFenwickAgainst": "46.4% (43.2) // 48.0% (45.5) // 46.4% (43.2) // 46.4% (43.2)",
        "oppShotsAgainst": "46.3% (31.5) // 48.1% (33.0) // 46.3% (31.5) // 46.3% (31.5)",
        "oppScoringAgainst": "45.4% (28.9) // 46.6% (29.7) // 45.4% (28.9) // 45.4% (28.9)",
        "savesPerGame": 27.7,
        "savesPerGameLast1": 42.0,
        "savesPerGameLast3": 31.7,
        "savesPerGameLast5": 31.2,
        "savesPer60": 29.3,
        "savesPer60Last1": 42.0,
        "savesPer60Last3": 31.4,
        "savesPer60Last5": 31.1,
        "shotsPerGame": 33.0,
        "shotsPerGameLast5": 30.6,
        "shotsAgainstPerGame": 29.8,
        "shotsAgainstPerGameLast5": 34.2,
        "oppSavesAgainstPer60": 34.8,
        "oppSavesAgainstPer60Last1": 43.2,
        "oppSavesAgainstPer60Last3": 31.4,
        "oppSavesAgainstPer60Last5": 31.1,
        "oppShotsAgainstPerGame": 31.7,
        "oppShotsAgainstPerGameLast5": 33.6,
        "savesProj": 33.0,
        "savesProjLast5": 32.8,
        "savesProjLast3": 33.6,
        "oppSavesAgainstProj": 33.1,
        "oppSavesAgainstProjLast5": 30.2,
        "oppSavesAgainstProjLast3": 28.6,
        "totalOver": 33,
        "totalOverLast5": 20,
        "totalOverLast15": 33,
        "lastTotalOver": 39,
        "last5": "0,1,0,0,0,0,0,1,1,2",
        "overOdds": "+210",
        "underOdds": "-265",
        "overUnder": "+210 / -265"
    },
    {
        "player": "Sam Bennett",
        "team": "FLA",
        "opponent": "BOS",
        "propType": "ast",
        "line": 0.5,
        "ppLine": "PP2",
        "avg": 0.38,
        "hit": false,
        "diffAvg": -0.24,
        "diffAbs": 0.4,
        "lastAvg": 0.26,
        "diff": -0.48,
        "avgMin": 17,
        "proj": 0.3,
        "lastAvgMin": 16.93,
        "oppOver": 0,
        "teamOver": 0,
        "gameLine": "+205",
        "+/-": "+6",
        "L5_+/-": "+7.0",
        "prevMatchup": "2023-04-23 0.0 ast 2023-04-21 1.0 ast 2023-04-19 0.0 ast 2023-01-28 0.0 ast 2022-12-19 0.0 ast 2022-11-23 0.0 ast 2022-10-17 1.0 ast",
        "winLossSplits": "29% - 22%",
        "awayHome": "A",
        "playedYesterday": "N",
        "awayHomeSplits": "22% - 29%",
        "savesAboveExp": 0.892,
        "gsaa": 48.51,
        "corsi": "54.2% (66.3) // 52.5% (66.0) // 54.2% (66.3) // 54.2% (66.3)",
        "fenwick": "53.6% (49.9) // 52.0% (49.3) // 53.6% (49.9) // 53.6% (49.9)",
        "shots": "53.7% (36.5) // 51.9% (35.5) // 53.7% (36.5) // 53.7% (36.5)",
        "scoring": "54.6% (34.8) // 53.4% (34.0) // 54.6% (34.8) // 54.6% (34.8)",
        "corsiAgainst": "45.8% (56.1) // 47.5% (59.7) // 45.8% (56.1) // 45.8% (56.1)",
        "fenwickAgainst": "46.4% (43.2) // 48.0% (45.5) // 46.4% (43.2) // 46.4% (43.2)",
        "shotsAgainst": "46.3% (31.5) // 48.1% (33.0) // 46.3% (31.5) // 46.3% (31.5)",
        "scoringAgainst": "45.4% (28.9) // 46.6% (29.7) // 45.4% (28.9) // 45.4% (28.9)",
        "oppCorsi": "51.4% (58.2) // 52.6% (61.3) // 51.4% (58.2) // 51.4% (58.2)",
        "oppFenwick": "51.6% (44.0) // 52.5% (46.9) // 51.6% (44.0) // 51.6% (44.0)",
        "oppShots": "52.5% (32.6) // 52.7% (33.6) // 52.5% (32.6) // 52.5% (32.6)",
        "oppScoring": "53.0% (32.2) // 53.2% (32.5) // 53.0% (32.2) // 53.0% (32.2)",
        "oppCorsiAgainst": "48.6% (55.0) // 47.4% (55.1) // 48.6% (55.0) // 48.6% (55.0)",
        "oppFenwickAgainst": "48.4% (41.2) // 47.5% (42.4) // 48.4% (41.2) // 48.4% (41.2)",
        "oppShotsAgainst": "47.5% (29.5) // 47.3% (30.1) // 47.5% (29.5) // 47.5% (29.5)",
        "oppScoringAgainst": "47.0% (28.6) // 46.8% (28.6) // 47.0% (28.6) // 47.0% (28.6)",
        "savesPerGame": 28.4,
        "savesPerGameLast1": 25.0,
        "savesPerGameLast3": 30.0,
        "savesPerGameLast5": 29.2,
        "savesPer60": 29.6,
        "savesPer60Last1": 23.8,
        "savesPer60Last3": 28.9,
        "savesPer60Last5": 28.0,
        "shotsPerGame": 36.8,
        "shotsPerGameLast5": 34.2,
        "shotsAgainstPerGame": 31.7,
        "shotsAgainstPerGameLast5": 33.6,
        "oppSavesAgainstPer60": 30.6,
        "oppSavesAgainstPer60Last1": 25.0,
        "oppSavesAgainstPer60Last3": 30.8,
        "oppSavesAgainstPer60Last5": 26.8,
        "oppShotsAgainstPerGame": 29.8,
        "oppShotsAgainstPerGameLast5": 34.2,
        "savesProj": 29.6,
        "savesProjLast5": 25.2,
        "savesProjLast3": 29.6,
        "oppSavesAgainstProj": 30.2,
        "oppSavesAgainstProjLast5": 25.1,
        "oppSavesAgainstProjLast3": 30.2,
        "totalOver": 26,
        "totalOverLast5": 40,
        "totalOverLast15": 20,
        "lastTotalOver": 26,
        "last5": "0,1,0,2,0,1,0,0,0,0",
        "overOdds": "+235",
        "underOdds": "-300",
        "overUnder": "+235 / -300"
    },
    {
        "player": "Sam Reinhart",
        "team": "FLA",
        "opponent": "BOS",
        "propType": "ast",
        "line": 0.5,
        "ppLine": "PP1",
        "avg": 0.43,
        "hit": false,
        "diffAvg": -0.14,
        "diffAbs": 0.2,
        "lastAvg": 0.56,
        "diff": 0.12,
        "avgMin": 19,
        "proj": 0.6,
        "lastAvgMin": 17.75,
        "oppOver": 0,
        "teamOver": 0,
        "gameLine": "+205",
        "+/-": -12,
        "L5_+/-": "+4.0",
        "prevMatchup": "2023-04-23 0.0 ast 2023-04-21 0.0 ast 2023-04-19 1.0 ast 2023-04-17 0.0 ast 2023-01-28 0.0 ast 2022-12-19 1.0 ast 2022-11-23 1.0 ast 2022-10-17 0.0 ast",
        "winLossSplits": "44% - 28%",
        "awayHome": "A",
        "playedYesterday": "N",
        "awayHomeSplits": "44% - 28%",
        "savesAboveExp": 0.892,
        "gsaa": 48.51,
        "corsi": "54.2% (66.3) // 52.5% (66.0) // 54.2% (66.3) // 54.2% (66.3)",
        "fenwick": "53.6% (49.9) // 52.0% (49.3) // 53.6% (49.9) // 53.6% (49.9)",
        "shots": "53.7% (36.5) // 51.9% (35.5) // 53.7% (36.5) // 53.7% (36.5)",
        "scoring": "54.6% (34.8) // 53.4% (34.0) // 54.6% (34.8) // 54.6% (34.8)",
        "corsiAgainst": "45.8% (56.1) // 47.5% (59.7) // 45.8% (56.1) // 45.8% (56.1)",
        "fenwickAgainst": "46.4% (43.2) // 48.0% (45.5) // 46.4% (43.2) // 46.4% (43.2)",
        "shotsAgainst": "46.3% (31.5) // 48.1% (33.0) // 46.3% (31.5) // 46.3% (31.5)",
        "scoringAgainst": "45.4% (28.9) // 46.6% (29.7) // 45.4% (28.9) // 45.4% (28.9)",
        "oppCorsi": "51.4% (58.2) // 52.6% (61.3) // 51.4% (58.2) // 51.4% (58.2)",
        "oppFenwick": "51.6% (44.0) // 52.5% (46.9) // 51.6% (44.0) // 51.6% (44.0)",
        "oppShots": "52.5% (32.6) // 52.7% (33.6) // 52.5% (32.6) // 52.5% (32.6)",
        "oppScoring": "53.0% (32.2) // 53.2% (32.5) // 53.0% (32.2) // 53.0% (32.2)",
        "oppCorsiAgainst": "48.6% (55.0) // 47.4% (55.1) // 48.6% (55.0) // 48.6% (55.0)",
        "oppFenwickAgainst": "48.4% (41.2) // 47.5% (42.4) // 48.4% (41.2) // 48.4% (41.2)",
        "oppShotsAgainst": "47.5% (29.5) // 47.3% (30.1) // 47.5% (29.5) // 47.5% (29.5)",
        "oppScoringAgainst": "47.0% (28.6) // 46.8% (28.6) // 47.0% (28.6) // 47.0% (28.6)",
        "savesPerGame": 28.4,
        "savesPerGameLast1": 25.0,
        "savesPerGameLast3": 30.0,
        "savesPerGameLast5": 29.2,
        "savesPer60": 29.6,
        "savesPer60Last1": 23.8,
        "savesPer60Last3": 28.9,
        "savesPer60Last5": 28.0,
        "shotsPerGame": 36.8,
        "shotsPerGameLast5": 34.2,
        "shotsAgainstPerGame": 31.7,
        "shotsAgainstPerGameLast5": 33.6,
        "oppSavesAgainstPer60": 30.6,
        "oppSavesAgainstPer60Last1": 25.0,
        "oppSavesAgainstPer60Last3": 30.8,
        "oppSavesAgainstPer60Last5": 26.8,
        "oppShotsAgainstPerGame": 29.8,
        "oppShotsAgainstPerGameLast5": 34.2,
        "savesProj": 29.6,
        "savesProjLast5": 25.2,
        "savesProjLast3": 29.6,
        "oppSavesAgainstProj": 30.2,
        "oppSavesAgainstProjLast5": 25.1,
        "oppSavesAgainstProjLast3": 30.2,
        "totalOver": 36,
        "totalOverLast5": 40,
        "totalOverLast15": 53,
        "lastTotalOver": 42,
        "last5": "0,0,1,0,1,0,1,1,0,2",
        "overOdds": "+160",
        "underOdds": "-195",
        "overUnder": "+160 / -195"
    },
    {
        "player": "Taylor Hall",
        "team": "BOS",
        "opponent": "FLA",
        "propType": "ast",
        "line": 0.5,
        "ppLine": "PP2",
        "avg": 0.37,
        "hit": false,
        "diffAvg": -0.26,
        "diffAbs": 0.2,
        "lastAvg": 0.47,
        "diff": -0.06,
        "avgMin": 15,
        "proj": 0.4,
        "lastAvgMin": 16.4,
        "oppOver": 0,
        "teamOver": 0,
        "gameLine": "-245",
        "+/-": "+14",
        "L5_+/-": "+1.0",
        "prevMatchup": "2023-04-23 2.0 ast 2023-04-21 1.0 ast 2023-04-19 0.0 ast 2023-04-17 0.0 ast 2023-01-28 0.0 ast 2022-12-19 2.0 ast 2022-11-23 0.0 ast 2022-10-17 0.0 ast",
        "winLossSplits": "37% - 7%",
        "awayHome": "H",
        "playedYesterday": "N",
        "awayHomeSplits": "31% - 30%",
        "savesAboveExp": "-",
        "gsaa": 3.73,
        "corsi": "51.4% (58.2) // 52.6% (61.3) // 51.4% (58.2) // 51.4% (58.2)",
        "fenwick": "51.6% (44.0) // 52.5% (46.9) // 51.6% (44.0) // 51.6% (44.0)",
        "shots": "52.5% (32.6) // 52.7% (33.6) // 52.5% (32.6) // 52.5% (32.6)",
        "scoring": "53.0% (32.2) // 53.2% (32.5) // 53.0% (32.2) // 53.0% (32.2)",
        "corsiAgainst": "48.6% (55.0) // 47.4% (55.1) // 48.6% (55.0) // 48.6% (55.0)",
        "fenwickAgainst": "48.4% (41.2) // 47.5% (42.4) // 48.4% (41.2) // 48.4% (41.2)",
        "shotsAgainst": "47.5% (29.5) // 47.3% (30.1) // 47.5% (29.5) // 47.5% (29.5)",
        "scoringAgainst": "47.0% (28.6) // 46.8% (28.6) // 47.0% (28.6) // 47.0% (28.6)",
        "oppCorsi": "54.2% (66.3) // 52.5% (66.0) // 54.2% (66.3) // 54.2% (66.3)",
        "oppFenwick": "53.6% (49.9) // 52.0% (49.3) // 53.6% (49.9) // 53.6% (49.9)",
        "oppShots": "53.7% (36.5) // 51.9% (35.5) // 53.7% (36.5) // 53.7% (36.5)",
        "oppScoring": "54.6% (34.8) // 53.4% (34.0) // 54.6% (34.8) // 54.6% (34.8)",
        "oppCorsiAgainst": "45.8% (56.1) // 47.5% (59.7) // 45.8% (56.1) // 45.8% (56.1)",
        "oppFenwickAgainst": "46.4% (43.2) // 48.0% (45.5) // 46.4% (43.2) // 46.4% (43.2)",
        "oppShotsAgainst": "46.3% (31.5) // 48.1% (33.0) // 46.3% (31.5) // 46.3% (31.5)",
        "oppScoringAgainst": "45.4% (28.9) // 46.6% (29.7) // 45.4% (28.9) // 45.4% (28.9)",
        "savesPerGame": 27.7,
        "savesPerGameLast1": 42.0,
        "savesPerGameLast3": 31.7,
        "savesPerGameLast5": 31.2,
        "savesPer60": 29.3,
        "savesPer60Last1": 42.0,
        "savesPer60Last3": 31.4,
        "savesPer60Last5": 31.1,
        "shotsPerGame": 33.0,
        "shotsPerGameLast5": 30.6,
        "shotsAgainstPerGame": 29.8,
        "shotsAgainstPerGameLast5": 34.2,
        "oppSavesAgainstPer60": 34.8,
        "oppSavesAgainstPer60Last1": 43.2,
        "oppSavesAgainstPer60Last3": 31.4,
        "oppSavesAgainstPer60Last5": 31.1,
        "oppShotsAgainstPerGame": 31.7,
        "oppShotsAgainstPerGameLast5": 33.6,
        "savesProj": 33.0,
        "savesProjLast5": 32.8,
        "savesProjLast3": 33.6,
