[
    {
        "player": "Brad Marchand",
        "team": "BOS",
        "opponent": "MTL",
        "propType": "sog",
        "line": 2.5,
        "ppLine": "PP1",
        "avg": 2.5,
        "hit": false,
        "diffAvg": 0.0,
        "diffAbs": 0.16,
        "lastAvg": 3.14,
        "diff": 0.26,
        "avgMin": 18,
        "proj": 2.9,
        "lastAvgMin": 19.25,
        "oppOver": 0,
        "teamOver": 0,
        "gameLine": "-295",
        "+/-": "+28",
        "L5_+/-": "+2.0",
        "prevMatchup": "2023-03-23 1.0 sog 2023-01-24 2.0 sog",
        "winLossSplits": "38% - 62%",
        "awayHome": "A",
        "playedYesterday": "N",
        "awayHomeSplits": "44% - 42%",
        "savesAboveExp": 0.061,
        "gsaa": -1.44,
        "corsi": "51.4% (58.2) // 52.9% (61.1) // 55.5% (63.8) // 57.5% (67.7)",
        "fenwick": "51.7% (44.0) // 52.8% (46.8) // 54.3% (49.7) // 56.0% (53.0)",
        "shots": "52.6% (32.7) // 54.2% (34.8) // 54.5% (37.4) // 55.7% (39.3)",
        "scoring": "53.0% (32.2) // 54.1% (32.6) // 53.7% (30.2) // 54.5% (32.0)",
        "corsiAgainst": "48.6% (54.9) // 47.1% (54.3) // 44.5% (51.2) // 42.5% (50.0)",
        "fenwickAgainst": "48.3% (41.1) // 47.2% (41.9) // 45.7% (41.8) // 44.0% (41.7)",
        "shotsAgainst": "47.4% (29.4) // 45.8% (29.5) // 45.5% (31.2) // 44.3% (31.3)",
        "scoringAgainst": "47.0% (28.6) // 45.9% (27.7) // 46.3% (26.0) // 45.5% (26.7)",
        "oppCorsi": "44.6% (50.7) // 46.8% (50.6) // 43.8% (47.8) // 38.1% (45.5)",
        "oppFenwick": "44.5% (36.8) // 45.8% (36.3) // 42.0% (33.2) // 32.8% (29.0)",
        "oppShots": "44.6% (26.9) // 45.7% (26.1) // 42.9% (24.0) // 33.1% (20.0)",
        "oppScoring": "42.5% (24.8) // 43.0% (22.4) // 37.2% (20.0) // 30.2% (19.5)",
        "oppCorsiAgainst": "55.4% (62.8) // 53.2% (57.5) // 56.2% (61.2) // 61.9% (74.0)",
        "oppFenwickAgainst": "55.5% (45.9) // 54.2% (42.9) // 58.0% (46.0) // 67.2% (59.5)",
        "oppShotsAgainst": "55.4% (33.4) // 54.3% (30.9) // 57.1% (32.0) // 66.9% (40.5)",
        "oppScoringAgainst": "57.5% (33.6) // 57.0% (29.8) // 62.8% (33.8) // 69.8% (45.0)",
        "savesPerGame": 27.7,
        "savesPerGameLast1": 25.0,
        "savesPerGameLast3": 29.3,
        "savesPerGameLast5": 30.8,
        "savesPer60": 27.9,
        "savesPer60Last1": 25.0,
        "savesPer60Last3": 29.3,
        "savesPer60Last5": 31.5,
        "shotsPerGame": 33.1,
        "shotsPerGameLast5": 36.4,
        "shotsAgainstPerGame": 29.8,
        "shotsAgainstPerGameLast5": 32.8,
        "oppSavesAgainstPer60": 24.2,
        "oppSavesAgainstPer60Last1": 17.0,
        "oppSavesAgainstPer60Last3": 21.0,
        "oppSavesAgainstPer60Last5": 20.2,
        "oppShotsAgainstPerGame": 33.7,
        "oppShotsAgainstPerGameLast5": 35.6,
        "savesProj": 22.9,
        "savesProjLast5": 21.4,
        "savesProjLast3": 20.7,
        "oppSavesAgainstProj": 23.6,
        "oppSavesAgainstProjLast5": 22.5,
        "oppSavesAgainstProjLast3": 21.8,
        "totalOver": 43,
        "totalOverLast5": 40,
        "totalOverLast15": 27,
        "lastTotalOver": 61,
        "last5": "3,0,5,1,2,2,3,1,3,1",
        "overOdds": "+105",
        "underOdds": "-135",
        "overUnder": "+105 / -135"
    },
    {
        "player": "Brendan Gallagher",
        "team": "MTL",
        "opponent": "BOS",
        "propType": "sog",
        "line": 2.5,
        "ppLine": "PP2",
        "avg": 2.34,
        "hit": false,
        "diffAvg": -0.06,
        "diffAbs": 0.04,
        "lastAvg": 2.54,
        "diff": 0.02,
        "avgMin": 14,
        "proj": 2.4,
        "lastAvgMin": 15.02,
        "oppOver": 0,
        "teamOver": 0,
        "gameLine": "+245",
        "+/-": -3,
        "L5_+/-": "+3.0",
        "prevMatchup": "2023-03-23 3.0 sog",
        "winLossSplits": "47% - 35%",
        "awayHome": "H",
        "playedYesterday": "Y",
        "awayHomeSplits": "59% - 22%",
        "savesAboveExp": 0.19,
        "gsaa": 15.85,
        "corsi": "44.6% (50.7) // 46.8% (50.6) // 43.8% (47.8) // 38.1% (45.5)",
        "fenwick": "44.5% (36.8) // 45.8% (36.3) // 42.0% (33.2) // 32.8% (29.0)",
        "shots": "44.6% (26.9) // 45.7% (26.1) // 42.9% (24.0) // 33.1% (20.0)",
        "scoring": "42.5% (24.8) // 43.0% (22.4) // 37.2% (20.0) // 30.2% (19.5)",
        "corsiAgainst": "55.4% (62.8) // 53.2% (57.5) // 56.2% (61.2) // 61.9% (74.0)",
        "fenwickAgainst": "55.5% (45.9) // 54.2% (42.9) // 58.0% (46.0) // 67.2% (59.5)",
        "shotsAgainst": "55.4% (33.4) // 54.3% (30.9) // 57.1% (32.0) // 66.9% (40.5)",
        "scoringAgainst": "57.5% (33.6) // 57.0% (29.8) // 62.8% (33.8) // 69.8% (45.0)",
        "oppCorsi": "51.4% (58.2) // 52.9% (61.1) // 55.5% (63.8) // 57.5% (67.7)",
        "oppFenwick": "51.7% (44.0) // 52.8% (46.8) // 54.3% (49.7) // 56.0% (53.0)",
        "oppShots": "52.6% (32.7) // 54.2% (34.8) // 54.5% (37.4) // 55.7% (39.3)",
        "oppScoring": "53.0% (32.2) // 54.1% (32.6) // 53.7% (30.2) // 54.5% (32.0)",
        "oppCorsiAgainst": "48.6% (54.9) // 47.1% (54.3) // 44.5% (51.2) // 42.5% (50.0)",
        "oppFenwickAgainst": "48.3% (41.1) // 47.2% (41.9) // 45.7% (41.8) // 44.0% (41.7)",
        "oppShotsAgainst": "47.4% (29.4) // 45.8% (29.5) // 45.5% (31.2) // 44.3% (31.3)",
        "oppScoringAgainst": "47.0% (28.6) // 45.9% (27.7) // 46.3% (26.0) // 45.5% (26.7)",
        "savesPerGame": 30.0,
        "savesPerGameLast1": 31.0,
        "savesPerGameLast3": 31.3,
        "savesPerGameLast5": 31.4,
        "savesPer60": 29.7,
        "savesPer60Last1": 30.3,
        "savesPer60Last3": 30.9,
        "savesPer60Last5": 31.1,
        "shotsPerGame": 27.2,
        "shotsPerGameLast5": 22.0,
        "shotsAgainstPerGame": 33.7,
        "shotsAgainstPerGameLast5": 35.6,
        "oppSavesAgainstPer60": 29.4,
        "oppSavesAgainstPer60Last1": 39.0,
        "oppSavesAgainstPer60Last3": 36.3,
        "oppSavesAgainstPer60Last5": 33.5,
        "oppShotsAgainstPerGame": 29.8,
        "oppShotsAgainstPerGameLast5": 32.8,
        "savesProj": 31.4,
        "savesProjLast5": 36.8,
        "savesProjLast3": 39.1,
        "oppSavesAgainstProj": 31.2,
        "oppSavesAgainstProjLast5": 36.5,
        "oppSavesAgainstProjLast3": 40.3,
        "totalOver": 40,
        "totalOverLast5": 40,
        "totalOverLast15": 33,
        "lastTotalOver": 50,
        "last5": "2,6,4,1,0,2,4,2,3,1",
        "overOdds": "+100",
        "underOdds": "-130",
        "overUnder": "+100 / -130"
    },
    {
        "player": "David Pastrnak",
        "team": "BOS",
        "opponent": "MTL",
        "propType": "sog",
        "line": 4.5,
        "ppLine": "PP1",
        "avg": 4.99,
        "hit": false,
        "diffAvg": 0.11,
        "diffAbs": 0.11,
        "lastAvg": 3.95,
        "diff": -0.12,
        "avgMin": 19,
        "proj": 4.0,
        "lastAvgMin": 18.6,
        "oppOver": 0,
        "teamOver": 0,
        "gameLine": "-295",
        "+/-": "+35",
        "L5_+/-": "+3.0",
        "prevMatchup": "2023-03-23 5.0 sog 2023-01-24 7.0 sog",
        "winLossSplits": "61% - 65%",
        "awayHome": "A",
        "playedYesterday": "N",
        "awayHomeSplits": "58% - 66%",
        "savesAboveExp": 0.061,
        "gsaa": -1.44,
        "corsi": "51.4% (58.2) // 52.9% (61.1) // 55.5% (63.8) // 57.5% (67.7)",
        "fenwick": "51.7% (44.0) // 52.8% (46.8) // 54.3% (49.7) // 56.0% (53.0)",
        "shots": "52.6% (32.7) // 54.2% (34.8) // 54.5% (37.4) // 55.7% (39.3)",
        "scoring": "53.0% (32.2) // 54.1% (32.6) // 53.7% (30.2) // 54.5% (32.0)",
        "corsiAgainst": "48.6% (54.9) // 47.1% (54.3) // 44.5% (51.2) // 42.5% (50.0)",
        "fenwickAgainst": "48.3% (41.1) // 47.2% (41.9) // 45.7% (41.8) // 44.0% (41.7)",
        "shotsAgainst": "47.4% (29.4) // 45.8% (29.5) // 45.5% (31.2) // 44.3% (31.3)",
        "scoringAgainst": "47.0% (28.6) // 45.9% (27.7) // 46.3% (26.0) // 45.5% (26.7)",
        "oppCorsi": "44.6% (50.7) // 46.8% (50.6) // 43.8% (47.8) // 38.1% (45.5)",
        "oppFenwick": "44.5% (36.8) // 45.8% (36.3) // 42.0% (33.2) // 32.8% (29.0)",
        "oppShots": "44.6% (26.9) // 45.7% (26.1) // 42.9% (24.0) // 33.1% (20.0)",
        "oppScoring": "42.5% (24.8) // 43.0% (22.4) // 37.2% (20.0) // 30.2% (19.5)",
        "oppCorsiAgainst": "55.4% (62.8) // 53.2% (57.5) // 56.2% (61.2) // 61.9% (74.0)",
        "oppFenwickAgainst": "55.5% (45.9) // 54.2% (42.9) // 58.0% (46.0) // 67.2% (59.5)",
        "oppShotsAgainst": "55.4% (33.4) // 54.3% (30.9) // 57.1% (32.0) // 66.9% (40.5)",
        "oppScoringAgainst": "57.5% (33.6) // 57.0% (29.8) // 62.8% (33.8) // 69.8% (45.0)",
        "savesPerGame": 27.7,
        "savesPerGameLast1": 25.0,
        "savesPerGameLast3": 29.3,
        "savesPerGameLast5": 30.8,
        "savesPer60": 27.9,
        "savesPer60Last1": 25.0,
        "savesPer60Last3": 29.3,
        "savesPer60Last5": 31.5,
        "shotsPerGame": 33.1,
        "shotsPerGameLast5": 36.4,
        "shotsAgainstPerGame": 29.8,
        "shotsAgainstPerGameLast5": 32.8,
        "oppSavesAgainstPer60": 24.2,
        "oppSavesAgainstPer60Last1": 17.0,
        "oppSavesAgainstPer60Last3": 21.0,
        "oppSavesAgainstPer60Last5": 20.2,
        "oppShotsAgainstPerGame": 33.7,
        "oppShotsAgainstPerGameLast5": 35.6,
        "savesProj": 22.9,
        "savesProjLast5": 21.4,
        "savesProjLast3": 20.7,
        "oppSavesAgainstProj": 23.6,
        "oppSavesAgainstProjLast5": 22.5,
        "oppSavesAgainstProjLast3": 21.8,
        "totalOver": 62,
        "totalOverLast5": 80,
        "totalOverLast15": 87,
        "lastTotalOver": 46,
        "last5": "8,10,7,5,3,8,5,8,7,5",
        "overOdds": "-140",
        "underOdds": "+110",
        "overUnder": "-140 / +110"
    },
    {
        "player": "Jake Debrusk",
        "team": "BOS",
        "opponent": "MTL",
        "propType": "sog",
        "line": 2.5,
        "ppLine": "PP1",
        "avg": 3.0,
        "hit": false,
        "diffAvg": 0.2,
        "diffAbs": 0.08,
        "lastAvg": 2.19,
        "diff": -0.12,
        "avgMin": 16,
        "proj": 2.3,
        "lastAvgMin": 15.03,
        "oppOver": 0,
        "teamOver": 0,
        "gameLine": "-295",
        "+/-": "+27",
        "L5_+/-": "+3.0",
        "prevMatchup": "2023-03-23 5.0 sog",
        "winLossSplits": "59% - 33%",
        "awayHome": "A",
        "playedYesterday": "N",
        "awayHomeSplits": "57% - 51%",
        "savesAboveExp": 0.061,
        "gsaa": -1.44,
        "corsi": "51.4% (58.2) // 52.9% (61.1) // 55.5% (63.8) // 57.5% (67.7)",
        "fenwick": "51.7% (44.0) // 52.8% (46.8) // 54.3% (49.7) // 56.0% (53.0)",
        "shots": "52.6% (32.7) // 54.2% (34.8) // 54.5% (37.4) // 55.7% (39.3)",
        "scoring": "53.0% (32.2) // 54.1% (32.6) // 53.7% (30.2) // 54.5% (32.0)",
        "corsiAgainst": "48.6% (54.9) // 47.1% (54.3) // 44.5% (51.2) // 42.5% (50.0)",
        "fenwickAgainst": "48.3% (41.1) // 47.2% (41.9) // 45.7% (41.8) // 44.0% (41.7)",
        "shotsAgainst": "47.4% (29.4) // 45.8% (29.5) // 45.5% (31.2) // 44.3% (31.3)",
        "scoringAgainst": "47.0% (28.6) // 45.9% (27.7) // 46.3% (26.0) // 45.5% (26.7)",
        "oppCorsi": "44.6% (50.7) // 46.8% (50.6) // 43.8% (47.8) // 38.1% (45.5)",
        "oppFenwick": "44.5% (36.8) // 45.8% (36.3) // 42.0% (33.2) // 32.8% (29.0)",
        "oppShots": "44.6% (26.9) // 45.7% (26.1) // 42.9% (24.0) // 33.1% (20.0)",
        "oppScoring": "42.5% (24.8) // 43.0% (22.4) // 37.2% (20.0) // 30.2% (19.5)",
        "oppCorsiAgainst": "55.4% (62.8) // 53.2% (57.5) // 56.2% (61.2) // 61.9% (74.0)",
        "oppFenwickAgainst": "55.5% (45.9) // 54.2% (42.9) // 58.0% (46.0) // 67.2% (59.5)",
        "oppShotsAgainst": "55.4% (33.4) // 54.3% (30.9) // 57.1% (32.0) // 66.9% (40.5)",
        "oppScoringAgainst": "57.5% (33.6) // 57.0% (29.8) // 62.8% (33.8) // 69.8% (45.0)",
        "savesPerGame": 27.7,
        "savesPerGameLast1": 25.0,
        "savesPerGameLast3": 29.3,
        "savesPerGameLast5": 30.8,
        "savesPer60": 27.9,
        "savesPer60Last1": 25.0,
        "savesPer60Last3": 29.3,
        "savesPer60Last5": 31.5,
        "shotsPerGame": 33.1,
        "shotsPerGameLast5": 36.4,
        "shotsAgainstPerGame": 29.8,
        "shotsAgainstPerGameLast5": 32.8,
        "oppSavesAgainstPer60": 24.2,
        "oppSavesAgainstPer60Last1": 17.0,
        "oppSavesAgainstPer60Last3": 21.0,
        "oppSavesAgainstPer60Last5": 20.2,
        "oppShotsAgainstPerGame": 33.7,
        "oppShotsAgainstPerGameLast5": 35.6,
        "savesProj": 22.9,
        "savesProjLast5": 21.4,
        "savesProjLast3": 20.7,
        "oppSavesAgainstProj": 23.6,
        "oppSavesAgainstProjLast5": 22.5,
        "oppSavesAgainstProjLast3": 21.8,
        "totalOver": 54,
        "totalOverLast5": 60,
        "totalOverLast15": 60,
        "lastTotalOver": 40,
        "last5": "4,1,2,3,4,3,2,1,5,2",
        "overOdds": "-135",
        "underOdds": "+105",
        "overUnder": "-135 / +105"
    },
    {
        "player": "Mike Hoffman",
        "team": "MTL",
        "opponent": "BOS",
        "propType": "sog",
        "line": 2.5,
        "ppLine": "PP1",
        "avg": 2.21,
        "hit": false,
        "diffAvg": -0.12,
        "diffAbs": 0.2,
        "lastAvg": 2.3,
        "diff": -0.08,
        "avgMin": 15,
        "proj": 2.0,
        "lastAvgMin": 17.03,
        "oppOver": 0,
        "teamOver": 0,
        "gameLine": "+245",
        "+/-": -8,
        "L5_+/-": -2.0,
        "prevMatchup": "2023-03-23 1.0 sog 2023-01-24 2.0 sog",
        "winLossSplits": "44% - 37%",
        "awayHome": "H",
        "playedYesterday": "Y",
        "awayHomeSplits": "39% - 40%",
        "savesAboveExp": 0.19,
        "gsaa": 15.85,
        "corsi": "44.6% (50.7) // 46.8% (50.6) // 43.8% (47.8) // 38.1% (45.5)",
        "fenwick": "44.5% (36.8) // 45.8% (36.3) // 42.0% (33.2) // 32.8% (29.0)",
        "shots": "44.6% (26.9) // 45.7% (26.1) // 42.9% (24.0) // 33.1% (20.0)",
        "scoring": "42.5% (24.8) // 43.0% (22.4) // 37.2% (20.0) // 30.2% (19.5)",
        "corsiAgainst": "55.4% (62.8) // 53.2% (57.5) // 56.2% (61.2) // 61.9% (74.0)",
        "fenwickAgainst": "55.5% (45.9) // 54.2% (42.9) // 58.0% (46.0) // 67.2% (59.5)",
        "shotsAgainst": "55.4% (33.4) // 54.3% (30.9) // 57.1% (32.0) // 66.9% (40.5)",
        "scoringAgainst": "57.5% (33.6) // 57.0% (29.8) // 62.8% (33.8) // 69.8% (45.0)",
        "oppCorsi": "51.4% (58.2) // 52.9% (61.1) // 55.5% (63.8) // 57.5% (67.7)",
        "oppFenwick": "51.7% (44.0) // 52.8% (46.8) // 54.3% (49.7) // 56.0% (53.0)",
        "oppShots": "52.6% (32.7) // 54.2% (34.8) // 54.5% (37.4) // 55.7% (39.3)",
        "oppScoring": "53.0% (32.2) // 54.1% (32.6) // 53.7% (30.2) // 54.5% (32.0)",
        "oppCorsiAgainst": "48.6% (54.9) // 47.1% (54.3) // 44.5% (51.2) // 42.5% (50.0)",
        "oppFenwickAgainst": "48.3% (41.1) // 47.2% (41.9) // 45.7% (41.8) // 44.0% (41.7)",
        "oppShotsAgainst": "47.4% (29.4) // 45.8% (29.5) // 45.5% (31.2) // 44.3% (31.3)",
        "oppScoringAgainst": "47.0% (28.6) // 45.9% (27.7) // 46.3% (26.0) // 45.5% (26.7)",
        "savesPerGame": 30.0,
        "savesPerGameLast1": 31.0,
        "savesPerGameLast3": 31.3,
        "savesPerGameLast5": 31.4,
        "savesPer60": 29.7,
        "savesPer60Last1": 30.3,
        "savesPer60Last3": 30.9,
        "savesPer60Last5": 31.1,
        "shotsPerGame": 27.2,
        "shotsPerGameLast5": 22.0,
        "shotsAgainstPerGame": 33.7,
        "shotsAgainstPerGameLast5": 35.6,
        "oppSavesAgainstPer60": 29.4,
        "oppSavesAgainstPer60Last1": 39.0,
        "oppSavesAgainstPer60Last3": 36.3,
        "oppSavesAgainstPer60Last5": 33.5,
        "oppShotsAgainstPerGame": 29.8,
        "oppShotsAgainstPerGameLast5": 32.8,
        "savesProj": 31.4,
        "savesProjLast5": 36.8,
        "savesProjLast3": 39.1,
        "oppSavesAgainstProj": 31.2,
        "oppSavesAgainstProjLast5": 36.5,
        "oppSavesAgainstProjLast3": 40.3,
        "totalOver": 39,
        "totalOverLast5": 20,
        "totalOverLast15": 27,
        "lastTotalOver": 29,
        "last5": "2,0,3,2,0,0,4,2,1,1",
        "overOdds": "+140",
        "underOdds": "-175",
        "overUnder": "+140 / -175"
    },
    {
        "player": "Mike Matheson",
        "team": "MTL",
        "opponent": "BOS",
        "propType": "sog",
        "line": 2.5,
        "ppLine": "PP1",
        "avg": 2.67,
        "hit": false,
        "diffAvg": 0.07,
        "diffAbs": 0.12,
        "lastAvg": 1.73,
        "diff": -0.31,
        "avgMin": 24,
        "proj": 2.2,
        "lastAvgMin": 18.78,
        "oppOver": 0,
        "teamOver": 0,
        "gameLine": "+245",
        "+/-": "+7",
        "L5_+/-": "+5.0",
        "prevMatchup": "2023-03-23 5.0 sog 2023-01-24 2.0 sog",
        "winLossSplits": "56% - 54%",
        "awayHome": "H",
        "playedYesterday": "Y",
        "awayHomeSplits": "59% - 50%",
        "savesAboveExp": 0.19,
        "gsaa": 15.85,
        "corsi": "44.6% (50.7) // 46.8% (50.6) // 43.8% (47.8) // 38.1% (45.5)",
        "fenwick": "44.5% (36.8) // 45.8% (36.3) // 42.0% (33.2) // 32.8% (29.0)",
        "shots": "44.6% (26.9) // 45.7% (26.1) // 42.9% (24.0) // 33.1% (20.0)",
        "scoring": "42.5% (24.8) // 43.0% (22.4) // 37.2% (20.0) // 30.2% (19.5)",
        "corsiAgainst": "55.4% (62.8) // 53.2% (57.5) // 56.2% (61.2) // 61.9% (74.0)",
        "fenwickAgainst": "55.5% (45.9) // 54.2% (42.9) // 58.0% (46.0) // 67.2% (59.5)",
        "shotsAgainst": "55.4% (33.4) // 54.3% (30.9) // 57.1% (32.0) // 66.9% (40.5)",
        "scoringAgainst": "57.5% (33.6) // 57.0% (29.8) // 62.8% (33.8) // 69.8% (45.0)",
        "oppCorsi": "51.4% (58.2) // 52.9% (61.1) // 55.5% (63.8) // 57.5% (67.7)",
        "oppFenwick": "51.7% (44.0) // 52.8% (46.8) // 54.3% (49.7) // 56.0% (53.0)",
        "oppShots": "52.6% (32.7) // 54.2% (34.8) // 54.5% (37.4) // 55.7% (39.3)",
        "oppScoring": "53.0% (32.2) // 54.1% (32.6) // 53.7% (30.2) // 54.5% (32.0)",
        "oppCorsiAgainst": "48.6% (54.9) // 47.1% (54.3) // 44.5% (51.2) // 42.5% (50.0)",
        "oppFenwickAgainst": "48.3% (41.1) // 47.2% (41.9) // 45.7% (41.8) // 44.0% (41.7)",
        "oppShotsAgainst": "47.4% (29.4) // 45.8% (29.5) // 45.5% (31.2) // 44.3% (31.3)",
        "oppScoringAgainst": "47.0% (28.6) // 45.9% (27.7) // 46.3% (26.0) // 45.5% (26.7)",
        "savesPerGame": 30.0,
        "savesPerGameLast1": 31.0,
        "savesPerGameLast3": 31.3,
        "savesPerGameLast5": 31.4,
        "savesPer60": 29.7,
        "savesPer60Last1": 30.3,
        "savesPer60Last3": 30.9,
        "savesPer60Last5": 31.1,
        "shotsPerGame": 27.2,
        "shotsPerGameLast5": 22.0,
        "shotsAgainstPerGame": 33.7,
        "shotsAgainstPerGameLast5": 35.6,
        "oppSavesAgainstPer60": 29.4,
        "oppSavesAgainstPer60Last1": 39.0,
        "oppSavesAgainstPer60Last3": 36.3,
        "oppSavesAgainstPer60Last5": 33.5,
        "oppShotsAgainstPerGame": 29.8,
        "oppShotsAgainstPerGameLast5": 32.8,
        "savesProj": 31.4,
        "savesProjLast5": 36.8,
        "savesProjLast3": 39.1,
        "oppSavesAgainstProj": 31.2,
        "oppSavesAgainstProjLast5": 36.5,
        "oppSavesAgainstProjLast3": 40.3,
        "totalOver": 54,
        "totalOverLast5": 60,
        "totalOverLast15": 67,
        "lastTotalOver": 44,
        "last5": "3,2,5,3,2,3,5,3,5,5",
        "overOdds": "-140",
        "underOdds": "+110",
        "overUnder": "-140 / +110"
    },
    {
        "player": "Nick Suzuki",
        "team": "MTL",
        "opponent": "BOS",
        "propType": "sog",
        "line": 1.5,
        "ppLine": "PP1",
        "avg": 1.94,
        "hit": false,
        "diffAvg": 0.29,
        "diffAbs": 0.53,
        "lastAvg": 2.24,
        "diff": 0.49,
        "avgMin": 21,
        "proj": 2.3,
        "lastAvgMin": 20.5,
        "oppOver": 0,
        "teamOver": 0,
        "gameLine": "+245",
        "+/-": -9,
        "L5_+/-": "+4.0",
        "prevMatchup": "2023-03-23 4.0 sog 2023-01-24 4.0 sog",
        "winLossSplits": "61% - 55%",
        "awayHome": "H",
        "playedYesterday": "Y",
        "awayHomeSplits": "52% - 62%",
        "savesAboveExp": 0.19,
        "gsaa": 15.85,
        "corsi": "44.6% (50.7) // 46.8% (50.6) // 43.8% (47.8) // 38.1% (45.5)",
        "fenwick": "44.5% (36.8) // 45.8% (36.3) // 42.0% (33.2) // 32.8% (29.0)",
        "shots": "44.6% (26.9) // 45.7% (26.1) // 42.9% (24.0) // 33.1% (20.0)",
        "scoring": "42.5% (24.8) // 43.0% (22.4) // 37.2% (20.0) // 30.2% (19.5)",
        "corsiAgainst": "55.4% (62.8) // 53.2% (57.5) // 56.2% (61.2) // 61.9% (74.0)",
        "fenwickAgainst": "55.5% (45.9) // 54.2% (42.9) // 58.0% (46.0) // 67.2% (59.5)",
        "shotsAgainst": "55.4% (33.4) // 54.3% (30.9) // 57.1% (32.0) // 66.9% (40.5)",
        "scoringAgainst": "57.5% (33.6) // 57.0% (29.8) // 62.8% (33.8) // 69.8% (45.0)",
        "oppCorsi": "51.4% (58.2) // 52.9% (61.1) // 55.5% (63.8) // 57.5% (67.7)",
        "oppFenwick": "51.7% (44.0) // 52.8% (46.8) // 54.3% (49.7) // 56.0% (53.0)",
        "oppShots": "52.6% (32.7) // 54.2% (34.8) // 54.5% (37.4) // 55.7% (39.3)",
        "oppScoring": "53.0% (32.2) // 54.1% (32.6) // 53.7% (30.2) // 54.5% (32.0)",
        "oppCorsiAgainst": "48.6% (54.9) // 47.1% (54.3) // 44.5% (51.2) // 42.5% (50.0)",
        "oppFenwickAgainst": "48.3% (41.1) // 47.2% (41.9) // 45.7% (41.8) // 44.0% (41.7)",
        "oppShotsAgainst": "47.4% (29.4) // 45.8% (29.5) // 45.5% (31.2) // 44.3% (31.3)",
        "oppScoringAgainst": "47.0% (28.6) // 45.9% (27.7) // 46.3% (26.0) // 45.5% (26.7)",
        "savesPerGame": 30.0,
        "savesPerGameLast1": 31.0,
        "savesPerGameLast3": 31.3,
        "savesPerGameLast5": 31.4,
        "savesPer60": 29.7,
        "savesPer60Last1": 30.3,
        "savesPer60Last3": 30.9,
        "savesPer60Last5": 31.1,
        "shotsPerGame": 27.2,
        "shotsPerGameLast5": 22.0,
        "shotsAgainstPerGame": 33.7,
        "shotsAgainstPerGameLast5": 35.6,
        "oppSavesAgainstPer60": 29.4,
        "oppSavesAgainstPer60Last1": 39.0,
        "oppSavesAgainstPer60Last3": 36.3,
        "oppSavesAgainstPer60Last5": 33.5,
        "oppShotsAgainstPerGame": 29.8,
        "oppShotsAgainstPerGameLast5": 32.8,
        "savesProj": 31.4,
        "savesProjLast5": 36.8,
        "savesProjLast3": 39.1,
        "oppSavesAgainstProj": 31.2,
        "oppSavesAgainstProjLast5": 36.5,
        "oppSavesAgainstProjLast3": 40.3,
        "totalOver": 57,
        "totalOverLast5": 80,
        "totalOverLast15": 53,
        "lastTotalOver": 62,
        "last5": "1,2,3,3,2,0,2,3,4,1",
        "overOdds": "-175",
        "underOdds": "+140",
        "overUnder": "-175 / +140"
    },
    {
        "player": "Patrice Bergeron",
        "team": "BOS",
        "opponent": "MTL",
        "propType": "sog",
        "line": 3.5,
        "ppLine": "PP1",
        "avg": 3.22,
        "hit": false,
        "diffAvg": -0.08,
        "diffAbs": 0.03,
        "lastAvg": 3.62,
        "diff": 0.03,
        "avgMin": 17,
        "proj": 3.4,
        "lastAvgMin": 18.17,
        "oppOver": 0,
        "teamOver": 0,
        "gameLine": "-295",
        "+/-": "+34",
        "L5_+/-": "+8.0",
        "prevMatchup": "2023-03-23 0.0 sog 2023-01-24 4.0 sog",
        "winLossSplits": "38% - 59%",
        "awayHome": "A",
        "playedYesterday": "N",
        "awayHomeSplits": "47% - 39%",
        "savesAboveExp": 0.061,
        "gsaa": -1.44,
        "corsi": "51.4% (58.2) // 52.9% (61.1) // 55.5% (63.8) // 57.5% (67.7)",
        "fenwick": "51.7% (44.0) // 52.8% (46.8) // 54.3% (49.7) // 56.0% (53.0)",
        "shots": "52.6% (32.7) // 54.2% (34.8) // 54.5% (37.4) // 55.7% (39.3)",
        "scoring": "53.0% (32.2) // 54.1% (32.6) // 53.7% (30.2) // 54.5% (32.0)",
        "corsiAgainst": "48.6% (54.9) // 47.1% (54.3) // 44.5% (51.2) // 42.5% (50.0)",
        "fenwickAgainst": "48.3% (41.1) // 47.2% (41.9) // 45.7% (41.8) // 44.0% (41.7)",
        "shotsAgainst": "47.4% (29.4) // 45.8% (29.5) // 45.5% (31.2) // 44.3% (31.3)",
        "scoringAgainst": "47.0% (28.6) // 45.9% (27.7) // 46.3% (26.0) // 45.5% (26.7)",
        "oppCorsi": "44.6% (50.7) // 46.8% (50.6) // 43.8% (47.8) // 38.1% (45.5)",
        "oppFenwick": "44.5% (36.8) // 45.8% (36.3) // 42.0% (33.2) // 32.8% (29.0)",
        "oppShots": "44.6% (26.9) // 45.7% (26.1) // 42.9% (24.0) // 33.1% (20.0)",
        "oppScoring": "42.5% (24.8) // 43.0% (22.4) // 37.2% (20.0) // 30.2% (19.5)",
        "oppCorsiAgainst": "55.4% (62.8) // 53.2% (57.5) // 56.2% (61.2) // 61.9% (74.0)",
        "oppFenwickAgainst": "55.5% (45.9) // 54.2% (42.9) // 58.0% (46.0) // 67.2% (59.5)",
        "oppShotsAgainst": "55.4% (33.4) // 54.3% (30.9) // 57.1% (32.0) // 66.9% (40.5)",
        "oppScoringAgainst": "57.5% (33.6) // 57.0% (29.8) // 62.8% (33.8) // 69.8% (45.0)",
        "savesPerGame": 27.7,
        "savesPerGameLast1": 25.0,
        "savesPerGameLast3": 29.3,
        "savesPerGameLast5": 30.8,
        "savesPer60": 27.9,
        "savesPer60Last1": 25.0,
        "savesPer60Last3": 29.3,
        "savesPer60Last5": 31.5,
        "shotsPerGame": 33.1,
        "shotsPerGameLast5": 36.4,
        "shotsAgainstPerGame": 29.8,
        "shotsAgainstPerGameLast5": 32.8,
        "oppSavesAgainstPer60": 24.2,
        "oppSavesAgainstPer60Last1": 17.0,
        "oppSavesAgainstPer60Last3": 21.0,
        "oppSavesAgainstPer60Last5": 20.2,
        "oppShotsAgainstPerGame": 33.7,
        "oppShotsAgainstPerGameLast5": 35.6,
        "savesProj": 22.9,
        "savesProjLast5": 21.4,
        "savesProjLast3": 20.7,
        "oppSavesAgainstProj": 23.6,
        "oppSavesAgainstProjLast5": 22.5,
        "oppSavesAgainstProjLast3": 21.8,
        "totalOver": 43,
        "totalOverLast5": 60,
        "totalOverLast15": 40,
        "lastTotalOver": 56,
        "last5": "4,2,2,5,4,3,0,2,4,2",
        "overOdds": "+105",
        "underOdds": "-135",
        "overUnder": "+105 / -135"
    },
    {
        "player": "Brayden Point",
        "team": "TB",
        "opponent": "DET",
        "propType": "sog",
        "line": 2.5,
        "ppLine": "PP1",
        "avg": 2.84,
        "hit": false,
        "diffAvg": 0.14,
        "diffAbs": 0.08,
        "lastAvg": 2.35,
        "diff": -0.06,
        "avgMin": 19,
        "proj": 2.3,
        "lastAvgMin": 19.45,
        "oppOver": 0,
        "teamOver": 0,
        "gameLine": "-255",
        "+/-": -2,
        "L5_+/-": -5.0,
        "prevMatchup": "2023-02-25 2.0 sog 2022-12-21 4.0 sog 2022-12-06 9.0 sog",
        "winLossSplits": "51% - 47%",
        "awayHome": "H",
        "playedYesterday": "N",
        "awayHomeSplits": "41% - 58%",
        "savesAboveExp": -0.011,
        "gsaa": -12.73,
        "corsi": "51.3% (59.4) // 50.1% (57.4) // 48.6% (59.0) // 53.2% (63.0)",
        "fenwick": "51.3% (44.7) // 48.3% (42.2) // 47.7% (44.8) // 50.3% (47.5)",
        "shots": "50.4% (31.7) // 48.3% (31.0) // 48.4% (33.5) // 52.9% (36.0)",
        "scoring": "52.9% (33.9) // 49.6% (31.6) // 47.1% (32.8) // 49.2% (32.5)",
        "corsiAgainst": "48.7% (56.3) // 49.9% (57.2) // 51.4% (62.5) // 46.8% (55.5)",
        "fenwickAgainst": "48.7% (42.4) // 51.7% (45.2) // 52.3% (49.0) // 49.7% (47.0)",
        "shotsAgainst": "49.6% (31.2) // 51.7% (33.2) // 51.6% (35.8) // 47.1% (32.0)",
        "scoringAgainst": "47.1% (30.2) // 50.4% (32.1) // 52.9% (36.8) // 50.8% (33.5)",
        "oppCorsi": "47.1% (51.6) // 45.0% (46.7) // 47.7% (43.1) // 44.5% (40.3)",
        "oppFenwick": "47.6% (38.5) // 43.9% (33.9) // 45.2% (30.9) // 43.7% (29.0)",
        "oppShots": "48.1% (27.8) // 43.9% (23.7) // 45.2% (22.4) // 43.9% (20.3)",
        "oppScoring": "45.9% (25.2) // 44.1% (21.7) // 51.0% (20.5) // 44.4% (16.0)",
        "oppCorsiAgainst": "52.9% (57.9) // 55.0% (57.0) // 52.3% (47.2) // 55.5% (50.3)",
        "oppFenwickAgainst": "52.4% (42.5) // 56.1% (43.4) // 54.8% (37.4) // 56.3% (37.3)",
        "oppShotsAgainst": "51.9% (30.0) // 56.1% (30.3) // 54.8% (27.1) // 56.1% (26.0)",
        "oppScoringAgainst": "54.1% (29.7) // 55.9% (27.5) // 49.0% (19.7) // 55.6% (20.0)",
        "savesPerGame": 28.4,
        "savesPerGameLast1": 20.0,
        "savesPerGameLast3": 29.7,
        "savesPerGameLast5": 31.6,
        "savesPer60": 28.4,
        "savesPer60Last1": 19.0,
        "savesPer60Last3": 29.0,
        "savesPer60Last5": 31.2,
        "shotsPerGame": 32.0,
        "shotsPerGameLast5": 33.2,
        "shotsAgainstPerGame": 31.5,
        "shotsAgainstPerGameLast5": 36.2,
        "oppSavesAgainstPer60": 25.3,
        "oppSavesAgainstPer60Last1": 20.9,
        "oppSavesAgainstPer60Last3": 20.2,
        "oppSavesAgainstPer60Last5": 20.6,
        "oppShotsAgainstPerGame": 30.4,
        "oppShotsAgainstPerGameLast5": 27.6,
        "savesProj": 26.4,
        "savesProjLast5": 23.0,
        "savesProjLast3": 20.7,
        "oppSavesAgainstProj": 25.3,
        "oppSavesAgainstProjLast5": 22.8,
        "oppSavesAgainstProjLast3": 20.7,
        "totalOver": 49,
        "totalOverLast5": 20,
        "totalOverLast15": 20,
        "lastTotalOver": 43,
        "last5": "7,2,1,2,2,3,2,1,2,4",
        "overOdds": "-135",
        "underOdds": "+105",
        "overUnder": "-135 / +105"
    },
    {
        "player": "David Perron",
        "team": "DET",
        "opponent": "TB",
        "propType": "sog",
        "line": 2.5,
        "ppLine": "PP1",
        "avg": 2.4,
        "hit": false,
        "diffAvg": -0.04,
        "diffAbs": 0.16,
        "lastAvg": 2.24,
        "diff": -0.1,
        "avgMin": 16,
        "proj": 2.1,
        "lastAvgMin": 16.98,
        "oppOver": 0,
        "teamOver": 0,
        "gameLine": "+215",
        "+/-": -4,
        "L5_+/-": "+2.0",
        "prevMatchup": "2023-02-25 2.0 sog 2022-12-21 3.0 sog 2022-12-06 2.0 sog",
        "winLossSplits": "43% - 33%",
        "awayHome": "A",
        "playedYesterday": "N",
        "awayHomeSplits": "35% - 39%",
        "savesAboveExp": 0.522,
        "gsaa": 20.23,
        "corsi": "47.1% (51.6) // 45.0% (46.7) // 47.7% (43.1) // 44.5% (40.3)",
        "fenwick": "47.6% (38.5) // 43.9% (33.9) // 45.2% (30.9) // 43.7% (29.0)",
        "shots": "48.1% (27.8) // 43.9% (23.7) // 45.2% (22.4) // 43.9% (20.3)",
        "scoring": "45.9% (25.2) // 44.1% (21.7) // 51.0% (20.5) // 44.4% (16.0)",
        "corsiAgainst": "52.9% (57.9) // 55.0% (57.0) // 52.3% (47.2) // 55.5% (50.3)",
        "fenwickAgainst": "52.4% (42.5) // 56.1% (43.4) // 54.8% (37.4) // 56.3% (37.3)",
        "shotsAgainst": "51.9% (30.0) // 56.1% (30.3) // 54.8% (27.1) // 56.1% (26.0)",
        "scoringAgainst": "54.1% (29.7) // 55.9% (27.5) // 49.0% (19.7) // 55.6% (20.0)",
        "oppCorsi": "51.3% (59.4) // 50.1% (57.4) // 48.6% (59.0) // 53.2% (63.0)",
        "oppFenwick": "51.3% (44.7) // 48.3% (42.2) // 47.7% (44.8) // 50.3% (47.5)",
        "oppShots": "50.4% (31.7) // 48.3% (31.0) // 48.4% (33.5) // 52.9% (36.0)",
        "oppScoring": "52.9% (33.9) // 49.6% (31.6) // 47.1% (32.8) // 49.2% (32.5)",
        "oppCorsiAgainst": "48.7% (56.3) // 49.9% (57.2) // 51.4% (62.5) // 46.8% (55.5)",
        "oppFenwickAgainst": "48.7% (42.4) // 51.7% (45.2) // 52.3% (49.0) // 49.7% (47.0)",
        "oppShotsAgainst": "49.6% (31.2) // 51.7% (33.2) // 51.6% (35.8) // 47.1% (32.0)",
        "oppScoringAgainst": "47.1% (30.2) // 50.4% (32.1) // 52.9% (36.8) // 50.8% (33.5)",
        "savesPerGame": 27.1,
        "savesPerGameLast1": 24.0,
        "savesPerGameLast3": 21.0,
        "savesPerGameLast5": 23.4,
        "savesPer60": 27.1,
        "savesPer60Last1": 23.1,
        "savesPer60Last3": 20.7,
        "savesPer60Last5": 23.5,
        "shotsPerGame": 28.1,
        "shotsPerGameLast5": 22.8,
        "shotsAgainstPerGame": 30.4,
        "shotsAgainstPerGameLast5": 27.6,
        "oppSavesAgainstPer60": 28.6,
        "oppSavesAgainstPer60Last1": 44.8,
        "oppSavesAgainstPer60Last3": 32.1,
        "oppSavesAgainstPer60Last5": 30.1,
        "oppShotsAgainstPerGame": 31.5,
        "oppShotsAgainstPerGameLast5": 36.2,
        "savesProj": 27.2,
        "savesProjLast5": 24.8,
        "savesProjLast3": 23.1,
        "oppSavesAgainstProj": 27.4,
        "oppSavesAgainstProjLast5": 24.6,
        "oppSavesAgainstProjLast3": 22.0,
        "totalOver": 37,
        "totalOverLast5": 60,
        "totalOverLast15": 33,
        "lastTotalOver": 49,
        "last5": "1,6,1,3,5,1,3,2,4,1",
        "overOdds": "+100",
        "underOdds": "-130",
        "overUnder": "+100 / -130"
    },
    {
        "player": "Jake Walman",
        "team": "DET",
        "opponent": "TB",
        "propType": "sog",
        "line": 2.5,
        "ppLine": "PP2",
        "avg": 2.23,
        "hit": false,
        "diffAvg": -0.11,
        "diffAbs": 0.08,
        "lastAvg": 1.71,
        "diff": -0.32,
        "avgMin": 19,
        "proj": 2.3,
        "lastAvgMin": 14.02,
        "oppOver": 0,
        "teamOver": 0,
        "gameLine": "+215",
        "+/-": "+10",
        "L5_+/-": -4.0,
        "prevMatchup": "2023-02-25 8.0 sog 2022-12-21 2.0 sog 2022-12-06 1.0 sog",
        "winLossSplits": "40% - 35%",
        "awayHome": "A",
        "playedYesterday": "N",
        "awayHomeSplits": "32% - 42%",
        "savesAboveExp": 0.522,
        "gsaa": 20.23,
        "corsi": "47.1% (51.6) // 45.0% (46.7) // 47.7% (43.1) // 44.5% (40.3)",
        "fenwick": "47.6% (38.5) // 43.9% (33.9) // 45.2% (30.9) // 43.7% (29.0)",
        "shots": "48.1% (27.8) // 43.9% (23.7) // 45.2% (22.4) // 43.9% (20.3)",
        "scoring": "45.9% (25.2) // 44.1% (21.7) // 51.0% (20.5) // 44.4% (16.0)",
        "corsiAgainst": "52.9% (57.9) // 55.0% (57.0) // 52.3% (47.2) // 55.5% (50.3)",
        "fenwickAgainst": "52.4% (42.5) // 56.1% (43.4) // 54.8% (37.4) // 56.3% (37.3)",
        "shotsAgainst": "51.9% (30.0) // 56.1% (30.3) // 54.8% (27.1) // 56.1% (26.0)",
        "scoringAgainst": "54.1% (29.7) // 55.9% (27.5) // 49.0% (19.7) // 55.6% (20.0)",
        "oppCorsi": "51.3% (59.4) // 50.1% (57.4) // 48.6% (59.0) // 53.2% (63.0)",
        "oppFenwick": "51.3% (44.7) // 48.3% (42.2) // 47.7% (44.8) // 50.3% (47.5)",
        "oppShots": "50.4% (31.7) // 48.3% (31.0) // 48.4% (33.5) // 52.9% (36.0)",
        "oppScoring": "52.9% (33.9) // 49.6% (31.6) // 47.1% (32.8) // 49.2% (32.5)",
        "oppCorsiAgainst": "48.7% (56.3) // 49.9% (57.2) // 51.4% (62.5) // 46.8% (55.5)",
        "oppFenwickAgainst": "48.7% (42.4) // 51.7% (45.2) // 52.3% (49.0) // 49.7% (47.0)",
        "oppShotsAgainst": "49.6% (31.2) // 51.7% (33.2) // 51.6% (35.8) // 47.1% (32.0)",
        "oppScoringAgainst": "47.1% (30.2) // 50.4% (32.1) // 52.9% (36.8) // 50.8% (33.5)",
        "savesPerGame": 27.1,
        "savesPerGameLast1": 24.0,
        "savesPerGameLast3": 21.0,
        "savesPerGameLast5": 23.4,
        "savesPer60": 27.1,
        "savesPer60Last1": 23.1,
        "savesPer60Last3": 20.7,
        "savesPer60Last5": 23.5,
        "shotsPerGame": 28.1,
        "shotsPerGameLast5": 22.8,
        "shotsAgainstPerGame": 30.4,
        "shotsAgainstPerGameLast5": 27.6,
        "oppSavesAgainstPer60": 28.6,
        "oppSavesAgainstPer60Last1": 44.8,
        "oppSavesAgainstPer60Last3": 32.1,
        "oppSavesAgainstPer60Last5": 30.1,
        "oppShotsAgainstPerGame": 31.5,
        "oppShotsAgainstPerGameLast5": 36.2,
        "savesProj": 27.2,
        "savesProjLast5": 24.8,
        "savesProjLast3": 23.1,
        "oppSavesAgainstProj": 27.4,
        "oppSavesAgainstProjLast5": 24.6,
        "oppSavesAgainstProjLast3": 22.0,
        "totalOver": 37,
        "totalOverLast5": 20,
        "totalOverLast15": 27,
        "lastTotalOver": 46,
        "last5": "2,2,2,2,4,0,1,2,1,0",
        "overOdds": "+145",
        "underOdds": "-180",
        "overUnder": "+145 / -180"
    },
    {
        "player": "Lucas Raymond",
        "team": "DET",
        "opponent": "TB",
        "propType": "sog",
        "line": 1.5,
        "ppLine": "PP1",
        "avg": 1.81,
        "hit": false,
        "diffAvg": 0.21,
        "diffAbs": 0.4,
        "lastAvg": 2.24,
        "diff": 0.49,
        "avgMin": 17,
        "proj": 2.1,
        "lastAvgMin": 18.15,
        "oppOver": 0,
        "teamOver": 0,
        "gameLine": "+215",
        "+/-": -15,
        "L5_+/-": "+1.0",
        "prevMatchup": "2022-12-21 0.0 sog 2022-12-06 2.0 sog",
        "winLossSplits": "52% - 57%",
        "awayHome": "A",
        "playedYesterday": "N",
        "awayHomeSplits": "46% - 63%",
        "savesAboveExp": 0.522,
        "gsaa": 20.23,
        "corsi": "47.1% (51.6) // 45.0% (46.7) // 47.7% (43.1) // 44.5% (40.3)",
        "fenwick": "47.6% (38.5) // 43.9% (33.9) // 45.2% (30.9) // 43.7% (29.0)",
        "shots": "48.1% (27.8) // 43.9% (23.7) // 45.2% (22.4) // 43.9% (20.3)",
        "scoring": "45.9% (25.2) // 44.1% (21.7) // 51.0% (20.5) // 44.4% (16.0)",
        "corsiAgainst": "52.9% (57.9) // 55.0% (57.0) // 52.3% (47.2) // 55.5% (50.3)",
        "fenwickAgainst": "52.4% (42.5) // 56.1% (43.4) // 54.8% (37.4) // 56.3% (37.3)",
        "shotsAgainst": "51.9% (30.0) // 56.1% (30.3) // 54.8% (27.1) // 56.1% (26.0)",
        "scoringAgainst": "54.1% (29.7) // 55.9% (27.5) // 49.0% (19.7) // 55.6% (20.0)",
        "oppCorsi": "51.3% (59.4) // 50.1% (57.4) // 48.6% (59.0) // 53.2% (63.0)",
        "oppFenwick": "51.3% (44.7) // 48.3% (42.2) // 47.7% (44.8) // 50.3% (47.5)",
        "oppShots": "50.4% (31.7) // 48.3% (31.0) // 48.4% (33.5) // 52.9% (36.0)",
        "oppScoring": "52.9% (33.9) // 49.6% (31.6) // 47.1% (32.8) // 49.2% (32.5)",
        "oppCorsiAgainst": "48.7% (56.3) // 49.9% (57.2) // 51.4% (62.5) // 46.8% (55.5)",
        "oppFenwickAgainst": "48.7% (42.4) // 51.7% (45.2) // 52.3% (49.0) // 49.7% (47.0)",
        "oppShotsAgainst": "49.6% (31.2) // 51.7% (33.2) // 51.6% (35.8) // 47.1% (32.0)",
        "oppScoringAgainst": "47.1% (30.2) // 50.4% (32.1) // 52.9% (36.8) // 50.8% (33.5)",
        "savesPerGame": 27.1,
        "savesPerGameLast1": 24.0,
        "savesPerGameLast3": 21.0,
        "savesPerGameLast5": 23.4,
        "savesPer60": 27.1,
        "savesPer60Last1": 23.1,
        "savesPer60Last3": 20.7,
        "savesPer60Last5": 23.5,
        "shotsPerGame": 28.1,
        "shotsPerGameLast5": 22.8,
        "shotsAgainstPerGame": 30.4,
        "shotsAgainstPerGameLast5": 27.6,
        "oppSavesAgainstPer60": 28.6,
        "oppSavesAgainstPer60Last1": 44.8,
        "oppSavesAgainstPer60Last3": 32.1,
        "oppSavesAgainstPer60Last5": 30.1,
        "oppShotsAgainstPerGame": 31.5,
        "oppShotsAgainstPerGameLast5": 36.2,
        "savesProj": 27.2,
        "savesProjLast5": 24.8,
        "savesProjLast3": 23.1,
        "oppSavesAgainstProj": 27.4,
        "oppSavesAgainstProjLast5": 24.6,
        "oppSavesAgainstProjLast3": 22.0,
        "totalOver": 55,
        "totalOverLast5": 20,
        "totalOverLast15": 47,
        "lastTotalOver": 61,
        "last5": "1,2,0,1,1,2,0,1,3,5",
        "overOdds": "-150",
        "underOdds": "+120",
        "overUnder": "-150 / +120"
    },
    {
        "player": "Moritz Seider",
        "team": "DET",
        "opponent": "TB",
        "propType": "sog",
        "line": 1.5,
        "ppLine": "PP1",
        "avg": 1.72,
        "hit": false,
        "diffAvg": 0.15,
        "diffAbs": 0.53,
        "lastAvg": 2.28,
        "diff": 0.52,
        "avgMin": 23,
        "proj": 2.3,
        "lastAvgMin": 23.03,
        "oppOver": 0,
        "teamOver": 0,
        "gameLine": "+215",
        "+/-": -8,
        "L5_+/-": 0.0,
        "prevMatchup": "2023-02-25 3.0 sog 2022-12-21 2.0 sog 2022-12-06 2.0 sog",
        "winLossSplits": "63% - 52%",
        "awayHome": "A",
        "playedYesterday": "N",
        "awayHomeSplits": "45% - 68%",
        "savesAboveExp": 0.522,
        "gsaa": 20.23,
