[
    {
        "player": "Ryan Graves",
        "team": "NJ",
        "opponent": "CAR",
        "propType": "bs",
        "line": 2.5,
        "ppLine": "",
        "avg": 2.02,
        "hit": false,
        "diffAvg": -0.19,
        "diffAbs": 1.0,
        "lastAvg": 0.0,
        "diff": 0,
        "avgMin": 20,
        "proj": 0.0,
        "lastAvgMin": 20.72,
        "oppOver": 0,
        "teamOver": 0,
        "gameLine": "+100",
        "+/-": "+35",
        "L5_+/-": "+7.0",
        "prevMatchup": "2023-03-12 1.0 bs 2023-01-10 7.0 bs 2023-01-01 3.0 bs 2022-12-20 2.0 bs",
        "winLossSplits": "31% - 29%",
        "awayHome": "A",
        "playedYesterday": "N",
        "awayHomeSplits": "26% - 35%",
        "savesAboveExp": -0.44,
        "gsaa": -0.71,
        "corsi": "53.7% (63.4) // 55.1% (64.9) // 53.7% (63.4) // 53.7% (63.4)",
        "fenwick": "53.9% (46.9) // 55.2% (48.2) // 53.9% (46.9) // 53.9% (46.9)",
        "shots": "54.9% (33.9) // 54.4% (33.3) // 54.9% (33.9) // 54.9% (33.9)",
        "scoring": "56.3% (35.0) // 60.7% (39.4) // 56.3% (35.0) // 56.3% (35.0)",
        "corsiAgainst": "46.3% (54.8) // 44.9% (52.8) // 46.3% (54.8) // 46.3% (54.8)",
        "fenwickAgainst": "46.1% (40.1) // 44.8% (39.2) // 46.1% (40.1) // 46.1% (40.1)",
        "shotsAgainst": "45.1% (27.8) // 45.6% (28.0) // 45.1% (27.8) // 45.1% (27.8)",
        "scoringAgainst": "43.7% (27.1) // 39.3% (25.5) // 43.7% (27.1) // 43.7% (27.1)",
        "oppCorsi": "59.9% (67.4) // 61.2% (68.8) // 59.9% (67.4) // 59.9% (67.4)",
        "oppFenwick": "59.1% (50.8) // 60.1% (51.8) // 59.1% (50.8) // 59.1% (50.8)",
        "oppShots": "57.2% (34.3) // 58.4% (34.4) // 57.2% (34.3) // 57.2% (34.3)",
        "oppScoring": "58.9% (33.3) // 62.3% (33.3) // 58.9% (33.3) // 58.9% (33.3)",
        "oppCorsiAgainst": "40.1% (45.2) // 38.8% (43.6) // 40.1% (45.2) // 40.1% (45.2)",
        "oppFenwickAgainst": "40.9% (35.1) // 39.9% (34.4) // 40.9% (35.1) // 40.9% (35.1)",
        "oppShotsAgainst": "42.8% (25.6) // 41.6% (24.5) // 42.8% (25.6) // 42.8% (25.6)",
        "oppScoringAgainst": "41.1% (23.3) // 37.7% (20.2) // 41.1% (23.3) // 41.1% (23.3)",
        "savesPerGame": 25.5,
        "savesPerGameLast1": 31.0,
        "savesPerGameLast3": 26.0,
        "savesPerGameLast5": 27.0,
        "savesPer60": 27.8,
        "savesPer60Last1": 31.0,
        "savesPer60Last3": 24.9,
        "savesPer60Last5": 27.3,
        "shotsPerGame": 34.4,
        "shotsPerGameLast5": 30.8,
        "shotsAgainstPerGame": 28.2,
        "shotsAgainstPerGameLast5": 28.4,
        "oppSavesAgainstPer60": 34.1,
        "oppSavesAgainstPer60Last1": 39.0,
        "oppSavesAgainstPer60Last3": 32.5,
        "oppSavesAgainstPer60Last5": 32.4,
        "oppShotsAgainstPerGame": 26.0,
        "oppShotsAgainstPerGameLast5": 29.6,
        "savesProj": 34.8,
        "savesProjLast5": 34.5,
        "savesProjLast3": 31.8,
        "oppSavesAgainstProj": 29.5,
        "oppSavesAgainstProjLast5": 28.5,
        "oppSavesAgainstProjLast3": 27.5,
        "totalOver": 31,
        "totalOverLast5": 40,
        "totalOverLast15": 40,
        "lastTotalOver": 0,
        "last5": "5,2,6,1,2,1,3,4,0,4",
        "overOdds": "+110",
        "underOdds": "-140",
        "overUnder": "+110 / -140"
    },
    {
        "player": "Jonas Siegenthaler",
        "team": "NJ",
        "opponent": "CAR",
        "propType": "bs",
        "line": 2.5,
        "ppLine": "",
        "avg": 1.92,
        "hit": false,
        "diffAvg": -0.23,
        "diffAbs": 1.0,
        "lastAvg": 0.0,
        "diff": 0,
        "avgMin": 20,
        "proj": 0.0,
        "lastAvgMin": 20.57,
        "oppOver": 0,
        "teamOver": 0,
        "gameLine": "+100",
        "+/-": "+28",
        "L5_+/-": "+3.0",
        "prevMatchup": "2023-03-12 3.0 bs 2023-01-10 2.0 bs 2023-01-01 4.0 bs 2022-12-20 1.0 bs",
        "winLossSplits": "31% - 34%",
        "awayHome": "A",
        "playedYesterday": "N",
        "awayHomeSplits": "26% - 40%",
        "savesAboveExp": -0.44,
        "gsaa": -0.71,
        "corsi": "53.7% (63.4) // 55.1% (64.9) // 53.7% (63.4) // 53.7% (63.4)",
        "fenwick": "53.9% (46.9) // 55.2% (48.2) // 53.9% (46.9) // 53.9% (46.9)",
        "shots": "54.9% (33.9) // 54.4% (33.3) // 54.9% (33.9) // 54.9% (33.9)",
        "scoring": "56.3% (35.0) // 60.7% (39.4) // 56.3% (35.0) // 56.3% (35.0)",
        "corsiAgainst": "46.3% (54.8) // 44.9% (52.8) // 46.3% (54.8) // 46.3% (54.8)",
        "fenwickAgainst": "46.1% (40.1) // 44.8% (39.2) // 46.1% (40.1) // 46.1% (40.1)",
        "shotsAgainst": "45.1% (27.8) // 45.6% (28.0) // 45.1% (27.8) // 45.1% (27.8)",
        "scoringAgainst": "43.7% (27.1) // 39.3% (25.5) // 43.7% (27.1) // 43.7% (27.1)",
        "oppCorsi": "59.9% (67.4) // 61.2% (68.8) // 59.9% (67.4) // 59.9% (67.4)",
        "oppFenwick": "59.1% (50.8) // 60.1% (51.8) // 59.1% (50.8) // 59.1% (50.8)",
        "oppShots": "57.2% (34.3) // 58.4% (34.4) // 57.2% (34.3) // 57.2% (34.3)",
        "oppScoring": "58.9% (33.3) // 62.3% (33.3) // 58.9% (33.3) // 58.9% (33.3)",
        "oppCorsiAgainst": "40.1% (45.2) // 38.8% (43.6) // 40.1% (45.2) // 40.1% (45.2)",
        "oppFenwickAgainst": "40.9% (35.1) // 39.9% (34.4) // 40.9% (35.1) // 40.9% (35.1)",
        "oppShotsAgainst": "42.8% (25.6) // 41.6% (24.5) // 42.8% (25.6) // 42.8% (25.6)",
        "oppScoringAgainst": "41.1% (23.3) // 37.7% (20.2) // 41.1% (23.3) // 41.1% (23.3)",
        "savesPerGame": 25.5,
        "savesPerGameLast1": 31.0,
        "savesPerGameLast3": 26.0,
        "savesPerGameLast5": 27.0,
        "savesPer60": 27.8,
        "savesPer60Last1": 31.0,
        "savesPer60Last3": 24.9,
        "savesPer60Last5": 27.3,
        "shotsPerGame": 34.4,
        "shotsPerGameLast5": 30.8,
        "shotsAgainstPerGame": 28.2,
        "shotsAgainstPerGameLast5": 28.4,
        "oppSavesAgainstPer60": 34.1,
        "oppSavesAgainstPer60Last1": 39.0,
        "oppSavesAgainstPer60Last3": 32.5,
        "oppSavesAgainstPer60Last5": 32.4,
        "oppShotsAgainstPerGame": 26.0,
        "oppShotsAgainstPerGameLast5": 29.6,
        "savesProj": 34.8,
        "savesProjLast5": 34.5,
        "savesProjLast3": 31.8,
        "oppSavesAgainstProj": 29.5,
        "oppSavesAgainstProjLast5": 28.5,
        "oppSavesAgainstProjLast3": 27.5,
        "totalOver": 33,
        "totalOverLast5": 40,
        "totalOverLast15": 27,
        "lastTotalOver": 0,
        "last5": "2,3,2,3,2,2,0,4,1,3",
        "overOdds": "+135",
        "underOdds": "-165",
        "overUnder": "+135 / -165"
    },
    {
        "player": "Alex Pietrangelo",
        "team": "VGK",
        "opponent": "EDM",
        "propType": "bs",
        "line": 2.5,
        "ppLine": "PP1",
        "avg": 2.44,
        "hit": false,
        "diffAvg": -0.02,
        "diffAbs": 1.0,
        "lastAvg": 0.0,
        "diff": 0,
        "avgMin": 24,
        "proj": 0.0,
        "lastAvgMin": 24.63,
        "oppOver": 0,
        "teamOver": 0,
        "gameLine": "+100",
        "+/-": "+15",
        "L5_+/-": "+8.0",
        "prevMatchup": "2023-03-28 4.0 bs 2023-03-25 3.0 bs 2023-01-14 3.0 bs 2022-11-19 0.0 bs",
        "winLossSplits": "33% - 52%",
        "awayHome": "H",
        "playedYesterday": "N",
        "awayHomeSplits": "49% - 32%",
        "savesAboveExp": 0.118,
        "gsaa": 14.07,
        "corsi": "48.6% (57.5) // 48.0% (56.0) // 48.6% (57.5) // 48.6% (57.5)",
        "fenwick": "49.7% (42.3) // 48.8% (40.5) // 49.7% (42.3) // 49.7% (42.3)",
        "shots": "50.5% (31.1) // 50.2% (28.8) // 50.5% (31.1) // 50.5% (31.1)",
        "scoring": "49.5% (29.2) // 49.0% (28.7) // 49.5% (29.2) // 49.5% (29.2)",
        "corsiAgainst": "51.4% (60.7) // 52.0% (60.6) // 51.4% (60.7) // 51.4% (60.7)",
        "fenwickAgainst": "50.3% (42.8) // 51.2% (42.5) // 50.3% (42.8) // 50.3% (42.8)",
        "shotsAgainst": "49.5% (30.4) // 49.8% (28.5) // 49.5% (30.4) // 49.5% (30.4)",
        "scoringAgainst": "50.5% (29.8) // 51.0% (29.9) // 50.5% (29.8) // 50.5% (29.8)",
        "oppCorsi": "52.1% (59.2) // 54.3% (61.2) // 52.1% (59.2) // 52.1% (59.2)",
        "oppFenwick": "51.6% (44.8) // 54.4% (46.8) // 51.6% (44.8) // 51.6% (44.8)",
        "oppShots": "51.7% (33.3) // 54.4% (35.4) // 51.7% (33.3) // 51.7% (33.3)",
        "oppScoring": "53.5% (32.9) // 54.3% (35.5) // 53.5% (32.9) // 53.5% (32.9)",
        "oppCorsiAgainst": "47.9% (54.5) // 45.7% (51.4) // 47.9% (54.5) // 47.9% (54.5)",
        "oppFenwickAgainst": "48.4% (42.0) // 45.6% (39.2) // 48.4% (42.0) // 48.4% (42.0)",
        "oppShotsAgainst": "48.3% (31.1) // 45.6% (29.7) // 48.3% (31.1) // 48.3% (31.1)",
        "oppScoringAgainst": "46.5% (28.6) // 45.7% (29.9) // 46.5% (28.6) // 46.5% (28.6)",
        "savesPerGame": 28.1,
        "savesPerGameLast1": 29.0,
        "savesPerGameLast3": 27.7,
        "savesPerGameLast5": 28.0,
        "savesPer60": 30.2,
        "savesPer60Last1": 29.0,
        "savesPer60Last3": 31.2,
        "savesPer60Last5": 30.0,
        "shotsPerGame": 31.5,
        "shotsPerGameLast5": 31.8,
        "shotsAgainstPerGame": 30.9,
        "shotsAgainstPerGameLast5": 30.8,
        "oppSavesAgainstPer60": 31.9,
        "oppSavesAgainstPer60Last1": 20.9,
        "oppSavesAgainstPer60Last3": 26.3,
        "oppSavesAgainstPer60Last5": 29.7,
        "oppShotsAgainstPerGame": 31.4,
        "oppShotsAgainstPerGameLast5": 33.2,
        "savesProj": 29.4,
        "savesProjLast5": 29.5,
        "savesProjLast3": 26.9,
        "oppSavesAgainstProj": 30.8,
        "oppSavesAgainstProjLast5": 28.8,
        "oppSavesAgainstProjLast3": 25.2,
        "totalOver": 40,
        "totalOverLast5": 40,
        "totalOverLast15": 33,
        "lastTotalOver": 0,
        "last5": "5,1,5,0,2,3,2,3,1,2",
        "overOdds": "+110",
        "underOdds": "-140",
        "overUnder": "+110 / -140"
    },
    {
        "player": "Darnell Nurse",
        "team": "EDM",
        "opponent": "VGK",
        "propType": "bs",
        "line": 2.5,
        "ppLine": "PP2",
        "avg": 2.1,
        "hit": false,
        "diffAvg": -0.16,
        "diffAbs": 1.0,
        "lastAvg": 0.0,
        "diff": 0,
        "avgMin": 23,
        "proj": 0.0,
        "lastAvgMin": 25.03,
        "oppOver": 0,
        "teamOver": 0,
        "gameLine": "-120",
        "+/-": "+30",
        "L5_+/-": "+9.0",
        "prevMatchup": "2023-03-28 2.0 bs 2023-03-25 1.0 bs 2023-01-14 3.0 bs 2022-11-19 2.0 bs",
        "winLossSplits": "31% - 35%",
        "awayHome": "A",
        "playedYesterday": "N",
        "awayHomeSplits": "34% - 32%",
        "savesAboveExp": "-",
        "gsaa": "-",
        "corsi": "52.1% (59.2) // 54.3% (61.2) // 52.1% (59.2) // 52.1% (59.2)",
        "fenwick": "51.6% (44.8) // 54.4% (46.8) // 51.6% (44.8) // 51.6% (44.8)",
        "shots": "51.7% (33.3) // 54.4% (35.4) // 51.7% (33.3) // 51.7% (33.3)",
        "scoring": "53.5% (32.9) // 54.3% (35.5) // 53.5% (32.9) // 53.5% (32.9)",
        "corsiAgainst": "47.9% (54.5) // 45.7% (51.4) // 47.9% (54.5) // 47.9% (54.5)",
        "fenwickAgainst": "48.4% (42.0) // 45.6% (39.2) // 48.4% (42.0) // 48.4% (42.0)",
        "shotsAgainst": "48.3% (31.1) // 45.6% (29.7) // 48.3% (31.1) // 48.3% (31.1)",
        "scoringAgainst": "46.5% (28.6) // 45.7% (29.9) // 46.5% (28.6) // 46.5% (28.6)",
        "oppCorsi": "48.6% (57.5) // 48.0% (56.0) // 48.6% (57.5) // 48.6% (57.5)",
        "oppFenwick": "49.7% (42.3) // 48.8% (40.5) // 49.7% (42.3) // 49.7% (42.3)",
        "oppShots": "50.5% (31.1) // 50.2% (28.8) // 50.5% (31.1) // 50.5% (31.1)",
        "oppScoring": "49.5% (29.2) // 49.0% (28.7) // 49.5% (29.2) // 49.5% (29.2)",
        "oppCorsiAgainst": "51.4% (60.7) // 52.0% (60.6) // 51.4% (60.7) // 51.4% (60.7)",
        "oppFenwickAgainst": "50.3% (42.8) // 51.2% (42.5) // 50.3% (42.8) // 50.3% (42.8)",
        "oppShotsAgainst": "49.5% (30.4) // 49.8% (28.5) // 49.5% (30.4) // 49.5% (30.4)",
        "oppScoringAgainst": "50.5% (29.8) // 51.0% (29.9) // 50.5% (29.8) // 50.5% (29.8)",
        "savesPerGame": 28.2,
        "savesPerGameLast1": 40.0,
        "savesPerGameLast3": 33.3,
        "savesPerGameLast5": 30.0,
        "savesPer60": 30.5,
        "savesPer60Last1": 40.0,
        "savesPer60Last3": 35.2,
        "savesPer60Last5": 31.3,
        "shotsPerGame": 33.6,
        "shotsPerGameLast5": 34.4,
        "shotsAgainstPerGame": 31.4,
        "shotsAgainstPerGameLast5": 33.2,
        "oppSavesAgainstPer60": 30.2,
        "oppSavesAgainstPer60Last1": 20.7,
        "oppSavesAgainstPer60Last3": 30.7,
        "oppSavesAgainstPer60Last5": 28.4,
        "oppShotsAgainstPerGame": 30.9,
        "oppShotsAgainstPerGameLast5": 30.8,
        "savesProj": 28.7,
        "savesProjLast5": 29.0,
        "savesProjLast3": 35.0,
        "oppSavesAgainstProj": 29.3,
        "oppSavesAgainstProjLast5": 27.1,
        "oppSavesAgainstProjLast3": 32.6,
        "totalOver": 33,
        "totalOverLast5": 60,
        "totalOverLast15": 27,
        "lastTotalOver": 0,
        "last5": "2,5,2,5,6,1,2,5,1,1",
        "overOdds": "+120",
        "underOdds": "-150",
        "overUnder": "+120 / -150"
    },
    {
        "player": "Shea Theodore",
        "team": "VGK",
        "opponent": "EDM",
        "propType": "bs",
        "line": 1.5,
        "ppLine": "PP2",
        "avg": 1.58,
        "hit": false,
        "diffAvg": 0.05,
        "diffAbs": 1.0,
        "lastAvg": 0.0,
        "diff": 0,
        "avgMin": 21,
        "proj": 0.0,
        "lastAvgMin": 23.13,
        "oppOver": 0,
        "teamOver": 0,
        "gameLine": "+100",
        "+/-": "+19",
        "L5_+/-": "+6.0",
        "prevMatchup": "2023-03-28 2.0 bs 2023-03-25 2.0 bs 2022-11-19 2.0 bs",
        "winLossSplits": "56% - 33%",
        "awayHome": "H",
        "playedYesterday": "N",
        "awayHomeSplits": "53% - 44%",
        "savesAboveExp": 0.118,
        "gsaa": 14.07,
        "corsi": "48.6% (57.5) // 48.0% (56.0) // 48.6% (57.5) // 48.6% (57.5)",
        "fenwick": "49.7% (42.3) // 48.8% (40.5) // 49.7% (42.3) // 49.7% (42.3)",
        "shots": "50.5% (31.1) // 50.2% (28.8) // 50.5% (31.1) // 50.5% (31.1)",
        "scoring": "49.5% (29.2) // 49.0% (28.7) // 49.5% (29.2) // 49.5% (29.2)",
        "corsiAgainst": "51.4% (60.7) // 52.0% (60.6) // 51.4% (60.7) // 51.4% (60.7)",
        "fenwickAgainst": "50.3% (42.8) // 51.2% (42.5) // 50.3% (42.8) // 50.3% (42.8)",
        "shotsAgainst": "49.5% (30.4) // 49.8% (28.5) // 49.5% (30.4) // 49.5% (30.4)",
        "scoringAgainst": "50.5% (29.8) // 51.0% (29.9) // 50.5% (29.8) // 50.5% (29.8)",
        "oppCorsi": "52.1% (59.2) // 54.3% (61.2) // 52.1% (59.2) // 52.1% (59.2)",
        "oppFenwick": "51.6% (44.8) // 54.4% (46.8) // 51.6% (44.8) // 51.6% (44.8)",
        "oppShots": "51.7% (33.3) // 54.4% (35.4) // 51.7% (33.3) // 51.7% (33.3)",
        "oppScoring": "53.5% (32.9) // 54.3% (35.5) // 53.5% (32.9) // 53.5% (32.9)",
        "oppCorsiAgainst": "47.9% (54.5) // 45.7% (51.4) // 47.9% (54.5) // 47.9% (54.5)",
        "oppFenwickAgainst": "48.4% (42.0) // 45.6% (39.2) // 48.4% (42.0) // 48.4% (42.0)",
        "oppShotsAgainst": "48.3% (31.1) // 45.6% (29.7) // 48.3% (31.1) // 48.3% (31.1)",
        "oppScoringAgainst": "46.5% (28.6) // 45.7% (29.9) // 46.5% (28.6) // 46.5% (28.6)",
        "savesPerGame": 28.1,
        "savesPerGameLast1": 29.0,
        "savesPerGameLast3": 27.7,
        "savesPerGameLast5": 28.0,
        "savesPer60": 30.2,
        "savesPer60Last1": 29.0,
        "savesPer60Last3": 31.2,
        "savesPer60Last5": 30.0,
        "shotsPerGame": 31.5,
        "shotsPerGameLast5": 31.8,
        "shotsAgainstPerGame": 30.9,
        "shotsAgainstPerGameLast5": 30.8,
        "oppSavesAgainstPer60": 31.9,
        "oppSavesAgainstPer60Last1": 20.9,
        "oppSavesAgainstPer60Last3": 26.3,
        "oppSavesAgainstPer60Last5": 29.7,
        "oppShotsAgainstPerGame": 31.4,
        "oppShotsAgainstPerGameLast5": 33.2,
        "savesProj": 29.4,
        "savesProjLast5": 29.5,
        "savesProjLast3": 26.9,
        "oppSavesAgainstProj": 30.8,
        "oppSavesAgainstProjLast5": 28.8,
        "oppSavesAgainstProjLast3": 25.2,
        "totalOver": 49,
        "totalOverLast5": 60,
        "totalOverLast15": 73,
        "lastTotalOver": 0,
        "last5": "1,2,3,1,2,2,2,5,2,1",
        "overOdds": "-155",
        "underOdds": "+125",
        "overUnder": "-155 / +125"
    },
    {
        "player": "Alec Martinez",
        "team": "VGK",
        "opponent": "EDM",
        "propType": "bs",
        "line": 2.5,
        "ppLine": "",
        "avg": 3.13,
        "hit": false,
        "diffAvg": 0.25,
        "diffAbs": 1.0,
        "lastAvg": 0.0,
        "diff": 0,
        "avgMin": 19,
        "proj": 0.0,
        "lastAvgMin": 19.53,
        "oppOver": 0,
        "teamOver": 0,
        "gameLine": "+100",
        "+/-": "+34",
        "L5_+/-": "+10.0",
        "prevMatchup": "2023-03-28 3.0 bs 2023-01-14 1.0 bs 2022-11-19 4.0 bs",
        "winLossSplits": "61% - 48%",
        "awayHome": "H",
        "playedYesterday": "N",
        "awayHomeSplits": "58% - 55%",
        "savesAboveExp": 0.118,
        "gsaa": 14.07,
        "corsi": "48.6% (57.5) // 48.0% (56.0) // 48.6% (57.5) // 48.6% (57.5)",
        "fenwick": "49.7% (42.3) // 48.8% (40.5) // 49.7% (42.3) // 49.7% (42.3)",
        "shots": "50.5% (31.1) // 50.2% (28.8) // 50.5% (31.1) // 50.5% (31.1)",
        "scoring": "49.5% (29.2) // 49.0% (28.7) // 49.5% (29.2) // 49.5% (29.2)",
        "corsiAgainst": "51.4% (60.7) // 52.0% (60.6) // 51.4% (60.7) // 51.4% (60.7)",
        "fenwickAgainst": "50.3% (42.8) // 51.2% (42.5) // 50.3% (42.8) // 50.3% (42.8)",
        "shotsAgainst": "49.5% (30.4) // 49.8% (28.5) // 49.5% (30.4) // 49.5% (30.4)",
        "scoringAgainst": "50.5% (29.8) // 51.0% (29.9) // 50.5% (29.8) // 50.5% (29.8)",
        "oppCorsi": "52.1% (59.2) // 54.3% (61.2) // 52.1% (59.2) // 52.1% (59.2)",
        "oppFenwick": "51.6% (44.8) // 54.4% (46.8) // 51.6% (44.8) // 51.6% (44.8)",
        "oppShots": "51.7% (33.3) // 54.4% (35.4) // 51.7% (33.3) // 51.7% (33.3)",
        "oppScoring": "53.5% (32.9) // 54.3% (35.5) // 53.5% (32.9) // 53.5% (32.9)",
        "oppCorsiAgainst": "47.9% (54.5) // 45.7% (51.4) // 47.9% (54.5) // 47.9% (54.5)",
        "oppFenwickAgainst": "48.4% (42.0) // 45.6% (39.2) // 48.4% (42.0) // 48.4% (42.0)",
        "oppShotsAgainst": "48.3% (31.1) // 45.6% (29.7) // 48.3% (31.1) // 48.3% (31.1)",
        "oppScoringAgainst": "46.5% (28.6) // 45.7% (29.9) // 46.5% (28.6) // 46.5% (28.6)",
        "savesPerGame": 28.1,
        "savesPerGameLast1": 29.0,
        "savesPerGameLast3": 27.7,
        "savesPerGameLast5": 28.0,
        "savesPer60": 30.2,
        "savesPer60Last1": 29.0,
        "savesPer60Last3": 31.2,
        "savesPer60Last5": 30.0,
        "shotsPerGame": 31.5,
        "shotsPerGameLast5": 31.8,
        "shotsAgainstPerGame": 30.9,
        "shotsAgainstPerGameLast5": 30.8,
        "oppSavesAgainstPer60": 31.9,
        "oppSavesAgainstPer60Last1": 20.9,
        "oppSavesAgainstPer60Last3": 26.3,
        "oppSavesAgainstPer60Last5": 29.7,
        "oppShotsAgainstPerGame": 31.4,
        "oppShotsAgainstPerGameLast5": 33.2,
        "savesProj": 29.4,
        "savesProjLast5": 29.5,
        "savesProjLast3": 26.9,
        "oppSavesAgainstProj": 30.8,
        "oppSavesAgainstProjLast5": 28.8,
        "oppSavesAgainstProjLast3": 25.2,
        "totalOver": 56,
        "totalOverLast5": 20,
        "totalOverLast15": 33,
        "lastTotalOver": 0,
        "last5": "1,2,7,2,2,2,1,2,4,2",
        "overOdds": "-145",
        "underOdds": "+115",
        "overUnder": "-145 / +115"
    },
    {
        "player": "Brayden Mcnabb",
        "team": "VGK",
        "opponent": "EDM",
        "propType": "bs",
        "line": 2.5,
        "ppLine": "",
        "avg": 2.38,
        "hit": false,
        "diffAvg": -0.05,
        "diffAbs": 1.0,
        "lastAvg": 0.0,
        "diff": 0,
        "avgMin": 19,
        "proj": 0.0,
        "lastAvgMin": 19.7,
        "oppOver": 0,
        "teamOver": 0,
        "gameLine": "+100",
        "+/-": "+12",
        "L5_+/-": "+4.0",
        "prevMatchup": "2023-03-28 2.0 bs 2023-03-25 4.0 bs 2023-01-14 1.0 bs 2022-11-19 2.0 bs",
        "winLossSplits": "48% - 33%",
        "awayHome": "H",
        "playedYesterday": "N",
        "awayHomeSplits": "44% - 41%",
        "savesAboveExp": 0.118,
        "gsaa": 14.07,
        "corsi": "48.6% (57.5) // 48.0% (56.0) // 48.6% (57.5) // 48.6% (57.5)",
        "fenwick": "49.7% (42.3) // 48.8% (40.5) // 49.7% (42.3) // 49.7% (42.3)",
        "shots": "50.5% (31.1) // 50.2% (28.8) // 50.5% (31.1) // 50.5% (31.1)",
        "scoring": "49.5% (29.2) // 49.0% (28.7) // 49.5% (29.2) // 49.5% (29.2)",
        "corsiAgainst": "51.4% (60.7) // 52.0% (60.6) // 51.4% (60.7) // 51.4% (60.7)",
        "fenwickAgainst": "50.3% (42.8) // 51.2% (42.5) // 50.3% (42.8) // 50.3% (42.8)",
        "shotsAgainst": "49.5% (30.4) // 49.8% (28.5) // 49.5% (30.4) // 49.5% (30.4)",
        "scoringAgainst": "50.5% (29.8) // 51.0% (29.9) // 50.5% (29.8) // 50.5% (29.8)",
        "oppCorsi": "52.1% (59.2) // 54.3% (61.2) // 52.1% (59.2) // 52.1% (59.2)",
        "oppFenwick": "51.6% (44.8) // 54.4% (46.8) // 51.6% (44.8) // 51.6% (44.8)",
        "oppShots": "51.7% (33.3) // 54.4% (35.4) // 51.7% (33.3) // 51.7% (33.3)",
        "oppScoring": "53.5% (32.9) // 54.3% (35.5) // 53.5% (32.9) // 53.5% (32.9)",
        "oppCorsiAgainst": "47.9% (54.5) // 45.7% (51.4) // 47.9% (54.5) // 47.9% (54.5)",
        "oppFenwickAgainst": "48.4% (42.0) // 45.6% (39.2) // 48.4% (42.0) // 48.4% (42.0)",
        "oppShotsAgainst": "48.3% (31.1) // 45.6% (29.7) // 48.3% (31.1) // 48.3% (31.1)",
        "oppScoringAgainst": "46.5% (28.6) // 45.7% (29.9) // 46.5% (28.6) // 46.5% (28.6)",
        "savesPerGame": 28.1,
        "savesPerGameLast1": 29.0,
        "savesPerGameLast3": 27.7,
        "savesPerGameLast5": 28.0,
        "savesPer60": 30.2,
        "savesPer60Last1": 29.0,
        "savesPer60Last3": 31.2,
        "savesPer60Last5": 30.0,
        "shotsPerGame": 31.5,
        "shotsPerGameLast5": 31.8,
        "shotsAgainstPerGame": 30.9,
        "shotsAgainstPerGameLast5": 30.8,
        "oppSavesAgainstPer60": 31.9,
        "oppSavesAgainstPer60Last1": 20.9,
        "oppSavesAgainstPer60Last3": 26.3,
        "oppSavesAgainstPer60Last5": 29.7,
        "oppShotsAgainstPerGame": 31.4,
        "oppShotsAgainstPerGameLast5": 33.2,
        "savesProj": 29.4,
        "savesProjLast5": 29.5,
        "savesProjLast3": 26.9,
        "oppSavesAgainstProj": 30.8,
        "oppSavesAgainstProjLast5": 28.8,
        "oppSavesAgainstProjLast3": 25.2,
        "totalOver": 42,
        "totalOverLast5": 40,
        "totalOverLast15": 40,
        "lastTotalOver": 0,
        "last5": "2,1,3,1,3,2,3,2,1,5",
        "overOdds": "-135",
        "underOdds": "+105",
        "overUnder": "-135 / +105"
    },
    {
        "player": "Cody Ceci",
        "team": "EDM",
        "opponent": "VGK",
        "propType": "bs",
        "line": 1.5,
        "ppLine": "",
        "avg": 1.5,
        "hit": false,
        "diffAvg": 0.0,
        "diffAbs": 1.0,
        "lastAvg": 0.0,
        "diff": 0,
        "avgMin": 20,
        "proj": 0.0,
        "lastAvgMin": 20.88,
        "oppOver": 0,
        "teamOver": 0,
        "gameLine": "-120",
        "+/-": "+13",
        "L5_+/-": "+7.0",
        "prevMatchup": "2023-03-28 0.0 bs 2023-03-25 2.0 bs 2023-01-14 3.0 bs 2022-11-19 4.0 bs",
        "winLossSplits": "46% - 47%",
        "awayHome": "A",
        "playedYesterday": "N",
        "awayHomeSplits": "48% - 45%",
        "savesAboveExp": "-",
        "gsaa": "-",
        "corsi": "52.1% (59.2) // 54.3% (61.2) // 52.1% (59.2) // 52.1% (59.2)",
        "fenwick": "51.6% (44.8) // 54.4% (46.8) // 51.6% (44.8) // 51.6% (44.8)",
        "shots": "51.7% (33.3) // 54.4% (35.4) // 51.7% (33.3) // 51.7% (33.3)",
        "scoring": "53.5% (32.9) // 54.3% (35.5) // 53.5% (32.9) // 53.5% (32.9)",
        "corsiAgainst": "47.9% (54.5) // 45.7% (51.4) // 47.9% (54.5) // 47.9% (54.5)",
        "fenwickAgainst": "48.4% (42.0) // 45.6% (39.2) // 48.4% (42.0) // 48.4% (42.0)",
        "shotsAgainst": "48.3% (31.1) // 45.6% (29.7) // 48.3% (31.1) // 48.3% (31.1)",
        "scoringAgainst": "46.5% (28.6) // 45.7% (29.9) // 46.5% (28.6) // 46.5% (28.6)",
        "oppCorsi": "48.6% (57.5) // 48.0% (56.0) // 48.6% (57.5) // 48.6% (57.5)",
        "oppFenwick": "49.7% (42.3) // 48.8% (40.5) // 49.7% (42.3) // 49.7% (42.3)",
        "oppShots": "50.5% (31.1) // 50.2% (28.8) // 50.5% (31.1) // 50.5% (31.1)",
        "oppScoring": "49.5% (29.2) // 49.0% (28.7) // 49.5% (29.2) // 49.5% (29.2)",
        "oppCorsiAgainst": "51.4% (60.7) // 52.0% (60.6) // 51.4% (60.7) // 51.4% (60.7)",
        "oppFenwickAgainst": "50.3% (42.8) // 51.2% (42.5) // 50.3% (42.8) // 50.3% (42.8)",
        "oppShotsAgainst": "49.5% (30.4) // 49.8% (28.5) // 49.5% (30.4) // 49.5% (30.4)",
        "oppScoringAgainst": "50.5% (29.8) // 51.0% (29.9) // 50.5% (29.8) // 50.5% (29.8)",
        "savesPerGame": 28.2,
        "savesPerGameLast1": 40.0,
        "savesPerGameLast3": 33.3,
        "savesPerGameLast5": 30.0,
        "savesPer60": 30.5,
        "savesPer60Last1": 40.0,
        "savesPer60Last3": 35.2,
        "savesPer60Last5": 31.3,
        "shotsPerGame": 33.6,
        "shotsPerGameLast5": 34.4,
        "shotsAgainstPerGame": 31.4,
        "shotsAgainstPerGameLast5": 33.2,
        "oppSavesAgainstPer60": 30.2,
        "oppSavesAgainstPer60Last1": 20.7,
        "oppSavesAgainstPer60Last3": 30.7,
        "oppSavesAgainstPer60Last5": 28.4,
        "oppShotsAgainstPerGame": 30.9,
        "oppShotsAgainstPerGameLast5": 30.8,
        "savesProj": 28.7,
        "savesProjLast5": 29.0,
        "savesProjLast3": 35.0,
        "oppSavesAgainstProj": 29.3,
        "oppSavesAgainstProjLast5": 27.1,
        "oppSavesAgainstProjLast3": 32.6,
        "totalOver": 47,
        "totalOverLast5": 100,
        "totalOverLast15": 53,
        "lastTotalOver": 0,
        "last5": "3,5,3,3,2,2,1,1,2,0",
        "overOdds": "-155",
        "underOdds": "+125",
        "overUnder": "-155 / +125"
    }
]