[
    {
        "player": "Brandon Montour",
        "team": "FLA",
        "opponent": "CAR",
        "propType": "bs",
        "line": 1.5,
        "ppLine": "PP1",
        "avg": 1.18,
        "hit": false,
        "diffAvg": -0.21,
        "diffAbs": 1.0,
        "lastAvg": 0.0,
        "diff": 0,
        "avgMin": 24,
        "proj": 0.0,
        "lastAvgMin": 17.88,
        "oppOver": 0,
        "teamOver": 0,
        "gameLine": "-115",
        "+/-": "+14",
        "L5_+/-": "+5.0",
        "prevMatchup": "2023-05-22 1.0 bs 2023-05-20 1.0 bs 2023-05-18 3.0 bs 2023-04-13 3.0 bs 2022-12-30 0.0 bs 2022-11-09 1.0 bs",
        "winLossSplits": "35% - 23%",
        "awayHome": "H",
        "playedYesterday": "N",
        "awayHomeSplits": "27% - 33%",
        "savesAboveExp": -0.44,
        "gsaa": -0.71,
        "corsi": "54.2% (66.3) // 52.5% (66.0) // 54.2% (66.3) // 54.2% (66.3)",
        "fenwick": "53.6% (49.9) // 52.0% (49.3) // 53.6% (49.9) // 53.6% (49.9)",
        "shots": "53.7% (36.5) // 51.9% (35.5) // 53.7% (36.5) // 53.7% (36.5)",
        "scoring": "54.6% (34.8) // 53.4% (34.0) // 54.6% (34.8) // 54.6% (34.8)",
        "corsiAgainst": "45.8% (56.1) // 47.5% (59.7) // 45.8% (56.1) // 45.8% (56.1)",
        "fenwickAgainst": "46.4% (43.2) // 48.0% (45.5) // 46.4% (43.2) // 46.4% (43.2)",
        "shotsAgainst": "46.3% (31.5) // 48.1% (33.0) // 46.3% (31.5) // 46.3% (31.5)",
        "scoringAgainst": "45.4% (28.9) // 46.6% (29.7) // 45.4% (28.9) // 45.4% (28.9)",
        "oppCorsi": "59.9% (67.4) // 61.2% (68.8) // 59.9% (67.4) // 59.9% (67.4)",
        "oppFenwick": "59.1% (50.8) // 60.1% (51.8) // 59.1% (50.8) // 59.1% (50.8)",
        "oppShots": "57.2% (34.3) // 58.4% (34.4) // 57.2% (34.3) // 57.2% (34.3)",
        "oppScoring": "58.9% (33.3) // 62.3% (33.3) // 58.9% (33.3) // 58.9% (33.3)",
        "oppCorsiAgainst": "40.1% (45.2) // 38.8% (43.6) // 40.1% (45.2) // 40.1% (45.2)",
        "oppFenwickAgainst": "40.9% (35.1) // 39.9% (34.4) // 40.9% (35.1) // 40.9% (35.1)",
        "oppShotsAgainst": "42.8% (25.6) // 41.6% (24.5) // 42.8% (25.6) // 42.8% (25.6)",
        "oppScoringAgainst": "41.1% (23.3) // 37.7% (20.2) // 41.1% (23.3) // 41.1% (23.3)",
        "savesPerGame": 28.4,
        "savesPerGameLast1": 32.0,
        "savesPerGameLast3": 44.0,
        "savesPerGameLast5": 41.2,
        "savesPer60": 34.1,
        "savesPer60Last1": 31.7,
        "savesPer60Last3": 63.8,
        "savesPer60Last5": 54.3,
        "shotsPerGame": 36.8,
        "shotsPerGameLast5": 34.4,
        "shotsAgainstPerGame": 31.7,
        "shotsAgainstPerGameLast5": 42.6,
        "oppSavesAgainstPer60": 37.7,
        "oppSavesAgainstPer60Last1": 32.0,
        "oppSavesAgainstPer60Last3": 44.3,
        "oppSavesAgainstPer60Last5": 38.8,
        "oppShotsAgainstPerGame": 26.0,
        "oppShotsAgainstPerGameLast5": 30.8,
        "savesProj": 38.7,
        "savesProjLast5": 74.1,
        "savesProjLast3": 100.2,
        "oppSavesAgainstProj": 36.7,
        "oppSavesAgainstProjLast5": 44.6,
        "oppSavesAgainstProjLast3": 51.7,
        "totalOver": 29,
        "totalOverLast5": 40,
        "totalOverLast15": 27,
        "lastTotalOver": 0,
        "last5": "1,1,3,1,2,1,3,1,1,1",
        "overOdds": "-125",
        "underOdds": "-105",
        "overUnder": "-125 / -105"
    },
    {
        "player": "Brent Burns",
        "team": "CAR",
        "opponent": "FLA",
        "propType": "bs",
        "line": 1.5,
        "ppLine": "PP1",
        "avg": 1.17,
        "hit": false,
        "diffAvg": -0.22,
        "diffAbs": 1.0,
        "lastAvg": 0.0,
        "diff": 0,
        "avgMin": 23,
        "proj": 0.0,
        "lastAvgMin": 26.13,
        "oppOver": 0,
        "teamOver": 0,
        "gameLine": "-105",
        "+/-": "+25",
        "L5_+/-": "+5.0",
        "prevMatchup": "2023-05-22 1.0 bs 2023-05-20 1.0 bs 2023-05-18 10.0 bs 2023-04-13 0.0 bs 2022-12-30 1.0 bs 2022-11-09 0.0 bs",
        "winLossSplits": "32% - 33%",
        "awayHome": "A",
        "playedYesterday": "N",
        "awayHomeSplits": "23% - 41%",
        "savesAboveExp": -0.102,
        "gsaa": -4.63,
        "corsi": "59.9% (67.4) // 61.2% (68.8) // 59.9% (67.4) // 59.9% (67.4)",
        "fenwick": "59.1% (50.8) // 60.1% (51.8) // 59.1% (50.8) // 59.1% (50.8)",
        "shots": "57.2% (34.3) // 58.4% (34.4) // 57.2% (34.3) // 57.2% (34.3)",
        "scoring": "58.9% (33.3) // 62.3% (33.3) // 58.9% (33.3) // 58.9% (33.3)",
        "corsiAgainst": "40.1% (45.2) // 38.8% (43.6) // 40.1% (45.2) // 40.1% (45.2)",
        "fenwickAgainst": "40.9% (35.1) // 39.9% (34.4) // 40.9% (35.1) // 40.9% (35.1)",
        "shotsAgainst": "42.8% (25.6) // 41.6% (24.5) // 42.8% (25.6) // 42.8% (25.6)",
        "scoringAgainst": "41.1% (23.3) // 37.7% (20.2) // 41.1% (23.3) // 41.1% (23.3)",
        "oppCorsi": "54.2% (66.3) // 52.5% (66.0) // 54.2% (66.3) // 54.2% (66.3)",
        "oppFenwick": "53.6% (49.9) // 52.0% (49.3) // 53.6% (49.9) // 53.6% (49.9)",
        "oppShots": "53.7% (36.5) // 51.9% (35.5) // 53.7% (36.5) // 53.7% (36.5)",
        "oppScoring": "54.6% (34.8) // 53.4% (34.0) // 54.6% (34.8) // 54.6% (34.8)",
        "oppCorsiAgainst": "45.8% (56.1) // 47.5% (59.7) // 45.8% (56.1) // 45.8% (56.1)",
        "oppFenwickAgainst": "46.4% (43.2) // 48.0% (45.5) // 46.4% (43.2) // 46.4% (43.2)",
        "oppShotsAgainst": "46.3% (31.5) // 48.1% (33.0) // 46.3% (31.5) // 46.3% (31.5)",
        "oppScoringAgainst": "45.4% (28.9) // 46.6% (29.7) // 45.4% (28.9) // 45.4% (28.9)",
        "savesPerGame": 23.4,
        "savesPerGameLast1": 16.0,
        "savesPerGameLast3": 32.3,
        "savesPerGameLast5": 29.0,
        "savesPer60": 28.0,
        "savesPer60Last1": 15.1,
        "savesPer60Last3": 46.4,
        "savesPer60Last5": 37.3,
        "shotsPerGame": 34.8,
        "shotsPerGameLast5": 40.4,
        "shotsAgainstPerGame": 26.0,
        "shotsAgainstPerGameLast5": 30.8,
        "oppSavesAgainstPer60": 40.0,
        "oppSavesAgainstPer60Last1": 16.5,
        "oppSavesAgainstPer60Last3": 32.1,
        "oppSavesAgainstPer60Last5": 33.2,
        "oppShotsAgainstPerGame": 31.7,
        "oppShotsAgainstPerGameLast5": 42.6,
        "savesProj": 26.9,
        "savesProjLast5": 35.2,
        "savesProjLast3": 44.0,
        "oppSavesAgainstProj": 31.7,
        "oppSavesAgainstProjLast5": 25.1,
        "oppSavesAgainstProjLast3": 25.9,
        "totalOver": 32,
        "totalOverLast5": 20,
        "totalOverLast15": 27,
        "lastTotalOver": 0,
        "last5": "1,1,10,0,0,1,2,1,6,0",
        "overOdds": "-110",
        "underOdds": "-120",
        "overUnder": "-110 / -120"
    },
    {
        "player": "Gustav Forsling",
        "team": "FLA",
        "opponent": "CAR",
        "propType": "bs",
        "line": 1.5,
        "ppLine": "PP2",
        "avg": 1.38,
        "hit": false,
        "diffAvg": -0.08,
        "diffAbs": 1.0,
        "lastAvg": 0.0,
        "diff": 0,
        "avgMin": 23,
        "proj": 0.0,
        "lastAvgMin": 21.22,
        "oppOver": 0,
        "teamOver": 0,
        "gameLine": "-115",
        "+/-": "+25",
        "L5_+/-": "+6.0",
        "prevMatchup": "2023-05-22 3.0 bs 2023-05-20 1.0 bs 2023-05-18 4.0 bs 2023-04-13 0.0 bs 2022-12-30 1.0 bs 2022-11-09 1.0 bs",
        "winLossSplits": "43% - 32%",
        "awayHome": "H",
        "playedYesterday": "N",
        "awayHomeSplits": "34% - 43%",
        "savesAboveExp": -0.44,
        "gsaa": -0.71,
        "corsi": "54.2% (66.3) // 52.5% (66.0) // 54.2% (66.3) // 54.2% (66.3)",
        "fenwick": "53.6% (49.9) // 52.0% (49.3) // 53.6% (49.9) // 53.6% (49.9)",
        "shots": "53.7% (36.5) // 51.9% (35.5) // 53.7% (36.5) // 53.7% (36.5)",
        "scoring": "54.6% (34.8) // 53.4% (34.0) // 54.6% (34.8) // 54.6% (34.8)",
        "corsiAgainst": "45.8% (56.1) // 47.5% (59.7) // 45.8% (56.1) // 45.8% (56.1)",
        "fenwickAgainst": "46.4% (43.2) // 48.0% (45.5) // 46.4% (43.2) // 46.4% (43.2)",
        "shotsAgainst": "46.3% (31.5) // 48.1% (33.0) // 46.3% (31.5) // 46.3% (31.5)",
        "scoringAgainst": "45.4% (28.9) // 46.6% (29.7) // 45.4% (28.9) // 45.4% (28.9)",
        "oppCorsi": "59.9% (67.4) // 61.2% (68.8) // 59.9% (67.4) // 59.9% (67.4)",
        "oppFenwick": "59.1% (50.8) // 60.1% (51.8) // 59.1% (50.8) // 59.1% (50.8)",
        "oppShots": "57.2% (34.3) // 58.4% (34.4) // 57.2% (34.3) // 57.2% (34.3)",
        "oppScoring": "58.9% (33.3) // 62.3% (33.3) // 58.9% (33.3) // 58.9% (33.3)",
        "oppCorsiAgainst": "40.1% (45.2) // 38.8% (43.6) // 40.1% (45.2) // 40.1% (45.2)",
        "oppFenwickAgainst": "40.9% (35.1) // 39.9% (34.4) // 40.9% (35.1) // 40.9% (35.1)",
        "oppShotsAgainst": "42.8% (25.6) // 41.6% (24.5) // 42.8% (25.6) // 42.8% (25.6)",
        "oppScoringAgainst": "41.1% (23.3) // 37.7% (20.2) // 41.1% (23.3) // 41.1% (23.3)",
        "savesPerGame": 28.4,
        "savesPerGameLast1": 32.0,
        "savesPerGameLast3": 44.0,
        "savesPerGameLast5": 41.2,
        "savesPer60": 34.1,
        "savesPer60Last1": 31.7,
        "savesPer60Last3": 63.8,
        "savesPer60Last5": 54.3,
        "shotsPerGame": 36.8,
        "shotsPerGameLast5": 34.4,
        "shotsAgainstPerGame": 31.7,
        "shotsAgainstPerGameLast5": 42.6,
        "oppSavesAgainstPer60": 37.7,
        "oppSavesAgainstPer60Last1": 32.0,
        "oppSavesAgainstPer60Last3": 44.3,
        "oppSavesAgainstPer60Last5": 38.8,
        "oppShotsAgainstPerGame": 26.0,
        "oppShotsAgainstPerGameLast5": 30.8,
        "savesProj": 38.7,
        "savesProjLast5": 74.1,
        "savesProjLast3": 100.2,
        "oppSavesAgainstProj": 36.7,
        "oppSavesAgainstProjLast5": 44.6,
        "oppSavesAgainstProjLast3": 51.7,
        "totalOver": 38,
        "totalOverLast5": 40,
        "totalOverLast15": 53,
        "lastTotalOver": 0,
        "last5": "3,1,4,1,1,2,1,0,1,3",
        "overOdds": "-135",
        "underOdds": "+105",
        "overUnder": "-135 / +105"
    },
    {
        "player": "Brett Pesce",
        "team": "CAR",
        "opponent": "FLA",
        "propType": "bs",
        "line": 1.5,
        "ppLine": "",
        "avg": 1.45,
        "hit": false,
        "diffAvg": -0.03,
        "diffAbs": 1.0,
        "lastAvg": 0.0,
        "diff": 0,
        "avgMin": 22,
        "proj": 0.0,
        "lastAvgMin": 21.7,
        "oppOver": 0,
        "teamOver": 0,
        "gameLine": "-105",
        "+/-": "+7",
        "L5_+/-": -2.0,
        "prevMatchup": "2023-05-22 2.0 bs 2023-05-20 4.0 bs 2023-05-18 4.0 bs 2023-04-13 2.0 bs 2022-12-30 0.0 bs 2022-11-09 1.0 bs",
        "winLossSplits": "47% - 47%",
        "awayHome": "A",
        "playedYesterday": "N",
        "awayHomeSplits": "45% - 49%",
        "savesAboveExp": -0.102,
        "gsaa": -4.63,
        "corsi": "59.9% (67.4) // 61.2% (68.8) // 59.9% (67.4) // 59.9% (67.4)",
        "fenwick": "59.1% (50.8) // 60.1% (51.8) // 59.1% (50.8) // 59.1% (50.8)",
        "shots": "57.2% (34.3) // 58.4% (34.4) // 57.2% (34.3) // 57.2% (34.3)",
        "scoring": "58.9% (33.3) // 62.3% (33.3) // 58.9% (33.3) // 58.9% (33.3)",
        "corsiAgainst": "40.1% (45.2) // 38.8% (43.6) // 40.1% (45.2) // 40.1% (45.2)",
        "fenwickAgainst": "40.9% (35.1) // 39.9% (34.4) // 40.9% (35.1) // 40.9% (35.1)",
        "shotsAgainst": "42.8% (25.6) // 41.6% (24.5) // 42.8% (25.6) // 42.8% (25.6)",
        "scoringAgainst": "41.1% (23.3) // 37.7% (20.2) // 41.1% (23.3) // 41.1% (23.3)",
        "oppCorsi": "54.2% (66.3) // 52.5% (66.0) // 54.2% (66.3) // 54.2% (66.3)",
        "oppFenwick": "53.6% (49.9) // 52.0% (49.3) // 53.6% (49.9) // 53.6% (49.9)",
        "oppShots": "53.7% (36.5) // 51.9% (35.5) // 53.7% (36.5) // 53.7% (36.5)",
        "oppScoring": "54.6% (34.8) // 53.4% (34.0) // 54.6% (34.8) // 54.6% (34.8)",
        "oppCorsiAgainst": "45.8% (56.1) // 47.5% (59.7) // 45.8% (56.1) // 45.8% (56.1)",
        "oppFenwickAgainst": "46.4% (43.2) // 48.0% (45.5) // 46.4% (43.2) // 46.4% (43.2)",
        "oppShotsAgainst": "46.3% (31.5) // 48.1% (33.0) // 46.3% (31.5) // 46.3% (31.5)",
        "oppScoringAgainst": "45.4% (28.9) // 46.6% (29.7) // 45.4% (28.9) // 45.4% (28.9)",
        "savesPerGame": 23.4,
        "savesPerGameLast1": 16.0,
        "savesPerGameLast3": 32.3,
        "savesPerGameLast5": 29.0,
        "savesPer60": 28.0,
        "savesPer60Last1": 15.1,
        "savesPer60Last3": 46.4,
        "savesPer60Last5": 37.3,
        "shotsPerGame": 34.8,
        "shotsPerGameLast5": 40.4,
        "shotsAgainstPerGame": 26.0,
        "shotsAgainstPerGameLast5": 30.8,
        "oppSavesAgainstPer60": 40.0,
        "oppSavesAgainstPer60Last1": 16.5,
        "oppSavesAgainstPer60Last3": 32.1,
        "oppSavesAgainstPer60Last5": 33.2,
        "oppShotsAgainstPerGame": 31.7,
        "oppShotsAgainstPerGameLast5": 42.6,
        "savesProj": 26.9,
        "savesProjLast5": 35.2,
        "savesProjLast3": 44.0,
        "oppSavesAgainstProj": 31.7,
        "oppSavesAgainstProjLast5": 25.1,
        "oppSavesAgainstProjLast3": 25.9,
        "totalOver": 47,
        "totalOverLast5": 60,
        "totalOverLast15": 60,
        "lastTotalOver": 0,
        "last5": "2,4,4,1,1,3,2,1,2,0",
        "overOdds": "-165",
        "underOdds": "+135",
        "overUnder": "-165 / +135"
    },
    {
        "player": "Jaccob Slavin",
        "team": "CAR",
        "opponent": "FLA",
        "propType": "bs",
        "line": 1.5,
        "ppLine": "",
        "avg": 1.44,
        "hit": false,
        "diffAvg": -0.04,
        "diffAbs": 1.0,
        "lastAvg": 0.0,
        "diff": 0,
        "avgMin": 22,
        "proj": 0.0,
        "lastAvgMin": 23.52,
        "oppOver": 0,
        "teamOver": 0,
        "gameLine": "-105",
        "+/-": "+30",
        "L5_+/-": "+9.0",
        "prevMatchup": "2023-05-22 1.0 bs 2023-05-20 1.0 bs 2023-05-18 6.0 bs 2023-04-13 1.0 bs 2022-12-30 1.0 bs 2022-11-09 2.0 bs",
        "winLossSplits": "39% - 39%",
        "awayHome": "A",
        "playedYesterday": "N",
        "awayHomeSplits": "32% - 46%",
        "savesAboveExp": -0.102,
        "gsaa": -4.63,
        "corsi": "59.9% (67.4) // 61.2% (68.8) // 59.9% (67.4) // 59.9% (67.4)",
        "fenwick": "59.1% (50.8) // 60.1% (51.8) // 59.1% (50.8) // 59.1% (50.8)",
        "shots": "57.2% (34.3) // 58.4% (34.4) // 57.2% (34.3) // 57.2% (34.3)",
        "scoring": "58.9% (33.3) // 62.3% (33.3) // 58.9% (33.3) // 58.9% (33.3)",
        "corsiAgainst": "40.1% (45.2) // 38.8% (43.6) // 40.1% (45.2) // 40.1% (45.2)",
        "fenwickAgainst": "40.9% (35.1) // 39.9% (34.4) // 40.9% (35.1) // 40.9% (35.1)",
        "shotsAgainst": "42.8% (25.6) // 41.6% (24.5) // 42.8% (25.6) // 42.8% (25.6)",
        "scoringAgainst": "41.1% (23.3) // 37.7% (20.2) // 41.1% (23.3) // 41.1% (23.3)",
        "oppCorsi": "54.2% (66.3) // 52.5% (66.0) // 54.2% (66.3) // 54.2% (66.3)",
        "oppFenwick": "53.6% (49.9) // 52.0% (49.3) // 53.6% (49.9) // 53.6% (49.9)",
        "oppShots": "53.7% (36.5) // 51.9% (35.5) // 53.7% (36.5) // 53.7% (36.5)",
        "oppScoring": "54.6% (34.8) // 53.4% (34.0) // 54.6% (34.8) // 54.6% (34.8)",
        "oppCorsiAgainst": "45.8% (56.1) // 47.5% (59.7) // 45.8% (56.1) // 45.8% (56.1)",
        "oppFenwickAgainst": "46.4% (43.2) // 48.0% (45.5) // 46.4% (43.2) // 46.4% (43.2)",
        "oppShotsAgainst": "46.3% (31.5) // 48.1% (33.0) // 46.3% (31.5) // 46.3% (31.5)",
        "oppScoringAgainst": "45.4% (28.9) // 46.6% (29.7) // 45.4% (28.9) // 45.4% (28.9)",
        "savesPerGame": 23.4,
        "savesPerGameLast1": 16.0,
        "savesPerGameLast3": 32.3,
        "savesPerGameLast5": 29.0,
        "savesPer60": 28.0,
        "savesPer60Last1": 15.1,
        "savesPer60Last3": 46.4,
        "savesPer60Last5": 37.3,
        "shotsPerGame": 34.8,
        "shotsPerGameLast5": 40.4,
        "shotsAgainstPerGame": 26.0,
        "shotsAgainstPerGameLast5": 30.8,
        "oppSavesAgainstPer60": 40.0,
        "oppSavesAgainstPer60Last1": 16.5,
        "oppSavesAgainstPer60Last3": 32.1,
        "oppSavesAgainstPer60Last5": 33.2,
        "oppShotsAgainstPerGame": 31.7,
        "oppShotsAgainstPerGameLast5": 42.6,
        "savesProj": 26.9,
        "savesProjLast5": 35.2,
        "savesProjLast3": 44.0,
        "oppSavesAgainstProj": 31.7,
        "oppSavesAgainstProjLast5": 25.1,
        "oppSavesAgainstProjLast3": 25.9,
        "totalOver": 39,
        "totalOverLast5": 20,
        "totalOverLast15": 53,
        "lastTotalOver": 0,
        "last5": "1,1,6,0,1,0,3,1,2,2",
        "overOdds": "-130",
        "underOdds": "+100",
        "overUnder": "-130 / +100"
    },
    {
        "player": "Marc Staal",
        "team": "FLA",
        "opponent": "CAR",
        "propType": "bs",
        "line": 1.5,
        "ppLine": "",
        "avg": 1.47,
        "hit": false,
        "diffAvg": -0.02,
        "diffAbs": 1.0,
        "lastAvg": 0.0,
        "diff": 0,
        "avgMin": 18,
        "proj": 0.0,
        "lastAvgMin": 17.42,
        "oppOver": 0,
        "teamOver": 0,
        "gameLine": "-115",
        "+/-": "+12",
        "L5_+/-": "+1.0",
        "prevMatchup": "2023-05-22 1.0 bs 2023-05-20 2.0 bs 2023-05-18 6.0 bs 2023-04-13 2.0 bs 2022-12-30 0.0 bs 2022-11-09 1.0 bs",
        "winLossSplits": "36% - 43%",
        "awayHome": "H",
        "playedYesterday": "N",
        "awayHomeSplits": "42% - 36%",
        "savesAboveExp": -0.44,
        "gsaa": -0.71,
        "corsi": "54.2% (66.3) // 52.5% (66.0) // 54.2% (66.3) // 54.2% (66.3)",
        "fenwick": "53.6% (49.9) // 52.0% (49.3) // 53.6% (49.9) // 53.6% (49.9)",
        "shots": "53.7% (36.5) // 51.9% (35.5) // 53.7% (36.5) // 53.7% (36.5)",
        "scoring": "54.6% (34.8) // 53.4% (34.0) // 54.6% (34.8) // 54.6% (34.8)",
        "corsiAgainst": "45.8% (56.1) // 47.5% (59.7) // 45.8% (56.1) // 45.8% (56.1)",
        "fenwickAgainst": "46.4% (43.2) // 48.0% (45.5) // 46.4% (43.2) // 46.4% (43.2)",
        "shotsAgainst": "46.3% (31.5) // 48.1% (33.0) // 46.3% (31.5) // 46.3% (31.5)",
        "scoringAgainst": "45.4% (28.9) // 46.6% (29.7) // 45.4% (28.9) // 45.4% (28.9)",
        "oppCorsi": "59.9% (67.4) // 61.2% (68.8) // 59.9% (67.4) // 59.9% (67.4)",
        "oppFenwick": "59.1% (50.8) // 60.1% (51.8) // 59.1% (50.8) // 59.1% (50.8)",
        "oppShots": "57.2% (34.3) // 58.4% (34.4) // 57.2% (34.3) // 57.2% (34.3)",
        "oppScoring": "58.9% (33.3) // 62.3% (33.3) // 58.9% (33.3) // 58.9% (33.3)",
        "oppCorsiAgainst": "40.1% (45.2) // 38.8% (43.6) // 40.1% (45.2) // 40.1% (45.2)",
        "oppFenwickAgainst": "40.9% (35.1) // 39.9% (34.4) // 40.9% (35.1) // 40.9% (35.1)",
        "oppShotsAgainst": "42.8% (25.6) // 41.6% (24.5) // 42.8% (25.6) // 42.8% (25.6)",
        "oppScoringAgainst": "41.1% (23.3) // 37.7% (20.2) // 41.1% (23.3) // 41.1% (23.3)",
        "savesPerGame": 28.4,
        "savesPerGameLast1": 32.0,
        "savesPerGameLast3": 44.0,
        "savesPerGameLast5": 41.2,
        "savesPer60": 34.1,
        "savesPer60Last1": 31.7,
        "savesPer60Last3": 63.8,
        "savesPer60Last5": 54.3,
        "shotsPerGame": 36.8,
        "shotsPerGameLast5": 34.4,
        "shotsAgainstPerGame": 31.7,
        "shotsAgainstPerGameLast5": 42.6,
        "oppSavesAgainstPer60": 37.7,
        "oppSavesAgainstPer60Last1": 32.0,
        "oppSavesAgainstPer60Last3": 44.3,
        "oppSavesAgainstPer60Last5": 38.8,
        "oppShotsAgainstPerGame": 26.0,
        "oppShotsAgainstPerGameLast5": 30.8,
        "savesProj": 38.7,
        "savesProjLast5": 74.1,
        "savesProjLast3": 100.2,
        "oppSavesAgainstProj": 36.7,
        "oppSavesAgainstProjLast5": 44.6,
        "oppSavesAgainstProjLast3": 51.7,
        "totalOver": 39,
        "totalOverLast5": 60,
        "totalOverLast15": 33,
        "lastTotalOver": 0,
        "last5": "1,2,6,2,0,1,0,0,1,0",
        "overOdds": "-110",
        "underOdds": "-120",
        "overUnder": "-110 / -120"
    },
    {
        "player": "Radko Gudas",
        "team": "FLA",
        "opponent": "CAR",
        "propType": "bs",
        "line": 1.5,
        "ppLine": "",
        "avg": 1.79,
        "hit": false,
        "diffAvg": 0.19,
        "diffAbs": 1.0,
        "lastAvg": 0.0,
        "diff": 0,
        "avgMin": 17,
        "proj": 0.0,
        "lastAvgMin": 18.0,
        "oppOver": 0,
        "teamOver": 0,
        "gameLine": "-115",
        "+/-": "+13",
        "L5_+/-": "+3.0",
        "prevMatchup": "2023-05-22 2.0 bs 2023-05-20 0.0 bs 2023-05-18 6.0 bs 2023-04-13 2.0 bs 2022-12-30 2.0 bs 2022-11-09 4.0 bs",
        "winLossSplits": "46% - 57%",
        "awayHome": "H",
        "playedYesterday": "N",
        "awayHomeSplits": "47% - 55%",
        "savesAboveExp": -0.44,
        "gsaa": -0.71,
        "corsi": "54.2% (66.3) // 52.5% (66.0) // 54.2% (66.3) // 54.2% (66.3)",
        "fenwick": "53.6% (49.9) // 52.0% (49.3) // 53.6% (49.9) // 53.6% (49.9)",
        "shots": "53.7% (36.5) // 51.9% (35.5) // 53.7% (36.5) // 53.7% (36.5)",
        "scoring": "54.6% (34.8) // 53.4% (34.0) // 54.6% (34.8) // 54.6% (34.8)",
        "corsiAgainst": "45.8% (56.1) // 47.5% (59.7) // 45.8% (56.1) // 45.8% (56.1)",
        "fenwickAgainst": "46.4% (43.2) // 48.0% (45.5) // 46.4% (43.2) // 46.4% (43.2)",
        "shotsAgainst": "46.3% (31.5) // 48.1% (33.0) // 46.3% (31.5) // 46.3% (31.5)",
        "scoringAgainst": "45.4% (28.9) // 46.6% (29.7) // 45.4% (28.9) // 45.4% (28.9)",
        "oppCorsi": "59.9% (67.4) // 61.2% (68.8) // 59.9% (67.4) // 59.9% (67.4)",
        "oppFenwick": "59.1% (50.8) // 60.1% (51.8) // 59.1% (50.8) // 59.1% (50.8)",
        "oppShots": "57.2% (34.3) // 58.4% (34.4) // 57.2% (34.3) // 57.2% (34.3)",
        "oppScoring": "58.9% (33.3) // 62.3% (33.3) // 58.9% (33.3) // 58.9% (33.3)",
        "oppCorsiAgainst": "40.1% (45.2) // 38.8% (43.6) // 40.1% (45.2) // 40.1% (45.2)",
        "oppFenwickAgainst": "40.9% (35.1) // 39.9% (34.4) // 40.9% (35.1) // 40.9% (35.1)",
        "oppShotsAgainst": "42.8% (25.6) // 41.6% (24.5) // 42.8% (25.6) // 42.8% (25.6)",
        "oppScoringAgainst": "41.1% (23.3) // 37.7% (20.2) // 41.1% (23.3) // 41.1% (23.3)",
        "savesPerGame": 28.4,
        "savesPerGameLast1": 32.0,
        "savesPerGameLast3": 44.0,
        "savesPerGameLast5": 41.2,
        "savesPer60": 34.1,
        "savesPer60Last1": 31.7,
        "savesPer60Last3": 63.8,
        "savesPer60Last5": 54.3,
        "shotsPerGame": 36.8,
        "shotsPerGameLast5": 34.4,
        "shotsAgainstPerGame": 31.7,
        "shotsAgainstPerGameLast5": 42.6,
        "oppSavesAgainstPer60": 37.7,
        "oppSavesAgainstPer60Last1": 32.0,
        "oppSavesAgainstPer60Last3": 44.3,
        "oppSavesAgainstPer60Last5": 38.8,
        "oppShotsAgainstPerGame": 26.0,
        "oppShotsAgainstPerGameLast5": 30.8,
        "savesProj": 38.7,
        "savesProjLast5": 74.1,
        "savesProjLast3": 100.2,
        "oppSavesAgainstProj": 36.7,
        "oppSavesAgainstProjLast5": 44.6,
        "oppSavesAgainstProjLast3": 51.7,
        "totalOver": 51,
        "totalOverLast5": 60,
        "totalOverLast15": 53,
        "lastTotalOver": 0,
        "last5": "2,0,6,4,1,0,1,2,0,1",
        "overOdds": "-160",
        "underOdds": "+130",
        "overUnder": "-160 / +130"
    }
]