[
    {
        "player": "Tj Brodie",
        "team": "TOR",
        "opponent": "CBJ",
        "propType": "bs",
        "line": 1.5,
        "ppLine": "",
        "avg": 1.81,
        "hit": false,
        "diffAvg": 0.21,
        "diffAbs": 1.0,
        "lastAvg": 0.0,
        "diff": 0,
        "avgMin": 21,
        "proj": 0.0,
        "lastAvgMin": 21.3,
        "oppOver": 0,
        "teamOver": 0,
        "gameLine": "-365",
        "+/-": "+11",
        "L5_+/-": "+3.0",
        "prevMatchup": "2023-02-11 2.0 bs 2023-02-10 3.0 bs",
        "winLossSplits": "67% - 43%",
        "awayHome": "H",
        "playedYesterday": "N",
        "awayHomeSplits": "48% - 64%",
        "savesAboveExp": "-",
        "gsaa": "-",
        "corsi": "50.9% (57.5) // 48.6% (56.0) // 54.7% (63.4) // 50.7% (59.4)",
        "fenwick": "51.7% (43.8) // 48.4% (41.7) // 55.4% (49.1) // 51.5% (45.9)",
        "shots": "52.2% (31.7) // 49.4% (30.2) // 57.2% (36.4) // 55.6% (34.7)",
        "scoring": "53.9% (33.4) // 52.4% (31.9) // 59.2% (37.6) // 52.4% (32.7)",
        "corsiAgainst": "49.1% (55.5) // 51.4% (59.2) // 45.3% (52.5) // 49.3% (57.8)",
        "fenwickAgainst": "48.3% (40.9) // 51.6% (44.5) // 44.6% (39.6) // 48.5% (43.3)",
        "shotsAgainst": "47.8% (29.0) // 50.6% (31.0) // 42.8% (27.2) // 44.4% (27.7)",
        "scoringAgainst": "46.1% (28.6) // 47.6% (28.9) // 40.8% (25.9) // 47.6% (29.7)",
        "oppCorsi": "45.8% (55.3) // 45.3% (54.7) // 41.6% (46.7) // 39.9% (46.1)",
        "oppFenwick": "45.6% (41.1) // 44.0% (40.1) // 40.1% (34.3) // 38.0% (33.5)",
        "oppShots": "45.5% (29.2) // 44.9% (29.5) // 41.1% (24.3) // 39.2% (22.9)",
        "oppScoring": "45.0% (27.1) // 44.6% (28.3) // 41.3% (23.5) // 38.3% (22.9)",
        "oppCorsiAgainst": "54.2% (65.4) // 54.7% (66.1) // 58.4% (65.6) // 60.1% (69.3)",
        "oppFenwickAgainst": "54.4% (49.0) // 56.0% (51.1) // 59.9% (51.2) // 62.0% (54.7)",
        "oppShotsAgainst": "54.5% (35.0) // 55.1% (36.2) // 58.9% (34.9) // 60.8% (35.5)",
        "oppScoringAgainst": "55.0% (33.1) // 55.4% (35.1) // 58.7% (33.5) // 61.7% (36.8)",
        "savesPerGame": 26.5,
        "savesPerGameLast1": 19.0,
        "savesPerGameLast3": 25.3,
        "savesPerGameLast5": 24.4,
        "savesPer60": 26.5,
        "savesPer60Last1": 18.7,
        "savesPer60Last3": 25.4,
        "savesPer60Last5": 24.3,
        "shotsPerGame": 32.0,
        "shotsPerGameLast5": 36.6,
        "shotsAgainstPerGame": 29.2,
        "shotsAgainstPerGameLast5": 27.4,
        "oppSavesAgainstPer60": 26.8,
        "oppSavesAgainstPer60Last1": 17.9,
        "oppSavesAgainstPer60Last3": 21.5,
        "oppSavesAgainstPer60Last5": 22.8,
        "oppShotsAgainstPerGame": 35.3,
        "oppShotsAgainstPerGameLast5": 35.0,
        "savesProj": 22.8,
        "savesProjLast5": 17.6,
        "savesProjLast3": 17.4,
        "oppSavesAgainstProj": 25.2,
        "oppSavesAgainstProjLast5": 18.8,
        "oppSavesAgainstProjLast3": 18.3,
        "totalOver": 57,
        "totalOverLast5": 40,
        "totalOverLast15": 60,
        "lastTotalOver": 0,
        "last5": "1,2,1,0,2,1,3,3,3,2",
        "overOdds": "-145",
        "underOdds": "+115",
        "overUnder": "-145 / +115"
    },
    {
        "player": "Andrew Peeke",
        "team": "CBJ",
        "opponent": "TOR",
        "propType": "bs",
        "line": 2.5,
        "ppLine": "",
        "avg": 2.46,
        "hit": false,
        "diffAvg": -0.02,
        "diffAbs": 1.0,
        "lastAvg": 0.0,
        "diff": 0,
        "avgMin": 21,
        "proj": 0.0,
        "lastAvgMin": 21.47,
        "oppOver": 0,
        "teamOver": 0,
        "gameLine": "+300",
        "+/-": -38,
        "L5_+/-": -17.0,
        "prevMatchup": "2023-02-11 8.0 bs 2023-02-10 3.0 bs",
        "winLossSplits": "52% - 29%",
        "awayHome": "A",
        "playedYesterday": "N",
        "awayHomeSplits": "35% - 38%",
        "savesAboveExp": 0.388,
        "gsaa": 11.93,
        "corsi": "45.8% (55.3) // 45.3% (54.7) // 41.6% (46.7) // 39.9% (46.1)",
        "fenwick": "45.6% (41.1) // 44.0% (40.1) // 40.1% (34.3) // 38.0% (33.5)",
        "shots": "45.5% (29.2) // 44.9% (29.5) // 41.1% (24.3) // 39.2% (22.9)",
        "scoring": "45.0% (27.1) // 44.6% (28.3) // 41.3% (23.5) // 38.3% (22.9)",
        "corsiAgainst": "54.2% (65.4) // 54.7% (66.1) // 58.4% (65.6) // 60.1% (69.3)",
        "fenwickAgainst": "54.4% (49.0) // 56.0% (51.1) // 59.9% (51.2) // 62.0% (54.7)",
        "shotsAgainst": "54.5% (35.0) // 55.1% (36.2) // 58.9% (34.9) // 60.8% (35.5)",
        "scoringAgainst": "55.0% (33.1) // 55.4% (35.1) // 58.7% (33.5) // 61.7% (36.8)",
        "oppCorsi": "50.9% (57.5) // 48.6% (56.0) // 54.7% (63.4) // 50.7% (59.4)",
        "oppFenwick": "51.7% (43.8) // 48.4% (41.7) // 55.4% (49.1) // 51.5% (45.9)",
        "oppShots": "52.2% (31.7) // 49.4% (30.2) // 57.2% (36.4) // 55.6% (34.7)",
        "oppScoring": "53.9% (33.4) // 52.4% (31.9) // 59.2% (37.6) // 52.4% (32.7)",
        "oppCorsiAgainst": "49.1% (55.5) // 51.4% (59.2) // 45.3% (52.5) // 49.3% (57.8)",
        "oppFenwickAgainst": "48.3% (40.9) // 51.6% (44.5) // 44.6% (39.6) // 48.5% (43.3)",
        "oppShotsAgainst": "47.8% (29.0) // 50.6% (31.0) // 42.8% (27.2) // 44.4% (27.7)",
        "oppScoringAgainst": "46.1% (28.6) // 47.6% (28.9) // 40.8% (25.9) // 47.6% (29.7)",
        "savesPerGame": 31.3,
        "savesPerGameLast1": 24.0,
        "savesPerGameLast3": 31.7,
        "savesPerGameLast5": 29.8,
        "savesPer60": 31.2,
        "savesPer60Last1": 24.1,
        "savesPer60Last3": 31.8,
        "savesPer60Last5": 29.8,
        "shotsPerGame": 29.5,
        "shotsPerGameLast5": 24.4,
        "shotsAgainstPerGame": 35.3,
        "shotsAgainstPerGameLast5": 35.0,
        "oppSavesAgainstPer60": 28.4,
        "oppSavesAgainstPer60Last1": 43.0,
        "oppSavesAgainstPer60Last3": 33.1,
        "oppSavesAgainstPer60Last5": 34.3,
        "oppShotsAgainstPerGame": 29.2,
        "oppShotsAgainstPerGameLast5": 27.4,
        "savesProj": 33.6,
        "savesProjLast5": 38.2,
        "savesProjLast3": 39.2,
        "oppSavesAgainstProj": 31.4,
        "oppSavesAgainstProjLast5": 34.9,
        "oppSavesAgainstProjLast3": 33.7,
        "totalOver": 36,
        "totalOverLast5": 60,
        "totalOverLast15": 60,
        "lastTotalOver": 0,
        "last5": "2,3,3,1,3,7,5,1,1,2",
        "overOdds": "-125",
        "underOdds": "-105",
        "overUnder": "-125 / -105"
    },
    {
        "player": "Justin Holl",
        "team": "TOR",
        "opponent": "CBJ",
        "propType": "bs",
        "line": 1.5,
        "ppLine": "",
        "avg": 1.76,
        "hit": false,
        "diffAvg": 0.17,
        "diffAbs": 1.0,
        "lastAvg": 0.0,
        "diff": 0,
        "avgMin": 20,
        "proj": 0.0,
        "lastAvgMin": 20.2,
        "oppOver": 0,
        "teamOver": 0,
        "gameLine": "-365",
        "+/-": "+16",
        "L5_+/-": -1.0,
        "prevMatchup": "2023-02-11 2.0 bs 2023-02-10 1.0 bs",
        "winLossSplits": "60% - 42%",
        "awayHome": "H",
        "playedYesterday": "N",
        "awayHomeSplits": "54% - 51%",
        "savesAboveExp": "-",
        "gsaa": "-",
        "corsi": "50.9% (57.5) // 48.6% (56.0) // 54.7% (63.4) // 50.7% (59.4)",
        "fenwick": "51.7% (43.8) // 48.4% (41.7) // 55.4% (49.1) // 51.5% (45.9)",
        "shots": "52.2% (31.7) // 49.4% (30.2) // 57.2% (36.4) // 55.6% (34.7)",
        "scoring": "53.9% (33.4) // 52.4% (31.9) // 59.2% (37.6) // 52.4% (32.7)",
        "corsiAgainst": "49.1% (55.5) // 51.4% (59.2) // 45.3% (52.5) // 49.3% (57.8)",
        "fenwickAgainst": "48.3% (40.9) // 51.6% (44.5) // 44.6% (39.6) // 48.5% (43.3)",
        "shotsAgainst": "47.8% (29.0) // 50.6% (31.0) // 42.8% (27.2) // 44.4% (27.7)",
        "scoringAgainst": "46.1% (28.6) // 47.6% (28.9) // 40.8% (25.9) // 47.6% (29.7)",
        "oppCorsi": "45.8% (55.3) // 45.3% (54.7) // 41.6% (46.7) // 39.9% (46.1)",
        "oppFenwick": "45.6% (41.1) // 44.0% (40.1) // 40.1% (34.3) // 38.0% (33.5)",
        "oppShots": "45.5% (29.2) // 44.9% (29.5) // 41.1% (24.3) // 39.2% (22.9)",
        "oppScoring": "45.0% (27.1) // 44.6% (28.3) // 41.3% (23.5) // 38.3% (22.9)",
        "oppCorsiAgainst": "54.2% (65.4) // 54.7% (66.1) // 58.4% (65.6) // 60.1% (69.3)",
        "oppFenwickAgainst": "54.4% (49.0) // 56.0% (51.1) // 59.9% (51.2) // 62.0% (54.7)",
        "oppShotsAgainst": "54.5% (35.0) // 55.1% (36.2) // 58.9% (34.9) // 60.8% (35.5)",
        "oppScoringAgainst": "55.0% (33.1) // 55.4% (35.1) // 58.7% (33.5) // 61.7% (36.8)",
        "savesPerGame": 26.5,
        "savesPerGameLast1": 19.0,
        "savesPerGameLast3": 25.3,
        "savesPerGameLast5": 24.4,
        "savesPer60": 26.5,
        "savesPer60Last1": 18.7,
        "savesPer60Last3": 25.4,
        "savesPer60Last5": 24.3,
        "shotsPerGame": 32.0,
        "shotsPerGameLast5": 36.6,
        "shotsAgainstPerGame": 29.2,
        "shotsAgainstPerGameLast5": 27.4,
        "oppSavesAgainstPer60": 26.8,
        "oppSavesAgainstPer60Last1": 17.9,
        "oppSavesAgainstPer60Last3": 21.5,
        "oppSavesAgainstPer60Last5": 22.8,
        "oppShotsAgainstPerGame": 35.3,
        "oppShotsAgainstPerGameLast5": 35.0,
        "savesProj": 22.8,
        "savesProjLast5": 17.6,
        "savesProjLast3": 17.4,
        "oppSavesAgainstProj": 25.2,
        "oppSavesAgainstProjLast5": 18.8,
        "oppSavesAgainstProjLast3": 18.3,
        "totalOver": 53,
        "totalOverLast5": 20,
        "totalOverLast15": 47,
        "lastTotalOver": 0,
        "last5": "1,2,1,1,0,2,0,7,0,3",
        "overOdds": "-105",
        "underOdds": "-125",
        "overUnder": "-105 / -125"
    },
    {
        "player": "Mike Matheson",
        "team": "MTL",
        "opponent": "DET",
        "propType": "bs",
        "line": 1.5,
        "ppLine": "PP1",
        "avg": 1.5,
        "hit": false,
        "diffAvg": 0.0,
        "diffAbs": 1.0,
        "lastAvg": 0.0,
        "diff": 0,
        "avgMin": 24,
        "proj": 0.0,
        "lastAvgMin": 18.78,
        "oppOver": 0,
        "teamOver": 0,
        "gameLine": "+100",
        "+/-": "+3",
        "L5_+/-": -2.0,
        "prevMatchup": "2023-01-26 2.0 bs",
        "winLossSplits": "59% - 28%",
        "awayHome": "H",
        "playedYesterday": "N",
        "awayHomeSplits": "45% - 36%",
        "savesAboveExp": -0.011,
        "gsaa": -7.2,
        "corsi": "44.7% (50.9) // 43.6% (48.1) // 46.5% (50.4) // 34.6% (37.5)",
        "fenwick": "44.6% (37.0) // 44.1% (36.3) // 45.1% (35.4) // 31.0% (24.5)",
        "shots": "44.7% (27.0) // 43.1% (25.8) // 45.5% (26.8) // 29.8% (17.0)",
        "scoring": "42.7% (25.0) // 40.5% (21.6) // 44.9% (22.4) // 27.7% (13.0)",
        "corsiAgainst": "55.3% (62.9) // 56.4% (62.3) // 53.5% (58.0) // 65.4% (71.0)",
        "fenwickAgainst": "55.4% (45.8) // 55.9% (46.0) // 54.9% (43.1) // 69.0% (54.5)",
        "shotsAgainst": "55.3% (33.4) // 56.9% (34.0) // 54.5% (32.1) // 70.2% (40.0)",
        "scoringAgainst": "57.3% (33.6) // 59.5% (31.8) // 55.1% (27.5) // 72.3% (34.0)",
        "oppCorsi": "47.1% (52.2) // 49.1% (52.8) // 42.9% (50.4) // 37.7% (45.0)",
        "oppFenwick": "47.7% (39.1) // 49.1% (38.9) // 42.7% (37.0) // 39.9% (35.0)",
        "oppShots": "48.2% (28.1) // 49.3% (26.6) // 42.7% (25.0) // 39.9% (23.7)",
        "oppScoring": "45.7% (25.5) // 46.8% (24.7) // 39.4% (23.0) // 35.8% (21.3)",
        "oppCorsiAgainst": "52.9% (58.6) // 50.9% (54.6) // 57.1% (67.0) // 62.3% (74.3)",
        "oppFenwickAgainst": "52.3% (42.8) // 50.9% (40.4) // 57.3% (49.6) // 60.1% (52.7)",
        "oppShotsAgainst": "51.8% (30.2) // 50.7% (27.4) // 57.3% (33.6) // 60.1% (35.7)",
        "oppScoringAgainst": "54.3% (30.3) // 53.2% (28.1) // 60.6% (35.4) // 64.2% (38.3)",
        "savesPerGame": 30.2,
        "savesPerGameLast1": 47.0,
        "savesPerGameLast3": 32.0,
        "savesPerGameLast5": 29.4,
        "savesPer60": 29.8,
        "savesPer60Last1": 47.0,
        "savesPer60Last3": 32.7,
        "savesPer60Last5": 29.6,
        "shotsPerGame": 27.4,
        "shotsPerGameLast5": 27.2,
        "shotsAgainstPerGame": 33.8,
        "shotsAgainstPerGameLast5": 32.6,
        "oppSavesAgainstPer60": 25.6,
        "oppSavesAgainstPer60Last1": 19.9,
        "oppSavesAgainstPer60Last3": 21.2,
        "oppSavesAgainstPer60Last5": 22.2,
        "oppShotsAgainstPerGame": 30.6,
        "oppShotsAgainstPerGameLast5": 33.6,
        "savesProj": 27.8,
        "savesProjLast5": 23.3,
        "savesProjLast3": 24.3,
        "oppSavesAgainstProj": 27.2,
        "oppSavesAgainstProjLast5": 20.6,
        "oppSavesAgainstProjLast3": 23.2,
        "totalOver": 40,
        "totalOverLast5": 20,
        "totalOverLast15": 33,
        "lastTotalOver": 0,
        "last5": "1,0,1,1,2,3,0,0,6,2",
        "overOdds": "-120",
        "underOdds": "-110",
        "overUnder": "-120 / -110"
    },
    {
        "player": "Moritz Seider",
        "team": "DET",
        "opponent": "MTL",
        "propType": "bs",
        "line": 1.5,
        "ppLine": "PP1",
        "avg": 2.38,
        "hit": false,
        "diffAvg": 0.59,
        "diffAbs": 1.0,
        "lastAvg": 0.0,
        "diff": 0,
        "avgMin": 23,
        "proj": 0.0,
        "lastAvgMin": 23.03,
        "oppOver": 0,
        "teamOver": 0,
        "gameLine": "-120",
        "+/-": -4,
        "L5_+/-": "+5.0",
        "prevMatchup": "2023-01-26 2.0 bs 2022-11-08 1.0 bs 2022-10-14 2.0 bs",
        "winLossSplits": "79% - 62%",
        "awayHome": "A",
        "playedYesterday": "N",
        "awayHomeSplits": "66% - 74%",
        "savesAboveExp": "-",
        "gsaa": "-",
        "corsi": "47.1% (52.2) // 49.1% (52.8) // 42.9% (50.4) // 37.7% (45.0)",
        "fenwick": "47.7% (39.1) // 49.1% (38.9) // 42.7% (37.0) // 39.9% (35.0)",
        "shots": "48.2% (28.1) // 49.3% (26.6) // 42.7% (25.0) // 39.9% (23.7)",
        "scoring": "45.7% (25.5) // 46.8% (24.7) // 39.4% (23.0) // 35.8% (21.3)",
        "corsiAgainst": "52.9% (58.6) // 50.9% (54.6) // 57.1% (67.0) // 62.3% (74.3)",
        "fenwickAgainst": "52.3% (42.8) // 50.9% (40.4) // 57.3% (49.6) // 60.1% (52.7)",
        "shotsAgainst": "51.8% (30.2) // 50.7% (27.4) // 57.3% (33.6) // 60.1% (35.7)",
        "scoringAgainst": "54.3% (30.3) // 53.2% (28.1) // 60.6% (35.4) // 64.2% (38.3)",
        "oppCorsi": "44.7% (50.9) // 43.6% (48.1) // 46.5% (50.4) // 34.6% (37.5)",
        "oppFenwick": "44.6% (37.0) // 44.1% (36.3) // 45.1% (35.4) // 31.0% (24.5)",
        "oppShots": "44.7% (27.0) // 43.1% (25.8) // 45.5% (26.8) // 29.8% (17.0)",
        "oppScoring": "42.7% (25.0) // 40.5% (21.6) // 44.9% (22.4) // 27.7% (13.0)",
        "oppCorsiAgainst": "55.3% (62.9) // 56.4% (62.3) // 53.5% (58.0) // 65.4% (71.0)",
        "oppFenwickAgainst": "55.4% (45.8) // 55.9% (46.0) // 54.9% (43.1) // 69.0% (54.5)",
        "oppShotsAgainst": "55.3% (33.4) // 56.9% (34.0) // 54.5% (32.1) // 70.2% (40.0)",
        "oppScoringAgainst": "57.3% (33.6) // 59.5% (31.8) // 55.1% (27.5) // 72.3% (34.0)",
        "savesPerGame": 27.3,
        "savesPerGameLast1": 43.0,
        "savesPerGameLast3": 32.3,
        "savesPerGameLast5": 30.2,
        "savesPer60": 27.4,
        "savesPer60Last1": 43.0,
        "savesPer60Last3": 32.3,
        "savesPer60Last5": 29.9,
        "shotsPerGame": 28.5,
        "shotsPerGameLast5": 25.0,
        "shotsAgainstPerGame": 30.6,
        "shotsAgainstPerGameLast5": 33.6,
        "oppSavesAgainstPer60": 24.4,
        "oppSavesAgainstPer60Last1": 14.0,
        "oppSavesAgainstPer60Last3": 19.7,
        "oppSavesAgainstPer60Last5": 24.2,
        "oppShotsAgainstPerGame": 33.8,
        "oppShotsAgainstPerGameLast5": 32.6,
        "savesProj": 22.6,
        "savesProjLast5": 24.7,
        "savesProjLast3": 25.3,
        "oppSavesAgainstProj": 23.6,
        "oppSavesAgainstProjLast5": 25.0,
        "oppSavesAgainstProjLast3": 21.9,
        "totalOver": 70,
        "totalOverLast5": 20,
        "totalOverLast15": 53,
        "lastTotalOver": 0,
        "last5": "2,1,1,1,0,2,1,3,3,2",
        "overOdds": "-165",
        "underOdds": "+135",
        "overUnder": "-165 / +135"
    },
    {
        "player": "Ben Chiarot",
        "team": "DET",
        "opponent": "MTL",
        "propType": "bs",
        "line": 1.5,
        "ppLine": "",
        "avg": 2.29,
        "hit": false,
        "diffAvg": 0.53,
        "diffAbs": 1.0,
        "lastAvg": 0.0,
        "diff": 0,
        "avgMin": 20,
        "proj": 0.0,
        "lastAvgMin": 22.83,
        "oppOver": 0,
        "teamOver": 0,
        "gameLine": "-120",
        "+/-": -23,
        "L5_+/-": -1.0,
        "prevMatchup": "2023-01-26 2.0 bs 2022-11-08 1.0 bs 2022-10-14 2.0 bs",
        "winLossSplits": "75% - 45%",
        "awayHome": "A",
        "playedYesterday": "N",
        "awayHomeSplits": "61% - 56%",
        "savesAboveExp": "-",
        "gsaa": "-",
        "corsi": "47.1% (52.2) // 49.1% (52.8) // 42.9% (50.4) // 37.7% (45.0)",
        "fenwick": "47.7% (39.1) // 49.1% (38.9) // 42.7% (37.0) // 39.9% (35.0)",
        "shots": "48.2% (28.1) // 49.3% (26.6) // 42.7% (25.0) // 39.9% (23.7)",
        "scoring": "45.7% (25.5) // 46.8% (24.7) // 39.4% (23.0) // 35.8% (21.3)",
        "corsiAgainst": "52.9% (58.6) // 50.9% (54.6) // 57.1% (67.0) // 62.3% (74.3)",
        "fenwickAgainst": "52.3% (42.8) // 50.9% (40.4) // 57.3% (49.6) // 60.1% (52.7)",
        "shotsAgainst": "51.8% (30.2) // 50.7% (27.4) // 57.3% (33.6) // 60.1% (35.7)",
        "scoringAgainst": "54.3% (30.3) // 53.2% (28.1) // 60.6% (35.4) // 64.2% (38.3)",
        "oppCorsi": "44.7% (50.9) // 43.6% (48.1) // 46.5% (50.4) // 34.6% (37.5)",
        "oppFenwick": "44.6% (37.0) // 44.1% (36.3) // 45.1% (35.4) // 31.0% (24.5)",
        "oppShots": "44.7% (27.0) // 43.1% (25.8) // 45.5% (26.8) // 29.8% (17.0)",
        "oppScoring": "42.7% (25.0) // 40.5% (21.6) // 44.9% (22.4) // 27.7% (13.0)",
        "oppCorsiAgainst": "55.3% (62.9) // 56.4% (62.3) // 53.5% (58.0) // 65.4% (71.0)",
        "oppFenwickAgainst": "55.4% (45.8) // 55.9% (46.0) // 54.9% (43.1) // 69.0% (54.5)",
        "oppShotsAgainst": "55.3% (33.4) // 56.9% (34.0) // 54.5% (32.1) // 70.2% (40.0)",
        "oppScoringAgainst": "57.3% (33.6) // 59.5% (31.8) // 55.1% (27.5) // 72.3% (34.0)",
        "savesPerGame": 27.3,
        "savesPerGameLast1": 43.0,
        "savesPerGameLast3": 32.3,
        "savesPerGameLast5": 30.2,
        "savesPer60": 27.4,
        "savesPer60Last1": 43.0,
        "savesPer60Last3": 32.3,
        "savesPer60Last5": 29.9,
        "shotsPerGame": 28.5,
        "shotsPerGameLast5": 25.0,
        "shotsAgainstPerGame": 30.6,
        "shotsAgainstPerGameLast5": 33.6,
        "oppSavesAgainstPer60": 24.4,
        "oppSavesAgainstPer60Last1": 14.0,
        "oppSavesAgainstPer60Last3": 19.7,
        "oppSavesAgainstPer60Last5": 24.2,
        "oppShotsAgainstPerGame": 33.8,
        "oppShotsAgainstPerGameLast5": 32.6,
        "savesProj": 22.6,
        "savesProjLast5": 24.7,
        "savesProjLast3": 25.3,
        "oppSavesAgainstProj": 23.6,
        "oppSavesAgainstProjLast5": 25.0,
        "oppSavesAgainstProjLast3": 21.9,
        "totalOver": 59,
        "totalOverLast5": 80,
        "totalOverLast15": 67,
        "lastTotalOver": 0,
        "last5": "2,5,1,2,4,4,2,3,1,3",
        "overOdds": "-185",
        "underOdds": "+150",
        "overUnder": "-185 / +150"
    },
    {
        "player": "Joel Edmundson",
        "team": "MTL",
        "opponent": "DET",
        "propType": "bs",
        "line": 1.5,
        "ppLine": "",
        "avg": 2.51,
        "hit": false,
        "diffAvg": 0.67,
        "diffAbs": 1.0,
        "lastAvg": 0.0,
        "diff": 0,
        "avgMin": 19,
        "proj": 0.0,
        "lastAvgMin": 19.58,
        "oppOver": 0,
        "teamOver": 0,
        "gameLine": "+100",
        "+/-": -21,
        "L5_+/-": -3.0,
        "prevMatchup": "2023-01-26 0.0 bs 2022-11-08 7.0 bs",
        "winLossSplits": "74% - 61%",
        "awayHome": "H",
        "playedYesterday": "N",
        "awayHomeSplits": "63% - 68%",
        "savesAboveExp": -0.011,
        "gsaa": -7.2,
        "corsi": "44.7% (50.9) // 43.6% (48.1) // 46.5% (50.4) // 34.6% (37.5)",
        "fenwick": "44.6% (37.0) // 44.1% (36.3) // 45.1% (35.4) // 31.0% (24.5)",
        "shots": "44.7% (27.0) // 43.1% (25.8) // 45.5% (26.8) // 29.8% (17.0)",
        "scoring": "42.7% (25.0) // 40.5% (21.6) // 44.9% (22.4) // 27.7% (13.0)",
        "corsiAgainst": "55.3% (62.9) // 56.4% (62.3) // 53.5% (58.0) // 65.4% (71.0)",
        "fenwickAgainst": "55.4% (45.8) // 55.9% (46.0) // 54.9% (43.1) // 69.0% (54.5)",
        "shotsAgainst": "55.3% (33.4) // 56.9% (34.0) // 54.5% (32.1) // 70.2% (40.0)",
        "scoringAgainst": "57.3% (33.6) // 59.5% (31.8) // 55.1% (27.5) // 72.3% (34.0)",
        "oppCorsi": "47.1% (52.2) // 49.1% (52.8) // 42.9% (50.4) // 37.7% (45.0)",
        "oppFenwick": "47.7% (39.1) // 49.1% (38.9) // 42.7% (37.0) // 39.9% (35.0)",
        "oppShots": "48.2% (28.1) // 49.3% (26.6) // 42.7% (25.0) // 39.9% (23.7)",
        "oppScoring": "45.7% (25.5) // 46.8% (24.7) // 39.4% (23.0) // 35.8% (21.3)",
        "oppCorsiAgainst": "52.9% (58.6) // 50.9% (54.6) // 57.1% (67.0) // 62.3% (74.3)",
        "oppFenwickAgainst": "52.3% (42.8) // 50.9% (40.4) // 57.3% (49.6) // 60.1% (52.7)",
        "oppShotsAgainst": "51.8% (30.2) // 50.7% (27.4) // 57.3% (33.6) // 60.1% (35.7)",
        "oppScoringAgainst": "54.3% (30.3) // 53.2% (28.1) // 60.6% (35.4) // 64.2% (38.3)",
        "savesPerGame": 30.2,
        "savesPerGameLast1": 47.0,
        "savesPerGameLast3": 32.0,
        "savesPerGameLast5": 29.4,
        "savesPer60": 29.8,
        "savesPer60Last1": 47.0,
        "savesPer60Last3": 32.7,
        "savesPer60Last5": 29.6,
        "shotsPerGame": 27.4,
        "shotsPerGameLast5": 27.2,
        "shotsAgainstPerGame": 33.8,
        "shotsAgainstPerGameLast5": 32.6,
        "oppSavesAgainstPer60": 25.6,
        "oppSavesAgainstPer60Last1": 19.9,
        "oppSavesAgainstPer60Last3": 21.2,
        "oppSavesAgainstPer60Last5": 22.2,
        "oppShotsAgainstPerGame": 30.6,
        "oppShotsAgainstPerGameLast5": 33.6,
        "savesProj": 27.8,
        "savesProjLast5": 23.3,
        "savesProjLast3": 24.3,
        "oppSavesAgainstProj": 27.2,
        "oppSavesAgainstProjLast5": 20.6,
        "oppSavesAgainstProjLast3": 23.2,
        "totalOver": 65,
        "totalOverLast5": 40,
        "totalOverLast15": 60,
        "lastTotalOver": 0,
        "last5": "3,1,0,3,1,2,3,0,2,2",
        "overOdds": "-185",
        "underOdds": "+150",
        "overUnder": "-185 / +150"
    },
    {
        "player": "Jake Sanderson",
        "team": "OTT",
        "opponent": "CAR",
        "propType": "bs",
        "line": 2.5,
        "ppLine": "PP1",
        "avg": 1.89,
        "hit": false,
        "diffAvg": -0.24,
        "diffAbs": 1.0,
        "lastAvg": 0,
        "diff": 0,
        "avgMin": 21,
        "proj": 0.0,
        "lastAvgMin": 0,
        "oppOver": 0,
        "teamOver": 0,
        "gameLine": "+220",
        "+/-": -9,
        "L5_+/-": -5.0,
        "prevMatchup": "2023-02-24 1.0 bs",
        "winLossSplits": "29% - 32%",
        "awayHome": "A",
        "playedYesterday": "N",
        "awayHomeSplits": "28% - 33%",
        "savesAboveExp": -0.44,
        "gsaa": -0.04,
        "corsi": "51.3% (61.3) // 52.8% (64.1) // 55.1% (61.8) // 65.2% (70.6)",
        "fenwick": "51.7% (45.9) // 54.7% (49.1) // 56.3% (47.3) // 67.1% (55.1)",
        "shots": "51.4% (32.9) // 53.9% (34.0) // 56.6% (31.6) // 66.2% (34.3)",
        "scoring": "50.6% (32.1) // 48.9% (30.8) // 51.3% (28.0) // 64.0% (34.0)",
        "corsiAgainst": "48.7% (58.2) // 47.2% (57.3) // 44.9% (50.3) // 34.8% (37.6)",
        "fenwickAgainst": "48.3% (43.0) // 45.3% (40.6) // 43.7% (36.8) // 32.9% (27.1)",
        "shotsAgainst": "48.6% (31.1) // 46.1% (29.1) // 43.4% (24.2) // 33.8% (17.5)",
        "scoringAgainst": "49.4% (31.3) // 51.1% (32.2) // 48.7% (26.6) // 36.0% (19.1)",
        "oppCorsi": "60.0% (67.5) // 60.4% (68.3) // 59.0% (67.7) // 68.9% (78.3)",
        "oppFenwick": "59.3% (50.9) // 59.5% (51.3) // 59.3% (51.9) // 68.1% (57.7)",
        "oppShots": "57.5% (34.4) // 57.0% (34.8) // 57.1% (35.2) // 67.0% (39.3)",
        "oppScoring": "59.0% (33.4) // 56.8% (31.3) // 58.7% (32.7) // 75.3% (37.7)",
        "oppCorsiAgainst": "40.0% (45.0) // 39.6% (44.7) // 41.0% (47.0) // 31.1% (35.3)",
        "oppFenwickAgainst": "40.7% (34.9) // 40.5% (35.0) // 40.7% (35.7) // 31.9% (27.0)",
        "oppShotsAgainst": "42.5% (25.5) // 43.0% (26.3) // 42.9% (26.5) // 33.0% (19.3)",
        "oppScoringAgainst": "41.0% (23.3) // 43.2% (23.8) // 41.3% (23.0) // 24.7% (12.3)",
        "savesPerGame": 28.1,
        "savesPerGameLast1": 18.0,
        "savesPerGameLast3": 14.0,
        "savesPerGameLast5": 20.8,
        "savesPer60": 28.1,
        "savesPer60Last1": 18.1,
        "savesPer60Last3": 13.8,
        "savesPer60Last5": 20.5,
        "shotsPerGame": 33.2,
        "shotsPerGameLast5": 31.8,
        "shotsAgainstPerGame": 31.4,
        "shotsAgainstPerGameLast5": 24.4,
        "oppSavesAgainstPer60": 31.9,
        "oppSavesAgainstPer60Last1": 33.0,
        "oppSavesAgainstPer60Last3": 37.2,
        "oppSavesAgainstPer60Last5": 35.9,
        "oppShotsAgainstPerGame": 25.8,
        "oppShotsAgainstPerGameLast5": 23.4,
        "savesProj": 37.9,
        "savesProjLast5": 30.7,
        "savesProjLast3": 21.7,
        "oppSavesAgainstProj": 32.0,
        "oppSavesAgainstProjLast5": 24.9,
        "oppSavesAgainstProjLast3": 19.1,
        "totalOver": 31,
        "totalOverLast5": 60,
        "totalOverLast15": 53,
        "lastTotalOver": 0,
        "last5": "4,2,3,3,1,1,3,5,4,4",
        "overOdds": "+150",
        "underOdds": "-185",
        "overUnder": "+150 / -185"
    },
    {
        "player": "Artyom Zub",
        "team": "OTT",
        "opponent": "CAR",
        "propType": "bs",
        "line": 1.5,
        "ppLine": "",
        "avg": 1.23,
        "hit": false,
        "diffAvg": -0.18,
        "diffAbs": 1.0,
        "lastAvg": 0.0,
        "diff": 0,
        "avgMin": 20,
        "proj": 0.0,
        "lastAvgMin": 21.03,
        "oppOver": 0,
        "teamOver": 0,
        "gameLine": "+220",
        "+/-": -3,
        "L5_+/-": -4.0,
        "prevMatchup": "2023-02-24 3.0 bs",
        "winLossSplits": "35% - 28%",
        "awayHome": "A",
        "playedYesterday": "N",
        "awayHomeSplits": "42% - 21%",
        "savesAboveExp": -0.44,
        "gsaa": -0.04,
        "corsi": "51.3% (61.3) // 52.8% (64.1) // 55.1% (61.8) // 65.2% (70.6)",
        "fenwick": "51.7% (45.9) // 54.7% (49.1) // 56.3% (47.3) // 67.1% (55.1)",
        "shots": "51.4% (32.9) // 53.9% (34.0) // 56.6% (31.6) // 66.2% (34.3)",
        "scoring": "50.6% (32.1) // 48.9% (30.8) // 51.3% (28.0) // 64.0% (34.0)",
        "corsiAgainst": "48.7% (58.2) // 47.2% (57.3) // 44.9% (50.3) // 34.8% (37.6)",
        "fenwickAgainst": "48.3% (43.0) // 45.3% (40.6) // 43.7% (36.8) // 32.9% (27.1)",
        "shotsAgainst": "48.6% (31.1) // 46.1% (29.1) // 43.4% (24.2) // 33.8% (17.5)",
        "scoringAgainst": "49.4% (31.3) // 51.1% (32.2) // 48.7% (26.6) // 36.0% (19.1)",
        "oppCorsi": "60.0% (67.5) // 60.4% (68.3) // 59.0% (67.7) // 68.9% (78.3)",
        "oppFenwick": "59.3% (50.9) // 59.5% (51.3) // 59.3% (51.9) // 68.1% (57.7)",
        "oppShots": "57.5% (34.4) // 57.0% (34.8) // 57.1% (35.2) // 67.0% (39.3)",
        "oppScoring": "59.0% (33.4) // 56.8% (31.3) // 58.7% (32.7) // 75.3% (37.7)",
        "oppCorsiAgainst": "40.0% (45.0) // 39.6% (44.7) // 41.0% (47.0) // 31.1% (35.3)",
        "oppFenwickAgainst": "40.7% (34.9) // 40.5% (35.0) // 40.7% (35.7) // 31.9% (27.0)",
        "oppShotsAgainst": "42.5% (25.5) // 43.0% (26.3) // 42.9% (26.5) // 33.0% (19.3)",
        "oppScoringAgainst": "41.0% (23.3) // 43.2% (23.8) // 41.3% (23.0) // 24.7% (12.3)",
        "savesPerGame": 28.1,
        "savesPerGameLast1": 18.0,
        "savesPerGameLast3": 14.0,
        "savesPerGameLast5": 20.8,
        "savesPer60": 28.1,
        "savesPer60Last1": 18.1,
        "savesPer60Last3": 13.8,
        "savesPer60Last5": 20.5,
        "shotsPerGame": 33.2,
        "shotsPerGameLast5": 31.8,
        "shotsAgainstPerGame": 31.4,
        "shotsAgainstPerGameLast5": 24.4,
        "oppSavesAgainstPer60": 31.9,
        "oppSavesAgainstPer60Last1": 33.0,
        "oppSavesAgainstPer60Last3": 37.2,
        "oppSavesAgainstPer60Last5": 35.9,
        "oppShotsAgainstPerGame": 25.8,
        "oppShotsAgainstPerGameLast5": 23.4,
        "savesProj": 37.9,
        "savesProjLast5": 30.7,
        "savesProjLast3": 21.7,
        "oppSavesAgainstProj": 32.0,
        "oppSavesAgainstProjLast5": 24.9,
        "oppSavesAgainstProjLast3": 19.1,
        "totalOver": 31,
        "totalOverLast5": 20,
        "totalOverLast15": 33,
        "lastTotalOver": 0,
        "last5": "1,3,1,1,1,1,1,2,1,0",
        "overOdds": "+100",
        "underOdds": "-130",
        "overUnder": "+100 / -130"
    },
    {
        "player": "Jaccob Slavin",
        "team": "CAR",
        "opponent": "OTT",
        "propType": "bs",
        "line": 1.5,
        "ppLine": "",
        "avg": 1.43,
        "hit": false,
        "diffAvg": -0.05,
        "diffAbs": 1.0,
        "lastAvg": 0.0,
        "diff": 0,
        "avgMin": 22,
        "proj": 0.0,
        "lastAvgMin": 23.52,
        "oppOver": 0,
        "teamOver": 0,
        "gameLine": "-260",
        "+/-": "+14",
        "L5_+/-": -3.0,
        "prevMatchup": "2023-02-24 1.0 bs",
        "winLossSplits": "37% - 41%",
        "awayHome": "H",
        "playedYesterday": "N",
        "awayHomeSplits": "32% - 44%",
        "savesAboveExp": "-",
        "gsaa": "-",
        "corsi": "60.0% (67.5) // 60.4% (68.3) // 59.0% (67.7) // 68.9% (78.3)",
        "fenwick": "59.3% (50.9) // 59.5% (51.3) // 59.3% (51.9) // 68.1% (57.7)",
        "shots": "57.5% (34.4) // 57.0% (34.8) // 57.1% (35.2) // 67.0% (39.3)",
        "scoring": "59.0% (33.4) // 56.8% (31.3) // 58.7% (32.7) // 75.3% (37.7)",
        "corsiAgainst": "40.0% (45.0) // 39.6% (44.7) // 41.0% (47.0) // 31.1% (35.3)",
        "fenwickAgainst": "40.7% (34.9) // 40.5% (35.0) // 40.7% (35.7) // 31.9% (27.0)",
        "shotsAgainst": "42.5% (25.5) // 43.0% (26.3) // 42.9% (26.5) // 33.0% (19.3)",
        "scoringAgainst": "41.0% (23.3) // 43.2% (23.8) // 41.3% (23.0) // 24.7% (12.3)",
        "oppCorsi": "51.3% (61.3) // 52.8% (64.1) // 55.1% (61.8) // 65.2% (70.6)",
        "oppFenwick": "51.7% (45.9) // 54.7% (49.1) // 56.3% (47.3) // 67.1% (55.1)",
        "oppShots": "51.4% (32.9) // 53.9% (34.0) // 56.6% (31.6) // 66.2% (34.3)",
        "oppScoring": "50.6% (32.1) // 48.9% (30.8) // 51.3% (28.0) // 64.0% (34.0)",
        "oppCorsiAgainst": "48.7% (58.2) // 47.2% (57.3) // 44.9% (50.3) // 34.8% (37.6)",
        "oppFenwickAgainst": "48.3% (43.0) // 45.3% (40.6) // 43.7% (36.8) // 32.9% (27.1)",
        "oppShotsAgainst": "48.6% (31.1) // 46.1% (29.1) // 43.4% (24.2) // 33.8% (17.5)",
        "oppScoringAgainst": "49.4% (31.3) // 51.1% (32.2) // 48.7% (26.6) // 36.0% (19.1)",
        "savesPerGame": 23.3,
        "savesPerGameLast1": 21.0,
        "savesPerGameLast3": 18.0,
        "savesPerGameLast5": 21.2,
        "savesPer60": 23.5,
        "savesPer60Last1": 21.0,
        "savesPer60Last3": 18.0,
        "savesPer60Last5": 21.4,
        "shotsPerGame": 34.9,
        "shotsPerGameLast5": 37.2,
        "shotsAgainstPerGame": 25.8,
        "shotsAgainstPerGameLast5": 23.4,
        "oppSavesAgainstPer60": 30.1,
        "oppSavesAgainstPer60Last1": 24.0,
        "oppSavesAgainstPer60Last3": 31.8,
        "oppSavesAgainstPer60Last5": 28.5,
        "oppShotsAgainstPerGame": 31.4,
        "oppShotsAgainstPerGameLast5": 24.4,
        "savesProj": 25.1,
        "savesProjLast5": 21.8,
        "savesProjLast3": 20.5,
        "oppSavesAgainstProj": 25.0,
        "oppSavesAgainstProjLast5": 22.1,
        "oppSavesAgainstProjLast3": 22.0,
        "totalOver": 39,
        "totalOverLast5": 20,
        "totalOverLast15": 20,
        "lastTotalOver": 0,
        "last5": "2,0,0,0,1,1,2,1,1,0",
        "overOdds": "+130",
        "underOdds": "-160",
        "overUnder": "+130 / -160"
    },
    {
        "player": "Rasmus Dahlin",
        "team": "BUF",
        "opponent": "FLA",
        "propType": "bs",
        "line": 1.5,
        "ppLine": "PP1",
        "avg": 1.68,
        "hit": false,
        "diffAvg": 0.12,
        "diffAbs": 1.0,
        "lastAvg": 0.0,
        "diff": 0,
        "avgMin": 25,
        "proj": 0.0,
        "lastAvgMin": 24.0,
        "oppOver": 0,
        "teamOver": 0,
        "gameLine": "+160",
        "+/-": "+10",
        "L5_+/-": -9.0,
        "prevMatchup": "2023-02-24 2.0 bs 2023-01-16 1.0 bs 2022-10-15 2.0 bs",
        "winLossSplits": "56% - 46%",
        "awayHome": "A",
        "playedYesterday": "N",
        "awayHomeSplits": "62% - 41%",
        "savesAboveExp": "-",
        "gsaa": "-",
        "corsi": "50.9% (57.4) // 49.8% (54.6) // 47.6% (54.4) // 44.6% (53.2)",
        "fenwick": "49.5% (43.4) // 50.1% (42.9) // 47.1% (41.8) // 44.1% (42.4)",
        "shots": "49.2% (31.8) // 49.5% (30.2) // 48.0% (31.8) // 45.6% (31.0)",
        "scoring": "49.8% (30.4) // 48.5% (27.7) // 49.8% (28.9) // 51.6% (32.5)",
        "corsiAgainst": "49.1% (55.4) // 50.2% (55.1) // 52.4% (60.0) // 55.4% (66.0)",
        "fenwickAgainst": "50.5% (44.2) // 49.9% (42.7) // 52.9% (46.9) // 55.9% (53.7)",
        "shotsAgainst": "50.8% (32.8) // 50.5% (30.8) // 52.0% (34.5) // 54.4% (36.9)",
        "scoringAgainst": "50.2% (30.7) // 51.5% (29.4) // 50.2% (29.2) // 48.4% (30.5)",
        "oppCorsi": "54.5% (66.4) // 57.4% (66.9) // 56.5% (67.0) // 55.5% (66.4)",
        "oppFenwick": "54.0% (50.0) // 56.5% (50.9) // 56.2% (50.3) // 57.1% (51.8)",
        "oppShots": "54.0% (36.6) // 55.8% (36.2) // 54.0% (35.0) // 57.1% (35.7)",
        "oppScoring": "55.1% (34.9) // 58.4% (34.4) // 59.0% (34.6) // 59.9% (37.0)",
        "oppCorsiAgainst": "45.5% (55.3) // 42.6% (49.7) // 43.5% (51.5) // 44.5% (53.2)",
        "oppFenwickAgainst": "46.0% (42.7) // 43.5% (39.2) // 43.8% (39.2) // 42.9% (39.0)",
        "oppShotsAgainst": "46.0% (31.2) // 44.2% (28.7) // 46.0% (29.8) // 42.9% (26.7)",
        "oppScoringAgainst": "44.9% (28.5) // 41.6% (24.5) // 41.0% (24.1) // 40.1% (24.8)",
        "savesPerGame": 29.5,
        "savesPerGameLast1": 39.0,
        "savesPerGameLast3": 36.0,
        "savesPerGameLast5": 32.2,
        "savesPer60": 29.6,
        "savesPer60Last1": 39.0,
        "savesPer60Last3": 37.3,
        "savesPer60Last5": 32.8,
        "shotsPerGame": 32.1,
        "shotsPerGameLast5": 31.4,
        "shotsAgainstPerGame": 33.1,
        "shotsAgainstPerGameLast5": 34.6,
        "oppSavesAgainstPer60": 33.2,
        "oppSavesAgainstPer60Last1": 43.2,
        "oppSavesAgainstPer60Last3": 30.8,
        "oppSavesAgainstPer60Last5": 31.1,
        "oppShotsAgainstPerGame": 31.4,
        "oppShotsAgainstPerGameLast5": 30.0,
        "savesProj": 35.5,
        "savesProjLast5": 36.7,
        "savesProjLast3": 41.4,
        "oppSavesAgainstProj": 34.8,
        "oppSavesAgainstProjLast5": 37.0,
        "oppSavesAgainstProjLast3": 42.5,
        "totalOver": 51,
        "totalOverLast5": 40,
        "totalOverLast15": 47,
        "lastTotalOver": 0,
        "last5": "1,1,2,2,1,2,0,1,3,2",
        "overOdds": "-155",
        "underOdds": "+125",
        "overUnder": "-155 / +125"
    },
    {
        "player": "Radko Gudas",
        "team": "FLA",
        "opponent": "BUF",
        "propType": "bs",
        "line": 1.5,
        "ppLine": "PP2",
        "avg": 1.79,
        "hit": false,
        "diffAvg": 0.19,
        "diffAbs": 1.0,
        "lastAvg": 0.0,
        "diff": 0,
        "avgMin": 17,
        "proj": 0.0,
        "lastAvgMin": 18.0,
        "oppOver": 0,
        "teamOver": 0,
        "gameLine": "-190",
        "+/-": "+11",
        "L5_+/-": "+3.0",
        "prevMatchup": "2023-02-24 1.0 bs 2023-01-16 1.0 bs 2022-10-15 0.0 bs",
        "winLossSplits": "44% - 58%",
        "awayHome": "H",
        "playedYesterday": "N",
        "awayHomeSplits": "46% - 56%",
        "savesAboveExp": "-",
        "gsaa": "-",
        "corsi": "54.5% (66.4) // 57.4% (66.9) // 56.5% (67.0) // 55.5% (66.4)",
        "fenwick": "54.0% (50.0) // 56.5% (50.9) // 56.2% (50.3) // 57.1% (51.8)",
        "shots": "54.0% (36.6) // 55.8% (36.2) // 54.0% (35.0) // 57.1% (35.7)",
        "scoring": "55.1% (34.9) // 58.4% (34.4) // 59.0% (34.6) // 59.9% (37.0)",
        "corsiAgainst": "45.5% (55.3) // 42.6% (49.7) // 43.5% (51.5) // 44.5% (53.2)",
        "fenwickAgainst": "46.0% (42.7) // 43.5% (39.2) // 43.8% (39.2) // 42.9% (39.0)",
        "shotsAgainst": "46.0% (31.2) // 44.2% (28.7) // 46.0% (29.8) // 42.9% (26.7)",
        "scoringAgainst": "44.9% (28.5) // 41.6% (24.5) // 41.0% (24.1) // 40.1% (24.8)",
        "oppCorsi": "50.9% (57.4) // 49.8% (54.6) // 47.6% (54.4) // 44.6% (53.2)",
        "oppFenwick": "49.5% (43.4) // 50.1% (42.9) // 47.1% (41.8) // 44.1% (42.4)",
        "oppShots": "49.2% (31.8) // 49.5% (30.2) // 48.0% (31.8) // 45.6% (31.0)",
        "oppScoring": "49.8% (30.4) // 48.5% (27.7) // 49.8% (28.9) // 51.6% (32.5)",
        "oppCorsiAgainst": "49.1% (55.4) // 50.2% (55.1) // 52.4% (60.0) // 55.4% (66.0)",
        "oppFenwickAgainst": "50.5% (44.2) // 49.9% (42.7) // 52.9% (46.9) // 55.9% (53.7)",
        "oppShotsAgainst": "50.8% (32.8) // 50.5% (30.8) // 52.0% (34.5) // 54.4% (36.9)",
        "oppScoringAgainst": "50.2% (30.7) // 51.5% (29.4) // 50.2% (29.2) // 48.4% (30.5)",
        "savesPerGame": 28.1,
        "savesPerGameLast1": 21.0,
        "savesPerGameLast3": 25.7,
        "savesPerGameLast5": 27.4,
        "savesPer60": 27.9,
        "savesPer60Last1": 21.0,
        "savesPer60Last3": 25.7,
        "savesPer60Last5": 27.2,
        "shotsPerGame": 36.8,
        "shotsPerGameLast5": 35.2,
        "shotsAgainstPerGame": 31.4,
        "shotsAgainstPerGameLast5": 30.0,
        "oppSavesAgainstPer60": 28.6,
        "oppSavesAgainstPer60Last1": 23.0,
        "oppSavesAgainstPer60Last3": 27.8,
        "oppSavesAgainstPer60Last5": 27.5,
        "oppShotsAgainstPerGame": 33.1,
        "oppShotsAgainstPerGameLast5": 34.6,
        "savesProj": 26.9,
        "savesProjLast5": 25.4,
        "savesProjLast3": 24.3,
        "oppSavesAgainstProj": 28.8,
        "oppSavesAgainstProjLast5": 27.1,
        "oppSavesAgainstProjLast3": 26.5,
        "totalOver": 51,
        "totalOverLast5": 80,
        "totalOverLast15": 47,
        "lastTotalOver": 0,
        "last5": "4,4,3,1,2,0,1,0,0,2",
        "overOdds": "-140",
        "underOdds": "+110",
        "overUnder": "-140 / +110"
    },
    {
        "player": "Ilya Lyubushkin",
        "team": "BUF",
        "opponent": "FLA",
        "propType": "bs",
        "line": 1.5,
        "ppLine": "",
        "avg": 1.51,
        "hit": false,
        "diffAvg": 0.01,
        "diffAbs": 1.0,
        "lastAvg": 0.0,
        "diff": 0,
        "avgMin": 15,
        "proj": 0.0,
        "lastAvgMin": 17.45,
        "oppOver": 0,
        "teamOver": 0,
        "gameLine": "+160",
        "+/-": 0,
        "L5_+/-": "+2.0",
        "prevMatchup": "2023-02-24 1.0 bs 2023-01-16 2.0 bs 2022-10-15 1.0 bs",
        "winLossSplits": "44% - 41%",
        "awayHome": "A",
        "playedYesterday": "N",
        "awayHomeSplits": "45% - 41%",
        "savesAboveExp": "-",
        "gsaa": "-",
        "corsi": "50.9% (57.4) // 49.8% (54.6) // 47.6% (54.4) // 44.6% (53.2)",
        "fenwick": "49.5% (43.4) // 50.1% (42.9) // 47.1% (41.8) // 44.1% (42.4)",
        "shots": "49.2% (31.8) // 49.5% (30.2) // 48.0% (31.8) // 45.6% (31.0)",
