[
    {
        "player": "Ryan Pulock",
        "team": "NYI",
        "opponent": "CAR",
        "propType": "bs",
        "line": 1.5,
        "ppLine": "",
        "avg": 1.58,
        "hit": false,
        "diffAvg": 0.05,
        "diffAbs": 1.0,
        "lastAvg": 0.0,
        "diff": 0,
        "avgMin": 20,
        "proj": 0.0,
        "lastAvgMin": 21.13,
        "oppOver": 0,
        "teamOver": 0,
        "gameLine": "-110",
        "+/-": "+8",
        "L5_+/-": -4.0,
        "prevMatchup": "2023-04-19 3.0 bs 2023-04-17 2.0 bs 2023-04-02 1.0 bs 2023-01-21 1.0 bs 2022-12-10 1.0 bs 2022-10-28 4.0 bs",
        "winLossSplits": "60% - 40%",
        "awayHome": "H",
        "playedYesterday": "N",
        "awayHomeSplits": "44% - 56%",
        "savesAboveExp": -0.166,
        "gsaa": 3.66,
        "corsi": "49.6% (58.7) // 54.1% (65.8) // 59.5% (72.0) // 49.6% (58.7)",
        "fenwick": "49.5% (42.7) // 53.4% (47.0) // 63.9% (53.0) // 49.5% (42.7)",
        "shots": "49.8% (30.5) // 53.2% (32.4) // 64.8% (35.0) // 49.8% (30.5)",
        "scoring": "50.0% (30.4) // 52.7% (31.7) // 65.1% (41.0) // 50.0% (30.4)",
        "corsiAgainst": "50.4% (59.6) // 45.9% (55.9) // 40.5% (49.0) // 50.4% (59.6)",
        "fenwickAgainst": "50.5% (43.6) // 46.6% (40.9) // 36.1% (30.0) // 50.5% (43.6)",
        "shotsAgainst": "50.2% (30.7) // 46.8% (28.5) // 35.2% (19.0) // 50.2% (30.7)",
        "scoringAgainst": "50.0% (30.4) // 47.3% (28.4) // 34.9% (22.0) // 50.0% (30.4)",
        "oppCorsi": "59.9% (67.4) // 61.2% (68.8) // 58.7% (67.5) // 59.9% (67.4)",
        "oppFenwick": "59.1% (50.8) // 60.1% (51.8) // 59.7% (54.0) // 59.1% (50.8)",
        "oppShots": "57.2% (34.3) // 58.4% (34.4) // 53.8% (32.0) // 57.2% (34.3)",
        "oppScoring": "58.9% (33.3) // 62.3% (33.3) // 54.5% (27.5) // 58.9% (33.3)",
        "oppCorsiAgainst": "40.1% (45.2) // 38.8% (43.6) // 41.3% (47.5) // 40.1% (45.2)",
        "oppFenwickAgainst": "40.9% (35.1) // 39.9% (34.4) // 40.3% (36.5) // 40.9% (35.1)",
        "oppShotsAgainst": "42.8% (25.6) // 41.6% (24.5) // 46.2% (27.5) // 42.8% (25.6)",
        "oppScoringAgainst": "41.1% (23.3) // 37.7% (20.2) // 45.5% (23.0) // 41.1% (23.3)",
        "savesPerGame": 28.4,
        "savesPerGameLast1": 32.0,
        "savesPerGameLast3": 28.0,
        "savesPerGameLast5": 26.2,
        "savesPer60": 29.1,
        "savesPer60Last1": 34.7,
        "savesPer60Last3": 28.5,
        "savesPer60Last5": 26.2,
        "shotsPerGame": 30.8,
        "shotsPerGameLast5": 29.6,
        "shotsAgainstPerGame": 31.0,
        "shotsAgainstPerGameLast5": 28.8,
        "oppSavesAgainstPer60": 32.5,
        "oppSavesAgainstPer60Last1": 32.0,
        "oppSavesAgainstPer60Last3": 32.5,
        "oppSavesAgainstPer60Last5": 30.2,
        "oppShotsAgainstPerGame": 26.0,
        "oppShotsAgainstPerGameLast5": 27.8,
        "savesProj": 38.1,
        "savesProjLast5": 32.3,
        "savesProjLast3": 38.5,
        "oppSavesAgainstProj": 32.3,
        "oppSavesAgainstProjLast5": 27.3,
        "oppSavesAgainstProjLast3": 30.3,
        "totalOver": 50,
        "totalOverLast5": 40,
        "totalOverLast15": 53,
        "lastTotalOver": 0,
        "last5": "3,2,1,0,1,2,1,0,2,2",
        "overOdds": "-165",
        "underOdds": "+135",
        "overUnder": "-165 / +135"
    },
    {
        "player": "Brett Pesce",
        "team": "CAR",
        "opponent": "NYI",
        "propType": "bs",
        "line": 1.5,
        "ppLine": "",
        "avg": 1.36,
        "hit": false,
        "diffAvg": -0.09,
        "diffAbs": 1.0,
        "lastAvg": 0.0,
        "diff": 0,
        "avgMin": 22,
        "proj": 0.0,
        "lastAvgMin": 21.7,
        "oppOver": 0,
        "teamOver": 0,
        "gameLine": "-110",
        "+/-": "+8",
        "L5_+/-": -4.0,
        "prevMatchup": "2023-04-19 3.0 bs 2023-04-17 1.0 bs 2023-04-02 0.0 bs 2023-01-21 1.0 bs 2022-12-10 2.0 bs 2022-10-28 0.0 bs",
        "winLossSplits": "46% - 40%",
        "awayHome": "A",
        "playedYesterday": "N",
        "awayHomeSplits": "39% - 49%",
        "savesAboveExp": 0.704,
        "gsaa": 35.99,
        "corsi": "59.9% (67.4) // 61.2% (68.8) // 58.7% (67.5) // 59.9% (67.4)",
        "fenwick": "59.1% (50.8) // 60.1% (51.8) // 59.7% (54.0) // 59.1% (50.8)",
        "shots": "57.2% (34.3) // 58.4% (34.4) // 53.8% (32.0) // 57.2% (34.3)",
        "scoring": "58.9% (33.3) // 62.3% (33.3) // 54.5% (27.5) // 58.9% (33.3)",
        "corsiAgainst": "40.1% (45.2) // 38.8% (43.6) // 41.3% (47.5) // 40.1% (45.2)",
        "fenwickAgainst": "40.9% (35.1) // 39.9% (34.4) // 40.3% (36.5) // 40.9% (35.1)",
        "shotsAgainst": "42.8% (25.6) // 41.6% (24.5) // 46.2% (27.5) // 42.8% (25.6)",
        "scoringAgainst": "41.1% (23.3) // 37.7% (20.2) // 45.5% (23.0) // 41.1% (23.3)",
        "oppCorsi": "49.6% (58.7) // 54.1% (65.8) // 59.5% (72.0) // 49.6% (58.7)",
        "oppFenwick": "49.5% (42.7) // 53.4% (47.0) // 63.9% (53.0) // 49.5% (42.7)",
        "oppShots": "49.8% (30.5) // 53.2% (32.4) // 64.8% (35.0) // 49.8% (30.5)",
        "oppScoring": "50.0% (30.4) // 52.7% (31.7) // 65.1% (41.0) // 50.0% (30.4)",
        "oppCorsiAgainst": "50.4% (59.6) // 45.9% (55.9) // 40.5% (49.0) // 50.4% (59.6)",
        "oppFenwickAgainst": "50.5% (43.6) // 46.6% (40.9) // 36.1% (30.0) // 50.5% (43.6)",
        "oppShotsAgainst": "50.2% (30.7) // 46.8% (28.5) // 35.2% (19.0) // 50.2% (30.7)",
        "oppScoringAgainst": "50.0% (30.4) // 47.3% (28.4) // 34.9% (22.0) // 50.0% (30.4)",
        "savesPerGame": 23.4,
        "savesPerGameLast1": 23.0,
        "savesPerGameLast3": 26.0,
        "savesPerGameLast5": 25.4,
        "savesPer60": 24.2,
        "savesPer60Last1": 24.9,
        "savesPer60Last3": 26.7,
        "savesPer60Last5": 25.6,
        "shotsPerGame": 34.8,
        "shotsPerGameLast5": 33.2,
        "shotsAgainstPerGame": 26.0,
        "shotsAgainstPerGameLast5": 27.8,
        "oppSavesAgainstPer60": 28.5,
        "oppSavesAgainstPer60Last1": 23.0,
        "oppSavesAgainstPer60Last3": 26.3,
        "oppSavesAgainstPer60Last5": 26.8,
        "oppShotsAgainstPerGame": 31.0,
        "oppShotsAgainstPerGameLast5": 28.8,
        "savesProj": 23.1,
        "savesProjLast5": 23.6,
        "savesProjLast3": 24.2,
        "oppSavesAgainstProj": 23.5,
        "oppSavesAgainstProjLast5": 23.1,
        "oppSavesAgainstProjLast3": 22.5,
        "totalOver": 44,
        "totalOverLast5": 40,
        "totalOverLast15": 47,
        "lastTotalOver": 0,
        "last5": "3,1,2,0,1,2,0,2,0,2",
        "overOdds": "-115",
        "underOdds": "-115",
        "overUnder": "-115 / -115"
    },
    {
        "player": "Jaccob Slavin",
        "team": "CAR",
        "opponent": "NYI",
        "propType": "bs",
        "line": 1.5,
        "ppLine": "",
        "avg": 1.4,
        "hit": false,
        "diffAvg": -0.07,
        "diffAbs": 1.0,
        "lastAvg": 0.0,
        "diff": 0,
        "avgMin": 21,
        "proj": 0.0,
        "lastAvgMin": 23.52,
        "oppOver": 0,
        "teamOver": 0,
        "gameLine": "-110",
        "+/-": "+20",
        "L5_+/-": "+6.0",
        "prevMatchup": "2023-04-19 2.0 bs 2023-04-17 4.0 bs 2023-04-02 2.0 bs 2022-12-10 3.0 bs 2022-10-28 1.0 bs",
        "winLossSplits": "38% - 37%",
        "awayHome": "A",
        "playedYesterday": "N",
        "awayHomeSplits": "29% - 45%",
        "savesAboveExp": 0.704,
        "gsaa": 35.99,
        "corsi": "59.9% (67.4) // 61.2% (68.8) // 58.7% (67.5) // 59.9% (67.4)",
        "fenwick": "59.1% (50.8) // 60.1% (51.8) // 59.7% (54.0) // 59.1% (50.8)",
        "shots": "57.2% (34.3) // 58.4% (34.4) // 53.8% (32.0) // 57.2% (34.3)",
        "scoring": "58.9% (33.3) // 62.3% (33.3) // 54.5% (27.5) // 58.9% (33.3)",
        "corsiAgainst": "40.1% (45.2) // 38.8% (43.6) // 41.3% (47.5) // 40.1% (45.2)",
        "fenwickAgainst": "40.9% (35.1) // 39.9% (34.4) // 40.3% (36.5) // 40.9% (35.1)",
        "shotsAgainst": "42.8% (25.6) // 41.6% (24.5) // 46.2% (27.5) // 42.8% (25.6)",
        "scoringAgainst": "41.1% (23.3) // 37.7% (20.2) // 45.5% (23.0) // 41.1% (23.3)",
        "oppCorsi": "49.6% (58.7) // 54.1% (65.8) // 59.5% (72.0) // 49.6% (58.7)",
        "oppFenwick": "49.5% (42.7) // 53.4% (47.0) // 63.9% (53.0) // 49.5% (42.7)",
        "oppShots": "49.8% (30.5) // 53.2% (32.4) // 64.8% (35.0) // 49.8% (30.5)",
        "oppScoring": "50.0% (30.4) // 52.7% (31.7) // 65.1% (41.0) // 50.0% (30.4)",
        "oppCorsiAgainst": "50.4% (59.6) // 45.9% (55.9) // 40.5% (49.0) // 50.4% (59.6)",
        "oppFenwickAgainst": "50.5% (43.6) // 46.6% (40.9) // 36.1% (30.0) // 50.5% (43.6)",
        "oppShotsAgainst": "50.2% (30.7) // 46.8% (28.5) // 35.2% (19.0) // 50.2% (30.7)",
        "oppScoringAgainst": "50.0% (30.4) // 47.3% (28.4) // 34.9% (22.0) // 50.0% (30.4)",
        "savesPerGame": 23.4,
        "savesPerGameLast1": 23.0,
        "savesPerGameLast3": 26.0,
        "savesPerGameLast5": 25.4,
        "savesPer60": 24.2,
        "savesPer60Last1": 24.9,
        "savesPer60Last3": 26.7,
        "savesPer60Last5": 25.6,
        "shotsPerGame": 34.8,
        "shotsPerGameLast5": 33.2,
        "shotsAgainstPerGame": 26.0,
        "shotsAgainstPerGameLast5": 27.8,
        "oppSavesAgainstPer60": 28.5,
        "oppSavesAgainstPer60Last1": 23.0,
        "oppSavesAgainstPer60Last3": 26.3,
        "oppSavesAgainstPer60Last5": 26.8,
        "oppShotsAgainstPerGame": 31.0,
        "oppShotsAgainstPerGameLast5": 28.8,
        "savesProj": 23.1,
        "savesProjLast5": 23.6,
        "savesProjLast3": 24.2,
        "oppSavesAgainstProj": 23.5,
        "oppSavesAgainstProjLast5": 23.1,
        "oppSavesAgainstProjLast3": 22.5,
        "totalOver": 37,
        "totalOverLast5": 40,
        "totalOverLast15": 20,
        "lastTotalOver": 0,
        "last5": "2,4,1,0,1,0,0,1,2,0",
        "overOdds": "+100",
        "underOdds": "-130",
        "overUnder": "+100 / -130"
    },
    {
        "player": "Scott Mayfield",
        "team": "NYI",
        "opponent": "CAR",
        "propType": "bs",
        "line": 2.5,
        "ppLine": "",
        "avg": 2.06,
        "hit": false,
        "diffAvg": -0.18,
        "diffAbs": 1.0,
        "lastAvg": 0.0,
        "diff": 0,
        "avgMin": 21,
        "proj": 0.0,
        "lastAvgMin": 19.77,
        "oppOver": 0,
        "teamOver": 0,
        "gameLine": "-110",
        "+/-": "+8",
        "L5_+/-": "+4.0",
        "prevMatchup": "2023-04-19 1.0 bs 2023-04-17 4.0 bs 2023-04-02 4.0 bs 2023-01-21 1.0 bs 2022-12-10 6.0 bs 2022-10-28 4.0 bs",
        "winLossSplits": "36% - 40%",
        "awayHome": "H",
        "playedYesterday": "N",
        "awayHomeSplits": "42% - 34%",
        "savesAboveExp": -0.166,
        "gsaa": 3.66,
        "corsi": "49.6% (58.7) // 54.1% (65.8) // 59.5% (72.0) // 49.6% (58.7)",
        "fenwick": "49.5% (42.7) // 53.4% (47.0) // 63.9% (53.0) // 49.5% (42.7)",
        "shots": "49.8% (30.5) // 53.2% (32.4) // 64.8% (35.0) // 49.8% (30.5)",
        "scoring": "50.0% (30.4) // 52.7% (31.7) // 65.1% (41.0) // 50.0% (30.4)",
        "corsiAgainst": "50.4% (59.6) // 45.9% (55.9) // 40.5% (49.0) // 50.4% (59.6)",
        "fenwickAgainst": "50.5% (43.6) // 46.6% (40.9) // 36.1% (30.0) // 50.5% (43.6)",
        "shotsAgainst": "50.2% (30.7) // 46.8% (28.5) // 35.2% (19.0) // 50.2% (30.7)",
        "scoringAgainst": "50.0% (30.4) // 47.3% (28.4) // 34.9% (22.0) // 50.0% (30.4)",
        "oppCorsi": "59.9% (67.4) // 61.2% (68.8) // 58.7% (67.5) // 59.9% (67.4)",
        "oppFenwick": "59.1% (50.8) // 60.1% (51.8) // 59.7% (54.0) // 59.1% (50.8)",
        "oppShots": "57.2% (34.3) // 58.4% (34.4) // 53.8% (32.0) // 57.2% (34.3)",
        "oppScoring": "58.9% (33.3) // 62.3% (33.3) // 54.5% (27.5) // 58.9% (33.3)",
        "oppCorsiAgainst": "40.1% (45.2) // 38.8% (43.6) // 41.3% (47.5) // 40.1% (45.2)",
        "oppFenwickAgainst": "40.9% (35.1) // 39.9% (34.4) // 40.3% (36.5) // 40.9% (35.1)",
        "oppShotsAgainst": "42.8% (25.6) // 41.6% (24.5) // 46.2% (27.5) // 42.8% (25.6)",
        "oppScoringAgainst": "41.1% (23.3) // 37.7% (20.2) // 45.5% (23.0) // 41.1% (23.3)",
        "savesPerGame": 28.4,
        "savesPerGameLast1": 32.0,
        "savesPerGameLast3": 28.0,
        "savesPerGameLast5": 26.2,
        "savesPer60": 29.1,
        "savesPer60Last1": 34.7,
        "savesPer60Last3": 28.5,
        "savesPer60Last5": 26.2,
        "shotsPerGame": 30.8,
        "shotsPerGameLast5": 29.6,
        "shotsAgainstPerGame": 31.0,
        "shotsAgainstPerGameLast5": 28.8,
        "oppSavesAgainstPer60": 32.5,
        "oppSavesAgainstPer60Last1": 32.0,
        "oppSavesAgainstPer60Last3": 32.5,
        "oppSavesAgainstPer60Last5": 30.2,
        "oppShotsAgainstPerGame": 26.0,
        "oppShotsAgainstPerGameLast5": 27.8,
        "savesProj": 38.1,
        "savesProjLast5": 32.3,
        "savesProjLast3": 38.5,
        "oppSavesAgainstProj": 32.3,
        "oppSavesAgainstProjLast5": 27.3,
        "oppSavesAgainstProjLast3": 30.3,
        "totalOver": 38,
        "totalOverLast5": 40,
        "totalOverLast15": 27,
        "lastTotalOver": 0,
        "last5": "1,4,0,4,2,3,4,1,2,2",
        "overOdds": "+150",
        "underOdds": "-185",
        "overUnder": "+150 / -185"
    },
    {
        "player": "Gustav Forsling",
        "team": "FLA",
        "opponent": "BOS",
        "propType": "bs",
        "line": 1.5,
        "ppLine": "PP2",
        "avg": 1.32,
        "hit": false,
        "diffAvg": -0.12,
        "diffAbs": 1.0,
        "lastAvg": 0.0,
        "diff": 0,
        "avgMin": 23,
        "proj": 0.0,
        "lastAvgMin": 21.22,
        "oppOver": 0,
        "teamOver": 0,
        "gameLine": "+135",
        "+/-": "+19",
        "L5_+/-": "+1.0",
        "prevMatchup": "2023-04-19 2.0 bs 2023-04-17 4.0 bs 2023-01-28 0.0 bs 2022-12-19 3.0 bs 2022-11-23 2.0 bs 2022-10-17 1.0 bs",
        "winLossSplits": "42% - 29%",
        "awayHome": "H",
        "playedYesterday": "N",
        "awayHomeSplits": "35% - 37%",
        "savesAboveExp": 0.892,
        "gsaa": 48.51,
        "corsi": "54.2% (66.3) // 52.5% (66.0) // 43.1% (63.0) // 54.2% (66.3)",
        "fenwick": "53.6% (49.9) // 52.0% (49.3) // 41.6% (47.0) // 53.6% (49.9)",
        "shots": "53.7% (36.5) // 51.9% (35.5) // 48.6% (34.0) // 53.7% (36.5)",
        "scoring": "54.6% (34.8) // 53.4% (34.0) // 45.5% (30.0) // 54.6% (34.8)",
        "corsiAgainst": "45.8% (56.1) // 47.5% (59.7) // 56.9% (83.0) // 45.8% (56.1)",
        "fenwickAgainst": "46.4% (43.2) // 48.0% (45.5) // 58.4% (66.0) // 46.4% (43.2)",
        "shotsAgainst": "46.3% (31.5) // 48.1% (33.0) // 51.4% (36.0) // 46.3% (31.5)",
        "scoringAgainst": "45.4% (28.9) // 46.6% (29.7) // 54.5% (36.0) // 45.4% (28.9)",
        "oppCorsi": "51.4% (58.2) // 52.6% (61.3) // 56.1% (69.0) // 51.4% (58.2)",
        "oppFenwick": "51.6% (44.0) // 52.5% (46.9) // 54.0% (51.0) // 51.6% (44.0)",
        "oppShots": "52.5% (32.6) // 52.7% (33.6) // 51.6% (32.5) // 52.5% (32.6)",
        "oppScoring": "53.0% (32.2) // 53.2% (32.5) // 54.3% (35.0) // 53.0% (32.2)",
        "oppCorsiAgainst": "48.6% (55.0) // 47.4% (55.1) // 43.9% (54.0) // 48.6% (55.0)",
        "oppFenwickAgainst": "48.4% (41.2) // 47.5% (42.4) // 46.0% (43.5) // 48.4% (41.2)",
        "oppShotsAgainst": "47.5% (29.5) // 47.3% (30.1) // 48.4% (30.5) // 47.5% (29.5)",
        "oppScoringAgainst": "47.0% (28.6) // 46.8% (28.6) // 45.7% (29.5) // 47.0% (28.6)",
        "savesPerGame": 28.4,
        "savesPerGameLast1": 34.0,
        "savesPerGameLast3": 30.0,
        "savesPerGameLast5": 27.0,
        "savesPer60": 29.0,
        "savesPer60Last1": 34.0,
        "savesPer60Last3": 29.0,
        "savesPer60Last5": 26.9,
        "shotsPerGame": 36.8,
        "shotsPerGameLast5": 35.8,
        "shotsAgainstPerGame": 31.7,
        "shotsAgainstPerGameLast5": 30.2,
        "oppSavesAgainstPer60": 29.9,
        "oppSavesAgainstPer60Last1": 34.0,
        "oppSavesAgainstPer60Last3": 26.0,
        "oppSavesAgainstPer60Last5": 29.2,
        "oppShotsAgainstPerGame": 29.8,
        "oppShotsAgainstPerGameLast5": 32.0,
        "savesProj": 29.7,
        "savesProjLast5": 27.1,
        "savesProjLast3": 25.7,
        "oppSavesAgainstProj": 30.1,
        "oppSavesAgainstProjLast5": 26.3,
        "oppSavesAgainstProjLast3": 25.4,
        "totalOver": 36,
        "totalOverLast5": 40,
        "totalOverLast15": 40,
        "lastTotalOver": 0,
        "last5": "2,4,0,1,0,2,2,1,1,1",
        "overOdds": "-120",
        "underOdds": "-110",
        "overUnder": "-120 / -110"
    },
    {
        "player": "Charlie Mcavoy",
        "team": "BOS",
        "opponent": "FLA",
        "propType": "bs",
        "line": 2.5,
        "ppLine": "PP2",
        "avg": 1.93,
        "hit": false,
        "diffAvg": -0.23,
        "diffAbs": 1.0,
        "lastAvg": 0.0,
        "diff": 0,
        "avgMin": 22,
        "proj": 0.0,
        "lastAvgMin": 24.65,
        "oppOver": 0,
        "teamOver": 0,
        "gameLine": "-155",
        "+/-": "+29",
        "L5_+/-": -2.0,
        "prevMatchup": "2023-04-19 0.0 bs 2023-04-17 2.0 bs 2023-01-28 4.0 bs 2022-12-19 1.0 bs 2022-11-23 0.0 bs",
        "winLossSplits": "26% - 25%",
        "awayHome": "A",
        "playedYesterday": "N",
        "awayHomeSplits": "24% - 28%",
        "savesAboveExp": "-",
        "gsaa": 3.73,
        "corsi": "51.4% (58.2) // 52.6% (61.3) // 56.1% (69.0) // 51.4% (58.2)",
        "fenwick": "51.6% (44.0) // 52.5% (46.9) // 54.0% (51.0) // 51.6% (44.0)",
        "shots": "52.5% (32.6) // 52.7% (33.6) // 51.6% (32.5) // 52.5% (32.6)",
        "scoring": "53.0% (32.2) // 53.2% (32.5) // 54.3% (35.0) // 53.0% (32.2)",
        "corsiAgainst": "48.6% (55.0) // 47.4% (55.1) // 43.9% (54.0) // 48.6% (55.0)",
        "fenwickAgainst": "48.4% (41.2) // 47.5% (42.4) // 46.0% (43.5) // 48.4% (41.2)",
        "shotsAgainst": "47.5% (29.5) // 47.3% (30.1) // 48.4% (30.5) // 47.5% (29.5)",
        "scoringAgainst": "47.0% (28.6) // 46.8% (28.6) // 45.7% (29.5) // 47.0% (28.6)",
        "oppCorsi": "54.2% (66.3) // 52.5% (66.0) // 43.1% (63.0) // 54.2% (66.3)",
        "oppFenwick": "53.6% (49.9) // 52.0% (49.3) // 41.6% (47.0) // 53.6% (49.9)",
        "oppShots": "53.7% (36.5) // 51.9% (35.5) // 48.6% (34.0) // 53.7% (36.5)",
        "oppScoring": "54.6% (34.8) // 53.4% (34.0) // 45.5% (30.0) // 54.6% (34.8)",
        "oppCorsiAgainst": "45.8% (56.1) // 47.5% (59.7) // 56.9% (83.0) // 45.8% (56.1)",
        "oppFenwickAgainst": "46.4% (43.2) // 48.0% (45.5) // 58.4% (66.0) // 46.4% (43.2)",
        "oppShotsAgainst": "46.3% (31.5) // 48.1% (33.0) // 51.4% (36.0) // 46.3% (31.5)",
        "oppScoringAgainst": "45.4% (28.9) // 46.6% (29.7) // 54.5% (36.0) // 45.4% (28.9)",
        "savesPerGame": 27.7,
        "savesPerGameLast1": 24.0,
        "savesPerGameLast3": 28.3,
        "savesPerGameLast5": 28.8,
        "savesPer60": 28.6,
        "savesPer60Last1": 23.4,
        "savesPer60Last3": 28.1,
        "savesPer60Last5": 28.7,
        "shotsPerGame": 33.0,
        "shotsPerGameLast5": 33.0,
        "shotsAgainstPerGame": 29.8,
        "shotsAgainstPerGameLast5": 32.0,
        "oppSavesAgainstPer60": 34.0,
        "oppSavesAgainstPer60Last1": 24.7,
        "oppSavesAgainstPer60Last3": 28.1,
        "oppSavesAgainstPer60Last5": 32.3,
        "oppShotsAgainstPerGame": 31.7,
        "oppShotsAgainstPerGameLast5": 30.2,
        "savesProj": 32.8,
        "savesProjLast5": 32.3,
        "savesProjLast3": 27.5,
        "oppSavesAgainstProj": 32.8,
        "oppSavesAgainstProjLast5": 32.5,
        "oppSavesAgainstProjLast3": 26.7,
        "totalOver": 26,
        "totalOverLast5": 20,
        "totalOverLast15": 13,
        "lastTotalOver": 0,
        "last5": "0,2,0,0,3,2,2,4,2,2",
        "overOdds": "+135",
        "underOdds": "-165",
        "overUnder": "+135 / -165"
    },
    {
        "player": "Derek Forbort",
        "team": "BOS",
        "opponent": "FLA",
        "propType": "bs",
        "line": 1.5,
        "ppLine": "",
        "avg": 1.7,
        "hit": false,
        "diffAvg": 0.13,
        "diffAbs": 1.0,
        "lastAvg": 0.0,
        "diff": 0,
        "avgMin": 17,
        "proj": 0.0,
        "lastAvgMin": 18.1,
        "oppOver": 0,
        "teamOver": 0,
        "gameLine": "-155",
        "+/-": "+13",
        "L5_+/-": -3.0,
        "prevMatchup": "2023-04-19 4.0 bs 2023-04-17 3.0 bs 2023-01-28 1.0 bs 2022-12-19 1.0 bs 2022-10-17 3.0 bs",
        "winLossSplits": "44% - 20%",
        "awayHome": "A",
        "playedYesterday": "N",
        "awayHomeSplits": "45% - 30%",
        "savesAboveExp": "-",
        "gsaa": 3.73,
        "corsi": "51.4% (58.2) // 52.6% (61.3) // 56.1% (69.0) // 51.4% (58.2)",
        "fenwick": "51.6% (44.0) // 52.5% (46.9) // 54.0% (51.0) // 51.6% (44.0)",
        "shots": "52.5% (32.6) // 52.7% (33.6) // 51.6% (32.5) // 52.5% (32.6)",
        "scoring": "53.0% (32.2) // 53.2% (32.5) // 54.3% (35.0) // 53.0% (32.2)",
        "corsiAgainst": "48.6% (55.0) // 47.4% (55.1) // 43.9% (54.0) // 48.6% (55.0)",
        "fenwickAgainst": "48.4% (41.2) // 47.5% (42.4) // 46.0% (43.5) // 48.4% (41.2)",
        "shotsAgainst": "47.5% (29.5) // 47.3% (30.1) // 48.4% (30.5) // 47.5% (29.5)",
        "scoringAgainst": "47.0% (28.6) // 46.8% (28.6) // 45.7% (29.5) // 47.0% (28.6)",
        "oppCorsi": "54.2% (66.3) // 52.5% (66.0) // 43.1% (63.0) // 54.2% (66.3)",
        "oppFenwick": "53.6% (49.9) // 52.0% (49.3) // 41.6% (47.0) // 53.6% (49.9)",
        "oppShots": "53.7% (36.5) // 51.9% (35.5) // 48.6% (34.0) // 53.7% (36.5)",
        "oppScoring": "54.6% (34.8) // 53.4% (34.0) // 45.5% (30.0) // 54.6% (34.8)",
        "oppCorsiAgainst": "45.8% (56.1) // 47.5% (59.7) // 56.9% (83.0) // 45.8% (56.1)",
        "oppFenwickAgainst": "46.4% (43.2) // 48.0% (45.5) // 58.4% (66.0) // 46.4% (43.2)",
        "oppShotsAgainst": "46.3% (31.5) // 48.1% (33.0) // 51.4% (36.0) // 46.3% (31.5)",
        "oppScoringAgainst": "45.4% (28.9) // 46.6% (29.7) // 54.5% (36.0) // 45.4% (28.9)",
        "savesPerGame": 27.7,
        "savesPerGameLast1": 24.0,
        "savesPerGameLast3": 28.3,
        "savesPerGameLast5": 28.8,
        "savesPer60": 28.6,
        "savesPer60Last1": 23.4,
        "savesPer60Last3": 28.1,
        "savesPer60Last5": 28.7,
        "shotsPerGame": 33.0,
        "shotsPerGameLast5": 33.0,
        "shotsAgainstPerGame": 29.8,
        "shotsAgainstPerGameLast5": 32.0,
        "oppSavesAgainstPer60": 34.0,
        "oppSavesAgainstPer60Last1": 24.7,
        "oppSavesAgainstPer60Last3": 28.1,
        "oppSavesAgainstPer60Last5": 32.3,
        "oppShotsAgainstPerGame": 31.7,
        "oppShotsAgainstPerGameLast5": 30.2,
        "savesProj": 32.8,
        "savesProjLast5": 32.3,
        "savesProjLast3": 27.5,
        "oppSavesAgainstProj": 32.8,
        "oppSavesAgainstProjLast5": 32.5,
        "oppSavesAgainstProjLast3": 26.7,
        "totalOver": 38,
        "totalOverLast5": 60,
        "totalOverLast15": 27,
        "lastTotalOver": 0,
        "last5": "4,3,3,1,0,1,1,1,2,1",
        "overOdds": "-185",
        "underOdds": "+150",
        "overUnder": "-185 / +150"
    },
    {
        "player": "Radko Gudas",
        "team": "FLA",
        "opponent": "BOS",
        "propType": "bs",
        "line": 1.5,
        "ppLine": "",
        "avg": 1.8,
        "hit": false,
        "diffAvg": 0.2,
        "diffAbs": 1.0,
        "lastAvg": 0.0,
        "diff": 0,
        "avgMin": 17,
        "proj": 0.0,
        "lastAvgMin": 18.0,
        "oppOver": 0,
        "teamOver": 0,
        "gameLine": "+135",
        "+/-": "+12",
        "L5_+/-": "+3.0",
        "prevMatchup": "2023-04-19 3.0 bs 2023-04-17 1.0 bs 2023-01-28 1.0 bs 2022-11-23 4.0 bs 2022-10-17 2.0 bs",
        "winLossSplits": "45% - 56%",
        "awayHome": "H",
        "playedYesterday": "N",
        "awayHomeSplits": "45% - 56%",
        "savesAboveExp": 0.892,
        "gsaa": 48.51,
        "corsi": "54.2% (66.3) // 52.5% (66.0) // 43.1% (63.0) // 54.2% (66.3)",
        "fenwick": "53.6% (49.9) // 52.0% (49.3) // 41.6% (47.0) // 53.6% (49.9)",
        "shots": "53.7% (36.5) // 51.9% (35.5) // 48.6% (34.0) // 53.7% (36.5)",
        "scoring": "54.6% (34.8) // 53.4% (34.0) // 45.5% (30.0) // 54.6% (34.8)",
        "corsiAgainst": "45.8% (56.1) // 47.5% (59.7) // 56.9% (83.0) // 45.8% (56.1)",
        "fenwickAgainst": "46.4% (43.2) // 48.0% (45.5) // 58.4% (66.0) // 46.4% (43.2)",
        "shotsAgainst": "46.3% (31.5) // 48.1% (33.0) // 51.4% (36.0) // 46.3% (31.5)",
        "scoringAgainst": "45.4% (28.9) // 46.6% (29.7) // 54.5% (36.0) // 45.4% (28.9)",
        "oppCorsi": "51.4% (58.2) // 52.6% (61.3) // 56.1% (69.0) // 51.4% (58.2)",
        "oppFenwick": "51.6% (44.0) // 52.5% (46.9) // 54.0% (51.0) // 51.6% (44.0)",
        "oppShots": "52.5% (32.6) // 52.7% (33.6) // 51.6% (32.5) // 52.5% (32.6)",
        "oppScoring": "53.0% (32.2) // 53.2% (32.5) // 54.3% (35.0) // 53.0% (32.2)",
        "oppCorsiAgainst": "48.6% (55.0) // 47.4% (55.1) // 43.9% (54.0) // 48.6% (55.0)",
        "oppFenwickAgainst": "48.4% (41.2) // 47.5% (42.4) // 46.0% (43.5) // 48.4% (41.2)",
        "oppShotsAgainst": "47.5% (29.5) // 47.3% (30.1) // 48.4% (30.5) // 47.5% (29.5)",
        "oppScoringAgainst": "47.0% (28.6) // 46.8% (28.6) // 45.7% (29.5) // 47.0% (28.6)",
        "savesPerGame": 28.4,
        "savesPerGameLast1": 34.0,
        "savesPerGameLast3": 30.0,
        "savesPerGameLast5": 27.0,
        "savesPer60": 29.0,
        "savesPer60Last1": 34.0,
        "savesPer60Last3": 29.0,
        "savesPer60Last5": 26.9,
        "shotsPerGame": 36.8,
        "shotsPerGameLast5": 35.8,
        "shotsAgainstPerGame": 31.7,
        "shotsAgainstPerGameLast5": 30.2,
        "oppSavesAgainstPer60": 29.9,
        "oppSavesAgainstPer60Last1": 34.0,
        "oppSavesAgainstPer60Last3": 26.0,
        "oppSavesAgainstPer60Last5": 29.2,
        "oppShotsAgainstPerGame": 29.8,
        "oppShotsAgainstPerGameLast5": 32.0,
        "savesProj": 29.7,
        "savesProjLast5": 27.1,
        "savesProjLast3": 25.7,
        "oppSavesAgainstProj": 30.1,
        "oppSavesAgainstProjLast5": 26.3,
        "oppSavesAgainstProjLast3": 25.4,
        "totalOver": 50,
        "totalOverLast5": 40,
        "totalOverLast15": 47,
        "lastTotalOver": 0,
        "last5": "3,1,2,1,1,4,1,4,4,3",
        "overOdds": "-125",
        "underOdds": "-105",
        "overUnder": "-125 / -105"
    },
    {
        "player": "Jonas Brodin",
        "team": "MIN",
        "opponent": "DAL",
        "propType": "bs",
        "line": 2.5,
        "ppLine": "",
        "avg": 2.23,
        "hit": false,
        "diffAvg": -0.11,
        "diffAbs": 1.0,
        "lastAvg": 0.0,
        "diff": 0,
        "avgMin": 23,
        "proj": 0.0,
        "lastAvgMin": 23.43,
        "oppOver": 0,
        "teamOver": 0,
        "gameLine": "-105",
        "+/-": "+13",
        "L5_+/-": "+3.0",
        "prevMatchup": "2023-04-19 3.0 bs 2023-04-17 5.0 bs 2023-02-17 1.0 bs 2022-12-29 2.0 bs",
        "winLossSplits": "35% - 36%",
        "awayHome": "H",
        "playedYesterday": "N",
        "awayHomeSplits": "40% - 31%",
        "savesAboveExp": 0.39,
        "gsaa": 26.05,
        "corsi": "49.9% (57.3) // 46.8% (54.2) // 52.5% (55.7) // 49.9% (57.3)",
        "fenwick": "50.8% (43.1) // 46.8% (39.4) // 55.2% (41.6) // 50.8% (43.1)",
        "shots": "49.8% (30.3) // 45.0% (27.2) // 53.2% (28.4) // 49.8% (30.3)",
        "scoring": "50.3% (28.1) // 45.1% (25.2) // 50.9% (29.3) // 50.3% (28.1)",
        "corsiAgainst": "50.1% (57.6) // 53.2% (61.7) // 47.5% (50.4) // 50.1% (57.6)",
        "fenwickAgainst": "49.2% (41.9) // 53.2% (44.8) // 44.8% (33.7) // 49.2% (41.9)",
        "shotsAgainst": "50.2% (30.5) // 55.0% (33.2) // 46.8% (24.9) // 50.2% (30.5)",
        "scoringAgainst": "49.7% (27.7) // 54.9% (30.6) // 49.1% (28.4) // 49.7% (27.7)",
        "oppCorsi": "52.0% (59.9) // 57.0% (56.0) // 64.2% (64.5) // 52.0% (59.9)",
        "oppFenwick": "51.3% (43.7) // 56.1% (40.6) // 61.6% (45.0) // 51.3% (43.7)",
        "oppShots": "51.6% (31.5) // 56.3% (29.0) // 62.3% (35.5) // 51.6% (31.5)",
        "oppScoring": "53.7% (31.5) // 61.3% (29.6) // 74.0% (38.5) // 53.7% (31.5)",
        "oppCorsiAgainst": "48.0% (55.3) // 43.0% (42.3) // 35.8% (36.0) // 48.0% (55.3)",
        "oppFenwickAgainst": "48.7% (41.4) // 43.9% (31.7) // 38.4% (28.0) // 48.7% (41.4)",
        "oppShotsAgainst": "48.4% (29.5) // 43.7% (22.5) // 37.7% (21.5) // 48.4% (29.5)",
        "oppScoringAgainst": "46.3% (27.2) // 38.7% (18.6) // 26.0% (13.5) // 46.3% (27.2)",
        "savesPerGame": 28.5,
        "savesPerGameLast1": 24.0,
        "savesPerGameLast3": 34.0,
        "savesPerGameLast5": 31.8,
        "savesPer60": 29.6,
        "savesPer60Last1": 24.0,
        "savesPer60Last3": 40.6,
        "savesPer60Last5": 35.3,
        "shotsPerGame": 30.9,
        "shotsPerGameLast5": 30.8,
        "shotsAgainstPerGame": 31.1,
        "shotsAgainstPerGameLast5": 35.4,
        "oppSavesAgainstPer60": 29.2,
        "oppSavesAgainstPer60Last1": 26.0,
        "oppSavesAgainstPer60Last3": 36.9,
        "oppSavesAgainstPer60Last5": 31.2,
        "oppShotsAgainstPerGame": 29.9,
        "oppShotsAgainstPerGameLast5": 27.4,
        "savesProj": 29.7,
        "savesProjLast5": 38.9,
        "savesProjLast3": 51.6,
        "oppSavesAgainstProj": 29.9,
        "oppSavesAgainstProjLast5": 36.3,
        "oppSavesAgainstProjLast3": 43.8,
        "totalOver": 35,
        "totalOverLast5": 60,
        "totalOverLast15": 40,
        "lastTotalOver": 0,
        "last5": "3,5,2,4,1,0,2,7,3,1",
        "overOdds": "-105",
        "underOdds": "-125",
        "overUnder": "-105 / -125"
    },
    {
        "player": "Esa Lindell",
        "team": "DAL",
        "opponent": "MIN",
        "propType": "bs",
        "line": 1.5,
        "ppLine": "",
        "avg": 1.82,
        "hit": false,
        "diffAvg": 0.21,
        "diffAbs": 1.0,
        "lastAvg": 0.0,
        "diff": 0,
        "avgMin": 19,
        "proj": 0.0,
        "lastAvgMin": 22.03,
        "oppOver": 0,
        "teamOver": 0,
        "gameLine": "-115",
        "+/-": "+30",
        "L5_+/-": "+1.0",
        "prevMatchup": "2023-04-19 2.0 bs 2023-04-17 4.0 bs 2023-02-17 5.0 bs 2023-02-08 4.0 bs 2022-12-29 2.0 bs 2022-12-04 3.0 bs",
        "winLossSplits": "58% - 47%",
        "awayHome": "A",
        "playedYesterday": "N",
        "awayHomeSplits": "54% - 53%",
        "savesAboveExp": 0.594,
        "gsaa": 31.32,
        "corsi": "52.0% (59.9) // 57.0% (56.0) // 64.2% (64.5) // 52.0% (59.9)",
        "fenwick": "51.3% (43.7) // 56.1% (40.6) // 61.6% (45.0) // 51.3% (43.7)",
        "shots": "51.6% (31.5) // 56.3% (29.0) // 62.3% (35.5) // 51.6% (31.5)",
        "scoring": "53.7% (31.5) // 61.3% (29.6) // 74.0% (38.5) // 53.7% (31.5)",
        "corsiAgainst": "48.0% (55.3) // 43.0% (42.3) // 35.8% (36.0) // 48.0% (55.3)",
        "fenwickAgainst": "48.7% (41.4) // 43.9% (31.7) // 38.4% (28.0) // 48.7% (41.4)",
        "shotsAgainst": "48.4% (29.5) // 43.7% (22.5) // 37.7% (21.5) // 48.4% (29.5)",
        "scoringAgainst": "46.3% (27.2) // 38.7% (18.6) // 26.0% (13.5) // 46.3% (27.2)",
        "oppCorsi": "49.9% (57.3) // 46.8% (54.2) // 52.5% (55.7) // 49.9% (57.3)",
        "oppFenwick": "50.8% (43.1) // 46.8% (39.4) // 55.2% (41.6) // 50.8% (43.1)",
        "oppShots": "49.8% (30.3) // 45.0% (27.2) // 53.2% (28.4) // 49.8% (30.3)",
        "oppScoring": "50.3% (28.1) // 45.1% (25.2) // 50.9% (29.3) // 50.3% (28.1)",
        "oppCorsiAgainst": "50.1% (57.6) // 53.2% (61.7) // 47.5% (50.4) // 50.1% (57.6)",
        "oppFenwickAgainst": "49.2% (41.9) // 53.2% (44.8) // 44.8% (33.7) // 49.2% (41.9)",
        "oppShotsAgainst": "50.2% (30.5) // 55.0% (33.2) // 46.8% (24.9) // 50.2% (30.5)",
        "oppScoringAgainst": "49.7% (27.7) // 54.9% (30.6) // 49.1% (28.4) // 49.7% (27.7)",
        "savesPerGame": 27.3,
        "savesPerGameLast1": 23.0,
        "savesPerGameLast3": 31.0,
        "savesPerGameLast5": 25.6,
        "savesPer60": 28.3,
        "savesPer60Last1": 22.9,
        "savesPer60Last3": 36.5,
        "savesPer60Last5": 28.3,
        "shotsPerGame": 31.9,
        "shotsPerGameLast5": 35.4,
        "shotsAgainstPerGame": 29.9,
        "shotsAgainstPerGameLast5": 27.4,
        "oppSavesAgainstPer60": 29.2,
        "oppSavesAgainstPer60Last1": 22.8,
        "oppSavesAgainstPer60Last3": 30.3,
        "oppSavesAgainstPer60Last5": 28.7,
        "oppShotsAgainstPerGame": 31.1,
        "oppShotsAgainstPerGameLast5": 35.4,
        "savesProj": 26.9,
        "savesProjLast5": 26.8,
        "savesProjLast3": 36.6,
        "oppSavesAgainstProj": 28.4,
        "oppSavesAgainstProjLast5": 26.9,
        "oppSavesAgainstProjLast3": 33.5,
        "totalOver": 54,
        "totalOverLast5": 40,
        "totalOverLast15": 40,
        "lastTotalOver": 0,
        "last5": "2,4,0,0,1,0,0,3,3,2",
        "overOdds": "-120",
        "underOdds": "-110",
        "overUnder": "-120 / -110"
    },
    {
        "player": "Ryan Suter",
        "team": "DAL",
        "opponent": "MIN",
        "propType": "bs",
        "line": 1.5,
        "ppLine": "PP2",
        "avg": 1.4,
        "hit": false,
        "diffAvg": -0.07,
        "diffAbs": 1.0,
        "lastAvg": 0.0,
        "diff": 0,
        "avgMin": 20,
        "proj": 0.0,
        "lastAvgMin": 23.65,
        "oppOver": 0,
        "teamOver": 0,
        "gameLine": "-115",
        "+/-": "+2",
        "L5_+/-": "+5.0",
        "prevMatchup": "2023-04-19 0.0 bs 2023-04-17 3.0 bs 2023-02-17 0.0 bs 2023-02-08 3.0 bs 2022-12-29 1.0 bs 2022-12-04 1.0 bs",
        "winLossSplits": "38% - 36%",
        "awayHome": "A",
        "playedYesterday": "N",
        "awayHomeSplits": "32% - 42%",
        "savesAboveExp": 0.594,
        "gsaa": 31.32,
        "corsi": "52.0% (59.9) // 57.0% (56.0) // 64.2% (64.5) // 52.0% (59.9)",
        "fenwick": "51.3% (43.7) // 56.1% (40.6) // 61.6% (45.0) // 51.3% (43.7)",
        "shots": "51.6% (31.5) // 56.3% (29.0) // 62.3% (35.5) // 51.6% (31.5)",
        "scoring": "53.7% (31.5) // 61.3% (29.6) // 74.0% (38.5) // 53.7% (31.5)",
        "corsiAgainst": "48.0% (55.3) // 43.0% (42.3) // 35.8% (36.0) // 48.0% (55.3)",
        "fenwickAgainst": "48.7% (41.4) // 43.9% (31.7) // 38.4% (28.0) // 48.7% (41.4)",
        "shotsAgainst": "48.4% (29.5) // 43.7% (22.5) // 37.7% (21.5) // 48.4% (29.5)",
        "scoringAgainst": "46.3% (27.2) // 38.7% (18.6) // 26.0% (13.5) // 46.3% (27.2)",
        "oppCorsi": "49.9% (57.3) // 46.8% (54.2) // 52.5% (55.7) // 49.9% (57.3)",
        "oppFenwick": "50.8% (43.1) // 46.8% (39.4) // 55.2% (41.6) // 50.8% (43.1)",
        "oppShots": "49.8% (30.3) // 45.0% (27.2) // 53.2% (28.4) // 49.8% (30.3)",
        "oppScoring": "50.3% (28.1) // 45.1% (25.2) // 50.9% (29.3) // 50.3% (28.1)",
        "oppCorsiAgainst": "50.1% (57.6) // 53.2% (61.7) // 47.5% (50.4) // 50.1% (57.6)",
        "oppFenwickAgainst": "49.2% (41.9) // 53.2% (44.8) // 44.8% (33.7) // 49.2% (41.9)",
        "oppShotsAgainst": "50.2% (30.5) // 55.0% (33.2) // 46.8% (24.9) // 50.2% (30.5)",
        "oppScoringAgainst": "49.7% (27.7) // 54.9% (30.6) // 49.1% (28.4) // 49.7% (27.7)",
        "savesPerGame": 27.3,
        "savesPerGameLast1": 23.0,
        "savesPerGameLast3": 31.0,
        "savesPerGameLast5": 25.6,
        "savesPer60": 28.3,
        "savesPer60Last1": 22.9,
        "savesPer60Last3": 36.5,
        "savesPer60Last5": 28.3,
        "shotsPerGame": 31.9,
        "shotsPerGameLast5": 35.4,
        "shotsAgainstPerGame": 29.9,
        "shotsAgainstPerGameLast5": 27.4,
        "oppSavesAgainstPer60": 29.2,
        "oppSavesAgainstPer60Last1": 22.8,
        "oppSavesAgainstPer60Last3": 30.3,
        "oppSavesAgainstPer60Last5": 28.7,
        "oppShotsAgainstPerGame": 31.1,
        "oppShotsAgainstPerGameLast5": 35.4,
        "savesProj": 26.9,
        "savesProjLast5": 26.8,
        "savesProjLast3": 36.6,
        "oppSavesAgainstProj": 28.4,
        "oppSavesAgainstProjLast5": 26.9,
        "oppSavesAgainstProjLast3": 33.5,
        "totalOver": 37,
        "totalOverLast5": 80,
        "totalOverLast15": 40,
        "lastTotalOver": 0,
        "last5": "0,3,4,2,3,1,1,1,1,4",
        "overOdds": "-130",
        "underOdds": "+100",
        "overUnder": "-130 / +100"
    },
    {
        "player": "Jacob Middleton",
        "team": "MIN",
        "opponent": "DAL",
        "propType": "bs",
        "line": 2.5,
        "ppLine": "",
        "avg": 2.02,
        "hit": false,
        "diffAvg": -0.19,
        "diffAbs": 1.0,
        "lastAvg": 0.0,
        "diff": 0,
        "avgMin": 19,
        "proj": 0.0,
        "lastAvgMin": 18.68,
        "oppOver": 0,
        "teamOver": 0,
        "gameLine": "-105",
        "+/-": "+15",
        "L5_+/-": -4.0,
        "prevMatchup": "2023-04-19 4.0 bs 2023-04-17 5.0 bs 2023-02-17 2.0 bs 2023-02-08 2.0 bs 2022-12-29 6.0 bs 2022-12-04 1.0 bs",
        "winLossSplits": "33% - 39%",
        "awayHome": "H",
        "playedYesterday": "N",
        "awayHomeSplits": "46% - 25%",
        "savesAboveExp": 0.39,
        "gsaa": 26.05,
        "corsi": "49.9% (57.3) // 46.8% (54.2) // 52.5% (55.7) // 49.9% (57.3)",
        "fenwick": "50.8% (43.1) // 46.8% (39.4) // 55.2% (41.6) // 50.8% (43.1)",
        "shots": "49.8% (30.3) // 45.0% (27.2) // 53.2% (28.4) // 49.8% (30.3)",
        "scoring": "50.3% (28.1) // 45.1% (25.2) // 50.9% (29.3) // 50.3% (28.1)",
        "corsiAgainst": "50.1% (57.6) // 53.2% (61.7) // 47.5% (50.4) // 50.1% (57.6)",
        "fenwickAgainst": "49.2% (41.9) // 53.2% (44.8) // 44.8% (33.7) // 49.2% (41.9)",
        "shotsAgainst": "50.2% (30.5) // 55.0% (33.2) // 46.8% (24.9) // 50.2% (30.5)",
        "scoringAgainst": "49.7% (27.7) // 54.9% (30.6) // 49.1% (28.4) // 49.7% (27.7)",
        "oppCorsi": "52.0% (59.9) // 57.0% (56.0) // 64.2% (64.5) // 52.0% (59.9)",
        "oppFenwick": "51.3% (43.7) // 56.1% (40.6) // 61.6% (45.0) // 51.3% (43.7)",
        "oppShots": "51.6% (31.5) // 56.3% (29.0) // 62.3% (35.5) // 51.6% (31.5)",
        "oppScoring": "53.7% (31.5) // 61.3% (29.6) // 74.0% (38.5) // 53.7% (31.5)",
        "oppCorsiAgainst": "48.0% (55.3) // 43.0% (42.3) // 35.8% (36.0) // 48.0% (55.3)",
        "oppFenwickAgainst": "48.7% (41.4) // 43.9% (31.7) // 38.4% (28.0) // 48.7% (41.4)",
        "oppShotsAgainst": "48.4% (29.5) // 43.7% (22.5) // 37.7% (21.5) // 48.4% (29.5)",
        "oppScoringAgainst": "46.3% (27.2) // 38.7% (18.6) // 26.0% (13.5) // 46.3% (27.2)",
        "savesPerGame": 28.5,
        "savesPerGameLast1": 24.0,
        "savesPerGameLast3": 34.0,
        "savesPerGameLast5": 31.8,
        "savesPer60": 29.6,
        "savesPer60Last1": 24.0,
        "savesPer60Last3": 40.6,
        "savesPer60Last5": 35.3,
        "shotsPerGame": 30.9,
        "shotsPerGameLast5": 30.8,
        "shotsAgainstPerGame": 31.1,
        "shotsAgainstPerGameLast5": 35.4,
        "oppSavesAgainstPer60": 29.2,
        "oppSavesAgainstPer60Last1": 26.0,
        "oppSavesAgainstPer60Last3": 36.9,
        "oppSavesAgainstPer60Last5": 31.2,
        "oppShotsAgainstPerGame": 29.9,
        "oppShotsAgainstPerGameLast5": 27.4,
        "savesProj": 29.7,
        "savesProjLast5": 38.9,
        "savesProjLast3": 51.6,
        "oppSavesAgainstProj": 29.9,
        "oppSavesAgainstProjLast5": 36.3,
        "oppSavesAgainstProjLast3": 43.8,
        "totalOver": 36,
        "totalOverLast5": 80,
        "totalOverLast15": 53,
        "lastTotalOver": 0,
        "last5": "4,5,2,4,3,3,1,3,4,1",
        "overOdds": "+120",
        "underOdds": "-150",
        "overUnder": "+120 / -150"
    },
    {
        "player": "Darnell Nurse",
        "team": "EDM",
        "opponent": "LA",
        "propType": "bs",
        "line": 2.5,
        "ppLine": "PP2",
        "avg": 2.04,
        "hit": false,
