[
    {
        "player": "Gustav Forsling",
        "team": "FLA",
        "opponent": "BOS",
        "propType": "bs",
        "line": 1.5,
        "ppLine": "PP2",
        "avg": 1.34,
        "hit": false,
        "diffAvg": -0.11,
        "diffAbs": 1.0,
        "lastAvg": 0.0,
        "diff": 0,
        "avgMin": 23,
        "proj": 0.0,
        "lastAvgMin": 21.22,
        "oppOver": 0,
        "teamOver": 0,
        "gameLine": "+205",
        "+/-": "+18",
        "L5_+/-": -1.0,
        "prevMatchup": "2023-04-23 2.0 bs 2023-04-21 2.0 bs 2023-04-19 2.0 bs 2023-04-17 4.0 bs 2023-01-28 0.0 bs 2022-12-19 3.0 bs 2022-11-23 2.0 bs 2022-10-17 1.0 bs",
        "winLossSplits": "42% - 33%",
        "awayHome": "A",
        "playedYesterday": "N",
        "awayHomeSplits": "35% - 40%",
        "savesAboveExp": 0.892,
        "gsaa": 48.51,
        "corsi": "54.2% (66.3) // 52.5% (66.0) // 54.2% (66.3) // 54.2% (66.3)",
        "fenwick": "53.6% (49.9) // 52.0% (49.3) // 53.6% (49.9) // 53.6% (49.9)",
        "shots": "53.7% (36.5) // 51.9% (35.5) // 53.7% (36.5) // 53.7% (36.5)",
        "scoring": "54.6% (34.8) // 53.4% (34.0) // 54.6% (34.8) // 54.6% (34.8)",
        "corsiAgainst": "45.8% (56.1) // 47.5% (59.7) // 45.8% (56.1) // 45.8% (56.1)",
        "fenwickAgainst": "46.4% (43.2) // 48.0% (45.5) // 46.4% (43.2) // 46.4% (43.2)",
        "shotsAgainst": "46.3% (31.5) // 48.1% (33.0) // 46.3% (31.5) // 46.3% (31.5)",
        "scoringAgainst": "45.4% (28.9) // 46.6% (29.7) // 45.4% (28.9) // 45.4% (28.9)",
        "oppCorsi": "51.4% (58.2) // 52.6% (61.3) // 51.4% (58.2) // 51.4% (58.2)",
        "oppFenwick": "51.6% (44.0) // 52.5% (46.9) // 51.6% (44.0) // 51.6% (44.0)",
        "oppShots": "52.5% (32.6) // 52.7% (33.6) // 52.5% (32.6) // 52.5% (32.6)",
        "oppScoring": "53.0% (32.2) // 53.2% (32.5) // 53.0% (32.2) // 53.0% (32.2)",
        "oppCorsiAgainst": "48.6% (55.0) // 47.4% (55.1) // 48.6% (55.0) // 48.6% (55.0)",
        "oppFenwickAgainst": "48.4% (41.2) // 47.5% (42.4) // 48.4% (41.2) // 48.4% (41.2)",
        "oppShotsAgainst": "47.5% (29.5) // 47.3% (30.1) // 47.5% (29.5) // 47.5% (29.5)",
        "oppScoringAgainst": "47.0% (28.6) // 46.8% (28.6) // 47.0% (28.6) // 47.0% (28.6)",
        "savesPerGame": 28.4,
        "savesPerGameLast1": 25.0,
        "savesPerGameLast3": 30.0,
        "savesPerGameLast5": 29.2,
        "savesPer60": 29.6,
        "savesPer60Last1": 23.8,
        "savesPer60Last3": 28.9,
        "savesPer60Last5": 28.0,
        "shotsPerGame": 36.8,
        "shotsPerGameLast5": 34.2,
        "shotsAgainstPerGame": 31.7,
        "shotsAgainstPerGameLast5": 33.6,
        "oppSavesAgainstPer60": 30.6,
        "oppSavesAgainstPer60Last1": 25.0,
        "oppSavesAgainstPer60Last3": 30.8,
        "oppSavesAgainstPer60Last5": 26.8,
        "oppShotsAgainstPerGame": 29.8,
        "oppShotsAgainstPerGameLast5": 34.2,
        "savesProj": 29.6,
        "savesProjLast5": 25.2,
        "savesProjLast3": 29.6,
        "oppSavesAgainstProj": 30.2,
        "oppSavesAgainstProjLast5": 25.1,
        "oppSavesAgainstProjLast3": 30.2,
        "totalOver": 37,
        "totalOverLast5": 80,
        "totalOverLast15": 47,
        "lastTotalOver": 0,
        "last5": "2,2,2,4,0,1,0,2,2,1",
        "overOdds": "-130",
        "underOdds": "+100",
        "overUnder": "-130 / +100"
    },
    {
        "player": "Charlie Mcavoy",
        "team": "BOS",
        "opponent": "FLA",
        "propType": "bs",
        "line": 1.5,
        "ppLine": "PP1",
        "avg": 1.92,
        "hit": false,
        "diffAvg": 0.28,
        "diffAbs": 1.0,
        "lastAvg": 0.0,
        "diff": 0,
        "avgMin": 22,
        "proj": 0.0,
        "lastAvgMin": 24.65,
        "oppOver": 0,
        "teamOver": 0,
        "gameLine": "-245",
        "+/-": "+30",
        "L5_+/-": -2.0,
        "prevMatchup": "2023-04-23 2.0 bs 2023-04-21 1.0 bs 2023-04-19 0.0 bs 2023-04-17 2.0 bs 2023-01-28 4.0 bs 2022-12-19 1.0 bs 2022-11-23 0.0 bs",
        "winLossSplits": "58% - 56%",
        "awayHome": "H",
        "playedYesterday": "N",
        "awayHomeSplits": "63% - 53%",
        "savesAboveExp": "-",
        "gsaa": 3.73,
        "corsi": "51.4% (58.2) // 52.6% (61.3) // 51.4% (58.2) // 51.4% (58.2)",
        "fenwick": "51.6% (44.0) // 52.5% (46.9) // 51.6% (44.0) // 51.6% (44.0)",
        "shots": "52.5% (32.6) // 52.7% (33.6) // 52.5% (32.6) // 52.5% (32.6)",
        "scoring": "53.0% (32.2) // 53.2% (32.5) // 53.0% (32.2) // 53.0% (32.2)",
        "corsiAgainst": "48.6% (55.0) // 47.4% (55.1) // 48.6% (55.0) // 48.6% (55.0)",
        "fenwickAgainst": "48.4% (41.2) // 47.5% (42.4) // 48.4% (41.2) // 48.4% (41.2)",
        "shotsAgainst": "47.5% (29.5) // 47.3% (30.1) // 47.5% (29.5) // 47.5% (29.5)",
        "scoringAgainst": "47.0% (28.6) // 46.8% (28.6) // 47.0% (28.6) // 47.0% (28.6)",
        "oppCorsi": "54.2% (66.3) // 52.5% (66.0) // 54.2% (66.3) // 54.2% (66.3)",
        "oppFenwick": "53.6% (49.9) // 52.0% (49.3) // 53.6% (49.9) // 53.6% (49.9)",
        "oppShots": "53.7% (36.5) // 51.9% (35.5) // 53.7% (36.5) // 53.7% (36.5)",
        "oppScoring": "54.6% (34.8) // 53.4% (34.0) // 54.6% (34.8) // 54.6% (34.8)",
        "oppCorsiAgainst": "45.8% (56.1) // 47.5% (59.7) // 45.8% (56.1) // 45.8% (56.1)",
        "oppFenwickAgainst": "46.4% (43.2) // 48.0% (45.5) // 46.4% (43.2) // 46.4% (43.2)",
        "oppShotsAgainst": "46.3% (31.5) // 48.1% (33.0) // 46.3% (31.5) // 46.3% (31.5)",
        "oppScoringAgainst": "45.4% (28.9) // 46.6% (29.7) // 45.4% (28.9) // 45.4% (28.9)",
        "savesPerGame": 27.7,
        "savesPerGameLast1": 42.0,
        "savesPerGameLast3": 31.7,
        "savesPerGameLast5": 31.2,
        "savesPer60": 29.3,
        "savesPer60Last1": 42.0,
        "savesPer60Last3": 31.4,
        "savesPer60Last5": 31.1,
        "shotsPerGame": 33.0,
        "shotsPerGameLast5": 30.6,
        "shotsAgainstPerGame": 29.8,
        "shotsAgainstPerGameLast5": 34.2,
        "oppSavesAgainstPer60": 34.8,
        "oppSavesAgainstPer60Last1": 43.2,
        "oppSavesAgainstPer60Last3": 31.4,
        "oppSavesAgainstPer60Last5": 31.1,
        "oppShotsAgainstPerGame": 31.7,
        "oppShotsAgainstPerGameLast5": 33.6,
        "savesProj": 33.0,
        "savesProjLast5": 32.8,
        "savesProjLast3": 33.6,
        "oppSavesAgainstProj": 33.1,
        "oppSavesAgainstProjLast5": 30.2,
        "oppSavesAgainstProjLast3": 28.6,
        "totalOver": 58,
        "totalOverLast5": 40,
        "totalOverLast15": 53,
        "lastTotalOver": 0,
        "last5": "2,1,0,2,0,0,3,2,2,4",
        "overOdds": "-190",
        "underOdds": "+155",
        "overUnder": "-190 / +155"
    },
    {
        "player": "Derek Forbort",
        "team": "BOS",
        "opponent": "FLA",
        "propType": "bs",
        "line": 1.5,
        "ppLine": "",
        "avg": 1.67,
        "hit": false,
        "diffAvg": 0.11,
        "diffAbs": 1.0,
        "lastAvg": 0.0,
        "diff": 0,
        "avgMin": 17,
        "proj": 0.0,
        "lastAvgMin": 18.1,
        "oppOver": 0,
        "teamOver": 0,
        "gameLine": "-245",
        "+/-": "+13",
        "L5_+/-": -4.0,
        "prevMatchup": "2023-04-23 0.0 bs 2023-04-21 2.0 bs 2023-04-19 4.0 bs 2023-04-17 3.0 bs 2023-01-28 1.0 bs 2022-12-19 1.0 bs 2022-10-17 3.0 bs",
        "winLossSplits": "44% - 20%",
        "awayHome": "H",
        "playedYesterday": "N",
        "awayHomeSplits": "45% - 30%",
        "savesAboveExp": "-",
        "gsaa": 3.73,
        "corsi": "51.4% (58.2) // 52.6% (61.3) // 51.4% (58.2) // 51.4% (58.2)",
        "fenwick": "51.6% (44.0) // 52.5% (46.9) // 51.6% (44.0) // 51.6% (44.0)",
        "shots": "52.5% (32.6) // 52.7% (33.6) // 52.5% (32.6) // 52.5% (32.6)",
        "scoring": "53.0% (32.2) // 53.2% (32.5) // 53.0% (32.2) // 53.0% (32.2)",
        "corsiAgainst": "48.6% (55.0) // 47.4% (55.1) // 48.6% (55.0) // 48.6% (55.0)",
        "fenwickAgainst": "48.4% (41.2) // 47.5% (42.4) // 48.4% (41.2) // 48.4% (41.2)",
        "shotsAgainst": "47.5% (29.5) // 47.3% (30.1) // 47.5% (29.5) // 47.5% (29.5)",
        "scoringAgainst": "47.0% (28.6) // 46.8% (28.6) // 47.0% (28.6) // 47.0% (28.6)",
        "oppCorsi": "54.2% (66.3) // 52.5% (66.0) // 54.2% (66.3) // 54.2% (66.3)",
        "oppFenwick": "53.6% (49.9) // 52.0% (49.3) // 53.6% (49.9) // 53.6% (49.9)",
        "oppShots": "53.7% (36.5) // 51.9% (35.5) // 53.7% (36.5) // 53.7% (36.5)",
        "oppScoring": "54.6% (34.8) // 53.4% (34.0) // 54.6% (34.8) // 54.6% (34.8)",
        "oppCorsiAgainst": "45.8% (56.1) // 47.5% (59.7) // 45.8% (56.1) // 45.8% (56.1)",
        "oppFenwickAgainst": "46.4% (43.2) // 48.0% (45.5) // 46.4% (43.2) // 46.4% (43.2)",
        "oppShotsAgainst": "46.3% (31.5) // 48.1% (33.0) // 46.3% (31.5) // 46.3% (31.5)",
        "oppScoringAgainst": "45.4% (28.9) // 46.6% (29.7) // 45.4% (28.9) // 45.4% (28.9)",
        "savesPerGame": 27.7,
        "savesPerGameLast1": 42.0,
        "savesPerGameLast3": 31.7,
        "savesPerGameLast5": 31.2,
        "savesPer60": 29.3,
        "savesPer60Last1": 42.0,
        "savesPer60Last3": 31.4,
        "savesPer60Last5": 31.1,
        "shotsPerGame": 33.0,
        "shotsPerGameLast5": 30.6,
        "shotsAgainstPerGame": 29.8,
        "shotsAgainstPerGameLast5": 34.2,
        "oppSavesAgainstPer60": 34.8,
        "oppSavesAgainstPer60Last1": 43.2,
        "oppSavesAgainstPer60Last3": 31.4,
        "oppSavesAgainstPer60Last5": 31.1,
        "oppShotsAgainstPerGame": 31.7,
        "oppShotsAgainstPerGameLast5": 33.6,
        "savesProj": 33.0,
        "savesProjLast5": 32.8,
        "savesProjLast3": 33.6,
        "oppSavesAgainstProj": 33.1,
        "oppSavesAgainstProjLast5": 30.2,
        "oppSavesAgainstProjLast3": 28.6,
        "totalOver": 38,
        "totalOverLast5": 80,
        "totalOverLast15": 33,
        "lastTotalOver": 0,
        "last5": "0,2,4,3,3,1,0,1,1,1",
        "overOdds": "-180",
        "underOdds": "+145",
        "overUnder": "-180 / +145"
    },
    {
        "player": "Radko Gudas",
        "team": "FLA",
        "opponent": "BOS",
        "propType": "bs",
        "line": 1.5,
        "ppLine": "",
        "avg": 1.8,
        "hit": false,
        "diffAvg": 0.2,
        "diffAbs": 1.0,
        "lastAvg": 0.0,
        "diff": 0,
        "avgMin": 17,
        "proj": 0.0,
        "lastAvgMin": 18.0,
        "oppOver": 0,
        "teamOver": 0,
        "gameLine": "+205",
        "+/-": "+10",
        "L5_+/-": 0.0,
        "prevMatchup": "2023-04-23 2.0 bs 2023-04-21 2.0 bs 2023-04-19 3.0 bs 2023-04-17 1.0 bs 2023-01-28 1.0 bs 2022-11-23 4.0 bs 2022-10-17 2.0 bs",
        "winLossSplits": "45% - 58%",
        "awayHome": "A",
        "playedYesterday": "N",
        "awayHomeSplits": "45% - 58%",
        "savesAboveExp": 0.892,
        "gsaa": 48.51,
        "corsi": "54.2% (66.3) // 52.5% (66.0) // 54.2% (66.3) // 54.2% (66.3)",
        "fenwick": "53.6% (49.9) // 52.0% (49.3) // 53.6% (49.9) // 53.6% (49.9)",
        "shots": "53.7% (36.5) // 51.9% (35.5) // 53.7% (36.5) // 53.7% (36.5)",
        "scoring": "54.6% (34.8) // 53.4% (34.0) // 54.6% (34.8) // 54.6% (34.8)",
        "corsiAgainst": "45.8% (56.1) // 47.5% (59.7) // 45.8% (56.1) // 45.8% (56.1)",
        "fenwickAgainst": "46.4% (43.2) // 48.0% (45.5) // 46.4% (43.2) // 46.4% (43.2)",
        "shotsAgainst": "46.3% (31.5) // 48.1% (33.0) // 46.3% (31.5) // 46.3% (31.5)",
        "scoringAgainst": "45.4% (28.9) // 46.6% (29.7) // 45.4% (28.9) // 45.4% (28.9)",
        "oppCorsi": "51.4% (58.2) // 52.6% (61.3) // 51.4% (58.2) // 51.4% (58.2)",
        "oppFenwick": "51.6% (44.0) // 52.5% (46.9) // 51.6% (44.0) // 51.6% (44.0)",
        "oppShots": "52.5% (32.6) // 52.7% (33.6) // 52.5% (32.6) // 52.5% (32.6)",
        "oppScoring": "53.0% (32.2) // 53.2% (32.5) // 53.0% (32.2) // 53.0% (32.2)",
        "oppCorsiAgainst": "48.6% (55.0) // 47.4% (55.1) // 48.6% (55.0) // 48.6% (55.0)",
        "oppFenwickAgainst": "48.4% (41.2) // 47.5% (42.4) // 48.4% (41.2) // 48.4% (41.2)",
        "oppShotsAgainst": "47.5% (29.5) // 47.3% (30.1) // 47.5% (29.5) // 47.5% (29.5)",
        "oppScoringAgainst": "47.0% (28.6) // 46.8% (28.6) // 47.0% (28.6) // 47.0% (28.6)",
        "savesPerGame": 28.4,
        "savesPerGameLast1": 25.0,
        "savesPerGameLast3": 30.0,
        "savesPerGameLast5": 29.2,
        "savesPer60": 29.6,
        "savesPer60Last1": 23.8,
        "savesPer60Last3": 28.9,
        "savesPer60Last5": 28.0,
        "shotsPerGame": 36.8,
        "shotsPerGameLast5": 34.2,
        "shotsAgainstPerGame": 31.7,
        "shotsAgainstPerGameLast5": 33.6,
        "oppSavesAgainstPer60": 30.6,
        "oppSavesAgainstPer60Last1": 25.0,
        "oppSavesAgainstPer60Last3": 30.8,
        "oppSavesAgainstPer60Last5": 26.8,
        "oppShotsAgainstPerGame": 29.8,
        "oppShotsAgainstPerGameLast5": 34.2,
        "savesProj": 29.6,
        "savesProjLast5": 25.2,
        "savesProjLast3": 29.6,
        "oppSavesAgainstProj": 30.2,
        "oppSavesAgainstProjLast5": 25.1,
        "oppSavesAgainstProjLast3": 30.2,
        "totalOver": 51,
        "totalOverLast5": 80,
        "totalOverLast15": 60,
        "lastTotalOver": 0,
        "last5": "2,2,3,1,2,1,1,4,1,4",
        "overOdds": "-175",
        "underOdds": "+140",
        "overUnder": "-175 / +140"
    },
    {
        "player": "Devon Toews",
        "team": "COL",
        "opponent": "SEA",
        "propType": "bs",
        "line": 1.5,
        "ppLine": "PP1",
        "avg": 1.68,
        "hit": false,
        "diffAvg": 0.12,
        "diffAbs": 1.0,
        "lastAvg": 0.0,
        "diff": 0,
        "avgMin": 25,
        "proj": 0.0,
        "lastAvgMin": 25.37,
        "oppOver": 0,
        "teamOver": 0,
        "gameLine": "-180",
        "+/-": "+41",
        "L5_+/-": "+5.0",
        "prevMatchup": "2023-04-24 1.0 bs 2023-04-22 0.0 bs 2023-04-20 0.0 bs 2023-04-18 2.0 bs 2023-03-05 1.0 bs 2023-01-21 1.0 bs",
        "winLossSplits": "52% - 47%",
        "awayHome": "H",
        "playedYesterday": "N",
        "awayHomeSplits": "55% - 45%",
        "savesAboveExp": -0.168,
        "gsaa": -8.95,
        "corsi": "52.5% (60.1) // 55.0% (62.9) // 52.5% (60.1) // 52.5% (60.1)",
        "fenwick": "51.9% (44.1) // 55.1% (46.4) // 51.9% (44.1) // 51.9% (44.1)",
        "shots": "51.8% (32.8) // 55.1% (34.6) // 51.8% (32.8) // 51.8% (32.8)",
        "scoring": "53.4% (30.3) // 54.6% (32.8) // 53.4% (30.3) // 53.4% (30.3)",
        "corsiAgainst": "47.5% (54.3) // 45.0% (51.4) // 47.5% (54.3) // 47.5% (54.3)",
        "fenwickAgainst": "48.1% (41.0) // 44.9% (37.8) // 48.1% (41.0) // 48.1% (41.0)",
        "shotsAgainst": "48.2% (30.5) // 44.9% (28.2) // 48.2% (30.5) // 48.2% (30.5)",
        "scoringAgainst": "46.6% (26.5) // 45.4% (27.3) // 46.6% (26.5) // 46.6% (26.5)",
        "oppCorsi": "52.2% (57.4) // 56.1% (59.4) // 52.2% (57.4) // 52.2% (57.4)",
        "oppFenwick": "52.5% (43.0) // 57.1% (44.7) // 52.5% (43.0) // 52.5% (43.0)",
        "oppShots": "53.0% (30.2) // 57.4% (31.5) // 53.0% (30.2) // 53.0% (30.2)",
        "oppScoring": "50.6% (27.4) // 55.4% (26.5) // 50.6% (27.4) // 50.6% (27.4)",
        "oppCorsiAgainst": "47.8% (52.6) // 43.9% (46.4) // 47.8% (52.6) // 47.8% (52.6)",
        "oppFenwickAgainst": "47.5% (39.0) // 42.9% (33.6) // 47.5% (39.0) // 47.5% (39.0)",
        "oppShotsAgainst": "47.0% (26.8) // 42.6% (23.4) // 47.0% (26.8) // 47.0% (26.8)",
        "oppScoringAgainst": "49.4% (26.8) // 44.6% (21.3) // 49.4% (26.8) // 49.4% (26.8)",
        "savesPerGame": 28.4,
        "savesPerGameLast1": 40.0,
        "savesPerGameLast3": 30.7,
        "savesPerGameLast5": 27.4,
        "savesPer60": 30.2,
        "savesPer60Last1": 42.0,
        "savesPer60Last3": 31.2,
        "savesPer60Last5": 27.5,
        "shotsPerGame": 33.2,
        "shotsPerGameLast5": 31.4,
        "shotsAgainstPerGame": 31.1,
        "shotsAgainstPerGameLast5": 30.2,
        "oppSavesAgainstPer60": 28.1,
        "oppSavesAgainstPer60Last1": 39.9,
        "oppSavesAgainstPer60Last3": 30.3,
        "oppSavesAgainstPer60Last5": 29.7,
        "oppShotsAgainstPerGame": 27.0,
        "oppShotsAgainstPerGameLast5": 30.2,
        "savesProj": 32.3,
        "savesProjLast5": 32.5,
        "savesProjLast3": 38.0,
        "oppSavesAgainstProj": 27.7,
        "oppSavesAgainstProjLast5": 29.1,
        "oppSavesAgainstProjLast3": 33.1,
        "totalOver": 50,
        "totalOverLast5": 20,
        "totalOverLast15": 20,
        "lastTotalOver": 0,
        "last5": "1,0,0,2,1,1,1,1,0,1",
        "overOdds": "-130",
        "underOdds": "+100",
        "overUnder": "-130 / +100"
    },
    {
        "player": "Samuel Girard",
        "team": "COL",
        "opponent": "SEA",
        "propType": "bs",
        "line": 1.5,
        "ppLine": "PP2",
        "avg": 1.51,
        "hit": false,
        "diffAvg": 0.01,
        "diffAbs": 1.0,
        "lastAvg": 0.0,
        "diff": 0,
        "avgMin": 21,
        "proj": 0.0,
        "lastAvgMin": 21.63,
        "oppOver": 0,
        "teamOver": 0,
        "gameLine": "-180",
        "+/-": -10,
        "L5_+/-": "+4.0",
        "prevMatchup": "2023-04-24 1.0 bs 2023-04-22 1.0 bs 2023-04-20 2.0 bs 2023-04-18 1.0 bs 2023-03-05 1.0 bs 2023-01-21 3.0 bs 2022-10-21 0.0 bs",
        "winLossSplits": "50% - 34%",
        "awayHome": "H",
        "playedYesterday": "N",
        "awayHomeSplits": "40% - 48%",
        "savesAboveExp": -0.168,
        "gsaa": -8.95,
        "corsi": "52.5% (60.1) // 55.0% (62.9) // 52.5% (60.1) // 52.5% (60.1)",
        "fenwick": "51.9% (44.1) // 55.1% (46.4) // 51.9% (44.1) // 51.9% (44.1)",
        "shots": "51.8% (32.8) // 55.1% (34.6) // 51.8% (32.8) // 51.8% (32.8)",
        "scoring": "53.4% (30.3) // 54.6% (32.8) // 53.4% (30.3) // 53.4% (30.3)",
        "corsiAgainst": "47.5% (54.3) // 45.0% (51.4) // 47.5% (54.3) // 47.5% (54.3)",
        "fenwickAgainst": "48.1% (41.0) // 44.9% (37.8) // 48.1% (41.0) // 48.1% (41.0)",
        "shotsAgainst": "48.2% (30.5) // 44.9% (28.2) // 48.2% (30.5) // 48.2% (30.5)",
        "scoringAgainst": "46.6% (26.5) // 45.4% (27.3) // 46.6% (26.5) // 46.6% (26.5)",
        "oppCorsi": "52.2% (57.4) // 56.1% (59.4) // 52.2% (57.4) // 52.2% (57.4)",
        "oppFenwick": "52.5% (43.0) // 57.1% (44.7) // 52.5% (43.0) // 52.5% (43.0)",
        "oppShots": "53.0% (30.2) // 57.4% (31.5) // 53.0% (30.2) // 53.0% (30.2)",
        "oppScoring": "50.6% (27.4) // 55.4% (26.5) // 50.6% (27.4) // 50.6% (27.4)",
        "oppCorsiAgainst": "47.8% (52.6) // 43.9% (46.4) // 47.8% (52.6) // 47.8% (52.6)",
        "oppFenwickAgainst": "47.5% (39.0) // 42.9% (33.6) // 47.5% (39.0) // 47.5% (39.0)",
        "oppShotsAgainst": "47.0% (26.8) // 42.6% (23.4) // 47.0% (26.8) // 47.0% (26.8)",
        "oppScoringAgainst": "49.4% (26.8) // 44.6% (21.3) // 49.4% (26.8) // 49.4% (26.8)",
        "savesPerGame": 28.4,
        "savesPerGameLast1": 40.0,
        "savesPerGameLast3": 30.7,
        "savesPerGameLast5": 27.4,
        "savesPer60": 30.2,
        "savesPer60Last1": 42.0,
        "savesPer60Last3": 31.2,
        "savesPer60Last5": 27.5,
        "shotsPerGame": 33.2,
        "shotsPerGameLast5": 31.4,
        "shotsAgainstPerGame": 31.1,
        "shotsAgainstPerGameLast5": 30.2,
        "oppSavesAgainstPer60": 28.1,
        "oppSavesAgainstPer60Last1": 39.9,
        "oppSavesAgainstPer60Last3": 30.3,
        "oppSavesAgainstPer60Last5": 29.7,
        "oppShotsAgainstPerGame": 27.0,
        "oppShotsAgainstPerGameLast5": 30.2,
        "savesProj": 32.3,
        "savesProjLast5": 32.5,
        "savesProjLast3": 38.0,
        "oppSavesAgainstProj": 27.7,
        "oppSavesAgainstProjLast5": 29.1,
        "oppSavesAgainstProjLast3": 33.1,
        "totalOver": 44,
        "totalOverLast5": 20,
        "totalOverLast15": 27,
        "lastTotalOver": 0,
        "last5": "1,1,2,1,0,0,1,3,1,3",
        "overOdds": "-125",
        "underOdds": "-105",
        "overUnder": "-125 / -105"
    },
    {
        "player": "Jamie Oleksiak",
        "team": "SEA",
        "opponent": "COL",
        "propType": "bs",
        "line": 1.5,
        "ppLine": "",
        "avg": 1.67,
        "hit": false,
        "diffAvg": 0.11,
        "diffAbs": 1.0,
        "lastAvg": 0.0,
        "diff": 0,
        "avgMin": 19,
        "proj": 0.0,
        "lastAvgMin": 19.32,
        "oppOver": 0,
        "teamOver": 0,
        "gameLine": "+155",
        "+/-": "+12",
        "L5_+/-": "+3.0",
        "prevMatchup": "2023-04-24 7.0 bs 2023-04-22 5.0 bs 2023-04-20 3.0 bs 2023-04-18 2.0 bs 2023-03-05 2.0 bs 2023-01-21 0.0 bs 2022-10-21 4.0 bs",
        "winLossSplits": "51% - 38%",
        "awayHome": "A",
        "playedYesterday": "N",
        "awayHomeSplits": "52% - 38%",
        "savesAboveExp": 0.16,
        "gsaa": 26.31,
        "corsi": "52.2% (57.4) // 56.1% (59.4) // 52.2% (57.4) // 52.2% (57.4)",
        "fenwick": "52.5% (43.0) // 57.1% (44.7) // 52.5% (43.0) // 52.5% (43.0)",
        "shots": "53.0% (30.2) // 57.4% (31.5) // 53.0% (30.2) // 53.0% (30.2)",
        "scoring": "50.6% (27.4) // 55.4% (26.5) // 50.6% (27.4) // 50.6% (27.4)",
        "corsiAgainst": "47.8% (52.6) // 43.9% (46.4) // 47.8% (52.6) // 47.8% (52.6)",
        "fenwickAgainst": "47.5% (39.0) // 42.9% (33.6) // 47.5% (39.0) // 47.5% (39.0)",
        "shotsAgainst": "47.0% (26.8) // 42.6% (23.4) // 47.0% (26.8) // 47.0% (26.8)",
        "scoringAgainst": "49.4% (26.8) // 44.6% (21.3) // 49.4% (26.8) // 49.4% (26.8)",
        "oppCorsi": "52.5% (60.1) // 55.0% (62.9) // 52.5% (60.1) // 52.5% (60.1)",
        "oppFenwick": "51.9% (44.1) // 55.1% (46.4) // 51.9% (44.1) // 51.9% (44.1)",
        "oppShots": "51.8% (32.8) // 55.1% (34.6) // 51.8% (32.8) // 51.8% (32.8)",
        "oppScoring": "53.4% (30.3) // 54.6% (32.8) // 53.4% (30.3) // 53.4% (30.3)",
        "oppCorsiAgainst": "47.5% (54.3) // 45.0% (51.4) // 47.5% (54.3) // 47.5% (54.3)",
        "oppFenwickAgainst": "48.1% (41.0) // 44.9% (37.8) // 48.1% (41.0) // 48.1% (41.0)",
        "oppShotsAgainst": "48.2% (30.5) // 44.9% (28.2) // 48.2% (30.5) // 48.2% (30.5)",
        "oppScoringAgainst": "46.6% (26.5) // 45.4% (27.3) // 46.6% (26.5) // 46.6% (26.5)",
        "savesPerGame": 23.9,
        "savesPerGameLast1": 20.0,
        "savesPerGameLast3": 28.7,
        "savesPerGameLast5": 27.2,
        "savesPer60": 25.2,
        "savesPer60Last1": 21.0,
        "savesPer60Last3": 28.6,
        "savesPer60Last5": 27.0,
        "shotsPerGame": 30.5,
        "shotsPerGameLast5": 32.4,
        "shotsAgainstPerGame": 27.0,
        "shotsAgainstPerGameLast5": 30.2,
        "oppSavesAgainstPer60": 32.0,
        "oppSavesAgainstPer60Last1": 21.4,
        "oppSavesAgainstPer60Last3": 29.3,
        "oppSavesAgainstPer60Last5": 29.0,
        "oppShotsAgainstPerGame": 31.1,
        "oppShotsAgainstPerGameLast5": 30.2,
        "savesProj": 25.0,
        "savesProjLast5": 26.8,
        "savesProjLast3": 27.1,
        "oppSavesAgainstProj": 26.7,
        "oppSavesAgainstProjLast5": 24.9,
        "oppSavesAgainstProjLast3": 26.3,
        "totalOver": 46,
        "totalOverLast5": 80,
        "totalOverLast15": 40,
        "lastTotalOver": 0,
        "last5": "7,5,3,2,1,4,2,1,1,1",
        "overOdds": "-165",
        "underOdds": "+135",
        "overUnder": "-165 / +135"
    },
    {
        "player": "Adam Larsson",
        "team": "SEA",
        "opponent": "COL",
        "propType": "bs",
        "line": 2.5,
        "ppLine": "",
        "avg": 2.15,
        "hit": false,
        "diffAvg": -0.14,
        "diffAbs": 1.0,
        "lastAvg": 0.0,
        "diff": 0,
        "avgMin": 23,
        "proj": 0.0,
        "lastAvgMin": 22.27,
        "oppOver": 0,
        "teamOver": 0,
        "gameLine": "+155",
        "+/-": "+25",
        "L5_+/-": -2.0,
        "prevMatchup": "2023-04-24 4.0 bs 2023-04-22 3.0 bs 2023-04-20 1.0 bs 2023-04-18 4.0 bs 2023-03-05 1.0 bs 2023-01-21 3.0 bs 2022-10-21 1.0 bs",
        "winLossSplits": "46% - 32%",
        "awayHome": "A",
        "playedYesterday": "N",
        "awayHomeSplits": "33% - 47%",
        "savesAboveExp": 0.16,
        "gsaa": 26.31,
        "corsi": "52.2% (57.4) // 56.1% (59.4) // 52.2% (57.4) // 52.2% (57.4)",
        "fenwick": "52.5% (43.0) // 57.1% (44.7) // 52.5% (43.0) // 52.5% (43.0)",
        "shots": "53.0% (30.2) // 57.4% (31.5) // 53.0% (30.2) // 53.0% (30.2)",
        "scoring": "50.6% (27.4) // 55.4% (26.5) // 50.6% (27.4) // 50.6% (27.4)",
        "corsiAgainst": "47.8% (52.6) // 43.9% (46.4) // 47.8% (52.6) // 47.8% (52.6)",
        "fenwickAgainst": "47.5% (39.0) // 42.9% (33.6) // 47.5% (39.0) // 47.5% (39.0)",
        "shotsAgainst": "47.0% (26.8) // 42.6% (23.4) // 47.0% (26.8) // 47.0% (26.8)",
        "scoringAgainst": "49.4% (26.8) // 44.6% (21.3) // 49.4% (26.8) // 49.4% (26.8)",
        "oppCorsi": "52.5% (60.1) // 55.0% (62.9) // 52.5% (60.1) // 52.5% (60.1)",
        "oppFenwick": "51.9% (44.1) // 55.1% (46.4) // 51.9% (44.1) // 51.9% (44.1)",
        "oppShots": "51.8% (32.8) // 55.1% (34.6) // 51.8% (32.8) // 51.8% (32.8)",
        "oppScoring": "53.4% (30.3) // 54.6% (32.8) // 53.4% (30.3) // 53.4% (30.3)",
        "oppCorsiAgainst": "47.5% (54.3) // 45.0% (51.4) // 47.5% (54.3) // 47.5% (54.3)",
        "oppFenwickAgainst": "48.1% (41.0) // 44.9% (37.8) // 48.1% (41.0) // 48.1% (41.0)",
        "oppShotsAgainst": "48.2% (30.5) // 44.9% (28.2) // 48.2% (30.5) // 48.2% (30.5)",
        "oppScoringAgainst": "46.6% (26.5) // 45.4% (27.3) // 46.6% (26.5) // 46.6% (26.5)",
        "savesPerGame": 23.9,
        "savesPerGameLast1": 20.0,
        "savesPerGameLast3": 28.7,
        "savesPerGameLast5": 27.2,
        "savesPer60": 25.2,
        "savesPer60Last1": 21.0,
        "savesPer60Last3": 28.6,
        "savesPer60Last5": 27.0,
        "shotsPerGame": 30.5,
        "shotsPerGameLast5": 32.4,
        "shotsAgainstPerGame": 27.0,
        "shotsAgainstPerGameLast5": 30.2,
        "oppSavesAgainstPer60": 32.0,
        "oppSavesAgainstPer60Last1": 21.4,
        "oppSavesAgainstPer60Last3": 29.3,
        "oppSavesAgainstPer60Last5": 29.0,
        "oppShotsAgainstPerGame": 31.1,
        "oppShotsAgainstPerGameLast5": 30.2,
        "savesProj": 25.0,
        "savesProjLast5": 26.8,
        "savesProjLast3": 27.1,
        "oppSavesAgainstProj": 26.7,
        "oppSavesAgainstProjLast5": 24.9,
        "oppSavesAgainstProjLast3": 26.3,
        "totalOver": 40,
        "totalOverLast5": 60,
        "totalOverLast15": 40,
        "lastTotalOver": 0,
        "last5": "4,3,1,4,0,3,1,3,2,1",
        "overOdds": "+100",
        "underOdds": "-130",
        "overUnder": "+100 / -130"
    }
]