[
    {
        "player": "Josh Morrissey",
        "team": "WPG",
        "opponent": "VGK",
        "propType": "bs",
        "line": 1.5,
        "ppLine": "PP1",
        "avg": 1.52,
        "hit": false,
        "diffAvg": 0.01,
        "diffAbs": 1.0,
        "lastAvg": 0.0,
        "diff": 0,
        "avgMin": 24,
        "proj": 0.0,
        "lastAvgMin": 23.65,
        "oppOver": 0,
        "teamOver": 0,
        "gameLine": "-115",
        "+/-": "+3",
        "L5_+/-": "+5.0",
        "prevMatchup": "2023-04-20 0.0 bs 2023-04-18 3.0 bs 2022-12-13 1.0 bs 2022-10-30 0.0 bs 2022-10-20 2.0 bs",
        "winLossSplits": "47% - 57%",
        "awayHome": "H",
        "playedYesterday": "N",
        "awayHomeSplits": "42% - 60%",
        "savesAboveExp": "-",
        "gsaa": "-",
        "corsi": "51.5% (58.6) // 54.0% (61.3) // 50.0% (43.0) // 51.5% (58.6)",
        "fenwick": "51.3% (43.9) // 53.8% (45.7) // 47.5% (29.0) // 51.3% (43.9)",
        "shots": "50.0% (30.1) // 52.0% (30.2) // 44.4% (20.0) // 50.0% (30.1)",
        "scoring": "51.9% (30.3) // 55.2% (31.4) // 51.1% (24.0) // 51.9% (30.3)",
        "corsiAgainst": "48.5% (55.2) // 46.0% (52.2) // 50.0% (43.0) // 48.5% (55.2)",
        "fenwickAgainst": "48.7% (41.7) // 46.2% (39.2) // 52.5% (32.0) // 48.7% (41.7)",
        "shotsAgainst": "50.0% (30.1) // 48.0% (27.9) // 55.6% (25.0) // 50.0% (30.1)",
        "scoringAgainst": "48.1% (28.1) // 44.8% (25.5) // 48.9% (23.0) // 48.1% (28.1)",
        "oppCorsi": "48.6% (57.5) // 48.0% (56.0) // 33.9% (41.0) // 48.6% (57.5)",
        "oppFenwick": "49.7% (42.3) // 48.8% (40.5) // 32.9% (26.0) // 49.7% (42.3)",
        "oppShots": "50.5% (31.1) // 50.2% (28.8) // 38.0% (19.0) // 50.5% (31.1)",
        "oppScoring": "49.5% (29.2) // 49.0% (28.7) // 33.3% (18.0) // 49.5% (29.2)",
        "oppCorsiAgainst": "51.4% (60.7) // 52.0% (60.6) // 66.1% (80.0) // 51.4% (60.7)",
        "oppFenwickAgainst": "50.3% (42.8) // 51.2% (42.5) // 67.1% (53.0) // 50.3% (42.8)",
        "oppShotsAgainst": "49.5% (30.4) // 49.8% (28.5) // 62.0% (31.0) // 49.5% (30.4)",
        "oppScoringAgainst": "50.5% (29.8) // 51.0% (29.9) // 66.7% (36.0) // 50.5% (29.8)",
        "savesPerGame": 27.6,
        "savesPerGameLast1": 34.0,
        "savesPerGameLast3": 23.7,
        "savesPerGameLast5": 24.6,
        "savesPer60": 28.2,
        "savesPer60Last1": 34.0,
        "savesPer60Last3": 23.6,
        "savesPer60Last5": 24.6,
        "shotsPerGame": 30.3,
        "shotsPerGameLast5": 27.4,
        "shotsAgainstPerGame": 30.3,
        "shotsAgainstPerGameLast5": 27.2,
        "oppSavesAgainstPer60": 29.1,
        "oppSavesAgainstPer60Last1": 33.6,
        "oppSavesAgainstPer60Last3": 22.5,
        "oppSavesAgainstPer60Last5": 23.9,
        "oppShotsAgainstPerGame": 30.9,
        "oppShotsAgainstPerGameLast5": 28.2,
        "savesProj": 27.6,
        "savesProjLast5": 20.0,
        "savesProjLast3": 17.9,
        "oppSavesAgainstProj": 28.1,
        "oppSavesAgainstProjLast5": 20.2,
        "oppSavesAgainstProjLast3": 17.9,
        "totalOver": 51,
        "totalOverLast5": 20,
        "totalOverLast15": 47,
        "lastTotalOver": 0,
        "last5": "0,3,0,1,0,2,3,2,1,2",
        "overOdds": "-120",
        "underOdds": "-110",
        "overUnder": "-120 / -110"
    },
    {
        "player": "Dylan Demelo",
        "team": "WPG",
        "opponent": "VGK",
        "propType": "bs",
        "line": 1.5,
        "ppLine": "",
        "avg": 1.44,
        "hit": false,
        "diffAvg": -0.04,
        "diffAbs": 1.0,
        "lastAvg": 0.0,
        "diff": 0,
        "avgMin": 19,
        "proj": 0.0,
        "lastAvgMin": 18.48,
        "oppOver": 0,
        "teamOver": 0,
        "gameLine": "-115",
        "+/-": "+11",
        "L5_+/-": "+9.0",
        "prevMatchup": "2023-04-20 2.0 bs 2023-04-18 3.0 bs 2022-12-13 0.0 bs",
        "winLossSplits": "34% - 43%",
        "awayHome": "H",
        "playedYesterday": "N",
        "awayHomeSplits": "39% - 38%",
        "savesAboveExp": "-",
        "gsaa": "-",
        "corsi": "51.5% (58.6) // 54.0% (61.3) // 50.0% (43.0) // 51.5% (58.6)",
        "fenwick": "51.3% (43.9) // 53.8% (45.7) // 47.5% (29.0) // 51.3% (43.9)",
        "shots": "50.0% (30.1) // 52.0% (30.2) // 44.4% (20.0) // 50.0% (30.1)",
        "scoring": "51.9% (30.3) // 55.2% (31.4) // 51.1% (24.0) // 51.9% (30.3)",
        "corsiAgainst": "48.5% (55.2) // 46.0% (52.2) // 50.0% (43.0) // 48.5% (55.2)",
        "fenwickAgainst": "48.7% (41.7) // 46.2% (39.2) // 52.5% (32.0) // 48.7% (41.7)",
        "shotsAgainst": "50.0% (30.1) // 48.0% (27.9) // 55.6% (25.0) // 50.0% (30.1)",
        "scoringAgainst": "48.1% (28.1) // 44.8% (25.5) // 48.9% (23.0) // 48.1% (28.1)",
        "oppCorsi": "48.6% (57.5) // 48.0% (56.0) // 33.9% (41.0) // 48.6% (57.5)",
        "oppFenwick": "49.7% (42.3) // 48.8% (40.5) // 32.9% (26.0) // 49.7% (42.3)",
        "oppShots": "50.5% (31.1) // 50.2% (28.8) // 38.0% (19.0) // 50.5% (31.1)",
        "oppScoring": "49.5% (29.2) // 49.0% (28.7) // 33.3% (18.0) // 49.5% (29.2)",
        "oppCorsiAgainst": "51.4% (60.7) // 52.0% (60.6) // 66.1% (80.0) // 51.4% (60.7)",
        "oppFenwickAgainst": "50.3% (42.8) // 51.2% (42.5) // 67.1% (53.0) // 50.3% (42.8)",
        "oppShotsAgainst": "49.5% (30.4) // 49.8% (28.5) // 62.0% (31.0) // 49.5% (30.4)",
        "oppScoringAgainst": "50.5% (29.8) // 51.0% (29.9) // 66.7% (36.0) // 50.5% (29.8)",
        "savesPerGame": 27.6,
        "savesPerGameLast1": 34.0,
        "savesPerGameLast3": 23.7,
        "savesPerGameLast5": 24.6,
        "savesPer60": 28.2,
        "savesPer60Last1": 34.0,
        "savesPer60Last3": 23.6,
        "savesPer60Last5": 24.6,
        "shotsPerGame": 30.3,
        "shotsPerGameLast5": 27.4,
        "shotsAgainstPerGame": 30.3,
        "shotsAgainstPerGameLast5": 27.2,
        "oppSavesAgainstPer60": 29.1,
        "oppSavesAgainstPer60Last1": 33.6,
        "oppSavesAgainstPer60Last3": 22.5,
        "oppSavesAgainstPer60Last5": 23.9,
        "oppShotsAgainstPerGame": 30.9,
        "oppShotsAgainstPerGameLast5": 28.2,
        "savesProj": 27.6,
        "savesProjLast5": 20.0,
        "savesProjLast3": 17.9,
        "oppSavesAgainstProj": 28.1,
        "oppSavesAgainstProjLast5": 20.2,
        "oppSavesAgainstProjLast3": 17.9,
        "totalOver": 38,
        "totalOverLast5": 60,
        "totalOverLast15": 40,
        "lastTotalOver": 0,
        "last5": "2,3,0,4,1,1,0,2,2,3",
        "overOdds": "-145",
        "underOdds": "+115",
        "overUnder": "-145 / +115"
    },
    {
        "player": "Alec Martinez",
        "team": "VGK",
        "opponent": "WPG",
        "propType": "bs",
        "line": 2.5,
        "ppLine": "",
        "avg": 3.13,
        "hit": false,
        "diffAvg": 0.25,
        "diffAbs": 1.0,
        "lastAvg": 0.0,
        "diff": 0,
        "avgMin": 19,
        "proj": 0.0,
        "lastAvgMin": 19.53,
        "oppOver": 0,
        "teamOver": 0,
        "gameLine": "-105",
        "+/-": "+32",
        "L5_+/-": "+8.0",
        "prevMatchup": "2023-04-20 2.0 bs 2023-04-18 2.0 bs 2022-12-13 1.0 bs 2022-10-30 6.0 bs 2022-10-20 3.0 bs",
        "winLossSplits": "62% - 48%",
        "awayHome": "A",
        "playedYesterday": "N",
        "awayHomeSplits": "58% - 56%",
        "savesAboveExp": 0.641,
        "gsaa": 31.05,
        "corsi": "48.6% (57.5) // 48.0% (56.0) // 33.9% (41.0) // 48.6% (57.5)",
        "fenwick": "49.7% (42.3) // 48.8% (40.5) // 32.9% (26.0) // 49.7% (42.3)",
        "shots": "50.5% (31.1) // 50.2% (28.8) // 38.0% (19.0) // 50.5% (31.1)",
        "scoring": "49.5% (29.2) // 49.0% (28.7) // 33.3% (18.0) // 49.5% (29.2)",
        "corsiAgainst": "51.4% (60.7) // 52.0% (60.6) // 66.1% (80.0) // 51.4% (60.7)",
        "fenwickAgainst": "50.3% (42.8) // 51.2% (42.5) // 67.1% (53.0) // 50.3% (42.8)",
        "shotsAgainst": "49.5% (30.4) // 49.8% (28.5) // 62.0% (31.0) // 49.5% (30.4)",
        "scoringAgainst": "50.5% (29.8) // 51.0% (29.9) // 66.7% (36.0) // 50.5% (29.8)",
        "oppCorsi": "51.5% (58.6) // 54.0% (61.3) // 50.0% (43.0) // 51.5% (58.6)",
        "oppFenwick": "51.3% (43.9) // 53.8% (45.7) // 47.5% (29.0) // 51.3% (43.9)",
        "oppShots": "50.0% (30.1) // 52.0% (30.2) // 44.4% (20.0) // 50.0% (30.1)",
        "oppScoring": "51.9% (30.3) // 55.2% (31.4) // 51.1% (24.0) // 51.9% (30.3)",
        "oppCorsiAgainst": "48.5% (55.2) // 46.0% (52.2) // 50.0% (43.0) // 48.5% (55.2)",
        "oppFenwickAgainst": "48.7% (41.7) // 46.2% (39.2) // 52.5% (32.0) // 48.7% (41.7)",
        "oppShotsAgainst": "50.0% (30.1) // 48.0% (27.9) // 55.6% (25.0) // 50.0% (30.1)",
        "oppScoringAgainst": "48.1% (28.1) // 44.8% (25.5) // 48.9% (23.0) // 48.1% (28.1)",
        "savesPerGame": 28.1,
        "savesPerGameLast1": 31.0,
        "savesPerGameLast3": 29.0,
        "savesPerGameLast5": 26.2,
        "savesPer60": 29.0,
        "savesPer60Last1": 30.9,
        "savesPer60Last3": 28.7,
        "savesPer60Last5": 26.5,
        "shotsPerGame": 31.5,
        "shotsPerGameLast5": 26.4,
        "shotsAgainstPerGame": 30.9,
        "shotsAgainstPerGameLast5": 28.2,
        "oppSavesAgainstPer60": 27.8,
        "oppSavesAgainstPer60Last1": 29.7,
        "oppSavesAgainstPer60Last3": 24.4,
        "oppSavesAgainstPer60Last5": 23.3,
        "oppShotsAgainstPerGame": 30.3,
        "oppShotsAgainstPerGameLast5": 27.2,
        "savesProj": 28.0,
        "savesProjLast5": 22.4,
        "savesProjLast3": 25.5,
        "oppSavesAgainstProj": 27.5,
        "oppSavesAgainstProjLast5": 21.9,
        "oppSavesAgainstProjLast3": 25.6,
        "totalOver": 57,
        "totalOverLast5": 0,
        "totalOverLast15": 40,
        "lastTotalOver": 0,
        "last5": "2,2,2,1,2,4,2,2,3,4",
        "overOdds": "-115",
        "underOdds": "-115",
        "overUnder": "-115 / -115"
    },
    {
        "player": "Mikhail Sergachev",
        "team": "TB",
        "opponent": "TOR",
        "propType": "bs",
        "line": 1.5,
        "ppLine": "PP1",
        "avg": 1.9,
        "hit": false,
        "diffAvg": 0.27,
        "diffAbs": 1.0,
        "lastAvg": 0.0,
        "diff": 0,
        "avgMin": 23,
        "proj": 0.0,
        "lastAvgMin": 22.47,
        "oppOver": 0,
        "teamOver": 0,
        "gameLine": "+100",
        "+/-": "+9",
        "L5_+/-": 0.0,
        "prevMatchup": "2023-04-20 3.0 bs 2023-04-18 2.0 bs 2023-04-11 0.0 bs 2022-12-20 0.0 bs 2022-12-03 1.0 bs",
        "winLossSplits": "49% - 67%",
        "awayHome": "H",
        "playedYesterday": "N",
        "awayHomeSplits": "66% - 48%",
        "savesAboveExp": 0.388,
        "gsaa": 17.37,
        "corsi": "51.4% (59.4) // 49.6% (57.4) // 54.0% (61.0) // 51.4% (59.4)",
        "fenwick": "51.3% (44.7) // 48.1% (42.5) // 52.4% (44.0) // 51.3% (44.7)",
        "shots": "50.4% (31.7) // 47.3% (30.9) // 50.0% (32.0) // 50.4% (31.7)",
        "scoring": "52.9% (33.9) // 49.5% (32.2) // 58.5% (38.0) // 52.9% (33.9)",
        "corsiAgainst": "48.6% (56.3) // 50.4% (58.3) // 46.0% (52.0) // 48.6% (56.3)",
        "fenwickAgainst": "48.7% (42.4) // 51.9% (45.9) // 47.6% (40.0) // 48.7% (42.4)",
        "shotsAgainst": "49.6% (31.2) // 52.7% (34.4) // 50.0% (32.0) // 49.6% (31.2)",
        "scoringAgainst": "47.1% (30.1) // 50.5% (32.8) // 41.5% (27.0) // 47.1% (30.1)",
        "oppCorsi": "50.8% (57.6) // 50.8% (59.1) // 51.0% (52.0) // 50.8% (57.6)",
        "oppFenwick": "51.7% (44.0) // 52.2% (46.4) // 47.3% (35.0) // 51.7% (44.0)",
        "oppShots": "52.1% (31.8) // 52.3% (33.2) // 46.7% (21.0) // 52.1% (31.8)",
        "oppScoring": "53.9% (33.4) // 55.3% (34.1) // 48.1% (26.0) // 53.9% (33.4)",
        "oppCorsiAgainst": "49.2% (55.8) // 49.2% (57.4) // 49.0% (50.0) // 49.2% (55.8)",
        "oppFenwickAgainst": "48.3% (41.1) // 47.8% (42.5) // 52.7% (39.0) // 48.3% (41.1)",
        "oppShotsAgainst": "47.9% (29.2) // 47.7% (30.3) // 53.3% (24.0) // 47.9% (29.2)",
        "oppScoringAgainst": "46.1% (28.5) // 44.7% (27.6) // 51.9% (28.0) // 46.1% (28.5)",
        "savesPerGame": 28.4,
        "savesPerGameLast1": 30.0,
        "savesPerGameLast3": 30.0,
        "savesPerGameLast5": 28.6,
        "savesPer60": 29.1,
        "savesPer60Last1": 30.0,
        "savesPer60Last3": 30.0,
        "savesPer60Last5": 28.2,
        "shotsPerGame": 32.0,
        "shotsPerGameLast5": 32.0,
        "shotsAgainstPerGame": 31.5,
        "shotsAgainstPerGameLast5": 32.8,
        "oppSavesAgainstPer60": 29.1,
        "oppSavesAgainstPer60Last1": 30.0,
        "oppSavesAgainstPer60Last3": 25.6,
        "oppSavesAgainstPer60Last5": 24.2,
        "oppShotsAgainstPerGame": 29.5,
        "oppShotsAgainstPerGameLast5": 34.8,
        "savesProj": 30.3,
        "savesProjLast5": 24.4,
        "savesProjLast3": 27.6,
        "oppSavesAgainstProj": 28.8,
        "oppSavesAgainstProjLast5": 24.3,
        "oppSavesAgainstProjLast3": 27.8,
        "totalOver": 57,
        "totalOverLast5": 40,
        "totalOverLast15": 40,
        "lastTotalOver": 0,
        "last5": "3,2,1,0,1,3,1,2,1,3",
        "overOdds": "-140",
        "underOdds": "+110",
        "overUnder": "-140 / +110"
    },
    {
        "player": "Tj Brodie",
        "team": "TOR",
        "opponent": "TB",
        "propType": "bs",
        "line": 2.5,
        "ppLine": "",
        "avg": 1.95,
        "hit": false,
        "diffAvg": -0.22,
        "diffAbs": 1.0,
        "lastAvg": 0.0,
        "diff": 0,
        "avgMin": 21,
        "proj": 0.0,
        "lastAvgMin": 21.3,
        "oppOver": 0,
        "teamOver": 0,
        "gameLine": "-120",
        "+/-": "+12",
        "L5_+/-": "+1.0",
        "prevMatchup": "2023-04-20 3.0 bs 2023-04-18 3.0 bs 2023-04-11 1.0 bs 2022-12-20 3.0 bs",
        "winLossSplits": "40% - 20%",
        "awayHome": "A",
        "playedYesterday": "N",
        "awayHomeSplits": "21% - 42%",
        "savesAboveExp": 0.522,
        "gsaa": 20.53,
        "corsi": "50.8% (57.6) // 50.8% (59.1) // 51.0% (52.0) // 50.8% (57.6)",
        "fenwick": "51.7% (44.0) // 52.2% (46.4) // 47.3% (35.0) // 51.7% (44.0)",
        "shots": "52.1% (31.8) // 52.3% (33.2) // 46.7% (21.0) // 52.1% (31.8)",
        "scoring": "53.9% (33.4) // 55.3% (34.1) // 48.1% (26.0) // 53.9% (33.4)",
        "corsiAgainst": "49.2% (55.8) // 49.2% (57.4) // 49.0% (50.0) // 49.2% (55.8)",
        "fenwickAgainst": "48.3% (41.1) // 47.8% (42.5) // 52.7% (39.0) // 48.3% (41.1)",
        "shotsAgainst": "47.9% (29.2) // 47.7% (30.3) // 53.3% (24.0) // 47.9% (29.2)",
        "scoringAgainst": "46.1% (28.5) // 44.7% (27.6) // 51.9% (28.0) // 46.1% (28.5)",
        "oppCorsi": "51.4% (59.4) // 49.6% (57.4) // 54.0% (61.0) // 51.4% (59.4)",
        "oppFenwick": "51.3% (44.7) // 48.1% (42.5) // 52.4% (44.0) // 51.3% (44.7)",
        "oppShots": "50.4% (31.7) // 47.3% (30.9) // 50.0% (32.0) // 50.4% (31.7)",
        "oppScoring": "52.9% (33.9) // 49.5% (32.2) // 58.5% (38.0) // 52.9% (33.9)",
        "oppCorsiAgainst": "48.6% (56.3) // 50.4% (58.3) // 46.0% (52.0) // 48.6% (56.3)",
        "oppFenwickAgainst": "48.7% (42.4) // 51.9% (45.9) // 47.6% (40.0) // 48.7% (42.4)",
        "oppShotsAgainst": "49.6% (31.2) // 52.7% (34.4) // 50.0% (32.0) // 49.6% (31.2)",
        "oppScoringAgainst": "47.1% (30.1) // 50.5% (32.8) // 41.5% (27.0) // 47.1% (30.1)",
        "savesPerGame": 26.8,
        "savesPerGameLast1": 20.0,
        "savesPerGameLast3": 23.0,
        "savesPerGameLast5": 31.8,
        "savesPer60": 27.5,
        "savesPer60Last1": 19.9,
        "savesPer60Last3": 22.9,
        "savesPer60Last5": 32.2,
        "shotsPerGame": 32.0,
        "shotsPerGameLast5": 27.6,
        "shotsAgainstPerGame": 29.5,
        "shotsAgainstPerGameLast5": 34.8,
        "oppSavesAgainstPer60": 29.3,
        "oppSavesAgainstPer60Last1": 19.9,
        "oppSavesAgainstPer60Last3": 25.0,
        "oppSavesAgainstPer60Last5": 27.9,
        "oppShotsAgainstPerGame": 31.5,
        "oppShotsAgainstPerGameLast5": 32.8,
        "savesProj": 26.9,
        "savesProjLast5": 30.8,
        "savesProjLast3": 19.4,
        "oppSavesAgainstProj": 27.3,
        "oppSavesAgainstProjLast5": 29.0,
        "oppSavesAgainstProjLast3": 19.7,
        "totalOver": 32,
        "totalOverLast5": 60,
        "totalOverLast15": 33,
        "lastTotalOver": 0,
        "last5": "3,3,1,1,7,4,2,1,2,1",
        "overOdds": "+135",
        "underOdds": "-165",
        "overUnder": "+135 / -165"
    },
    {
        "player": "Ian Cole",
        "team": "TB",
        "opponent": "TOR",
        "propType": "bs",
        "line": 1.5,
        "ppLine": "",
        "avg": 1.59,
        "hit": false,
        "diffAvg": 0.06,
        "diffAbs": 1.0,
        "lastAvg": 0.0,
        "diff": 0,
        "avgMin": 19,
        "proj": 0.0,
        "lastAvgMin": 17.15,
        "oppOver": 0,
        "teamOver": 0,
        "gameLine": "+100",
        "+/-": "+10",
        "L5_+/-": "+4.0",
        "prevMatchup": "2023-04-20 2.0 bs 2023-04-18 2.0 bs 2023-04-11 0.0 bs 2022-12-20 0.0 bs 2022-12-03 2.0 bs",
        "winLossSplits": "51% - 49%",
        "awayHome": "H",
        "playedYesterday": "N",
        "awayHomeSplits": "56% - 44%",
        "savesAboveExp": 0.388,
        "gsaa": 17.37,
        "corsi": "51.4% (59.4) // 49.6% (57.4) // 54.0% (61.0) // 51.4% (59.4)",
        "fenwick": "51.3% (44.7) // 48.1% (42.5) // 52.4% (44.0) // 51.3% (44.7)",
        "shots": "50.4% (31.7) // 47.3% (30.9) // 50.0% (32.0) // 50.4% (31.7)",
        "scoring": "52.9% (33.9) // 49.5% (32.2) // 58.5% (38.0) // 52.9% (33.9)",
        "corsiAgainst": "48.6% (56.3) // 50.4% (58.3) // 46.0% (52.0) // 48.6% (56.3)",
        "fenwickAgainst": "48.7% (42.4) // 51.9% (45.9) // 47.6% (40.0) // 48.7% (42.4)",
        "shotsAgainst": "49.6% (31.2) // 52.7% (34.4) // 50.0% (32.0) // 49.6% (31.2)",
        "scoringAgainst": "47.1% (30.1) // 50.5% (32.8) // 41.5% (27.0) // 47.1% (30.1)",
        "oppCorsi": "50.8% (57.6) // 50.8% (59.1) // 51.0% (52.0) // 50.8% (57.6)",
        "oppFenwick": "51.7% (44.0) // 52.2% (46.4) // 47.3% (35.0) // 51.7% (44.0)",
        "oppShots": "52.1% (31.8) // 52.3% (33.2) // 46.7% (21.0) // 52.1% (31.8)",
        "oppScoring": "53.9% (33.4) // 55.3% (34.1) // 48.1% (26.0) // 53.9% (33.4)",
        "oppCorsiAgainst": "49.2% (55.8) // 49.2% (57.4) // 49.0% (50.0) // 49.2% (55.8)",
        "oppFenwickAgainst": "48.3% (41.1) // 47.8% (42.5) // 52.7% (39.0) // 48.3% (41.1)",
        "oppShotsAgainst": "47.9% (29.2) // 47.7% (30.3) // 53.3% (24.0) // 47.9% (29.2)",
        "oppScoringAgainst": "46.1% (28.5) // 44.7% (27.6) // 51.9% (28.0) // 46.1% (28.5)",
        "savesPerGame": 28.4,
        "savesPerGameLast1": 30.0,
        "savesPerGameLast3": 30.0,
        "savesPerGameLast5": 28.6,
        "savesPer60": 29.1,
        "savesPer60Last1": 30.0,
        "savesPer60Last3": 30.0,
        "savesPer60Last5": 28.2,
        "shotsPerGame": 32.0,
        "shotsPerGameLast5": 32.0,
        "shotsAgainstPerGame": 31.5,
        "shotsAgainstPerGameLast5": 32.8,
        "oppSavesAgainstPer60": 29.1,
        "oppSavesAgainstPer60Last1": 30.0,
        "oppSavesAgainstPer60Last3": 25.6,
        "oppSavesAgainstPer60Last5": 24.2,
        "oppShotsAgainstPerGame": 29.5,
        "oppShotsAgainstPerGameLast5": 34.8,
        "savesProj": 30.3,
        "savesProjLast5": 24.4,
        "savesProjLast3": 27.6,
        "oppSavesAgainstProj": 28.8,
        "oppSavesAgainstProjLast5": 24.3,
        "oppSavesAgainstProjLast3": 27.8,
        "totalOver": 50,
        "totalOverLast5": 80,
        "totalOverLast15": 47,
        "lastTotalOver": 0,
        "last5": "2,2,2,0,2,3,0,0,0,0",
        "overOdds": "-120",
        "underOdds": "-110",
        "overUnder": "-120 / -110"
    },
    {
        "player": "Justin Holl",
        "team": "TOR",
        "opponent": "TB",
        "propType": "bs",
        "line": 1.5,
        "ppLine": "",
        "avg": 1.77,
        "hit": false,
        "diffAvg": 0.18,
        "diffAbs": 1.0,
        "lastAvg": 0.0,
        "diff": 0,
        "avgMin": 20,
        "proj": 0.0,
        "lastAvgMin": 20.2,
        "oppOver": 0,
        "teamOver": 0,
        "gameLine": "-120",
        "+/-": "+13",
        "L5_+/-": -4.0,
        "prevMatchup": "2023-04-20 3.0 bs 2023-04-18 3.0 bs 2023-04-11 1.0 bs 2022-12-20 1.0 bs 2022-12-03 1.0 bs",
        "winLossSplits": "59% - 45%",
        "awayHome": "A",
        "playedYesterday": "N",
        "awayHomeSplits": "54% - 54%",
        "savesAboveExp": 0.522,
        "gsaa": 20.53,
        "corsi": "50.8% (57.6) // 50.8% (59.1) // 51.0% (52.0) // 50.8% (57.6)",
        "fenwick": "51.7% (44.0) // 52.2% (46.4) // 47.3% (35.0) // 51.7% (44.0)",
        "shots": "52.1% (31.8) // 52.3% (33.2) // 46.7% (21.0) // 52.1% (31.8)",
        "scoring": "53.9% (33.4) // 55.3% (34.1) // 48.1% (26.0) // 53.9% (33.4)",
        "corsiAgainst": "49.2% (55.8) // 49.2% (57.4) // 49.0% (50.0) // 49.2% (55.8)",
        "fenwickAgainst": "48.3% (41.1) // 47.8% (42.5) // 52.7% (39.0) // 48.3% (41.1)",
        "shotsAgainst": "47.9% (29.2) // 47.7% (30.3) // 53.3% (24.0) // 47.9% (29.2)",
        "scoringAgainst": "46.1% (28.5) // 44.7% (27.6) // 51.9% (28.0) // 46.1% (28.5)",
        "oppCorsi": "51.4% (59.4) // 49.6% (57.4) // 54.0% (61.0) // 51.4% (59.4)",
        "oppFenwick": "51.3% (44.7) // 48.1% (42.5) // 52.4% (44.0) // 51.3% (44.7)",
        "oppShots": "50.4% (31.7) // 47.3% (30.9) // 50.0% (32.0) // 50.4% (31.7)",
        "oppScoring": "52.9% (33.9) // 49.5% (32.2) // 58.5% (38.0) // 52.9% (33.9)",
        "oppCorsiAgainst": "48.6% (56.3) // 50.4% (58.3) // 46.0% (52.0) // 48.6% (56.3)",
        "oppFenwickAgainst": "48.7% (42.4) // 51.9% (45.9) // 47.6% (40.0) // 48.7% (42.4)",
        "oppShotsAgainst": "49.6% (31.2) // 52.7% (34.4) // 50.0% (32.0) // 49.6% (31.2)",
        "oppScoringAgainst": "47.1% (30.1) // 50.5% (32.8) // 41.5% (27.0) // 47.1% (30.1)",
        "savesPerGame": 26.8,
        "savesPerGameLast1": 20.0,
        "savesPerGameLast3": 23.0,
        "savesPerGameLast5": 31.8,
        "savesPer60": 27.5,
        "savesPer60Last1": 19.9,
        "savesPer60Last3": 22.9,
        "savesPer60Last5": 32.2,
        "shotsPerGame": 32.0,
        "shotsPerGameLast5": 27.6,
        "shotsAgainstPerGame": 29.5,
        "shotsAgainstPerGameLast5": 34.8,
        "oppSavesAgainstPer60": 29.3,
        "oppSavesAgainstPer60Last1": 19.9,
        "oppSavesAgainstPer60Last3": 25.0,
        "oppSavesAgainstPer60Last5": 27.9,
        "oppShotsAgainstPerGame": 31.5,
        "oppShotsAgainstPerGameLast5": 32.8,
        "savesProj": 26.9,
        "savesProjLast5": 30.8,
        "savesProjLast3": 19.4,
        "oppSavesAgainstProj": 27.3,
        "oppSavesAgainstProjLast5": 29.0,
        "oppSavesAgainstProjLast3": 19.7,
        "totalOver": 54,
        "totalOverLast5": 60,
        "totalOverLast15": 47,
        "lastTotalOver": 0,
        "last5": "3,3,2,1,1,0,3,2,1,2",
        "overOdds": "-190",
        "underOdds": "+155",
        "overUnder": "-190 / +155"
    },
    {
        "player": "Jacob Trouba",
        "team": "NYR",
        "opponent": "NJ",
        "propType": "bs",
        "line": 2.5,
        "ppLine": "PP2",
        "avg": 2.4,
        "hit": false,
        "diffAvg": -0.04,
        "diffAbs": 1.0,
        "lastAvg": 0.0,
        "diff": 0,
        "avgMin": 21,
        "proj": 0.0,
        "lastAvgMin": 22.42,
        "oppOver": 0,
        "teamOver": 0,
        "gameLine": "-145",
        "+/-": "+8",
        "L5_+/-": "+4.0",
        "prevMatchup": "2023-04-20 3.0 bs 2023-04-18 3.0 bs 2023-03-30 2.0 bs 2023-01-07 4.0 bs 2022-12-12 3.0 bs 2022-11-28 1.0 bs",
        "winLossSplits": "53% - 31%",
        "awayHome": "H",
        "playedYesterday": "N",
        "awayHomeSplits": "51% - 37%",
        "savesAboveExp": 0.109,
        "gsaa": 8.64,
        "corsi": "51.4% (57.9) // 49.5% (54.5) // 49.0% (50.0) // 51.4% (57.9)",
        "fenwick": "52.0% (43.7) // 50.7% (42.3) // 52.7% (39.0) // 52.0% (43.7)",
        "shots": "51.8% (31.1) // 51.8% (30.7) // 53.3% (24.0) // 51.8% (31.1)",
        "scoring": "51.3% (30.8) // 48.9% (29.6) // 51.9% (28.0) // 51.3% (30.8)",
        "corsiAgainst": "48.6% (54.7) // 50.5% (55.5) // 51.0% (52.0) // 48.6% (54.7)",
        "fenwickAgainst": "48.0% (40.2) // 49.3% (41.1) // 47.3% (35.0) // 48.0% (40.2)",
        "shotsAgainst": "48.2% (28.9) // 48.2% (28.6) // 46.7% (21.0) // 48.2% (28.9)",
        "scoringAgainst": "48.7% (29.2) // 51.1% (30.9) // 48.1% (26.0) // 48.7% (29.2)",
        "oppCorsi": "53.7% (63.4) // 55.1% (64.9) // 60.6% (71.6) // 53.7% (63.4)",
        "oppFenwick": "53.9% (46.9) // 55.2% (48.2) // 57.4% (53.9) // 53.9% (46.9)",
        "oppShots": "54.9% (33.9) // 54.4% (33.3) // 52.3% (31.6) // 54.9% (33.9)",
        "oppScoring": "56.3% (35.0) // 60.7% (39.4) // 65.8% (46.5) // 56.3% (35.0)",
        "oppCorsiAgainst": "46.3% (54.8) // 44.9% (52.8) // 39.4% (46.5) // 46.3% (54.8)",
        "oppFenwickAgainst": "46.1% (40.1) // 44.8% (39.2) // 42.6% (40.0) // 46.1% (40.1)",
        "oppShotsAgainst": "45.1% (27.8) // 45.6% (28.0) // 47.7% (28.8) // 45.1% (27.8)",
        "oppScoringAgainst": "43.7% (27.1) // 39.3% (25.5) // 34.2% (24.2) // 43.7% (27.1)",
        "savesPerGame": 26.7,
        "savesPerGameLast1": 23.0,
        "savesPerGameLast3": 22.7,
        "savesPerGameLast5": 25.0,
        "savesPer60": 27.5,
        "savesPer60Last1": 23.0,
        "savesPer60Last3": 22.2,
        "savesPer60Last5": 25.1,
        "shotsPerGame": 31.5,
        "shotsPerGameLast5": 26.6,
        "shotsAgainstPerGame": 29.3,
        "shotsAgainstPerGameLast5": 26.4,
        "oppSavesAgainstPer60": 31.7,
        "oppSavesAgainstPer60Last1": 23.0,
        "oppSavesAgainstPer60Last3": 26.1,
        "oppSavesAgainstPer60Last5": 26.1,
        "oppShotsAgainstPerGame": 28.2,
        "oppShotsAgainstPerGameLast5": 32.4,
        "savesProj": 32.1,
        "savesProjLast5": 25.0,
        "savesProjLast3": 22.0,
        "oppSavesAgainstProj": 29.2,
        "oppSavesAgainstProjLast5": 21.8,
        "oppSavesAgainstProjLast3": 18.8,
        "totalOver": 44,
        "totalOverLast5": 60,
        "totalOverLast15": 20,
        "lastTotalOver": 0,
        "last5": "3,3,6,0,1,1,0,2,2,2",
        "overOdds": "+140",
        "underOdds": "-175",
        "overUnder": "+140 / -175"
    },
    {
        "player": "Adam Fox",
        "team": "NYR",
        "opponent": "NJ",
        "propType": "bs",
        "line": 1.5,
        "ppLine": "PP1",
        "avg": 1.55,
        "hit": false,
        "diffAvg": 0.03,
        "diffAbs": 1.0,
        "lastAvg": 0.0,
        "diff": 0,
        "avgMin": 24,
        "proj": 0.0,
        "lastAvgMin": 23.9,
        "oppOver": 0,
        "teamOver": 0,
        "gameLine": "-145",
        "+/-": "+32",
        "L5_+/-": "+5.0",
        "prevMatchup": "2023-04-20 1.0 bs 2023-04-18 4.0 bs 2023-03-30 2.0 bs 2023-01-07 4.0 bs 2022-12-12 1.0 bs 2022-11-28 2.0 bs",
        "winLossSplits": "45% - 54%",
        "awayHome": "H",
        "playedYesterday": "N",
        "awayHomeSplits": "49% - 49%",
        "savesAboveExp": 0.109,
        "gsaa": 8.64,
        "corsi": "51.4% (57.9) // 49.5% (54.5) // 49.0% (50.0) // 51.4% (57.9)",
        "fenwick": "52.0% (43.7) // 50.7% (42.3) // 52.7% (39.0) // 52.0% (43.7)",
        "shots": "51.8% (31.1) // 51.8% (30.7) // 53.3% (24.0) // 51.8% (31.1)",
        "scoring": "51.3% (30.8) // 48.9% (29.6) // 51.9% (28.0) // 51.3% (30.8)",
        "corsiAgainst": "48.6% (54.7) // 50.5% (55.5) // 51.0% (52.0) // 48.6% (54.7)",
        "fenwickAgainst": "48.0% (40.2) // 49.3% (41.1) // 47.3% (35.0) // 48.0% (40.2)",
        "shotsAgainst": "48.2% (28.9) // 48.2% (28.6) // 46.7% (21.0) // 48.2% (28.9)",
        "scoringAgainst": "48.7% (29.2) // 51.1% (30.9) // 48.1% (26.0) // 48.7% (29.2)",
        "oppCorsi": "53.7% (63.4) // 55.1% (64.9) // 60.6% (71.6) // 53.7% (63.4)",
        "oppFenwick": "53.9% (46.9) // 55.2% (48.2) // 57.4% (53.9) // 53.9% (46.9)",
        "oppShots": "54.9% (33.9) // 54.4% (33.3) // 52.3% (31.6) // 54.9% (33.9)",
        "oppScoring": "56.3% (35.0) // 60.7% (39.4) // 65.8% (46.5) // 56.3% (35.0)",
        "oppCorsiAgainst": "46.3% (54.8) // 44.9% (52.8) // 39.4% (46.5) // 46.3% (54.8)",
        "oppFenwickAgainst": "46.1% (40.1) // 44.8% (39.2) // 42.6% (40.0) // 46.1% (40.1)",
        "oppShotsAgainst": "45.1% (27.8) // 45.6% (28.0) // 47.7% (28.8) // 45.1% (27.8)",
        "oppScoringAgainst": "43.7% (27.1) // 39.3% (25.5) // 34.2% (24.2) // 43.7% (27.1)",
        "savesPerGame": 26.7,
        "savesPerGameLast1": 23.0,
        "savesPerGameLast3": 22.7,
        "savesPerGameLast5": 25.0,
        "savesPer60": 27.5,
        "savesPer60Last1": 23.0,
        "savesPer60Last3": 22.2,
        "savesPer60Last5": 25.1,
        "shotsPerGame": 31.5,
        "shotsPerGameLast5": 26.6,
        "shotsAgainstPerGame": 29.3,
        "shotsAgainstPerGameLast5": 26.4,
        "oppSavesAgainstPer60": 31.7,
        "oppSavesAgainstPer60Last1": 23.0,
        "oppSavesAgainstPer60Last3": 26.1,
        "oppSavesAgainstPer60Last5": 26.1,
        "oppShotsAgainstPerGame": 28.2,
        "oppShotsAgainstPerGameLast5": 32.4,
        "savesProj": 32.1,
        "savesProjLast5": 25.0,
        "savesProjLast3": 22.0,
        "oppSavesAgainstProj": 29.2,
        "oppSavesAgainstProjLast5": 21.8,
        "oppSavesAgainstProjLast3": 18.8,
        "totalOver": 49,
        "totalOverLast5": 40,
        "totalOverLast15": 40,
        "lastTotalOver": 0,
        "last5": "1,4,2,0,1,1,2,1,3,2",
        "overOdds": "-150",
        "underOdds": "+120",
        "overUnder": "-150 / +120"
    },
    {
        "player": "Ryan Graves",
        "team": "NJ",
        "opponent": "NYR",
        "propType": "bs",
        "line": 1.5,
        "ppLine": "",
        "avg": 1.95,
        "hit": false,
        "diffAvg": 0.3,
        "diffAbs": 1.0,
        "lastAvg": 0.0,
        "diff": 0,
        "avgMin": 19,
        "proj": 0.0,
        "lastAvgMin": 20.72,
        "oppOver": 0,
        "teamOver": 0,
        "gameLine": "+125",
        "+/-": "+32",
        "L5_+/-": "+5.0",
        "prevMatchup": "2023-04-20 1.0 bs 2023-04-18 3.0 bs 2023-03-30 1.0 bs 2023-01-07 1.0 bs 2022-12-12 0.0 bs 2022-11-28 0.0 bs",
        "winLossSplits": "54% - 50%",
        "awayHome": "A",
        "playedYesterday": "N",
        "awayHomeSplits": "51% - 54%",
        "savesAboveExp": 0.388,
        "gsaa": 20.59,
        "corsi": "53.7% (63.4) // 55.1% (64.9) // 60.6% (71.6) // 53.7% (63.4)",
        "fenwick": "53.9% (46.9) // 55.2% (48.2) // 57.4% (53.9) // 53.9% (46.9)",
        "shots": "54.9% (33.9) // 54.4% (33.3) // 52.3% (31.6) // 54.9% (33.9)",
        "scoring": "56.3% (35.0) // 60.7% (39.4) // 65.8% (46.5) // 56.3% (35.0)",
        "corsiAgainst": "46.3% (54.8) // 44.9% (52.8) // 39.4% (46.5) // 46.3% (54.8)",
        "fenwickAgainst": "46.1% (40.1) // 44.8% (39.2) // 42.6% (40.0) // 46.1% (40.1)",
        "shotsAgainst": "45.1% (27.8) // 45.6% (28.0) // 47.7% (28.8) // 45.1% (27.8)",
        "scoringAgainst": "43.7% (27.1) // 39.3% (25.5) // 34.2% (24.2) // 43.7% (27.1)",
        "oppCorsi": "51.4% (57.9) // 49.5% (54.5) // 49.0% (50.0) // 51.4% (57.9)",
        "oppFenwick": "52.0% (43.7) // 50.7% (42.3) // 52.7% (39.0) // 52.0% (43.7)",
        "oppShots": "51.8% (31.1) // 51.8% (30.7) // 53.3% (24.0) // 51.8% (31.1)",
        "oppScoring": "51.3% (30.8) // 48.9% (29.6) // 51.9% (28.0) // 51.3% (30.8)",
        "oppCorsiAgainst": "48.6% (54.7) // 50.5% (55.5) // 51.0% (52.0) // 48.6% (54.7)",
        "oppFenwickAgainst": "48.0% (40.2) // 49.3% (41.1) // 47.3% (35.0) // 48.0% (40.2)",
        "oppShotsAgainst": "48.2% (28.9) // 48.2% (28.6) // 46.7% (21.0) // 48.2% (28.9)",
        "oppScoringAgainst": "48.7% (29.2) // 51.1% (30.9) // 48.1% (26.0) // 48.7% (29.2)",
        "savesPerGame": 25.5,
        "savesPerGameLast1": 25.0,
        "savesPerGameLast3": 23.3,
        "savesPerGameLast5": 28.8,
        "savesPer60": 26.3,
        "savesPer60Last1": 25.0,
        "savesPer60Last3": 23.8,
        "savesPer60Last5": 29.0,
        "shotsPerGame": 34.4,
        "shotsPerGameLast5": 29.2,
        "shotsAgainstPerGame": 28.2,
        "shotsAgainstPerGameLast5": 32.4,
        "oppSavesAgainstPer60": 29.0,
        "oppSavesAgainstPer60Last1": 25.0,
        "oppSavesAgainstPer60Last3": 21.6,
        "oppSavesAgainstPer60Last5": 22.9,
        "oppShotsAgainstPerGame": 29.3,
        "oppShotsAgainstPerGameLast5": 26.4,
        "savesProj": 26.8,
        "savesProjLast5": 24.2,
        "savesProjLast3": 18.8,
        "oppSavesAgainstProj": 25.7,
        "oppSavesAgainstProjLast5": 22.6,
        "oppSavesAgainstProjLast3": 17.6,
        "totalOver": 52,
        "totalOverLast5": 60,
        "totalOverLast15": 47,
        "lastTotalOver": 0,
        "last5": "1,3,4,0,4,2,3,1,1,1",
        "overOdds": "-165",
        "underOdds": "+135",
        "overUnder": "-165 / +135"
    },
    {
        "player": "Damon Severson",
        "team": "NJ",
        "opponent": "NYR",
        "propType": "bs",
        "line": 1.5,
        "ppLine": "PP2",
        "avg": 1.45,
        "hit": false,
        "diffAvg": -0.03,
        "diffAbs": 1.0,
        "lastAvg": 0.0,
        "diff": 0,
        "avgMin": 19,
        "proj": 0.0,
        "lastAvgMin": 23.6,
        "oppOver": 0,
        "teamOver": 0,
        "gameLine": "+125",
        "+/-": "+7",
        "L5_+/-": -1.0,
        "prevMatchup": "2023-04-20 3.0 bs 2023-04-18 2.0 bs 2023-03-30 0.0 bs 2023-01-07 0.0 bs 2022-12-12 1.0 bs 2022-11-28 1.0 bs",
        "winLossSplits": "42% - 39%",
        "awayHome": "A",
        "playedYesterday": "N",
        "awayHomeSplits": "37% - 45%",
        "savesAboveExp": 0.388,
        "gsaa": 20.59,
        "corsi": "53.7% (63.4) // 55.1% (64.9) // 60.6% (71.6) // 53.7% (63.4)",
        "fenwick": "53.9% (46.9) // 55.2% (48.2) // 57.4% (53.9) // 53.9% (46.9)",
        "shots": "54.9% (33.9) // 54.4% (33.3) // 52.3% (31.6) // 54.9% (33.9)",
        "scoring": "56.3% (35.0) // 60.7% (39.4) // 65.8% (46.5) // 56.3% (35.0)",
        "corsiAgainst": "46.3% (54.8) // 44.9% (52.8) // 39.4% (46.5) // 46.3% (54.8)",
        "fenwickAgainst": "46.1% (40.1) // 44.8% (39.2) // 42.6% (40.0) // 46.1% (40.1)",
        "shotsAgainst": "45.1% (27.8) // 45.6% (28.0) // 47.7% (28.8) // 45.1% (27.8)",
        "scoringAgainst": "43.7% (27.1) // 39.3% (25.5) // 34.2% (24.2) // 43.7% (27.1)",
        "oppCorsi": "51.4% (57.9) // 49.5% (54.5) // 49.0% (50.0) // 51.4% (57.9)",
        "oppFenwick": "52.0% (43.7) // 50.7% (42.3) // 52.7% (39.0) // 52.0% (43.7)",
        "oppShots": "51.8% (31.1) // 51.8% (30.7) // 53.3% (24.0) // 51.8% (31.1)",
        "oppScoring": "51.3% (30.8) // 48.9% (29.6) // 51.9% (28.0) // 51.3% (30.8)",
        "oppCorsiAgainst": "48.6% (54.7) // 50.5% (55.5) // 51.0% (52.0) // 48.6% (54.7)",
        "oppFenwickAgainst": "48.0% (40.2) // 49.3% (41.1) // 47.3% (35.0) // 48.0% (40.2)",
        "oppShotsAgainst": "48.2% (28.9) // 48.2% (28.6) // 46.7% (21.0) // 48.2% (28.9)",
        "oppScoringAgainst": "48.7% (29.2) // 51.1% (30.9) // 48.1% (26.0) // 48.7% (29.2)",
        "savesPerGame": 25.5,
        "savesPerGameLast1": 25.0,
        "savesPerGameLast3": 23.3,
        "savesPerGameLast5": 28.8,
        "savesPer60": 26.3,
        "savesPer60Last1": 25.0,
        "savesPer60Last3": 23.8,
        "savesPer60Last5": 29.0,
        "shotsPerGame": 34.4,
        "shotsPerGameLast5": 29.2,
        "shotsAgainstPerGame": 28.2,
        "shotsAgainstPerGameLast5": 32.4,
        "oppSavesAgainstPer60": 29.0,
        "oppSavesAgainstPer60Last1": 25.0,
        "oppSavesAgainstPer60Last3": 21.6,
        "oppSavesAgainstPer60Last5": 22.9,
        "oppShotsAgainstPerGame": 29.3,
        "oppShotsAgainstPerGameLast5": 26.4,
        "savesProj": 26.8,
        "savesProjLast5": 24.2,
        "savesProjLast3": 18.8,
        "oppSavesAgainstProj": 25.7,
        "oppSavesAgainstProjLast5": 22.6,
        "oppSavesAgainstProjLast3": 17.6,
        "totalOver": 41,
        "totalOverLast5": 60,
        "totalOverLast15": 40,
        "lastTotalOver": 0,
        "last5": "3,2,1,5,1,0,2,1,2,0",
        "overOdds": "-130",
        "underOdds": "+100",
        "overUnder": "-130 / +100"
    },
    {
        "player": "Devon Toews",
        "team": "COL",
        "opponent": "SEA",
        "propType": "bs",
        "line": 1.5,
        "ppLine": "PP2",
        "avg": 1.71,
        "hit": false,
        "diffAvg": 0.14,
        "diffAbs": 1.0,
        "lastAvg": 0.0,
        "diff": 0,
        "avgMin": 25,
        "proj": 0.0,
        "lastAvgMin": 25.37,
        "oppOver": 0,
        "teamOver": 0,
        "gameLine": "-155",
        "+/-": "+39",
        "L5_+/-": "+8.0",
        "prevMatchup": "2023-04-20 0.0 bs 2023-04-18 2.0 bs 2023-03-05 1.0 bs 2023-01-21 1.0 bs",
        "winLossSplits": "53% - 48%",
        "awayHome": "A",
        "playedYesterday": "N",
        "awayHomeSplits": "58% - 45%",
        "savesAboveExp": -0.168,
        "gsaa": -8.95,
        "corsi": "52.5% (60.1) // 55.0% (62.9) // 58.0% (56.5) // 52.5% (60.1)",
        "fenwick": "51.9% (44.1) // 55.1% (46.4) // 58.8% (40.0) // 51.9% (44.1)",
        "shots": "51.8% (32.8) // 55.1% (34.6) // 59.0% (29.5) // 51.8% (32.8)",
        "scoring": "53.4% (30.3) // 54.6% (32.8) // 58.2% (28.5) // 53.4% (30.3)",
        "corsiAgainst": "47.5% (54.3) // 45.0% (51.4) // 42.0% (41.0) // 47.5% (54.3)",
        "fenwickAgainst": "48.1% (41.0) // 44.9% (37.8) // 41.2% (28.0) // 48.1% (41.0)",
        "shotsAgainst": "48.2% (30.5) // 44.9% (28.2) // 41.0% (20.5) // 48.2% (30.5)",
        "scoringAgainst": "46.6% (26.5) // 45.4% (27.3) // 41.8% (20.5) // 46.6% (26.5)",
        "oppCorsi": "52.2% (57.4) // 56.1% (59.4) // 66.1% (80.0) // 52.2% (57.4)",
        "oppFenwick": "52.5% (43.0) // 57.1% (44.7) // 67.1% (53.0) // 52.5% (43.0)",
        "oppShots": "53.0% (30.2) // 57.4% (31.5) // 62.0% (31.0) // 53.0% (30.2)",
        "oppScoring": "50.6% (27.4) // 55.4% (26.5) // 66.7% (36.0) // 50.6% (27.4)",
        "oppCorsiAgainst": "47.8% (52.6) // 43.9% (46.4) // 33.9% (41.0) // 47.8% (52.6)",
        "oppFenwickAgainst": "47.5% (39.0) // 42.9% (33.6) // 32.9% (26.0) // 47.5% (39.0)",
        "oppShotsAgainst": "47.0% (26.8) // 42.6% (23.4) // 38.0% (19.0) // 47.0% (26.8)",
        "oppScoringAgainst": "49.4% (26.8) // 44.6% (21.3) // 33.3% (18.0) // 49.4% (26.8)",
        "savesPerGame": 28.4,
        "savesPerGameLast1": 27.0,
        "savesPerGameLast3": 24.0,
        "savesPerGameLast5": 25.8,
        "savesPer60": 29.5,
        "savesPer60Last1": 27.0,
        "savesPer60Last3": 23.7,
        "savesPer60Last5": 25.7,
        "shotsPerGame": 33.2,
        "shotsPerGameLast5": 35.2,
        "shotsAgainstPerGame": 31.1,
        "shotsAgainstPerGameLast5": 28.4,
        "oppSavesAgainstPer60": 27.4,
        "oppSavesAgainstPer60Last1": 27.0,
        "oppSavesAgainstPer60Last3": 27.6,
        "oppSavesAgainstPer60Last5": 27.3,
        "oppShotsAgainstPerGame": 27.0,
        "oppShotsAgainstPerGameLast5": 31.0,
        "savesProj": 32.2,
        "savesProjLast5": 28.6,
        "savesProjLast3": 27.0,
        "oppSavesAgainstProj": 27.3,
        "oppSavesAgainstProjLast5": 24.7,
        "oppSavesAgainstProjLast3": 24.2,
        "totalOver": 51,
        "totalOverLast5": 20,
        "totalOverLast15": 27,
        "lastTotalOver": 0,
        "last5": "0,2,1,1,1,1,0,1,2,3",
        "overOdds": "-135",
        "underOdds": "+105",
        "overUnder": "-135 / +105"
    },
    {
        "player": "Samuel Girard",
        "team": "COL",
        "opponent": "SEA",
        "propType": "bs",
        "line": 1.5,
        "ppLine": "PP2",
        "avg": 1.53,
        "hit": false,
        "diffAvg": 0.02,
        "diffAbs": 1.0,
        "lastAvg": 0.0,
        "diff": 0,
        "avgMin": 21,
