[
    {
        "player": "Adam Boqvist",
        "team": "CBJ",
        "opponent": "BOS",
        "propType": "ast",
        "line": 0.5,
        "ppLine": "",
        "avg": 0.4,
        "hit": false,
        "diffAvg": -0.2,
        "diffAbs": 0.6,
        "lastAvg": 0.21,
        "diff": -0.58,
        "avgMin": 18,
        "proj": 0.2,
        "lastAvgMin": 17.03,
        "oppOver": 0,
        "teamOver": 0,
        "gameLine": "+360",
        "+/-": -7,
        "L5_+/-": -3.0,
        "prevMatchup": "",
        "winLossSplits": "0.55 - 0.35",
        "awayHome": "A",
        "playedYesterday": "N",
        "awayHomeSplits": "0.29 - 0.56",
        "savesAboveExp": 0.892,
        "gsaa": 44.65,
        "corsi": "46.0% (55.6) // 47.7% (60.1) // 44.5% (53.2) // 43.8% (50.8)",
        "fenwick": "45.9% (41.4) // 47.8% (45.3) // 43.7% (39.4) // 43.0% (37.9)",
        "shots": "45.8% (29.5) // 48.6% (33.6) // 45.4% (29.3) // 43.0% (26.6)",
        "scoring": "45.3% (27.2) // 46.9% (32.1) // 44.5% (27.1) // 45.0% (27.2)",
        "corsiAgainst": "54.0% (65.2) // 52.3% (66.0) // 55.5% (66.3) // 56.2% (65.1)",
        "fenwickAgainst": "54.1% (48.8) // 52.2% (49.4) // 56.3% (50.8) // 57.0% (50.1)",
        "shotsAgainst": "54.2% (34.9) // 51.4% (35.5) // 54.6% (35.3) // 57.0% (35.2)",
        "scoringAgainst": "54.7% (32.9) // 53.1% (36.5) // 55.5% (33.8) // 55.0% (33.2)",
        "oppCorsi": "51.2% (57.9) // 50.6% (57.8) // 49.2% (57.6) // 51.9% (60.6)",
        "oppFenwick": "51.5% (43.7) // 49.5% (43.7) // 47.4% (42.7) // 51.1% (45.7)",
        "oppShots": "52.5% (32.5) // 51.5% (32.3) // 50.8% (32.3) // 55.4% (35.0)",
        "oppScoring": "53.0% (32.2) // 54.0% (33.7) // 55.4% (34.2) // 57.7% (34.1)",
        "oppCorsiAgainst": "48.8% (55.1) // 49.4% (56.5) // 50.8% (59.6) // 48.1% (56.1)",
        "oppFenwickAgainst": "48.5% (41.1) // 50.5% (44.5) // 52.6% (47.4) // 48.9% (43.8)",
        "oppShotsAgainst": "47.5% (29.4) // 48.5% (30.4) // 49.2% (31.3) // 44.6% (28.2)",
        "oppScoringAgainst": "47.0% (28.5) // 46.0% (28.7) // 44.6% (27.5) // 42.3% (25.0)",
        "savesPerGame": 31.3,
        "savesPerGameLast1": 30.0,
        "savesPerGameLast3": 29.3,
        "savesPerGameLast5": 30.6,
        "savesPer60": 31.2,
        "savesPer60Last1": 29.5,
        "savesPer60Last3": 29.3,
        "savesPer60Last5": 30.8,
        "shotsPerGame": 29.7,
        "shotsPerGameLast5": 31.2,
        "shotsAgainstPerGame": 35.2,
        "shotsAgainstPerGameLast5": 36.8,
        "oppSavesAgainstPer60": 29.1,
        "oppSavesAgainstPer60Last1": 35.0,
        "oppSavesAgainstPer60Last3": 34.9,
        "oppSavesAgainstPer60Last5": 30.8,
        "oppShotsAgainstPerGame": 29.7,
        "oppShotsAgainstPerGameLast5": 31.8,
        "savesProj": 32.8,
        "savesProjLast5": 33.7,
        "savesProjLast3": 35.8,
        "oppSavesAgainstProj": 32.2,
        "oppSavesAgainstProjLast5": 34.2,
        "oppSavesAgainstProjLast3": 37.9,
        "totalOver": 40,
        "totalOverLast5": 20,
        "totalOverLast15": 27,
        "lastTotalOver": 21,
        "last5": "0,0,1,0,0,1,0,0,0,0",
        "overOdds": "+150",
        "underOdds": "-185",
        "overUnder": "+150 / -185"
    },
    {
        "player": "Boone Jenner",
        "team": "CBJ",
        "opponent": "BOS",
        "propType": "ast",
        "line": 0.5,
        "ppLine": "PP1",
        "avg": 0.31,
        "hit": false,
        "diffAvg": -0.38,
        "diffAbs": 0.4,
        "lastAvg": 0.36,
        "diff": -0.28,
        "avgMin": 20,
        "proj": 0.3,
        "lastAvgMin": 20.45,
        "oppOver": 0,
        "teamOver": 0,
        "gameLine": "+360",
        "+/-": -27,
        "L5_+/-": -11.0,
        "prevMatchup": "2022-12-17 0.0 ast 2022-10-28 0.0 ast",
        "winLossSplits": "0.4 - 0.25",
        "awayHome": "A",
        "playedYesterday": "N",
        "awayHomeSplits": "0.23 - 0.39",
        "savesAboveExp": 0.892,
        "gsaa": 44.65,
        "corsi": "46.0% (55.6) // 47.7% (60.1) // 44.5% (53.2) // 43.8% (50.8)",
        "fenwick": "45.9% (41.4) // 47.8% (45.3) // 43.7% (39.4) // 43.0% (37.9)",
        "shots": "45.8% (29.5) // 48.6% (33.6) // 45.4% (29.3) // 43.0% (26.6)",
        "scoring": "45.3% (27.2) // 46.9% (32.1) // 44.5% (27.1) // 45.0% (27.2)",
        "corsiAgainst": "54.0% (65.2) // 52.3% (66.0) // 55.5% (66.3) // 56.2% (65.1)",
        "fenwickAgainst": "54.1% (48.8) // 52.2% (49.4) // 56.3% (50.8) // 57.0% (50.1)",
        "shotsAgainst": "54.2% (34.9) // 51.4% (35.5) // 54.6% (35.3) // 57.0% (35.2)",
        "scoringAgainst": "54.7% (32.9) // 53.1% (36.5) // 55.5% (33.8) // 55.0% (33.2)",
        "oppCorsi": "51.2% (57.9) // 50.6% (57.8) // 49.2% (57.6) // 51.9% (60.6)",
        "oppFenwick": "51.5% (43.7) // 49.5% (43.7) // 47.4% (42.7) // 51.1% (45.7)",
        "oppShots": "52.5% (32.5) // 51.5% (32.3) // 50.8% (32.3) // 55.4% (35.0)",
        "oppScoring": "53.0% (32.2) // 54.0% (33.7) // 55.4% (34.2) // 57.7% (34.1)",
        "oppCorsiAgainst": "48.8% (55.1) // 49.4% (56.5) // 50.8% (59.6) // 48.1% (56.1)",
        "oppFenwickAgainst": "48.5% (41.1) // 50.5% (44.5) // 52.6% (47.4) // 48.9% (43.8)",
        "oppShotsAgainst": "47.5% (29.4) // 48.5% (30.4) // 49.2% (31.3) // 44.6% (28.2)",
        "oppScoringAgainst": "47.0% (28.5) // 46.0% (28.7) // 44.6% (27.5) // 42.3% (25.0)",
        "savesPerGame": 31.3,
        "savesPerGameLast1": 30.0,
        "savesPerGameLast3": 29.3,
        "savesPerGameLast5": 30.6,
        "savesPer60": 31.2,
        "savesPer60Last1": 29.5,
        "savesPer60Last3": 29.3,
        "savesPer60Last5": 30.8,
        "shotsPerGame": 29.7,
        "shotsPerGameLast5": 31.2,
        "shotsAgainstPerGame": 35.2,
        "shotsAgainstPerGameLast5": 36.8,
        "oppSavesAgainstPer60": 29.1,
        "oppSavesAgainstPer60Last1": 35.0,
        "oppSavesAgainstPer60Last3": 34.9,
        "oppSavesAgainstPer60Last5": 30.8,
        "oppShotsAgainstPerGame": 29.7,
        "oppShotsAgainstPerGameLast5": 31.8,
        "savesProj": 32.8,
        "savesProjLast5": 33.7,
        "savesProjLast3": 35.8,
        "oppSavesAgainstProj": 32.2,
        "oppSavesAgainstProjLast5": 34.2,
        "oppSavesAgainstProjLast3": 37.9,
        "totalOver": 27,
        "totalOverLast5": 40,
        "totalOverLast15": 20,
        "lastTotalOver": 27,
        "last5": "1,0,1,0,0,0,0,0,0,0",
        "overOdds": "+180",
        "underOdds": "-220",
        "overUnder": "+180 / -220"
    },
    {
        "player": "Brad Marchand",
        "team": "BOS",
        "opponent": "CBJ",
        "propType": "ast",
        "line": 0.5,
        "ppLine": "PP1",
        "avg": 0.66,
        "hit": false,
        "diffAvg": 0.32,
        "diffAbs": 0.2,
        "lastAvg": 0.62,
        "diff": 0.24,
        "avgMin": 18,
        "proj": 0.6,
        "lastAvgMin": 19.25,
        "oppOver": 0,
        "teamOver": 0,
        "gameLine": "-450",
        "+/-": "+26",
        "L5_+/-": "+2.0",
        "prevMatchup": "2022-12-17 1.0 ast",
        "winLossSplits": "0.81 - 0.24",
        "awayHome": "H",
        "playedYesterday": "N",
        "awayHomeSplits": "0.58 - 0.75",
        "savesAboveExp": "-",
        "gsaa": "-",
        "corsi": "51.2% (57.9) // 50.6% (57.8) // 49.2% (57.6) // 51.9% (60.6)",
        "fenwick": "51.5% (43.7) // 49.5% (43.7) // 47.4% (42.7) // 51.1% (45.7)",
        "shots": "52.5% (32.5) // 51.5% (32.3) // 50.8% (32.3) // 55.4% (35.0)",
        "scoring": "53.0% (32.2) // 54.0% (33.7) // 55.4% (34.2) // 57.7% (34.1)",
        "corsiAgainst": "48.8% (55.1) // 49.4% (56.5) // 50.8% (59.6) // 48.1% (56.1)",
        "fenwickAgainst": "48.5% (41.1) // 50.5% (44.5) // 52.6% (47.4) // 48.9% (43.8)",
        "shotsAgainst": "47.5% (29.4) // 48.5% (30.4) // 49.2% (31.3) // 44.6% (28.2)",
        "scoringAgainst": "47.0% (28.5) // 46.0% (28.7) // 44.6% (27.5) // 42.3% (25.0)",
        "oppCorsi": "46.0% (55.6) // 47.7% (60.1) // 44.5% (53.2) // 43.8% (50.8)",
        "oppFenwick": "45.9% (41.4) // 47.8% (45.3) // 43.7% (39.4) // 43.0% (37.9)",
        "oppShots": "45.8% (29.5) // 48.6% (33.6) // 45.4% (29.3) // 43.0% (26.6)",
        "oppScoring": "45.3% (27.2) // 46.9% (32.1) // 44.5% (27.1) // 45.0% (27.2)",
        "oppCorsiAgainst": "54.0% (65.2) // 52.3% (66.0) // 55.5% (66.3) // 56.2% (65.1)",
        "oppFenwickAgainst": "54.1% (48.8) // 52.2% (49.4) // 56.3% (50.8) // 57.0% (50.1)",
        "oppShotsAgainst": "54.2% (34.9) // 51.4% (35.5) // 54.6% (35.3) // 57.0% (35.2)",
        "oppScoringAgainst": "54.7% (32.9) // 53.1% (36.5) // 55.5% (33.8) // 55.0% (33.2)",
        "savesPerGame": 27.6,
        "savesPerGameLast1": 21.0,
        "savesPerGameLast3": 27.0,
        "savesPerGameLast5": 30.0,
        "savesPer60": 27.8,
        "savesPer60Last1": 20.3,
        "savesPer60Last3": 27.4,
        "savesPer60Last5": 30.3,
        "shotsPerGame": 32.9,
        "shotsPerGameLast5": 32.8,
        "shotsAgainstPerGame": 29.7,
        "shotsAgainstPerGameLast5": 31.8,
        "oppSavesAgainstPer60": 27.1,
        "oppSavesAgainstPer60Last1": 27.9,
        "oppSavesAgainstPer60Last3": 23.9,
        "oppSavesAgainstPer60Last5": 27.7,
        "oppShotsAgainstPerGame": 35.2,
        "oppShotsAgainstPerGameLast5": 36.8,
        "savesProj": 24.1,
        "savesProjLast5": 26.8,
        "savesProjLast3": 20.8,
        "oppSavesAgainstProj": 26.3,
        "oppSavesAgainstProjLast5": 29.2,
        "oppSavesAgainstProjLast3": 22.0,
        "totalOver": 49,
        "totalOverLast5": 60,
        "totalOverLast15": 47,
        "lastTotalOver": 51,
        "last5": "0,1,0,1,2,3,0,1,0,0",
        "overOdds": "-125",
        "underOdds": "-105",
        "overUnder": "-125 / -105"
    },
    {
        "player": "David Pastrnak",
        "team": "BOS",
        "opponent": "CBJ",
        "propType": "ast",
        "line": 0.5,
        "ppLine": "PP1",
        "avg": 0.61,
        "hit": false,
        "diffAvg": 0.22,
        "diffAbs": 0.0,
        "lastAvg": 0.47,
        "diff": -0.06,
        "avgMin": 19,
        "proj": 0.5,
        "lastAvgMin": 18.6,
        "oppOver": 0,
        "teamOver": 0,
        "gameLine": "-450",
        "+/-": "+32",
        "L5_+/-": "+2.0",
        "prevMatchup": "2022-12-17 1.0 ast 2022-10-28 0.0 ast",
        "winLossSplits": "0.66 - 0.44",
        "awayHome": "H",
        "playedYesterday": "N",
        "awayHomeSplits": "0.62 - 0.59",
        "savesAboveExp": "-",
        "gsaa": "-",
        "corsi": "51.2% (57.9) // 50.6% (57.8) // 49.2% (57.6) // 51.9% (60.6)",
        "fenwick": "51.5% (43.7) // 49.5% (43.7) // 47.4% (42.7) // 51.1% (45.7)",
        "shots": "52.5% (32.5) // 51.5% (32.3) // 50.8% (32.3) // 55.4% (35.0)",
        "scoring": "53.0% (32.2) // 54.0% (33.7) // 55.4% (34.2) // 57.7% (34.1)",
        "corsiAgainst": "48.8% (55.1) // 49.4% (56.5) // 50.8% (59.6) // 48.1% (56.1)",
        "fenwickAgainst": "48.5% (41.1) // 50.5% (44.5) // 52.6% (47.4) // 48.9% (43.8)",
        "shotsAgainst": "47.5% (29.4) // 48.5% (30.4) // 49.2% (31.3) // 44.6% (28.2)",
        "scoringAgainst": "47.0% (28.5) // 46.0% (28.7) // 44.6% (27.5) // 42.3% (25.0)",
        "oppCorsi": "46.0% (55.6) // 47.7% (60.1) // 44.5% (53.2) // 43.8% (50.8)",
        "oppFenwick": "45.9% (41.4) // 47.8% (45.3) // 43.7% (39.4) // 43.0% (37.9)",
        "oppShots": "45.8% (29.5) // 48.6% (33.6) // 45.4% (29.3) // 43.0% (26.6)",
        "oppScoring": "45.3% (27.2) // 46.9% (32.1) // 44.5% (27.1) // 45.0% (27.2)",
        "oppCorsiAgainst": "54.0% (65.2) // 52.3% (66.0) // 55.5% (66.3) // 56.2% (65.1)",
        "oppFenwickAgainst": "54.1% (48.8) // 52.2% (49.4) // 56.3% (50.8) // 57.0% (50.1)",
        "oppShotsAgainst": "54.2% (34.9) // 51.4% (35.5) // 54.6% (35.3) // 57.0% (35.2)",
        "oppScoringAgainst": "54.7% (32.9) // 53.1% (36.5) // 55.5% (33.8) // 55.0% (33.2)",
        "savesPerGame": 27.6,
        "savesPerGameLast1": 21.0,
        "savesPerGameLast3": 27.0,
        "savesPerGameLast5": 30.0,
        "savesPer60": 27.8,
        "savesPer60Last1": 20.3,
        "savesPer60Last3": 27.4,
        "savesPer60Last5": 30.3,
        "shotsPerGame": 32.9,
        "shotsPerGameLast5": 32.8,
        "shotsAgainstPerGame": 29.7,
        "shotsAgainstPerGameLast5": 31.8,
        "oppSavesAgainstPer60": 27.1,
        "oppSavesAgainstPer60Last1": 27.9,
        "oppSavesAgainstPer60Last3": 23.9,
        "oppSavesAgainstPer60Last5": 27.7,
        "oppShotsAgainstPerGame": 35.2,
        "oppShotsAgainstPerGameLast5": 36.8,
        "savesProj": 24.1,
        "savesProjLast5": 26.8,
        "savesProjLast3": 20.8,
        "oppSavesAgainstProj": 26.3,
        "oppSavesAgainstProjLast5": 29.2,
        "oppSavesAgainstProjLast3": 22.0,
        "totalOver": 50,
        "totalOverLast5": 20,
        "totalOverLast15": 47,
        "lastTotalOver": 43,
        "last5": "0,0,0,1,0,0,1,1,1,1",
        "overOdds": "-130",
        "underOdds": "+100",
        "overUnder": "-130 / +100"
    },
    {
        "player": "Jake Debrusk",
        "team": "BOS",
        "opponent": "CBJ",
        "propType": "ast",
        "line": 0.5,
        "ppLine": "PP1",
        "avg": 0.41,
        "hit": false,
        "diffAvg": -0.18,
        "diffAbs": 0.6,
        "lastAvg": 0.2,
        "diff": -0.6,
        "avgMin": 16,
        "proj": 0.2,
        "lastAvgMin": 15.03,
        "oppOver": 0,
        "teamOver": 0,
        "gameLine": "-450",
        "+/-": "+24",
        "L5_+/-": "+5.0",
        "prevMatchup": "2022-12-17 0.0 ast 2022-10-28 0.0 ast",
        "winLossSplits": "0.39 - 0.47",
        "awayHome": "H",
        "playedYesterday": "N",
        "awayHomeSplits": "0.64 - 0.23",
        "savesAboveExp": "-",
        "gsaa": "-",
        "corsi": "51.2% (57.9) // 50.6% (57.8) // 49.2% (57.6) // 51.9% (60.6)",
        "fenwick": "51.5% (43.7) // 49.5% (43.7) // 47.4% (42.7) // 51.1% (45.7)",
        "shots": "52.5% (32.5) // 51.5% (32.3) // 50.8% (32.3) // 55.4% (35.0)",
        "scoring": "53.0% (32.2) // 54.0% (33.7) // 55.4% (34.2) // 57.7% (34.1)",
        "corsiAgainst": "48.8% (55.1) // 49.4% (56.5) // 50.8% (59.6) // 48.1% (56.1)",
        "fenwickAgainst": "48.5% (41.1) // 50.5% (44.5) // 52.6% (47.4) // 48.9% (43.8)",
        "shotsAgainst": "47.5% (29.4) // 48.5% (30.4) // 49.2% (31.3) // 44.6% (28.2)",
        "scoringAgainst": "47.0% (28.5) // 46.0% (28.7) // 44.6% (27.5) // 42.3% (25.0)",
        "oppCorsi": "46.0% (55.6) // 47.7% (60.1) // 44.5% (53.2) // 43.8% (50.8)",
        "oppFenwick": "45.9% (41.4) // 47.8% (45.3) // 43.7% (39.4) // 43.0% (37.9)",
        "oppShots": "45.8% (29.5) // 48.6% (33.6) // 45.4% (29.3) // 43.0% (26.6)",
        "oppScoring": "45.3% (27.2) // 46.9% (32.1) // 44.5% (27.1) // 45.0% (27.2)",
        "oppCorsiAgainst": "54.0% (65.2) // 52.3% (66.0) // 55.5% (66.3) // 56.2% (65.1)",
        "oppFenwickAgainst": "54.1% (48.8) // 52.2% (49.4) // 56.3% (50.8) // 57.0% (50.1)",
        "oppShotsAgainst": "54.2% (34.9) // 51.4% (35.5) // 54.6% (35.3) // 57.0% (35.2)",
        "oppScoringAgainst": "54.7% (32.9) // 53.1% (36.5) // 55.5% (33.8) // 55.0% (33.2)",
        "savesPerGame": 27.6,
        "savesPerGameLast1": 21.0,
        "savesPerGameLast3": 27.0,
        "savesPerGameLast5": 30.0,
        "savesPer60": 27.8,
        "savesPer60Last1": 20.3,
        "savesPer60Last3": 27.4,
        "savesPer60Last5": 30.3,
        "shotsPerGame": 32.9,
        "shotsPerGameLast5": 32.8,
        "shotsAgainstPerGame": 29.7,
        "shotsAgainstPerGameLast5": 31.8,
        "oppSavesAgainstPer60": 27.1,
        "oppSavesAgainstPer60Last1": 27.9,
        "oppSavesAgainstPer60Last3": 23.9,
        "oppSavesAgainstPer60Last5": 27.7,
        "oppShotsAgainstPerGame": 35.2,
        "oppShotsAgainstPerGameLast5": 36.8,
        "savesProj": 24.1,
        "savesProjLast5": 26.8,
        "savesProjLast3": 20.8,
        "oppSavesAgainstProj": 26.3,
        "oppSavesAgainstProjLast5": 29.2,
        "oppSavesAgainstProjLast3": 22.0,
        "totalOver": 32,
        "totalOverLast5": 20,
        "totalOverLast15": 20,
        "lastTotalOver": 21,
        "last5": "1,0,0,0,0,3,0,0,0,0",
        "overOdds": "+150",
        "underOdds": "-185",
        "overUnder": "+150 / -185"
    },
    {
        "player": "Johnny Gaudreau",
        "team": "CBJ",
        "opponent": "BOS",
        "propType": "ast",
        "line": 0.5,
        "ppLine": "PP1",
        "avg": 0.7,
        "hit": false,
        "diffAvg": 0.4,
        "diffAbs": 0.6,
        "lastAvg": 0.79,
        "diff": 0.58,
        "avgMin": 19,
        "proj": 0.8,
        "lastAvgMin": 18.57,
        "oppOver": 0,
        "teamOver": 0,
        "gameLine": "+360",
        "+/-": -31,
        "L5_+/-": -6.0,
        "prevMatchup": "2022-12-17 2.0 ast 2022-10-28 0.0 ast",
        "winLossSplits": "1.24 - 0.43",
        "awayHome": "A",
        "playedYesterday": "N",
        "awayHomeSplits": "0.66 - 0.75",
        "savesAboveExp": 0.892,
        "gsaa": 44.65,
        "corsi": "46.0% (55.6) // 47.7% (60.1) // 44.5% (53.2) // 43.8% (50.8)",
        "fenwick": "45.9% (41.4) // 47.8% (45.3) // 43.7% (39.4) // 43.0% (37.9)",
        "shots": "45.8% (29.5) // 48.6% (33.6) // 45.4% (29.3) // 43.0% (26.6)",
        "scoring": "45.3% (27.2) // 46.9% (32.1) // 44.5% (27.1) // 45.0% (27.2)",
        "corsiAgainst": "54.0% (65.2) // 52.3% (66.0) // 55.5% (66.3) // 56.2% (65.1)",
        "fenwickAgainst": "54.1% (48.8) // 52.2% (49.4) // 56.3% (50.8) // 57.0% (50.1)",
        "shotsAgainst": "54.2% (34.9) // 51.4% (35.5) // 54.6% (35.3) // 57.0% (35.2)",
        "scoringAgainst": "54.7% (32.9) // 53.1% (36.5) // 55.5% (33.8) // 55.0% (33.2)",
        "oppCorsi": "51.2% (57.9) // 50.6% (57.8) // 49.2% (57.6) // 51.9% (60.6)",
        "oppFenwick": "51.5% (43.7) // 49.5% (43.7) // 47.4% (42.7) // 51.1% (45.7)",
        "oppShots": "52.5% (32.5) // 51.5% (32.3) // 50.8% (32.3) // 55.4% (35.0)",
        "oppScoring": "53.0% (32.2) // 54.0% (33.7) // 55.4% (34.2) // 57.7% (34.1)",
        "oppCorsiAgainst": "48.8% (55.1) // 49.4% (56.5) // 50.8% (59.6) // 48.1% (56.1)",
        "oppFenwickAgainst": "48.5% (41.1) // 50.5% (44.5) // 52.6% (47.4) // 48.9% (43.8)",
        "oppShotsAgainst": "47.5% (29.4) // 48.5% (30.4) // 49.2% (31.3) // 44.6% (28.2)",
        "oppScoringAgainst": "47.0% (28.5) // 46.0% (28.7) // 44.6% (27.5) // 42.3% (25.0)",
        "savesPerGame": 31.3,
        "savesPerGameLast1": 30.0,
        "savesPerGameLast3": 29.3,
        "savesPerGameLast5": 30.6,
        "savesPer60": 31.2,
        "savesPer60Last1": 29.5,
        "savesPer60Last3": 29.3,
        "savesPer60Last5": 30.8,
        "shotsPerGame": 29.7,
        "shotsPerGameLast5": 31.2,
        "shotsAgainstPerGame": 35.2,
        "shotsAgainstPerGameLast5": 36.8,
        "oppSavesAgainstPer60": 29.1,
        "oppSavesAgainstPer60Last1": 35.0,
        "oppSavesAgainstPer60Last3": 34.9,
        "oppSavesAgainstPer60Last5": 30.8,
        "oppShotsAgainstPerGame": 29.7,
        "oppShotsAgainstPerGameLast5": 31.8,
        "savesProj": 32.8,
        "savesProjLast5": 33.7,
        "savesProjLast3": 35.8,
        "oppSavesAgainstProj": 32.2,
        "oppSavesAgainstProjLast5": 34.2,
        "oppSavesAgainstProjLast3": 37.9,
        "totalOver": 49,
        "totalOverLast5": 60,
        "totalOverLast15": 47,
        "lastTotalOver": 62,
        "last5": "1,0,1,2,0,1,0,3,2,0",
        "overOdds": "+100",
        "underOdds": "-130",
        "overUnder": "+100 / -130"
    },
    {
        "player": "Kirill Marchenko",
        "team": "CBJ",
        "opponent": "BOS",
        "propType": "ast",
        "line": 0.5,
        "ppLine": "PP1",
        "avg": 0.06,
        "hit": false,
        "diffAvg": -0.88,
        "diffAbs": 1.0,
        "lastAvg": 0,
        "diff": 0,
        "avgMin": 15,
        "proj": 0.0,
        "lastAvgMin": 0,
        "oppOver": 0,
        "teamOver": 0,
        "gameLine": "+360",
        "+/-": -17,
        "L5_+/-": -7.0,
        "prevMatchup": "2022-12-17 0.0 ast",
        "winLossSplits": "0.05 - 0.05",
        "awayHome": "A",
        "playedYesterday": "N",
        "awayHomeSplits": "0.1 - 0.0",
        "savesAboveExp": 0.892,
        "gsaa": 44.65,
        "corsi": "46.0% (55.6) // 47.7% (60.1) // 44.5% (53.2) // 43.8% (50.8)",
        "fenwick": "45.9% (41.4) // 47.8% (45.3) // 43.7% (39.4) // 43.0% (37.9)",
        "shots": "45.8% (29.5) // 48.6% (33.6) // 45.4% (29.3) // 43.0% (26.6)",
        "scoring": "45.3% (27.2) // 46.9% (32.1) // 44.5% (27.1) // 45.0% (27.2)",
        "corsiAgainst": "54.0% (65.2) // 52.3% (66.0) // 55.5% (66.3) // 56.2% (65.1)",
        "fenwickAgainst": "54.1% (48.8) // 52.2% (49.4) // 56.3% (50.8) // 57.0% (50.1)",
        "shotsAgainst": "54.2% (34.9) // 51.4% (35.5) // 54.6% (35.3) // 57.0% (35.2)",
        "scoringAgainst": "54.7% (32.9) // 53.1% (36.5) // 55.5% (33.8) // 55.0% (33.2)",
        "oppCorsi": "51.2% (57.9) // 50.6% (57.8) // 49.2% (57.6) // 51.9% (60.6)",
        "oppFenwick": "51.5% (43.7) // 49.5% (43.7) // 47.4% (42.7) // 51.1% (45.7)",
        "oppShots": "52.5% (32.5) // 51.5% (32.3) // 50.8% (32.3) // 55.4% (35.0)",
        "oppScoring": "53.0% (32.2) // 54.0% (33.7) // 55.4% (34.2) // 57.7% (34.1)",
        "oppCorsiAgainst": "48.8% (55.1) // 49.4% (56.5) // 50.8% (59.6) // 48.1% (56.1)",
        "oppFenwickAgainst": "48.5% (41.1) // 50.5% (44.5) // 52.6% (47.4) // 48.9% (43.8)",
        "oppShotsAgainst": "47.5% (29.4) // 48.5% (30.4) // 49.2% (31.3) // 44.6% (28.2)",
        "oppScoringAgainst": "47.0% (28.5) // 46.0% (28.7) // 44.6% (27.5) // 42.3% (25.0)",
        "savesPerGame": 31.3,
        "savesPerGameLast1": 30.0,
        "savesPerGameLast3": 29.3,
        "savesPerGameLast5": 30.6,
        "savesPer60": 31.2,
        "savesPer60Last1": 29.5,
        "savesPer60Last3": 29.3,
        "savesPer60Last5": 30.8,
        "shotsPerGame": 29.7,
        "shotsPerGameLast5": 31.2,
        "shotsAgainstPerGame": 35.2,
        "shotsAgainstPerGameLast5": 36.8,
        "oppSavesAgainstPer60": 29.1,
        "oppSavesAgainstPer60Last1": 35.0,
        "oppSavesAgainstPer60Last3": 34.9,
        "oppSavesAgainstPer60Last5": 30.8,
        "oppShotsAgainstPerGame": 29.7,
        "oppShotsAgainstPerGameLast5": 31.8,
        "savesProj": 32.8,
        "savesProjLast5": 33.7,
        "savesProjLast3": 35.8,
        "oppSavesAgainstProj": 32.2,
        "oppSavesAgainstProjLast5": 34.2,
        "oppSavesAgainstProjLast3": 37.9,
        "totalOver": 6,
        "totalOverLast5": 20,
        "totalOverLast15": 13,
        "lastTotalOver": 0,
        "last5": "0,0,0,0,1,0,0,0,0,0",
        "overOdds": "+310",
        "underOdds": "-410",
        "overUnder": "+310 / -410"
    },
    {
        "player": "Patrice Bergeron",
        "team": "BOS",
        "opponent": "CBJ",
        "propType": "ast",
        "line": 0.5,
        "ppLine": "PP1",
        "avg": 0.41,
        "hit": false,
        "diffAvg": -0.18,
        "diffAbs": 0.0,
        "lastAvg": 0.49,
        "diff": -0.02,
        "avgMin": 17,
        "proj": 0.5,
        "lastAvgMin": 18.17,
        "oppOver": 0,
        "teamOver": 0,
        "gameLine": "-450",
        "+/-": "+33",
        "L5_+/-": "+4.0",
        "prevMatchup": "2022-12-17 0.0 ast 2022-10-28 1.0 ast",
        "winLossSplits": "0.48 - 0.23",
        "awayHome": "H",
        "playedYesterday": "N",
        "awayHomeSplits": "0.47 - 0.35",
        "savesAboveExp": "-",
        "gsaa": "-",
        "corsi": "51.2% (57.9) // 50.6% (57.8) // 49.2% (57.6) // 51.9% (60.6)",
        "fenwick": "51.5% (43.7) // 49.5% (43.7) // 47.4% (42.7) // 51.1% (45.7)",
        "shots": "52.5% (32.5) // 51.5% (32.3) // 50.8% (32.3) // 55.4% (35.0)",
        "scoring": "53.0% (32.2) // 54.0% (33.7) // 55.4% (34.2) // 57.7% (34.1)",
        "corsiAgainst": "48.8% (55.1) // 49.4% (56.5) // 50.8% (59.6) // 48.1% (56.1)",
        "fenwickAgainst": "48.5% (41.1) // 50.5% (44.5) // 52.6% (47.4) // 48.9% (43.8)",
        "shotsAgainst": "47.5% (29.4) // 48.5% (30.4) // 49.2% (31.3) // 44.6% (28.2)",
        "scoringAgainst": "47.0% (28.5) // 46.0% (28.7) // 44.6% (27.5) // 42.3% (25.0)",
        "oppCorsi": "46.0% (55.6) // 47.7% (60.1) // 44.5% (53.2) // 43.8% (50.8)",
        "oppFenwick": "45.9% (41.4) // 47.8% (45.3) // 43.7% (39.4) // 43.0% (37.9)",
        "oppShots": "45.8% (29.5) // 48.6% (33.6) // 45.4% (29.3) // 43.0% (26.6)",
        "oppScoring": "45.3% (27.2) // 46.9% (32.1) // 44.5% (27.1) // 45.0% (27.2)",
        "oppCorsiAgainst": "54.0% (65.2) // 52.3% (66.0) // 55.5% (66.3) // 56.2% (65.1)",
        "oppFenwickAgainst": "54.1% (48.8) // 52.2% (49.4) // 56.3% (50.8) // 57.0% (50.1)",
        "oppShotsAgainst": "54.2% (34.9) // 51.4% (35.5) // 54.6% (35.3) // 57.0% (35.2)",
        "oppScoringAgainst": "54.7% (32.9) // 53.1% (36.5) // 55.5% (33.8) // 55.0% (33.2)",
        "savesPerGame": 27.6,
        "savesPerGameLast1": 21.0,
        "savesPerGameLast3": 27.0,
        "savesPerGameLast5": 30.0,
        "savesPer60": 27.8,
        "savesPer60Last1": 20.3,
        "savesPer60Last3": 27.4,
        "savesPer60Last5": 30.3,
        "shotsPerGame": 32.9,
        "shotsPerGameLast5": 32.8,
        "shotsAgainstPerGame": 29.7,
        "shotsAgainstPerGameLast5": 31.8,
        "oppSavesAgainstPer60": 27.1,
        "oppSavesAgainstPer60Last1": 27.9,
        "oppSavesAgainstPer60Last3": 23.9,
        "oppSavesAgainstPer60Last5": 27.7,
        "oppShotsAgainstPerGame": 35.2,
        "oppShotsAgainstPerGameLast5": 36.8,
        "savesProj": 24.1,
        "savesProjLast5": 26.8,
        "savesProjLast3": 20.8,
        "oppSavesAgainstProj": 26.3,
        "oppSavesAgainstProjLast5": 29.2,
        "oppSavesAgainstProjLast3": 22.0,
        "totalOver": 34,
        "totalOverLast5": 60,
        "totalOverLast15": 33,
        "lastTotalOver": 39,
        "last5": "0,0,1,1,2,1,0,0,0,0",
        "overOdds": "+130",
        "underOdds": "-160",
        "overUnder": "+130 / -160"
    },
    {
        "player": "Charlie Mcavoy",
        "team": "BOS",
        "opponent": "CBJ",
        "propType": "ast",
        "line": 0.5,
        "ppLine": "PP2",
        "avg": 0.69,
        "hit": false,
        "diffAvg": 0.38,
        "diffAbs": 0.0,
        "lastAvg": 0.55,
        "diff": 0.1,
        "avgMin": 22,
        "proj": 0.5,
        "lastAvgMin": 24.65,
        "oppOver": 0,
        "teamOver": 0,
        "gameLine": "-450",
        "+/-": "+32",
        "L5_+/-": "+7.0",
        "prevMatchup": "2022-12-17 1.0 ast",
        "winLossSplits": "0.77 - 0.42",
        "awayHome": "H",
        "playedYesterday": "N",
        "awayHomeSplits": "0.61 - 0.77",
        "savesAboveExp": "-",
        "gsaa": "-",
        "corsi": "51.2% (57.9) // 50.6% (57.8) // 49.2% (57.6) // 51.9% (60.6)",
        "fenwick": "51.5% (43.7) // 49.5% (43.7) // 47.4% (42.7) // 51.1% (45.7)",
        "shots": "52.5% (32.5) // 51.5% (32.3) // 50.8% (32.3) // 55.4% (35.0)",
        "scoring": "53.0% (32.2) // 54.0% (33.7) // 55.4% (34.2) // 57.7% (34.1)",
        "corsiAgainst": "48.8% (55.1) // 49.4% (56.5) // 50.8% (59.6) // 48.1% (56.1)",
        "fenwickAgainst": "48.5% (41.1) // 50.5% (44.5) // 52.6% (47.4) // 48.9% (43.8)",
        "shotsAgainst": "47.5% (29.4) // 48.5% (30.4) // 49.2% (31.3) // 44.6% (28.2)",
        "scoringAgainst": "47.0% (28.5) // 46.0% (28.7) // 44.6% (27.5) // 42.3% (25.0)",
        "oppCorsi": "46.0% (55.6) // 47.7% (60.1) // 44.5% (53.2) // 43.8% (50.8)",
        "oppFenwick": "45.9% (41.4) // 47.8% (45.3) // 43.7% (39.4) // 43.0% (37.9)",
        "oppShots": "45.8% (29.5) // 48.6% (33.6) // 45.4% (29.3) // 43.0% (26.6)",
        "oppScoring": "45.3% (27.2) // 46.9% (32.1) // 44.5% (27.1) // 45.0% (27.2)",
        "oppCorsiAgainst": "54.0% (65.2) // 52.3% (66.0) // 55.5% (66.3) // 56.2% (65.1)",
        "oppFenwickAgainst": "54.1% (48.8) // 52.2% (49.4) // 56.3% (50.8) // 57.0% (50.1)",
        "oppShotsAgainst": "54.2% (34.9) // 51.4% (35.5) // 54.6% (35.3) // 57.0% (35.2)",
        "oppScoringAgainst": "54.7% (32.9) // 53.1% (36.5) // 55.5% (33.8) // 55.0% (33.2)",
        "savesPerGame": 27.6,
        "savesPerGameLast1": 21.0,
        "savesPerGameLast3": 27.0,
        "savesPerGameLast5": 30.0,
        "savesPer60": 27.8,
        "savesPer60Last1": 20.3,
        "savesPer60Last3": 27.4,
        "savesPer60Last5": 30.3,
        "shotsPerGame": 32.9,
        "shotsPerGameLast5": 32.8,
        "shotsAgainstPerGame": 29.7,
        "shotsAgainstPerGameLast5": 31.8,
        "oppSavesAgainstPer60": 27.1,
        "oppSavesAgainstPer60Last1": 27.9,
        "oppSavesAgainstPer60Last3": 23.9,
        "oppSavesAgainstPer60Last5": 27.7,
        "oppShotsAgainstPerGame": 35.2,
        "oppShotsAgainstPerGameLast5": 36.8,
        "savesProj": 24.1,
        "savesProjLast5": 26.8,
        "savesProjLast3": 20.8,
        "oppSavesAgainstProj": 26.3,
        "oppSavesAgainstProjLast5": 29.2,
        "oppSavesAgainstProjLast3": 22.0,
        "totalOver": 48,
        "totalOverLast5": 40,
        "totalOverLast15": 27,
        "lastTotalOver": 42,
        "last5": "1,2,0,0,0,1,0,0,0,0",
        "overOdds": "+105",
        "underOdds": "-135",
        "overUnder": "+105 / -135"
    },
    {
        "player": "David Krejci",
        "team": "BOS",
        "opponent": "CBJ",
        "propType": "ast",
        "line": 0.5,
        "ppLine": "PP2",
        "avg": 0.57,
        "hit": false,
        "diffAvg": 0.14,
        "diffAbs": 1.0,
        "lastAvg": 0,
        "diff": 0,
        "avgMin": 17,
        "proj": 0.0,
        "lastAvgMin": 0,
        "oppOver": 0,
        "teamOver": 0,
        "gameLine": "-450",
        "+/-": "+25",
        "L5_+/-": "+4.0",
        "prevMatchup": "2022-12-17 1.0 ast",
        "winLossSplits": "0.65 - 0.39",
        "awayHome": "H",
        "playedYesterday": "N",
        "awayHomeSplits": "0.66 - 0.5",
        "savesAboveExp": "-",
        "gsaa": "-",
        "corsi": "51.2% (57.9) // 50.6% (57.8) // 49.2% (57.6) // 51.9% (60.6)",
        "fenwick": "51.5% (43.7) // 49.5% (43.7) // 47.4% (42.7) // 51.1% (45.7)",
        "shots": "52.5% (32.5) // 51.5% (32.3) // 50.8% (32.3) // 55.4% (35.0)",
        "scoring": "53.0% (32.2) // 54.0% (33.7) // 55.4% (34.2) // 57.7% (34.1)",
        "corsiAgainst": "48.8% (55.1) // 49.4% (56.5) // 50.8% (59.6) // 48.1% (56.1)",
        "fenwickAgainst": "48.5% (41.1) // 50.5% (44.5) // 52.6% (47.4) // 48.9% (43.8)",
        "shotsAgainst": "47.5% (29.4) // 48.5% (30.4) // 49.2% (31.3) // 44.6% (28.2)",
        "scoringAgainst": "47.0% (28.5) // 46.0% (28.7) // 44.6% (27.5) // 42.3% (25.0)",
        "oppCorsi": "46.0% (55.6) // 47.7% (60.1) // 44.5% (53.2) // 43.8% (50.8)",
        "oppFenwick": "45.9% (41.4) // 47.8% (45.3) // 43.7% (39.4) // 43.0% (37.9)",
        "oppShots": "45.8% (29.5) // 48.6% (33.6) // 45.4% (29.3) // 43.0% (26.6)",
        "oppScoring": "45.3% (27.2) // 46.9% (32.1) // 44.5% (27.1) // 45.0% (27.2)",
        "oppCorsiAgainst": "54.0% (65.2) // 52.3% (66.0) // 55.5% (66.3) // 56.2% (65.1)",
        "oppFenwickAgainst": "54.1% (48.8) // 52.2% (49.4) // 56.3% (50.8) // 57.0% (50.1)",
        "oppShotsAgainst": "54.2% (34.9) // 51.4% (35.5) // 54.6% (35.3) // 57.0% (35.2)",
        "oppScoringAgainst": "54.7% (32.9) // 53.1% (36.5) // 55.5% (33.8) // 55.0% (33.2)",
        "savesPerGame": 27.6,
        "savesPerGameLast1": 21.0,
        "savesPerGameLast3": 27.0,
        "savesPerGameLast5": 30.0,
        "savesPer60": 27.8,
        "savesPer60Last1": 20.3,
        "savesPer60Last3": 27.4,
        "savesPer60Last5": 30.3,
        "shotsPerGame": 32.9,
        "shotsPerGameLast5": 32.8,
        "shotsAgainstPerGame": 29.7,
        "shotsAgainstPerGameLast5": 31.8,
        "oppSavesAgainstPer60": 27.1,
        "oppSavesAgainstPer60Last1": 27.9,
        "oppSavesAgainstPer60Last3": 23.9,
        "oppSavesAgainstPer60Last5": 27.7,
        "oppShotsAgainstPerGame": 35.2,
        "oppShotsAgainstPerGameLast5": 36.8,
        "savesProj": 24.1,
        "savesProjLast5": 26.8,
        "savesProjLast3": 20.8,
        "oppSavesAgainstProj": 26.3,
        "oppSavesAgainstProjLast5": 29.2,
        "oppSavesAgainstProjLast3": 22.0,
        "totalOver": 46,
        "totalOverLast5": 0,
        "totalOverLast15": 27,
        "lastTotalOver": 0,
        "last5": "0,0,0,0,0,0,0,1,0,0",
        "overOdds": "+125",
        "underOdds": "-155",
        "overUnder": "+125 / -155"
    },
    {
        "player": "Hampus Lindholm",
        "team": "BOS",
        "opponent": "CBJ",
        "propType": "ast",
        "line": 0.5,
        "ppLine": "PP1",
        "avg": 0.54,
        "hit": false,
        "diffAvg": 0.08,
        "diffAbs": 0.4,
        "lastAvg": 0.29,
        "diff": -0.42,
        "avgMin": 23,
        "proj": 0.3,
        "lastAvgMin": 22.5,
        "oppOver": 0,
        "teamOver": 0,
        "gameLine": "-450",
        "+/-": "+45",
        "L5_+/-": "+5.0",
        "prevMatchup": "2022-12-17 1.0 ast 2022-10-28 0.0 ast",
        "winLossSplits": "0.61 - 0.3",
        "awayHome": "H",
        "playedYesterday": "N",
        "awayHomeSplits": "0.51 - 0.57",
        "savesAboveExp": "-",
        "gsaa": "-",
        "corsi": "51.2% (57.9) // 50.6% (57.8) // 49.2% (57.6) // 51.9% (60.6)",
        "fenwick": "51.5% (43.7) // 49.5% (43.7) // 47.4% (42.7) // 51.1% (45.7)",
        "shots": "52.5% (32.5) // 51.5% (32.3) // 50.8% (32.3) // 55.4% (35.0)",
        "scoring": "53.0% (32.2) // 54.0% (33.7) // 55.4% (34.2) // 57.7% (34.1)",
        "corsiAgainst": "48.8% (55.1) // 49.4% (56.5) // 50.8% (59.6) // 48.1% (56.1)",
        "fenwickAgainst": "48.5% (41.1) // 50.5% (44.5) // 52.6% (47.4) // 48.9% (43.8)",
        "shotsAgainst": "47.5% (29.4) // 48.5% (30.4) // 49.2% (31.3) // 44.6% (28.2)",
        "scoringAgainst": "47.0% (28.5) // 46.0% (28.7) // 44.6% (27.5) // 42.3% (25.0)",
        "oppCorsi": "46.0% (55.6) // 47.7% (60.1) // 44.5% (53.2) // 43.8% (50.8)",
        "oppFenwick": "45.9% (41.4) // 47.8% (45.3) // 43.7% (39.4) // 43.0% (37.9)",
        "oppShots": "45.8% (29.5) // 48.6% (33.6) // 45.4% (29.3) // 43.0% (26.6)",
        "oppScoring": "45.3% (27.2) // 46.9% (32.1) // 44.5% (27.1) // 45.0% (27.2)",
        "oppCorsiAgainst": "54.0% (65.2) // 52.3% (66.0) // 55.5% (66.3) // 56.2% (65.1)",
        "oppFenwickAgainst": "54.1% (48.8) // 52.2% (49.4) // 56.3% (50.8) // 57.0% (50.1)",
        "oppShotsAgainst": "54.2% (34.9) // 51.4% (35.5) // 54.6% (35.3) // 57.0% (35.2)",
        "oppScoringAgainst": "54.7% (32.9) // 53.1% (36.5) // 55.5% (33.8) // 55.0% (33.2)",
        "savesPerGame": 27.6,
        "savesPerGameLast1": 21.0,
        "savesPerGameLast3": 27.0,
        "savesPerGameLast5": 30.0,
        "savesPer60": 27.8,
        "savesPer60Last1": 20.3,
        "savesPer60Last3": 27.4,
        "savesPer60Last5": 30.3,
        "shotsPerGame": 32.9,
        "shotsPerGameLast5": 32.8,
        "shotsAgainstPerGame": 29.7,
        "shotsAgainstPerGameLast5": 31.8,
        "oppSavesAgainstPer60": 27.1,
        "oppSavesAgainstPer60Last1": 27.9,
        "oppSavesAgainstPer60Last3": 23.9,
        "oppSavesAgainstPer60Last5": 27.7,
        "oppShotsAgainstPerGame": 35.2,
        "oppShotsAgainstPerGameLast5": 36.8,
        "savesProj": 24.1,
        "savesProjLast5": 26.8,
        "savesProjLast3": 20.8,
        "oppSavesAgainstProj": 26.3,
        "oppSavesAgainstProjLast5": 29.2,
        "oppSavesAgainstProjLast3": 22.0,
        "totalOver": 40,
        "totalOverLast5": 40,
        "totalOverLast15": 40,
        "lastTotalOver": 26,
        "last5": "0,1,0,2,0,1,0,1,0,0",
        "overOdds": "+105",
        "underOdds": "-135",
        "overUnder": "+105 / -135"
    },
    {
        "player": "Jack Roslovic",
        "team": "CBJ",
        "opponent": "BOS",
        "propType": "ast",
        "line": 0.5,
        "ppLine": "PP1",
        "avg": 0.47,
        "hit": false,
        "diffAvg": -0.06,
        "diffAbs": 0.4,
        "lastAvg": 0.28,
        "diff": -0.44,
        "avgMin": 16,
        "proj": 0.3,
        "lastAvgMin": 14.27,
        "oppOver": 0,
        "teamOver": 0,
        "gameLine": "+360",
        "+/-": -10,
        "L5_+/-": -6.0,
        "prevMatchup": "2022-12-17 0.0 ast 2022-10-28 0.0 ast",
        "winLossSplits": "0.89 - 0.27",
        "awayHome": "A",
        "playedYesterday": "N",
        "awayHomeSplits": "0.43 - 0.52",
        "savesAboveExp": 0.892,
        "gsaa": 44.65,
        "corsi": "46.0% (55.6) // 47.7% (60.1) // 44.5% (53.2) // 43.8% (50.8)",
        "fenwick": "45.9% (41.4) // 47.8% (45.3) // 43.7% (39.4) // 43.0% (37.9)",
        "shots": "45.8% (29.5) // 48.6% (33.6) // 45.4% (29.3) // 43.0% (26.6)",
        "scoring": "45.3% (27.2) // 46.9% (32.1) // 44.5% (27.1) // 45.0% (27.2)",
        "corsiAgainst": "54.0% (65.2) // 52.3% (66.0) // 55.5% (66.3) // 56.2% (65.1)",
        "fenwickAgainst": "54.1% (48.8) // 52.2% (49.4) // 56.3% (50.8) // 57.0% (50.1)",
        "shotsAgainst": "54.2% (34.9) // 51.4% (35.5) // 54.6% (35.3) // 57.0% (35.2)",
        "scoringAgainst": "54.7% (32.9) // 53.1% (36.5) // 55.5% (33.8) // 55.0% (33.2)",
        "oppCorsi": "51.2% (57.9) // 50.6% (57.8) // 49.2% (57.6) // 51.9% (60.6)",
        "oppFenwick": "51.5% (43.7) // 49.5% (43.7) // 47.4% (42.7) // 51.1% (45.7)",
        "oppShots": "52.5% (32.5) // 51.5% (32.3) // 50.8% (32.3) // 55.4% (35.0)",
        "oppScoring": "53.0% (32.2) // 54.0% (33.7) // 55.4% (34.2) // 57.7% (34.1)",
        "oppCorsiAgainst": "48.8% (55.1) // 49.4% (56.5) // 50.8% (59.6) // 48.1% (56.1)",
        "oppFenwickAgainst": "48.5% (41.1) // 50.5% (44.5) // 52.6% (47.4) // 48.9% (43.8)",
        "oppShotsAgainst": "47.5% (29.4) // 48.5% (30.4) // 49.2% (31.3) // 44.6% (28.2)",
        "oppScoringAgainst": "47.0% (28.5) // 46.0% (28.7) // 44.6% (27.5) // 42.3% (25.0)",
        "savesPerGame": 31.3,
        "savesPerGameLast1": 30.0,
        "savesPerGameLast3": 29.3,
        "savesPerGameLast5": 30.6,
        "savesPer60": 31.2,
        "savesPer60Last1": 29.5,
        "savesPer60Last3": 29.3,
        "savesPer60Last5": 30.8,
        "shotsPerGame": 29.7,
        "shotsPerGameLast5": 31.2,
        "shotsAgainstPerGame": 35.2,
        "shotsAgainstPerGameLast5": 36.8,
        "oppSavesAgainstPer60": 29.1,
        "oppSavesAgainstPer60Last1": 35.0,
        "oppSavesAgainstPer60Last3": 34.9,
        "oppSavesAgainstPer60Last5": 30.8,
        "oppShotsAgainstPerGame": 29.7,
        "oppShotsAgainstPerGameLast5": 31.8,
        "savesProj": 32.8,
        "savesProjLast5": 33.7,
        "savesProjLast3": 35.8,
        "oppSavesAgainstProj": 32.2,
        "oppSavesAgainstProjLast5": 34.2,
        "oppSavesAgainstProjLast3": 37.9,
        "totalOver": 39,
        "totalOverLast5": 60,
        "totalOverLast15": 27,
        "lastTotalOver": 27,
        "last5": "1,1,2,0,0,0,0,0,0,1",
        "overOdds": "+190",
        "underOdds": "-235",
        "overUnder": "+190 / -235"
    },
    {
        "player": "Kent Johnson",
        "team": "CBJ",
        "opponent": "BOS",
        "propType": "ast",
        "line": 0.5,
        "ppLine": "PP2",
        "avg": 0.31,
        "hit": false,
        "diffAvg": -0.38,
        "diffAbs": 1.0,
        "lastAvg": 0,
        "diff": 0,
        "avgMin": 14,
        "proj": 0.0,
        "lastAvgMin": 0,
        "oppOver": 0,
        "teamOver": 0,
        "gameLine": "+360",
        "+/-": -13,
        "L5_+/-": -9.0,
        "prevMatchup": "2022-12-17 0.0 ast 2022-10-28 0.0 ast",
        "winLossSplits": "0.74 - 0.17",
        "awayHome": "A",
        "playedYesterday": "N",
        "awayHomeSplits": "0.29 - 0.34",
        "savesAboveExp": 0.892,
        "gsaa": 44.65,
        "corsi": "46.0% (55.6) // 47.7% (60.1) // 44.5% (53.2) // 43.8% (50.8)",
        "fenwick": "45.9% (41.4) // 47.8% (45.3) // 43.7% (39.4) // 43.0% (37.9)",
