[
    {
        "player": "Jake Oettinger",
        "team": "DAL",
        "opponent": "SEA",
        "propType": "sv",
        "line": 27.5,
        "ppLine": "",
        "avg": 26.46,
        "hit": false,
        "diffAvg": -0.04,
        "diffAbs": 0.16,
        "lastAvg": 22.13,
        "diff": -0.2,
        "avgMin": 59,
        "proj": 23.1,
        "lastAvgMin": 56.4,
        "oppOver": 46,
        "teamOver": 45,
        "gameLine": "-140",
        "+/-": 0,
        "L5_+/-": 0,
        "prevMatchup": "2023-03-11 dal @ sea 28.0 sv 2023-03-13 dal @ sea 26.0 sv 2023-03-21 sea @ dal 22.0 sv 2023-05-02 sea @ dal 39.0 sv 2023-05-04 sea @ dal 25.0 sv 2023-05-07 dal @ sea 18.0 sv",
        "winLossSplits": "40% - 36%",
        "awayHome": "A",
        "playedYesterday": "N",
        "awayHomeSplits": "39% - 38%",
        "savesAboveExp": 0.39,
        "gsaa": 26.05,
        "corsi": "52.0% (59.9) // 57.0% (56.0) // 52.0% (59.9) // 52.0% (59.9)",
        "fenwick": "51.3% (43.7) // 56.1% (40.6) // 51.3% (43.7) // 51.3% (43.7)",
        "shots": "51.6% (31.5) // 56.3% (29.0) // 51.6% (31.5) // 51.6% (31.5)",
        "scoring": "53.7% (31.5) // 61.3% (29.6) // 53.7% (31.5) // 53.7% (31.5)",
        "corsiAgainst": "48.0% (55.3) // 43.0% (42.3) // 48.0% (55.3) // 48.0% (55.3)",
        "fenwickAgainst": "48.7% (41.4) // 43.9% (31.7) // 48.7% (41.4) // 48.7% (41.4)",
        "shotsAgainst": "48.4% (29.5) // 43.7% (22.5) // 48.4% (29.5) // 48.4% (29.5)",
        "scoringAgainst": "46.3% (27.2) // 38.7% (18.6) // 46.3% (27.2) // 46.3% (27.2)",
        "oppCorsi": "52.2% (57.4) // 56.1% (59.4) // 52.2% (57.4) // 52.2% (57.4)",
        "oppFenwick": "52.5% (43.0) // 57.1% (44.7) // 52.5% (43.0) // 52.5% (43.0)",
        "oppShots": "53.0% (30.2) // 57.4% (31.5) // 53.0% (30.2) // 53.0% (30.2)",
        "oppScoring": "50.6% (27.4) // 55.4% (26.5) // 50.6% (27.4) // 50.6% (27.4)",
        "oppCorsiAgainst": "47.8% (52.6) // 43.9% (46.4) // 47.8% (52.6) // 47.8% (52.6)",
        "oppFenwickAgainst": "47.5% (39.0) // 42.9% (33.6) // 47.5% (39.0) // 47.5% (39.0)",
        "oppShotsAgainst": "47.0% (26.8) // 42.6% (23.4) // 47.0% (26.8) // 47.0% (26.8)",
        "oppScoringAgainst": "49.4% (26.8) // 44.6% (21.3) // 49.4% (26.8) // 49.4% (26.8)",
        "savesPerGame": 27.3,
        "savesPerGameLast1": 18.0,
        "savesPerGameLast3": 27.3,
        "savesPerGameLast5": 26.4,
        "savesPer60": 30.7,
        "savesPer60Last1": 18.0,
        "savesPer60Last3": 29.2,
        "savesPer60Last5": 27.5,
        "shotsPerGame": 31.9,
        "shotsPerGameLast5": 31.2,
        "shotsAgainstPerGame": 29.9,
        "shotsAgainstPerGameLast5": 29.4,
        "oppSavesAgainstPer60": 30.1,
        "oppSavesAgainstPer60Last1": 18.0,
        "oppSavesAgainstPer60Last3": 27.0,
        "oppSavesAgainstPer60Last5": 25.7,
        "oppShotsAgainstPerGame": 27.0,
        "oppShotsAgainstPerGameLast5": 34.2,
        "savesProj": 30.6,
        "savesProjLast5": 26.3,
        "savesProjLast3": 29.6,
        "oppSavesAgainstProj": 28.1,
        "oppSavesAgainstProjLast5": 22.4,
        "oppSavesAgainstProjLast3": 24.5,
        "totalOver": 38,
        "totalOverLast5": 20,
        "totalOverLast15": 20,
        "lastTotalOver": 49,
        "last5": "12,25,39,23,27,32,20,23,45,25",
        "overOdds": "-125",
        "underOdds": "-105",
        "overUnder": "-125 / -105"
    },
    {
        "player": "Philipp Grubauer",
        "team": "SEA",
        "opponent": "DAL",
        "propType": "sv",
        "line": 26.5,
        "ppLine": "",
        "avg": 23.14,
        "hit": false,
        "diffAvg": -0.13,
        "diffAbs": 0.14,
        "lastAvg": 23.91,
        "diff": -0.1,
        "avgMin": 54,
        "proj": 22.8,
        "lastAvgMin": 56.57,
        "oppOver": 56,
        "teamOver": 36,
        "gameLine": "+120",
        "+/-": 0,
        "L5_+/-": 0,
        "prevMatchup": "2023-03-11 dal @ sea 21.0 sv 2023-03-13 dal @ sea 27.0 sv 2023-03-21 sea @ dal 25.0 sv 2023-05-02 sea @ dal 31.0 sv 2023-05-04 sea @ dal 33.0 sv 2023-05-07 dal @ sea 24.0 sv",
        "winLossSplits": "24% - 46%",
        "awayHome": "H",
        "playedYesterday": "N",
        "awayHomeSplits": "43% - 27%",
        "savesAboveExp": -0.168,
        "gsaa": -8.95,
        "corsi": "52.2% (57.4) // 56.1% (59.4) // 52.2% (57.4) // 52.2% (57.4)",
        "fenwick": "52.5% (43.0) // 57.1% (44.7) // 52.5% (43.0) // 52.5% (43.0)",
        "shots": "53.0% (30.2) // 57.4% (31.5) // 53.0% (30.2) // 53.0% (30.2)",
        "scoring": "50.6% (27.4) // 55.4% (26.5) // 50.6% (27.4) // 50.6% (27.4)",
        "corsiAgainst": "47.8% (52.6) // 43.9% (46.4) // 47.8% (52.6) // 47.8% (52.6)",
        "fenwickAgainst": "47.5% (39.0) // 42.9% (33.6) // 47.5% (39.0) // 47.5% (39.0)",
        "shotsAgainst": "47.0% (26.8) // 42.6% (23.4) // 47.0% (26.8) // 47.0% (26.8)",
        "scoringAgainst": "49.4% (26.8) // 44.6% (21.3) // 49.4% (26.8) // 49.4% (26.8)",
        "oppCorsi": "52.0% (59.9) // 57.0% (56.0) // 52.0% (59.9) // 52.0% (59.9)",
        "oppFenwick": "51.3% (43.7) // 56.1% (40.6) // 51.3% (43.7) // 51.3% (43.7)",
        "oppShots": "51.6% (31.5) // 56.3% (29.0) // 51.6% (31.5) // 51.6% (31.5)",
        "oppScoring": "53.7% (31.5) // 61.3% (29.6) // 53.7% (31.5) // 53.7% (31.5)",
        "oppCorsiAgainst": "48.0% (55.3) // 43.0% (42.3) // 48.0% (55.3) // 48.0% (55.3)",
        "oppFenwickAgainst": "48.7% (41.4) // 43.9% (31.7) // 48.7% (41.4) // 48.7% (41.4)",
        "oppShotsAgainst": "48.4% (29.5) // 43.7% (22.5) // 48.4% (29.5) // 48.4% (29.5)",
        "oppScoringAgainst": "46.3% (27.2) // 38.7% (18.6) // 46.3% (27.2) // 46.3% (27.2)",
        "savesPerGame": 23.9,
        "savesPerGameLast1": 24.0,
        "savesPerGameLast3": 29.3,
        "savesPerGameLast5": 31.2,
        "savesPer60": 27.0,
        "savesPer60Last1": 24.0,
        "savesPer60Last3": 30.8,
        "savesPer60Last5": 32.0,
        "shotsPerGame": 30.5,
        "shotsPerGameLast5": 29.2,
        "shotsAgainstPerGame": 27.0,
        "shotsAgainstPerGameLast5": 34.2,
        "oppSavesAgainstPer60": 31.6,
        "oppSavesAgainstPer60Last1": 26.0,
        "oppSavesAgainstPer60Last3": 30.1,
        "oppSavesAgainstPer60Last5": 27.6,
        "oppShotsAgainstPerGame": 29.9,
        "oppShotsAgainstPerGameLast5": 29.4,
        "savesProj": 24.8,
        "savesProjLast5": 28.8,
        "savesProjLast3": 29.4,
        "oppSavesAgainstProj": 26.2,
        "oppSavesAgainstProjLast5": 26.7,
        "oppSavesAgainstProjLast3": 27.9,
        "totalOver": 35,
        "totalOverLast5": 80,
        "totalOverLast15": 53,
        "lastTotalOver": 25,
        "last5": "24,33,31,33,35,26,20,28,38,34",
        "overOdds": "-125",
        "underOdds": "-105",
        "overUnder": "-125 / -105"
    }
]