[
    {
        "player": "Brandon Montour",
        "team": "FLA",
        "opponent": "TOR",
        "propType": "bs",
        "line": 1.5,
        "ppLine": "PP1",
        "avg": 1.16,
        "hit": false,
        "diffAvg": -0.23,
        "diffAbs": 1.0,
        "lastAvg": 0.0,
        "diff": 0,
        "avgMin": 24,
        "proj": 0.0,
        "lastAvgMin": 17.88,
        "oppOver": 0,
        "teamOver": 0,
        "gameLine": "+145",
        "+/-": "+12",
        "L5_+/-": "+2.0",
        "prevMatchup": "2023-05-10 2.0 bs 2023-05-07 1.0 bs 2023-05-04 3.0 bs 2023-05-02 1.0 bs 2023-04-10 1.0 bs 2023-03-29 1.0 bs 2023-03-23 2.0 bs 2023-01-17 0.0 bs",
        "winLossSplits": "35% - 23%",
        "awayHome": "A",
        "playedYesterday": "N",
        "awayHomeSplits": "26% - 33%",
        "savesAboveExp": "-",
        "gsaa": "-",
        "corsi": "54.2% (66.3) // 52.5% (66.0) // 54.2% (66.3) // 54.2% (66.3)",
        "fenwick": "53.6% (49.9) // 52.0% (49.3) // 53.6% (49.9) // 53.6% (49.9)",
        "shots": "53.7% (36.5) // 51.9% (35.5) // 53.7% (36.5) // 53.7% (36.5)",
        "scoring": "54.6% (34.8) // 53.4% (34.0) // 54.6% (34.8) // 54.6% (34.8)",
        "corsiAgainst": "45.8% (56.1) // 47.5% (59.7) // 45.8% (56.1) // 45.8% (56.1)",
        "fenwickAgainst": "46.4% (43.2) // 48.0% (45.5) // 46.4% (43.2) // 46.4% (43.2)",
        "shotsAgainst": "46.3% (31.5) // 48.1% (33.0) // 46.3% (31.5) // 46.3% (31.5)",
        "scoringAgainst": "45.4% (28.9) // 46.6% (29.7) // 45.4% (28.9) // 45.4% (28.9)",
        "oppCorsi": "50.8% (57.6) // 50.8% (59.1) // 50.8% (57.6) // 50.8% (57.6)",
        "oppFenwick": "51.7% (44.0) // 52.2% (46.4) // 51.7% (44.0) // 51.7% (44.0)",
        "oppShots": "52.1% (31.8) // 52.3% (33.2) // 52.1% (31.8) // 52.1% (31.8)",
        "oppScoring": "53.9% (33.4) // 55.3% (34.1) // 53.9% (33.4) // 53.9% (33.4)",
        "oppCorsiAgainst": "49.2% (55.8) // 49.2% (57.4) // 49.2% (55.8) // 49.2% (55.8)",
        "oppFenwickAgainst": "48.3% (41.1) // 47.8% (42.5) // 48.3% (41.1) // 48.3% (41.1)",
        "oppShotsAgainst": "47.9% (29.2) // 47.7% (30.3) // 47.9% (29.2) // 47.9% (29.2)",
        "oppScoringAgainst": "46.1% (28.5) // 44.7% (27.6) // 46.1% (28.5) // 46.1% (28.5)",
        "savesPerGame": 28.4,
        "savesPerGameLast1": 23.0,
        "savesPerGameLast3": 26.3,
        "savesPerGameLast5": 29.2,
        "savesPer60": 32.1,
        "savesPer60Last1": 22.5,
        "savesPer60Last3": 26.6,
        "savesPer60Last5": 30.1,
        "shotsPerGame": 36.8,
        "shotsPerGameLast5": 28.4,
        "shotsAgainstPerGame": 31.7,
        "shotsAgainstPerGameLast5": 31.4,
        "oppSavesAgainstPer60": 32.1,
        "oppSavesAgainstPer60Last1": 23.0,
        "oppSavesAgainstPer60Last3": 26.7,
        "oppSavesAgainstPer60Last5": 27.0,
        "oppShotsAgainstPerGame": 29.5,
        "oppShotsAgainstPerGameLast5": 28.6,
        "savesProj": 30.2,
        "savesProjLast5": 26.6,
        "savesProjLast3": 23.4,
        "oppSavesAgainstProj": 31.0,
        "oppSavesAgainstProjLast5": 24.8,
        "oppSavesAgainstProjLast3": 22.2,
        "totalOver": 30,
        "totalOverLast5": 40,
        "totalOverLast15": 27,
        "lastTotalOver": 0,
        "last5": "2,1,3,1,1,1,0,4,1,0",
        "overOdds": "-115",
        "underOdds": "-115",
        "overUnder": "-115 / -115"
    },
    {
        "player": "Morgan Rielly",
        "team": "TOR",
        "opponent": "FLA",
        "propType": "bs",
        "line": 1.5,
        "ppLine": "PP1",
        "avg": 1.41,
        "hit": false,
        "diffAvg": -0.06,
        "diffAbs": 1.0,
        "lastAvg": 0.0,
        "diff": 0,
        "avgMin": 21,
        "proj": 0.0,
        "lastAvgMin": 23.73,
        "oppOver": 0,
        "teamOver": 0,
        "gameLine": "-170",
        "+/-": "+1",
        "L5_+/-": "+10.0",
        "prevMatchup": "2023-05-10 2.0 bs 2023-05-07 1.0 bs 2023-05-04 0.0 bs 2023-05-02 1.0 bs 2023-04-10 4.0 bs 2023-03-29 4.0 bs 2023-01-17 1.0 bs",
        "winLossSplits": "39% - 35%",
        "awayHome": "H",
        "playedYesterday": "N",
        "awayHomeSplits": "50% - 26%",
        "savesAboveExp": -0.102,
        "gsaa": -4.63,
        "corsi": "50.8% (57.6) // 50.8% (59.1) // 50.8% (57.6) // 50.8% (57.6)",
        "fenwick": "51.7% (44.0) // 52.2% (46.4) // 51.7% (44.0) // 51.7% (44.0)",
        "shots": "52.1% (31.8) // 52.3% (33.2) // 52.1% (31.8) // 52.1% (31.8)",
        "scoring": "53.9% (33.4) // 55.3% (34.1) // 53.9% (33.4) // 53.9% (33.4)",
        "corsiAgainst": "49.2% (55.8) // 49.2% (57.4) // 49.2% (55.8) // 49.2% (55.8)",
        "fenwickAgainst": "48.3% (41.1) // 47.8% (42.5) // 48.3% (41.1) // 48.3% (41.1)",
        "shotsAgainst": "47.9% (29.2) // 47.7% (30.3) // 47.9% (29.2) // 47.9% (29.2)",
        "scoringAgainst": "46.1% (28.5) // 44.7% (27.6) // 46.1% (28.5) // 46.1% (28.5)",
        "oppCorsi": "54.2% (66.3) // 52.5% (66.0) // 54.2% (66.3) // 54.2% (66.3)",
        "oppFenwick": "53.6% (49.9) // 52.0% (49.3) // 53.6% (49.9) // 53.6% (49.9)",
        "oppShots": "53.7% (36.5) // 51.9% (35.5) // 53.7% (36.5) // 53.7% (36.5)",
        "oppScoring": "54.6% (34.8) // 53.4% (34.0) // 54.6% (34.8) // 54.6% (34.8)",
        "oppCorsiAgainst": "45.8% (56.1) // 47.5% (59.7) // 45.8% (56.1) // 45.8% (56.1)",
        "oppFenwickAgainst": "46.4% (43.2) // 48.0% (45.5) // 46.4% (43.2) // 46.4% (43.2)",
        "oppShotsAgainst": "46.3% (31.5) // 48.1% (33.0) // 46.3% (31.5) // 46.3% (31.5)",
        "oppScoringAgainst": "45.4% (28.9) // 46.6% (29.7) // 45.4% (28.9) // 45.4% (28.9)",
        "savesPerGame": 26.8,
        "savesPerGameLast1": 24.0,
        "savesPerGameLast3": 25.3,
        "savesPerGameLast5": 26.2,
        "savesPer60": 30.3,
        "savesPer60Last1": 24.0,
        "savesPer60Last3": 25.4,
        "savesPer60Last5": 26.4,
        "shotsPerGame": 32.0,
        "shotsPerGameLast5": 28.6,
        "shotsAgainstPerGame": 29.5,
        "shotsAgainstPerGameLast5": 28.6,
        "oppSavesAgainstPer60": 37.8,
        "oppSavesAgainstPer60Last1": 24.7,
        "oppSavesAgainstPer60Last3": 25.2,
        "oppSavesAgainstPer60Last5": 26.0,
        "oppShotsAgainstPerGame": 31.7,
        "oppShotsAgainstPerGameLast5": 31.4,
        "savesProj": 30.8,
        "savesProjLast5": 20.9,
        "savesProjLast3": 20.0,
        "oppSavesAgainstProj": 34.0,
        "oppSavesAgainstProjLast5": 19.0,
        "oppSavesAgainstProjLast3": 16.9,
        "totalOver": 37,
        "totalOverLast5": 40,
        "totalOverLast15": 47,
        "lastTotalOver": 0,
        "last5": "2,1,0,1,2,6,5,2,2,0",
        "overOdds": "-155",
        "underOdds": "+125",
        "overUnder": "-155 / +125"
    },
    {
        "player": "Tj Brodie",
        "team": "TOR",
        "opponent": "FLA",
        "propType": "bs",
        "line": 2.5,
        "ppLine": "",
        "avg": 1.99,
        "hit": false,
        "diffAvg": -0.2,
        "diffAbs": 1.0,
        "lastAvg": 0.0,
        "diff": 0,
        "avgMin": 21,
        "proj": 0.0,
        "lastAvgMin": 21.3,
        "oppOver": 0,
        "teamOver": 0,
        "gameLine": "-170",
        "+/-": "+6",
        "L5_+/-": -4.0,
        "prevMatchup": "2023-05-10 1.0 bs 2023-05-07 0.0 bs 2023-05-04 0.0 bs 2023-05-02 3.0 bs 2023-04-10 7.0 bs 2023-03-29 1.0 bs 2023-03-23 1.0 bs",
        "winLossSplits": "44% - 21%",
        "awayHome": "H",
        "playedYesterday": "N",
        "awayHomeSplits": "26% - 41%",
        "savesAboveExp": -0.102,
        "gsaa": -4.63,
        "corsi": "50.8% (57.6) // 50.8% (59.1) // 50.8% (57.6) // 50.8% (57.6)",
        "fenwick": "51.7% (44.0) // 52.2% (46.4) // 51.7% (44.0) // 51.7% (44.0)",
        "shots": "52.1% (31.8) // 52.3% (33.2) // 52.1% (31.8) // 52.1% (31.8)",
        "scoring": "53.9% (33.4) // 55.3% (34.1) // 53.9% (33.4) // 53.9% (33.4)",
        "corsiAgainst": "49.2% (55.8) // 49.2% (57.4) // 49.2% (55.8) // 49.2% (55.8)",
        "fenwickAgainst": "48.3% (41.1) // 47.8% (42.5) // 48.3% (41.1) // 48.3% (41.1)",
        "shotsAgainst": "47.9% (29.2) // 47.7% (30.3) // 47.9% (29.2) // 47.9% (29.2)",
        "scoringAgainst": "46.1% (28.5) // 44.7% (27.6) // 46.1% (28.5) // 46.1% (28.5)",
        "oppCorsi": "54.2% (66.3) // 52.5% (66.0) // 54.2% (66.3) // 54.2% (66.3)",
        "oppFenwick": "53.6% (49.9) // 52.0% (49.3) // 53.6% (49.9) // 53.6% (49.9)",
        "oppShots": "53.7% (36.5) // 51.9% (35.5) // 53.7% (36.5) // 53.7% (36.5)",
        "oppScoring": "54.6% (34.8) // 53.4% (34.0) // 54.6% (34.8) // 54.6% (34.8)",
        "oppCorsiAgainst": "45.8% (56.1) // 47.5% (59.7) // 45.8% (56.1) // 45.8% (56.1)",
        "oppFenwickAgainst": "46.4% (43.2) // 48.0% (45.5) // 46.4% (43.2) // 46.4% (43.2)",
        "oppShotsAgainst": "46.3% (31.5) // 48.1% (33.0) // 46.3% (31.5) // 46.3% (31.5)",
        "oppScoringAgainst": "45.4% (28.9) // 46.6% (29.7) // 45.4% (28.9) // 45.4% (28.9)",
        "savesPerGame": 26.8,
        "savesPerGameLast1": 24.0,
        "savesPerGameLast3": 25.3,
        "savesPerGameLast5": 26.2,
        "savesPer60": 30.3,
        "savesPer60Last1": 24.0,
        "savesPer60Last3": 25.4,
        "savesPer60Last5": 26.4,
        "shotsPerGame": 32.0,
        "shotsPerGameLast5": 28.6,
        "shotsAgainstPerGame": 29.5,
        "shotsAgainstPerGameLast5": 28.6,
        "oppSavesAgainstPer60": 37.8,
        "oppSavesAgainstPer60Last1": 24.7,
        "oppSavesAgainstPer60Last3": 25.2,
        "oppSavesAgainstPer60Last5": 26.0,
        "oppShotsAgainstPerGame": 31.7,
        "oppShotsAgainstPerGameLast5": 31.4,
        "savesProj": 30.8,
        "savesProjLast5": 20.9,
        "savesProjLast3": 20.0,
        "oppSavesAgainstProj": 34.0,
        "oppSavesAgainstProjLast5": 19.0,
        "oppSavesAgainstProjLast3": 16.9,
        "totalOver": 34,
        "totalOverLast5": 40,
        "totalOverLast15": 53,
        "lastTotalOver": 0,
        "last5": "1,0,0,3,3,1,4,6,3,3",
        "overOdds": "+125",
        "underOdds": "-155",
        "overUnder": "+125 / -155"
    },
    {
        "player": "Jake Mccabe",
        "team": "TOR",
        "opponent": "FLA",
        "propType": "bs",
        "line": 1.5,
        "ppLine": "",
        "avg": 1.58,
        "hit": false,
        "diffAvg": 0.05,
        "diffAbs": 1.0,
        "lastAvg": 0,
        "diff": 0,
        "avgMin": 20,
        "proj": 0.0,
        "lastAvgMin": 0,
        "oppOver": 0,
        "teamOver": 0,
        "gameLine": "-170",
        "+/-": "+5",
        "L5_+/-": -7.0,
        "prevMatchup": "2023-05-10 1.0 bs 2023-05-07 0.0 bs 2023-05-04 2.0 bs 2023-05-02 0.0 bs 2023-04-10 4.0 bs 2023-03-29 1.0 bs 2023-03-23 2.0 bs",
        "winLossSplits": "50% - 23%",
        "awayHome": "H",
        "playedYesterday": "N",
        "awayHomeSplits": "47% - 25%",
        "savesAboveExp": -0.102,
        "gsaa": -4.63,
        "corsi": "50.8% (57.6) // 50.8% (59.1) // 50.8% (57.6) // 50.8% (57.6)",
        "fenwick": "51.7% (44.0) // 52.2% (46.4) // 51.7% (44.0) // 51.7% (44.0)",
        "shots": "52.1% (31.8) // 52.3% (33.2) // 52.1% (31.8) // 52.1% (31.8)",
        "scoring": "53.9% (33.4) // 55.3% (34.1) // 53.9% (33.4) // 53.9% (33.4)",
        "corsiAgainst": "49.2% (55.8) // 49.2% (57.4) // 49.2% (55.8) // 49.2% (55.8)",
        "fenwickAgainst": "48.3% (41.1) // 47.8% (42.5) // 48.3% (41.1) // 48.3% (41.1)",
        "shotsAgainst": "47.9% (29.2) // 47.7% (30.3) // 47.9% (29.2) // 47.9% (29.2)",
        "scoringAgainst": "46.1% (28.5) // 44.7% (27.6) // 46.1% (28.5) // 46.1% (28.5)",
        "oppCorsi": "54.2% (66.3) // 52.5% (66.0) // 54.2% (66.3) // 54.2% (66.3)",
        "oppFenwick": "53.6% (49.9) // 52.0% (49.3) // 53.6% (49.9) // 53.6% (49.9)",
        "oppShots": "53.7% (36.5) // 51.9% (35.5) // 53.7% (36.5) // 53.7% (36.5)",
        "oppScoring": "54.6% (34.8) // 53.4% (34.0) // 54.6% (34.8) // 54.6% (34.8)",
        "oppCorsiAgainst": "45.8% (56.1) // 47.5% (59.7) // 45.8% (56.1) // 45.8% (56.1)",
        "oppFenwickAgainst": "46.4% (43.2) // 48.0% (45.5) // 46.4% (43.2) // 46.4% (43.2)",
        "oppShotsAgainst": "46.3% (31.5) // 48.1% (33.0) // 46.3% (31.5) // 46.3% (31.5)",
        "oppScoringAgainst": "45.4% (28.9) // 46.6% (29.7) // 45.4% (28.9) // 45.4% (28.9)",
        "savesPerGame": 26.8,
        "savesPerGameLast1": 24.0,
        "savesPerGameLast3": 25.3,
        "savesPerGameLast5": 26.2,
        "savesPer60": 30.3,
        "savesPer60Last1": 24.0,
        "savesPer60Last3": 25.4,
        "savesPer60Last5": 26.4,
        "shotsPerGame": 32.0,
        "shotsPerGameLast5": 28.6,
        "shotsAgainstPerGame": 29.5,
        "shotsAgainstPerGameLast5": 28.6,
        "oppSavesAgainstPer60": 37.8,
        "oppSavesAgainstPer60Last1": 24.7,
        "oppSavesAgainstPer60Last3": 25.2,
        "oppSavesAgainstPer60Last5": 26.0,
        "oppShotsAgainstPerGame": 31.7,
        "oppShotsAgainstPerGameLast5": 31.4,
        "savesProj": 30.8,
        "savesProjLast5": 20.9,
        "savesProjLast3": 20.0,
        "oppSavesAgainstProj": 34.0,
        "oppSavesAgainstProjLast5": 19.0,
        "oppSavesAgainstProjLast3": 16.9,
        "totalOver": 39,
        "totalOverLast5": 40,
        "totalOverLast15": 40,
        "lastTotalOver": 0,
        "last5": "1,0,2,0,4,1,2,1,1,1",
        "overOdds": "-135",
        "underOdds": "+105",
        "overUnder": "-135 / +105"
    },
    {
        "player": "Justin Holl",
        "team": "TOR",
        "opponent": "FLA",
        "propType": "bs",
        "line": 1.5,
        "ppLine": "",
        "avg": 1.76,
        "hit": false,
        "diffAvg": 0.17,
        "diffAbs": 1.0,
        "lastAvg": 0.0,
        "diff": 0,
        "avgMin": 20,
        "proj": 0.0,
        "lastAvgMin": 20.2,
        "oppOver": 0,
        "teamOver": 0,
        "gameLine": "-170",
        "+/-": "+10",
        "L5_+/-": -7.0,
        "prevMatchup": "2023-05-10 1.0 bs 2023-05-07 4.0 bs 2023-04-10 1.0 bs 2023-03-29 1.0 bs 2023-03-23 2.0 bs 2023-01-17 2.0 bs",
        "winLossSplits": "58% - 46%",
        "awayHome": "H",
        "playedYesterday": "N",
        "awayHomeSplits": "53% - 52%",
        "savesAboveExp": -0.102,
        "gsaa": -4.63,
        "corsi": "50.8% (57.6) // 50.8% (59.1) // 50.8% (57.6) // 50.8% (57.6)",
        "fenwick": "51.7% (44.0) // 52.2% (46.4) // 51.7% (44.0) // 51.7% (44.0)",
        "shots": "52.1% (31.8) // 52.3% (33.2) // 52.1% (31.8) // 52.1% (31.8)",
        "scoring": "53.9% (33.4) // 55.3% (34.1) // 53.9% (33.4) // 53.9% (33.4)",
        "corsiAgainst": "49.2% (55.8) // 49.2% (57.4) // 49.2% (55.8) // 49.2% (55.8)",
        "fenwickAgainst": "48.3% (41.1) // 47.8% (42.5) // 48.3% (41.1) // 48.3% (41.1)",
        "shotsAgainst": "47.9% (29.2) // 47.7% (30.3) // 47.9% (29.2) // 47.9% (29.2)",
        "scoringAgainst": "46.1% (28.5) // 44.7% (27.6) // 46.1% (28.5) // 46.1% (28.5)",
        "oppCorsi": "54.2% (66.3) // 52.5% (66.0) // 54.2% (66.3) // 54.2% (66.3)",
        "oppFenwick": "53.6% (49.9) // 52.0% (49.3) // 53.6% (49.9) // 53.6% (49.9)",
        "oppShots": "53.7% (36.5) // 51.9% (35.5) // 53.7% (36.5) // 53.7% (36.5)",
        "oppScoring": "54.6% (34.8) // 53.4% (34.0) // 54.6% (34.8) // 54.6% (34.8)",
        "oppCorsiAgainst": "45.8% (56.1) // 47.5% (59.7) // 45.8% (56.1) // 45.8% (56.1)",
        "oppFenwickAgainst": "46.4% (43.2) // 48.0% (45.5) // 46.4% (43.2) // 46.4% (43.2)",
        "oppShotsAgainst": "46.3% (31.5) // 48.1% (33.0) // 46.3% (31.5) // 46.3% (31.5)",
        "oppScoringAgainst": "45.4% (28.9) // 46.6% (29.7) // 45.4% (28.9) // 45.4% (28.9)",
        "savesPerGame": 26.8,
        "savesPerGameLast1": 24.0,
        "savesPerGameLast3": 25.3,
        "savesPerGameLast5": 26.2,
        "savesPer60": 30.3,
        "savesPer60Last1": 24.0,
        "savesPer60Last3": 25.4,
        "savesPer60Last5": 26.4,
        "shotsPerGame": 32.0,
        "shotsPerGameLast5": 28.6,
        "shotsAgainstPerGame": 29.5,
        "shotsAgainstPerGameLast5": 28.6,
        "oppSavesAgainstPer60": 37.8,
        "oppSavesAgainstPer60Last1": 24.7,
        "oppSavesAgainstPer60Last3": 25.2,
        "oppSavesAgainstPer60Last5": 26.0,
        "oppShotsAgainstPerGame": 31.7,
        "oppShotsAgainstPerGameLast5": 31.4,
        "savesProj": 30.8,
        "savesProjLast5": 20.9,
        "savesProjLast3": 20.0,
        "oppSavesAgainstProj": 34.0,
        "oppSavesAgainstProjLast5": 19.0,
        "oppSavesAgainstProjLast3": 16.9,
        "totalOver": 53,
        "totalOverLast5": 40,
        "totalOverLast15": 47,
        "lastTotalOver": 0,
        "last5": "1,4,0,1,2,3,3,2,1,1",
        "overOdds": "-160",
        "underOdds": "+130",
        "overUnder": "-160 / +130"
    },
    {
        "player": "Radko Gudas",
        "team": "FLA",
        "opponent": "TOR",
        "propType": "bs",
        "line": 1.5,
        "ppLine": "",
        "avg": 1.73,
        "hit": false,
        "diffAvg": 0.15,
        "diffAbs": 1.0,
        "lastAvg": 0.0,
        "diff": 0,
        "avgMin": 17,
        "proj": 0.0,
        "lastAvgMin": 18.0,
        "oppOver": 0,
        "teamOver": 0,
        "gameLine": "+145",
        "+/-": "+11",
        "L5_+/-": -1.0,
        "prevMatchup": "2023-05-10 1.0 bs 2023-05-07 0.0 bs 2023-05-04 1.0 bs 2023-05-02 2.0 bs 2023-04-10 1.0 bs 2023-03-29 3.0 bs 2023-03-23 0.0 bs 2023-01-17 4.0 bs",
        "winLossSplits": "43% - 57%",
        "awayHome": "A",
        "playedYesterday": "N",
        "awayHomeSplits": "45% - 54%",
        "savesAboveExp": "-",
        "gsaa": "-",
        "corsi": "54.2% (66.3) // 52.5% (66.0) // 54.2% (66.3) // 54.2% (66.3)",
        "fenwick": "53.6% (49.9) // 52.0% (49.3) // 53.6% (49.9) // 53.6% (49.9)",
        "shots": "53.7% (36.5) // 51.9% (35.5) // 53.7% (36.5) // 53.7% (36.5)",
        "scoring": "54.6% (34.8) // 53.4% (34.0) // 54.6% (34.8) // 54.6% (34.8)",
        "corsiAgainst": "45.8% (56.1) // 47.5% (59.7) // 45.8% (56.1) // 45.8% (56.1)",
        "fenwickAgainst": "46.4% (43.2) // 48.0% (45.5) // 46.4% (43.2) // 46.4% (43.2)",
        "shotsAgainst": "46.3% (31.5) // 48.1% (33.0) // 46.3% (31.5) // 46.3% (31.5)",
        "scoringAgainst": "45.4% (28.9) // 46.6% (29.7) // 45.4% (28.9) // 45.4% (28.9)",
        "oppCorsi": "50.8% (57.6) // 50.8% (59.1) // 50.8% (57.6) // 50.8% (57.6)",
        "oppFenwick": "51.7% (44.0) // 52.2% (46.4) // 51.7% (44.0) // 51.7% (44.0)",
        "oppShots": "52.1% (31.8) // 52.3% (33.2) // 52.1% (31.8) // 52.1% (31.8)",
        "oppScoring": "53.9% (33.4) // 55.3% (34.1) // 53.9% (33.4) // 53.9% (33.4)",
        "oppCorsiAgainst": "49.2% (55.8) // 49.2% (57.4) // 49.2% (55.8) // 49.2% (55.8)",
        "oppFenwickAgainst": "48.3% (41.1) // 47.8% (42.5) // 48.3% (41.1) // 48.3% (41.1)",
        "oppShotsAgainst": "47.9% (29.2) // 47.7% (30.3) // 47.9% (29.2) // 47.9% (29.2)",
        "oppScoringAgainst": "46.1% (28.5) // 44.7% (27.6) // 46.1% (28.5) // 46.1% (28.5)",
        "savesPerGame": 28.4,
        "savesPerGameLast1": 23.0,
        "savesPerGameLast3": 26.3,
        "savesPerGameLast5": 29.2,
        "savesPer60": 32.1,
        "savesPer60Last1": 22.5,
        "savesPer60Last3": 26.6,
        "savesPer60Last5": 30.1,
        "shotsPerGame": 36.8,
        "shotsPerGameLast5": 28.4,
        "shotsAgainstPerGame": 31.7,
        "shotsAgainstPerGameLast5": 31.4,
        "oppSavesAgainstPer60": 32.1,
        "oppSavesAgainstPer60Last1": 23.0,
        "oppSavesAgainstPer60Last3": 26.7,
        "oppSavesAgainstPer60Last5": 27.0,
        "oppShotsAgainstPerGame": 29.5,
        "oppShotsAgainstPerGameLast5": 28.6,
        "savesProj": 30.2,
        "savesProjLast5": 26.6,
        "savesProjLast3": 23.4,
        "oppSavesAgainstProj": 31.0,
        "oppSavesAgainstProjLast5": 24.8,
        "oppSavesAgainstProjLast3": 22.2,
        "totalOver": 49,
        "totalOverLast5": 20,
        "totalOverLast15": 40,
        "lastTotalOver": 0,
        "last5": "1,0,1,2,0,1,2,2,2,3",
        "overOdds": "-115",
        "underOdds": "-115",
        "overUnder": "-115 / -115"
    },
    {
        "player": "Shea Theodore",
        "team": "VGK",
        "opponent": "EDM",
        "propType": "bs",
        "line": 1.5,
        "ppLine": "PP1",
        "avg": 1.56,
        "hit": false,
        "diffAvg": 0.04,
        "diffAbs": 1.0,
        "lastAvg": 0.0,
        "diff": 0,
        "avgMin": 21,
        "proj": 0.0,
        "lastAvgMin": 23.13,
        "oppOver": 0,
        "teamOver": 0,
        "gameLine": "+110",
        "+/-": "+19",
        "L5_+/-": "+2.0",
        "prevMatchup": "2023-05-10 2.0 bs 2023-05-08 3.0 bs 2023-05-06 0.0 bs 2023-05-03 0.0 bs 2023-03-28 2.0 bs 2023-03-25 2.0 bs 2022-11-19 2.0 bs",
        "winLossSplits": "56% - 35%",
        "awayHome": "H",
        "playedYesterday": "N",
        "awayHomeSplits": "56% - 41%",
        "savesAboveExp": 0.118,
        "gsaa": 14.07,
        "corsi": "48.6% (57.5) // 48.0% (56.0) // 48.6% (57.5) // 48.6% (57.5)",
        "fenwick": "49.7% (42.3) // 48.8% (40.5) // 49.7% (42.3) // 49.7% (42.3)",
        "shots": "50.5% (31.1) // 50.2% (28.8) // 50.5% (31.1) // 50.5% (31.1)",
        "scoring": "49.5% (29.2) // 49.0% (28.7) // 49.5% (29.2) // 49.5% (29.2)",
        "corsiAgainst": "51.4% (60.7) // 52.0% (60.6) // 51.4% (60.7) // 51.4% (60.7)",
        "fenwickAgainst": "50.3% (42.8) // 51.2% (42.5) // 50.3% (42.8) // 50.3% (42.8)",
        "shotsAgainst": "49.5% (30.4) // 49.8% (28.5) // 49.5% (30.4) // 49.5% (30.4)",
        "scoringAgainst": "50.5% (29.8) // 51.0% (29.9) // 50.5% (29.8) // 50.5% (29.8)",
        "oppCorsi": "52.1% (59.2) // 54.3% (61.2) // 52.1% (59.2) // 52.1% (59.2)",
        "oppFenwick": "51.6% (44.8) // 54.4% (46.8) // 51.6% (44.8) // 51.6% (44.8)",
        "oppShots": "51.7% (33.3) // 54.4% (35.4) // 51.7% (33.3) // 51.7% (33.3)",
        "oppScoring": "53.5% (32.9) // 54.3% (35.5) // 53.5% (32.9) // 53.5% (32.9)",
        "oppCorsiAgainst": "47.9% (54.5) // 45.7% (51.4) // 47.9% (54.5) // 47.9% (54.5)",
        "oppFenwickAgainst": "48.4% (42.0) // 45.6% (39.2) // 48.4% (42.0) // 48.4% (42.0)",
        "oppShotsAgainst": "48.3% (31.1) // 45.6% (29.7) // 48.3% (31.1) // 48.3% (31.1)",
        "oppScoringAgainst": "46.5% (28.6) // 45.7% (29.9) // 46.5% (28.6) // 46.5% (28.6)",
        "savesPerGame": 28.1,
        "savesPerGameLast1": 29.0,
        "savesPerGameLast3": 29.7,
        "savesPerGameLast5": 28.4,
        "savesPer60": 31.5,
        "savesPer60Last1": 28.3,
        "savesPer60Last3": 29.3,
        "savesPer60Last5": 28.2,
        "shotsPerGame": 31.5,
        "shotsPerGameLast5": 29.8,
        "shotsAgainstPerGame": 30.9,
        "shotsAgainstPerGameLast5": 31.4,
        "oppSavesAgainstPer60": 33.3,
        "oppSavesAgainstPer60Last1": 28.9,
        "oppSavesAgainstPer60Last3": 29.6,
        "oppSavesAgainstPer60Last5": 26.5,
        "oppShotsAgainstPerGame": 31.4,
        "oppShotsAgainstPerGameLast5": 33.6,
        "savesProj": 29.3,
        "savesProjLast5": 23.2,
        "savesProjLast3": 26.6,
        "oppSavesAgainstProj": 31.7,
        "oppSavesAgainstProjLast5": 22.8,
        "oppSavesAgainstProjLast3": 25.8,
        "totalOver": 49,
        "totalOverLast5": 40,
        "totalOverLast15": 60,
        "lastTotalOver": 0,
        "last5": "2,3,0,0,1,2,3,1,2,2",
        "overOdds": "-185",
        "underOdds": "+150",
        "overUnder": "-185 / +150"
    },
    {
        "player": "Zach Whitecloud",
        "team": "VGK",
        "opponent": "EDM",
        "propType": "bs",
        "line": 1.5,
        "ppLine": "",
        "avg": 1.63,
        "hit": false,
        "diffAvg": 0.09,
        "diffAbs": 1.0,
        "lastAvg": 0.0,
        "diff": 0,
        "avgMin": 17,
        "proj": 0.0,
        "lastAvgMin": 18.78,
        "oppOver": 0,
        "teamOver": 0,
        "gameLine": "+110",
        "+/-": "+14",
        "L5_+/-": "+4.0",
        "prevMatchup": "2023-05-10 0.0 bs 2023-05-08 1.0 bs 2023-05-06 2.0 bs 2023-05-03 3.0 bs 2023-03-28 3.0 bs 2023-03-25 1.0 bs 2022-11-19 1.0 bs",
        "winLossSplits": "50% - 50%",
        "awayHome": "H",
        "playedYesterday": "N",
        "awayHomeSplits": "51% - 48%",
        "savesAboveExp": 0.118,
        "gsaa": 14.07,
        "corsi": "48.6% (57.5) // 48.0% (56.0) // 48.6% (57.5) // 48.6% (57.5)",
        "fenwick": "49.7% (42.3) // 48.8% (40.5) // 49.7% (42.3) // 49.7% (42.3)",
        "shots": "50.5% (31.1) // 50.2% (28.8) // 50.5% (31.1) // 50.5% (31.1)",
        "scoring": "49.5% (29.2) // 49.0% (28.7) // 49.5% (29.2) // 49.5% (29.2)",
        "corsiAgainst": "51.4% (60.7) // 52.0% (60.6) // 51.4% (60.7) // 51.4% (60.7)",
        "fenwickAgainst": "50.3% (42.8) // 51.2% (42.5) // 50.3% (42.8) // 50.3% (42.8)",
        "shotsAgainst": "49.5% (30.4) // 49.8% (28.5) // 49.5% (30.4) // 49.5% (30.4)",
        "scoringAgainst": "50.5% (29.8) // 51.0% (29.9) // 50.5% (29.8) // 50.5% (29.8)",
        "oppCorsi": "52.1% (59.2) // 54.3% (61.2) // 52.1% (59.2) // 52.1% (59.2)",
        "oppFenwick": "51.6% (44.8) // 54.4% (46.8) // 51.6% (44.8) // 51.6% (44.8)",
        "oppShots": "51.7% (33.3) // 54.4% (35.4) // 51.7% (33.3) // 51.7% (33.3)",
        "oppScoring": "53.5% (32.9) // 54.3% (35.5) // 53.5% (32.9) // 53.5% (32.9)",
        "oppCorsiAgainst": "47.9% (54.5) // 45.7% (51.4) // 47.9% (54.5) // 47.9% (54.5)",
        "oppFenwickAgainst": "48.4% (42.0) // 45.6% (39.2) // 48.4% (42.0) // 48.4% (42.0)",
        "oppShotsAgainst": "48.3% (31.1) // 45.6% (29.7) // 48.3% (31.1) // 48.3% (31.1)",
        "oppScoringAgainst": "46.5% (28.6) // 45.7% (29.9) // 46.5% (28.6) // 46.5% (28.6)",
        "savesPerGame": 28.1,
        "savesPerGameLast1": 29.0,
        "savesPerGameLast3": 29.7,
        "savesPerGameLast5": 28.4,
        "savesPer60": 31.5,
        "savesPer60Last1": 28.3,
        "savesPer60Last3": 29.3,
        "savesPer60Last5": 28.2,
        "shotsPerGame": 31.5,
        "shotsPerGameLast5": 29.8,
        "shotsAgainstPerGame": 30.9,
        "shotsAgainstPerGameLast5": 31.4,
        "oppSavesAgainstPer60": 33.3,
        "oppSavesAgainstPer60Last1": 28.9,
        "oppSavesAgainstPer60Last3": 29.6,
        "oppSavesAgainstPer60Last5": 26.5,
        "oppShotsAgainstPerGame": 31.4,
        "oppShotsAgainstPerGameLast5": 33.6,
        "savesProj": 29.3,
        "savesProjLast5": 23.2,
        "savesProjLast3": 26.6,
        "oppSavesAgainstProj": 31.7,
        "oppSavesAgainstProjLast5": 22.8,
        "oppSavesAgainstProjLast3": 25.8,
        "totalOver": 50,
        "totalOverLast5": 60,
        "totalOverLast15": 47,
        "lastTotalOver": 0,
        "last5": "0,1,2,3,2,2,3,0,1,1",
        "overOdds": "-135",
        "underOdds": "+105",
        "overUnder": "-135 / +105"
    },
    {
        "player": "Alec Martinez",
        "team": "VGK",
        "opponent": "EDM",
        "propType": "bs",
        "line": 2.5,
        "ppLine": "PP2",
        "avg": 3.09,
        "hit": false,
        "diffAvg": 0.24,
        "diffAbs": 1.0,
        "lastAvg": 0.0,
        "diff": 0,
        "avgMin": 19,
        "proj": 0.0,
        "lastAvgMin": 19.53,
        "oppOver": 0,
        "teamOver": 0,
        "gameLine": "+110",
        "+/-": "+35",
        "L5_+/-": "+8.0",
        "prevMatchup": "2023-05-10 1.0 bs 2023-05-08 2.0 bs 2023-05-06 4.0 bs 2023-05-03 2.0 bs 2023-03-28 3.0 bs 2023-01-14 1.0 bs 2022-11-19 4.0 bs",
        "winLossSplits": "58% - 48%",
        "awayHome": "H",
        "playedYesterday": "N",
        "awayHomeSplits": "55% - 55%",
        "savesAboveExp": 0.118,
        "gsaa": 14.07,
        "corsi": "48.6% (57.5) // 48.0% (56.0) // 48.6% (57.5) // 48.6% (57.5)",
        "fenwick": "49.7% (42.3) // 48.8% (40.5) // 49.7% (42.3) // 49.7% (42.3)",
        "shots": "50.5% (31.1) // 50.2% (28.8) // 50.5% (31.1) // 50.5% (31.1)",
        "scoring": "49.5% (29.2) // 49.0% (28.7) // 49.5% (29.2) // 49.5% (29.2)",
        "corsiAgainst": "51.4% (60.7) // 52.0% (60.6) // 51.4% (60.7) // 51.4% (60.7)",
        "fenwickAgainst": "50.3% (42.8) // 51.2% (42.5) // 50.3% (42.8) // 50.3% (42.8)",
        "shotsAgainst": "49.5% (30.4) // 49.8% (28.5) // 49.5% (30.4) // 49.5% (30.4)",
        "scoringAgainst": "50.5% (29.8) // 51.0% (29.9) // 50.5% (29.8) // 50.5% (29.8)",
        "oppCorsi": "52.1% (59.2) // 54.3% (61.2) // 52.1% (59.2) // 52.1% (59.2)",
        "oppFenwick": "51.6% (44.8) // 54.4% (46.8) // 51.6% (44.8) // 51.6% (44.8)",
        "oppShots": "51.7% (33.3) // 54.4% (35.4) // 51.7% (33.3) // 51.7% (33.3)",
        "oppScoring": "53.5% (32.9) // 54.3% (35.5) // 53.5% (32.9) // 53.5% (32.9)",
        "oppCorsiAgainst": "47.9% (54.5) // 45.7% (51.4) // 47.9% (54.5) // 47.9% (54.5)",
        "oppFenwickAgainst": "48.4% (42.0) // 45.6% (39.2) // 48.4% (42.0) // 48.4% (42.0)",
        "oppShotsAgainst": "48.3% (31.1) // 45.6% (29.7) // 48.3% (31.1) // 48.3% (31.1)",
        "oppScoringAgainst": "46.5% (28.6) // 45.7% (29.9) // 46.5% (28.6) // 46.5% (28.6)",
        "savesPerGame": 28.1,
        "savesPerGameLast1": 29.0,
        "savesPerGameLast3": 29.7,
        "savesPerGameLast5": 28.4,
        "savesPer60": 31.5,
        "savesPer60Last1": 28.3,
        "savesPer60Last3": 29.3,
        "savesPer60Last5": 28.2,
        "shotsPerGame": 31.5,
        "shotsPerGameLast5": 29.8,
        "shotsAgainstPerGame": 30.9,
        "shotsAgainstPerGameLast5": 31.4,
        "oppSavesAgainstPer60": 33.3,
        "oppSavesAgainstPer60Last1": 28.9,
        "oppSavesAgainstPer60Last3": 29.6,
        "oppSavesAgainstPer60Last5": 26.5,
        "oppShotsAgainstPerGame": 31.4,
        "oppShotsAgainstPerGameLast5": 33.6,
        "savesProj": 29.3,
        "savesProjLast5": 23.2,
        "savesProjLast3": 26.6,
        "oppSavesAgainstProj": 31.7,
        "oppSavesAgainstProjLast5": 22.8,
        "oppSavesAgainstProjLast3": 25.8,
        "totalOver": 55,
        "totalOverLast5": 20,
        "totalOverLast15": 20,
        "lastTotalOver": 0,
        "last5": "1,2,4,2,1,2,7,2,2,2",
        "overOdds": "-115",
        "underOdds": "-115",
        "overUnder": "-115 / -115"
    },
    {
        "player": "Vincent Desharnais",
        "team": "EDM",
        "opponent": "VGK",
        "propType": "bs",
        "line": 1.5,
        "ppLine": "",
        "avg": 1.33,
        "hit": false,
        "diffAvg": -0.11,
        "diffAbs": 1.0,
        "lastAvg": 0,
        "diff": 0,
        "avgMin": 13,
        "proj": 0.0,
        "lastAvgMin": 0,
        "oppOver": 0,
        "teamOver": 0,
        "gameLine": "-130",
        "+/-": "+11",
        "L5_+/-": -3.0,
        "prevMatchup": "2023-05-10 1.0 bs 2023-05-08 2.0 bs 2023-05-06 0.0 bs 2023-05-03 0.0 bs 2023-03-28 2.0 bs 2023-03-25 1.0 bs 2023-01-14 1.0 bs",
        "winLossSplits": "29% - 50%",
        "awayHome": "A",
        "playedYesterday": "N",
        "awayHomeSplits": "23% - 50%",
        "savesAboveExp": "-",
        "gsaa": "-",
        "corsi": "52.1% (59.2) // 54.3% (61.2) // 52.1% (59.2) // 52.1% (59.2)",
        "fenwick": "51.6% (44.8) // 54.4% (46.8) // 51.6% (44.8) // 51.6% (44.8)",
        "shots": "51.7% (33.3) // 54.4% (35.4) // 51.7% (33.3) // 51.7% (33.3)",
        "scoring": "53.5% (32.9) // 54.3% (35.5) // 53.5% (32.9) // 53.5% (32.9)",
        "corsiAgainst": "47.9% (54.5) // 45.7% (51.4) // 47.9% (54.5) // 47.9% (54.5)",
        "fenwickAgainst": "48.4% (42.0) // 45.6% (39.2) // 48.4% (42.0) // 48.4% (42.0)",
        "shotsAgainst": "48.3% (31.1) // 45.6% (29.7) // 48.3% (31.1) // 48.3% (31.1)",
        "scoringAgainst": "46.5% (28.6) // 45.7% (29.9) // 46.5% (28.6) // 46.5% (28.6)",
        "oppCorsi": "48.6% (57.5) // 48.0% (56.0) // 48.6% (57.5) // 48.6% (57.5)",
        "oppFenwick": "49.7% (42.3) // 48.8% (40.5) // 49.7% (42.3) // 49.7% (42.3)",
        "oppShots": "50.5% (31.1) // 50.2% (28.8) // 50.5% (31.1) // 50.5% (31.1)",
        "oppScoring": "49.5% (29.2) // 49.0% (28.7) // 49.5% (29.2) // 49.5% (29.2)",
        "oppCorsiAgainst": "51.4% (60.7) // 52.0% (60.6) // 51.4% (60.7) // 51.4% (60.7)",
        "oppFenwickAgainst": "50.3% (42.8) // 51.2% (42.5) // 50.3% (42.8) // 50.3% (42.8)",
        "oppShotsAgainst": "49.5% (30.4) // 49.8% (28.5) // 49.5% (30.4) // 49.5% (30.4)",
        "oppScoringAgainst": "50.5% (29.8) // 51.0% (29.9) // 50.5% (29.8) // 50.5% (29.8)",
        "savesPerGame": 28.2,
        "savesPerGameLast1": 25.0,
        "savesPerGameLast3": 27.7,
        "savesPerGameLast5": 30.2,
        "savesPer60": 31.9,
        "savesPer60Last1": 25.0,
        "savesPer60Last3": 27.6,
        "savesPer60Last5": 30.1,
        "shotsPerGame": 33.6,
        "shotsPerGameLast5": 30.6,
        "shotsAgainstPerGame": 31.4,
        "shotsAgainstPerGameLast5": 33.6,
        "oppSavesAgainstPer60": 31.6,
        "oppSavesAgainstPer60Last1": 24.7,
        "oppSavesAgainstPer60Last3": 28.3,
        "oppSavesAgainstPer60Last5": 26.8,
        "oppShotsAgainstPerGame": 30.9,
        "oppShotsAgainstPerGameLast5": 31.4,
        "savesProj": 28.7,
        "savesProjLast5": 25.2,
        "savesProjLast3": 24.2,
        "oppSavesAgainstProj": 30.3,
        "oppSavesAgainstProjLast5": 25.6,
        "oppSavesAgainstProjLast3": 24.8,
        "totalOver": 35,
        "totalOverLast5": 20,
        "totalOverLast15": 47,
        "lastTotalOver": 0,
        "last5": "1,2,0,0,1,2,0,2,2,3",
        "overOdds": "+105",
        "underOdds": "-135",
        "overUnder": "+105 / -135"
    },
    {
        "player": "Brayden Mcnabb",
        "team": "VGK",
        "opponent": "EDM",
        "propType": "bs",
        "line": 2.5,
        "ppLine": "",
        "avg": 2.4,
        "hit": false,
        "diffAvg": -0.04,
        "diffAbs": 1.0,
        "lastAvg": 0.0,
        "diff": 0,
        "avgMin": 19,
        "proj": 0.0,
        "lastAvgMin": 19.7,
        "oppOver": 0,
        "teamOver": 0,
        "gameLine": "+110",
        "+/-": "+13",
        "L5_+/-": "+3.0",
        "prevMatchup": "2023-05-10 2.0 bs 2023-05-08 5.0 bs 2023-05-06 1.0 bs 2023-05-03 3.0 bs 2023-03-28 2.0 bs 2023-03-25 4.0 bs 2023-01-14 1.0 bs 2022-11-19 2.0 bs",
        "winLossSplits": "50% - 31%",
        "awayHome": "H",
        "playedYesterday": "N",
        "awayHomeSplits": "44% - 41%",
        "savesAboveExp": 0.118,
        "gsaa": 14.07,
        "corsi": "48.6% (57.5) // 48.0% (56.0) // 48.6% (57.5) // 48.6% (57.5)",
        "fenwick": "49.7% (42.3) // 48.8% (40.5) // 49.7% (42.3) // 49.7% (42.3)",
        "shots": "50.5% (31.1) // 50.2% (28.8) // 50.5% (31.1) // 50.5% (31.1)",
        "scoring": "49.5% (29.2) // 49.0% (28.7) // 49.5% (29.2) // 49.5% (29.2)",
        "corsiAgainst": "51.4% (60.7) // 52.0% (60.6) // 51.4% (60.7) // 51.4% (60.7)",
        "fenwickAgainst": "50.3% (42.8) // 51.2% (42.5) // 50.3% (42.8) // 50.3% (42.8)",
        "shotsAgainst": "49.5% (30.4) // 49.8% (28.5) // 49.5% (30.4) // 49.5% (30.4)",
        "scoringAgainst": "50.5% (29.8) // 51.0% (29.9) // 50.5% (29.8) // 50.5% (29.8)",
        "oppCorsi": "52.1% (59.2) // 54.3% (61.2) // 52.1% (59.2) // 52.1% (59.2)",
        "oppFenwick": "51.6% (44.8) // 54.4% (46.8) // 51.6% (44.8) // 51.6% (44.8)",
        "oppShots": "51.7% (33.3) // 54.4% (35.4) // 51.7% (33.3) // 51.7% (33.3)",
        "oppScoring": "53.5% (32.9) // 54.3% (35.5) // 53.5% (32.9) // 53.5% (32.9)",
        "oppCorsiAgainst": "47.9% (54.5) // 45.7% (51.4) // 47.9% (54.5) // 47.9% (54.5)",
        "oppFenwickAgainst": "48.4% (42.0) // 45.6% (39.2) // 48.4% (42.0) // 48.4% (42.0)",
        "oppShotsAgainst": "48.3% (31.1) // 45.6% (29.7) // 48.3% (31.1) // 48.3% (31.1)",
        "oppScoringAgainst": "46.5% (28.6) // 45.7% (29.9) // 46.5% (28.6) // 46.5% (28.6)",
        "savesPerGame": 28.1,
        "savesPerGameLast1": 29.0,
        "savesPerGameLast3": 29.7,
        "savesPerGameLast5": 28.4,
        "savesPer60": 31.5,
        "savesPer60Last1": 28.3,
        "savesPer60Last3": 29.3,
        "savesPer60Last5": 28.2,
        "shotsPerGame": 31.5,
        "shotsPerGameLast5": 29.8,
        "shotsAgainstPerGame": 30.9,
        "shotsAgainstPerGameLast5": 31.4,
        "oppSavesAgainstPer60": 33.3,
        "oppSavesAgainstPer60Last1": 28.9,
        "oppSavesAgainstPer60Last3": 29.6,
        "oppSavesAgainstPer60Last5": 26.5,
        "oppShotsAgainstPerGame": 31.4,
        "oppShotsAgainstPerGameLast5": 33.6,
        "savesProj": 29.3,
        "savesProjLast5": 23.2,
        "savesProjLast3": 26.6,
        "oppSavesAgainstProj": 31.7,
        "oppSavesAgainstProjLast5": 22.8,
        "oppSavesAgainstProjLast3": 25.8,
        "totalOver": 42,
        "totalOverLast5": 40,
        "totalOverLast15": 40,
        "lastTotalOver": 0,
        "last5": "2,5,1,3,2,1,3,1,3,2",
        "overOdds": "-105",
        "underOdds": "-125",
        "overUnder": "-105 / -125"
    },
    {
        "player": "Cody Ceci",
        "team": "EDM",
        "opponent": "VGK",
        "propType": "bs",
        "line": 1.5,
        "ppLine": "",
        "avg": 1.52,
        "hit": false,
        "diffAvg": 0.01,
        "diffAbs": 1.0,
        "lastAvg": 0.0,
        "diff": 0,
        "avgMin": 20,
        "proj": 0.0,
        "lastAvgMin": 20.88,
        "oppOver": 0,
        "teamOver": 0,
        "gameLine": "-130",
        "+/-": "+9",
        "L5_+/-": -2.0,
        "prevMatchup": "2023-05-10 2.0 bs 2023-05-08 3.0 bs 2023-05-06 2.0 bs 2023-05-03 1.0 bs 2023-03-28 0.0 bs 2023-03-25 2.0 bs 2023-01-14 3.0 bs 2022-11-19 4.0 bs",
        "winLossSplits": "48% - 47%",
        "awayHome": "A",
        "playedYesterday": "N",
        "awayHomeSplits": "48% - 48%",
        "savesAboveExp": "-",
        "gsaa": "-",
        "corsi": "52.1% (59.2) // 54.3% (61.2) // 52.1% (59.2) // 52.1% (59.2)",
        "fenwick": "51.6% (44.8) // 54.4% (46.8) // 51.6% (44.8) // 51.6% (44.8)",
        "shots": "51.7% (33.3) // 54.4% (35.4) // 51.7% (33.3) // 51.7% (33.3)",
        "scoring": "53.5% (32.9) // 54.3% (35.5) // 53.5% (32.9) // 53.5% (32.9)",
        "corsiAgainst": "47.9% (54.5) // 45.7% (51.4) // 47.9% (54.5) // 47.9% (54.5)",
        "fenwickAgainst": "48.4% (42.0) // 45.6% (39.2) // 48.4% (42.0) // 48.4% (42.0)",
        "shotsAgainst": "48.3% (31.1) // 45.6% (29.7) // 48.3% (31.1) // 48.3% (31.1)",
        "scoringAgainst": "46.5% (28.6) // 45.7% (29.9) // 46.5% (28.6) // 46.5% (28.6)",
        "oppCorsi": "48.6% (57.5) // 48.0% (56.0) // 48.6% (57.5) // 48.6% (57.5)",
        "oppFenwick": "49.7% (42.3) // 48.8% (40.5) // 49.7% (42.3) // 49.7% (42.3)",
        "oppShots": "50.5% (31.1) // 50.2% (28.8) // 50.5% (31.1) // 50.5% (31.1)",
        "oppScoring": "49.5% (29.2) // 49.0% (28.7) // 49.5% (29.2) // 49.5% (29.2)",
        "oppCorsiAgainst": "51.4% (60.7) // 52.0% (60.6) // 51.4% (60.7) // 51.4% (60.7)",
        "oppFenwickAgainst": "50.3% (42.8) // 51.2% (42.5) // 50.3% (42.8) // 50.3% (42.8)",
        "oppShotsAgainst": "49.5% (30.4) // 49.8% (28.5) // 49.5% (30.4) // 49.5% (30.4)",
        "oppScoringAgainst": "50.5% (29.8) // 51.0% (29.9) // 50.5% (29.8) // 50.5% (29.8)",
        "savesPerGame": 28.2,
        "savesPerGameLast1": 25.0,
        "savesPerGameLast3": 27.7,
        "savesPerGameLast5": 30.2,
        "savesPer60": 31.9,
        "savesPer60Last1": 25.0,
        "savesPer60Last3": 27.6,
        "savesPer60Last5": 30.1,
        "shotsPerGame": 33.6,
        "shotsPerGameLast5": 30.6,
        "shotsAgainstPerGame": 31.4,
        "shotsAgainstPerGameLast5": 33.6,
        "oppSavesAgainstPer60": 31.6,
        "oppSavesAgainstPer60Last1": 24.7,
        "oppSavesAgainstPer60Last3": 28.3,
        "oppSavesAgainstPer60Last5": 26.8,
        "oppShotsAgainstPerGame": 30.9,
        "oppShotsAgainstPerGameLast5": 31.4,
        "savesProj": 28.7,
        "savesProjLast5": 25.2,
        "savesProjLast3": 24.2,
        "oppSavesAgainstProj": 30.3,
        "oppSavesAgainstProjLast5": 25.6,
        "oppSavesAgainstProjLast3": 24.8,
        "totalOver": 48,
        "totalOverLast5": 80,
        "totalOverLast15": 67,
