[
    {
        "player": "Adam Boqvist",
        "team": "CBJ",
        "opponent": "BOS",
        "propType": "g",
        "line": 0.5,
        "ppLine": "",
        "avg": 0.12,
        "hit": false,
        "diffAvg": -0.76,
        "diffAbs": 0.6,
        "lastAvg": 0.21,
        "diff": -0.58,
        "avgMin": 18,
        "proj": 0.2,
        "lastAvgMin": 17.03,
        "oppOver": 0,
        "teamOver": 0,
        "gameLine": "+360",
        "+/-": -7,
        "L5_+/-": -3.0,
        "prevMatchup": "",
        "winLossSplits": "0.21 - 0.07",
        "awayHome": "A",
        "playedYesterday": "N",
        "awayHomeSplits": "0.12 - 0.12",
        "savesAboveExp": 0.892,
        "gsaa": 44.65,
        "corsi": "46.0% (55.6) // 47.7% (60.1) // 44.5% (53.2) // 43.8% (50.8)",
        "fenwick": "45.9% (41.4) // 47.8% (45.3) // 43.7% (39.4) // 43.0% (37.9)",
        "shots": "45.8% (29.5) // 48.6% (33.6) // 45.4% (29.3) // 43.0% (26.6)",
        "scoring": "45.3% (27.2) // 46.9% (32.1) // 44.5% (27.1) // 45.0% (27.2)",
        "corsiAgainst": "54.0% (65.2) // 52.3% (66.0) // 55.5% (66.3) // 56.2% (65.1)",
        "fenwickAgainst": "54.1% (48.8) // 52.2% (49.4) // 56.3% (50.8) // 57.0% (50.1)",
        "shotsAgainst": "54.2% (34.9) // 51.4% (35.5) // 54.6% (35.3) // 57.0% (35.2)",
        "scoringAgainst": "54.7% (32.9) // 53.1% (36.5) // 55.5% (33.8) // 55.0% (33.2)",
        "oppCorsi": "51.2% (57.9) // 50.6% (57.8) // 49.2% (57.6) // 51.9% (60.6)",
        "oppFenwick": "51.5% (43.7) // 49.5% (43.7) // 47.4% (42.7) // 51.1% (45.7)",
        "oppShots": "52.5% (32.5) // 51.5% (32.3) // 50.8% (32.3) // 55.4% (35.0)",
        "oppScoring": "53.0% (32.2) // 54.0% (33.7) // 55.4% (34.2) // 57.7% (34.1)",
        "oppCorsiAgainst": "48.8% (55.1) // 49.4% (56.5) // 50.8% (59.6) // 48.1% (56.1)",
        "oppFenwickAgainst": "48.5% (41.1) // 50.5% (44.5) // 52.6% (47.4) // 48.9% (43.8)",
        "oppShotsAgainst": "47.5% (29.4) // 48.5% (30.4) // 49.2% (31.3) // 44.6% (28.2)",
        "oppScoringAgainst": "47.0% (28.5) // 46.0% (28.7) // 44.6% (27.5) // 42.3% (25.0)",
        "savesPerGame": 31.3,
        "savesPerGameLast1": 30.0,
        "savesPerGameLast3": 29.3,
        "savesPerGameLast5": 30.6,
        "savesPer60": 31.2,
        "savesPer60Last1": 29.5,
        "savesPer60Last3": 29.3,
        "savesPer60Last5": 30.8,
        "shotsPerGame": 29.7,
        "shotsPerGameLast5": 31.2,
        "shotsAgainstPerGame": 35.2,
        "shotsAgainstPerGameLast5": 36.8,
        "oppSavesAgainstPer60": 29.1,
        "oppSavesAgainstPer60Last1": 35.0,
        "oppSavesAgainstPer60Last3": 34.9,
        "oppSavesAgainstPer60Last5": 30.8,
        "oppShotsAgainstPerGame": 29.7,
        "oppShotsAgainstPerGameLast5": 31.8,
        "savesProj": 32.8,
        "savesProjLast5": 33.7,
        "savesProjLast3": 35.8,
        "oppSavesAgainstProj": 32.2,
        "oppSavesAgainstProjLast5": 34.2,
        "oppSavesAgainstProjLast3": 37.9,
        "totalOver": 10,
        "totalOverLast5": 20,
        "totalOverLast15": 13,
        "lastTotalOver": 19,
        "last5": "0,0,0,2,0,0,0,0,0,0",
        "overOdds": "+650",
        "underOdds": "0",
        "overUnder": "+650 / 0"
    },
    {
        "player": "Boone Jenner",
        "team": "CBJ",
        "opponent": "BOS",
        "propType": "g",
        "line": 0.5,
        "ppLine": "PP1",
        "avg": 0.4,
        "hit": false,
        "diffAvg": -0.2,
        "diffAbs": 0.2,
        "lastAvg": 0.39,
        "diff": -0.22,
        "avgMin": 20,
        "proj": 0.4,
        "lastAvgMin": 20.45,
        "oppOver": 0,
        "teamOver": 0,
        "gameLine": "+360",
        "+/-": -27,
        "L5_+/-": -11.0,
        "prevMatchup": "2022-12-17 1.0 g 2022-10-28 0.0 g",
        "winLossSplits": "0.8 - 0.19",
        "awayHome": "A",
        "playedYesterday": "N",
        "awayHomeSplits": "0.32 - 0.48",
        "savesAboveExp": 0.892,
        "gsaa": 44.65,
        "corsi": "46.0% (55.6) // 47.7% (60.1) // 44.5% (53.2) // 43.8% (50.8)",
        "fenwick": "45.9% (41.4) // 47.8% (45.3) // 43.7% (39.4) // 43.0% (37.9)",
        "shots": "45.8% (29.5) // 48.6% (33.6) // 45.4% (29.3) // 43.0% (26.6)",
        "scoring": "45.3% (27.2) // 46.9% (32.1) // 44.5% (27.1) // 45.0% (27.2)",
        "corsiAgainst": "54.0% (65.2) // 52.3% (66.0) // 55.5% (66.3) // 56.2% (65.1)",
        "fenwickAgainst": "54.1% (48.8) // 52.2% (49.4) // 56.3% (50.8) // 57.0% (50.1)",
        "shotsAgainst": "54.2% (34.9) // 51.4% (35.5) // 54.6% (35.3) // 57.0% (35.2)",
        "scoringAgainst": "54.7% (32.9) // 53.1% (36.5) // 55.5% (33.8) // 55.0% (33.2)",
        "oppCorsi": "51.2% (57.9) // 50.6% (57.8) // 49.2% (57.6) // 51.9% (60.6)",
        "oppFenwick": "51.5% (43.7) // 49.5% (43.7) // 47.4% (42.7) // 51.1% (45.7)",
        "oppShots": "52.5% (32.5) // 51.5% (32.3) // 50.8% (32.3) // 55.4% (35.0)",
        "oppScoring": "53.0% (32.2) // 54.0% (33.7) // 55.4% (34.2) // 57.7% (34.1)",
        "oppCorsiAgainst": "48.8% (55.1) // 49.4% (56.5) // 50.8% (59.6) // 48.1% (56.1)",
        "oppFenwickAgainst": "48.5% (41.1) // 50.5% (44.5) // 52.6% (47.4) // 48.9% (43.8)",
        "oppShotsAgainst": "47.5% (29.4) // 48.5% (30.4) // 49.2% (31.3) // 44.6% (28.2)",
        "oppScoringAgainst": "47.0% (28.5) // 46.0% (28.7) // 44.6% (27.5) // 42.3% (25.0)",
        "savesPerGame": 31.3,
        "savesPerGameLast1": 30.0,
        "savesPerGameLast3": 29.3,
        "savesPerGameLast5": 30.6,
        "savesPer60": 31.2,
        "savesPer60Last1": 29.5,
        "savesPer60Last3": 29.3,
        "savesPer60Last5": 30.8,
        "shotsPerGame": 29.7,
        "shotsPerGameLast5": 31.2,
        "shotsAgainstPerGame": 35.2,
        "shotsAgainstPerGameLast5": 36.8,
        "oppSavesAgainstPer60": 29.1,
        "oppSavesAgainstPer60Last1": 35.0,
        "oppSavesAgainstPer60Last3": 34.9,
        "oppSavesAgainstPer60Last5": 30.8,
        "oppShotsAgainstPerGame": 29.7,
        "oppShotsAgainstPerGameLast5": 31.8,
        "savesProj": 32.8,
        "savesProjLast5": 33.7,
        "savesProjLast3": 35.8,
        "oppSavesAgainstProj": 32.2,
        "oppSavesAgainstProjLast5": 34.2,
        "oppSavesAgainstProjLast3": 37.9,
        "totalOver": 35,
        "totalOverLast5": 40,
        "totalOverLast15": 40,
        "lastTotalOver": 37,
        "last5": "0,0,1,1,0,1,0,2,1,0",
        "overOdds": "+210",
        "underOdds": "0",
        "overUnder": "+210 / 0"
    },
    {
        "player": "Brad Marchand",
        "team": "BOS",
        "opponent": "CBJ",
        "propType": "g",
        "line": 0.5,
        "ppLine": "PP1",
        "avg": 0.31,
        "hit": false,
        "diffAvg": -0.38,
        "diffAbs": 0.2,
        "lastAvg": 0.42,
        "diff": -0.16,
        "avgMin": 18,
        "proj": 0.4,
        "lastAvgMin": 19.25,
        "oppOver": 0,
        "teamOver": 0,
        "gameLine": "-450",
        "+/-": "+26",
        "L5_+/-": "+2.0",
        "prevMatchup": "2022-12-17 0.0 g",
        "winLossSplits": "0.29 - 0.34",
        "awayHome": "H",
        "playedYesterday": "N",
        "awayHomeSplits": "0.33 - 0.28",
        "savesAboveExp": "-",
        "gsaa": "-",
        "corsi": "51.2% (57.9) // 50.6% (57.8) // 49.2% (57.6) // 51.9% (60.6)",
        "fenwick": "51.5% (43.7) // 49.5% (43.7) // 47.4% (42.7) // 51.1% (45.7)",
        "shots": "52.5% (32.5) // 51.5% (32.3) // 50.8% (32.3) // 55.4% (35.0)",
        "scoring": "53.0% (32.2) // 54.0% (33.7) // 55.4% (34.2) // 57.7% (34.1)",
        "corsiAgainst": "48.8% (55.1) // 49.4% (56.5) // 50.8% (59.6) // 48.1% (56.1)",
        "fenwickAgainst": "48.5% (41.1) // 50.5% (44.5) // 52.6% (47.4) // 48.9% (43.8)",
        "shotsAgainst": "47.5% (29.4) // 48.5% (30.4) // 49.2% (31.3) // 44.6% (28.2)",
        "scoringAgainst": "47.0% (28.5) // 46.0% (28.7) // 44.6% (27.5) // 42.3% (25.0)",
        "oppCorsi": "46.0% (55.6) // 47.7% (60.1) // 44.5% (53.2) // 43.8% (50.8)",
        "oppFenwick": "45.9% (41.4) // 47.8% (45.3) // 43.7% (39.4) // 43.0% (37.9)",
        "oppShots": "45.8% (29.5) // 48.6% (33.6) // 45.4% (29.3) // 43.0% (26.6)",
        "oppScoring": "45.3% (27.2) // 46.9% (32.1) // 44.5% (27.1) // 45.0% (27.2)",
        "oppCorsiAgainst": "54.0% (65.2) // 52.3% (66.0) // 55.5% (66.3) // 56.2% (65.1)",
        "oppFenwickAgainst": "54.1% (48.8) // 52.2% (49.4) // 56.3% (50.8) // 57.0% (50.1)",
        "oppShotsAgainst": "54.2% (34.9) // 51.4% (35.5) // 54.6% (35.3) // 57.0% (35.2)",
        "oppScoringAgainst": "54.7% (32.9) // 53.1% (36.5) // 55.5% (33.8) // 55.0% (33.2)",
        "savesPerGame": 27.6,
        "savesPerGameLast1": 21.0,
        "savesPerGameLast3": 27.0,
        "savesPerGameLast5": 30.0,
        "savesPer60": 27.8,
        "savesPer60Last1": 20.3,
        "savesPer60Last3": 27.4,
        "savesPer60Last5": 30.3,
        "shotsPerGame": 32.9,
        "shotsPerGameLast5": 32.8,
        "shotsAgainstPerGame": 29.7,
        "shotsAgainstPerGameLast5": 31.8,
        "oppSavesAgainstPer60": 27.1,
        "oppSavesAgainstPer60Last1": 27.9,
        "oppSavesAgainstPer60Last3": 23.9,
        "oppSavesAgainstPer60Last5": 27.7,
        "oppShotsAgainstPerGame": 35.2,
        "oppShotsAgainstPerGameLast5": 36.8,
        "savesProj": 24.1,
        "savesProjLast5": 26.8,
        "savesProjLast3": 20.8,
        "oppSavesAgainstProj": 26.3,
        "oppSavesAgainstProjLast5": 29.2,
        "oppSavesAgainstProjLast3": 22.0,
        "totalOver": 29,
        "totalOverLast5": 0,
        "totalOverLast15": 7,
        "lastTotalOver": 35,
        "last5": "0,0,0,0,0,0,0,0,0,0",
        "overOdds": "+125",
        "underOdds": "0",
        "overUnder": "+125 / 0"
    },
    {
        "player": "David Pastrnak",
        "team": "BOS",
        "opponent": "CBJ",
        "propType": "g",
        "line": 0.5,
        "ppLine": "PP1",
        "avg": 0.7,
        "hit": false,
        "diffAvg": 0.4,
        "diffAbs": 0.0,
        "lastAvg": 0.51,
        "diff": 0.02,
        "avgMin": 19,
        "proj": 0.5,
        "lastAvgMin": 18.6,
        "oppOver": 0,
        "teamOver": 0,
        "gameLine": "-450",
        "+/-": "+32",
        "L5_+/-": "+2.0",
        "prevMatchup": "2022-12-17 1.0 g 2022-10-28 1.0 g",
        "winLossSplits": "0.76 - 0.48",
        "awayHome": "H",
        "playedYesterday": "N",
        "awayHomeSplits": "0.7 - 0.7",
        "savesAboveExp": "-",
        "gsaa": "-",
        "corsi": "51.2% (57.9) // 50.6% (57.8) // 49.2% (57.6) // 51.9% (60.6)",
        "fenwick": "51.5% (43.7) // 49.5% (43.7) // 47.4% (42.7) // 51.1% (45.7)",
        "shots": "52.5% (32.5) // 51.5% (32.3) // 50.8% (32.3) // 55.4% (35.0)",
        "scoring": "53.0% (32.2) // 54.0% (33.7) // 55.4% (34.2) // 57.7% (34.1)",
        "corsiAgainst": "48.8% (55.1) // 49.4% (56.5) // 50.8% (59.6) // 48.1% (56.1)",
        "fenwickAgainst": "48.5% (41.1) // 50.5% (44.5) // 52.6% (47.4) // 48.9% (43.8)",
        "shotsAgainst": "47.5% (29.4) // 48.5% (30.4) // 49.2% (31.3) // 44.6% (28.2)",
        "scoringAgainst": "47.0% (28.5) // 46.0% (28.7) // 44.6% (27.5) // 42.3% (25.0)",
        "oppCorsi": "46.0% (55.6) // 47.7% (60.1) // 44.5% (53.2) // 43.8% (50.8)",
        "oppFenwick": "45.9% (41.4) // 47.8% (45.3) // 43.7% (39.4) // 43.0% (37.9)",
        "oppShots": "45.8% (29.5) // 48.6% (33.6) // 45.4% (29.3) // 43.0% (26.6)",
        "oppScoring": "45.3% (27.2) // 46.9% (32.1) // 44.5% (27.1) // 45.0% (27.2)",
        "oppCorsiAgainst": "54.0% (65.2) // 52.3% (66.0) // 55.5% (66.3) // 56.2% (65.1)",
        "oppFenwickAgainst": "54.1% (48.8) // 52.2% (49.4) // 56.3% (50.8) // 57.0% (50.1)",
        "oppShotsAgainst": "54.2% (34.9) // 51.4% (35.5) // 54.6% (35.3) // 57.0% (35.2)",
        "oppScoringAgainst": "54.7% (32.9) // 53.1% (36.5) // 55.5% (33.8) // 55.0% (33.2)",
        "savesPerGame": 27.6,
        "savesPerGameLast1": 21.0,
        "savesPerGameLast3": 27.0,
        "savesPerGameLast5": 30.0,
        "savesPer60": 27.8,
        "savesPer60Last1": 20.3,
        "savesPer60Last3": 27.4,
        "savesPer60Last5": 30.3,
        "shotsPerGame": 32.9,
        "shotsPerGameLast5": 32.8,
        "shotsAgainstPerGame": 29.7,
        "shotsAgainstPerGameLast5": 31.8,
        "oppSavesAgainstPer60": 27.1,
        "oppSavesAgainstPer60Last1": 27.9,
        "oppSavesAgainstPer60Last3": 23.9,
        "oppSavesAgainstPer60Last5": 27.7,
        "oppShotsAgainstPerGame": 35.2,
        "oppShotsAgainstPerGameLast5": 36.8,
        "savesProj": 24.1,
        "savesProjLast5": 26.8,
        "savesProjLast3": 20.8,
        "oppSavesAgainstProj": 26.3,
        "oppSavesAgainstProjLast5": 29.2,
        "oppSavesAgainstProjLast3": 22.0,
        "totalOver": 57,
        "totalOverLast5": 60,
        "totalOverLast15": 60,
        "lastTotalOver": 37,
        "last5": "1,2,0,1,0,1,1,0,0,1",
        "overOdds": "-155",
        "underOdds": "0",
        "overUnder": "-155 / 0"
    },
    {
        "player": "Jake Debrusk",
        "team": "BOS",
        "opponent": "CBJ",
        "propType": "g",
        "line": 0.5,
        "ppLine": "PP1",
        "avg": 0.43,
        "hit": false,
        "diffAvg": -0.14,
        "diffAbs": 0.4,
        "lastAvg": 0.3,
        "diff": -0.4,
        "avgMin": 16,
        "proj": 0.3,
        "lastAvgMin": 15.03,
        "oppOver": 0,
        "teamOver": 0,
        "gameLine": "-450",
        "+/-": "+24",
        "L5_+/-": "+5.0",
        "prevMatchup": "2022-12-17 0.0 g 2022-10-28 1.0 g",
        "winLossSplits": "0.49 - 0.15",
        "awayHome": "H",
        "playedYesterday": "N",
        "awayHomeSplits": "0.36 - 0.48",
        "savesAboveExp": "-",
        "gsaa": "-",
        "corsi": "51.2% (57.9) // 50.6% (57.8) // 49.2% (57.6) // 51.9% (60.6)",
        "fenwick": "51.5% (43.7) // 49.5% (43.7) // 47.4% (42.7) // 51.1% (45.7)",
        "shots": "52.5% (32.5) // 51.5% (32.3) // 50.8% (32.3) // 55.4% (35.0)",
        "scoring": "53.0% (32.2) // 54.0% (33.7) // 55.4% (34.2) // 57.7% (34.1)",
        "corsiAgainst": "48.8% (55.1) // 49.4% (56.5) // 50.8% (59.6) // 48.1% (56.1)",
        "fenwickAgainst": "48.5% (41.1) // 50.5% (44.5) // 52.6% (47.4) // 48.9% (43.8)",
        "shotsAgainst": "47.5% (29.4) // 48.5% (30.4) // 49.2% (31.3) // 44.6% (28.2)",
        "scoringAgainst": "47.0% (28.5) // 46.0% (28.7) // 44.6% (27.5) // 42.3% (25.0)",
        "oppCorsi": "46.0% (55.6) // 47.7% (60.1) // 44.5% (53.2) // 43.8% (50.8)",
        "oppFenwick": "45.9% (41.4) // 47.8% (45.3) // 43.7% (39.4) // 43.0% (37.9)",
        "oppShots": "45.8% (29.5) // 48.6% (33.6) // 45.4% (29.3) // 43.0% (26.6)",
        "oppScoring": "45.3% (27.2) // 46.9% (32.1) // 44.5% (27.1) // 45.0% (27.2)",
        "oppCorsiAgainst": "54.0% (65.2) // 52.3% (66.0) // 55.5% (66.3) // 56.2% (65.1)",
        "oppFenwickAgainst": "54.1% (48.8) // 52.2% (49.4) // 56.3% (50.8) // 57.0% (50.1)",
        "oppShotsAgainst": "54.2% (34.9) // 51.4% (35.5) // 54.6% (35.3) // 57.0% (35.2)",
        "oppScoringAgainst": "54.7% (32.9) // 53.1% (36.5) // 55.5% (33.8) // 55.0% (33.2)",
        "savesPerGame": 27.6,
        "savesPerGameLast1": 21.0,
        "savesPerGameLast3": 27.0,
        "savesPerGameLast5": 30.0,
        "savesPer60": 27.8,
        "savesPer60Last1": 20.3,
        "savesPer60Last3": 27.4,
        "savesPer60Last5": 30.3,
        "shotsPerGame": 32.9,
        "shotsPerGameLast5": 32.8,
        "shotsAgainstPerGame": 29.7,
        "shotsAgainstPerGameLast5": 31.8,
        "oppSavesAgainstPer60": 27.1,
        "oppSavesAgainstPer60Last1": 27.9,
        "oppSavesAgainstPer60Last3": 23.9,
        "oppSavesAgainstPer60Last5": 27.7,
        "oppShotsAgainstPerGame": 35.2,
        "oppShotsAgainstPerGameLast5": 36.8,
        "savesProj": 24.1,
        "savesProjLast5": 26.8,
        "savesProjLast3": 20.8,
        "oppSavesAgainstProj": 26.3,
        "oppSavesAgainstProjLast5": 29.2,
        "oppSavesAgainstProjLast3": 22.0,
        "totalOver": 38,
        "totalOverLast5": 40,
        "totalOverLast15": 33,
        "lastTotalOver": 27,
        "last5": "0,0,0,1,1,1,1,0,0,1",
        "overOdds": "+125",
        "underOdds": "0",
        "overUnder": "+125 / 0"
    },
    {
        "player": "Johnny Gaudreau",
        "team": "CBJ",
        "opponent": "BOS",
        "propType": "g",
        "line": 0.5,
        "ppLine": "PP1",
        "avg": 0.27,
        "hit": false,
        "diffAvg": -0.46,
        "diffAbs": 0.2,
        "lastAvg": 0.42,
        "diff": -0.16,
        "avgMin": 19,
        "proj": 0.4,
        "lastAvgMin": 18.57,
        "oppOver": 0,
        "teamOver": 0,
        "gameLine": "+360",
        "+/-": -31,
        "L5_+/-": -6.0,
        "prevMatchup": "2022-12-17 0.0 g 2022-10-28 0.0 g",
        "winLossSplits": "0.44 - 0.17",
        "awayHome": "A",
        "playedYesterday": "N",
        "awayHomeSplits": "0.11 - 0.42",
        "savesAboveExp": 0.892,
        "gsaa": 44.65,
        "corsi": "46.0% (55.6) // 47.7% (60.1) // 44.5% (53.2) // 43.8% (50.8)",
        "fenwick": "45.9% (41.4) // 47.8% (45.3) // 43.7% (39.4) // 43.0% (37.9)",
        "shots": "45.8% (29.5) // 48.6% (33.6) // 45.4% (29.3) // 43.0% (26.6)",
        "scoring": "45.3% (27.2) // 46.9% (32.1) // 44.5% (27.1) // 45.0% (27.2)",
        "corsiAgainst": "54.0% (65.2) // 52.3% (66.0) // 55.5% (66.3) // 56.2% (65.1)",
        "fenwickAgainst": "54.1% (48.8) // 52.2% (49.4) // 56.3% (50.8) // 57.0% (50.1)",
        "shotsAgainst": "54.2% (34.9) // 51.4% (35.5) // 54.6% (35.3) // 57.0% (35.2)",
        "scoringAgainst": "54.7% (32.9) // 53.1% (36.5) // 55.5% (33.8) // 55.0% (33.2)",
        "oppCorsi": "51.2% (57.9) // 50.6% (57.8) // 49.2% (57.6) // 51.9% (60.6)",
        "oppFenwick": "51.5% (43.7) // 49.5% (43.7) // 47.4% (42.7) // 51.1% (45.7)",
        "oppShots": "52.5% (32.5) // 51.5% (32.3) // 50.8% (32.3) // 55.4% (35.0)",
        "oppScoring": "53.0% (32.2) // 54.0% (33.7) // 55.4% (34.2) // 57.7% (34.1)",
        "oppCorsiAgainst": "48.8% (55.1) // 49.4% (56.5) // 50.8% (59.6) // 48.1% (56.1)",
        "oppFenwickAgainst": "48.5% (41.1) // 50.5% (44.5) // 52.6% (47.4) // 48.9% (43.8)",
        "oppShotsAgainst": "47.5% (29.4) // 48.5% (30.4) // 49.2% (31.3) // 44.6% (28.2)",
        "oppScoringAgainst": "47.0% (28.5) // 46.0% (28.7) // 44.6% (27.5) // 42.3% (25.0)",
        "savesPerGame": 31.3,
        "savesPerGameLast1": 30.0,
        "savesPerGameLast3": 29.3,
        "savesPerGameLast5": 30.6,
        "savesPer60": 31.2,
        "savesPer60Last1": 29.5,
        "savesPer60Last3": 29.3,
        "savesPer60Last5": 30.8,
        "shotsPerGame": 29.7,
        "shotsPerGameLast5": 31.2,
        "shotsAgainstPerGame": 35.2,
        "shotsAgainstPerGameLast5": 36.8,
        "oppSavesAgainstPer60": 29.1,
        "oppSavesAgainstPer60Last1": 35.0,
        "oppSavesAgainstPer60Last3": 34.9,
        "oppSavesAgainstPer60Last5": 30.8,
        "oppShotsAgainstPerGame": 29.7,
        "oppShotsAgainstPerGameLast5": 31.8,
        "savesProj": 32.8,
        "savesProjLast5": 33.7,
        "savesProjLast3": 35.8,
        "oppSavesAgainstProj": 32.2,
        "oppSavesAgainstProjLast5": 34.2,
        "oppSavesAgainstProjLast3": 37.9,
        "totalOver": 24,
        "totalOverLast5": 40,
        "totalOverLast15": 20,
        "lastTotalOver": 36,
        "last5": "1,0,1,0,0,0,0,2,0,0",
        "overOdds": "+235",
        "underOdds": "0",
        "overUnder": "+235 / 0"
    },
    {
        "player": "Kirill Marchenko",
        "team": "CBJ",
        "opponent": "BOS",
        "propType": "g",
        "line": 0.5,
        "ppLine": "PP1",
        "avg": 0.4,
        "hit": false,
        "diffAvg": -0.2,
        "diffAbs": 1.0,
        "lastAvg": 0,
        "diff": 0,
        "avgMin": 15,
        "proj": 0.0,
        "lastAvgMin": 0,
        "oppOver": 0,
        "teamOver": 0,
        "gameLine": "+360",
        "+/-": -17,
        "L5_+/-": -7.0,
        "prevMatchup": "2022-12-17 0.0 g",
        "winLossSplits": "0.59 - 0.3",
        "awayHome": "A",
        "playedYesterday": "N",
        "awayHomeSplits": "0.43 - 0.35",
        "savesAboveExp": 0.892,
        "gsaa": 44.65,
        "corsi": "46.0% (55.6) // 47.7% (60.1) // 44.5% (53.2) // 43.8% (50.8)",
        "fenwick": "45.9% (41.4) // 47.8% (45.3) // 43.7% (39.4) // 43.0% (37.9)",
        "shots": "45.8% (29.5) // 48.6% (33.6) // 45.4% (29.3) // 43.0% (26.6)",
        "scoring": "45.3% (27.2) // 46.9% (32.1) // 44.5% (27.1) // 45.0% (27.2)",
        "corsiAgainst": "54.0% (65.2) // 52.3% (66.0) // 55.5% (66.3) // 56.2% (65.1)",
        "fenwickAgainst": "54.1% (48.8) // 52.2% (49.4) // 56.3% (50.8) // 57.0% (50.1)",
        "shotsAgainst": "54.2% (34.9) // 51.4% (35.5) // 54.6% (35.3) // 57.0% (35.2)",
        "scoringAgainst": "54.7% (32.9) // 53.1% (36.5) // 55.5% (33.8) // 55.0% (33.2)",
        "oppCorsi": "51.2% (57.9) // 50.6% (57.8) // 49.2% (57.6) // 51.9% (60.6)",
        "oppFenwick": "51.5% (43.7) // 49.5% (43.7) // 47.4% (42.7) // 51.1% (45.7)",
        "oppShots": "52.5% (32.5) // 51.5% (32.3) // 50.8% (32.3) // 55.4% (35.0)",
        "oppScoring": "53.0% (32.2) // 54.0% (33.7) // 55.4% (34.2) // 57.7% (34.1)",
        "oppCorsiAgainst": "48.8% (55.1) // 49.4% (56.5) // 50.8% (59.6) // 48.1% (56.1)",
        "oppFenwickAgainst": "48.5% (41.1) // 50.5% (44.5) // 52.6% (47.4) // 48.9% (43.8)",
        "oppShotsAgainst": "47.5% (29.4) // 48.5% (30.4) // 49.2% (31.3) // 44.6% (28.2)",
        "oppScoringAgainst": "47.0% (28.5) // 46.0% (28.7) // 44.6% (27.5) // 42.3% (25.0)",
        "savesPerGame": 31.3,
        "savesPerGameLast1": 30.0,
        "savesPerGameLast3": 29.3,
        "savesPerGameLast5": 30.6,
        "savesPer60": 31.2,
        "savesPer60Last1": 29.5,
        "savesPer60Last3": 29.3,
        "savesPer60Last5": 30.8,
        "shotsPerGame": 29.7,
        "shotsPerGameLast5": 31.2,
        "shotsAgainstPerGame": 35.2,
        "shotsAgainstPerGameLast5": 36.8,
        "oppSavesAgainstPer60": 29.1,
        "oppSavesAgainstPer60Last1": 35.0,
        "oppSavesAgainstPer60Last3": 34.9,
        "oppSavesAgainstPer60Last5": 30.8,
        "oppShotsAgainstPerGame": 29.7,
        "oppShotsAgainstPerGameLast5": 31.8,
        "savesProj": 32.8,
        "savesProjLast5": 33.7,
        "savesProjLast3": 35.8,
        "oppSavesAgainstProj": 32.2,
        "oppSavesAgainstProjLast5": 34.2,
        "oppSavesAgainstProjLast3": 37.9,
        "totalOver": 32,
        "totalOverLast5": 60,
        "totalOverLast15": 27,
        "lastTotalOver": 0,
        "last5": "1,1,0,0,1,0,1,0,0,0",
        "overOdds": "+245",
        "underOdds": "0",
        "overUnder": "+245 / 0"
    },
    {
        "player": "Patrice Bergeron",
        "team": "BOS",
        "opponent": "CBJ",
        "propType": "g",
        "line": 0.5,
        "ppLine": "PP1",
        "avg": 0.37,
        "hit": false,
        "diffAvg": -0.26,
        "diffAbs": 0.4,
        "lastAvg": 0.31,
        "diff": -0.38,
        "avgMin": 17,
        "proj": 0.3,
        "lastAvgMin": 18.17,
        "oppOver": 0,
        "teamOver": 0,
        "gameLine": "-450",
        "+/-": "+33",
        "L5_+/-": "+4.0",
        "prevMatchup": "2022-12-17 0.0 g 2022-10-28 0.0 g",
        "winLossSplits": "0.46 - 0.11",
        "awayHome": "H",
        "playedYesterday": "N",
        "awayHomeSplits": "0.36 - 0.38",
        "savesAboveExp": "-",
        "gsaa": "-",
        "corsi": "51.2% (57.9) // 50.6% (57.8) // 49.2% (57.6) // 51.9% (60.6)",
        "fenwick": "51.5% (43.7) // 49.5% (43.7) // 47.4% (42.7) // 51.1% (45.7)",
        "shots": "52.5% (32.5) // 51.5% (32.3) // 50.8% (32.3) // 55.4% (35.0)",
        "scoring": "53.0% (32.2) // 54.0% (33.7) // 55.4% (34.2) // 57.7% (34.1)",
        "corsiAgainst": "48.8% (55.1) // 49.4% (56.5) // 50.8% (59.6) // 48.1% (56.1)",
        "fenwickAgainst": "48.5% (41.1) // 50.5% (44.5) // 52.6% (47.4) // 48.9% (43.8)",
        "shotsAgainst": "47.5% (29.4) // 48.5% (30.4) // 49.2% (31.3) // 44.6% (28.2)",
        "scoringAgainst": "47.0% (28.5) // 46.0% (28.7) // 44.6% (27.5) // 42.3% (25.0)",
        "oppCorsi": "46.0% (55.6) // 47.7% (60.1) // 44.5% (53.2) // 43.8% (50.8)",
        "oppFenwick": "45.9% (41.4) // 47.8% (45.3) // 43.7% (39.4) // 43.0% (37.9)",
        "oppShots": "45.8% (29.5) // 48.6% (33.6) // 45.4% (29.3) // 43.0% (26.6)",
        "oppScoring": "45.3% (27.2) // 46.9% (32.1) // 44.5% (27.1) // 45.0% (27.2)",
        "oppCorsiAgainst": "54.0% (65.2) // 52.3% (66.0) // 55.5% (66.3) // 56.2% (65.1)",
        "oppFenwickAgainst": "54.1% (48.8) // 52.2% (49.4) // 56.3% (50.8) // 57.0% (50.1)",
        "oppShotsAgainst": "54.2% (34.9) // 51.4% (35.5) // 54.6% (35.3) // 57.0% (35.2)",
        "oppScoringAgainst": "54.7% (32.9) // 53.1% (36.5) // 55.5% (33.8) // 55.0% (33.2)",
        "savesPerGame": 27.6,
        "savesPerGameLast1": 21.0,
        "savesPerGameLast3": 27.0,
        "savesPerGameLast5": 30.0,
        "savesPer60": 27.8,
        "savesPer60Last1": 20.3,
        "savesPer60Last3": 27.4,
        "savesPer60Last5": 30.3,
        "shotsPerGame": 32.9,
        "shotsPerGameLast5": 32.8,
        "shotsAgainstPerGame": 29.7,
        "shotsAgainstPerGameLast5": 31.8,
        "oppSavesAgainstPer60": 27.1,
        "oppSavesAgainstPer60Last1": 27.9,
        "oppSavesAgainstPer60Last3": 23.9,
        "oppSavesAgainstPer60Last5": 27.7,
        "oppShotsAgainstPerGame": 35.2,
        "oppShotsAgainstPerGameLast5": 36.8,
        "savesProj": 24.1,
        "savesProjLast5": 26.8,
        "savesProjLast3": 20.8,
        "oppSavesAgainstProj": 26.3,
        "oppSavesAgainstProjLast5": 29.2,
        "oppSavesAgainstProjLast3": 22.0,
        "totalOver": 34,
        "totalOverLast5": 40,
        "totalOverLast15": 40,
        "lastTotalOver": 31,
        "last5": "0,1,0,0,1,1,0,0,0,1",
        "overOdds": "+145",
        "underOdds": "0",
        "overUnder": "+145 / 0"
    },
    {
        "player": "Charlie Mcavoy",
        "team": "BOS",
        "opponent": "CBJ",
        "propType": "g",
        "line": 0.5,
        "ppLine": "PP2",
        "avg": 0.1,
        "hit": false,
        "diffAvg": -0.8,
        "diffAbs": 0.8,
        "lastAvg": 0.12,
        "diff": -0.76,
        "avgMin": 22,
        "proj": 0.1,
        "lastAvgMin": 24.65,
        "oppOver": 0,
        "teamOver": 0,
        "gameLine": "-450",
        "+/-": "+32",
        "L5_+/-": "+7.0",
        "prevMatchup": "2022-12-17 0.0 g",
        "winLossSplits": "0.12 - 0.06",
        "awayHome": "H",
        "playedYesterday": "N",
        "awayHomeSplits": "0.13 - 0.07",
        "savesAboveExp": "-",
        "gsaa": "-",
        "corsi": "51.2% (57.9) // 50.6% (57.8) // 49.2% (57.6) // 51.9% (60.6)",
        "fenwick": "51.5% (43.7) // 49.5% (43.7) // 47.4% (42.7) // 51.1% (45.7)",
        "shots": "52.5% (32.5) // 51.5% (32.3) // 50.8% (32.3) // 55.4% (35.0)",
        "scoring": "53.0% (32.2) // 54.0% (33.7) // 55.4% (34.2) // 57.7% (34.1)",
        "corsiAgainst": "48.8% (55.1) // 49.4% (56.5) // 50.8% (59.6) // 48.1% (56.1)",
        "fenwickAgainst": "48.5% (41.1) // 50.5% (44.5) // 52.6% (47.4) // 48.9% (43.8)",
        "shotsAgainst": "47.5% (29.4) // 48.5% (30.4) // 49.2% (31.3) // 44.6% (28.2)",
        "scoringAgainst": "47.0% (28.5) // 46.0% (28.7) // 44.6% (27.5) // 42.3% (25.0)",
        "oppCorsi": "46.0% (55.6) // 47.7% (60.1) // 44.5% (53.2) // 43.8% (50.8)",
        "oppFenwick": "45.9% (41.4) // 47.8% (45.3) // 43.7% (39.4) // 43.0% (37.9)",
        "oppShots": "45.8% (29.5) // 48.6% (33.6) // 45.4% (29.3) // 43.0% (26.6)",
        "oppScoring": "45.3% (27.2) // 46.9% (32.1) // 44.5% (27.1) // 45.0% (27.2)",
        "oppCorsiAgainst": "54.0% (65.2) // 52.3% (66.0) // 55.5% (66.3) // 56.2% (65.1)",
        "oppFenwickAgainst": "54.1% (48.8) // 52.2% (49.4) // 56.3% (50.8) // 57.0% (50.1)",
        "oppShotsAgainst": "54.2% (34.9) // 51.4% (35.5) // 54.6% (35.3) // 57.0% (35.2)",
        "oppScoringAgainst": "54.7% (32.9) // 53.1% (36.5) // 55.5% (33.8) // 55.0% (33.2)",
        "savesPerGame": 27.6,
        "savesPerGameLast1": 21.0,
        "savesPerGameLast3": 27.0,
        "savesPerGameLast5": 30.0,
        "savesPer60": 27.8,
        "savesPer60Last1": 20.3,
        "savesPer60Last3": 27.4,
        "savesPer60Last5": 30.3,
        "shotsPerGame": 32.9,
        "shotsPerGameLast5": 32.8,
        "shotsAgainstPerGame": 29.7,
        "shotsAgainstPerGameLast5": 31.8,
        "oppSavesAgainstPer60": 27.1,
        "oppSavesAgainstPer60Last1": 27.9,
        "oppSavesAgainstPer60Last3": 23.9,
        "oppSavesAgainstPer60Last5": 27.7,
        "oppShotsAgainstPerGame": 35.2,
        "oppShotsAgainstPerGameLast5": 36.8,
        "savesProj": 24.1,
        "savesProjLast5": 26.8,
        "savesProjLast3": 20.8,
        "oppSavesAgainstProj": 26.3,
        "oppSavesAgainstProjLast5": 29.2,
        "oppSavesAgainstProjLast3": 22.0,
        "totalOver": 10,
        "totalOverLast5": 0,
        "totalOverLast15": 7,
        "lastTotalOver": 9,
        "last5": "0,0,0,0,0,1,0,0,0,0",
        "overOdds": "+450",
        "underOdds": "0",
        "overUnder": "+450 / 0"
    },
    {
        "player": "David Krejci",
        "team": "BOS",
        "opponent": "CBJ",
        "propType": "g",
        "line": 0.5,
        "ppLine": "PP2",
        "avg": 0.24,
        "hit": false,
        "diffAvg": -0.52,
        "diffAbs": 1.0,
        "lastAvg": 0,
        "diff": 0,
        "avgMin": 17,
        "proj": 0.0,
        "lastAvgMin": 0,
        "oppOver": 0,
        "teamOver": 0,
        "gameLine": "-450",
        "+/-": "+25",
        "L5_+/-": "+4.0",
        "prevMatchup": "2022-12-17 1.0 g",
        "winLossSplits": "0.3 - 0.05",
        "awayHome": "H",
        "playedYesterday": "N",
        "awayHomeSplits": "0.22 - 0.25",
        "savesAboveExp": "-",
        "gsaa": "-",
        "corsi": "51.2% (57.9) // 50.6% (57.8) // 49.2% (57.6) // 51.9% (60.6)",
        "fenwick": "51.5% (43.7) // 49.5% (43.7) // 47.4% (42.7) // 51.1% (45.7)",
        "shots": "52.5% (32.5) // 51.5% (32.3) // 50.8% (32.3) // 55.4% (35.0)",
        "scoring": "53.0% (32.2) // 54.0% (33.7) // 55.4% (34.2) // 57.7% (34.1)",
        "corsiAgainst": "48.8% (55.1) // 49.4% (56.5) // 50.8% (59.6) // 48.1% (56.1)",
        "fenwickAgainst": "48.5% (41.1) // 50.5% (44.5) // 52.6% (47.4) // 48.9% (43.8)",
        "shotsAgainst": "47.5% (29.4) // 48.5% (30.4) // 49.2% (31.3) // 44.6% (28.2)",
        "scoringAgainst": "47.0% (28.5) // 46.0% (28.7) // 44.6% (27.5) // 42.3% (25.0)",
        "oppCorsi": "46.0% (55.6) // 47.7% (60.1) // 44.5% (53.2) // 43.8% (50.8)",
        "oppFenwick": "45.9% (41.4) // 47.8% (45.3) // 43.7% (39.4) // 43.0% (37.9)",
        "oppShots": "45.8% (29.5) // 48.6% (33.6) // 45.4% (29.3) // 43.0% (26.6)",
        "oppScoring": "45.3% (27.2) // 46.9% (32.1) // 44.5% (27.1) // 45.0% (27.2)",
        "oppCorsiAgainst": "54.0% (65.2) // 52.3% (66.0) // 55.5% (66.3) // 56.2% (65.1)",
        "oppFenwickAgainst": "54.1% (48.8) // 52.2% (49.4) // 56.3% (50.8) // 57.0% (50.1)",
        "oppShotsAgainst": "54.2% (34.9) // 51.4% (35.5) // 54.6% (35.3) // 57.0% (35.2)",
        "oppScoringAgainst": "54.7% (32.9) // 53.1% (36.5) // 55.5% (33.8) // 55.0% (33.2)",
        "savesPerGame": 27.6,
        "savesPerGameLast1": 21.0,
        "savesPerGameLast3": 27.0,
        "savesPerGameLast5": 30.0,
        "savesPer60": 27.8,
        "savesPer60Last1": 20.3,
        "savesPer60Last3": 27.4,
        "savesPer60Last5": 30.3,
        "shotsPerGame": 32.9,
        "shotsPerGameLast5": 32.8,
        "shotsAgainstPerGame": 29.7,
        "shotsAgainstPerGameLast5": 31.8,
        "oppSavesAgainstPer60": 27.1,
        "oppSavesAgainstPer60Last1": 27.9,
        "oppSavesAgainstPer60Last3": 23.9,
        "oppSavesAgainstPer60Last5": 27.7,
        "oppShotsAgainstPerGame": 35.2,
        "oppShotsAgainstPerGameLast5": 36.8,
        "savesProj": 24.1,
        "savesProjLast5": 26.8,
        "savesProjLast3": 20.8,
        "oppSavesAgainstProj": 26.3,
        "oppSavesAgainstProjLast5": 29.2,
        "oppSavesAgainstProjLast3": 22.0,
        "totalOver": 21,
        "totalOverLast5": 40,
        "totalOverLast15": 20,
        "lastTotalOver": 0,
        "last5": "0,0,0,1,1,1,0,0,0,0",
        "overOdds": "+250",
        "underOdds": "0",
        "overUnder": "+250 / 0"
    },
    {
        "player": "Hampus Lindholm",
        "team": "BOS",
        "opponent": "CBJ",
        "propType": "g",
        "line": 0.5,
        "ppLine": "PP1",
        "avg": 0.14,
        "hit": false,
        "diffAvg": -0.72,
        "diffAbs": 0.8,
        "lastAvg": 0.07,
        "diff": -0.86,
        "avgMin": 23,
        "proj": 0.1,
        "lastAvgMin": 22.5,
        "oppOver": 0,
        "teamOver": 0,
        "gameLine": "-450",
        "+/-": "+45",
        "L5_+/-": "+5.0",
        "prevMatchup": "2022-12-17 0.0 g 2022-10-28 0.0 g",
        "winLossSplits": "0.16 - 0.06",
        "awayHome": "H",
        "playedYesterday": "N",
        "awayHomeSplits": "0.2 - 0.08",
        "savesAboveExp": "-",
        "gsaa": "-",
        "corsi": "51.2% (57.9) // 50.6% (57.8) // 49.2% (57.6) // 51.9% (60.6)",
        "fenwick": "51.5% (43.7) // 49.5% (43.7) // 47.4% (42.7) // 51.1% (45.7)",
        "shots": "52.5% (32.5) // 51.5% (32.3) // 50.8% (32.3) // 55.4% (35.0)",
        "scoring": "53.0% (32.2) // 54.0% (33.7) // 55.4% (34.2) // 57.7% (34.1)",
        "corsiAgainst": "48.8% (55.1) // 49.4% (56.5) // 50.8% (59.6) // 48.1% (56.1)",
        "fenwickAgainst": "48.5% (41.1) // 50.5% (44.5) // 52.6% (47.4) // 48.9% (43.8)",
        "shotsAgainst": "47.5% (29.4) // 48.5% (30.4) // 49.2% (31.3) // 44.6% (28.2)",
        "scoringAgainst": "47.0% (28.5) // 46.0% (28.7) // 44.6% (27.5) // 42.3% (25.0)",
        "oppCorsi": "46.0% (55.6) // 47.7% (60.1) // 44.5% (53.2) // 43.8% (50.8)",
        "oppFenwick": "45.9% (41.4) // 47.8% (45.3) // 43.7% (39.4) // 43.0% (37.9)",
        "oppShots": "45.8% (29.5) // 48.6% (33.6) // 45.4% (29.3) // 43.0% (26.6)",
        "oppScoring": "45.3% (27.2) // 46.9% (32.1) // 44.5% (27.1) // 45.0% (27.2)",
        "oppCorsiAgainst": "54.0% (65.2) // 52.3% (66.0) // 55.5% (66.3) // 56.2% (65.1)",
        "oppFenwickAgainst": "54.1% (48.8) // 52.2% (49.4) // 56.3% (50.8) // 57.0% (50.1)",
        "oppShotsAgainst": "54.2% (34.9) // 51.4% (35.5) // 54.6% (35.3) // 57.0% (35.2)",
        "oppScoringAgainst": "54.7% (32.9) // 53.1% (36.5) // 55.5% (33.8) // 55.0% (33.2)",
        "savesPerGame": 27.6,
        "savesPerGameLast1": 21.0,
        "savesPerGameLast3": 27.0,
        "savesPerGameLast5": 30.0,
        "savesPer60": 27.8,
        "savesPer60Last1": 20.3,
        "savesPer60Last3": 27.4,
        "savesPer60Last5": 30.3,
        "shotsPerGame": 32.9,
        "shotsPerGameLast5": 32.8,
        "shotsAgainstPerGame": 29.7,
        "shotsAgainstPerGameLast5": 31.8,
        "oppSavesAgainstPer60": 27.1,
        "oppSavesAgainstPer60Last1": 27.9,
        "oppSavesAgainstPer60Last3": 23.9,
        "oppSavesAgainstPer60Last5": 27.7,
        "oppShotsAgainstPerGame": 35.2,
        "oppShotsAgainstPerGameLast5": 36.8,
        "savesProj": 24.1,
        "savesProjLast5": 26.8,
        "savesProjLast3": 20.8,
        "oppSavesAgainstProj": 26.3,
        "oppSavesAgainstProjLast5": 29.2,
        "oppSavesAgainstProjLast3": 22.0,
        "totalOver": 14,
        "totalOverLast5": 20,
        "totalOverLast15": 20,
        "lastTotalOver": 6,
        "last5": "0,0,0,0,1,0,0,1,1,0",
        "overOdds": "+450",
        "underOdds": "0",
        "overUnder": "+450 / 0"
    },
    {
        "player": "Jack Roslovic",
        "team": "CBJ",
        "opponent": "BOS",
        "propType": "g",
        "line": 0.5,
        "ppLine": "PP1",
        "avg": 0.13,
        "hit": false,
        "diffAvg": -0.74,
        "diffAbs": 0.4,
        "lastAvg": 0.27,
        "diff": -0.46,
        "avgMin": 16,
        "proj": 0.3,
        "lastAvgMin": 14.27,
        "oppOver": 0,
        "teamOver": 0,
        "gameLine": "+360",
        "+/-": -10,
        "L5_+/-": -6.0,
        "prevMatchup": "2022-12-17 0.0 g 2022-10-28 0.0 g",
        "winLossSplits": "0.29 - 0.06",
        "awayHome": "A",
        "playedYesterday": "N",
        "awayHomeSplits": "0.08 - 0.18",
        "savesAboveExp": 0.892,
        "gsaa": 44.65,
        "corsi": "46.0% (55.6) // 47.7% (60.1) // 44.5% (53.2) // 43.8% (50.8)",
        "fenwick": "45.9% (41.4) // 47.8% (45.3) // 43.7% (39.4) // 43.0% (37.9)",
        "shots": "45.8% (29.5) // 48.6% (33.6) // 45.4% (29.3) // 43.0% (26.6)",
        "scoring": "45.3% (27.2) // 46.9% (32.1) // 44.5% (27.1) // 45.0% (27.2)",
        "corsiAgainst": "54.0% (65.2) // 52.3% (66.0) // 55.5% (66.3) // 56.2% (65.1)",
        "fenwickAgainst": "54.1% (48.8) // 52.2% (49.4) // 56.3% (50.8) // 57.0% (50.1)",
        "shotsAgainst": "54.2% (34.9) // 51.4% (35.5) // 54.6% (35.3) // 57.0% (35.2)",
        "scoringAgainst": "54.7% (32.9) // 53.1% (36.5) // 55.5% (33.8) // 55.0% (33.2)",
        "oppCorsi": "51.2% (57.9) // 50.6% (57.8) // 49.2% (57.6) // 51.9% (60.6)",
        "oppFenwick": "51.5% (43.7) // 49.5% (43.7) // 47.4% (42.7) // 51.1% (45.7)",
        "oppShots": "52.5% (32.5) // 51.5% (32.3) // 50.8% (32.3) // 55.4% (35.0)",
        "oppScoring": "53.0% (32.2) // 54.0% (33.7) // 55.4% (34.2) // 57.7% (34.1)",
        "oppCorsiAgainst": "48.8% (55.1) // 49.4% (56.5) // 50.8% (59.6) // 48.1% (56.1)",
        "oppFenwickAgainst": "48.5% (41.1) // 50.5% (44.5) // 52.6% (47.4) // 48.9% (43.8)",
        "oppShotsAgainst": "47.5% (29.4) // 48.5% (30.4) // 49.2% (31.3) // 44.6% (28.2)",
        "oppScoringAgainst": "47.0% (28.5) // 46.0% (28.7) // 44.6% (27.5) // 42.3% (25.0)",
        "savesPerGame": 31.3,
        "savesPerGameLast1": 30.0,
        "savesPerGameLast3": 29.3,
        "savesPerGameLast5": 30.6,
        "savesPer60": 31.2,
        "savesPer60Last1": 29.5,
        "savesPer60Last3": 29.3,
        "savesPer60Last5": 30.8,
        "shotsPerGame": 29.7,
        "shotsPerGameLast5": 31.2,
        "shotsAgainstPerGame": 35.2,
        "shotsAgainstPerGameLast5": 36.8,
        "oppSavesAgainstPer60": 29.1,
        "oppSavesAgainstPer60Last1": 35.0,
        "oppSavesAgainstPer60Last3": 34.9,
        "oppSavesAgainstPer60Last5": 30.8,
        "oppShotsAgainstPerGame": 29.7,
        "oppShotsAgainstPerGameLast5": 31.8,
        "savesProj": 32.8,
        "savesProjLast5": 33.7,
        "savesProjLast3": 35.8,
        "oppSavesAgainstProj": 32.2,
        "oppSavesAgainstProjLast5": 34.2,
        "oppSavesAgainstProjLast3": 37.9,
        "totalOver": 9,
        "totalOverLast5": 20,
        "totalOverLast15": 13,
        "lastTotalOver": 19,
        "last5": "0,0,0,2,0,0,0,0,0,0",
        "overOdds": "+360",
        "underOdds": "0",
        "overUnder": "+360 / 0"
    },
    {
        "player": "Kent Johnson",
        "team": "CBJ",
        "opponent": "BOS",
        "propType": "g",
        "line": 0.5,
        "ppLine": "PP2",
        "avg": 0.21,
        "hit": false,
        "diffAvg": -0.58,
        "diffAbs": 1.0,
        "lastAvg": 0,
        "diff": 0,
        "avgMin": 14,
        "proj": 0.0,
        "lastAvgMin": 0,
        "oppOver": 0,
        "teamOver": 0,
        "gameLine": "+360",
        "+/-": -13,
        "L5_+/-": -9.0,
        "prevMatchup": "2022-12-17 0.0 g 2022-10-28 0.0 g",
        "winLossSplits": "0.36 - 0.13",
        "awayHome": "A",
        "playedYesterday": "N",
        "awayHomeSplits": "0.2 - 0.23",
        "savesAboveExp": 0.892,
        "gsaa": 44.65,
        "corsi": "46.0% (55.6) // 47.7% (60.1) // 44.5% (53.2) // 43.8% (50.8)",
        "fenwick": "45.9% (41.4) // 47.8% (45.3) // 43.7% (39.4) // 43.0% (37.9)",
        "shots": "45.8% (29.5) // 48.6% (33.6) // 45.4% (29.3) // 43.0% (26.6)",
        "scoring": "45.3% (27.2) // 46.9% (32.1) // 44.5% (27.1) // 45.0% (27.2)",
