[
    {
        "player": "Aaron Ekblad",
        "team": "FLA",
        "opponent": "CAR",
        "propType": "g",
        "line": 0.5,
        "ppLine": "PP2",
        "avg": 0.18,
        "hit": false,
        "diffAvg": -0.64,
        "diffAbs": 0.6,
        "lastAvg": 0.21,
        "diff": -0.58,
        "avgMin": 23,
        "proj": 0.2,
        "lastAvgMin": 24.92,
        "oppOver": 0,
        "teamOver": 0,
        "gameLine": "-115",
        "+/-": -8,
        "L5_+/-": "+5.0",
        "prevMatchup": "2023-05-22 0.0 g 2023-05-20 0.0 g 2023-05-18 0.0 g 2023-04-13 0.0 g 2022-12-30 0.0 g",
        "winLossSplits": "19% - 11%",
        "awayHome": "H",
        "playedYesterday": "N",
        "awayHomeSplits": "14% - 17%",
        "savesAboveExp": -0.44,
        "gsaa": -0.71,
        "corsi": "54.2% (66.3) // 52.5% (66.0) // 54.2% (66.3) // 54.2% (66.3)",
        "fenwick": "53.6% (49.9) // 52.0% (49.3) // 53.6% (49.9) // 53.6% (49.9)",
        "shots": "53.7% (36.5) // 51.9% (35.5) // 53.7% (36.5) // 53.7% (36.5)",
        "scoring": "54.6% (34.8) // 53.4% (34.0) // 54.6% (34.8) // 54.6% (34.8)",
        "corsiAgainst": "45.8% (56.1) // 47.5% (59.7) // 45.8% (56.1) // 45.8% (56.1)",
        "fenwickAgainst": "46.4% (43.2) // 48.0% (45.5) // 46.4% (43.2) // 46.4% (43.2)",
        "shotsAgainst": "46.3% (31.5) // 48.1% (33.0) // 46.3% (31.5) // 46.3% (31.5)",
        "scoringAgainst": "45.4% (28.9) // 46.6% (29.7) // 45.4% (28.9) // 45.4% (28.9)",
        "oppCorsi": "59.9% (67.4) // 61.2% (68.8) // 59.9% (67.4) // 59.9% (67.4)",
        "oppFenwick": "59.1% (50.8) // 60.1% (51.8) // 59.1% (50.8) // 59.1% (50.8)",
        "oppShots": "57.2% (34.3) // 58.4% (34.4) // 57.2% (34.3) // 57.2% (34.3)",
        "oppScoring": "58.9% (33.3) // 62.3% (33.3) // 58.9% (33.3) // 58.9% (33.3)",
        "oppCorsiAgainst": "40.1% (45.2) // 38.8% (43.6) // 40.1% (45.2) // 40.1% (45.2)",
        "oppFenwickAgainst": "40.9% (35.1) // 39.9% (34.4) // 40.9% (35.1) // 40.9% (35.1)",
        "oppShotsAgainst": "42.8% (25.6) // 41.6% (24.5) // 42.8% (25.6) // 42.8% (25.6)",
        "oppScoringAgainst": "41.1% (23.3) // 37.7% (20.2) // 41.1% (23.3) // 41.1% (23.3)",
        "savesPerGame": 28.4,
        "savesPerGameLast1": 32.0,
        "savesPerGameLast3": 44.0,
        "savesPerGameLast5": 41.2,
        "savesPer60": 34.1,
        "savesPer60Last1": 31.7,
        "savesPer60Last3": 63.8,
        "savesPer60Last5": 54.3,
        "shotsPerGame": 36.8,
        "shotsPerGameLast5": 34.4,
        "shotsAgainstPerGame": 31.7,
        "shotsAgainstPerGameLast5": 42.6,
        "oppSavesAgainstPer60": 37.7,
        "oppSavesAgainstPer60Last1": 32.0,
        "oppSavesAgainstPer60Last3": 44.3,
        "oppSavesAgainstPer60Last5": 38.8,
        "oppShotsAgainstPerGame": 26.0,
        "oppShotsAgainstPerGameLast5": 30.8,
        "savesProj": 38.7,
        "savesProjLast5": 74.1,
        "savesProjLast3": 100.2,
        "oppSavesAgainstProj": 36.7,
        "oppSavesAgainstProjLast5": 44.6,
        "oppSavesAgainstProjLast3": 51.7,
        "totalOver": 15,
        "totalOverLast5": 20,
        "totalOverLast15": 7,
        "lastTotalOver": 20,
        "last5": "0,0,0,1,0,0,0,0,0,0",
        "overOdds": "+450",
        "underOdds": "0",
        "overUnder": "+450 / 0"
    },
    {
        "player": "Anthony Duclair",
        "team": "FLA",
        "opponent": "CAR",
        "propType": "g",
        "line": 0.5,
        "ppLine": "PP2",
        "avg": 0.12,
        "hit": false,
        "diffAvg": -0.76,
        "diffAbs": 1.0,
        "lastAvg": 0,
        "diff": 0,
        "avgMin": 15,
        "proj": 0.0,
        "lastAvgMin": 0,
        "oppOver": 0,
        "teamOver": 0,
        "gameLine": "-115",
        "+/-": "+1",
        "L5_+/-": "+2.0",
        "prevMatchup": "2023-05-22 0.0 g 2023-05-20 0.0 g 2023-05-18 0.0 g 2023-04-13 1.0 g",
        "winLossSplits": "13% - 9%",
        "awayHome": "H",
        "playedYesterday": "N",
        "awayHomeSplits": "12% - 11%",
        "savesAboveExp": -0.44,
        "gsaa": -0.71,
        "corsi": "54.2% (66.3) // 52.5% (66.0) // 54.2% (66.3) // 54.2% (66.3)",
        "fenwick": "53.6% (49.9) // 52.0% (49.3) // 53.6% (49.9) // 53.6% (49.9)",
        "shots": "53.7% (36.5) // 51.9% (35.5) // 53.7% (36.5) // 53.7% (36.5)",
        "scoring": "54.6% (34.8) // 53.4% (34.0) // 54.6% (34.8) // 54.6% (34.8)",
        "corsiAgainst": "45.8% (56.1) // 47.5% (59.7) // 45.8% (56.1) // 45.8% (56.1)",
        "fenwickAgainst": "46.4% (43.2) // 48.0% (45.5) // 46.4% (43.2) // 46.4% (43.2)",
        "shotsAgainst": "46.3% (31.5) // 48.1% (33.0) // 46.3% (31.5) // 46.3% (31.5)",
        "scoringAgainst": "45.4% (28.9) // 46.6% (29.7) // 45.4% (28.9) // 45.4% (28.9)",
        "oppCorsi": "59.9% (67.4) // 61.2% (68.8) // 59.9% (67.4) // 59.9% (67.4)",
        "oppFenwick": "59.1% (50.8) // 60.1% (51.8) // 59.1% (50.8) // 59.1% (50.8)",
        "oppShots": "57.2% (34.3) // 58.4% (34.4) // 57.2% (34.3) // 57.2% (34.3)",
        "oppScoring": "58.9% (33.3) // 62.3% (33.3) // 58.9% (33.3) // 58.9% (33.3)",
        "oppCorsiAgainst": "40.1% (45.2) // 38.8% (43.6) // 40.1% (45.2) // 40.1% (45.2)",
        "oppFenwickAgainst": "40.9% (35.1) // 39.9% (34.4) // 40.9% (35.1) // 40.9% (35.1)",
        "oppShotsAgainst": "42.8% (25.6) // 41.6% (24.5) // 42.8% (25.6) // 42.8% (25.6)",
        "oppScoringAgainst": "41.1% (23.3) // 37.7% (20.2) // 41.1% (23.3) // 41.1% (23.3)",
        "savesPerGame": 28.4,
        "savesPerGameLast1": 32.0,
        "savesPerGameLast3": 44.0,
        "savesPerGameLast5": 41.2,
        "savesPer60": 34.1,
        "savesPer60Last1": 31.7,
        "savesPer60Last3": 63.8,
        "savesPer60Last5": 54.3,
        "shotsPerGame": 36.8,
        "shotsPerGameLast5": 34.4,
        "shotsAgainstPerGame": 31.7,
        "shotsAgainstPerGameLast5": 42.6,
        "oppSavesAgainstPer60": 37.7,
        "oppSavesAgainstPer60Last1": 32.0,
        "oppSavesAgainstPer60Last3": 44.3,
        "oppSavesAgainstPer60Last5": 38.8,
        "oppShotsAgainstPerGame": 26.0,
        "oppShotsAgainstPerGameLast5": 30.8,
        "savesProj": 38.7,
        "savesProjLast5": 74.1,
        "savesProjLast3": 100.2,
        "oppSavesAgainstProj": 36.7,
        "oppSavesAgainstProjLast5": 44.6,
        "oppSavesAgainstProjLast3": 51.7,
        "totalOver": 12,
        "totalOverLast5": 0,
        "totalOverLast15": 13,
        "lastTotalOver": 0,
        "last5": "0,0,0,0,0,1,0,0,0,0",
        "overOdds": "+280",
        "underOdds": "0",
        "overUnder": "+280 / 0"
    },
    {
        "player": "Brady Skjei",
        "team": "CAR",
        "opponent": "FLA",
        "propType": "g",
        "line": 0.5,
        "ppLine": "",
        "avg": 0.2,
        "hit": false,
        "diffAvg": -0.6,
        "diffAbs": 0.8,
        "lastAvg": 0.09,
        "diff": -0.82,
        "avgMin": 22,
        "proj": 0.1,
        "lastAvgMin": 21.13,
        "oppOver": 0,
        "teamOver": 0,
        "gameLine": "-105",
        "+/-": "+3",
        "L5_+/-": -1.0,
        "prevMatchup": "2023-05-22 0.0 g 2023-05-20 0.0 g 2023-05-18 0.0 g 2023-04-13 0.0 g 2022-12-30 0.0 g 2022-11-09 0.0 g",
        "winLossSplits": "24% - 14%",
        "awayHome": "A",
        "playedYesterday": "N",
        "awayHomeSplits": "20% - 20%",
        "savesAboveExp": -0.102,
        "gsaa": -4.63,
        "corsi": "59.9% (67.4) // 61.2% (68.8) // 59.9% (67.4) // 59.9% (67.4)",
        "fenwick": "59.1% (50.8) // 60.1% (51.8) // 59.1% (50.8) // 59.1% (50.8)",
        "shots": "57.2% (34.3) // 58.4% (34.4) // 57.2% (34.3) // 57.2% (34.3)",
        "scoring": "58.9% (33.3) // 62.3% (33.3) // 58.9% (33.3) // 58.9% (33.3)",
        "corsiAgainst": "40.1% (45.2) // 38.8% (43.6) // 40.1% (45.2) // 40.1% (45.2)",
        "fenwickAgainst": "40.9% (35.1) // 39.9% (34.4) // 40.9% (35.1) // 40.9% (35.1)",
        "shotsAgainst": "42.8% (25.6) // 41.6% (24.5) // 42.8% (25.6) // 42.8% (25.6)",
        "scoringAgainst": "41.1% (23.3) // 37.7% (20.2) // 41.1% (23.3) // 41.1% (23.3)",
        "oppCorsi": "54.2% (66.3) // 52.5% (66.0) // 54.2% (66.3) // 54.2% (66.3)",
        "oppFenwick": "53.6% (49.9) // 52.0% (49.3) // 53.6% (49.9) // 53.6% (49.9)",
        "oppShots": "53.7% (36.5) // 51.9% (35.5) // 53.7% (36.5) // 53.7% (36.5)",
        "oppScoring": "54.6% (34.8) // 53.4% (34.0) // 54.6% (34.8) // 54.6% (34.8)",
        "oppCorsiAgainst": "45.8% (56.1) // 47.5% (59.7) // 45.8% (56.1) // 45.8% (56.1)",
        "oppFenwickAgainst": "46.4% (43.2) // 48.0% (45.5) // 46.4% (43.2) // 46.4% (43.2)",
        "oppShotsAgainst": "46.3% (31.5) // 48.1% (33.0) // 46.3% (31.5) // 46.3% (31.5)",
        "oppScoringAgainst": "45.4% (28.9) // 46.6% (29.7) // 45.4% (28.9) // 45.4% (28.9)",
        "savesPerGame": 23.4,
        "savesPerGameLast1": 16.0,
        "savesPerGameLast3": 32.3,
        "savesPerGameLast5": 29.0,
        "savesPer60": 28.0,
        "savesPer60Last1": 15.1,
        "savesPer60Last3": 46.4,
        "savesPer60Last5": 37.3,
        "shotsPerGame": 34.8,
        "shotsPerGameLast5": 40.4,
        "shotsAgainstPerGame": 26.0,
        "shotsAgainstPerGameLast5": 30.8,
        "oppSavesAgainstPer60": 40.0,
        "oppSavesAgainstPer60Last1": 16.5,
        "oppSavesAgainstPer60Last3": 32.1,
        "oppSavesAgainstPer60Last5": 33.2,
        "oppShotsAgainstPerGame": 31.7,
        "oppShotsAgainstPerGameLast5": 42.6,
        "savesProj": 26.9,
        "savesProjLast5": 35.2,
        "savesProjLast3": 44.0,
        "oppSavesAgainstProj": 31.7,
        "oppSavesAgainstProjLast5": 25.1,
        "oppSavesAgainstProjLast3": 25.9,
        "totalOver": 20,
        "totalOverLast5": 0,
        "totalOverLast15": 7,
        "lastTotalOver": 8,
        "last5": "0,0,0,0,0,0,0,1,0,0",
        "overOdds": "+550",
        "underOdds": "0",
        "overUnder": "+550 / 0"
    },
    {
        "player": "Brandon Montour",
        "team": "FLA",
        "opponent": "CAR",
        "propType": "g",
        "line": 0.5,
        "ppLine": "PP1",
        "avg": 0.23,
        "hit": false,
        "diffAvg": -0.54,
        "diffAbs": 0.6,
        "lastAvg": 0.12,
        "diff": -0.76,
        "avgMin": 24,
        "proj": 0.2,
        "lastAvgMin": 17.88,
        "oppOver": 0,
        "teamOver": 0,
        "gameLine": "-115",
        "+/-": "+14",
        "L5_+/-": "+5.0",
        "prevMatchup": "2023-05-22 0.0 g 2023-05-20 0.0 g 2023-05-18 0.0 g 2023-04-13 0.0 g 2022-12-30 0.0 g 2022-11-09 0.0 g",
        "winLossSplits": "27% - 14%",
        "awayHome": "H",
        "playedYesterday": "N",
        "awayHomeSplits": "22% - 20%",
        "savesAboveExp": -0.44,
        "gsaa": -0.71,
        "corsi": "54.2% (66.3) // 52.5% (66.0) // 54.2% (66.3) // 54.2% (66.3)",
        "fenwick": "53.6% (49.9) // 52.0% (49.3) // 53.6% (49.9) // 53.6% (49.9)",
        "shots": "53.7% (36.5) // 51.9% (35.5) // 53.7% (36.5) // 53.7% (36.5)",
        "scoring": "54.6% (34.8) // 53.4% (34.0) // 54.6% (34.8) // 54.6% (34.8)",
        "corsiAgainst": "45.8% (56.1) // 47.5% (59.7) // 45.8% (56.1) // 45.8% (56.1)",
        "fenwickAgainst": "46.4% (43.2) // 48.0% (45.5) // 46.4% (43.2) // 46.4% (43.2)",
        "shotsAgainst": "46.3% (31.5) // 48.1% (33.0) // 46.3% (31.5) // 46.3% (31.5)",
        "scoringAgainst": "45.4% (28.9) // 46.6% (29.7) // 45.4% (28.9) // 45.4% (28.9)",
        "oppCorsi": "59.9% (67.4) // 61.2% (68.8) // 59.9% (67.4) // 59.9% (67.4)",
        "oppFenwick": "59.1% (50.8) // 60.1% (51.8) // 59.1% (50.8) // 59.1% (50.8)",
        "oppShots": "57.2% (34.3) // 58.4% (34.4) // 57.2% (34.3) // 57.2% (34.3)",
        "oppScoring": "58.9% (33.3) // 62.3% (33.3) // 58.9% (33.3) // 58.9% (33.3)",
        "oppCorsiAgainst": "40.1% (45.2) // 38.8% (43.6) // 40.1% (45.2) // 40.1% (45.2)",
        "oppFenwickAgainst": "40.9% (35.1) // 39.9% (34.4) // 40.9% (35.1) // 40.9% (35.1)",
        "oppShotsAgainst": "42.8% (25.6) // 41.6% (24.5) // 42.8% (25.6) // 42.8% (25.6)",
        "oppScoringAgainst": "41.1% (23.3) // 37.7% (20.2) // 41.1% (23.3) // 41.1% (23.3)",
        "savesPerGame": 28.4,
        "savesPerGameLast1": 32.0,
        "savesPerGameLast3": 44.0,
        "savesPerGameLast5": 41.2,
        "savesPer60": 34.1,
        "savesPer60Last1": 31.7,
        "savesPer60Last3": 63.8,
        "savesPer60Last5": 54.3,
        "shotsPerGame": 36.8,
        "shotsPerGameLast5": 34.4,
        "shotsAgainstPerGame": 31.7,
        "shotsAgainstPerGameLast5": 42.6,
        "oppSavesAgainstPer60": 37.7,
        "oppSavesAgainstPer60Last1": 32.0,
        "oppSavesAgainstPer60Last3": 44.3,
        "oppSavesAgainstPer60Last5": 38.8,
        "oppShotsAgainstPerGame": 26.0,
        "oppShotsAgainstPerGameLast5": 30.8,
        "savesProj": 38.7,
        "savesProjLast5": 74.1,
        "savesProjLast3": 100.2,
        "oppSavesAgainstProj": 36.7,
        "oppSavesAgainstProjLast5": 44.6,
        "oppSavesAgainstProjLast3": 51.7,
        "totalOver": 21,
        "totalOverLast5": 0,
        "totalOverLast15": 27,
        "lastTotalOver": 13,
        "last5": "0,0,0,0,0,0,0,1,2,1",
        "overOdds": "+380",
        "underOdds": "0",
        "overUnder": "+380 / 0"
    },
    {
        "player": "Brent Burns",
        "team": "CAR",
        "opponent": "FLA",
        "propType": "g",
        "line": 0.5,
        "ppLine": "PP1",
        "avg": 0.21,
        "hit": false,
        "diffAvg": -0.58,
        "diffAbs": 0.8,
        "lastAvg": 0.12,
        "diff": -0.76,
        "avgMin": 23,
        "proj": 0.1,
        "lastAvgMin": 26.13,
        "oppOver": 0,
        "teamOver": 0,
        "gameLine": "-105",
        "+/-": "+25",
        "L5_+/-": "+5.0",
        "prevMatchup": "2023-05-22 0.0 g 2023-05-20 0.0 g 2023-05-18 0.0 g 2023-04-13 2.0 g 2022-12-30 0.0 g 2022-11-09 0.0 g",
        "winLossSplits": "25% - 11%",
        "awayHome": "A",
        "playedYesterday": "N",
        "awayHomeSplits": "23% - 16%",
        "savesAboveExp": -0.102,
        "gsaa": -4.63,
        "corsi": "59.9% (67.4) // 61.2% (68.8) // 59.9% (67.4) // 59.9% (67.4)",
        "fenwick": "59.1% (50.8) // 60.1% (51.8) // 59.1% (50.8) // 59.1% (50.8)",
        "shots": "57.2% (34.3) // 58.4% (34.4) // 57.2% (34.3) // 57.2% (34.3)",
        "scoring": "58.9% (33.3) // 62.3% (33.3) // 58.9% (33.3) // 58.9% (33.3)",
        "corsiAgainst": "40.1% (45.2) // 38.8% (43.6) // 40.1% (45.2) // 40.1% (45.2)",
        "fenwickAgainst": "40.9% (35.1) // 39.9% (34.4) // 40.9% (35.1) // 40.9% (35.1)",
        "shotsAgainst": "42.8% (25.6) // 41.6% (24.5) // 42.8% (25.6) // 42.8% (25.6)",
        "scoringAgainst": "41.1% (23.3) // 37.7% (20.2) // 41.1% (23.3) // 41.1% (23.3)",
        "oppCorsi": "54.2% (66.3) // 52.5% (66.0) // 54.2% (66.3) // 54.2% (66.3)",
        "oppFenwick": "53.6% (49.9) // 52.0% (49.3) // 53.6% (49.9) // 53.6% (49.9)",
        "oppShots": "53.7% (36.5) // 51.9% (35.5) // 53.7% (36.5) // 53.7% (36.5)",
        "oppScoring": "54.6% (34.8) // 53.4% (34.0) // 54.6% (34.8) // 54.6% (34.8)",
        "oppCorsiAgainst": "45.8% (56.1) // 47.5% (59.7) // 45.8% (56.1) // 45.8% (56.1)",
        "oppFenwickAgainst": "46.4% (43.2) // 48.0% (45.5) // 46.4% (43.2) // 46.4% (43.2)",
        "oppShotsAgainst": "46.3% (31.5) // 48.1% (33.0) // 46.3% (31.5) // 46.3% (31.5)",
        "oppScoringAgainst": "45.4% (28.9) // 46.6% (29.7) // 45.4% (28.9) // 45.4% (28.9)",
        "savesPerGame": 23.4,
        "savesPerGameLast1": 16.0,
        "savesPerGameLast3": 32.3,
        "savesPerGameLast5": 29.0,
        "savesPer60": 28.0,
        "savesPer60Last1": 15.1,
        "savesPer60Last3": 46.4,
        "savesPer60Last5": 37.3,
        "shotsPerGame": 34.8,
        "shotsPerGameLast5": 40.4,
        "shotsAgainstPerGame": 26.0,
        "shotsAgainstPerGameLast5": 30.8,
        "oppSavesAgainstPer60": 40.0,
        "oppSavesAgainstPer60Last1": 16.5,
        "oppSavesAgainstPer60Last3": 32.1,
        "oppSavesAgainstPer60Last5": 33.2,
        "oppShotsAgainstPerGame": 31.7,
        "oppShotsAgainstPerGameLast5": 42.6,
        "savesProj": 26.9,
        "savesProjLast5": 35.2,
        "savesProjLast3": 44.0,
        "oppSavesAgainstProj": 31.7,
        "oppSavesAgainstProjLast5": 25.1,
        "oppSavesAgainstProjLast3": 25.9,
        "totalOver": 20,
        "totalOverLast5": 40,
        "totalOverLast15": 13,
        "lastTotalOver": 12,
        "last5": "0,0,0,1,1,0,0,0,0,0",
        "overOdds": "+390",
        "underOdds": "0",
        "overUnder": "+390 / 0"
    },
    {
        "player": "Gustav Forsling",
        "team": "FLA",
        "opponent": "CAR",
        "propType": "g",
        "line": 0.5,
        "ppLine": "PP2",
        "avg": 0.15,
        "hit": false,
        "diffAvg": -0.7,
        "diffAbs": 0.8,
        "lastAvg": 0.12,
        "diff": -0.76,
        "avgMin": 23,
        "proj": 0.1,
        "lastAvgMin": 21.22,
        "oppOver": 0,
        "teamOver": 0,
        "gameLine": "-115",
        "+/-": "+25",
        "L5_+/-": "+6.0",
        "prevMatchup": "2023-05-22 0.0 g 2023-05-20 0.0 g 2023-05-18 0.0 g 2023-04-13 0.0 g 2022-12-30 0.0 g 2022-11-09 0.0 g",
        "winLossSplits": "19% - 9%",
        "awayHome": "H",
        "playedYesterday": "N",
        "awayHomeSplits": "20% - 9%",
        "savesAboveExp": -0.44,
        "gsaa": -0.71,
        "corsi": "54.2% (66.3) // 52.5% (66.0) // 54.2% (66.3) // 54.2% (66.3)",
        "fenwick": "53.6% (49.9) // 52.0% (49.3) // 53.6% (49.9) // 53.6% (49.9)",
        "shots": "53.7% (36.5) // 51.9% (35.5) // 53.7% (36.5) // 53.7% (36.5)",
        "scoring": "54.6% (34.8) // 53.4% (34.0) // 54.6% (34.8) // 54.6% (34.8)",
        "corsiAgainst": "45.8% (56.1) // 47.5% (59.7) // 45.8% (56.1) // 45.8% (56.1)",
        "fenwickAgainst": "46.4% (43.2) // 48.0% (45.5) // 46.4% (43.2) // 46.4% (43.2)",
        "shotsAgainst": "46.3% (31.5) // 48.1% (33.0) // 46.3% (31.5) // 46.3% (31.5)",
        "scoringAgainst": "45.4% (28.9) // 46.6% (29.7) // 45.4% (28.9) // 45.4% (28.9)",
        "oppCorsi": "59.9% (67.4) // 61.2% (68.8) // 59.9% (67.4) // 59.9% (67.4)",
        "oppFenwick": "59.1% (50.8) // 60.1% (51.8) // 59.1% (50.8) // 59.1% (50.8)",
        "oppShots": "57.2% (34.3) // 58.4% (34.4) // 57.2% (34.3) // 57.2% (34.3)",
        "oppScoring": "58.9% (33.3) // 62.3% (33.3) // 58.9% (33.3) // 58.9% (33.3)",
        "oppCorsiAgainst": "40.1% (45.2) // 38.8% (43.6) // 40.1% (45.2) // 40.1% (45.2)",
        "oppFenwickAgainst": "40.9% (35.1) // 39.9% (34.4) // 40.9% (35.1) // 40.9% (35.1)",
        "oppShotsAgainst": "42.8% (25.6) // 41.6% (24.5) // 42.8% (25.6) // 42.8% (25.6)",
        "oppScoringAgainst": "41.1% (23.3) // 37.7% (20.2) // 41.1% (23.3) // 41.1% (23.3)",
        "savesPerGame": 28.4,
        "savesPerGameLast1": 32.0,
        "savesPerGameLast3": 44.0,
        "savesPerGameLast5": 41.2,
        "savesPer60": 34.1,
        "savesPer60Last1": 31.7,
        "savesPer60Last3": 63.8,
        "savesPer60Last5": 54.3,
        "shotsPerGame": 36.8,
        "shotsPerGameLast5": 34.4,
        "shotsAgainstPerGame": 31.7,
        "shotsAgainstPerGameLast5": 42.6,
        "oppSavesAgainstPer60": 37.7,
        "oppSavesAgainstPer60Last1": 32.0,
        "oppSavesAgainstPer60Last3": 44.3,
        "oppSavesAgainstPer60Last5": 38.8,
        "oppShotsAgainstPerGame": 26.0,
        "oppShotsAgainstPerGameLast5": 30.8,
        "savesProj": 38.7,
        "savesProjLast5": 74.1,
        "savesProjLast3": 100.2,
        "oppSavesAgainstProj": 36.7,
        "oppSavesAgainstProjLast5": 44.6,
        "oppSavesAgainstProjLast3": 51.7,
        "totalOver": 14,
        "totalOverLast5": 0,
        "totalOverLast15": 13,
        "lastTotalOver": 11,
        "last5": "0,0,0,0,0,0,1,0,0,0",
        "overOdds": "+650",
        "underOdds": "0",
        "overUnder": "+650 / 0"
    },
    {
        "player": "Jordan Martinook",
        "team": "CAR",
        "opponent": "FLA",
        "propType": "g",
        "line": 0.5,
        "ppLine": "",
        "avg": 0.17,
        "hit": false,
        "diffAvg": -0.66,
        "diffAbs": 0.8,
        "lastAvg": 0.09,
        "diff": -0.82,
        "avgMin": 16,
        "proj": 0.1,
        "lastAvgMin": 11.2,
        "oppOver": 0,
        "teamOver": 0,
        "gameLine": "-105",
        "+/-": "+10",
        "L5_+/-": "+3.0",
        "prevMatchup": "2023-05-22 0.0 g 2023-05-20 0.0 g 2023-05-18 0.0 g 2023-04-13 0.0 g 2022-12-30 0.0 g 2022-11-09 0.0 g",
        "winLossSplits": "20% - 6%",
        "awayHome": "A",
        "playedYesterday": "N",
        "awayHomeSplits": "15% - 14%",
        "savesAboveExp": -0.102,
        "gsaa": -4.63,
        "corsi": "59.9% (67.4) // 61.2% (68.8) // 59.9% (67.4) // 59.9% (67.4)",
        "fenwick": "59.1% (50.8) // 60.1% (51.8) // 59.1% (50.8) // 59.1% (50.8)",
        "shots": "57.2% (34.3) // 58.4% (34.4) // 57.2% (34.3) // 57.2% (34.3)",
        "scoring": "58.9% (33.3) // 62.3% (33.3) // 58.9% (33.3) // 58.9% (33.3)",
        "corsiAgainst": "40.1% (45.2) // 38.8% (43.6) // 40.1% (45.2) // 40.1% (45.2)",
        "fenwickAgainst": "40.9% (35.1) // 39.9% (34.4) // 40.9% (35.1) // 40.9% (35.1)",
        "shotsAgainst": "42.8% (25.6) // 41.6% (24.5) // 42.8% (25.6) // 42.8% (25.6)",
        "scoringAgainst": "41.1% (23.3) // 37.7% (20.2) // 41.1% (23.3) // 41.1% (23.3)",
        "oppCorsi": "54.2% (66.3) // 52.5% (66.0) // 54.2% (66.3) // 54.2% (66.3)",
        "oppFenwick": "53.6% (49.9) // 52.0% (49.3) // 53.6% (49.9) // 53.6% (49.9)",
        "oppShots": "53.7% (36.5) // 51.9% (35.5) // 53.7% (36.5) // 53.7% (36.5)",
        "oppScoring": "54.6% (34.8) // 53.4% (34.0) // 54.6% (34.8) // 54.6% (34.8)",
        "oppCorsiAgainst": "45.8% (56.1) // 47.5% (59.7) // 45.8% (56.1) // 45.8% (56.1)",
        "oppFenwickAgainst": "46.4% (43.2) // 48.0% (45.5) // 46.4% (43.2) // 46.4% (43.2)",
        "oppShotsAgainst": "46.3% (31.5) // 48.1% (33.0) // 46.3% (31.5) // 46.3% (31.5)",
        "oppScoringAgainst": "45.4% (28.9) // 46.6% (29.7) // 45.4% (28.9) // 45.4% (28.9)",
        "savesPerGame": 23.4,
        "savesPerGameLast1": 16.0,
        "savesPerGameLast3": 32.3,
        "savesPerGameLast5": 29.0,
        "savesPer60": 28.0,
        "savesPer60Last1": 15.1,
        "savesPer60Last3": 46.4,
        "savesPer60Last5": 37.3,
        "shotsPerGame": 34.8,
        "shotsPerGameLast5": 40.4,
        "shotsAgainstPerGame": 26.0,
        "shotsAgainstPerGameLast5": 30.8,
        "oppSavesAgainstPer60": 40.0,
        "oppSavesAgainstPer60Last1": 16.5,
        "oppSavesAgainstPer60Last3": 32.1,
        "oppSavesAgainstPer60Last5": 33.2,
        "oppShotsAgainstPerGame": 31.7,
        "oppShotsAgainstPerGameLast5": 42.6,
        "savesProj": 26.9,
        "savesProjLast5": 35.2,
        "savesProjLast3": 44.0,
        "oppSavesAgainstProj": 31.7,
        "oppSavesAgainstProjLast5": 25.1,
        "oppSavesAgainstProjLast3": 25.9,
        "totalOver": 15,
        "totalOverLast5": 20,
        "totalOverLast15": 20,
        "lastTotalOver": 10,
        "last5": "0,0,0,0,1,1,1,0,0,0",
        "overOdds": "+320",
        "underOdds": "0",
        "overUnder": "+320 / 0"
    },
    {
        "player": "Martin Necas",
        "team": "CAR",
        "opponent": "FLA",
        "propType": "g",
        "line": 0.5,
        "ppLine": "PP1",
        "avg": 0.33,
        "hit": false,
        "diffAvg": -0.34,
        "diffAbs": 0.6,
        "lastAvg": 0.15,
        "diff": -0.7,
        "avgMin": 18,
        "proj": 0.2,
        "lastAvgMin": 16.18,
        "oppOver": 0,
        "teamOver": 0,
        "gameLine": "-105",
        "+/-": "+3",
        "L5_+/-": "+1.0",
        "prevMatchup": "2023-05-22 0.0 g 2023-05-20 0.0 g 2023-05-18 0.0 g 2023-04-13 0.0 g 2022-12-30 0.0 g 2022-11-09 0.0 g",
        "winLossSplits": "38% - 19%",
        "awayHome": "A",
        "playedYesterday": "N",
        "awayHomeSplits": "36% - 27%",
        "savesAboveExp": -0.102,
        "gsaa": -4.63,
        "corsi": "59.9% (67.4) // 61.2% (68.8) // 59.9% (67.4) // 59.9% (67.4)",
        "fenwick": "59.1% (50.8) // 60.1% (51.8) // 59.1% (50.8) // 59.1% (50.8)",
        "shots": "57.2% (34.3) // 58.4% (34.4) // 57.2% (34.3) // 57.2% (34.3)",
        "scoring": "58.9% (33.3) // 62.3% (33.3) // 58.9% (33.3) // 58.9% (33.3)",
        "corsiAgainst": "40.1% (45.2) // 38.8% (43.6) // 40.1% (45.2) // 40.1% (45.2)",
        "fenwickAgainst": "40.9% (35.1) // 39.9% (34.4) // 40.9% (35.1) // 40.9% (35.1)",
        "shotsAgainst": "42.8% (25.6) // 41.6% (24.5) // 42.8% (25.6) // 42.8% (25.6)",
        "scoringAgainst": "41.1% (23.3) // 37.7% (20.2) // 41.1% (23.3) // 41.1% (23.3)",
        "oppCorsi": "54.2% (66.3) // 52.5% (66.0) // 54.2% (66.3) // 54.2% (66.3)",
        "oppFenwick": "53.6% (49.9) // 52.0% (49.3) // 53.6% (49.9) // 53.6% (49.9)",
        "oppShots": "53.7% (36.5) // 51.9% (35.5) // 53.7% (36.5) // 53.7% (36.5)",
        "oppScoring": "54.6% (34.8) // 53.4% (34.0) // 54.6% (34.8) // 54.6% (34.8)",
        "oppCorsiAgainst": "45.8% (56.1) // 47.5% (59.7) // 45.8% (56.1) // 45.8% (56.1)",
        "oppFenwickAgainst": "46.4% (43.2) // 48.0% (45.5) // 46.4% (43.2) // 46.4% (43.2)",
        "oppShotsAgainst": "46.3% (31.5) // 48.1% (33.0) // 46.3% (31.5) // 46.3% (31.5)",
        "oppScoringAgainst": "45.4% (28.9) // 46.6% (29.7) // 45.4% (28.9) // 45.4% (28.9)",
        "savesPerGame": 23.4,
        "savesPerGameLast1": 16.0,
        "savesPerGameLast3": 32.3,
        "savesPerGameLast5": 29.0,
        "savesPer60": 28.0,
        "savesPer60Last1": 15.1,
        "savesPer60Last3": 46.4,
        "savesPer60Last5": 37.3,
        "shotsPerGame": 34.8,
        "shotsPerGameLast5": 40.4,
        "shotsAgainstPerGame": 26.0,
        "shotsAgainstPerGameLast5": 30.8,
        "oppSavesAgainstPer60": 40.0,
        "oppSavesAgainstPer60Last1": 16.5,
        "oppSavesAgainstPer60Last3": 32.1,
        "oppSavesAgainstPer60Last5": 33.2,
        "oppShotsAgainstPerGame": 31.7,
        "oppShotsAgainstPerGameLast5": 42.6,
        "savesProj": 26.9,
        "savesProjLast5": 35.2,
        "savesProjLast3": 44.0,
        "oppSavesAgainstProj": 31.7,
        "oppSavesAgainstProjLast5": 25.1,
        "oppSavesAgainstProjLast3": 25.9,
        "totalOver": 31,
        "totalOverLast5": 20,
        "totalOverLast15": 20,
        "lastTotalOver": 15,
        "last5": "0,0,0,0,2,0,1,0,0,0",
        "overOdds": "+200",
        "underOdds": "0",
        "overUnder": "+200 / 0"
    },
    {
        "player": "Matthew Tkachuk",
        "team": "FLA",
        "opponent": "CAR",
        "propType": "g",
        "line": 0.5,
        "ppLine": "PP1",
        "avg": 0.5,
        "hit": false,
        "diffAvg": 0.0,
        "diffAbs": 0.0,
        "lastAvg": 0.45,
        "diff": -0.1,
        "avgMin": 20,
        "proj": 0.5,
        "lastAvgMin": 17.88,
        "oppOver": 0,
        "teamOver": 0,
        "gameLine": "-115",
        "+/-": "+41",
        "L5_+/-": "+9.0",
        "prevMatchup": "2023-05-22 0.0 g 2023-05-20 1.0 g 2023-05-18 1.0 g 2023-04-13 0.0 g 2022-12-30 0.0 g",
        "winLossSplits": "45% - 33%",
        "awayHome": "H",
        "playedYesterday": "N",
        "awayHomeSplits": "41% - 38%",
        "savesAboveExp": -0.44,
        "gsaa": -0.71,
        "corsi": "54.2% (66.3) // 52.5% (66.0) // 54.2% (66.3) // 54.2% (66.3)",
        "fenwick": "53.6% (49.9) // 52.0% (49.3) // 53.6% (49.9) // 53.6% (49.9)",
        "shots": "53.7% (36.5) // 51.9% (35.5) // 53.7% (36.5) // 53.7% (36.5)",
        "scoring": "54.6% (34.8) // 53.4% (34.0) // 54.6% (34.8) // 54.6% (34.8)",
        "corsiAgainst": "45.8% (56.1) // 47.5% (59.7) // 45.8% (56.1) // 45.8% (56.1)",
        "fenwickAgainst": "46.4% (43.2) // 48.0% (45.5) // 46.4% (43.2) // 46.4% (43.2)",
        "shotsAgainst": "46.3% (31.5) // 48.1% (33.0) // 46.3% (31.5) // 46.3% (31.5)",
        "scoringAgainst": "45.4% (28.9) // 46.6% (29.7) // 45.4% (28.9) // 45.4% (28.9)",
        "oppCorsi": "59.9% (67.4) // 61.2% (68.8) // 59.9% (67.4) // 59.9% (67.4)",
        "oppFenwick": "59.1% (50.8) // 60.1% (51.8) // 59.1% (50.8) // 59.1% (50.8)",
        "oppShots": "57.2% (34.3) // 58.4% (34.4) // 57.2% (34.3) // 57.2% (34.3)",
        "oppScoring": "58.9% (33.3) // 62.3% (33.3) // 58.9% (33.3) // 58.9% (33.3)",
        "oppCorsiAgainst": "40.1% (45.2) // 38.8% (43.6) // 40.1% (45.2) // 40.1% (45.2)",
        "oppFenwickAgainst": "40.9% (35.1) // 39.9% (34.4) // 40.9% (35.1) // 40.9% (35.1)",
        "oppShotsAgainst": "42.8% (25.6) // 41.6% (24.5) // 42.8% (25.6) // 42.8% (25.6)",
        "oppScoringAgainst": "41.1% (23.3) // 37.7% (20.2) // 41.1% (23.3) // 41.1% (23.3)",
        "savesPerGame": 28.4,
        "savesPerGameLast1": 32.0,
        "savesPerGameLast3": 44.0,
        "savesPerGameLast5": 41.2,
        "savesPer60": 34.1,
        "savesPer60Last1": 31.7,
        "savesPer60Last3": 63.8,
        "savesPer60Last5": 54.3,
        "shotsPerGame": 36.8,
        "shotsPerGameLast5": 34.4,
        "shotsAgainstPerGame": 31.7,
        "shotsAgainstPerGameLast5": 42.6,
        "oppSavesAgainstPer60": 37.7,
        "oppSavesAgainstPer60Last1": 32.0,
        "oppSavesAgainstPer60Last3": 44.3,
        "oppSavesAgainstPer60Last5": 38.8,
        "oppShotsAgainstPerGame": 26.0,
        "oppShotsAgainstPerGameLast5": 30.8,
        "savesProj": 38.7,
        "savesProjLast5": 74.1,
        "savesProjLast3": 100.2,
        "oppSavesAgainstProj": 36.7,
        "oppSavesAgainstProjLast5": 44.6,
        "oppSavesAgainstProjLast3": 51.7,
        "totalOver": 39,
        "totalOverLast5": 40,
        "totalOverLast15": 33,
        "lastTotalOver": 41,
        "last5": "0,1,1,0,0,0,0,0,0,2",
        "overOdds": "+125",
        "underOdds": "0",
        "overUnder": "+125 / 0"
    },
    {
        "player": "Sam Reinhart",
        "team": "FLA",
        "opponent": "CAR",
        "propType": "g",
        "line": 0.5,
        "ppLine": "PP1",
        "avg": 0.39,
        "hit": false,
        "diffAvg": -0.22,
        "diffAbs": 0.2,
        "lastAvg": 0.38,
        "diff": -0.24,
        "avgMin": 20,
        "proj": 0.4,
        "lastAvgMin": 17.75,
        "oppOver": 0,
        "teamOver": 0,
        "gameLine": "-115",
        "+/-": -11,
        "L5_+/-": "+2.0",
        "prevMatchup": "2023-05-22 1.0 g 2023-05-20 0.0 g 2023-05-18 0.0 g 2023-04-13 0.0 g 2022-12-30 0.0 g 2022-11-09 0.0 g",
        "winLossSplits": "42% - 27%",
        "awayHome": "H",
        "playedYesterday": "N",
        "awayHomeSplits": "30% - 40%",
        "savesAboveExp": -0.44,
        "gsaa": -0.71,
        "corsi": "54.2% (66.3) // 52.5% (66.0) // 54.2% (66.3) // 54.2% (66.3)",
        "fenwick": "53.6% (49.9) // 52.0% (49.3) // 53.6% (49.9) // 53.6% (49.9)",
        "shots": "53.7% (36.5) // 51.9% (35.5) // 53.7% (36.5) // 53.7% (36.5)",
        "scoring": "54.6% (34.8) // 53.4% (34.0) // 54.6% (34.8) // 54.6% (34.8)",
        "corsiAgainst": "45.8% (56.1) // 47.5% (59.7) // 45.8% (56.1) // 45.8% (56.1)",
        "fenwickAgainst": "46.4% (43.2) // 48.0% (45.5) // 46.4% (43.2) // 46.4% (43.2)",
        "shotsAgainst": "46.3% (31.5) // 48.1% (33.0) // 46.3% (31.5) // 46.3% (31.5)",
        "scoringAgainst": "45.4% (28.9) // 46.6% (29.7) // 45.4% (28.9) // 45.4% (28.9)",
        "oppCorsi": "59.9% (67.4) // 61.2% (68.8) // 59.9% (67.4) // 59.9% (67.4)",
        "oppFenwick": "59.1% (50.8) // 60.1% (51.8) // 59.1% (50.8) // 59.1% (50.8)",
        "oppShots": "57.2% (34.3) // 58.4% (34.4) // 57.2% (34.3) // 57.2% (34.3)",
        "oppScoring": "58.9% (33.3) // 62.3% (33.3) // 58.9% (33.3) // 58.9% (33.3)",
        "oppCorsiAgainst": "40.1% (45.2) // 38.8% (43.6) // 40.1% (45.2) // 40.1% (45.2)",
        "oppFenwickAgainst": "40.9% (35.1) // 39.9% (34.4) // 40.9% (35.1) // 40.9% (35.1)",
        "oppShotsAgainst": "42.8% (25.6) // 41.6% (24.5) // 42.8% (25.6) // 42.8% (25.6)",
        "oppScoringAgainst": "41.1% (23.3) // 37.7% (20.2) // 41.1% (23.3) // 41.1% (23.3)",
        "savesPerGame": 28.4,
        "savesPerGameLast1": 32.0,
        "savesPerGameLast3": 44.0,
        "savesPerGameLast5": 41.2,
        "savesPer60": 34.1,
        "savesPer60Last1": 31.7,
        "savesPer60Last3": 63.8,
        "savesPer60Last5": 54.3,
        "shotsPerGame": 36.8,
        "shotsPerGameLast5": 34.4,
        "shotsAgainstPerGame": 31.7,
        "shotsAgainstPerGameLast5": 42.6,
        "oppSavesAgainstPer60": 37.7,
        "oppSavesAgainstPer60Last1": 32.0,
        "oppSavesAgainstPer60Last3": 44.3,
        "oppSavesAgainstPer60Last5": 38.8,
        "oppShotsAgainstPerGame": 26.0,
        "oppShotsAgainstPerGameLast5": 30.8,
        "savesProj": 38.7,
        "savesProjLast5": 74.1,
        "savesProjLast3": 100.2,
        "oppSavesAgainstProj": 36.7,
        "oppSavesAgainstProjLast5": 44.6,
        "oppSavesAgainstProjLast3": 51.7,
        "totalOver": 35,
        "totalOverLast5": 40,
        "totalOverLast15": 47,
        "lastTotalOver": 33,
        "last5": "1,0,0,0,1,1,0,0,1,1",
        "overOdds": "+215",
        "underOdds": "0",
        "overUnder": "+215 / 0"
    },
    {
        "player": "Seth Jarvis",
        "team": "CAR",
        "opponent": "FLA",
        "propType": "g",
        "line": 0.5,
        "ppLine": "PP1",
        "avg": 0.2,
        "hit": false,
        "diffAvg": -0.6,
        "diffAbs": 0.6,
        "lastAvg": 0.21,
        "diff": -0.58,
        "avgMin": 16,
        "proj": 0.2,
        "lastAvgMin": 13.87,
        "oppOver": 0,
        "teamOver": 0,
        "gameLine": "-105",
        "+/-": "+17",
        "L5_+/-": "+5.0",
        "prevMatchup": "2023-05-22 0.0 g 2023-05-20 0.0 g 2023-05-18 1.0 g 2023-04-13 0.0 g 2022-12-30 0.0 g 2022-11-09 0.0 g",
        "winLossSplits": "22% - 8%",
        "awayHome": "A",
        "playedYesterday": "N",
        "awayHomeSplits": "15% - 18%",
        "savesAboveExp": -0.102,
        "gsaa": -4.63,
        "corsi": "59.9% (67.4) // 61.2% (68.8) // 59.9% (67.4) // 59.9% (67.4)",
        "fenwick": "59.1% (50.8) // 60.1% (51.8) // 59.1% (50.8) // 59.1% (50.8)",
        "shots": "57.2% (34.3) // 58.4% (34.4) // 57.2% (34.3) // 57.2% (34.3)",
        "scoring": "58.9% (33.3) // 62.3% (33.3) // 58.9% (33.3) // 58.9% (33.3)",
        "corsiAgainst": "40.1% (45.2) // 38.8% (43.6) // 40.1% (45.2) // 40.1% (45.2)",
        "fenwickAgainst": "40.9% (35.1) // 39.9% (34.4) // 40.9% (35.1) // 40.9% (35.1)",
        "shotsAgainst": "42.8% (25.6) // 41.6% (24.5) // 42.8% (25.6) // 42.8% (25.6)",
        "scoringAgainst": "41.1% (23.3) // 37.7% (20.2) // 41.1% (23.3) // 41.1% (23.3)",
        "oppCorsi": "54.2% (66.3) // 52.5% (66.0) // 54.2% (66.3) // 54.2% (66.3)",
        "oppFenwick": "53.6% (49.9) // 52.0% (49.3) // 53.6% (49.9) // 53.6% (49.9)",
        "oppShots": "53.7% (36.5) // 51.9% (35.5) // 53.7% (36.5) // 53.7% (36.5)",
        "oppScoring": "54.6% (34.8) // 53.4% (34.0) // 54.6% (34.8) // 54.6% (34.8)",
        "oppCorsiAgainst": "45.8% (56.1) // 47.5% (59.7) // 45.8% (56.1) // 45.8% (56.1)",
        "oppFenwickAgainst": "46.4% (43.2) // 48.0% (45.5) // 46.4% (43.2) // 46.4% (43.2)",
        "oppShotsAgainst": "46.3% (31.5) // 48.1% (33.0) // 46.3% (31.5) // 46.3% (31.5)",
        "oppScoringAgainst": "45.4% (28.9) // 46.6% (29.7) // 45.4% (28.9) // 45.4% (28.9)",
        "savesPerGame": 23.4,
        "savesPerGameLast1": 16.0,
        "savesPerGameLast3": 32.3,
        "savesPerGameLast5": 29.0,
        "savesPer60": 28.0,
        "savesPer60Last1": 15.1,
        "savesPer60Last3": 46.4,
        "savesPer60Last5": 37.3,
        "shotsPerGame": 34.8,
        "shotsPerGameLast5": 40.4,
        "shotsAgainstPerGame": 26.0,
        "shotsAgainstPerGameLast5": 30.8,
        "oppSavesAgainstPer60": 40.0,
        "oppSavesAgainstPer60Last1": 16.5,
        "oppSavesAgainstPer60Last3": 32.1,
        "oppSavesAgainstPer60Last5": 33.2,
        "oppShotsAgainstPerGame": 31.7,
        "oppShotsAgainstPerGameLast5": 42.6,
        "savesProj": 26.9,
        "savesProjLast5": 35.2,
        "savesProjLast3": 44.0,
        "oppSavesAgainstProj": 31.7,
        "oppSavesAgainstProjLast5": 25.1,
        "oppSavesAgainstProjLast3": 25.9,
        "totalOver": 17,
        "totalOverLast5": 20,
        "totalOverLast15": 27,
        "lastTotalOver": 21,
        "last5": "0,0,1,0,0,1,0,1,0,0",
        "overOdds": "+215",
        "underOdds": "0",
        "overUnder": "+215 / 0"
    },
    {
        "player": "Stefan Noesen",
        "team": "CAR",
        "opponent": "FLA",
        "propType": "g",
        "line": 0.5,
        "ppLine": "PP1",
        "avg": 0.18,
        "hit": false,
        "diffAvg": -0.64,
        "diffAbs": 1.0,
        "lastAvg": 0,
        "diff": 0,
        "avgMin": 13,
        "proj": 0.0,
        "lastAvgMin": 0,
        "oppOver": 0,
        "teamOver": 0,
        "gameLine": "-105",
        "+/-": "+8",
        "L5_+/-": "+3.0",
        "prevMatchup": "2023-05-22 0.0 g 2023-05-20 0.0 g 2023-05-18 1.0 g 2023-04-13 0.0 g 2022-12-30 1.0 g 2022-11-09 0.0 g",
        "winLossSplits": "24% - 9%",
        "awayHome": "A",
        "playedYesterday": "N",
        "awayHomeSplits": "9% - 28%",
        "savesAboveExp": -0.102,
        "gsaa": -4.63,
        "corsi": "59.9% (67.4) // 61.2% (68.8) // 59.9% (67.4) // 59.9% (67.4)",
        "fenwick": "59.1% (50.8) // 60.1% (51.8) // 59.1% (50.8) // 59.1% (50.8)",
        "shots": "57.2% (34.3) // 58.4% (34.4) // 57.2% (34.3) // 57.2% (34.3)",
        "scoring": "58.9% (33.3) // 62.3% (33.3) // 58.9% (33.3) // 58.9% (33.3)",
        "corsiAgainst": "40.1% (45.2) // 38.8% (43.6) // 40.1% (45.2) // 40.1% (45.2)",
        "fenwickAgainst": "40.9% (35.1) // 39.9% (34.4) // 40.9% (35.1) // 40.9% (35.1)",
        "shotsAgainst": "42.8% (25.6) // 41.6% (24.5) // 42.8% (25.6) // 42.8% (25.6)",
        "scoringAgainst": "41.1% (23.3) // 37.7% (20.2) // 41.1% (23.3) // 41.1% (23.3)",
        "oppCorsi": "54.2% (66.3) // 52.5% (66.0) // 54.2% (66.3) // 54.2% (66.3)",
        "oppFenwick": "53.6% (49.9) // 52.0% (49.3) // 53.6% (49.9) // 53.6% (49.9)",
        "oppShots": "53.7% (36.5) // 51.9% (35.5) // 53.7% (36.5) // 53.7% (36.5)",
        "oppScoring": "54.6% (34.8) // 53.4% (34.0) // 54.6% (34.8) // 54.6% (34.8)",
        "oppCorsiAgainst": "45.8% (56.1) // 47.5% (59.7) // 45.8% (56.1) // 45.8% (56.1)",
        "oppFenwickAgainst": "46.4% (43.2) // 48.0% (45.5) // 46.4% (43.2) // 46.4% (43.2)",
        "oppShotsAgainst": "46.3% (31.5) // 48.1% (33.0) // 46.3% (31.5) // 46.3% (31.5)",
        "oppScoringAgainst": "45.4% (28.9) // 46.6% (29.7) // 45.4% (28.9) // 45.4% (28.9)",
        "savesPerGame": 23.4,
        "savesPerGameLast1": 16.0,
        "savesPerGameLast3": 32.3,
        "savesPerGameLast5": 29.0,
        "savesPer60": 28.0,
        "savesPer60Last1": 15.1,
        "savesPer60Last3": 46.4,
        "savesPer60Last5": 37.3,
        "shotsPerGame": 34.8,
        "shotsPerGameLast5": 40.4,
        "shotsAgainstPerGame": 26.0,
        "shotsAgainstPerGameLast5": 30.8,
        "oppSavesAgainstPer60": 40.0,
        "oppSavesAgainstPer60Last1": 16.5,
        "oppSavesAgainstPer60Last3": 32.1,
        "oppSavesAgainstPer60Last5": 33.2,
        "oppShotsAgainstPerGame": 31.7,
        "oppShotsAgainstPerGameLast5": 42.6,
        "savesProj": 26.9,
        "savesProjLast5": 35.2,
        "savesProjLast3": 44.0,
        "oppSavesAgainstProj": 31.7,
        "oppSavesAgainstProjLast5": 25.1,
        "oppSavesAgainstProjLast3": 25.9,
        "totalOver": 18,
        "totalOverLast5": 20,
        "totalOverLast15": 27,
        "lastTotalOver": 0,
        "last5": "0,0,1,0,0,0,1,0,0,0",
        "overOdds": "+285",
        "underOdds": "0",
        "overUnder": "+285 / 0"
    },
    {
        "player": "Teuvo Teravainen",
        "team": "CAR",
        "opponent": "FLA",
        "propType": "g",
        "line": 0.5,
        "ppLine": "",
        "avg": 0.16,
        "hit": false,
        "diffAvg": -0.68,
