[
    {
        "player": "Brady Skjei",
        "team": "CAR",
        "opponent": "NJ",
        "propType": "pts",
        "line": 0.5,
        "ppLine": "",
        "avg": 0.45,
        "hit": false,
        "diffAvg": -0.1,
        "diffAbs": 0.2,
        "lastAvg": 0.41,
        "diff": -0.18,
        "avgMin": 21,
        "proj": 0.4,
        "lastAvgMin": 21.13,
        "oppOver": 0,
        "teamOver": 0,
        "gameLine": "-120",
        "+/-": "+4",
        "L5_+/-": -7.0,
        "prevMatchup": "2023-03-12 0.0 pts 2023-01-10 1.0 pts 2023-01-01 0.0 pts 2022-12-20 0.0 pts",
        "winLossSplits": "45% - 25%",
        "awayHome": "H",
        "playedYesterday": "N",
        "awayHomeSplits": "40% - 36%",
        "savesAboveExp": 0.922,
        "gsaa": 7.07,
        "corsi": "59.9% (67.4) // 61.2% (68.8) // 59.9% (67.4) // 59.9% (67.4)",
        "fenwick": "59.1% (50.8) // 60.1% (51.8) // 59.1% (50.8) // 59.1% (50.8)",
        "shots": "57.2% (34.3) // 58.4% (34.4) // 57.2% (34.3) // 57.2% (34.3)",
        "scoring": "58.9% (33.3) // 62.3% (33.3) // 58.9% (33.3) // 58.9% (33.3)",
        "corsiAgainst": "40.1% (45.2) // 38.8% (43.6) // 40.1% (45.2) // 40.1% (45.2)",
        "fenwickAgainst": "40.9% (35.1) // 39.9% (34.4) // 40.9% (35.1) // 40.9% (35.1)",
        "shotsAgainst": "42.8% (25.6) // 41.6% (24.5) // 42.8% (25.6) // 42.8% (25.6)",
        "scoringAgainst": "41.1% (23.3) // 37.7% (20.2) // 41.1% (23.3) // 41.1% (23.3)",
        "oppCorsi": "53.7% (63.4) // 55.1% (64.9) // 53.7% (63.4) // 53.7% (63.4)",
        "oppFenwick": "53.9% (46.9) // 55.2% (48.2) // 53.9% (46.9) // 53.9% (46.9)",
        "oppShots": "54.9% (33.9) // 54.4% (33.3) // 54.9% (33.9) // 54.9% (33.9)",
        "oppScoring": "56.3% (35.0) // 60.7% (39.4) // 56.3% (35.0) // 56.3% (35.0)",
        "oppCorsiAgainst": "46.3% (54.8) // 44.9% (52.8) // 46.3% (54.8) // 46.3% (54.8)",
        "oppFenwickAgainst": "46.1% (40.1) // 44.8% (39.2) // 46.1% (40.1) // 46.1% (40.1)",
        "oppShotsAgainst": "45.1% (27.8) // 45.6% (28.0) // 45.1% (27.8) // 45.1% (27.8)",
        "oppScoringAgainst": "43.7% (27.1) // 39.3% (25.5) // 43.7% (27.1) // 43.7% (27.1)",
        "savesPerGame": 23.4,
        "savesPerGameLast1": 33.0,
        "savesPerGameLast3": 26.3,
        "savesPerGameLast5": 26.8,
        "savesPer60": 25.3,
        "savesPer60Last1": 36.3,
        "savesPer60Last3": 26.8,
        "savesPer60Last5": 27.5,
        "shotsPerGame": 34.8,
        "shotsPerGameLast5": 34.6,
        "shotsAgainstPerGame": 26.0,
        "shotsAgainstPerGameLast5": 29.6,
        "oppSavesAgainstPer60": 33.7,
        "oppSavesAgainstPer60Last1": 20.0,
        "oppSavesAgainstPer60Last3": 30.8,
        "oppSavesAgainstPer60Last5": 27.5,
        "oppShotsAgainstPerGame": 28.2,
        "oppShotsAgainstPerGameLast5": 28.4,
        "savesProj": 27.8,
        "savesProjLast5": 27.5,
        "savesProjLast3": 29.9,
        "oppSavesAgainstProj": 27.2,
        "oppSavesAgainstProjLast5": 24.6,
        "oppSavesAgainstProjLast3": 27.1,
        "totalOver": 38,
        "totalOverLast5": 20,
        "totalOverLast15": 33,
        "lastTotalOver": 34,
        "last5": "0,0,1,0,0,0,0,1,1,0",
        "overOdds": "+150",
        "underOdds": "-185",
        "overUnder": "+150 / -185"
    },
    {
        "player": "Brent Burns",
        "team": "CAR",
        "opponent": "NJ",
        "propType": "pts",
        "line": 0.5,
        "ppLine": "PP1",
        "avg": 0.75,
        "hit": false,
        "diffAvg": 0.5,
        "diffAbs": 0.2,
        "lastAvg": 0.66,
        "diff": 0.32,
        "avgMin": 23,
        "proj": 0.6,
        "lastAvgMin": 26.13,
        "oppOver": 0,
        "teamOver": 0,
        "gameLine": "-120",
        "+/-": "+18",
        "L5_+/-": "+4.0",
        "prevMatchup": "2023-03-12 0.0 pts 2023-01-10 0.0 pts 2023-01-01 1.0 pts 2022-12-20 0.0 pts",
        "winLossSplits": "75% - 28%",
        "awayHome": "H",
        "playedYesterday": "N",
        "awayHomeSplits": "64% - 52%",
        "savesAboveExp": 0.922,
        "gsaa": 7.07,
        "corsi": "59.9% (67.4) // 61.2% (68.8) // 59.9% (67.4) // 59.9% (67.4)",
        "fenwick": "59.1% (50.8) // 60.1% (51.8) // 59.1% (50.8) // 59.1% (50.8)",
        "shots": "57.2% (34.3) // 58.4% (34.4) // 57.2% (34.3) // 57.2% (34.3)",
        "scoring": "58.9% (33.3) // 62.3% (33.3) // 58.9% (33.3) // 58.9% (33.3)",
        "corsiAgainst": "40.1% (45.2) // 38.8% (43.6) // 40.1% (45.2) // 40.1% (45.2)",
        "fenwickAgainst": "40.9% (35.1) // 39.9% (34.4) // 40.9% (35.1) // 40.9% (35.1)",
        "shotsAgainst": "42.8% (25.6) // 41.6% (24.5) // 42.8% (25.6) // 42.8% (25.6)",
        "scoringAgainst": "41.1% (23.3) // 37.7% (20.2) // 41.1% (23.3) // 41.1% (23.3)",
        "oppCorsi": "53.7% (63.4) // 55.1% (64.9) // 53.7% (63.4) // 53.7% (63.4)",
        "oppFenwick": "53.9% (46.9) // 55.2% (48.2) // 53.9% (46.9) // 53.9% (46.9)",
        "oppShots": "54.9% (33.9) // 54.4% (33.3) // 54.9% (33.9) // 54.9% (33.9)",
        "oppScoring": "56.3% (35.0) // 60.7% (39.4) // 56.3% (35.0) // 56.3% (35.0)",
        "oppCorsiAgainst": "46.3% (54.8) // 44.9% (52.8) // 46.3% (54.8) // 46.3% (54.8)",
        "oppFenwickAgainst": "46.1% (40.1) // 44.8% (39.2) // 46.1% (40.1) // 46.1% (40.1)",
        "oppShotsAgainst": "45.1% (27.8) // 45.6% (28.0) // 45.1% (27.8) // 45.1% (27.8)",
        "oppScoringAgainst": "43.7% (27.1) // 39.3% (25.5) // 43.7% (27.1) // 43.7% (27.1)",
        "savesPerGame": 23.4,
        "savesPerGameLast1": 33.0,
        "savesPerGameLast3": 26.3,
        "savesPerGameLast5": 26.8,
        "savesPer60": 25.3,
        "savesPer60Last1": 36.3,
        "savesPer60Last3": 26.8,
        "savesPer60Last5": 27.5,
        "shotsPerGame": 34.8,
        "shotsPerGameLast5": 34.6,
        "shotsAgainstPerGame": 26.0,
        "shotsAgainstPerGameLast5": 29.6,
        "oppSavesAgainstPer60": 33.7,
        "oppSavesAgainstPer60Last1": 20.0,
        "oppSavesAgainstPer60Last3": 30.8,
        "oppSavesAgainstPer60Last5": 27.5,
        "oppShotsAgainstPerGame": 28.2,
        "oppShotsAgainstPerGameLast5": 28.4,
        "savesProj": 27.8,
        "savesProjLast5": 27.5,
        "savesProjLast3": 29.9,
        "oppSavesAgainstProj": 27.2,
        "oppSavesAgainstProjLast5": 24.6,
        "oppSavesAgainstProjLast3": 27.1,
        "totalOver": 58,
        "totalOverLast5": 40,
        "totalOverLast15": 53,
        "lastTotalOver": 53,
        "last5": "0,0,1,0,2,2,2,1,1,0",
        "overOdds": "-140",
        "underOdds": "+110",
        "overUnder": "-140 / +110"
    },
    {
        "player": "Dawson Mercer",
        "team": "NJ",
        "opponent": "CAR",
        "propType": "pts",
        "line": 0.5,
        "ppLine": "PP2",
        "avg": 0.66,
        "hit": false,
        "diffAvg": 0.32,
        "diffAbs": 0.0,
        "lastAvg": 0.51,
        "diff": 0.02,
        "avgMin": 16,
        "proj": 0.5,
        "lastAvgMin": 16.53,
        "oppOver": 0,
        "teamOver": 0,
        "gameLine": "+100",
        "+/-": "+20",
        "L5_+/-": -2.0,
        "prevMatchup": "2023-03-12 0.0 pts 2023-01-10 3.0 pts 2023-01-01 1.0 pts 2022-12-20 0.0 pts",
        "winLossSplits": "52% - 36%",
        "awayHome": "A",
        "playedYesterday": "N",
        "awayHomeSplits": "55% - 38%",
        "savesAboveExp": -0.44,
        "gsaa": -0.71,
        "corsi": "53.7% (63.4) // 55.1% (64.9) // 53.7% (63.4) // 53.7% (63.4)",
        "fenwick": "53.9% (46.9) // 55.2% (48.2) // 53.9% (46.9) // 53.9% (46.9)",
        "shots": "54.9% (33.9) // 54.4% (33.3) // 54.9% (33.9) // 54.9% (33.9)",
        "scoring": "56.3% (35.0) // 60.7% (39.4) // 56.3% (35.0) // 56.3% (35.0)",
        "corsiAgainst": "46.3% (54.8) // 44.9% (52.8) // 46.3% (54.8) // 46.3% (54.8)",
        "fenwickAgainst": "46.1% (40.1) // 44.8% (39.2) // 46.1% (40.1) // 46.1% (40.1)",
        "shotsAgainst": "45.1% (27.8) // 45.6% (28.0) // 45.1% (27.8) // 45.1% (27.8)",
        "scoringAgainst": "43.7% (27.1) // 39.3% (25.5) // 43.7% (27.1) // 43.7% (27.1)",
        "oppCorsi": "59.9% (67.4) // 61.2% (68.8) // 59.9% (67.4) // 59.9% (67.4)",
        "oppFenwick": "59.1% (50.8) // 60.1% (51.8) // 59.1% (50.8) // 59.1% (50.8)",
        "oppShots": "57.2% (34.3) // 58.4% (34.4) // 57.2% (34.3) // 57.2% (34.3)",
        "oppScoring": "58.9% (33.3) // 62.3% (33.3) // 58.9% (33.3) // 58.9% (33.3)",
        "oppCorsiAgainst": "40.1% (45.2) // 38.8% (43.6) // 40.1% (45.2) // 40.1% (45.2)",
        "oppFenwickAgainst": "40.9% (35.1) // 39.9% (34.4) // 40.9% (35.1) // 40.9% (35.1)",
        "oppShotsAgainst": "42.8% (25.6) // 41.6% (24.5) // 42.8% (25.6) // 42.8% (25.6)",
        "oppScoringAgainst": "41.1% (23.3) // 37.7% (20.2) // 41.1% (23.3) // 41.1% (23.3)",
        "savesPerGame": 25.5,
        "savesPerGameLast1": 31.0,
        "savesPerGameLast3": 26.0,
        "savesPerGameLast5": 27.0,
        "savesPer60": 27.8,
        "savesPer60Last1": 31.0,
        "savesPer60Last3": 24.9,
        "savesPer60Last5": 27.3,
        "shotsPerGame": 34.4,
        "shotsPerGameLast5": 30.8,
        "shotsAgainstPerGame": 28.2,
        "shotsAgainstPerGameLast5": 28.4,
        "oppSavesAgainstPer60": 34.1,
        "oppSavesAgainstPer60Last1": 39.0,
        "oppSavesAgainstPer60Last3": 32.5,
        "oppSavesAgainstPer60Last5": 32.4,
        "oppShotsAgainstPerGame": 26.0,
        "oppShotsAgainstPerGameLast5": 29.6,
        "savesProj": 34.8,
        "savesProjLast5": 34.5,
        "savesProjLast3": 31.8,
        "oppSavesAgainstProj": 29.5,
        "oppSavesAgainstProjLast5": 28.5,
        "oppSavesAgainstProjLast3": 27.5,
        "totalOver": 46,
        "totalOverLast5": 40,
        "totalOverLast15": 33,
        "lastTotalOver": 39,
        "last5": "0,1,2,0,0,0,0,1,0,0",
        "overOdds": "+115",
        "underOdds": "-145",
        "overUnder": "+115 / -145"
    },
    {
        "player": "Dougie Hamilton",
        "team": "NJ",
        "opponent": "CAR",
        "propType": "pts",
        "line": 0.5,
        "ppLine": "PP1",
        "avg": 0.87,
        "hit": false,
        "diffAvg": 0.74,
        "diffAbs": 0.0,
        "lastAvg": 0.48,
        "diff": -0.04,
        "avgMin": 21,
        "proj": 0.5,
        "lastAvgMin": 21.22,
        "oppOver": 0,
        "teamOver": 0,
        "gameLine": "+100",
        "+/-": "+22",
        "L5_+/-": -1.0,
        "prevMatchup": "2023-03-12 1.0 pts 2023-01-10 1.0 pts 2023-01-01 1.0 pts 2022-12-20 0.0 pts",
        "winLossSplits": "66% - 45%",
        "awayHome": "A",
        "playedYesterday": "N",
        "awayHomeSplits": "55% - 62%",
        "savesAboveExp": -0.44,
        "gsaa": -0.71,
        "corsi": "53.7% (63.4) // 55.1% (64.9) // 53.7% (63.4) // 53.7% (63.4)",
        "fenwick": "53.9% (46.9) // 55.2% (48.2) // 53.9% (46.9) // 53.9% (46.9)",
        "shots": "54.9% (33.9) // 54.4% (33.3) // 54.9% (33.9) // 54.9% (33.9)",
        "scoring": "56.3% (35.0) // 60.7% (39.4) // 56.3% (35.0) // 56.3% (35.0)",
        "corsiAgainst": "46.3% (54.8) // 44.9% (52.8) // 46.3% (54.8) // 46.3% (54.8)",
        "fenwickAgainst": "46.1% (40.1) // 44.8% (39.2) // 46.1% (40.1) // 46.1% (40.1)",
        "shotsAgainst": "45.1% (27.8) // 45.6% (28.0) // 45.1% (27.8) // 45.1% (27.8)",
        "scoringAgainst": "43.7% (27.1) // 39.3% (25.5) // 43.7% (27.1) // 43.7% (27.1)",
        "oppCorsi": "59.9% (67.4) // 61.2% (68.8) // 59.9% (67.4) // 59.9% (67.4)",
        "oppFenwick": "59.1% (50.8) // 60.1% (51.8) // 59.1% (50.8) // 59.1% (50.8)",
        "oppShots": "57.2% (34.3) // 58.4% (34.4) // 57.2% (34.3) // 57.2% (34.3)",
        "oppScoring": "58.9% (33.3) // 62.3% (33.3) // 58.9% (33.3) // 58.9% (33.3)",
        "oppCorsiAgainst": "40.1% (45.2) // 38.8% (43.6) // 40.1% (45.2) // 40.1% (45.2)",
        "oppFenwickAgainst": "40.9% (35.1) // 39.9% (34.4) // 40.9% (35.1) // 40.9% (35.1)",
        "oppShotsAgainst": "42.8% (25.6) // 41.6% (24.5) // 42.8% (25.6) // 42.8% (25.6)",
        "oppScoringAgainst": "41.1% (23.3) // 37.7% (20.2) // 41.1% (23.3) // 41.1% (23.3)",
        "savesPerGame": 25.5,
        "savesPerGameLast1": 31.0,
        "savesPerGameLast3": 26.0,
        "savesPerGameLast5": 27.0,
        "savesPer60": 27.8,
        "savesPer60Last1": 31.0,
        "savesPer60Last3": 24.9,
        "savesPer60Last5": 27.3,
        "shotsPerGame": 34.4,
        "shotsPerGameLast5": 30.8,
        "shotsAgainstPerGame": 28.2,
        "shotsAgainstPerGameLast5": 28.4,
        "oppSavesAgainstPer60": 34.1,
        "oppSavesAgainstPer60Last1": 39.0,
        "oppSavesAgainstPer60Last3": 32.5,
        "oppSavesAgainstPer60Last5": 32.4,
        "oppShotsAgainstPerGame": 26.0,
        "oppShotsAgainstPerGameLast5": 29.6,
        "savesProj": 34.8,
        "savesProjLast5": 34.5,
        "savesProjLast3": 31.8,
        "oppSavesAgainstProj": 29.5,
        "oppSavesAgainstProjLast5": 28.5,
        "oppSavesAgainstProjLast3": 27.5,
        "totalOver": 58,
        "totalOverLast5": 40,
        "totalOverLast15": 33,
        "lastTotalOver": 41,
        "last5": "0,0,0,1,2,0,0,1,0,0",
        "overOdds": "-115",
        "underOdds": "-115",
        "overUnder": "-115 / -115"
    },
    {
        "player": "Erik Haula",
        "team": "NJ",
        "opponent": "CAR",
        "propType": "pts",
        "line": 0.5,
        "ppLine": "PP2",
        "avg": 0.52,
        "hit": false,
        "diffAvg": 0.04,
        "diffAbs": 0.0,
        "lastAvg": 0.52,
        "diff": 0.04,
        "avgMin": 16,
        "proj": 0.5,
        "lastAvgMin": 15.08,
        "oppOver": 0,
        "teamOver": 0,
        "gameLine": "+100",
        "+/-": "+14",
        "L5_+/-": "+5.0",
        "prevMatchup": "2023-03-12 0.0 pts 2023-01-10 1.0 pts 2023-01-01 1.0 pts 2022-12-20 0.0 pts",
        "winLossSplits": "45% - 28%",
        "awayHome": "A",
        "playedYesterday": "N",
        "awayHomeSplits": "44% - 34%",
        "savesAboveExp": -0.44,
        "gsaa": -0.71,
        "corsi": "53.7% (63.4) // 55.1% (64.9) // 53.7% (63.4) // 53.7% (63.4)",
        "fenwick": "53.9% (46.9) // 55.2% (48.2) // 53.9% (46.9) // 53.9% (46.9)",
        "shots": "54.9% (33.9) // 54.4% (33.3) // 54.9% (33.9) // 54.9% (33.9)",
        "scoring": "56.3% (35.0) // 60.7% (39.4) // 56.3% (35.0) // 56.3% (35.0)",
        "corsiAgainst": "46.3% (54.8) // 44.9% (52.8) // 46.3% (54.8) // 46.3% (54.8)",
        "fenwickAgainst": "46.1% (40.1) // 44.8% (39.2) // 46.1% (40.1) // 46.1% (40.1)",
        "shotsAgainst": "45.1% (27.8) // 45.6% (28.0) // 45.1% (27.8) // 45.1% (27.8)",
        "scoringAgainst": "43.7% (27.1) // 39.3% (25.5) // 43.7% (27.1) // 43.7% (27.1)",
        "oppCorsi": "59.9% (67.4) // 61.2% (68.8) // 59.9% (67.4) // 59.9% (67.4)",
        "oppFenwick": "59.1% (50.8) // 60.1% (51.8) // 59.1% (50.8) // 59.1% (50.8)",
        "oppShots": "57.2% (34.3) // 58.4% (34.4) // 57.2% (34.3) // 57.2% (34.3)",
        "oppScoring": "58.9% (33.3) // 62.3% (33.3) // 58.9% (33.3) // 58.9% (33.3)",
        "oppCorsiAgainst": "40.1% (45.2) // 38.8% (43.6) // 40.1% (45.2) // 40.1% (45.2)",
        "oppFenwickAgainst": "40.9% (35.1) // 39.9% (34.4) // 40.9% (35.1) // 40.9% (35.1)",
        "oppShotsAgainst": "42.8% (25.6) // 41.6% (24.5) // 42.8% (25.6) // 42.8% (25.6)",
        "oppScoringAgainst": "41.1% (23.3) // 37.7% (20.2) // 41.1% (23.3) // 41.1% (23.3)",
        "savesPerGame": 25.5,
        "savesPerGameLast1": 31.0,
        "savesPerGameLast3": 26.0,
        "savesPerGameLast5": 27.0,
        "savesPer60": 27.8,
        "savesPer60Last1": 31.0,
        "savesPer60Last3": 24.9,
        "savesPer60Last5": 27.3,
        "shotsPerGame": 34.4,
        "shotsPerGameLast5": 30.8,
        "shotsAgainstPerGame": 28.2,
        "shotsAgainstPerGameLast5": 28.4,
        "oppSavesAgainstPer60": 34.1,
        "oppSavesAgainstPer60Last1": 39.0,
        "oppSavesAgainstPer60Last3": 32.5,
        "oppSavesAgainstPer60Last5": 32.4,
        "oppShotsAgainstPerGame": 26.0,
        "oppShotsAgainstPerGameLast5": 29.6,
        "savesProj": 34.8,
        "savesProjLast5": 34.5,
        "savesProjLast3": 31.8,
        "oppSavesAgainstProj": 29.5,
        "oppSavesAgainstProjLast5": 28.5,
        "oppSavesAgainstProjLast3": 27.5,
        "totalOver": 39,
        "totalOverLast5": 60,
        "totalOverLast15": 60,
        "lastTotalOver": 41,
        "last5": "1,0,3,1,0,1,0,2,2,0",
        "overOdds": "+110",
        "underOdds": "-140",
        "overUnder": "+110 / -140"
    },
    {
        "player": "Jack Hughes",
        "team": "NJ",
        "opponent": "CAR",
        "propType": "pts",
        "line": 0.5,
        "ppLine": "PP1",
        "avg": 1.22,
        "hit": false,
        "diffAvg": 1.44,
        "diffAbs": 1.2,
        "lastAvg": 1.1,
        "diff": 1.2,
        "avgMin": 20,
        "proj": 1.1,
        "lastAvgMin": 19.55,
        "oppOver": 0,
        "teamOver": 0,
        "gameLine": "+100",
        "+/-": "+11",
        "L5_+/-": "+1.0",
        "prevMatchup": "2023-03-12 3.0 pts 2023-01-10 0.0 pts 2023-01-01 1.0 pts 2022-12-20 1.0 pts",
        "winLossSplits": "80% - 65%",
        "awayHome": "A",
        "playedYesterday": "N",
        "awayHomeSplits": "76% - 73%",
        "savesAboveExp": -0.44,
        "gsaa": -0.71,
        "corsi": "53.7% (63.4) // 55.1% (64.9) // 53.7% (63.4) // 53.7% (63.4)",
        "fenwick": "53.9% (46.9) // 55.2% (48.2) // 53.9% (46.9) // 53.9% (46.9)",
        "shots": "54.9% (33.9) // 54.4% (33.3) // 54.9% (33.9) // 54.9% (33.9)",
        "scoring": "56.3% (35.0) // 60.7% (39.4) // 56.3% (35.0) // 56.3% (35.0)",
        "corsiAgainst": "46.3% (54.8) // 44.9% (52.8) // 46.3% (54.8) // 46.3% (54.8)",
        "fenwickAgainst": "46.1% (40.1) // 44.8% (39.2) // 46.1% (40.1) // 46.1% (40.1)",
        "shotsAgainst": "45.1% (27.8) // 45.6% (28.0) // 45.1% (27.8) // 45.1% (27.8)",
        "scoringAgainst": "43.7% (27.1) // 39.3% (25.5) // 43.7% (27.1) // 43.7% (27.1)",
        "oppCorsi": "59.9% (67.4) // 61.2% (68.8) // 59.9% (67.4) // 59.9% (67.4)",
        "oppFenwick": "59.1% (50.8) // 60.1% (51.8) // 59.1% (50.8) // 59.1% (50.8)",
        "oppShots": "57.2% (34.3) // 58.4% (34.4) // 57.2% (34.3) // 57.2% (34.3)",
        "oppScoring": "58.9% (33.3) // 62.3% (33.3) // 58.9% (33.3) // 58.9% (33.3)",
        "oppCorsiAgainst": "40.1% (45.2) // 38.8% (43.6) // 40.1% (45.2) // 40.1% (45.2)",
        "oppFenwickAgainst": "40.9% (35.1) // 39.9% (34.4) // 40.9% (35.1) // 40.9% (35.1)",
        "oppShotsAgainst": "42.8% (25.6) // 41.6% (24.5) // 42.8% (25.6) // 42.8% (25.6)",
        "oppScoringAgainst": "41.1% (23.3) // 37.7% (20.2) // 41.1% (23.3) // 41.1% (23.3)",
        "savesPerGame": 25.5,
        "savesPerGameLast1": 31.0,
        "savesPerGameLast3": 26.0,
        "savesPerGameLast5": 27.0,
        "savesPer60": 27.8,
        "savesPer60Last1": 31.0,
        "savesPer60Last3": 24.9,
        "savesPer60Last5": 27.3,
        "shotsPerGame": 34.4,
        "shotsPerGameLast5": 30.8,
        "shotsAgainstPerGame": 28.2,
        "shotsAgainstPerGameLast5": 28.4,
        "oppSavesAgainstPer60": 34.1,
        "oppSavesAgainstPer60Last1": 39.0,
        "oppSavesAgainstPer60Last3": 32.5,
        "oppSavesAgainstPer60Last5": 32.4,
        "oppShotsAgainstPerGame": 26.0,
        "oppShotsAgainstPerGameLast5": 29.6,
        "savesProj": 34.8,
        "savesProjLast5": 34.5,
        "savesProjLast3": 31.8,
        "oppSavesAgainstProj": 29.5,
        "oppSavesAgainstProjLast5": 28.5,
        "oppSavesAgainstProjLast3": 27.5,
        "totalOver": 74,
        "totalOverLast5": 80,
        "totalOverLast15": 80,
        "lastTotalOver": 74,
        "last5": "1,1,0,1,1,0,1,2,1,1",
        "overOdds": "-230",
        "underOdds": "+185",
        "overUnder": "-230 / +185"
    },
    {
        "player": "Jesper Bratt",
        "team": "NJ",
        "opponent": "CAR",
        "propType": "pts",
        "line": 0.5,
        "ppLine": "PP1",
        "avg": 0.87,
        "hit": false,
        "diffAvg": 0.74,
        "diffAbs": 0.8,
        "lastAvg": 0.96,
        "diff": 0.92,
        "avgMin": 17,
        "proj": 0.9,
        "lastAvgMin": 17.42,
        "oppOver": 0,
        "teamOver": 0,
        "gameLine": "+100",
        "+/-": "+17",
        "L5_+/-": "+4.0",
        "prevMatchup": "2023-03-12 2.0 pts 2023-01-10 0.0 pts 2023-01-01 3.0 pts 2022-12-20 1.0 pts",
        "winLossSplits": "75% - 48%",
        "awayHome": "A",
        "playedYesterday": "N",
        "awayHomeSplits": "70% - 60%",
        "savesAboveExp": -0.44,
        "gsaa": -0.71,
        "corsi": "53.7% (63.4) // 55.1% (64.9) // 53.7% (63.4) // 53.7% (63.4)",
        "fenwick": "53.9% (46.9) // 55.2% (48.2) // 53.9% (46.9) // 53.9% (46.9)",
        "shots": "54.9% (33.9) // 54.4% (33.3) // 54.9% (33.9) // 54.9% (33.9)",
        "scoring": "56.3% (35.0) // 60.7% (39.4) // 56.3% (35.0) // 56.3% (35.0)",
        "corsiAgainst": "46.3% (54.8) // 44.9% (52.8) // 46.3% (54.8) // 46.3% (54.8)",
        "fenwickAgainst": "46.1% (40.1) // 44.8% (39.2) // 46.1% (40.1) // 46.1% (40.1)",
        "shotsAgainst": "45.1% (27.8) // 45.6% (28.0) // 45.1% (27.8) // 45.1% (27.8)",
        "scoringAgainst": "43.7% (27.1) // 39.3% (25.5) // 43.7% (27.1) // 43.7% (27.1)",
        "oppCorsi": "59.9% (67.4) // 61.2% (68.8) // 59.9% (67.4) // 59.9% (67.4)",
        "oppFenwick": "59.1% (50.8) // 60.1% (51.8) // 59.1% (50.8) // 59.1% (50.8)",
        "oppShots": "57.2% (34.3) // 58.4% (34.4) // 57.2% (34.3) // 57.2% (34.3)",
        "oppScoring": "58.9% (33.3) // 62.3% (33.3) // 58.9% (33.3) // 58.9% (33.3)",
        "oppCorsiAgainst": "40.1% (45.2) // 38.8% (43.6) // 40.1% (45.2) // 40.1% (45.2)",
        "oppFenwickAgainst": "40.9% (35.1) // 39.9% (34.4) // 40.9% (35.1) // 40.9% (35.1)",
        "oppShotsAgainst": "42.8% (25.6) // 41.6% (24.5) // 42.8% (25.6) // 42.8% (25.6)",
        "oppScoringAgainst": "41.1% (23.3) // 37.7% (20.2) // 41.1% (23.3) // 41.1% (23.3)",
        "savesPerGame": 25.5,
        "savesPerGameLast1": 31.0,
        "savesPerGameLast3": 26.0,
        "savesPerGameLast5": 27.0,
        "savesPer60": 27.8,
        "savesPer60Last1": 31.0,
        "savesPer60Last3": 24.9,
        "savesPer60Last5": 27.3,
        "shotsPerGame": 34.4,
        "shotsPerGameLast5": 30.8,
        "shotsAgainstPerGame": 28.2,
        "shotsAgainstPerGameLast5": 28.4,
        "oppSavesAgainstPer60": 34.1,
        "oppSavesAgainstPer60Last1": 39.0,
        "oppSavesAgainstPer60Last3": 32.5,
        "oppSavesAgainstPer60Last5": 32.4,
        "oppShotsAgainstPerGame": 26.0,
        "oppShotsAgainstPerGameLast5": 29.6,
        "savesProj": 34.8,
        "savesProjLast5": 34.5,
        "savesProjLast3": 31.8,
        "oppSavesAgainstProj": 29.5,
        "oppSavesAgainstProjLast5": 28.5,
        "oppSavesAgainstProjLast3": 27.5,
        "totalOver": 65,
        "totalOverLast5": 60,
        "totalOverLast15": 67,
        "lastTotalOver": 67,
        "last5": "1,0,0,1,2,0,0,1,1,1",
        "overOdds": "-130",
        "underOdds": "+100",
        "overUnder": "-130 / +100"
    },
    {
        "player": "Jordan Martinook",
        "team": "CAR",
        "opponent": "NJ",
        "propType": "pts",
        "line": 0.5,
        "ppLine": "",
        "avg": 0.39,
        "hit": false,
        "diffAvg": -0.22,
        "diffAbs": 0.4,
        "lastAvg": 0.23,
        "diff": -0.54,
        "avgMin": 15,
        "proj": 0.3,
        "lastAvgMin": 11.2,
        "oppOver": 0,
        "teamOver": 0,
        "gameLine": "-120",
        "+/-": "+7",
        "L5_+/-": "+2.0",
        "prevMatchup": "2023-03-12 0.0 pts 2023-01-10 0.0 pts 2023-01-01 0.0 pts 2022-12-20 1.0 pts",
        "winLossSplits": "38% - 22%",
        "awayHome": "H",
        "playedYesterday": "N",
        "awayHomeSplits": "27% - 36%",
        "savesAboveExp": 0.922,
        "gsaa": 7.07,
        "corsi": "59.9% (67.4) // 61.2% (68.8) // 59.9% (67.4) // 59.9% (67.4)",
        "fenwick": "59.1% (50.8) // 60.1% (51.8) // 59.1% (50.8) // 59.1% (50.8)",
        "shots": "57.2% (34.3) // 58.4% (34.4) // 57.2% (34.3) // 57.2% (34.3)",
        "scoring": "58.9% (33.3) // 62.3% (33.3) // 58.9% (33.3) // 58.9% (33.3)",
        "corsiAgainst": "40.1% (45.2) // 38.8% (43.6) // 40.1% (45.2) // 40.1% (45.2)",
        "fenwickAgainst": "40.9% (35.1) // 39.9% (34.4) // 40.9% (35.1) // 40.9% (35.1)",
        "shotsAgainst": "42.8% (25.6) // 41.6% (24.5) // 42.8% (25.6) // 42.8% (25.6)",
        "scoringAgainst": "41.1% (23.3) // 37.7% (20.2) // 41.1% (23.3) // 41.1% (23.3)",
        "oppCorsi": "53.7% (63.4) // 55.1% (64.9) // 53.7% (63.4) // 53.7% (63.4)",
        "oppFenwick": "53.9% (46.9) // 55.2% (48.2) // 53.9% (46.9) // 53.9% (46.9)",
        "oppShots": "54.9% (33.9) // 54.4% (33.3) // 54.9% (33.9) // 54.9% (33.9)",
        "oppScoring": "56.3% (35.0) // 60.7% (39.4) // 56.3% (35.0) // 56.3% (35.0)",
        "oppCorsiAgainst": "46.3% (54.8) // 44.9% (52.8) // 46.3% (54.8) // 46.3% (54.8)",
        "oppFenwickAgainst": "46.1% (40.1) // 44.8% (39.2) // 46.1% (40.1) // 46.1% (40.1)",
        "oppShotsAgainst": "45.1% (27.8) // 45.6% (28.0) // 45.1% (27.8) // 45.1% (27.8)",
        "oppScoringAgainst": "43.7% (27.1) // 39.3% (25.5) // 43.7% (27.1) // 43.7% (27.1)",
        "savesPerGame": 23.4,
        "savesPerGameLast1": 33.0,
        "savesPerGameLast3": 26.3,
        "savesPerGameLast5": 26.8,
        "savesPer60": 25.3,
        "savesPer60Last1": 36.3,
        "savesPer60Last3": 26.8,
        "savesPer60Last5": 27.5,
        "shotsPerGame": 34.8,
        "shotsPerGameLast5": 34.6,
        "shotsAgainstPerGame": 26.0,
        "shotsAgainstPerGameLast5": 29.6,
        "oppSavesAgainstPer60": 33.7,
        "oppSavesAgainstPer60Last1": 20.0,
        "oppSavesAgainstPer60Last3": 30.8,
        "oppSavesAgainstPer60Last5": 27.5,
        "oppShotsAgainstPerGame": 28.2,
        "oppShotsAgainstPerGameLast5": 28.4,
        "savesProj": 27.8,
        "savesProjLast5": 27.5,
        "savesProjLast3": 29.9,
        "oppSavesAgainstProj": 27.2,
        "oppSavesAgainstProjLast5": 24.6,
        "oppSavesAgainstProjLast3": 27.1,
        "totalOver": 32,
        "totalOverLast5": 0,
        "totalOverLast15": 20,
        "lastTotalOver": 24,
        "last5": "0,0,0,0,0,0,0,1,0,1",
        "overOdds": "+155",
        "underOdds": "-190",
        "overUnder": "+155 / -190"
    },
    {
        "player": "Martin Necas",
        "team": "CAR",
        "opponent": "NJ",
        "propType": "pts",
        "line": 0.5,
        "ppLine": "PP1",
        "avg": 0.84,
        "hit": false,
        "diffAvg": 0.68,
        "diffAbs": 0.0,
        "lastAvg": 0.43,
        "diff": -0.14,
        "avgMin": 18,
        "proj": 0.5,
        "lastAvgMin": 16.18,
        "oppOver": 0,
        "teamOver": 0,
        "gameLine": "-120",
        "+/-": 0,
        "L5_+/-": -4.0,
        "prevMatchup": "2023-03-12 0.0 pts 2023-01-10 1.0 pts 2023-01-01 1.0 pts 2022-12-20 0.0 pts",
        "winLossSplits": "66% - 41%",
        "awayHome": "H",
        "playedYesterday": "N",
        "awayHomeSplits": "50% - 64%",
        "savesAboveExp": 0.922,
        "gsaa": 7.07,
        "corsi": "59.9% (67.4) // 61.2% (68.8) // 59.9% (67.4) // 59.9% (67.4)",
        "fenwick": "59.1% (50.8) // 60.1% (51.8) // 59.1% (50.8) // 59.1% (50.8)",
        "shots": "57.2% (34.3) // 58.4% (34.4) // 57.2% (34.3) // 57.2% (34.3)",
        "scoring": "58.9% (33.3) // 62.3% (33.3) // 58.9% (33.3) // 58.9% (33.3)",
        "corsiAgainst": "40.1% (45.2) // 38.8% (43.6) // 40.1% (45.2) // 40.1% (45.2)",
        "fenwickAgainst": "40.9% (35.1) // 39.9% (34.4) // 40.9% (35.1) // 40.9% (35.1)",
        "shotsAgainst": "42.8% (25.6) // 41.6% (24.5) // 42.8% (25.6) // 42.8% (25.6)",
        "scoringAgainst": "41.1% (23.3) // 37.7% (20.2) // 41.1% (23.3) // 41.1% (23.3)",
        "oppCorsi": "53.7% (63.4) // 55.1% (64.9) // 53.7% (63.4) // 53.7% (63.4)",
        "oppFenwick": "53.9% (46.9) // 55.2% (48.2) // 53.9% (46.9) // 53.9% (46.9)",
        "oppShots": "54.9% (33.9) // 54.4% (33.3) // 54.9% (33.9) // 54.9% (33.9)",
        "oppScoring": "56.3% (35.0) // 60.7% (39.4) // 56.3% (35.0) // 56.3% (35.0)",
        "oppCorsiAgainst": "46.3% (54.8) // 44.9% (52.8) // 46.3% (54.8) // 46.3% (54.8)",
        "oppFenwickAgainst": "46.1% (40.1) // 44.8% (39.2) // 46.1% (40.1) // 46.1% (40.1)",
        "oppShotsAgainst": "45.1% (27.8) // 45.6% (28.0) // 45.1% (27.8) // 45.1% (27.8)",
        "oppScoringAgainst": "43.7% (27.1) // 39.3% (25.5) // 43.7% (27.1) // 43.7% (27.1)",
        "savesPerGame": 23.4,
        "savesPerGameLast1": 33.0,
        "savesPerGameLast3": 26.3,
        "savesPerGameLast5": 26.8,
        "savesPer60": 25.3,
        "savesPer60Last1": 36.3,
        "savesPer60Last3": 26.8,
        "savesPer60Last5": 27.5,
        "shotsPerGame": 34.8,
        "shotsPerGameLast5": 34.6,
        "shotsAgainstPerGame": 26.0,
        "shotsAgainstPerGameLast5": 29.6,
        "oppSavesAgainstPer60": 33.7,
        "oppSavesAgainstPer60Last1": 20.0,
        "oppSavesAgainstPer60Last3": 30.8,
        "oppSavesAgainstPer60Last5": 27.5,
        "oppShotsAgainstPerGame": 28.2,
        "oppShotsAgainstPerGameLast5": 28.4,
        "savesProj": 27.8,
        "savesProjLast5": 27.5,
        "savesProjLast3": 29.9,
        "oppSavesAgainstProj": 27.2,
        "oppSavesAgainstProjLast5": 24.6,
        "oppSavesAgainstProjLast3": 27.1,
        "totalOver": 57,
        "totalOverLast5": 20,
        "totalOverLast15": 27,
        "lastTotalOver": 38,
        "last5": "0,0,1,0,0,2,0,0,2,0",
        "overOdds": "-150",
        "underOdds": "+120",
        "overUnder": "-150 / +120"
    },
    {
        "player": "Nico Hischier",
        "team": "NJ",
        "opponent": "CAR",
        "propType": "pts",
        "line": 0.5,
        "ppLine": "PP1",
        "avg": 0.97,
        "hit": false,
        "diffAvg": 0.94,
        "diffAbs": 0.6,
        "lastAvg": 0.86,
        "diff": 0.72,
        "avgMin": 19,
        "proj": 0.8,
        "lastAvgMin": 19.33,
        "oppOver": 0,
        "teamOver": 0,
        "gameLine": "+100",
        "+/-": "+32",
        "L5_+/-": "+1.0",
        "prevMatchup": "2023-03-12 0.0 pts 2023-01-10 2.0 pts 2023-01-01 1.0 pts 2022-12-20 0.0 pts",
        "winLossSplits": "84% - 44%",
        "awayHome": "A",
        "playedYesterday": "N",
        "awayHomeSplits": "70% - 69%",
        "savesAboveExp": -0.44,
        "gsaa": -0.71,
        "corsi": "53.7% (63.4) // 55.1% (64.9) // 53.7% (63.4) // 53.7% (63.4)",
        "fenwick": "53.9% (46.9) // 55.2% (48.2) // 53.9% (46.9) // 53.9% (46.9)",
        "shots": "54.9% (33.9) // 54.4% (33.3) // 54.9% (33.9) // 54.9% (33.9)",
        "scoring": "56.3% (35.0) // 60.7% (39.4) // 56.3% (35.0) // 56.3% (35.0)",
        "corsiAgainst": "46.3% (54.8) // 44.9% (52.8) // 46.3% (54.8) // 46.3% (54.8)",
        "fenwickAgainst": "46.1% (40.1) // 44.8% (39.2) // 46.1% (40.1) // 46.1% (40.1)",
        "shotsAgainst": "45.1% (27.8) // 45.6% (28.0) // 45.1% (27.8) // 45.1% (27.8)",
        "scoringAgainst": "43.7% (27.1) // 39.3% (25.5) // 43.7% (27.1) // 43.7% (27.1)",
        "oppCorsi": "59.9% (67.4) // 61.2% (68.8) // 59.9% (67.4) // 59.9% (67.4)",
        "oppFenwick": "59.1% (50.8) // 60.1% (51.8) // 59.1% (50.8) // 59.1% (50.8)",
        "oppShots": "57.2% (34.3) // 58.4% (34.4) // 57.2% (34.3) // 57.2% (34.3)",
        "oppScoring": "58.9% (33.3) // 62.3% (33.3) // 58.9% (33.3) // 58.9% (33.3)",
        "oppCorsiAgainst": "40.1% (45.2) // 38.8% (43.6) // 40.1% (45.2) // 40.1% (45.2)",
        "oppFenwickAgainst": "40.9% (35.1) // 39.9% (34.4) // 40.9% (35.1) // 40.9% (35.1)",
        "oppShotsAgainst": "42.8% (25.6) // 41.6% (24.5) // 42.8% (25.6) // 42.8% (25.6)",
        "oppScoringAgainst": "41.1% (23.3) // 37.7% (20.2) // 41.1% (23.3) // 41.1% (23.3)",
        "savesPerGame": 25.5,
        "savesPerGameLast1": 31.0,
        "savesPerGameLast3": 26.0,
        "savesPerGameLast5": 27.0,
        "savesPer60": 27.8,
        "savesPer60Last1": 31.0,
        "savesPer60Last3": 24.9,
        "savesPer60Last5": 27.3,
        "shotsPerGame": 34.4,
        "shotsPerGameLast5": 30.8,
        "shotsAgainstPerGame": 28.2,
        "shotsAgainstPerGameLast5": 28.4,
        "oppSavesAgainstPer60": 34.1,
        "oppSavesAgainstPer60Last1": 39.0,
        "oppSavesAgainstPer60Last3": 32.5,
        "oppSavesAgainstPer60Last5": 32.4,
        "oppShotsAgainstPerGame": 26.0,
        "oppShotsAgainstPerGameLast5": 29.6,
        "savesProj": 34.8,
        "savesProjLast5": 34.5,
        "savesProjLast3": 31.8,
        "oppSavesAgainstProj": 29.5,
        "oppSavesAgainstProjLast5": 28.5,
        "oppSavesAgainstProjLast3": 27.5,
        "totalOver": 69,
        "totalOverLast5": 100,
        "totalOverLast15": 73,
        "lastTotalOver": 62,
        "last5": "1,1,1,1,1,0,0,1,2,0",
        "overOdds": "-175",
        "underOdds": "+140",
        "overUnder": "-175 / +140"
    },
    {
        "player": "Seth Jarvis",
        "team": "CAR",
        "opponent": "NJ",
        "propType": "pts",
        "line": 0.5,
        "ppLine": "PP1",
        "avg": 0.49,
        "hit": false,
        "diffAvg": -0.02,
        "diffAbs": 0.2,
        "lastAvg": 0.49,
        "diff": -0.02,
        "avgMin": 16,
        "proj": 0.6,
        "lastAvgMin": 13.87,
        "oppOver": 0,
        "teamOver": 0,
        "gameLine": "-120",
        "+/-": "+13",
        "L5_+/-": "+3.0",
        "prevMatchup": "2023-03-12 0.0 pts 2023-01-10 0.0 pts 2023-01-01 0.0 pts 2022-12-20 1.0 pts",
        "winLossSplits": "48% - 22%",
        "awayHome": "H",
        "playedYesterday": "N",
        "awayHomeSplits": "43% - 34%",
        "savesAboveExp": 0.922,
        "gsaa": 7.07,
        "corsi": "59.9% (67.4) // 61.2% (68.8) // 59.9% (67.4) // 59.9% (67.4)",
        "fenwick": "59.1% (50.8) // 60.1% (51.8) // 59.1% (50.8) // 59.1% (50.8)",
        "shots": "57.2% (34.3) // 58.4% (34.4) // 57.2% (34.3) // 57.2% (34.3)",
        "scoring": "58.9% (33.3) // 62.3% (33.3) // 58.9% (33.3) // 58.9% (33.3)",
        "corsiAgainst": "40.1% (45.2) // 38.8% (43.6) // 40.1% (45.2) // 40.1% (45.2)",
        "fenwickAgainst": "40.9% (35.1) // 39.9% (34.4) // 40.9% (35.1) // 40.9% (35.1)",
        "shotsAgainst": "42.8% (25.6) // 41.6% (24.5) // 42.8% (25.6) // 42.8% (25.6)",
        "scoringAgainst": "41.1% (23.3) // 37.7% (20.2) // 41.1% (23.3) // 41.1% (23.3)",
        "oppCorsi": "53.7% (63.4) // 55.1% (64.9) // 53.7% (63.4) // 53.7% (63.4)",
        "oppFenwick": "53.9% (46.9) // 55.2% (48.2) // 53.9% (46.9) // 53.9% (46.9)",
        "oppShots": "54.9% (33.9) // 54.4% (33.3) // 54.9% (33.9) // 54.9% (33.9)",
        "oppScoring": "56.3% (35.0) // 60.7% (39.4) // 56.3% (35.0) // 56.3% (35.0)",
        "oppCorsiAgainst": "46.3% (54.8) // 44.9% (52.8) // 46.3% (54.8) // 46.3% (54.8)",
        "oppFenwickAgainst": "46.1% (40.1) // 44.8% (39.2) // 46.1% (40.1) // 46.1% (40.1)",
        "oppShotsAgainst": "45.1% (27.8) // 45.6% (28.0) // 45.1% (27.8) // 45.1% (27.8)",
        "oppScoringAgainst": "43.7% (27.1) // 39.3% (25.5) // 43.7% (27.1) // 43.7% (27.1)",
        "savesPerGame": 23.4,
        "savesPerGameLast1": 33.0,
        "savesPerGameLast3": 26.3,
        "savesPerGameLast5": 26.8,
        "savesPer60": 25.3,
        "savesPer60Last1": 36.3,
        "savesPer60Last3": 26.8,
        "savesPer60Last5": 27.5,
        "shotsPerGame": 34.8,
        "shotsPerGameLast5": 34.6,
        "shotsAgainstPerGame": 26.0,
        "shotsAgainstPerGameLast5": 29.6,
        "oppSavesAgainstPer60": 33.7,
        "oppSavesAgainstPer60Last1": 20.0,
        "oppSavesAgainstPer60Last3": 30.8,
        "oppSavesAgainstPer60Last5": 27.5,
        "oppShotsAgainstPerGame": 28.2,
        "oppShotsAgainstPerGameLast5": 28.4,
        "savesProj": 27.8,
        "savesProjLast5": 27.5,
        "savesProjLast3": 29.9,
        "oppSavesAgainstProj": 27.2,
        "oppSavesAgainstProjLast5": 24.6,
        "oppSavesAgainstProjLast3": 27.1,
        "totalOver": 39,
        "totalOverLast5": 60,
        "totalOverLast15": 53,
        "lastTotalOver": 50,
        "last5": "0,1,2,0,1,0,2,0,1,1",
        "overOdds": "-105",
        "underOdds": "-125",
        "overUnder": "-105 / -125"
    },
    {
        "player": "Stefan Noesen",
        "team": "CAR",
        "opponent": "NJ",
        "propType": "pts",
        "line": 0.5,
        "ppLine": "PP1",
        "avg": 0.48,
        "hit": false,
        "diffAvg": -0.04,
        "diffAbs": 1.0,
        "lastAvg": 0,
        "diff": 0,
        "avgMin": 12,
        "proj": 0.0,
        "lastAvgMin": 0,
        "oppOver": 0,
        "teamOver": 0,
        "gameLine": "-120",
        "+/-": "+5",
        "L5_+/-": -9.0,
        "prevMatchup": "2023-03-12 0.0 pts 2023-01-10 0.0 pts 2023-01-01 2.0 pts 2022-12-20 1.0 pts",
        "winLossSplits": "53% - 17%",
        "awayHome": "H",
        "playedYesterday": "N",
        "awayHomeSplits": "38% - 43%",
        "savesAboveExp": 0.922,
        "gsaa": 7.07,
        "corsi": "59.9% (67.4) // 61.2% (68.8) // 59.9% (67.4) // 59.9% (67.4)",
        "fenwick": "59.1% (50.8) // 60.1% (51.8) // 59.1% (50.8) // 59.1% (50.8)",
        "shots": "57.2% (34.3) // 58.4% (34.4) // 57.2% (34.3) // 57.2% (34.3)",
        "scoring": "58.9% (33.3) // 62.3% (33.3) // 58.9% (33.3) // 58.9% (33.3)",
        "corsiAgainst": "40.1% (45.2) // 38.8% (43.6) // 40.1% (45.2) // 40.1% (45.2)",
        "fenwickAgainst": "40.9% (35.1) // 39.9% (34.4) // 40.9% (35.1) // 40.9% (35.1)",
        "shotsAgainst": "42.8% (25.6) // 41.6% (24.5) // 42.8% (25.6) // 42.8% (25.6)",
        "scoringAgainst": "41.1% (23.3) // 37.7% (20.2) // 41.1% (23.3) // 41.1% (23.3)",
        "oppCorsi": "53.7% (63.4) // 55.1% (64.9) // 53.7% (63.4) // 53.7% (63.4)",
        "oppFenwick": "53.9% (46.9) // 55.2% (48.2) // 53.9% (46.9) // 53.9% (46.9)",
        "oppShots": "54.9% (33.9) // 54.4% (33.3) // 54.9% (33.9) // 54.9% (33.9)",
        "oppScoring": "56.3% (35.0) // 60.7% (39.4) // 56.3% (35.0) // 56.3% (35.0)",
        "oppCorsiAgainst": "46.3% (54.8) // 44.9% (52.8) // 46.3% (54.8) // 46.3% (54.8)",
        "oppFenwickAgainst": "46.1% (40.1) // 44.8% (39.2) // 46.1% (40.1) // 46.1% (40.1)",
        "oppShotsAgainst": "45.1% (27.8) // 45.6% (28.0) // 45.1% (27.8) // 45.1% (27.8)",
        "oppScoringAgainst": "43.7% (27.1) // 39.3% (25.5) // 43.7% (27.1) // 43.7% (27.1)",
        "savesPerGame": 23.4,
        "savesPerGameLast1": 33.0,
        "savesPerGameLast3": 26.3,
        "savesPerGameLast5": 26.8,
        "savesPer60": 25.3,
        "savesPer60Last1": 36.3,
        "savesPer60Last3": 26.8,
        "savesPer60Last5": 27.5,
        "shotsPerGame": 34.8,
        "shotsPerGameLast5": 34.6,
        "shotsAgainstPerGame": 26.0,
        "shotsAgainstPerGameLast5": 29.6,
        "oppSavesAgainstPer60": 33.7,
        "oppSavesAgainstPer60Last1": 20.0,
        "oppSavesAgainstPer60Last3": 30.8,
        "oppSavesAgainstPer60Last5": 27.5,
        "oppShotsAgainstPerGame": 28.2,
        "oppShotsAgainstPerGameLast5": 28.4,
        "savesProj": 27.8,
        "savesProjLast5": 27.5,
        "savesProjLast3": 29.9,
        "oppSavesAgainstProj": 27.2,
        "oppSavesAgainstProjLast5": 24.6,
        "oppSavesAgainstProjLast3": 27.1,
        "totalOver": 40,
        "totalOverLast5": 40,
        "totalOverLast15": 47,
        "lastTotalOver": 0,
        "last5": "0,0,2,0,1,1,0,1,0,0",
        "overOdds": "+110",
        "underOdds": "-140",
        "overUnder": "+110 / -140"
    },
    {
        "player": "Timo Meier",
        "team": "NJ",
        "opponent": "CAR",
        "propType": "pts",
        "line": 0.5,
        "ppLine": "PP2",
        "avg": 0.78,
        "hit": false,
        "diffAvg": 0.56,
        "diffAbs": 1.0,
        "lastAvg": 0.97,
        "diff": 0.94,
        "avgMin": 19,
        "proj": 1.0,
        "lastAvgMin": 19.15,
        "oppOver": 0,
        "teamOver": 0,
