[
    {
        "player": "Alex Pietrangelo",
        "team": "VGK",
        "opponent": "DAL",
        "propType": "pts",
        "line": 0.5,
        "ppLine": "PP2",
        "avg": 0.73,
        "hit": false,
        "diffAvg": 0.46,
        "diffAbs": 0.0,
        "lastAvg": 0.54,
        "diff": 0.08,
        "avgMin": 24,
        "proj": 0.5,
        "lastAvgMin": 24.63,
        "oppOver": 0,
        "teamOver": 0,
        "gameLine": "-125",
        "+/-": "+19",
        "L5_+/-": "+6.0",
        "prevMatchup": "2023-04-08 0.0 pts 2023-02-25 0.0 pts 2023-01-16 0.0 pts",
        "winLossSplits": "62% - 26%",
        "awayHome": "H",
        "playedYesterday": "N",
        "awayHomeSplits": "45% - 51%",
        "savesAboveExp": 0.39,
        "gsaa": 26.05,
        "corsi": "48.6% (57.5) // 48.0% (56.0) // 48.6% (57.5) // 48.6% (57.5)",
        "fenwick": "49.7% (42.3) // 48.8% (40.5) // 49.7% (42.3) // 49.7% (42.3)",
        "shots": "50.5% (31.1) // 50.2% (28.8) // 50.5% (31.1) // 50.5% (31.1)",
        "scoring": "49.5% (29.2) // 49.0% (28.7) // 49.5% (29.2) // 49.5% (29.2)",
        "corsiAgainst": "51.4% (60.7) // 52.0% (60.6) // 51.4% (60.7) // 51.4% (60.7)",
        "fenwickAgainst": "50.3% (42.8) // 51.2% (42.5) // 50.3% (42.8) // 50.3% (42.8)",
        "shotsAgainst": "49.5% (30.4) // 49.8% (28.5) // 49.5% (30.4) // 49.5% (30.4)",
        "scoringAgainst": "50.5% (29.8) // 51.0% (29.9) // 50.5% (29.8) // 50.5% (29.8)",
        "oppCorsi": "52.0% (59.9) // 57.0% (56.0) // 52.0% (59.9) // 52.0% (59.9)",
        "oppFenwick": "51.3% (43.7) // 56.1% (40.6) // 51.3% (43.7) // 51.3% (43.7)",
        "oppShots": "51.6% (31.5) // 56.3% (29.0) // 51.6% (31.5) // 51.6% (31.5)",
        "oppScoring": "53.7% (31.5) // 61.3% (29.6) // 53.7% (31.5) // 53.7% (31.5)",
        "oppCorsiAgainst": "48.0% (55.3) // 43.0% (42.3) // 48.0% (55.3) // 48.0% (55.3)",
        "oppFenwickAgainst": "48.7% (41.4) // 43.9% (31.7) // 48.7% (41.4) // 48.7% (41.4)",
        "oppShotsAgainst": "48.4% (29.5) // 43.7% (22.5) // 48.4% (29.5) // 48.4% (29.5)",
        "oppScoringAgainst": "46.3% (27.2) // 38.7% (18.6) // 46.3% (27.2) // 46.3% (27.2)",
        "savesPerGame": 28.1,
        "savesPerGameLast1": 39.0,
        "savesPerGameLast3": 33.0,
        "savesPerGameLast5": 31.8,
        "savesPer60": 32.2,
        "savesPer60Last1": 39.0,
        "savesPer60Last3": 32.7,
        "savesPer60Last5": 31.6,
        "shotsPerGame": 31.5,
        "shotsPerGameLast5": 28.6,
        "shotsAgainstPerGame": 30.9,
        "shotsAgainstPerGameLast5": 34.8,
        "oppSavesAgainstPer60": 33.0,
        "oppSavesAgainstPer60Last1": 28.1,
        "oppSavesAgainstPer60Last3": 21.2,
        "oppSavesAgainstPer60Last5": 21.0,
        "oppShotsAgainstPerGame": 29.9,
        "oppShotsAgainstPerGameLast5": 25.4,
        "savesProj": 28.0,
        "savesProjLast5": 20.7,
        "savesProjLast3": 21.1,
        "oppSavesAgainstProj": 31.4,
        "oppSavesAgainstProjLast5": 19.4,
        "oppSavesAgainstProjLast3": 20.6,
        "totalOver": 48,
        "totalOverLast5": 40,
        "totalOverLast15": 47,
        "lastTotalOver": 47,
        "last5": "1,0,0,0,1,1,0,2,2,0",
        "overOdds": "-110",
        "underOdds": "-120",
        "overUnder": "-110 / -120"
    },
    {
        "player": "Jack Eichel",
        "team": "VGK",
        "opponent": "DAL",
        "propType": "pts",
        "line": 0.5,
        "ppLine": "PP1",
        "avg": 1.03,
        "hit": false,
        "diffAvg": 1.06,
        "diffAbs": 0.4,
        "lastAvg": 0.74,
        "diff": 0.48,
        "avgMin": 18,
        "proj": 0.7,
        "lastAvgMin": 19.38,
        "oppOver": 0,
        "teamOver": 0,
        "gameLine": "-125",
        "+/-": "+33",
        "L5_+/-": "+10.0",
        "prevMatchup": "2023-02-25 1.0 pts 2023-01-16 0.0 pts",
        "winLossSplits": "76% - 41%",
        "awayHome": "H",
        "playedYesterday": "N",
        "awayHomeSplits": "64% - 64%",
        "savesAboveExp": 0.39,
        "gsaa": 26.05,
        "corsi": "48.6% (57.5) // 48.0% (56.0) // 48.6% (57.5) // 48.6% (57.5)",
        "fenwick": "49.7% (42.3) // 48.8% (40.5) // 49.7% (42.3) // 49.7% (42.3)",
        "shots": "50.5% (31.1) // 50.2% (28.8) // 50.5% (31.1) // 50.5% (31.1)",
        "scoring": "49.5% (29.2) // 49.0% (28.7) // 49.5% (29.2) // 49.5% (29.2)",
        "corsiAgainst": "51.4% (60.7) // 52.0% (60.6) // 51.4% (60.7) // 51.4% (60.7)",
        "fenwickAgainst": "50.3% (42.8) // 51.2% (42.5) // 50.3% (42.8) // 50.3% (42.8)",
        "shotsAgainst": "49.5% (30.4) // 49.8% (28.5) // 49.5% (30.4) // 49.5% (30.4)",
        "scoringAgainst": "50.5% (29.8) // 51.0% (29.9) // 50.5% (29.8) // 50.5% (29.8)",
        "oppCorsi": "52.0% (59.9) // 57.0% (56.0) // 52.0% (59.9) // 52.0% (59.9)",
        "oppFenwick": "51.3% (43.7) // 56.1% (40.6) // 51.3% (43.7) // 51.3% (43.7)",
        "oppShots": "51.6% (31.5) // 56.3% (29.0) // 51.6% (31.5) // 51.6% (31.5)",
        "oppScoring": "53.7% (31.5) // 61.3% (29.6) // 53.7% (31.5) // 53.7% (31.5)",
        "oppCorsiAgainst": "48.0% (55.3) // 43.0% (42.3) // 48.0% (55.3) // 48.0% (55.3)",
        "oppFenwickAgainst": "48.7% (41.4) // 43.9% (31.7) // 48.7% (41.4) // 48.7% (41.4)",
        "oppShotsAgainst": "48.4% (29.5) // 43.7% (22.5) // 48.4% (29.5) // 48.4% (29.5)",
        "oppScoringAgainst": "46.3% (27.2) // 38.7% (18.6) // 46.3% (27.2) // 46.3% (27.2)",
        "savesPerGame": 28.1,
        "savesPerGameLast1": 39.0,
        "savesPerGameLast3": 33.0,
        "savesPerGameLast5": 31.8,
        "savesPer60": 32.2,
        "savesPer60Last1": 39.0,
        "savesPer60Last3": 32.7,
        "savesPer60Last5": 31.6,
        "shotsPerGame": 31.5,
        "shotsPerGameLast5": 28.6,
        "shotsAgainstPerGame": 30.9,
        "shotsAgainstPerGameLast5": 34.8,
        "oppSavesAgainstPer60": 33.0,
        "oppSavesAgainstPer60Last1": 28.1,
        "oppSavesAgainstPer60Last3": 21.2,
        "oppSavesAgainstPer60Last5": 21.0,
        "oppShotsAgainstPerGame": 29.9,
        "oppShotsAgainstPerGameLast5": 25.4,
        "savesProj": 28.0,
        "savesProjLast5": 20.7,
        "savesProjLast3": 21.1,
        "oppSavesAgainstProj": 31.4,
        "oppSavesAgainstProjLast5": 19.4,
        "oppSavesAgainstProjLast3": 20.6,
        "totalOver": 64,
        "totalOverLast5": 60,
        "totalOverLast15": 67,
        "lastTotalOver": 59,
        "last5": "1,3,0,3,0,2,1,0,3,1",
        "overOdds": "-220",
        "underOdds": "+180",
        "overUnder": "-220 / +180"
    },
    {
        "player": "Jamie Benn",
        "team": "DAL",
        "opponent": "VGK",
        "propType": "pts",
        "line": 0.5,
        "ppLine": "PP1",
        "avg": 0.93,
        "hit": false,
        "diffAvg": 0.86,
        "diffAbs": 0.0,
        "lastAvg": 0.52,
        "diff": 0.04,
        "avgMin": 16,
        "proj": 0.5,
        "lastAvgMin": 16.73,
        "oppOver": 0,
        "teamOver": 0,
        "gameLine": "+105",
        "+/-": "+25",
        "L5_+/-": "+1.0",
        "prevMatchup": "2023-04-08 0.0 pts 2023-02-25 2.0 pts 2023-01-16 1.0 pts",
        "winLossSplits": "71% - 50%",
        "awayHome": "A",
        "playedYesterday": "N",
        "awayHomeSplits": "62% - 62%",
        "savesAboveExp": -0.478,
        "gsaa": 8.04,
        "corsi": "52.0% (59.9) // 57.0% (56.0) // 52.0% (59.9) // 52.0% (59.9)",
        "fenwick": "51.3% (43.7) // 56.1% (40.6) // 51.3% (43.7) // 51.3% (43.7)",
        "shots": "51.6% (31.5) // 56.3% (29.0) // 51.6% (31.5) // 51.6% (31.5)",
        "scoring": "53.7% (31.5) // 61.3% (29.6) // 53.7% (31.5) // 53.7% (31.5)",
        "corsiAgainst": "48.0% (55.3) // 43.0% (42.3) // 48.0% (55.3) // 48.0% (55.3)",
        "fenwickAgainst": "48.7% (41.4) // 43.9% (31.7) // 48.7% (41.4) // 48.7% (41.4)",
        "shotsAgainst": "48.4% (29.5) // 43.7% (22.5) // 48.4% (29.5) // 48.4% (29.5)",
        "scoringAgainst": "46.3% (27.2) // 38.7% (18.6) // 46.3% (27.2) // 46.3% (27.2)",
        "oppCorsi": "48.6% (57.5) // 48.0% (56.0) // 48.6% (57.5) // 48.6% (57.5)",
        "oppFenwick": "49.7% (42.3) // 48.8% (40.5) // 49.7% (42.3) // 49.7% (42.3)",
        "oppShots": "50.5% (31.1) // 50.2% (28.8) // 50.5% (31.1) // 50.5% (31.1)",
        "oppScoring": "49.5% (29.2) // 49.0% (28.7) // 49.5% (29.2) // 49.5% (29.2)",
        "oppCorsiAgainst": "51.4% (60.7) // 52.0% (60.6) // 51.4% (60.7) // 51.4% (60.7)",
        "oppFenwickAgainst": "50.3% (42.8) // 51.2% (42.5) // 50.3% (42.8) // 50.3% (42.8)",
        "oppShotsAgainst": "49.5% (30.4) // 49.8% (28.5) // 49.5% (30.4) // 49.5% (30.4)",
        "oppScoringAgainst": "50.5% (29.8) // 51.0% (29.9) // 50.5% (29.8) // 50.5% (29.8)",
        "savesPerGame": 27.3,
        "savesPerGameLast1": 22.0,
        "savesPerGameLast3": 24.7,
        "savesPerGameLast5": 21.6,
        "savesPer60": 32.0,
        "savesPer60Last1": 22.0,
        "savesPer60Last3": 24.3,
        "savesPer60Last5": 21.4,
        "shotsPerGame": 31.9,
        "shotsPerGameLast5": 24.6,
        "shotsAgainstPerGame": 29.9,
        "shotsAgainstPerGameLast5": 25.4,
        "oppSavesAgainstPer60": 32.2,
        "oppSavesAgainstPer60Last1": 16.8,
        "oppSavesAgainstPer60Last3": 23.5,
        "oppSavesAgainstPer60Last5": 25.8,
        "oppShotsAgainstPerGame": 30.9,
        "oppShotsAgainstPerGameLast5": 34.8,
        "savesProj": 28.0,
        "savesProjLast5": 16.9,
        "savesProjLast3": 17.4,
        "oppSavesAgainstProj": 29.6,
        "oppSavesAgainstProjLast5": 17.8,
        "oppSavesAgainstProjLast3": 18.5,
        "totalOver": 62,
        "totalOverLast5": 60,
        "totalOverLast15": 60,
        "lastTotalOver": 39,
        "last5": "0,0,1,2,1,1,1,0,0,1",
        "overOdds": "-140",
        "underOdds": "+110",
        "overUnder": "-140 / +110"
    },
    {
        "player": "Jason Robertson",
        "team": "DAL",
        "opponent": "VGK",
        "propType": "pts",
        "line": 1.5,
        "ppLine": "PP1",
        "avg": 1.27,
        "hit": false,
        "diffAvg": -0.15,
        "diffAbs": 0.33,
        "lastAvg": 0.98,
        "diff": -0.35,
        "avgMin": 18,
        "proj": 1.0,
        "lastAvgMin": 18.1,
        "oppOver": 0,
        "teamOver": 0,
        "gameLine": "+105",
        "+/-": "+38",
        "L5_+/-": "+2.0",
        "prevMatchup": "2023-04-08 0.0 pts 2023-02-25 1.0 pts 2023-01-16 0.0 pts",
        "winLossSplits": "49% - 25%",
        "awayHome": "A",
        "playedYesterday": "N",
        "awayHomeSplits": "32% - 46%",
        "savesAboveExp": -0.478,
        "gsaa": 8.04,
        "corsi": "52.0% (59.9) // 57.0% (56.0) // 52.0% (59.9) // 52.0% (59.9)",
        "fenwick": "51.3% (43.7) // 56.1% (40.6) // 51.3% (43.7) // 51.3% (43.7)",
        "shots": "51.6% (31.5) // 56.3% (29.0) // 51.6% (31.5) // 51.6% (31.5)",
        "scoring": "53.7% (31.5) // 61.3% (29.6) // 53.7% (31.5) // 53.7% (31.5)",
        "corsiAgainst": "48.0% (55.3) // 43.0% (42.3) // 48.0% (55.3) // 48.0% (55.3)",
        "fenwickAgainst": "48.7% (41.4) // 43.9% (31.7) // 48.7% (41.4) // 48.7% (41.4)",
        "shotsAgainst": "48.4% (29.5) // 43.7% (22.5) // 48.4% (29.5) // 48.4% (29.5)",
        "scoringAgainst": "46.3% (27.2) // 38.7% (18.6) // 46.3% (27.2) // 46.3% (27.2)",
        "oppCorsi": "48.6% (57.5) // 48.0% (56.0) // 48.6% (57.5) // 48.6% (57.5)",
        "oppFenwick": "49.7% (42.3) // 48.8% (40.5) // 49.7% (42.3) // 49.7% (42.3)",
        "oppShots": "50.5% (31.1) // 50.2% (28.8) // 50.5% (31.1) // 50.5% (31.1)",
        "oppScoring": "49.5% (29.2) // 49.0% (28.7) // 49.5% (29.2) // 49.5% (29.2)",
        "oppCorsiAgainst": "51.4% (60.7) // 52.0% (60.6) // 51.4% (60.7) // 51.4% (60.7)",
        "oppFenwickAgainst": "50.3% (42.8) // 51.2% (42.5) // 50.3% (42.8) // 50.3% (42.8)",
        "oppShotsAgainst": "49.5% (30.4) // 49.8% (28.5) // 49.5% (30.4) // 49.5% (30.4)",
        "oppScoringAgainst": "50.5% (29.8) // 51.0% (29.9) // 50.5% (29.8) // 50.5% (29.8)",
        "savesPerGame": 27.3,
        "savesPerGameLast1": 22.0,
        "savesPerGameLast3": 24.7,
        "savesPerGameLast5": 21.6,
        "savesPer60": 32.0,
        "savesPer60Last1": 22.0,
        "savesPer60Last3": 24.3,
        "savesPer60Last5": 21.4,
        "shotsPerGame": 31.9,
        "shotsPerGameLast5": 24.6,
        "shotsAgainstPerGame": 29.9,
        "shotsAgainstPerGameLast5": 25.4,
        "oppSavesAgainstPer60": 32.2,
        "oppSavesAgainstPer60Last1": 16.8,
        "oppSavesAgainstPer60Last3": 23.5,
        "oppSavesAgainstPer60Last5": 25.8,
        "oppShotsAgainstPerGame": 30.9,
        "oppShotsAgainstPerGameLast5": 34.8,
        "savesProj": 28.0,
        "savesProjLast5": 16.9,
        "savesProjLast3": 17.4,
        "oppSavesAgainstProj": 29.6,
        "oppSavesAgainstProjLast5": 17.8,
        "oppSavesAgainstProjLast3": 18.5,
        "totalOver": 39,
        "totalOverLast5": 20,
        "totalOverLast15": 20,
        "lastTotalOver": 29,
        "last5": "0,1,3,1,0,0,0,1,2,1",
        "overOdds": "+185",
        "underOdds": "-230",
        "overUnder": "+185 / -230"
    },
    {
        "player": "Joe Pavelski",
        "team": "DAL",
        "opponent": "VGK",
        "propType": "pts",
        "line": 0.5,
        "ppLine": "PP1",
        "avg": 0.97,
        "hit": false,
        "diffAvg": 0.94,
        "diffAbs": 0.6,
        "lastAvg": 0.89,
        "diff": 0.78,
        "avgMin": 17,
        "proj": 0.8,
        "lastAvgMin": 18.47,
        "oppOver": 0,
        "teamOver": 0,
        "gameLine": "+105",
        "+/-": "+43",
        "L5_+/-": "+2.0",
        "prevMatchup": "2023-04-08 0.0 pts 2023-02-25 0.0 pts 2023-01-16 1.0 pts",
        "winLossSplits": "69% - 51%",
        "awayHome": "A",
        "playedYesterday": "N",
        "awayHomeSplits": "59% - 63%",
        "savesAboveExp": -0.478,
        "gsaa": 8.04,
        "corsi": "52.0% (59.9) // 57.0% (56.0) // 52.0% (59.9) // 52.0% (59.9)",
        "fenwick": "51.3% (43.7) // 56.1% (40.6) // 51.3% (43.7) // 51.3% (43.7)",
        "shots": "51.6% (31.5) // 56.3% (29.0) // 51.6% (31.5) // 51.6% (31.5)",
        "scoring": "53.7% (31.5) // 61.3% (29.6) // 53.7% (31.5) // 53.7% (31.5)",
        "corsiAgainst": "48.0% (55.3) // 43.0% (42.3) // 48.0% (55.3) // 48.0% (55.3)",
        "fenwickAgainst": "48.7% (41.4) // 43.9% (31.7) // 48.7% (41.4) // 48.7% (41.4)",
        "shotsAgainst": "48.4% (29.5) // 43.7% (22.5) // 48.4% (29.5) // 48.4% (29.5)",
        "scoringAgainst": "46.3% (27.2) // 38.7% (18.6) // 46.3% (27.2) // 46.3% (27.2)",
        "oppCorsi": "48.6% (57.5) // 48.0% (56.0) // 48.6% (57.5) // 48.6% (57.5)",
        "oppFenwick": "49.7% (42.3) // 48.8% (40.5) // 49.7% (42.3) // 49.7% (42.3)",
        "oppShots": "50.5% (31.1) // 50.2% (28.8) // 50.5% (31.1) // 50.5% (31.1)",
        "oppScoring": "49.5% (29.2) // 49.0% (28.7) // 49.5% (29.2) // 49.5% (29.2)",
        "oppCorsiAgainst": "51.4% (60.7) // 52.0% (60.6) // 51.4% (60.7) // 51.4% (60.7)",
        "oppFenwickAgainst": "50.3% (42.8) // 51.2% (42.5) // 50.3% (42.8) // 50.3% (42.8)",
        "oppShotsAgainst": "49.5% (30.4) // 49.8% (28.5) // 49.5% (30.4) // 49.5% (30.4)",
        "oppScoringAgainst": "50.5% (29.8) // 51.0% (29.9) // 50.5% (29.8) // 50.5% (29.8)",
        "savesPerGame": 27.3,
        "savesPerGameLast1": 22.0,
        "savesPerGameLast3": 24.7,
        "savesPerGameLast5": 21.6,
        "savesPer60": 32.0,
        "savesPer60Last1": 22.0,
        "savesPer60Last3": 24.3,
        "savesPer60Last5": 21.4,
        "shotsPerGame": 31.9,
        "shotsPerGameLast5": 24.6,
        "shotsAgainstPerGame": 29.9,
        "shotsAgainstPerGameLast5": 25.4,
        "oppSavesAgainstPer60": 32.2,
        "oppSavesAgainstPer60Last1": 16.8,
        "oppSavesAgainstPer60Last3": 23.5,
        "oppSavesAgainstPer60Last5": 25.8,
        "oppShotsAgainstPerGame": 30.9,
        "oppShotsAgainstPerGameLast5": 34.8,
        "savesProj": 28.0,
        "savesProjLast5": 16.9,
        "savesProjLast3": 17.4,
        "oppSavesAgainstProj": 29.6,
        "oppSavesAgainstProjLast5": 17.8,
        "oppSavesAgainstProjLast3": 18.5,
        "totalOver": 61,
        "totalOverLast5": 60,
        "totalOverLast15": 67,
        "lastTotalOver": 64,
        "last5": "0,1,2,1,0,1,4,1,0,1",
        "overOdds": "-175",
        "underOdds": "+140",
        "overUnder": "-175 / +140"
    },
    {
        "player": "Jonathan Marchessault",
        "team": "VGK",
        "opponent": "DAL",
        "propType": "pts",
        "line": 0.5,
        "ppLine": "PP1",
        "avg": 0.77,
        "hit": false,
        "diffAvg": 0.54,
        "diffAbs": 0.6,
        "lastAvg": 0.86,
        "diff": 0.72,
        "avgMin": 17,
        "proj": 0.8,
        "lastAvgMin": 17.57,
        "oppOver": 0,
        "teamOver": 0,
        "gameLine": "-125",
        "+/-": "+11",
        "L5_+/-": "+9.0",
        "prevMatchup": "2023-04-08 0.0 pts 2023-02-25 1.0 pts 2023-01-16 0.0 pts",
        "winLossSplits": "65% - 38%",
        "awayHome": "H",
        "playedYesterday": "N",
        "awayHomeSplits": "56% - 55%",
        "savesAboveExp": 0.39,
        "gsaa": 26.05,
        "corsi": "48.6% (57.5) // 48.0% (56.0) // 48.6% (57.5) // 48.6% (57.5)",
        "fenwick": "49.7% (42.3) // 48.8% (40.5) // 49.7% (42.3) // 49.7% (42.3)",
        "shots": "50.5% (31.1) // 50.2% (28.8) // 50.5% (31.1) // 50.5% (31.1)",
        "scoring": "49.5% (29.2) // 49.0% (28.7) // 49.5% (29.2) // 49.5% (29.2)",
        "corsiAgainst": "51.4% (60.7) // 52.0% (60.6) // 51.4% (60.7) // 51.4% (60.7)",
        "fenwickAgainst": "50.3% (42.8) // 51.2% (42.5) // 50.3% (42.8) // 50.3% (42.8)",
        "shotsAgainst": "49.5% (30.4) // 49.8% (28.5) // 49.5% (30.4) // 49.5% (30.4)",
        "scoringAgainst": "50.5% (29.8) // 51.0% (29.9) // 50.5% (29.8) // 50.5% (29.8)",
        "oppCorsi": "52.0% (59.9) // 57.0% (56.0) // 52.0% (59.9) // 52.0% (59.9)",
        "oppFenwick": "51.3% (43.7) // 56.1% (40.6) // 51.3% (43.7) // 51.3% (43.7)",
        "oppShots": "51.6% (31.5) // 56.3% (29.0) // 51.6% (31.5) // 51.6% (31.5)",
        "oppScoring": "53.7% (31.5) // 61.3% (29.6) // 53.7% (31.5) // 53.7% (31.5)",
        "oppCorsiAgainst": "48.0% (55.3) // 43.0% (42.3) // 48.0% (55.3) // 48.0% (55.3)",
        "oppFenwickAgainst": "48.7% (41.4) // 43.9% (31.7) // 48.7% (41.4) // 48.7% (41.4)",
        "oppShotsAgainst": "48.4% (29.5) // 43.7% (22.5) // 48.4% (29.5) // 48.4% (29.5)",
        "oppScoringAgainst": "46.3% (27.2) // 38.7% (18.6) // 46.3% (27.2) // 46.3% (27.2)",
        "savesPerGame": 28.1,
        "savesPerGameLast1": 39.0,
        "savesPerGameLast3": 33.0,
        "savesPerGameLast5": 31.8,
        "savesPer60": 32.2,
        "savesPer60Last1": 39.0,
        "savesPer60Last3": 32.7,
        "savesPer60Last5": 31.6,
        "shotsPerGame": 31.5,
        "shotsPerGameLast5": 28.6,
        "shotsAgainstPerGame": 30.9,
        "shotsAgainstPerGameLast5": 34.8,
        "oppSavesAgainstPer60": 33.0,
        "oppSavesAgainstPer60Last1": 28.1,
        "oppSavesAgainstPer60Last3": 21.2,
        "oppSavesAgainstPer60Last5": 21.0,
        "oppShotsAgainstPerGame": 29.9,
        "oppShotsAgainstPerGameLast5": 25.4,
        "savesProj": 28.0,
        "savesProjLast5": 20.7,
        "savesProjLast3": 21.1,
        "oppSavesAgainstProj": 31.4,
        "oppSavesAgainstProjLast5": 19.4,
        "oppSavesAgainstProjLast3": 20.6,
        "totalOver": 55,
        "totalOverLast5": 60,
        "totalOverLast15": 40,
        "lastTotalOver": 57,
        "last5": "3,3,0,2,0,0,0,1,0,0",
        "overOdds": "-130",
        "underOdds": "+100",
        "overUnder": "-130 / +100"
    },
    {
        "player": "Mark Stone",
        "team": "VGK",
        "opponent": "DAL",
        "propType": "pts",
        "line": 0.5,
        "ppLine": "PP1",
        "avg": 0.93,
        "hit": false,
        "diffAvg": 0.86,
        "diffAbs": 0.6,
        "lastAvg": 0.79,
        "diff": 0.58,
        "avgMin": 19,
        "proj": 0.8,
        "lastAvgMin": 18.33,
        "oppOver": 0,
        "teamOver": 0,
        "gameLine": "-125",
        "+/-": "+15",
        "L5_+/-": "+7.0",
        "prevMatchup": "",
        "winLossSplits": "69% - 44%",
        "awayHome": "H",
        "playedYesterday": "N",
        "awayHomeSplits": "76% - 48%",
        "savesAboveExp": 0.39,
        "gsaa": 26.05,
        "corsi": "48.6% (57.5) // 48.0% (56.0) // 48.6% (57.5) // 48.6% (57.5)",
        "fenwick": "49.7% (42.3) // 48.8% (40.5) // 49.7% (42.3) // 49.7% (42.3)",
        "shots": "50.5% (31.1) // 50.2% (28.8) // 50.5% (31.1) // 50.5% (31.1)",
        "scoring": "49.5% (29.2) // 49.0% (28.7) // 49.5% (29.2) // 49.5% (29.2)",
        "corsiAgainst": "51.4% (60.7) // 52.0% (60.6) // 51.4% (60.7) // 51.4% (60.7)",
        "fenwickAgainst": "50.3% (42.8) // 51.2% (42.5) // 50.3% (42.8) // 50.3% (42.8)",
        "shotsAgainst": "49.5% (30.4) // 49.8% (28.5) // 49.5% (30.4) // 49.5% (30.4)",
        "scoringAgainst": "50.5% (29.8) // 51.0% (29.9) // 50.5% (29.8) // 50.5% (29.8)",
        "oppCorsi": "52.0% (59.9) // 57.0% (56.0) // 52.0% (59.9) // 52.0% (59.9)",
        "oppFenwick": "51.3% (43.7) // 56.1% (40.6) // 51.3% (43.7) // 51.3% (43.7)",
        "oppShots": "51.6% (31.5) // 56.3% (29.0) // 51.6% (31.5) // 51.6% (31.5)",
        "oppScoring": "53.7% (31.5) // 61.3% (29.6) // 53.7% (31.5) // 53.7% (31.5)",
        "oppCorsiAgainst": "48.0% (55.3) // 43.0% (42.3) // 48.0% (55.3) // 48.0% (55.3)",
        "oppFenwickAgainst": "48.7% (41.4) // 43.9% (31.7) // 48.7% (41.4) // 48.7% (41.4)",
        "oppShotsAgainst": "48.4% (29.5) // 43.7% (22.5) // 48.4% (29.5) // 48.4% (29.5)",
        "oppScoringAgainst": "46.3% (27.2) // 38.7% (18.6) // 46.3% (27.2) // 46.3% (27.2)",
        "savesPerGame": 28.1,
        "savesPerGameLast1": 39.0,
        "savesPerGameLast3": 33.0,
        "savesPerGameLast5": 31.8,
        "savesPer60": 32.2,
        "savesPer60Last1": 39.0,
        "savesPer60Last3": 32.7,
        "savesPer60Last5": 31.6,
        "shotsPerGame": 31.5,
        "shotsPerGameLast5": 28.6,
        "shotsAgainstPerGame": 30.9,
        "shotsAgainstPerGameLast5": 34.8,
        "oppSavesAgainstPer60": 33.0,
        "oppSavesAgainstPer60Last1": 28.1,
        "oppSavesAgainstPer60Last3": 21.2,
        "oppSavesAgainstPer60Last5": 21.0,
        "oppShotsAgainstPerGame": 29.9,
        "oppShotsAgainstPerGameLast5": 25.4,
        "savesProj": 28.0,
        "savesProjLast5": 20.7,
        "savesProjLast3": 21.1,
        "oppSavesAgainstProj": 31.4,
        "oppSavesAgainstProjLast5": 19.4,
        "oppSavesAgainstProjLast3": 20.6,
        "totalOver": 61,
        "totalOverLast5": 40,
        "totalOverLast15": 53,
        "lastTotalOver": 56,
        "last5": "0,1,0,0,1,2,3,1,1,3",
        "overOdds": "-160",
        "underOdds": "+130",
        "overUnder": "-160 / +130"
    },
    {
        "player": "Max Domi",
        "team": "DAL",
        "opponent": "VGK",
        "propType": "pts",
        "line": 0.5,
        "ppLine": "PP2",
        "avg": 0.72,
        "hit": false,
        "diffAvg": 0.44,
        "diffAbs": 0.2,
        "lastAvg": 0.45,
        "diff": -0.1,
        "avgMin": 17,
        "proj": 0.6,
        "lastAvgMin": 13.03,
        "oppOver": 0,
        "teamOver": 0,
        "gameLine": "+105",
        "+/-": -7,
        "L5_+/-": "+1.0",
        "prevMatchup": "2023-04-08 0.0 pts 2023-02-21 1.0 pts 2022-12-15 0.0 pts 2022-10-13 0.0 pts",
        "winLossSplits": "58% - 40%",
        "awayHome": "A",
        "playedYesterday": "N",
        "awayHomeSplits": "52% - 45%",
        "savesAboveExp": -0.478,
        "gsaa": 8.04,
        "corsi": "52.0% (59.9) // 57.0% (56.0) // 52.0% (59.9) // 52.0% (59.9)",
        "fenwick": "51.3% (43.7) // 56.1% (40.6) // 51.3% (43.7) // 51.3% (43.7)",
        "shots": "51.6% (31.5) // 56.3% (29.0) // 51.6% (31.5) // 51.6% (31.5)",
        "scoring": "53.7% (31.5) // 61.3% (29.6) // 53.7% (31.5) // 53.7% (31.5)",
        "corsiAgainst": "48.0% (55.3) // 43.0% (42.3) // 48.0% (55.3) // 48.0% (55.3)",
        "fenwickAgainst": "48.7% (41.4) // 43.9% (31.7) // 48.7% (41.4) // 48.7% (41.4)",
        "shotsAgainst": "48.4% (29.5) // 43.7% (22.5) // 48.4% (29.5) // 48.4% (29.5)",
        "scoringAgainst": "46.3% (27.2) // 38.7% (18.6) // 46.3% (27.2) // 46.3% (27.2)",
        "oppCorsi": "48.6% (57.5) // 48.0% (56.0) // 48.6% (57.5) // 48.6% (57.5)",
        "oppFenwick": "49.7% (42.3) // 48.8% (40.5) // 49.7% (42.3) // 49.7% (42.3)",
        "oppShots": "50.5% (31.1) // 50.2% (28.8) // 50.5% (31.1) // 50.5% (31.1)",
        "oppScoring": "49.5% (29.2) // 49.0% (28.7) // 49.5% (29.2) // 49.5% (29.2)",
        "oppCorsiAgainst": "51.4% (60.7) // 52.0% (60.6) // 51.4% (60.7) // 51.4% (60.7)",
        "oppFenwickAgainst": "50.3% (42.8) // 51.2% (42.5) // 50.3% (42.8) // 50.3% (42.8)",
        "oppShotsAgainst": "49.5% (30.4) // 49.8% (28.5) // 49.5% (30.4) // 49.5% (30.4)",
        "oppScoringAgainst": "50.5% (29.8) // 51.0% (29.9) // 50.5% (29.8) // 50.5% (29.8)",
        "savesPerGame": 27.3,
        "savesPerGameLast1": 22.0,
        "savesPerGameLast3": 24.7,
        "savesPerGameLast5": 21.6,
        "savesPer60": 32.0,
        "savesPer60Last1": 22.0,
        "savesPer60Last3": 24.3,
        "savesPer60Last5": 21.4,
        "shotsPerGame": 31.9,
        "shotsPerGameLast5": 24.6,
        "shotsAgainstPerGame": 29.9,
        "shotsAgainstPerGameLast5": 25.4,
        "oppSavesAgainstPer60": 32.2,
        "oppSavesAgainstPer60Last1": 16.8,
        "oppSavesAgainstPer60Last3": 23.5,
        "oppSavesAgainstPer60Last5": 25.8,
        "oppShotsAgainstPerGame": 30.9,
        "oppShotsAgainstPerGameLast5": 34.8,
        "savesProj": 28.0,
        "savesProjLast5": 16.9,
        "savesProjLast3": 17.4,
        "oppSavesAgainstProj": 29.6,
        "oppSavesAgainstProjLast5": 17.8,
        "oppSavesAgainstProjLast3": 18.5,
        "totalOver": 48,
        "totalOverLast5": 40,
        "totalOverLast15": 40,
        "lastTotalOver": 37,
        "last5": "0,1,0,3,0,1,3,2,1,0",
        "overOdds": "+110",
        "underOdds": "-140",
        "overUnder": "+110 / -140"
    },
    {
        "player": "Miro Heiskanen",
        "team": "DAL",
        "opponent": "VGK",
        "propType": "pts",
        "line": 0.5,
        "ppLine": "PP1",
        "avg": 0.88,
        "hit": false,
        "diffAvg": 0.76,
        "diffAbs": 0.0,
        "lastAvg": 0.47,
        "diff": -0.06,
        "avgMin": 25,
        "proj": 0.5,
        "lastAvgMin": 24.88,
        "oppOver": 0,
        "teamOver": 0,
        "gameLine": "+105",
        "+/-": "+13",
        "L5_+/-": "+1.0",
        "prevMatchup": "2023-04-08 0.0 pts 2023-02-25 0.0 pts 2023-01-16 0.0 pts",
        "winLossSplits": "61% - 50%",
        "awayHome": "A",
        "playedYesterday": "N",
        "awayHomeSplits": "59% - 54%",
        "savesAboveExp": -0.478,
        "gsaa": 8.04,
        "corsi": "52.0% (59.9) // 57.0% (56.0) // 52.0% (59.9) // 52.0% (59.9)",
        "fenwick": "51.3% (43.7) // 56.1% (40.6) // 51.3% (43.7) // 51.3% (43.7)",
        "shots": "51.6% (31.5) // 56.3% (29.0) // 51.6% (31.5) // 51.6% (31.5)",
        "scoring": "53.7% (31.5) // 61.3% (29.6) // 53.7% (31.5) // 53.7% (31.5)",
        "corsiAgainst": "48.0% (55.3) // 43.0% (42.3) // 48.0% (55.3) // 48.0% (55.3)",
        "fenwickAgainst": "48.7% (41.4) // 43.9% (31.7) // 48.7% (41.4) // 48.7% (41.4)",
        "shotsAgainst": "48.4% (29.5) // 43.7% (22.5) // 48.4% (29.5) // 48.4% (29.5)",
        "scoringAgainst": "46.3% (27.2) // 38.7% (18.6) // 46.3% (27.2) // 46.3% (27.2)",
        "oppCorsi": "48.6% (57.5) // 48.0% (56.0) // 48.6% (57.5) // 48.6% (57.5)",
        "oppFenwick": "49.7% (42.3) // 48.8% (40.5) // 49.7% (42.3) // 49.7% (42.3)",
        "oppShots": "50.5% (31.1) // 50.2% (28.8) // 50.5% (31.1) // 50.5% (31.1)",
        "oppScoring": "49.5% (29.2) // 49.0% (28.7) // 49.5% (29.2) // 49.5% (29.2)",
        "oppCorsiAgainst": "51.4% (60.7) // 52.0% (60.6) // 51.4% (60.7) // 51.4% (60.7)",
        "oppFenwickAgainst": "50.3% (42.8) // 51.2% (42.5) // 50.3% (42.8) // 50.3% (42.8)",
        "oppShotsAgainst": "49.5% (30.4) // 49.8% (28.5) // 49.5% (30.4) // 49.5% (30.4)",
        "oppScoringAgainst": "50.5% (29.8) // 51.0% (29.9) // 50.5% (29.8) // 50.5% (29.8)",
        "savesPerGame": 27.3,
        "savesPerGameLast1": 22.0,
        "savesPerGameLast3": 24.7,
        "savesPerGameLast5": 21.6,
        "savesPer60": 32.0,
        "savesPer60Last1": 22.0,
        "savesPer60Last3": 24.3,
        "savesPer60Last5": 21.4,
        "shotsPerGame": 31.9,
        "shotsPerGameLast5": 24.6,
        "shotsAgainstPerGame": 29.9,
        "shotsAgainstPerGameLast5": 25.4,
        "oppSavesAgainstPer60": 32.2,
        "oppSavesAgainstPer60Last1": 16.8,
        "oppSavesAgainstPer60Last3": 23.5,
        "oppSavesAgainstPer60Last5": 25.8,
        "oppShotsAgainstPerGame": 30.9,
        "oppShotsAgainstPerGameLast5": 34.8,
        "savesProj": 28.0,
        "savesProjLast5": 16.9,
        "savesProjLast3": 17.4,
        "oppSavesAgainstProj": 29.6,
        "oppSavesAgainstProjLast5": 17.8,
        "oppSavesAgainstProjLast3": 18.5,
        "totalOver": 57,
        "totalOverLast5": 40,
        "totalOverLast15": 40,
        "lastTotalOver": 40,
        "last5": "0,1,0,1,0,0,1,0,1,0",
        "overOdds": "-205",
        "underOdds": "+165",
        "overUnder": "-205 / +165"
    },
    {
        "player": "Reilly Smith",
        "team": "VGK",
        "opponent": "DAL",
        "propType": "pts",
        "line": 0.5,
        "ppLine": "PP2",
        "avg": 0.72,
        "hit": false,
        "diffAvg": 0.44,
        "diffAbs": 0.2,
        "lastAvg": 0.68,
        "diff": 0.36,
        "avgMin": 16,
        "proj": 0.6,
        "lastAvgMin": 17.78,
        "oppOver": 0,
        "teamOver": 0,
        "gameLine": "-125",
        "+/-": "+14",
        "L5_+/-": "+4.0",
        "prevMatchup": "2023-04-08 0.0 pts 2023-02-25 0.0 pts 2023-01-16 0.0 pts",
        "winLossSplits": "70% - 31%",
        "awayHome": "H",
        "playedYesterday": "N",
        "awayHomeSplits": "59% - 53%",
        "savesAboveExp": 0.39,
        "gsaa": 26.05,
        "corsi": "48.6% (57.5) // 48.0% (56.0) // 48.6% (57.5) // 48.6% (57.5)",
        "fenwick": "49.7% (42.3) // 48.8% (40.5) // 49.7% (42.3) // 49.7% (42.3)",
        "shots": "50.5% (31.1) // 50.2% (28.8) // 50.5% (31.1) // 50.5% (31.1)",
        "scoring": "49.5% (29.2) // 49.0% (28.7) // 49.5% (29.2) // 49.5% (29.2)",
        "corsiAgainst": "51.4% (60.7) // 52.0% (60.6) // 51.4% (60.7) // 51.4% (60.7)",
        "fenwickAgainst": "50.3% (42.8) // 51.2% (42.5) // 50.3% (42.8) // 50.3% (42.8)",
        "shotsAgainst": "49.5% (30.4) // 49.8% (28.5) // 49.5% (30.4) // 49.5% (30.4)",
        "scoringAgainst": "50.5% (29.8) // 51.0% (29.9) // 50.5% (29.8) // 50.5% (29.8)",
        "oppCorsi": "52.0% (59.9) // 57.0% (56.0) // 52.0% (59.9) // 52.0% (59.9)",
        "oppFenwick": "51.3% (43.7) // 56.1% (40.6) // 51.3% (43.7) // 51.3% (43.7)",
        "oppShots": "51.6% (31.5) // 56.3% (29.0) // 51.6% (31.5) // 51.6% (31.5)",
        "oppScoring": "53.7% (31.5) // 61.3% (29.6) // 53.7% (31.5) // 53.7% (31.5)",
        "oppCorsiAgainst": "48.0% (55.3) // 43.0% (42.3) // 48.0% (55.3) // 48.0% (55.3)",
        "oppFenwickAgainst": "48.7% (41.4) // 43.9% (31.7) // 48.7% (41.4) // 48.7% (41.4)",
        "oppShotsAgainst": "48.4% (29.5) // 43.7% (22.5) // 48.4% (29.5) // 48.4% (29.5)",
        "oppScoringAgainst": "46.3% (27.2) // 38.7% (18.6) // 46.3% (27.2) // 46.3% (27.2)",
        "savesPerGame": 28.1,
        "savesPerGameLast1": 39.0,
        "savesPerGameLast3": 33.0,
        "savesPerGameLast5": 31.8,
        "savesPer60": 32.2,
        "savesPer60Last1": 39.0,
        "savesPer60Last3": 32.7,
        "savesPer60Last5": 31.6,
        "shotsPerGame": 31.5,
        "shotsPerGameLast5": 28.6,
        "shotsAgainstPerGame": 30.9,
        "shotsAgainstPerGameLast5": 34.8,
        "oppSavesAgainstPer60": 33.0,
        "oppSavesAgainstPer60Last1": 28.1,
        "oppSavesAgainstPer60Last3": 21.2,
        "oppSavesAgainstPer60Last5": 21.0,
        "oppShotsAgainstPerGame": 29.9,
        "oppShotsAgainstPerGameLast5": 25.4,
        "savesProj": 28.0,
        "savesProjLast5": 20.7,
        "savesProjLast3": 21.1,
        "oppSavesAgainstProj": 31.4,
        "oppSavesAgainstProjLast5": 19.4,
        "oppSavesAgainstProjLast3": 20.6,
        "totalOver": 56,
        "totalOverLast5": 60,
        "totalOverLast15": 60,
        "lastTotalOver": 55,
        "last5": "2,1,0,1,0,1,1,0,1,1",
        "overOdds": "-110",
        "underOdds": "-120",
        "overUnder": "-110 / -120"
    },
    {
        "player": "Roope Hintz",
        "team": "DAL",
        "opponent": "VGK",
        "propType": "pts",
        "line": 0.5,
        "ppLine": "PP1",
        "avg": 1.09,
        "hit": false,
        "diffAvg": 1.18,
        "diffAbs": 0.6,
        "lastAvg": 0.84,
        "diff": 0.68,
        "avgMin": 17,
        "proj": 0.8,
        "lastAvgMin": 18.03,
        "oppOver": 0,
        "teamOver": 0,
        "gameLine": "+105",
        "+/-": "+36",
        "L5_+/-": "+5.0",
        "prevMatchup": "2023-04-08 0.0 pts 2023-02-25 1.0 pts",
        "winLossSplits": "84% - 43%",
        "awayHome": "A",
        "playedYesterday": "N",
        "awayHomeSplits": "60% - 73%",
        "savesAboveExp": -0.478,
        "gsaa": 8.04,
        "corsi": "52.0% (59.9) // 57.0% (56.0) // 52.0% (59.9) // 52.0% (59.9)",
        "fenwick": "51.3% (43.7) // 56.1% (40.6) // 51.3% (43.7) // 51.3% (43.7)",
        "shots": "51.6% (31.5) // 56.3% (29.0) // 51.6% (31.5) // 51.6% (31.5)",
        "scoring": "53.7% (31.5) // 61.3% (29.6) // 53.7% (31.5) // 53.7% (31.5)",
        "corsiAgainst": "48.0% (55.3) // 43.0% (42.3) // 48.0% (55.3) // 48.0% (55.3)",
        "fenwickAgainst": "48.7% (41.4) // 43.9% (31.7) // 48.7% (41.4) // 48.7% (41.4)",
        "shotsAgainst": "48.4% (29.5) // 43.7% (22.5) // 48.4% (29.5) // 48.4% (29.5)",
        "scoringAgainst": "46.3% (27.2) // 38.7% (18.6) // 46.3% (27.2) // 46.3% (27.2)",
        "oppCorsi": "48.6% (57.5) // 48.0% (56.0) // 48.6% (57.5) // 48.6% (57.5)",
        "oppFenwick": "49.7% (42.3) // 48.8% (40.5) // 49.7% (42.3) // 49.7% (42.3)",
        "oppShots": "50.5% (31.1) // 50.2% (28.8) // 50.5% (31.1) // 50.5% (31.1)",
        "oppScoring": "49.5% (29.2) // 49.0% (28.7) // 49.5% (29.2) // 49.5% (29.2)",
        "oppCorsiAgainst": "51.4% (60.7) // 52.0% (60.6) // 51.4% (60.7) // 51.4% (60.7)",
        "oppFenwickAgainst": "50.3% (42.8) // 51.2% (42.5) // 50.3% (42.8) // 50.3% (42.8)",
        "oppShotsAgainst": "49.5% (30.4) // 49.8% (28.5) // 49.5% (30.4) // 49.5% (30.4)",
        "oppScoringAgainst": "50.5% (29.8) // 51.0% (29.9) // 50.5% (29.8) // 50.5% (29.8)",
        "savesPerGame": 27.3,
        "savesPerGameLast1": 22.0,
        "savesPerGameLast3": 24.7,
        "savesPerGameLast5": 21.6,
        "savesPer60": 32.0,
        "savesPer60Last1": 22.0,
        "savesPer60Last3": 24.3,
        "savesPer60Last5": 21.4,
        "shotsPerGame": 31.9,
        "shotsPerGameLast5": 24.6,
        "shotsAgainstPerGame": 29.9,
        "shotsAgainstPerGameLast5": 25.4,
        "oppSavesAgainstPer60": 32.2,
        "oppSavesAgainstPer60Last1": 16.8,
        "oppSavesAgainstPer60Last3": 23.5,
        "oppSavesAgainstPer60Last5": 25.8,
        "oppShotsAgainstPerGame": 30.9,
        "oppShotsAgainstPerGameLast5": 34.8,
        "savesProj": 28.0,
        "savesProjLast5": 16.9,
        "savesProjLast3": 17.4,
        "oppSavesAgainstProj": 29.6,
        "oppSavesAgainstProjLast5": 17.8,
        "oppSavesAgainstProjLast3": 18.5,
        "totalOver": 66,
        "totalOverLast5": 60,
        "totalOverLast15": 60,
        "lastTotalOver": 54,
        "last5": "1,0,3,2,0,1,0,1,3,3",
        "overOdds": "-175",
        "underOdds": "+140",
        "overUnder": "-175 / +140"
    },
    {
        "player": "Shea Theodore",
        "team": "VGK",
        "opponent": "DAL",
        "propType": "pts",
        "line": 0.5,
        "ppLine": "PP1",
        "avg": 0.71,
        "hit": false,
        "diffAvg": 0.42,
        "diffAbs": 0.2,
        "lastAvg": 0.67,
        "diff": 0.34,
        "avgMin": 21,
        "proj": 0.6,
        "lastAvgMin": 23.13,
        "oppOver": 0,
        "teamOver": 0,
        "gameLine": "-125",
        "+/-": "+18",
        "L5_+/-": "+2.0",
        "prevMatchup": "2023-02-25 1.0 pts",
        "winLossSplits": "58% - 50%",
        "awayHome": "H",
        "playedYesterday": "N",
        "awayHomeSplits": "60% - 50%",
        "savesAboveExp": 0.39,
        "gsaa": 26.05,
        "corsi": "48.6% (57.5) // 48.0% (56.0) // 48.6% (57.5) // 48.6% (57.5)",
        "fenwick": "49.7% (42.3) // 48.8% (40.5) // 49.7% (42.3) // 49.7% (42.3)",
        "shots": "50.5% (31.1) // 50.2% (28.8) // 50.5% (31.1) // 50.5% (31.1)",
        "scoring": "49.5% (29.2) // 49.0% (28.7) // 49.5% (29.2) // 49.5% (29.2)",
        "corsiAgainst": "51.4% (60.7) // 52.0% (60.6) // 51.4% (60.7) // 51.4% (60.7)",
        "fenwickAgainst": "50.3% (42.8) // 51.2% (42.5) // 50.3% (42.8) // 50.3% (42.8)",
        "shotsAgainst": "49.5% (30.4) // 49.8% (28.5) // 49.5% (30.4) // 49.5% (30.4)",
        "scoringAgainst": "50.5% (29.8) // 51.0% (29.9) // 50.5% (29.8) // 50.5% (29.8)",
        "oppCorsi": "52.0% (59.9) // 57.0% (56.0) // 52.0% (59.9) // 52.0% (59.9)",
        "oppFenwick": "51.3% (43.7) // 56.1% (40.6) // 51.3% (43.7) // 51.3% (43.7)",
        "oppShots": "51.6% (31.5) // 56.3% (29.0) // 51.6% (31.5) // 51.6% (31.5)",
        "oppScoring": "53.7% (31.5) // 61.3% (29.6) // 53.7% (31.5) // 53.7% (31.5)",
        "oppCorsiAgainst": "48.0% (55.3) // 43.0% (42.3) // 48.0% (55.3) // 48.0% (55.3)",
        "oppFenwickAgainst": "48.7% (41.4) // 43.9% (31.7) // 48.7% (41.4) // 48.7% (41.4)",
        "oppShotsAgainst": "48.4% (29.5) // 43.7% (22.5) // 48.4% (29.5) // 48.4% (29.5)",
        "oppScoringAgainst": "46.3% (27.2) // 38.7% (18.6) // 46.3% (27.2) // 46.3% (27.2)",
        "savesPerGame": 28.1,
        "savesPerGameLast1": 39.0,
        "savesPerGameLast3": 33.0,
        "savesPerGameLast5": 31.8,
        "savesPer60": 32.2,
        "savesPer60Last1": 39.0,
        "savesPer60Last3": 32.7,
        "savesPer60Last5": 31.6,
        "shotsPerGame": 31.5,
        "shotsPerGameLast5": 28.6,
        "shotsAgainstPerGame": 30.9,
        "shotsAgainstPerGameLast5": 34.8,
        "oppSavesAgainstPer60": 33.0,
        "oppSavesAgainstPer60Last1": 28.1,
        "oppSavesAgainstPer60Last3": 21.2,
        "oppSavesAgainstPer60Last5": 21.0,
        "oppShotsAgainstPerGame": 29.9,
        "oppShotsAgainstPerGameLast5": 25.4,
        "savesProj": 28.0,
        "savesProjLast5": 20.7,
        "savesProjLast3": 21.1,
        "oppSavesAgainstProj": 31.4,
        "oppSavesAgainstProjLast5": 19.4,
        "oppSavesAgainstProjLast3": 20.6,
        "totalOver": 55,
        "totalOverLast5": 40,
        "totalOverLast15": 40,
        "lastTotalOver": 51,
        "last5": "1,0,1,0,0,0,2,1,0,0",
        "overOdds": "+120",
        "underOdds": "-150",
        "overUnder": "+120 / -150"
    },
    {
        "player": "Tyler Seguin",
        "team": "DAL",
        "opponent": "VGK",
        "propType": "pts",
        "line": 0.5,
        "ppLine": "PP2",
        "avg": 0.66,
        "hit": false,
        "diffAvg": 0.32,
        "diffAbs": 0.0,
        "lastAvg": 0.56,
        "diff": 0.12,
        "avgMin": 16,
        "proj": 0.5,
        "lastAvgMin": 17.82,
        "oppOver": 0,
        "teamOver": 0,
        "gameLine": "+105",
        "+/-": "+2",
        "L5_+/-": 0.0,
        "prevMatchup": "2023-04-08 0.0 pts 2023-02-25 0.0 pts 2023-01-16 1.0 pts",
        "winLossSplits": "58% - 38%",
        "awayHome": "A",
        "playedYesterday": "N",
        "awayHomeSplits": "50% - 49%",
