[
    {
        "player": "Alex Pietrangelo",
        "team": "VGK",
        "opponent": "EDM",
        "propType": "bs",
        "line": 2.5,
        "ppLine": "PP1",
        "avg": 2.49,
        "hit": false,
        "diffAvg": -0.0,
        "diffAbs": 1.0,
        "lastAvg": 0.0,
        "diff": 0,
        "avgMin": 24,
        "proj": 0.0,
        "lastAvgMin": 24.63,
        "oppOver": 0,
        "teamOver": 0,
        "gameLine": "+150",
        "+/-": "+15",
        "L5_+/-": "+7.0",
        "prevMatchup": "2023-05-03 7.0 bs 2023-03-28 4.0 bs 2023-03-25 3.0 bs 2023-01-14 3.0 bs 2022-11-19 0.0 bs",
        "winLossSplits": "34% - 52%",
        "awayHome": "A",
        "playedYesterday": "N",
        "awayHomeSplits": "49% - 33%",
        "savesAboveExp": 0.118,
        "gsaa": 14.07,
        "corsi": "48.6% (57.5) // 48.0% (56.0) // 48.6% (57.5) // 48.6% (57.5)",
        "fenwick": "49.7% (42.3) // 48.8% (40.5) // 49.7% (42.3) // 49.7% (42.3)",
        "shots": "50.5% (31.1) // 50.2% (28.8) // 50.5% (31.1) // 50.5% (31.1)",
        "scoring": "49.5% (29.2) // 49.0% (28.7) // 49.5% (29.2) // 49.5% (29.2)",
        "corsiAgainst": "51.4% (60.7) // 52.0% (60.6) // 51.4% (60.7) // 51.4% (60.7)",
        "fenwickAgainst": "50.3% (42.8) // 51.2% (42.5) // 50.3% (42.8) // 50.3% (42.8)",
        "shotsAgainst": "49.5% (30.4) // 49.8% (28.5) // 49.5% (30.4) // 49.5% (30.4)",
        "scoringAgainst": "50.5% (29.8) // 51.0% (29.9) // 50.5% (29.8) // 50.5% (29.8)",
        "oppCorsi": "52.1% (59.2) // 54.3% (61.2) // 52.1% (59.2) // 52.1% (59.2)",
        "oppFenwick": "51.6% (44.8) // 54.4% (46.8) // 51.6% (44.8) // 51.6% (44.8)",
        "oppShots": "51.7% (33.3) // 54.4% (35.4) // 51.7% (33.3) // 51.7% (33.3)",
        "oppScoring": "53.5% (32.9) // 54.3% (35.5) // 53.5% (32.9) // 53.5% (32.9)",
        "oppCorsiAgainst": "47.9% (54.5) // 45.7% (51.4) // 47.9% (54.5) // 47.9% (54.5)",
        "oppFenwickAgainst": "48.4% (42.0) // 45.6% (39.2) // 48.4% (42.0) // 48.4% (42.0)",
        "oppShotsAgainst": "48.3% (31.1) // 45.6% (29.7) // 48.3% (31.1) // 48.3% (31.1)",
        "oppScoringAgainst": "46.5% (28.6) // 45.7% (29.9) // 46.5% (28.6) // 46.5% (28.6)",
        "savesPerGame": 28.1,
        "savesPerGameLast1": 32.0,
        "savesPerGameLast3": 28.3,
        "savesPerGameLast5": 27.8,
        "savesPer60": 30.5,
        "savesPer60Last1": 31.9,
        "savesPer60Last3": 28.3,
        "savesPer60Last5": 29.9,
        "shotsPerGame": 31.5,
        "shotsPerGameLast5": 33.6,
        "shotsAgainstPerGame": 30.9,
        "shotsAgainstPerGameLast5": 31.0,
        "oppSavesAgainstPer60": 32.2,
        "oppSavesAgainstPer60Last1": 31.9,
        "oppSavesAgainstPer60Last3": 25.6,
        "oppSavesAgainstPer60Last5": 26.7,
        "oppShotsAgainstPerGame": 31.4,
        "oppShotsAgainstPerGameLast5": 35.2,
        "savesProj": 29.3,
        "savesProjLast5": 27.1,
        "savesProjLast3": 19.8,
        "oppSavesAgainstProj": 31.0,
        "oppSavesAgainstProjLast5": 24.9,
        "oppSavesAgainstProjLast3": 21.7,
        "totalOver": 41,
        "totalOverLast5": 60,
        "totalOverLast15": 33,
        "lastTotalOver": 0,
        "last5": "7,5,1,5,0,2,3,2,3,1",
        "overOdds": "-120",
        "underOdds": "-110",
        "overUnder": "-120 / -110"
    },
    {
        "player": "Darnell Nurse",
        "team": "EDM",
        "opponent": "VGK",
        "propType": "bs",
        "line": 2.5,
        "ppLine": "PP2",
        "avg": 2.09,
        "hit": false,
        "diffAvg": -0.16,
        "diffAbs": 1.0,
        "lastAvg": 0.0,
        "diff": 0,
        "avgMin": 23,
        "proj": 0.0,
        "lastAvgMin": 25.03,
        "oppOver": 0,
        "teamOver": 0,
        "gameLine": "-175",
        "+/-": "+28",
        "L5_+/-": "+6.0",
        "prevMatchup": "2023-05-03 1.0 bs 2023-03-28 2.0 bs 2023-03-25 1.0 bs 2023-01-14 3.0 bs 2022-11-19 2.0 bs",
        "winLossSplits": "31% - 34%",
        "awayHome": "H",
        "playedYesterday": "N",
        "awayHomeSplits": "33% - 32%",
        "savesAboveExp": "-",
        "gsaa": "-",
        "corsi": "52.1% (59.2) // 54.3% (61.2) // 52.1% (59.2) // 52.1% (59.2)",
        "fenwick": "51.6% (44.8) // 54.4% (46.8) // 51.6% (44.8) // 51.6% (44.8)",
        "shots": "51.7% (33.3) // 54.4% (35.4) // 51.7% (33.3) // 51.7% (33.3)",
        "scoring": "53.5% (32.9) // 54.3% (35.5) // 53.5% (32.9) // 53.5% (32.9)",
        "corsiAgainst": "47.9% (54.5) // 45.7% (51.4) // 47.9% (54.5) // 47.9% (54.5)",
        "fenwickAgainst": "48.4% (42.0) // 45.6% (39.2) // 48.4% (42.0) // 48.4% (42.0)",
        "shotsAgainst": "48.3% (31.1) // 45.6% (29.7) // 48.3% (31.1) // 48.3% (31.1)",
        "scoringAgainst": "46.5% (28.6) // 45.7% (29.9) // 46.5% (28.6) // 46.5% (28.6)",
        "oppCorsi": "48.6% (57.5) // 48.0% (56.0) // 48.6% (57.5) // 48.6% (57.5)",
        "oppFenwick": "49.7% (42.3) // 48.8% (40.5) // 49.7% (42.3) // 49.7% (42.3)",
        "oppShots": "50.5% (31.1) // 50.2% (28.8) // 50.5% (31.1) // 50.5% (31.1)",
        "oppScoring": "49.5% (29.2) // 49.0% (28.7) // 49.5% (29.2) // 49.5% (29.2)",
        "oppCorsiAgainst": "51.4% (60.7) // 52.0% (60.6) // 51.4% (60.7) // 51.4% (60.7)",
        "oppFenwickAgainst": "50.3% (42.8) // 51.2% (42.5) // 50.3% (42.8) // 50.3% (42.8)",
        "oppShotsAgainst": "49.5% (30.4) // 49.8% (28.5) // 49.5% (30.4) // 49.5% (30.4)",
        "oppScoringAgainst": "50.5% (29.8) // 51.0% (29.9) // 50.5% (29.8) // 50.5% (29.8)",
        "savesPerGame": 28.2,
        "savesPerGameLast1": 30.0,
        "savesPerGameLast3": 32.7,
        "savesPerGameLast5": 31.6,
        "savesPer60": 30.9,
        "savesPer60Last1": 29.8,
        "savesPer60Last3": 32.5,
        "savesPer60Last5": 33.0,
        "shotsPerGame": 33.6,
        "shotsPerGameLast5": 32.0,
        "shotsAgainstPerGame": 31.4,
        "shotsAgainstPerGameLast5": 35.2,
        "oppSavesAgainstPer60": 30.5,
        "oppSavesAgainstPer60Last1": 29.6,
        "oppSavesAgainstPer60Last3": 26.9,
        "oppSavesAgainstPer60Last5": 30.0,
        "oppShotsAgainstPerGame": 30.9,
        "oppShotsAgainstPerGameLast5": 31.0,
        "savesProj": 28.7,
        "savesProjLast5": 32.9,
        "savesProjLast3": 26.6,
        "oppSavesAgainstProj": 29.5,
        "oppSavesAgainstProjLast5": 30.0,
        "oppSavesAgainstProjLast3": 26.8,
        "totalOver": 33,
        "totalOverLast5": 40,
        "totalOverLast15": 27,
        "lastTotalOver": 0,
        "last5": "1,2,5,2,5,6,1,2,5,1",
        "overOdds": "+130",
        "underOdds": "-160",
        "overUnder": "+130 / -160"
    },
    {
        "player": "Shea Theodore",
        "team": "VGK",
        "opponent": "EDM",
        "propType": "bs",
        "line": 1.5,
        "ppLine": "PP2",
        "avg": 1.55,
        "hit": false,
        "diffAvg": 0.03,
        "diffAbs": 1.0,
        "lastAvg": 0.0,
        "diff": 0,
        "avgMin": 21,
        "proj": 0.0,
        "lastAvgMin": 23.13,
        "oppOver": 0,
        "teamOver": 0,
        "gameLine": "+150",
        "+/-": "+19",
        "L5_+/-": "+5.0",
        "prevMatchup": "2023-05-03 0.0 bs 2023-03-28 2.0 bs 2023-03-25 2.0 bs 2022-11-19 2.0 bs",
        "winLossSplits": "55% - 33%",
        "awayHome": "A",
        "playedYesterday": "N",
        "awayHomeSplits": "53% - 43%",
        "savesAboveExp": 0.118,
        "gsaa": 14.07,
        "corsi": "48.6% (57.5) // 48.0% (56.0) // 48.6% (57.5) // 48.6% (57.5)",
        "fenwick": "49.7% (42.3) // 48.8% (40.5) // 49.7% (42.3) // 49.7% (42.3)",
        "shots": "50.5% (31.1) // 50.2% (28.8) // 50.5% (31.1) // 50.5% (31.1)",
        "scoring": "49.5% (29.2) // 49.0% (28.7) // 49.5% (29.2) // 49.5% (29.2)",
        "corsiAgainst": "51.4% (60.7) // 52.0% (60.6) // 51.4% (60.7) // 51.4% (60.7)",
        "fenwickAgainst": "50.3% (42.8) // 51.2% (42.5) // 50.3% (42.8) // 50.3% (42.8)",
        "shotsAgainst": "49.5% (30.4) // 49.8% (28.5) // 49.5% (30.4) // 49.5% (30.4)",
        "scoringAgainst": "50.5% (29.8) // 51.0% (29.9) // 50.5% (29.8) // 50.5% (29.8)",
        "oppCorsi": "52.1% (59.2) // 54.3% (61.2) // 52.1% (59.2) // 52.1% (59.2)",
        "oppFenwick": "51.6% (44.8) // 54.4% (46.8) // 51.6% (44.8) // 51.6% (44.8)",
        "oppShots": "51.7% (33.3) // 54.4% (35.4) // 51.7% (33.3) // 51.7% (33.3)",
        "oppScoring": "53.5% (32.9) // 54.3% (35.5) // 53.5% (32.9) // 53.5% (32.9)",
        "oppCorsiAgainst": "47.9% (54.5) // 45.7% (51.4) // 47.9% (54.5) // 47.9% (54.5)",
        "oppFenwickAgainst": "48.4% (42.0) // 45.6% (39.2) // 48.4% (42.0) // 48.4% (42.0)",
        "oppShotsAgainst": "48.3% (31.1) // 45.6% (29.7) // 48.3% (31.1) // 48.3% (31.1)",
        "oppScoringAgainst": "46.5% (28.6) // 45.7% (29.9) // 46.5% (28.6) // 46.5% (28.6)",
        "savesPerGame": 28.1,
        "savesPerGameLast1": 32.0,
        "savesPerGameLast3": 28.3,
        "savesPerGameLast5": 27.8,
        "savesPer60": 30.5,
        "savesPer60Last1": 31.9,
        "savesPer60Last3": 28.3,
        "savesPer60Last5": 29.9,
        "shotsPerGame": 31.5,
        "shotsPerGameLast5": 33.6,
        "shotsAgainstPerGame": 30.9,
        "shotsAgainstPerGameLast5": 31.0,
        "oppSavesAgainstPer60": 32.2,
        "oppSavesAgainstPer60Last1": 31.9,
        "oppSavesAgainstPer60Last3": 25.6,
        "oppSavesAgainstPer60Last5": 26.7,
        "oppShotsAgainstPerGame": 31.4,
        "oppShotsAgainstPerGameLast5": 35.2,
        "savesProj": 29.3,
        "savesProjLast5": 27.1,
        "savesProjLast3": 19.8,
        "oppSavesAgainstProj": 31.0,
        "oppSavesAgainstProjLast5": 24.9,
        "oppSavesAgainstProjLast3": 21.7,
        "totalOver": 48,
        "totalOverLast5": 40,
        "totalOverLast15": 67,
        "lastTotalOver": 0,
        "last5": "0,1,2,3,1,2,2,2,5,2",
        "overOdds": "-145",
        "underOdds": "+115",
        "overUnder": "-145 / +115"
    },
    {
        "player": "Zach Whitecloud",
        "team": "VGK",
        "opponent": "EDM",
        "propType": "bs",
        "line": 1.5,
        "ppLine": "",
        "avg": 1.66,
        "hit": false,
        "diffAvg": 0.11,
        "diffAbs": 1.0,
        "lastAvg": 0.0,
        "diff": 0,
        "avgMin": 17,
        "proj": 0.0,
        "lastAvgMin": 18.78,
        "oppOver": 0,
        "teamOver": 0,
        "gameLine": "+150",
        "+/-": "+13",
        "L5_+/-": "+5.0",
        "prevMatchup": "2023-05-03 3.0 bs 2023-03-28 3.0 bs 2023-03-25 1.0 bs 2022-11-19 1.0 bs",
        "winLossSplits": "51% - 50%",
        "awayHome": "A",
        "playedYesterday": "N",
        "awayHomeSplits": "55% - 47%",
        "savesAboveExp": 0.118,
        "gsaa": 14.07,
        "corsi": "48.6% (57.5) // 48.0% (56.0) // 48.6% (57.5) // 48.6% (57.5)",
        "fenwick": "49.7% (42.3) // 48.8% (40.5) // 49.7% (42.3) // 49.7% (42.3)",
        "shots": "50.5% (31.1) // 50.2% (28.8) // 50.5% (31.1) // 50.5% (31.1)",
        "scoring": "49.5% (29.2) // 49.0% (28.7) // 49.5% (29.2) // 49.5% (29.2)",
        "corsiAgainst": "51.4% (60.7) // 52.0% (60.6) // 51.4% (60.7) // 51.4% (60.7)",
        "fenwickAgainst": "50.3% (42.8) // 51.2% (42.5) // 50.3% (42.8) // 50.3% (42.8)",
        "shotsAgainst": "49.5% (30.4) // 49.8% (28.5) // 49.5% (30.4) // 49.5% (30.4)",
        "scoringAgainst": "50.5% (29.8) // 51.0% (29.9) // 50.5% (29.8) // 50.5% (29.8)",
        "oppCorsi": "52.1% (59.2) // 54.3% (61.2) // 52.1% (59.2) // 52.1% (59.2)",
        "oppFenwick": "51.6% (44.8) // 54.4% (46.8) // 51.6% (44.8) // 51.6% (44.8)",
        "oppShots": "51.7% (33.3) // 54.4% (35.4) // 51.7% (33.3) // 51.7% (33.3)",
        "oppScoring": "53.5% (32.9) // 54.3% (35.5) // 53.5% (32.9) // 53.5% (32.9)",
        "oppCorsiAgainst": "47.9% (54.5) // 45.7% (51.4) // 47.9% (54.5) // 47.9% (54.5)",
        "oppFenwickAgainst": "48.4% (42.0) // 45.6% (39.2) // 48.4% (42.0) // 48.4% (42.0)",
        "oppShotsAgainst": "48.3% (31.1) // 45.6% (29.7) // 48.3% (31.1) // 48.3% (31.1)",
        "oppScoringAgainst": "46.5% (28.6) // 45.7% (29.9) // 46.5% (28.6) // 46.5% (28.6)",
        "savesPerGame": 28.1,
        "savesPerGameLast1": 32.0,
        "savesPerGameLast3": 28.3,
        "savesPerGameLast5": 27.8,
        "savesPer60": 30.5,
        "savesPer60Last1": 31.9,
        "savesPer60Last3": 28.3,
        "savesPer60Last5": 29.9,
        "shotsPerGame": 31.5,
        "shotsPerGameLast5": 33.6,
        "shotsAgainstPerGame": 30.9,
        "shotsAgainstPerGameLast5": 31.0,
        "oppSavesAgainstPer60": 32.2,
        "oppSavesAgainstPer60Last1": 31.9,
        "oppSavesAgainstPer60Last3": 25.6,
        "oppSavesAgainstPer60Last5": 26.7,
        "oppShotsAgainstPerGame": 31.4,
        "oppShotsAgainstPerGameLast5": 35.2,
        "savesProj": 29.3,
        "savesProjLast5": 27.1,
        "savesProjLast3": 19.8,
        "oppSavesAgainstProj": 31.0,
        "oppSavesAgainstProjLast5": 24.9,
        "oppSavesAgainstProjLast3": 21.7,
        "totalOver": 51,
        "totalOverLast5": 80,
        "totalOverLast15": 47,
        "lastTotalOver": 0,
        "last5": "3,2,2,3,0,1,1,1,2,3",
        "overOdds": "-145",
        "underOdds": "+115",
        "overUnder": "-145 / +115"
    },
    {
        "player": "Nicolas Hague",
        "team": "VGK",
        "opponent": "EDM",
        "propType": "bs",
        "line": 1.5,
        "ppLine": "",
        "avg": 1.6,
        "hit": false,
        "diffAvg": 0.07,
        "diffAbs": 1.0,
        "lastAvg": 0.0,
        "diff": 0,
        "avgMin": 18,
        "proj": 0.0,
        "lastAvgMin": 18.65,
        "oppOver": 0,
        "teamOver": 0,
        "gameLine": "+150",
        "+/-": "+10",
        "L5_+/-": "+4.0",
        "prevMatchup": "2023-05-03 0.0 bs 2023-03-28 1.0 bs 2023-03-25 3.0 bs 2023-01-14 1.0 bs 2022-11-19 2.0 bs",
        "winLossSplits": "52% - 38%",
        "awayHome": "A",
        "playedYesterday": "N",
        "awayHomeSplits": "54% - 40%",
        "savesAboveExp": 0.118,
        "gsaa": 14.07,
        "corsi": "48.6% (57.5) // 48.0% (56.0) // 48.6% (57.5) // 48.6% (57.5)",
        "fenwick": "49.7% (42.3) // 48.8% (40.5) // 49.7% (42.3) // 49.7% (42.3)",
        "shots": "50.5% (31.1) // 50.2% (28.8) // 50.5% (31.1) // 50.5% (31.1)",
        "scoring": "49.5% (29.2) // 49.0% (28.7) // 49.5% (29.2) // 49.5% (29.2)",
        "corsiAgainst": "51.4% (60.7) // 52.0% (60.6) // 51.4% (60.7) // 51.4% (60.7)",
        "fenwickAgainst": "50.3% (42.8) // 51.2% (42.5) // 50.3% (42.8) // 50.3% (42.8)",
        "shotsAgainst": "49.5% (30.4) // 49.8% (28.5) // 49.5% (30.4) // 49.5% (30.4)",
        "scoringAgainst": "50.5% (29.8) // 51.0% (29.9) // 50.5% (29.8) // 50.5% (29.8)",
        "oppCorsi": "52.1% (59.2) // 54.3% (61.2) // 52.1% (59.2) // 52.1% (59.2)",
        "oppFenwick": "51.6% (44.8) // 54.4% (46.8) // 51.6% (44.8) // 51.6% (44.8)",
        "oppShots": "51.7% (33.3) // 54.4% (35.4) // 51.7% (33.3) // 51.7% (33.3)",
        "oppScoring": "53.5% (32.9) // 54.3% (35.5) // 53.5% (32.9) // 53.5% (32.9)",
        "oppCorsiAgainst": "47.9% (54.5) // 45.7% (51.4) // 47.9% (54.5) // 47.9% (54.5)",
        "oppFenwickAgainst": "48.4% (42.0) // 45.6% (39.2) // 48.4% (42.0) // 48.4% (42.0)",
        "oppShotsAgainst": "48.3% (31.1) // 45.6% (29.7) // 48.3% (31.1) // 48.3% (31.1)",
        "oppScoringAgainst": "46.5% (28.6) // 45.7% (29.9) // 46.5% (28.6) // 46.5% (28.6)",
        "savesPerGame": 28.1,
        "savesPerGameLast1": 32.0,
        "savesPerGameLast3": 28.3,
        "savesPerGameLast5": 27.8,
        "savesPer60": 30.5,
        "savesPer60Last1": 31.9,
        "savesPer60Last3": 28.3,
        "savesPer60Last5": 29.9,
        "shotsPerGame": 31.5,
        "shotsPerGameLast5": 33.6,
        "shotsAgainstPerGame": 30.9,
        "shotsAgainstPerGameLast5": 31.0,
        "oppSavesAgainstPer60": 32.2,
        "oppSavesAgainstPer60Last1": 31.9,
        "oppSavesAgainstPer60Last3": 25.6,
        "oppSavesAgainstPer60Last5": 26.7,
        "oppShotsAgainstPerGame": 31.4,
        "oppShotsAgainstPerGameLast5": 35.2,
        "savesProj": 29.3,
        "savesProjLast5": 27.1,
        "savesProjLast3": 19.8,
        "oppSavesAgainstProj": 31.0,
        "oppSavesAgainstProjLast5": 24.9,
        "oppSavesAgainstProjLast3": 21.7,
        "totalOver": 47,
        "totalOverLast5": 40,
        "totalOverLast15": 40,
        "lastTotalOver": 0,
        "last5": "0,1,2,3,1,2,4,1,1,2",
        "overOdds": "-120",
        "underOdds": "-110",
        "overUnder": "-120 / -110"
    },
    {
        "player": "Alec Martinez",
        "team": "VGK",
        "opponent": "EDM",
        "propType": "bs",
        "line": 2.5,
        "ppLine": "",
        "avg": 3.12,
        "hit": false,
        "diffAvg": 0.25,
        "diffAbs": 1.0,
        "lastAvg": 0.0,
        "diff": 0,
        "avgMin": 19,
        "proj": 0.0,
        "lastAvgMin": 19.53,
        "oppOver": 0,
        "teamOver": 0,
        "gameLine": "+150",
        "+/-": "+34",
        "L5_+/-": "+10.0",
        "prevMatchup": "2023-05-03 2.0 bs 2023-03-28 3.0 bs 2023-01-14 1.0 bs 2022-11-19 4.0 bs",
        "winLossSplits": "60% - 48%",
        "awayHome": "A",
        "playedYesterday": "N",
        "awayHomeSplits": "58% - 53%",
        "savesAboveExp": 0.118,
        "gsaa": 14.07,
        "corsi": "48.6% (57.5) // 48.0% (56.0) // 48.6% (57.5) // 48.6% (57.5)",
        "fenwick": "49.7% (42.3) // 48.8% (40.5) // 49.7% (42.3) // 49.7% (42.3)",
        "shots": "50.5% (31.1) // 50.2% (28.8) // 50.5% (31.1) // 50.5% (31.1)",
        "scoring": "49.5% (29.2) // 49.0% (28.7) // 49.5% (29.2) // 49.5% (29.2)",
        "corsiAgainst": "51.4% (60.7) // 52.0% (60.6) // 51.4% (60.7) // 51.4% (60.7)",
        "fenwickAgainst": "50.3% (42.8) // 51.2% (42.5) // 50.3% (42.8) // 50.3% (42.8)",
        "shotsAgainst": "49.5% (30.4) // 49.8% (28.5) // 49.5% (30.4) // 49.5% (30.4)",
        "scoringAgainst": "50.5% (29.8) // 51.0% (29.9) // 50.5% (29.8) // 50.5% (29.8)",
        "oppCorsi": "52.1% (59.2) // 54.3% (61.2) // 52.1% (59.2) // 52.1% (59.2)",
        "oppFenwick": "51.6% (44.8) // 54.4% (46.8) // 51.6% (44.8) // 51.6% (44.8)",
        "oppShots": "51.7% (33.3) // 54.4% (35.4) // 51.7% (33.3) // 51.7% (33.3)",
        "oppScoring": "53.5% (32.9) // 54.3% (35.5) // 53.5% (32.9) // 53.5% (32.9)",
        "oppCorsiAgainst": "47.9% (54.5) // 45.7% (51.4) // 47.9% (54.5) // 47.9% (54.5)",
        "oppFenwickAgainst": "48.4% (42.0) // 45.6% (39.2) // 48.4% (42.0) // 48.4% (42.0)",
        "oppShotsAgainst": "48.3% (31.1) // 45.6% (29.7) // 48.3% (31.1) // 48.3% (31.1)",
        "oppScoringAgainst": "46.5% (28.6) // 45.7% (29.9) // 46.5% (28.6) // 46.5% (28.6)",
        "savesPerGame": 28.1,
        "savesPerGameLast1": 32.0,
        "savesPerGameLast3": 28.3,
        "savesPerGameLast5": 27.8,
        "savesPer60": 30.5,
        "savesPer60Last1": 31.9,
        "savesPer60Last3": 28.3,
        "savesPer60Last5": 29.9,
        "shotsPerGame": 31.5,
        "shotsPerGameLast5": 33.6,
        "shotsAgainstPerGame": 30.9,
        "shotsAgainstPerGameLast5": 31.0,
        "oppSavesAgainstPer60": 32.2,
        "oppSavesAgainstPer60Last1": 31.9,
        "oppSavesAgainstPer60Last3": 25.6,
        "oppSavesAgainstPer60Last5": 26.7,
        "oppShotsAgainstPerGame": 31.4,
        "oppShotsAgainstPerGameLast5": 35.2,
        "savesProj": 29.3,
        "savesProjLast5": 27.1,
        "savesProjLast3": 19.8,
        "oppSavesAgainstProj": 31.0,
        "oppSavesAgainstProjLast5": 24.9,
        "oppSavesAgainstProjLast3": 21.7,
        "totalOver": 55,
        "totalOverLast5": 20,
        "totalOverLast15": 27,
        "lastTotalOver": 0,
        "last5": "2,1,2,7,2,2,2,1,2,4",
        "overOdds": "-160",
        "underOdds": "+130",
        "overUnder": "-160 / +130"
    },
    {
        "player": "Cody Ceci",
        "team": "EDM",
        "opponent": "VGK",
        "propType": "bs",
        "line": 1.5,
        "ppLine": "",
        "avg": 1.49,
        "hit": false,
        "diffAvg": -0.01,
        "diffAbs": 1.0,
        "lastAvg": 0.0,
        "diff": 0,
        "avgMin": 20,
        "proj": 0.0,
        "lastAvgMin": 20.88,
        "oppOver": 0,
        "teamOver": 0,
        "gameLine": "-175",
        "+/-": "+11",
        "L5_+/-": "+4.0",
        "prevMatchup": "2023-05-03 1.0 bs 2023-03-28 0.0 bs 2023-03-25 2.0 bs 2023-01-14 3.0 bs 2022-11-19 4.0 bs",
        "winLossSplits": "46% - 46%",
        "awayHome": "H",
        "playedYesterday": "N",
        "awayHomeSplits": "47% - 45%",
        "savesAboveExp": "-",
        "gsaa": "-",
        "corsi": "52.1% (59.2) // 54.3% (61.2) // 52.1% (59.2) // 52.1% (59.2)",
        "fenwick": "51.6% (44.8) // 54.4% (46.8) // 51.6% (44.8) // 51.6% (44.8)",
        "shots": "51.7% (33.3) // 54.4% (35.4) // 51.7% (33.3) // 51.7% (33.3)",
        "scoring": "53.5% (32.9) // 54.3% (35.5) // 53.5% (32.9) // 53.5% (32.9)",
        "corsiAgainst": "47.9% (54.5) // 45.7% (51.4) // 47.9% (54.5) // 47.9% (54.5)",
        "fenwickAgainst": "48.4% (42.0) // 45.6% (39.2) // 48.4% (42.0) // 48.4% (42.0)",
        "shotsAgainst": "48.3% (31.1) // 45.6% (29.7) // 48.3% (31.1) // 48.3% (31.1)",
        "scoringAgainst": "46.5% (28.6) // 45.7% (29.9) // 46.5% (28.6) // 46.5% (28.6)",
        "oppCorsi": "48.6% (57.5) // 48.0% (56.0) // 48.6% (57.5) // 48.6% (57.5)",
        "oppFenwick": "49.7% (42.3) // 48.8% (40.5) // 49.7% (42.3) // 49.7% (42.3)",
        "oppShots": "50.5% (31.1) // 50.2% (28.8) // 50.5% (31.1) // 50.5% (31.1)",
        "oppScoring": "49.5% (29.2) // 49.0% (28.7) // 49.5% (29.2) // 49.5% (29.2)",
        "oppCorsiAgainst": "51.4% (60.7) // 52.0% (60.6) // 51.4% (60.7) // 51.4% (60.7)",
        "oppFenwickAgainst": "50.3% (42.8) // 51.2% (42.5) // 50.3% (42.8) // 50.3% (42.8)",
        "oppShotsAgainst": "49.5% (30.4) // 49.8% (28.5) // 49.5% (30.4) // 49.5% (30.4)",
        "oppScoringAgainst": "50.5% (29.8) // 51.0% (29.9) // 50.5% (29.8) // 50.5% (29.8)",
        "savesPerGame": 28.2,
        "savesPerGameLast1": 30.0,
        "savesPerGameLast3": 32.7,
        "savesPerGameLast5": 31.6,
        "savesPer60": 30.9,
        "savesPer60Last1": 29.8,
        "savesPer60Last3": 32.5,
        "savesPer60Last5": 33.0,
        "shotsPerGame": 33.6,
        "shotsPerGameLast5": 32.0,
        "shotsAgainstPerGame": 31.4,
        "shotsAgainstPerGameLast5": 35.2,
        "oppSavesAgainstPer60": 30.5,
        "oppSavesAgainstPer60Last1": 29.6,
        "oppSavesAgainstPer60Last3": 26.9,
        "oppSavesAgainstPer60Last5": 30.0,
        "oppShotsAgainstPerGame": 30.9,
        "oppShotsAgainstPerGameLast5": 31.0,
        "savesProj": 28.7,
        "savesProjLast5": 32.9,
        "savesProjLast3": 26.6,
        "oppSavesAgainstProj": 29.5,
        "oppSavesAgainstProjLast5": 30.0,
        "oppSavesAgainstProjLast3": 26.8,
        "totalOver": 46,
        "totalOverLast5": 80,
        "totalOverLast15": 47,
        "lastTotalOver": 0,
        "last5": "1,3,5,3,3,2,2,1,1,2",
        "overOdds": "-145",
        "underOdds": "+115",
        "overUnder": "-145 / +115"
    },
    {
        "player": "Brayden Mcnabb",
        "team": "VGK",
        "opponent": "EDM",
        "propType": "bs",
        "line": 2.5,
        "ppLine": "",
        "avg": 2.39,
        "hit": false,
        "diffAvg": -0.04,
        "diffAbs": 1.0,
        "lastAvg": 0.0,
        "diff": 0,
        "avgMin": 19,
        "proj": 0.0,
        "lastAvgMin": 19.7,
        "oppOver": 0,
        "teamOver": 0,
        "gameLine": "+150",
        "+/-": "+12",
        "L5_+/-": "+3.0",
        "prevMatchup": "2023-05-03 3.0 bs 2023-03-28 2.0 bs 2023-03-25 4.0 bs 2023-01-14 1.0 bs 2022-11-19 2.0 bs",
        "winLossSplits": "49% - 33%",
        "awayHome": "A",
        "playedYesterday": "N",
        "awayHomeSplits": "44% - 42%",
        "savesAboveExp": 0.118,
        "gsaa": 14.07,
        "corsi": "48.6% (57.5) // 48.0% (56.0) // 48.6% (57.5) // 48.6% (57.5)",
        "fenwick": "49.7% (42.3) // 48.8% (40.5) // 49.7% (42.3) // 49.7% (42.3)",
        "shots": "50.5% (31.1) // 50.2% (28.8) // 50.5% (31.1) // 50.5% (31.1)",
        "scoring": "49.5% (29.2) // 49.0% (28.7) // 49.5% (29.2) // 49.5% (29.2)",
        "corsiAgainst": "51.4% (60.7) // 52.0% (60.6) // 51.4% (60.7) // 51.4% (60.7)",
        "fenwickAgainst": "50.3% (42.8) // 51.2% (42.5) // 50.3% (42.8) // 50.3% (42.8)",
        "shotsAgainst": "49.5% (30.4) // 49.8% (28.5) // 49.5% (30.4) // 49.5% (30.4)",
        "scoringAgainst": "50.5% (29.8) // 51.0% (29.9) // 50.5% (29.8) // 50.5% (29.8)",
        "oppCorsi": "52.1% (59.2) // 54.3% (61.2) // 52.1% (59.2) // 52.1% (59.2)",
        "oppFenwick": "51.6% (44.8) // 54.4% (46.8) // 51.6% (44.8) // 51.6% (44.8)",
        "oppShots": "51.7% (33.3) // 54.4% (35.4) // 51.7% (33.3) // 51.7% (33.3)",
        "oppScoring": "53.5% (32.9) // 54.3% (35.5) // 53.5% (32.9) // 53.5% (32.9)",
        "oppCorsiAgainst": "47.9% (54.5) // 45.7% (51.4) // 47.9% (54.5) // 47.9% (54.5)",
        "oppFenwickAgainst": "48.4% (42.0) // 45.6% (39.2) // 48.4% (42.0) // 48.4% (42.0)",
        "oppShotsAgainst": "48.3% (31.1) // 45.6% (29.7) // 48.3% (31.1) // 48.3% (31.1)",
        "oppScoringAgainst": "46.5% (28.6) // 45.7% (29.9) // 46.5% (28.6) // 46.5% (28.6)",
        "savesPerGame": 28.1,
        "savesPerGameLast1": 32.0,
        "savesPerGameLast3": 28.3,
        "savesPerGameLast5": 27.8,
        "savesPer60": 30.5,
        "savesPer60Last1": 31.9,
        "savesPer60Last3": 28.3,
        "savesPer60Last5": 29.9,
        "shotsPerGame": 31.5,
        "shotsPerGameLast5": 33.6,
        "shotsAgainstPerGame": 30.9,
        "shotsAgainstPerGameLast5": 31.0,
        "oppSavesAgainstPer60": 32.2,
        "oppSavesAgainstPer60Last1": 31.9,
        "oppSavesAgainstPer60Last3": 25.6,
        "oppSavesAgainstPer60Last5": 26.7,
        "oppShotsAgainstPerGame": 31.4,
        "oppShotsAgainstPerGameLast5": 35.2,
        "savesProj": 29.3,
        "savesProjLast5": 27.1,
        "savesProjLast3": 19.8,
        "oppSavesAgainstProj": 31.0,
        "oppSavesAgainstProjLast5": 24.9,
        "oppSavesAgainstProjLast3": 21.7,
        "totalOver": 43,
        "totalOverLast5": 40,
        "totalOverLast15": 40,
        "lastTotalOver": 0,
        "last5": "3,2,1,3,1,3,2,3,2,1",
        "overOdds": "-120",
        "underOdds": "-110",
        "overUnder": "-120 / -110"
    }
]