[
    {
        "player": "Gustav Forsling",
        "team": "FLA",
        "opponent": "TOR",
        "propType": "bs",
        "line": 1.5,
        "ppLine": "PP2",
        "avg": 1.35,
        "hit": false,
        "diffAvg": -0.1,
        "diffAbs": 1.0,
        "lastAvg": 0.0,
        "diff": 0,
        "avgMin": 23,
        "proj": 0.0,
        "lastAvgMin": 21.22,
        "oppOver": 0,
        "teamOver": 0,
        "gameLine": "+105",
        "+/-": "+26",
        "L5_+/-": "+8.0",
        "prevMatchup": "2023-05-07 2.0 bs 2023-05-04 1.0 bs 2023-05-02 0.0 bs 2023-04-10 1.0 bs 2023-03-29 1.0 bs 2023-03-23 4.0 bs 2023-01-17 1.0 bs",
        "winLossSplits": "43% - 33%",
        "awayHome": "H",
        "playedYesterday": "N",
        "awayHomeSplits": "34% - 42%",
        "savesAboveExp": "-",
        "gsaa": "-",
        "corsi": "54.2% (66.3) // 52.5% (66.0) // 54.2% (66.3) // 54.2% (66.3)",
        "fenwick": "53.6% (49.9) // 52.0% (49.3) // 53.6% (49.9) // 53.6% (49.9)",
        "shots": "53.7% (36.5) // 51.9% (35.5) // 53.7% (36.5) // 53.7% (36.5)",
        "scoring": "54.6% (34.8) // 53.4% (34.0) // 54.6% (34.8) // 54.6% (34.8)",
        "corsiAgainst": "45.8% (56.1) // 47.5% (59.7) // 45.8% (56.1) // 45.8% (56.1)",
        "fenwickAgainst": "46.4% (43.2) // 48.0% (45.5) // 46.4% (43.2) // 46.4% (43.2)",
        "shotsAgainst": "46.3% (31.5) // 48.1% (33.0) // 46.3% (31.5) // 46.3% (31.5)",
        "scoringAgainst": "45.4% (28.9) // 46.6% (29.7) // 45.4% (28.9) // 45.4% (28.9)",
        "oppCorsi": "50.8% (57.6) // 50.8% (59.1) // 50.8% (57.6) // 50.8% (57.6)",
        "oppFenwick": "51.7% (44.0) // 52.2% (46.4) // 51.7% (44.0) // 51.7% (44.0)",
        "oppShots": "52.1% (31.8) // 52.3% (33.2) // 52.1% (31.8) // 52.1% (31.8)",
        "oppScoring": "53.9% (33.4) // 55.3% (34.1) // 53.9% (33.4) // 53.9% (33.4)",
        "oppCorsiAgainst": "49.2% (55.8) // 49.2% (57.4) // 49.2% (55.8) // 49.2% (55.8)",
        "oppFenwickAgainst": "48.3% (41.1) // 47.8% (42.5) // 48.3% (41.1) // 48.3% (41.1)",
        "oppShotsAgainst": "47.9% (29.2) // 47.7% (30.3) // 47.9% (29.2) // 47.9% (29.2)",
        "oppScoringAgainst": "46.1% (28.5) // 44.7% (27.6) // 46.1% (28.5) // 46.1% (28.5)",
        "savesPerGame": 28.4,
        "savesPerGameLast1": 22.0,
        "savesPerGameLast3": 30.0,
        "savesPerGameLast5": 30.4,
        "savesPer60": 31.8,
        "savesPer60Last1": 23.1,
        "savesPer60Last3": 30.4,
        "savesPer60Last5": 31.4,
        "shotsPerGame": 36.8,
        "shotsPerGameLast5": 30.0,
        "shotsAgainstPerGame": 31.7,
        "shotsAgainstPerGameLast5": 33.2,
        "oppSavesAgainstPer60": 31.8,
        "oppSavesAgainstPer60Last1": 22.0,
        "oppSavesAgainstPer60Last3": 30.4,
        "oppSavesAgainstPer60Last5": 28.0,
        "oppShotsAgainstPerGame": 29.5,
        "oppShotsAgainstPerGameLast5": 31.2,
        "savesProj": 30.3,
        "savesProjLast5": 29.2,
        "savesProjLast3": 30.8,
        "oppSavesAgainstProj": 30.9,
        "oppSavesAgainstProjLast5": 26.9,
        "oppSavesAgainstProjLast3": 29.0,
        "totalOver": 38,
        "totalOverLast5": 40,
        "totalOverLast15": 53,
        "lastTotalOver": 0,
        "last5": "2,1,0,1,3,2,2,2,2,4",
        "overOdds": "-120",
        "underOdds": "-110",
        "overUnder": "-120 / -110"
    },
    {
        "player": "Morgan Rielly",
        "team": "TOR",
        "opponent": "FLA",
        "propType": "bs",
        "line": 1.5,
        "ppLine": "PP1",
        "avg": 1.41,
        "hit": false,
        "diffAvg": -0.06,
        "diffAbs": 1.0,
        "lastAvg": 0.0,
        "diff": 0,
        "avgMin": 21,
        "proj": 0.0,
        "lastAvgMin": 23.73,
        "oppOver": 0,
        "teamOver": 0,
        "gameLine": "-125",
        "+/-": "+1",
        "L5_+/-": "+10.0",
        "prevMatchup": "2023-05-07 1.0 bs 2023-05-04 0.0 bs 2023-05-02 1.0 bs 2023-04-10 4.0 bs 2023-03-29 4.0 bs 2023-01-17 1.0 bs",
        "winLossSplits": "38% - 35%",
        "awayHome": "A",
        "playedYesterday": "N",
        "awayHomeSplits": "49% - 26%",
        "savesAboveExp": -0.102,
        "gsaa": -4.63,
        "corsi": "50.8% (57.6) // 50.8% (59.1) // 50.8% (57.6) // 50.8% (57.6)",
        "fenwick": "51.7% (44.0) // 52.2% (46.4) // 51.7% (44.0) // 51.7% (44.0)",
        "shots": "52.1% (31.8) // 52.3% (33.2) // 52.1% (31.8) // 52.1% (31.8)",
        "scoring": "53.9% (33.4) // 55.3% (34.1) // 53.9% (33.4) // 53.9% (33.4)",
        "corsiAgainst": "49.2% (55.8) // 49.2% (57.4) // 49.2% (55.8) // 49.2% (55.8)",
        "fenwickAgainst": "48.3% (41.1) // 47.8% (42.5) // 48.3% (41.1) // 48.3% (41.1)",
        "shotsAgainst": "47.9% (29.2) // 47.7% (30.3) // 47.9% (29.2) // 47.9% (29.2)",
        "scoringAgainst": "46.1% (28.5) // 44.7% (27.6) // 46.1% (28.5) // 46.1% (28.5)",
        "oppCorsi": "54.2% (66.3) // 52.5% (66.0) // 54.2% (66.3) // 54.2% (66.3)",
        "oppFenwick": "53.6% (49.9) // 52.0% (49.3) // 53.6% (49.9) // 53.6% (49.9)",
        "oppShots": "53.7% (36.5) // 51.9% (35.5) // 53.7% (36.5) // 53.7% (36.5)",
        "oppScoring": "54.6% (34.8) // 53.4% (34.0) // 54.6% (34.8) // 54.6% (34.8)",
        "oppCorsiAgainst": "45.8% (56.1) // 47.5% (59.7) // 45.8% (56.1) // 45.8% (56.1)",
        "oppFenwickAgainst": "46.4% (43.2) // 48.0% (45.5) // 46.4% (43.2) // 46.4% (43.2)",
        "oppShotsAgainst": "46.3% (31.5) // 48.1% (33.0) // 46.3% (31.5) // 46.3% (31.5)",
        "oppScoringAgainst": "45.4% (28.9) // 46.6% (29.7) // 45.4% (28.9) // 45.4% (28.9)",
        "savesPerGame": 26.8,
        "savesPerGameLast1": 26.0,
        "savesPerGameLast3": 25.3,
        "savesPerGameLast5": 28.2,
        "savesPer60": 29.9,
        "savesPer60Last1": 27.3,
        "savesPer60Last3": 25.0,
        "savesPer60Last5": 28.0,
        "shotsPerGame": 32.0,
        "shotsPerGameLast5": 29.6,
        "shotsAgainstPerGame": 29.5,
        "shotsAgainstPerGameLast5": 31.2,
        "oppSavesAgainstPer60": 37.4,
        "oppSavesAgainstPer60Last1": 26.7,
        "oppSavesAgainstPer60Last3": 25.2,
        "oppSavesAgainstPer60Last5": 26.4,
        "oppShotsAgainstPerGame": 31.7,
        "oppShotsAgainstPerGameLast5": 33.2,
        "savesProj": 30.8,
        "savesProjLast5": 22.7,
        "savesProjLast3": 19.9,
        "oppSavesAgainstProj": 33.8,
        "oppSavesAgainstProjLast5": 21.9,
        "oppSavesAgainstProjLast3": 17.1,
        "totalOver": 36,
        "totalOverLast5": 40,
        "totalOverLast15": 40,
        "lastTotalOver": 0,
        "last5": "1,0,1,2,6,5,2,2,0,0",
        "overOdds": "-140",
        "underOdds": "+110",
        "overUnder": "-140 / +110"
    },
    {
        "player": "Tj Brodie",
        "team": "TOR",
        "opponent": "FLA",
        "propType": "bs",
        "line": 2.5,
        "ppLine": "",
        "avg": 2.0,
        "hit": false,
        "diffAvg": -0.2,
        "diffAbs": 1.0,
        "lastAvg": 0.0,
        "diff": 0,
        "avgMin": 21,
        "proj": 0.0,
        "lastAvgMin": 21.3,
        "oppOver": 0,
        "teamOver": 0,
        "gameLine": "-125",
        "+/-": "+6",
        "L5_+/-": -4.0,
        "prevMatchup": "2023-05-07 0.0 bs 2023-05-04 0.0 bs 2023-05-02 3.0 bs 2023-04-10 7.0 bs 2023-03-29 1.0 bs 2023-03-23 1.0 bs",
        "winLossSplits": "45% - 21%",
        "awayHome": "A",
        "playedYesterday": "N",
        "awayHomeSplits": "27% - 41%",
        "savesAboveExp": -0.102,
        "gsaa": -4.63,
        "corsi": "50.8% (57.6) // 50.8% (59.1) // 50.8% (57.6) // 50.8% (57.6)",
        "fenwick": "51.7% (44.0) // 52.2% (46.4) // 51.7% (44.0) // 51.7% (44.0)",
        "shots": "52.1% (31.8) // 52.3% (33.2) // 52.1% (31.8) // 52.1% (31.8)",
        "scoring": "53.9% (33.4) // 55.3% (34.1) // 53.9% (33.4) // 53.9% (33.4)",
        "corsiAgainst": "49.2% (55.8) // 49.2% (57.4) // 49.2% (55.8) // 49.2% (55.8)",
        "fenwickAgainst": "48.3% (41.1) // 47.8% (42.5) // 48.3% (41.1) // 48.3% (41.1)",
        "shotsAgainst": "47.9% (29.2) // 47.7% (30.3) // 47.9% (29.2) // 47.9% (29.2)",
        "scoringAgainst": "46.1% (28.5) // 44.7% (27.6) // 46.1% (28.5) // 46.1% (28.5)",
        "oppCorsi": "54.2% (66.3) // 52.5% (66.0) // 54.2% (66.3) // 54.2% (66.3)",
        "oppFenwick": "53.6% (49.9) // 52.0% (49.3) // 53.6% (49.9) // 53.6% (49.9)",
        "oppShots": "53.7% (36.5) // 51.9% (35.5) // 53.7% (36.5) // 53.7% (36.5)",
        "oppScoring": "54.6% (34.8) // 53.4% (34.0) // 54.6% (34.8) // 54.6% (34.8)",
        "oppCorsiAgainst": "45.8% (56.1) // 47.5% (59.7) // 45.8% (56.1) // 45.8% (56.1)",
        "oppFenwickAgainst": "46.4% (43.2) // 48.0% (45.5) // 46.4% (43.2) // 46.4% (43.2)",
        "oppShotsAgainst": "46.3% (31.5) // 48.1% (33.0) // 46.3% (31.5) // 46.3% (31.5)",
        "oppScoringAgainst": "45.4% (28.9) // 46.6% (29.7) // 45.4% (28.9) // 45.4% (28.9)",
        "savesPerGame": 26.8,
        "savesPerGameLast1": 26.0,
        "savesPerGameLast3": 25.3,
        "savesPerGameLast5": 28.2,
        "savesPer60": 29.9,
        "savesPer60Last1": 27.3,
        "savesPer60Last3": 25.0,
        "savesPer60Last5": 28.0,
        "shotsPerGame": 32.0,
        "shotsPerGameLast5": 29.6,
        "shotsAgainstPerGame": 29.5,
        "shotsAgainstPerGameLast5": 31.2,
        "oppSavesAgainstPer60": 37.4,
        "oppSavesAgainstPer60Last1": 26.7,
        "oppSavesAgainstPer60Last3": 25.2,
        "oppSavesAgainstPer60Last5": 26.4,
        "oppShotsAgainstPerGame": 31.7,
        "oppShotsAgainstPerGameLast5": 33.2,
        "savesProj": 30.8,
        "savesProjLast5": 22.7,
        "savesProjLast3": 19.9,
        "oppSavesAgainstProj": 33.8,
        "oppSavesAgainstProjLast5": 21.9,
        "oppSavesAgainstProjLast3": 17.1,
        "totalOver": 34,
        "totalOverLast5": 40,
        "totalOverLast15": 53,
        "lastTotalOver": 0,
        "last5": "0,0,3,3,1,4,6,3,3,1",
        "overOdds": "+100",
        "underOdds": "-130",
        "overUnder": "+100 / -130"
    },
    {
        "player": "Jake Mccabe",
        "team": "TOR",
        "opponent": "FLA",
        "propType": "bs",
        "line": 1.5,
        "ppLine": "",
        "avg": 1.6,
        "hit": false,
        "diffAvg": 0.07,
        "diffAbs": 1.0,
        "lastAvg": 0,
        "diff": 0,
        "avgMin": 20,
        "proj": 0.0,
        "lastAvgMin": 0,
        "oppOver": 0,
        "teamOver": 0,
        "gameLine": "-125",
        "+/-": "+4",
        "L5_+/-": -6.0,
        "prevMatchup": "2023-05-07 0.0 bs 2023-05-04 2.0 bs 2023-05-02 0.0 bs 2023-04-10 4.0 bs 2023-03-29 1.0 bs 2023-03-23 2.0 bs",
        "winLossSplits": "53% - 23%",
        "awayHome": "A",
        "playedYesterday": "N",
        "awayHomeSplits": "50% - 25%",
        "savesAboveExp": -0.102,
        "gsaa": -4.63,
        "corsi": "50.8% (57.6) // 50.8% (59.1) // 50.8% (57.6) // 50.8% (57.6)",
        "fenwick": "51.7% (44.0) // 52.2% (46.4) // 51.7% (44.0) // 51.7% (44.0)",
        "shots": "52.1% (31.8) // 52.3% (33.2) // 52.1% (31.8) // 52.1% (31.8)",
        "scoring": "53.9% (33.4) // 55.3% (34.1) // 53.9% (33.4) // 53.9% (33.4)",
        "corsiAgainst": "49.2% (55.8) // 49.2% (57.4) // 49.2% (55.8) // 49.2% (55.8)",
        "fenwickAgainst": "48.3% (41.1) // 47.8% (42.5) // 48.3% (41.1) // 48.3% (41.1)",
        "shotsAgainst": "47.9% (29.2) // 47.7% (30.3) // 47.9% (29.2) // 47.9% (29.2)",
        "scoringAgainst": "46.1% (28.5) // 44.7% (27.6) // 46.1% (28.5) // 46.1% (28.5)",
        "oppCorsi": "54.2% (66.3) // 52.5% (66.0) // 54.2% (66.3) // 54.2% (66.3)",
        "oppFenwick": "53.6% (49.9) // 52.0% (49.3) // 53.6% (49.9) // 53.6% (49.9)",
        "oppShots": "53.7% (36.5) // 51.9% (35.5) // 53.7% (36.5) // 53.7% (36.5)",
        "oppScoring": "54.6% (34.8) // 53.4% (34.0) // 54.6% (34.8) // 54.6% (34.8)",
        "oppCorsiAgainst": "45.8% (56.1) // 47.5% (59.7) // 45.8% (56.1) // 45.8% (56.1)",
        "oppFenwickAgainst": "46.4% (43.2) // 48.0% (45.5) // 46.4% (43.2) // 46.4% (43.2)",
        "oppShotsAgainst": "46.3% (31.5) // 48.1% (33.0) // 46.3% (31.5) // 46.3% (31.5)",
        "oppScoringAgainst": "45.4% (28.9) // 46.6% (29.7) // 45.4% (28.9) // 45.4% (28.9)",
        "savesPerGame": 26.8,
        "savesPerGameLast1": 26.0,
        "savesPerGameLast3": 25.3,
        "savesPerGameLast5": 28.2,
        "savesPer60": 29.9,
        "savesPer60Last1": 27.3,
        "savesPer60Last3": 25.0,
        "savesPer60Last5": 28.0,
        "shotsPerGame": 32.0,
        "shotsPerGameLast5": 29.6,
        "shotsAgainstPerGame": 29.5,
        "shotsAgainstPerGameLast5": 31.2,
        "oppSavesAgainstPer60": 37.4,
        "oppSavesAgainstPer60Last1": 26.7,
        "oppSavesAgainstPer60Last3": 25.2,
        "oppSavesAgainstPer60Last5": 26.4,
        "oppShotsAgainstPerGame": 31.7,
        "oppShotsAgainstPerGameLast5": 33.2,
        "savesProj": 30.8,
        "savesProjLast5": 22.7,
        "savesProjLast3": 19.9,
        "oppSavesAgainstProj": 33.8,
        "oppSavesAgainstProjLast5": 21.9,
        "oppSavesAgainstProjLast3": 17.1,
        "totalOver": 40,
        "totalOverLast5": 40,
        "totalOverLast15": 47,
        "lastTotalOver": 0,
        "last5": "0,2,0,4,1,2,1,1,1,2",
        "overOdds": "-140",
        "underOdds": "+110",
        "overUnder": "-140 / +110"
    },
    {
        "player": "Radko Gudas",
        "team": "FLA",
        "opponent": "TOR",
        "propType": "bs",
        "line": 1.5,
        "ppLine": "",
        "avg": 1.74,
        "hit": false,
        "diffAvg": 0.16,
        "diffAbs": 1.0,
        "lastAvg": 0.0,
        "diff": 0,
        "avgMin": 17,
        "proj": 0.0,
        "lastAvgMin": 18.0,
        "oppOver": 0,
        "teamOver": 0,
        "gameLine": "+105",
        "+/-": "+11",
        "L5_+/-": -1.0,
        "prevMatchup": "2023-05-07 0.0 bs 2023-05-04 1.0 bs 2023-05-02 2.0 bs 2023-04-10 1.0 bs 2023-03-29 3.0 bs 2023-03-23 0.0 bs 2023-01-17 4.0 bs",
        "winLossSplits": "43% - 58%",
        "awayHome": "H",
        "playedYesterday": "N",
        "awayHomeSplits": "45% - 55%",
        "savesAboveExp": "-",
        "gsaa": "-",
        "corsi": "54.2% (66.3) // 52.5% (66.0) // 54.2% (66.3) // 54.2% (66.3)",
        "fenwick": "53.6% (49.9) // 52.0% (49.3) // 53.6% (49.9) // 53.6% (49.9)",
        "shots": "53.7% (36.5) // 51.9% (35.5) // 53.7% (36.5) // 53.7% (36.5)",
        "scoring": "54.6% (34.8) // 53.4% (34.0) // 54.6% (34.8) // 54.6% (34.8)",
        "corsiAgainst": "45.8% (56.1) // 47.5% (59.7) // 45.8% (56.1) // 45.8% (56.1)",
        "fenwickAgainst": "46.4% (43.2) // 48.0% (45.5) // 46.4% (43.2) // 46.4% (43.2)",
        "shotsAgainst": "46.3% (31.5) // 48.1% (33.0) // 46.3% (31.5) // 46.3% (31.5)",
        "scoringAgainst": "45.4% (28.9) // 46.6% (29.7) // 45.4% (28.9) // 45.4% (28.9)",
        "oppCorsi": "50.8% (57.6) // 50.8% (59.1) // 50.8% (57.6) // 50.8% (57.6)",
        "oppFenwick": "51.7% (44.0) // 52.2% (46.4) // 51.7% (44.0) // 51.7% (44.0)",
        "oppShots": "52.1% (31.8) // 52.3% (33.2) // 52.1% (31.8) // 52.1% (31.8)",
        "oppScoring": "53.9% (33.4) // 55.3% (34.1) // 53.9% (33.4) // 53.9% (33.4)",
        "oppCorsiAgainst": "49.2% (55.8) // 49.2% (57.4) // 49.2% (55.8) // 49.2% (55.8)",
        "oppFenwickAgainst": "48.3% (41.1) // 47.8% (42.5) // 48.3% (41.1) // 48.3% (41.1)",
        "oppShotsAgainst": "47.9% (29.2) // 47.7% (30.3) // 47.9% (29.2) // 47.9% (29.2)",
        "oppScoringAgainst": "46.1% (28.5) // 44.7% (27.6) // 46.1% (28.5) // 46.1% (28.5)",
        "savesPerGame": 28.4,
        "savesPerGameLast1": 22.0,
        "savesPerGameLast3": 30.0,
        "savesPerGameLast5": 30.4,
        "savesPer60": 31.8,
        "savesPer60Last1": 23.1,
        "savesPer60Last3": 30.4,
        "savesPer60Last5": 31.4,
        "shotsPerGame": 36.8,
        "shotsPerGameLast5": 30.0,
        "shotsAgainstPerGame": 31.7,
        "shotsAgainstPerGameLast5": 33.2,
        "oppSavesAgainstPer60": 31.8,
        "oppSavesAgainstPer60Last1": 22.0,
        "oppSavesAgainstPer60Last3": 30.4,
        "oppSavesAgainstPer60Last5": 28.0,
        "oppShotsAgainstPerGame": 29.5,
        "oppShotsAgainstPerGameLast5": 31.2,
        "savesProj": 30.3,
        "savesProjLast5": 29.2,
        "savesProjLast3": 30.8,
        "oppSavesAgainstProj": 30.9,
        "oppSavesAgainstProjLast5": 26.9,
        "oppSavesAgainstProjLast3": 29.0,
        "totalOver": 50,
        "totalOverLast5": 20,
        "totalOverLast15": 47,
        "lastTotalOver": 0,
        "last5": "0,1,2,0,1,2,2,2,3,1",
        "overOdds": "-120",
        "underOdds": "-110",
        "overUnder": "-120 / -110"
    },
    {
        "player": "Alex Pietrangelo",
        "team": "VGK",
        "opponent": "EDM",
        "propType": "bs",
        "line": 2.5,
        "ppLine": "PP1",
        "avg": 2.52,
        "hit": false,
        "diffAvg": 0.01,
        "diffAbs": 1.0,
        "lastAvg": 0.0,
        "diff": 0,
        "avgMin": 24,
        "proj": 0.0,
        "lastAvgMin": 24.63,
        "oppOver": 0,
        "teamOver": 0,
        "gameLine": "+155",
        "+/-": "+16",
        "L5_+/-": "+7.0",
        "prevMatchup": "2023-05-08 5.0 bs 2023-05-06 2.0 bs 2023-05-03 7.0 bs 2023-03-28 4.0 bs 2023-03-25 3.0 bs 2023-01-14 3.0 bs 2022-11-19 0.0 bs",
        "winLossSplits": "35% - 50%",
        "awayHome": "A",
        "playedYesterday": "N",
        "awayHomeSplits": "50% - 33%",
        "savesAboveExp": 0.118,
        "gsaa": 14.07,
        "corsi": "48.6% (57.5) // 48.0% (56.0) // 48.6% (57.5) // 48.6% (57.5)",
        "fenwick": "49.7% (42.3) // 48.8% (40.5) // 49.7% (42.3) // 49.7% (42.3)",
        "shots": "50.5% (31.1) // 50.2% (28.8) // 50.5% (31.1) // 50.5% (31.1)",
        "scoring": "49.5% (29.2) // 49.0% (28.7) // 49.5% (29.2) // 49.5% (29.2)",
        "corsiAgainst": "51.4% (60.7) // 52.0% (60.6) // 51.4% (60.7) // 51.4% (60.7)",
        "fenwickAgainst": "50.3% (42.8) // 51.2% (42.5) // 50.3% (42.8) // 50.3% (42.8)",
        "shotsAgainst": "49.5% (30.4) // 49.8% (28.5) // 49.5% (30.4) // 49.5% (30.4)",
        "scoringAgainst": "50.5% (29.8) // 51.0% (29.9) // 50.5% (29.8) // 50.5% (29.8)",
        "oppCorsi": "52.1% (59.2) // 54.3% (61.2) // 52.1% (59.2) // 52.1% (59.2)",
        "oppFenwick": "51.6% (44.8) // 54.4% (46.8) // 51.6% (44.8) // 51.6% (44.8)",
        "oppShots": "51.7% (33.3) // 54.4% (35.4) // 51.7% (33.3) // 51.7% (33.3)",
        "oppScoring": "53.5% (32.9) // 54.3% (35.5) // 53.5% (32.9) // 53.5% (32.9)",
        "oppCorsiAgainst": "47.9% (54.5) // 45.7% (51.4) // 47.9% (54.5) // 47.9% (54.5)",
        "oppFenwickAgainst": "48.4% (42.0) // 45.6% (39.2) // 48.4% (42.0) // 48.4% (42.0)",
        "oppShotsAgainst": "48.3% (31.1) // 45.6% (29.7) // 48.3% (31.1) // 48.3% (31.1)",
        "oppScoringAgainst": "46.5% (28.6) // 45.7% (29.9) // 46.5% (28.6) // 46.5% (28.6)",
        "savesPerGame": 28.1,
        "savesPerGameLast1": 28.0,
        "savesPerGameLast3": 28.0,
        "savesPerGameLast5": 27.4,
        "savesPer60": 31.2,
        "savesPer60Last1": 27.8,
        "savesPer60Last3": 27.9,
        "savesPer60Last5": 27.3,
        "shotsPerGame": 31.5,
        "shotsPerGameLast5": 30.6,
        "shotsAgainstPerGame": 30.9,
        "shotsAgainstPerGameLast5": 30.0,
        "oppSavesAgainstPer60": 33.0,
        "oppSavesAgainstPer60Last1": 27.9,
        "oppSavesAgainstPer60Last3": 28.0,
        "oppSavesAgainstPer60Last5": 25.0,
        "oppShotsAgainstPerGame": 31.4,
        "oppShotsAgainstPerGameLast5": 34.0,
        "savesProj": 29.4,
        "savesProjLast5": 21.3,
        "savesProjLast3": 23.9,
        "oppSavesAgainstProj": 31.5,
        "oppSavesAgainstProjLast5": 21.4,
        "oppSavesAgainstProjLast3": 22.9,
        "totalOver": 41,
        "totalOverLast5": 60,
        "totalOverLast15": 40,
        "lastTotalOver": 0,
        "last5": "5,2,7,5,1,5,0,2,3,2",
        "overOdds": "-125",
        "underOdds": "-105",
        "overUnder": "-125 / -105"
    },
    {
        "player": "Darnell Nurse",
        "team": "EDM",
        "opponent": "VGK",
        "propType": "bs",
        "line": 2.5,
        "ppLine": "PP2",
        "avg": 2.08,
        "hit": false,
        "diffAvg": -0.17,
        "diffAbs": 1.0,
        "lastAvg": 0.0,
        "diff": 0,
        "avgMin": 23,
        "proj": 0.0,
        "lastAvgMin": 25.03,
        "oppOver": 0,
        "teamOver": 0,
        "gameLine": "-180",
        "+/-": "+26",
        "L5_+/-": "+3.0",
        "prevMatchup": "2023-05-08 1.0 bs 2023-05-06 2.0 bs 2023-05-03 1.0 bs 2023-03-28 2.0 bs 2023-03-25 1.0 bs 2023-01-14 3.0 bs 2022-11-19 2.0 bs",
        "winLossSplits": "31% - 33%",
        "awayHome": "H",
        "playedYesterday": "N",
        "awayHomeSplits": "33% - 31%",
        "savesAboveExp": -0.478,
        "gsaa": 8.04,
        "corsi": "52.1% (59.2) // 54.3% (61.2) // 52.1% (59.2) // 52.1% (59.2)",
        "fenwick": "51.6% (44.8) // 54.4% (46.8) // 51.6% (44.8) // 51.6% (44.8)",
        "shots": "51.7% (33.3) // 54.4% (35.4) // 51.7% (33.3) // 51.7% (33.3)",
        "scoring": "53.5% (32.9) // 54.3% (35.5) // 53.5% (32.9) // 53.5% (32.9)",
        "corsiAgainst": "47.9% (54.5) // 45.7% (51.4) // 47.9% (54.5) // 47.9% (54.5)",
        "fenwickAgainst": "48.4% (42.0) // 45.6% (39.2) // 48.4% (42.0) // 48.4% (42.0)",
        "shotsAgainst": "48.3% (31.1) // 45.6% (29.7) // 48.3% (31.1) // 48.3% (31.1)",
        "scoringAgainst": "46.5% (28.6) // 45.7% (29.9) // 46.5% (28.6) // 46.5% (28.6)",
        "oppCorsi": "48.6% (57.5) // 48.0% (56.0) // 48.6% (57.5) // 48.6% (57.5)",
        "oppFenwick": "49.7% (42.3) // 48.8% (40.5) // 49.7% (42.3) // 49.7% (42.3)",
        "oppShots": "50.5% (31.1) // 50.2% (28.8) // 50.5% (31.1) // 50.5% (31.1)",
        "oppScoring": "49.5% (29.2) // 49.0% (28.7) // 49.5% (29.2) // 49.5% (29.2)",
        "oppCorsiAgainst": "51.4% (60.7) // 52.0% (60.6) // 51.4% (60.7) // 51.4% (60.7)",
        "oppFenwickAgainst": "50.3% (42.8) // 51.2% (42.5) // 50.3% (42.8) // 50.3% (42.8)",
        "oppShotsAgainst": "49.5% (30.4) // 49.8% (28.5) // 49.5% (30.4) // 49.5% (30.4)",
        "oppScoringAgainst": "50.5% (29.8) // 51.0% (29.9) // 50.5% (29.8) // 50.5% (29.8)",
        "savesPerGame": 28.2,
        "savesPerGameLast1": 28.0,
        "savesPerGameLast3": 28.7,
        "savesPerGameLast5": 30.2,
        "savesPer60": 31.5,
        "savesPer60Last1": 28.0,
        "savesPer60Last3": 28.6,
        "savesPer60Last5": 30.1,
        "shotsPerGame": 33.6,
        "shotsPerGameLast5": 29.4,
        "shotsAgainstPerGame": 31.4,
        "shotsAgainstPerGameLast5": 34.0,
        "oppSavesAgainstPer60": 31.2,
        "oppSavesAgainstPer60Last1": 27.7,
        "oppSavesAgainstPer60Last3": 29.3,
        "oppSavesAgainstPer60Last5": 27.0,
        "oppShotsAgainstPerGame": 30.9,
        "oppShotsAgainstPerGameLast5": 30.0,
        "savesProj": 28.7,
        "savesProjLast5": 25.7,
        "savesProjLast3": 26.3,
        "oppSavesAgainstProj": 30.0,
        "oppSavesAgainstProjLast5": 26.1,
        "oppSavesAgainstProjLast3": 26.9,
        "totalOver": 32,
        "totalOverLast5": 20,
        "totalOverLast15": 27,
        "lastTotalOver": 0,
        "last5": "1,2,1,2,5,2,5,6,1,2",
        "overOdds": "+130",
        "underOdds": "-160",
        "overUnder": "+130 / -160"
    },
    {
        "player": "Shea Theodore",
        "team": "VGK",
        "opponent": "EDM",
        "propType": "bs",
        "line": 1.5,
        "ppLine": "PP2",
        "avg": 1.55,
        "hit": false,
        "diffAvg": 0.03,
        "diffAbs": 1.0,
        "lastAvg": 0.0,
        "diff": 0,
        "avgMin": 21,
        "proj": 0.0,
        "lastAvgMin": 23.13,
        "oppOver": 0,
        "teamOver": 0,
        "gameLine": "+155",
        "+/-": "+20",
        "L5_+/-": "+4.0",
        "prevMatchup": "2023-05-08 3.0 bs 2023-05-06 0.0 bs 2023-05-03 0.0 bs 2023-03-28 2.0 bs 2023-03-25 2.0 bs 2022-11-19 2.0 bs",
        "winLossSplits": "56% - 32%",
        "awayHome": "A",
        "playedYesterday": "N",
        "awayHomeSplits": "55% - 41%",
        "savesAboveExp": 0.118,
        "gsaa": 14.07,
        "corsi": "48.6% (57.5) // 48.0% (56.0) // 48.6% (57.5) // 48.6% (57.5)",
        "fenwick": "49.7% (42.3) // 48.8% (40.5) // 49.7% (42.3) // 49.7% (42.3)",
        "shots": "50.5% (31.1) // 50.2% (28.8) // 50.5% (31.1) // 50.5% (31.1)",
        "scoring": "49.5% (29.2) // 49.0% (28.7) // 49.5% (29.2) // 49.5% (29.2)",
        "corsiAgainst": "51.4% (60.7) // 52.0% (60.6) // 51.4% (60.7) // 51.4% (60.7)",
        "fenwickAgainst": "50.3% (42.8) // 51.2% (42.5) // 50.3% (42.8) // 50.3% (42.8)",
        "shotsAgainst": "49.5% (30.4) // 49.8% (28.5) // 49.5% (30.4) // 49.5% (30.4)",
        "scoringAgainst": "50.5% (29.8) // 51.0% (29.9) // 50.5% (29.8) // 50.5% (29.8)",
        "oppCorsi": "52.1% (59.2) // 54.3% (61.2) // 52.1% (59.2) // 52.1% (59.2)",
        "oppFenwick": "51.6% (44.8) // 54.4% (46.8) // 51.6% (44.8) // 51.6% (44.8)",
        "oppShots": "51.7% (33.3) // 54.4% (35.4) // 51.7% (33.3) // 51.7% (33.3)",
        "oppScoring": "53.5% (32.9) // 54.3% (35.5) // 53.5% (32.9) // 53.5% (32.9)",
        "oppCorsiAgainst": "47.9% (54.5) // 45.7% (51.4) // 47.9% (54.5) // 47.9% (54.5)",
        "oppFenwickAgainst": "48.4% (42.0) // 45.6% (39.2) // 48.4% (42.0) // 48.4% (42.0)",
        "oppShotsAgainst": "48.3% (31.1) // 45.6% (29.7) // 48.3% (31.1) // 48.3% (31.1)",
        "oppScoringAgainst": "46.5% (28.6) // 45.7% (29.9) // 46.5% (28.6) // 46.5% (28.6)",
        "savesPerGame": 28.1,
        "savesPerGameLast1": 28.0,
        "savesPerGameLast3": 28.0,
        "savesPerGameLast5": 27.4,
        "savesPer60": 31.2,
        "savesPer60Last1": 27.8,
        "savesPer60Last3": 27.9,
        "savesPer60Last5": 27.3,
        "shotsPerGame": 31.5,
        "shotsPerGameLast5": 30.6,
        "shotsAgainstPerGame": 30.9,
        "shotsAgainstPerGameLast5": 30.0,
        "oppSavesAgainstPer60": 33.0,
        "oppSavesAgainstPer60Last1": 27.9,
        "oppSavesAgainstPer60Last3": 28.0,
        "oppSavesAgainstPer60Last5": 25.0,
        "oppShotsAgainstPerGame": 31.4,
        "oppShotsAgainstPerGameLast5": 34.0,
        "savesProj": 29.4,
        "savesProjLast5": 21.3,
        "savesProjLast3": 23.9,
        "oppSavesAgainstProj": 31.5,
        "oppSavesAgainstProjLast5": 21.4,
        "oppSavesAgainstProjLast3": 22.9,
        "totalOver": 48,
        "totalOverLast5": 40,
        "totalOverLast15": 60,
        "lastTotalOver": 0,
        "last5": "3,0,0,1,2,3,1,2,2,2",
        "overOdds": "-140",
        "underOdds": "+110",
        "overUnder": "-140 / +110"
    },
    {
        "player": "Zach Whitecloud",
        "team": "VGK",
        "opponent": "EDM",
        "propType": "bs",
        "line": 1.5,
        "ppLine": "",
        "avg": 1.66,
        "hit": false,
        "diffAvg": 0.11,
        "diffAbs": 1.0,
        "lastAvg": 0.0,
        "diff": 0,
        "avgMin": 17,
        "proj": 0.0,
        "lastAvgMin": 18.78,
        "oppOver": 0,
        "teamOver": 0,
        "gameLine": "+155",
        "+/-": "+14",
        "L5_+/-": "+5.0",
        "prevMatchup": "2023-05-08 1.0 bs 2023-05-06 2.0 bs 2023-05-03 3.0 bs 2023-03-28 3.0 bs 2023-03-25 1.0 bs 2022-11-19 1.0 bs",
        "winLossSplits": "50% - 52%",
        "awayHome": "A",
        "playedYesterday": "N",
        "awayHomeSplits": "53% - 48%",
        "savesAboveExp": 0.118,
        "gsaa": 14.07,
        "corsi": "48.6% (57.5) // 48.0% (56.0) // 48.6% (57.5) // 48.6% (57.5)",
        "fenwick": "49.7% (42.3) // 48.8% (40.5) // 49.7% (42.3) // 49.7% (42.3)",
        "shots": "50.5% (31.1) // 50.2% (28.8) // 50.5% (31.1) // 50.5% (31.1)",
        "scoring": "49.5% (29.2) // 49.0% (28.7) // 49.5% (29.2) // 49.5% (29.2)",
        "corsiAgainst": "51.4% (60.7) // 52.0% (60.6) // 51.4% (60.7) // 51.4% (60.7)",
        "fenwickAgainst": "50.3% (42.8) // 51.2% (42.5) // 50.3% (42.8) // 50.3% (42.8)",
        "shotsAgainst": "49.5% (30.4) // 49.8% (28.5) // 49.5% (30.4) // 49.5% (30.4)",
        "scoringAgainst": "50.5% (29.8) // 51.0% (29.9) // 50.5% (29.8) // 50.5% (29.8)",
        "oppCorsi": "52.1% (59.2) // 54.3% (61.2) // 52.1% (59.2) // 52.1% (59.2)",
        "oppFenwick": "51.6% (44.8) // 54.4% (46.8) // 51.6% (44.8) // 51.6% (44.8)",
        "oppShots": "51.7% (33.3) // 54.4% (35.4) // 51.7% (33.3) // 51.7% (33.3)",
        "oppScoring": "53.5% (32.9) // 54.3% (35.5) // 53.5% (32.9) // 53.5% (32.9)",
        "oppCorsiAgainst": "47.9% (54.5) // 45.7% (51.4) // 47.9% (54.5) // 47.9% (54.5)",
        "oppFenwickAgainst": "48.4% (42.0) // 45.6% (39.2) // 48.4% (42.0) // 48.4% (42.0)",
        "oppShotsAgainst": "48.3% (31.1) // 45.6% (29.7) // 48.3% (31.1) // 48.3% (31.1)",
        "oppScoringAgainst": "46.5% (28.6) // 45.7% (29.9) // 46.5% (28.6) // 46.5% (28.6)",
        "savesPerGame": 28.1,
        "savesPerGameLast1": 28.0,
        "savesPerGameLast3": 28.0,
        "savesPerGameLast5": 27.4,
        "savesPer60": 31.2,
        "savesPer60Last1": 27.8,
        "savesPer60Last3": 27.9,
        "savesPer60Last5": 27.3,
        "shotsPerGame": 31.5,
        "shotsPerGameLast5": 30.6,
        "shotsAgainstPerGame": 30.9,
        "shotsAgainstPerGameLast5": 30.0,
        "oppSavesAgainstPer60": 33.0,
        "oppSavesAgainstPer60Last1": 27.9,
        "oppSavesAgainstPer60Last3": 28.0,
        "oppSavesAgainstPer60Last5": 25.0,
        "oppShotsAgainstPerGame": 31.4,
        "oppShotsAgainstPerGameLast5": 34.0,
        "savesProj": 29.4,
        "savesProjLast5": 21.3,
        "savesProjLast3": 23.9,
        "oppSavesAgainstProj": 31.5,
        "oppSavesAgainstProjLast5": 21.4,
        "oppSavesAgainstProjLast3": 22.9,
        "totalOver": 51,
        "totalOverLast5": 80,
        "totalOverLast15": 47,
        "lastTotalOver": 0,
        "last5": "1,2,3,2,2,3,0,1,1,1",
        "overOdds": "-140",
        "underOdds": "+110",
        "overUnder": "-140 / +110"
    },
    {
        "player": "Alec Martinez",
        "team": "VGK",
        "opponent": "EDM",
        "propType": "bs",
        "line": 2.5,
        "ppLine": "",
        "avg": 3.12,
        "hit": false,
        "diffAvg": 0.25,
        "diffAbs": 1.0,
        "lastAvg": 0.0,
        "diff": 0,
        "avgMin": 19,
        "proj": 0.0,
        "lastAvgMin": 19.53,
        "oppOver": 0,
        "teamOver": 0,
        "gameLine": "+155",
        "+/-": "+35",
        "L5_+/-": "+9.0",
        "prevMatchup": "2023-05-08 2.0 bs 2023-05-06 4.0 bs 2023-05-03 2.0 bs 2023-03-28 3.0 bs 2023-01-14 1.0 bs 2022-11-19 4.0 bs",
        "winLossSplits": "58% - 50%",
        "awayHome": "A",
        "playedYesterday": "N",
        "awayHomeSplits": "56% - 55%",
        "savesAboveExp": 0.118,
        "gsaa": 14.07,
        "corsi": "48.6% (57.5) // 48.0% (56.0) // 48.6% (57.5) // 48.6% (57.5)",
        "fenwick": "49.7% (42.3) // 48.8% (40.5) // 49.7% (42.3) // 49.7% (42.3)",
        "shots": "50.5% (31.1) // 50.2% (28.8) // 50.5% (31.1) // 50.5% (31.1)",
        "scoring": "49.5% (29.2) // 49.0% (28.7) // 49.5% (29.2) // 49.5% (29.2)",
        "corsiAgainst": "51.4% (60.7) // 52.0% (60.6) // 51.4% (60.7) // 51.4% (60.7)",
        "fenwickAgainst": "50.3% (42.8) // 51.2% (42.5) // 50.3% (42.8) // 50.3% (42.8)",
        "shotsAgainst": "49.5% (30.4) // 49.8% (28.5) // 49.5% (30.4) // 49.5% (30.4)",
        "scoringAgainst": "50.5% (29.8) // 51.0% (29.9) // 50.5% (29.8) // 50.5% (29.8)",
        "oppCorsi": "52.1% (59.2) // 54.3% (61.2) // 52.1% (59.2) // 52.1% (59.2)",
        "oppFenwick": "51.6% (44.8) // 54.4% (46.8) // 51.6% (44.8) // 51.6% (44.8)",
        "oppShots": "51.7% (33.3) // 54.4% (35.4) // 51.7% (33.3) // 51.7% (33.3)",
        "oppScoring": "53.5% (32.9) // 54.3% (35.5) // 53.5% (32.9) // 53.5% (32.9)",
        "oppCorsiAgainst": "47.9% (54.5) // 45.7% (51.4) // 47.9% (54.5) // 47.9% (54.5)",
        "oppFenwickAgainst": "48.4% (42.0) // 45.6% (39.2) // 48.4% (42.0) // 48.4% (42.0)",
        "oppShotsAgainst": "48.3% (31.1) // 45.6% (29.7) // 48.3% (31.1) // 48.3% (31.1)",
        "oppScoringAgainst": "46.5% (28.6) // 45.7% (29.9) // 46.5% (28.6) // 46.5% (28.6)",
        "savesPerGame": 28.1,
        "savesPerGameLast1": 28.0,
        "savesPerGameLast3": 28.0,
        "savesPerGameLast5": 27.4,
        "savesPer60": 31.2,
        "savesPer60Last1": 27.8,
        "savesPer60Last3": 27.9,
        "savesPer60Last5": 27.3,
        "shotsPerGame": 31.5,
        "shotsPerGameLast5": 30.6,
        "shotsAgainstPerGame": 30.9,
        "shotsAgainstPerGameLast5": 30.0,
        "oppSavesAgainstPer60": 33.0,
        "oppSavesAgainstPer60Last1": 27.9,
        "oppSavesAgainstPer60Last3": 28.0,
        "oppSavesAgainstPer60Last5": 25.0,
        "oppShotsAgainstPerGame": 31.4,
        "oppShotsAgainstPerGameLast5": 34.0,
        "savesProj": 29.4,
        "savesProjLast5": 21.3,
        "savesProjLast3": 23.9,
        "oppSavesAgainstProj": 31.5,
        "oppSavesAgainstProjLast5": 21.4,
        "oppSavesAgainstProjLast3": 22.9,
        "totalOver": 55,
        "totalOverLast5": 20,
        "totalOverLast15": 20,
        "lastTotalOver": 0,
        "last5": "2,4,2,1,2,7,2,2,2,1",
        "overOdds": "-140",
        "underOdds": "+110",
        "overUnder": "-140 / +110"
    },
    {
        "player": "Nicolas Hague",
        "team": "VGK",
        "opponent": "EDM",
        "propType": "bs",
        "line": 1.5,
        "ppLine": "",
        "avg": 1.59,
        "hit": false,
        "diffAvg": 0.06,
        "diffAbs": 1.0,
        "lastAvg": 0.0,
        "diff": 0,
        "avgMin": 18,
        "proj": 0.0,
        "lastAvgMin": 18.65,
        "oppOver": 0,
        "teamOver": 0,
        "gameLine": "+155",
        "+/-": "+11",
        "L5_+/-": "+4.0",
        "prevMatchup": "2023-05-08 0.0 bs 2023-05-06 2.0 bs 2023-05-03 0.0 bs 2023-03-28 1.0 bs 2023-03-25 3.0 bs 2023-01-14 1.0 bs 2022-11-19 2.0 bs",
        "winLossSplits": "51% - 39%",
        "awayHome": "A",
        "playedYesterday": "N",
        "awayHomeSplits": "52% - 41%",
        "savesAboveExp": 0.118,
        "gsaa": 14.07,
        "corsi": "48.6% (57.5) // 48.0% (56.0) // 48.6% (57.5) // 48.6% (57.5)",
        "fenwick": "49.7% (42.3) // 48.8% (40.5) // 49.7% (42.3) // 49.7% (42.3)",
        "shots": "50.5% (31.1) // 50.2% (28.8) // 50.5% (31.1) // 50.5% (31.1)",
        "scoring": "49.5% (29.2) // 49.0% (28.7) // 49.5% (29.2) // 49.5% (29.2)",
        "corsiAgainst": "51.4% (60.7) // 52.0% (60.6) // 51.4% (60.7) // 51.4% (60.7)",
        "fenwickAgainst": "50.3% (42.8) // 51.2% (42.5) // 50.3% (42.8) // 50.3% (42.8)",
        "shotsAgainst": "49.5% (30.4) // 49.8% (28.5) // 49.5% (30.4) // 49.5% (30.4)",
        "scoringAgainst": "50.5% (29.8) // 51.0% (29.9) // 50.5% (29.8) // 50.5% (29.8)",
        "oppCorsi": "52.1% (59.2) // 54.3% (61.2) // 52.1% (59.2) // 52.1% (59.2)",
        "oppFenwick": "51.6% (44.8) // 54.4% (46.8) // 51.6% (44.8) // 51.6% (44.8)",
        "oppShots": "51.7% (33.3) // 54.4% (35.4) // 51.7% (33.3) // 51.7% (33.3)",
        "oppScoring": "53.5% (32.9) // 54.3% (35.5) // 53.5% (32.9) // 53.5% (32.9)",
        "oppCorsiAgainst": "47.9% (54.5) // 45.7% (51.4) // 47.9% (54.5) // 47.9% (54.5)",
        "oppFenwickAgainst": "48.4% (42.0) // 45.6% (39.2) // 48.4% (42.0) // 48.4% (42.0)",
        "oppShotsAgainst": "48.3% (31.1) // 45.6% (29.7) // 48.3% (31.1) // 48.3% (31.1)",
        "oppScoringAgainst": "46.5% (28.6) // 45.7% (29.9) // 46.5% (28.6) // 46.5% (28.6)",
        "savesPerGame": 28.1,
        "savesPerGameLast1": 28.0,
        "savesPerGameLast3": 28.0,
        "savesPerGameLast5": 27.4,
        "savesPer60": 31.2,
        "savesPer60Last1": 27.8,
        "savesPer60Last3": 27.9,
        "savesPer60Last5": 27.3,
        "shotsPerGame": 31.5,
        "shotsPerGameLast5": 30.6,
        "shotsAgainstPerGame": 30.9,
        "shotsAgainstPerGameLast5": 30.0,
        "oppSavesAgainstPer60": 33.0,
        "oppSavesAgainstPer60Last1": 27.9,
        "oppSavesAgainstPer60Last3": 28.0,
        "oppSavesAgainstPer60Last5": 25.0,
        "oppShotsAgainstPerGame": 31.4,
        "oppShotsAgainstPerGameLast5": 34.0,
        "savesProj": 29.4,
        "savesProjLast5": 21.3,
        "savesProjLast3": 23.9,
        "oppSavesAgainstProj": 31.5,
        "oppSavesAgainstProjLast5": 21.4,
        "oppSavesAgainstProjLast3": 22.9,
        "totalOver": 47,
        "totalOverLast5": 40,
        "totalOverLast15": 40,
        "lastTotalOver": 0,
        "last5": "0,2,0,1,2,3,1,2,4,1",
        "overOdds": "+100",
        "underOdds": "-130",
        "overUnder": "+100 / -130"
    },
    {
        "player": "Brayden Mcnabb",
        "team": "VGK",
        "opponent": "EDM",
        "propType": "bs",
        "line": 2.5,
        "ppLine": "",
        "avg": 2.41,
        "hit": false,
        "diffAvg": -0.04,
        "diffAbs": 1.0,
        "lastAvg": 0.0,
        "diff": 0,
        "avgMin": 19,
        "proj": 0.0,
        "lastAvgMin": 19.7,
        "oppOver": 0,
        "teamOver": 0,
        "gameLine": "+155",
        "+/-": "+14",
        "L5_+/-": "+4.0",
        "prevMatchup": "2023-05-08 5.0 bs 2023-05-06 1.0 bs 2023-05-03 3.0 bs 2023-03-28 2.0 bs 2023-03-25 4.0 bs 2023-01-14 1.0 bs 2022-11-19 2.0 bs",
        "winLossSplits": "50% - 32%",
        "awayHome": "A",
        "playedYesterday": "N",
        "awayHomeSplits": "45% - 41%",
        "savesAboveExp": 0.118,
        "gsaa": 14.07,
        "corsi": "48.6% (57.5) // 48.0% (56.0) // 48.6% (57.5) // 48.6% (57.5)",
        "fenwick": "49.7% (42.3) // 48.8% (40.5) // 49.7% (42.3) // 49.7% (42.3)",
        "shots": "50.5% (31.1) // 50.2% (28.8) // 50.5% (31.1) // 50.5% (31.1)",
        "scoring": "49.5% (29.2) // 49.0% (28.7) // 49.5% (29.2) // 49.5% (29.2)",
        "corsiAgainst": "51.4% (60.7) // 52.0% (60.6) // 51.4% (60.7) // 51.4% (60.7)",
        "fenwickAgainst": "50.3% (42.8) // 51.2% (42.5) // 50.3% (42.8) // 50.3% (42.8)",
        "shotsAgainst": "49.5% (30.4) // 49.8% (28.5) // 49.5% (30.4) // 49.5% (30.4)",
        "scoringAgainst": "50.5% (29.8) // 51.0% (29.9) // 50.5% (29.8) // 50.5% (29.8)",
        "oppCorsi": "52.1% (59.2) // 54.3% (61.2) // 52.1% (59.2) // 52.1% (59.2)",
        "oppFenwick": "51.6% (44.8) // 54.4% (46.8) // 51.6% (44.8) // 51.6% (44.8)",
        "oppShots": "51.7% (33.3) // 54.4% (35.4) // 51.7% (33.3) // 51.7% (33.3)",
        "oppScoring": "53.5% (32.9) // 54.3% (35.5) // 53.5% (32.9) // 53.5% (32.9)",
        "oppCorsiAgainst": "47.9% (54.5) // 45.7% (51.4) // 47.9% (54.5) // 47.9% (54.5)",
        "oppFenwickAgainst": "48.4% (42.0) // 45.6% (39.2) // 48.4% (42.0) // 48.4% (42.0)",
        "oppShotsAgainst": "48.3% (31.1) // 45.6% (29.7) // 48.3% (31.1) // 48.3% (31.1)",
        "oppScoringAgainst": "46.5% (28.6) // 45.7% (29.9) // 46.5% (28.6) // 46.5% (28.6)",
        "savesPerGame": 28.1,
        "savesPerGameLast1": 28.0,
        "savesPerGameLast3": 28.0,
        "savesPerGameLast5": 27.4,
        "savesPer60": 31.2,
        "savesPer60Last1": 27.8,
        "savesPer60Last3": 27.9,
        "savesPer60Last5": 27.3,
        "shotsPerGame": 31.5,
        "shotsPerGameLast5": 30.6,
        "shotsAgainstPerGame": 30.9,
        "shotsAgainstPerGameLast5": 30.0,
        "oppSavesAgainstPer60": 33.0,
        "oppSavesAgainstPer60Last1": 27.9,
        "oppSavesAgainstPer60Last3": 28.0,
        "oppSavesAgainstPer60Last5": 25.0,
        "oppShotsAgainstPerGame": 31.4,
        "oppShotsAgainstPerGameLast5": 34.0,
        "savesProj": 29.4,
        "savesProjLast5": 21.3,
        "savesProjLast3": 23.9,
        "oppSavesAgainstProj": 31.5,
        "oppSavesAgainstProjLast5": 21.4,
        "oppSavesAgainstProjLast3": 22.9,
        "totalOver": 43,
        "totalOverLast5": 40,
        "totalOverLast15": 47,
        "lastTotalOver": 0,
        "last5": "5,1,3,2,1,3,1,3,2,3",
        "overOdds": "-130",
        "underOdds": "+100",
