[
    {
        "player": "Dylan Demelo",
        "team": "WPG",
        "opponent": "VGK",
        "propType": "bs",
        "line": 1.5,
        "ppLine": "",
        "avg": 1.48,
        "hit": false,
        "diffAvg": -0.01,
        "diffAbs": 1.0,
        "lastAvg": 0.0,
        "diff": 0,
        "avgMin": 20,
        "proj": 0.0,
        "lastAvgMin": 18.48,
        "oppOver": 0,
        "teamOver": 0,
        "gameLine": "-105",
        "+/-": "+11",
        "L5_+/-": "+10.0",
        "prevMatchup": "2023-04-22 4.0 bs 2023-04-20 2.0 bs 2023-04-18 3.0 bs 2022-12-13 0.0 bs",
        "winLossSplits": "34% - 45%",
        "awayHome": "H",
        "playedYesterday": "N",
        "awayHomeSplits": "39% - 39%",
        "savesAboveExp": "-",
        "gsaa": "-",
        "corsi": "51.5% (58.6) // 54.0% (61.3) // - // 51.5% (58.6)",
        "fenwick": "51.3% (43.9) // 53.8% (45.7) // - // 51.3% (43.9)",
        "shots": "50.0% (30.1) // 52.0% (30.2) // - // 50.0% (30.1)",
        "scoring": "51.9% (30.3) // 55.2% (31.4) // - // 51.9% (30.3)",
        "corsiAgainst": "48.5% (55.2) // 46.0% (52.2) // - // 48.5% (55.2)",
        "fenwickAgainst": "48.7% (41.7) // 46.2% (39.2) // - // 48.7% (41.7)",
        "shotsAgainst": "50.0% (30.1) // 48.0% (27.9) // - // 50.0% (30.1)",
        "scoringAgainst": "48.1% (28.1) // 44.8% (25.5) // - // 48.1% (28.1)",
        "oppCorsi": "48.6% (57.5) // 48.0% (56.0) // - // 48.6% (57.5)",
        "oppFenwick": "49.7% (42.3) // 48.8% (40.5) // - // 49.7% (42.3)",
        "oppShots": "50.5% (31.1) // 50.2% (28.8) // - // 50.5% (31.1)",
        "oppScoring": "49.5% (29.2) // 49.0% (28.7) // - // 49.5% (29.2)",
        "oppCorsiAgainst": "51.4% (60.7) // 52.0% (60.6) // - // 51.4% (60.7)",
        "oppFenwickAgainst": "50.3% (42.8) // 51.2% (42.5) // - // 50.3% (42.8)",
        "oppShotsAgainst": "49.5% (30.4) // 49.8% (28.5) // - // 49.5% (30.4)",
        "oppScoringAgainst": "50.5% (29.8) // 51.0% (29.9) // - // 50.5% (29.8)",
        "savesPerGame": 27.6,
        "savesPerGameLast1": 43.0,
        "savesPerGameLast3": 31.0,
        "savesPerGameLast5": 29.4,
        "savesPer60": 28.6,
        "savesPer60Last1": 59.4,
        "savesPer60Last3": 34.9,
        "savesPer60Last5": 31.6,
        "shotsPerGame": 30.3,
        "shotsPerGameLast5": 27.6,
        "shotsAgainstPerGame": 30.3,
        "shotsAgainstPerGameLast5": 32.6,
        "oppSavesAgainstPer60": 29.5,
        "oppSavesAgainstPer60Last1": 42.5,
        "oppSavesAgainstPer60Last3": 31.7,
        "oppSavesAgainstPer60Last5": 28.8,
        "oppShotsAgainstPerGame": 30.9,
        "oppShotsAgainstPerGameLast5": 30.0,
        "savesProj": 27.6,
        "savesProjLast5": 30.4,
        "savesProjLast3": 36.7,
        "oppSavesAgainstProj": 28.5,
        "oppSavesAgainstProjLast5": 28.4,
        "oppSavesAgainstProjLast3": 33.3,
        "totalOver": 39,
        "totalOverLast5": 80,
        "totalOverLast15": 47,
        "lastTotalOver": 0,
        "last5": "4,2,3,0,4,1,1,0,2,2",
        "overOdds": "-145",
        "underOdds": "+115",
        "overUnder": "-145 / +115"
    },
    {
        "player": "Alec Martinez",
        "team": "VGK",
        "opponent": "WPG",
        "propType": "bs",
        "line": 2.5,
        "ppLine": "",
        "avg": 3.17,
        "hit": false,
        "diffAvg": 0.27,
        "diffAbs": 1.0,
        "lastAvg": 0.0,
        "diff": 0,
        "avgMin": 19,
        "proj": 0.0,
        "lastAvgMin": 19.53,
        "oppOver": 0,
        "teamOver": 0,
        "gameLine": "-115",
        "+/-": "+31",
        "L5_+/-": "+8.0",
        "prevMatchup": "2023-04-22 7.0 bs 2023-04-20 2.0 bs 2023-04-18 2.0 bs 2022-12-13 1.0 bs 2022-10-30 6.0 bs 2022-10-20 3.0 bs",
        "winLossSplits": "63% - 48%",
        "awayHome": "A",
        "playedYesterday": "N",
        "awayHomeSplits": "59% - 56%",
        "savesAboveExp": 0.641,
        "gsaa": 31.05,
        "corsi": "48.6% (57.5) // 48.0% (56.0) // - // 48.6% (57.5)",
        "fenwick": "49.7% (42.3) // 48.8% (40.5) // - // 49.7% (42.3)",
        "shots": "50.5% (31.1) // 50.2% (28.8) // - // 50.5% (31.1)",
        "scoring": "49.5% (29.2) // 49.0% (28.7) // - // 49.5% (29.2)",
        "corsiAgainst": "51.4% (60.7) // 52.0% (60.6) // - // 51.4% (60.7)",
        "fenwickAgainst": "50.3% (42.8) // 51.2% (42.5) // - // 50.3% (42.8)",
        "shotsAgainst": "49.5% (30.4) // 49.8% (28.5) // - // 49.5% (30.4)",
        "scoringAgainst": "50.5% (29.8) // 51.0% (29.9) // - // 50.5% (29.8)",
        "oppCorsi": "51.5% (58.6) // 54.0% (61.3) // - // 51.5% (58.6)",
        "oppFenwick": "51.3% (43.9) // 53.8% (45.7) // - // 51.3% (43.9)",
        "oppShots": "50.0% (30.1) // 52.0% (30.2) // - // 50.0% (30.1)",
        "oppScoring": "51.9% (30.3) // 55.2% (31.4) // - // 51.9% (30.3)",
        "oppCorsiAgainst": "48.5% (55.2) // 46.0% (52.2) // - // 48.5% (55.2)",
        "oppFenwickAgainst": "48.7% (41.7) // 46.2% (39.2) // - // 48.7% (41.7)",
        "oppShotsAgainst": "50.0% (30.1) // 48.0% (27.9) // - // 50.0% (30.1)",
        "oppScoringAgainst": "48.1% (28.1) // 44.8% (25.5) // - // 48.1% (28.1)",
        "savesPerGame": 28.1,
        "savesPerGameLast1": 30.0,
        "savesPerGameLast3": 29.0,
        "savesPerGameLast5": 27.4,
        "savesPer60": 29.5,
        "savesPer60Last1": 41.6,
        "savesPer60Last3": 32.5,
        "savesPer60Last5": 29.4,
        "shotsPerGame": 31.5,
        "shotsPerGameLast5": 32.0,
        "shotsAgainstPerGame": 30.9,
        "shotsAgainstPerGameLast5": 30.0,
        "oppSavesAgainstPer60": 28.3,
        "oppSavesAgainstPer60Last1": 28.8,
        "oppSavesAgainstPer60Last3": 28.3,
        "oppSavesAgainstPer60Last5": 23.9,
        "oppShotsAgainstPerGame": 30.3,
        "oppShotsAgainstPerGameLast5": 32.6,
        "savesProj": 28.1,
        "savesProjLast5": 25.1,
        "savesProjLast3": 33.0,
        "oppSavesAgainstProj": 27.9,
        "oppSavesAgainstProjLast5": 23.3,
        "oppSavesAgainstProjLast3": 29.0,
        "totalOver": 57,
        "totalOverLast5": 20,
        "totalOverLast15": 40,
        "lastTotalOver": 0,
        "last5": "7,2,2,2,1,2,4,2,2,3",
        "overOdds": "-130",
        "underOdds": "+100",
        "overUnder": "-130 / +100"
    },
    {
        "player": "Brayden Mcnabb",
        "team": "VGK",
        "opponent": "WPG",
        "propType": "bs",
        "line": 2.5,
        "ppLine": "",
        "avg": 2.39,
        "hit": false,
        "diffAvg": -0.04,
        "diffAbs": 1.0,
        "lastAvg": 0.0,
        "diff": 0,
        "avgMin": 19,
        "proj": 0.0,
        "lastAvgMin": 19.7,
        "oppOver": 0,
        "teamOver": 0,
        "gameLine": "-115",
        "+/-": "+10",
        "L5_+/-": "+3.0",
        "prevMatchup": "2023-04-22 1.0 bs 2023-04-20 3.0 bs 2023-04-18 1.0 bs 2022-12-13 2.0 bs",
        "winLossSplits": "49% - 33%",
        "awayHome": "A",
        "playedYesterday": "N",
        "awayHomeSplits": "45% - 41%",
        "savesAboveExp": 0.641,
        "gsaa": 31.05,
        "corsi": "48.6% (57.5) // 48.0% (56.0) // - // 48.6% (57.5)",
        "fenwick": "49.7% (42.3) // 48.8% (40.5) // - // 49.7% (42.3)",
        "shots": "50.5% (31.1) // 50.2% (28.8) // - // 50.5% (31.1)",
        "scoring": "49.5% (29.2) // 49.0% (28.7) // - // 49.5% (29.2)",
        "corsiAgainst": "51.4% (60.7) // 52.0% (60.6) // - // 51.4% (60.7)",
        "fenwickAgainst": "50.3% (42.8) // 51.2% (42.5) // - // 50.3% (42.8)",
        "shotsAgainst": "49.5% (30.4) // 49.8% (28.5) // - // 49.5% (30.4)",
        "scoringAgainst": "50.5% (29.8) // 51.0% (29.9) // - // 50.5% (29.8)",
        "oppCorsi": "51.5% (58.6) // 54.0% (61.3) // - // 51.5% (58.6)",
        "oppFenwick": "51.3% (43.9) // 53.8% (45.7) // - // 51.3% (43.9)",
        "oppShots": "50.0% (30.1) // 52.0% (30.2) // - // 50.0% (30.1)",
        "oppScoring": "51.9% (30.3) // 55.2% (31.4) // - // 51.9% (30.3)",
        "oppCorsiAgainst": "48.5% (55.2) // 46.0% (52.2) // - // 48.5% (55.2)",
        "oppFenwickAgainst": "48.7% (41.7) // 46.2% (39.2) // - // 48.7% (41.7)",
        "oppShotsAgainst": "50.0% (30.1) // 48.0% (27.9) // - // 50.0% (30.1)",
        "oppScoringAgainst": "48.1% (28.1) // 44.8% (25.5) // - // 48.1% (28.1)",
        "savesPerGame": 28.1,
        "savesPerGameLast1": 30.0,
        "savesPerGameLast3": 29.0,
        "savesPerGameLast5": 27.4,
        "savesPer60": 29.5,
        "savesPer60Last1": 41.6,
        "savesPer60Last3": 32.5,
        "savesPer60Last5": 29.4,
        "shotsPerGame": 31.5,
        "shotsPerGameLast5": 32.0,
        "shotsAgainstPerGame": 30.9,
        "shotsAgainstPerGameLast5": 30.0,
        "oppSavesAgainstPer60": 28.3,
        "oppSavesAgainstPer60Last1": 28.8,
        "oppSavesAgainstPer60Last3": 28.3,
        "oppSavesAgainstPer60Last5": 23.9,
        "oppShotsAgainstPerGame": 30.3,
        "oppShotsAgainstPerGameLast5": 32.6,
        "savesProj": 28.1,
        "savesProjLast5": 25.1,
        "savesProjLast3": 33.0,
        "oppSavesAgainstProj": 27.9,
        "oppSavesAgainstProjLast5": 23.3,
        "oppSavesAgainstProjLast3": 29.0,
        "totalOver": 43,
        "totalOverLast5": 40,
        "totalOverLast15": 47,
        "lastTotalOver": 0,
        "last5": "1,3,1,3,2,3,2,1,5,3",
        "overOdds": "-105",
        "underOdds": "-125",
        "overUnder": "-105 / -125"
    }
]