[
    {
        "player": "Alex Tuch",
        "team": "BUF",
        "opponent": "NYR",
        "propType": "pts",
        "line": 0.5,
        "ppLine": "PP1",
        "avg": 1.06,
        "hit": false,
        "diffAvg": 1.12,
        "diffAbs": 0.6,
        "lastAvg": 0.76,
        "diff": 0.52,
        "avgMin": 19,
        "proj": 0.8,
        "lastAvgMin": 18.4,
        "oppOver": 0,
        "teamOver": 0,
        "gameLine": "+125",
        "+/-": "+7",
        "L5_+/-": -1.0,
        "prevMatchup": "",
        "winLossSplits": "1.57 - 0.61",
        "awayHome": "H",
        "playedYesterday": "N",
        "awayHomeSplits": "1.18 - 0.94",
        "savesAboveExp": -0.187,
        "gsaa": 0.8,
        "corsi": "51.1% (57.5) // 50.6% (54.9) // 48.4% (52.2) // 50.7% (55.7)",
        "fenwick": "49.7% (43.4) // 50.6% (42.4) // 50.0% (41.9) // 50.6% (41.3)",
        "shots": "49.3% (31.8) // 49.4% (30.1) // 50.0% (30.6) // 50.4% (32.6)",
        "scoring": "49.7% (30.4) // 46.2% (26.0) // 43.0% (24.2) // 47.8% (25.4)",
        "corsiAgainst": "48.9% (55.1) // 49.4% (53.5) // 51.6% (55.6) // 49.3% (54.2)",
        "fenwickAgainst": "50.3% (44.0) // 49.4% (41.4) // 50.0% (41.9) // 49.4% (40.3)",
        "shotsAgainst": "50.7% (32.7) // 50.6% (30.8) // 50.0% (30.6) // 49.6% (32.2)",
        "scoringAgainst": "50.3% (30.7) // 53.8% (30.2) // 57.0% (32.1) // 52.2% (27.8)",
        "oppCorsi": "51.4% (58.2) // 46.3% (52.4) // 43.6% (48.2) // 46.7% (54.0)",
        "oppFenwick": "52.1% (43.9) // 48.1% (40.3) // 46.1% (39.0) // 49.6% (43.7)",
        "oppShots": "51.8% (31.2) // 49.3% (30.7) // 47.8% (30.0) // 52.0% (34.3)",
        "oppScoring": "51.3% (30.8) // 48.2% (28.5) // 45.5% (25.4) // 44.2% (26.7)",
        "oppCorsiAgainst": "48.6% (54.9) // 53.7% (60.6) // 56.4% (62.4) // 53.3% (61.7)",
        "oppFenwickAgainst": "47.9% (40.3) // 51.9% (43.5) // 53.9% (45.6) // 50.4% (44.3)",
        "oppShotsAgainst": "48.2% (29.1) // 50.7% (31.6) // 52.2% (32.8) // 48.0% (31.7)",
        "oppScoringAgainst": "48.7% (29.2) // 51.8% (30.6) // 54.5% (30.4) // 55.8% (33.7)",
        "savesPerGame": 29.4,
        "savesPerGameLast1": 38.0,
        "savesPerGameLast3": 30.3,
        "savesPerGameLast5": 25.8,
        "savesPer60": 29.4,
        "savesPer60Last1": 41.0,
        "savesPer60Last3": 31.0,
        "savesPer60Last5": 26.1,
        "shotsPerGame": 32.2,
        "shotsPerGameLast5": 30.2,
        "shotsAgainstPerGame": 33.0,
        "shotsAgainstPerGameLast5": 30.0,
        "oppSavesAgainstPer60": 28.4,
        "oppSavesAgainstPer60Last1": 24.0,
        "oppSavesAgainstPer60Last3": 30.5,
        "oppSavesAgainstPer60Last5": 26.8,
        "oppShotsAgainstPerGame": 29.5,
        "oppShotsAgainstPerGameLast5": 32.8,
        "savesProj": 31.0,
        "savesProjLast5": 26.2,
        "savesProjLast3": 35.3,
        "oppSavesAgainstProj": 29.6,
        "oppSavesAgainstProjLast5": 25.3,
        "oppSavesAgainstProjLast3": 34.2,
        "totalOver": 63,
        "totalOverLast5": 60,
        "totalOverLast15": 53,
        "lastTotalOver": 54,
        "last5": "1,0,3,1,0,0,0,2,1,0",
        "overOdds": "-160",
        "underOdds": "+130",
        "overUnder": "-160 / +130"
    },
    {
        "player": "Artemi Panarin",
        "team": "NYR",
        "opponent": "BUF",
        "propType": "pts",
        "line": 0.5,
        "ppLine": "PP1",
        "avg": 1.11,
        "hit": false,
        "diffAvg": 1.22,
        "diffAbs": 1.0,
        "lastAvg": 1.01,
        "diff": 1.02,
        "avgMin": 19,
        "proj": 1.0,
        "lastAvgMin": 19.22,
        "oppOver": 0,
        "teamOver": 0,
        "gameLine": "-145",
        "+/-": "+6",
        "L5_+/-": "+8.0",
        "prevMatchup": "2023-03-11 1.0 pts",
        "winLossSplits": "1.62 - 0.44",
        "awayHome": "A",
        "playedYesterday": "Y",
        "awayHomeSplits": "1.11 - 1.11",
        "savesAboveExp": "-",
        "gsaa": "-",
        "corsi": "51.4% (58.2) // 46.3% (52.4) // 43.6% (48.2) // 46.7% (54.0)",
        "fenwick": "52.1% (43.9) // 48.1% (40.3) // 46.1% (39.0) // 49.6% (43.7)",
        "shots": "51.8% (31.2) // 49.3% (30.7) // 47.8% (30.0) // 52.0% (34.3)",
        "scoring": "51.3% (30.8) // 48.2% (28.5) // 45.5% (25.4) // 44.2% (26.7)",
        "corsiAgainst": "48.6% (54.9) // 53.7% (60.6) // 56.4% (62.4) // 53.3% (61.7)",
        "fenwickAgainst": "47.9% (40.3) // 51.9% (43.5) // 53.9% (45.6) // 50.4% (44.3)",
        "shotsAgainst": "48.2% (29.1) // 50.7% (31.6) // 52.2% (32.8) // 48.0% (31.7)",
        "scoringAgainst": "48.7% (29.2) // 51.8% (30.6) // 54.5% (30.4) // 55.8% (33.7)",
        "oppCorsi": "51.1% (57.5) // 50.6% (54.9) // 48.4% (52.2) // 50.7% (55.7)",
        "oppFenwick": "49.7% (43.4) // 50.6% (42.4) // 50.0% (41.9) // 50.6% (41.3)",
        "oppShots": "49.3% (31.8) // 49.4% (30.1) // 50.0% (30.6) // 50.4% (32.6)",
        "oppScoring": "49.7% (30.4) // 46.2% (26.0) // 43.0% (24.2) // 47.8% (25.4)",
        "oppCorsiAgainst": "48.9% (55.1) // 49.4% (53.5) // 51.6% (55.6) // 49.3% (54.2)",
        "oppFenwickAgainst": "50.3% (44.0) // 49.4% (41.4) // 50.0% (41.9) // 49.4% (40.3)",
        "oppShotsAgainst": "50.7% (32.7) // 50.6% (30.8) // 50.0% (30.6) // 49.6% (32.2)",
        "oppScoringAgainst": "50.3% (30.7) // 53.8% (30.2) // 57.0% (32.1) // 52.2% (27.8)",
        "savesPerGame": 26.8,
        "savesPerGameLast1": 29.0,
        "savesPerGameLast3": 29.3,
        "savesPerGameLast5": 30.6,
        "savesPer60": 26.9,
        "savesPer60Last1": 28.2,
        "savesPer60Last3": 29.0,
        "savesPer60Last5": 30.2,
        "shotsPerGame": 31.7,
        "shotsPerGameLast5": 30.0,
        "shotsAgainstPerGame": 29.5,
        "shotsAgainstPerGameLast5": 32.8,
        "oppSavesAgainstPer60": 28.6,
        "oppSavesAgainstPer60Last1": 30.0,
        "oppSavesAgainstPer60Last3": 27.8,
        "oppSavesAgainstPer60Last5": 27.5,
        "oppShotsAgainstPerGame": 33.0,
        "oppShotsAgainstPerGameLast5": 30.0,
        "savesProj": 26.2,
        "savesProjLast5": 28.4,
        "savesProjLast3": 27.6,
        "oppSavesAgainstProj": 26.9,
        "oppSavesAgainstProjLast5": 27.3,
        "oppSavesAgainstProjLast3": 26.9,
        "totalOver": 63,
        "totalOverLast5": 40,
        "totalOverLast15": 60,
        "lastTotalOver": 68,
        "last5": "0,2,0,2,0,3,2,1,1,0",
        "overOdds": "-235",
        "underOdds": "+190",
        "overUnder": "-235 / +190"
    },
    {
        "player": "Chris Kreider",
        "team": "NYR",
        "opponent": "BUF",
        "propType": "pts",
        "line": 0.5,
        "ppLine": "PP1",
        "avg": 0.71,
        "hit": false,
        "diffAvg": 0.42,
        "diffAbs": 0.4,
        "lastAvg": 0.75,
        "diff": 0.5,
        "avgMin": 18,
        "proj": 0.7,
        "lastAvgMin": 18.72,
        "oppOver": 0,
        "teamOver": 0,
        "gameLine": "-145",
        "+/-": "+22",
        "L5_+/-": "+5.0",
        "prevMatchup": "2023-03-11 0.0 pts",
        "winLossSplits": "0.8 - 0.56",
        "awayHome": "A",
        "playedYesterday": "Y",
        "awayHomeSplits": "0.69 - 0.72",
        "savesAboveExp": "-",
        "gsaa": "-",
        "corsi": "51.4% (58.2) // 46.3% (52.4) // 43.6% (48.2) // 46.7% (54.0)",
        "fenwick": "52.1% (43.9) // 48.1% (40.3) // 46.1% (39.0) // 49.6% (43.7)",
        "shots": "51.8% (31.2) // 49.3% (30.7) // 47.8% (30.0) // 52.0% (34.3)",
        "scoring": "51.3% (30.8) // 48.2% (28.5) // 45.5% (25.4) // 44.2% (26.7)",
        "corsiAgainst": "48.6% (54.9) // 53.7% (60.6) // 56.4% (62.4) // 53.3% (61.7)",
        "fenwickAgainst": "47.9% (40.3) // 51.9% (43.5) // 53.9% (45.6) // 50.4% (44.3)",
        "shotsAgainst": "48.2% (29.1) // 50.7% (31.6) // 52.2% (32.8) // 48.0% (31.7)",
        "scoringAgainst": "48.7% (29.2) // 51.8% (30.6) // 54.5% (30.4) // 55.8% (33.7)",
        "oppCorsi": "51.1% (57.5) // 50.6% (54.9) // 48.4% (52.2) // 50.7% (55.7)",
        "oppFenwick": "49.7% (43.4) // 50.6% (42.4) // 50.0% (41.9) // 50.6% (41.3)",
        "oppShots": "49.3% (31.8) // 49.4% (30.1) // 50.0% (30.6) // 50.4% (32.6)",
        "oppScoring": "49.7% (30.4) // 46.2% (26.0) // 43.0% (24.2) // 47.8% (25.4)",
        "oppCorsiAgainst": "48.9% (55.1) // 49.4% (53.5) // 51.6% (55.6) // 49.3% (54.2)",
        "oppFenwickAgainst": "50.3% (44.0) // 49.4% (41.4) // 50.0% (41.9) // 49.4% (40.3)",
        "oppShotsAgainst": "50.7% (32.7) // 50.6% (30.8) // 50.0% (30.6) // 49.6% (32.2)",
        "oppScoringAgainst": "50.3% (30.7) // 53.8% (30.2) // 57.0% (32.1) // 52.2% (27.8)",
        "savesPerGame": 26.8,
        "savesPerGameLast1": 29.0,
        "savesPerGameLast3": 29.3,
        "savesPerGameLast5": 30.6,
        "savesPer60": 26.9,
        "savesPer60Last1": 28.2,
        "savesPer60Last3": 29.0,
        "savesPer60Last5": 30.2,
        "shotsPerGame": 31.7,
        "shotsPerGameLast5": 30.0,
        "shotsAgainstPerGame": 29.5,
        "shotsAgainstPerGameLast5": 32.8,
        "oppSavesAgainstPer60": 28.6,
        "oppSavesAgainstPer60Last1": 30.0,
        "oppSavesAgainstPer60Last3": 27.8,
        "oppSavesAgainstPer60Last5": 27.5,
        "oppShotsAgainstPerGame": 33.0,
        "oppShotsAgainstPerGameLast5": 30.0,
        "savesProj": 26.2,
        "savesProjLast5": 28.4,
        "savesProjLast3": 27.6,
        "oppSavesAgainstProj": 26.9,
        "oppSavesAgainstProjLast5": 27.3,
        "oppSavesAgainstProjLast3": 26.9,
        "totalOver": 56,
        "totalOverLast5": 40,
        "totalOverLast15": 47,
        "lastTotalOver": 60,
        "last5": "1,1,0,0,0,1,1,2,0,1",
        "overOdds": "-130",
        "underOdds": "+100",
        "overUnder": "-130 / +100"
    },
    {
        "player": "Dylan Cozens",
        "team": "BUF",
        "opponent": "NYR",
        "propType": "pts",
        "line": 0.5,
        "ppLine": "PP2",
        "avg": 0.85,
        "hit": false,
        "diffAvg": 0.7,
        "diffAbs": 0.0,
        "lastAvg": 0.48,
        "diff": -0.04,
        "avgMin": 16,
        "proj": 0.5,
        "lastAvgMin": 15.88,
        "oppOver": 0,
        "teamOver": 0,
        "gameLine": "+125",
        "+/-": -1,
        "L5_+/-": -8.0,
        "prevMatchup": "2023-03-11 0.0 pts",
        "winLossSplits": "1.17 - 0.48",
        "awayHome": "H",
        "playedYesterday": "N",
        "awayHomeSplits": "0.79 - 0.89",
        "savesAboveExp": -0.187,
        "gsaa": 0.8,
        "corsi": "51.1% (57.5) // 50.6% (54.9) // 48.4% (52.2) // 50.7% (55.7)",
        "fenwick": "49.7% (43.4) // 50.6% (42.4) // 50.0% (41.9) // 50.6% (41.3)",
        "shots": "49.3% (31.8) // 49.4% (30.1) // 50.0% (30.6) // 50.4% (32.6)",
        "scoring": "49.7% (30.4) // 46.2% (26.0) // 43.0% (24.2) // 47.8% (25.4)",
        "corsiAgainst": "48.9% (55.1) // 49.4% (53.5) // 51.6% (55.6) // 49.3% (54.2)",
        "fenwickAgainst": "50.3% (44.0) // 49.4% (41.4) // 50.0% (41.9) // 49.4% (40.3)",
        "shotsAgainst": "50.7% (32.7) // 50.6% (30.8) // 50.0% (30.6) // 49.6% (32.2)",
        "scoringAgainst": "50.3% (30.7) // 53.8% (30.2) // 57.0% (32.1) // 52.2% (27.8)",
        "oppCorsi": "51.4% (58.2) // 46.3% (52.4) // 43.6% (48.2) // 46.7% (54.0)",
        "oppFenwick": "52.1% (43.9) // 48.1% (40.3) // 46.1% (39.0) // 49.6% (43.7)",
        "oppShots": "51.8% (31.2) // 49.3% (30.7) // 47.8% (30.0) // 52.0% (34.3)",
        "oppScoring": "51.3% (30.8) // 48.2% (28.5) // 45.5% (25.4) // 44.2% (26.7)",
        "oppCorsiAgainst": "48.6% (54.9) // 53.7% (60.6) // 56.4% (62.4) // 53.3% (61.7)",
        "oppFenwickAgainst": "47.9% (40.3) // 51.9% (43.5) // 53.9% (45.6) // 50.4% (44.3)",
        "oppShotsAgainst": "48.2% (29.1) // 50.7% (31.6) // 52.2% (32.8) // 48.0% (31.7)",
        "oppScoringAgainst": "48.7% (29.2) // 51.8% (30.6) // 54.5% (30.4) // 55.8% (33.7)",
        "savesPerGame": 29.4,
        "savesPerGameLast1": 38.0,
        "savesPerGameLast3": 30.3,
        "savesPerGameLast5": 25.8,
        "savesPer60": 29.4,
        "savesPer60Last1": 41.0,
        "savesPer60Last3": 31.0,
        "savesPer60Last5": 26.1,
        "shotsPerGame": 32.2,
        "shotsPerGameLast5": 30.2,
        "shotsAgainstPerGame": 33.0,
        "shotsAgainstPerGameLast5": 30.0,
        "oppSavesAgainstPer60": 28.4,
        "oppSavesAgainstPer60Last1": 24.0,
        "oppSavesAgainstPer60Last3": 30.5,
        "oppSavesAgainstPer60Last5": 26.8,
        "oppShotsAgainstPerGame": 29.5,
        "oppShotsAgainstPerGameLast5": 32.8,
        "savesProj": 31.0,
        "savesProjLast5": 26.2,
        "savesProjLast3": 35.3,
        "oppSavesAgainstProj": 29.6,
        "oppSavesAgainstProjLast5": 25.3,
        "oppSavesAgainstProjLast3": 34.2,
        "totalOver": 57,
        "totalOverLast5": 60,
        "totalOverLast15": 47,
        "lastTotalOver": 33,
        "last5": "0,1,2,1,0,0,0,2,0,0",
        "overOdds": "-115",
        "underOdds": "-115",
        "overUnder": "-115 / -115"
    },
    {
        "player": "Filip Chytil",
        "team": "NYR",
        "opponent": "BUF",
        "propType": "pts",
        "line": 0.5,
        "ppLine": "PP2",
        "avg": 0.6,
        "hit": false,
        "diffAvg": 0.2,
        "diffAbs": 0.4,
        "lastAvg": 0.25,
        "diff": -0.5,
        "avgMin": 14,
        "proj": 0.3,
        "lastAvgMin": 13.17,
        "oppOver": 0,
        "teamOver": 0,
        "gameLine": "-145",
        "+/-": "+15",
        "L5_+/-": "+5.0",
        "prevMatchup": "2023-03-11 0.0 pts",
        "winLossSplits": "0.86 - 0.27",
        "awayHome": "A",
        "playedYesterday": "Y",
        "awayHomeSplits": "0.5 - 0.7",
        "savesAboveExp": "-",
        "gsaa": "-",
        "corsi": "51.4% (58.2) // 46.3% (52.4) // 43.6% (48.2) // 46.7% (54.0)",
        "fenwick": "52.1% (43.9) // 48.1% (40.3) // 46.1% (39.0) // 49.6% (43.7)",
        "shots": "51.8% (31.2) // 49.3% (30.7) // 47.8% (30.0) // 52.0% (34.3)",
        "scoring": "51.3% (30.8) // 48.2% (28.5) // 45.5% (25.4) // 44.2% (26.7)",
        "corsiAgainst": "48.6% (54.9) // 53.7% (60.6) // 56.4% (62.4) // 53.3% (61.7)",
        "fenwickAgainst": "47.9% (40.3) // 51.9% (43.5) // 53.9% (45.6) // 50.4% (44.3)",
        "shotsAgainst": "48.2% (29.1) // 50.7% (31.6) // 52.2% (32.8) // 48.0% (31.7)",
        "scoringAgainst": "48.7% (29.2) // 51.8% (30.6) // 54.5% (30.4) // 55.8% (33.7)",
        "oppCorsi": "51.1% (57.5) // 50.6% (54.9) // 48.4% (52.2) // 50.7% (55.7)",
        "oppFenwick": "49.7% (43.4) // 50.6% (42.4) // 50.0% (41.9) // 50.6% (41.3)",
        "oppShots": "49.3% (31.8) // 49.4% (30.1) // 50.0% (30.6) // 50.4% (32.6)",
        "oppScoring": "49.7% (30.4) // 46.2% (26.0) // 43.0% (24.2) // 47.8% (25.4)",
        "oppCorsiAgainst": "48.9% (55.1) // 49.4% (53.5) // 51.6% (55.6) // 49.3% (54.2)",
        "oppFenwickAgainst": "50.3% (44.0) // 49.4% (41.4) // 50.0% (41.9) // 49.4% (40.3)",
        "oppShotsAgainst": "50.7% (32.7) // 50.6% (30.8) // 50.0% (30.6) // 49.6% (32.2)",
        "oppScoringAgainst": "50.3% (30.7) // 53.8% (30.2) // 57.0% (32.1) // 52.2% (27.8)",
        "savesPerGame": 26.8,
        "savesPerGameLast1": 29.0,
        "savesPerGameLast3": 29.3,
        "savesPerGameLast5": 30.6,
        "savesPer60": 26.9,
        "savesPer60Last1": 28.2,
        "savesPer60Last3": 29.0,
        "savesPer60Last5": 30.2,
        "shotsPerGame": 31.7,
        "shotsPerGameLast5": 30.0,
        "shotsAgainstPerGame": 29.5,
        "shotsAgainstPerGameLast5": 32.8,
        "oppSavesAgainstPer60": 28.6,
        "oppSavesAgainstPer60Last1": 30.0,
        "oppSavesAgainstPer60Last3": 27.8,
        "oppSavesAgainstPer60Last5": 27.5,
        "oppShotsAgainstPerGame": 33.0,
        "oppShotsAgainstPerGameLast5": 30.0,
        "savesProj": 26.2,
        "savesProjLast5": 28.4,
        "savesProjLast3": 27.6,
        "oppSavesAgainstProj": 26.9,
        "oppSavesAgainstProjLast5": 27.3,
        "oppSavesAgainstProjLast3": 26.9,
        "totalOver": 46,
        "totalOverLast5": 40,
        "totalOverLast15": 27,
        "lastTotalOver": 33,
        "last5": "0,1,2,0,0,1,1,0,0,0",
        "overOdds": "+115",
        "underOdds": "-145",
        "overUnder": "+115 / -145"
    },
    {
        "player": "Jeff Skinner",
        "team": "BUF",
        "opponent": "NYR",
        "propType": "pts",
        "line": 0.5,
        "ppLine": "PP1",
        "avg": 1.0,
        "hit": false,
        "diffAvg": 1.0,
        "diffAbs": 0.6,
        "lastAvg": 0.79,
        "diff": 0.58,
        "avgMin": 17,
        "proj": 0.8,
        "lastAvgMin": 17.1,
        "oppOver": 0,
        "teamOver": 0,
        "gameLine": "+125",
        "+/-": "+8",
        "L5_+/-": -2.0,
        "prevMatchup": "2023-03-11 1.0 pts",
        "winLossSplits": "1.62 - 0.49",
        "awayHome": "H",
        "playedYesterday": "N",
        "awayHomeSplits": "1.06 - 0.95",
        "savesAboveExp": -0.187,
        "gsaa": 0.8,
        "corsi": "51.1% (57.5) // 50.6% (54.9) // 48.4% (52.2) // 50.7% (55.7)",
        "fenwick": "49.7% (43.4) // 50.6% (42.4) // 50.0% (41.9) // 50.6% (41.3)",
        "shots": "49.3% (31.8) // 49.4% (30.1) // 50.0% (30.6) // 50.4% (32.6)",
        "scoring": "49.7% (30.4) // 46.2% (26.0) // 43.0% (24.2) // 47.8% (25.4)",
        "corsiAgainst": "48.9% (55.1) // 49.4% (53.5) // 51.6% (55.6) // 49.3% (54.2)",
        "fenwickAgainst": "50.3% (44.0) // 49.4% (41.4) // 50.0% (41.9) // 49.4% (40.3)",
        "shotsAgainst": "50.7% (32.7) // 50.6% (30.8) // 50.0% (30.6) // 49.6% (32.2)",
        "scoringAgainst": "50.3% (30.7) // 53.8% (30.2) // 57.0% (32.1) // 52.2% (27.8)",
        "oppCorsi": "51.4% (58.2) // 46.3% (52.4) // 43.6% (48.2) // 46.7% (54.0)",
        "oppFenwick": "52.1% (43.9) // 48.1% (40.3) // 46.1% (39.0) // 49.6% (43.7)",
        "oppShots": "51.8% (31.2) // 49.3% (30.7) // 47.8% (30.0) // 52.0% (34.3)",
        "oppScoring": "51.3% (30.8) // 48.2% (28.5) // 45.5% (25.4) // 44.2% (26.7)",
        "oppCorsiAgainst": "48.6% (54.9) // 53.7% (60.6) // 56.4% (62.4) // 53.3% (61.7)",
        "oppFenwickAgainst": "47.9% (40.3) // 51.9% (43.5) // 53.9% (45.6) // 50.4% (44.3)",
        "oppShotsAgainst": "48.2% (29.1) // 50.7% (31.6) // 52.2% (32.8) // 48.0% (31.7)",
        "oppScoringAgainst": "48.7% (29.2) // 51.8% (30.6) // 54.5% (30.4) // 55.8% (33.7)",
        "savesPerGame": 29.4,
        "savesPerGameLast1": 38.0,
        "savesPerGameLast3": 30.3,
        "savesPerGameLast5": 25.8,
        "savesPer60": 29.4,
        "savesPer60Last1": 41.0,
        "savesPer60Last3": 31.0,
        "savesPer60Last5": 26.1,
        "shotsPerGame": 32.2,
        "shotsPerGameLast5": 30.2,
        "shotsAgainstPerGame": 33.0,
        "shotsAgainstPerGameLast5": 30.0,
        "oppSavesAgainstPer60": 28.4,
        "oppSavesAgainstPer60Last1": 24.0,
        "oppSavesAgainstPer60Last3": 30.5,
        "oppSavesAgainstPer60Last5": 26.8,
        "oppShotsAgainstPerGame": 29.5,
        "oppShotsAgainstPerGameLast5": 32.8,
        "savesProj": 31.0,
        "savesProjLast5": 26.2,
        "savesProjLast3": 35.3,
        "oppSavesAgainstProj": 29.6,
        "oppSavesAgainstProjLast5": 25.3,
        "oppSavesAgainstProjLast3": 34.2,
        "totalOver": 64,
        "totalOverLast5": 60,
        "totalOverLast15": 53,
        "lastTotalOver": 48,
        "last5": "0,1,1,1,0,0,0,1,1,2",
        "overOdds": "-140",
        "underOdds": "+110",
        "overUnder": "-140 / +110"
    },
    {
        "player": "Mika Zibanejad",
        "team": "NYR",
        "opponent": "BUF",
        "propType": "pts",
        "line": 0.5,
        "ppLine": "PP1",
        "avg": 1.09,
        "hit": false,
        "diffAvg": 1.18,
        "diffAbs": 0.6,
        "lastAvg": 0.8,
        "diff": 0.6,
        "avgMin": 20,
        "proj": 0.8,
        "lastAvgMin": 19.62,
        "oppOver": 0,
        "teamOver": 0,
        "gameLine": "-145",
        "+/-": "+25",
        "L5_+/-": "+7.0",
        "prevMatchup": "2023-03-11 1.0 pts",
        "winLossSplits": "1.57 - 0.48",
        "awayHome": "A",
        "playedYesterday": "Y",
        "awayHomeSplits": "1.03 - 1.16",
        "savesAboveExp": "-",
        "gsaa": "-",
        "corsi": "51.4% (58.2) // 46.3% (52.4) // 43.6% (48.2) // 46.7% (54.0)",
        "fenwick": "52.1% (43.9) // 48.1% (40.3) // 46.1% (39.0) // 49.6% (43.7)",
        "shots": "51.8% (31.2) // 49.3% (30.7) // 47.8% (30.0) // 52.0% (34.3)",
        "scoring": "51.3% (30.8) // 48.2% (28.5) // 45.5% (25.4) // 44.2% (26.7)",
        "corsiAgainst": "48.6% (54.9) // 53.7% (60.6) // 56.4% (62.4) // 53.3% (61.7)",
        "fenwickAgainst": "47.9% (40.3) // 51.9% (43.5) // 53.9% (45.6) // 50.4% (44.3)",
        "shotsAgainst": "48.2% (29.1) // 50.7% (31.6) // 52.2% (32.8) // 48.0% (31.7)",
        "scoringAgainst": "48.7% (29.2) // 51.8% (30.6) // 54.5% (30.4) // 55.8% (33.7)",
        "oppCorsi": "51.1% (57.5) // 50.6% (54.9) // 48.4% (52.2) // 50.7% (55.7)",
        "oppFenwick": "49.7% (43.4) // 50.6% (42.4) // 50.0% (41.9) // 50.6% (41.3)",
        "oppShots": "49.3% (31.8) // 49.4% (30.1) // 50.0% (30.6) // 50.4% (32.6)",
        "oppScoring": "49.7% (30.4) // 46.2% (26.0) // 43.0% (24.2) // 47.8% (25.4)",
        "oppCorsiAgainst": "48.9% (55.1) // 49.4% (53.5) // 51.6% (55.6) // 49.3% (54.2)",
        "oppFenwickAgainst": "50.3% (44.0) // 49.4% (41.4) // 50.0% (41.9) // 49.4% (40.3)",
        "oppShotsAgainst": "50.7% (32.7) // 50.6% (30.8) // 50.0% (30.6) // 49.6% (32.2)",
        "oppScoringAgainst": "50.3% (30.7) // 53.8% (30.2) // 57.0% (32.1) // 52.2% (27.8)",
        "savesPerGame": 26.8,
        "savesPerGameLast1": 29.0,
        "savesPerGameLast3": 29.3,
        "savesPerGameLast5": 30.6,
        "savesPer60": 26.9,
        "savesPer60Last1": 28.2,
        "savesPer60Last3": 29.0,
        "savesPer60Last5": 30.2,
        "shotsPerGame": 31.7,
        "shotsPerGameLast5": 30.0,
        "shotsAgainstPerGame": 29.5,
        "shotsAgainstPerGameLast5": 32.8,
        "oppSavesAgainstPer60": 28.6,
        "oppSavesAgainstPer60Last1": 30.0,
        "oppSavesAgainstPer60Last3": 27.8,
        "oppSavesAgainstPer60Last5": 27.5,
        "oppShotsAgainstPerGame": 33.0,
        "oppShotsAgainstPerGameLast5": 30.0,
        "savesProj": 26.2,
        "savesProjLast5": 28.4,
        "savesProjLast3": 27.6,
        "oppSavesAgainstProj": 26.9,
        "oppSavesAgainstProjLast5": 27.3,
        "oppSavesAgainstProjLast3": 26.9,
        "totalOver": 67,
        "totalOverLast5": 60,
        "totalOverLast15": 60,
        "lastTotalOver": 67,
        "last5": "1,2,0,2,0,2,3,2,2,0",
        "overOdds": "-190",
        "underOdds": "+155",
        "overUnder": "-190 / +155"
    },
    {
        "player": "Patrick Kane",
        "team": "NYR",
        "opponent": "BUF",
        "propType": "pts",
        "line": 0.5,
        "ppLine": "PP1",
        "avg": 0.79,
        "hit": false,
        "diffAvg": 0.58,
        "diffAbs": 1.0,
        "lastAvg": 1.18,
        "diff": 1.36,
        "avgMin": 19,
        "proj": 1.0,
        "lastAvgMin": 21.82,
        "oppOver": 0,
        "teamOver": 0,
        "gameLine": "-145",
        "+/-": "+3",
        "L5_+/-": "+6.0",
        "prevMatchup": "2023-03-11 1.0 pts 2023-01-17 0.0 pts 2022-10-29 0.0 pts",
        "winLossSplits": "1.37 - 0.44",
        "awayHome": "A",
        "playedYesterday": "Y",
        "awayHomeSplits": "0.73 - 0.86",
        "savesAboveExp": "-",
        "gsaa": "-",
        "corsi": "51.4% (58.2) // 46.3% (52.4) // 43.6% (48.2) // 46.7% (54.0)",
        "fenwick": "52.1% (43.9) // 48.1% (40.3) // 46.1% (39.0) // 49.6% (43.7)",
        "shots": "51.8% (31.2) // 49.3% (30.7) // 47.8% (30.0) // 52.0% (34.3)",
        "scoring": "51.3% (30.8) // 48.2% (28.5) // 45.5% (25.4) // 44.2% (26.7)",
        "corsiAgainst": "48.6% (54.9) // 53.7% (60.6) // 56.4% (62.4) // 53.3% (61.7)",
        "fenwickAgainst": "47.9% (40.3) // 51.9% (43.5) // 53.9% (45.6) // 50.4% (44.3)",
        "shotsAgainst": "48.2% (29.1) // 50.7% (31.6) // 52.2% (32.8) // 48.0% (31.7)",
        "scoringAgainst": "48.7% (29.2) // 51.8% (30.6) // 54.5% (30.4) // 55.8% (33.7)",
        "oppCorsi": "51.1% (57.5) // 50.6% (54.9) // 48.4% (52.2) // 50.7% (55.7)",
        "oppFenwick": "49.7% (43.4) // 50.6% (42.4) // 50.0% (41.9) // 50.6% (41.3)",
        "oppShots": "49.3% (31.8) // 49.4% (30.1) // 50.0% (30.6) // 50.4% (32.6)",
        "oppScoring": "49.7% (30.4) // 46.2% (26.0) // 43.0% (24.2) // 47.8% (25.4)",
        "oppCorsiAgainst": "48.9% (55.1) // 49.4% (53.5) // 51.6% (55.6) // 49.3% (54.2)",
        "oppFenwickAgainst": "50.3% (44.0) // 49.4% (41.4) // 50.0% (41.9) // 49.4% (40.3)",
        "oppShotsAgainst": "50.7% (32.7) // 50.6% (30.8) // 50.0% (30.6) // 49.6% (32.2)",
        "oppScoringAgainst": "50.3% (30.7) // 53.8% (30.2) // 57.0% (32.1) // 52.2% (27.8)",
        "savesPerGame": 26.8,
        "savesPerGameLast1": 29.0,
        "savesPerGameLast3": 29.3,
        "savesPerGameLast5": 30.6,
        "savesPer60": 26.9,
        "savesPer60Last1": 28.2,
        "savesPer60Last3": 29.0,
        "savesPer60Last5": 30.2,
        "shotsPerGame": 31.7,
        "shotsPerGameLast5": 30.0,
        "shotsAgainstPerGame": 29.5,
        "shotsAgainstPerGameLast5": 32.8,
        "oppSavesAgainstPer60": 28.6,
        "oppSavesAgainstPer60Last1": 30.0,
        "oppSavesAgainstPer60Last3": 27.8,
        "oppSavesAgainstPer60Last5": 27.5,
        "oppShotsAgainstPerGame": 33.0,
        "oppShotsAgainstPerGameLast5": 30.0,
        "savesProj": 26.2,
        "savesProjLast5": 28.4,
        "savesProjLast3": 27.6,
        "oppSavesAgainstProj": 26.9,
        "oppSavesAgainstProjLast5": 27.3,
        "oppSavesAgainstProjLast3": 26.9,
        "totalOver": 51,
        "totalOverLast5": 40,
        "totalOverLast15": 40,
        "lastTotalOver": 68,
        "last5": "0,1,1,0,0,0,2,0,2,0",
        "overOdds": "-160",
        "underOdds": "+130",
        "overUnder": "-160 / +130"
    },
    {
        "player": "Rasmus Dahlin",
        "team": "BUF",
        "opponent": "NYR",
        "propType": "pts",
        "line": 0.5,
        "ppLine": "PP1",
        "avg": 0.94,
        "hit": false,
        "diffAvg": 0.88,
        "diffAbs": 0.4,
        "lastAvg": 0.65,
        "diff": 0.3,
        "avgMin": 25,
        "proj": 0.7,
        "lastAvgMin": 24.0,
        "oppOver": 0,
        "teamOver": 0,
        "gameLine": "+125",
        "+/-": "+7",
        "L5_+/-": -15.0,
        "prevMatchup": "2023-03-11 0.0 pts",
        "winLossSplits": "1.44 - 0.46",
        "awayHome": "H",
        "playedYesterday": "N",
        "awayHomeSplits": "0.97 - 0.92",
        "savesAboveExp": -0.187,
        "gsaa": 0.8,
        "corsi": "51.1% (57.5) // 50.6% (54.9) // 48.4% (52.2) // 50.7% (55.7)",
        "fenwick": "49.7% (43.4) // 50.6% (42.4) // 50.0% (41.9) // 50.6% (41.3)",
        "shots": "49.3% (31.8) // 49.4% (30.1) // 50.0% (30.6) // 50.4% (32.6)",
        "scoring": "49.7% (30.4) // 46.2% (26.0) // 43.0% (24.2) // 47.8% (25.4)",
        "corsiAgainst": "48.9% (55.1) // 49.4% (53.5) // 51.6% (55.6) // 49.3% (54.2)",
        "fenwickAgainst": "50.3% (44.0) // 49.4% (41.4) // 50.0% (41.9) // 49.4% (40.3)",
        "shotsAgainst": "50.7% (32.7) // 50.6% (30.8) // 50.0% (30.6) // 49.6% (32.2)",
        "scoringAgainst": "50.3% (30.7) // 53.8% (30.2) // 57.0% (32.1) // 52.2% (27.8)",
        "oppCorsi": "51.4% (58.2) // 46.3% (52.4) // 43.6% (48.2) // 46.7% (54.0)",
        "oppFenwick": "52.1% (43.9) // 48.1% (40.3) // 46.1% (39.0) // 49.6% (43.7)",
        "oppShots": "51.8% (31.2) // 49.3% (30.7) // 47.8% (30.0) // 52.0% (34.3)",
        "oppScoring": "51.3% (30.8) // 48.2% (28.5) // 45.5% (25.4) // 44.2% (26.7)",
        "oppCorsiAgainst": "48.6% (54.9) // 53.7% (60.6) // 56.4% (62.4) // 53.3% (61.7)",
        "oppFenwickAgainst": "47.9% (40.3) // 51.9% (43.5) // 53.9% (45.6) // 50.4% (44.3)",
        "oppShotsAgainst": "48.2% (29.1) // 50.7% (31.6) // 52.2% (32.8) // 48.0% (31.7)",
        "oppScoringAgainst": "48.7% (29.2) // 51.8% (30.6) // 54.5% (30.4) // 55.8% (33.7)",
        "savesPerGame": 29.4,
        "savesPerGameLast1": 38.0,
        "savesPerGameLast3": 30.3,
        "savesPerGameLast5": 25.8,
        "savesPer60": 29.4,
        "savesPer60Last1": 41.0,
        "savesPer60Last3": 31.0,
        "savesPer60Last5": 26.1,
        "shotsPerGame": 32.2,
        "shotsPerGameLast5": 30.2,
        "shotsAgainstPerGame": 33.0,
        "shotsAgainstPerGameLast5": 30.0,
        "oppSavesAgainstPer60": 28.4,
        "oppSavesAgainstPer60Last1": 24.0,
        "oppSavesAgainstPer60Last3": 30.5,
        "oppSavesAgainstPer60Last5": 26.8,
        "oppShotsAgainstPerGame": 29.5,
        "oppShotsAgainstPerGameLast5": 32.8,
        "savesProj": 31.0,
        "savesProjLast5": 26.2,
        "savesProjLast3": 35.3,
        "oppSavesAgainstProj": 29.6,
        "oppSavesAgainstProjLast5": 25.3,
        "oppSavesAgainstProjLast3": 34.2,
        "totalOver": 61,
        "totalOverLast5": 40,
        "totalOverLast15": 20,
        "lastTotalOver": 45,
        "last5": "0,0,1,1,0,0,0,0,0,0",
        "overOdds": "-155",
        "underOdds": "+125",
        "overUnder": "-155 / +125"
    },
    {
        "player": "Vincent Trocheck",
        "team": "NYR",
        "opponent": "BUF",
        "propType": "pts",
        "line": 0.5,
        "ppLine": "PP2",
        "avg": 0.79,
        "hit": false,
        "diffAvg": 0.58,
        "diffAbs": 0.2,
        "lastAvg": 0.54,
        "diff": 0.08,
        "avgMin": 19,
        "proj": 0.6,
        "lastAvgMin": 17.87,
        "oppOver": 0,
        "teamOver": 0,
        "gameLine": "-145",
        "+/-": "+5",
        "L5_+/-": "+7.0",
        "prevMatchup": "2023-03-11 0.0 pts",
        "winLossSplits": "1.05 - 0.46",
        "awayHome": "A",
        "playedYesterday": "Y",
        "awayHomeSplits": "0.68 - 0.89",
        "savesAboveExp": "-",
        "gsaa": "-",
        "corsi": "51.4% (58.2) // 46.3% (52.4) // 43.6% (48.2) // 46.7% (54.0)",
        "fenwick": "52.1% (43.9) // 48.1% (40.3) // 46.1% (39.0) // 49.6% (43.7)",
        "shots": "51.8% (31.2) // 49.3% (30.7) // 47.8% (30.0) // 52.0% (34.3)",
        "scoring": "51.3% (30.8) // 48.2% (28.5) // 45.5% (25.4) // 44.2% (26.7)",
        "corsiAgainst": "48.6% (54.9) // 53.7% (60.6) // 56.4% (62.4) // 53.3% (61.7)",
        "fenwickAgainst": "47.9% (40.3) // 51.9% (43.5) // 53.9% (45.6) // 50.4% (44.3)",
        "shotsAgainst": "48.2% (29.1) // 50.7% (31.6) // 52.2% (32.8) // 48.0% (31.7)",
        "scoringAgainst": "48.7% (29.2) // 51.8% (30.6) // 54.5% (30.4) // 55.8% (33.7)",
        "oppCorsi": "51.1% (57.5) // 50.6% (54.9) // 48.4% (52.2) // 50.7% (55.7)",
        "oppFenwick": "49.7% (43.4) // 50.6% (42.4) // 50.0% (41.9) // 50.6% (41.3)",
        "oppShots": "49.3% (31.8) // 49.4% (30.1) // 50.0% (30.6) // 50.4% (32.6)",
        "oppScoring": "49.7% (30.4) // 46.2% (26.0) // 43.0% (24.2) // 47.8% (25.4)",
        "oppCorsiAgainst": "48.9% (55.1) // 49.4% (53.5) // 51.6% (55.6) // 49.3% (54.2)",
        "oppFenwickAgainst": "50.3% (44.0) // 49.4% (41.4) // 50.0% (41.9) // 49.4% (40.3)",
        "oppShotsAgainst": "50.7% (32.7) // 50.6% (30.8) // 50.0% (30.6) // 49.6% (32.2)",
        "oppScoringAgainst": "50.3% (30.7) // 53.8% (30.2) // 57.0% (32.1) // 52.2% (27.8)",
        "savesPerGame": 26.8,
        "savesPerGameLast1": 29.0,
        "savesPerGameLast3": 29.3,
        "savesPerGameLast5": 30.6,
        "savesPer60": 26.9,
        "savesPer60Last1": 28.2,
        "savesPer60Last3": 29.0,
        "savesPer60Last5": 30.2,
        "shotsPerGame": 31.7,
        "shotsPerGameLast5": 30.0,
        "shotsAgainstPerGame": 29.5,
        "shotsAgainstPerGameLast5": 32.8,
        "oppSavesAgainstPer60": 28.6,
        "oppSavesAgainstPer60Last1": 30.0,
        "oppSavesAgainstPer60Last3": 27.8,
        "oppSavesAgainstPer60Last5": 27.5,
        "oppShotsAgainstPerGame": 33.0,
        "oppShotsAgainstPerGameLast5": 30.0,
        "savesProj": 26.2,
        "savesProjLast5": 28.4,
        "savesProjLast3": 27.6,
        "oppSavesAgainstProj": 26.9,
        "oppSavesAgainstProjLast5": 27.3,
        "oppSavesAgainstProjLast3": 26.9,
        "totalOver": 49,
        "totalOverLast5": 20,
        "totalOverLast15": 47,
        "lastTotalOver": 47,
        "last5": "0,2,0,0,0,2,1,2,2,1",
        "overOdds": "-125",
        "underOdds": "-105",
        "overUnder": "-125 / -105"
    },
    {
        "player": "Vladimir Tarasenko",
        "team": "NYR",
        "opponent": "BUF",
        "propType": "pts",
        "line": 0.5,
        "ppLine": "PP2",
        "avg": 0.62,
        "hit": false,
        "diffAvg": 0.24,
        "diffAbs": 1.0,
        "lastAvg": 0,
        "diff": 0,
        "avgMin": 15,
        "proj": 0.0,
        "lastAvgMin": 0,
        "oppOver": 0,
        "teamOver": 0,
        "gameLine": "-145",
        "+/-": "+5",
        "L5_+/-": "+4.0",
        "prevMatchup": "2023-03-11 0.0 pts",
        "winLossSplits": "0.73 - 0.4",
        "awayHome": "A",
        "playedYesterday": "Y",
        "awayHomeSplits": "0.5 - 0.8",
        "savesAboveExp": "-",
        "gsaa": "-",
        "corsi": "51.4% (58.2) // 46.3% (52.4) // 43.6% (48.2) // 46.7% (54.0)",
        "fenwick": "52.1% (43.9) // 48.1% (40.3) // 46.1% (39.0) // 49.6% (43.7)",
        "shots": "51.8% (31.2) // 49.3% (30.7) // 47.8% (30.0) // 52.0% (34.3)",
        "scoring": "51.3% (30.8) // 48.2% (28.5) // 45.5% (25.4) // 44.2% (26.7)",
        "corsiAgainst": "48.6% (54.9) // 53.7% (60.6) // 56.4% (62.4) // 53.3% (61.7)",
        "fenwickAgainst": "47.9% (40.3) // 51.9% (43.5) // 53.9% (45.6) // 50.4% (44.3)",
        "shotsAgainst": "48.2% (29.1) // 50.7% (31.6) // 52.2% (32.8) // 48.0% (31.7)",
        "scoringAgainst": "48.7% (29.2) // 51.8% (30.6) // 54.5% (30.4) // 55.8% (33.7)",
        "oppCorsi": "51.1% (57.5) // 50.6% (54.9) // 48.4% (52.2) // 50.7% (55.7)",
        "oppFenwick": "49.7% (43.4) // 50.6% (42.4) // 50.0% (41.9) // 50.6% (41.3)",
        "oppShots": "49.3% (31.8) // 49.4% (30.1) // 50.0% (30.6) // 50.4% (32.6)",
        "oppScoring": "49.7% (30.4) // 46.2% (26.0) // 43.0% (24.2) // 47.8% (25.4)",
        "oppCorsiAgainst": "48.9% (55.1) // 49.4% (53.5) // 51.6% (55.6) // 49.3% (54.2)",
        "oppFenwickAgainst": "50.3% (44.0) // 49.4% (41.4) // 50.0% (41.9) // 49.4% (40.3)",
        "oppShotsAgainst": "50.7% (32.7) // 50.6% (30.8) // 50.0% (30.6) // 49.6% (32.2)",
        "oppScoringAgainst": "50.3% (30.7) // 53.8% (30.2) // 57.0% (32.1) // 52.2% (27.8)",
        "savesPerGame": 26.8,
        "savesPerGameLast1": 29.0,
        "savesPerGameLast3": 29.3,
        "savesPerGameLast5": 30.6,
        "savesPer60": 26.9,
        "savesPer60Last1": 28.2,
        "savesPer60Last3": 29.0,
        "savesPer60Last5": 30.2,
        "shotsPerGame": 31.7,
        "shotsPerGameLast5": 30.0,
        "shotsAgainstPerGame": 29.5,
        "shotsAgainstPerGameLast5": 32.8,
        "oppSavesAgainstPer60": 28.6,
        "oppSavesAgainstPer60Last1": 30.0,
        "oppSavesAgainstPer60Last3": 27.8,
        "oppSavesAgainstPer60Last5": 27.5,
        "oppShotsAgainstPerGame": 33.0,
        "oppShotsAgainstPerGameLast5": 30.0,
        "savesProj": 26.2,
        "savesProjLast5": 28.4,
        "savesProjLast3": 27.6,
        "oppSavesAgainstProj": 26.9,
        "oppSavesAgainstProjLast5": 27.3,
        "oppSavesAgainstProjLast3": 26.9,
        "totalOver": 50,
        "totalOverLast5": 40,
        "totalOverLast15": 47,
        "lastTotalOver": 0,
        "last5": "0,1,0,1,0,0,2,1,1,0",
        "overOdds": "-115",
        "underOdds": "-115",
        "overUnder": "-115 / -115"
    },
    {
        "player": "Adam Fox",
        "team": "NYR",
        "opponent": "BUF",
        "propType": "pts",
        "line": 0.5,
        "ppLine": "PP1",
        "avg": 0.88,
        "hit": false,
        "diffAvg": 0.76,
        "diffAbs": 0.6,
        "lastAvg": 0.76,
        "diff": 0.52,
        "avgMin": 24,
        "proj": 0.8,
        "lastAvgMin": 23.9,
        "oppOver": 0,
        "teamOver": 0,
        "gameLine": "-145",
        "+/-": "+27",
        "L5_+/-": "+8.0",
        "prevMatchup": "2023-03-11 1.0 pts",
        "winLossSplits": "1.19 - 0.45",
        "awayHome": "A",
        "playedYesterday": "Y",
        "awayHomeSplits": "0.78 - 0.97",
        "savesAboveExp": "-",
        "gsaa": "-",
        "corsi": "51.4% (58.2) // 46.3% (52.4) // 43.6% (48.2) // 46.7% (54.0)",
        "fenwick": "52.1% (43.9) // 48.1% (40.3) // 46.1% (39.0) // 49.6% (43.7)",
        "shots": "51.8% (31.2) // 49.3% (30.7) // 47.8% (30.0) // 52.0% (34.3)",
        "scoring": "51.3% (30.8) // 48.2% (28.5) // 45.5% (25.4) // 44.2% (26.7)",
        "corsiAgainst": "48.6% (54.9) // 53.7% (60.6) // 56.4% (62.4) // 53.3% (61.7)",
        "fenwickAgainst": "47.9% (40.3) // 51.9% (43.5) // 53.9% (45.6) // 50.4% (44.3)",
        "shotsAgainst": "48.2% (29.1) // 50.7% (31.6) // 52.2% (32.8) // 48.0% (31.7)",
        "scoringAgainst": "48.7% (29.2) // 51.8% (30.6) // 54.5% (30.4) // 55.8% (33.7)",
        "oppCorsi": "51.1% (57.5) // 50.6% (54.9) // 48.4% (52.2) // 50.7% (55.7)",
        "oppFenwick": "49.7% (43.4) // 50.6% (42.4) // 50.0% (41.9) // 50.6% (41.3)",
        "oppShots": "49.3% (31.8) // 49.4% (30.1) // 50.0% (30.6) // 50.4% (32.6)",
        "oppScoring": "49.7% (30.4) // 46.2% (26.0) // 43.0% (24.2) // 47.8% (25.4)",
        "oppCorsiAgainst": "48.9% (55.1) // 49.4% (53.5) // 51.6% (55.6) // 49.3% (54.2)",
        "oppFenwickAgainst": "50.3% (44.0) // 49.4% (41.4) // 50.0% (41.9) // 49.4% (40.3)",
        "oppShotsAgainst": "50.7% (32.7) // 50.6% (30.8) // 50.0% (30.6) // 49.6% (32.2)",
        "oppScoringAgainst": "50.3% (30.7) // 53.8% (30.2) // 57.0% (32.1) // 52.2% (27.8)",
        "savesPerGame": 26.8,
        "savesPerGameLast1": 29.0,
        "savesPerGameLast3": 29.3,
        "savesPerGameLast5": 30.6,
        "savesPer60": 26.9,
        "savesPer60Last1": 28.2,
        "savesPer60Last3": 29.0,
        "savesPer60Last5": 30.2,
        "shotsPerGame": 31.7,
        "shotsPerGameLast5": 30.0,
        "shotsAgainstPerGame": 29.5,
        "shotsAgainstPerGameLast5": 32.8,
        "oppSavesAgainstPer60": 28.6,
        "oppSavesAgainstPer60Last1": 30.0,
        "oppSavesAgainstPer60Last3": 27.8,
        "oppSavesAgainstPer60Last5": 27.5,
        "oppShotsAgainstPerGame": 33.0,
        "oppShotsAgainstPerGameLast5": 30.0,
        "savesProj": 26.2,
        "savesProjLast5": 28.4,
        "savesProjLast3": 27.6,
        "oppSavesAgainstProj": 26.9,
        "oppSavesAgainstProjLast5": 27.3,
        "oppSavesAgainstProjLast3": 26.9,
        "totalOver": 63,
        "totalOverLast5": 60,
        "totalOverLast15": 67,
        "lastTotalOver": 67,
        "last5": "0,2,0,1,1,1,1,1,1,0",
        "overOdds": "-165",
        "underOdds": "+135",
        "overUnder": "-165 / +135"
    },
    {
        "player": "Casey Mittelstadt",
        "team": "BUF",
        "opponent": "NYR",
        "propType": "pts",
        "line": 0.5,
        "ppLine": "PP2",
        "avg": 0.6,
        "hit": false,
        "diffAvg": 0.2,
        "diffAbs": 0.2,
        "lastAvg": 0.47,
        "diff": -0.06,
        "avgMin": 15,
        "proj": 0.4,
        "lastAvgMin": 16.12,
        "oppOver": 0,
        "teamOver": 0,
        "gameLine": "+125",
        "+/-": -16,
        "L5_+/-": -7.0,
        "prevMatchup": "2023-03-11 0.0 pts",
        "winLossSplits": "0.7 - 0.52",
        "awayHome": "H",
        "playedYesterday": "N",
        "awayHomeSplits": "0.6 - 0.61",
        "savesAboveExp": -0.187,
        "gsaa": 0.8,
        "corsi": "51.1% (57.5) // 50.6% (54.9) // 48.4% (52.2) // 50.7% (55.7)",
        "fenwick": "49.7% (43.4) // 50.6% (42.4) // 50.0% (41.9) // 50.6% (41.3)",
        "shots": "49.3% (31.8) // 49.4% (30.1) // 50.0% (30.6) // 50.4% (32.6)",
        "scoring": "49.7% (30.4) // 46.2% (26.0) // 43.0% (24.2) // 47.8% (25.4)",
