[
    {
        "player": "Aaron Ekblad",
        "team": "FLA",
        "opponent": "CAR",
        "propType": "ast",
        "line": 0.5,
        "ppLine": "PP2",
        "avg": 0.34,
        "hit": false,
        "diffAvg": -0.32,
        "diffAbs": 0.0,
        "lastAvg": 0.59,
        "diff": 0.18,
        "avgMin": 23,
        "proj": 0.5,
        "lastAvgMin": 24.92,
        "oppOver": 0,
        "teamOver": 0,
        "gameLine": "+125",
        "+/-": -8,
        "L5_+/-": "+6.0",
        "prevMatchup": "2023-05-18 0.0 ast 2023-04-13 0.0 ast 2022-12-30 0.0 ast",
        "winLossSplits": "33% - 18%",
        "awayHome": "A",
        "playedYesterday": "N",
        "awayHomeSplits": "30% - 22%",
        "savesAboveExp": -0.44,
        "gsaa": -0.71,
        "corsi": "54.2% (66.3) // 52.5% (66.0) // 54.2% (66.3) // 54.2% (66.3)",
        "fenwick": "53.6% (49.9) // 52.0% (49.3) // 53.6% (49.9) // 53.6% (49.9)",
        "shots": "53.7% (36.5) // 51.9% (35.5) // 53.7% (36.5) // 53.7% (36.5)",
        "scoring": "54.6% (34.8) // 53.4% (34.0) // 54.6% (34.8) // 54.6% (34.8)",
        "corsiAgainst": "45.8% (56.1) // 47.5% (59.7) // 45.8% (56.1) // 45.8% (56.1)",
        "fenwickAgainst": "46.4% (43.2) // 48.0% (45.5) // 46.4% (43.2) // 46.4% (43.2)",
        "shotsAgainst": "46.3% (31.5) // 48.1% (33.0) // 46.3% (31.5) // 46.3% (31.5)",
        "scoringAgainst": "45.4% (28.9) // 46.6% (29.7) // 45.4% (28.9) // 45.4% (28.9)",
        "oppCorsi": "59.9% (67.4) // 61.2% (68.8) // 59.9% (67.4) // 59.9% (67.4)",
        "oppFenwick": "59.1% (50.8) // 60.1% (51.8) // 59.1% (50.8) // 59.1% (50.8)",
        "oppShots": "57.2% (34.3) // 58.4% (34.4) // 57.2% (34.3) // 57.2% (34.3)",
        "oppScoring": "58.9% (33.3) // 62.3% (33.3) // 58.9% (33.3) // 58.9% (33.3)",
        "oppCorsiAgainst": "40.1% (45.2) // 38.8% (43.6) // 40.1% (45.2) // 40.1% (45.2)",
        "oppFenwickAgainst": "40.9% (35.1) // 39.9% (34.4) // 40.9% (35.1) // 40.9% (35.1)",
        "oppShotsAgainst": "42.8% (25.6) // 41.6% (24.5) // 42.8% (25.6) // 42.8% (25.6)",
        "oppScoringAgainst": "41.1% (23.3) // 37.7% (20.2) // 41.1% (23.3) // 41.1% (23.3)",
        "savesPerGame": 28.4,
        "savesPerGameLast1": 63.0,
        "savesPerGameLast3": 45.7,
        "savesPerGameLast5": 38.6,
        "savesPer60": 33.4,
        "savesPer60Last1": 146.8,
        "savesPer60Last3": 69.5,
        "savesPer60Last5": 51.1,
        "shotsPerGame": 36.8,
        "shotsPerGameLast5": 37.4,
        "shotsAgainstPerGame": 31.7,
        "shotsAgainstPerGameLast5": 40.6,
        "oppSavesAgainstPer60": 36.9,
        "oppSavesAgainstPer60Last1": 63.0,
        "oppSavesAgainstPer60Last3": 40.6,
        "oppSavesAgainstPer60Last5": 36.1,
        "oppShotsAgainstPerGame": 26.0,
        "oppShotsAgainstPerGameLast5": 34.8,
        "savesProj": 38.5,
        "savesProjLast5": 65.8,
        "savesProjLast3": 102.8,
        "oppSavesAgainstProj": 36.0,
        "oppSavesAgainstProjLast5": 41.2,
        "oppSavesAgainstProjLast3": 53.5,
        "totalOver": 27,
        "totalOverLast5": 40,
        "totalOverLast15": 20,
        "lastTotalOver": 41,
        "last5": "0,1,0,2,0,1,0,0,0,0",
        "overOdds": "+210",
        "underOdds": "-265",
        "overUnder": "+210 / -265"
    },
    {
        "player": "Aleksander Barkov",
        "team": "FLA",
        "opponent": "CAR",
        "propType": "ast",
        "line": 0.5,
        "ppLine": "PP1",
        "avg": 0.78,
        "hit": false,
        "diffAvg": 0.56,
        "diffAbs": 0.4,
        "lastAvg": 0.64,
        "diff": 0.28,
        "avgMin": 21,
        "proj": 0.7,
        "lastAvgMin": 20.3,
        "oppOver": 0,
        "teamOver": 0,
        "gameLine": "+125",
        "+/-": "+15",
        "L5_+/-": "+6.0",
        "prevMatchup": "2023-05-18 1.0 ast 2023-04-13 0.0 ast 2022-12-30 0.0 ast 2022-11-09 0.0 ast",
        "winLossSplits": "70% - 35%",
        "awayHome": "A",
        "playedYesterday": "N",
        "awayHomeSplits": "56% - 55%",
        "savesAboveExp": -0.44,
        "gsaa": -0.71,
        "corsi": "54.2% (66.3) // 52.5% (66.0) // 54.2% (66.3) // 54.2% (66.3)",
        "fenwick": "53.6% (49.9) // 52.0% (49.3) // 53.6% (49.9) // 53.6% (49.9)",
        "shots": "53.7% (36.5) // 51.9% (35.5) // 53.7% (36.5) // 53.7% (36.5)",
        "scoring": "54.6% (34.8) // 53.4% (34.0) // 54.6% (34.8) // 54.6% (34.8)",
        "corsiAgainst": "45.8% (56.1) // 47.5% (59.7) // 45.8% (56.1) // 45.8% (56.1)",
        "fenwickAgainst": "46.4% (43.2) // 48.0% (45.5) // 46.4% (43.2) // 46.4% (43.2)",
        "shotsAgainst": "46.3% (31.5) // 48.1% (33.0) // 46.3% (31.5) // 46.3% (31.5)",
        "scoringAgainst": "45.4% (28.9) // 46.6% (29.7) // 45.4% (28.9) // 45.4% (28.9)",
        "oppCorsi": "59.9% (67.4) // 61.2% (68.8) // 59.9% (67.4) // 59.9% (67.4)",
        "oppFenwick": "59.1% (50.8) // 60.1% (51.8) // 59.1% (50.8) // 59.1% (50.8)",
        "oppShots": "57.2% (34.3) // 58.4% (34.4) // 57.2% (34.3) // 57.2% (34.3)",
        "oppScoring": "58.9% (33.3) // 62.3% (33.3) // 58.9% (33.3) // 58.9% (33.3)",
        "oppCorsiAgainst": "40.1% (45.2) // 38.8% (43.6) // 40.1% (45.2) // 40.1% (45.2)",
        "oppFenwickAgainst": "40.9% (35.1) // 39.9% (34.4) // 40.9% (35.1) // 40.9% (35.1)",
        "oppShotsAgainst": "42.8% (25.6) // 41.6% (24.5) // 42.8% (25.6) // 42.8% (25.6)",
        "oppScoringAgainst": "41.1% (23.3) // 37.7% (20.2) // 41.1% (23.3) // 41.1% (23.3)",
        "savesPerGame": 28.4,
        "savesPerGameLast1": 63.0,
        "savesPerGameLast3": 45.7,
        "savesPerGameLast5": 38.6,
        "savesPer60": 33.4,
        "savesPer60Last1": 146.8,
        "savesPer60Last3": 69.5,
        "savesPer60Last5": 51.1,
        "shotsPerGame": 36.8,
        "shotsPerGameLast5": 37.4,
        "shotsAgainstPerGame": 31.7,
        "shotsAgainstPerGameLast5": 40.6,
        "oppSavesAgainstPer60": 36.9,
        "oppSavesAgainstPer60Last1": 63.0,
        "oppSavesAgainstPer60Last3": 40.6,
        "oppSavesAgainstPer60Last5": 36.1,
        "oppShotsAgainstPerGame": 26.0,
        "oppShotsAgainstPerGameLast5": 34.8,
        "savesProj": 38.5,
        "savesProjLast5": 65.8,
        "savesProjLast3": 102.8,
        "oppSavesAgainstProj": 36.0,
        "oppSavesAgainstProjLast5": 41.2,
        "oppSavesAgainstProjLast3": 53.5,
        "totalOver": 56,
        "totalOverLast5": 20,
        "totalOverLast15": 47,
        "lastTotalOver": 50,
        "last5": "1,0,0,0,0,2,1,1,1,0",
        "overOdds": "-120",
        "underOdds": "-110",
        "overUnder": "-120 / -110"
    },
    {
        "player": "Anthony Duclair",
        "team": "FLA",
        "opponent": "CAR",
        "propType": "ast",
        "line": 0.5,
        "ppLine": "PP2",
        "avg": 0.41,
        "hit": false,
        "diffAvg": -0.18,
        "diffAbs": 1.0,
        "lastAvg": 0,
        "diff": 0,
        "avgMin": 15,
        "proj": 0.0,
        "lastAvgMin": 0,
        "oppOver": 0,
        "teamOver": 0,
        "gameLine": "+125",
        "+/-": "+1",
        "L5_+/-": "+1.0",
        "prevMatchup": "2023-05-18 2.0 ast 2023-04-13 0.0 ast",
        "winLossSplits": "38% - 18%",
        "awayHome": "A",
        "playedYesterday": "N",
        "awayHomeSplits": "40% - 24%",
        "savesAboveExp": -0.44,
        "gsaa": -0.71,
        "corsi": "54.2% (66.3) // 52.5% (66.0) // 54.2% (66.3) // 54.2% (66.3)",
        "fenwick": "53.6% (49.9) // 52.0% (49.3) // 53.6% (49.9) // 53.6% (49.9)",
        "shots": "53.7% (36.5) // 51.9% (35.5) // 53.7% (36.5) // 53.7% (36.5)",
        "scoring": "54.6% (34.8) // 53.4% (34.0) // 54.6% (34.8) // 54.6% (34.8)",
        "corsiAgainst": "45.8% (56.1) // 47.5% (59.7) // 45.8% (56.1) // 45.8% (56.1)",
        "fenwickAgainst": "46.4% (43.2) // 48.0% (45.5) // 46.4% (43.2) // 46.4% (43.2)",
        "shotsAgainst": "46.3% (31.5) // 48.1% (33.0) // 46.3% (31.5) // 46.3% (31.5)",
        "scoringAgainst": "45.4% (28.9) // 46.6% (29.7) // 45.4% (28.9) // 45.4% (28.9)",
        "oppCorsi": "59.9% (67.4) // 61.2% (68.8) // 59.9% (67.4) // 59.9% (67.4)",
        "oppFenwick": "59.1% (50.8) // 60.1% (51.8) // 59.1% (50.8) // 59.1% (50.8)",
        "oppShots": "57.2% (34.3) // 58.4% (34.4) // 57.2% (34.3) // 57.2% (34.3)",
        "oppScoring": "58.9% (33.3) // 62.3% (33.3) // 58.9% (33.3) // 58.9% (33.3)",
        "oppCorsiAgainst": "40.1% (45.2) // 38.8% (43.6) // 40.1% (45.2) // 40.1% (45.2)",
        "oppFenwickAgainst": "40.9% (35.1) // 39.9% (34.4) // 40.9% (35.1) // 40.9% (35.1)",
        "oppShotsAgainst": "42.8% (25.6) // 41.6% (24.5) // 42.8% (25.6) // 42.8% (25.6)",
        "oppScoringAgainst": "41.1% (23.3) // 37.7% (20.2) // 41.1% (23.3) // 41.1% (23.3)",
        "savesPerGame": 28.4,
        "savesPerGameLast1": 63.0,
        "savesPerGameLast3": 45.7,
        "savesPerGameLast5": 38.6,
        "savesPer60": 33.4,
        "savesPer60Last1": 146.8,
        "savesPer60Last3": 69.5,
        "savesPer60Last5": 51.1,
        "shotsPerGame": 36.8,
        "shotsPerGameLast5": 37.4,
        "shotsAgainstPerGame": 31.7,
        "shotsAgainstPerGameLast5": 40.6,
        "oppSavesAgainstPer60": 36.9,
        "oppSavesAgainstPer60Last1": 63.0,
        "oppSavesAgainstPer60Last3": 40.6,
        "oppSavesAgainstPer60Last5": 36.1,
        "oppShotsAgainstPerGame": 26.0,
        "oppShotsAgainstPerGameLast5": 34.8,
        "savesProj": 38.5,
        "savesProjLast5": 65.8,
        "savesProjLast3": 102.8,
        "oppSavesAgainstProj": 36.0,
        "oppSavesAgainstProjLast5": 41.2,
        "oppSavesAgainstProjLast3": 53.5,
        "totalOver": 31,
        "totalOverLast5": 60,
        "totalOverLast15": 33,
        "lastTotalOver": 0,
        "last5": "2,1,0,0,1,1,0,1,0,0",
        "overOdds": "+200",
        "underOdds": "-250",
        "overUnder": "+200 / -250"
    },
    {
        "player": "Anton Lundell",
        "team": "FLA",
        "opponent": "CAR",
        "propType": "ast",
        "line": 0.5,
        "ppLine": "PP2",
        "avg": 0.31,
        "hit": false,
        "diffAvg": -0.38,
        "diffAbs": 0.2,
        "lastAvg": 0.35,
        "diff": -0.3,
        "avgMin": 16,
        "proj": 0.4,
        "lastAvgMin": 15.73,
        "oppOver": 0,
        "teamOver": 0,
        "gameLine": "+125",
        "+/-": "+4",
        "L5_+/-": "+4.0",
        "prevMatchup": "2023-05-18 0.0 ast 2023-04-13 0.0 ast 2022-12-30 0.0 ast 2022-11-09 1.0 ast",
        "winLossSplits": "36% - 13%",
        "awayHome": "A",
        "playedYesterday": "N",
        "awayHomeSplits": "27% - 24%",
        "savesAboveExp": -0.44,
        "gsaa": -0.71,
        "corsi": "54.2% (66.3) // 52.5% (66.0) // 54.2% (66.3) // 54.2% (66.3)",
        "fenwick": "53.6% (49.9) // 52.0% (49.3) // 53.6% (49.9) // 53.6% (49.9)",
        "shots": "53.7% (36.5) // 51.9% (35.5) // 53.7% (36.5) // 53.7% (36.5)",
        "scoring": "54.6% (34.8) // 53.4% (34.0) // 54.6% (34.8) // 54.6% (34.8)",
        "corsiAgainst": "45.8% (56.1) // 47.5% (59.7) // 45.8% (56.1) // 45.8% (56.1)",
        "fenwickAgainst": "46.4% (43.2) // 48.0% (45.5) // 46.4% (43.2) // 46.4% (43.2)",
        "shotsAgainst": "46.3% (31.5) // 48.1% (33.0) // 46.3% (31.5) // 46.3% (31.5)",
        "scoringAgainst": "45.4% (28.9) // 46.6% (29.7) // 45.4% (28.9) // 45.4% (28.9)",
        "oppCorsi": "59.9% (67.4) // 61.2% (68.8) // 59.9% (67.4) // 59.9% (67.4)",
        "oppFenwick": "59.1% (50.8) // 60.1% (51.8) // 59.1% (50.8) // 59.1% (50.8)",
        "oppShots": "57.2% (34.3) // 58.4% (34.4) // 57.2% (34.3) // 57.2% (34.3)",
        "oppScoring": "58.9% (33.3) // 62.3% (33.3) // 58.9% (33.3) // 58.9% (33.3)",
        "oppCorsiAgainst": "40.1% (45.2) // 38.8% (43.6) // 40.1% (45.2) // 40.1% (45.2)",
        "oppFenwickAgainst": "40.9% (35.1) // 39.9% (34.4) // 40.9% (35.1) // 40.9% (35.1)",
        "oppShotsAgainst": "42.8% (25.6) // 41.6% (24.5) // 42.8% (25.6) // 42.8% (25.6)",
        "oppScoringAgainst": "41.1% (23.3) // 37.7% (20.2) // 41.1% (23.3) // 41.1% (23.3)",
        "savesPerGame": 28.4,
        "savesPerGameLast1": 63.0,
        "savesPerGameLast3": 45.7,
        "savesPerGameLast5": 38.6,
        "savesPer60": 33.4,
        "savesPer60Last1": 146.8,
        "savesPer60Last3": 69.5,
        "savesPer60Last5": 51.1,
        "shotsPerGame": 36.8,
        "shotsPerGameLast5": 37.4,
        "shotsAgainstPerGame": 31.7,
        "shotsAgainstPerGameLast5": 40.6,
        "oppSavesAgainstPer60": 36.9,
        "oppSavesAgainstPer60Last1": 63.0,
        "oppSavesAgainstPer60Last3": 40.6,
        "oppSavesAgainstPer60Last5": 36.1,
        "oppShotsAgainstPerGame": 26.0,
        "oppShotsAgainstPerGameLast5": 34.8,
        "savesProj": 38.5,
        "savesProjLast5": 65.8,
        "savesProjLast3": 102.8,
        "oppSavesAgainstProj": 36.0,
        "oppSavesAgainstProjLast5": 41.2,
        "oppSavesAgainstProjLast3": 53.5,
        "totalOver": 26,
        "totalOverLast5": 40,
        "totalOverLast15": 27,
        "lastTotalOver": 21,
        "last5": "0,0,0,1,1,0,2,2,0,0",
        "overOdds": "+240",
        "underOdds": "-305",
        "overUnder": "+240 / -305"
    },
    {
        "player": "Brady Skjei",
        "team": "CAR",
        "opponent": "FLA",
        "propType": "ast",
        "line": 0.5,
        "ppLine": "",
        "avg": 0.23,
        "hit": false,
        "diffAvg": -0.54,
        "diffAbs": 0.4,
        "lastAvg": 0.31,
        "diff": -0.38,
        "avgMin": 22,
        "proj": 0.3,
        "lastAvgMin": 21.13,
        "oppOver": 0,
        "teamOver": 0,
        "gameLine": "-145",
        "+/-": "+4",
        "L5_+/-": 0.0,
        "prevMatchup": "2023-05-18 0.0 ast 2023-04-13 0.0 ast 2022-12-30 0.0 ast 2022-11-09 0.0 ast",
        "winLossSplits": "29% - 12%",
        "awayHome": "H",
        "playedYesterday": "N",
        "awayHomeSplits": "22% - 23%",
        "savesAboveExp": -0.102,
        "gsaa": -4.63,
        "corsi": "59.9% (67.4) // 61.2% (68.8) // 59.9% (67.4) // 59.9% (67.4)",
        "fenwick": "59.1% (50.8) // 60.1% (51.8) // 59.1% (50.8) // 59.1% (50.8)",
        "shots": "57.2% (34.3) // 58.4% (34.4) // 57.2% (34.3) // 57.2% (34.3)",
        "scoring": "58.9% (33.3) // 62.3% (33.3) // 58.9% (33.3) // 58.9% (33.3)",
        "corsiAgainst": "40.1% (45.2) // 38.8% (43.6) // 40.1% (45.2) // 40.1% (45.2)",
        "fenwickAgainst": "40.9% (35.1) // 39.9% (34.4) // 40.9% (35.1) // 40.9% (35.1)",
        "shotsAgainst": "42.8% (25.6) // 41.6% (24.5) // 42.8% (25.6) // 42.8% (25.6)",
        "scoringAgainst": "41.1% (23.3) // 37.7% (20.2) // 41.1% (23.3) // 41.1% (23.3)",
        "oppCorsi": "54.2% (66.3) // 52.5% (66.0) // 54.2% (66.3) // 54.2% (66.3)",
        "oppFenwick": "53.6% (49.9) // 52.0% (49.3) // 53.6% (49.9) // 53.6% (49.9)",
        "oppShots": "53.7% (36.5) // 51.9% (35.5) // 53.7% (36.5) // 53.7% (36.5)",
        "oppScoring": "54.6% (34.8) // 53.4% (34.0) // 54.6% (34.8) // 54.6% (34.8)",
        "oppCorsiAgainst": "45.8% (56.1) // 47.5% (59.7) // 45.8% (56.1) // 45.8% (56.1)",
        "oppFenwickAgainst": "46.4% (43.2) // 48.0% (45.5) // 46.4% (43.2) // 46.4% (43.2)",
        "oppShotsAgainst": "46.3% (31.5) // 48.1% (33.0) // 46.3% (31.5) // 46.3% (31.5)",
        "oppScoringAgainst": "45.4% (28.9) // 46.6% (29.7) // 45.4% (28.9) // 45.4% (28.9)",
        "savesPerGame": 23.4,
        "savesPerGameLast1": 57.0,
        "savesPerGameLast3": 35.0,
        "savesPerGameLast5": 31.8,
        "savesPer60": 27.5,
        "savesPer60Last1": 132.7,
        "savesPer60Last3": 51.9,
        "savesPer60Last5": 41.0,
        "shotsPerGame": 34.8,
        "shotsPerGameLast5": 39.6,
        "shotsAgainstPerGame": 26.0,
        "shotsAgainstPerGameLast5": 34.8,
        "oppSavesAgainstPer60": 39.2,
        "oppSavesAgainstPer60Last1": 58.6,
        "oppSavesAgainstPer60Last3": 40.4,
        "oppSavesAgainstPer60Last5": 35.7,
        "oppShotsAgainstPerGame": 31.7,
        "oppShotsAgainstPerGameLast5": 40.6,
        "savesProj": 27.2,
        "savesProjLast5": 42.5,
        "savesProjLast3": 62.7,
        "oppSavesAgainstProj": 31.3,
        "oppSavesAgainstProjLast5": 30.8,
        "oppSavesAgainstProjLast3": 37.7,
        "totalOver": 23,
        "totalOverLast5": 0,
        "totalOverLast15": 13,
        "lastTotalOver": 30,
        "last5": "0,0,0,0,0,0,0,0,1,0",
        "overOdds": "+255",
        "underOdds": "-325",
        "overUnder": "+255 / -325"
    },
    {
        "player": "Brandon Montour",
        "team": "FLA",
        "opponent": "CAR",
        "propType": "ast",
        "line": 0.5,
        "ppLine": "PP1",
        "avg": 0.65,
        "hit": false,
        "diffAvg": 0.3,
        "diffAbs": 0.2,
        "lastAvg": 0.29,
        "diff": -0.42,
        "avgMin": 24,
        "proj": 0.4,
        "lastAvgMin": 17.88,
        "oppOver": 0,
        "teamOver": 0,
        "gameLine": "+125",
        "+/-": "+14",
        "L5_+/-": "+5.0",
        "prevMatchup": "2023-05-18 0.0 ast 2023-04-13 0.0 ast 2022-12-30 0.0 ast 2022-11-09 3.0 ast",
        "winLossSplits": "52% - 42%",
        "awayHome": "A",
        "playedYesterday": "N",
        "awayHomeSplits": "46% - 49%",
        "savesAboveExp": -0.44,
        "gsaa": -0.71,
        "corsi": "54.2% (66.3) // 52.5% (66.0) // 54.2% (66.3) // 54.2% (66.3)",
        "fenwick": "53.6% (49.9) // 52.0% (49.3) // 53.6% (49.9) // 53.6% (49.9)",
        "shots": "53.7% (36.5) // 51.9% (35.5) // 53.7% (36.5) // 53.7% (36.5)",
        "scoring": "54.6% (34.8) // 53.4% (34.0) // 54.6% (34.8) // 54.6% (34.8)",
        "corsiAgainst": "45.8% (56.1) // 47.5% (59.7) // 45.8% (56.1) // 45.8% (56.1)",
        "fenwickAgainst": "46.4% (43.2) // 48.0% (45.5) // 46.4% (43.2) // 46.4% (43.2)",
        "shotsAgainst": "46.3% (31.5) // 48.1% (33.0) // 46.3% (31.5) // 46.3% (31.5)",
        "scoringAgainst": "45.4% (28.9) // 46.6% (29.7) // 45.4% (28.9) // 45.4% (28.9)",
        "oppCorsi": "59.9% (67.4) // 61.2% (68.8) // 59.9% (67.4) // 59.9% (67.4)",
        "oppFenwick": "59.1% (50.8) // 60.1% (51.8) // 59.1% (50.8) // 59.1% (50.8)",
        "oppShots": "57.2% (34.3) // 58.4% (34.4) // 57.2% (34.3) // 57.2% (34.3)",
        "oppScoring": "58.9% (33.3) // 62.3% (33.3) // 58.9% (33.3) // 58.9% (33.3)",
        "oppCorsiAgainst": "40.1% (45.2) // 38.8% (43.6) // 40.1% (45.2) // 40.1% (45.2)",
        "oppFenwickAgainst": "40.9% (35.1) // 39.9% (34.4) // 40.9% (35.1) // 40.9% (35.1)",
        "oppShotsAgainst": "42.8% (25.6) // 41.6% (24.5) // 42.8% (25.6) // 42.8% (25.6)",
        "oppScoringAgainst": "41.1% (23.3) // 37.7% (20.2) // 41.1% (23.3) // 41.1% (23.3)",
        "savesPerGame": 28.4,
        "savesPerGameLast1": 63.0,
        "savesPerGameLast3": 45.7,
        "savesPerGameLast5": 38.6,
        "savesPer60": 33.4,
        "savesPer60Last1": 146.8,
        "savesPer60Last3": 69.5,
        "savesPer60Last5": 51.1,
        "shotsPerGame": 36.8,
        "shotsPerGameLast5": 37.4,
        "shotsAgainstPerGame": 31.7,
        "shotsAgainstPerGameLast5": 40.6,
        "oppSavesAgainstPer60": 36.9,
        "oppSavesAgainstPer60Last1": 63.0,
        "oppSavesAgainstPer60Last3": 40.6,
        "oppSavesAgainstPer60Last5": 36.1,
        "oppShotsAgainstPerGame": 26.0,
        "oppShotsAgainstPerGameLast5": 34.8,
        "savesProj": 38.5,
        "savesProjLast5": 65.8,
        "savesProjLast3": 102.8,
        "oppSavesAgainstProj": 36.0,
        "oppSavesAgainstProjLast5": 41.2,
        "oppSavesAgainstProjLast3": 53.5,
        "totalOver": 47,
        "totalOverLast5": 0,
        "totalOverLast15": 13,
        "lastTotalOver": 23,
        "last5": "0,0,0,0,0,0,0,1,0,2",
        "overOdds": "-110",
        "underOdds": "-120",
        "overUnder": "-110 / -120"
    },
    {
        "player": "Brent Burns",
        "team": "CAR",
        "opponent": "FLA",
        "propType": "ast",
        "line": 0.5,
        "ppLine": "PP1",
        "avg": 0.53,
        "hit": false,
        "diffAvg": 0.06,
        "diffAbs": 0.0,
        "lastAvg": 0.54,
        "diff": 0.08,
        "avgMin": 23,
        "proj": 0.5,
        "lastAvgMin": 26.13,
        "oppOver": 0,
        "teamOver": 0,
        "gameLine": "-145",
        "+/-": "+25",
        "L5_+/-": "+4.0",
        "prevMatchup": "2023-05-18 1.0 ast 2023-04-13 0.0 ast 2022-12-30 2.0 ast 2022-11-09 0.0 ast",
        "winLossSplits": "53% - 18%",
        "awayHome": "H",
        "playedYesterday": "N",
        "awayHomeSplits": "43% - 38%",
        "savesAboveExp": -0.102,
        "gsaa": -4.63,
        "corsi": "59.9% (67.4) // 61.2% (68.8) // 59.9% (67.4) // 59.9% (67.4)",
        "fenwick": "59.1% (50.8) // 60.1% (51.8) // 59.1% (50.8) // 59.1% (50.8)",
        "shots": "57.2% (34.3) // 58.4% (34.4) // 57.2% (34.3) // 57.2% (34.3)",
        "scoring": "58.9% (33.3) // 62.3% (33.3) // 58.9% (33.3) // 58.9% (33.3)",
        "corsiAgainst": "40.1% (45.2) // 38.8% (43.6) // 40.1% (45.2) // 40.1% (45.2)",
        "fenwickAgainst": "40.9% (35.1) // 39.9% (34.4) // 40.9% (35.1) // 40.9% (35.1)",
        "shotsAgainst": "42.8% (25.6) // 41.6% (24.5) // 42.8% (25.6) // 42.8% (25.6)",
        "scoringAgainst": "41.1% (23.3) // 37.7% (20.2) // 41.1% (23.3) // 41.1% (23.3)",
        "oppCorsi": "54.2% (66.3) // 52.5% (66.0) // 54.2% (66.3) // 54.2% (66.3)",
        "oppFenwick": "53.6% (49.9) // 52.0% (49.3) // 53.6% (49.9) // 53.6% (49.9)",
        "oppShots": "53.7% (36.5) // 51.9% (35.5) // 53.7% (36.5) // 53.7% (36.5)",
        "oppScoring": "54.6% (34.8) // 53.4% (34.0) // 54.6% (34.8) // 54.6% (34.8)",
        "oppCorsiAgainst": "45.8% (56.1) // 47.5% (59.7) // 45.8% (56.1) // 45.8% (56.1)",
        "oppFenwickAgainst": "46.4% (43.2) // 48.0% (45.5) // 46.4% (43.2) // 46.4% (43.2)",
        "oppShotsAgainst": "46.3% (31.5) // 48.1% (33.0) // 46.3% (31.5) // 46.3% (31.5)",
        "oppScoringAgainst": "45.4% (28.9) // 46.6% (29.7) // 45.4% (28.9) // 45.4% (28.9)",
        "savesPerGame": 23.4,
        "savesPerGameLast1": 57.0,
        "savesPerGameLast3": 35.0,
        "savesPerGameLast5": 31.8,
        "savesPer60": 27.5,
        "savesPer60Last1": 132.7,
        "savesPer60Last3": 51.9,
        "savesPer60Last5": 41.0,
        "shotsPerGame": 34.8,
        "shotsPerGameLast5": 39.6,
        "shotsAgainstPerGame": 26.0,
        "shotsAgainstPerGameLast5": 34.8,
        "oppSavesAgainstPer60": 39.2,
        "oppSavesAgainstPer60Last1": 58.6,
        "oppSavesAgainstPer60Last3": 40.4,
        "oppSavesAgainstPer60Last5": 35.7,
        "oppShotsAgainstPerGame": 31.7,
        "oppShotsAgainstPerGameLast5": 40.6,
        "savesProj": 27.2,
        "savesProjLast5": 42.5,
        "savesProjLast3": 62.7,
        "oppSavesAgainstProj": 31.3,
        "oppSavesAgainstProjLast5": 30.8,
        "oppSavesAgainstProjLast3": 37.7,
        "totalOver": 40,
        "totalOverLast5": 40,
        "totalOverLast15": 33,
        "lastTotalOver": 44,
        "last5": "1,0,1,0,0,0,0,0,1,0",
        "overOdds": "+115",
        "underOdds": "-145",
        "overUnder": "+115 / -145"
    },
    {
        "player": "Carter Verhaeghe",
        "team": "FLA",
        "opponent": "CAR",
        "propType": "ast",
        "line": 0.5,
        "ppLine": "PP2",
        "avg": 0.41,
        "hit": false,
        "diffAvg": -0.18,
        "diffAbs": 0.2,
        "lastAvg": 0.35,
        "diff": -0.3,
        "avgMin": 17,
        "proj": 0.4,
        "lastAvgMin": 16.05,
        "oppOver": 0,
        "teamOver": 0,
        "gameLine": "+125",
        "+/-": "+19",
        "L5_+/-": "+8.0",
        "prevMatchup": "2023-05-18 1.0 ast 2023-04-13 0.0 ast 2022-12-30 0.0 ast 2022-11-09 1.0 ast",
        "winLossSplits": "40% - 32%",
        "awayHome": "A",
        "playedYesterday": "N",
        "awayHomeSplits": "33% - 40%",
        "savesAboveExp": -0.44,
        "gsaa": -0.71,
        "corsi": "54.2% (66.3) // 52.5% (66.0) // 54.2% (66.3) // 54.2% (66.3)",
        "fenwick": "53.6% (49.9) // 52.0% (49.3) // 53.6% (49.9) // 53.6% (49.9)",
        "shots": "53.7% (36.5) // 51.9% (35.5) // 53.7% (36.5) // 53.7% (36.5)",
        "scoring": "54.6% (34.8) // 53.4% (34.0) // 54.6% (34.8) // 54.6% (34.8)",
        "corsiAgainst": "45.8% (56.1) // 47.5% (59.7) // 45.8% (56.1) // 45.8% (56.1)",
        "fenwickAgainst": "46.4% (43.2) // 48.0% (45.5) // 46.4% (43.2) // 46.4% (43.2)",
        "shotsAgainst": "46.3% (31.5) // 48.1% (33.0) // 46.3% (31.5) // 46.3% (31.5)",
        "scoringAgainst": "45.4% (28.9) // 46.6% (29.7) // 45.4% (28.9) // 45.4% (28.9)",
        "oppCorsi": "59.9% (67.4) // 61.2% (68.8) // 59.9% (67.4) // 59.9% (67.4)",
        "oppFenwick": "59.1% (50.8) // 60.1% (51.8) // 59.1% (50.8) // 59.1% (50.8)",
        "oppShots": "57.2% (34.3) // 58.4% (34.4) // 57.2% (34.3) // 57.2% (34.3)",
        "oppScoring": "58.9% (33.3) // 62.3% (33.3) // 58.9% (33.3) // 58.9% (33.3)",
        "oppCorsiAgainst": "40.1% (45.2) // 38.8% (43.6) // 40.1% (45.2) // 40.1% (45.2)",
        "oppFenwickAgainst": "40.9% (35.1) // 39.9% (34.4) // 40.9% (35.1) // 40.9% (35.1)",
        "oppShotsAgainst": "42.8% (25.6) // 41.6% (24.5) // 42.8% (25.6) // 42.8% (25.6)",
        "oppScoringAgainst": "41.1% (23.3) // 37.7% (20.2) // 41.1% (23.3) // 41.1% (23.3)",
        "savesPerGame": 28.4,
        "savesPerGameLast1": 63.0,
        "savesPerGameLast3": 45.7,
        "savesPerGameLast5": 38.6,
        "savesPer60": 33.4,
        "savesPer60Last1": 146.8,
        "savesPer60Last3": 69.5,
        "savesPer60Last5": 51.1,
        "shotsPerGame": 36.8,
        "shotsPerGameLast5": 37.4,
        "shotsAgainstPerGame": 31.7,
        "shotsAgainstPerGameLast5": 40.6,
        "oppSavesAgainstPer60": 36.9,
        "oppSavesAgainstPer60Last1": 63.0,
        "oppSavesAgainstPer60Last3": 40.6,
        "oppSavesAgainstPer60Last5": 36.1,
        "oppShotsAgainstPerGame": 26.0,
        "oppShotsAgainstPerGameLast5": 34.8,
        "savesProj": 38.5,
        "savesProjLast5": 65.8,
        "savesProjLast3": 102.8,
        "oppSavesAgainstProj": 36.0,
        "oppSavesAgainstProjLast5": 41.2,
        "oppSavesAgainstProjLast3": 53.5,
        "totalOver": 36,
        "totalOverLast5": 40,
        "totalOverLast15": 40,
        "lastTotalOver": 32,
        "last5": "1,1,0,0,0,0,1,1,3,1",
        "overOdds": "+165",
        "underOdds": "-205",
        "overUnder": "+165 / -205"
    },
    {
        "player": "Gustav Forsling",
        "team": "FLA",
        "opponent": "CAR",
        "propType": "ast",
        "line": 0.5,
        "ppLine": "PP2",
        "avg": 0.33,
        "hit": false,
        "diffAvg": -0.34,
        "diffAbs": 0.2,
        "lastAvg": 0.33,
        "diff": -0.34,
        "avgMin": 23,
        "proj": 0.4,
        "lastAvgMin": 21.22,
        "oppOver": 0,
        "teamOver": 0,
        "gameLine": "+125",
        "+/-": "+25",
        "L5_+/-": "+7.0",
        "prevMatchup": "2023-05-18 0.0 ast 2023-04-13 0.0 ast 2022-12-30 0.0 ast 2022-11-09 0.0 ast",
        "winLossSplits": "31% - 27%",
        "awayHome": "A",
        "playedYesterday": "N",
        "awayHomeSplits": "24% - 35%",
        "savesAboveExp": -0.44,
        "gsaa": -0.71,
        "corsi": "54.2% (66.3) // 52.5% (66.0) // 54.2% (66.3) // 54.2% (66.3)",
        "fenwick": "53.6% (49.9) // 52.0% (49.3) // 53.6% (49.9) // 53.6% (49.9)",
        "shots": "53.7% (36.5) // 51.9% (35.5) // 53.7% (36.5) // 53.7% (36.5)",
        "scoring": "54.6% (34.8) // 53.4% (34.0) // 54.6% (34.8) // 54.6% (34.8)",
        "corsiAgainst": "45.8% (56.1) // 47.5% (59.7) // 45.8% (56.1) // 45.8% (56.1)",
        "fenwickAgainst": "46.4% (43.2) // 48.0% (45.5) // 46.4% (43.2) // 46.4% (43.2)",
        "shotsAgainst": "46.3% (31.5) // 48.1% (33.0) // 46.3% (31.5) // 46.3% (31.5)",
        "scoringAgainst": "45.4% (28.9) // 46.6% (29.7) // 45.4% (28.9) // 45.4% (28.9)",
        "oppCorsi": "59.9% (67.4) // 61.2% (68.8) // 59.9% (67.4) // 59.9% (67.4)",
        "oppFenwick": "59.1% (50.8) // 60.1% (51.8) // 59.1% (50.8) // 59.1% (50.8)",
        "oppShots": "57.2% (34.3) // 58.4% (34.4) // 57.2% (34.3) // 57.2% (34.3)",
        "oppScoring": "58.9% (33.3) // 62.3% (33.3) // 58.9% (33.3) // 58.9% (33.3)",
        "oppCorsiAgainst": "40.1% (45.2) // 38.8% (43.6) // 40.1% (45.2) // 40.1% (45.2)",
        "oppFenwickAgainst": "40.9% (35.1) // 39.9% (34.4) // 40.9% (35.1) // 40.9% (35.1)",
        "oppShotsAgainst": "42.8% (25.6) // 41.6% (24.5) // 42.8% (25.6) // 42.8% (25.6)",
        "oppScoringAgainst": "41.1% (23.3) // 37.7% (20.2) // 41.1% (23.3) // 41.1% (23.3)",
        "savesPerGame": 28.4,
        "savesPerGameLast1": 63.0,
        "savesPerGameLast3": 45.7,
        "savesPerGameLast5": 38.6,
        "savesPer60": 33.4,
        "savesPer60Last1": 146.8,
        "savesPer60Last3": 69.5,
        "savesPer60Last5": 51.1,
        "shotsPerGame": 36.8,
        "shotsPerGameLast5": 37.4,
        "shotsAgainstPerGame": 31.7,
        "shotsAgainstPerGameLast5": 40.6,
        "oppSavesAgainstPer60": 36.9,
        "oppSavesAgainstPer60Last1": 63.0,
        "oppSavesAgainstPer60Last3": 40.6,
        "oppSavesAgainstPer60Last5": 36.1,
        "oppShotsAgainstPerGame": 26.0,
        "oppShotsAgainstPerGameLast5": 34.8,
        "savesProj": 38.5,
        "savesProjLast5": 65.8,
        "savesProjLast3": 102.8,
        "oppSavesAgainstProj": 36.0,
        "oppSavesAgainstProjLast5": 41.2,
        "oppSavesAgainstProjLast3": 53.5,
        "totalOver": 29,
        "totalOverLast5": 20,
        "totalOverLast15": 20,
        "lastTotalOver": 29,
        "last5": "0,1,0,0,0,0,0,1,0,0",
        "overOdds": "+235",
        "underOdds": "-300",
        "overUnder": "+235 / -300"
    },
    {
        "player": "Jesperi Kotkaniemi",
        "team": "CAR",
        "opponent": "FLA",
        "propType": "ast",
        "line": 0.5,
        "ppLine": "PP2",
        "avg": 0.3,
        "hit": false,
        "diffAvg": -0.4,
        "diffAbs": 0.4,
        "lastAvg": 0.21,
        "diff": -0.58,
        "avgMin": 15,
        "proj": 0.3,
        "lastAvgMin": 12.02,
        "oppOver": 0,
        "teamOver": 0,
        "gameLine": "-145",
        "+/-": "+5",
        "L5_+/-": -2.0,
        "prevMatchup": "2023-05-18 0.0 ast 2023-04-13 0.0 ast 2022-12-30 1.0 ast 2022-11-09 0.0 ast",
        "winLossSplits": "33% - 9%",
        "awayHome": "H",
        "playedYesterday": "N",
        "awayHomeSplits": "22% - 27%",
        "savesAboveExp": -0.102,
        "gsaa": -4.63,
        "corsi": "59.9% (67.4) // 61.2% (68.8) // 59.9% (67.4) // 59.9% (67.4)",
        "fenwick": "59.1% (50.8) // 60.1% (51.8) // 59.1% (50.8) // 59.1% (50.8)",
        "shots": "57.2% (34.3) // 58.4% (34.4) // 57.2% (34.3) // 57.2% (34.3)",
        "scoring": "58.9% (33.3) // 62.3% (33.3) // 58.9% (33.3) // 58.9% (33.3)",
        "corsiAgainst": "40.1% (45.2) // 38.8% (43.6) // 40.1% (45.2) // 40.1% (45.2)",
        "fenwickAgainst": "40.9% (35.1) // 39.9% (34.4) // 40.9% (35.1) // 40.9% (35.1)",
        "shotsAgainst": "42.8% (25.6) // 41.6% (24.5) // 42.8% (25.6) // 42.8% (25.6)",
        "scoringAgainst": "41.1% (23.3) // 37.7% (20.2) // 41.1% (23.3) // 41.1% (23.3)",
        "oppCorsi": "54.2% (66.3) // 52.5% (66.0) // 54.2% (66.3) // 54.2% (66.3)",
        "oppFenwick": "53.6% (49.9) // 52.0% (49.3) // 53.6% (49.9) // 53.6% (49.9)",
        "oppShots": "53.7% (36.5) // 51.9% (35.5) // 53.7% (36.5) // 53.7% (36.5)",
        "oppScoring": "54.6% (34.8) // 53.4% (34.0) // 54.6% (34.8) // 54.6% (34.8)",
        "oppCorsiAgainst": "45.8% (56.1) // 47.5% (59.7) // 45.8% (56.1) // 45.8% (56.1)",
        "oppFenwickAgainst": "46.4% (43.2) // 48.0% (45.5) // 46.4% (43.2) // 46.4% (43.2)",
        "oppShotsAgainst": "46.3% (31.5) // 48.1% (33.0) // 46.3% (31.5) // 46.3% (31.5)",
        "oppScoringAgainst": "45.4% (28.9) // 46.6% (29.7) // 45.4% (28.9) // 45.4% (28.9)",
        "savesPerGame": 23.4,
        "savesPerGameLast1": 57.0,
        "savesPerGameLast3": 35.0,
        "savesPerGameLast5": 31.8,
        "savesPer60": 27.5,
        "savesPer60Last1": 132.7,
        "savesPer60Last3": 51.9,
        "savesPer60Last5": 41.0,
        "shotsPerGame": 34.8,
        "shotsPerGameLast5": 39.6,
        "shotsAgainstPerGame": 26.0,
        "shotsAgainstPerGameLast5": 34.8,
        "oppSavesAgainstPer60": 39.2,
        "oppSavesAgainstPer60Last1": 58.6,
        "oppSavesAgainstPer60Last3": 40.4,
        "oppSavesAgainstPer60Last5": 35.7,
        "oppShotsAgainstPerGame": 31.7,
        "oppShotsAgainstPerGameLast5": 40.6,
        "savesProj": 27.2,
        "savesProjLast5": 42.5,
        "savesProjLast3": 62.7,
        "oppSavesAgainstProj": 31.3,
        "oppSavesAgainstProjLast5": 30.8,
        "oppSavesAgainstProjLast3": 37.7,
        "totalOver": 24,
        "totalOverLast5": 40,
        "totalOverLast15": 27,
        "lastTotalOver": 22,
        "last5": "0,1,1,0,0,0,0,1,0,0",
        "overOdds": "+220",
        "underOdds": "-280",
        "overUnder": "+220 / -280"
    },
    {
        "player": "Jordan Martinook",
        "team": "CAR",
        "opponent": "FLA",
        "propType": "ast",
        "line": 0.5,
        "ppLine": "",
        "avg": 0.3,
        "hit": false,
        "diffAvg": -0.4,
        "diffAbs": 0.6,
        "lastAvg": 0.14,
        "diff": -0.72,
        "avgMin": 16,
        "proj": 0.2,
        "lastAvgMin": 11.2,
        "oppOver": 0,
        "teamOver": 0,
        "gameLine": "-145",
        "+/-": "+11",
        "L5_+/-": "+4.0",
        "prevMatchup": "2023-05-18 0.0 ast 2023-04-13 0.0 ast 2022-12-30 0.0 ast 2022-11-09 0.0 ast",
        "winLossSplits": "30% - 21%",
        "awayHome": "H",
        "playedYesterday": "N",
        "awayHomeSplits": "22% - 31%",
        "savesAboveExp": -0.102,
        "gsaa": -4.63,
        "corsi": "59.9% (67.4) // 61.2% (68.8) // 59.9% (67.4) // 59.9% (67.4)",
        "fenwick": "59.1% (50.8) // 60.1% (51.8) // 59.1% (50.8) // 59.1% (50.8)",
        "shots": "57.2% (34.3) // 58.4% (34.4) // 57.2% (34.3) // 57.2% (34.3)",
        "scoring": "58.9% (33.3) // 62.3% (33.3) // 58.9% (33.3) // 58.9% (33.3)",
        "corsiAgainst": "40.1% (45.2) // 38.8% (43.6) // 40.1% (45.2) // 40.1% (45.2)",
        "fenwickAgainst": "40.9% (35.1) // 39.9% (34.4) // 40.9% (35.1) // 40.9% (35.1)",
        "shotsAgainst": "42.8% (25.6) // 41.6% (24.5) // 42.8% (25.6) // 42.8% (25.6)",
        "scoringAgainst": "41.1% (23.3) // 37.7% (20.2) // 41.1% (23.3) // 41.1% (23.3)",
        "oppCorsi": "54.2% (66.3) // 52.5% (66.0) // 54.2% (66.3) // 54.2% (66.3)",
        "oppFenwick": "53.6% (49.9) // 52.0% (49.3) // 53.6% (49.9) // 53.6% (49.9)",
        "oppShots": "53.7% (36.5) // 51.9% (35.5) // 53.7% (36.5) // 53.7% (36.5)",
        "oppScoring": "54.6% (34.8) // 53.4% (34.0) // 54.6% (34.8) // 54.6% (34.8)",
        "oppCorsiAgainst": "45.8% (56.1) // 47.5% (59.7) // 45.8% (56.1) // 45.8% (56.1)",
        "oppFenwickAgainst": "46.4% (43.2) // 48.0% (45.5) // 46.4% (43.2) // 46.4% (43.2)",
        "oppShotsAgainst": "46.3% (31.5) // 48.1% (33.0) // 46.3% (31.5) // 46.3% (31.5)",
        "oppScoringAgainst": "45.4% (28.9) // 46.6% (29.7) // 45.4% (28.9) // 45.4% (28.9)",
        "savesPerGame": 23.4,
        "savesPerGameLast1": 57.0,
        "savesPerGameLast3": 35.0,
        "savesPerGameLast5": 31.8,
        "savesPer60": 27.5,
        "savesPer60Last1": 132.7,
        "savesPer60Last3": 51.9,
        "savesPer60Last5": 41.0,
        "shotsPerGame": 34.8,
        "shotsPerGameLast5": 39.6,
        "shotsAgainstPerGame": 26.0,
        "shotsAgainstPerGameLast5": 34.8,
        "oppSavesAgainstPer60": 39.2,
        "oppSavesAgainstPer60Last1": 58.6,
        "oppSavesAgainstPer60Last3": 40.4,
        "oppSavesAgainstPer60Last5": 35.7,
        "oppShotsAgainstPerGame": 31.7,
        "oppShotsAgainstPerGameLast5": 40.6,
        "savesProj": 27.2,
        "savesProjLast5": 42.5,
        "savesProjLast3": 62.7,
        "oppSavesAgainstProj": 31.3,
        "oppSavesAgainstProjLast5": 30.8,
        "oppSavesAgainstProjLast3": 37.7,
        "totalOver": 27,
        "totalOverLast5": 80,
        "totalOverLast15": 33,
        "lastTotalOver": 14,
        "last5": "0,1,2,1,1,2,0,0,0,0",
        "overOdds": "+190",
        "underOdds": "-235",
        "overUnder": "+190 / -235"
    },
    {
        "player": "Martin Necas",
        "team": "CAR",
        "opponent": "FLA",
        "propType": "ast",
        "line": 0.5,
        "ppLine": "PP1",
        "avg": 0.49,
        "hit": false,
        "diffAvg": -0.02,
        "diffAbs": 0.4,
        "lastAvg": 0.28,
        "diff": -0.44,
        "avgMin": 18,
        "proj": 0.3,
        "lastAvgMin": 16.18,
        "oppOver": 0,
        "teamOver": 0,
        "gameLine": "-145",
        "+/-": "+3",
        "L5_+/-": "+1.0",
        "prevMatchup": "2023-05-18 1.0 ast 2023-04-13 0.0 ast 2022-12-30 1.0 ast 2022-11-09 0.0 ast",
        "winLossSplits": "42% - 26%",
        "awayHome": "H",
        "playedYesterday": "N",
        "awayHomeSplits": "24% - 48%",
        "savesAboveExp": -0.102,
        "gsaa": -4.63,
        "corsi": "59.9% (67.4) // 61.2% (68.8) // 59.9% (67.4) // 59.9% (67.4)",
        "fenwick": "59.1% (50.8) // 60.1% (51.8) // 59.1% (50.8) // 59.1% (50.8)",
        "shots": "57.2% (34.3) // 58.4% (34.4) // 57.2% (34.3) // 57.2% (34.3)",
        "scoring": "58.9% (33.3) // 62.3% (33.3) // 58.9% (33.3) // 58.9% (33.3)",
        "corsiAgainst": "40.1% (45.2) // 38.8% (43.6) // 40.1% (45.2) // 40.1% (45.2)",
        "fenwickAgainst": "40.9% (35.1) // 39.9% (34.4) // 40.9% (35.1) // 40.9% (35.1)",
        "shotsAgainst": "42.8% (25.6) // 41.6% (24.5) // 42.8% (25.6) // 42.8% (25.6)",
        "scoringAgainst": "41.1% (23.3) // 37.7% (20.2) // 41.1% (23.3) // 41.1% (23.3)",
        "oppCorsi": "54.2% (66.3) // 52.5% (66.0) // 54.2% (66.3) // 54.2% (66.3)",
        "oppFenwick": "53.6% (49.9) // 52.0% (49.3) // 53.6% (49.9) // 53.6% (49.9)",
        "oppShots": "53.7% (36.5) // 51.9% (35.5) // 53.7% (36.5) // 53.7% (36.5)",
        "oppScoring": "54.6% (34.8) // 53.4% (34.0) // 54.6% (34.8) // 54.6% (34.8)",
        "oppCorsiAgainst": "45.8% (56.1) // 47.5% (59.7) // 45.8% (56.1) // 45.8% (56.1)",
        "oppFenwickAgainst": "46.4% (43.2) // 48.0% (45.5) // 46.4% (43.2) // 46.4% (43.2)",
        "oppShotsAgainst": "46.3% (31.5) // 48.1% (33.0) // 46.3% (31.5) // 46.3% (31.5)",
        "oppScoringAgainst": "45.4% (28.9) // 46.6% (29.7) // 45.4% (28.9) // 45.4% (28.9)",
        "savesPerGame": 23.4,
        "savesPerGameLast1": 57.0,
        "savesPerGameLast3": 35.0,
        "savesPerGameLast5": 31.8,
        "savesPer60": 27.5,
        "savesPer60Last1": 132.7,
        "savesPer60Last3": 51.9,
        "savesPer60Last5": 41.0,
        "shotsPerGame": 34.8,
        "shotsPerGameLast5": 39.6,
        "shotsAgainstPerGame": 26.0,
        "shotsAgainstPerGameLast5": 34.8,
        "oppSavesAgainstPer60": 39.2,
        "oppSavesAgainstPer60Last1": 58.6,
        "oppSavesAgainstPer60Last3": 40.4,
        "oppSavesAgainstPer60Last5": 35.7,
        "oppShotsAgainstPerGame": 31.7,
        "oppShotsAgainstPerGameLast5": 40.6,
        "savesProj": 27.2,
        "savesProjLast5": 42.5,
        "savesProjLast3": 62.7,
        "oppSavesAgainstProj": 31.3,
        "oppSavesAgainstProjLast5": 30.8,
        "oppSavesAgainstProjLast3": 37.7,
        "totalOver": 36,
        "totalOverLast5": 20,
        "totalOverLast15": 13,
        "lastTotalOver": 29,
        "last5": "1,0,0,0,0,0,0,0,0,0",
        "overOdds": "+145",
        "underOdds": "-180",
        "overUnder": "+145 / -180"
    },
    {
        "player": "Matthew Tkachuk",
        "team": "FLA",
        "opponent": "CAR",
        "propType": "ast",
        "line": 0.5,
        "ppLine": "PP1",
        "avg": 0.87,
        "hit": false,
        "diffAvg": 0.74,
        "diffAbs": 0.4,
        "lastAvg": 0.66,
        "diff": 0.32,
        "avgMin": 20,
        "proj": 0.7,
        "lastAvgMin": 17.88,
        "oppOver": 0,
