[
    {
        "player": "Aaron Ekblad",
        "team": "FLA",
        "opponent": "TOR",
        "propType": "pts",
        "line": 0.5,
        "ppLine": "PP2",
        "avg": 0.51,
        "hit": false,
        "diffAvg": 0.02,
        "diffAbs": 0.4,
        "lastAvg": 0.8,
        "diff": 0.6,
        "avgMin": 23,
        "proj": 0.7,
        "lastAvgMin": 24.92,
        "oppOver": 0,
        "teamOver": 0,
        "gameLine": "+145",
        "+/-": -9,
        "L5_+/-": "+6.0",
        "prevMatchup": "2023-05-10 0.0 pts 2023-05-07 2.0 pts 2023-05-04 0.0 pts 2023-05-02 1.0 pts 2023-04-10 0.0 pts 2023-03-29 1.0 pts 2023-03-23 0.0 pts 2023-01-17 1.0 pts",
        "winLossSplits": "47% - 26%",
        "awayHome": "A",
        "playedYesterday": "N",
        "awayHomeSplits": "39% - 35%",
        "savesAboveExp": "-",
        "gsaa": "-",
        "corsi": "54.2% (66.3) // 52.5% (66.0) // 54.2% (66.3) // 54.2% (66.3)",
        "fenwick": "53.6% (49.9) // 52.0% (49.3) // 53.6% (49.9) // 53.6% (49.9)",
        "shots": "53.7% (36.5) // 51.9% (35.5) // 53.7% (36.5) // 53.7% (36.5)",
        "scoring": "54.6% (34.8) // 53.4% (34.0) // 54.6% (34.8) // 54.6% (34.8)",
        "corsiAgainst": "45.8% (56.1) // 47.5% (59.7) // 45.8% (56.1) // 45.8% (56.1)",
        "fenwickAgainst": "46.4% (43.2) // 48.0% (45.5) // 46.4% (43.2) // 46.4% (43.2)",
        "shotsAgainst": "46.3% (31.5) // 48.1% (33.0) // 46.3% (31.5) // 46.3% (31.5)",
        "scoringAgainst": "45.4% (28.9) // 46.6% (29.7) // 45.4% (28.9) // 45.4% (28.9)",
        "oppCorsi": "50.8% (57.6) // 50.8% (59.1) // 50.8% (57.6) // 50.8% (57.6)",
        "oppFenwick": "51.7% (44.0) // 52.2% (46.4) // 51.7% (44.0) // 51.7% (44.0)",
        "oppShots": "52.1% (31.8) // 52.3% (33.2) // 52.1% (31.8) // 52.1% (31.8)",
        "oppScoring": "53.9% (33.4) // 55.3% (34.1) // 53.9% (33.4) // 53.9% (33.4)",
        "oppCorsiAgainst": "49.2% (55.8) // 49.2% (57.4) // 49.2% (55.8) // 49.2% (55.8)",
        "oppFenwickAgainst": "48.3% (41.1) // 47.8% (42.5) // 48.3% (41.1) // 48.3% (41.1)",
        "oppShotsAgainst": "47.9% (29.2) // 47.7% (30.3) // 47.9% (29.2) // 47.9% (29.2)",
        "oppScoringAgainst": "46.1% (28.5) // 44.7% (27.6) // 46.1% (28.5) // 46.1% (28.5)",
        "savesPerGame": 28.4,
        "savesPerGameLast1": 23.0,
        "savesPerGameLast3": 26.3,
        "savesPerGameLast5": 29.2,
        "savesPer60": 32.1,
        "savesPer60Last1": 22.5,
        "savesPer60Last3": 26.6,
        "savesPer60Last5": 30.1,
        "shotsPerGame": 36.8,
        "shotsPerGameLast5": 28.4,
        "shotsAgainstPerGame": 31.7,
        "shotsAgainstPerGameLast5": 31.4,
        "oppSavesAgainstPer60": 32.1,
        "oppSavesAgainstPer60Last1": 23.0,
        "oppSavesAgainstPer60Last3": 26.7,
        "oppSavesAgainstPer60Last5": 27.0,
        "oppShotsAgainstPerGame": 29.5,
        "oppShotsAgainstPerGameLast5": 28.6,
        "savesProj": 30.2,
        "savesProjLast5": 26.6,
        "savesProjLast3": 23.4,
        "oppSavesAgainstProj": 31.0,
        "oppSavesAgainstProjLast5": 24.8,
        "oppSavesAgainstProjLast3": 22.2,
        "totalOver": 37,
        "totalOverLast5": 40,
        "totalOverLast15": 27,
        "lastTotalOver": 53,
        "last5": "0,2,0,1,0,0,0,0,0,0",
        "overOdds": "+150",
        "underOdds": "-185",
        "overUnder": "+150 / -185"
    },
    {
        "player": "Aleksander Barkov",
        "team": "FLA",
        "opponent": "TOR",
        "propType": "pts",
        "line": 0.5,
        "ppLine": "PP1",
        "avg": 1.1,
        "hit": false,
        "diffAvg": 1.2,
        "diffAbs": 1.4,
        "lastAvg": 1.14,
        "diff": 1.28,
        "avgMin": 21,
        "proj": 1.2,
        "lastAvgMin": 20.3,
        "oppOver": 0,
        "teamOver": 0,
        "gameLine": "+145",
        "+/-": "+13",
        "L5_+/-": "+4.0",
        "prevMatchup": "2023-05-10 0.0 pts 2023-05-07 0.0 pts 2023-05-04 1.0 pts 2023-05-02 2.0 pts 2023-04-10 0.0 pts 2023-03-29 1.0 pts 2023-03-23 1.0 pts 2023-01-17 2.0 pts",
        "winLossSplits": "84% - 47%",
        "awayHome": "A",
        "playedYesterday": "N",
        "awayHomeSplits": "67% - 70%",
        "savesAboveExp": "-",
        "gsaa": "-",
        "corsi": "54.2% (66.3) // 52.5% (66.0) // 54.2% (66.3) // 54.2% (66.3)",
        "fenwick": "53.6% (49.9) // 52.0% (49.3) // 53.6% (49.9) // 53.6% (49.9)",
        "shots": "53.7% (36.5) // 51.9% (35.5) // 53.7% (36.5) // 53.7% (36.5)",
        "scoring": "54.6% (34.8) // 53.4% (34.0) // 54.6% (34.8) // 54.6% (34.8)",
        "corsiAgainst": "45.8% (56.1) // 47.5% (59.7) // 45.8% (56.1) // 45.8% (56.1)",
        "fenwickAgainst": "46.4% (43.2) // 48.0% (45.5) // 46.4% (43.2) // 46.4% (43.2)",
        "shotsAgainst": "46.3% (31.5) // 48.1% (33.0) // 46.3% (31.5) // 46.3% (31.5)",
        "scoringAgainst": "45.4% (28.9) // 46.6% (29.7) // 45.4% (28.9) // 45.4% (28.9)",
        "oppCorsi": "50.8% (57.6) // 50.8% (59.1) // 50.8% (57.6) // 50.8% (57.6)",
        "oppFenwick": "51.7% (44.0) // 52.2% (46.4) // 51.7% (44.0) // 51.7% (44.0)",
        "oppShots": "52.1% (31.8) // 52.3% (33.2) // 52.1% (31.8) // 52.1% (31.8)",
        "oppScoring": "53.9% (33.4) // 55.3% (34.1) // 53.9% (33.4) // 53.9% (33.4)",
        "oppCorsiAgainst": "49.2% (55.8) // 49.2% (57.4) // 49.2% (55.8) // 49.2% (55.8)",
        "oppFenwickAgainst": "48.3% (41.1) // 47.8% (42.5) // 48.3% (41.1) // 48.3% (41.1)",
        "oppShotsAgainst": "47.9% (29.2) // 47.7% (30.3) // 47.9% (29.2) // 47.9% (29.2)",
        "oppScoringAgainst": "46.1% (28.5) // 44.7% (27.6) // 46.1% (28.5) // 46.1% (28.5)",
        "savesPerGame": 28.4,
        "savesPerGameLast1": 23.0,
        "savesPerGameLast3": 26.3,
        "savesPerGameLast5": 29.2,
        "savesPer60": 32.1,
        "savesPer60Last1": 22.5,
        "savesPer60Last3": 26.6,
        "savesPer60Last5": 30.1,
        "shotsPerGame": 36.8,
        "shotsPerGameLast5": 28.4,
        "shotsAgainstPerGame": 31.7,
        "shotsAgainstPerGameLast5": 31.4,
        "oppSavesAgainstPer60": 32.1,
        "oppSavesAgainstPer60Last1": 23.0,
        "oppSavesAgainstPer60Last3": 26.7,
        "oppSavesAgainstPer60Last5": 27.0,
        "oppShotsAgainstPerGame": 29.5,
        "oppShotsAgainstPerGameLast5": 28.6,
        "savesProj": 30.2,
        "savesProjLast5": 26.6,
        "savesProjLast3": 23.4,
        "oppSavesAgainstProj": 31.0,
        "oppSavesAgainstProjLast5": 24.8,
        "oppSavesAgainstProjLast3": 22.2,
        "totalOver": 68,
        "totalOverLast5": 60,
        "totalOverLast15": 60,
        "lastTotalOver": 74,
        "last5": "0,0,1,2,1,2,1,0,1,1",
        "overOdds": "-220",
        "underOdds": "+180",
        "overUnder": "-220 / +180"
    },
    {
        "player": "Anthony Duclair",
        "team": "FLA",
        "opponent": "TOR",
        "propType": "pts",
        "line": 0.5,
        "ppLine": "PP2",
        "avg": 0.47,
        "hit": false,
        "diffAvg": -0.06,
        "diffAbs": 1.0,
        "lastAvg": 0,
        "diff": 0,
        "avgMin": 14,
        "proj": 0.0,
        "lastAvgMin": 0,
        "oppOver": 0,
        "teamOver": 0,
        "gameLine": "+145",
        "+/-": -1,
        "L5_+/-": -5.0,
        "prevMatchup": "2023-05-10 0.0 pts 2023-05-07 1.0 pts 2023-05-04 1.0 pts 2023-05-02 1.0 pts 2023-04-10 0.0 pts 2023-03-29 0.0 pts 2023-03-23 0.0 pts",
        "winLossSplits": "47% - 27%",
        "awayHome": "A",
        "playedYesterday": "N",
        "awayHomeSplits": "46% - 35%",
        "savesAboveExp": "-",
        "gsaa": "-",
        "corsi": "54.2% (66.3) // 52.5% (66.0) // 54.2% (66.3) // 54.2% (66.3)",
        "fenwick": "53.6% (49.9) // 52.0% (49.3) // 53.6% (49.9) // 53.6% (49.9)",
        "shots": "53.7% (36.5) // 51.9% (35.5) // 53.7% (36.5) // 53.7% (36.5)",
        "scoring": "54.6% (34.8) // 53.4% (34.0) // 54.6% (34.8) // 54.6% (34.8)",
        "corsiAgainst": "45.8% (56.1) // 47.5% (59.7) // 45.8% (56.1) // 45.8% (56.1)",
        "fenwickAgainst": "46.4% (43.2) // 48.0% (45.5) // 46.4% (43.2) // 46.4% (43.2)",
        "shotsAgainst": "46.3% (31.5) // 48.1% (33.0) // 46.3% (31.5) // 46.3% (31.5)",
        "scoringAgainst": "45.4% (28.9) // 46.6% (29.7) // 45.4% (28.9) // 45.4% (28.9)",
        "oppCorsi": "50.8% (57.6) // 50.8% (59.1) // 50.8% (57.6) // 50.8% (57.6)",
        "oppFenwick": "51.7% (44.0) // 52.2% (46.4) // 51.7% (44.0) // 51.7% (44.0)",
        "oppShots": "52.1% (31.8) // 52.3% (33.2) // 52.1% (31.8) // 52.1% (31.8)",
        "oppScoring": "53.9% (33.4) // 55.3% (34.1) // 53.9% (33.4) // 53.9% (33.4)",
        "oppCorsiAgainst": "49.2% (55.8) // 49.2% (57.4) // 49.2% (55.8) // 49.2% (55.8)",
        "oppFenwickAgainst": "48.3% (41.1) // 47.8% (42.5) // 48.3% (41.1) // 48.3% (41.1)",
        "oppShotsAgainst": "47.9% (29.2) // 47.7% (30.3) // 47.9% (29.2) // 47.9% (29.2)",
        "oppScoringAgainst": "46.1% (28.5) // 44.7% (27.6) // 46.1% (28.5) // 46.1% (28.5)",
        "savesPerGame": 28.4,
        "savesPerGameLast1": 23.0,
        "savesPerGameLast3": 26.3,
        "savesPerGameLast5": 29.2,
        "savesPer60": 32.1,
        "savesPer60Last1": 22.5,
        "savesPer60Last3": 26.6,
        "savesPer60Last5": 30.1,
        "shotsPerGame": 36.8,
        "shotsPerGameLast5": 28.4,
        "shotsAgainstPerGame": 31.7,
        "shotsAgainstPerGameLast5": 31.4,
        "oppSavesAgainstPer60": 32.1,
        "oppSavesAgainstPer60Last1": 23.0,
        "oppSavesAgainstPer60Last3": 26.7,
        "oppSavesAgainstPer60Last5": 27.0,
        "oppShotsAgainstPerGame": 29.5,
        "oppShotsAgainstPerGameLast5": 28.6,
        "savesProj": 30.2,
        "savesProjLast5": 26.6,
        "savesProjLast3": 23.4,
        "oppSavesAgainstProj": 31.0,
        "oppSavesAgainstProjLast5": 24.8,
        "oppSavesAgainstProjLast3": 22.2,
        "totalOver": 40,
        "totalOverLast5": 60,
        "totalOverLast15": 40,
        "lastTotalOver": 0,
        "last5": "0,1,1,1,0,1,1,0,0,0",
        "overOdds": "+130",
        "underOdds": "-160",
        "overUnder": "+130 / -160"
    },
    {
        "player": "Anton Lundell",
        "team": "FLA",
        "opponent": "TOR",
        "propType": "pts",
        "line": 0.5,
        "ppLine": "PP2",
        "avg": 0.48,
        "hit": false,
        "diffAvg": -0.04,
        "diffAbs": 0.2,
        "lastAvg": 0.59,
        "diff": 0.18,
        "avgMin": 16,
        "proj": 0.6,
        "lastAvgMin": 15.73,
        "oppOver": 0,
        "teamOver": 0,
        "gameLine": "+145",
        "+/-": "+4",
        "L5_+/-": "+4.0",
        "prevMatchup": "2023-05-10 0.0 pts 2023-05-07 1.0 pts 2023-05-04 2.0 pts 2023-05-02 0.0 pts 2023-04-10 0.0 pts 2023-03-29 1.0 pts 2023-03-23 0.0 pts 2023-01-17 1.0 pts",
        "winLossSplits": "49% - 21%",
        "awayHome": "A",
        "playedYesterday": "N",
        "awayHomeSplits": "40% - 31%",
        "savesAboveExp": "-",
        "gsaa": "-",
        "corsi": "54.2% (66.3) // 52.5% (66.0) // 54.2% (66.3) // 54.2% (66.3)",
        "fenwick": "53.6% (49.9) // 52.0% (49.3) // 53.6% (49.9) // 53.6% (49.9)",
        "shots": "53.7% (36.5) // 51.9% (35.5) // 53.7% (36.5) // 53.7% (36.5)",
        "scoring": "54.6% (34.8) // 53.4% (34.0) // 54.6% (34.8) // 54.6% (34.8)",
        "corsiAgainst": "45.8% (56.1) // 47.5% (59.7) // 45.8% (56.1) // 45.8% (56.1)",
        "fenwickAgainst": "46.4% (43.2) // 48.0% (45.5) // 46.4% (43.2) // 46.4% (43.2)",
        "shotsAgainst": "46.3% (31.5) // 48.1% (33.0) // 46.3% (31.5) // 46.3% (31.5)",
        "scoringAgainst": "45.4% (28.9) // 46.6% (29.7) // 45.4% (28.9) // 45.4% (28.9)",
        "oppCorsi": "50.8% (57.6) // 50.8% (59.1) // 50.8% (57.6) // 50.8% (57.6)",
        "oppFenwick": "51.7% (44.0) // 52.2% (46.4) // 51.7% (44.0) // 51.7% (44.0)",
        "oppShots": "52.1% (31.8) // 52.3% (33.2) // 52.1% (31.8) // 52.1% (31.8)",
        "oppScoring": "53.9% (33.4) // 55.3% (34.1) // 53.9% (33.4) // 53.9% (33.4)",
        "oppCorsiAgainst": "49.2% (55.8) // 49.2% (57.4) // 49.2% (55.8) // 49.2% (55.8)",
        "oppFenwickAgainst": "48.3% (41.1) // 47.8% (42.5) // 48.3% (41.1) // 48.3% (41.1)",
        "oppShotsAgainst": "47.9% (29.2) // 47.7% (30.3) // 47.9% (29.2) // 47.9% (29.2)",
        "oppScoringAgainst": "46.1% (28.5) // 44.7% (27.6) // 46.1% (28.5) // 46.1% (28.5)",
        "savesPerGame": 28.4,
        "savesPerGameLast1": 23.0,
        "savesPerGameLast3": 26.3,
        "savesPerGameLast5": 29.2,
        "savesPer60": 32.1,
        "savesPer60Last1": 22.5,
        "savesPer60Last3": 26.6,
        "savesPer60Last5": 30.1,
        "shotsPerGame": 36.8,
        "shotsPerGameLast5": 28.4,
        "shotsAgainstPerGame": 31.7,
        "shotsAgainstPerGameLast5": 31.4,
        "oppSavesAgainstPer60": 32.1,
        "oppSavesAgainstPer60Last1": 23.0,
        "oppSavesAgainstPer60Last3": 26.7,
        "oppSavesAgainstPer60Last5": 27.0,
        "oppShotsAgainstPerGame": 29.5,
        "oppShotsAgainstPerGameLast5": 28.6,
        "savesProj": 30.2,
        "savesProjLast5": 26.6,
        "savesProjLast3": 23.4,
        "oppSavesAgainstProj": 31.0,
        "oppSavesAgainstProjLast5": 24.8,
        "oppSavesAgainstProjLast3": 22.2,
        "totalOver": 36,
        "totalOverLast5": 60,
        "totalOverLast15": 27,
        "lastTotalOver": 38,
        "last5": "0,1,2,0,2,2,0,0,0,0",
        "overOdds": "+130",
        "underOdds": "-160",
        "overUnder": "+130 / -160"
    },
    {
        "player": "Auston Matthews",
        "team": "TOR",
        "opponent": "FLA",
        "propType": "pts",
        "line": 1.5,
        "ppLine": "PP1",
        "avg": 1.14,
        "hit": false,
        "diffAvg": -0.24,
        "diffAbs": 0.13,
        "lastAvg": 1.31,
        "diff": -0.13,
        "avgMin": 20,
        "proj": 1.3,
        "lastAvgMin": 20.6,
        "oppOver": 0,
        "teamOver": 0,
        "gameLine": "-170",
        "+/-": "+33",
        "L5_+/-": "+2.0",
        "prevMatchup": "2023-05-10 0.0 pts 2023-05-07 0.0 pts 2023-05-04 1.0 pts 2023-05-02 1.0 pts 2023-04-10 1.0 pts 2023-03-29 1.0 pts 2023-03-23 2.0 pts 2023-01-17 1.0 pts",
        "winLossSplits": "39% - 18%",
        "awayHome": "H",
        "playedYesterday": "N",
        "awayHomeSplits": "30% - 32%",
        "savesAboveExp": -0.102,
        "gsaa": -4.63,
        "corsi": "50.8% (57.6) // 50.8% (59.1) // 50.8% (57.6) // 50.8% (57.6)",
        "fenwick": "51.7% (44.0) // 52.2% (46.4) // 51.7% (44.0) // 51.7% (44.0)",
        "shots": "52.1% (31.8) // 52.3% (33.2) // 52.1% (31.8) // 52.1% (31.8)",
        "scoring": "53.9% (33.4) // 55.3% (34.1) // 53.9% (33.4) // 53.9% (33.4)",
        "corsiAgainst": "49.2% (55.8) // 49.2% (57.4) // 49.2% (55.8) // 49.2% (55.8)",
        "fenwickAgainst": "48.3% (41.1) // 47.8% (42.5) // 48.3% (41.1) // 48.3% (41.1)",
        "shotsAgainst": "47.9% (29.2) // 47.7% (30.3) // 47.9% (29.2) // 47.9% (29.2)",
        "scoringAgainst": "46.1% (28.5) // 44.7% (27.6) // 46.1% (28.5) // 46.1% (28.5)",
        "oppCorsi": "54.2% (66.3) // 52.5% (66.0) // 54.2% (66.3) // 54.2% (66.3)",
        "oppFenwick": "53.6% (49.9) // 52.0% (49.3) // 53.6% (49.9) // 53.6% (49.9)",
        "oppShots": "53.7% (36.5) // 51.9% (35.5) // 53.7% (36.5) // 53.7% (36.5)",
        "oppScoring": "54.6% (34.8) // 53.4% (34.0) // 54.6% (34.8) // 54.6% (34.8)",
        "oppCorsiAgainst": "45.8% (56.1) // 47.5% (59.7) // 45.8% (56.1) // 45.8% (56.1)",
        "oppFenwickAgainst": "46.4% (43.2) // 48.0% (45.5) // 46.4% (43.2) // 46.4% (43.2)",
        "oppShotsAgainst": "46.3% (31.5) // 48.1% (33.0) // 46.3% (31.5) // 46.3% (31.5)",
        "oppScoringAgainst": "45.4% (28.9) // 46.6% (29.7) // 45.4% (28.9) // 45.4% (28.9)",
        "savesPerGame": 26.8,
        "savesPerGameLast1": 24.0,
        "savesPerGameLast3": 25.3,
        "savesPerGameLast5": 26.2,
        "savesPer60": 30.3,
        "savesPer60Last1": 24.0,
        "savesPer60Last3": 25.4,
        "savesPer60Last5": 26.4,
        "shotsPerGame": 32.0,
        "shotsPerGameLast5": 28.6,
        "shotsAgainstPerGame": 29.5,
        "shotsAgainstPerGameLast5": 28.6,
        "oppSavesAgainstPer60": 37.8,
        "oppSavesAgainstPer60Last1": 24.7,
        "oppSavesAgainstPer60Last3": 25.2,
        "oppSavesAgainstPer60Last5": 26.0,
        "oppShotsAgainstPerGame": 31.7,
        "oppShotsAgainstPerGameLast5": 31.4,
        "savesProj": 30.8,
        "savesProjLast5": 20.9,
        "savesProjLast3": 20.0,
        "oppSavesAgainstProj": 34.0,
        "oppSavesAgainstProjLast5": 19.0,
        "oppSavesAgainstProjLast3": 16.9,
        "totalOver": 31,
        "totalOverLast5": 0,
        "totalOverLast15": 27,
        "lastTotalOver": 46,
        "last5": "0,0,1,1,1,1,2,1,2,2",
        "overOdds": "+130",
        "underOdds": "-160",
        "overUnder": "+130 / -160"
    },
    {
        "player": "Brandon Montour",
        "team": "FLA",
        "opponent": "TOR",
        "propType": "pts",
        "line": 0.5,
        "ppLine": "PP1",
        "avg": 0.9,
        "hit": false,
        "diffAvg": 0.8,
        "diffAbs": 0.0,
        "lastAvg": 0.41,
        "diff": -0.18,
        "avgMin": 24,
        "proj": 0.5,
        "lastAvgMin": 17.88,
        "oppOver": 0,
        "teamOver": 0,
        "gameLine": "+145",
        "+/-": "+12",
        "L5_+/-": "+2.0",
        "prevMatchup": "2023-05-10 0.0 pts 2023-05-07 0.0 pts 2023-05-04 0.0 pts 2023-05-02 1.0 pts 2023-04-10 1.0 pts 2023-03-29 2.0 pts 2023-03-23 1.0 pts 2023-01-17 1.0 pts",
        "winLossSplits": "69% - 53%",
        "awayHome": "A",
        "playedYesterday": "N",
        "awayHomeSplits": "63% - 60%",
        "savesAboveExp": "-",
        "gsaa": "-",
        "corsi": "54.2% (66.3) // 52.5% (66.0) // 54.2% (66.3) // 54.2% (66.3)",
        "fenwick": "53.6% (49.9) // 52.0% (49.3) // 53.6% (49.9) // 53.6% (49.9)",
        "shots": "53.7% (36.5) // 51.9% (35.5) // 53.7% (36.5) // 53.7% (36.5)",
        "scoring": "54.6% (34.8) // 53.4% (34.0) // 54.6% (34.8) // 54.6% (34.8)",
        "corsiAgainst": "45.8% (56.1) // 47.5% (59.7) // 45.8% (56.1) // 45.8% (56.1)",
        "fenwickAgainst": "46.4% (43.2) // 48.0% (45.5) // 46.4% (43.2) // 46.4% (43.2)",
        "shotsAgainst": "46.3% (31.5) // 48.1% (33.0) // 46.3% (31.5) // 46.3% (31.5)",
        "scoringAgainst": "45.4% (28.9) // 46.6% (29.7) // 45.4% (28.9) // 45.4% (28.9)",
        "oppCorsi": "50.8% (57.6) // 50.8% (59.1) // 50.8% (57.6) // 50.8% (57.6)",
        "oppFenwick": "51.7% (44.0) // 52.2% (46.4) // 51.7% (44.0) // 51.7% (44.0)",
        "oppShots": "52.1% (31.8) // 52.3% (33.2) // 52.1% (31.8) // 52.1% (31.8)",
        "oppScoring": "53.9% (33.4) // 55.3% (34.1) // 53.9% (33.4) // 53.9% (33.4)",
        "oppCorsiAgainst": "49.2% (55.8) // 49.2% (57.4) // 49.2% (55.8) // 49.2% (55.8)",
        "oppFenwickAgainst": "48.3% (41.1) // 47.8% (42.5) // 48.3% (41.1) // 48.3% (41.1)",
        "oppShotsAgainst": "47.9% (29.2) // 47.7% (30.3) // 47.9% (29.2) // 47.9% (29.2)",
        "oppScoringAgainst": "46.1% (28.5) // 44.7% (27.6) // 46.1% (28.5) // 46.1% (28.5)",
        "savesPerGame": 28.4,
        "savesPerGameLast1": 23.0,
        "savesPerGameLast3": 26.3,
        "savesPerGameLast5": 29.2,
        "savesPer60": 32.1,
        "savesPer60Last1": 22.5,
        "savesPer60Last3": 26.6,
        "savesPer60Last5": 30.1,
        "shotsPerGame": 36.8,
        "shotsPerGameLast5": 28.4,
        "shotsAgainstPerGame": 31.7,
        "shotsAgainstPerGameLast5": 31.4,
        "oppSavesAgainstPer60": 32.1,
        "oppSavesAgainstPer60Last1": 23.0,
        "oppSavesAgainstPer60Last3": 26.7,
        "oppSavesAgainstPer60Last5": 27.0,
        "oppShotsAgainstPerGame": 29.5,
        "oppShotsAgainstPerGameLast5": 28.6,
        "savesProj": 30.2,
        "savesProjLast5": 26.6,
        "savesProjLast3": 23.4,
        "oppSavesAgainstProj": 31.0,
        "oppSavesAgainstProjLast5": 24.8,
        "oppSavesAgainstProjLast3": 22.2,
        "totalOver": 62,
        "totalOverLast5": 40,
        "totalOverLast15": 47,
        "lastTotalOver": 33,
        "last5": "0,0,0,1,2,2,0,2,0,2",
        "overOdds": "-155",
        "underOdds": "+125",
        "overUnder": "-155 / +125"
    },
    {
        "player": "Carter Verhaeghe",
        "team": "FLA",
        "opponent": "TOR",
        "propType": "pts",
        "line": 0.5,
        "ppLine": "PP2",
        "avg": 0.9,
        "hit": false,
        "diffAvg": 0.8,
        "diffAbs": 0.4,
        "lastAvg": 0.62,
        "diff": 0.24,
        "avgMin": 17,
        "proj": 0.7,
        "lastAvgMin": 16.05,
        "oppOver": 0,
        "teamOver": 0,
        "gameLine": "+145",
        "+/-": "+17",
        "L5_+/-": "+8.0",
        "prevMatchup": "2023-05-10 0.0 pts 2023-05-07 1.0 pts 2023-05-04 0.0 pts 2023-05-02 1.0 pts 2023-04-10 1.0 pts 2023-03-29 0.0 pts 2023-03-23 1.0 pts 2023-01-17 1.0 pts",
        "winLossSplits": "65% - 52%",
        "awayHome": "A",
        "playedYesterday": "N",
        "awayHomeSplits": "57% - 60%",
        "savesAboveExp": "-",
        "gsaa": "-",
        "corsi": "54.2% (66.3) // 52.5% (66.0) // 54.2% (66.3) // 54.2% (66.3)",
        "fenwick": "53.6% (49.9) // 52.0% (49.3) // 53.6% (49.9) // 53.6% (49.9)",
        "shots": "53.7% (36.5) // 51.9% (35.5) // 53.7% (36.5) // 53.7% (36.5)",
        "scoring": "54.6% (34.8) // 53.4% (34.0) // 54.6% (34.8) // 54.6% (34.8)",
        "corsiAgainst": "45.8% (56.1) // 47.5% (59.7) // 45.8% (56.1) // 45.8% (56.1)",
        "fenwickAgainst": "46.4% (43.2) // 48.0% (45.5) // 46.4% (43.2) // 46.4% (43.2)",
        "shotsAgainst": "46.3% (31.5) // 48.1% (33.0) // 46.3% (31.5) // 46.3% (31.5)",
        "scoringAgainst": "45.4% (28.9) // 46.6% (29.7) // 45.4% (28.9) // 45.4% (28.9)",
        "oppCorsi": "50.8% (57.6) // 50.8% (59.1) // 50.8% (57.6) // 50.8% (57.6)",
        "oppFenwick": "51.7% (44.0) // 52.2% (46.4) // 51.7% (44.0) // 51.7% (44.0)",
        "oppShots": "52.1% (31.8) // 52.3% (33.2) // 52.1% (31.8) // 52.1% (31.8)",
        "oppScoring": "53.9% (33.4) // 55.3% (34.1) // 53.9% (33.4) // 53.9% (33.4)",
        "oppCorsiAgainst": "49.2% (55.8) // 49.2% (57.4) // 49.2% (55.8) // 49.2% (55.8)",
        "oppFenwickAgainst": "48.3% (41.1) // 47.8% (42.5) // 48.3% (41.1) // 48.3% (41.1)",
        "oppShotsAgainst": "47.9% (29.2) // 47.7% (30.3) // 47.9% (29.2) // 47.9% (29.2)",
        "oppScoringAgainst": "46.1% (28.5) // 44.7% (27.6) // 46.1% (28.5) // 46.1% (28.5)",
        "savesPerGame": 28.4,
        "savesPerGameLast1": 23.0,
        "savesPerGameLast3": 26.3,
        "savesPerGameLast5": 29.2,
        "savesPer60": 32.1,
        "savesPer60Last1": 22.5,
        "savesPer60Last3": 26.6,
        "savesPer60Last5": 30.1,
        "shotsPerGame": 36.8,
        "shotsPerGameLast5": 28.4,
        "shotsAgainstPerGame": 31.7,
        "shotsAgainstPerGameLast5": 31.4,
        "oppSavesAgainstPer60": 32.1,
        "oppSavesAgainstPer60Last1": 23.0,
        "oppSavesAgainstPer60Last3": 26.7,
        "oppSavesAgainstPer60Last5": 27.0,
        "oppShotsAgainstPerGame": 29.5,
        "oppShotsAgainstPerGameLast5": 28.6,
        "savesProj": 30.2,
        "savesProjLast5": 26.6,
        "savesProjLast3": 23.4,
        "oppSavesAgainstProj": 31.0,
        "oppSavesAgainstProjLast5": 24.8,
        "oppSavesAgainstProjLast3": 22.2,
        "totalOver": 59,
        "totalOverLast5": 60,
        "totalOverLast15": 67,
        "lastTotalOver": 53,
        "last5": "0,1,0,1,2,1,3,1,0,1",
        "overOdds": "-135",
        "underOdds": "+105",
        "overUnder": "-135 / +105"
    },
    {
        "player": "Gustav Forsling",
        "team": "FLA",
        "opponent": "TOR",
        "propType": "pts",
        "line": 0.5,
        "ppLine": "PP2",
        "avg": 0.48,
        "hit": false,
        "diffAvg": -0.04,
        "diffAbs": 0.0,
        "lastAvg": 0.46,
        "diff": -0.08,
        "avgMin": 23,
        "proj": 0.5,
        "lastAvgMin": 21.22,
        "oppOver": 0,
        "teamOver": 0,
        "gameLine": "+145",
        "+/-": "+25",
        "L5_+/-": "+9.0",
        "prevMatchup": "2023-05-10 0.0 pts 2023-05-07 0.0 pts 2023-05-04 1.0 pts 2023-05-02 0.0 pts 2023-04-10 0.0 pts 2023-03-29 0.0 pts 2023-03-23 0.0 pts 2023-01-17 0.0 pts",
        "winLossSplits": "49% - 34%",
        "awayHome": "A",
        "playedYesterday": "N",
        "awayHomeSplits": "43% - 41%",
        "savesAboveExp": "-",
        "gsaa": "-",
        "corsi": "54.2% (66.3) // 52.5% (66.0) // 54.2% (66.3) // 54.2% (66.3)",
        "fenwick": "53.6% (49.9) // 52.0% (49.3) // 53.6% (49.9) // 53.6% (49.9)",
        "shots": "53.7% (36.5) // 51.9% (35.5) // 53.7% (36.5) // 53.7% (36.5)",
        "scoring": "54.6% (34.8) // 53.4% (34.0) // 54.6% (34.8) // 54.6% (34.8)",
        "corsiAgainst": "45.8% (56.1) // 47.5% (59.7) // 45.8% (56.1) // 45.8% (56.1)",
        "fenwickAgainst": "46.4% (43.2) // 48.0% (45.5) // 46.4% (43.2) // 46.4% (43.2)",
        "shotsAgainst": "46.3% (31.5) // 48.1% (33.0) // 46.3% (31.5) // 46.3% (31.5)",
        "scoringAgainst": "45.4% (28.9) // 46.6% (29.7) // 45.4% (28.9) // 45.4% (28.9)",
        "oppCorsi": "50.8% (57.6) // 50.8% (59.1) // 50.8% (57.6) // 50.8% (57.6)",
        "oppFenwick": "51.7% (44.0) // 52.2% (46.4) // 51.7% (44.0) // 51.7% (44.0)",
        "oppShots": "52.1% (31.8) // 52.3% (33.2) // 52.1% (31.8) // 52.1% (31.8)",
        "oppScoring": "53.9% (33.4) // 55.3% (34.1) // 53.9% (33.4) // 53.9% (33.4)",
        "oppCorsiAgainst": "49.2% (55.8) // 49.2% (57.4) // 49.2% (55.8) // 49.2% (55.8)",
        "oppFenwickAgainst": "48.3% (41.1) // 47.8% (42.5) // 48.3% (41.1) // 48.3% (41.1)",
        "oppShotsAgainst": "47.9% (29.2) // 47.7% (30.3) // 47.9% (29.2) // 47.9% (29.2)",
        "oppScoringAgainst": "46.1% (28.5) // 44.7% (27.6) // 46.1% (28.5) // 46.1% (28.5)",
        "savesPerGame": 28.4,
        "savesPerGameLast1": 23.0,
        "savesPerGameLast3": 26.3,
        "savesPerGameLast5": 29.2,
        "savesPer60": 32.1,
        "savesPer60Last1": 22.5,
        "savesPer60Last3": 26.6,
        "savesPer60Last5": 30.1,
        "shotsPerGame": 36.8,
        "shotsPerGameLast5": 28.4,
        "shotsAgainstPerGame": 31.7,
        "shotsAgainstPerGameLast5": 31.4,
        "oppSavesAgainstPer60": 32.1,
        "oppSavesAgainstPer60Last1": 23.0,
        "oppSavesAgainstPer60Last3": 26.7,
        "oppSavesAgainstPer60Last5": 27.0,
        "oppShotsAgainstPerGame": 29.5,
        "oppShotsAgainstPerGameLast5": 28.6,
        "savesProj": 30.2,
        "savesProjLast5": 26.6,
        "savesProjLast3": 23.4,
        "oppSavesAgainstProj": 31.0,
        "oppSavesAgainstProjLast5": 24.8,
        "oppSavesAgainstProjLast3": 22.2,
        "totalOver": 42,
        "totalOverLast5": 20,
        "totalOverLast15": 27,
        "lastTotalOver": 36,
        "last5": "0,0,1,0,0,1,0,0,1,1",
        "overOdds": "+160",
        "underOdds": "-195",
        "overUnder": "+160 / -195"
    },
    {
        "player": "John Tavares",
        "team": "TOR",
        "opponent": "FLA",
        "propType": "pts",
        "line": 0.5,
        "ppLine": "PP1",
        "avg": 0.97,
        "hit": false,
        "diffAvg": 0.94,
        "diffAbs": 0.6,
        "lastAvg": 0.88,
        "diff": 0.76,
        "avgMin": 17,
        "proj": 0.8,
        "lastAvgMin": 18.07,
        "oppOver": 0,
        "teamOver": 0,
        "gameLine": "-170",
        "+/-": -9,
        "L5_+/-": -2.0,
        "prevMatchup": "2023-05-10 0.0 pts 2023-05-07 0.0 pts 2023-05-04 0.0 pts 2023-05-02 0.0 pts 2023-04-10 1.0 pts 2023-03-29 0.0 pts 2023-03-23 3.0 pts 2023-01-17 1.0 pts",
        "winLossSplits": "72% - 41%",
        "awayHome": "H",
        "playedYesterday": "N",
        "awayHomeSplits": "61% - 57%",
        "savesAboveExp": -0.102,
        "gsaa": -4.63,
        "corsi": "50.8% (57.6) // 50.8% (59.1) // 50.8% (57.6) // 50.8% (57.6)",
        "fenwick": "51.7% (44.0) // 52.2% (46.4) // 51.7% (44.0) // 51.7% (44.0)",
        "shots": "52.1% (31.8) // 52.3% (33.2) // 52.1% (31.8) // 52.1% (31.8)",
        "scoring": "53.9% (33.4) // 55.3% (34.1) // 53.9% (33.4) // 53.9% (33.4)",
        "corsiAgainst": "49.2% (55.8) // 49.2% (57.4) // 49.2% (55.8) // 49.2% (55.8)",
        "fenwickAgainst": "48.3% (41.1) // 47.8% (42.5) // 48.3% (41.1) // 48.3% (41.1)",
        "shotsAgainst": "47.9% (29.2) // 47.7% (30.3) // 47.9% (29.2) // 47.9% (29.2)",
        "scoringAgainst": "46.1% (28.5) // 44.7% (27.6) // 46.1% (28.5) // 46.1% (28.5)",
        "oppCorsi": "54.2% (66.3) // 52.5% (66.0) // 54.2% (66.3) // 54.2% (66.3)",
        "oppFenwick": "53.6% (49.9) // 52.0% (49.3) // 53.6% (49.9) // 53.6% (49.9)",
        "oppShots": "53.7% (36.5) // 51.9% (35.5) // 53.7% (36.5) // 53.7% (36.5)",
        "oppScoring": "54.6% (34.8) // 53.4% (34.0) // 54.6% (34.8) // 54.6% (34.8)",
        "oppCorsiAgainst": "45.8% (56.1) // 47.5% (59.7) // 45.8% (56.1) // 45.8% (56.1)",
        "oppFenwickAgainst": "46.4% (43.2) // 48.0% (45.5) // 46.4% (43.2) // 46.4% (43.2)",
        "oppShotsAgainst": "46.3% (31.5) // 48.1% (33.0) // 46.3% (31.5) // 46.3% (31.5)",
        "oppScoringAgainst": "45.4% (28.9) // 46.6% (29.7) // 45.4% (28.9) // 45.4% (28.9)",
        "savesPerGame": 26.8,
        "savesPerGameLast1": 24.0,
        "savesPerGameLast3": 25.3,
        "savesPerGameLast5": 26.2,
        "savesPer60": 30.3,
        "savesPer60Last1": 24.0,
        "savesPer60Last3": 25.4,
        "savesPer60Last5": 26.4,
        "shotsPerGame": 32.0,
        "shotsPerGameLast5": 28.6,
        "shotsAgainstPerGame": 29.5,
        "shotsAgainstPerGameLast5": 28.6,
        "oppSavesAgainstPer60": 37.8,
        "oppSavesAgainstPer60Last1": 24.7,
        "oppSavesAgainstPer60Last3": 25.2,
        "oppSavesAgainstPer60Last5": 26.0,
        "oppShotsAgainstPerGame": 31.7,
        "oppShotsAgainstPerGameLast5": 31.4,
        "savesProj": 30.8,
        "savesProjLast5": 20.9,
        "savesProjLast3": 20.0,
        "oppSavesAgainstProj": 34.0,
        "oppSavesAgainstProjLast5": 19.0,
        "oppSavesAgainstProjLast3": 16.9,
        "totalOver": 59,
        "totalOverLast5": 20,
        "totalOverLast15": 47,
        "lastTotalOver": 66,
        "last5": "0,0,0,0,1,2,0,0,3,1",
        "overOdds": "-165",
        "underOdds": "+135",
        "overUnder": "-165 / +135"
    },
    {
        "player": "Matthew Tkachuk",
        "team": "FLA",
        "opponent": "TOR",
        "propType": "pts",
        "line": 1.5,
        "ppLine": "PP1",
        "avg": 1.39,
        "hit": false,
        "diffAvg": -0.07,
        "diffAbs": 0.2,
        "lastAvg": 1.11,
        "diff": -0.26,
        "avgMin": 20,
        "proj": 1.2,
        "lastAvgMin": 17.88,
        "oppOver": 0,
        "teamOver": 0,
        "gameLine": "+145",
        "+/-": "+38",
        "L5_+/-": "+8.0",
        "prevMatchup": "2023-05-10 1.0 pts 2023-05-07 0.0 pts 2023-05-04 1.0 pts 2023-05-02 3.0 pts 2023-04-10 0.0 pts 2023-03-29 0.0 pts 2023-03-23 1.0 pts 2023-01-17 0.0 pts",
        "winLossSplits": "62% - 23%",
        "awayHome": "A",
        "playedYesterday": "N",
        "awayHomeSplits": "35% - 52%",
        "savesAboveExp": "-",
        "gsaa": "-",
        "corsi": "54.2% (66.3) // 52.5% (66.0) // 54.2% (66.3) // 54.2% (66.3)",
        "fenwick": "53.6% (49.9) // 52.0% (49.3) // 53.6% (49.9) // 53.6% (49.9)",
        "shots": "53.7% (36.5) // 51.9% (35.5) // 53.7% (36.5) // 53.7% (36.5)",
        "scoring": "54.6% (34.8) // 53.4% (34.0) // 54.6% (34.8) // 54.6% (34.8)",
        "corsiAgainst": "45.8% (56.1) // 47.5% (59.7) // 45.8% (56.1) // 45.8% (56.1)",
        "fenwickAgainst": "46.4% (43.2) // 48.0% (45.5) // 46.4% (43.2) // 46.4% (43.2)",
        "shotsAgainst": "46.3% (31.5) // 48.1% (33.0) // 46.3% (31.5) // 46.3% (31.5)",
        "scoringAgainst": "45.4% (28.9) // 46.6% (29.7) // 45.4% (28.9) // 45.4% (28.9)",
        "oppCorsi": "50.8% (57.6) // 50.8% (59.1) // 50.8% (57.6) // 50.8% (57.6)",
        "oppFenwick": "51.7% (44.0) // 52.2% (46.4) // 51.7% (44.0) // 51.7% (44.0)",
        "oppShots": "52.1% (31.8) // 52.3% (33.2) // 52.1% (31.8) // 52.1% (31.8)",
        "oppScoring": "53.9% (33.4) // 55.3% (34.1) // 53.9% (33.4) // 53.9% (33.4)",
        "oppCorsiAgainst": "49.2% (55.8) // 49.2% (57.4) // 49.2% (55.8) // 49.2% (55.8)",
        "oppFenwickAgainst": "48.3% (41.1) // 47.8% (42.5) // 48.3% (41.1) // 48.3% (41.1)",
        "oppShotsAgainst": "47.9% (29.2) // 47.7% (30.3) // 47.9% (29.2) // 47.9% (29.2)",
        "oppScoringAgainst": "46.1% (28.5) // 44.7% (27.6) // 46.1% (28.5) // 46.1% (28.5)",
        "savesPerGame": 28.4,
        "savesPerGameLast1": 23.0,
        "savesPerGameLast3": 26.3,
        "savesPerGameLast5": 29.2,
        "savesPer60": 32.1,
        "savesPer60Last1": 22.5,
        "savesPer60Last3": 26.6,
        "savesPer60Last5": 30.1,
        "shotsPerGame": 36.8,
        "shotsPerGameLast5": 28.4,
        "shotsAgainstPerGame": 31.7,
        "shotsAgainstPerGameLast5": 31.4,
        "oppSavesAgainstPer60": 32.1,
        "oppSavesAgainstPer60Last1": 23.0,
        "oppSavesAgainstPer60Last3": 26.7,
        "oppSavesAgainstPer60Last5": 27.0,
        "oppShotsAgainstPerGame": 29.5,
        "oppShotsAgainstPerGameLast5": 28.6,
        "savesProj": 30.2,
        "savesProjLast5": 26.6,
        "savesProjLast3": 23.4,
        "oppSavesAgainstProj": 31.0,
        "oppSavesAgainstProjLast5": 24.8,
        "oppSavesAgainstProjLast3": 22.2,
        "totalOver": 43,
        "totalOverLast5": 20,
        "totalOverLast15": 40,
        "lastTotalOver": 29,
        "last5": "1,0,1,3,1,3,2,2,0,2",
        "overOdds": "+140",
        "underOdds": "-175",
        "overUnder": "+140 / -175"
    },
    {
        "player": "Michael Bunting",
        "team": "TOR",
        "opponent": "FLA",
        "propType": "pts",
        "line": 0.5,
        "ppLine": "PP2",
        "avg": 0.58,
        "hit": false,
        "diffAvg": 0.16,
        "diffAbs": 0.4,
        "lastAvg": 0.74,
        "diff": 0.48,
        "avgMin": 15,
        "proj": 0.7,
        "lastAvgMin": 15.53,
        "oppOver": 0,
        "teamOver": 0,
        "gameLine": "-170",
        "+/-": "+19",
        "L5_+/-": -3.0,
        "prevMatchup": "2023-05-10 1.0 pts 2023-05-07 0.0 pts 2023-05-04 0.0 pts 2023-05-02 1.0 pts 2023-04-10 0.0 pts 2023-03-29 0.0 pts 2023-03-23 1.0 pts 2023-01-17 0.0 pts",
        "winLossSplits": "54% - 25%",
        "awayHome": "H",
        "playedYesterday": "N",
        "awayHomeSplits": "43% - 41%",
        "savesAboveExp": -0.102,
        "gsaa": -4.63,
        "corsi": "50.8% (57.6) // 50.8% (59.1) // 50.8% (57.6) // 50.8% (57.6)",
        "fenwick": "51.7% (44.0) // 52.2% (46.4) // 51.7% (44.0) // 51.7% (44.0)",
        "shots": "52.1% (31.8) // 52.3% (33.2) // 52.1% (31.8) // 52.1% (31.8)",
        "scoring": "53.9% (33.4) // 55.3% (34.1) // 53.9% (33.4) // 53.9% (33.4)",
        "corsiAgainst": "49.2% (55.8) // 49.2% (57.4) // 49.2% (55.8) // 49.2% (55.8)",
        "fenwickAgainst": "48.3% (41.1) // 47.8% (42.5) // 48.3% (41.1) // 48.3% (41.1)",
        "shotsAgainst": "47.9% (29.2) // 47.7% (30.3) // 47.9% (29.2) // 47.9% (29.2)",
        "scoringAgainst": "46.1% (28.5) // 44.7% (27.6) // 46.1% (28.5) // 46.1% (28.5)",
        "oppCorsi": "54.2% (66.3) // 52.5% (66.0) // 54.2% (66.3) // 54.2% (66.3)",
        "oppFenwick": "53.6% (49.9) // 52.0% (49.3) // 53.6% (49.9) // 53.6% (49.9)",
        "oppShots": "53.7% (36.5) // 51.9% (35.5) // 53.7% (36.5) // 53.7% (36.5)",
        "oppScoring": "54.6% (34.8) // 53.4% (34.0) // 54.6% (34.8) // 54.6% (34.8)",
        "oppCorsiAgainst": "45.8% (56.1) // 47.5% (59.7) // 45.8% (56.1) // 45.8% (56.1)",
        "oppFenwickAgainst": "46.4% (43.2) // 48.0% (45.5) // 46.4% (43.2) // 46.4% (43.2)",
        "oppShotsAgainst": "46.3% (31.5) // 48.1% (33.0) // 46.3% (31.5) // 46.3% (31.5)",
        "oppScoringAgainst": "45.4% (28.9) // 46.6% (29.7) // 45.4% (28.9) // 45.4% (28.9)",
        "savesPerGame": 26.8,
        "savesPerGameLast1": 24.0,
        "savesPerGameLast3": 25.3,
        "savesPerGameLast5": 26.2,
        "savesPer60": 30.3,
        "savesPer60Last1": 24.0,
        "savesPer60Last3": 25.4,
        "savesPer60Last5": 26.4,
        "shotsPerGame": 32.0,
        "shotsPerGameLast5": 28.6,
        "shotsAgainstPerGame": 29.5,
        "shotsAgainstPerGameLast5": 28.6,
        "oppSavesAgainstPer60": 37.8,
        "oppSavesAgainstPer60Last1": 24.7,
        "oppSavesAgainstPer60Last3": 25.2,
        "oppSavesAgainstPer60Last5": 26.0,
        "oppShotsAgainstPerGame": 31.7,
        "oppShotsAgainstPerGameLast5": 31.4,
        "savesProj": 30.8,
        "savesProjLast5": 20.9,
        "savesProjLast3": 20.0,
        "oppSavesAgainstProj": 34.0,
        "oppSavesAgainstProjLast5": 19.0,
        "oppSavesAgainstProjLast3": 16.9,
        "totalOver": 42,
        "totalOverLast5": 40,
        "totalOverLast15": 27,
        "lastTotalOver": 54,
        "last5": "1,0,0,1,0,0,0,0,0,2",
        "overOdds": "+125",
        "underOdds": "-155",
        "overUnder": "+125 / -155"
    },
    {
        "player": "Mitchell Marner",
        "team": "TOR",
        "opponent": "FLA",
        "propType": "pts",
        "line": 1.5,
        "ppLine": "PP1",
        "avg": 1.26,
        "hit": false,
        "diffAvg": -0.16,
        "diffAbs": 0.2,
        "lastAvg": 1.23,
        "diff": -0.18,
        "avgMin": 21,
        "proj": 1.2,
        "lastAvgMin": 20.87,
        "oppOver": 0,
        "teamOver": 0,
        "gameLine": "-170",
        "+/-": "+25",
        "L5_+/-": "+7.0",
        "prevMatchup": "2023-05-10 2.0 pts 2023-05-07 0.0 pts 2023-05-04 1.0 pts 2023-05-02 0.0 pts 2023-04-10 1.0 pts 2023-03-29 1.0 pts 2023-03-23 2.0 pts 2023-01-17 2.0 pts",
        "winLossSplits": "41% - 22%",
        "awayHome": "H",
        "playedYesterday": "N",
        "awayHomeSplits": "33% - 33%",
        "savesAboveExp": -0.102,
        "gsaa": -4.63,
        "corsi": "50.8% (57.6) // 50.8% (59.1) // 50.8% (57.6) // 50.8% (57.6)",
        "fenwick": "51.7% (44.0) // 52.2% (46.4) // 51.7% (44.0) // 51.7% (44.0)",
        "shots": "52.1% (31.8) // 52.3% (33.2) // 52.1% (31.8) // 52.1% (31.8)",
        "scoring": "53.9% (33.4) // 55.3% (34.1) // 53.9% (33.4) // 53.9% (33.4)",
        "corsiAgainst": "49.2% (55.8) // 49.2% (57.4) // 49.2% (55.8) // 49.2% (55.8)",
        "fenwickAgainst": "48.3% (41.1) // 47.8% (42.5) // 48.3% (41.1) // 48.3% (41.1)",
        "shotsAgainst": "47.9% (29.2) // 47.7% (30.3) // 47.9% (29.2) // 47.9% (29.2)",
        "scoringAgainst": "46.1% (28.5) // 44.7% (27.6) // 46.1% (28.5) // 46.1% (28.5)",
        "oppCorsi": "54.2% (66.3) // 52.5% (66.0) // 54.2% (66.3) // 54.2% (66.3)",
        "oppFenwick": "53.6% (49.9) // 52.0% (49.3) // 53.6% (49.9) // 53.6% (49.9)",
        "oppShots": "53.7% (36.5) // 51.9% (35.5) // 53.7% (36.5) // 53.7% (36.5)",
        "oppScoring": "54.6% (34.8) // 53.4% (34.0) // 54.6% (34.8) // 54.6% (34.8)",
        "oppCorsiAgainst": "45.8% (56.1) // 47.5% (59.7) // 45.8% (56.1) // 45.8% (56.1)",
        "oppFenwickAgainst": "46.4% (43.2) // 48.0% (45.5) // 46.4% (43.2) // 46.4% (43.2)",
        "oppShotsAgainst": "46.3% (31.5) // 48.1% (33.0) // 46.3% (31.5) // 46.3% (31.5)",
        "oppScoringAgainst": "45.4% (28.9) // 46.6% (29.7) // 45.4% (28.9) // 45.4% (28.9)",
        "savesPerGame": 26.8,
        "savesPerGameLast1": 24.0,
        "savesPerGameLast3": 25.3,
        "savesPerGameLast5": 26.2,
        "savesPer60": 30.3,
        "savesPer60Last1": 24.0,
        "savesPer60Last3": 25.4,
        "savesPer60Last5": 26.4,
        "shotsPerGame": 32.0,
        "shotsPerGameLast5": 28.6,
        "shotsAgainstPerGame": 29.5,
        "shotsAgainstPerGameLast5": 28.6,
        "oppSavesAgainstPer60": 37.8,
        "oppSavesAgainstPer60Last1": 24.7,
        "oppSavesAgainstPer60Last3": 25.2,
        "oppSavesAgainstPer60Last5": 26.0,
        "oppShotsAgainstPerGame": 31.7,
