[
    {
        "player": "Adam Boqvist",
        "team": "CBJ",
        "opponent": "NJ",
        "propType": "sog",
        "line": 1.5,
        "ppLine": "",
        "avg": 1.63,
        "hit": false,
        "diffAvg": 0.09,
        "diffAbs": 0.13,
        "lastAvg": 1.23,
        "diff": -0.18,
        "avgMin": 18,
        "proj": 1.3,
        "lastAvgMin": 17.03,
        "oppOver": 0,
        "teamOver": 0,
        "gameLine": "+310",
        "+/-": -9,
        "L5_+/-": -4.0,
        "prevMatchup": "2023-02-14 1.0 sog",
        "winLossSplits": "67% - 45%",
        "awayHome": "A",
        "playedYesterday": "N",
        "awayHomeSplits": "64% - 31%",
        "savesAboveExp": "-",
        "gsaa": "-",
        "corsi": "45.7% (55.2) // 44.4% (54.5) // 40.8% (48.4) // 38.0% (47.3)",
        "fenwick": "45.5% (41.0) // 42.5% (39.5) // 38.6% (35.3) // 35.4% (33.9)",
        "shots": "45.4% (29.2) // 43.6% (29.1) // 39.3% (24.9) // 35.4% (23.0)",
        "scoring": "44.8% (27.1) // 43.1% (28.5) // 38.8% (25.3) // 35.0% (24.0)",
        "corsiAgainst": "54.3% (65.6) // 55.6% (68.3) // 59.2% (70.2) // 62.0% (77.2)",
        "fenwickAgainst": "54.5% (49.3) // 57.5% (53.5) // 61.4% (56.0) // 64.6% (61.9)",
        "shotsAgainst": "54.6% (35.2) // 56.4% (37.6) // 60.7% (38.5) // 64.6% (41.9)",
        "scoringAgainst": "55.2% (33.4) // 56.9% (37.6) // 61.2% (39.9) // 65.0% (44.6)",
        "oppCorsi": "53.8% (63.6) // 56.2% (66.9) // 58.7% (68.0) // 62.0% (69.0)",
        "oppFenwick": "54.0% (46.9) // 55.4% (49.1) // 57.2% (48.4) // 61.2% (49.0)",
        "oppShots": "55.1% (34.1) // 56.5% (35.6) // 57.2% (34.2) // 61.9% (36.3)",
        "oppScoring": "56.5% (34.9) // 61.6% (38.7) // 66.2% (41.2) // 69.1% (40.3)",
        "oppCorsiAgainst": "46.2% (54.6) // 43.8% (52.3) // 41.3% (47.8) // 38.0% (42.3)",
        "oppFenwickAgainst": "46.0% (39.9) // 44.6% (39.6) // 42.8% (36.2) // 38.8% (31.0)",
        "oppShotsAgainst": "44.9% (27.7) // 43.5% (27.4) // 42.8% (25.6) // 38.1% (22.3)",
        "oppScoringAgainst": "43.5% (26.9) // 38.4% (24.1) // 33.8% (21.0) // 30.9% (18.0)",
        "savesPerGame": 31.5,
        "savesPerGameLast1": 46.0,
        "savesPerGameLast3": 37.3,
        "savesPerGameLast5": 34.2,
        "savesPer60": 31.4,
        "savesPer60Last1": 45.2,
        "savesPer60Last3": 37.2,
        "savesPer60Last5": 34.1,
        "shotsPerGame": 29.4,
        "shotsPerGameLast5": 25.0,
        "shotsAgainstPerGame": 35.5,
        "shotsAgainstPerGameLast5": 38.6,
        "oppSavesAgainstPer60": 31.1,
        "oppSavesAgainstPer60Last1": 32.0,
        "oppSavesAgainstPer60Last3": 32.1,
        "oppSavesAgainstPer60Last5": 30.9,
        "oppShotsAgainstPerGame": 28.1,
        "oppShotsAgainstPerGameLast5": 25.6,
        "savesProj": 38.4,
        "savesProjLast5": 41.9,
        "savesProjLast3": 47.4,
        "oppSavesAgainstProj": 34.6,
        "oppSavesAgainstProjLast5": 35.3,
        "oppSavesAgainstProjLast3": 39.3,
        "totalOver": 51,
        "totalOverLast5": 100,
        "totalOverLast15": 67,
        "lastTotalOver": 44,
        "last5": "4,3,2,2,4,2,3,2,4,0",
        "overOdds": "-145",
        "underOdds": "+105",
        "overUnder": "-145 / +105"
    },
    {
        "player": "Boone Jenner",
        "team": "CBJ",
        "opponent": "NJ",
        "propType": "sog",
        "line": 2.5,
        "ppLine": "",
        "avg": 3.2,
        "hit": false,
        "diffAvg": 0.28,
        "diffAbs": 0.08,
        "lastAvg": 2.71,
        "diff": 0.08,
        "avgMin": 20,
        "proj": 2.7,
        "lastAvgMin": 20.45,
        "oppOver": 0,
        "teamOver": 0,
        "gameLine": "+310",
        "+/-": -28,
        "L5_+/-": -10.0,
        "prevMatchup": "2023-02-14 5.0 sog 2022-10-30 1.0 sog",
        "winLossSplits": "59% - 61%",
        "awayHome": "A",
        "playedYesterday": "N",
        "awayHomeSplits": "55% - 67%",
        "savesAboveExp": "-",
        "gsaa": "-",
        "corsi": "45.7% (55.2) // 44.4% (54.5) // 40.8% (48.4) // 38.0% (47.3)",
        "fenwick": "45.5% (41.0) // 42.5% (39.5) // 38.6% (35.3) // 35.4% (33.9)",
        "shots": "45.4% (29.2) // 43.6% (29.1) // 39.3% (24.9) // 35.4% (23.0)",
        "scoring": "44.8% (27.1) // 43.1% (28.5) // 38.8% (25.3) // 35.0% (24.0)",
        "corsiAgainst": "54.3% (65.6) // 55.6% (68.3) // 59.2% (70.2) // 62.0% (77.2)",
        "fenwickAgainst": "54.5% (49.3) // 57.5% (53.5) // 61.4% (56.0) // 64.6% (61.9)",
        "shotsAgainst": "54.6% (35.2) // 56.4% (37.6) // 60.7% (38.5) // 64.6% (41.9)",
        "scoringAgainst": "55.2% (33.4) // 56.9% (37.6) // 61.2% (39.9) // 65.0% (44.6)",
        "oppCorsi": "53.8% (63.6) // 56.2% (66.9) // 58.7% (68.0) // 62.0% (69.0)",
        "oppFenwick": "54.0% (46.9) // 55.4% (49.1) // 57.2% (48.4) // 61.2% (49.0)",
        "oppShots": "55.1% (34.1) // 56.5% (35.6) // 57.2% (34.2) // 61.9% (36.3)",
        "oppScoring": "56.5% (34.9) // 61.6% (38.7) // 66.2% (41.2) // 69.1% (40.3)",
        "oppCorsiAgainst": "46.2% (54.6) // 43.8% (52.3) // 41.3% (47.8) // 38.0% (42.3)",
        "oppFenwickAgainst": "46.0% (39.9) // 44.6% (39.6) // 42.8% (36.2) // 38.8% (31.0)",
        "oppShotsAgainst": "44.9% (27.7) // 43.5% (27.4) // 42.8% (25.6) // 38.1% (22.3)",
        "oppScoringAgainst": "43.5% (26.9) // 38.4% (24.1) // 33.8% (21.0) // 30.9% (18.0)",
        "savesPerGame": 31.5,
        "savesPerGameLast1": 46.0,
        "savesPerGameLast3": 37.3,
        "savesPerGameLast5": 34.2,
        "savesPer60": 31.4,
        "savesPer60Last1": 45.2,
        "savesPer60Last3": 37.2,
        "savesPer60Last5": 34.1,
        "shotsPerGame": 29.4,
        "shotsPerGameLast5": 25.0,
        "shotsAgainstPerGame": 35.5,
        "shotsAgainstPerGameLast5": 38.6,
        "oppSavesAgainstPer60": 31.1,
        "oppSavesAgainstPer60Last1": 32.0,
        "oppSavesAgainstPer60Last3": 32.1,
        "oppSavesAgainstPer60Last5": 30.9,
        "oppShotsAgainstPerGame": 28.1,
        "oppShotsAgainstPerGameLast5": 25.6,
        "savesProj": 38.4,
        "savesProjLast5": 41.9,
        "savesProjLast3": 47.4,
        "oppSavesAgainstProj": 34.6,
        "oppSavesAgainstProjLast5": 35.3,
        "oppSavesAgainstProjLast3": 39.3,
        "totalOver": 61,
        "totalOverLast5": 40,
        "totalOverLast15": 47,
        "lastTotalOver": 50,
        "last5": "0,2,4,3,2,1,2,3,1,6",
        "overOdds": "-145",
        "underOdds": "+105",
        "overUnder": "-145 / +105"
    },
    {
        "player": "Dawson Mercer",
        "team": "NJ",
        "opponent": "CBJ",
        "propType": "sog",
        "line": 1.5,
        "ppLine": "",
        "avg": 1.99,
        "hit": false,
        "diffAvg": 0.33,
        "diffAbs": 0.2,
        "lastAvg": 1.88,
        "diff": 0.25,
        "avgMin": 16,
        "proj": 1.8,
        "lastAvgMin": 16.53,
        "oppOver": 0,
        "teamOver": 0,
        "gameLine": "-380",
        "+/-": "+20",
        "L5_+/-": "+1.0",
        "prevMatchup": "2023-02-14 0.0 sog 2022-10-30 2.0 sog",
        "winLossSplits": "41% - 62%",
        "awayHome": "H",
        "playedYesterday": "N",
        "awayHomeSplits": "46% - 51%",
        "savesAboveExp": "-",
        "gsaa": "-",
        "corsi": "53.8% (63.6) // 56.2% (66.9) // 58.7% (68.0) // 62.0% (69.0)",
        "fenwick": "54.0% (46.9) // 55.4% (49.1) // 57.2% (48.4) // 61.2% (49.0)",
        "shots": "55.1% (34.1) // 56.5% (35.6) // 57.2% (34.2) // 61.9% (36.3)",
        "scoring": "56.5% (34.9) // 61.6% (38.7) // 66.2% (41.2) // 69.1% (40.3)",
        "corsiAgainst": "46.2% (54.6) // 43.8% (52.3) // 41.3% (47.8) // 38.0% (42.3)",
        "fenwickAgainst": "46.0% (39.9) // 44.6% (39.6) // 42.8% (36.2) // 38.8% (31.0)",
        "shotsAgainst": "44.9% (27.7) // 43.5% (27.4) // 42.8% (25.6) // 38.1% (22.3)",
        "scoringAgainst": "43.5% (26.9) // 38.4% (24.1) // 33.8% (21.0) // 30.9% (18.0)",
        "oppCorsi": "45.7% (55.2) // 44.4% (54.5) // 40.8% (48.4) // 38.0% (47.3)",
        "oppFenwick": "45.5% (41.0) // 42.5% (39.5) // 38.6% (35.3) // 35.4% (33.9)",
        "oppShots": "45.4% (29.2) // 43.6% (29.1) // 39.3% (24.9) // 35.4% (23.0)",
        "oppScoring": "44.8% (27.1) // 43.1% (28.5) // 38.8% (25.3) // 35.0% (24.0)",
        "oppCorsiAgainst": "54.3% (65.6) // 55.6% (68.3) // 59.2% (70.2) // 62.0% (77.2)",
        "oppFenwickAgainst": "54.5% (49.3) // 57.5% (53.5) // 61.4% (56.0) // 64.6% (61.9)",
        "oppShotsAgainst": "54.6% (35.2) // 56.4% (37.6) // 60.7% (38.5) // 64.6% (41.9)",
        "oppScoringAgainst": "55.2% (33.4) // 56.9% (37.6) // 61.2% (39.9) // 65.0% (44.6)",
        "savesPerGame": 25.3,
        "savesPerGameLast1": 22.0,
        "savesPerGameLast3": 19.0,
        "savesPerGameLast5": 22.4,
        "savesPer60": 25.4,
        "savesPer60Last1": 22.0,
        "savesPer60Last3": 18.9,
        "savesPer60Last5": 22.2,
        "shotsPerGame": 34.5,
        "shotsPerGameLast5": 34.2,
        "shotsAgainstPerGame": 28.1,
        "shotsAgainstPerGameLast5": 25.6,
        "oppSavesAgainstPer60": 26.8,
        "oppSavesAgainstPer60Last1": 23.9,
        "oppSavesAgainstPer60Last3": 21.2,
        "oppSavesAgainstPer60Last5": 23.4,
        "oppShotsAgainstPerGame": 35.5,
        "oppShotsAgainstPerGameLast5": 38.6,
        "savesProj": 21.7,
        "savesProjLast5": 16.4,
        "savesProjLast3": 12.6,
        "oppSavesAgainstProj": 24.1,
        "oppSavesAgainstProjLast5": 18.8,
        "oppSavesAgainstProjLast3": 14.5,
        "totalOver": 49,
        "totalOverLast5": 80,
        "totalOverLast15": 53,
        "lastTotalOver": 56,
        "last5": "3,0,4,3,2,1,1,1,1,3",
        "overOdds": "-190",
        "underOdds": "+145",
        "overUnder": "-190 / +145"
    },
    {
        "player": "Dougie Hamilton",
        "team": "NJ",
        "opponent": "CBJ",
        "propType": "sog",
        "line": 3.5,
        "ppLine": "",
        "avg": 3.41,
        "hit": false,
        "diffAvg": -0.03,
        "diffAbs": 0.11,
        "lastAvg": 3.18,
        "diff": -0.09,
        "avgMin": 21,
        "proj": 3.1,
        "lastAvgMin": 21.22,
        "oppOver": 0,
        "teamOver": 0,
        "gameLine": "-380",
        "+/-": "+22",
        "L5_+/-": -1.0,
        "prevMatchup": "2023-02-14 6.0 sog 2022-10-30 5.0 sog",
        "winLossSplits": "47% - 45%",
        "awayHome": "H",
        "playedYesterday": "N",
        "awayHomeSplits": "44% - 49%",
        "savesAboveExp": "-",
        "gsaa": "-",
        "corsi": "53.8% (63.6) // 56.2% (66.9) // 58.7% (68.0) // 62.0% (69.0)",
        "fenwick": "54.0% (46.9) // 55.4% (49.1) // 57.2% (48.4) // 61.2% (49.0)",
        "shots": "55.1% (34.1) // 56.5% (35.6) // 57.2% (34.2) // 61.9% (36.3)",
        "scoring": "56.5% (34.9) // 61.6% (38.7) // 66.2% (41.2) // 69.1% (40.3)",
        "corsiAgainst": "46.2% (54.6) // 43.8% (52.3) // 41.3% (47.8) // 38.0% (42.3)",
        "fenwickAgainst": "46.0% (39.9) // 44.6% (39.6) // 42.8% (36.2) // 38.8% (31.0)",
        "shotsAgainst": "44.9% (27.7) // 43.5% (27.4) // 42.8% (25.6) // 38.1% (22.3)",
        "scoringAgainst": "43.5% (26.9) // 38.4% (24.1) // 33.8% (21.0) // 30.9% (18.0)",
        "oppCorsi": "45.7% (55.2) // 44.4% (54.5) // 40.8% (48.4) // 38.0% (47.3)",
        "oppFenwick": "45.5% (41.0) // 42.5% (39.5) // 38.6% (35.3) // 35.4% (33.9)",
        "oppShots": "45.4% (29.2) // 43.6% (29.1) // 39.3% (24.9) // 35.4% (23.0)",
        "oppScoring": "44.8% (27.1) // 43.1% (28.5) // 38.8% (25.3) // 35.0% (24.0)",
        "oppCorsiAgainst": "54.3% (65.6) // 55.6% (68.3) // 59.2% (70.2) // 62.0% (77.2)",
        "oppFenwickAgainst": "54.5% (49.3) // 57.5% (53.5) // 61.4% (56.0) // 64.6% (61.9)",
        "oppShotsAgainst": "54.6% (35.2) // 56.4% (37.6) // 60.7% (38.5) // 64.6% (41.9)",
        "oppScoringAgainst": "55.2% (33.4) // 56.9% (37.6) // 61.2% (39.9) // 65.0% (44.6)",
        "savesPerGame": 25.3,
        "savesPerGameLast1": 22.0,
        "savesPerGameLast3": 19.0,
        "savesPerGameLast5": 22.4,
        "savesPer60": 25.4,
        "savesPer60Last1": 22.0,
        "savesPer60Last3": 18.9,
        "savesPer60Last5": 22.2,
        "shotsPerGame": 34.5,
        "shotsPerGameLast5": 34.2,
        "shotsAgainstPerGame": 28.1,
        "shotsAgainstPerGameLast5": 25.6,
        "oppSavesAgainstPer60": 26.8,
        "oppSavesAgainstPer60Last1": 23.9,
        "oppSavesAgainstPer60Last3": 21.2,
        "oppSavesAgainstPer60Last5": 23.4,
        "oppShotsAgainstPerGame": 35.5,
        "oppShotsAgainstPerGameLast5": 38.6,
        "savesProj": 21.7,
        "savesProjLast5": 16.4,
        "savesProjLast3": 12.6,
        "oppSavesAgainstProj": 24.1,
        "oppSavesAgainstProjLast5": 18.8,
        "oppSavesAgainstProjLast3": 14.5,
        "totalOver": 46,
        "totalOverLast5": 80,
        "totalOverLast15": 47,
        "lastTotalOver": 39,
        "last5": "4,1,4,5,5,1,2,9,2,5",
        "overOdds": "-105",
        "underOdds": "-135",
        "overUnder": "-105 / -135"
    },
    {
        "player": "Jack Hughes",
        "team": "NJ",
        "opponent": "CBJ",
        "propType": "sog",
        "line": 3.5,
        "ppLine": "",
        "avg": 4.39,
        "hit": false,
        "diffAvg": 0.25,
        "diffAbs": 0.11,
        "lastAvg": 3.24,
        "diff": -0.07,
        "avgMin": 19,
        "proj": 3.1,
        "lastAvgMin": 19.55,
        "oppOver": 0,
        "teamOver": 0,
        "gameLine": "-380",
        "+/-": "+9",
        "L5_+/-": -1.0,
        "prevMatchup": "2022-10-30 4.0 sog",
        "winLossSplits": "60% - 74%",
        "awayHome": "H",
        "playedYesterday": "N",
        "awayHomeSplits": "58% - 71%",
        "savesAboveExp": "-",
        "gsaa": "-",
        "corsi": "53.8% (63.6) // 56.2% (66.9) // 58.7% (68.0) // 62.0% (69.0)",
        "fenwick": "54.0% (46.9) // 55.4% (49.1) // 57.2% (48.4) // 61.2% (49.0)",
        "shots": "55.1% (34.1) // 56.5% (35.6) // 57.2% (34.2) // 61.9% (36.3)",
        "scoring": "56.5% (34.9) // 61.6% (38.7) // 66.2% (41.2) // 69.1% (40.3)",
        "corsiAgainst": "46.2% (54.6) // 43.8% (52.3) // 41.3% (47.8) // 38.0% (42.3)",
        "fenwickAgainst": "46.0% (39.9) // 44.6% (39.6) // 42.8% (36.2) // 38.8% (31.0)",
        "shotsAgainst": "44.9% (27.7) // 43.5% (27.4) // 42.8% (25.6) // 38.1% (22.3)",
        "scoringAgainst": "43.5% (26.9) // 38.4% (24.1) // 33.8% (21.0) // 30.9% (18.0)",
        "oppCorsi": "45.7% (55.2) // 44.4% (54.5) // 40.8% (48.4) // 38.0% (47.3)",
        "oppFenwick": "45.5% (41.0) // 42.5% (39.5) // 38.6% (35.3) // 35.4% (33.9)",
        "oppShots": "45.4% (29.2) // 43.6% (29.1) // 39.3% (24.9) // 35.4% (23.0)",
        "oppScoring": "44.8% (27.1) // 43.1% (28.5) // 38.8% (25.3) // 35.0% (24.0)",
        "oppCorsiAgainst": "54.3% (65.6) // 55.6% (68.3) // 59.2% (70.2) // 62.0% (77.2)",
        "oppFenwickAgainst": "54.5% (49.3) // 57.5% (53.5) // 61.4% (56.0) // 64.6% (61.9)",
        "oppShotsAgainst": "54.6% (35.2) // 56.4% (37.6) // 60.7% (38.5) // 64.6% (41.9)",
        "oppScoringAgainst": "55.2% (33.4) // 56.9% (37.6) // 61.2% (39.9) // 65.0% (44.6)",
        "savesPerGame": 25.3,
        "savesPerGameLast1": 22.0,
        "savesPerGameLast3": 19.0,
        "savesPerGameLast5": 22.4,
        "savesPer60": 25.4,
        "savesPer60Last1": 22.0,
        "savesPer60Last3": 18.9,
        "savesPer60Last5": 22.2,
        "shotsPerGame": 34.5,
        "shotsPerGameLast5": 34.2,
        "shotsAgainstPerGame": 28.1,
        "shotsAgainstPerGameLast5": 25.6,
        "oppSavesAgainstPer60": 26.8,
        "oppSavesAgainstPer60Last1": 23.9,
        "oppSavesAgainstPer60Last3": 21.2,
        "oppSavesAgainstPer60Last5": 23.4,
        "oppShotsAgainstPerGame": 35.5,
        "oppShotsAgainstPerGameLast5": 38.6,
        "savesProj": 21.7,
        "savesProjLast5": 16.4,
        "savesProjLast3": 12.6,
        "oppSavesAgainstProj": 24.1,
        "oppSavesAgainstProjLast5": 18.8,
        "oppSavesAgainstProjLast3": 14.5,
        "totalOver": 65,
        "totalOverLast5": 40,
        "totalOverLast15": 53,
        "lastTotalOver": 46,
        "last5": "4,2,2,3,4,6,4,10,3,4",
        "overOdds": "-160",
        "underOdds": "+120",
        "overUnder": "-160 / +120"
    },
    {
        "player": "Jesper Bratt",
        "team": "NJ",
        "opponent": "CBJ",
        "propType": "sog",
        "line": 2.5,
        "ppLine": "",
        "avg": 2.56,
        "hit": false,
        "diffAvg": 0.02,
        "diffAbs": 0.0,
        "lastAvg": 2.59,
        "diff": 0.04,
        "avgMin": 17,
        "proj": 2.5,
        "lastAvgMin": 17.42,
        "oppOver": 0,
        "teamOver": 0,
        "gameLine": "-380",
        "+/-": "+13",
        "L5_+/-": "+3.0",
        "prevMatchup": "2023-02-14 4.0 sog 2022-10-30 3.0 sog",
        "winLossSplits": "41% - 38%",
        "awayHome": "H",
        "playedYesterday": "N",
        "awayHomeSplits": "41% - 38%",
        "savesAboveExp": "-",
        "gsaa": "-",
        "corsi": "53.8% (63.6) // 56.2% (66.9) // 58.7% (68.0) // 62.0% (69.0)",
        "fenwick": "54.0% (46.9) // 55.4% (49.1) // 57.2% (48.4) // 61.2% (49.0)",
        "shots": "55.1% (34.1) // 56.5% (35.6) // 57.2% (34.2) // 61.9% (36.3)",
        "scoring": "56.5% (34.9) // 61.6% (38.7) // 66.2% (41.2) // 69.1% (40.3)",
        "corsiAgainst": "46.2% (54.6) // 43.8% (52.3) // 41.3% (47.8) // 38.0% (42.3)",
        "fenwickAgainst": "46.0% (39.9) // 44.6% (39.6) // 42.8% (36.2) // 38.8% (31.0)",
        "shotsAgainst": "44.9% (27.7) // 43.5% (27.4) // 42.8% (25.6) // 38.1% (22.3)",
        "scoringAgainst": "43.5% (26.9) // 38.4% (24.1) // 33.8% (21.0) // 30.9% (18.0)",
        "oppCorsi": "45.7% (55.2) // 44.4% (54.5) // 40.8% (48.4) // 38.0% (47.3)",
        "oppFenwick": "45.5% (41.0) // 42.5% (39.5) // 38.6% (35.3) // 35.4% (33.9)",
        "oppShots": "45.4% (29.2) // 43.6% (29.1) // 39.3% (24.9) // 35.4% (23.0)",
        "oppScoring": "44.8% (27.1) // 43.1% (28.5) // 38.8% (25.3) // 35.0% (24.0)",
        "oppCorsiAgainst": "54.3% (65.6) // 55.6% (68.3) // 59.2% (70.2) // 62.0% (77.2)",
        "oppFenwickAgainst": "54.5% (49.3) // 57.5% (53.5) // 61.4% (56.0) // 64.6% (61.9)",
        "oppShotsAgainst": "54.6% (35.2) // 56.4% (37.6) // 60.7% (38.5) // 64.6% (41.9)",
        "oppScoringAgainst": "55.2% (33.4) // 56.9% (37.6) // 61.2% (39.9) // 65.0% (44.6)",
        "savesPerGame": 25.3,
        "savesPerGameLast1": 22.0,
        "savesPerGameLast3": 19.0,
        "savesPerGameLast5": 22.4,
        "savesPer60": 25.4,
        "savesPer60Last1": 22.0,
        "savesPer60Last3": 18.9,
        "savesPer60Last5": 22.2,
        "shotsPerGame": 34.5,
        "shotsPerGameLast5": 34.2,
        "shotsAgainstPerGame": 28.1,
        "shotsAgainstPerGameLast5": 25.6,
        "oppSavesAgainstPer60": 26.8,
        "oppSavesAgainstPer60Last1": 23.9,
        "oppSavesAgainstPer60Last3": 21.2,
        "oppSavesAgainstPer60Last5": 23.4,
        "oppShotsAgainstPerGame": 35.5,
        "oppShotsAgainstPerGameLast5": 38.6,
        "savesProj": 21.7,
        "savesProjLast5": 16.4,
        "savesProjLast3": 12.6,
        "oppSavesAgainstProj": 24.1,
        "oppSavesAgainstProjLast5": 18.8,
        "oppSavesAgainstProjLast3": 14.5,
        "totalOver": 40,
        "totalOverLast5": 0,
        "totalOverLast15": 27,
        "lastTotalOver": 47,
        "last5": "1,2,2,1,2,2,5,2,5,3",
        "overOdds": "+100",
        "underOdds": "-140",
        "overUnder": "+100 / -140"
    },
    {
        "player": "Johnny Gaudreau",
        "team": "CBJ",
        "opponent": "NJ",
        "propType": "sog",
        "line": 2.5,
        "ppLine": "",
        "avg": 2.72,
        "hit": false,
        "diffAvg": 0.09,
        "diffAbs": 0.12,
        "lastAvg": 2.76,
        "diff": 0.1,
        "avgMin": 19,
        "proj": 2.8,
        "lastAvgMin": 18.57,
        "oppOver": 0,
        "teamOver": 0,
        "gameLine": "+310",
        "+/-": -32,
        "L5_+/-": -6.0,
        "prevMatchup": "2023-02-14 3.0 sog 2022-10-30 1.0 sog",
        "winLossSplits": "57% - 50%",
        "awayHome": "A",
        "playedYesterday": "N",
        "awayHomeSplits": "43% - 61%",
        "savesAboveExp": "-",
        "gsaa": "-",
        "corsi": "45.7% (55.2) // 44.4% (54.5) // 40.8% (48.4) // 38.0% (47.3)",
        "fenwick": "45.5% (41.0) // 42.5% (39.5) // 38.6% (35.3) // 35.4% (33.9)",
        "shots": "45.4% (29.2) // 43.6% (29.1) // 39.3% (24.9) // 35.4% (23.0)",
        "scoring": "44.8% (27.1) // 43.1% (28.5) // 38.8% (25.3) // 35.0% (24.0)",
        "corsiAgainst": "54.3% (65.6) // 55.6% (68.3) // 59.2% (70.2) // 62.0% (77.2)",
        "fenwickAgainst": "54.5% (49.3) // 57.5% (53.5) // 61.4% (56.0) // 64.6% (61.9)",
        "shotsAgainst": "54.6% (35.2) // 56.4% (37.6) // 60.7% (38.5) // 64.6% (41.9)",
        "scoringAgainst": "55.2% (33.4) // 56.9% (37.6) // 61.2% (39.9) // 65.0% (44.6)",
        "oppCorsi": "53.8% (63.6) // 56.2% (66.9) // 58.7% (68.0) // 62.0% (69.0)",
        "oppFenwick": "54.0% (46.9) // 55.4% (49.1) // 57.2% (48.4) // 61.2% (49.0)",
        "oppShots": "55.1% (34.1) // 56.5% (35.6) // 57.2% (34.2) // 61.9% (36.3)",
        "oppScoring": "56.5% (34.9) // 61.6% (38.7) // 66.2% (41.2) // 69.1% (40.3)",
        "oppCorsiAgainst": "46.2% (54.6) // 43.8% (52.3) // 41.3% (47.8) // 38.0% (42.3)",
        "oppFenwickAgainst": "46.0% (39.9) // 44.6% (39.6) // 42.8% (36.2) // 38.8% (31.0)",
        "oppShotsAgainst": "44.9% (27.7) // 43.5% (27.4) // 42.8% (25.6) // 38.1% (22.3)",
        "oppScoringAgainst": "43.5% (26.9) // 38.4% (24.1) // 33.8% (21.0) // 30.9% (18.0)",
        "savesPerGame": 31.5,
        "savesPerGameLast1": 46.0,
        "savesPerGameLast3": 37.3,
        "savesPerGameLast5": 34.2,
        "savesPer60": 31.4,
        "savesPer60Last1": 45.2,
        "savesPer60Last3": 37.2,
        "savesPer60Last5": 34.1,
        "shotsPerGame": 29.4,
        "shotsPerGameLast5": 25.0,
        "shotsAgainstPerGame": 35.5,
        "shotsAgainstPerGameLast5": 38.6,
        "oppSavesAgainstPer60": 31.1,
        "oppSavesAgainstPer60Last1": 32.0,
        "oppSavesAgainstPer60Last3": 32.1,
        "oppSavesAgainstPer60Last5": 30.9,
        "oppShotsAgainstPerGame": 28.1,
        "oppShotsAgainstPerGameLast5": 25.6,
        "savesProj": 38.4,
        "savesProjLast5": 41.9,
        "savesProjLast3": 47.4,
        "oppSavesAgainstProj": 34.6,
        "oppSavesAgainstProjLast5": 35.3,
        "oppSavesAgainstProjLast3": 39.3,
        "totalOver": 52,
        "totalOverLast5": 100,
        "totalOverLast15": 73,
        "lastTotalOver": 67,
        "last5": "3,5,4,5,3,1,3,3,4,4",
        "overOdds": "-165",
        "underOdds": "+125",
        "overUnder": "-165 / +125"
    },
    {
        "player": "Kirill Marchenko",
        "team": "CBJ",
        "opponent": "NJ",
        "propType": "sog",
        "line": 2.5,
        "ppLine": "",
        "avg": 2.2,
        "hit": false,
        "diffAvg": -0.12,
        "diffAbs": 1.0,
        "lastAvg": 0,
        "diff": 0,
        "avgMin": 15,
        "proj": 0.0,
        "lastAvgMin": 0,
        "oppOver": 0,
        "teamOver": 0,
        "gameLine": "+310",
        "+/-": -17,
        "L5_+/-": -6.0,
        "prevMatchup": "2023-02-14 1.0 sog",
        "winLossSplits": "31% - 37%",
        "awayHome": "A",
        "playedYesterday": "N",
        "awayHomeSplits": "41% - 27%",
        "savesAboveExp": "-",
        "gsaa": "-",
        "corsi": "45.7% (55.2) // 44.4% (54.5) // 40.8% (48.4) // 38.0% (47.3)",
        "fenwick": "45.5% (41.0) // 42.5% (39.5) // 38.6% (35.3) // 35.4% (33.9)",
        "shots": "45.4% (29.2) // 43.6% (29.1) // 39.3% (24.9) // 35.4% (23.0)",
        "scoring": "44.8% (27.1) // 43.1% (28.5) // 38.8% (25.3) // 35.0% (24.0)",
        "corsiAgainst": "54.3% (65.6) // 55.6% (68.3) // 59.2% (70.2) // 62.0% (77.2)",
        "fenwickAgainst": "54.5% (49.3) // 57.5% (53.5) // 61.4% (56.0) // 64.6% (61.9)",
        "shotsAgainst": "54.6% (35.2) // 56.4% (37.6) // 60.7% (38.5) // 64.6% (41.9)",
        "scoringAgainst": "55.2% (33.4) // 56.9% (37.6) // 61.2% (39.9) // 65.0% (44.6)",
        "oppCorsi": "53.8% (63.6) // 56.2% (66.9) // 58.7% (68.0) // 62.0% (69.0)",
        "oppFenwick": "54.0% (46.9) // 55.4% (49.1) // 57.2% (48.4) // 61.2% (49.0)",
        "oppShots": "55.1% (34.1) // 56.5% (35.6) // 57.2% (34.2) // 61.9% (36.3)",
        "oppScoring": "56.5% (34.9) // 61.6% (38.7) // 66.2% (41.2) // 69.1% (40.3)",
        "oppCorsiAgainst": "46.2% (54.6) // 43.8% (52.3) // 41.3% (47.8) // 38.0% (42.3)",
        "oppFenwickAgainst": "46.0% (39.9) // 44.6% (39.6) // 42.8% (36.2) // 38.8% (31.0)",
        "oppShotsAgainst": "44.9% (27.7) // 43.5% (27.4) // 42.8% (25.6) // 38.1% (22.3)",
        "oppScoringAgainst": "43.5% (26.9) // 38.4% (24.1) // 33.8% (21.0) // 30.9% (18.0)",
        "savesPerGame": 31.5,
        "savesPerGameLast1": 46.0,
        "savesPerGameLast3": 37.3,
        "savesPerGameLast5": 34.2,
        "savesPer60": 31.4,
        "savesPer60Last1": 45.2,
        "savesPer60Last3": 37.2,
        "savesPer60Last5": 34.1,
        "shotsPerGame": 29.4,
        "shotsPerGameLast5": 25.0,
        "shotsAgainstPerGame": 35.5,
        "shotsAgainstPerGameLast5": 38.6,
        "oppSavesAgainstPer60": 31.1,
        "oppSavesAgainstPer60Last1": 32.0,
        "oppSavesAgainstPer60Last3": 32.1,
        "oppSavesAgainstPer60Last5": 30.9,
        "oppShotsAgainstPerGame": 28.1,
        "oppShotsAgainstPerGameLast5": 25.6,
        "savesProj": 38.4,
        "savesProjLast5": 41.9,
        "savesProjLast3": 47.4,
        "oppSavesAgainstProj": 34.6,
        "oppSavesAgainstProjLast5": 35.3,
        "oppSavesAgainstProjLast3": 39.3,
        "totalOver": 35,
        "totalOverLast5": 60,
        "totalOverLast15": 53,
        "lastTotalOver": 0,
        "last5": "4,5,1,2,5,4,1,1,4,2",
        "overOdds": "-110",
        "underOdds": "-130",
        "overUnder": "-110 / -130"
    },
    {
        "player": "Nico Hischier",
        "team": "NJ",
        "opponent": "CBJ",
        "propType": "sog",
        "line": 2.5,
        "ppLine": "",
        "avg": 3.22,
        "hit": false,
        "diffAvg": 0.29,
        "diffAbs": 0.16,
        "lastAvg": 2.19,
        "diff": -0.12,
        "avgMin": 19,
        "proj": 2.1,
        "lastAvgMin": 19.33,
        "oppOver": 0,
        "teamOver": 0,
        "gameLine": "-380",
        "+/-": "+30",
        "L5_+/-": "+3.0",
        "prevMatchup": "2023-02-14 1.0 sog 2022-10-30 8.0 sog",
        "winLossSplits": "51% - 79%",
        "awayHome": "H",
        "playedYesterday": "N",
        "awayHomeSplits": "47% - 74%",
        "savesAboveExp": "-",
        "gsaa": "-",
        "corsi": "53.8% (63.6) // 56.2% (66.9) // 58.7% (68.0) // 62.0% (69.0)",
        "fenwick": "54.0% (46.9) // 55.4% (49.1) // 57.2% (48.4) // 61.2% (49.0)",
        "shots": "55.1% (34.1) // 56.5% (35.6) // 57.2% (34.2) // 61.9% (36.3)",
        "scoring": "56.5% (34.9) // 61.6% (38.7) // 66.2% (41.2) // 69.1% (40.3)",
        "corsiAgainst": "46.2% (54.6) // 43.8% (52.3) // 41.3% (47.8) // 38.0% (42.3)",
        "fenwickAgainst": "46.0% (39.9) // 44.6% (39.6) // 42.8% (36.2) // 38.8% (31.0)",
        "shotsAgainst": "44.9% (27.7) // 43.5% (27.4) // 42.8% (25.6) // 38.1% (22.3)",
        "scoringAgainst": "43.5% (26.9) // 38.4% (24.1) // 33.8% (21.0) // 30.9% (18.0)",
        "oppCorsi": "45.7% (55.2) // 44.4% (54.5) // 40.8% (48.4) // 38.0% (47.3)",
        "oppFenwick": "45.5% (41.0) // 42.5% (39.5) // 38.6% (35.3) // 35.4% (33.9)",
        "oppShots": "45.4% (29.2) // 43.6% (29.1) // 39.3% (24.9) // 35.4% (23.0)",
        "oppScoring": "44.8% (27.1) // 43.1% (28.5) // 38.8% (25.3) // 35.0% (24.0)",
        "oppCorsiAgainst": "54.3% (65.6) // 55.6% (68.3) // 59.2% (70.2) // 62.0% (77.2)",
        "oppFenwickAgainst": "54.5% (49.3) // 57.5% (53.5) // 61.4% (56.0) // 64.6% (61.9)",
        "oppShotsAgainst": "54.6% (35.2) // 56.4% (37.6) // 60.7% (38.5) // 64.6% (41.9)",
        "oppScoringAgainst": "55.2% (33.4) // 56.9% (37.6) // 61.2% (39.9) // 65.0% (44.6)",
        "savesPerGame": 25.3,
        "savesPerGameLast1": 22.0,
        "savesPerGameLast3": 19.0,
        "savesPerGameLast5": 22.4,
        "savesPer60": 25.4,
        "savesPer60Last1": 22.0,
        "savesPer60Last3": 18.9,
        "savesPer60Last5": 22.2,
        "shotsPerGame": 34.5,
        "shotsPerGameLast5": 34.2,
        "shotsAgainstPerGame": 28.1,
        "shotsAgainstPerGameLast5": 25.6,
        "oppSavesAgainstPer60": 26.8,
        "oppSavesAgainstPer60Last1": 23.9,
        "oppSavesAgainstPer60Last3": 21.2,
        "oppSavesAgainstPer60Last5": 23.4,
        "oppShotsAgainstPerGame": 35.5,
        "oppShotsAgainstPerGameLast5": 38.6,
        "savesProj": 21.7,
        "savesProjLast5": 16.4,
        "savesProjLast3": 12.6,
        "oppSavesAgainstProj": 24.1,
        "oppSavesAgainstProjLast5": 18.8,
        "oppSavesAgainstProjLast3": 14.5,
        "totalOver": 61,
        "totalOverLast5": 40,
        "totalOverLast15": 53,
        "lastTotalOver": 37,
        "last5": "4,8,1,2,1,4,3,3,1,4",
        "overOdds": "-165",
        "underOdds": "+125",
        "overUnder": "-165 / +125"
    },
    {
        "player": "Timo Meier",
        "team": "NJ",
        "opponent": "CBJ",
        "propType": "sog",
        "line": 3.5,
        "ppLine": "",
        "avg": 4.26,
        "hit": false,
        "diffAvg": 0.22,
        "diffAbs": 0.17,
        "lastAvg": 4.18,
        "diff": 0.19,
        "avgMin": 19,
        "proj": 4.1,
        "lastAvgMin": 19.15,
        "oppOver": 0,
        "teamOver": 0,
        "gameLine": "-380",
        "+/-": -2,
        "L5_+/-": 0.0,
        "prevMatchup": "2023-01-21 5.0 sog",
        "winLossSplits": "58% - 65%",
        "awayHome": "H",
        "playedYesterday": "N",
        "awayHomeSplits": "52% - 74%",
        "savesAboveExp": "-",
        "gsaa": "-",
        "corsi": "53.8% (63.6) // 56.2% (66.9) // 58.7% (68.0) // 62.0% (69.0)",
        "fenwick": "54.0% (46.9) // 55.4% (49.1) // 57.2% (48.4) // 61.2% (49.0)",
        "shots": "55.1% (34.1) // 56.5% (35.6) // 57.2% (34.2) // 61.9% (36.3)",
        "scoring": "56.5% (34.9) // 61.6% (38.7) // 66.2% (41.2) // 69.1% (40.3)",
        "corsiAgainst": "46.2% (54.6) // 43.8% (52.3) // 41.3% (47.8) // 38.0% (42.3)",
        "fenwickAgainst": "46.0% (39.9) // 44.6% (39.6) // 42.8% (36.2) // 38.8% (31.0)",
        "shotsAgainst": "44.9% (27.7) // 43.5% (27.4) // 42.8% (25.6) // 38.1% (22.3)",
        "scoringAgainst": "43.5% (26.9) // 38.4% (24.1) // 33.8% (21.0) // 30.9% (18.0)",
        "oppCorsi": "45.7% (55.2) // 44.4% (54.5) // 40.8% (48.4) // 38.0% (47.3)",
        "oppFenwick": "45.5% (41.0) // 42.5% (39.5) // 38.6% (35.3) // 35.4% (33.9)",
        "oppShots": "45.4% (29.2) // 43.6% (29.1) // 39.3% (24.9) // 35.4% (23.0)",
        "oppScoring": "44.8% (27.1) // 43.1% (28.5) // 38.8% (25.3) // 35.0% (24.0)",
        "oppCorsiAgainst": "54.3% (65.6) // 55.6% (68.3) // 59.2% (70.2) // 62.0% (77.2)",
        "oppFenwickAgainst": "54.5% (49.3) // 57.5% (53.5) // 61.4% (56.0) // 64.6% (61.9)",
        "oppShotsAgainst": "54.6% (35.2) // 56.4% (37.6) // 60.7% (38.5) // 64.6% (41.9)",
        "oppScoringAgainst": "55.2% (33.4) // 56.9% (37.6) // 61.2% (39.9) // 65.0% (44.6)",
        "savesPerGame": 25.3,
        "savesPerGameLast1": 22.0,
        "savesPerGameLast3": 19.0,
        "savesPerGameLast5": 22.4,
        "savesPer60": 25.4,
        "savesPer60Last1": 22.0,
        "savesPer60Last3": 18.9,
        "savesPer60Last5": 22.2,
        "shotsPerGame": 34.5,
        "shotsPerGameLast5": 34.2,
        "shotsAgainstPerGame": 28.1,
        "shotsAgainstPerGameLast5": 25.6,
        "oppSavesAgainstPer60": 26.8,
        "oppSavesAgainstPer60Last1": 23.9,
        "oppSavesAgainstPer60Last3": 21.2,
        "oppSavesAgainstPer60Last5": 23.4,
        "oppShotsAgainstPerGame": 35.5,
        "oppShotsAgainstPerGameLast5": 38.6,
        "savesProj": 21.7,
        "savesProjLast5": 16.4,
        "savesProjLast3": 12.6,
        "oppSavesAgainstProj": 24.1,
        "oppSavesAgainstProjLast5": 18.8,
        "oppSavesAgainstProjLast3": 14.5,
        "totalOver": 62,
        "totalOverLast5": 20,
        "totalOverLast15": 47,
        "lastTotalOver": 62,
        "last5": "2,2,5,2,3,5,3,6,4,5",
        "overOdds": "-145",
        "underOdds": "+105",
        "overUnder": "-145 / +105"
    },
    {
        "player": "Bryan Rust",
        "team": "PIT",
        "opponent": "MIN",
        "propType": "sog",
        "line": 2.5,
        "ppLine": "",
        "avg": 2.64,
        "hit": false,
        "diffAvg": 0.06,
        "diffAbs": 0.04,
        "lastAvg": 2.69,
        "diff": 0.08,
        "avgMin": 17,
        "proj": 2.4,
        "lastAvgMin": 18.77,
        "oppOver": 0,
        "teamOver": 0,
        "gameLine": "-135",
        "+/-": -5,
        "L5_+/-": "+5.0",
        "prevMatchup": "2022-11-17 2.0 sog",
        "winLossSplits": "46% - 42%",
        "awayHome": "H",
        "playedYesterday": "N",
        "awayHomeSplits": "33% - 55%",
        "savesAboveExp": "-",
        "gsaa": "-",
        "corsi": "51.7% (63.1) // 54.0% (69.2) // 50.6% (63.0) // 44.0% (52.7)",
        "fenwick": "51.7% (47.2) // 55.1% (52.1) // 52.2% (48.0) // 44.3% (38.7)",
        "shots": "51.0% (34.1) // 55.3% (37.1) // 50.6% (32.4) // 42.6% (26.0)",
        "scoring": "52.3% (33.3) // 54.8% (37.7) // 51.7% (35.6) // 44.0% (30.7)",
        "corsiAgainst": "48.3% (58.9) // 46.0% (59.0) // 49.4% (61.4) // 56.0% (67.0)",
        "fenwickAgainst": "48.3% (44.1) // 44.9% (42.5) // 47.8% (44.0) // 55.7% (48.7)",
        "shotsAgainst": "49.0% (32.7) // 44.7% (30.0) // 49.4% (31.6) // 57.4% (35.0)",
        "scoringAgainst": "47.7% (30.3) // 45.2% (31.1) // 48.3% (33.2) // 56.0% (39.0)",
        "oppCorsi": "50.0% (57.4) // 46.4% (54.1) // 43.4% (52.7) // 49.8% (62.9)",
        "oppFenwick": "50.8% (43.3) // 46.5% (41.6) // 42.9% (38.2) // 48.7% (43.7)",
        "oppShots": "50.1% (30.5) // 44.9% (28.9) // 42.9% (27.4) // 47.7% (30.2)",
        "oppScoring": "50.5% (28.2) // 46.1% (25.3) // 43.3% (25.2) // 52.8% (31.7)",
        "oppCorsiAgainst": "50.0% (57.5) // 53.6% (62.5) // 56.6% (68.8) // 50.2% (63.4)",
        "oppFenwickAgainst": "49.2% (41.9) // 53.5% (47.9) // 57.1% (50.9) // 51.3% (46.1)",
        "oppShotsAgainst": "49.9% (30.4) // 55.1% (35.5) // 57.1% (36.5) // 52.3% (33.1)",
        "oppScoringAgainst": "49.5% (27.6) // 53.9% (29.6) // 56.7% (33.1) // 47.2% (28.3)",
        "savesPerGame": 29.8,
        "savesPerGameLast1": 32.0,
        "savesPerGameLast3": 31.3,
        "savesPerGameLast5": 28.0,
        "savesPer60": 29.9,
        "savesPer60Last1": 32.0,
        "savesPer60Last3": 31.1,
        "savesPer60Last5": 27.6,
        "shotsPerGame": 34.4,
        "shotsPerGameLast5": 32.4,
        "shotsAgainstPerGame": 33.1,
        "shotsAgainstPerGameLast5": 31.6,
        "oppSavesAgainstPer60": 28.5,
        "oppSavesAgainstPer60Last1": 29.8,
        "oppSavesAgainstPer60Last3": 28.6,
        "oppSavesAgainstPer60Last5": 24.8,
        "oppShotsAgainstPerGame": 31.0,
        "oppShotsAgainstPerGameLast5": 34.4,
        "savesProj": 29.5,
        "savesProjLast5": 23.3,
        "savesProjLast3": 30.4,
        "oppSavesAgainstProj": 30.1,
        "oppSavesAgainstProjLast5": 24.9,
        "oppSavesAgainstProjLast3": 31.2,
        "totalOver": 44,
        "totalOverLast5": 80,
        "totalOverLast15": 60,
        "lastTotalOver": 54,
        "last5": "3,3,4,1,3,3,5,3,6,2",
        "overOdds": "-130",
        "underOdds": "-110",
        "overUnder": "-130 / -110"
    },
    {
        "player": "Evgeni Malkin",
        "team": "PIT",
        "opponent": "MIN",
        "propType": "sog",
        "line": 2.5,
        "ppLine": "",
        "avg": 2.91,
        "hit": false,
        "diffAvg": 0.16,
        "diffAbs": 0.04,
        "lastAvg": 2.69,
        "diff": 0.08,
        "avgMin": 18,
        "proj": 2.6,
        "lastAvgMin": 18.32,
        "oppOver": 0,
        "teamOver": 0,
        "gameLine": "-135",
        "+/-": -8,
        "L5_+/-": 0.0,
        "prevMatchup": "2022-11-17 1.0 sog",
        "winLossSplits": "63% - 45%",
        "awayHome": "H",
        "playedYesterday": "N",
        "awayHomeSplits": "41% - 67%",
        "savesAboveExp": "-",
        "gsaa": "-",
        "corsi": "51.7% (63.1) // 54.0% (69.2) // 50.6% (63.0) // 44.0% (52.7)",
        "fenwick": "51.7% (47.2) // 55.1% (52.1) // 52.2% (48.0) // 44.3% (38.7)",
        "shots": "51.0% (34.1) // 55.3% (37.1) // 50.6% (32.4) // 42.6% (26.0)",
        "scoring": "52.3% (33.3) // 54.8% (37.7) // 51.7% (35.6) // 44.0% (30.7)",
        "corsiAgainst": "48.3% (58.9) // 46.0% (59.0) // 49.4% (61.4) // 56.0% (67.0)",
        "fenwickAgainst": "48.3% (44.1) // 44.9% (42.5) // 47.8% (44.0) // 55.7% (48.7)",
        "shotsAgainst": "49.0% (32.7) // 44.7% (30.0) // 49.4% (31.6) // 57.4% (35.0)",
        "scoringAgainst": "47.7% (30.3) // 45.2% (31.1) // 48.3% (33.2) // 56.0% (39.0)",
        "oppCorsi": "50.0% (57.4) // 46.4% (54.1) // 43.4% (52.7) // 49.8% (62.9)",
        "oppFenwick": "50.8% (43.3) // 46.5% (41.6) // 42.9% (38.2) // 48.7% (43.7)",
        "oppShots": "50.1% (30.5) // 44.9% (28.9) // 42.9% (27.4) // 47.7% (30.2)",
        "oppScoring": "50.5% (28.2) // 46.1% (25.3) // 43.3% (25.2) // 52.8% (31.7)",
        "oppCorsiAgainst": "50.0% (57.5) // 53.6% (62.5) // 56.6% (68.8) // 50.2% (63.4)",
        "oppFenwickAgainst": "49.2% (41.9) // 53.5% (47.9) // 57.1% (50.9) // 51.3% (46.1)",
        "oppShotsAgainst": "49.9% (30.4) // 55.1% (35.5) // 57.1% (36.5) // 52.3% (33.1)",
        "oppScoringAgainst": "49.5% (27.6) // 53.9% (29.6) // 56.7% (33.1) // 47.2% (28.3)",
        "savesPerGame": 29.8,
        "savesPerGameLast1": 32.0,
        "savesPerGameLast3": 31.3,
        "savesPerGameLast5": 28.0,
        "savesPer60": 29.9,
        "savesPer60Last1": 32.0,
        "savesPer60Last3": 31.1,
        "savesPer60Last5": 27.6,
        "shotsPerGame": 34.4,
        "shotsPerGameLast5": 32.4,
        "shotsAgainstPerGame": 33.1,
        "shotsAgainstPerGameLast5": 31.6,
        "oppSavesAgainstPer60": 28.5,
        "oppSavesAgainstPer60Last1": 29.8,
        "oppSavesAgainstPer60Last3": 28.6,
        "oppSavesAgainstPer60Last5": 24.8,
        "oppShotsAgainstPerGame": 31.0,
        "oppShotsAgainstPerGameLast5": 34.4,
        "savesProj": 29.5,
        "savesProjLast5": 23.3,
        "savesProjLast3": 30.4,
        "oppSavesAgainstProj": 30.1,
        "oppSavesAgainstProjLast5": 24.9,
        "oppSavesAgainstProjLast3": 31.2,
        "totalOver": 54,
        "totalOverLast5": 80,
        "totalOverLast15": 53,
        "lastTotalOver": 50,
        "last5": "2,3,4,4,6,2,3,2,4,2",
        "overOdds": "-135",
        "underOdds": "-105",
        "overUnder": "-135 / -105"
    },
    {
        "player": "Jake Guentzel",
        "team": "PIT",
        "opponent": "MIN",
        "propType": "sog",
        "line": 3.5,
        "ppLine": "",
        "avg": 3.19,
        "hit": false,
        "diffAvg": -0.09,
        "diffAbs": 0.11,
        "lastAvg": 3.11,
        "diff": -0.11,
        "avgMin": 20,
        "proj": 3.1,
        "lastAvgMin": 20.08,
        "oppOver": 0,
        "teamOver": 0,
        "gameLine": "-135",
        "+/-": "+2",
        "L5_+/-": "+1.0",
        "prevMatchup": "2022-11-17 6.0 sog",
        "winLossSplits": "57% - 22%",
        "awayHome": "H",
        "playedYesterday": "N",
        "awayHomeSplits": "31% - 46%",
        "savesAboveExp": "-",
        "gsaa": "-",
        "corsi": "51.7% (63.1) // 54.0% (69.2) // 50.6% (63.0) // 44.0% (52.7)",
        "fenwick": "51.7% (47.2) // 55.1% (52.1) // 52.2% (48.0) // 44.3% (38.7)",
        "shots": "51.0% (34.1) // 55.3% (37.1) // 50.6% (32.4) // 42.6% (26.0)",
        "scoring": "52.3% (33.3) // 54.8% (37.7) // 51.7% (35.6) // 44.0% (30.7)",
