[
    {
        "player": "Alex Pietrangelo",
        "team": "VGK",
        "opponent": "EDM",
        "propType": "sog",
        "line": 2.5,
        "ppLine": "PP1",
        "avg": 2.33,
        "hit": false,
        "diffAvg": -0.07,
        "diffAbs": 0.08,
        "lastAvg": 2.8,
        "diff": 0.12,
        "avgMin": 24,
        "proj": 2.7,
        "lastAvgMin": 24.63,
        "oppOver": 0,
        "teamOver": 0,
        "gameLine": "+150",
        "+/-": "+15",
        "L5_+/-": "+7.0",
        "prevMatchup": "2023-05-03 4.0 sog 2023-03-28 3.0 sog 2023-03-25 0.0 sog 2023-01-14 4.0 sog 2022-11-19 2.0 sog",
        "winLossSplits": "36% - 59%",
        "awayHome": "A",
        "playedYesterday": "N",
        "awayHomeSplits": "46% - 43%",
        "savesAboveExp": 0.118,
        "gsaa": 14.07,
        "corsi": "48.6% (57.5) // 48.0% (56.0) // 48.6% (57.5) // 48.6% (57.5)",
        "fenwick": "49.7% (42.3) // 48.8% (40.5) // 49.7% (42.3) // 49.7% (42.3)",
        "shots": "50.5% (31.1) // 50.2% (28.8) // 50.5% (31.1) // 50.5% (31.1)",
        "scoring": "49.5% (29.2) // 49.0% (28.7) // 49.5% (29.2) // 49.5% (29.2)",
        "corsiAgainst": "51.4% (60.7) // 52.0% (60.6) // 51.4% (60.7) // 51.4% (60.7)",
        "fenwickAgainst": "50.3% (42.8) // 51.2% (42.5) // 50.3% (42.8) // 50.3% (42.8)",
        "shotsAgainst": "49.5% (30.4) // 49.8% (28.5) // 49.5% (30.4) // 49.5% (30.4)",
        "scoringAgainst": "50.5% (29.8) // 51.0% (29.9) // 50.5% (29.8) // 50.5% (29.8)",
        "oppCorsi": "52.1% (59.2) // 54.3% (61.2) // 52.1% (59.2) // 52.1% (59.2)",
        "oppFenwick": "51.6% (44.8) // 54.4% (46.8) // 51.6% (44.8) // 51.6% (44.8)",
        "oppShots": "51.7% (33.3) // 54.4% (35.4) // 51.7% (33.3) // 51.7% (33.3)",
        "oppScoring": "53.5% (32.9) // 54.3% (35.5) // 53.5% (32.9) // 53.5% (32.9)",
        "oppCorsiAgainst": "47.9% (54.5) // 45.7% (51.4) // 47.9% (54.5) // 47.9% (54.5)",
        "oppFenwickAgainst": "48.4% (42.0) // 45.6% (39.2) // 48.4% (42.0) // 48.4% (42.0)",
        "oppShotsAgainst": "48.3% (31.1) // 45.6% (29.7) // 48.3% (31.1) // 48.3% (31.1)",
        "oppScoringAgainst": "46.5% (28.6) // 45.7% (29.9) // 46.5% (28.6) // 46.5% (28.6)",
        "savesPerGame": 28.1,
        "savesPerGameLast1": 32.0,
        "savesPerGameLast3": 28.3,
        "savesPerGameLast5": 27.8,
        "savesPer60": 30.5,
        "savesPer60Last1": 31.9,
        "savesPer60Last3": 28.3,
        "savesPer60Last5": 29.9,
        "shotsPerGame": 31.5,
        "shotsPerGameLast5": 33.6,
        "shotsAgainstPerGame": 30.9,
        "shotsAgainstPerGameLast5": 31.0,
        "oppSavesAgainstPer60": 32.2,
        "oppSavesAgainstPer60Last1": 31.9,
        "oppSavesAgainstPer60Last3": 25.6,
        "oppSavesAgainstPer60Last5": 26.7,
        "oppShotsAgainstPerGame": 31.4,
        "oppShotsAgainstPerGameLast5": 35.2,
        "savesProj": 29.3,
        "savesProjLast5": 27.1,
        "savesProjLast3": 19.8,
        "oppSavesAgainstProj": 31.0,
        "oppSavesAgainstProjLast5": 24.9,
        "oppSavesAgainstProjLast3": 21.7,
        "totalOver": 44,
        "totalOverLast5": 60,
        "totalOverLast15": 47,
        "lastTotalOver": 47,
        "last5": "4,1,3,3,2,0,0,0,2,4",
        "overOdds": "+105",
        "underOdds": "-135",
        "overUnder": "+105 / -135"
    },
    {
        "player": "Connor Mcdavid",
        "team": "EDM",
        "opponent": "VGK",
        "propType": "sog",
        "line": 3.5,
        "ppLine": "PP1",
        "avg": 4.29,
        "hit": false,
        "diffAvg": 0.23,
        "diffAbs": 0.09,
        "lastAvg": 3.24,
        "diff": -0.07,
        "avgMin": 22,
        "proj": 3.2,
        "lastAvgMin": 22.05,
        "oppOver": 0,
        "teamOver": 0,
        "gameLine": "-175",
        "+/-": "+22",
        "L5_+/-": "+4.0",
        "prevMatchup": "2023-05-03 4.0 sog 2023-03-28 0.0 sog 2023-03-25 2.0 sog 2023-01-14 8.0 sog 2022-11-19 6.0 sog",
        "winLossSplits": "63% - 69%",
        "awayHome": "H",
        "playedYesterday": "N",
        "awayHomeSplits": "56% - 75%",
        "savesAboveExp": "-",
        "gsaa": "-",
        "corsi": "52.1% (59.2) // 54.3% (61.2) // 52.1% (59.2) // 52.1% (59.2)",
        "fenwick": "51.6% (44.8) // 54.4% (46.8) // 51.6% (44.8) // 51.6% (44.8)",
        "shots": "51.7% (33.3) // 54.4% (35.4) // 51.7% (33.3) // 51.7% (33.3)",
        "scoring": "53.5% (32.9) // 54.3% (35.5) // 53.5% (32.9) // 53.5% (32.9)",
        "corsiAgainst": "47.9% (54.5) // 45.7% (51.4) // 47.9% (54.5) // 47.9% (54.5)",
        "fenwickAgainst": "48.4% (42.0) // 45.6% (39.2) // 48.4% (42.0) // 48.4% (42.0)",
        "shotsAgainst": "48.3% (31.1) // 45.6% (29.7) // 48.3% (31.1) // 48.3% (31.1)",
        "scoringAgainst": "46.5% (28.6) // 45.7% (29.9) // 46.5% (28.6) // 46.5% (28.6)",
        "oppCorsi": "48.6% (57.5) // 48.0% (56.0) // 48.6% (57.5) // 48.6% (57.5)",
        "oppFenwick": "49.7% (42.3) // 48.8% (40.5) // 49.7% (42.3) // 49.7% (42.3)",
        "oppShots": "50.5% (31.1) // 50.2% (28.8) // 50.5% (31.1) // 50.5% (31.1)",
        "oppScoring": "49.5% (29.2) // 49.0% (28.7) // 49.5% (29.2) // 49.5% (29.2)",
        "oppCorsiAgainst": "51.4% (60.7) // 52.0% (60.6) // 51.4% (60.7) // 51.4% (60.7)",
        "oppFenwickAgainst": "50.3% (42.8) // 51.2% (42.5) // 50.3% (42.8) // 50.3% (42.8)",
        "oppShotsAgainst": "49.5% (30.4) // 49.8% (28.5) // 49.5% (30.4) // 49.5% (30.4)",
        "oppScoringAgainst": "50.5% (29.8) // 51.0% (29.9) // 50.5% (29.8) // 50.5% (29.8)",
        "savesPerGame": 28.2,
        "savesPerGameLast1": 30.0,
        "savesPerGameLast3": 32.7,
        "savesPerGameLast5": 31.6,
        "savesPer60": 30.9,
        "savesPer60Last1": 29.8,
        "savesPer60Last3": 32.5,
        "savesPer60Last5": 33.0,
        "shotsPerGame": 33.6,
        "shotsPerGameLast5": 32.0,
        "shotsAgainstPerGame": 31.4,
        "shotsAgainstPerGameLast5": 35.2,
        "oppSavesAgainstPer60": 30.5,
        "oppSavesAgainstPer60Last1": 29.6,
        "oppSavesAgainstPer60Last3": 26.9,
        "oppSavesAgainstPer60Last5": 30.0,
        "oppShotsAgainstPerGame": 30.9,
        "oppShotsAgainstPerGameLast5": 31.0,
        "savesProj": 28.7,
        "savesProjLast5": 32.9,
        "savesProjLast3": 26.6,
        "oppSavesAgainstProj": 29.5,
        "oppSavesAgainstProjLast5": 30.0,
        "oppSavesAgainstProjLast3": 26.8,
        "totalOver": 65,
        "totalOverLast5": 60,
        "totalOverLast15": 67,
        "lastTotalOver": 52,
        "last5": "4,3,4,2,7,6,5,5,7,6",
        "overOdds": "-160",
        "underOdds": "+130",
        "overUnder": "-160 / +130"
    },
    {
        "player": "Darnell Nurse",
        "team": "EDM",
        "opponent": "VGK",
        "propType": "sog",
        "line": 2.5,
        "ppLine": "PP2",
        "avg": 2.47,
        "hit": false,
        "diffAvg": -0.01,
        "diffAbs": 0.12,
        "lastAvg": 2.36,
        "diff": -0.06,
        "avgMin": 23,
        "proj": 2.2,
        "lastAvgMin": 25.03,
        "oppOver": 0,
        "teamOver": 0,
        "gameLine": "-175",
        "+/-": "+28",
        "L5_+/-": "+6.0",
        "prevMatchup": "2023-05-03 7.0 sog 2023-03-28 4.0 sog 2023-03-25 1.0 sog 2023-01-14 2.0 sog 2022-11-19 2.0 sog",
        "winLossSplits": "43% - 43%",
        "awayHome": "H",
        "playedYesterday": "N",
        "awayHomeSplits": "53% - 32%",
        "savesAboveExp": "-",
        "gsaa": "-",
        "corsi": "52.1% (59.2) // 54.3% (61.2) // 52.1% (59.2) // 52.1% (59.2)",
        "fenwick": "51.6% (44.8) // 54.4% (46.8) // 51.6% (44.8) // 51.6% (44.8)",
        "shots": "51.7% (33.3) // 54.4% (35.4) // 51.7% (33.3) // 51.7% (33.3)",
        "scoring": "53.5% (32.9) // 54.3% (35.5) // 53.5% (32.9) // 53.5% (32.9)",
        "corsiAgainst": "47.9% (54.5) // 45.7% (51.4) // 47.9% (54.5) // 47.9% (54.5)",
        "fenwickAgainst": "48.4% (42.0) // 45.6% (39.2) // 48.4% (42.0) // 48.4% (42.0)",
        "shotsAgainst": "48.3% (31.1) // 45.6% (29.7) // 48.3% (31.1) // 48.3% (31.1)",
        "scoringAgainst": "46.5% (28.6) // 45.7% (29.9) // 46.5% (28.6) // 46.5% (28.6)",
        "oppCorsi": "48.6% (57.5) // 48.0% (56.0) // 48.6% (57.5) // 48.6% (57.5)",
        "oppFenwick": "49.7% (42.3) // 48.8% (40.5) // 49.7% (42.3) // 49.7% (42.3)",
        "oppShots": "50.5% (31.1) // 50.2% (28.8) // 50.5% (31.1) // 50.5% (31.1)",
        "oppScoring": "49.5% (29.2) // 49.0% (28.7) // 49.5% (29.2) // 49.5% (29.2)",
        "oppCorsiAgainst": "51.4% (60.7) // 52.0% (60.6) // 51.4% (60.7) // 51.4% (60.7)",
        "oppFenwickAgainst": "50.3% (42.8) // 51.2% (42.5) // 50.3% (42.8) // 50.3% (42.8)",
        "oppShotsAgainst": "49.5% (30.4) // 49.8% (28.5) // 49.5% (30.4) // 49.5% (30.4)",
        "oppScoringAgainst": "50.5% (29.8) // 51.0% (29.9) // 50.5% (29.8) // 50.5% (29.8)",
        "savesPerGame": 28.2,
        "savesPerGameLast1": 30.0,
        "savesPerGameLast3": 32.7,
        "savesPerGameLast5": 31.6,
        "savesPer60": 30.9,
        "savesPer60Last1": 29.8,
        "savesPer60Last3": 32.5,
        "savesPer60Last5": 33.0,
        "shotsPerGame": 33.6,
        "shotsPerGameLast5": 32.0,
        "shotsAgainstPerGame": 31.4,
        "shotsAgainstPerGameLast5": 35.2,
        "oppSavesAgainstPer60": 30.5,
        "oppSavesAgainstPer60Last1": 29.6,
        "oppSavesAgainstPer60Last3": 26.9,
        "oppSavesAgainstPer60Last5": 30.0,
        "oppShotsAgainstPerGame": 30.9,
        "oppShotsAgainstPerGameLast5": 31.0,
        "savesProj": 28.7,
        "savesProjLast5": 32.9,
        "savesProjLast3": 26.6,
        "oppSavesAgainstProj": 29.5,
        "oppSavesAgainstProjLast5": 30.0,
        "oppSavesAgainstProjLast3": 26.8,
        "totalOver": 43,
        "totalOverLast5": 40,
        "totalOverLast15": 40,
        "lastTotalOver": 49,
        "last5": "7,1,0,2,4,2,1,1,2,3",
        "overOdds": "+110",
        "underOdds": "-140",
        "overUnder": "+110 / -140"
    },
    {
        "player": "Evan Bouchard",
        "team": "EDM",
        "opponent": "VGK",
        "propType": "sog",
        "line": 2.5,
        "ppLine": "PP1",
        "avg": 1.92,
        "hit": false,
        "diffAvg": -0.23,
        "diffAbs": 0.24,
        "lastAvg": 2.11,
        "diff": -0.16,
        "avgMin": 18,
        "proj": 1.9,
        "lastAvgMin": 19.8,
        "oppOver": 0,
        "teamOver": 0,
        "gameLine": "-175",
        "+/-": "+7",
        "L5_+/-": "+6.0",
        "prevMatchup": "2023-05-03 2.0 sog 2023-03-28 3.0 sog 2023-03-25 3.0 sog 2023-01-14 2.0 sog 2022-11-19 0.0 sog",
        "winLossSplits": "31% - 34%",
        "awayHome": "H",
        "playedYesterday": "N",
        "awayHomeSplits": "33% - 32%",
        "savesAboveExp": "-",
        "gsaa": "-",
        "corsi": "52.1% (59.2) // 54.3% (61.2) // 52.1% (59.2) // 52.1% (59.2)",
        "fenwick": "51.6% (44.8) // 54.4% (46.8) // 51.6% (44.8) // 51.6% (44.8)",
        "shots": "51.7% (33.3) // 54.4% (35.4) // 51.7% (33.3) // 51.7% (33.3)",
        "scoring": "53.5% (32.9) // 54.3% (35.5) // 53.5% (32.9) // 53.5% (32.9)",
        "corsiAgainst": "47.9% (54.5) // 45.7% (51.4) // 47.9% (54.5) // 47.9% (54.5)",
        "fenwickAgainst": "48.4% (42.0) // 45.6% (39.2) // 48.4% (42.0) // 48.4% (42.0)",
        "shotsAgainst": "48.3% (31.1) // 45.6% (29.7) // 48.3% (31.1) // 48.3% (31.1)",
        "scoringAgainst": "46.5% (28.6) // 45.7% (29.9) // 46.5% (28.6) // 46.5% (28.6)",
        "oppCorsi": "48.6% (57.5) // 48.0% (56.0) // 48.6% (57.5) // 48.6% (57.5)",
        "oppFenwick": "49.7% (42.3) // 48.8% (40.5) // 49.7% (42.3) // 49.7% (42.3)",
        "oppShots": "50.5% (31.1) // 50.2% (28.8) // 50.5% (31.1) // 50.5% (31.1)",
        "oppScoring": "49.5% (29.2) // 49.0% (28.7) // 49.5% (29.2) // 49.5% (29.2)",
        "oppCorsiAgainst": "51.4% (60.7) // 52.0% (60.6) // 51.4% (60.7) // 51.4% (60.7)",
        "oppFenwickAgainst": "50.3% (42.8) // 51.2% (42.5) // 50.3% (42.8) // 50.3% (42.8)",
        "oppShotsAgainst": "49.5% (30.4) // 49.8% (28.5) // 49.5% (30.4) // 49.5% (30.4)",
        "oppScoringAgainst": "50.5% (29.8) // 51.0% (29.9) // 50.5% (29.8) // 50.5% (29.8)",
        "savesPerGame": 28.2,
        "savesPerGameLast1": 30.0,
        "savesPerGameLast3": 32.7,
        "savesPerGameLast5": 31.6,
        "savesPer60": 30.9,
        "savesPer60Last1": 29.8,
        "savesPer60Last3": 32.5,
        "savesPer60Last5": 33.0,
        "shotsPerGame": 33.6,
        "shotsPerGameLast5": 32.0,
        "shotsAgainstPerGame": 31.4,
        "shotsAgainstPerGameLast5": 35.2,
        "oppSavesAgainstPer60": 30.5,
        "oppSavesAgainstPer60Last1": 29.6,
        "oppSavesAgainstPer60Last3": 26.9,
        "oppSavesAgainstPer60Last5": 30.0,
        "oppShotsAgainstPerGame": 30.9,
        "oppShotsAgainstPerGameLast5": 31.0,
        "savesProj": 28.7,
        "savesProjLast5": 32.9,
        "savesProjLast3": 26.6,
        "oppSavesAgainstProj": 29.5,
        "oppSavesAgainstProjLast5": 30.0,
        "oppSavesAgainstProjLast3": 26.8,
        "totalOver": 33,
        "totalOverLast5": 40,
        "totalOverLast15": 20,
        "lastTotalOver": 43,
        "last5": "2,0,0,4,4,3,2,2,2,1",
        "overOdds": "+135",
        "underOdds": "-165",
        "overUnder": "+135 / -165"
    },
    {
        "player": "Evander Kane",
        "team": "EDM",
        "opponent": "VGK",
        "propType": "sog",
        "line": 3.5,
        "ppLine": "PP2",
        "avg": 3.48,
        "hit": false,
        "diffAvg": -0.01,
        "diffAbs": 0.31,
        "lastAvg": 2.62,
        "diff": -0.25,
        "avgMin": 18,
        "proj": 2.4,
        "lastAvgMin": 19.45,
        "oppOver": 0,
        "teamOver": 0,
        "gameLine": "-175",
        "+/-": -6,
        "L5_+/-": -1.0,
        "prevMatchup": "2023-05-03 1.0 sog 2023-03-28 11.0 sog 2023-03-25 2.0 sog",
        "winLossSplits": "36% - 40%",
        "awayHome": "H",
        "playedYesterday": "N",
        "awayHomeSplits": "30% - 44%",
        "savesAboveExp": "-",
        "gsaa": "-",
        "corsi": "52.1% (59.2) // 54.3% (61.2) // 52.1% (59.2) // 52.1% (59.2)",
        "fenwick": "51.6% (44.8) // 54.4% (46.8) // 51.6% (44.8) // 51.6% (44.8)",
        "shots": "51.7% (33.3) // 54.4% (35.4) // 51.7% (33.3) // 51.7% (33.3)",
        "scoring": "53.5% (32.9) // 54.3% (35.5) // 53.5% (32.9) // 53.5% (32.9)",
        "corsiAgainst": "47.9% (54.5) // 45.7% (51.4) // 47.9% (54.5) // 47.9% (54.5)",
        "fenwickAgainst": "48.4% (42.0) // 45.6% (39.2) // 48.4% (42.0) // 48.4% (42.0)",
        "shotsAgainst": "48.3% (31.1) // 45.6% (29.7) // 48.3% (31.1) // 48.3% (31.1)",
        "scoringAgainst": "46.5% (28.6) // 45.7% (29.9) // 46.5% (28.6) // 46.5% (28.6)",
        "oppCorsi": "48.6% (57.5) // 48.0% (56.0) // 48.6% (57.5) // 48.6% (57.5)",
        "oppFenwick": "49.7% (42.3) // 48.8% (40.5) // 49.7% (42.3) // 49.7% (42.3)",
        "oppShots": "50.5% (31.1) // 50.2% (28.8) // 50.5% (31.1) // 50.5% (31.1)",
        "oppScoring": "49.5% (29.2) // 49.0% (28.7) // 49.5% (29.2) // 49.5% (29.2)",
        "oppCorsiAgainst": "51.4% (60.7) // 52.0% (60.6) // 51.4% (60.7) // 51.4% (60.7)",
        "oppFenwickAgainst": "50.3% (42.8) // 51.2% (42.5) // 50.3% (42.8) // 50.3% (42.8)",
        "oppShotsAgainst": "49.5% (30.4) // 49.8% (28.5) // 49.5% (30.4) // 49.5% (30.4)",
        "oppScoringAgainst": "50.5% (29.8) // 51.0% (29.9) // 50.5% (29.8) // 50.5% (29.8)",
        "savesPerGame": 28.2,
        "savesPerGameLast1": 30.0,
        "savesPerGameLast3": 32.7,
        "savesPerGameLast5": 31.6,
        "savesPer60": 30.9,
        "savesPer60Last1": 29.8,
        "savesPer60Last3": 32.5,
        "savesPer60Last5": 33.0,
        "shotsPerGame": 33.6,
        "shotsPerGameLast5": 32.0,
        "shotsAgainstPerGame": 31.4,
        "shotsAgainstPerGameLast5": 35.2,
        "oppSavesAgainstPer60": 30.5,
        "oppSavesAgainstPer60Last1": 29.6,
        "oppSavesAgainstPer60Last3": 26.9,
        "oppSavesAgainstPer60Last5": 30.0,
        "oppShotsAgainstPerGame": 30.9,
        "oppShotsAgainstPerGameLast5": 31.0,
        "savesProj": 28.7,
        "savesProjLast5": 32.9,
        "savesProjLast3": 26.6,
        "oppSavesAgainstProj": 29.5,
        "oppSavesAgainstProjLast5": 30.0,
        "oppSavesAgainstProjLast3": 26.8,
        "totalOver": 38,
        "totalOverLast5": 40,
        "totalOverLast15": 40,
        "lastTotalOver": 41,
        "last5": "1,3,3,5,4,3,2,2,3,7",
        "overOdds": "+110",
        "underOdds": "-140",
        "overUnder": "+110 / -140"
    },
    {
        "player": "Jack Eichel",
        "team": "VGK",
        "opponent": "EDM",
        "propType": "sog",
        "line": 3.5,
        "ppLine": "PP1",
        "avg": 3.36,
        "hit": false,
        "diffAvg": -0.04,
        "diffAbs": 0.03,
        "lastAvg": 3.91,
        "diff": 0.12,
        "avgMin": 18,
        "proj": 3.6,
        "lastAvgMin": 19.38,
        "oppOver": 0,
        "teamOver": 0,
        "gameLine": "+150",
        "+/-": "+25",
        "L5_+/-": "+2.0",
        "prevMatchup": "2023-05-03 5.0 sog 2023-03-28 1.0 sog 2023-03-25 4.0 sog 2023-01-14 0.0 sog 2022-11-19 5.0 sog",
        "winLossSplits": "48% - 36%",
        "awayHome": "A",
        "playedYesterday": "N",
        "awayHomeSplits": "53% - 35%",
        "savesAboveExp": 0.118,
        "gsaa": 14.07,
        "corsi": "48.6% (57.5) // 48.0% (56.0) // 48.6% (57.5) // 48.6% (57.5)",
        "fenwick": "49.7% (42.3) // 48.8% (40.5) // 49.7% (42.3) // 49.7% (42.3)",
        "shots": "50.5% (31.1) // 50.2% (28.8) // 50.5% (31.1) // 50.5% (31.1)",
        "scoring": "49.5% (29.2) // 49.0% (28.7) // 49.5% (29.2) // 49.5% (29.2)",
        "corsiAgainst": "51.4% (60.7) // 52.0% (60.6) // 51.4% (60.7) // 51.4% (60.7)",
        "fenwickAgainst": "50.3% (42.8) // 51.2% (42.5) // 50.3% (42.8) // 50.3% (42.8)",
        "shotsAgainst": "49.5% (30.4) // 49.8% (28.5) // 49.5% (30.4) // 49.5% (30.4)",
        "scoringAgainst": "50.5% (29.8) // 51.0% (29.9) // 50.5% (29.8) // 50.5% (29.8)",
        "oppCorsi": "52.1% (59.2) // 54.3% (61.2) // 52.1% (59.2) // 52.1% (59.2)",
        "oppFenwick": "51.6% (44.8) // 54.4% (46.8) // 51.6% (44.8) // 51.6% (44.8)",
        "oppShots": "51.7% (33.3) // 54.4% (35.4) // 51.7% (33.3) // 51.7% (33.3)",
        "oppScoring": "53.5% (32.9) // 54.3% (35.5) // 53.5% (32.9) // 53.5% (32.9)",
        "oppCorsiAgainst": "47.9% (54.5) // 45.7% (51.4) // 47.9% (54.5) // 47.9% (54.5)",
        "oppFenwickAgainst": "48.4% (42.0) // 45.6% (39.2) // 48.4% (42.0) // 48.4% (42.0)",
        "oppShotsAgainst": "48.3% (31.1) // 45.6% (29.7) // 48.3% (31.1) // 48.3% (31.1)",
        "oppScoringAgainst": "46.5% (28.6) // 45.7% (29.9) // 46.5% (28.6) // 46.5% (28.6)",
        "savesPerGame": 28.1,
        "savesPerGameLast1": 32.0,
        "savesPerGameLast3": 28.3,
        "savesPerGameLast5": 27.8,
        "savesPer60": 30.5,
        "savesPer60Last1": 31.9,
        "savesPer60Last3": 28.3,
        "savesPer60Last5": 29.9,
        "shotsPerGame": 31.5,
        "shotsPerGameLast5": 33.6,
        "shotsAgainstPerGame": 30.9,
        "shotsAgainstPerGameLast5": 31.0,
        "oppSavesAgainstPer60": 32.2,
        "oppSavesAgainstPer60Last1": 31.9,
        "oppSavesAgainstPer60Last3": 25.6,
        "oppSavesAgainstPer60Last5": 26.7,
        "oppShotsAgainstPerGame": 31.4,
        "oppShotsAgainstPerGameLast5": 35.2,
        "savesProj": 29.3,
        "savesProjLast5": 27.1,
        "savesProjLast3": 19.8,
        "oppSavesAgainstProj": 31.0,
        "oppSavesAgainstProjLast5": 24.9,
        "oppSavesAgainstProjLast3": 21.7,
        "totalOver": 44,
        "totalOverLast5": 60,
        "totalOverLast15": 40,
        "lastTotalOver": 50,
        "last5": "5,1,4,7,3,2,2,3,5,1",
        "overOdds": "+105",
        "underOdds": "-135",
        "overUnder": "+105 / -135"
    },
    {
        "player": "Jonathan Marchessault",
        "team": "VGK",
        "opponent": "EDM",
        "propType": "sog",
        "line": 2.5,
        "ppLine": "PP2",
        "avg": 3.1,
        "hit": false,
        "diffAvg": 0.24,
        "diffAbs": 0.28,
        "lastAvg": 3.26,
        "diff": 0.3,
        "avgMin": 17,
        "proj": 3.2,
        "lastAvgMin": 17.57,
        "oppOver": 0,
        "teamOver": 0,
        "gameLine": "+150",
        "+/-": "+6",
        "L5_+/-": "+5.0",
        "prevMatchup": "2023-05-03 4.0 sog 2023-03-28 4.0 sog 2023-03-25 2.0 sog 2023-01-14 5.0 sog 2022-11-19 3.0 sog",
        "winLossSplits": "60% - 70%",
        "awayHome": "A",
        "playedYesterday": "N",
        "awayHomeSplits": "58% - 69%",
        "savesAboveExp": 0.118,
        "gsaa": 14.07,
        "corsi": "48.6% (57.5) // 48.0% (56.0) // 48.6% (57.5) // 48.6% (57.5)",
        "fenwick": "49.7% (42.3) // 48.8% (40.5) // 49.7% (42.3) // 49.7% (42.3)",
        "shots": "50.5% (31.1) // 50.2% (28.8) // 50.5% (31.1) // 50.5% (31.1)",
        "scoring": "49.5% (29.2) // 49.0% (28.7) // 49.5% (29.2) // 49.5% (29.2)",
        "corsiAgainst": "51.4% (60.7) // 52.0% (60.6) // 51.4% (60.7) // 51.4% (60.7)",
        "fenwickAgainst": "50.3% (42.8) // 51.2% (42.5) // 50.3% (42.8) // 50.3% (42.8)",
        "shotsAgainst": "49.5% (30.4) // 49.8% (28.5) // 49.5% (30.4) // 49.5% (30.4)",
        "scoringAgainst": "50.5% (29.8) // 51.0% (29.9) // 50.5% (29.8) // 50.5% (29.8)",
        "oppCorsi": "52.1% (59.2) // 54.3% (61.2) // 52.1% (59.2) // 52.1% (59.2)",
        "oppFenwick": "51.6% (44.8) // 54.4% (46.8) // 51.6% (44.8) // 51.6% (44.8)",
        "oppShots": "51.7% (33.3) // 54.4% (35.4) // 51.7% (33.3) // 51.7% (33.3)",
        "oppScoring": "53.5% (32.9) // 54.3% (35.5) // 53.5% (32.9) // 53.5% (32.9)",
        "oppCorsiAgainst": "47.9% (54.5) // 45.7% (51.4) // 47.9% (54.5) // 47.9% (54.5)",
        "oppFenwickAgainst": "48.4% (42.0) // 45.6% (39.2) // 48.4% (42.0) // 48.4% (42.0)",
        "oppShotsAgainst": "48.3% (31.1) // 45.6% (29.7) // 48.3% (31.1) // 48.3% (31.1)",
        "oppScoringAgainst": "46.5% (28.6) // 45.7% (29.9) // 46.5% (28.6) // 46.5% (28.6)",
        "savesPerGame": 28.1,
        "savesPerGameLast1": 32.0,
        "savesPerGameLast3": 28.3,
        "savesPerGameLast5": 27.8,
        "savesPer60": 30.5,
        "savesPer60Last1": 31.9,
        "savesPer60Last3": 28.3,
        "savesPer60Last5": 29.9,
        "shotsPerGame": 31.5,
        "shotsPerGameLast5": 33.6,
        "shotsAgainstPerGame": 30.9,
        "shotsAgainstPerGameLast5": 31.0,
        "oppSavesAgainstPer60": 32.2,
        "oppSavesAgainstPer60Last1": 31.9,
        "oppSavesAgainstPer60Last3": 25.6,
        "oppSavesAgainstPer60Last5": 26.7,
        "oppShotsAgainstPerGame": 31.4,
        "oppShotsAgainstPerGameLast5": 35.2,
        "savesProj": 29.3,
        "savesProjLast5": 27.1,
        "savesProjLast3": 19.8,
        "oppSavesAgainstProj": 31.0,
        "oppSavesAgainstProjLast5": 24.9,
        "oppSavesAgainstProjLast3": 21.7,
        "totalOver": 63,
        "totalOverLast5": 40,
        "totalOverLast15": 53,
        "lastTotalOver": 60,
        "last5": "4,2,1,7,2,0,3,3,3,5",
        "overOdds": "-140",
        "underOdds": "+110",
        "overUnder": "-140 / +110"
    },
    {
        "player": "Leon Draisaitl",
        "team": "EDM",
        "opponent": "VGK",
        "propType": "sog",
        "line": 3.5,
        "ppLine": "PP1",
        "avg": 3.18,
        "hit": false,
        "diffAvg": -0.09,
        "diffAbs": 0.23,
        "lastAvg": 2.87,
        "diff": -0.18,
        "avgMin": 21,
        "proj": 2.7,
        "lastAvgMin": 22.33,
        "oppOver": 0,
        "teamOver": 0,
        "gameLine": "-175",
        "+/-": "+12",
        "L5_+/-": "+6.0",
        "prevMatchup": "2023-05-03 5.0 sog 2023-03-28 4.0 sog 2023-03-25 4.0 sog 2023-01-14 4.0 sog 2022-11-19 1.0 sog",
        "winLossSplits": "34% - 53%",
        "awayHome": "H",
        "playedYesterday": "N",
        "awayHomeSplits": "50% - 33%",
        "savesAboveExp": "-",
        "gsaa": "-",
        "corsi": "52.1% (59.2) // 54.3% (61.2) // 52.1% (59.2) // 52.1% (59.2)",
        "fenwick": "51.6% (44.8) // 54.4% (46.8) // 51.6% (44.8) // 51.6% (44.8)",
        "shots": "51.7% (33.3) // 54.4% (35.4) // 51.7% (33.3) // 51.7% (33.3)",
        "scoring": "53.5% (32.9) // 54.3% (35.5) // 53.5% (32.9) // 53.5% (32.9)",
        "corsiAgainst": "47.9% (54.5) // 45.7% (51.4) // 47.9% (54.5) // 47.9% (54.5)",
        "fenwickAgainst": "48.4% (42.0) // 45.6% (39.2) // 48.4% (42.0) // 48.4% (42.0)",
        "shotsAgainst": "48.3% (31.1) // 45.6% (29.7) // 48.3% (31.1) // 48.3% (31.1)",
        "scoringAgainst": "46.5% (28.6) // 45.7% (29.9) // 46.5% (28.6) // 46.5% (28.6)",
        "oppCorsi": "48.6% (57.5) // 48.0% (56.0) // 48.6% (57.5) // 48.6% (57.5)",
        "oppFenwick": "49.7% (42.3) // 48.8% (40.5) // 49.7% (42.3) // 49.7% (42.3)",
        "oppShots": "50.5% (31.1) // 50.2% (28.8) // 50.5% (31.1) // 50.5% (31.1)",
        "oppScoring": "49.5% (29.2) // 49.0% (28.7) // 49.5% (29.2) // 49.5% (29.2)",
        "oppCorsiAgainst": "51.4% (60.7) // 52.0% (60.6) // 51.4% (60.7) // 51.4% (60.7)",
        "oppFenwickAgainst": "50.3% (42.8) // 51.2% (42.5) // 50.3% (42.8) // 50.3% (42.8)",
        "oppShotsAgainst": "49.5% (30.4) // 49.8% (28.5) // 49.5% (30.4) // 49.5% (30.4)",
        "oppScoringAgainst": "50.5% (29.8) // 51.0% (29.9) // 50.5% (29.8) // 50.5% (29.8)",
        "savesPerGame": 28.2,
        "savesPerGameLast1": 30.0,
        "savesPerGameLast3": 32.7,
        "savesPerGameLast5": 31.6,
        "savesPer60": 30.9,
        "savesPer60Last1": 29.8,
        "savesPer60Last3": 32.5,
        "savesPer60Last5": 33.0,
        "shotsPerGame": 33.6,
        "shotsPerGameLast5": 32.0,
        "shotsAgainstPerGame": 31.4,
        "shotsAgainstPerGameLast5": 35.2,
        "oppSavesAgainstPer60": 30.5,
        "oppSavesAgainstPer60Last1": 29.6,
        "oppSavesAgainstPer60Last3": 26.9,
        "oppSavesAgainstPer60Last5": 30.0,
        "oppShotsAgainstPerGame": 30.9,
        "oppShotsAgainstPerGameLast5": 31.0,
        "savesProj": 28.7,
        "savesProjLast5": 32.9,
        "savesProjLast3": 26.6,
        "oppSavesAgainstProj": 29.5,
        "oppSavesAgainstProjLast5": 30.0,
        "oppSavesAgainstProjLast3": 26.8,
        "totalOver": 41,
        "totalOverLast5": 60,
        "totalOverLast15": 33,
        "lastTotalOver": 39,
        "last5": "5,3,5,5,3,3,6,3,0,1",
        "overOdds": "-125",
        "underOdds": "-105",
        "overUnder": "-125 / -105"
    },
    {
        "player": "Mark Stone",
        "team": "VGK",
        "opponent": "EDM",
        "propType": "sog",
        "line": 2.5,
        "ppLine": "PP1",
        "avg": 2.59,
        "hit": false,
        "diffAvg": 0.04,
        "diffAbs": 0.24,
        "lastAvg": 1.87,
        "diff": -0.25,
        "avgMin": 19,
        "proj": 1.9,
        "lastAvgMin": 18.33,
        "oppOver": 0,
        "teamOver": 0,
        "gameLine": "+150",
        "+/-": "+16",
        "L5_+/-": "+4.0",
        "prevMatchup": "2023-05-03 3.0 sog 2022-11-19 4.0 sog",
        "winLossSplits": "64% - 38%",
        "awayHome": "A",
        "playedYesterday": "N",
        "awayHomeSplits": "64% - 48%",
        "savesAboveExp": 0.118,
        "gsaa": 14.07,
        "corsi": "48.6% (57.5) // 48.0% (56.0) // 48.6% (57.5) // 48.6% (57.5)",
        "fenwick": "49.7% (42.3) // 48.8% (40.5) // 49.7% (42.3) // 49.7% (42.3)",
        "shots": "50.5% (31.1) // 50.2% (28.8) // 50.5% (31.1) // 50.5% (31.1)",
        "scoring": "49.5% (29.2) // 49.0% (28.7) // 49.5% (29.2) // 49.5% (29.2)",
        "corsiAgainst": "51.4% (60.7) // 52.0% (60.6) // 51.4% (60.7) // 51.4% (60.7)",
        "fenwickAgainst": "50.3% (42.8) // 51.2% (42.5) // 50.3% (42.8) // 50.3% (42.8)",
        "shotsAgainst": "49.5% (30.4) // 49.8% (28.5) // 49.5% (30.4) // 49.5% (30.4)",
        "scoringAgainst": "50.5% (29.8) // 51.0% (29.9) // 50.5% (29.8) // 50.5% (29.8)",
        "oppCorsi": "52.1% (59.2) // 54.3% (61.2) // 52.1% (59.2) // 52.1% (59.2)",
        "oppFenwick": "51.6% (44.8) // 54.4% (46.8) // 51.6% (44.8) // 51.6% (44.8)",
        "oppShots": "51.7% (33.3) // 54.4% (35.4) // 51.7% (33.3) // 51.7% (33.3)",
        "oppScoring": "53.5% (32.9) // 54.3% (35.5) // 53.5% (32.9) // 53.5% (32.9)",
        "oppCorsiAgainst": "47.9% (54.5) // 45.7% (51.4) // 47.9% (54.5) // 47.9% (54.5)",
        "oppFenwickAgainst": "48.4% (42.0) // 45.6% (39.2) // 48.4% (42.0) // 48.4% (42.0)",
        "oppShotsAgainst": "48.3% (31.1) // 45.6% (29.7) // 48.3% (31.1) // 48.3% (31.1)",
        "oppScoringAgainst": "46.5% (28.6) // 45.7% (29.9) // 46.5% (28.6) // 46.5% (28.6)",
        "savesPerGame": 28.1,
        "savesPerGameLast1": 32.0,
        "savesPerGameLast3": 28.3,
        "savesPerGameLast5": 27.8,
        "savesPer60": 30.5,
        "savesPer60Last1": 31.9,
        "savesPer60Last3": 28.3,
        "savesPer60Last5": 29.9,
        "shotsPerGame": 31.5,
        "shotsPerGameLast5": 33.6,
        "shotsAgainstPerGame": 30.9,
        "shotsAgainstPerGameLast5": 31.0,
        "oppSavesAgainstPer60": 32.2,
        "oppSavesAgainstPer60Last1": 31.9,
        "oppSavesAgainstPer60Last3": 25.6,
        "oppSavesAgainstPer60Last5": 26.7,
        "oppShotsAgainstPerGame": 31.4,
        "oppShotsAgainstPerGameLast5": 35.2,
        "savesProj": 29.3,
        "savesProjLast5": 27.1,
        "savesProjLast3": 19.8,
        "oppSavesAgainstProj": 31.0,
        "oppSavesAgainstProjLast5": 24.9,
        "oppSavesAgainstProjLast3": 21.7,
        "totalOver": 55,
        "totalOverLast5": 60,
        "totalOverLast15": 47,
        "lastTotalOver": 32,
        "last5": "3,1,3,2,5,0,0,2,1,4",
        "overOdds": "+120",
        "underOdds": "-150",
        "overUnder": "+120 / -150"
    },
    {
        "player": "Reilly Smith",
        "team": "VGK",
        "opponent": "EDM",
        "propType": "sog",
        "line": 2.5,
        "ppLine": "PP1",
        "avg": 2.36,
        "hit": false,
        "diffAvg": -0.06,
        "diffAbs": 0.04,
        "lastAvg": 2.68,
        "diff": 0.07,
        "avgMin": 16,
        "proj": 2.4,
        "lastAvgMin": 17.78,
        "oppOver": 0,
        "teamOver": 0,
        "gameLine": "+150",
        "+/-": "+12",
        "L5_+/-": "+3.0",
        "prevMatchup": "2023-05-03 1.0 sog 2023-01-14 2.0 sog 2022-11-19 1.0 sog",
        "winLossSplits": "37% - 40%",
        "awayHome": "A",
        "playedYesterday": "N",
        "awayHomeSplits": "39% - 37%",
        "savesAboveExp": 0.118,
        "gsaa": 14.07,
        "corsi": "48.6% (57.5) // 48.0% (56.0) // 48.6% (57.5) // 48.6% (57.5)",
        "fenwick": "49.7% (42.3) // 48.8% (40.5) // 49.7% (42.3) // 49.7% (42.3)",
        "shots": "50.5% (31.1) // 50.2% (28.8) // 50.5% (31.1) // 50.5% (31.1)",
        "scoring": "49.5% (29.2) // 49.0% (28.7) // 49.5% (29.2) // 49.5% (29.2)",
        "corsiAgainst": "51.4% (60.7) // 52.0% (60.6) // 51.4% (60.7) // 51.4% (60.7)",
        "fenwickAgainst": "50.3% (42.8) // 51.2% (42.5) // 50.3% (42.8) // 50.3% (42.8)",
        "shotsAgainst": "49.5% (30.4) // 49.8% (28.5) // 49.5% (30.4) // 49.5% (30.4)",
        "scoringAgainst": "50.5% (29.8) // 51.0% (29.9) // 50.5% (29.8) // 50.5% (29.8)",
        "oppCorsi": "52.1% (59.2) // 54.3% (61.2) // 52.1% (59.2) // 52.1% (59.2)",
        "oppFenwick": "51.6% (44.8) // 54.4% (46.8) // 51.6% (44.8) // 51.6% (44.8)",
        "oppShots": "51.7% (33.3) // 54.4% (35.4) // 51.7% (33.3) // 51.7% (33.3)",
        "oppScoring": "53.5% (32.9) // 54.3% (35.5) // 53.5% (32.9) // 53.5% (32.9)",
        "oppCorsiAgainst": "47.9% (54.5) // 45.7% (51.4) // 47.9% (54.5) // 47.9% (54.5)",
        "oppFenwickAgainst": "48.4% (42.0) // 45.6% (39.2) // 48.4% (42.0) // 48.4% (42.0)",
        "oppShotsAgainst": "48.3% (31.1) // 45.6% (29.7) // 48.3% (31.1) // 48.3% (31.1)",
        "oppScoringAgainst": "46.5% (28.6) // 45.7% (29.9) // 46.5% (28.6) // 46.5% (28.6)",
        "savesPerGame": 28.1,
        "savesPerGameLast1": 32.0,
        "savesPerGameLast3": 28.3,
        "savesPerGameLast5": 27.8,
        "savesPer60": 30.5,
        "savesPer60Last1": 31.9,
        "savesPer60Last3": 28.3,
        "savesPer60Last5": 29.9,
        "shotsPerGame": 31.5,
        "shotsPerGameLast5": 33.6,
        "shotsAgainstPerGame": 30.9,
        "shotsAgainstPerGameLast5": 31.0,
        "oppSavesAgainstPer60": 32.2,
        "oppSavesAgainstPer60Last1": 31.9,
        "oppSavesAgainstPer60Last3": 25.6,
        "oppSavesAgainstPer60Last5": 26.7,
        "oppShotsAgainstPerGame": 31.4,
        "oppShotsAgainstPerGameLast5": 35.2,
        "savesProj": 29.3,
        "savesProjLast5": 27.1,
        "savesProjLast3": 19.8,
        "oppSavesAgainstProj": 31.0,
        "oppSavesAgainstProjLast5": 24.9,
        "oppSavesAgainstProjLast3": 21.7,
        "totalOver": 38,
        "totalOverLast5": 40,
        "totalOverLast15": 33,
        "lastTotalOver": 45,
        "last5": "1,2,3,3,2,5,2,4,0,2",
        "overOdds": "+150",
        "underOdds": "-185",
        "overUnder": "+150 / -185"
    },
    {
        "player": "Ryan Nugent-Hopkins",
        "team": "EDM",
        "opponent": "VGK",
        "propType": "sog",
        "line": 2.5,
        "ppLine": "",
        "avg": 2.39,
        "hit": false,
        "diffAvg": -0.04,
        "diffAbs": 0.24,
        "lastAvg": 1.95,
        "diff": -0.22,
        "avgMin": 19,
        "proj": 1.9,
        "lastAvgMin": 19.32,
        "oppOver": 0,
        "teamOver": 0,
        "gameLine": "-175",
        "+/-": "+9",
        "L5_+/-": "+1.0",
        "prevMatchup": "2023-05-03 0.0 sog 2023-03-28 2.0 sog 2023-03-25 2.0 sog 2023-01-14 2.0 sog 2022-11-19 1.0 sog",
        "winLossSplits": "37% - 43%",
        "awayHome": "H",
        "playedYesterday": "N",
        "awayHomeSplits": "42% - 36%",
        "savesAboveExp": "-",
        "gsaa": "-",
        "corsi": "52.1% (59.2) // 54.3% (61.2) // 52.1% (59.2) // 52.1% (59.2)",
        "fenwick": "51.6% (44.8) // 54.4% (46.8) // 51.6% (44.8) // 51.6% (44.8)",
        "shots": "51.7% (33.3) // 54.4% (35.4) // 51.7% (33.3) // 51.7% (33.3)",
        "scoring": "53.5% (32.9) // 54.3% (35.5) // 53.5% (32.9) // 53.5% (32.9)",
        "corsiAgainst": "47.9% (54.5) // 45.7% (51.4) // 47.9% (54.5) // 47.9% (54.5)",
        "fenwickAgainst": "48.4% (42.0) // 45.6% (39.2) // 48.4% (42.0) // 48.4% (42.0)",
        "shotsAgainst": "48.3% (31.1) // 45.6% (29.7) // 48.3% (31.1) // 48.3% (31.1)",
        "scoringAgainst": "46.5% (28.6) // 45.7% (29.9) // 46.5% (28.6) // 46.5% (28.6)",
        "oppCorsi": "48.6% (57.5) // 48.0% (56.0) // 48.6% (57.5) // 48.6% (57.5)",
        "oppFenwick": "49.7% (42.3) // 48.8% (40.5) // 49.7% (42.3) // 49.7% (42.3)",
        "oppShots": "50.5% (31.1) // 50.2% (28.8) // 50.5% (31.1) // 50.5% (31.1)",
        "oppScoring": "49.5% (29.2) // 49.0% (28.7) // 49.5% (29.2) // 49.5% (29.2)",
        "oppCorsiAgainst": "51.4% (60.7) // 52.0% (60.6) // 51.4% (60.7) // 51.4% (60.7)",
        "oppFenwickAgainst": "50.3% (42.8) // 51.2% (42.5) // 50.3% (42.8) // 50.3% (42.8)",
        "oppShotsAgainst": "49.5% (30.4) // 49.8% (28.5) // 49.5% (30.4) // 49.5% (30.4)",
        "oppScoringAgainst": "50.5% (29.8) // 51.0% (29.9) // 50.5% (29.8) // 50.5% (29.8)",
        "savesPerGame": 28.2,
        "savesPerGameLast1": 30.0,
        "savesPerGameLast3": 32.7,
        "savesPerGameLast5": 31.6,
        "savesPer60": 30.9,
        "savesPer60Last1": 29.8,
        "savesPer60Last3": 32.5,
        "savesPer60Last5": 33.0,
        "shotsPerGame": 33.6,
        "shotsPerGameLast5": 32.0,
        "shotsAgainstPerGame": 31.4,
        "shotsAgainstPerGameLast5": 35.2,
        "oppSavesAgainstPer60": 30.5,
        "oppSavesAgainstPer60Last1": 29.6,
        "oppSavesAgainstPer60Last3": 26.9,
        "oppSavesAgainstPer60Last5": 30.0,
        "oppShotsAgainstPerGame": 30.9,
        "oppShotsAgainstPerGameLast5": 31.0,
        "savesProj": 28.7,
        "savesProjLast5": 32.9,
        "savesProjLast3": 26.6,
        "oppSavesAgainstProj": 29.5,
        "oppSavesAgainstProjLast5": 30.0,
        "oppSavesAgainstProjLast3": 26.8,
        "totalOver": 39,
        "totalOverLast5": 40,
        "totalOverLast15": 33,
        "lastTotalOver": 43,
        "last5": "0,0,3,0,3,5,1,2,2,4",
        "overOdds": "+140",
        "underOdds": "-175",
        "overUnder": "+140 / -175"
    },
    {
        "player": "Shea Theodore",
        "team": "VGK",
        "opponent": "EDM",
        "propType": "sog",
        "line": 2.5,
        "ppLine": "PP2",
        "avg": 2.47,
        "hit": false,
        "diffAvg": -0.01,
        "diffAbs": 0.04,
        "lastAvg": 2.63,
        "diff": 0.05,
        "avgMin": 21,
        "proj": 2.4,
        "lastAvgMin": 23.13,
        "oppOver": 0,
        "teamOver": 0,
        "gameLine": "+150",
        "+/-": "+19",
        "L5_+/-": "+5.0",
        "prevMatchup": "2023-05-03 4.0 sog 2023-03-28 0.0 sog 2023-03-25 3.0 sog 2022-11-19 4.0 sog",
        "winLossSplits": "29% - 72%",
        "awayHome": "A",
        "playedYesterday": "N",
        "awayHomeSplits": "41% - 43%",
        "savesAboveExp": 0.118,
        "gsaa": 14.07,
        "corsi": "48.6% (57.5) // 48.0% (56.0) // 48.6% (57.5) // 48.6% (57.5)",
        "fenwick": "49.7% (42.3) // 48.8% (40.5) // 49.7% (42.3) // 49.7% (42.3)",
        "shots": "50.5% (31.1) // 50.2% (28.8) // 50.5% (31.1) // 50.5% (31.1)",
        "scoring": "49.5% (29.2) // 49.0% (28.7) // 49.5% (29.2) // 49.5% (29.2)",
        "corsiAgainst": "51.4% (60.7) // 52.0% (60.6) // 51.4% (60.7) // 51.4% (60.7)",
        "fenwickAgainst": "50.3% (42.8) // 51.2% (42.5) // 50.3% (42.8) // 50.3% (42.8)",
        "shotsAgainst": "49.5% (30.4) // 49.8% (28.5) // 49.5% (30.4) // 49.5% (30.4)",
        "scoringAgainst": "50.5% (29.8) // 51.0% (29.9) // 50.5% (29.8) // 50.5% (29.8)",
        "oppCorsi": "52.1% (59.2) // 54.3% (61.2) // 52.1% (59.2) // 52.1% (59.2)",
        "oppFenwick": "51.6% (44.8) // 54.4% (46.8) // 51.6% (44.8) // 51.6% (44.8)",
        "oppShots": "51.7% (33.3) // 54.4% (35.4) // 51.7% (33.3) // 51.7% (33.3)",
        "oppScoring": "53.5% (32.9) // 54.3% (35.5) // 53.5% (32.9) // 53.5% (32.9)",
        "oppCorsiAgainst": "47.9% (54.5) // 45.7% (51.4) // 47.9% (54.5) // 47.9% (54.5)",
        "oppFenwickAgainst": "48.4% (42.0) // 45.6% (39.2) // 48.4% (42.0) // 48.4% (42.0)",
        "oppShotsAgainst": "48.3% (31.1) // 45.6% (29.7) // 48.3% (31.1) // 48.3% (31.1)",
        "oppScoringAgainst": "46.5% (28.6) // 45.7% (29.9) // 46.5% (28.6) // 46.5% (28.6)",
        "savesPerGame": 28.1,
        "savesPerGameLast1": 32.0,
        "savesPerGameLast3": 28.3,
        "savesPerGameLast5": 27.8,
        "savesPer60": 30.5,
        "savesPer60Last1": 31.9,
        "savesPer60Last3": 28.3,
        "savesPer60Last5": 29.9,
        "shotsPerGame": 31.5,
        "shotsPerGameLast5": 33.6,
        "shotsAgainstPerGame": 30.9,
        "shotsAgainstPerGameLast5": 31.0,
        "oppSavesAgainstPer60": 32.2,
        "oppSavesAgainstPer60Last1": 31.9,
        "oppSavesAgainstPer60Last3": 25.6,
        "oppSavesAgainstPer60Last5": 26.7,
        "oppShotsAgainstPerGame": 31.4,
        "oppShotsAgainstPerGameLast5": 35.2,
        "savesProj": 29.3,
        "savesProjLast5": 27.1,
        "savesProjLast3": 19.8,
        "oppSavesAgainstProj": 31.0,
        "oppSavesAgainstProjLast5": 24.9,
        "oppSavesAgainstProjLast3": 21.7,
        "totalOver": 42,
        "totalOverLast5": 20,
        "totalOverLast15": 27,
        "lastTotalOver": 42,
        "last5": "4,2,1,2,1,2,0,3,1,3",
        "overOdds": "+145",
        "underOdds": "-180",
        "overUnder": "+145 / -180"
    },
    {
        "player": "William Karlsson",
        "team": "VGK",
        "opponent": "EDM",
        "propType": "sog",
        "line": 1.5,
        "ppLine": "PP2",
        "avg": 1.98,
        "hit": false,
        "diffAvg": 0.32,
        "diffAbs": 0.27,
