[
    {
        "player": "Anders Lee",
        "team": "NYI",
        "opponent": "CAR",
        "propType": "pts",
        "line": 0.5,
        "ppLine": "PP1",
        "avg": 0.6,
        "hit": false,
        "diffAvg": 0.2,
        "diffAbs": 0.2,
        "lastAvg": 0.61,
        "diff": 0.22,
        "avgMin": 17,
        "proj": 0.6,
        "lastAvgMin": 16.62,
        "oppOver": 0,
        "teamOver": 0,
        "gameLine": "-110",
        "+/-": -3,
        "L5_+/-": -2.0,
        "prevMatchup": "2023-04-19 0.0 pts 2023-04-17 0.0 pts 2023-04-02 0.0 pts 2023-01-21 1.0 pts 2022-12-10 0.0 pts 2022-10-28 1.0 pts",
        "winLossSplits": "62% - 29%",
        "awayHome": "H",
        "playedYesterday": "N",
        "awayHomeSplits": "40% - 51%",
        "savesAboveExp": -0.166,
        "gsaa": 3.66,
        "corsi": "49.6% (58.7) // 54.1% (65.8) // 59.5% (72.0) // 49.6% (58.7)",
        "fenwick": "49.5% (42.7) // 53.4% (47.0) // 63.9% (53.0) // 49.5% (42.7)",
        "shots": "49.8% (30.5) // 53.2% (32.4) // 64.8% (35.0) // 49.8% (30.5)",
        "scoring": "50.0% (30.4) // 52.7% (31.7) // 65.1% (41.0) // 50.0% (30.4)",
        "corsiAgainst": "50.4% (59.6) // 45.9% (55.9) // 40.5% (49.0) // 50.4% (59.6)",
        "fenwickAgainst": "50.5% (43.6) // 46.6% (40.9) // 36.1% (30.0) // 50.5% (43.6)",
        "shotsAgainst": "50.2% (30.7) // 46.8% (28.5) // 35.2% (19.0) // 50.2% (30.7)",
        "scoringAgainst": "50.0% (30.4) // 47.3% (28.4) // 34.9% (22.0) // 50.0% (30.4)",
        "oppCorsi": "59.9% (67.4) // 61.2% (68.8) // 58.7% (67.5) // 59.9% (67.4)",
        "oppFenwick": "59.1% (50.8) // 60.1% (51.8) // 59.7% (54.0) // 59.1% (50.8)",
        "oppShots": "57.2% (34.3) // 58.4% (34.4) // 53.8% (32.0) // 57.2% (34.3)",
        "oppScoring": "58.9% (33.3) // 62.3% (33.3) // 54.5% (27.5) // 58.9% (33.3)",
        "oppCorsiAgainst": "40.1% (45.2) // 38.8% (43.6) // 41.3% (47.5) // 40.1% (45.2)",
        "oppFenwickAgainst": "40.9% (35.1) // 39.9% (34.4) // 40.3% (36.5) // 40.9% (35.1)",
        "oppShotsAgainst": "42.8% (25.6) // 41.6% (24.5) // 46.2% (27.5) // 42.8% (25.6)",
        "oppScoringAgainst": "41.1% (23.3) // 37.7% (20.2) // 45.5% (23.0) // 41.1% (23.3)",
        "savesPerGame": 28.4,
        "savesPerGameLast1": 32.0,
        "savesPerGameLast3": 28.0,
        "savesPerGameLast5": 26.2,
        "savesPer60": 29.1,
        "savesPer60Last1": 34.7,
        "savesPer60Last3": 28.5,
        "savesPer60Last5": 26.2,
        "shotsPerGame": 30.8,
        "shotsPerGameLast5": 29.6,
        "shotsAgainstPerGame": 31.0,
        "shotsAgainstPerGameLast5": 28.8,
        "oppSavesAgainstPer60": 32.5,
        "oppSavesAgainstPer60Last1": 32.0,
        "oppSavesAgainstPer60Last3": 32.5,
        "oppSavesAgainstPer60Last5": 30.2,
        "oppShotsAgainstPerGame": 26.0,
        "oppShotsAgainstPerGameLast5": 27.8,
        "savesProj": 38.1,
        "savesProjLast5": 32.3,
        "savesProjLast3": 38.5,
        "oppSavesAgainstProj": 32.3,
        "oppSavesAgainstProjLast5": 27.3,
        "oppSavesAgainstProjLast3": 30.3,
        "totalOver": 45,
        "totalOverLast5": 20,
        "totalOverLast15": 20,
        "lastTotalOver": 44,
        "last5": "0,0,1,0,0,0,0,0,0,1",
        "overOdds": "+110",
        "underOdds": "-140",
        "overUnder": "+110 / -140"
    },
    {
        "player": "Bo Horvat",
        "team": "NYI",
        "opponent": "CAR",
        "propType": "pts",
        "line": 0.5,
        "ppLine": "PP1",
        "avg": 0.5,
        "hit": false,
        "diffAvg": 0.0,
        "diffAbs": 1.0,
        "lastAvg": 0,
        "diff": 0,
        "avgMin": 20,
        "proj": 0.0,
        "lastAvgMin": 0,
        "oppOver": 0,
        "teamOver": 0,
        "gameLine": "-110",
        "+/-": -3,
        "L5_+/-": "+1.0",
        "prevMatchup": "2023-04-19 0.0 pts 2023-04-17 0.0 pts 2023-04-02 0.0 pts",
        "winLossSplits": "47% - 27%",
        "awayHome": "H",
        "playedYesterday": "N",
        "awayHomeSplits": "35% - 40%",
        "savesAboveExp": -0.166,
        "gsaa": 3.66,
        "corsi": "49.6% (58.7) // 54.1% (65.8) // 59.5% (72.0) // 49.6% (58.7)",
        "fenwick": "49.5% (42.7) // 53.4% (47.0) // 63.9% (53.0) // 49.5% (42.7)",
        "shots": "49.8% (30.5) // 53.2% (32.4) // 64.8% (35.0) // 49.8% (30.5)",
        "scoring": "50.0% (30.4) // 52.7% (31.7) // 65.1% (41.0) // 50.0% (30.4)",
        "corsiAgainst": "50.4% (59.6) // 45.9% (55.9) // 40.5% (49.0) // 50.4% (59.6)",
        "fenwickAgainst": "50.5% (43.6) // 46.6% (40.9) // 36.1% (30.0) // 50.5% (43.6)",
        "shotsAgainst": "50.2% (30.7) // 46.8% (28.5) // 35.2% (19.0) // 50.2% (30.7)",
        "scoringAgainst": "50.0% (30.4) // 47.3% (28.4) // 34.9% (22.0) // 50.0% (30.4)",
        "oppCorsi": "59.9% (67.4) // 61.2% (68.8) // 58.7% (67.5) // 59.9% (67.4)",
        "oppFenwick": "59.1% (50.8) // 60.1% (51.8) // 59.7% (54.0) // 59.1% (50.8)",
        "oppShots": "57.2% (34.3) // 58.4% (34.4) // 53.8% (32.0) // 57.2% (34.3)",
        "oppScoring": "58.9% (33.3) // 62.3% (33.3) // 54.5% (27.5) // 58.9% (33.3)",
        "oppCorsiAgainst": "40.1% (45.2) // 38.8% (43.6) // 41.3% (47.5) // 40.1% (45.2)",
        "oppFenwickAgainst": "40.9% (35.1) // 39.9% (34.4) // 40.3% (36.5) // 40.9% (35.1)",
        "oppShotsAgainst": "42.8% (25.6) // 41.6% (24.5) // 46.2% (27.5) // 42.8% (25.6)",
        "oppScoringAgainst": "41.1% (23.3) // 37.7% (20.2) // 45.5% (23.0) // 41.1% (23.3)",
        "savesPerGame": 28.4,
        "savesPerGameLast1": 32.0,
        "savesPerGameLast3": 28.0,
        "savesPerGameLast5": 26.2,
        "savesPer60": 29.1,
        "savesPer60Last1": 34.7,
        "savesPer60Last3": 28.5,
        "savesPer60Last5": 26.2,
        "shotsPerGame": 30.8,
        "shotsPerGameLast5": 29.6,
        "shotsAgainstPerGame": 31.0,
        "shotsAgainstPerGameLast5": 28.8,
        "oppSavesAgainstPer60": 32.5,
        "oppSavesAgainstPer60Last1": 32.0,
        "oppSavesAgainstPer60Last3": 32.5,
        "oppSavesAgainstPer60Last5": 30.2,
        "oppShotsAgainstPerGame": 26.0,
        "oppShotsAgainstPerGameLast5": 27.8,
        "savesProj": 38.1,
        "savesProjLast5": 32.3,
        "savesProjLast3": 38.5,
        "oppSavesAgainstProj": 32.3,
        "oppSavesAgainstProjLast5": 27.3,
        "oppSavesAgainstProjLast3": 30.3,
        "totalOver": 38,
        "totalOverLast5": 40,
        "totalOverLast15": 33,
        "lastTotalOver": 0,
        "last5": "0,0,0,1,2,2,0,0,0,1",
        "overOdds": "-120",
        "underOdds": "-110",
        "overUnder": "-120 / -110"
    },
    {
        "player": "Brady Skjei",
        "team": "CAR",
        "opponent": "NYI",
        "propType": "pts",
        "line": 0.5,
        "ppLine": "PP2",
        "avg": 0.46,
        "hit": false,
        "diffAvg": -0.08,
        "diffAbs": 0.2,
        "lastAvg": 0.41,
        "diff": -0.18,
        "avgMin": 21,
        "proj": 0.4,
        "lastAvgMin": 21.13,
        "oppOver": 0,
        "teamOver": 0,
        "gameLine": "-110",
        "+/-": "+4",
        "L5_+/-": -8.0,
        "prevMatchup": "2023-04-19 0.0 pts 2023-04-17 0.0 pts 2023-04-02 0.0 pts 2023-01-21 0.0 pts 2022-12-10 1.0 pts 2022-10-28 1.0 pts",
        "winLossSplits": "45% - 27%",
        "awayHome": "A",
        "playedYesterday": "N",
        "awayHomeSplits": "40% - 37%",
        "savesAboveExp": 0.704,
        "gsaa": 35.99,
        "corsi": "59.9% (67.4) // 61.2% (68.8) // 58.7% (67.5) // 59.9% (67.4)",
        "fenwick": "59.1% (50.8) // 60.1% (51.8) // 59.7% (54.0) // 59.1% (50.8)",
        "shots": "57.2% (34.3) // 58.4% (34.4) // 53.8% (32.0) // 57.2% (34.3)",
        "scoring": "58.9% (33.3) // 62.3% (33.3) // 54.5% (27.5) // 58.9% (33.3)",
        "corsiAgainst": "40.1% (45.2) // 38.8% (43.6) // 41.3% (47.5) // 40.1% (45.2)",
        "fenwickAgainst": "40.9% (35.1) // 39.9% (34.4) // 40.3% (36.5) // 40.9% (35.1)",
        "shotsAgainst": "42.8% (25.6) // 41.6% (24.5) // 46.2% (27.5) // 42.8% (25.6)",
        "scoringAgainst": "41.1% (23.3) // 37.7% (20.2) // 45.5% (23.0) // 41.1% (23.3)",
        "oppCorsi": "49.6% (58.7) // 54.1% (65.8) // 59.5% (72.0) // 49.6% (58.7)",
        "oppFenwick": "49.5% (42.7) // 53.4% (47.0) // 63.9% (53.0) // 49.5% (42.7)",
        "oppShots": "49.8% (30.5) // 53.2% (32.4) // 64.8% (35.0) // 49.8% (30.5)",
        "oppScoring": "50.0% (30.4) // 52.7% (31.7) // 65.1% (41.0) // 50.0% (30.4)",
        "oppCorsiAgainst": "50.4% (59.6) // 45.9% (55.9) // 40.5% (49.0) // 50.4% (59.6)",
        "oppFenwickAgainst": "50.5% (43.6) // 46.6% (40.9) // 36.1% (30.0) // 50.5% (43.6)",
        "oppShotsAgainst": "50.2% (30.7) // 46.8% (28.5) // 35.2% (19.0) // 50.2% (30.7)",
        "oppScoringAgainst": "50.0% (30.4) // 47.3% (28.4) // 34.9% (22.0) // 50.0% (30.4)",
        "savesPerGame": 23.4,
        "savesPerGameLast1": 23.0,
        "savesPerGameLast3": 26.0,
        "savesPerGameLast5": 25.4,
        "savesPer60": 24.2,
        "savesPer60Last1": 24.9,
        "savesPer60Last3": 26.7,
        "savesPer60Last5": 25.6,
        "shotsPerGame": 34.8,
        "shotsPerGameLast5": 33.2,
        "shotsAgainstPerGame": 26.0,
        "shotsAgainstPerGameLast5": 27.8,
        "oppSavesAgainstPer60": 28.5,
        "oppSavesAgainstPer60Last1": 23.0,
        "oppSavesAgainstPer60Last3": 26.3,
        "oppSavesAgainstPer60Last5": 26.8,
        "oppShotsAgainstPerGame": 31.0,
        "oppShotsAgainstPerGameLast5": 28.8,
        "savesProj": 23.1,
        "savesProjLast5": 23.6,
        "savesProjLast3": 24.2,
        "oppSavesAgainstProj": 23.5,
        "oppSavesAgainstProjLast5": 23.1,
        "oppSavesAgainstProjLast3": 22.5,
        "totalOver": 39,
        "totalOverLast5": 40,
        "totalOverLast15": 33,
        "lastTotalOver": 34,
        "last5": "0,0,0,1,1,0,0,2,0,1",
        "overOdds": "+140",
        "underOdds": "-175",
        "overUnder": "+140 / -175"
    },
    {
        "player": "Brent Burns",
        "team": "CAR",
        "opponent": "NYI",
        "propType": "pts",
        "line": 0.5,
        "ppLine": "PP1",
        "avg": 0.77,
        "hit": false,
        "diffAvg": 0.54,
        "diffAbs": 0.2,
        "lastAvg": 0.66,
        "diff": 0.32,
        "avgMin": 23,
        "proj": 0.6,
        "lastAvgMin": 26.13,
        "oppOver": 0,
        "teamOver": 0,
        "gameLine": "-110",
        "+/-": "+21",
        "L5_+/-": "+7.0",
        "prevMatchup": "2023-04-19 2.0 pts 2023-04-17 2.0 pts 2023-04-02 0.0 pts 2023-01-21 1.0 pts 2022-12-10 1.0 pts 2022-10-28 1.0 pts",
        "winLossSplits": "76% - 30%",
        "awayHome": "A",
        "playedYesterday": "N",
        "awayHomeSplits": "66% - 53%",
        "savesAboveExp": 0.704,
        "gsaa": 35.99,
        "corsi": "59.9% (67.4) // 61.2% (68.8) // 58.7% (67.5) // 59.9% (67.4)",
        "fenwick": "59.1% (50.8) // 60.1% (51.8) // 59.7% (54.0) // 59.1% (50.8)",
        "shots": "57.2% (34.3) // 58.4% (34.4) // 53.8% (32.0) // 57.2% (34.3)",
        "scoring": "58.9% (33.3) // 62.3% (33.3) // 54.5% (27.5) // 58.9% (33.3)",
        "corsiAgainst": "40.1% (45.2) // 38.8% (43.6) // 41.3% (47.5) // 40.1% (45.2)",
        "fenwickAgainst": "40.9% (35.1) // 39.9% (34.4) // 40.3% (36.5) // 40.9% (35.1)",
        "shotsAgainst": "42.8% (25.6) // 41.6% (24.5) // 46.2% (27.5) // 42.8% (25.6)",
        "scoringAgainst": "41.1% (23.3) // 37.7% (20.2) // 45.5% (23.0) // 41.1% (23.3)",
        "oppCorsi": "49.6% (58.7) // 54.1% (65.8) // 59.5% (72.0) // 49.6% (58.7)",
        "oppFenwick": "49.5% (42.7) // 53.4% (47.0) // 63.9% (53.0) // 49.5% (42.7)",
        "oppShots": "49.8% (30.5) // 53.2% (32.4) // 64.8% (35.0) // 49.8% (30.5)",
        "oppScoring": "50.0% (30.4) // 52.7% (31.7) // 65.1% (41.0) // 50.0% (30.4)",
        "oppCorsiAgainst": "50.4% (59.6) // 45.9% (55.9) // 40.5% (49.0) // 50.4% (59.6)",
        "oppFenwickAgainst": "50.5% (43.6) // 46.6% (40.9) // 36.1% (30.0) // 50.5% (43.6)",
        "oppShotsAgainst": "50.2% (30.7) // 46.8% (28.5) // 35.2% (19.0) // 50.2% (30.7)",
        "oppScoringAgainst": "50.0% (30.4) // 47.3% (28.4) // 34.9% (22.0) // 50.0% (30.4)",
        "savesPerGame": 23.4,
        "savesPerGameLast1": 23.0,
        "savesPerGameLast3": 26.0,
        "savesPerGameLast5": 25.4,
        "savesPer60": 24.2,
        "savesPer60Last1": 24.9,
        "savesPer60Last3": 26.7,
        "savesPer60Last5": 25.6,
        "shotsPerGame": 34.8,
        "shotsPerGameLast5": 33.2,
        "shotsAgainstPerGame": 26.0,
        "shotsAgainstPerGameLast5": 27.8,
        "oppSavesAgainstPer60": 28.5,
        "oppSavesAgainstPer60Last1": 23.0,
        "oppSavesAgainstPer60Last3": 26.3,
        "oppSavesAgainstPer60Last5": 26.8,
        "oppShotsAgainstPerGame": 31.0,
        "oppShotsAgainstPerGameLast5": 28.8,
        "savesProj": 23.1,
        "savesProjLast5": 23.6,
        "savesProjLast3": 24.2,
        "oppSavesAgainstProj": 23.5,
        "oppSavesAgainstProjLast5": 23.1,
        "oppSavesAgainstProjLast3": 22.5,
        "totalOver": 60,
        "totalOverLast5": 100,
        "totalOverLast15": 60,
        "lastTotalOver": 53,
        "last5": "2,2,2,1,1,0,0,1,0,1",
        "overOdds": "-140",
        "underOdds": "+110",
        "overUnder": "-140 / +110"
    },
    {
        "player": "Brock Nelson",
        "team": "NYI",
        "opponent": "CAR",
        "propType": "pts",
        "line": 0.5,
        "ppLine": "PP1",
        "avg": 0.92,
        "hit": false,
        "diffAvg": 0.84,
        "diffAbs": 0.6,
        "lastAvg": 0.82,
        "diff": 0.64,
        "avgMin": 18,
        "proj": 0.8,
        "lastAvgMin": 17.67,
        "oppOver": 0,
        "teamOver": 0,
        "gameLine": "-110",
        "+/-": "+17",
        "L5_+/-": "+7.0",
        "prevMatchup": "2023-04-19 2.0 pts 2023-04-17 0.0 pts 2023-04-02 0.0 pts 2023-01-21 1.0 pts 2022-12-10 0.0 pts 2022-10-28 2.0 pts",
        "winLossSplits": "86% - 48%",
        "awayHome": "H",
        "playedYesterday": "N",
        "awayHomeSplits": "65% - 68%",
        "savesAboveExp": -0.166,
        "gsaa": 3.66,
        "corsi": "49.6% (58.7) // 54.1% (65.8) // 59.5% (72.0) // 49.6% (58.7)",
        "fenwick": "49.5% (42.7) // 53.4% (47.0) // 63.9% (53.0) // 49.5% (42.7)",
        "shots": "49.8% (30.5) // 53.2% (32.4) // 64.8% (35.0) // 49.8% (30.5)",
        "scoring": "50.0% (30.4) // 52.7% (31.7) // 65.1% (41.0) // 50.0% (30.4)",
        "corsiAgainst": "50.4% (59.6) // 45.9% (55.9) // 40.5% (49.0) // 50.4% (59.6)",
        "fenwickAgainst": "50.5% (43.6) // 46.6% (40.9) // 36.1% (30.0) // 50.5% (43.6)",
        "shotsAgainst": "50.2% (30.7) // 46.8% (28.5) // 35.2% (19.0) // 50.2% (30.7)",
        "scoringAgainst": "50.0% (30.4) // 47.3% (28.4) // 34.9% (22.0) // 50.0% (30.4)",
        "oppCorsi": "59.9% (67.4) // 61.2% (68.8) // 58.7% (67.5) // 59.9% (67.4)",
        "oppFenwick": "59.1% (50.8) // 60.1% (51.8) // 59.7% (54.0) // 59.1% (50.8)",
        "oppShots": "57.2% (34.3) // 58.4% (34.4) // 53.8% (32.0) // 57.2% (34.3)",
        "oppScoring": "58.9% (33.3) // 62.3% (33.3) // 54.5% (27.5) // 58.9% (33.3)",
        "oppCorsiAgainst": "40.1% (45.2) // 38.8% (43.6) // 41.3% (47.5) // 40.1% (45.2)",
        "oppFenwickAgainst": "40.9% (35.1) // 39.9% (34.4) // 40.3% (36.5) // 40.9% (35.1)",
        "oppShotsAgainst": "42.8% (25.6) // 41.6% (24.5) // 46.2% (27.5) // 42.8% (25.6)",
        "oppScoringAgainst": "41.1% (23.3) // 37.7% (20.2) // 45.5% (23.0) // 41.1% (23.3)",
        "savesPerGame": 28.4,
        "savesPerGameLast1": 32.0,
        "savesPerGameLast3": 28.0,
        "savesPerGameLast5": 26.2,
        "savesPer60": 29.1,
        "savesPer60Last1": 34.7,
        "savesPer60Last3": 28.5,
        "savesPer60Last5": 26.2,
        "shotsPerGame": 30.8,
        "shotsPerGameLast5": 29.6,
        "shotsAgainstPerGame": 31.0,
        "shotsAgainstPerGameLast5": 28.8,
        "oppSavesAgainstPer60": 32.5,
        "oppSavesAgainstPer60Last1": 32.0,
        "oppSavesAgainstPer60Last3": 32.5,
        "oppSavesAgainstPer60Last5": 30.2,
        "oppShotsAgainstPerGame": 26.0,
        "oppShotsAgainstPerGameLast5": 27.8,
        "savesProj": 38.1,
        "savesProjLast5": 32.3,
        "savesProjLast3": 38.5,
        "oppSavesAgainstProj": 32.3,
        "oppSavesAgainstProjLast5": 27.3,
        "oppSavesAgainstProjLast3": 30.3,
        "totalOver": 67,
        "totalOverLast5": 60,
        "totalOverLast15": 47,
        "lastTotalOver": 55,
        "last5": "2,0,2,0,1,3,0,0,1,1",
        "overOdds": "-135",
        "underOdds": "+105",
        "overUnder": "-135 / +105"
    },
    {
        "player": "Jesperi Kotkaniemi",
        "team": "CAR",
        "opponent": "NYI",
        "propType": "pts",
        "line": 0.5,
        "ppLine": "PP2",
        "avg": 0.51,
        "hit": false,
        "diffAvg": 0.02,
        "diffAbs": 0.2,
        "lastAvg": 0.36,
        "diff": -0.28,
        "avgMin": 14,
        "proj": 0.4,
        "lastAvgMin": 12.02,
        "oppOver": 0,
        "teamOver": 0,
        "gameLine": "-110",
        "+/-": "+7",
        "L5_+/-": -3.0,
        "prevMatchup": "2023-04-19 0.0 pts 2023-04-17 0.0 pts 2023-04-02 1.0 pts 2023-01-21 0.0 pts 2022-12-10 1.0 pts 2022-10-28 0.0 pts",
        "winLossSplits": "46% - 20%",
        "awayHome": "A",
        "playedYesterday": "N",
        "awayHomeSplits": "29% - 44%",
        "savesAboveExp": 0.704,
        "gsaa": 35.99,
        "corsi": "59.9% (67.4) // 61.2% (68.8) // 58.7% (67.5) // 59.9% (67.4)",
        "fenwick": "59.1% (50.8) // 60.1% (51.8) // 59.7% (54.0) // 59.1% (50.8)",
        "shots": "57.2% (34.3) // 58.4% (34.4) // 53.8% (32.0) // 57.2% (34.3)",
        "scoring": "58.9% (33.3) // 62.3% (33.3) // 54.5% (27.5) // 58.9% (33.3)",
        "corsiAgainst": "40.1% (45.2) // 38.8% (43.6) // 41.3% (47.5) // 40.1% (45.2)",
        "fenwickAgainst": "40.9% (35.1) // 39.9% (34.4) // 40.3% (36.5) // 40.9% (35.1)",
        "shotsAgainst": "42.8% (25.6) // 41.6% (24.5) // 46.2% (27.5) // 42.8% (25.6)",
        "scoringAgainst": "41.1% (23.3) // 37.7% (20.2) // 45.5% (23.0) // 41.1% (23.3)",
        "oppCorsi": "49.6% (58.7) // 54.1% (65.8) // 59.5% (72.0) // 49.6% (58.7)",
        "oppFenwick": "49.5% (42.7) // 53.4% (47.0) // 63.9% (53.0) // 49.5% (42.7)",
        "oppShots": "49.8% (30.5) // 53.2% (32.4) // 64.8% (35.0) // 49.8% (30.5)",
        "oppScoring": "50.0% (30.4) // 52.7% (31.7) // 65.1% (41.0) // 50.0% (30.4)",
        "oppCorsiAgainst": "50.4% (59.6) // 45.9% (55.9) // 40.5% (49.0) // 50.4% (59.6)",
        "oppFenwickAgainst": "50.5% (43.6) // 46.6% (40.9) // 36.1% (30.0) // 50.5% (43.6)",
        "oppShotsAgainst": "50.2% (30.7) // 46.8% (28.5) // 35.2% (19.0) // 50.2% (30.7)",
        "oppScoringAgainst": "50.0% (30.4) // 47.3% (28.4) // 34.9% (22.0) // 50.0% (30.4)",
        "savesPerGame": 23.4,
        "savesPerGameLast1": 23.0,
        "savesPerGameLast3": 26.0,
        "savesPerGameLast5": 25.4,
        "savesPer60": 24.2,
        "savesPer60Last1": 24.9,
        "savesPer60Last3": 26.7,
        "savesPer60Last5": 25.6,
        "shotsPerGame": 34.8,
        "shotsPerGameLast5": 33.2,
        "shotsAgainstPerGame": 26.0,
        "shotsAgainstPerGameLast5": 27.8,
        "oppSavesAgainstPer60": 28.5,
        "oppSavesAgainstPer60Last1": 23.0,
        "oppSavesAgainstPer60Last3": 26.3,
        "oppSavesAgainstPer60Last5": 26.8,
        "oppShotsAgainstPerGame": 31.0,
        "oppShotsAgainstPerGameLast5": 28.8,
        "savesProj": 23.1,
        "savesProjLast5": 23.6,
        "savesProjLast3": 24.2,
        "oppSavesAgainstProj": 23.5,
        "oppSavesAgainstProjLast5": 23.1,
        "oppSavesAgainstProjLast3": 22.5,
        "totalOver": 37,
        "totalOverLast5": 40,
        "totalOverLast15": 40,
        "lastTotalOver": 30,
        "last5": "0,0,1,2,0,1,0,2,1,0",
        "overOdds": "+115",
        "underOdds": "-145",
        "overUnder": "+115 / -145"
    },
    {
        "player": "Jordan Martinook",
        "team": "CAR",
        "opponent": "NYI",
        "propType": "pts",
        "line": 0.5,
        "ppLine": "",
        "avg": 0.4,
        "hit": false,
        "diffAvg": -0.2,
        "diffAbs": 0.4,
        "lastAvg": 0.23,
        "diff": -0.54,
        "avgMin": 15,
        "proj": 0.3,
        "lastAvgMin": 11.2,
        "oppOver": 0,
        "teamOver": 0,
        "gameLine": "-110",
        "+/-": "+7",
        "L5_+/-": "+2.0",
        "prevMatchup": "2023-04-19 0.0 pts 2023-04-17 0.0 pts 2023-04-02 1.0 pts 2023-01-21 0.0 pts 2022-12-10 1.0 pts 2022-10-28 1.0 pts",
        "winLossSplits": "39% - 23%",
        "awayHome": "A",
        "playedYesterday": "N",
        "awayHomeSplits": "29% - 37%",
        "savesAboveExp": 0.704,
        "gsaa": 35.99,
        "corsi": "59.9% (67.4) // 61.2% (68.8) // 58.7% (67.5) // 59.9% (67.4)",
        "fenwick": "59.1% (50.8) // 60.1% (51.8) // 59.7% (54.0) // 59.1% (50.8)",
        "shots": "57.2% (34.3) // 58.4% (34.4) // 53.8% (32.0) // 57.2% (34.3)",
        "scoring": "58.9% (33.3) // 62.3% (33.3) // 54.5% (27.5) // 58.9% (33.3)",
        "corsiAgainst": "40.1% (45.2) // 38.8% (43.6) // 41.3% (47.5) // 40.1% (45.2)",
        "fenwickAgainst": "40.9% (35.1) // 39.9% (34.4) // 40.3% (36.5) // 40.9% (35.1)",
        "shotsAgainst": "42.8% (25.6) // 41.6% (24.5) // 46.2% (27.5) // 42.8% (25.6)",
        "scoringAgainst": "41.1% (23.3) // 37.7% (20.2) // 45.5% (23.0) // 41.1% (23.3)",
        "oppCorsi": "49.6% (58.7) // 54.1% (65.8) // 59.5% (72.0) // 49.6% (58.7)",
        "oppFenwick": "49.5% (42.7) // 53.4% (47.0) // 63.9% (53.0) // 49.5% (42.7)",
        "oppShots": "49.8% (30.5) // 53.2% (32.4) // 64.8% (35.0) // 49.8% (30.5)",
        "oppScoring": "50.0% (30.4) // 52.7% (31.7) // 65.1% (41.0) // 50.0% (30.4)",
        "oppCorsiAgainst": "50.4% (59.6) // 45.9% (55.9) // 40.5% (49.0) // 50.4% (59.6)",
        "oppFenwickAgainst": "50.5% (43.6) // 46.6% (40.9) // 36.1% (30.0) // 50.5% (43.6)",
        "oppShotsAgainst": "50.2% (30.7) // 46.8% (28.5) // 35.2% (19.0) // 50.2% (30.7)",
        "oppScoringAgainst": "50.0% (30.4) // 47.3% (28.4) // 34.9% (22.0) // 50.0% (30.4)",
        "savesPerGame": 23.4,
        "savesPerGameLast1": 23.0,
        "savesPerGameLast3": 26.0,
        "savesPerGameLast5": 25.4,
        "savesPer60": 24.2,
        "savesPer60Last1": 24.9,
        "savesPer60Last3": 26.7,
        "savesPer60Last5": 25.6,
        "shotsPerGame": 34.8,
        "shotsPerGameLast5": 33.2,
        "shotsAgainstPerGame": 26.0,
        "shotsAgainstPerGameLast5": 27.8,
        "oppSavesAgainstPer60": 28.5,
        "oppSavesAgainstPer60Last1": 23.0,
        "oppSavesAgainstPer60Last3": 26.3,
        "oppSavesAgainstPer60Last5": 26.8,
        "oppShotsAgainstPerGame": 31.0,
        "oppShotsAgainstPerGameLast5": 28.8,
        "savesProj": 23.1,
        "savesProjLast5": 23.6,
        "savesProjLast3": 24.2,
        "oppSavesAgainstProj": 23.5,
        "oppSavesAgainstProjLast5": 23.1,
        "oppSavesAgainstProjLast3": 22.5,
        "totalOver": 33,
        "totalOverLast5": 20,
        "totalOverLast15": 33,
        "lastTotalOver": 24,
        "last5": "0,0,0,1,0,1,0,0,1,0",
        "overOdds": "+165",
        "underOdds": "-205",
        "overUnder": "+165 / -205"
    },
    {
        "player": "Kyle Palmieri",
        "team": "NYI",
        "opponent": "CAR",
        "propType": "pts",
        "line": 0.5,
        "ppLine": "PP2",
        "avg": 0.61,
        "hit": false,
        "diffAvg": 0.22,
        "diffAbs": 0.0,
        "lastAvg": 0.48,
        "diff": -0.04,
        "avgMin": 17,
        "proj": 0.5,
        "lastAvgMin": 15.62,
        "oppOver": 0,
        "teamOver": 0,
        "gameLine": "-110",
        "+/-": "+16",
        "L5_+/-": "+8.0",
        "prevMatchup": "2023-04-19 2.0 pts 2023-04-17 0.0 pts 2023-04-02 0.0 pts 2022-10-28 0.0 pts",
        "winLossSplits": "52% - 31%",
        "awayHome": "H",
        "playedYesterday": "N",
        "awayHomeSplits": "42% - 42%",
        "savesAboveExp": -0.166,
        "gsaa": 3.66,
        "corsi": "49.6% (58.7) // 54.1% (65.8) // 59.5% (72.0) // 49.6% (58.7)",
        "fenwick": "49.5% (42.7) // 53.4% (47.0) // 63.9% (53.0) // 49.5% (42.7)",
        "shots": "49.8% (30.5) // 53.2% (32.4) // 64.8% (35.0) // 49.8% (30.5)",
        "scoring": "50.0% (30.4) // 52.7% (31.7) // 65.1% (41.0) // 50.0% (30.4)",
        "corsiAgainst": "50.4% (59.6) // 45.9% (55.9) // 40.5% (49.0) // 50.4% (59.6)",
        "fenwickAgainst": "50.5% (43.6) // 46.6% (40.9) // 36.1% (30.0) // 50.5% (43.6)",
        "shotsAgainst": "50.2% (30.7) // 46.8% (28.5) // 35.2% (19.0) // 50.2% (30.7)",
        "scoringAgainst": "50.0% (30.4) // 47.3% (28.4) // 34.9% (22.0) // 50.0% (30.4)",
        "oppCorsi": "59.9% (67.4) // 61.2% (68.8) // 58.7% (67.5) // 59.9% (67.4)",
        "oppFenwick": "59.1% (50.8) // 60.1% (51.8) // 59.7% (54.0) // 59.1% (50.8)",
        "oppShots": "57.2% (34.3) // 58.4% (34.4) // 53.8% (32.0) // 57.2% (34.3)",
        "oppScoring": "58.9% (33.3) // 62.3% (33.3) // 54.5% (27.5) // 58.9% (33.3)",
        "oppCorsiAgainst": "40.1% (45.2) // 38.8% (43.6) // 41.3% (47.5) // 40.1% (45.2)",
        "oppFenwickAgainst": "40.9% (35.1) // 39.9% (34.4) // 40.3% (36.5) // 40.9% (35.1)",
        "oppShotsAgainst": "42.8% (25.6) // 41.6% (24.5) // 46.2% (27.5) // 42.8% (25.6)",
        "oppScoringAgainst": "41.1% (23.3) // 37.7% (20.2) // 45.5% (23.0) // 41.1% (23.3)",
        "savesPerGame": 28.4,
        "savesPerGameLast1": 32.0,
        "savesPerGameLast3": 28.0,
        "savesPerGameLast5": 26.2,
        "savesPer60": 29.1,
        "savesPer60Last1": 34.7,
        "savesPer60Last3": 28.5,
        "savesPer60Last5": 26.2,
        "shotsPerGame": 30.8,
        "shotsPerGameLast5": 29.6,
        "shotsAgainstPerGame": 31.0,
        "shotsAgainstPerGameLast5": 28.8,
        "oppSavesAgainstPer60": 32.5,
        "oppSavesAgainstPer60Last1": 32.0,
        "oppSavesAgainstPer60Last3": 32.5,
        "oppSavesAgainstPer60Last5": 30.2,
        "oppShotsAgainstPerGame": 26.0,
        "oppShotsAgainstPerGameLast5": 27.8,
        "savesProj": 38.1,
        "savesProjLast5": 32.3,
        "savesProjLast3": 38.5,
        "oppSavesAgainstProj": 32.3,
        "oppSavesAgainstProjLast5": 27.3,
        "oppSavesAgainstProjLast3": 30.3,
        "totalOver": 42,
        "totalOverLast5": 40,
        "totalOverLast15": 40,
        "lastTotalOver": 40,
        "last5": "2,0,1,0,0,1,0,0,0,3",
        "overOdds": "+120",
        "underOdds": "-150",
        "overUnder": "+120 / -150"
    },
    {
        "player": "Martin Necas",
        "team": "CAR",
        "opponent": "NYI",
        "propType": "pts",
        "line": 0.5,
        "ppLine": "PP1",
        "avg": 0.87,
        "hit": false,
        "diffAvg": 0.74,
        "diffAbs": 0.0,
        "lastAvg": 0.43,
        "diff": -0.14,
        "avgMin": 18,
        "proj": 0.5,
        "lastAvgMin": 16.18,
        "oppOver": 0,
        "teamOver": 0,
        "gameLine": "-110",
        "+/-": "+2",
        "L5_+/-": -1.0,
        "prevMatchup": "2023-04-19 0.0 pts 2023-04-17 2.0 pts 2023-04-02 0.0 pts 2023-01-21 0.0 pts 2022-12-10 0.0 pts 2022-10-28 1.0 pts",
        "winLossSplits": "67% - 43%",
        "awayHome": "A",
        "playedYesterday": "N",
        "awayHomeSplits": "51% - 65%",
        "savesAboveExp": 0.704,
        "gsaa": 35.99,
        "corsi": "59.9% (67.4) // 61.2% (68.8) // 58.7% (67.5) // 59.9% (67.4)",
        "fenwick": "59.1% (50.8) // 60.1% (51.8) // 59.7% (54.0) // 59.1% (50.8)",
        "shots": "57.2% (34.3) // 58.4% (34.4) // 53.8% (32.0) // 57.2% (34.3)",
        "scoring": "58.9% (33.3) // 62.3% (33.3) // 54.5% (27.5) // 58.9% (33.3)",
        "corsiAgainst": "40.1% (45.2) // 38.8% (43.6) // 41.3% (47.5) // 40.1% (45.2)",
        "fenwickAgainst": "40.9% (35.1) // 39.9% (34.4) // 40.3% (36.5) // 40.9% (35.1)",
        "shotsAgainst": "42.8% (25.6) // 41.6% (24.5) // 46.2% (27.5) // 42.8% (25.6)",
        "scoringAgainst": "41.1% (23.3) // 37.7% (20.2) // 45.5% (23.0) // 41.1% (23.3)",
        "oppCorsi": "49.6% (58.7) // 54.1% (65.8) // 59.5% (72.0) // 49.6% (58.7)",
        "oppFenwick": "49.5% (42.7) // 53.4% (47.0) // 63.9% (53.0) // 49.5% (42.7)",
        "oppShots": "49.8% (30.5) // 53.2% (32.4) // 64.8% (35.0) // 49.8% (30.5)",
        "oppScoring": "50.0% (30.4) // 52.7% (31.7) // 65.1% (41.0) // 50.0% (30.4)",
        "oppCorsiAgainst": "50.4% (59.6) // 45.9% (55.9) // 40.5% (49.0) // 50.4% (59.6)",
        "oppFenwickAgainst": "50.5% (43.6) // 46.6% (40.9) // 36.1% (30.0) // 50.5% (43.6)",
        "oppShotsAgainst": "50.2% (30.7) // 46.8% (28.5) // 35.2% (19.0) // 50.2% (30.7)",
        "oppScoringAgainst": "50.0% (30.4) // 47.3% (28.4) // 34.9% (22.0) // 50.0% (30.4)",
        "savesPerGame": 23.4,
        "savesPerGameLast1": 23.0,
        "savesPerGameLast3": 26.0,
        "savesPerGameLast5": 25.4,
        "savesPer60": 24.2,
        "savesPer60Last1": 24.9,
        "savesPer60Last3": 26.7,
        "savesPer60Last5": 25.6,
        "shotsPerGame": 34.8,
        "shotsPerGameLast5": 33.2,
        "shotsAgainstPerGame": 26.0,
        "shotsAgainstPerGameLast5": 27.8,
        "oppSavesAgainstPer60": 28.5,
        "oppSavesAgainstPer60Last1": 23.0,
        "oppSavesAgainstPer60Last3": 26.3,
        "oppSavesAgainstPer60Last5": 26.8,
        "oppShotsAgainstPerGame": 31.0,
        "oppShotsAgainstPerGameLast5": 28.8,
        "savesProj": 23.1,
        "savesProjLast5": 23.6,
        "savesProjLast3": 24.2,
        "oppSavesAgainstProj": 23.5,
        "oppSavesAgainstProjLast5": 23.1,
        "oppSavesAgainstProjLast3": 22.5,
        "totalOver": 58,
        "totalOverLast5": 40,
        "totalOverLast15": 33,
        "lastTotalOver": 38,
        "last5": "0,2,0,0,2,0,0,1,0,0",
        "overOdds": "-150",
        "underOdds": "+120",
        "overUnder": "-150 / +120"
    },
    {
        "player": "Mathew Barzal",
        "team": "NYI",
        "opponent": "CAR",
        "propType": "pts",
        "line": 0.5,
        "ppLine": "PP1",
        "avg": 0.87,
        "hit": false,
        "diffAvg": 0.74,
        "diffAbs": 0.6,
        "lastAvg": 0.81,
        "diff": 0.62,
        "avgMin": 18,
        "proj": 0.8,
        "lastAvgMin": 18.02,
        "oppOver": 0,
        "teamOver": 0,
        "gameLine": "-110",
        "+/-": "+7",
        "L5_+/-": "+5.0",
        "prevMatchup": "2023-04-19 1.0 pts 2023-04-17 0.0 pts 2023-01-21 0.0 pts 2022-12-10 0.0 pts 2022-10-28 2.0 pts",
        "winLossSplits": "71% - 50%",
        "awayHome": "H",
        "playedYesterday": "N",
        "awayHomeSplits": "63% - 57%",
        "savesAboveExp": -0.166,
        "gsaa": 3.66,
        "corsi": "49.6% (58.7) // 54.1% (65.8) // 59.5% (72.0) // 49.6% (58.7)",
        "fenwick": "49.5% (42.7) // 53.4% (47.0) // 63.9% (53.0) // 49.5% (42.7)",
        "shots": "49.8% (30.5) // 53.2% (32.4) // 64.8% (35.0) // 49.8% (30.5)",
        "scoring": "50.0% (30.4) // 52.7% (31.7) // 65.1% (41.0) // 50.0% (30.4)",
        "corsiAgainst": "50.4% (59.6) // 45.9% (55.9) // 40.5% (49.0) // 50.4% (59.6)",
        "fenwickAgainst": "50.5% (43.6) // 46.6% (40.9) // 36.1% (30.0) // 50.5% (43.6)",
        "shotsAgainst": "50.2% (30.7) // 46.8% (28.5) // 35.2% (19.0) // 50.2% (30.7)",
        "scoringAgainst": "50.0% (30.4) // 47.3% (28.4) // 34.9% (22.0) // 50.0% (30.4)",
        "oppCorsi": "59.9% (67.4) // 61.2% (68.8) // 58.7% (67.5) // 59.9% (67.4)",
        "oppFenwick": "59.1% (50.8) // 60.1% (51.8) // 59.7% (54.0) // 59.1% (50.8)",
        "oppShots": "57.2% (34.3) // 58.4% (34.4) // 53.8% (32.0) // 57.2% (34.3)",
        "oppScoring": "58.9% (33.3) // 62.3% (33.3) // 54.5% (27.5) // 58.9% (33.3)",
        "oppCorsiAgainst": "40.1% (45.2) // 38.8% (43.6) // 41.3% (47.5) // 40.1% (45.2)",
        "oppFenwickAgainst": "40.9% (35.1) // 39.9% (34.4) // 40.3% (36.5) // 40.9% (35.1)",
        "oppShotsAgainst": "42.8% (25.6) // 41.6% (24.5) // 46.2% (27.5) // 42.8% (25.6)",
        "oppScoringAgainst": "41.1% (23.3) // 37.7% (20.2) // 45.5% (23.0) // 41.1% (23.3)",
        "savesPerGame": 28.4,
        "savesPerGameLast1": 32.0,
        "savesPerGameLast3": 28.0,
        "savesPerGameLast5": 26.2,
        "savesPer60": 29.1,
        "savesPer60Last1": 34.7,
        "savesPer60Last3": 28.5,
        "savesPer60Last5": 26.2,
        "shotsPerGame": 30.8,
        "shotsPerGameLast5": 29.6,
        "shotsAgainstPerGame": 31.0,
        "shotsAgainstPerGameLast5": 28.8,
        "oppSavesAgainstPer60": 32.5,
        "oppSavesAgainstPer60Last1": 32.0,
        "oppSavesAgainstPer60Last3": 32.5,
        "oppSavesAgainstPer60Last5": 30.2,
        "oppShotsAgainstPerGame": 26.0,
        "oppShotsAgainstPerGameLast5": 27.8,
        "savesProj": 38.1,
        "savesProjLast5": 32.3,
        "savesProjLast3": 38.5,
        "oppSavesAgainstProj": 32.3,
        "oppSavesAgainstProjLast5": 27.3,
        "oppSavesAgainstProjLast3": 30.3,
        "totalOver": 60,
        "totalOverLast5": 60,
        "totalOverLast15": 53,
        "lastTotalOver": 62,
        "last5": "1,0,0,2,1,0,3,1,1,1",
        "overOdds": "-130",
        "underOdds": "+100",
        "overUnder": "-130 / +100"
    },
    {
        "player": "Noah Dobson",
        "team": "NYI",
        "opponent": "CAR",
        "propType": "pts",
        "line": 0.5,
        "ppLine": "PP1",
        "avg": 0.64,
        "hit": false,
        "diffAvg": 0.28,
        "diffAbs": 0.2,
        "lastAvg": 0.65,
        "diff": 0.3,
        "avgMin": 20,
        "proj": 0.6,
        "lastAvgMin": 21.45,
        "oppOver": 0,
        "teamOver": 0,
        "gameLine": "-110",
        "+/-": "+8",
        "L5_+/-": "+7.0",
        "prevMatchup": "2023-04-19 2.0 pts 2023-04-17 0.0 pts 2023-04-02 0.0 pts 2023-01-21 0.0 pts 2022-12-10 0.0 pts 2022-10-28 0.0 pts",
        "winLossSplits": "55% - 42%",
        "awayHome": "H",
        "playedYesterday": "N",
        "awayHomeSplits": "46% - 51%",
        "savesAboveExp": -0.166,
        "gsaa": 3.66,
        "corsi": "49.6% (58.7) // 54.1% (65.8) // 59.5% (72.0) // 49.6% (58.7)",
        "fenwick": "49.5% (42.7) // 53.4% (47.0) // 63.9% (53.0) // 49.5% (42.7)",
        "shots": "49.8% (30.5) // 53.2% (32.4) // 64.8% (35.0) // 49.8% (30.5)",
        "scoring": "50.0% (30.4) // 52.7% (31.7) // 65.1% (41.0) // 50.0% (30.4)",
        "corsiAgainst": "50.4% (59.6) // 45.9% (55.9) // 40.5% (49.0) // 50.4% (59.6)",
        "fenwickAgainst": "50.5% (43.6) // 46.6% (40.9) // 36.1% (30.0) // 50.5% (43.6)",
        "shotsAgainst": "50.2% (30.7) // 46.8% (28.5) // 35.2% (19.0) // 50.2% (30.7)",
        "scoringAgainst": "50.0% (30.4) // 47.3% (28.4) // 34.9% (22.0) // 50.0% (30.4)",
        "oppCorsi": "59.9% (67.4) // 61.2% (68.8) // 58.7% (67.5) // 59.9% (67.4)",
        "oppFenwick": "59.1% (50.8) // 60.1% (51.8) // 59.7% (54.0) // 59.1% (50.8)",
        "oppShots": "57.2% (34.3) // 58.4% (34.4) // 53.8% (32.0) // 57.2% (34.3)",
        "oppScoring": "58.9% (33.3) // 62.3% (33.3) // 54.5% (27.5) // 58.9% (33.3)",
        "oppCorsiAgainst": "40.1% (45.2) // 38.8% (43.6) // 41.3% (47.5) // 40.1% (45.2)",
        "oppFenwickAgainst": "40.9% (35.1) // 39.9% (34.4) // 40.3% (36.5) // 40.9% (35.1)",
        "oppShotsAgainst": "42.8% (25.6) // 41.6% (24.5) // 46.2% (27.5) // 42.8% (25.6)",
        "oppScoringAgainst": "41.1% (23.3) // 37.7% (20.2) // 45.5% (23.0) // 41.1% (23.3)",
        "savesPerGame": 28.4,
        "savesPerGameLast1": 32.0,
        "savesPerGameLast3": 28.0,
        "savesPerGameLast5": 26.2,
        "savesPer60": 29.1,
        "savesPer60Last1": 34.7,
        "savesPer60Last3": 28.5,
        "savesPer60Last5": 26.2,
        "shotsPerGame": 30.8,
        "shotsPerGameLast5": 29.6,
        "shotsAgainstPerGame": 31.0,
        "shotsAgainstPerGameLast5": 28.8,
        "oppSavesAgainstPer60": 32.5,
        "oppSavesAgainstPer60Last1": 32.0,
        "oppSavesAgainstPer60Last3": 32.5,
        "oppSavesAgainstPer60Last5": 30.2,
        "oppShotsAgainstPerGame": 26.0,
        "oppShotsAgainstPerGameLast5": 27.8,
        "savesProj": 38.1,
        "savesProjLast5": 32.3,
        "savesProjLast3": 38.5,
        "oppSavesAgainstProj": 32.3,
        "oppSavesAgainstProjLast5": 27.3,
        "oppSavesAgainstProjLast3": 30.3,
        "totalOver": 49,
        "totalOverLast5": 80,
        "totalOverLast15": 53,
        "lastTotalOver": 53,
        "last5": "2,0,2,1,2,1,0,0,0,0",
        "overOdds": "+100",
        "underOdds": "-130",
        "overUnder": "+100 / -130"
    },
    {
        "player": "Sebastian Aho",
        "team": "CAR",
        "opponent": "NYI",
        "propType": "pts",
        "line": 0.5,
        "ppLine": "PP1",
        "avg": 0.9,
        "hit": false,
        "diffAvg": 0.8,
        "diffAbs": 0.8,
        "lastAvg": 0.85,
        "diff": 0.7,
        "avgMin": 19,
        "proj": 0.9,
        "lastAvgMin": 18.95,
        "oppOver": 0,
        "teamOver": 0,
        "gameLine": "-110",
        "+/-": "+9",
        "L5_+/-": "+1.0",
        "prevMatchup": "2023-04-19 1.0 pts 2023-04-17 1.0 pts 2023-04-02 0.0 pts 2023-01-21 3.0 pts 2022-10-28 0.0 pts",
        "winLossSplits": "62% - 47%",
        "awayHome": "A",
        "playedYesterday": "N",
        "awayHomeSplits": "66% - 46%",
        "savesAboveExp": 0.704,
        "gsaa": 35.99,
        "corsi": "59.9% (67.4) // 61.2% (68.8) // 58.7% (67.5) // 59.9% (67.4)",
        "fenwick": "59.1% (50.8) // 60.1% (51.8) // 59.7% (54.0) // 59.1% (50.8)",
        "shots": "57.2% (34.3) // 58.4% (34.4) // 53.8% (32.0) // 57.2% (34.3)",
        "scoring": "58.9% (33.3) // 62.3% (33.3) // 54.5% (27.5) // 58.9% (33.3)",
        "corsiAgainst": "40.1% (45.2) // 38.8% (43.6) // 41.3% (47.5) // 40.1% (45.2)",
        "fenwickAgainst": "40.9% (35.1) // 39.9% (34.4) // 40.3% (36.5) // 40.9% (35.1)",
        "shotsAgainst": "42.8% (25.6) // 41.6% (24.5) // 46.2% (27.5) // 42.8% (25.6)",
        "scoringAgainst": "41.1% (23.3) // 37.7% (20.2) // 45.5% (23.0) // 41.1% (23.3)",
        "oppCorsi": "49.6% (58.7) // 54.1% (65.8) // 59.5% (72.0) // 49.6% (58.7)",
        "oppFenwick": "49.5% (42.7) // 53.4% (47.0) // 63.9% (53.0) // 49.5% (42.7)",
        "oppShots": "49.8% (30.5) // 53.2% (32.4) // 64.8% (35.0) // 49.8% (30.5)",
        "oppScoring": "50.0% (30.4) // 52.7% (31.7) // 65.1% (41.0) // 50.0% (30.4)",
        "oppCorsiAgainst": "50.4% (59.6) // 45.9% (55.9) // 40.5% (49.0) // 50.4% (59.6)",
        "oppFenwickAgainst": "50.5% (43.6) // 46.6% (40.9) // 36.1% (30.0) // 50.5% (43.6)",
        "oppShotsAgainst": "50.2% (30.7) // 46.8% (28.5) // 35.2% (19.0) // 50.2% (30.7)",
        "oppScoringAgainst": "50.0% (30.4) // 47.3% (28.4) // 34.9% (22.0) // 50.0% (30.4)",
        "savesPerGame": 23.4,
        "savesPerGameLast1": 23.0,
        "savesPerGameLast3": 26.0,
        "savesPerGameLast5": 25.4,
        "savesPer60": 24.2,
        "savesPer60Last1": 24.9,
        "savesPer60Last3": 26.7,
        "savesPer60Last5": 25.6,
        "shotsPerGame": 34.8,
        "shotsPerGameLast5": 33.2,
        "shotsAgainstPerGame": 26.0,
        "shotsAgainstPerGameLast5": 27.8,
        "oppSavesAgainstPer60": 28.5,
        "oppSavesAgainstPer60Last1": 23.0,
        "oppSavesAgainstPer60Last3": 26.3,
        "oppSavesAgainstPer60Last5": 26.8,
        "oppShotsAgainstPerGame": 31.0,
        "oppShotsAgainstPerGameLast5": 28.8,
        "savesProj": 23.1,
        "savesProjLast5": 23.6,
        "savesProjLast3": 24.2,
        "oppSavesAgainstProj": 23.5,
        "oppSavesAgainstProjLast5": 23.1,
        "oppSavesAgainstProjLast3": 22.5,
        "totalOver": 56,
        "totalOverLast5": 60,
        "totalOverLast15": 53,
        "lastTotalOver": 71,
        "last5": "1,1,2,0,0,1,0,0,0,1",
        "overOdds": "-135",
        "underOdds": "+105",
        "overUnder": "-135 / +105"
    },
    {
        "player": "Seth Jarvis",
        "team": "CAR",
