[
    {
        "player": "Adam Larsson",
        "team": "SEA",
        "opponent": "DAL",
        "propType": "ast",
        "line": 0.5,
        "ppLine": "",
        "avg": 0.28,
        "hit": false,
        "diffAvg": -0.44,
        "diffAbs": 0.6,
        "lastAvg": 0.21,
        "diff": -0.58,
        "avgMin": 23,
        "proj": 0.2,
        "lastAvgMin": 22.27,
        "oppOver": 0,
        "teamOver": 0,
        "gameLine": "+160",
        "+/-": "+29",
        "L5_+/-": "+5.0",
        "prevMatchup": "2023-05-13 0.0 ast 2023-05-11 0.0 ast 2023-05-09 0.0 ast 2023-05-07 0.0 ast 2023-05-04 0.0 ast 2023-05-02 0.0 ast 2023-03-21 1.0 ast 2023-03-13 0.0 ast 2023-03-11 0.0 ast",
        "winLossSplits": "34% - 17%",
        "awayHome": "A",
        "playedYesterday": "N",
        "awayHomeSplits": "29% - 23%",
        "savesAboveExp": 0.39,
        "gsaa": 26.05,
        "corsi": "52.2% (57.4) // 56.1% (59.4) // 52.2% (57.4) // 52.2% (57.4)",
        "fenwick": "52.5% (43.0) // 57.1% (44.7) // 52.5% (43.0) // 52.5% (43.0)",
        "shots": "53.0% (30.2) // 57.4% (31.5) // 53.0% (30.2) // 53.0% (30.2)",
        "scoring": "50.6% (27.4) // 55.4% (26.5) // 50.6% (27.4) // 50.6% (27.4)",
        "corsiAgainst": "47.8% (52.6) // 43.9% (46.4) // 47.8% (52.6) // 47.8% (52.6)",
        "fenwickAgainst": "47.5% (39.0) // 42.9% (33.6) // 47.5% (39.0) // 47.5% (39.0)",
        "shotsAgainst": "47.0% (26.8) // 42.6% (23.4) // 47.0% (26.8) // 47.0% (26.8)",
        "scoringAgainst": "49.4% (26.8) // 44.6% (21.3) // 49.4% (26.8) // 49.4% (26.8)",
        "oppCorsi": "52.0% (59.9) // 57.0% (56.0) // 52.0% (59.9) // 52.0% (59.9)",
        "oppFenwick": "51.3% (43.7) // 56.1% (40.6) // 51.3% (43.7) // 51.3% (43.7)",
        "oppShots": "51.6% (31.5) // 56.3% (29.0) // 51.6% (31.5) // 51.6% (31.5)",
        "oppScoring": "53.7% (31.5) // 61.3% (29.6) // 53.7% (31.5) // 53.7% (31.5)",
        "oppCorsiAgainst": "48.0% (55.3) // 43.0% (42.3) // 48.0% (55.3) // 48.0% (55.3)",
        "oppFenwickAgainst": "48.7% (41.4) // 43.9% (31.7) // 48.7% (41.4) // 48.7% (41.4)",
        "oppShotsAgainst": "48.4% (29.5) // 43.7% (22.5) // 48.4% (29.5) // 48.4% (29.5)",
        "oppScoringAgainst": "46.3% (27.2) // 38.7% (18.6) // 46.3% (27.2) // 46.3% (27.2)",
        "savesPerGame": 23.9,
        "savesPerGameLast1": 20.0,
        "savesPerGameLast3": 18.3,
        "savesPerGameLast5": 22.4,
        "savesPer60": 27.8,
        "savesPer60Last1": 20.0,
        "savesPer60Last3": 18.1,
        "savesPer60Last5": 22.0,
        "shotsPerGame": 30.5,
        "shotsPerGameLast5": 26.2,
        "shotsAgainstPerGame": 27.0,
        "shotsAgainstPerGameLast5": 26.4,
        "oppSavesAgainstPer60": 32.6,
        "oppSavesAgainstPer60Last1": 21.6,
        "oppSavesAgainstPer60Last3": 18.8,
        "oppSavesAgainstPer60Last5": 22.4,
        "oppShotsAgainstPerGame": 29.9,
        "oppShotsAgainstPerGameLast5": 26.2,
        "savesProj": 24.5,
        "savesProjLast5": 15.6,
        "savesProjLast3": 10.5,
        "oppSavesAgainstProj": 26.6,
        "oppSavesAgainstProjLast5": 15.4,
        "oppSavesAgainstProjLast3": 10.6,
        "totalOver": 26,
        "totalOverLast5": 0,
        "totalOverLast15": 13,
        "lastTotalOver": 19,
        "last5": "0,0,0,0,0,0,1,0,0,1",
        "overOdds": "+245",
        "underOdds": "-315",
        "overUnder": "+245 / -315"
    },
    {
        "player": "Eeli Tolvanen",
        "team": "SEA",
        "opponent": "DAL",
        "propType": "ast",
        "line": 0.5,
        "ppLine": "PP1",
        "avg": 0.26,
        "hit": false,
        "diffAvg": -0.48,
        "diffAbs": 0.6,
        "lastAvg": 0.15,
        "diff": -0.7,
        "avgMin": 15,
        "proj": 0.2,
        "lastAvgMin": 13.42,
        "oppOver": 0,
        "teamOver": 0,
        "gameLine": "+160",
        "+/-": "+8",
        "L5_+/-": -3.0,
        "prevMatchup": "2023-05-13 2.0 ast 2023-05-11 0.0 ast 2023-05-09 0.0 ast 2023-05-07 1.0 ast 2023-05-04 0.0 ast 2023-05-02 0.0 ast 2023-03-21 0.0 ast 2023-03-13 0.0 ast 2023-03-11 0.0 ast",
        "winLossSplits": "29% - 12%",
        "awayHome": "A",
        "playedYesterday": "N",
        "awayHomeSplits": "30% - 11%",
        "savesAboveExp": 0.39,
        "gsaa": 26.05,
        "corsi": "52.2% (57.4) // 56.1% (59.4) // 52.2% (57.4) // 52.2% (57.4)",
        "fenwick": "52.5% (43.0) // 57.1% (44.7) // 52.5% (43.0) // 52.5% (43.0)",
        "shots": "53.0% (30.2) // 57.4% (31.5) // 53.0% (30.2) // 53.0% (30.2)",
        "scoring": "50.6% (27.4) // 55.4% (26.5) // 50.6% (27.4) // 50.6% (27.4)",
        "corsiAgainst": "47.8% (52.6) // 43.9% (46.4) // 47.8% (52.6) // 47.8% (52.6)",
        "fenwickAgainst": "47.5% (39.0) // 42.9% (33.6) // 47.5% (39.0) // 47.5% (39.0)",
        "shotsAgainst": "47.0% (26.8) // 42.6% (23.4) // 47.0% (26.8) // 47.0% (26.8)",
        "scoringAgainst": "49.4% (26.8) // 44.6% (21.3) // 49.4% (26.8) // 49.4% (26.8)",
        "oppCorsi": "52.0% (59.9) // 57.0% (56.0) // 52.0% (59.9) // 52.0% (59.9)",
        "oppFenwick": "51.3% (43.7) // 56.1% (40.6) // 51.3% (43.7) // 51.3% (43.7)",
        "oppShots": "51.6% (31.5) // 56.3% (29.0) // 51.6% (31.5) // 51.6% (31.5)",
        "oppScoring": "53.7% (31.5) // 61.3% (29.6) // 53.7% (31.5) // 53.7% (31.5)",
        "oppCorsiAgainst": "48.0% (55.3) // 43.0% (42.3) // 48.0% (55.3) // 48.0% (55.3)",
        "oppFenwickAgainst": "48.7% (41.4) // 43.9% (31.7) // 48.7% (41.4) // 48.7% (41.4)",
        "oppShotsAgainst": "48.4% (29.5) // 43.7% (22.5) // 48.4% (29.5) // 48.4% (29.5)",
        "oppScoringAgainst": "46.3% (27.2) // 38.7% (18.6) // 46.3% (27.2) // 46.3% (27.2)",
        "savesPerGame": 23.9,
        "savesPerGameLast1": 20.0,
        "savesPerGameLast3": 18.3,
        "savesPerGameLast5": 22.4,
        "savesPer60": 27.8,
        "savesPer60Last1": 20.0,
        "savesPer60Last3": 18.1,
        "savesPer60Last5": 22.0,
        "shotsPerGame": 30.5,
        "shotsPerGameLast5": 26.2,
        "shotsAgainstPerGame": 27.0,
        "shotsAgainstPerGameLast5": 26.4,
        "oppSavesAgainstPer60": 32.6,
        "oppSavesAgainstPer60Last1": 21.6,
        "oppSavesAgainstPer60Last3": 18.8,
        "oppSavesAgainstPer60Last5": 22.4,
        "oppShotsAgainstPerGame": 29.9,
        "oppShotsAgainstPerGameLast5": 26.2,
        "savesProj": 24.5,
        "savesProjLast5": 15.6,
        "savesProjLast3": 10.5,
        "oppSavesAgainstProj": 26.6,
        "oppSavesAgainstProjLast5": 15.4,
        "oppSavesAgainstProjLast3": 10.6,
        "totalOver": 21,
        "totalOverLast5": 40,
        "totalOverLast15": 27,
        "lastTotalOver": 15,
        "last5": "2,0,0,1,0,0,1,0,0,0",
        "overOdds": "+320",
        "underOdds": "-425",
        "overUnder": "+320 / -425"
    },
    {
        "player": "Jaden Schwartz",
        "team": "SEA",
        "opponent": "DAL",
        "propType": "ast",
        "line": 0.5,
        "ppLine": "PP1",
        "avg": 0.29,
        "hit": false,
        "diffAvg": -0.42,
        "diffAbs": 0.2,
        "lastAvg": 0.41,
        "diff": -0.18,
        "avgMin": 17,
        "proj": 0.4,
        "lastAvgMin": 18.45,
        "oppOver": 0,
        "teamOver": 0,
        "gameLine": "+160",
        "+/-": -20,
        "L5_+/-": 0.0,
        "prevMatchup": "2023-05-13 1.0 ast 2023-05-11 0.0 ast 2023-05-09 0.0 ast 2023-05-07 1.0 ast 2023-05-04 0.0 ast 2023-05-02 0.0 ast 2023-03-21 0.0 ast 2023-03-13 0.0 ast 2023-03-11 0.0 ast",
        "winLossSplits": "38% - 11%",
        "awayHome": "A",
        "playedYesterday": "N",
        "awayHomeSplits": "30% - 22%",
        "savesAboveExp": 0.39,
        "gsaa": 26.05,
        "corsi": "52.2% (57.4) // 56.1% (59.4) // 52.2% (57.4) // 52.2% (57.4)",
        "fenwick": "52.5% (43.0) // 57.1% (44.7) // 52.5% (43.0) // 52.5% (43.0)",
        "shots": "53.0% (30.2) // 57.4% (31.5) // 53.0% (30.2) // 53.0% (30.2)",
        "scoring": "50.6% (27.4) // 55.4% (26.5) // 50.6% (27.4) // 50.6% (27.4)",
        "corsiAgainst": "47.8% (52.6) // 43.9% (46.4) // 47.8% (52.6) // 47.8% (52.6)",
        "fenwickAgainst": "47.5% (39.0) // 42.9% (33.6) // 47.5% (39.0) // 47.5% (39.0)",
        "shotsAgainst": "47.0% (26.8) // 42.6% (23.4) // 47.0% (26.8) // 47.0% (26.8)",
        "scoringAgainst": "49.4% (26.8) // 44.6% (21.3) // 49.4% (26.8) // 49.4% (26.8)",
        "oppCorsi": "52.0% (59.9) // 57.0% (56.0) // 52.0% (59.9) // 52.0% (59.9)",
        "oppFenwick": "51.3% (43.7) // 56.1% (40.6) // 51.3% (43.7) // 51.3% (43.7)",
        "oppShots": "51.6% (31.5) // 56.3% (29.0) // 51.6% (31.5) // 51.6% (31.5)",
        "oppScoring": "53.7% (31.5) // 61.3% (29.6) // 53.7% (31.5) // 53.7% (31.5)",
        "oppCorsiAgainst": "48.0% (55.3) // 43.0% (42.3) // 48.0% (55.3) // 48.0% (55.3)",
        "oppFenwickAgainst": "48.7% (41.4) // 43.9% (31.7) // 48.7% (41.4) // 48.7% (41.4)",
        "oppShotsAgainst": "48.4% (29.5) // 43.7% (22.5) // 48.4% (29.5) // 48.4% (29.5)",
        "oppScoringAgainst": "46.3% (27.2) // 38.7% (18.6) // 46.3% (27.2) // 46.3% (27.2)",
        "savesPerGame": 23.9,
        "savesPerGameLast1": 20.0,
        "savesPerGameLast3": 18.3,
        "savesPerGameLast5": 22.4,
        "savesPer60": 27.8,
        "savesPer60Last1": 20.0,
        "savesPer60Last3": 18.1,
        "savesPer60Last5": 22.0,
        "shotsPerGame": 30.5,
        "shotsPerGameLast5": 26.2,
        "shotsAgainstPerGame": 27.0,
        "shotsAgainstPerGameLast5": 26.4,
        "oppSavesAgainstPer60": 32.6,
        "oppSavesAgainstPer60Last1": 21.6,
        "oppSavesAgainstPer60Last3": 18.8,
        "oppSavesAgainstPer60Last5": 22.4,
        "oppShotsAgainstPerGame": 29.9,
        "oppShotsAgainstPerGameLast5": 26.2,
        "savesProj": 24.5,
        "savesProjLast5": 15.6,
        "savesProjLast3": 10.5,
        "oppSavesAgainstProj": 26.6,
        "oppSavesAgainstProjLast5": 15.4,
        "oppSavesAgainstProjLast3": 10.6,
        "totalOver": 26,
        "totalOverLast5": 40,
        "totalOverLast15": 33,
        "lastTotalOver": 32,
        "last5": "1,0,0,1,0,0,0,0,1,1",
        "overOdds": "+230",
        "underOdds": "-290",
        "overUnder": "+230 / -290"
    },
    {
        "player": "Jamie Benn",
        "team": "DAL",
        "opponent": "SEA",
        "propType": "ast",
        "line": 0.5,
        "ppLine": "PP1",
        "avg": 0.56,
        "hit": false,
        "diffAvg": 0.12,
        "diffAbs": 0.4,
        "lastAvg": 0.31,
        "diff": -0.38,
        "avgMin": 16,
        "proj": 0.3,
        "lastAvgMin": 16.73,
        "oppOver": 0,
        "teamOver": 0,
        "gameLine": "-190",
        "+/-": "+25",
        "L5_+/-": "+1.0",
        "prevMatchup": "2023-05-13 0.0 ast 2023-05-11 1.0 ast 2023-05-09 1.0 ast 2023-05-07 1.0 ast 2023-05-04 1.0 ast 2023-05-02 1.0 ast 2023-03-21 2.0 ast 2023-03-13 2.0 ast 2023-03-11 0.0 ast",
        "winLossSplits": "52% - 35%",
        "awayHome": "H",
        "playedYesterday": "N",
        "awayHomeSplits": "43% - 47%",
        "savesAboveExp": -0.168,
        "gsaa": -8.95,
        "corsi": "52.0% (59.9) // 57.0% (56.0) // 52.0% (59.9) // 52.0% (59.9)",
        "fenwick": "51.3% (43.7) // 56.1% (40.6) // 51.3% (43.7) // 51.3% (43.7)",
        "shots": "51.6% (31.5) // 56.3% (29.0) // 51.6% (31.5) // 51.6% (31.5)",
        "scoring": "53.7% (31.5) // 61.3% (29.6) // 53.7% (31.5) // 53.7% (31.5)",
        "corsiAgainst": "48.0% (55.3) // 43.0% (42.3) // 48.0% (55.3) // 48.0% (55.3)",
        "fenwickAgainst": "48.7% (41.4) // 43.9% (31.7) // 48.7% (41.4) // 48.7% (41.4)",
        "shotsAgainst": "48.4% (29.5) // 43.7% (22.5) // 48.4% (29.5) // 48.4% (29.5)",
        "scoringAgainst": "46.3% (27.2) // 38.7% (18.6) // 46.3% (27.2) // 46.3% (27.2)",
        "oppCorsi": "52.2% (57.4) // 56.1% (59.4) // 52.2% (57.4) // 52.2% (57.4)",
        "oppFenwick": "52.5% (43.0) // 57.1% (44.7) // 52.5% (43.0) // 52.5% (43.0)",
        "oppShots": "53.0% (30.2) // 57.4% (31.5) // 53.0% (30.2) // 53.0% (30.2)",
        "oppScoring": "50.6% (27.4) // 55.4% (26.5) // 50.6% (27.4) // 50.6% (27.4)",
        "oppCorsiAgainst": "47.8% (52.6) // 43.9% (46.4) // 47.8% (52.6) // 47.8% (52.6)",
        "oppFenwickAgainst": "47.5% (39.0) // 42.9% (33.6) // 47.5% (39.0) // 47.5% (39.0)",
        "oppShotsAgainst": "47.0% (26.8) // 42.6% (23.4) // 47.0% (26.8) // 47.0% (26.8)",
        "oppScoringAgainst": "49.4% (26.8) // 44.6% (21.3) // 49.4% (26.8) // 49.4% (26.8)",
        "savesPerGame": 27.3,
        "savesPerGameLast1": 23.0,
        "savesPerGameLast3": 22.7,
        "savesPerGameLast5": 22.2,
        "savesPer60": 31.6,
        "savesPer60Last1": 21.9,
        "savesPer60Last3": 22.3,
        "savesPer60Last5": 22.0,
        "shotsPerGame": 31.9,
        "shotsPerGameLast5": 26.4,
        "shotsAgainstPerGame": 29.9,
        "shotsAgainstPerGameLast5": 26.2,
        "oppSavesAgainstPer60": 31.0,
        "oppSavesAgainstPer60Last1": 23.0,
        "oppSavesAgainstPer60Last3": 22.4,
        "oppSavesAgainstPer60Last5": 22.1,
        "oppShotsAgainstPerGame": 27.0,
        "oppShotsAgainstPerGameLast5": 26.4,
        "savesProj": 30.4,
        "savesProjLast5": 17.6,
        "savesProjLast3": 18.2,
        "oppSavesAgainstProj": 28.6,
        "oppSavesAgainstProjLast5": 15.8,
        "oppSavesAgainstProjLast3": 16.4,
        "totalOver": 45,
        "totalOverLast5": 80,
        "totalOverLast15": 67,
        "lastTotalOver": 29,
        "last5": "0,1,1,1,1,1,0,0,1,0",
        "overOdds": "+115",
        "underOdds": "-145",
        "overUnder": "+115 / -145"
    },
    {
        "player": "Jared Mccann",
        "team": "SEA",
        "opponent": "DAL",
        "propType": "ast",
        "line": 0.5,
        "ppLine": "PP1",
        "avg": 0.38,
        "hit": false,
        "diffAvg": -0.24,
        "diffAbs": 0.4,
        "lastAvg": 0.31,
        "diff": -0.38,
        "avgMin": 16,
        "proj": 0.3,
        "lastAvgMin": 16.13,
        "oppOver": 0,
        "teamOver": 0,
        "gameLine": "+160",
        "+/-": "+19",
        "L5_+/-": -3.0,
        "prevMatchup": "2023-05-13 1.0 ast 2023-05-11 0.0 ast 2023-05-09 0.0 ast 2023-03-21 1.0 ast 2023-03-13 0.0 ast 2023-03-11 0.0 ast",
        "winLossSplits": "49% - 12%",
        "awayHome": "A",
        "playedYesterday": "N",
        "awayHomeSplits": "26% - 38%",
        "savesAboveExp": 0.39,
        "gsaa": 26.05,
        "corsi": "52.2% (57.4) // 56.1% (59.4) // 52.2% (57.4) // 52.2% (57.4)",
        "fenwick": "52.5% (43.0) // 57.1% (44.7) // 52.5% (43.0) // 52.5% (43.0)",
        "shots": "53.0% (30.2) // 57.4% (31.5) // 53.0% (30.2) // 53.0% (30.2)",
        "scoring": "50.6% (27.4) // 55.4% (26.5) // 50.6% (27.4) // 50.6% (27.4)",
        "corsiAgainst": "47.8% (52.6) // 43.9% (46.4) // 47.8% (52.6) // 47.8% (52.6)",
        "fenwickAgainst": "47.5% (39.0) // 42.9% (33.6) // 47.5% (39.0) // 47.5% (39.0)",
        "shotsAgainst": "47.0% (26.8) // 42.6% (23.4) // 47.0% (26.8) // 47.0% (26.8)",
        "scoringAgainst": "49.4% (26.8) // 44.6% (21.3) // 49.4% (26.8) // 49.4% (26.8)",
        "oppCorsi": "52.0% (59.9) // 57.0% (56.0) // 52.0% (59.9) // 52.0% (59.9)",
        "oppFenwick": "51.3% (43.7) // 56.1% (40.6) // 51.3% (43.7) // 51.3% (43.7)",
        "oppShots": "51.6% (31.5) // 56.3% (29.0) // 51.6% (31.5) // 51.6% (31.5)",
        "oppScoring": "53.7% (31.5) // 61.3% (29.6) // 53.7% (31.5) // 53.7% (31.5)",
        "oppCorsiAgainst": "48.0% (55.3) // 43.0% (42.3) // 48.0% (55.3) // 48.0% (55.3)",
        "oppFenwickAgainst": "48.7% (41.4) // 43.9% (31.7) // 48.7% (41.4) // 48.7% (41.4)",
        "oppShotsAgainst": "48.4% (29.5) // 43.7% (22.5) // 48.4% (29.5) // 48.4% (29.5)",
        "oppScoringAgainst": "46.3% (27.2) // 38.7% (18.6) // 46.3% (27.2) // 46.3% (27.2)",
        "savesPerGame": 23.9,
        "savesPerGameLast1": 20.0,
        "savesPerGameLast3": 18.3,
        "savesPerGameLast5": 22.4,
        "savesPer60": 27.8,
        "savesPer60Last1": 20.0,
        "savesPer60Last3": 18.1,
        "savesPer60Last5": 22.0,
        "shotsPerGame": 30.5,
        "shotsPerGameLast5": 26.2,
        "shotsAgainstPerGame": 27.0,
        "shotsAgainstPerGameLast5": 26.4,
        "oppSavesAgainstPer60": 32.6,
        "oppSavesAgainstPer60Last1": 21.6,
        "oppSavesAgainstPer60Last3": 18.8,
        "oppSavesAgainstPer60Last5": 22.4,
        "oppShotsAgainstPerGame": 29.9,
        "oppShotsAgainstPerGameLast5": 26.2,
        "savesProj": 24.5,
        "savesProjLast5": 15.6,
        "savesProjLast3": 10.5,
        "oppSavesAgainstProj": 26.6,
        "oppSavesAgainstProjLast5": 15.4,
        "oppSavesAgainstProjLast3": 10.6,
        "totalOver": 32,
        "totalOverLast5": 40,
        "totalOverLast15": 40,
        "lastTotalOver": 32,
        "last5": "1,0,0,0,1,0,0,0,0,1",
        "overOdds": "+195",
        "underOdds": "-240",
        "overUnder": "+195 / -240"
    },
    {
        "player": "Jason Robertson",
        "team": "DAL",
        "opponent": "SEA",
        "propType": "ast",
        "line": 0.5,
        "ppLine": "PP1",
        "avg": 0.78,
        "hit": false,
        "diffAvg": 0.56,
        "diffAbs": 0.0,
        "lastAvg": 0.47,
        "diff": -0.06,
        "avgMin": 18,
        "proj": 0.5,
        "lastAvgMin": 18.1,
        "oppOver": 0,
        "teamOver": 0,
        "gameLine": "-190",
        "+/-": "+37",
        "L5_+/-": "+1.0",
        "prevMatchup": "2023-05-13 1.0 ast 2023-05-11 3.0 ast 2023-05-09 1.0 ast 2023-05-07 0.0 ast 2023-05-04 0.0 ast 2023-05-02 0.0 ast 2023-03-21 1.0 ast 2023-03-13 1.0 ast 2023-03-11 0.0 ast",
        "winLossSplits": "67% - 32%",
        "awayHome": "H",
        "playedYesterday": "N",
        "awayHomeSplits": "53% - 51%",
        "savesAboveExp": -0.168,
        "gsaa": -8.95,
        "corsi": "52.0% (59.9) // 57.0% (56.0) // 52.0% (59.9) // 52.0% (59.9)",
        "fenwick": "51.3% (43.7) // 56.1% (40.6) // 51.3% (43.7) // 51.3% (43.7)",
        "shots": "51.6% (31.5) // 56.3% (29.0) // 51.6% (31.5) // 51.6% (31.5)",
        "scoring": "53.7% (31.5) // 61.3% (29.6) // 53.7% (31.5) // 53.7% (31.5)",
        "corsiAgainst": "48.0% (55.3) // 43.0% (42.3) // 48.0% (55.3) // 48.0% (55.3)",
        "fenwickAgainst": "48.7% (41.4) // 43.9% (31.7) // 48.7% (41.4) // 48.7% (41.4)",
        "shotsAgainst": "48.4% (29.5) // 43.7% (22.5) // 48.4% (29.5) // 48.4% (29.5)",
        "scoringAgainst": "46.3% (27.2) // 38.7% (18.6) // 46.3% (27.2) // 46.3% (27.2)",
        "oppCorsi": "52.2% (57.4) // 56.1% (59.4) // 52.2% (57.4) // 52.2% (57.4)",
        "oppFenwick": "52.5% (43.0) // 57.1% (44.7) // 52.5% (43.0) // 52.5% (43.0)",
        "oppShots": "53.0% (30.2) // 57.4% (31.5) // 53.0% (30.2) // 53.0% (30.2)",
        "oppScoring": "50.6% (27.4) // 55.4% (26.5) // 50.6% (27.4) // 50.6% (27.4)",
        "oppCorsiAgainst": "47.8% (52.6) // 43.9% (46.4) // 47.8% (52.6) // 47.8% (52.6)",
        "oppFenwickAgainst": "47.5% (39.0) // 42.9% (33.6) // 47.5% (39.0) // 47.5% (39.0)",
        "oppShotsAgainst": "47.0% (26.8) // 42.6% (23.4) // 47.0% (26.8) // 47.0% (26.8)",
        "oppScoringAgainst": "49.4% (26.8) // 44.6% (21.3) // 49.4% (26.8) // 49.4% (26.8)",
        "savesPerGame": 27.3,
        "savesPerGameLast1": 23.0,
        "savesPerGameLast3": 22.7,
        "savesPerGameLast5": 22.2,
        "savesPer60": 31.6,
        "savesPer60Last1": 21.9,
        "savesPer60Last3": 22.3,
        "savesPer60Last5": 22.0,
        "shotsPerGame": 31.9,
        "shotsPerGameLast5": 26.4,
        "shotsAgainstPerGame": 29.9,
        "shotsAgainstPerGameLast5": 26.2,
        "oppSavesAgainstPer60": 31.0,
        "oppSavesAgainstPer60Last1": 23.0,
        "oppSavesAgainstPer60Last3": 22.4,
        "oppSavesAgainstPer60Last5": 22.1,
        "oppShotsAgainstPerGame": 27.0,
        "oppShotsAgainstPerGameLast5": 26.4,
        "savesProj": 30.4,
        "savesProjLast5": 17.6,
        "savesProjLast3": 18.2,
        "oppSavesAgainstProj": 28.6,
        "oppSavesAgainstProjLast5": 15.8,
        "oppSavesAgainstProjLast3": 16.4,
        "totalOver": 52,
        "totalOverLast5": 60,
        "totalOverLast15": 53,
        "lastTotalOver": 41,
        "last5": "1,3,1,0,0,0,1,1,1,0",
        "overOdds": "-145",
        "underOdds": "+115",
        "overUnder": "-145 / +115"
    },
    {
        "player": "Joe Pavelski",
        "team": "DAL",
        "opponent": "SEA",
        "propType": "ast",
        "line": 0.5,
        "ppLine": "PP1",
        "avg": 0.57,
        "hit": false,
        "diffAvg": 0.14,
        "diffAbs": 0.0,
        "lastAvg": 0.59,
        "diff": 0.18,
        "avgMin": 17,
        "proj": 0.5,
        "lastAvgMin": 18.47,
        "oppOver": 0,
        "teamOver": 0,
        "gameLine": "-190",
        "+/-": "+42",
        "L5_+/-": "+3.0",
        "prevMatchup": "2023-05-13 0.0 ast 2023-05-11 1.0 ast 2023-05-09 0.0 ast 2023-05-07 0.0 ast 2023-05-04 0.0 ast 2023-05-02 0.0 ast 2023-03-21 1.0 ast 2023-03-13 1.0 ast 2023-03-11 0.0 ast",
        "winLossSplits": "50% - 38%",
        "awayHome": "H",
        "playedYesterday": "N",
        "awayHomeSplits": "34% - 56%",
        "savesAboveExp": -0.168,
        "gsaa": -8.95,
        "corsi": "52.0% (59.9) // 57.0% (56.0) // 52.0% (59.9) // 52.0% (59.9)",
        "fenwick": "51.3% (43.7) // 56.1% (40.6) // 51.3% (43.7) // 51.3% (43.7)",
        "shots": "51.6% (31.5) // 56.3% (29.0) // 51.6% (31.5) // 51.6% (31.5)",
        "scoring": "53.7% (31.5) // 61.3% (29.6) // 53.7% (31.5) // 53.7% (31.5)",
        "corsiAgainst": "48.0% (55.3) // 43.0% (42.3) // 48.0% (55.3) // 48.0% (55.3)",
        "fenwickAgainst": "48.7% (41.4) // 43.9% (31.7) // 48.7% (41.4) // 48.7% (41.4)",
        "shotsAgainst": "48.4% (29.5) // 43.7% (22.5) // 48.4% (29.5) // 48.4% (29.5)",
        "scoringAgainst": "46.3% (27.2) // 38.7% (18.6) // 46.3% (27.2) // 46.3% (27.2)",
        "oppCorsi": "52.2% (57.4) // 56.1% (59.4) // 52.2% (57.4) // 52.2% (57.4)",
        "oppFenwick": "52.5% (43.0) // 57.1% (44.7) // 52.5% (43.0) // 52.5% (43.0)",
        "oppShots": "53.0% (30.2) // 57.4% (31.5) // 53.0% (30.2) // 53.0% (30.2)",
        "oppScoring": "50.6% (27.4) // 55.4% (26.5) // 50.6% (27.4) // 50.6% (27.4)",
        "oppCorsiAgainst": "47.8% (52.6) // 43.9% (46.4) // 47.8% (52.6) // 47.8% (52.6)",
        "oppFenwickAgainst": "47.5% (39.0) // 42.9% (33.6) // 47.5% (39.0) // 47.5% (39.0)",
        "oppShotsAgainst": "47.0% (26.8) // 42.6% (23.4) // 47.0% (26.8) // 47.0% (26.8)",
        "oppScoringAgainst": "49.4% (26.8) // 44.6% (21.3) // 49.4% (26.8) // 49.4% (26.8)",
        "savesPerGame": 27.3,
        "savesPerGameLast1": 23.0,
        "savesPerGameLast3": 22.7,
        "savesPerGameLast5": 22.2,
        "savesPer60": 31.6,
        "savesPer60Last1": 21.9,
        "savesPer60Last3": 22.3,
        "savesPer60Last5": 22.0,
        "shotsPerGame": 31.9,
        "shotsPerGameLast5": 26.4,
        "shotsAgainstPerGame": 29.9,
        "shotsAgainstPerGameLast5": 26.2,
        "oppSavesAgainstPer60": 31.0,
        "oppSavesAgainstPer60Last1": 23.0,
        "oppSavesAgainstPer60Last3": 22.4,
        "oppSavesAgainstPer60Last5": 22.1,
        "oppShotsAgainstPerGame": 27.0,
        "oppShotsAgainstPerGameLast5": 26.4,
        "savesProj": 30.4,
        "savesProjLast5": 17.6,
        "savesProjLast3": 18.2,
        "oppSavesAgainstProj": 28.6,
        "oppSavesAgainstProjLast5": 15.8,
        "oppSavesAgainstProjLast3": 16.4,
        "totalOver": 45,
        "totalOverLast5": 20,
        "totalOverLast15": 27,
        "lastTotalOver": 49,
        "last5": "0,1,0,0,0,0,1,0,0,0",
        "overOdds": "+130",
        "underOdds": "-160",
        "overUnder": "+130 / -160"
    },
    {
        "player": "Jordan Eberle",
        "team": "SEA",
        "opponent": "DAL",
        "propType": "ast",
        "line": 0.5,
        "ppLine": "PP1",
        "avg": 0.51,
        "hit": false,
        "diffAvg": 0.02,
        "diffAbs": 0.4,
        "lastAvg": 0.29,
        "diff": -0.42,
        "avgMin": 16,
        "proj": 0.3,
        "lastAvgMin": 17.95,
        "oppOver": 0,
        "teamOver": 0,
        "gameLine": "+160",
        "+/-": "+9",
        "L5_+/-": "+6.0",
        "prevMatchup": "2023-05-13 1.0 ast 2023-05-11 1.0 ast 2023-05-09 0.0 ast 2023-05-07 0.0 ast 2023-05-04 0.0 ast 2023-05-02 1.0 ast 2023-03-21 1.0 ast 2023-03-13 0.0 ast 2023-03-11 0.0 ast",
        "winLossSplits": "51% - 24%",
        "awayHome": "A",
        "playedYesterday": "N",
        "awayHomeSplits": "42% - 36%",
        "savesAboveExp": 0.39,
        "gsaa": 26.05,
        "corsi": "52.2% (57.4) // 56.1% (59.4) // 52.2% (57.4) // 52.2% (57.4)",
        "fenwick": "52.5% (43.0) // 57.1% (44.7) // 52.5% (43.0) // 52.5% (43.0)",
        "shots": "53.0% (30.2) // 57.4% (31.5) // 53.0% (30.2) // 53.0% (30.2)",
        "scoring": "50.6% (27.4) // 55.4% (26.5) // 50.6% (27.4) // 50.6% (27.4)",
        "corsiAgainst": "47.8% (52.6) // 43.9% (46.4) // 47.8% (52.6) // 47.8% (52.6)",
        "fenwickAgainst": "47.5% (39.0) // 42.9% (33.6) // 47.5% (39.0) // 47.5% (39.0)",
        "shotsAgainst": "47.0% (26.8) // 42.6% (23.4) // 47.0% (26.8) // 47.0% (26.8)",
        "scoringAgainst": "49.4% (26.8) // 44.6% (21.3) // 49.4% (26.8) // 49.4% (26.8)",
        "oppCorsi": "52.0% (59.9) // 57.0% (56.0) // 52.0% (59.9) // 52.0% (59.9)",
        "oppFenwick": "51.3% (43.7) // 56.1% (40.6) // 51.3% (43.7) // 51.3% (43.7)",
        "oppShots": "51.6% (31.5) // 56.3% (29.0) // 51.6% (31.5) // 51.6% (31.5)",
        "oppScoring": "53.7% (31.5) // 61.3% (29.6) // 53.7% (31.5) // 53.7% (31.5)",
        "oppCorsiAgainst": "48.0% (55.3) // 43.0% (42.3) // 48.0% (55.3) // 48.0% (55.3)",
        "oppFenwickAgainst": "48.7% (41.4) // 43.9% (31.7) // 48.7% (41.4) // 48.7% (41.4)",
        "oppShotsAgainst": "48.4% (29.5) // 43.7% (22.5) // 48.4% (29.5) // 48.4% (29.5)",
        "oppScoringAgainst": "46.3% (27.2) // 38.7% (18.6) // 46.3% (27.2) // 46.3% (27.2)",
        "savesPerGame": 23.9,
        "savesPerGameLast1": 20.0,
        "savesPerGameLast3": 18.3,
        "savesPerGameLast5": 22.4,
        "savesPer60": 27.8,
        "savesPer60Last1": 20.0,
        "savesPer60Last3": 18.1,
        "savesPer60Last5": 22.0,
        "shotsPerGame": 30.5,
        "shotsPerGameLast5": 26.2,
        "shotsAgainstPerGame": 27.0,
        "shotsAgainstPerGameLast5": 26.4,
        "oppSavesAgainstPer60": 32.6,
        "oppSavesAgainstPer60Last1": 21.6,
        "oppSavesAgainstPer60Last3": 18.8,
        "oppSavesAgainstPer60Last5": 22.4,
        "oppShotsAgainstPerGame": 29.9,
        "oppShotsAgainstPerGameLast5": 26.2,
        "savesProj": 24.5,
        "savesProjLast5": 15.6,
        "savesProjLast3": 10.5,
        "oppSavesAgainstProj": 26.6,
        "oppSavesAgainstProjLast5": 15.4,
        "oppSavesAgainstProjLast3": 10.6,
        "totalOver": 39,
        "totalOverLast5": 40,
        "totalOverLast15": 33,
        "lastTotalOver": 31,
        "last5": "1,1,0,0,0,1,0,0,1,0",
        "overOdds": "+200",
        "underOdds": "-250",
        "overUnder": "+200 / -250"
    },
    {
        "player": "Matty Beniers",
        "team": "SEA",
        "opponent": "DAL",
        "propType": "ast",
        "line": 0.5,
        "ppLine": "PP2",
        "avg": 0.4,
        "hit": false,
        "diffAvg": -0.2,
        "diffAbs": 0.2,
        "lastAvg": 0.6,
        "diff": 0.2,
        "avgMin": 17,
        "proj": 0.6,
        "lastAvgMin": 16.93,
        "oppOver": 0,
        "teamOver": 0,
        "gameLine": "+160",
        "+/-": "+20",
        "L5_+/-": "+9.0",
        "prevMatchup": "2023-05-13 1.0 ast 2023-05-11 0.0 ast 2023-05-09 1.0 ast 2023-05-07 1.0 ast 2023-05-04 0.0 ast 2023-05-02 1.0 ast 2023-03-21 0.0 ast 2023-03-13 0.0 ast 2023-03-11 1.0 ast",
        "winLossSplits": "46% - 17%",
        "awayHome": "A",
        "playedYesterday": "N",
        "awayHomeSplits": "29% - 38%",
        "savesAboveExp": 0.39,
        "gsaa": 26.05,
        "corsi": "52.2% (57.4) // 56.1% (59.4) // 52.2% (57.4) // 52.2% (57.4)",
        "fenwick": "52.5% (43.0) // 57.1% (44.7) // 52.5% (43.0) // 52.5% (43.0)",
        "shots": "53.0% (30.2) // 57.4% (31.5) // 53.0% (30.2) // 53.0% (30.2)",
        "scoring": "50.6% (27.4) // 55.4% (26.5) // 50.6% (27.4) // 50.6% (27.4)",
        "corsiAgainst": "47.8% (52.6) // 43.9% (46.4) // 47.8% (52.6) // 47.8% (52.6)",
        "fenwickAgainst": "47.5% (39.0) // 42.9% (33.6) // 47.5% (39.0) // 47.5% (39.0)",
        "shotsAgainst": "47.0% (26.8) // 42.6% (23.4) // 47.0% (26.8) // 47.0% (26.8)",
        "scoringAgainst": "49.4% (26.8) // 44.6% (21.3) // 49.4% (26.8) // 49.4% (26.8)",
        "oppCorsi": "52.0% (59.9) // 57.0% (56.0) // 52.0% (59.9) // 52.0% (59.9)",
        "oppFenwick": "51.3% (43.7) // 56.1% (40.6) // 51.3% (43.7) // 51.3% (43.7)",
        "oppShots": "51.6% (31.5) // 56.3% (29.0) // 51.6% (31.5) // 51.6% (31.5)",
        "oppScoring": "53.7% (31.5) // 61.3% (29.6) // 53.7% (31.5) // 53.7% (31.5)",
        "oppCorsiAgainst": "48.0% (55.3) // 43.0% (42.3) // 48.0% (55.3) // 48.0% (55.3)",
        "oppFenwickAgainst": "48.7% (41.4) // 43.9% (31.7) // 48.7% (41.4) // 48.7% (41.4)",
        "oppShotsAgainst": "48.4% (29.5) // 43.7% (22.5) // 48.4% (29.5) // 48.4% (29.5)",
        "oppScoringAgainst": "46.3% (27.2) // 38.7% (18.6) // 46.3% (27.2) // 46.3% (27.2)",
        "savesPerGame": 23.9,
        "savesPerGameLast1": 20.0,
        "savesPerGameLast3": 18.3,
        "savesPerGameLast5": 22.4,
        "savesPer60": 27.8,
        "savesPer60Last1": 20.0,
        "savesPer60Last3": 18.1,
        "savesPer60Last5": 22.0,
        "shotsPerGame": 30.5,
        "shotsPerGameLast5": 26.2,
        "shotsAgainstPerGame": 27.0,
        "shotsAgainstPerGameLast5": 26.4,
        "oppSavesAgainstPer60": 32.6,
        "oppSavesAgainstPer60Last1": 21.6,
        "oppSavesAgainstPer60Last3": 18.8,
        "oppSavesAgainstPer60Last5": 22.4,
        "oppShotsAgainstPerGame": 29.9,
        "oppShotsAgainstPerGameLast5": 26.2,
        "savesProj": 24.5,
        "savesProjLast5": 15.6,
        "savesProjLast3": 10.5,
        "oppSavesAgainstProj": 26.6,
        "oppSavesAgainstProjLast5": 15.4,
        "oppSavesAgainstProjLast3": 10.6,
        "totalOver": 33,
        "totalOverLast5": 60,
        "totalOverLast15": 27,
        "lastTotalOver": 60,
        "last5": "1,0,1,1,0,1,0,0,0,0",
        "overOdds": "+235",
        "underOdds": "-300",
        "overUnder": "+235 / -300"
    },
    {
        "player": "Max Domi",
        "team": "DAL",
        "opponent": "SEA",
        "propType": "ast",
        "line": 0.5,
        "ppLine": "PP2",
        "avg": 0.48,
        "hit": false,
        "diffAvg": -0.04,
        "diffAbs": 0.2,
        "lastAvg": 0.33,
        "diff": -0.34,
        "avgMin": 17,
        "proj": 0.4,
        "lastAvgMin": 13.03,
        "oppOver": 0,
        "teamOver": 0,
        "gameLine": "-190",
        "+/-": -7,
        "L5_+/-": -1.0,
        "prevMatchup": "2023-05-13 1.0 ast 2023-05-11 0.0 ast 2023-05-09 1.0 ast 2023-05-07 0.0 ast 2023-05-04 1.0 ast 2023-05-02 3.0 ast 2023-03-21 0.0 ast 2023-03-13 0.0 ast 2023-03-11 1.0 ast 2023-01-14 1.0 ast 2022-10-23 0.0 ast",
        "winLossSplits": "48% - 32%",
        "awayHome": "H",
        "playedYesterday": "N",
        "awayHomeSplits": "43% - 35%",
        "savesAboveExp": -0.168,
        "gsaa": -8.95,
        "corsi": "52.0% (59.9) // 57.0% (56.0) // 52.0% (59.9) // 52.0% (59.9)",
        "fenwick": "51.3% (43.7) // 56.1% (40.6) // 51.3% (43.7) // 51.3% (43.7)",
        "shots": "51.6% (31.5) // 56.3% (29.0) // 51.6% (31.5) // 51.6% (31.5)",
        "scoring": "53.7% (31.5) // 61.3% (29.6) // 53.7% (31.5) // 53.7% (31.5)",
        "corsiAgainst": "48.0% (55.3) // 43.0% (42.3) // 48.0% (55.3) // 48.0% (55.3)",
        "fenwickAgainst": "48.7% (41.4) // 43.9% (31.7) // 48.7% (41.4) // 48.7% (41.4)",
        "shotsAgainst": "48.4% (29.5) // 43.7% (22.5) // 48.4% (29.5) // 48.4% (29.5)",
        "scoringAgainst": "46.3% (27.2) // 38.7% (18.6) // 46.3% (27.2) // 46.3% (27.2)",
        "oppCorsi": "52.2% (57.4) // 56.1% (59.4) // 52.2% (57.4) // 52.2% (57.4)",
        "oppFenwick": "52.5% (43.0) // 57.1% (44.7) // 52.5% (43.0) // 52.5% (43.0)",
        "oppShots": "53.0% (30.2) // 57.4% (31.5) // 53.0% (30.2) // 53.0% (30.2)",
        "oppScoring": "50.6% (27.4) // 55.4% (26.5) // 50.6% (27.4) // 50.6% (27.4)",
        "oppCorsiAgainst": "47.8% (52.6) // 43.9% (46.4) // 47.8% (52.6) // 47.8% (52.6)",
        "oppFenwickAgainst": "47.5% (39.0) // 42.9% (33.6) // 47.5% (39.0) // 47.5% (39.0)",
        "oppShotsAgainst": "47.0% (26.8) // 42.6% (23.4) // 47.0% (26.8) // 47.0% (26.8)",
        "oppScoringAgainst": "49.4% (26.8) // 44.6% (21.3) // 49.4% (26.8) // 49.4% (26.8)",
        "savesPerGame": 27.3,
        "savesPerGameLast1": 23.0,
        "savesPerGameLast3": 22.7,
        "savesPerGameLast5": 22.2,
        "savesPer60": 31.6,
        "savesPer60Last1": 21.9,
        "savesPer60Last3": 22.3,
        "savesPer60Last5": 22.0,
        "shotsPerGame": 31.9,
        "shotsPerGameLast5": 26.4,
        "shotsAgainstPerGame": 29.9,
        "shotsAgainstPerGameLast5": 26.2,
        "oppSavesAgainstPer60": 31.0,
        "oppSavesAgainstPer60Last1": 23.0,
        "oppSavesAgainstPer60Last3": 22.4,
        "oppSavesAgainstPer60Last5": 22.1,
        "oppShotsAgainstPerGame": 27.0,
        "oppShotsAgainstPerGameLast5": 26.4,
        "savesProj": 30.4,
        "savesProjLast5": 17.6,
        "savesProjLast3": 18.2,
        "oppSavesAgainstProj": 28.6,
        "oppSavesAgainstProjLast5": 15.8,
        "oppSavesAgainstProjLast3": 16.4,
        "totalOver": 39,
        "totalOverLast5": 60,
        "totalOverLast15": 40,
        "lastTotalOver": 29,
        "last5": "1,0,1,0,1,3,1,1,0,0",
        "overOdds": "+175",
        "underOdds": "-215",
        "overUnder": "+175 / -215"
    },
    {
        "player": "Miro Heiskanen",
        "team": "DAL",
        "opponent": "SEA",
        "propType": "ast",
        "line": 0.5,
        "ppLine": "PP1",
        "avg": 0.77,
        "hit": false,
        "diffAvg": 0.54,
        "diffAbs": 0.2,
        "lastAvg": 0.4,
        "diff": -0.2,
        "avgMin": 25,
        "proj": 0.4,
        "lastAvgMin": 24.88,
        "oppOver": 0,
        "teamOver": 0,
        "gameLine": "-190",
        "+/-": "+13",
        "L5_+/-": -1.0,
        "prevMatchup": "2023-05-13 1.0 ast 2023-05-11 0.0 ast 2023-05-09 1.0 ast 2023-05-07 0.0 ast 2023-05-04 0.0 ast 2023-05-02 1.0 ast 2023-03-21 1.0 ast 2023-03-13 3.0 ast 2023-03-11 1.0 ast",
        "winLossSplits": "51% - 47%",
        "awayHome": "H",
        "playedYesterday": "N",
        "awayHomeSplits": "54% - 44%",
        "savesAboveExp": -0.168,
        "gsaa": -8.95,
        "corsi": "52.0% (59.9) // 57.0% (56.0) // 52.0% (59.9) // 52.0% (59.9)",
        "fenwick": "51.3% (43.7) // 56.1% (40.6) // 51.3% (43.7) // 51.3% (43.7)",
        "shots": "51.6% (31.5) // 56.3% (29.0) // 51.6% (31.5) // 51.6% (31.5)",
        "scoring": "53.7% (31.5) // 61.3% (29.6) // 53.7% (31.5) // 53.7% (31.5)",
        "corsiAgainst": "48.0% (55.3) // 43.0% (42.3) // 48.0% (55.3) // 48.0% (55.3)",
        "fenwickAgainst": "48.7% (41.4) // 43.9% (31.7) // 48.7% (41.4) // 48.7% (41.4)",
        "shotsAgainst": "48.4% (29.5) // 43.7% (22.5) // 48.4% (29.5) // 48.4% (29.5)",
        "scoringAgainst": "46.3% (27.2) // 38.7% (18.6) // 46.3% (27.2) // 46.3% (27.2)",
        "oppCorsi": "52.2% (57.4) // 56.1% (59.4) // 52.2% (57.4) // 52.2% (57.4)",
        "oppFenwick": "52.5% (43.0) // 57.1% (44.7) // 52.5% (43.0) // 52.5% (43.0)",
        "oppShots": "53.0% (30.2) // 57.4% (31.5) // 53.0% (30.2) // 53.0% (30.2)",
        "oppScoring": "50.6% (27.4) // 55.4% (26.5) // 50.6% (27.4) // 50.6% (27.4)",
        "oppCorsiAgainst": "47.8% (52.6) // 43.9% (46.4) // 47.8% (52.6) // 47.8% (52.6)",
        "oppFenwickAgainst": "47.5% (39.0) // 42.9% (33.6) // 47.5% (39.0) // 47.5% (39.0)",
        "oppShotsAgainst": "47.0% (26.8) // 42.6% (23.4) // 47.0% (26.8) // 47.0% (26.8)",
        "oppScoringAgainst": "49.4% (26.8) // 44.6% (21.3) // 49.4% (26.8) // 49.4% (26.8)",
        "savesPerGame": 27.3,
        "savesPerGameLast1": 23.0,
        "savesPerGameLast3": 22.7,
        "savesPerGameLast5": 22.2,
        "savesPer60": 31.6,
        "savesPer60Last1": 21.9,
        "savesPer60Last3": 22.3,
        "savesPer60Last5": 22.0,
        "shotsPerGame": 31.9,
        "shotsPerGameLast5": 26.4,
        "shotsAgainstPerGame": 29.9,
        "shotsAgainstPerGameLast5": 26.2,
        "oppSavesAgainstPer60": 31.0,
        "oppSavesAgainstPer60Last1": 23.0,
        "oppSavesAgainstPer60Last3": 22.4,
        "oppSavesAgainstPer60Last5": 22.1,
        "oppShotsAgainstPerGame": 27.0,
        "oppShotsAgainstPerGameLast5": 26.4,
        "savesProj": 30.4,
        "savesProjLast5": 17.6,
        "savesProjLast3": 18.2,
        "oppSavesAgainstProj": 28.6,
        "oppSavesAgainstProjLast5": 15.8,
        "oppSavesAgainstProjLast3": 16.4,
        "totalOver": 49,
        "totalOverLast5": 40,
        "totalOverLast15": 47,
        "lastTotalOver": 36,
        "last5": "1,0,1,0,0,1,0,1,0,0",
        "overOdds": "-155",
        "underOdds": "+125",
        "overUnder": "-155 / +125"
    },
    {
        "player": "Oliver Bjorkstrand",
        "team": "SEA",
        "opponent": "DAL",
        "propType": "ast",
        "line": 0.5,
        "ppLine": "PP2",
        "avg": 0.31,
        "hit": false,
        "diffAvg": -0.38,
        "diffAbs": 0.4,
        "lastAvg": 0.36,
        "diff": -0.28,
        "avgMin": 15,
        "proj": 0.3,
        "lastAvgMin": 17.93,
        "oppOver": 0,
        "teamOver": 0,
        "gameLine": "+160",
        "+/-": -5,
        "L5_+/-": -4.0,
        "prevMatchup": "2023-05-13 1.0 ast 2023-05-11 0.0 ast 2023-05-09 1.0 ast 2023-05-07 0.0 ast 2023-05-04 0.0 ast 2023-05-02 0.0 ast 2023-03-21 0.0 ast 2023-03-13 0.0 ast 2023-03-11 0.0 ast",
        "winLossSplits": "33% - 24%",
        "awayHome": "A",
        "playedYesterday": "N",
        "awayHomeSplits": "34% - 23%",
        "savesAboveExp": 0.39,
        "gsaa": 26.05,
        "corsi": "52.2% (57.4) // 56.1% (59.4) // 52.2% (57.4) // 52.2% (57.4)",
        "fenwick": "52.5% (43.0) // 57.1% (44.7) // 52.5% (43.0) // 52.5% (43.0)",
        "shots": "53.0% (30.2) // 57.4% (31.5) // 53.0% (30.2) // 53.0% (30.2)",
        "scoring": "50.6% (27.4) // 55.4% (26.5) // 50.6% (27.4) // 50.6% (27.4)",
        "corsiAgainst": "47.8% (52.6) // 43.9% (46.4) // 47.8% (52.6) // 47.8% (52.6)",
        "fenwickAgainst": "47.5% (39.0) // 42.9% (33.6) // 47.5% (39.0) // 47.5% (39.0)",
        "shotsAgainst": "47.0% (26.8) // 42.6% (23.4) // 47.0% (26.8) // 47.0% (26.8)",
        "scoringAgainst": "49.4% (26.8) // 44.6% (21.3) // 49.4% (26.8) // 49.4% (26.8)",
        "oppCorsi": "52.0% (59.9) // 57.0% (56.0) // 52.0% (59.9) // 52.0% (59.9)",
        "oppFenwick": "51.3% (43.7) // 56.1% (40.6) // 51.3% (43.7) // 51.3% (43.7)",
        "oppShots": "51.6% (31.5) // 56.3% (29.0) // 51.6% (31.5) // 51.6% (31.5)",
        "oppScoring": "53.7% (31.5) // 61.3% (29.6) // 53.7% (31.5) // 53.7% (31.5)",
        "oppCorsiAgainst": "48.0% (55.3) // 43.0% (42.3) // 48.0% (55.3) // 48.0% (55.3)",
        "oppFenwickAgainst": "48.7% (41.4) // 43.9% (31.7) // 48.7% (41.4) // 48.7% (41.4)",
        "oppShotsAgainst": "48.4% (29.5) // 43.7% (22.5) // 48.4% (29.5) // 48.4% (29.5)",
        "oppScoringAgainst": "46.3% (27.2) // 38.7% (18.6) // 46.3% (27.2) // 46.3% (27.2)",
        "savesPerGame": 23.9,
        "savesPerGameLast1": 20.0,
        "savesPerGameLast3": 18.3,
        "savesPerGameLast5": 22.4,
        "savesPer60": 27.8,
        "savesPer60Last1": 20.0,
        "savesPer60Last3": 18.1,
        "savesPer60Last5": 22.0,
        "shotsPerGame": 30.5,
        "shotsPerGameLast5": 26.2,
        "shotsAgainstPerGame": 27.0,
