[
    {
        "player": "Artemi Panarin",
        "team": "NYR",
        "opponent": "NJ",
        "propType": "g",
        "line": 0.5,
        "ppLine": "PP1",
        "avg": 0.34,
        "hit": false,
        "diffAvg": -0.32,
        "diffAbs": 0.6,
        "lastAvg": 0.23,
        "diff": -0.54,
        "avgMin": 19,
        "proj": 0.2,
        "lastAvgMin": 19.22,
        "oppOver": 0,
        "teamOver": 0,
        "gameLine": "-150",
        "+/-": "+5",
        "L5_+/-": -1.0,
        "prevMatchup": "2023-04-22 0.0 g 2023-04-20 0.0 g 2023-04-18 0.0 g 2023-03-30 0.0 g 2023-01-07 0.0 g 2022-12-12 0.0 g 2022-11-28 1.0 g",
        "winLossSplits": "35% - 17%",
        "awayHome": "H",
        "playedYesterday": "N",
        "awayHomeSplits": "21% - 33%",
        "savesAboveExp": 0.922,
        "gsaa": 7.07,
        "corsi": "51.4% (57.9) // 49.5% (54.5) // - // 51.4% (57.9)",
        "fenwick": "52.0% (43.7) // 50.7% (42.3) // - // 52.0% (43.7)",
        "shots": "51.8% (31.1) // 51.8% (30.7) // - // 51.8% (31.1)",
        "scoring": "51.3% (30.8) // 48.9% (29.6) // - // 51.3% (30.8)",
        "corsiAgainst": "48.6% (54.7) // 50.5% (55.5) // - // 48.6% (54.7)",
        "fenwickAgainst": "48.0% (40.2) // 49.3% (41.1) // - // 48.0% (40.2)",
        "shotsAgainst": "48.2% (28.9) // 48.2% (28.6) // - // 48.2% (28.9)",
        "scoringAgainst": "48.7% (29.2) // 51.1% (30.9) // - // 48.7% (29.2)",
        "oppCorsi": "53.7% (63.4) // 55.1% (64.9) // - // 53.7% (63.4)",
        "oppFenwick": "53.9% (46.9) // 55.2% (48.2) // - // 53.9% (46.9)",
        "oppShots": "54.9% (33.9) // 54.4% (33.3) // - // 54.9% (33.9)",
        "oppScoring": "56.3% (35.0) // 60.7% (39.4) // - // 56.3% (35.0)",
        "oppCorsiAgainst": "46.3% (54.8) // 44.9% (52.8) // - // 46.3% (54.8)",
        "oppFenwickAgainst": "46.1% (40.1) // 44.8% (39.2) // - // 46.1% (40.1)",
        "oppShotsAgainst": "45.1% (27.8) // 45.6% (28.0) // - // 45.1% (27.8)",
        "oppScoringAgainst": "43.7% (27.1) // 39.3% (25.5) // - // 43.7% (27.1)",
        "savesPerGame": 26.7,
        "savesPerGameLast1": 26.0,
        "savesPerGameLast3": 25.3,
        "savesPerGameLast5": 26.2,
        "savesPer60": 27.9,
        "savesPer60Last1": 30.8,
        "savesPer60Last3": 26.9,
        "savesPer60Last5": 27.3,
        "shotsPerGame": 31.5,
        "shotsPerGameLast5": 28.2,
        "shotsAgainstPerGame": 29.3,
        "shotsAgainstPerGameLast5": 28.0,
        "oppSavesAgainstPer60": 32.2,
        "oppSavesAgainstPer60Last1": 26.0,
        "oppSavesAgainstPer60Last3": 25.1,
        "oppSavesAgainstPer60Last5": 25.5,
        "oppShotsAgainstPerGame": 28.2,
        "oppShotsAgainstPerGameLast5": 31.6,
        "savesProj": 32.2,
        "savesProjLast5": 26.3,
        "savesProjLast3": 25.3,
        "oppSavesAgainstProj": 29.4,
        "oppSavesAgainstProjLast5": 21.4,
        "oppSavesAgainstProjLast3": 19.5,
        "totalOver": 27,
        "totalOverLast5": 40,
        "totalOverLast15": 33,
        "lastTotalOver": 28,
        "last5": "0,0,0,1,2,0,0,1,0,0",
        "overOdds": "+180",
        "underOdds": "0",
        "overUnder": "+180 / 0"
    },
    {
        "player": "Chris Kreider",
        "team": "NYR",
        "opponent": "NJ",
        "propType": "g",
        "line": 0.5,
        "ppLine": "PP1",
        "avg": 0.49,
        "hit": false,
        "diffAvg": -0.02,
        "diffAbs": 0.0,
        "lastAvg": 0.5,
        "diff": 0.0,
        "avgMin": 18,
        "proj": 0.5,
        "lastAvgMin": 18.72,
        "oppOver": 0,
        "teamOver": 0,
        "gameLine": "-150",
        "+/-": "+23",
        "L5_+/-": "+1.0",
        "prevMatchup": "2023-04-22 1.0 g 2023-04-20 2.0 g 2023-04-18 2.0 g 2023-03-30 1.0 g 2023-01-07 1.0 g 2022-12-12 1.0 g 2022-11-28 0.0 g",
        "winLossSplits": "47% - 29%",
        "awayHome": "H",
        "playedYesterday": "N",
        "awayHomeSplits": "40% - 38%",
        "savesAboveExp": 0.922,
        "gsaa": 7.07,
        "corsi": "51.4% (57.9) // 49.5% (54.5) // - // 51.4% (57.9)",
        "fenwick": "52.0% (43.7) // 50.7% (42.3) // - // 52.0% (43.7)",
        "shots": "51.8% (31.1) // 51.8% (30.7) // - // 51.8% (31.1)",
        "scoring": "51.3% (30.8) // 48.9% (29.6) // - // 51.3% (30.8)",
        "corsiAgainst": "48.6% (54.7) // 50.5% (55.5) // - // 48.6% (54.7)",
        "fenwickAgainst": "48.0% (40.2) // 49.3% (41.1) // - // 48.0% (40.2)",
        "shotsAgainst": "48.2% (28.9) // 48.2% (28.6) // - // 48.2% (28.9)",
        "scoringAgainst": "48.7% (29.2) // 51.1% (30.9) // - // 48.7% (29.2)",
        "oppCorsi": "53.7% (63.4) // 55.1% (64.9) // - // 53.7% (63.4)",
        "oppFenwick": "53.9% (46.9) // 55.2% (48.2) // - // 53.9% (46.9)",
        "oppShots": "54.9% (33.9) // 54.4% (33.3) // - // 54.9% (33.9)",
        "oppScoring": "56.3% (35.0) // 60.7% (39.4) // - // 56.3% (35.0)",
        "oppCorsiAgainst": "46.3% (54.8) // 44.9% (52.8) // - // 46.3% (54.8)",
        "oppFenwickAgainst": "46.1% (40.1) // 44.8% (39.2) // - // 46.1% (40.1)",
        "oppShotsAgainst": "45.1% (27.8) // 45.6% (28.0) // - // 45.1% (27.8)",
        "oppScoringAgainst": "43.7% (27.1) // 39.3% (25.5) // - // 43.7% (27.1)",
        "savesPerGame": 26.7,
        "savesPerGameLast1": 26.0,
        "savesPerGameLast3": 25.3,
        "savesPerGameLast5": 26.2,
        "savesPer60": 27.9,
        "savesPer60Last1": 30.8,
        "savesPer60Last3": 26.9,
        "savesPer60Last5": 27.3,
        "shotsPerGame": 31.5,
        "shotsPerGameLast5": 28.2,
        "shotsAgainstPerGame": 29.3,
        "shotsAgainstPerGameLast5": 28.0,
        "oppSavesAgainstPer60": 32.2,
        "oppSavesAgainstPer60Last1": 26.0,
        "oppSavesAgainstPer60Last3": 25.1,
        "oppSavesAgainstPer60Last5": 25.5,
        "oppShotsAgainstPerGame": 28.2,
        "oppShotsAgainstPerGameLast5": 31.6,
        "savesProj": 32.2,
        "savesProjLast5": 26.3,
        "savesProjLast3": 25.3,
        "oppSavesAgainstProj": 29.4,
        "oppSavesAgainstProjLast5": 21.4,
        "oppSavesAgainstProjLast3": 19.5,
        "totalOver": 39,
        "totalOverLast5": 60,
        "totalOverLast15": 40,
        "lastTotalOver": 48,
        "last5": "1,2,2,0,0,1,0,2,0,0",
        "overOdds": "+125",
        "underOdds": "0",
        "overUnder": "+125 / 0"
    },
    {
        "player": "Dawson Mercer",
        "team": "NJ",
        "opponent": "NYR",
        "propType": "g",
        "line": 0.5,
        "ppLine": "PP2",
        "avg": 0.32,
        "hit": false,
        "diffAvg": -0.36,
        "diffAbs": 0.6,
        "lastAvg": 0.21,
        "diff": -0.58,
        "avgMin": 16,
        "proj": 0.2,
        "lastAvgMin": 16.53,
        "oppOver": 0,
        "teamOver": 0,
        "gameLine": "+130",
        "+/-": "+21",
        "L5_+/-": "+5.0",
        "prevMatchup": "2023-04-22 0.0 g 2023-04-20 0.0 g 2023-04-18 0.0 g 2023-03-30 0.0 g 2023-01-07 0.0 g 2022-12-12 1.0 g 2022-11-28 0.0 g",
        "winLossSplits": "30% - 19%",
        "awayHome": "A",
        "playedYesterday": "N",
        "awayHomeSplits": "29% - 23%",
        "savesAboveExp": 0.388,
        "gsaa": 20.59,
        "corsi": "53.7% (63.4) // 55.1% (64.9) // - // 53.7% (63.4)",
        "fenwick": "53.9% (46.9) // 55.2% (48.2) // - // 53.9% (46.9)",
        "shots": "54.9% (33.9) // 54.4% (33.3) // - // 54.9% (33.9)",
        "scoring": "56.3% (35.0) // 60.7% (39.4) // - // 56.3% (35.0)",
        "corsiAgainst": "46.3% (54.8) // 44.9% (52.8) // - // 46.3% (54.8)",
        "fenwickAgainst": "46.1% (40.1) // 44.8% (39.2) // - // 46.1% (40.1)",
        "shotsAgainst": "45.1% (27.8) // 45.6% (28.0) // - // 45.1% (27.8)",
        "scoringAgainst": "43.7% (27.1) // 39.3% (25.5) // - // 43.7% (27.1)",
        "oppCorsi": "51.4% (57.9) // 49.5% (54.5) // - // 51.4% (57.9)",
        "oppFenwick": "52.0% (43.7) // 50.7% (42.3) // - // 52.0% (43.7)",
        "oppShots": "51.8% (31.1) // 51.8% (30.7) // - // 51.8% (31.1)",
        "oppScoring": "51.3% (30.8) // 48.9% (29.6) // - // 51.3% (30.8)",
        "oppCorsiAgainst": "48.6% (54.7) // 50.5% (55.5) // - // 48.6% (54.7)",
        "oppFenwickAgainst": "48.0% (40.2) // 49.3% (41.1) // - // 48.0% (40.2)",
        "oppShotsAgainst": "48.2% (28.9) // 48.2% (28.6) // - // 48.2% (28.9)",
        "oppScoringAgainst": "48.7% (29.2) // 51.1% (30.9) // - // 48.7% (29.2)",
        "savesPerGame": 25.5,
        "savesPerGameLast1": 35.0,
        "savesPerGameLast3": 26.0,
        "savesPerGameLast5": 28.2,
        "savesPer60": 26.6,
        "savesPer60Last1": 41.8,
        "savesPer60Last3": 27.6,
        "savesPer60Last5": 29.7,
        "shotsPerGame": 34.4,
        "shotsPerGameLast5": 28.8,
        "shotsAgainstPerGame": 28.2,
        "shotsAgainstPerGameLast5": 31.6,
        "oppSavesAgainstPer60": 29.4,
        "oppSavesAgainstPer60Last1": 35.0,
        "oppSavesAgainstPer60Last3": 25.9,
        "oppSavesAgainstPer60Last5": 25.1,
        "oppShotsAgainstPerGame": 29.3,
        "oppShotsAgainstPerGameLast5": 28.0,
        "savesProj": 26.8,
        "savesProjLast5": 26.8,
        "savesProjLast3": 25.7,
        "oppSavesAgainstProj": 26.0,
        "oppSavesAgainstProjLast5": 24.3,
        "oppSavesAgainstProjLast3": 22.9,
        "totalOver": 26,
        "totalOverLast5": 0,
        "totalOverLast15": 20,
        "lastTotalOver": 21,
        "last5": "0,0,0,0,0,0,0,3,0,1",
        "overOdds": "+275",
        "underOdds": "0",
        "overUnder": "+275 / 0"
    },
    {
        "player": "Dougie Hamilton",
        "team": "NJ",
        "opponent": "NYR",
        "propType": "g",
        "line": 0.5,
        "ppLine": "PP1",
        "avg": 0.27,
        "hit": false,
        "diffAvg": -0.46,
        "diffAbs": 0.8,
        "lastAvg": 0.15,
        "diff": -0.7,
        "avgMin": 21,
        "proj": 0.1,
        "lastAvgMin": 21.22,
        "oppOver": 0,
        "teamOver": 0,
        "gameLine": "+130",
        "+/-": "+19",
        "L5_+/-": -3.0,
        "prevMatchup": "2023-04-22 1.0 g 2023-04-20 0.0 g 2023-04-18 0.0 g 2023-03-30 0.0 g 2023-01-07 0.0 g 2022-12-12 0.0 g 2022-11-28 0.0 g",
        "winLossSplits": "36% - 6%",
        "awayHome": "A",
        "playedYesterday": "N",
        "awayHomeSplits": "21% - 28%",
        "savesAboveExp": 0.388,
        "gsaa": 20.59,
        "corsi": "53.7% (63.4) // 55.1% (64.9) // - // 53.7% (63.4)",
        "fenwick": "53.9% (46.9) // 55.2% (48.2) // - // 53.9% (46.9)",
        "shots": "54.9% (33.9) // 54.4% (33.3) // - // 54.9% (33.9)",
        "scoring": "56.3% (35.0) // 60.7% (39.4) // - // 56.3% (35.0)",
        "corsiAgainst": "46.3% (54.8) // 44.9% (52.8) // - // 46.3% (54.8)",
        "fenwickAgainst": "46.1% (40.1) // 44.8% (39.2) // - // 46.1% (40.1)",
        "shotsAgainst": "45.1% (27.8) // 45.6% (28.0) // - // 45.1% (27.8)",
        "scoringAgainst": "43.7% (27.1) // 39.3% (25.5) // - // 43.7% (27.1)",
        "oppCorsi": "51.4% (57.9) // 49.5% (54.5) // - // 51.4% (57.9)",
        "oppFenwick": "52.0% (43.7) // 50.7% (42.3) // - // 52.0% (43.7)",
        "oppShots": "51.8% (31.1) // 51.8% (30.7) // - // 51.8% (31.1)",
        "oppScoring": "51.3% (30.8) // 48.9% (29.6) // - // 51.3% (30.8)",
        "oppCorsiAgainst": "48.6% (54.7) // 50.5% (55.5) // - // 48.6% (54.7)",
        "oppFenwickAgainst": "48.0% (40.2) // 49.3% (41.1) // - // 48.0% (40.2)",
        "oppShotsAgainst": "48.2% (28.9) // 48.2% (28.6) // - // 48.2% (28.9)",
        "oppScoringAgainst": "48.7% (29.2) // 51.1% (30.9) // - // 48.7% (29.2)",
        "savesPerGame": 25.5,
        "savesPerGameLast1": 35.0,
        "savesPerGameLast3": 26.0,
        "savesPerGameLast5": 28.2,
        "savesPer60": 26.6,
        "savesPer60Last1": 41.8,
        "savesPer60Last3": 27.6,
        "savesPer60Last5": 29.7,
        "shotsPerGame": 34.4,
        "shotsPerGameLast5": 28.8,
        "shotsAgainstPerGame": 28.2,
        "shotsAgainstPerGameLast5": 31.6,
        "oppSavesAgainstPer60": 29.4,
        "oppSavesAgainstPer60Last1": 35.0,
        "oppSavesAgainstPer60Last3": 25.9,
        "oppSavesAgainstPer60Last5": 25.1,
        "oppShotsAgainstPerGame": 29.3,
        "oppShotsAgainstPerGameLast5": 28.0,
        "savesProj": 26.8,
        "savesProjLast5": 26.8,
        "savesProjLast3": 25.7,
        "oppSavesAgainstProj": 26.0,
        "oppSavesAgainstProjLast5": 24.3,
        "oppSavesAgainstProjLast3": 22.9,
        "totalOver": 25,
        "totalOverLast5": 40,
        "totalOverLast15": 33,
        "lastTotalOver": 15,
        "last5": "1,0,0,1,0,0,0,1,0,1",
        "overOdds": "+310",
        "underOdds": "0",
        "overUnder": "+310 / 0"
    },
    {
        "player": "Erik Haula",
        "team": "NJ",
        "opponent": "NYR",
        "propType": "g",
        "line": 0.5,
        "ppLine": "PP2",
        "avg": 0.18,
        "hit": false,
        "diffAvg": -0.64,
        "diffAbs": 0.6,
        "lastAvg": 0.21,
        "diff": -0.58,
        "avgMin": 16,
        "proj": 0.2,
        "lastAvgMin": 15.08,
        "oppOver": 0,
        "teamOver": 0,
        "gameLine": "+130",
        "+/-": "+9",
        "L5_+/-": -1.0,
        "prevMatchup": "2023-04-22 0.0 g 2023-04-20 1.0 g 2023-04-18 0.0 g 2023-03-30 1.0 g 2023-01-07 0.0 g 2022-12-12 0.0 g 2022-11-28 0.0 g",
        "winLossSplits": "13% - 19%",
        "awayHome": "A",
        "playedYesterday": "N",
        "awayHomeSplits": "20% - 12%",
        "savesAboveExp": 0.388,
        "gsaa": 20.59,
        "corsi": "53.7% (63.4) // 55.1% (64.9) // - // 53.7% (63.4)",
        "fenwick": "53.9% (46.9) // 55.2% (48.2) // - // 53.9% (46.9)",
        "shots": "54.9% (33.9) // 54.4% (33.3) // - // 54.9% (33.9)",
        "scoring": "56.3% (35.0) // 60.7% (39.4) // - // 56.3% (35.0)",
        "corsiAgainst": "46.3% (54.8) // 44.9% (52.8) // - // 46.3% (54.8)",
        "fenwickAgainst": "46.1% (40.1) // 44.8% (39.2) // - // 46.1% (40.1)",
        "shotsAgainst": "45.1% (27.8) // 45.6% (28.0) // - // 45.1% (27.8)",
        "scoringAgainst": "43.7% (27.1) // 39.3% (25.5) // - // 43.7% (27.1)",
        "oppCorsi": "51.4% (57.9) // 49.5% (54.5) // - // 51.4% (57.9)",
        "oppFenwick": "52.0% (43.7) // 50.7% (42.3) // - // 52.0% (43.7)",
        "oppShots": "51.8% (31.1) // 51.8% (30.7) // - // 51.8% (31.1)",
        "oppScoring": "51.3% (30.8) // 48.9% (29.6) // - // 51.3% (30.8)",
        "oppCorsiAgainst": "48.6% (54.7) // 50.5% (55.5) // - // 48.6% (54.7)",
        "oppFenwickAgainst": "48.0% (40.2) // 49.3% (41.1) // - // 48.0% (40.2)",
        "oppShotsAgainst": "48.2% (28.9) // 48.2% (28.6) // - // 48.2% (28.9)",
        "oppScoringAgainst": "48.7% (29.2) // 51.1% (30.9) // - // 48.7% (29.2)",
        "savesPerGame": 25.5,
        "savesPerGameLast1": 35.0,
        "savesPerGameLast3": 26.0,
        "savesPerGameLast5": 28.2,
        "savesPer60": 26.6,
        "savesPer60Last1": 41.8,
        "savesPer60Last3": 27.6,
        "savesPer60Last5": 29.7,
        "shotsPerGame": 34.4,
        "shotsPerGameLast5": 28.8,
        "shotsAgainstPerGame": 28.2,
        "shotsAgainstPerGameLast5": 31.6,
        "oppSavesAgainstPer60": 29.4,
        "oppSavesAgainstPer60Last1": 35.0,
        "oppSavesAgainstPer60Last3": 25.9,
        "oppSavesAgainstPer60Last5": 25.1,
        "oppShotsAgainstPerGame": 29.3,
        "oppShotsAgainstPerGameLast5": 28.0,
        "savesProj": 26.8,
        "savesProjLast5": 26.8,
        "savesProjLast3": 25.7,
        "oppSavesAgainstProj": 26.0,
        "oppSavesAgainstProjLast5": 24.3,
        "oppSavesAgainstProjLast3": 22.9,
        "totalOver": 16,
        "totalOverLast5": 60,
        "totalOverLast15": 40,
        "lastTotalOver": 19,
        "last5": "0,1,0,2,1,0,0,1,1,1",
        "overOdds": "+370",
        "underOdds": "0",
        "overUnder": "+370 / 0"
    },
    {
        "player": "Filip Chytil",
        "team": "NYR",
        "opponent": "NJ",
        "propType": "g",
        "line": 0.5,
        "ppLine": "PP2",
        "avg": 0.27,
        "hit": false,
        "diffAvg": -0.46,
        "diffAbs": 0.8,
        "lastAvg": 0.09,
        "diff": -0.82,
        "avgMin": 14,
        "proj": 0.1,
        "lastAvgMin": 13.17,
        "oppOver": 0,
        "teamOver": 0,
        "gameLine": "-150",
        "+/-": "+18",
        "L5_+/-": "+3.0",
        "prevMatchup": "2023-04-22 0.0 g 2023-04-20 0.0 g 2023-04-18 1.0 g 2023-03-30 0.0 g 2023-01-07 0.0 g 2022-12-12 1.0 g 2022-11-28 0.0 g",
        "winLossSplits": "33% - 12%",
        "awayHome": "H",
        "playedYesterday": "N",
        "awayHomeSplits": "18% - 32%",
        "savesAboveExp": 0.922,
        "gsaa": 7.07,
        "corsi": "51.4% (57.9) // 49.5% (54.5) // - // 51.4% (57.9)",
        "fenwick": "52.0% (43.7) // 50.7% (42.3) // - // 52.0% (43.7)",
        "shots": "51.8% (31.1) // 51.8% (30.7) // - // 51.8% (31.1)",
        "scoring": "51.3% (30.8) // 48.9% (29.6) // - // 51.3% (30.8)",
        "corsiAgainst": "48.6% (54.7) // 50.5% (55.5) // - // 48.6% (54.7)",
        "fenwickAgainst": "48.0% (40.2) // 49.3% (41.1) // - // 48.0% (40.2)",
        "shotsAgainst": "48.2% (28.9) // 48.2% (28.6) // - // 48.2% (28.9)",
        "scoringAgainst": "48.7% (29.2) // 51.1% (30.9) // - // 48.7% (29.2)",
        "oppCorsi": "53.7% (63.4) // 55.1% (64.9) // - // 53.7% (63.4)",
        "oppFenwick": "53.9% (46.9) // 55.2% (48.2) // - // 53.9% (46.9)",
        "oppShots": "54.9% (33.9) // 54.4% (33.3) // - // 54.9% (33.9)",
        "oppScoring": "56.3% (35.0) // 60.7% (39.4) // - // 56.3% (35.0)",
        "oppCorsiAgainst": "46.3% (54.8) // 44.9% (52.8) // - // 46.3% (54.8)",
        "oppFenwickAgainst": "46.1% (40.1) // 44.8% (39.2) // - // 46.1% (40.1)",
        "oppShotsAgainst": "45.1% (27.8) // 45.6% (28.0) // - // 45.1% (27.8)",
        "oppScoringAgainst": "43.7% (27.1) // 39.3% (25.5) // - // 43.7% (27.1)",
        "savesPerGame": 26.7,
        "savesPerGameLast1": 26.0,
        "savesPerGameLast3": 25.3,
        "savesPerGameLast5": 26.2,
        "savesPer60": 27.9,
        "savesPer60Last1": 30.8,
        "savesPer60Last3": 26.9,
        "savesPer60Last5": 27.3,
        "shotsPerGame": 31.5,
        "shotsPerGameLast5": 28.2,
        "shotsAgainstPerGame": 29.3,
        "shotsAgainstPerGameLast5": 28.0,
        "oppSavesAgainstPer60": 32.2,
        "oppSavesAgainstPer60Last1": 26.0,
        "oppSavesAgainstPer60Last3": 25.1,
        "oppSavesAgainstPer60Last5": 25.5,
        "oppShotsAgainstPerGame": 28.2,
        "oppShotsAgainstPerGameLast5": 31.6,
        "savesProj": 32.2,
        "savesProjLast5": 26.3,
        "savesProjLast3": 25.3,
        "oppSavesAgainstProj": 29.4,
        "oppSavesAgainstProjLast5": 21.4,
        "oppSavesAgainstProjLast3": 19.5,
        "totalOver": 25,
        "totalOverLast5": 20,
        "totalOverLast15": 20,
        "lastTotalOver": 16,
        "last5": "0,0,1,0,0,0,0,0,0,0",
        "overOdds": "+255",
        "underOdds": "0",
        "overUnder": "+255 / 0"
    },
    {
        "player": "Jack Hughes",
        "team": "NJ",
        "opponent": "NYR",
        "propType": "g",
        "line": 0.5,
        "ppLine": "PP1",
        "avg": 0.56,
        "hit": false,
        "diffAvg": 0.12,
        "diffAbs": 0.0,
        "lastAvg": 0.51,
        "diff": 0.02,
        "avgMin": 20,
        "proj": 0.5,
        "lastAvgMin": 19.55,
        "oppOver": 0,
        "teamOver": 0,
        "gameLine": "+130",
        "+/-": "+9",
        "L5_+/-": "+3.0",
        "prevMatchup": "2023-04-22 1.0 g 2023-04-20 0.0 g 2023-04-18 1.0 g 2023-03-30 0.0 g 2023-01-07 2.0 g 2022-12-12 1.0 g 2022-11-28 1.0 g",
        "winLossSplits": "47% - 33%",
        "awayHome": "A",
        "playedYesterday": "N",
        "awayHomeSplits": "44% - 40%",
        "savesAboveExp": 0.388,
        "gsaa": 20.59,
        "corsi": "53.7% (63.4) // 55.1% (64.9) // - // 53.7% (63.4)",
        "fenwick": "53.9% (46.9) // 55.2% (48.2) // - // 53.9% (46.9)",
        "shots": "54.9% (33.9) // 54.4% (33.3) // - // 54.9% (33.9)",
        "scoring": "56.3% (35.0) // 60.7% (39.4) // - // 56.3% (35.0)",
        "corsiAgainst": "46.3% (54.8) // 44.9% (52.8) // - // 46.3% (54.8)",
        "fenwickAgainst": "46.1% (40.1) // 44.8% (39.2) // - // 46.1% (40.1)",
        "shotsAgainst": "45.1% (27.8) // 45.6% (28.0) // - // 45.1% (27.8)",
        "scoringAgainst": "43.7% (27.1) // 39.3% (25.5) // - // 43.7% (27.1)",
        "oppCorsi": "51.4% (57.9) // 49.5% (54.5) // - // 51.4% (57.9)",
        "oppFenwick": "52.0% (43.7) // 50.7% (42.3) // - // 52.0% (43.7)",
        "oppShots": "51.8% (31.1) // 51.8% (30.7) // - // 51.8% (31.1)",
        "oppScoring": "51.3% (30.8) // 48.9% (29.6) // - // 51.3% (30.8)",
        "oppCorsiAgainst": "48.6% (54.7) // 50.5% (55.5) // - // 48.6% (54.7)",
        "oppFenwickAgainst": "48.0% (40.2) // 49.3% (41.1) // - // 48.0% (40.2)",
        "oppShotsAgainst": "48.2% (28.9) // 48.2% (28.6) // - // 48.2% (28.9)",
        "oppScoringAgainst": "48.7% (29.2) // 51.1% (30.9) // - // 48.7% (29.2)",
        "savesPerGame": 25.5,
        "savesPerGameLast1": 35.0,
        "savesPerGameLast3": 26.0,
        "savesPerGameLast5": 28.2,
        "savesPer60": 26.6,
        "savesPer60Last1": 41.8,
        "savesPer60Last3": 27.6,
        "savesPer60Last5": 29.7,
        "shotsPerGame": 34.4,
        "shotsPerGameLast5": 28.8,
        "shotsAgainstPerGame": 28.2,
        "shotsAgainstPerGameLast5": 31.6,
        "oppSavesAgainstPer60": 29.4,
        "oppSavesAgainstPer60Last1": 35.0,
        "oppSavesAgainstPer60Last3": 25.9,
        "oppSavesAgainstPer60Last5": 25.1,
        "oppShotsAgainstPerGame": 29.3,
        "oppShotsAgainstPerGameLast5": 28.0,
        "savesProj": 26.8,
        "savesProjLast5": 26.8,
        "savesProjLast3": 25.7,
        "oppSavesAgainstProj": 26.0,
        "oppSavesAgainstProjLast5": 24.3,
        "oppSavesAgainstProjLast3": 22.9,
        "totalOver": 42,
        "totalOverLast5": 60,
        "totalOverLast15": 40,
        "lastTotalOver": 46,
        "last5": "1,0,1,0,1,0,2,0,0,0",
        "overOdds": "+150",
        "underOdds": "0",
        "overUnder": "+150 / 0"
    },
    {
        "player": "Jacob Trouba",
        "team": "NYR",
        "opponent": "NJ",
        "propType": "g",
        "line": 0.5,
        "ppLine": "PP2",
        "avg": 0.09,
        "hit": false,
        "diffAvg": -0.82,
        "diffAbs": 0.8,
        "lastAvg": 0.11,
        "diff": -0.78,
        "avgMin": 21,
        "proj": 0.1,
        "lastAvgMin": 22.42,
        "oppOver": 0,
        "teamOver": 0,
        "gameLine": "-150",
        "+/-": "+8",
        "L5_+/-": "+4.0",
        "prevMatchup": "2023-04-22 0.0 g 2023-04-20 0.0 g 2023-04-18 0.0 g 2023-03-30 0.0 g 2023-01-07 0.0 g 2022-12-12 0.0 g 2022-11-28 0.0 g",
        "winLossSplits": "14% - 3%",
        "awayHome": "H",
        "playedYesterday": "N",
        "awayHomeSplits": "7% - 12%",
        "savesAboveExp": 0.922,
        "gsaa": 7.07,
        "corsi": "51.4% (57.9) // 49.5% (54.5) // - // 51.4% (57.9)",
        "fenwick": "52.0% (43.7) // 50.7% (42.3) // - // 52.0% (43.7)",
        "shots": "51.8% (31.1) // 51.8% (30.7) // - // 51.8% (31.1)",
        "scoring": "51.3% (30.8) // 48.9% (29.6) // - // 51.3% (30.8)",
        "corsiAgainst": "48.6% (54.7) // 50.5% (55.5) // - // 48.6% (54.7)",
        "fenwickAgainst": "48.0% (40.2) // 49.3% (41.1) // - // 48.0% (40.2)",
        "shotsAgainst": "48.2% (28.9) // 48.2% (28.6) // - // 48.2% (28.9)",
        "scoringAgainst": "48.7% (29.2) // 51.1% (30.9) // - // 48.7% (29.2)",
        "oppCorsi": "53.7% (63.4) // 55.1% (64.9) // - // 53.7% (63.4)",
        "oppFenwick": "53.9% (46.9) // 55.2% (48.2) // - // 53.9% (46.9)",
        "oppShots": "54.9% (33.9) // 54.4% (33.3) // - // 54.9% (33.9)",
        "oppScoring": "56.3% (35.0) // 60.7% (39.4) // - // 56.3% (35.0)",
        "oppCorsiAgainst": "46.3% (54.8) // 44.9% (52.8) // - // 46.3% (54.8)",
        "oppFenwickAgainst": "46.1% (40.1) // 44.8% (39.2) // - // 46.1% (40.1)",
        "oppShotsAgainst": "45.1% (27.8) // 45.6% (28.0) // - // 45.1% (27.8)",
        "oppScoringAgainst": "43.7% (27.1) // 39.3% (25.5) // - // 43.7% (27.1)",
        "savesPerGame": 26.7,
        "savesPerGameLast1": 26.0,
        "savesPerGameLast3": 25.3,
        "savesPerGameLast5": 26.2,
        "savesPer60": 27.9,
        "savesPer60Last1": 30.8,
        "savesPer60Last3": 26.9,
        "savesPer60Last5": 27.3,
        "shotsPerGame": 31.5,
        "shotsPerGameLast5": 28.2,
        "shotsAgainstPerGame": 29.3,
        "shotsAgainstPerGameLast5": 28.0,
        "oppSavesAgainstPer60": 32.2,
        "oppSavesAgainstPer60Last1": 26.0,
        "oppSavesAgainstPer60Last3": 25.1,
        "oppSavesAgainstPer60Last5": 25.5,
        "oppShotsAgainstPerGame": 28.2,
        "oppShotsAgainstPerGameLast5": 31.6,
        "savesProj": 32.2,
        "savesProjLast5": 26.3,
        "savesProjLast3": 25.3,
        "oppSavesAgainstProj": 29.4,
        "oppSavesAgainstProjLast5": 21.4,
        "oppSavesAgainstProjLast3": 19.5,
        "totalOver": 9,
        "totalOverLast5": 0,
        "totalOverLast15": 0,
        "lastTotalOver": 12,
        "last5": "0,0,0,0,0,0,0,0,0,0",
        "overOdds": "+600",
        "underOdds": "0",
        "overUnder": "+600 / 0"
    },
    {
        "player": "Jesper Bratt",
        "team": "NJ",
        "opponent": "NYR",
        "propType": "g",
        "line": 0.5,
        "ppLine": "PP1",
        "avg": 0.38,
        "hit": false,
        "diffAvg": -0.24,
        "diffAbs": 0.4,
        "lastAvg": 0.34,
        "diff": -0.32,
        "avgMin": 17,
        "proj": 0.3,
        "lastAvgMin": 17.42,
        "oppOver": 0,
        "teamOver": 0,
        "gameLine": "+130",
        "+/-": "+14",
        "L5_+/-": "+3.0",
        "prevMatchup": "2023-04-22 0.0 g 2023-04-20 0.0 g 2023-04-18 0.0 g 2023-03-30 0.0 g 2023-01-07 1.0 g 2022-12-12 0.0 g 2022-11-28 0.0 g",
        "winLossSplits": "34% - 22%",
        "awayHome": "A",
        "playedYesterday": "N",
        "awayHomeSplits": "31% - 28%",
        "savesAboveExp": 0.388,
        "gsaa": 20.59,
        "corsi": "53.7% (63.4) // 55.1% (64.9) // - // 53.7% (63.4)",
        "fenwick": "53.9% (46.9) // 55.2% (48.2) // - // 53.9% (46.9)",
        "shots": "54.9% (33.9) // 54.4% (33.3) // - // 54.9% (33.9)",
        "scoring": "56.3% (35.0) // 60.7% (39.4) // - // 56.3% (35.0)",
        "corsiAgainst": "46.3% (54.8) // 44.9% (52.8) // - // 46.3% (54.8)",
        "fenwickAgainst": "46.1% (40.1) // 44.8% (39.2) // - // 46.1% (40.1)",
        "shotsAgainst": "45.1% (27.8) // 45.6% (28.0) // - // 45.1% (27.8)",
        "scoringAgainst": "43.7% (27.1) // 39.3% (25.5) // - // 43.7% (27.1)",
        "oppCorsi": "51.4% (57.9) // 49.5% (54.5) // - // 51.4% (57.9)",
        "oppFenwick": "52.0% (43.7) // 50.7% (42.3) // - // 52.0% (43.7)",
        "oppShots": "51.8% (31.1) // 51.8% (30.7) // - // 51.8% (31.1)",
        "oppScoring": "51.3% (30.8) // 48.9% (29.6) // - // 51.3% (30.8)",
        "oppCorsiAgainst": "48.6% (54.7) // 50.5% (55.5) // - // 48.6% (54.7)",
        "oppFenwickAgainst": "48.0% (40.2) // 49.3% (41.1) // - // 48.0% (40.2)",
        "oppShotsAgainst": "48.2% (28.9) // 48.2% (28.6) // - // 48.2% (28.9)",
        "oppScoringAgainst": "48.7% (29.2) // 51.1% (30.9) // - // 48.7% (29.2)",
        "savesPerGame": 25.5,
        "savesPerGameLast1": 35.0,
        "savesPerGameLast3": 26.0,
        "savesPerGameLast5": 28.2,
        "savesPer60": 26.6,
        "savesPer60Last1": 41.8,
        "savesPer60Last3": 27.6,
        "savesPer60Last5": 29.7,
        "shotsPerGame": 34.4,
        "shotsPerGameLast5": 28.8,
        "shotsAgainstPerGame": 28.2,
        "shotsAgainstPerGameLast5": 31.6,
        "oppSavesAgainstPer60": 29.4,
        "oppSavesAgainstPer60Last1": 35.0,
        "oppSavesAgainstPer60Last3": 25.9,
        "oppSavesAgainstPer60Last5": 25.1,
        "oppShotsAgainstPerGame": 29.3,
        "oppShotsAgainstPerGameLast5": 28.0,
        "savesProj": 26.8,
        "savesProjLast5": 26.8,
        "savesProjLast3": 25.7,
        "oppSavesAgainstProj": 26.0,
        "oppSavesAgainstProjLast5": 24.3,
        "oppSavesAgainstProjLast3": 22.9,
        "totalOver": 29,
        "totalOverLast5": 0,
        "totalOverLast15": 13,
        "lastTotalOver": 29,
        "last5": "0,0,0,0,0,1,0,0,0,0",
        "overOdds": "+235",
        "underOdds": "0",
        "overUnder": "+235 / 0"
    },
    {
        "player": "Mika Zibanejad",
        "team": "NYR",
        "opponent": "NJ",
        "propType": "g",
        "line": 0.5,
        "ppLine": "PP1",
        "avg": 0.46,
        "hit": false,
        "diffAvg": -0.08,
        "diffAbs": 0.4,
        "lastAvg": 0.29,
        "diff": -0.42,
        "avgMin": 19,
        "proj": 0.3,
        "lastAvgMin": 19.62,
        "oppOver": 0,
        "teamOver": 0,
        "gameLine": "-150",
        "+/-": "+27",
        "L5_+/-": "+2.0",
        "prevMatchup": "2023-04-22 0.0 g 2023-04-20 0.0 g 2023-04-18 0.0 g 2023-03-30 0.0 g 2023-01-07 0.0 g 2022-12-12 0.0 g 2022-11-28 1.0 g",
        "winLossSplits": "49% - 17%",
        "awayHome": "H",
        "playedYesterday": "N",
        "awayHomeSplits": "30% - 40%",
        "savesAboveExp": 0.922,
        "gsaa": 7.07,
        "corsi": "51.4% (57.9) // 49.5% (54.5) // - // 51.4% (57.9)",
        "fenwick": "52.0% (43.7) // 50.7% (42.3) // - // 52.0% (43.7)",
        "shots": "51.8% (31.1) // 51.8% (30.7) // - // 51.8% (31.1)",
        "scoring": "51.3% (30.8) // 48.9% (29.6) // - // 51.3% (30.8)",
        "corsiAgainst": "48.6% (54.7) // 50.5% (55.5) // - // 48.6% (54.7)",
        "fenwickAgainst": "48.0% (40.2) // 49.3% (41.1) // - // 48.0% (40.2)",
        "shotsAgainst": "48.2% (28.9) // 48.2% (28.6) // - // 48.2% (28.9)",
        "scoringAgainst": "48.7% (29.2) // 51.1% (30.9) // - // 48.7% (29.2)",
        "oppCorsi": "53.7% (63.4) // 55.1% (64.9) // - // 53.7% (63.4)",
        "oppFenwick": "53.9% (46.9) // 55.2% (48.2) // - // 53.9% (46.9)",
        "oppShots": "54.9% (33.9) // 54.4% (33.3) // - // 54.9% (33.9)",
        "oppScoring": "56.3% (35.0) // 60.7% (39.4) // - // 56.3% (35.0)",
        "oppCorsiAgainst": "46.3% (54.8) // 44.9% (52.8) // - // 46.3% (54.8)",
        "oppFenwickAgainst": "46.1% (40.1) // 44.8% (39.2) // - // 46.1% (40.1)",
        "oppShotsAgainst": "45.1% (27.8) // 45.6% (28.0) // - // 45.1% (27.8)",
        "oppScoringAgainst": "43.7% (27.1) // 39.3% (25.5) // - // 43.7% (27.1)",
        "savesPerGame": 26.7,
        "savesPerGameLast1": 26.0,
        "savesPerGameLast3": 25.3,
        "savesPerGameLast5": 26.2,
        "savesPer60": 27.9,
        "savesPer60Last1": 30.8,
        "savesPer60Last3": 26.9,
        "savesPer60Last5": 27.3,
        "shotsPerGame": 31.5,
        "shotsPerGameLast5": 28.2,
        "shotsAgainstPerGame": 29.3,
        "shotsAgainstPerGameLast5": 28.0,
        "oppSavesAgainstPer60": 32.2,
        "oppSavesAgainstPer60Last1": 26.0,
        "oppSavesAgainstPer60Last3": 25.1,
        "oppSavesAgainstPer60Last5": 25.5,
        "oppShotsAgainstPerGame": 28.2,
        "oppShotsAgainstPerGameLast5": 31.6,
        "savesProj": 32.2,
        "savesProjLast5": 26.3,
        "savesProjLast3": 25.3,
        "oppSavesAgainstProj": 29.4,
        "oppSavesAgainstProjLast5": 21.4,
        "oppSavesAgainstProjLast3": 19.5,
        "totalOver": 35,
        "totalOverLast5": 0,
        "totalOverLast15": 13,
        "lastTotalOver": 33,
        "last5": "0,0,0,0,0,0,0,0,1,0",
        "overOdds": "+125",
        "underOdds": "0",
        "overUnder": "+125 / 0"
    },
    {
        "player": "Nico Hischier",
        "team": "NJ",
        "opponent": "NYR",
        "propType": "g",
        "line": 0.5,
        "ppLine": "PP1",
        "avg": 0.37,
        "hit": false,
        "diffAvg": -0.26,
        "diffAbs": 0.4,
        "lastAvg": 0.3,
        "diff": -0.4,
        "avgMin": 19,
        "proj": 0.3,
        "lastAvgMin": 19.33,
        "oppOver": 0,
        "teamOver": 0,
        "gameLine": "+130",
        "+/-": "+29",
        "L5_+/-": 0.0,
        "prevMatchup": "2023-04-22 0.0 g 2023-04-20 0.0 g 2023-04-18 0.0 g 2023-03-30 0.0 g 2023-01-07 0.0 g 2022-12-12 1.0 g 2022-11-28 0.0 g",
        "winLossSplits": "40% - 26%",
        "awayHome": "A",
        "playedYesterday": "N",
        "awayHomeSplits": "41% - 28%",
        "savesAboveExp": 0.388,
        "gsaa": 20.59,
        "corsi": "53.7% (63.4) // 55.1% (64.9) // - // 53.7% (63.4)",
        "fenwick": "53.9% (46.9) // 55.2% (48.2) // - // 53.9% (46.9)",
        "shots": "54.9% (33.9) // 54.4% (33.3) // - // 54.9% (33.9)",
        "scoring": "56.3% (35.0) // 60.7% (39.4) // - // 56.3% (35.0)",
        "corsiAgainst": "46.3% (54.8) // 44.9% (52.8) // - // 46.3% (54.8)",
        "fenwickAgainst": "46.1% (40.1) // 44.8% (39.2) // - // 46.1% (40.1)",
        "shotsAgainst": "45.1% (27.8) // 45.6% (28.0) // - // 45.1% (27.8)",
        "scoringAgainst": "43.7% (27.1) // 39.3% (25.5) // - // 43.7% (27.1)",
        "oppCorsi": "51.4% (57.9) // 49.5% (54.5) // - // 51.4% (57.9)",
        "oppFenwick": "52.0% (43.7) // 50.7% (42.3) // - // 52.0% (43.7)",
        "oppShots": "51.8% (31.1) // 51.8% (30.7) // - // 51.8% (31.1)",
        "oppScoring": "51.3% (30.8) // 48.9% (29.6) // - // 51.3% (30.8)",
        "oppCorsiAgainst": "48.6% (54.7) // 50.5% (55.5) // - // 48.6% (54.7)",
        "oppFenwickAgainst": "48.0% (40.2) // 49.3% (41.1) // - // 48.0% (40.2)",
        "oppShotsAgainst": "48.2% (28.9) // 48.2% (28.6) // - // 48.2% (28.9)",
        "oppScoringAgainst": "48.7% (29.2) // 51.1% (30.9) // - // 48.7% (29.2)",
        "savesPerGame": 25.5,
        "savesPerGameLast1": 35.0,
        "savesPerGameLast3": 26.0,
        "savesPerGameLast5": 28.2,
        "savesPer60": 26.6,
        "savesPer60Last1": 41.8,
        "savesPer60Last3": 27.6,
        "savesPer60Last5": 29.7,
        "shotsPerGame": 34.4,
        "shotsPerGameLast5": 28.8,
        "shotsAgainstPerGame": 28.2,
        "shotsAgainstPerGameLast5": 31.6,
        "oppSavesAgainstPer60": 29.4,
        "oppSavesAgainstPer60Last1": 35.0,
        "oppSavesAgainstPer60Last3": 25.9,
        "oppSavesAgainstPer60Last5": 25.1,
        "oppShotsAgainstPerGame": 29.3,
        "oppShotsAgainstPerGameLast5": 28.0,
        "savesProj": 26.8,
        "savesProjLast5": 26.8,
        "savesProjLast3": 25.7,
        "oppSavesAgainstProj": 26.0,
        "oppSavesAgainstProjLast5": 24.3,
        "oppSavesAgainstProjLast3": 22.9,
        "totalOver": 35,
        "totalOverLast5": 0,
        "totalOverLast15": 7,
        "lastTotalOver": 25,
        "last5": "0,0,0,0,0,0,0,0,1,0",
        "overOdds": "+245",
        "underOdds": "0",
        "overUnder": "+245 / 0"
    },
    {
        "player": "Patrick Kane",
        "team": "NYR",
        "opponent": "NJ",
        "propType": "g",
        "line": 0.5,
        "ppLine": "PP1",
        "avg": 0.29,
        "hit": false,
        "diffAvg": -0.42,
        "diffAbs": 0.4,
        "lastAvg": 0.33,
        "diff": -0.34,
        "avgMin": 19,
        "proj": 0.3,
        "lastAvgMin": 21.82,
        "oppOver": 0,
        "teamOver": 0,
        "gameLine": "-150",
        "+/-": "+3",
        "L5_+/-": "+2.0",
        "prevMatchup": "2023-04-22 0.0 g 2023-04-20 1.0 g 2023-04-18 0.0 g 2023-03-30 0.0 g 2022-12-06 0.0 g",
        "winLossSplits": "40% - 13%",
        "awayHome": "H",
        "playedYesterday": "N",
        "awayHomeSplits": "24% - 24%",
        "savesAboveExp": 0.922,
        "gsaa": 7.07,
        "corsi": "51.4% (57.9) // 49.5% (54.5) // - // 51.4% (57.9)",
        "fenwick": "52.0% (43.7) // 50.7% (42.3) // - // 52.0% (43.7)",
        "shots": "51.8% (31.1) // 51.8% (30.7) // - // 51.8% (31.1)",
        "scoring": "51.3% (30.8) // 48.9% (29.6) // - // 51.3% (30.8)",
        "corsiAgainst": "48.6% (54.7) // 50.5% (55.5) // - // 48.6% (54.7)",
        "fenwickAgainst": "48.0% (40.2) // 49.3% (41.1) // - // 48.0% (40.2)",
        "shotsAgainst": "48.2% (28.9) // 48.2% (28.6) // - // 48.2% (28.9)",
        "scoringAgainst": "48.7% (29.2) // 51.1% (30.9) // - // 48.7% (29.2)",
        "oppCorsi": "53.7% (63.4) // 55.1% (64.9) // - // 53.7% (63.4)",
        "oppFenwick": "53.9% (46.9) // 55.2% (48.2) // - // 53.9% (46.9)",
        "oppShots": "54.9% (33.9) // 54.4% (33.3) // - // 54.9% (33.9)",
        "oppScoring": "56.3% (35.0) // 60.7% (39.4) // - // 56.3% (35.0)",
        "oppCorsiAgainst": "46.3% (54.8) // 44.9% (52.8) // - // 46.3% (54.8)",
        "oppFenwickAgainst": "46.1% (40.1) // 44.8% (39.2) // - // 46.1% (40.1)",
        "oppShotsAgainst": "45.1% (27.8) // 45.6% (28.0) // - // 45.1% (27.8)",
        "oppScoringAgainst": "43.7% (27.1) // 39.3% (25.5) // - // 43.7% (27.1)",
        "savesPerGame": 26.7,
        "savesPerGameLast1": 26.0,
        "savesPerGameLast3": 25.3,
        "savesPerGameLast5": 26.2,
        "savesPer60": 27.9,
        "savesPer60Last1": 30.8,
        "savesPer60Last3": 26.9,
        "savesPer60Last5": 27.3,
        "shotsPerGame": 31.5,
        "shotsPerGameLast5": 28.2,
        "shotsAgainstPerGame": 29.3,
        "shotsAgainstPerGameLast5": 28.0,
        "oppSavesAgainstPer60": 32.2,
        "oppSavesAgainstPer60Last1": 26.0,
        "oppSavesAgainstPer60Last3": 25.1,
        "oppSavesAgainstPer60Last5": 25.5,
        "oppShotsAgainstPerGame": 28.2,
        "oppShotsAgainstPerGameLast5": 31.6,
        "savesProj": 32.2,
        "savesProjLast5": 26.3,
        "savesProjLast3": 25.3,
        "oppSavesAgainstProj": 29.4,
        "oppSavesAgainstProjLast5": 21.4,
        "oppSavesAgainstProjLast3": 19.5,
        "totalOver": 24,
        "totalOverLast5": 20,
        "totalOverLast15": 20,
        "lastTotalOver": 29,
        "last5": "0,1,0,0,0,0,0,0,0,1",
        "overOdds": "+200",
        "underOdds": "0",
        "overUnder": "+200 / 0"
    },
    {
        "player": "Timo Meier",
        "team": "NJ",
        "opponent": "NYR",
        "propType": "g",
        "line": 0.5,
        "ppLine": "PP1",
        "avg": 0.49,
        "hit": false,
        "diffAvg": -0.02,
        "diffAbs": 0.2,
        "lastAvg": 0.45,
        "diff": -0.1,
        "avgMin": 19,
        "proj": 0.4,
        "lastAvgMin": 19.15,
        "oppOver": 0,
        "teamOver": 0,
        "gameLine": "+130",
        "+/-": -2,
        "L5_+/-": "+2.0",
        "prevMatchup": "2023-04-22 0.0 g 2023-04-20 0.0 g 2023-04-18 0.0 g 2023-03-30 1.0 g 2022-11-19 0.0 g 2022-10-20 0.0 g",
        "winLossSplits": "47% - 35%",
        "awayHome": "A",
        "playedYesterday": "N",
        "awayHomeSplits": "35% - 45%",
        "savesAboveExp": 0.388,
        "gsaa": 20.59,
        "corsi": "53.7% (63.4) // 55.1% (64.9) // - // 53.7% (63.4)",
        "fenwick": "53.9% (46.9) // 55.2% (48.2) // - // 53.9% (46.9)",
        "shots": "54.9% (33.9) // 54.4% (33.3) // - // 54.9% (33.9)",
        "scoring": "56.3% (35.0) // 60.7% (39.4) // - // 56.3% (35.0)",
        "corsiAgainst": "46.3% (54.8) // 44.9% (52.8) // - // 46.3% (54.8)",
        "fenwickAgainst": "46.1% (40.1) // 44.8% (39.2) // - // 46.1% (40.1)",
        "shotsAgainst": "45.1% (27.8) // 45.6% (28.0) // - // 45.1% (27.8)",
        "scoringAgainst": "43.7% (27.1) // 39.3% (25.5) // - // 43.7% (27.1)",
        "oppCorsi": "51.4% (57.9) // 49.5% (54.5) // - // 51.4% (57.9)",
        "oppFenwick": "52.0% (43.7) // 50.7% (42.3) // - // 52.0% (43.7)",
        "oppShots": "51.8% (31.1) // 51.8% (30.7) // - // 51.8% (31.1)",
        "oppScoring": "51.3% (30.8) // 48.9% (29.6) // - // 51.3% (30.8)",
        "oppCorsiAgainst": "48.6% (54.7) // 50.5% (55.5) // - // 48.6% (54.7)",
        "oppFenwickAgainst": "48.0% (40.2) // 49.3% (41.1) // - // 48.0% (40.2)",
        "oppShotsAgainst": "48.2% (28.9) // 48.2% (28.6) // - // 48.2% (28.9)",
        "oppScoringAgainst": "48.7% (29.2) // 51.1% (30.9) // - // 48.7% (29.2)",
        "savesPerGame": 25.5,
        "savesPerGameLast1": 35.0,
