[
    {
        "player": "Alex Pietrangelo",
        "team": "VGK",
        "opponent": "MIN",
        "propType": "pts",
        "line": 0.5,
        "ppLine": "PP1",
        "avg": 0.75,
        "hit": false,
        "diffAvg": 0.5,
        "diffAbs": 0.0,
        "lastAvg": 0.54,
        "diff": 0.08,
        "avgMin": 23,
        "proj": 0.5,
        "lastAvgMin": 24.63,
        "oppOver": 0,
        "teamOver": 0,
        "gameLine": "+115",
        "+/-": "+7",
        "L5_+/-": "+5.0",
        "prevMatchup": "2023-04-01 1.0 pts 2023-02-09 1.0 pts",
        "winLossSplits": "1.05 - 0.29",
        "awayHome": "A",
        "playedYesterday": "N",
        "awayHomeSplits": "0.77 - 0.72",
        "savesAboveExp": 0.594,
        "gsaa": 30.07,
        "corsi": "48.6% (57.5) // 45.4% (53.7) // 45.5% (56.4) // 46.3% (54.4)",
        "fenwick": "49.8% (42.6) // 46.9% (40.6) // 48.2% (43.1) // 47.9% (42.1)",
        "shots": "50.5% (31.3) // 48.1% (30.6) // 48.3% (31.1) // 49.2% (30.2)",
        "scoring": "49.5% (29.5) // 45.9% (29.3) // 47.4% (32.8) // 49.0% (31.2)",
        "corsiAgainst": "51.4% (60.8) // 54.6% (64.6) // 54.5% (67.7) // 53.7% (63.0)",
        "fenwickAgainst": "50.2% (42.9) // 53.1% (45.9) // 51.8% (46.3) // 52.1% (45.8)",
        "shotsAgainst": "49.5% (30.7) // 51.9% (33.0) // 51.7% (33.2) // 50.8% (31.2)",
        "scoringAgainst": "50.5% (30.0) // 54.1% (34.6) // 52.6% (36.4) // 51.0% (32.5)",
        "oppCorsi": "49.9% (57.4) // 47.2% (54.2) // 43.7% (50.2) // 40.9% (50.3)",
        "oppFenwick": "50.8% (43.3) // 46.7% (41.2) // 43.1% (37.6) // 39.9% (37.0)",
        "oppShots": "50.0% (30.5) // 45.1% (29.0) // 41.6% (25.2) // 39.1% (26.3)",
        "oppScoring": "50.4% (28.1) // 45.9% (25.2) // 39.9% (21.8) // 37.5% (23.0)",
        "oppCorsiAgainst": "50.1% (57.5) // 52.8% (60.6) // 56.3% (64.5) // 59.1% (72.7)",
        "oppFenwickAgainst": "49.2% (42.0) // 53.3% (47.1) // 56.9% (49.6) // 60.1% (55.7)",
        "oppShotsAgainst": "50.0% (30.5) // 54.9% (35.3) // 58.4% (35.4) // 60.9% (41.0)",
        "oppScoringAgainst": "49.6% (27.7) // 54.1% (29.7) // 60.1% (32.9) // 62.5% (38.3)",
        "savesPerGame": 28.3,
        "savesPerGameLast1": 29.0,
        "savesPerGameLast3": 27.3,
        "savesPerGameLast5": 30.2,
        "savesPer60": 28.4,
        "savesPer60Last1": 29.0,
        "savesPer60Last3": 27.5,
        "savesPer60Last5": 30.5,
        "shotsPerGame": 31.8,
        "shotsPerGameLast5": 31.4,
        "shotsAgainstPerGame": 31.1,
        "shotsAgainstPerGameLast5": 33.6,
        "oppSavesAgainstPer60": 28.5,
        "oppSavesAgainstPer60Last1": 28.8,
        "oppSavesAgainstPer60Last3": 23.5,
        "oppSavesAgainstPer60Last5": 22.8,
        "oppShotsAgainstPerGame": 31.1,
        "oppShotsAgainstPerGameLast5": 36.0,
        "savesProj": 27.9,
        "savesProjLast5": 23.6,
        "savesProjLast3": 22.0,
        "oppSavesAgainstProj": 28.8,
        "oppSavesAgainstProjLast5": 23.2,
        "oppSavesAgainstProjLast3": 22.6,
        "totalOver": 48,
        "totalOverLast5": 60,
        "totalOverLast15": 60,
        "lastTotalOver": 47,
        "last5": "1,0,2,0,1,1,4,1,0,2",
        "overOdds": "+100",
        "underOdds": "-130",
        "overUnder": "+100 / -130"
    },
    {
        "player": "Jack Eichel",
        "team": "VGK",
        "opponent": "MIN",
        "propType": "pts",
        "line": 0.5,
        "ppLine": "PP1",
        "avg": 0.98,
        "hit": false,
        "diffAvg": 0.96,
        "diffAbs": 0.4,
        "lastAvg": 0.74,
        "diff": 0.48,
        "avgMin": 18,
        "proj": 0.7,
        "lastAvgMin": 19.38,
        "oppOver": 0,
        "teamOver": 0,
        "gameLine": "+115",
        "+/-": "+23",
        "L5_+/-": "+6.0",
        "prevMatchup": "2023-04-01 2.0 pts 2023-02-09 2.0 pts",
        "winLossSplits": "1.24 - 0.47",
        "awayHome": "A",
        "playedYesterday": "N",
        "awayHomeSplits": "0.94 - 1.03",
        "savesAboveExp": 0.594,
        "gsaa": 30.07,
        "corsi": "48.6% (57.5) // 45.4% (53.7) // 45.5% (56.4) // 46.3% (54.4)",
        "fenwick": "49.8% (42.6) // 46.9% (40.6) // 48.2% (43.1) // 47.9% (42.1)",
        "shots": "50.5% (31.3) // 48.1% (30.6) // 48.3% (31.1) // 49.2% (30.2)",
        "scoring": "49.5% (29.5) // 45.9% (29.3) // 47.4% (32.8) // 49.0% (31.2)",
        "corsiAgainst": "51.4% (60.8) // 54.6% (64.6) // 54.5% (67.7) // 53.7% (63.0)",
        "fenwickAgainst": "50.2% (42.9) // 53.1% (45.9) // 51.8% (46.3) // 52.1% (45.8)",
        "shotsAgainst": "49.5% (30.7) // 51.9% (33.0) // 51.7% (33.2) // 50.8% (31.2)",
        "scoringAgainst": "50.5% (30.0) // 54.1% (34.6) // 52.6% (36.4) // 51.0% (32.5)",
        "oppCorsi": "49.9% (57.4) // 47.2% (54.2) // 43.7% (50.2) // 40.9% (50.3)",
        "oppFenwick": "50.8% (43.3) // 46.7% (41.2) // 43.1% (37.6) // 39.9% (37.0)",
        "oppShots": "50.0% (30.5) // 45.1% (29.0) // 41.6% (25.2) // 39.1% (26.3)",
        "oppScoring": "50.4% (28.1) // 45.9% (25.2) // 39.9% (21.8) // 37.5% (23.0)",
        "oppCorsiAgainst": "50.1% (57.5) // 52.8% (60.6) // 56.3% (64.5) // 59.1% (72.7)",
        "oppFenwickAgainst": "49.2% (42.0) // 53.3% (47.1) // 56.9% (49.6) // 60.1% (55.7)",
        "oppShotsAgainst": "50.0% (30.5) // 54.9% (35.3) // 58.4% (35.4) // 60.9% (41.0)",
        "oppScoringAgainst": "49.6% (27.7) // 54.1% (29.7) // 60.1% (32.9) // 62.5% (38.3)",
        "savesPerGame": 28.3,
        "savesPerGameLast1": 29.0,
        "savesPerGameLast3": 27.3,
        "savesPerGameLast5": 30.2,
        "savesPer60": 28.4,
        "savesPer60Last1": 29.0,
        "savesPer60Last3": 27.5,
        "savesPer60Last5": 30.5,
        "shotsPerGame": 31.8,
        "shotsPerGameLast5": 31.4,
        "shotsAgainstPerGame": 31.1,
        "shotsAgainstPerGameLast5": 33.6,
        "oppSavesAgainstPer60": 28.5,
        "oppSavesAgainstPer60Last1": 28.8,
        "oppSavesAgainstPer60Last3": 23.5,
        "oppSavesAgainstPer60Last5": 22.8,
        "oppShotsAgainstPerGame": 31.1,
        "oppShotsAgainstPerGameLast5": 36.0,
        "savesProj": 27.9,
        "savesProjLast5": 23.6,
        "savesProjLast3": 22.0,
        "oppSavesAgainstProj": 28.8,
        "oppSavesAgainstProjLast5": 23.2,
        "oppSavesAgainstProjLast3": 22.6,
        "totalOver": 62,
        "totalOverLast5": 100,
        "totalOverLast15": 67,
        "lastTotalOver": 59,
        "last5": "2,1,1,3,1,0,3,0,1,0",
        "overOdds": "-160",
        "underOdds": "+130",
        "overUnder": "-160 / +130"
    },
    {
        "player": "Joel Eriksson Ek",
        "team": "MIN",
        "opponent": "VGK",
        "propType": "pts",
        "line": 0.5,
        "ppLine": "PP1",
        "avg": 0.79,
        "hit": false,
        "diffAvg": 0.58,
        "diffAbs": 0.2,
        "lastAvg": 0.59,
        "diff": 0.18,
        "avgMin": 19,
        "proj": 0.6,
        "lastAvgMin": 18.57,
        "oppOver": 0,
        "teamOver": 0,
        "gameLine": "-135",
        "+/-": "+5",
        "L5_+/-": "+8.0",
        "prevMatchup": "2023-04-01 1.0 pts 2023-02-09 1.0 pts",
        "winLossSplits": "0.84 - 0.73",
        "awayHome": "H",
        "playedYesterday": "N",
        "awayHomeSplits": "0.82 - 0.76",
        "savesAboveExp": -0.478,
        "gsaa": -24.51,
        "corsi": "49.9% (57.4) // 47.2% (54.2) // 43.7% (50.2) // 40.9% (50.3)",
        "fenwick": "50.8% (43.3) // 46.7% (41.2) // 43.1% (37.6) // 39.9% (37.0)",
        "shots": "50.0% (30.5) // 45.1% (29.0) // 41.6% (25.2) // 39.1% (26.3)",
        "scoring": "50.4% (28.1) // 45.9% (25.2) // 39.9% (21.8) // 37.5% (23.0)",
        "corsiAgainst": "50.1% (57.5) // 52.8% (60.6) // 56.3% (64.5) // 59.1% (72.7)",
        "fenwickAgainst": "49.2% (42.0) // 53.3% (47.1) // 56.9% (49.6) // 60.1% (55.7)",
        "shotsAgainst": "50.0% (30.5) // 54.9% (35.3) // 58.4% (35.4) // 60.9% (41.0)",
        "scoringAgainst": "49.6% (27.7) // 54.1% (29.7) // 60.1% (32.9) // 62.5% (38.3)",
        "oppCorsi": "48.6% (57.5) // 45.4% (53.7) // 45.5% (56.4) // 46.3% (54.4)",
        "oppFenwick": "49.8% (42.6) // 46.9% (40.6) // 48.2% (43.1) // 47.9% (42.1)",
        "oppShots": "50.5% (31.3) // 48.1% (30.6) // 48.3% (31.1) // 49.2% (30.2)",
        "oppScoring": "49.5% (29.5) // 45.9% (29.3) // 47.4% (32.8) // 49.0% (31.2)",
        "oppCorsiAgainst": "51.4% (60.8) // 54.6% (64.6) // 54.5% (67.7) // 53.7% (63.0)",
        "oppFenwickAgainst": "50.2% (42.9) // 53.1% (45.9) // 51.8% (46.3) // 52.1% (45.8)",
        "oppShotsAgainst": "49.5% (30.7) // 51.9% (33.0) // 51.7% (33.2) // 50.8% (31.2)",
        "oppScoringAgainst": "50.5% (30.0) // 54.1% (34.6) // 52.6% (36.4) // 51.0% (32.5)",
        "savesPerGame": 28.4,
        "savesPerGameLast1": 39.0,
        "savesPerGameLast3": 38.7,
        "savesPerGameLast5": 33.6,
        "savesPer60": 28.7,
        "savesPer60Last1": 37.5,
        "savesPer60Last3": 38.2,
        "savesPer60Last5": 33.8,
        "shotsPerGame": 31.1,
        "shotsPerGameLast5": 25.6,
        "shotsAgainstPerGame": 31.1,
        "shotsAgainstPerGameLast5": 36.0,
        "oppSavesAgainstPer60": 28.5,
        "oppSavesAgainstPer60Last1": 38.5,
        "oppSavesAgainstPer60Last3": 27.3,
        "oppSavesAgainstPer60Last5": 28.2,
        "oppShotsAgainstPerGame": 31.1,
        "oppShotsAgainstPerGameLast5": 33.6,
        "savesProj": 28.9,
        "savesProjLast5": 33.1,
        "savesProjLast3": 35.9,
        "oppSavesAgainstProj": 29.2,
        "oppSavesAgainstProjLast5": 34.5,
        "oppSavesAgainstProjLast3": 37.0,
        "totalOver": 58,
        "totalOverLast5": 80,
        "totalOverLast15": 53,
        "lastTotalOver": 41,
        "last5": "1,1,2,0,2,0,1,1,3,0",
        "overOdds": "-165",
        "underOdds": "+135",
        "overUnder": "-165 / +135"
    },
    {
        "player": "Jonathan Marchessault",
        "team": "VGK",
        "opponent": "MIN",
        "propType": "pts",
        "line": 0.5,
        "ppLine": "PP2",
        "avg": 0.77,
        "hit": false,
        "diffAvg": 0.54,
        "diffAbs": 0.6,
        "lastAvg": 0.86,
        "diff": 0.72,
        "avgMin": 17,
        "proj": 0.8,
        "lastAvgMin": 17.57,
        "oppOver": 0,
        "teamOver": 0,
        "gameLine": "+115",
        "+/-": 0,
        "L5_+/-": "+3.0",
        "prevMatchup": "2023-04-01 0.0 pts 2023-02-09 2.0 pts",
        "winLossSplits": "1.04 - 0.41",
        "awayHome": "A",
        "playedYesterday": "N",
        "awayHomeSplits": "0.82 - 0.72",
        "savesAboveExp": 0.594,
        "gsaa": 30.07,
        "corsi": "48.6% (57.5) // 45.4% (53.7) // 45.5% (56.4) // 46.3% (54.4)",
        "fenwick": "49.8% (42.6) // 46.9% (40.6) // 48.2% (43.1) // 47.9% (42.1)",
        "shots": "50.5% (31.3) // 48.1% (30.6) // 48.3% (31.1) // 49.2% (30.2)",
        "scoring": "49.5% (29.5) // 45.9% (29.3) // 47.4% (32.8) // 49.0% (31.2)",
        "corsiAgainst": "51.4% (60.8) // 54.6% (64.6) // 54.5% (67.7) // 53.7% (63.0)",
        "fenwickAgainst": "50.2% (42.9) // 53.1% (45.9) // 51.8% (46.3) // 52.1% (45.8)",
        "shotsAgainst": "49.5% (30.7) // 51.9% (33.0) // 51.7% (33.2) // 50.8% (31.2)",
        "scoringAgainst": "50.5% (30.0) // 54.1% (34.6) // 52.6% (36.4) // 51.0% (32.5)",
        "oppCorsi": "49.9% (57.4) // 47.2% (54.2) // 43.7% (50.2) // 40.9% (50.3)",
        "oppFenwick": "50.8% (43.3) // 46.7% (41.2) // 43.1% (37.6) // 39.9% (37.0)",
        "oppShots": "50.0% (30.5) // 45.1% (29.0) // 41.6% (25.2) // 39.1% (26.3)",
        "oppScoring": "50.4% (28.1) // 45.9% (25.2) // 39.9% (21.8) // 37.5% (23.0)",
        "oppCorsiAgainst": "50.1% (57.5) // 52.8% (60.6) // 56.3% (64.5) // 59.1% (72.7)",
        "oppFenwickAgainst": "49.2% (42.0) // 53.3% (47.1) // 56.9% (49.6) // 60.1% (55.7)",
        "oppShotsAgainst": "50.0% (30.5) // 54.9% (35.3) // 58.4% (35.4) // 60.9% (41.0)",
        "oppScoringAgainst": "49.6% (27.7) // 54.1% (29.7) // 60.1% (32.9) // 62.5% (38.3)",
        "savesPerGame": 28.3,
        "savesPerGameLast1": 29.0,
        "savesPerGameLast3": 27.3,
        "savesPerGameLast5": 30.2,
        "savesPer60": 28.4,
        "savesPer60Last1": 29.0,
        "savesPer60Last3": 27.5,
        "savesPer60Last5": 30.5,
        "shotsPerGame": 31.8,
        "shotsPerGameLast5": 31.4,
        "shotsAgainstPerGame": 31.1,
        "shotsAgainstPerGameLast5": 33.6,
        "oppSavesAgainstPer60": 28.5,
        "oppSavesAgainstPer60Last1": 28.8,
        "oppSavesAgainstPer60Last3": 23.5,
        "oppSavesAgainstPer60Last5": 22.8,
        "oppShotsAgainstPerGame": 31.1,
        "oppShotsAgainstPerGameLast5": 36.0,
        "savesProj": 27.9,
        "savesProjLast5": 23.6,
        "savesProjLast3": 22.0,
        "oppSavesAgainstProj": 28.8,
        "oppSavesAgainstProjLast5": 23.2,
        "oppSavesAgainstProjLast3": 22.6,
        "totalOver": 57,
        "totalOverLast5": 60,
        "totalOverLast15": 60,
        "lastTotalOver": 57,
        "last5": "0,0,2,2,1,0,1,0,3,1",
        "overOdds": "-125",
        "underOdds": "-105",
        "overUnder": "-125 / -105"
    },
    {
        "player": "Marcus Johansson",
        "team": "MIN",
        "opponent": "VGK",
        "propType": "pts",
        "line": 0.5,
        "ppLine": "PP2",
        "avg": 0.53,
        "hit": false,
        "diffAvg": 0.06,
        "diffAbs": 0.2,
        "lastAvg": 0.39,
        "diff": -0.22,
        "avgMin": 16,
        "proj": 0.4,
        "lastAvgMin": 16.12,
        "oppOver": 0,
        "teamOver": 0,
        "gameLine": "-135",
        "+/-": "+7",
        "L5_+/-": "+4.0",
        "prevMatchup": "2023-04-01 0.0 pts 2023-01-21 1.0 pts 2022-11-01 1.0 pts",
        "winLossSplits": "0.7 - 0.36",
        "awayHome": "H",
        "playedYesterday": "Y",
        "awayHomeSplits": "0.55 - 0.51",
        "savesAboveExp": -0.478,
        "gsaa": -24.51,
        "corsi": "49.9% (57.4) // 47.2% (54.2) // 43.7% (50.2) // 40.9% (50.3)",
        "fenwick": "50.8% (43.3) // 46.7% (41.2) // 43.1% (37.6) // 39.9% (37.0)",
        "shots": "50.0% (30.5) // 45.1% (29.0) // 41.6% (25.2) // 39.1% (26.3)",
        "scoring": "50.4% (28.1) // 45.9% (25.2) // 39.9% (21.8) // 37.5% (23.0)",
        "corsiAgainst": "50.1% (57.5) // 52.8% (60.6) // 56.3% (64.5) // 59.1% (72.7)",
        "fenwickAgainst": "49.2% (42.0) // 53.3% (47.1) // 56.9% (49.6) // 60.1% (55.7)",
        "shotsAgainst": "50.0% (30.5) // 54.9% (35.3) // 58.4% (35.4) // 60.9% (41.0)",
        "scoringAgainst": "49.6% (27.7) // 54.1% (29.7) // 60.1% (32.9) // 62.5% (38.3)",
        "oppCorsi": "48.6% (57.5) // 45.4% (53.7) // 45.5% (56.4) // 46.3% (54.4)",
        "oppFenwick": "49.8% (42.6) // 46.9% (40.6) // 48.2% (43.1) // 47.9% (42.1)",
        "oppShots": "50.5% (31.3) // 48.1% (30.6) // 48.3% (31.1) // 49.2% (30.2)",
        "oppScoring": "49.5% (29.5) // 45.9% (29.3) // 47.4% (32.8) // 49.0% (31.2)",
        "oppCorsiAgainst": "51.4% (60.8) // 54.6% (64.6) // 54.5% (67.7) // 53.7% (63.0)",
        "oppFenwickAgainst": "50.2% (42.9) // 53.1% (45.9) // 51.8% (46.3) // 52.1% (45.8)",
        "oppShotsAgainst": "49.5% (30.7) // 51.9% (33.0) // 51.7% (33.2) // 50.8% (31.2)",
        "oppScoringAgainst": "50.5% (30.0) // 54.1% (34.6) // 52.6% (36.4) // 51.0% (32.5)",
        "savesPerGame": 28.4,
        "savesPerGameLast1": 39.0,
        "savesPerGameLast3": 38.7,
        "savesPerGameLast5": 33.6,
        "savesPer60": 28.7,
        "savesPer60Last1": 37.5,
        "savesPer60Last3": 38.2,
        "savesPer60Last5": 33.8,
        "shotsPerGame": 31.1,
        "shotsPerGameLast5": 25.6,
        "shotsAgainstPerGame": 31.1,
        "shotsAgainstPerGameLast5": 36.0,
        "oppSavesAgainstPer60": 28.5,
        "oppSavesAgainstPer60Last1": 38.5,
        "oppSavesAgainstPer60Last3": 27.3,
        "oppSavesAgainstPer60Last5": 28.2,
        "oppShotsAgainstPerGame": 31.1,
        "oppShotsAgainstPerGameLast5": 33.6,
        "savesProj": 28.9,
        "savesProjLast5": 33.1,
        "savesProjLast3": 35.9,
        "oppSavesAgainstProj": 29.2,
        "oppSavesAgainstProjLast5": 34.5,
        "oppSavesAgainstProjLast3": 37.0,
        "totalOver": 44,
        "totalOverLast5": 60,
        "totalOverLast15": 53,
        "lastTotalOver": 35,
        "last5": "0,1,2,0,1,0,2,2,1,0",
        "overOdds": "-120",
        "underOdds": "-110",
        "overUnder": "-120 / -110"
    },
    {
        "player": "Mats Zuccarello",
        "team": "MIN",
        "opponent": "VGK",
        "propType": "pts",
        "line": 0.5,
        "ppLine": "PP1",
        "avg": 0.88,
        "hit": false,
        "diffAvg": 0.76,
        "diffAbs": 1.2,
        "lastAvg": 1.04,
        "diff": 1.08,
        "avgMin": 20,
        "proj": 1.1,
        "lastAvgMin": 18.58,
        "oppOver": 0,
        "teamOver": 0,
        "gameLine": "-135",
        "+/-": 0,
        "L5_+/-": -4.0,
        "prevMatchup": "2023-04-01 0.0 pts 2023-02-09 0.0 pts",
        "winLossSplits": "0.94 - 0.79",
        "awayHome": "H",
        "playedYesterday": "N",
        "awayHomeSplits": "0.78 - 0.97",
        "savesAboveExp": -0.478,
        "gsaa": -24.51,
        "corsi": "49.9% (57.4) // 47.2% (54.2) // 43.7% (50.2) // 40.9% (50.3)",
        "fenwick": "50.8% (43.3) // 46.7% (41.2) // 43.1% (37.6) // 39.9% (37.0)",
        "shots": "50.0% (30.5) // 45.1% (29.0) // 41.6% (25.2) // 39.1% (26.3)",
        "scoring": "50.4% (28.1) // 45.9% (25.2) // 39.9% (21.8) // 37.5% (23.0)",
        "corsiAgainst": "50.1% (57.5) // 52.8% (60.6) // 56.3% (64.5) // 59.1% (72.7)",
        "fenwickAgainst": "49.2% (42.0) // 53.3% (47.1) // 56.9% (49.6) // 60.1% (55.7)",
        "shotsAgainst": "50.0% (30.5) // 54.9% (35.3) // 58.4% (35.4) // 60.9% (41.0)",
        "scoringAgainst": "49.6% (27.7) // 54.1% (29.7) // 60.1% (32.9) // 62.5% (38.3)",
        "oppCorsi": "48.6% (57.5) // 45.4% (53.7) // 45.5% (56.4) // 46.3% (54.4)",
        "oppFenwick": "49.8% (42.6) // 46.9% (40.6) // 48.2% (43.1) // 47.9% (42.1)",
        "oppShots": "50.5% (31.3) // 48.1% (30.6) // 48.3% (31.1) // 49.2% (30.2)",
        "oppScoring": "49.5% (29.5) // 45.9% (29.3) // 47.4% (32.8) // 49.0% (31.2)",
        "oppCorsiAgainst": "51.4% (60.8) // 54.6% (64.6) // 54.5% (67.7) // 53.7% (63.0)",
        "oppFenwickAgainst": "50.2% (42.9) // 53.1% (45.9) // 51.8% (46.3) // 52.1% (45.8)",
        "oppShotsAgainst": "49.5% (30.7) // 51.9% (33.0) // 51.7% (33.2) // 50.8% (31.2)",
        "oppScoringAgainst": "50.5% (30.0) // 54.1% (34.6) // 52.6% (36.4) // 51.0% (32.5)",
        "savesPerGame": 28.4,
        "savesPerGameLast1": 39.0,
        "savesPerGameLast3": 38.7,
        "savesPerGameLast5": 33.6,
        "savesPer60": 28.7,
        "savesPer60Last1": 37.5,
        "savesPer60Last3": 38.2,
        "savesPer60Last5": 33.8,
        "shotsPerGame": 31.1,
        "shotsPerGameLast5": 25.6,
        "shotsAgainstPerGame": 31.1,
        "shotsAgainstPerGameLast5": 36.0,
        "oppSavesAgainstPer60": 28.5,
        "oppSavesAgainstPer60Last1": 38.5,
        "oppSavesAgainstPer60Last3": 27.3,
        "oppSavesAgainstPer60Last5": 28.2,
        "oppShotsAgainstPerGame": 31.1,
        "oppShotsAgainstPerGameLast5": 33.6,
        "savesProj": 28.9,
        "savesProjLast5": 33.1,
        "savesProjLast3": 35.9,
        "oppSavesAgainstProj": 29.2,
        "oppSavesAgainstProjLast5": 34.5,
        "oppSavesAgainstProjLast3": 37.0,
        "totalOver": 65,
        "totalOverLast5": 40,
        "totalOverLast15": 40,
        "lastTotalOver": 64,
        "last5": "0,0,1,0,1,0,0,0,1,1",
        "overOdds": "-180",
        "underOdds": "+145",
        "overUnder": "-180 / +145"
    },
    {
        "player": "Matthew Boldy",
        "team": "MIN",
        "opponent": "VGK",
        "propType": "pts",
        "line": 0.5,
        "ppLine": "PP1",
        "avg": 0.76,
        "hit": false,
        "diffAvg": 0.52,
        "diffAbs": 0.8,
        "lastAvg": 0.74,
        "diff": 0.48,
        "avgMin": 18,
        "proj": 0.9,
        "lastAvgMin": 15.38,
        "oppOver": 0,
        "teamOver": 0,
        "gameLine": "-135",
        "+/-": "+3",
        "L5_+/-": "+8.0",
        "prevMatchup": "2023-04-01 1.0 pts 2023-02-09 1.0 pts",
        "winLossSplits": "0.91 - 0.54",
        "awayHome": "H",
        "playedYesterday": "N",
        "awayHomeSplits": "0.66 - 0.87",
        "savesAboveExp": -0.478,
        "gsaa": -24.51,
        "corsi": "49.9% (57.4) // 47.2% (54.2) // 43.7% (50.2) // 40.9% (50.3)",
        "fenwick": "50.8% (43.3) // 46.7% (41.2) // 43.1% (37.6) // 39.9% (37.0)",
        "shots": "50.0% (30.5) // 45.1% (29.0) // 41.6% (25.2) // 39.1% (26.3)",
        "scoring": "50.4% (28.1) // 45.9% (25.2) // 39.9% (21.8) // 37.5% (23.0)",
        "corsiAgainst": "50.1% (57.5) // 52.8% (60.6) // 56.3% (64.5) // 59.1% (72.7)",
        "fenwickAgainst": "49.2% (42.0) // 53.3% (47.1) // 56.9% (49.6) // 60.1% (55.7)",
        "shotsAgainst": "50.0% (30.5) // 54.9% (35.3) // 58.4% (35.4) // 60.9% (41.0)",
        "scoringAgainst": "49.6% (27.7) // 54.1% (29.7) // 60.1% (32.9) // 62.5% (38.3)",
        "oppCorsi": "48.6% (57.5) // 45.4% (53.7) // 45.5% (56.4) // 46.3% (54.4)",
        "oppFenwick": "49.8% (42.6) // 46.9% (40.6) // 48.2% (43.1) // 47.9% (42.1)",
        "oppShots": "50.5% (31.3) // 48.1% (30.6) // 48.3% (31.1) // 49.2% (30.2)",
        "oppScoring": "49.5% (29.5) // 45.9% (29.3) // 47.4% (32.8) // 49.0% (31.2)",
        "oppCorsiAgainst": "51.4% (60.8) // 54.6% (64.6) // 54.5% (67.7) // 53.7% (63.0)",
        "oppFenwickAgainst": "50.2% (42.9) // 53.1% (45.9) // 51.8% (46.3) // 52.1% (45.8)",
        "oppShotsAgainst": "49.5% (30.7) // 51.9% (33.0) // 51.7% (33.2) // 50.8% (31.2)",
        "oppScoringAgainst": "50.5% (30.0) // 54.1% (34.6) // 52.6% (36.4) // 51.0% (32.5)",
        "savesPerGame": 28.4,
        "savesPerGameLast1": 39.0,
        "savesPerGameLast3": 38.7,
        "savesPerGameLast5": 33.6,
        "savesPer60": 28.7,
        "savesPer60Last1": 37.5,
        "savesPer60Last3": 38.2,
        "savesPer60Last5": 33.8,
        "shotsPerGame": 31.1,
        "shotsPerGameLast5": 25.6,
        "shotsAgainstPerGame": 31.1,
        "shotsAgainstPerGameLast5": 36.0,
        "oppSavesAgainstPer60": 28.5,
        "oppSavesAgainstPer60Last1": 38.5,
        "oppSavesAgainstPer60Last3": 27.3,
        "oppSavesAgainstPer60Last5": 28.2,
        "oppShotsAgainstPerGame": 31.1,
        "oppShotsAgainstPerGameLast5": 33.6,
        "savesProj": 28.9,
        "savesProjLast5": 33.1,
        "savesProjLast3": 35.9,
        "oppSavesAgainstProj": 29.2,
        "oppSavesAgainstProjLast5": 34.5,
        "oppSavesAgainstProjLast3": 37.0,
        "totalOver": 49,
        "totalOverLast5": 60,
        "totalOverLast15": 67,
        "lastTotalOver": 55,
        "last5": "1,0,3,0,2,1,3,1,2,1",
        "overOdds": "-185",
        "underOdds": "+150",
        "overUnder": "-185 / +150"
    },
    {
        "player": "Nicolas Roy",
        "team": "VGK",
        "opponent": "MIN",
        "propType": "pts",
        "line": 0.5,
        "ppLine": "PP1",
        "avg": 0.49,
        "hit": false,
        "diffAvg": -0.02,
        "diffAbs": 0.0,
        "lastAvg": 0.5,
        "diff": 0.0,
        "avgMin": 16,
        "proj": 0.5,
        "lastAvgMin": 16.25,
        "oppOver": 0,
        "teamOver": 0,
        "gameLine": "+115",
        "+/-": "+10",
        "L5_+/-": "+6.0",
        "prevMatchup": "2023-04-01 1.0 pts 2023-02-09 1.0 pts",
        "winLossSplits": "0.69 - 0.22",
        "awayHome": "A",
        "playedYesterday": "N",
        "awayHomeSplits": "0.57 - 0.42",
        "savesAboveExp": 0.594,
        "gsaa": 30.07,
        "corsi": "48.6% (57.5) // 45.4% (53.7) // 45.5% (56.4) // 46.3% (54.4)",
        "fenwick": "49.8% (42.6) // 46.9% (40.6) // 48.2% (43.1) // 47.9% (42.1)",
        "shots": "50.5% (31.3) // 48.1% (30.6) // 48.3% (31.1) // 49.2% (30.2)",
        "scoring": "49.5% (29.5) // 45.9% (29.3) // 47.4% (32.8) // 49.0% (31.2)",
        "corsiAgainst": "51.4% (60.8) // 54.6% (64.6) // 54.5% (67.7) // 53.7% (63.0)",
        "fenwickAgainst": "50.2% (42.9) // 53.1% (45.9) // 51.8% (46.3) // 52.1% (45.8)",
        "shotsAgainst": "49.5% (30.7) // 51.9% (33.0) // 51.7% (33.2) // 50.8% (31.2)",
        "scoringAgainst": "50.5% (30.0) // 54.1% (34.6) // 52.6% (36.4) // 51.0% (32.5)",
        "oppCorsi": "49.9% (57.4) // 47.2% (54.2) // 43.7% (50.2) // 40.9% (50.3)",
        "oppFenwick": "50.8% (43.3) // 46.7% (41.2) // 43.1% (37.6) // 39.9% (37.0)",
        "oppShots": "50.0% (30.5) // 45.1% (29.0) // 41.6% (25.2) // 39.1% (26.3)",
        "oppScoring": "50.4% (28.1) // 45.9% (25.2) // 39.9% (21.8) // 37.5% (23.0)",
        "oppCorsiAgainst": "50.1% (57.5) // 52.8% (60.6) // 56.3% (64.5) // 59.1% (72.7)",
        "oppFenwickAgainst": "49.2% (42.0) // 53.3% (47.1) // 56.9% (49.6) // 60.1% (55.7)",
        "oppShotsAgainst": "50.0% (30.5) // 54.9% (35.3) // 58.4% (35.4) // 60.9% (41.0)",
        "oppScoringAgainst": "49.6% (27.7) // 54.1% (29.7) // 60.1% (32.9) // 62.5% (38.3)",
        "savesPerGame": 28.3,
        "savesPerGameLast1": 29.0,
        "savesPerGameLast3": 27.3,
        "savesPerGameLast5": 30.2,
        "savesPer60": 28.4,
        "savesPer60Last1": 29.0,
        "savesPer60Last3": 27.5,
        "savesPer60Last5": 30.5,
        "shotsPerGame": 31.8,
        "shotsPerGameLast5": 31.4,
        "shotsAgainstPerGame": 31.1,
        "shotsAgainstPerGameLast5": 33.6,
        "oppSavesAgainstPer60": 28.5,
        "oppSavesAgainstPer60Last1": 28.8,
        "oppSavesAgainstPer60Last3": 23.5,
        "oppSavesAgainstPer60Last5": 22.8,
        "oppShotsAgainstPerGame": 31.1,
        "oppShotsAgainstPerGameLast5": 36.0,
        "savesProj": 27.9,
        "savesProjLast5": 23.6,
        "savesProjLast3": 22.0,
        "oppSavesAgainstProj": 28.8,
        "oppSavesAgainstProjLast5": 23.2,
        "oppSavesAgainstProjLast3": 22.6,
        "totalOver": 42,
        "totalOverLast5": 80,
        "totalOverLast15": 53,
        "lastTotalOver": 36,
        "last5": "1,1,0,1,1,1,1,0,1,1",
        "overOdds": "+135",
        "underOdds": "-165",
        "overUnder": "+135 / -165"
    },
    {
        "player": "Ryan Hartman",
        "team": "MIN",
        "opponent": "VGK",
        "propType": "pts",
        "line": 0.5,
        "ppLine": "PP1",
        "avg": 0.63,
        "hit": false,
        "diffAvg": 0.26,
        "diffAbs": 0.4,
        "lastAvg": 0.74,
        "diff": 0.48,
        "avgMin": 16,
        "proj": 0.7,
        "lastAvgMin": 18.17,
        "oppOver": 0,
        "teamOver": 0,
        "gameLine": "-135",
        "+/-": "+6",
        "L5_+/-": "+1.0",
        "prevMatchup": "2023-04-01 0.0 pts 2023-02-09 0.0 pts",
        "winLossSplits": "0.95 - 0.28",
        "awayHome": "H",
        "playedYesterday": "N",
        "awayHomeSplits": "0.7 - 0.54",
        "savesAboveExp": -0.478,
        "gsaa": -24.51,
        "corsi": "49.9% (57.4) // 47.2% (54.2) // 43.7% (50.2) // 40.9% (50.3)",
        "fenwick": "50.8% (43.3) // 46.7% (41.2) // 43.1% (37.6) // 39.9% (37.0)",
        "shots": "50.0% (30.5) // 45.1% (29.0) // 41.6% (25.2) // 39.1% (26.3)",
        "scoring": "50.4% (28.1) // 45.9% (25.2) // 39.9% (21.8) // 37.5% (23.0)",
        "corsiAgainst": "50.1% (57.5) // 52.8% (60.6) // 56.3% (64.5) // 59.1% (72.7)",
        "fenwickAgainst": "49.2% (42.0) // 53.3% (47.1) // 56.9% (49.6) // 60.1% (55.7)",
        "shotsAgainst": "50.0% (30.5) // 54.9% (35.3) // 58.4% (35.4) // 60.9% (41.0)",
        "scoringAgainst": "49.6% (27.7) // 54.1% (29.7) // 60.1% (32.9) // 62.5% (38.3)",
        "oppCorsi": "48.6% (57.5) // 45.4% (53.7) // 45.5% (56.4) // 46.3% (54.4)",
        "oppFenwick": "49.8% (42.6) // 46.9% (40.6) // 48.2% (43.1) // 47.9% (42.1)",
        "oppShots": "50.5% (31.3) // 48.1% (30.6) // 48.3% (31.1) // 49.2% (30.2)",
        "oppScoring": "49.5% (29.5) // 45.9% (29.3) // 47.4% (32.8) // 49.0% (31.2)",
        "oppCorsiAgainst": "51.4% (60.8) // 54.6% (64.6) // 54.5% (67.7) // 53.7% (63.0)",
        "oppFenwickAgainst": "50.2% (42.9) // 53.1% (45.9) // 51.8% (46.3) // 52.1% (45.8)",
        "oppShotsAgainst": "49.5% (30.7) // 51.9% (33.0) // 51.7% (33.2) // 50.8% (31.2)",
        "oppScoringAgainst": "50.5% (30.0) // 54.1% (34.6) // 52.6% (36.4) // 51.0% (32.5)",
        "savesPerGame": 28.4,
        "savesPerGameLast1": 39.0,
        "savesPerGameLast3": 38.7,
        "savesPerGameLast5": 33.6,
        "savesPer60": 28.7,
        "savesPer60Last1": 37.5,
        "savesPer60Last3": 38.2,
        "savesPer60Last5": 33.8,
        "shotsPerGame": 31.1,
        "shotsPerGameLast5": 25.6,
        "shotsAgainstPerGame": 31.1,
        "shotsAgainstPerGameLast5": 36.0,
        "oppSavesAgainstPer60": 28.5,
        "oppSavesAgainstPer60Last1": 38.5,
        "oppSavesAgainstPer60Last3": 27.3,
        "oppSavesAgainstPer60Last5": 28.2,
        "oppShotsAgainstPerGame": 31.1,
        "oppShotsAgainstPerGameLast5": 33.6,
        "savesProj": 28.9,
        "savesProjLast5": 33.1,
        "savesProjLast3": 35.9,
        "oppSavesAgainstProj": 29.2,
        "oppSavesAgainstProjLast5": 34.5,
        "oppSavesAgainstProjLast3": 37.0,
        "totalOver": 48,
        "totalOverLast5": 80,
        "totalOverLast15": 53,
        "lastTotalOver": 59,
        "last5": "0,1,1,1,1,0,1,0,3,0",
        "overOdds": "-130",
        "underOdds": "+100",
        "overUnder": "-130 / +100"
    },
    {
        "player": "William Karlsson",
        "team": "VGK",
        "opponent": "MIN",
        "propType": "pts",
        "line": 0.5,
        "ppLine": "PP2",
        "avg": 0.64,
        "hit": false,
        "diffAvg": 0.28,
        "diffAbs": 0.0,
        "lastAvg": 0.52,
        "diff": 0.04,
        "avgMin": 17,
        "proj": 0.5,
        "lastAvgMin": 18.27,
        "oppOver": 0,
        "teamOver": 0,
        "gameLine": "+115",
        "+/-": "+10",
        "L5_+/-": "+8.0",
        "prevMatchup": "2023-04-01 0.0 pts 2023-02-09 0.0 pts",
        "winLossSplits": "0.83 - 0.36",
        "awayHome": "A",
        "playedYesterday": "N",
        "awayHomeSplits": "0.7 - 0.59",
        "savesAboveExp": 0.594,
        "gsaa": 30.07,
        "corsi": "48.6% (57.5) // 45.4% (53.7) // 45.5% (56.4) // 46.3% (54.4)",
        "fenwick": "49.8% (42.6) // 46.9% (40.6) // 48.2% (43.1) // 47.9% (42.1)",
        "shots": "50.5% (31.3) // 48.1% (30.6) // 48.3% (31.1) // 49.2% (30.2)",
        "scoring": "49.5% (29.5) // 45.9% (29.3) // 47.4% (32.8) // 49.0% (31.2)",
        "corsiAgainst": "51.4% (60.8) // 54.6% (64.6) // 54.5% (67.7) // 53.7% (63.0)",
        "fenwickAgainst": "50.2% (42.9) // 53.1% (45.9) // 51.8% (46.3) // 52.1% (45.8)",
        "shotsAgainst": "49.5% (30.7) // 51.9% (33.0) // 51.7% (33.2) // 50.8% (31.2)",
        "scoringAgainst": "50.5% (30.0) // 54.1% (34.6) // 52.6% (36.4) // 51.0% (32.5)",
        "oppCorsi": "49.9% (57.4) // 47.2% (54.2) // 43.7% (50.2) // 40.9% (50.3)",
        "oppFenwick": "50.8% (43.3) // 46.7% (41.2) // 43.1% (37.6) // 39.9% (37.0)",
        "oppShots": "50.0% (30.5) // 45.1% (29.0) // 41.6% (25.2) // 39.1% (26.3)",
        "oppScoring": "50.4% (28.1) // 45.9% (25.2) // 39.9% (21.8) // 37.5% (23.0)",
        "oppCorsiAgainst": "50.1% (57.5) // 52.8% (60.6) // 56.3% (64.5) // 59.1% (72.7)",
        "oppFenwickAgainst": "49.2% (42.0) // 53.3% (47.1) // 56.9% (49.6) // 60.1% (55.7)",
        "oppShotsAgainst": "50.0% (30.5) // 54.9% (35.3) // 58.4% (35.4) // 60.9% (41.0)",
        "oppScoringAgainst": "49.6% (27.7) // 54.1% (29.7) // 60.1% (32.9) // 62.5% (38.3)",
        "savesPerGame": 28.3,
        "savesPerGameLast1": 29.0,
        "savesPerGameLast3": 27.3,
        "savesPerGameLast5": 30.2,
        "savesPer60": 28.4,
        "savesPer60Last1": 29.0,
        "savesPer60Last3": 27.5,
        "savesPer60Last5": 30.5,
        "shotsPerGame": 31.8,
        "shotsPerGameLast5": 31.4,
        "shotsAgainstPerGame": 31.1,
        "shotsAgainstPerGameLast5": 33.6,
        "oppSavesAgainstPer60": 28.5,
        "oppSavesAgainstPer60Last1": 28.8,
        "oppSavesAgainstPer60Last3": 23.5,
        "oppSavesAgainstPer60Last5": 22.8,
        "oppShotsAgainstPerGame": 31.1,
        "oppShotsAgainstPerGameLast5": 36.0,
        "savesProj": 27.9,
        "savesProjLast5": 23.6,
        "savesProjLast3": 22.0,
        "oppSavesAgainstProj": 28.8,
        "oppSavesAgainstProjLast5": 23.2,
        "oppSavesAgainstProjLast3": 22.6,
        "totalOver": 51,
        "totalOverLast5": 40,
        "totalOverLast15": 53,
        "lastTotalOver": 38,
        "last5": "0,0,1,1,0,2,0,1,0,2",
        "overOdds": "+105",
        "underOdds": "-135",
        "overUnder": "+105 / -135"
    },
    {
        "player": "Chandler Stephenson",
        "team": "VGK",
        "opponent": "MIN",
        "propType": "pts",
        "line": 0.5,
        "ppLine": "PP1",
        "avg": 0.78,
        "hit": false,
        "diffAvg": 0.56,
        "diffAbs": 0.6,
        "lastAvg": 0.81,
        "diff": 0.62,
        "avgMin": 19,
        "proj": 0.8,
        "lastAvgMin": 19.3,
        "oppOver": 0,
        "teamOver": 0,
        "gameLine": "+115",
        "+/-": "+9",
        "L5_+/-": -1.0,
        "prevMatchup": "2023-04-01 2.0 pts 2023-02-09 0.0 pts",
        "winLossSplits": "0.97 - 0.43",
        "awayHome": "A",
        "playedYesterday": "N",
        "awayHomeSplits": "0.76 - 0.79",
        "savesAboveExp": 0.594,
        "gsaa": 30.07,
        "corsi": "48.6% (57.5) // 45.4% (53.7) // 45.5% (56.4) // 46.3% (54.4)",
        "fenwick": "49.8% (42.6) // 46.9% (40.6) // 48.2% (43.1) // 47.9% (42.1)",
        "shots": "50.5% (31.3) // 48.1% (30.6) // 48.3% (31.1) // 49.2% (30.2)",
        "scoring": "49.5% (29.5) // 45.9% (29.3) // 47.4% (32.8) // 49.0% (31.2)",
        "corsiAgainst": "51.4% (60.8) // 54.6% (64.6) // 54.5% (67.7) // 53.7% (63.0)",
        "fenwickAgainst": "50.2% (42.9) // 53.1% (45.9) // 51.8% (46.3) // 52.1% (45.8)",
        "shotsAgainst": "49.5% (30.7) // 51.9% (33.0) // 51.7% (33.2) // 50.8% (31.2)",
        "scoringAgainst": "50.5% (30.0) // 54.1% (34.6) // 52.6% (36.4) // 51.0% (32.5)",
        "oppCorsi": "49.9% (57.4) // 47.2% (54.2) // 43.7% (50.2) // 40.9% (50.3)",
        "oppFenwick": "50.8% (43.3) // 46.7% (41.2) // 43.1% (37.6) // 39.9% (37.0)",
        "oppShots": "50.0% (30.5) // 45.1% (29.0) // 41.6% (25.2) // 39.1% (26.3)",
        "oppScoring": "50.4% (28.1) // 45.9% (25.2) // 39.9% (21.8) // 37.5% (23.0)",
        "oppCorsiAgainst": "50.1% (57.5) // 52.8% (60.6) // 56.3% (64.5) // 59.1% (72.7)",
        "oppFenwickAgainst": "49.2% (42.0) // 53.3% (47.1) // 56.9% (49.6) // 60.1% (55.7)",
        "oppShotsAgainst": "50.0% (30.5) // 54.9% (35.3) // 58.4% (35.4) // 60.9% (41.0)",
        "oppScoringAgainst": "49.6% (27.7) // 54.1% (29.7) // 60.1% (32.9) // 62.5% (38.3)",
        "savesPerGame": 28.3,
        "savesPerGameLast1": 29.0,
        "savesPerGameLast3": 27.3,
        "savesPerGameLast5": 30.2,
        "savesPer60": 28.4,
        "savesPer60Last1": 29.0,
        "savesPer60Last3": 27.5,
        "savesPer60Last5": 30.5,
        "shotsPerGame": 31.8,
        "shotsPerGameLast5": 31.4,
        "shotsAgainstPerGame": 31.1,
        "shotsAgainstPerGameLast5": 33.6,
        "oppSavesAgainstPer60": 28.5,
        "oppSavesAgainstPer60Last1": 28.8,
        "oppSavesAgainstPer60Last3": 23.5,
        "oppSavesAgainstPer60Last5": 22.8,
        "oppShotsAgainstPerGame": 31.1,
        "oppShotsAgainstPerGameLast5": 36.0,
        "savesProj": 27.9,
        "savesProjLast5": 23.6,
        "savesProjLast3": 22.0,
        "oppSavesAgainstProj": 28.8,
        "oppSavesAgainstProjLast5": 23.2,
        "oppSavesAgainstProjLast3": 22.6,
        "totalOver": 57,
        "totalOverLast5": 80,
        "totalOverLast15": 53,
        "lastTotalOver": 57,
        "last5": "2,1,1,0,1,0,1,0,1,0",
        "overOdds": "-105",
        "underOdds": "-125",
        "overUnder": "-105 / -125"
    },
    {
        "player": "Frederick Gaudreau",
        "team": "MIN",
        "opponent": "VGK",
        "propType": "pts",
        "line": 0.5,
        "ppLine": "PP2",
        "avg": 0.46,
        "hit": false,
        "diffAvg": -0.08,
        "diffAbs": 0.0,
        "lastAvg": 0.54,
        "diff": 0.08,
        "avgMin": 16,
        "proj": 0.5,
        "lastAvgMin": 16.3,
        "oppOver": 0,
        "teamOver": 0,
        "gameLine": "-135",
        "+/-": "+10",
        "L5_+/-": 0.0,
        "prevMatchup": "2023-04-01 0.0 pts 2023-02-09 0.0 pts",
        "winLossSplits": "0.65 - 0.24",
        "awayHome": "H",
        "playedYesterday": "N",
        "awayHomeSplits": "0.55 - 0.37",
        "savesAboveExp": -0.478,
        "gsaa": -24.51,
        "corsi": "49.9% (57.4) // 47.2% (54.2) // 43.7% (50.2) // 40.9% (50.3)",
        "fenwick": "50.8% (43.3) // 46.7% (41.2) // 43.1% (37.6) // 39.9% (37.0)",
        "shots": "50.0% (30.5) // 45.1% (29.0) // 41.6% (25.2) // 39.1% (26.3)",
        "scoring": "50.4% (28.1) // 45.9% (25.2) // 39.9% (21.8) // 37.5% (23.0)",
        "corsiAgainst": "50.1% (57.5) // 52.8% (60.6) // 56.3% (64.5) // 59.1% (72.7)",
        "fenwickAgainst": "49.2% (42.0) // 53.3% (47.1) // 56.9% (49.6) // 60.1% (55.7)",
        "shotsAgainst": "50.0% (30.5) // 54.9% (35.3) // 58.4% (35.4) // 60.9% (41.0)",
        "scoringAgainst": "49.6% (27.7) // 54.1% (29.7) // 60.1% (32.9) // 62.5% (38.3)",
        "oppCorsi": "48.6% (57.5) // 45.4% (53.7) // 45.5% (56.4) // 46.3% (54.4)",
        "oppFenwick": "49.8% (42.6) // 46.9% (40.6) // 48.2% (43.1) // 47.9% (42.1)",
        "oppShots": "50.5% (31.3) // 48.1% (30.6) // 48.3% (31.1) // 49.2% (30.2)",
        "oppScoring": "49.5% (29.5) // 45.9% (29.3) // 47.4% (32.8) // 49.0% (31.2)",
        "oppCorsiAgainst": "51.4% (60.8) // 54.6% (64.6) // 54.5% (67.7) // 53.7% (63.0)",
        "oppFenwickAgainst": "50.2% (42.9) // 53.1% (45.9) // 51.8% (46.3) // 52.1% (45.8)",
        "oppShotsAgainst": "49.5% (30.7) // 51.9% (33.0) // 51.7% (33.2) // 50.8% (31.2)",
        "oppScoringAgainst": "50.5% (30.0) // 54.1% (34.6) // 52.6% (36.4) // 51.0% (32.5)",
        "savesPerGame": 28.4,
        "savesPerGameLast1": 39.0,
        "savesPerGameLast3": 38.7,
        "savesPerGameLast5": 33.6,
        "savesPer60": 28.7,
        "savesPer60Last1": 37.5,
        "savesPer60Last3": 38.2,
        "savesPer60Last5": 33.8,
        "shotsPerGame": 31.1,
        "shotsPerGameLast5": 25.6,
        "shotsAgainstPerGame": 31.1,
        "shotsAgainstPerGameLast5": 36.0,
        "oppSavesAgainstPer60": 28.5,
        "oppSavesAgainstPer60Last1": 38.5,
        "oppSavesAgainstPer60Last3": 27.3,
        "oppSavesAgainstPer60Last5": 28.2,
        "oppShotsAgainstPerGame": 31.1,
        "oppShotsAgainstPerGameLast5": 33.6,
        "savesProj": 28.9,
        "savesProjLast5": 33.1,
        "savesProjLast3": 35.9,
        "oppSavesAgainstProj": 29.2,
        "oppSavesAgainstProjLast5": 34.5,
        "oppSavesAgainstProjLast3": 37.0,
        "totalOver": 41,
        "totalOverLast5": 60,
        "totalOverLast15": 60,
        "lastTotalOver": 39,
        "last5": "0,2,0,1,1,0,1,1,1,0",
        "overOdds": "+130",
        "underOdds": "-160",
        "overUnder": "+130 / -160"
    },
    {
        "player": "Ivan Barbashev",
        "team": "VGK",
        "opponent": "MIN",
        "propType": "pts",
        "line": 0.5,
        "ppLine": "PP1",
        "avg": 0.55,
        "hit": false,
        "diffAvg": 0.1,
        "diffAbs": 0.2,
        "lastAvg": 0.65,
        "diff": 0.3,
        "avgMin": 16,
        "proj": 0.6,
        "lastAvgMin": 16.43,
        "oppOver": 0,
        "teamOver": 0,
        "gameLine": "+115",
        "+/-": "+6",
        "L5_+/-": "+4.0",
        "prevMatchup": "2023-04-01 1.0 pts 2023-01-08 0.0 pts 2022-12-31 0.0 pts",
        "winLossSplits": "0.71 - 0.37",
        "awayHome": "A",
        "playedYesterday": "Y",
        "awayHomeSplits": "0.56 - 0.54",
