[
    {
        "player": "Anders Lee",
        "team": "NYI",
        "opponent": "CAR",
        "propType": "sog",
        "line": 2.5,
        "ppLine": "PP1",
        "avg": 2.62,
        "hit": false,
        "diffAvg": 0.05,
        "diffAbs": 0.16,
        "lastAvg": 2.09,
        "diff": -0.16,
        "avgMin": 17,
        "proj": 2.1,
        "lastAvgMin": 16.62,
        "oppOver": 0,
        "teamOver": 0,
        "gameLine": "+135",
        "+/-": -3,
        "L5_+/-": -2.0,
        "prevMatchup": "2023-04-23 2.0 sog 2023-04-21 4.0 sog 2023-04-19 2.0 sog 2023-04-17 4.0 sog 2023-04-02 0.0 sog 2023-01-21 1.0 sog 2022-12-10 0.0 sog 2022-10-28 0.0 sog",
        "winLossSplits": "58% - 40%",
        "awayHome": "A",
        "playedYesterday": "N",
        "awayHomeSplits": "51% - 47%",
        "savesAboveExp": -0.166,
        "gsaa": 3.66,
        "corsi": "49.6% (58.7) // 54.1% (65.8) // 49.6% (58.7) // 49.6% (58.7)",
        "fenwick": "49.5% (42.7) // 53.4% (47.0) // 49.5% (42.7) // 49.5% (42.7)",
        "shots": "49.8% (30.5) // 53.2% (32.4) // 49.8% (30.5) // 49.8% (30.5)",
        "scoring": "50.0% (30.4) // 52.7% (31.7) // 50.0% (30.4) // 50.0% (30.4)",
        "corsiAgainst": "50.4% (59.6) // 45.9% (55.9) // 50.4% (59.6) // 50.4% (59.6)",
        "fenwickAgainst": "50.5% (43.6) // 46.6% (40.9) // 50.5% (43.6) // 50.5% (43.6)",
        "shotsAgainst": "50.2% (30.7) // 46.8% (28.5) // 50.2% (30.7) // 50.2% (30.7)",
        "scoringAgainst": "50.0% (30.4) // 47.3% (28.4) // 50.0% (30.4) // 50.0% (30.4)",
        "oppCorsi": "59.9% (67.4) // 61.2% (68.8) // 59.9% (67.4) // 59.9% (67.4)",
        "oppFenwick": "59.1% (50.8) // 60.1% (51.8) // 59.1% (50.8) // 59.1% (50.8)",
        "oppShots": "57.2% (34.3) // 58.4% (34.4) // 57.2% (34.3) // 57.2% (34.3)",
        "oppScoring": "58.9% (33.3) // 62.3% (33.3) // 58.9% (33.3) // 58.9% (33.3)",
        "oppCorsiAgainst": "40.1% (45.2) // 38.8% (43.6) // 40.1% (45.2) // 40.1% (45.2)",
        "oppFenwickAgainst": "40.9% (35.1) // 39.9% (34.4) // 40.9% (35.1) // 40.9% (35.1)",
        "oppShotsAgainst": "42.8% (25.6) // 41.6% (24.5) // 42.8% (25.6) // 42.8% (25.6)",
        "oppScoringAgainst": "41.1% (23.3) // 37.7% (20.2) // 41.1% (23.3) // 41.1% (23.3)",
        "savesPerGame": 28.4,
        "savesPerGameLast1": 24.0,
        "savesPerGameLast3": 28.7,
        "savesPerGameLast5": 27.6,
        "savesPer60": 29.8,
        "savesPer60Last1": 24.0,
        "savesPer60Last3": 29.5,
        "savesPer60Last5": 27.9,
        "shotsPerGame": 30.8,
        "shotsPerGameLast5": 30.6,
        "shotsAgainstPerGame": 31.0,
        "shotsAgainstPerGameLast5": 30.4,
        "oppSavesAgainstPer60": 33.3,
        "oppSavesAgainstPer60Last1": 24.0,
        "oppSavesAgainstPer60Last3": 28.8,
        "oppSavesAgainstPer60Last5": 30.8,
        "oppShotsAgainstPerGame": 26.0,
        "oppShotsAgainstPerGameLast5": 30.4,
        "savesProj": 38.1,
        "savesProjLast5": 34.3,
        "savesProjLast3": 34.6,
        "oppSavesAgainstProj": 32.4,
        "oppSavesAgainstProjLast5": 26.9,
        "oppSavesAgainstProjLast3": 25.1,
        "totalOver": 49,
        "totalOverLast5": 40,
        "totalOverLast15": 33,
        "lastTotalOver": 33,
        "last5": "2,4,2,4,2,4,4,4,0,2",
        "overOdds": "+135",
        "underOdds": "-165",
        "overUnder": "+135 / -165"
    },
    {
        "player": "Bo Horvat",
        "team": "NYI",
        "opponent": "CAR",
        "propType": "sog",
        "line": 2.5,
        "ppLine": "PP1",
        "avg": 2.74,
        "hit": false,
        "diffAvg": 0.1,
        "diffAbs": 1.0,
        "lastAvg": 0,
        "diff": 0,
        "avgMin": 20,
        "proj": 0.0,
        "lastAvgMin": 0,
        "oppOver": 0,
        "teamOver": 0,
        "gameLine": "+135",
        "+/-": -1,
        "L5_+/-": "+3.0",
        "prevMatchup": "2023-04-23 1.0 sog 2023-04-21 2.0 sog 2023-04-19 2.0 sog 2023-04-17 2.0 sog 2023-04-02 2.0 sog",
        "winLossSplits": "56% - 44%",
        "awayHome": "A",
        "playedYesterday": "N",
        "awayHomeSplits": "53% - 47%",
        "savesAboveExp": -0.166,
        "gsaa": 3.66,
        "corsi": "49.6% (58.7) // 54.1% (65.8) // 49.6% (58.7) // 49.6% (58.7)",
        "fenwick": "49.5% (42.7) // 53.4% (47.0) // 49.5% (42.7) // 49.5% (42.7)",
        "shots": "49.8% (30.5) // 53.2% (32.4) // 49.8% (30.5) // 49.8% (30.5)",
        "scoring": "50.0% (30.4) // 52.7% (31.7) // 50.0% (30.4) // 50.0% (30.4)",
        "corsiAgainst": "50.4% (59.6) // 45.9% (55.9) // 50.4% (59.6) // 50.4% (59.6)",
        "fenwickAgainst": "50.5% (43.6) // 46.6% (40.9) // 50.5% (43.6) // 50.5% (43.6)",
        "shotsAgainst": "50.2% (30.7) // 46.8% (28.5) // 50.2% (30.7) // 50.2% (30.7)",
        "scoringAgainst": "50.0% (30.4) // 47.3% (28.4) // 50.0% (30.4) // 50.0% (30.4)",
        "oppCorsi": "59.9% (67.4) // 61.2% (68.8) // 59.9% (67.4) // 59.9% (67.4)",
        "oppFenwick": "59.1% (50.8) // 60.1% (51.8) // 59.1% (50.8) // 59.1% (50.8)",
        "oppShots": "57.2% (34.3) // 58.4% (34.4) // 57.2% (34.3) // 57.2% (34.3)",
        "oppScoring": "58.9% (33.3) // 62.3% (33.3) // 58.9% (33.3) // 58.9% (33.3)",
        "oppCorsiAgainst": "40.1% (45.2) // 38.8% (43.6) // 40.1% (45.2) // 40.1% (45.2)",
        "oppFenwickAgainst": "40.9% (35.1) // 39.9% (34.4) // 40.9% (35.1) // 40.9% (35.1)",
        "oppShotsAgainst": "42.8% (25.6) // 41.6% (24.5) // 42.8% (25.6) // 42.8% (25.6)",
        "oppScoringAgainst": "41.1% (23.3) // 37.7% (20.2) // 41.1% (23.3) // 41.1% (23.3)",
        "savesPerGame": 28.4,
        "savesPerGameLast1": 24.0,
        "savesPerGameLast3": 28.7,
        "savesPerGameLast5": 27.6,
        "savesPer60": 29.8,
        "savesPer60Last1": 24.0,
        "savesPer60Last3": 29.5,
        "savesPer60Last5": 27.9,
        "shotsPerGame": 30.8,
        "shotsPerGameLast5": 30.6,
        "shotsAgainstPerGame": 31.0,
        "shotsAgainstPerGameLast5": 30.4,
        "oppSavesAgainstPer60": 33.3,
        "oppSavesAgainstPer60Last1": 24.0,
        "oppSavesAgainstPer60Last3": 28.8,
        "oppSavesAgainstPer60Last5": 30.8,
        "oppShotsAgainstPerGame": 26.0,
        "oppShotsAgainstPerGameLast5": 30.4,
        "savesProj": 38.1,
        "savesProjLast5": 34.3,
        "savesProjLast3": 34.6,
        "oppSavesAgainstProj": 32.4,
        "oppSavesAgainstProjLast5": 26.9,
        "oppSavesAgainstProjLast3": 25.1,
        "totalOver": 50,
        "totalOverLast5": 20,
        "totalOverLast15": 33,
        "lastTotalOver": 0,
        "last5": "1,2,2,2,4,5,0,3,2,1",
        "overOdds": "+150",
        "underOdds": "-185",
        "overUnder": "+150 / -185"
    },
    {
        "player": "Brady Skjei",
        "team": "CAR",
        "opponent": "NYI",
        "propType": "sog",
        "line": 2.5,
        "ppLine": "PP2",
        "avg": 2.33,
        "hit": false,
        "diffAvg": -0.07,
        "diffAbs": 0.24,
        "lastAvg": 1.92,
        "diff": -0.23,
        "avgMin": 21,
        "proj": 1.9,
        "lastAvgMin": 21.13,
        "oppOver": 0,
        "teamOver": 0,
        "gameLine": "-155",
        "+/-": "+4",
        "L5_+/-": -9.0,
        "prevMatchup": "2023-04-23 1.0 sog 2023-04-21 2.0 sog 2023-04-19 3.0 sog 2023-04-17 4.0 sog 2023-04-02 3.0 sog 2023-01-21 0.0 sog 2022-12-10 5.0 sog 2022-10-28 2.0 sog",
        "winLossSplits": "52% - 32%",
        "awayHome": "H",
        "playedYesterday": "N",
        "awayHomeSplits": "43% - 47%",
        "savesAboveExp": 0.704,
        "gsaa": 35.99,
        "corsi": "59.9% (67.4) // 61.2% (68.8) // 59.9% (67.4) // 59.9% (67.4)",
        "fenwick": "59.1% (50.8) // 60.1% (51.8) // 59.1% (50.8) // 59.1% (50.8)",
        "shots": "57.2% (34.3) // 58.4% (34.4) // 57.2% (34.3) // 57.2% (34.3)",
        "scoring": "58.9% (33.3) // 62.3% (33.3) // 58.9% (33.3) // 58.9% (33.3)",
        "corsiAgainst": "40.1% (45.2) // 38.8% (43.6) // 40.1% (45.2) // 40.1% (45.2)",
        "fenwickAgainst": "40.9% (35.1) // 39.9% (34.4) // 40.9% (35.1) // 40.9% (35.1)",
        "shotsAgainst": "42.8% (25.6) // 41.6% (24.5) // 42.8% (25.6) // 42.8% (25.6)",
        "scoringAgainst": "41.1% (23.3) // 37.7% (20.2) // 41.1% (23.3) // 41.1% (23.3)",
        "oppCorsi": "49.6% (58.7) // 54.1% (65.8) // 49.6% (58.7) // 49.6% (58.7)",
        "oppFenwick": "49.5% (42.7) // 53.4% (47.0) // 49.5% (42.7) // 49.5% (42.7)",
        "oppShots": "49.8% (30.5) // 53.2% (32.4) // 49.8% (30.5) // 49.8% (30.5)",
        "oppScoring": "50.0% (30.4) // 52.7% (31.7) // 50.0% (30.4) // 50.0% (30.4)",
        "oppCorsiAgainst": "50.4% (59.6) // 45.9% (55.9) // 50.4% (59.6) // 50.4% (59.6)",
        "oppFenwickAgainst": "50.5% (43.6) // 46.6% (40.9) // 50.5% (43.6) // 50.5% (43.6)",
        "oppShotsAgainst": "50.2% (30.7) // 46.8% (28.5) // 50.2% (30.7) // 50.2% (30.7)",
        "oppScoringAgainst": "50.0% (30.4) // 47.3% (28.4) // 50.0% (30.4) // 50.0% (30.4)",
        "savesPerGame": 23.4,
        "savesPerGameLast1": 27.0,
        "savesPerGameLast3": 27.3,
        "savesPerGameLast5": 27.4,
        "savesPer60": 24.7,
        "savesPer60Last1": 27.0,
        "savesPer60Last3": 28.0,
        "savesPer60Last5": 27.8,
        "shotsPerGame": 34.8,
        "shotsPerGameLast5": 33.8,
        "shotsAgainstPerGame": 26.0,
        "shotsAgainstPerGameLast5": 30.4,
        "oppSavesAgainstPer60": 29.2,
        "oppSavesAgainstPer60Last1": 27.0,
        "oppSavesAgainstPer60Last3": 27.3,
        "oppSavesAgainstPer60Last5": 27.6,
        "oppShotsAgainstPerGame": 31.0,
        "oppShotsAgainstPerGameLast5": 30.4,
        "savesProj": 23.0,
        "savesProjLast5": 25.7,
        "savesProjLast3": 25.7,
        "oppSavesAgainstProj": 23.9,
        "oppSavesAgainstProjLast5": 25.0,
        "oppSavesAgainstProjLast3": 25.6,
        "totalOver": 45,
        "totalOverLast5": 60,
        "totalOverLast15": 47,
        "lastTotalOver": 35,
        "last5": "1,2,3,4,4,1,1,2,5,3",
        "overOdds": "+105",
        "underOdds": "-135",
        "overUnder": "+105 / -135"
    },
    {
        "player": "Brent Burns",
        "team": "CAR",
        "opponent": "NYI",
        "propType": "sog",
        "line": 3.5,
        "ppLine": "PP1",
        "avg": 3.15,
        "hit": false,
        "diffAvg": -0.1,
        "diffAbs": 0.37,
        "lastAvg": 2.48,
        "diff": -0.29,
        "avgMin": 23,
        "proj": 2.2,
        "lastAvgMin": 26.13,
        "oppOver": 0,
        "teamOver": 0,
        "gameLine": "-155",
        "+/-": "+20",
        "L5_+/-": "+5.0",
        "prevMatchup": "2023-04-23 5.0 sog 2023-04-21 1.0 sog 2023-04-19 4.0 sog 2023-04-17 6.0 sog 2023-04-02 3.0 sog 2023-01-21 3.0 sog 2022-12-10 2.0 sog 2022-10-28 5.0 sog",
        "winLossSplits": "29% - 45%",
        "awayHome": "H",
        "playedYesterday": "N",
        "awayHomeSplits": "40% - 30%",
        "savesAboveExp": 0.704,
        "gsaa": 35.99,
        "corsi": "59.9% (67.4) // 61.2% (68.8) // 59.9% (67.4) // 59.9% (67.4)",
        "fenwick": "59.1% (50.8) // 60.1% (51.8) // 59.1% (50.8) // 59.1% (50.8)",
        "shots": "57.2% (34.3) // 58.4% (34.4) // 57.2% (34.3) // 57.2% (34.3)",
        "scoring": "58.9% (33.3) // 62.3% (33.3) // 58.9% (33.3) // 58.9% (33.3)",
        "corsiAgainst": "40.1% (45.2) // 38.8% (43.6) // 40.1% (45.2) // 40.1% (45.2)",
        "fenwickAgainst": "40.9% (35.1) // 39.9% (34.4) // 40.9% (35.1) // 40.9% (35.1)",
        "shotsAgainst": "42.8% (25.6) // 41.6% (24.5) // 42.8% (25.6) // 42.8% (25.6)",
        "scoringAgainst": "41.1% (23.3) // 37.7% (20.2) // 41.1% (23.3) // 41.1% (23.3)",
        "oppCorsi": "49.6% (58.7) // 54.1% (65.8) // 49.6% (58.7) // 49.6% (58.7)",
        "oppFenwick": "49.5% (42.7) // 53.4% (47.0) // 49.5% (42.7) // 49.5% (42.7)",
        "oppShots": "49.8% (30.5) // 53.2% (32.4) // 49.8% (30.5) // 49.8% (30.5)",
        "oppScoring": "50.0% (30.4) // 52.7% (31.7) // 50.0% (30.4) // 50.0% (30.4)",
        "oppCorsiAgainst": "50.4% (59.6) // 45.9% (55.9) // 50.4% (59.6) // 50.4% (59.6)",
        "oppFenwickAgainst": "50.5% (43.6) // 46.6% (40.9) // 50.5% (43.6) // 50.5% (43.6)",
        "oppShotsAgainst": "50.2% (30.7) // 46.8% (28.5) // 50.2% (30.7) // 50.2% (30.7)",
        "oppScoringAgainst": "50.0% (30.4) // 47.3% (28.4) // 50.0% (30.4) // 50.0% (30.4)",
        "savesPerGame": 23.4,
        "savesPerGameLast1": 27.0,
        "savesPerGameLast3": 27.3,
        "savesPerGameLast5": 27.4,
        "savesPer60": 24.7,
        "savesPer60Last1": 27.0,
        "savesPer60Last3": 28.0,
        "savesPer60Last5": 27.8,
        "shotsPerGame": 34.8,
        "shotsPerGameLast5": 33.8,
        "shotsAgainstPerGame": 26.0,
        "shotsAgainstPerGameLast5": 30.4,
        "oppSavesAgainstPer60": 29.2,
        "oppSavesAgainstPer60Last1": 27.0,
        "oppSavesAgainstPer60Last3": 27.3,
        "oppSavesAgainstPer60Last5": 27.6,
        "oppShotsAgainstPerGame": 31.0,
        "oppShotsAgainstPerGameLast5": 30.4,
        "savesProj": 23.0,
        "savesProjLast5": 25.7,
        "savesProjLast3": 25.7,
        "oppSavesAgainstProj": 23.9,
        "oppSavesAgainstProjLast5": 25.0,
        "oppSavesAgainstProjLast3": 25.6,
        "totalOver": 35,
        "totalOverLast5": 80,
        "totalOverLast15": 47,
        "lastTotalOver": 18,
        "last5": "5,1,4,6,5,3,5,3,7,1",
        "overOdds": "+100",
        "underOdds": "-130",
        "overUnder": "+100 / -130"
    },
    {
        "player": "Brett Pesce",
        "team": "CAR",
        "opponent": "NYI",
        "propType": "sog",
        "line": 1.5,
        "ppLine": "",
        "avg": 1.78,
        "hit": false,
        "diffAvg": 0.19,
        "diffAbs": 0.13,
        "lastAvg": 1.76,
        "diff": 0.17,
        "avgMin": 21,
        "proj": 1.7,
        "lastAvgMin": 21.7,
        "oppOver": 0,
        "teamOver": 0,
        "gameLine": "-155",
        "+/-": "+9",
        "L5_+/-": -5.0,
        "prevMatchup": "2023-04-23 1.0 sog 2023-04-21 3.0 sog 2023-04-19 2.0 sog 2023-04-17 3.0 sog 2023-04-02 0.0 sog 2023-01-21 1.0 sog 2022-12-10 0.0 sog 2022-10-28 5.0 sog",
        "winLossSplits": "58% - 39%",
        "awayHome": "H",
        "playedYesterday": "N",
        "awayHomeSplits": "47% - 56%",
        "savesAboveExp": 0.704,
        "gsaa": 35.99,
        "corsi": "59.9% (67.4) // 61.2% (68.8) // 59.9% (67.4) // 59.9% (67.4)",
        "fenwick": "59.1% (50.8) // 60.1% (51.8) // 59.1% (50.8) // 59.1% (50.8)",
        "shots": "57.2% (34.3) // 58.4% (34.4) // 57.2% (34.3) // 57.2% (34.3)",
        "scoring": "58.9% (33.3) // 62.3% (33.3) // 58.9% (33.3) // 58.9% (33.3)",
        "corsiAgainst": "40.1% (45.2) // 38.8% (43.6) // 40.1% (45.2) // 40.1% (45.2)",
        "fenwickAgainst": "40.9% (35.1) // 39.9% (34.4) // 40.9% (35.1) // 40.9% (35.1)",
        "shotsAgainst": "42.8% (25.6) // 41.6% (24.5) // 42.8% (25.6) // 42.8% (25.6)",
        "scoringAgainst": "41.1% (23.3) // 37.7% (20.2) // 41.1% (23.3) // 41.1% (23.3)",
        "oppCorsi": "49.6% (58.7) // 54.1% (65.8) // 49.6% (58.7) // 49.6% (58.7)",
        "oppFenwick": "49.5% (42.7) // 53.4% (47.0) // 49.5% (42.7) // 49.5% (42.7)",
        "oppShots": "49.8% (30.5) // 53.2% (32.4) // 49.8% (30.5) // 49.8% (30.5)",
        "oppScoring": "50.0% (30.4) // 52.7% (31.7) // 50.0% (30.4) // 50.0% (30.4)",
        "oppCorsiAgainst": "50.4% (59.6) // 45.9% (55.9) // 50.4% (59.6) // 50.4% (59.6)",
        "oppFenwickAgainst": "50.5% (43.6) // 46.6% (40.9) // 50.5% (43.6) // 50.5% (43.6)",
        "oppShotsAgainst": "50.2% (30.7) // 46.8% (28.5) // 50.2% (30.7) // 50.2% (30.7)",
        "oppScoringAgainst": "50.0% (30.4) // 47.3% (28.4) // 50.0% (30.4) // 50.0% (30.4)",
        "savesPerGame": 23.4,
        "savesPerGameLast1": 27.0,
        "savesPerGameLast3": 27.3,
        "savesPerGameLast5": 27.4,
        "savesPer60": 24.7,
        "savesPer60Last1": 27.0,
        "savesPer60Last3": 28.0,
        "savesPer60Last5": 27.8,
        "shotsPerGame": 34.8,
        "shotsPerGameLast5": 33.8,
        "shotsAgainstPerGame": 26.0,
        "shotsAgainstPerGameLast5": 30.4,
        "oppSavesAgainstPer60": 29.2,
        "oppSavesAgainstPer60Last1": 27.0,
        "oppSavesAgainstPer60Last3": 27.3,
        "oppSavesAgainstPer60Last5": 27.6,
        "oppShotsAgainstPerGame": 31.0,
        "oppShotsAgainstPerGameLast5": 30.4,
        "savesProj": 23.0,
        "savesProjLast5": 25.7,
        "savesProjLast3": 25.7,
        "oppSavesAgainstProj": 23.9,
        "oppSavesAgainstProjLast5": 25.0,
        "oppSavesAgainstProjLast3": 25.6,
        "totalOver": 51,
        "totalOverLast5": 60,
        "totalOverLast15": 53,
        "lastTotalOver": 59,
        "last5": "1,3,2,3,1,2,1,0,2,4",
        "overOdds": "-140",
        "underOdds": "+110",
        "overUnder": "-140 / +110"
    },
    {
        "player": "Brock Nelson",
        "team": "NYI",
        "opponent": "CAR",
        "propType": "sog",
        "line": 2.5,
        "ppLine": "PP1",
        "avg": 2.71,
        "hit": false,
        "diffAvg": 0.08,
        "diffAbs": 0.04,
        "lastAvg": 2.38,
        "diff": -0.05,
        "avgMin": 18,
        "proj": 2.4,
        "lastAvgMin": 17.67,
        "oppOver": 0,
        "teamOver": 0,
        "gameLine": "+135",
        "+/-": "+17",
        "L5_+/-": "+6.0",
        "prevMatchup": "2023-04-23 3.0 sog 2023-04-21 3.0 sog 2023-04-19 3.0 sog 2023-04-17 2.0 sog 2023-04-02 0.0 sog 2023-01-21 4.0 sog 2022-12-10 3.0 sog 2022-10-28 3.0 sog",
        "winLossSplits": "56% - 37%",
        "awayHome": "A",
        "playedYesterday": "N",
        "awayHomeSplits": "40% - 53%",
        "savesAboveExp": -0.166,
        "gsaa": 3.66,
        "corsi": "49.6% (58.7) // 54.1% (65.8) // 49.6% (58.7) // 49.6% (58.7)",
        "fenwick": "49.5% (42.7) // 53.4% (47.0) // 49.5% (42.7) // 49.5% (42.7)",
        "shots": "49.8% (30.5) // 53.2% (32.4) // 49.8% (30.5) // 49.8% (30.5)",
        "scoring": "50.0% (30.4) // 52.7% (31.7) // 50.0% (30.4) // 50.0% (30.4)",
        "corsiAgainst": "50.4% (59.6) // 45.9% (55.9) // 50.4% (59.6) // 50.4% (59.6)",
        "fenwickAgainst": "50.5% (43.6) // 46.6% (40.9) // 50.5% (43.6) // 50.5% (43.6)",
        "shotsAgainst": "50.2% (30.7) // 46.8% (28.5) // 50.2% (30.7) // 50.2% (30.7)",
        "scoringAgainst": "50.0% (30.4) // 47.3% (28.4) // 50.0% (30.4) // 50.0% (30.4)",
        "oppCorsi": "59.9% (67.4) // 61.2% (68.8) // 59.9% (67.4) // 59.9% (67.4)",
        "oppFenwick": "59.1% (50.8) // 60.1% (51.8) // 59.1% (50.8) // 59.1% (50.8)",
        "oppShots": "57.2% (34.3) // 58.4% (34.4) // 57.2% (34.3) // 57.2% (34.3)",
        "oppScoring": "58.9% (33.3) // 62.3% (33.3) // 58.9% (33.3) // 58.9% (33.3)",
        "oppCorsiAgainst": "40.1% (45.2) // 38.8% (43.6) // 40.1% (45.2) // 40.1% (45.2)",
        "oppFenwickAgainst": "40.9% (35.1) // 39.9% (34.4) // 40.9% (35.1) // 40.9% (35.1)",
        "oppShotsAgainst": "42.8% (25.6) // 41.6% (24.5) // 42.8% (25.6) // 42.8% (25.6)",
        "oppScoringAgainst": "41.1% (23.3) // 37.7% (20.2) // 41.1% (23.3) // 41.1% (23.3)",
        "savesPerGame": 28.4,
        "savesPerGameLast1": 24.0,
        "savesPerGameLast3": 28.7,
        "savesPerGameLast5": 27.6,
        "savesPer60": 29.8,
        "savesPer60Last1": 24.0,
        "savesPer60Last3": 29.5,
        "savesPer60Last5": 27.9,
        "shotsPerGame": 30.8,
        "shotsPerGameLast5": 30.6,
        "shotsAgainstPerGame": 31.0,
        "shotsAgainstPerGameLast5": 30.4,
        "oppSavesAgainstPer60": 33.3,
        "oppSavesAgainstPer60Last1": 24.0,
        "oppSavesAgainstPer60Last3": 28.8,
        "oppSavesAgainstPer60Last5": 30.8,
        "oppShotsAgainstPerGame": 26.0,
        "oppShotsAgainstPerGameLast5": 30.4,
        "savesProj": 38.1,
        "savesProjLast5": 34.3,
        "savesProjLast3": 34.6,
        "oppSavesAgainstProj": 32.4,
        "oppSavesAgainstProjLast5": 26.9,
        "oppSavesAgainstProjLast3": 25.1,
        "totalOver": 47,
        "totalOverLast5": 80,
        "totalOverLast15": 40,
        "lastTotalOver": 49,
        "last5": "3,3,3,2,4,1,1,4,0,1",
        "overOdds": "+110",
        "underOdds": "-140",
        "overUnder": "+110 / -140"
    },
    {
        "player": "Jesperi Kotkaniemi",
        "team": "CAR",
        "opponent": "NYI",
        "propType": "sog",
        "line": 1.5,
        "ppLine": "PP2",
        "avg": 1.53,
        "hit": false,
        "diffAvg": 0.02,
        "diffAbs": 0.2,
        "lastAvg": 1.01,
        "diff": -0.33,
        "avgMin": 14,
        "proj": 1.2,
        "lastAvgMin": 12.02,
        "oppOver": 0,
        "teamOver": 0,
        "gameLine": "-155",
        "+/-": "+7",
        "L5_+/-": -4.0,
        "prevMatchup": "2023-04-23 0.0 sog 2023-04-21 0.0 sog 2023-04-19 1.0 sog 2023-04-17 2.0 sog 2023-04-02 4.0 sog 2023-01-21 1.0 sog 2022-12-10 2.0 sog 2022-10-28 2.0 sog",
        "winLossSplits": "44% - 55%",
        "awayHome": "H",
        "playedYesterday": "N",
        "awayHomeSplits": "49% - 47%",
        "savesAboveExp": 0.704,
        "gsaa": 35.99,
        "corsi": "59.9% (67.4) // 61.2% (68.8) // 59.9% (67.4) // 59.9% (67.4)",
        "fenwick": "59.1% (50.8) // 60.1% (51.8) // 59.1% (50.8) // 59.1% (50.8)",
        "shots": "57.2% (34.3) // 58.4% (34.4) // 57.2% (34.3) // 57.2% (34.3)",
        "scoring": "58.9% (33.3) // 62.3% (33.3) // 58.9% (33.3) // 58.9% (33.3)",
        "corsiAgainst": "40.1% (45.2) // 38.8% (43.6) // 40.1% (45.2) // 40.1% (45.2)",
        "fenwickAgainst": "40.9% (35.1) // 39.9% (34.4) // 40.9% (35.1) // 40.9% (35.1)",
        "shotsAgainst": "42.8% (25.6) // 41.6% (24.5) // 42.8% (25.6) // 42.8% (25.6)",
        "scoringAgainst": "41.1% (23.3) // 37.7% (20.2) // 41.1% (23.3) // 41.1% (23.3)",
        "oppCorsi": "49.6% (58.7) // 54.1% (65.8) // 49.6% (58.7) // 49.6% (58.7)",
        "oppFenwick": "49.5% (42.7) // 53.4% (47.0) // 49.5% (42.7) // 49.5% (42.7)",
        "oppShots": "49.8% (30.5) // 53.2% (32.4) // 49.8% (30.5) // 49.8% (30.5)",
        "oppScoring": "50.0% (30.4) // 52.7% (31.7) // 50.0% (30.4) // 50.0% (30.4)",
        "oppCorsiAgainst": "50.4% (59.6) // 45.9% (55.9) // 50.4% (59.6) // 50.4% (59.6)",
        "oppFenwickAgainst": "50.5% (43.6) // 46.6% (40.9) // 50.5% (43.6) // 50.5% (43.6)",
        "oppShotsAgainst": "50.2% (30.7) // 46.8% (28.5) // 50.2% (30.7) // 50.2% (30.7)",
        "oppScoringAgainst": "50.0% (30.4) // 47.3% (28.4) // 50.0% (30.4) // 50.0% (30.4)",
        "savesPerGame": 23.4,
        "savesPerGameLast1": 27.0,
        "savesPerGameLast3": 27.3,
        "savesPerGameLast5": 27.4,
        "savesPer60": 24.7,
        "savesPer60Last1": 27.0,
        "savesPer60Last3": 28.0,
        "savesPer60Last5": 27.8,
        "shotsPerGame": 34.8,
        "shotsPerGameLast5": 33.8,
        "shotsAgainstPerGame": 26.0,
        "shotsAgainstPerGameLast5": 30.4,
        "oppSavesAgainstPer60": 29.2,
        "oppSavesAgainstPer60Last1": 27.0,
        "oppSavesAgainstPer60Last3": 27.3,
        "oppSavesAgainstPer60Last5": 27.6,
        "oppShotsAgainstPerGame": 31.0,
        "oppShotsAgainstPerGameLast5": 30.4,
        "savesProj": 23.0,
        "savesProjLast5": 25.7,
        "savesProjLast3": 25.7,
        "oppSavesAgainstProj": 23.9,
        "oppSavesAgainstProjLast5": 25.0,
        "oppSavesAgainstProjLast3": 25.6,
        "totalOver": 48,
        "totalOverLast5": 40,
        "totalOverLast15": 53,
        "lastTotalOver": 47,
        "last5": "0,0,1,2,4,3,0,5,3,2",
        "overOdds": "-135",
        "underOdds": "+105",
        "overUnder": "-135 / +105"
    },
    {
        "player": "Jordan Martinook",
        "team": "CAR",
        "opponent": "NYI",
        "propType": "sog",
        "line": 2.5,
        "ppLine": "",
        "avg": 2.01,
        "hit": false,
        "diffAvg": -0.2,
        "diffAbs": 0.36,
        "lastAvg": 1.18,
        "diff": -0.53,
        "avgMin": 15,
        "proj": 1.6,
        "lastAvgMin": 11.2,
        "oppOver": 0,
        "teamOver": 0,
        "gameLine": "-155",
        "+/-": "+7",
        "L5_+/-": "+2.0",
        "prevMatchup": "2023-04-23 2.0 sog 2023-04-21 4.0 sog 2023-04-19 2.0 sog 2023-04-17 3.0 sog 2023-04-02 5.0 sog 2023-01-21 2.0 sog 2022-12-10 0.0 sog 2022-10-28 2.0 sog",
        "winLossSplits": "24% - 35%",
        "awayHome": "H",
        "playedYesterday": "N",
        "awayHomeSplits": "19% - 37%",
        "savesAboveExp": 0.704,
        "gsaa": 35.99,
        "corsi": "59.9% (67.4) // 61.2% (68.8) // 59.9% (67.4) // 59.9% (67.4)",
        "fenwick": "59.1% (50.8) // 60.1% (51.8) // 59.1% (50.8) // 59.1% (50.8)",
        "shots": "57.2% (34.3) // 58.4% (34.4) // 57.2% (34.3) // 57.2% (34.3)",
        "scoring": "58.9% (33.3) // 62.3% (33.3) // 58.9% (33.3) // 58.9% (33.3)",
        "corsiAgainst": "40.1% (45.2) // 38.8% (43.6) // 40.1% (45.2) // 40.1% (45.2)",
        "fenwickAgainst": "40.9% (35.1) // 39.9% (34.4) // 40.9% (35.1) // 40.9% (35.1)",
        "shotsAgainst": "42.8% (25.6) // 41.6% (24.5) // 42.8% (25.6) // 42.8% (25.6)",
        "scoringAgainst": "41.1% (23.3) // 37.7% (20.2) // 41.1% (23.3) // 41.1% (23.3)",
        "oppCorsi": "49.6% (58.7) // 54.1% (65.8) // 49.6% (58.7) // 49.6% (58.7)",
        "oppFenwick": "49.5% (42.7) // 53.4% (47.0) // 49.5% (42.7) // 49.5% (42.7)",
        "oppShots": "49.8% (30.5) // 53.2% (32.4) // 49.8% (30.5) // 49.8% (30.5)",
        "oppScoring": "50.0% (30.4) // 52.7% (31.7) // 50.0% (30.4) // 50.0% (30.4)",
        "oppCorsiAgainst": "50.4% (59.6) // 45.9% (55.9) // 50.4% (59.6) // 50.4% (59.6)",
        "oppFenwickAgainst": "50.5% (43.6) // 46.6% (40.9) // 50.5% (43.6) // 50.5% (43.6)",
        "oppShotsAgainst": "50.2% (30.7) // 46.8% (28.5) // 50.2% (30.7) // 50.2% (30.7)",
        "oppScoringAgainst": "50.0% (30.4) // 47.3% (28.4) // 50.0% (30.4) // 50.0% (30.4)",
        "savesPerGame": 23.4,
        "savesPerGameLast1": 27.0,
        "savesPerGameLast3": 27.3,
        "savesPerGameLast5": 27.4,
        "savesPer60": 24.7,
        "savesPer60Last1": 27.0,
        "savesPer60Last3": 28.0,
        "savesPer60Last5": 27.8,
        "shotsPerGame": 34.8,
        "shotsPerGameLast5": 33.8,
        "shotsAgainstPerGame": 26.0,
        "shotsAgainstPerGameLast5": 30.4,
        "oppSavesAgainstPer60": 29.2,
        "oppSavesAgainstPer60Last1": 27.0,
        "oppSavesAgainstPer60Last3": 27.3,
        "oppSavesAgainstPer60Last5": 27.6,
        "oppShotsAgainstPerGame": 31.0,
        "oppShotsAgainstPerGameLast5": 30.4,
        "savesProj": 23.0,
        "savesProjLast5": 25.7,
        "savesProjLast3": 25.7,
        "oppSavesAgainstProj": 23.9,
        "oppSavesAgainstProjLast5": 25.0,
        "oppSavesAgainstProjLast3": 25.6,
        "totalOver": 28,
        "totalOverLast5": 40,
        "totalOverLast15": 27,
        "lastTotalOver": 33,
        "last5": "2,4,2,3,1,2,0,2,3,2",
        "overOdds": "+150",
        "underOdds": "-185",
        "overUnder": "+150 / -185"
    },
    {
        "player": "Kyle Palmieri",
        "team": "NYI",
        "opponent": "CAR",
        "propType": "sog",
        "line": 1.5,
        "ppLine": "PP2",
        "avg": 2.2,
        "hit": false,
        "diffAvg": 0.47,
        "diffAbs": 0.67,
        "lastAvg": 2.26,
        "diff": 0.51,
        "avgMin": 17,
        "proj": 2.5,
        "lastAvgMin": 15.62,
        "oppOver": 0,
        "teamOver": 0,
        "gameLine": "+135",
        "+/-": "+16",
        "L5_+/-": "+6.0",
        "prevMatchup": "2023-04-23 0.0 sog 2023-04-21 1.0 sog 2023-04-19 4.0 sog 2023-04-17 3.0 sog 2023-04-02 2.0 sog 2022-10-28 3.0 sog",
        "winLossSplits": "72% - 59%",
        "awayHome": "A",
        "playedYesterday": "N",
        "awayHomeSplits": "68% - 64%",
        "savesAboveExp": -0.166,
        "gsaa": 3.66,
        "corsi": "49.6% (58.7) // 54.1% (65.8) // 49.6% (58.7) // 49.6% (58.7)",
        "fenwick": "49.5% (42.7) // 53.4% (47.0) // 49.5% (42.7) // 49.5% (42.7)",
        "shots": "49.8% (30.5) // 53.2% (32.4) // 49.8% (30.5) // 49.8% (30.5)",
        "scoring": "50.0% (30.4) // 52.7% (31.7) // 50.0% (30.4) // 50.0% (30.4)",
        "corsiAgainst": "50.4% (59.6) // 45.9% (55.9) // 50.4% (59.6) // 50.4% (59.6)",
        "fenwickAgainst": "50.5% (43.6) // 46.6% (40.9) // 50.5% (43.6) // 50.5% (43.6)",
        "shotsAgainst": "50.2% (30.7) // 46.8% (28.5) // 50.2% (30.7) // 50.2% (30.7)",
        "scoringAgainst": "50.0% (30.4) // 47.3% (28.4) // 50.0% (30.4) // 50.0% (30.4)",
        "oppCorsi": "59.9% (67.4) // 61.2% (68.8) // 59.9% (67.4) // 59.9% (67.4)",
        "oppFenwick": "59.1% (50.8) // 60.1% (51.8) // 59.1% (50.8) // 59.1% (50.8)",
        "oppShots": "57.2% (34.3) // 58.4% (34.4) // 57.2% (34.3) // 57.2% (34.3)",
        "oppScoring": "58.9% (33.3) // 62.3% (33.3) // 58.9% (33.3) // 58.9% (33.3)",
        "oppCorsiAgainst": "40.1% (45.2) // 38.8% (43.6) // 40.1% (45.2) // 40.1% (45.2)",
        "oppFenwickAgainst": "40.9% (35.1) // 39.9% (34.4) // 40.9% (35.1) // 40.9% (35.1)",
        "oppShotsAgainst": "42.8% (25.6) // 41.6% (24.5) // 42.8% (25.6) // 42.8% (25.6)",
        "oppScoringAgainst": "41.1% (23.3) // 37.7% (20.2) // 41.1% (23.3) // 41.1% (23.3)",
        "savesPerGame": 28.4,
        "savesPerGameLast1": 24.0,
        "savesPerGameLast3": 28.7,
        "savesPerGameLast5": 27.6,
        "savesPer60": 29.8,
        "savesPer60Last1": 24.0,
        "savesPer60Last3": 29.5,
        "savesPer60Last5": 27.9,
        "shotsPerGame": 30.8,
        "shotsPerGameLast5": 30.6,
        "shotsAgainstPerGame": 31.0,
        "shotsAgainstPerGameLast5": 30.4,
        "oppSavesAgainstPer60": 33.3,
        "oppSavesAgainstPer60Last1": 24.0,
        "oppSavesAgainstPer60Last3": 28.8,
        "oppSavesAgainstPer60Last5": 30.8,
        "oppShotsAgainstPerGame": 26.0,
        "oppShotsAgainstPerGameLast5": 30.4,
        "savesProj": 38.1,
        "savesProjLast5": 34.3,
        "savesProjLast3": 34.6,
        "oppSavesAgainstProj": 32.4,
        "oppSavesAgainstProjLast5": 26.9,
        "oppSavesAgainstProjLast3": 25.1,
        "totalOver": 66,
        "totalOverLast5": 60,
        "totalOverLast15": 67,
        "lastTotalOver": 69,
        "last5": "0,1,4,3,3,3,2,3,2,4",
        "overOdds": "-165",
        "underOdds": "+135",
        "overUnder": "-165 / +135"
    },
    {
        "player": "Martin Necas",
        "team": "CAR",
        "opponent": "NYI",
        "propType": "sog",
        "line": 2.5,
        "ppLine": "PP1",
        "avg": 2.93,
        "hit": false,
        "diffAvg": 0.17,
        "diffAbs": 0.24,
        "lastAvg": 1.73,
        "diff": -0.31,
        "avgMin": 18,
        "proj": 1.9,
        "lastAvgMin": 16.18,
        "oppOver": 0,
        "teamOver": 0,
        "gameLine": "-155",
        "+/-": "+2",
        "L5_+/-": -1.0,
        "prevMatchup": "2023-04-23 3.0 sog 2023-04-21 3.0 sog 2023-04-19 3.0 sog 2023-04-17 3.0 sog 2023-04-02 4.0 sog 2023-01-21 0.0 sog 2022-12-10 3.0 sog 2022-10-28 2.0 sog",
        "winLossSplits": "62% - 45%",
        "awayHome": "H",
        "playedYesterday": "N",
        "awayHomeSplits": "65% - 47%",
        "savesAboveExp": 0.704,
        "gsaa": 35.99,
        "corsi": "59.9% (67.4) // 61.2% (68.8) // 59.9% (67.4) // 59.9% (67.4)",
        "fenwick": "59.1% (50.8) // 60.1% (51.8) // 59.1% (50.8) // 59.1% (50.8)",
        "shots": "57.2% (34.3) // 58.4% (34.4) // 57.2% (34.3) // 57.2% (34.3)",
        "scoring": "58.9% (33.3) // 62.3% (33.3) // 58.9% (33.3) // 58.9% (33.3)",
        "corsiAgainst": "40.1% (45.2) // 38.8% (43.6) // 40.1% (45.2) // 40.1% (45.2)",
        "fenwickAgainst": "40.9% (35.1) // 39.9% (34.4) // 40.9% (35.1) // 40.9% (35.1)",
        "shotsAgainst": "42.8% (25.6) // 41.6% (24.5) // 42.8% (25.6) // 42.8% (25.6)",
        "scoringAgainst": "41.1% (23.3) // 37.7% (20.2) // 41.1% (23.3) // 41.1% (23.3)",
        "oppCorsi": "49.6% (58.7) // 54.1% (65.8) // 49.6% (58.7) // 49.6% (58.7)",
        "oppFenwick": "49.5% (42.7) // 53.4% (47.0) // 49.5% (42.7) // 49.5% (42.7)",
        "oppShots": "49.8% (30.5) // 53.2% (32.4) // 49.8% (30.5) // 49.8% (30.5)",
        "oppScoring": "50.0% (30.4) // 52.7% (31.7) // 50.0% (30.4) // 50.0% (30.4)",
        "oppCorsiAgainst": "50.4% (59.6) // 45.9% (55.9) // 50.4% (59.6) // 50.4% (59.6)",
        "oppFenwickAgainst": "50.5% (43.6) // 46.6% (40.9) // 50.5% (43.6) // 50.5% (43.6)",
        "oppShotsAgainst": "50.2% (30.7) // 46.8% (28.5) // 50.2% (30.7) // 50.2% (30.7)",
        "oppScoringAgainst": "50.0% (30.4) // 47.3% (28.4) // 50.0% (30.4) // 50.0% (30.4)",
        "savesPerGame": 23.4,
        "savesPerGameLast1": 27.0,
        "savesPerGameLast3": 27.3,
        "savesPerGameLast5": 27.4,
        "savesPer60": 24.7,
        "savesPer60Last1": 27.0,
        "savesPer60Last3": 28.0,
        "savesPer60Last5": 27.8,
        "shotsPerGame": 34.8,
        "shotsPerGameLast5": 33.8,
        "shotsAgainstPerGame": 26.0,
        "shotsAgainstPerGameLast5": 30.4,
        "oppSavesAgainstPer60": 29.2,
        "oppSavesAgainstPer60Last1": 27.0,
        "oppSavesAgainstPer60Last3": 27.3,
        "oppSavesAgainstPer60Last5": 27.6,
        "oppShotsAgainstPerGame": 31.0,
        "oppShotsAgainstPerGameLast5": 30.4,
        "savesProj": 23.0,
        "savesProjLast5": 25.7,
        "savesProjLast3": 25.7,
        "oppSavesAgainstProj": 23.9,
        "oppSavesAgainstProjLast5": 25.0,
        "oppSavesAgainstProjLast3": 25.6,
        "totalOver": 56,
        "totalOverLast5": 80,
        "totalOverLast15": 47,
        "lastTotalOver": 37,
        "last5": "3,3,3,3,2,2,2,0,2,5",
        "overOdds": "-140",
        "underOdds": "+110",
        "overUnder": "-140 / +110"
    },
    {
        "player": "Mathew Barzal",
        "team": "NYI",
        "opponent": "CAR",
        "propType": "sog",
        "line": 1.5,
        "ppLine": "PP1",
        "avg": 2.42,
        "hit": false,
        "diffAvg": 0.61,
        "diffAbs": 0.47,
        "lastAvg": 2.21,
        "diff": 0.47,
        "avgMin": 18,
        "proj": 2.2,
        "lastAvgMin": 18.02,
        "oppOver": 0,
        "teamOver": 0,
        "gameLine": "+135",
        "+/-": "+5",
        "L5_+/-": "+2.0",
        "prevMatchup": "2023-04-23 2.0 sog 2023-04-21 4.0 sog 2023-04-19 3.0 sog 2023-04-17 2.0 sog 2023-01-21 6.0 sog 2022-12-10 1.0 sog 2022-10-28 3.0 sog",
        "winLossSplits": "66% - 70%",
        "awayHome": "A",
        "playedYesterday": "N",
        "awayHomeSplits": "67% - 69%",
        "savesAboveExp": -0.166,
        "gsaa": 3.66,
        "corsi": "49.6% (58.7) // 54.1% (65.8) // 49.6% (58.7) // 49.6% (58.7)",
        "fenwick": "49.5% (42.7) // 53.4% (47.0) // 49.5% (42.7) // 49.5% (42.7)",
        "shots": "49.8% (30.5) // 53.2% (32.4) // 49.8% (30.5) // 49.8% (30.5)",
        "scoring": "50.0% (30.4) // 52.7% (31.7) // 50.0% (30.4) // 50.0% (30.4)",
        "corsiAgainst": "50.4% (59.6) // 45.9% (55.9) // 50.4% (59.6) // 50.4% (59.6)",
        "fenwickAgainst": "50.5% (43.6) // 46.6% (40.9) // 50.5% (43.6) // 50.5% (43.6)",
        "shotsAgainst": "50.2% (30.7) // 46.8% (28.5) // 50.2% (30.7) // 50.2% (30.7)",
        "scoringAgainst": "50.0% (30.4) // 47.3% (28.4) // 50.0% (30.4) // 50.0% (30.4)",
        "oppCorsi": "59.9% (67.4) // 61.2% (68.8) // 59.9% (67.4) // 59.9% (67.4)",
        "oppFenwick": "59.1% (50.8) // 60.1% (51.8) // 59.1% (50.8) // 59.1% (50.8)",
        "oppShots": "57.2% (34.3) // 58.4% (34.4) // 57.2% (34.3) // 57.2% (34.3)",
        "oppScoring": "58.9% (33.3) // 62.3% (33.3) // 58.9% (33.3) // 58.9% (33.3)",
        "oppCorsiAgainst": "40.1% (45.2) // 38.8% (43.6) // 40.1% (45.2) // 40.1% (45.2)",
        "oppFenwickAgainst": "40.9% (35.1) // 39.9% (34.4) // 40.9% (35.1) // 40.9% (35.1)",
        "oppShotsAgainst": "42.8% (25.6) // 41.6% (24.5) // 42.8% (25.6) // 42.8% (25.6)",
        "oppScoringAgainst": "41.1% (23.3) // 37.7% (20.2) // 41.1% (23.3) // 41.1% (23.3)",
        "savesPerGame": 28.4,
        "savesPerGameLast1": 24.0,
        "savesPerGameLast3": 28.7,
        "savesPerGameLast5": 27.6,
        "savesPer60": 29.8,
        "savesPer60Last1": 24.0,
        "savesPer60Last3": 29.5,
        "savesPer60Last5": 27.9,
        "shotsPerGame": 30.8,
        "shotsPerGameLast5": 30.6,
        "shotsAgainstPerGame": 31.0,
        "shotsAgainstPerGameLast5": 30.4,
        "oppSavesAgainstPer60": 33.3,
        "oppSavesAgainstPer60Last1": 24.0,
        "oppSavesAgainstPer60Last3": 28.8,
        "oppSavesAgainstPer60Last5": 30.8,
        "oppShotsAgainstPerGame": 26.0,
        "oppShotsAgainstPerGameLast5": 30.4,
        "savesProj": 38.1,
        "savesProjLast5": 34.3,
        "savesProjLast3": 34.6,
        "oppSavesAgainstProj": 32.4,
        "oppSavesAgainstProjLast5": 26.9,
        "oppSavesAgainstProjLast3": 25.1,
        "totalOver": 68,
        "totalOverLast5": 80,
        "totalOverLast15": 60,
        "lastTotalOver": 59,
        "last5": "2,4,3,2,0,1,7,3,1,1",
        "overOdds": "-175",
        "underOdds": "+140",
        "overUnder": "-175 / +140"
    },
    {
        "player": "Noah Dobson",
        "team": "NYI",
        "opponent": "CAR",
        "propType": "sog",
        "line": 2.5,
        "ppLine": "PP1",
        "avg": 2.62,
        "hit": false,
        "diffAvg": 0.05,
        "diffAbs": 0.12,
        "lastAvg": 2.38,
        "diff": -0.05,
        "avgMin": 20,
        "proj": 2.2,
        "lastAvgMin": 21.45,
        "oppOver": 0,
        "teamOver": 0,
        "gameLine": "+135",
        "+/-": "+8",
        "L5_+/-": "+6.0",
        "prevMatchup": "2023-04-23 2.0 sog 2023-04-21 4.0 sog 2023-04-19 2.0 sog 2023-04-17 1.0 sog 2023-04-02 1.0 sog 2023-01-21 5.0 sog 2022-12-10 1.0 sog 2022-10-28 1.0 sog",
        "winLossSplits": "46% - 46%",
        "awayHome": "A",
        "playedYesterday": "N",
        "awayHomeSplits": "37% - 56%",
        "savesAboveExp": -0.166,
        "gsaa": 3.66,
        "corsi": "49.6% (58.7) // 54.1% (65.8) // 49.6% (58.7) // 49.6% (58.7)",
        "fenwick": "49.5% (42.7) // 53.4% (47.0) // 49.5% (42.7) // 49.5% (42.7)",
        "shots": "49.8% (30.5) // 53.2% (32.4) // 49.8% (30.5) // 49.8% (30.5)",
        "scoring": "50.0% (30.4) // 52.7% (31.7) // 50.0% (30.4) // 50.0% (30.4)",
        "corsiAgainst": "50.4% (59.6) // 45.9% (55.9) // 50.4% (59.6) // 50.4% (59.6)",
        "fenwickAgainst": "50.5% (43.6) // 46.6% (40.9) // 50.5% (43.6) // 50.5% (43.6)",
        "shotsAgainst": "50.2% (30.7) // 46.8% (28.5) // 50.2% (30.7) // 50.2% (30.7)",
        "scoringAgainst": "50.0% (30.4) // 47.3% (28.4) // 50.0% (30.4) // 50.0% (30.4)",
        "oppCorsi": "59.9% (67.4) // 61.2% (68.8) // 59.9% (67.4) // 59.9% (67.4)",
        "oppFenwick": "59.1% (50.8) // 60.1% (51.8) // 59.1% (50.8) // 59.1% (50.8)",
        "oppShots": "57.2% (34.3) // 58.4% (34.4) // 57.2% (34.3) // 57.2% (34.3)",
        "oppScoring": "58.9% (33.3) // 62.3% (33.3) // 58.9% (33.3) // 58.9% (33.3)",
        "oppCorsiAgainst": "40.1% (45.2) // 38.8% (43.6) // 40.1% (45.2) // 40.1% (45.2)",
        "oppFenwickAgainst": "40.9% (35.1) // 39.9% (34.4) // 40.9% (35.1) // 40.9% (35.1)",
        "oppShotsAgainst": "42.8% (25.6) // 41.6% (24.5) // 42.8% (25.6) // 42.8% (25.6)",
        "oppScoringAgainst": "41.1% (23.3) // 37.7% (20.2) // 41.1% (23.3) // 41.1% (23.3)",
        "savesPerGame": 28.4,
        "savesPerGameLast1": 24.0,
        "savesPerGameLast3": 28.7,
        "savesPerGameLast5": 27.6,
        "savesPer60": 29.8,
        "savesPer60Last1": 24.0,
        "savesPer60Last3": 29.5,
        "savesPer60Last5": 27.9,
        "shotsPerGame": 30.8,
        "shotsPerGameLast5": 30.6,
        "shotsAgainstPerGame": 31.0,
        "shotsAgainstPerGameLast5": 30.4,
        "oppSavesAgainstPer60": 33.3,
        "oppSavesAgainstPer60Last1": 24.0,
        "oppSavesAgainstPer60Last3": 28.8,
        "oppSavesAgainstPer60Last5": 30.8,
        "oppShotsAgainstPerGame": 26.0,
        "oppShotsAgainstPerGameLast5": 30.4,
        "savesProj": 38.1,
        "savesProjLast5": 34.3,
