[
    {
        "player": "Linus Ullmark",
        "team": "BOS",
        "opponent": "CBJ",
        "propType": "sv",
        "line": 26.5,
        "ppLine": "",
        "avg": 27.96,
        "hit": false,
        "diffAvg": 0.06,
        "diffAbs": 0.06,
        "lastAvg": 24.3,
        "diff": -0.08,
        "avgMin": 58,
        "proj": 24.8,
        "lastAvgMin": 56.83,
        "oppOver": 49,
        "teamOver": 55,
        "gameLine": "-450",
        "+/-": 0,
        "L5_+/-": 0,
        "prevMatchup": "2022-10-28 bos @ cbj 30.0 sv 2022-12-17 cbj @ bos 31.0 sv",
        "winLossSplits": "28.89 - 25.98",
        "awayHome": "H",
        "playedYesterday": "N",
        "awayHomeSplits": "28.76 - 27.25",
        "savesAboveExp": 0.892,
        "gsaa": 44.65,
        "corsi": "51.2% (57.9) // 50.6% (57.8) // 49.2% (57.6) // 51.9% (60.6)",
        "fenwick": "51.5% (43.7) // 49.5% (43.7) // 47.4% (42.7) // 51.1% (45.7)",
        "shots": "52.5% (32.5) // 51.5% (32.3) // 50.8% (32.3) // 55.4% (35.0)",
        "scoring": "53.0% (32.2) // 54.0% (33.7) // 55.4% (34.2) // 57.7% (34.1)",
        "corsiAgainst": "48.8% (55.1) // 49.4% (56.5) // 50.8% (59.6) // 48.1% (56.1)",
        "fenwickAgainst": "48.5% (41.1) // 50.5% (44.5) // 52.6% (47.4) // 48.9% (43.8)",
        "shotsAgainst": "47.5% (29.4) // 48.5% (30.4) // 49.2% (31.3) // 44.6% (28.2)",
        "scoringAgainst": "47.0% (28.5) // 46.0% (28.7) // 44.6% (27.5) // 42.3% (25.0)",
        "oppCorsi": "46.0% (55.6) // 47.7% (60.1) // 44.5% (53.2) // 43.8% (50.8)",
        "oppFenwick": "45.9% (41.4) // 47.8% (45.3) // 43.7% (39.4) // 43.0% (37.9)",
        "oppShots": "45.8% (29.5) // 48.6% (33.6) // 45.4% (29.3) // 43.0% (26.6)",
        "oppScoring": "45.3% (27.2) // 46.9% (32.1) // 44.5% (27.1) // 45.0% (27.2)",
        "oppCorsiAgainst": "54.0% (65.2) // 52.3% (66.0) // 55.5% (66.3) // 56.2% (65.1)",
        "oppFenwickAgainst": "54.1% (48.8) // 52.2% (49.4) // 56.3% (50.8) // 57.0% (50.1)",
        "oppShotsAgainst": "54.2% (34.9) // 51.4% (35.5) // 54.6% (35.3) // 57.0% (35.2)",
        "oppScoringAgainst": "54.7% (32.9) // 53.1% (36.5) // 55.5% (33.8) // 55.0% (33.2)",
        "savesPerGame": 27.6,
        "savesPerGameLast1": 21.0,
        "savesPerGameLast3": 27.0,
        "savesPerGameLast5": 30.0,
        "savesPer60": 27.8,
        "savesPer60Last1": 20.3,
        "savesPer60Last3": 27.4,
        "savesPer60Last5": 30.3,
        "shotsPerGame": 32.9,
        "shotsPerGameLast5": 32.8,
        "shotsAgainstPerGame": 29.7,
        "shotsAgainstPerGameLast5": 31.8,
        "oppSavesAgainstPer60": 27.1,
        "oppSavesAgainstPer60Last1": 27.9,
        "oppSavesAgainstPer60Last3": 23.9,
        "oppSavesAgainstPer60Last5": 27.7,
        "oppShotsAgainstPerGame": 35.2,
        "oppShotsAgainstPerGameLast5": 36.8,
        "savesProj": 24.1,
        "savesProjLast5": 26.8,
        "savesProjLast3": 20.8,
        "oppSavesAgainstProj": 26.3,
        "oppSavesAgainstProjLast5": 29.2,
        "oppSavesAgainstProjLast3": 22.0,
        "totalOver": 58,
        "totalOverLast5": 40,
        "totalOverLast15": 53,
        "lastTotalOver": 35,
        "last5": "21,26,40,29,23,29,24,54,26,30",
        "overOdds": "+100",
        "underOdds": "-130",
        "overUnder": "+100 / -130"
    },
    {
        "player": "Igor Shesterkin",
        "team": "NYR",
        "opponent": "NJ",
        "propType": "sv",
        "line": 30.5,
        "ppLine": "",
        "avg": 27.08,
        "hit": false,
        "diffAvg": -0.11,
        "diffAbs": 0.3,
        "lastAvg": 20.77,
        "diff": -0.32,
        "avgMin": 60,
        "proj": 21.5,
        "lastAvgMin": 57.93,
        "oppOver": 51,
        "teamOver": 28,
        "gameLine": "+115",
        "+/-": 0,
        "L5_+/-": 0,
        "prevMatchup": "2022-11-28 nj @ nyr 33.0 sv 2022-12-12 nj @ nyr 26.0 sv 2023-01-07 nyr @ nj 39.0 sv",
        "winLossSplits": "25.9 - 28.9",
        "awayHome": "A",
        "playedYesterday": "N",
        "awayHomeSplits": "27.64 - 26.68",
        "savesAboveExp": 0.388,
        "gsaa": 15.5,
        "corsi": "51.6% (58.3) // 46.6% (52.7) // 44.2% (48.5) // 49.4% (57.5)",
        "fenwick": "52.2% (43.9) // 48.4% (40.2) // 46.6% (39.2) // 52.2% (46.5)",
        "shots": "51.9% (31.3) // 49.2% (30.7) // 48.5% (31.3) // 54.9% (39.0)",
        "scoring": "51.6% (30.9) // 49.8% (29.3) // 49.3% (27.0) // 50.4% (30.5)",
        "corsiAgainst": "48.4% (54.8) // 53.4% (60.2) // 55.8% (61.2) // 50.6% (59.0)",
        "fenwickAgainst": "47.8% (40.2) // 51.6% (42.8) // 53.4% (45.0) // 47.8% (42.5)",
        "shotsAgainst": "48.1% (29.0) // 50.8% (31.7) // 51.5% (33.2) // 45.1% (32.0)",
        "scoringAgainst": "48.4% (29.0) // 50.2% (29.6) // 50.7% (27.8) // 49.6% (30.0)",
        "oppCorsi": "53.5% (63.4) // 52.8% (64.4) // 55.4% (69.3) // 55.4% (67.0)",
        "oppFenwick": "53.7% (46.8) // 52.6% (46.8) // 54.0% (50.2) // 53.7% (48.3)",
        "oppShots": "54.9% (34.0) // 53.4% (33.1) // 54.9% (35.5) // 51.9% (32.3)",
        "oppScoring": "55.9% (34.6) // 57.7% (36.3) // 60.7% (40.4) // 62.4% (42.0)",
        "oppCorsiAgainst": "46.5% (55.2) // 47.2% (57.6) // 44.6% (55.8) // 44.6% (54.0)",
        "oppFenwickAgainst": "46.3% (40.3) // 47.4% (42.2) // 46.0% (42.9) // 46.3% (41.7)",
        "oppShotsAgainst": "45.1% (27.9) // 46.6% (28.9) // 45.1% (29.1) // 48.1% (30.0)",
        "oppScoringAgainst": "44.1% (27.3) // 42.3% (26.7) // 39.3% (26.2) // 37.6% (25.3)",
        "savesPerGame": 26.8,
        "savesPerGameLast1": 28.0,
        "savesPerGameLast3": 29.3,
        "savesPerGameLast5": 29.2,
        "savesPer60": 26.9,
        "savesPer60Last1": 28.0,
        "savesPer60Last3": 29.2,
        "savesPer60Last5": 29.0,
        "shotsPerGame": 31.7,
        "shotsPerGameLast5": 31.8,
        "shotsAgainstPerGame": 29.4,
        "shotsAgainstPerGameLast5": 31.0,
        "oppSavesAgainstPer60": 31.1,
        "oppSavesAgainstPer60Last1": 30.0,
        "oppSavesAgainstPer60Last3": 28.8,
        "oppSavesAgainstPer60Last5": 33.2,
        "oppShotsAgainstPerGame": 28.3,
        "oppShotsAgainstPerGameLast5": 28.6,
        "savesProj": 32.5,
        "savesProjLast5": 37.9,
        "savesProjLast3": 32.9,
        "oppSavesAgainstProj": 29.3,
        "oppSavesAgainstProjLast5": 32.1,
        "oppSavesAgainstProjLast3": 27.7,
        "totalOver": 28,
        "totalOverLast5": 40,
        "totalOverLast15": 20,
        "lastTotalOver": 49,
        "last5": "28,29,36,33,30,28,32,23,20,26",
        "overOdds": "-110",
        "underOdds": "-120",
        "overUnder": "-110 / -120"
    },
    {
        "player": "Vitek Vanecek",
        "team": "NJ",
        "opponent": "NYR",
        "propType": "sv",
        "line": 25.5,
        "ppLine": "",
        "avg": 23.38,
        "hit": false,
        "diffAvg": -0.08,
        "diffAbs": 0.08,
        "lastAvg": 23.05,
        "diff": -0.1,
        "avgMin": 56,
        "proj": 23.4,
        "lastAvgMin": 55.17,
        "oppOver": 65,
        "teamOver": 43,
        "gameLine": "-135",
        "+/-": 0,
        "L5_+/-": 0,
        "prevMatchup": "2022-11-28 nj @ nyr 35.0 sv 2022-12-12 nj @ nyr 19.0 sv 2023-01-07 nyr @ nj 31.0 sv",
        "winLossSplits": "26.93 - 20.85",
        "awayHome": "H",
        "playedYesterday": "N",
        "awayHomeSplits": "24.77 - 22.16",
        "savesAboveExp": 0.109,
        "gsaa": 5.9,
        "corsi": "53.5% (63.4) // 52.8% (64.4) // 55.4% (69.3) // 55.4% (67.0)",
        "fenwick": "53.7% (46.8) // 52.6% (46.8) // 54.0% (50.2) // 53.7% (48.3)",
        "shots": "54.9% (34.0) // 53.4% (33.1) // 54.9% (35.5) // 51.9% (32.3)",
        "scoring": "55.9% (34.6) // 57.7% (36.3) // 60.7% (40.4) // 62.4% (42.0)",
        "corsiAgainst": "46.5% (55.2) // 47.2% (57.6) // 44.6% (55.8) // 44.6% (54.0)",
        "fenwickAgainst": "46.3% (40.3) // 47.4% (42.2) // 46.0% (42.9) // 46.3% (41.7)",
        "shotsAgainst": "45.1% (27.9) // 46.6% (28.9) // 45.1% (29.1) // 48.1% (30.0)",
        "scoringAgainst": "44.1% (27.3) // 42.3% (26.7) // 39.3% (26.2) // 37.6% (25.3)",
        "oppCorsi": "51.6% (58.3) // 46.6% (52.7) // 44.2% (48.5) // 49.4% (57.5)",
        "oppFenwick": "52.2% (43.9) // 48.4% (40.2) // 46.6% (39.2) // 52.2% (46.5)",
        "oppShots": "51.9% (31.3) // 49.2% (30.7) // 48.5% (31.3) // 54.9% (39.0)",
        "oppScoring": "51.6% (30.9) // 49.8% (29.3) // 49.3% (27.0) // 50.4% (30.5)",
        "oppCorsiAgainst": "48.4% (54.8) // 53.4% (60.2) // 55.8% (61.2) // 50.6% (59.0)",
        "oppFenwickAgainst": "47.8% (40.2) // 51.6% (42.8) // 53.4% (45.0) // 47.8% (42.5)",
        "oppShotsAgainst": "48.1% (29.0) // 50.8% (31.7) // 51.5% (33.2) // 45.1% (32.0)",
        "oppScoringAgainst": "48.4% (29.0) // 50.2% (29.6) // 50.7% (27.8) // 49.6% (30.0)",
        "savesPerGame": 25.6,
        "savesPerGameLast1": 31.0,
        "savesPerGameLast3": 25.7,
        "savesPerGameLast5": 25.2,
        "savesPer60": 25.7,
        "savesPer60Last1": 29.6,
        "savesPer60Last3": 25.1,
        "savesPer60Last5": 25.3,
        "shotsPerGame": 34.5,
        "shotsPerGameLast5": 36.8,
        "shotsAgainstPerGame": 28.3,
        "shotsAgainstPerGameLast5": 28.6,
        "oppSavesAgainstPer60": 28.5,
        "oppSavesAgainstPer60Last1": 30.0,
        "oppSavesAgainstPer60Last3": 27.2,
        "oppSavesAgainstPer60Last5": 27.4,
        "oppShotsAgainstPerGame": 29.4,
        "oppShotsAgainstPerGameLast5": 31.0,
        "savesProj": 27.1,
        "savesProjLast5": 26.0,
        "savesProjLast3": 25.5,
        "oppSavesAgainstProj": 25.8,
        "oppSavesAgainstProjLast5": 24.2,
        "oppSavesAgainstProjLast3": 24.4,
        "totalOver": 38,
        "totalOverLast5": 60,
        "totalOverLast15": 40,
        "lastTotalOver": 36,
        "last5": "31,17,27,22,26,32,21,25,14,19",
        "overOdds": "-140",
        "underOdds": "-105",
        "overUnder": "-140 / -105"
    },
    {
        "player": "Cam Talbot",
        "team": "OTT",
        "opponent": "PHI",
        "propType": "sv",
        "line": 24.5,
        "ppLine": "",
        "avg": 24.72,
        "hit": false,
        "diffAvg": 0.01,
        "diffAbs": 0.02,
        "lastAvg": 26.08,
        "diff": 0.06,
        "avgMin": 54,
        "proj": 24.1,
        "lastAvgMin": 58.45,
        "oppOver": 62,
        "teamOver": 77,
        "gameLine": "-170",
        "+/-": 0,
        "L5_+/-": 0,
        "prevMatchup": "2022-11-05 phi @ ott 26.0 sv 2022-11-12 ott @ phi 37.0 sv",
        "winLossSplits": "27.19 - 26.1",
        "awayHome": "H",
        "playedYesterday": "N",
        "awayHomeSplits": "25.53 - 24.0",
        "savesAboveExp": 0.136,
        "gsaa": 0.78,
        "corsi": "50.8% (61.0) // 46.1% (57.0) // 43.5% (55.0) // 41.1% (48.5)",
        "fenwick": "51.1% (45.6) // 47.8% (43.5) // 45.4% (41.8) // 40.8% (35.5)",
        "shots": "50.9% (32.8) // 48.5% (32.0) // 45.5% (30.4) // 44.4% (27.5)",
        "scoring": "50.1% (32.0) // 41.9% (28.4) // 38.4% (25.6) // 33.3% (19.0)",
        "corsiAgainst": "49.2% (59.0) // 53.9% (66.5) // 56.5% (71.4) // 58.9% (69.5)",
        "fenwickAgainst": "48.9% (43.6) // 52.2% (47.5) // 54.6% (50.2) // 59.2% (51.5)",
        "shotsAgainst": "49.1% (31.7) // 51.5% (34.0) // 54.5% (36.4) // 55.6% (34.5)",
        "scoringAgainst": "49.9% (31.8) // 58.1% (39.4) // 61.6% (41.0) // 66.7% (38.0)",
        "oppCorsi": "46.5% (53.6) // 44.4% (50.1) // 44.6% (49.0) // 46.4% (48.5)",
        "oppFenwick": "47.5% (39.9) // 46.0% (38.4) // 46.0% (37.0) // 49.7% (36.5)",
        "oppShots": "48.2% (28.9) // 45.6% (27.5) // 45.9% (26.2) // 45.8% (24.5)",
        "oppScoring": "44.8% (25.5) // 45.2% (25.6) // 46.6% (25.5) // 51.0% (25.5)",
        "oppCorsiAgainst": "53.5% (61.5) // 55.6% (62.9) // 55.4% (60.7) // 53.6% (56.0)",
        "oppFenwickAgainst": "52.5% (44.1) // 54.0% (45.1) // 54.0% (43.3) // 50.3% (37.0)",
        "oppShotsAgainst": "51.8% (31.1) // 54.4% (32.8) // 54.1% (30.9) // 54.2% (29.0)",
        "oppScoringAgainst": "55.2% (31.3) // 54.8% (31.0) // 53.4% (29.1) // 49.0% (24.5)",
        "savesPerGame": 28.7,
        "savesPerGameLast1": 32.0,
        "savesPerGameLast3": 29.7,
        "savesPerGameLast5": 34.0,
        "savesPer60": 28.6,
        "savesPer60Last1": 31.8,
        "savesPer60Last3": 29.4,
        "savesPer60Last5": 33.7,
        "shotsPerGame": 33.1,
        "shotsPerGameLast5": 30.4,
        "shotsAgainstPerGame": 31.9,
        "shotsAgainstPerGameLast5": 36.4,
        "oppSavesAgainstPer60": 26.1,
        "oppSavesAgainstPer60Last1": 23.9,
        "oppSavesAgainstPer60Last3": 24.3,
        "oppSavesAgainstPer60Last5": 24.4,
        "oppShotsAgainstPerGame": 31.4,
        "oppShotsAgainstPerGameLast5": 32.0,
        "savesProj": 27.5,
        "savesProjLast5": 27.6,
        "savesProjLast3": 23.8,
        "oppSavesAgainstProj": 26.7,
        "oppSavesAgainstProjLast5": 27.0,
        "oppSavesAgainstProjLast3": 23.3,
        "totalOver": 53,
        "totalOverLast5": 40,
        "totalOverLast15": 40,
        "lastTotalOver": 55,
        "last5": "19,29,22,26,14,40,15,18,33,14",
        "overOdds": "-120",
        "underOdds": "-110",
        "overUnder": "-120 / -110"
    },
    {
        "player": "Felix Sandstrom",
        "team": "PHI",
        "opponent": "OTT",
        "propType": "sv",
        "line": 28.5,
        "ppLine": "",
        "avg": 24.93,
        "hit": false,
        "diffAvg": -0.13,
        "diffAbs": 0.06,
        "lastAvg": 32.2,
        "diff": 0.13,
        "avgMin": 56,
        "proj": 30.3,
        "lastAvgMin": 59.45,
        "oppOver": 55,
        "teamOver": 42,
        "gameLine": "+145",
        "+/-": 0,
        "L5_+/-": 0,
        "prevMatchup": "2022-11-05 phi @ ott 33.0 sv 2022-11-12 ott @ phi 23.0 sv",
        "winLossSplits": "27.0 - 26.09",
        "awayHome": "A",
        "playedYesterday": "N",
        "awayHomeSplits": "27.83 - 22.75",
        "savesAboveExp": -0.431,
        "gsaa": -7.26,
        "corsi": "46.5% (53.6) // 44.4% (50.1) // 44.6% (49.0) // 46.4% (48.5)",
        "fenwick": "47.5% (39.9) // 46.0% (38.4) // 46.0% (37.0) // 49.7% (36.5)",
        "shots": "48.2% (28.9) // 45.6% (27.5) // 45.9% (26.2) // 45.8% (24.5)",
        "scoring": "44.8% (25.5) // 45.2% (25.6) // 46.6% (25.5) // 51.0% (25.5)",
        "corsiAgainst": "53.5% (61.5) // 55.6% (62.9) // 55.4% (60.7) // 53.6% (56.0)",
        "fenwickAgainst": "52.5% (44.1) // 54.0% (45.1) // 54.0% (43.3) // 50.3% (37.0)",
        "shotsAgainst": "51.8% (31.1) // 54.4% (32.8) // 54.1% (30.9) // 54.2% (29.0)",
        "scoringAgainst": "55.2% (31.3) // 54.8% (31.0) // 53.4% (29.1) // 49.0% (24.5)",
        "oppCorsi": "50.8% (61.0) // 46.1% (57.0) // 43.5% (55.0) // 41.1% (48.5)",
        "oppFenwick": "51.1% (45.6) // 47.8% (43.5) // 45.4% (41.8) // 40.8% (35.5)",
        "oppShots": "50.9% (32.8) // 48.5% (32.0) // 45.5% (30.4) // 44.4% (27.5)",
        "oppScoring": "50.1% (32.0) // 41.9% (28.4) // 38.4% (25.6) // 33.3% (19.0)",
        "oppCorsiAgainst": "49.2% (59.0) // 53.9% (66.5) // 56.5% (71.4) // 58.9% (69.5)",
        "oppFenwickAgainst": "48.9% (43.6) // 52.2% (47.5) // 54.6% (50.2) // 59.2% (51.5)",
        "oppShotsAgainst": "49.1% (31.7) // 51.5% (34.0) // 54.5% (36.4) // 55.6% (34.5)",
        "oppScoringAgainst": "49.9% (31.8) // 58.1% (39.4) // 61.6% (41.0) // 66.7% (38.0)",
        "savesPerGame": 28.2,
        "savesPerGameLast1": 27.0,
        "savesPerGameLast3": 25.3,
        "savesPerGameLast5": 29.2,
        "savesPer60": 27.6,
        "savesPer60Last1": 27.0,
        "savesPer60Last3": 26.0,
        "savesPer60Last5": 29.7,
        "shotsPerGame": 29.2,
        "shotsPerGameLast5": 28.0,
        "shotsAgainstPerGame": 31.4,
        "shotsAgainstPerGameLast5": 32.0,
        "oppSavesAgainstPer60": 30.0,
        "oppSavesAgainstPer60Last1": 22.0,
        "oppSavesAgainstPer60Last3": 24.8,
        "oppSavesAgainstPer60Last5": 26.7,
        "oppShotsAgainstPerGame": 31.9,
        "oppShotsAgainstPerGameLast5": 36.4,
        "savesProj": 28.9,
        "savesProjLast5": 27.8,
        "savesProjLast3": 22.7,
        "oppSavesAgainstProj": 29.5,
        "oppSavesAgainstProjLast5": 27.9,
        "oppSavesAgainstProjLast3": 25.3,
        "totalOver": 29,
        "totalOverLast5": 20,
        "totalOverLast15": 29,
        "lastTotalOver": 60,
        "last5": "29,28,28,17,25,22,18,8,29,26",
        "overOdds": "-110",
        "underOdds": "-120",
        "overUnder": "-110 / -120"
    },
    {
        "player": "Tristan Jarry",
        "team": "PIT",
        "opponent": "NSH",
        "propType": "sv",
        "line": 24.5,
        "ppLine": "",
        "avg": 27.4,
        "hit": false,
        "diffAvg": 0.12,
        "diffAbs": 0.02,
        "lastAvg": 25.79,
        "diff": 0.05,
        "avgMin": 55,
        "proj": 24.1,
        "lastAvgMin": 58.87,
        "oppOver": 62,
        "teamOver": 80,
        "gameLine": "-200",
        "+/-": 0,
        "L5_+/-": 0,
        "prevMatchup": "2023-02-28 pit @ nsh 24.0 sv",
        "winLossSplits": "29.26 - 28.74",
        "awayHome": "H",
        "playedYesterday": "N",
        "awayHomeSplits": "27.06 - 27.68",
        "savesAboveExp": 0.033,
        "gsaa": 4.7,
        "corsi": "51.8% (63.2) // 55.8% (71.1) // 56.2% (76.6) // 51.1% (67.0)",
        "fenwick": "51.8% (47.3) // 56.6% (53.0) // 57.3% (58.0) // 52.7% (53.0)",
        "shots": "51.1% (34.2) // 57.8% (38.9) // 60.1% (43.0) // 57.2% (39.5)",
        "scoring": "52.5% (33.2) // 57.8% (38.2) // 57.5% (40.6) // 50.4% (36.0)",
        "corsiAgainst": "48.2% (58.7) // 44.2% (56.3) // 43.8% (59.8) // 48.9% (64.0)",
        "fenwickAgainst": "48.2% (44.1) // 43.4% (40.6) // 42.7% (43.2) // 47.3% (47.5)",
        "shotsAgainst": "48.9% (32.7) // 42.2% (28.4) // 39.9% (28.6) // 42.8% (29.5)",
        "scoringAgainst": "47.5% (30.1) // 42.2% (27.9) // 42.5% (30.0) // 49.6% (35.5)",
        "oppCorsi": "48.2% (57.2) // 44.6% (47.6) // 43.3% (46.0) // 39.1% (41.3)",
        "oppFenwick": "47.8% (42.0) // 43.0% (34.5) // 41.7% (34.0) // 37.2% (29.7)",
        "oppShots": "47.2% (29.3) // 43.1% (24.2) // 40.6% (22.6) // 37.0% (21.3)",
        "oppScoring": "47.2% (29.7) // 43.2% (23.7) // 40.3% (21.6) // 31.0% (16.0)",
        "oppCorsiAgainst": "51.8% (61.4) // 55.4% (59.2) // 56.7% (60.2) // 60.9% (64.3)",
        "oppFenwickAgainst": "52.2% (45.9) // 57.0% (45.8) // 58.3% (47.6) // 62.8% (50.0)",
        "oppShotsAgainst": "52.8% (32.9) // 56.9% (31.9) // 59.4% (33.0) // 63.0% (36.3)",
        "oppScoringAgainst": "52.8% (33.2) // 56.8% (31.2) // 59.7% (32.1) // 69.0% (35.7)",
        "savesPerGame": 29.8,
        "savesPerGameLast1": 18.0,
        "savesPerGameLast3": 26.3,
        "savesPerGameLast5": 25.2,
        "savesPer60": 29.8,
        "savesPer60Last1": 17.4,
        "savesPer60Last3": 25.8,
        "savesPer60Last5": 24.7,
        "shotsPerGame": 34.6,
        "shotsPerGameLast5": 43.0,
        "shotsAgainstPerGame": 33.0,
        "shotsAgainstPerGameLast5": 28.6,
        "oppSavesAgainstPer60": 27.0,
        "oppSavesAgainstPer60Last1": 20.8,
        "oppSavesAgainstPer60Last3": 19.7,
        "oppSavesAgainstPer60Last5": 20.4,
        "oppShotsAgainstPerGame": 33.3,
        "oppShotsAgainstPerGameLast5": 33.6,
        "savesProj": 26.4,
        "savesProjLast5": 16.4,
        "savesProjLast3": 16.4,
        "oppSavesAgainstProj": 28.4,
        "oppSavesAgainstProjLast5": 17.9,
        "oppSavesAgainstProjLast3": 18.6,
        "totalOver": 70,
        "totalOverLast5": 40,
        "totalOverLast15": 40,
        "lastTotalOver": 49,
        "last5": "28,19,13,31,3,27,24,8,27,24",
        "overOdds": "-105",
        "underOdds": "-125",
        "overUnder": "-105 / -125"
    },
    {
        "player": "Sam Montembeault",
        "team": "MTL",
        "opponent": "FLA",
        "propType": "sv",
        "line": 31.5,
        "ppLine": "",
        "avg": 30.29,
        "hit": false,
        "diffAvg": -0.04,
        "diffAbs": 0.05,
        "lastAvg": 26.37,
        "diff": -0.16,
        "avgMin": 58,
        "proj": 29.9,
        "lastAvgMin": 51.12,
        "oppOver": 63,
        "teamOver": 39,
        "gameLine": "+165",
        "+/-": 0,
        "L5_+/-": 0,
        "prevMatchup": "2022-12-29 mtl @ fla 34.0 sv 2023-01-19 fla @ mtl 34.0 sv 2023-03-16 mtl @ fla 33.0 sv",
        "winLossSplits": "32.29 - 30.6",
        "awayHome": "H",
        "playedYesterday": "N",
        "awayHomeSplits": "32.05 - 27.79",
        "savesAboveExp": 0.061,
        "gsaa": 1.09,
        "corsi": "45.0% (51.2) // 44.7% (50.0) // 52.9% (56.1) // 54.2% (58.7)",
        "fenwick": "45.0% (37.3) // 46.0% (37.6) // 54.5% (42.7) // 54.4% (42.5)",
        "shots": "45.1% (27.3) // 44.7% (26.7) // 52.8% (30.1) // 55.1% (33.1)",
        "scoring": "43.0% (25.4) // 42.2% (23.5) // 52.0% (27.5) // 55.0% (28.5)",
        "corsiAgainst": "55.0% (62.7) // 55.3% (61.8) // 47.1% (50.0) // 45.8% (49.6)",
        "fenwickAgainst": "55.0% (45.6) // 54.0% (44.0) // 45.5% (35.6) // 45.6% (35.7)",
        "shotsAgainst": "54.9% (33.3) // 55.3% (33.0) // 47.2% (27.0) // 44.9% (26.9)",
        "scoringAgainst": "57.0% (33.6) // 57.8% (32.2) // 48.0% (25.4) // 45.0% (23.4)",
        "oppCorsi": "54.4% (66.2) // 57.6% (66.7) // 55.5% (64.0) // 53.6% (63.1)",
        "oppFenwick": "53.7% (49.8) // 55.8% (50.3) // 54.1% (47.9) // 50.9% (45.9)",
        "oppShots": "53.7% (36.5) // 55.7% (37.0) // 52.5% (33.3) // 47.1% (32.0)",
        "oppScoring": "54.8% (34.8) // 57.4% (33.7) // 54.6% (32.2) // 53.7% (31.4)",
        "oppCorsiAgainst": "45.6% (55.5) // 42.4% (49.2) // 44.5% (51.3) // 46.4% (54.5)",
        "oppFenwickAgainst": "46.3% (43.0) // 44.2% (39.8) // 45.9% (40.6) // 49.1% (44.3)",
        "oppShotsAgainst": "46.3% (31.5) // 44.3% (29.4) // 47.5% (30.2) // 52.9% (36.0)",
        "oppScoringAgainst": "45.2% (28.7) // 42.6% (25.0) // 45.4% (26.7) // 46.3% (27.1)",
        "savesPerGame": 30.0,
        "savesPerGameLast1": 24.0,
        "savesPerGameLast3": 25.0,
        "savesPerGameLast5": 24.6,
        "savesPer60": 29.7,
        "savesPer60Last1": 26.0,
        "savesPer60Last3": 25.4,
        "savesPer60Last5": 24.8,
        "shotsPerGame": 27.6,
        "shotsPerGameLast5": 30.6,
        "shotsAgainstPerGame": 33.7,
        "shotsAgainstPerGameLast5": 27.4,
        "oppSavesAgainstPer60": 33.2,
        "oppSavesAgainstPer60Last1": 26.7,
        "oppSavesAgainstPer60Last3": 29.5,
        "oppSavesAgainstPer60Last5": 32.5,
        "oppShotsAgainstPerGame": 31.7,
        "oppShotsAgainstPerGameLast5": 32.0,
        "savesProj": 35.3,
        "savesProjLast5": 28.8,
        "savesProjLast3": 26.8,
        "oppSavesAgainstProj": 35.2,
        "oppSavesAgainstProjLast5": 30.9,
        "oppSavesAgainstProjLast3": 23.7,
        "totalOver": 38,
        "totalOverLast5": 40,
        "totalOverLast15": 27,
        "lastTotalOver": 34,
        "last5": "21,31,36,21,39,16,30,30,17,38",
        "overOdds": "-125",
        "underOdds": "-105",
        "overUnder": "-125 / -105"
    },
    {
        "player": "Alex Nedeljkovic",
        "team": "DET",
        "opponent": "CAR",
        "propType": "sv",
        "line": 29.5,
        "ppLine": "",
        "avg": 26.58,
        "hit": false,
        "diffAvg": -0.1,
        "diffAbs": 0.08,
        "lastAvg": 27.42,
        "diff": -0.07,
        "avgMin": 54,
        "proj": 27.0,
        "lastAvgMin": 54.75,
        "oppOver": 58,
        "teamOver": 41,
        "gameLine": "+185",
        "+/-": 0,
        "L5_+/-": 0,
        "prevMatchup": "2022-12-13 car @ det 26.0 sv",
        "winLossSplits": "32.76 - 27.09",
        "awayHome": "H",
        "playedYesterday": "N",
        "awayHomeSplits": "28.43 - 24.0",
        "savesAboveExp": -1.293,
        "gsaa": -7.39,
        "corsi": "47.5% (52.5) // 52.1% (55.2) // 52.6% (54.3) // 51.1% (58.5)",
        "fenwick": "48.0% (39.2) // 53.1% (41.6) // 50.8% (39.0) // 47.1% (40.0)",
        "shots": "48.6% (28.3) // 53.1% (29.3) // 50.8% (26.4) // 47.0% (27.0)",
        "scoring": "46.1% (25.7) // 49.9% (27.1) // 49.2% (24.4) // 45.1% (25.5)",
        "corsiAgainst": "52.5% (58.0) // 47.9% (50.8) // 47.4% (49.0) // 48.9% (56.0)",
        "fenwickAgainst": "52.0% (42.4) // 46.9% (36.7) // 49.2% (37.8) // 52.9% (45.0)",
        "shotsAgainst": "51.4% (30.0) // 46.9% (25.8) // 49.2% (25.6) // 53.0% (30.5)",
        "scoringAgainst": "53.9% (30.0) // 50.1% (27.2) // 50.8% (25.2) // 54.9% (31.0)",
        "oppCorsi": "59.6% (67.0) // 57.9% (64.3) // 54.0% (59.8) // 49.6% (57.4)",
        "oppFenwick": "59.0% (50.6) // 57.3% (48.7) // 54.3% (46.8) // 51.2% (46.4)",
        "oppShots": "57.1% (34.2) // 53.7% (32.0) // 52.4% (32.5) // 48.2% (31.1)",
        "oppScoring": "58.4% (33.3) // 50.8% (27.9) // 47.7% (27.0) // 45.5% (27.9)",
        "oppCorsiAgainst": "40.4% (45.4) // 42.1% (46.8) // 46.0% (51.0) // 50.4% (58.4)",
        "oppFenwickAgainst": "41.0% (35.2) // 42.7% (36.3) // 45.7% (39.3) // 48.8% (44.1)",
        "oppShotsAgainst": "42.9% (25.7) // 46.3% (27.5) // 47.6% (29.5) // 51.8% (33.4)",
        "oppScoringAgainst": "41.6% (23.7) // 49.2% (27.1) // 52.3% (29.5) // 54.5% (33.4)",
        "savesPerGame": 27.1,
        "savesPerGameLast1": 35.0,
        "savesPerGameLast3": 24.0,
        "savesPerGameLast5": 22.4,
        "savesPer60": 27.2,
        "savesPer60Last1": 35.0,
        "savesPer60Last3": 23.2,
        "savesPer60Last5": 22.3,
        "shotsPerGame": 28.7,
        "shotsPerGameLast5": 26.8,
        "shotsAgainstPerGame": 30.4,
        "shotsAgainstPerGameLast5": 26.0,
        "oppSavesAgainstPer60": 31.7,
        "oppSavesAgainstPer60Last1": 31.0,
        "oppSavesAgainstPer60Last3": 29.5,
        "oppSavesAgainstPer60Last5": 31.2,
        "oppShotsAgainstPerGame": 26.1,
        "oppShotsAgainstPerGameLast5": 30.0,
        "savesProj": 36.1,
        "savesProjLast5": 28.8,
        "savesProjLast3": 28.7,
        "oppSavesAgainstProj": 30.5,
        "oppSavesAgainstProjLast5": 24.6,
        "oppSavesAgainstProjLast3": 25.1,
        "totalOver": 50,
        "totalOverLast5": 60,
        "totalOverLast15": 50,
        "lastTotalOver": 36,
        "last5": "35,19,8,36,30,12,17,27,38,35",
        "overOdds": "-125",
        "underOdds": "-105",
        "overUnder": "-125 / -105"
    },
    {
        "player": "Jordan Binnington",
        "team": "STL",
        "opponent": "CHI",
        "propType": "sv",
        "line": 25.5,
        "ppLine": "",
        "avg": 26.58,
        "hit": false,
        "diffAvg": 0.04,
        "diffAbs": 0.08,
        "lastAvg": 23.79,
        "diff": -0.07,
        "avgMin": 57,
        "proj": 23.4,
        "lastAvgMin": 57.97,
        "oppOver": 39,
        "teamOver": 65,
        "gameLine": "-140",
        "+/-": 0,
        "L5_+/-": 0,
        "prevMatchup": "2022-11-16 stl @ chi 25.0 sv 2022-12-29 chi @ stl 21.0 sv 2023-01-21 chi @ stl 13.0 sv",
        "winLossSplits": "28.35 - 27.19",
        "awayHome": "A",
        "playedYesterday": "N",
        "awayHomeSplits": "26.87 - 26.38",
        "savesAboveExp": -0.172,
        "gsaa": -21.69,
        "corsi": "46.1% (50.6) // 43.6% (47.1) // 43.8% (46.7) // 44.8% (51.2)",
        "fenwick": "46.2% (38.7) // 43.2% (35.8) // 43.3% (35.4) // 43.8% (39.9)",
        "shots": "46.9% (28.3) // 45.0% (26.3) // 46.8% (26.1) // 48.9% (29.6)",
        "scoring": "46.4% (27.4) // 43.9% (24.5) // 43.8% (24.2) // 44.2% (27.9)",
        "corsiAgainst": "53.9% (59.1) // 56.4% (60.8) // 56.2% (59.9) // 55.2% (63.2)",
        "fenwickAgainst": "53.8% (45.0) // 56.8% (47.0) // 56.7% (46.4) // 56.2% (51.2)",
        "shotsAgainst": "53.1% (32.1) // 55.0% (32.1) // 53.2% (29.7) // 51.1% (30.9)",
        "scoringAgainst": "53.6% (31.7) // 56.1% (31.3) // 56.2% (31.0) // 55.8% (35.2)",
        "oppCorsi": "44.1% (48.4) // 45.4% (48.8) // 45.3% (47.2) // 42.8% (42.3)",
        "oppFenwick": "44.3% (36.5) // 45.6% (37.6) // 46.2% (36.4) // 44.5% (33.7)",
        "oppShots": "44.1% (26.3) // 44.0% (25.7) // 46.0% (25.4) // 44.7% (24.0)",
        "oppScoring": "41.6% (23.3) // 42.8% (23.0) // 43.8% (22.4) // 48.9% (23.0)",
        "oppCorsiAgainst": "55.9% (61.5) // 54.6% (58.7) // 54.7% (57.0) // 57.2% (56.7)",
        "oppFenwickAgainst": "55.7% (46.0) // 54.4% (44.8) // 53.8% (42.4) // 55.5% (42.0)",
        "oppShotsAgainst": "55.9% (33.4) // 56.0% (32.7) // 54.0% (29.8) // 55.3% (29.7)",
        "oppScoringAgainst": "58.4% (32.7) // 57.2% (30.8) // 56.2% (28.8) // 51.1% (24.0)",
        "savesPerGame": 28.7,
        "savesPerGameLast1": 32.0,
        "savesPerGameLast3": 26.0,
        "savesPerGameLast5": 26.2,
        "savesPer60": 28.7,
        "savesPer60Last1": 32.1,
        "savesPer60Last3": 25.8,
        "savesPer60Last5": 26.5,
        "shotsPerGame": 28.6,
        "shotsPerGameLast5": 26.6,
        "shotsAgainstPerGame": 32.4,
        "shotsAgainstPerGameLast5": 30.2,
        "oppSavesAgainstPer60": 24.3,
        "oppSavesAgainstPer60Last1": 17.0,
        "oppSavesAgainstPer60Last3": 22.7,
        "oppSavesAgainstPer60Last5": 24.4,
        "oppShotsAgainstPerGame": 33.7,
        "oppShotsAgainstPerGameLast5": 29.8,
        "savesProj": 23.4,
        "savesProjLast5": 21.8,
        "savesProjLast3": 19.8,
        "oppSavesAgainstProj": 24.7,
        "oppSavesAgainstProjLast5": 23.9,
        "oppSavesAgainstProjLast3": 21.5,
        "totalOver": 56,
        "totalOverLast5": 40,
        "totalOverLast15": 60,
        "lastTotalOver": 62,
        "last5": "32,12,22,19,26,32,21,34,21,45",
        "overOdds": "-125",
        "underOdds": "-105",
        "overUnder": "-125 / -105"
    },
    {
        "player": "Petr Mrazek",
        "team": "CHI",
        "opponent": "STL",
        "propType": "sv",
        "line": 26.5,
        "ppLine": "",
        "avg": 28.49,
        "hit": false,
        "diffAvg": 0.08,
        "diffAbs": 0.08,
        "lastAvg": 23.1,
        "diff": -0.13,
        "avgMin": 55,
        "proj": 24.4,
        "lastAvgMin": 52.1,
        "oppOver": 38,
        "teamOver": 66,
        "gameLine": "+120",
        "+/-": 0,
        "L5_+/-": 0,
        "prevMatchup": "2022-11-16 stl @ chi 30.0 sv 2022-12-29 chi @ stl 26.0 sv 2023-01-21 chi @ stl 29.0 sv",
        "winLossSplits": "30.9 - 30.87",
        "awayHome": "H",
        "playedYesterday": "N",
        "awayHomeSplits": "33.0 - 23.71",
        "savesAboveExp": -0.91,
        "gsaa": -9.31,
        "corsi": "44.1% (48.4) // 45.4% (48.8) // 45.3% (47.2) // 42.8% (42.3)",
        "fenwick": "44.3% (36.5) // 45.6% (37.6) // 46.2% (36.4) // 44.5% (33.7)",
        "shots": "44.1% (26.3) // 44.0% (25.7) // 46.0% (25.4) // 44.7% (24.0)",
        "scoring": "41.6% (23.3) // 42.8% (23.0) // 43.8% (22.4) // 48.9% (23.0)",
        "corsiAgainst": "55.9% (61.5) // 54.6% (58.7) // 54.7% (57.0) // 57.2% (56.7)",
        "fenwickAgainst": "55.7% (46.0) // 54.4% (44.8) // 53.8% (42.4) // 55.5% (42.0)",
        "shotsAgainst": "55.9% (33.4) // 56.0% (32.7) // 54.0% (29.8) // 55.3% (29.7)",
        "scoringAgainst": "58.4% (32.7) // 57.2% (30.8) // 56.2% (28.8) // 51.1% (24.0)",
        "oppCorsi": "46.1% (50.6) // 43.6% (47.1) // 43.8% (46.7) // 44.8% (51.2)",
        "oppFenwick": "46.2% (38.7) // 43.2% (35.8) // 43.3% (35.4) // 43.8% (39.9)",
        "oppShots": "46.9% (28.3) // 45.0% (26.3) // 46.8% (26.1) // 48.9% (29.6)",
        "oppScoring": "46.4% (27.4) // 43.9% (24.5) // 43.8% (24.2) // 44.2% (27.9)",
        "oppCorsiAgainst": "53.9% (59.1) // 56.4% (60.8) // 56.2% (59.9) // 55.2% (63.2)",
        "oppFenwickAgainst": "53.8% (45.0) // 56.8% (47.0) // 56.7% (46.4) // 56.2% (51.2)",
        "oppShotsAgainst": "53.1% (32.1) // 55.0% (32.1) // 53.2% (29.7) // 51.1% (30.9)",
        "oppScoringAgainst": "53.6% (31.7) // 56.1% (31.3) // 56.2% (31.0) // 55.8% (35.2)",
        "savesPerGame": 30.1,
        "savesPerGameLast1": 29.0,
        "savesPerGameLast3": 26.0,
        "savesPerGameLast5": 25.4,
        "savesPer60": 29.6,
        "savesPer60Last1": 29.0,
        "savesPer60Last3": 25.7,
        "savesPer60Last5": 25.2,
        "shotsPerGame": 26.6,
        "shotsPerGameLast5": 25.4,
        "shotsAgainstPerGame": 33.7,
        "shotsAgainstPerGameLast5": 29.8,
        "oppSavesAgainstPer60": 25.4,
        "oppSavesAgainstPer60Last1": 24.8,
        "oppSavesAgainstPer60Last3": 23.4,
        "oppSavesAgainstPer60Last5": 21.7,
        "oppShotsAgainstPerGame": 32.4,
        "oppShotsAgainstPerGameLast5": 30.2,
        "savesProj": 26.1,
        "savesProjLast5": 19.2,
        "savesProjLast3": 21.2,
        "oppSavesAgainstProj": 26.8,
        "oppSavesAgainstProjLast5": 19.3,
        "oppSavesAgainstProjLast3": 21.7,
        "totalOver": 63,
        "totalOverLast5": 60,
        "totalOverLast15": 60,
        "lastTotalOver": 40,
        "last5": "3,27,16,34,39,22,31,29,45,34",
        "overOdds": "-115",
        "underOdds": "-115",
        "overUnder": "-115 / -115"
    },
    {
        "player": "Joonas Korpisalo",
        "team": "LA",
        "opponent": "EDM",
        "propType": "sv",
        "line": 27.5,
        "ppLine": "",
        "avg": 24.67,
        "hit": false,
        "diffAvg": -0.1,
        "diffAbs": 1.0,
        "lastAvg": 0,
        "diff": 0,
        "avgMin": 60,
        "proj": 0.0,
        "lastAvgMin": 0,
        "oppOver": 56,
        "teamOver": 31,
        "gameLine": "+140",
        "+/-": 0,
        "L5_+/-": 0,
        "prevMatchup": "2022-11-16 la @ edm 22.0 sv 2023-01-09 edm @ la 28.0 sv",
        "winLossSplits": "25.79 - 22.35",
        "awayHome": "A",
        "playedYesterday": "N",
        "awayHomeSplits": "29.0 - 22.5",
        "savesAboveExp": 0.427,
        "gsaa": 11.01,
        "corsi": "51.5% (58.8) // 52.4% (58.7) // 48.4% (53.2) // 46.8% (52.7)",
        "fenwick": "53.0% (44.4) // 54.6% (45.9) // 52.3% (42.8) // 50.8% (42.7)",
        "shots": "53.9% (32.1) // 57.4% (33.8) // 57.4% (33.0) // 53.8% (31.0)",
        "scoring": "52.0% (31.5) // 52.4% (31.1) // 50.2% (28.8) // 48.8% (27.7)",
        "corsiAgainst": "48.5% (55.3) // 47.6% (53.3) // 51.6% (56.8) // 53.2% (60.0)",
        "fenwickAgainst": "47.0% (39.4) // 45.4% (38.3) // 47.7% (39.0) // 49.2% (41.3)",
        "shotsAgainst": "46.1% (27.5) // 42.6% (25.1) // 42.6% (24.5) // 46.2% (26.7)",
        "scoringAgainst": "48.0% (29.2) // 47.6% (28.2) // 49.8% (28.5) // 51.2% (29.0)",
        "oppCorsi": "52.0% (59.2) // 54.2% (58.1) // 59.9% (65.9) // 56.8% (64.8)",
        "oppFenwick": "51.4% (44.6) // 53.4% (43.8) // 58.8% (48.6) // 53.8% (44.7)",
        "oppShots": "51.4% (33.0) // 51.3% (31.0) // 56.7% (35.2) // 52.4% (32.2)",
        "oppScoring": "53.3% (32.6) // 53.6% (32.9) // 56.8% (37.3) // 51.2% (34.2)",
        "oppCorsiAgainst": "48.0% (54.7) // 45.8% (49.0) // 40.1% (44.1) // 43.2% (49.3)",
        "oppFenwickAgainst": "48.6% (42.2) // 46.6% (38.2) // 41.2% (34.0) // 46.2% (38.5)",
        "oppShotsAgainst": "48.6% (31.2) // 48.7% (29.5) // 43.3% (26.8) // 47.6% (29.3)",
        "oppScoringAgainst": "46.7% (28.6) // 46.4% (28.5) // 43.2% (28.4) // 48.8% (32.6)",
        "savesPerGame": 24.7,
        "savesPerGameLast1": 30.0,
        "savesPerGameLast3": 23.7,
        "savesPerGameLast5": 20.4,
        "savesPer60": 24.9,
        "savesPer60Last1": 29.2,
        "savesPer60Last3": 23.3,
        "savesPer60Last5": 20.5,
        "shotsPerGame": 32.6,
        "shotsPerGameLast5": 34.4,
        "shotsAgainstPerGame": 27.9,
        "shotsAgainstPerGameLast5": 23.0,
        "oppSavesAgainstPer60": 29.3,
        "oppSavesAgainstPer60Last1": 32.0,
        "oppSavesAgainstPer60Last3": 27.2,
        "oppSavesAgainstPer60Last5": 31.3,
        "oppShotsAgainstPerGame": 31.5,
        "oppShotsAgainstPerGameLast5": 27.6,
        "savesProj": 25.9,
        "savesProjLast5": 22.7,
        "savesProjLast3": 22.9,
        "oppSavesAgainstProj": 25.8,
        "oppSavesAgainstProjLast5": 22.0,
        "oppSavesAgainstProjLast3": 22.4,
        "totalOver": 33,
        "totalOverLast5": 40,
        "totalOverLast15": 33,
        "lastTotalOver": 0,
        "last5": "30,25,15,26,28,24",
        "overOdds": "-115",
        "underOdds": "-115",
        "overUnder": "-115 / -115"
    },
    {
        "player": "Stuart Skinner",
        "team": "EDM",
        "opponent": "LA",
        "propType": "sv",
        "line": 27.5,
        "ppLine": "",
        "avg": 28.07,
        "hit": false,
        "diffAvg": 0.02,
        "diffAbs": 0.05,
        "lastAvg": 25.77,
        "diff": -0.06,
        "avgMin": 57,
        "proj": 26.0,
        "lastAvgMin": 56.47,
        "oppOver": 57,
        "teamOver": 52,
        "gameLine": "-165",
        "+/-": 0,
        "L5_+/-": 0,
        "prevMatchup": "2022-11-16 la @ edm 29.0 sv 2023-01-09 edm @ la 32.0 sv",
        "winLossSplits": "28.93 - 29.82",
        "awayHome": "H",
        "playedYesterday": "N",
        "awayHomeSplits": "28.81 - 27.42",
        "savesAboveExp": 0.118,
        "gsaa": 5.34,
        "corsi": "52.0% (59.2) // 54.2% (58.1) // 59.9% (65.9) // 56.8% (64.8)",
        "fenwick": "51.4% (44.6) // 53.4% (43.8) // 58.8% (48.6) // 53.8% (44.7)",
        "shots": "51.4% (33.0) // 51.3% (31.0) // 56.7% (35.2) // 52.4% (32.2)",
        "scoring": "53.3% (32.6) // 53.6% (32.9) // 56.8% (37.3) // 51.2% (34.2)",
        "corsiAgainst": "48.0% (54.7) // 45.8% (49.0) // 40.1% (44.1) // 43.2% (49.3)",
        "fenwickAgainst": "48.6% (42.2) // 46.6% (38.2) // 41.2% (34.0) // 46.2% (38.5)",
        "shotsAgainst": "48.6% (31.2) // 48.7% (29.5) // 43.3% (26.8) // 47.6% (29.3)",
        "scoringAgainst": "46.7% (28.6) // 46.4% (28.5) // 43.2% (28.4) // 48.8% (32.6)",
        "oppCorsi": "51.5% (58.8) // 52.4% (58.7) // 48.4% (53.2) // 46.8% (52.7)",
        "oppFenwick": "53.0% (44.4) // 54.6% (45.9) // 52.3% (42.8) // 50.8% (42.7)",
        "oppShots": "53.9% (32.1) // 57.4% (33.8) // 57.4% (33.0) // 53.8% (31.0)",
        "oppScoring": "52.0% (31.5) // 52.4% (31.1) // 50.2% (28.8) // 48.8% (27.7)",
        "oppCorsiAgainst": "48.5% (55.3) // 47.6% (53.3) // 51.6% (56.8) // 53.2% (60.0)",
        "oppFenwickAgainst": "47.0% (39.4) // 45.4% (38.3) // 47.7% (39.0) // 49.2% (41.3)",
        "oppShotsAgainst": "46.1% (27.5) // 42.6% (25.1) // 42.6% (24.5) // 46.2% (26.7)",
        "oppScoringAgainst": "48.0% (29.2) // 47.6% (28.2) // 49.8% (28.5) // 51.2% (29.0)",
        "savesPerGame": 28.2,
        "savesPerGameLast1": 18.0,
        "savesPerGameLast3": 25.7,
        "savesPerGameLast5": 23.8,
        "savesPer60": 28.2,
        "savesPer60Last1": 18.0,
        "savesPer60Last3": 26.0,
        "savesPer60Last5": 24.5,
        "shotsPerGame": 33.3,
        "shotsPerGameLast5": 36.2,
        "shotsAgainstPerGame": 31.5,
        "shotsAgainstPerGameLast5": 27.6,
        "oppSavesAgainstPer60": 29.3,
        "oppSavesAgainstPer60Last1": 31.3,
        "oppSavesAgainstPer60Last3": 27.4,
        "oppSavesAgainstPer60Last5": 30.7,
        "oppShotsAgainstPerGame": 27.9,
        "oppShotsAgainstPerGameLast5": 23.0,
        "savesProj": 33.1,
        "savesProjLast5": 29.5,
        "savesProjLast3": 28.2,
        "oppSavesAgainstProj": 29.4,
        "oppSavesAgainstProjLast5": 28.1,
        "oppSavesAgainstProjLast3": 26.9,
        "totalOver": 47,
        "totalOverLast5": 40,
        "totalOverLast15": 33,
        "lastTotalOver": 46,
        "last5": "18,30,14,33,25,29,31,26,37,25",
        "overOdds": "-125",
        "underOdds": "-105",
        "overUnder": "-125 / -105"
    },
    {
        "player": "Martin Jones",
        "team": "ANA",
        "opponent": "SEA",
        "propType": "sv",
        "line": 21.5,
        "ppLine": "",
        "avg": 0.0,
        "hit": false,
        "diffAvg": 0,
        "diffAbs": 1.0,
        "lastAvg": 0,
        "diff": 0,
        "avgMin": 12,
        "proj": 0.0,
        "lastAvgMin": 0,
        "oppOver": 77,
