[
    {
        "player": "Frederik Andersen",
        "team": "CAR",
        "opponent": "FLA",
        "propType": "sv",
        "line": 26.5,
        "ppLine": "",
        "avg": 22.52,
        "hit": false,
        "diffAvg": -0.15,
        "diffAbs": 0.11,
        "lastAvg": 24.44,
        "diff": -0.08,
        "avgMin": 57,
        "proj": 23.6,
        "lastAvgMin": 59.05,
        "oppOver": 74,
        "teamOver": 31,
        "gameLine": "-140",
        "+/-": 0,
        "L5_+/-": 0,
        "prevMatchup": "2022-11-09 car @ fla 33.0 sv 2022-12-30 fla @ car 19.0 sv 2023-04-13 car @ fla 30.0 sv",
        "winLossSplits": "44% - 23%",
        "awayHome": "H",
        "playedYesterday": "N",
        "awayHomeSplits": "42% - 33%",
        "savesAboveExp": -0.44,
        "gsaa": -0.71,
        "corsi": "59.9% (67.4) // 61.2% (68.8) // 59.9% (67.4) // 59.9% (67.4)",
        "fenwick": "59.1% (50.8) // 60.1% (51.8) // 59.1% (50.8) // 59.1% (50.8)",
        "shots": "57.2% (34.3) // 58.4% (34.4) // 57.2% (34.3) // 57.2% (34.3)",
        "scoring": "58.9% (33.3) // 62.3% (33.3) // 58.9% (33.3) // 58.9% (33.3)",
        "corsiAgainst": "40.1% (45.2) // 38.8% (43.6) // 40.1% (45.2) // 40.1% (45.2)",
        "fenwickAgainst": "40.9% (35.1) // 39.9% (34.4) // 40.9% (35.1) // 40.9% (35.1)",
        "shotsAgainst": "42.8% (25.6) // 41.6% (24.5) // 42.8% (25.6) // 42.8% (25.6)",
        "scoringAgainst": "41.1% (23.3) // 37.7% (20.2) // 41.1% (23.3) // 41.1% (23.3)",
        "oppCorsi": "54.2% (66.3) // 52.5% (66.0) // 54.2% (66.3) // 54.2% (66.3)",
        "oppFenwick": "53.6% (49.9) // 52.0% (49.3) // 53.6% (49.9) // 53.6% (49.9)",
        "oppShots": "53.7% (36.5) // 51.9% (35.5) // 53.7% (36.5) // 53.7% (36.5)",
        "oppScoring": "54.6% (34.8) // 53.4% (34.0) // 54.6% (34.8) // 54.6% (34.8)",
        "oppCorsiAgainst": "45.8% (56.1) // 47.5% (59.7) // 45.8% (56.1) // 45.8% (56.1)",
        "oppFenwickAgainst": "46.4% (43.2) // 48.0% (45.5) // 46.4% (43.2) // 46.4% (43.2)",
        "oppShotsAgainst": "46.3% (31.5) // 48.1% (33.0) // 46.3% (31.5) // 46.3% (31.5)",
        "oppScoringAgainst": "45.4% (28.9) // 46.6% (29.7) // 45.4% (28.9) // 45.4% (28.9)",
        "savesPerGame": 23.4,
        "savesPerGameLast1": 27.0,
        "savesPerGameLast3": 24.7,
        "savesPerGameLast5": 24.0,
        "savesPer60": 26.8,
        "savesPer60Last1": 30.2,
        "savesPer60Last3": 25.6,
        "savesPer60Last5": 24.6,
        "shotsPerGame": 34.8,
        "shotsPerGameLast5": 31.2,
        "shotsAgainstPerGame": 26.0,
        "shotsAgainstPerGameLast5": 26.6,
        "oppSavesAgainstPer60": 38.3,
        "oppSavesAgainstPer60Last1": 42.2,
        "oppSavesAgainstPer60Last3": 30.1,
        "oppSavesAgainstPer60Last5": 28.9,
        "oppShotsAgainstPerGame": 31.7,
        "oppShotsAgainstPerGameLast5": 34.8,
        "savesProj": 26.9,
        "savesProjLast5": 21.1,
        "savesProjLast3": 23.6,
        "oppSavesAgainstProj": 30.4,
        "oppSavesAgainstProjLast5": 19.3,
        "oppSavesAgainstProjLast3": 20.9,
        "totalOver": 38,
        "totalOverLast5": 40,
        "totalOverLast15": 47,
        "lastTotalOver": 40,
        "last5": "27,21,8,28,17,33,30,29,20,21",
        "overOdds": "-125",
        "underOdds": "-105",
        "overUnder": "-125 / -105"
    },
    {
        "player": "Sergei Bobrovsky",
        "team": "FLA",
        "opponent": "CAR",
        "propType": "sv",
        "line": 31.5,
        "ppLine": "",
        "avg": 27.23,
        "hit": false,
        "diffAvg": -0.14,
        "diffAbs": 0.3,
        "lastAvg": 22.33,
        "diff": -0.29,
        "avgMin": 56,
        "proj": 21.9,
        "lastAvgMin": 57.07,
        "oppOver": 47,
        "teamOver": 35,
        "gameLine": "+120",
        "+/-": 0,
        "L5_+/-": 0,
        "prevMatchup": "2022-11-09 car @ fla 40.0 sv 2022-12-30 fla @ car 30.0 sv 2023-04-13 car @ fla 30.0 sv",
        "winLossSplits": "38% - 25%",
        "awayHome": "A",
        "playedYesterday": "N",
        "awayHomeSplits": "38% - 26%",
        "savesAboveExp": -0.102,
        "gsaa": -4.63,
        "corsi": "54.2% (66.3) // 52.5% (66.0) // 54.2% (66.3) // 54.2% (66.3)",
        "fenwick": "53.6% (49.9) // 52.0% (49.3) // 53.6% (49.9) // 53.6% (49.9)",
        "shots": "53.7% (36.5) // 51.9% (35.5) // 53.7% (36.5) // 53.7% (36.5)",
        "scoring": "54.6% (34.8) // 53.4% (34.0) // 54.6% (34.8) // 54.6% (34.8)",
        "corsiAgainst": "45.8% (56.1) // 47.5% (59.7) // 45.8% (56.1) // 45.8% (56.1)",
        "fenwickAgainst": "46.4% (43.2) // 48.0% (45.5) // 46.4% (43.2) // 46.4% (43.2)",
        "shotsAgainst": "46.3% (31.5) // 48.1% (33.0) // 46.3% (31.5) // 46.3% (31.5)",
        "scoringAgainst": "45.4% (28.9) // 46.6% (29.7) // 45.4% (28.9) // 45.4% (28.9)",
        "oppCorsi": "59.9% (67.4) // 61.2% (68.8) // 59.9% (67.4) // 59.9% (67.4)",
        "oppFenwick": "59.1% (50.8) // 60.1% (51.8) // 59.1% (50.8) // 59.1% (50.8)",
        "oppShots": "57.2% (34.3) // 58.4% (34.4) // 57.2% (34.3) // 57.2% (34.3)",
        "oppScoring": "58.9% (33.3) // 62.3% (33.3) // 58.9% (33.3) // 58.9% (33.3)",
        "oppCorsiAgainst": "40.1% (45.2) // 38.8% (43.6) // 40.1% (45.2) // 40.1% (45.2)",
        "oppFenwickAgainst": "40.9% (35.1) // 39.9% (34.4) // 40.9% (35.1) // 40.9% (35.1)",
        "oppShotsAgainst": "42.8% (25.6) // 41.6% (24.5) // 42.8% (25.6) // 42.8% (25.6)",
        "oppScoringAgainst": "41.1% (23.3) // 37.7% (20.2) // 41.1% (23.3) // 41.1% (23.3)",
        "savesPerGame": 28.4,
        "savesPerGameLast1": 51.0,
        "savesPerGameLast3": 32.0,
        "savesPerGameLast5": 32.8,
        "savesPer60": 32.6,
        "savesPer60Last1": 64.2,
        "savesPer60Last3": 35.1,
        "savesPer60Last5": 34.6,
        "shotsPerGame": 36.8,
        "shotsPerGameLast5": 31.0,
        "shotsAgainstPerGame": 31.7,
        "shotsAgainstPerGameLast5": 34.8,
        "oppSavesAgainstPer60": 36.0,
        "oppSavesAgainstPer60Last1": 36.0,
        "oppSavesAgainstPer60Last3": 28.2,
        "oppSavesAgainstPer60Last5": 26.9,
        "oppShotsAgainstPerGame": 26.0,
        "oppShotsAgainstPerGameLast5": 26.6,
        "savesProj": 38.1,
        "savesProjLast5": 34.1,
        "savesProjLast3": 37.1,
        "oppSavesAgainstProj": 34.9,
        "oppSavesAgainstProjLast5": 27.1,
        "oppSavesAgainstProjLast3": 27.5,
        "totalOver": 32,
        "totalOverLast5": 60,
        "totalOverLast15": 40,
        "lastTotalOver": 12,
        "last5": "50,23,22,35,34,33,29,44,25,8",
        "overOdds": "-125",
        "underOdds": "-105",
        "overUnder": "-125 / -105"
    }
]