[
    {
        "player": "Adam Fox",
        "team": "NYR",
        "opponent": "WSH",
        "propType": "sog",
        "line": 1.5,
        "ppLine": "PP1",
        "avg": 2.07,
        "hit": false,
        "diffAvg": 0.38,
        "diffAbs": 0.07,
        "lastAvg": 1.61,
        "diff": 0.07,
        "avgMin": 24,
        "proj": 1.6,
        "lastAvgMin": 23.9,
        "oppOver": 0,
        "teamOver": 0,
        "gameLine": "-135",
        "+/-": "+29",
        "L5_+/-": "+10.0",
        "prevMatchup": "2023-03-14 0.0 sog 2023-02-25 1.0 sog 2022-12-27 0.0 sog",
        "winLossSplits": "1.94 - 2.1",
        "awayHome": "A",
        "playedYesterday": "N",
        "awayHomeSplits": "2.16 - 1.97",
        "savesAboveExp": 0.193,
        "gsaa": 10.35,
        "corsi": "51.4% (58.2) // 46.3% (52.3) // 45.2% (50.9) // 48.1% (55.1)",
        "fenwick": "52.1% (43.9) // 48.5% (41.2) // 47.8% (40.9) // 49.8% (44.5)",
        "shots": "51.8% (31.2) // 49.7% (31.1) // 48.9% (30.2) // 49.7% (31.0)",
        "scoring": "51.3% (30.8) // 48.0% (28.5) // 45.5% (26.8) // 44.0% (26.7)",
        "corsiAgainst": "48.6% (55.0) // 53.7% (60.7) // 54.8% (61.6) // 51.9% (59.4)",
        "fenwickAgainst": "47.9% (40.4) // 51.5% (43.7) // 52.2% (44.7) // 50.2% (44.9)",
        "shotsAgainst": "48.2% (29.1) // 50.3% (31.5) // 51.1% (31.6) // 50.3% (31.3)",
        "scoringAgainst": "48.7% (29.2) // 52.0% (30.9) // 54.5% (32.2) // 56.0% (34.0)",
        "oppCorsi": "50.7% (59.3) // 50.6% (58.5) // 47.6% (54.9) // 44.2% (48.0)",
        "oppFenwick": "50.5% (43.5) // 50.3% (43.0) // 48.8% (41.4) // 46.8% (35.5)",
        "oppShots": "50.6% (31.1) // 50.7% (31.6) // 47.6% (29.1) // 47.5% (27.4)",
        "oppScoring": "50.8% (29.6) // 51.0% (29.2) // 50.0% (29.6) // 40.2% (21.6)",
        "oppCorsiAgainst": "49.3% (57.7) // 49.4% (57.1) // 52.4% (60.5) // 55.8% (60.5)",
        "oppFenwickAgainst": "49.5% (42.7) // 49.7% (42.5) // 51.2% (43.3) // 53.2% (40.3)",
        "oppShotsAgainst": "49.4% (30.3) // 49.3% (30.7) // 52.4% (32.1) // 52.5% (30.2)",
        "oppScoringAgainst": "49.2% (28.7) // 49.0% (28.0) // 50.0% (29.6) // 59.8% (32.2)",
        "savesPerGame": 26.9,
        "savesPerGameLast1": 31.0,
        "savesPerGameLast3": 29.3,
        "savesPerGameLast5": 29.6,
        "savesPer60": 27.0,
        "savesPer60Last1": 31.9,
        "savesPer60Last3": 29.3,
        "savesPer60Last5": 29.5,
        "shotsPerGame": 31.7,
        "shotsPerGameLast5": 30.4,
        "shotsAgainstPerGame": 29.5,
        "shotsAgainstPerGameLast5": 31.8,
        "oppSavesAgainstPer60": 28.5,
        "oppSavesAgainstPer60Last1": 30.6,
        "oppSavesAgainstPer60Last3": 28.8,
        "oppSavesAgainstPer60Last5": 27.7,
        "oppShotsAgainstPerGame": 30.6,
        "oppShotsAgainstPerGameLast5": 34.0,
        "savesProj": 27.8,
        "savesProjLast5": 29.8,
        "savesProjLast3": 30.5,
        "oppSavesAgainstProj": 26.9,
        "oppSavesAgainstProjLast5": 27.1,
        "oppSavesAgainstProjLast3": 29.3,
        "totalOver": 62,
        "totalOverLast5": 100,
        "totalOverLast15": 67,
        "lastTotalOver": 64,
        "last5": "4,2,2,3,3,0,2,3,1,0",
        "overOdds": "-160",
        "underOdds": "+130",
        "overUnder": "-160 / +130"
    },
    {
        "player": "Alex Ovechkin",
        "team": "WSH",
        "opponent": "NYR",
        "propType": "sog",
        "line": 3.5,
        "ppLine": "PP1",
        "avg": 4.11,
        "hit": false,
        "diffAvg": 0.17,
        "diffAbs": 0.11,
        "lastAvg": 4.02,
        "diff": 0.15,
        "avgMin": 20,
        "proj": 3.9,
        "lastAvgMin": 20.57,
        "oppOver": 0,
        "teamOver": 0,
        "gameLine": "+115",
        "+/-": -13,
        "L5_+/-": -7.0,
        "prevMatchup": "2023-02-25 2.0 sog 2022-12-27 1.0 sog",
        "winLossSplits": "4.25 - 3.93",
        "awayHome": "H",
        "playedYesterday": "N",
        "awayHomeSplits": "4.25 - 3.97",
        "savesAboveExp": 0.388,
        "gsaa": 16.34,
        "corsi": "50.7% (59.3) // 50.6% (58.5) // 47.6% (54.9) // 44.2% (48.0)",
        "fenwick": "50.5% (43.5) // 50.3% (43.0) // 48.8% (41.4) // 46.8% (35.5)",
        "shots": "50.6% (31.1) // 50.7% (31.6) // 47.6% (29.1) // 47.5% (27.4)",
        "scoring": "50.8% (29.6) // 51.0% (29.2) // 50.0% (29.6) // 40.2% (21.6)",
        "corsiAgainst": "49.3% (57.7) // 49.4% (57.1) // 52.4% (60.5) // 55.8% (60.5)",
        "fenwickAgainst": "49.5% (42.7) // 49.7% (42.5) // 51.2% (43.3) // 53.2% (40.3)",
        "shotsAgainst": "49.4% (30.3) // 49.3% (30.7) // 52.4% (32.1) // 52.5% (30.2)",
        "scoringAgainst": "49.2% (28.7) // 49.0% (28.0) // 50.0% (29.6) // 59.8% (32.2)",
        "oppCorsi": "51.4% (58.2) // 46.3% (52.3) // 45.2% (50.9) // 48.1% (55.1)",
        "oppFenwick": "52.1% (43.9) // 48.5% (41.2) // 47.8% (40.9) // 49.8% (44.5)",
        "oppShots": "51.8% (31.2) // 49.7% (31.1) // 48.9% (30.2) // 49.7% (31.0)",
        "oppScoring": "51.3% (30.8) // 48.0% (28.5) // 45.5% (26.8) // 44.0% (26.7)",
        "oppCorsiAgainst": "48.6% (55.0) // 53.7% (60.7) // 54.8% (61.6) // 51.9% (59.4)",
        "oppFenwickAgainst": "47.9% (40.4) // 51.5% (43.7) // 52.2% (44.7) // 50.2% (44.9)",
        "oppShotsAgainst": "48.2% (29.1) // 50.3% (31.5) // 51.1% (31.6) // 50.3% (31.3)",
        "oppScoringAgainst": "48.7% (29.2) // 52.0% (30.9) // 54.5% (32.2) // 56.0% (34.0)",
        "savesPerGame": 27.5,
        "savesPerGameLast1": 29.0,
        "savesPerGameLast3": 31.0,
        "savesPerGameLast5": 30.4,
        "savesPer60": 27.5,
        "savesPer60Last1": 28.7,
        "savesPer60Last3": 31.6,
        "savesPer60Last5": 31.0,
        "shotsPerGame": 31.4,
        "shotsPerGameLast5": 31.2,
        "shotsAgainstPerGame": 30.6,
        "shotsAgainstPerGameLast5": 34.0,
        "oppSavesAgainstPer60": 28.5,
        "oppSavesAgainstPer60Last1": 31.0,
        "oppSavesAgainstPer60Last3": 28.2,
        "oppSavesAgainstPer60Last5": 27.2,
        "oppShotsAgainstPerGame": 29.5,
        "oppShotsAgainstPerGameLast5": 31.8,
        "savesProj": 28.9,
        "savesProjLast5": 31.5,
        "savesProjLast3": 33.1,
        "oppSavesAgainstProj": 27.8,
        "oppSavesAgainstProjLast5": 29.8,
        "oppSavesAgainstProjLast3": 29.8,
        "totalOver": 54,
        "totalOverLast5": 20,
        "totalOverLast15": 53,
        "lastTotalOver": 64,
        "last5": "2,1,4,3,3,8,4,5,4,2",
        "overOdds": "-140",
        "underOdds": "+110",
        "overUnder": "-140 / +110"
    },
    {
        "player": "Artemi Panarin",
        "team": "NYR",
        "opponent": "WSH",
        "propType": "sog",
        "line": 2.5,
        "ppLine": "PP1",
        "avg": 2.49,
        "hit": false,
        "diffAvg": -0.0,
        "diffAbs": 0.28,
        "lastAvg": 1.86,
        "diff": -0.26,
        "avgMin": 19,
        "proj": 1.8,
        "lastAvgMin": 19.22,
        "oppOver": 0,
        "teamOver": 0,
        "gameLine": "-135",
        "+/-": "+4",
        "L5_+/-": "+7.0",
        "prevMatchup": "2023-03-14 1.0 sog 2023-02-25 0.0 sog 2022-12-27 4.0 sog",
        "winLossSplits": "2.24 - 2.59",
        "awayHome": "A",
        "playedYesterday": "N",
        "awayHomeSplits": "2.26 - 2.71",
        "savesAboveExp": 0.193,
        "gsaa": 10.35,
        "corsi": "51.4% (58.2) // 46.3% (52.3) // 45.2% (50.9) // 48.1% (55.1)",
        "fenwick": "52.1% (43.9) // 48.5% (41.2) // 47.8% (40.9) // 49.8% (44.5)",
        "shots": "51.8% (31.2) // 49.7% (31.1) // 48.9% (30.2) // 49.7% (31.0)",
        "scoring": "51.3% (30.8) // 48.0% (28.5) // 45.5% (26.8) // 44.0% (26.7)",
        "corsiAgainst": "48.6% (55.0) // 53.7% (60.7) // 54.8% (61.6) // 51.9% (59.4)",
        "fenwickAgainst": "47.9% (40.4) // 51.5% (43.7) // 52.2% (44.7) // 50.2% (44.9)",
        "shotsAgainst": "48.2% (29.1) // 50.3% (31.5) // 51.1% (31.6) // 50.3% (31.3)",
        "scoringAgainst": "48.7% (29.2) // 52.0% (30.9) // 54.5% (32.2) // 56.0% (34.0)",
        "oppCorsi": "50.7% (59.3) // 50.6% (58.5) // 47.6% (54.9) // 44.2% (48.0)",
        "oppFenwick": "50.5% (43.5) // 50.3% (43.0) // 48.8% (41.4) // 46.8% (35.5)",
        "oppShots": "50.6% (31.1) // 50.7% (31.6) // 47.6% (29.1) // 47.5% (27.4)",
        "oppScoring": "50.8% (29.6) // 51.0% (29.2) // 50.0% (29.6) // 40.2% (21.6)",
        "oppCorsiAgainst": "49.3% (57.7) // 49.4% (57.1) // 52.4% (60.5) // 55.8% (60.5)",
        "oppFenwickAgainst": "49.5% (42.7) // 49.7% (42.5) // 51.2% (43.3) // 53.2% (40.3)",
        "oppShotsAgainst": "49.4% (30.3) // 49.3% (30.7) // 52.4% (32.1) // 52.5% (30.2)",
        "oppScoringAgainst": "49.2% (28.7) // 49.0% (28.0) // 50.0% (29.6) // 59.8% (32.2)",
        "savesPerGame": 26.9,
        "savesPerGameLast1": 31.0,
        "savesPerGameLast3": 29.3,
        "savesPerGameLast5": 29.6,
        "savesPer60": 27.0,
        "savesPer60Last1": 31.9,
        "savesPer60Last3": 29.3,
        "savesPer60Last5": 29.5,
        "shotsPerGame": 31.7,
        "shotsPerGameLast5": 30.4,
        "shotsAgainstPerGame": 29.5,
        "shotsAgainstPerGameLast5": 31.8,
        "oppSavesAgainstPer60": 28.5,
        "oppSavesAgainstPer60Last1": 30.6,
        "oppSavesAgainstPer60Last3": 28.8,
        "oppSavesAgainstPer60Last5": 27.7,
        "oppShotsAgainstPerGame": 30.6,
        "oppShotsAgainstPerGameLast5": 34.0,
        "savesProj": 27.8,
        "savesProjLast5": 29.8,
        "savesProjLast3": 30.5,
        "oppSavesAgainstProj": 26.9,
        "oppSavesAgainstProjLast5": 27.1,
        "oppSavesAgainstProjLast3": 29.3,
        "totalOver": 47,
        "totalOverLast5": 80,
        "totalOverLast15": 33,
        "lastTotalOver": 37,
        "last5": "3,4,4,2,4,2,1,2,2,1",
        "overOdds": "+105",
        "underOdds": "-135",
        "overUnder": "+105 / -135"
    },
    {
        "player": "Chris Kreider",
        "team": "NYR",
        "opponent": "WSH",
        "propType": "sog",
        "line": 2.5,
        "ppLine": "PP1",
        "avg": 3.0,
        "hit": false,
        "diffAvg": 0.2,
        "diffAbs": 0.04,
        "lastAvg": 2.5,
        "diff": 0.0,
        "avgMin": 18,
        "proj": 2.4,
        "lastAvgMin": 18.72,
        "oppOver": 0,
        "teamOver": 0,
        "gameLine": "-135",
        "+/-": "+22",
        "L5_+/-": "+4.0",
        "prevMatchup": "2023-03-14 5.0 sog 2023-02-25 3.0 sog 2022-12-27 3.0 sog",
        "winLossSplits": "3.27 - 2.48",
        "awayHome": "A",
        "playedYesterday": "N",
        "awayHomeSplits": "2.89 - 3.11",
        "savesAboveExp": 0.193,
        "gsaa": 10.35,
        "corsi": "51.4% (58.2) // 46.3% (52.3) // 45.2% (50.9) // 48.1% (55.1)",
        "fenwick": "52.1% (43.9) // 48.5% (41.2) // 47.8% (40.9) // 49.8% (44.5)",
        "shots": "51.8% (31.2) // 49.7% (31.1) // 48.9% (30.2) // 49.7% (31.0)",
        "scoring": "51.3% (30.8) // 48.0% (28.5) // 45.5% (26.8) // 44.0% (26.7)",
        "corsiAgainst": "48.6% (55.0) // 53.7% (60.7) // 54.8% (61.6) // 51.9% (59.4)",
        "fenwickAgainst": "47.9% (40.4) // 51.5% (43.7) // 52.2% (44.7) // 50.2% (44.9)",
        "shotsAgainst": "48.2% (29.1) // 50.3% (31.5) // 51.1% (31.6) // 50.3% (31.3)",
        "scoringAgainst": "48.7% (29.2) // 52.0% (30.9) // 54.5% (32.2) // 56.0% (34.0)",
        "oppCorsi": "50.7% (59.3) // 50.6% (58.5) // 47.6% (54.9) // 44.2% (48.0)",
        "oppFenwick": "50.5% (43.5) // 50.3% (43.0) // 48.8% (41.4) // 46.8% (35.5)",
        "oppShots": "50.6% (31.1) // 50.7% (31.6) // 47.6% (29.1) // 47.5% (27.4)",
        "oppScoring": "50.8% (29.6) // 51.0% (29.2) // 50.0% (29.6) // 40.2% (21.6)",
        "oppCorsiAgainst": "49.3% (57.7) // 49.4% (57.1) // 52.4% (60.5) // 55.8% (60.5)",
        "oppFenwickAgainst": "49.5% (42.7) // 49.7% (42.5) // 51.2% (43.3) // 53.2% (40.3)",
        "oppShotsAgainst": "49.4% (30.3) // 49.3% (30.7) // 52.4% (32.1) // 52.5% (30.2)",
        "oppScoringAgainst": "49.2% (28.7) // 49.0% (28.0) // 50.0% (29.6) // 59.8% (32.2)",
        "savesPerGame": 26.9,
        "savesPerGameLast1": 31.0,
        "savesPerGameLast3": 29.3,
        "savesPerGameLast5": 29.6,
        "savesPer60": 27.0,
        "savesPer60Last1": 31.9,
        "savesPer60Last3": 29.3,
        "savesPer60Last5": 29.5,
        "shotsPerGame": 31.7,
        "shotsPerGameLast5": 30.4,
        "shotsAgainstPerGame": 29.5,
        "shotsAgainstPerGameLast5": 31.8,
        "oppSavesAgainstPer60": 28.5,
        "oppSavesAgainstPer60Last1": 30.6,
        "oppSavesAgainstPer60Last3": 28.8,
        "oppSavesAgainstPer60Last5": 27.7,
        "oppShotsAgainstPerGame": 30.6,
        "oppShotsAgainstPerGameLast5": 34.0,
        "savesProj": 27.8,
        "savesProjLast5": 29.8,
        "savesProjLast3": 30.5,
        "oppSavesAgainstProj": 26.9,
        "oppSavesAgainstProjLast5": 27.1,
        "oppSavesAgainstProjLast3": 29.3,
        "totalOver": 53,
        "totalOverLast5": 60,
        "totalOverLast15": 40,
        "lastTotalOver": 56,
        "last5": "1,3,4,4,0,4,1,2,4,5",
        "overOdds": "-110",
        "underOdds": "-120",
        "overUnder": "-110 / -120"
    },
    {
        "player": "Dylan Strome",
        "team": "WSH",
        "opponent": "NYR",
        "propType": "sog",
        "line": 1.5,
        "ppLine": "PP1",
        "avg": 1.89,
        "hit": false,
        "diffAvg": 0.26,
        "diffAbs": 0.13,
        "lastAvg": 1.83,
        "diff": 0.22,
        "avgMin": 16,
        "proj": 1.7,
        "lastAvgMin": 17.43,
        "oppOver": 0,
        "teamOver": 0,
        "gameLine": "+115",
        "+/-": -5,
        "L5_+/-": 0.0,
        "prevMatchup": "2023-03-14 1.0 sog 2023-02-25 2.0 sog 2022-12-27 2.0 sog",
        "winLossSplits": "1.72 - 1.92",
        "awayHome": "H",
        "playedYesterday": "N",
        "awayHomeSplits": "1.82 - 1.97",
        "savesAboveExp": 0.388,
        "gsaa": 16.34,
        "corsi": "50.7% (59.3) // 50.6% (58.5) // 47.6% (54.9) // 44.2% (48.0)",
        "fenwick": "50.5% (43.5) // 50.3% (43.0) // 48.8% (41.4) // 46.8% (35.5)",
        "shots": "50.6% (31.1) // 50.7% (31.6) // 47.6% (29.1) // 47.5% (27.4)",
        "scoring": "50.8% (29.6) // 51.0% (29.2) // 50.0% (29.6) // 40.2% (21.6)",
        "corsiAgainst": "49.3% (57.7) // 49.4% (57.1) // 52.4% (60.5) // 55.8% (60.5)",
        "fenwickAgainst": "49.5% (42.7) // 49.7% (42.5) // 51.2% (43.3) // 53.2% (40.3)",
        "shotsAgainst": "49.4% (30.3) // 49.3% (30.7) // 52.4% (32.1) // 52.5% (30.2)",
        "scoringAgainst": "49.2% (28.7) // 49.0% (28.0) // 50.0% (29.6) // 59.8% (32.2)",
        "oppCorsi": "51.4% (58.2) // 46.3% (52.3) // 45.2% (50.9) // 48.1% (55.1)",
        "oppFenwick": "52.1% (43.9) // 48.5% (41.2) // 47.8% (40.9) // 49.8% (44.5)",
        "oppShots": "51.8% (31.2) // 49.7% (31.1) // 48.9% (30.2) // 49.7% (31.0)",
        "oppScoring": "51.3% (30.8) // 48.0% (28.5) // 45.5% (26.8) // 44.0% (26.7)",
        "oppCorsiAgainst": "48.6% (55.0) // 53.7% (60.7) // 54.8% (61.6) // 51.9% (59.4)",
        "oppFenwickAgainst": "47.9% (40.4) // 51.5% (43.7) // 52.2% (44.7) // 50.2% (44.9)",
        "oppShotsAgainst": "48.2% (29.1) // 50.3% (31.5) // 51.1% (31.6) // 50.3% (31.3)",
        "oppScoringAgainst": "48.7% (29.2) // 52.0% (30.9) // 54.5% (32.2) // 56.0% (34.0)",
        "savesPerGame": 27.5,
        "savesPerGameLast1": 29.0,
        "savesPerGameLast3": 31.0,
        "savesPerGameLast5": 30.4,
        "savesPer60": 27.5,
        "savesPer60Last1": 28.7,
        "savesPer60Last3": 31.6,
        "savesPer60Last5": 31.0,
        "shotsPerGame": 31.4,
        "shotsPerGameLast5": 31.2,
        "shotsAgainstPerGame": 30.6,
        "shotsAgainstPerGameLast5": 34.0,
        "oppSavesAgainstPer60": 28.5,
        "oppSavesAgainstPer60Last1": 31.0,
        "oppSavesAgainstPer60Last3": 28.2,
        "oppSavesAgainstPer60Last5": 27.2,
        "oppShotsAgainstPerGame": 29.5,
        "oppShotsAgainstPerGameLast5": 31.8,
        "savesProj": 28.9,
        "savesProjLast5": 31.5,
        "savesProjLast3": 33.1,
        "oppSavesAgainstProj": 27.8,
        "oppSavesAgainstProjLast5": 29.8,
        "oppSavesAgainstProjLast3": 29.8,
        "totalOver": 51,
        "totalOverLast5": 80,
        "totalOverLast15": 67,
        "lastTotalOver": 42,
        "last5": "2,1,6,3,3,2,2,2,1,1",
        "overOdds": "-165",
        "underOdds": "+135",
        "overUnder": "-165 / +135"
    },
    {
        "player": "Evgeny Kuznetsov",
        "team": "WSH",
        "opponent": "NYR",
        "propType": "sog",
        "line": 1.5,
        "ppLine": "PP2",
        "avg": 2.19,
        "hit": false,
        "diffAvg": 0.46,
        "diffAbs": 0.4,
        "lastAvg": 2.39,
        "diff": 0.59,
        "avgMin": 18,
        "proj": 2.1,
        "lastAvgMin": 20.27,
        "oppOver": 0,
        "teamOver": 0,
        "gameLine": "+115",
        "+/-": -19,
        "L5_+/-": -7.0,
        "prevMatchup": "2023-03-14 0.0 sog 2023-02-25 4.0 sog 2022-12-27 4.0 sog",
        "winLossSplits": "1.96 - 2.28",
        "awayHome": "H",
        "playedYesterday": "N",
        "awayHomeSplits": "2.03 - 2.35",
        "savesAboveExp": 0.388,
        "gsaa": 16.34,
        "corsi": "50.7% (59.3) // 50.6% (58.5) // 47.6% (54.9) // 44.2% (48.0)",
        "fenwick": "50.5% (43.5) // 50.3% (43.0) // 48.8% (41.4) // 46.8% (35.5)",
        "shots": "50.6% (31.1) // 50.7% (31.6) // 47.6% (29.1) // 47.5% (27.4)",
        "scoring": "50.8% (29.6) // 51.0% (29.2) // 50.0% (29.6) // 40.2% (21.6)",
        "corsiAgainst": "49.3% (57.7) // 49.4% (57.1) // 52.4% (60.5) // 55.8% (60.5)",
        "fenwickAgainst": "49.5% (42.7) // 49.7% (42.5) // 51.2% (43.3) // 53.2% (40.3)",
        "shotsAgainst": "49.4% (30.3) // 49.3% (30.7) // 52.4% (32.1) // 52.5% (30.2)",
        "scoringAgainst": "49.2% (28.7) // 49.0% (28.0) // 50.0% (29.6) // 59.8% (32.2)",
        "oppCorsi": "51.4% (58.2) // 46.3% (52.3) // 45.2% (50.9) // 48.1% (55.1)",
        "oppFenwick": "52.1% (43.9) // 48.5% (41.2) // 47.8% (40.9) // 49.8% (44.5)",
        "oppShots": "51.8% (31.2) // 49.7% (31.1) // 48.9% (30.2) // 49.7% (31.0)",
        "oppScoring": "51.3% (30.8) // 48.0% (28.5) // 45.5% (26.8) // 44.0% (26.7)",
        "oppCorsiAgainst": "48.6% (55.0) // 53.7% (60.7) // 54.8% (61.6) // 51.9% (59.4)",
        "oppFenwickAgainst": "47.9% (40.4) // 51.5% (43.7) // 52.2% (44.7) // 50.2% (44.9)",
        "oppShotsAgainst": "48.2% (29.1) // 50.3% (31.5) // 51.1% (31.6) // 50.3% (31.3)",
        "oppScoringAgainst": "48.7% (29.2) // 52.0% (30.9) // 54.5% (32.2) // 56.0% (34.0)",
        "savesPerGame": 27.5,
        "savesPerGameLast1": 29.0,
        "savesPerGameLast3": 31.0,
        "savesPerGameLast5": 30.4,
        "savesPer60": 27.5,
        "savesPer60Last1": 28.7,
        "savesPer60Last3": 31.6,
        "savesPer60Last5": 31.0,
        "shotsPerGame": 31.4,
        "shotsPerGameLast5": 31.2,
        "shotsAgainstPerGame": 30.6,
        "shotsAgainstPerGameLast5": 34.0,
        "oppSavesAgainstPer60": 28.5,
        "oppSavesAgainstPer60Last1": 31.0,
        "oppSavesAgainstPer60Last3": 28.2,
        "oppSavesAgainstPer60Last5": 27.2,
        "oppShotsAgainstPerGame": 29.5,
        "oppShotsAgainstPerGameLast5": 31.8,
        "savesProj": 28.9,
        "savesProjLast5": 31.5,
        "savesProjLast3": 33.1,
        "oppSavesAgainstProj": 27.8,
        "oppSavesAgainstProjLast5": 29.8,
        "oppSavesAgainstProjLast3": 29.8,
        "totalOver": 64,
        "totalOverLast5": 40,
        "totalOverLast15": 67,
        "lastTotalOver": 72,
        "last5": "0,4,0,0,2,2,3,4,0,2",
        "overOdds": "-175",
        "underOdds": "+140",
        "overUnder": "-175 / +140"
    },
    {
        "player": "Filip Chytil",
        "team": "NYR",
        "opponent": "WSH",
        "propType": "sog",
        "line": 2.5,
        "ppLine": "PP2",
        "avg": 2.31,
        "hit": false,
        "diffAvg": -0.08,
        "diffAbs": 0.36,
        "lastAvg": 1.55,
        "diff": -0.38,
        "avgMin": 14,
        "proj": 1.6,
        "lastAvgMin": 13.17,
        "oppOver": 0,
        "teamOver": 0,
        "gameLine": "-135",
        "+/-": "+16",
        "L5_+/-": "+6.0",
        "prevMatchup": "2023-03-14 1.0 sog 2023-02-25 2.0 sog 2022-12-27 5.0 sog",
        "winLossSplits": "2.28 - 2.11",
        "awayHome": "A",
        "playedYesterday": "N",
        "awayHomeSplits": "2.09 - 2.55",
        "savesAboveExp": 0.193,
        "gsaa": 10.35,
        "corsi": "51.4% (58.2) // 46.3% (52.3) // 45.2% (50.9) // 48.1% (55.1)",
        "fenwick": "52.1% (43.9) // 48.5% (41.2) // 47.8% (40.9) // 49.8% (44.5)",
        "shots": "51.8% (31.2) // 49.7% (31.1) // 48.9% (30.2) // 49.7% (31.0)",
        "scoring": "51.3% (30.8) // 48.0% (28.5) // 45.5% (26.8) // 44.0% (26.7)",
        "corsiAgainst": "48.6% (55.0) // 53.7% (60.7) // 54.8% (61.6) // 51.9% (59.4)",
        "fenwickAgainst": "47.9% (40.4) // 51.5% (43.7) // 52.2% (44.7) // 50.2% (44.9)",
        "shotsAgainst": "48.2% (29.1) // 50.3% (31.5) // 51.1% (31.6) // 50.3% (31.3)",
        "scoringAgainst": "48.7% (29.2) // 52.0% (30.9) // 54.5% (32.2) // 56.0% (34.0)",
        "oppCorsi": "50.7% (59.3) // 50.6% (58.5) // 47.6% (54.9) // 44.2% (48.0)",
        "oppFenwick": "50.5% (43.5) // 50.3% (43.0) // 48.8% (41.4) // 46.8% (35.5)",
        "oppShots": "50.6% (31.1) // 50.7% (31.6) // 47.6% (29.1) // 47.5% (27.4)",
        "oppScoring": "50.8% (29.6) // 51.0% (29.2) // 50.0% (29.6) // 40.2% (21.6)",
        "oppCorsiAgainst": "49.3% (57.7) // 49.4% (57.1) // 52.4% (60.5) // 55.8% (60.5)",
        "oppFenwickAgainst": "49.5% (42.7) // 49.7% (42.5) // 51.2% (43.3) // 53.2% (40.3)",
        "oppShotsAgainst": "49.4% (30.3) // 49.3% (30.7) // 52.4% (32.1) // 52.5% (30.2)",
        "oppScoringAgainst": "49.2% (28.7) // 49.0% (28.0) // 50.0% (29.6) // 59.8% (32.2)",
        "savesPerGame": 26.9,
        "savesPerGameLast1": 31.0,
        "savesPerGameLast3": 29.3,
        "savesPerGameLast5": 29.6,
        "savesPer60": 27.0,
        "savesPer60Last1": 31.9,
        "savesPer60Last3": 29.3,
        "savesPer60Last5": 29.5,
        "shotsPerGame": 31.7,
        "shotsPerGameLast5": 30.4,
        "shotsAgainstPerGame": 29.5,
        "shotsAgainstPerGameLast5": 31.8,
        "oppSavesAgainstPer60": 28.5,
        "oppSavesAgainstPer60Last1": 30.6,
        "oppSavesAgainstPer60Last3": 28.8,
        "oppSavesAgainstPer60Last5": 27.7,
        "oppShotsAgainstPerGame": 30.6,
        "oppShotsAgainstPerGameLast5": 34.0,
        "savesProj": 27.8,
        "savesProjLast5": 29.8,
        "savesProjLast3": 30.5,
        "oppSavesAgainstProj": 26.9,
        "oppSavesAgainstProjLast5": 27.1,
        "oppSavesAgainstProjLast3": 29.3,
        "totalOver": 37,
        "totalOverLast5": 40,
        "totalOverLast15": 27,
        "lastTotalOver": 34,
        "last5": "2,2,3,5,1,2,6,1,4,1",
        "overOdds": "+120",
        "underOdds": "-150",
        "overUnder": "+120 / -150"
    },
    {
        "player": "Jacob Trouba",
        "team": "NYR",
        "opponent": "WSH",
        "propType": "sog",
        "line": 2.5,
        "ppLine": "PP2",
        "avg": 2.53,
        "hit": false,
        "diffAvg": 0.01,
        "diffAbs": 0.24,
        "lastAvg": 2.02,
        "diff": -0.19,
        "avgMin": 21,
        "proj": 1.9,
        "lastAvgMin": 22.42,
        "oppOver": 0,
        "teamOver": 0,
        "gameLine": "-135",
        "+/-": "+3",
        "L5_+/-": "+9.0",
        "prevMatchup": "2023-03-14 4.0 sog 2023-02-25 1.0 sog 2022-12-27 1.0 sog",
        "winLossSplits": "2.39 - 2.56",
        "awayHome": "A",
        "playedYesterday": "N",
        "awayHomeSplits": "2.24 - 2.82",
        "savesAboveExp": 0.193,
        "gsaa": 10.35,
        "corsi": "51.4% (58.2) // 46.3% (52.3) // 45.2% (50.9) // 48.1% (55.1)",
        "fenwick": "52.1% (43.9) // 48.5% (41.2) // 47.8% (40.9) // 49.8% (44.5)",
        "shots": "51.8% (31.2) // 49.7% (31.1) // 48.9% (30.2) // 49.7% (31.0)",
        "scoring": "51.3% (30.8) // 48.0% (28.5) // 45.5% (26.8) // 44.0% (26.7)",
        "corsiAgainst": "48.6% (55.0) // 53.7% (60.7) // 54.8% (61.6) // 51.9% (59.4)",
        "fenwickAgainst": "47.9% (40.4) // 51.5% (43.7) // 52.2% (44.7) // 50.2% (44.9)",
        "shotsAgainst": "48.2% (29.1) // 50.3% (31.5) // 51.1% (31.6) // 50.3% (31.3)",
        "scoringAgainst": "48.7% (29.2) // 52.0% (30.9) // 54.5% (32.2) // 56.0% (34.0)",
        "oppCorsi": "50.7% (59.3) // 50.6% (58.5) // 47.6% (54.9) // 44.2% (48.0)",
        "oppFenwick": "50.5% (43.5) // 50.3% (43.0) // 48.8% (41.4) // 46.8% (35.5)",
        "oppShots": "50.6% (31.1) // 50.7% (31.6) // 47.6% (29.1) // 47.5% (27.4)",
        "oppScoring": "50.8% (29.6) // 51.0% (29.2) // 50.0% (29.6) // 40.2% (21.6)",
        "oppCorsiAgainst": "49.3% (57.7) // 49.4% (57.1) // 52.4% (60.5) // 55.8% (60.5)",
        "oppFenwickAgainst": "49.5% (42.7) // 49.7% (42.5) // 51.2% (43.3) // 53.2% (40.3)",
        "oppShotsAgainst": "49.4% (30.3) // 49.3% (30.7) // 52.4% (32.1) // 52.5% (30.2)",
        "oppScoringAgainst": "49.2% (28.7) // 49.0% (28.0) // 50.0% (29.6) // 59.8% (32.2)",
        "savesPerGame": 26.9,
        "savesPerGameLast1": 31.0,
        "savesPerGameLast3": 29.3,
        "savesPerGameLast5": 29.6,
        "savesPer60": 27.0,
        "savesPer60Last1": 31.9,
        "savesPer60Last3": 29.3,
        "savesPer60Last5": 29.5,
        "shotsPerGame": 31.7,
        "shotsPerGameLast5": 30.4,
        "shotsAgainstPerGame": 29.5,
        "shotsAgainstPerGameLast5": 31.8,
        "oppSavesAgainstPer60": 28.5,
        "oppSavesAgainstPer60Last1": 30.6,
        "oppSavesAgainstPer60Last3": 28.8,
        "oppSavesAgainstPer60Last5": 27.7,
        "oppShotsAgainstPerGame": 30.6,
        "oppShotsAgainstPerGameLast5": 34.0,
        "savesProj": 27.8,
        "savesProjLast5": 29.8,
        "savesProjLast3": 30.5,
        "oppSavesAgainstProj": 26.9,
        "oppSavesAgainstProjLast5": 27.1,
        "oppSavesAgainstProjLast3": 29.3,
        "totalOver": 49,
        "totalOverLast5": 40,
        "totalOverLast15": 40,
        "lastTotalOver": 38,
        "last5": "1,2,3,3,0,2,1,3,3,4",
        "overOdds": "+120",
        "underOdds": "-150",
        "overUnder": "+120 / -150"
    },
    {
        "player": "John Carlson",
        "team": "WSH",
        "opponent": "NYR",
        "propType": "sog",
        "line": 2.5,
        "ppLine": "PP1",
        "avg": 3.32,
        "hit": false,
        "diffAvg": 0.33,
        "diffAbs": 0.12,
        "lastAvg": 2.32,
        "diff": -0.07,
        "avgMin": 23,
        "proj": 2.2,
        "lastAvgMin": 23.8,
        "oppOver": 0,
        "teamOver": 0,
        "gameLine": "+115",
        "+/-": -3,
        "L5_+/-": "+6.0",
        "prevMatchup": "",
        "winLossSplits": "3.32 - 3.26",
        "awayHome": "H",
        "playedYesterday": "N",
        "awayHomeSplits": "3.68 - 2.87",
        "savesAboveExp": 0.388,
        "gsaa": 16.34,
        "corsi": "50.7% (59.3) // 50.6% (58.5) // 47.6% (54.9) // 44.2% (48.0)",
        "fenwick": "50.5% (43.5) // 50.3% (43.0) // 48.8% (41.4) // 46.8% (35.5)",
        "shots": "50.6% (31.1) // 50.7% (31.6) // 47.6% (29.1) // 47.5% (27.4)",
        "scoring": "50.8% (29.6) // 51.0% (29.2) // 50.0% (29.6) // 40.2% (21.6)",
        "corsiAgainst": "49.3% (57.7) // 49.4% (57.1) // 52.4% (60.5) // 55.8% (60.5)",
        "fenwickAgainst": "49.5% (42.7) // 49.7% (42.5) // 51.2% (43.3) // 53.2% (40.3)",
        "shotsAgainst": "49.4% (30.3) // 49.3% (30.7) // 52.4% (32.1) // 52.5% (30.2)",
        "scoringAgainst": "49.2% (28.7) // 49.0% (28.0) // 50.0% (29.6) // 59.8% (32.2)",
        "oppCorsi": "51.4% (58.2) // 46.3% (52.3) // 45.2% (50.9) // 48.1% (55.1)",
        "oppFenwick": "52.1% (43.9) // 48.5% (41.2) // 47.8% (40.9) // 49.8% (44.5)",
        "oppShots": "51.8% (31.2) // 49.7% (31.1) // 48.9% (30.2) // 49.7% (31.0)",
        "oppScoring": "51.3% (30.8) // 48.0% (28.5) // 45.5% (26.8) // 44.0% (26.7)",
        "oppCorsiAgainst": "48.6% (55.0) // 53.7% (60.7) // 54.8% (61.6) // 51.9% (59.4)",
        "oppFenwickAgainst": "47.9% (40.4) // 51.5% (43.7) // 52.2% (44.7) // 50.2% (44.9)",
        "oppShotsAgainst": "48.2% (29.1) // 50.3% (31.5) // 51.1% (31.6) // 50.3% (31.3)",
        "oppScoringAgainst": "48.7% (29.2) // 52.0% (30.9) // 54.5% (32.2) // 56.0% (34.0)",
        "savesPerGame": 27.5,
        "savesPerGameLast1": 29.0,
        "savesPerGameLast3": 31.0,
        "savesPerGameLast5": 30.4,
        "savesPer60": 27.5,
        "savesPer60Last1": 28.7,
        "savesPer60Last3": 31.6,
        "savesPer60Last5": 31.0,
        "shotsPerGame": 31.4,
        "shotsPerGameLast5": 31.2,
        "shotsAgainstPerGame": 30.6,
        "shotsAgainstPerGameLast5": 34.0,
        "oppSavesAgainstPer60": 28.5,
        "oppSavesAgainstPer60Last1": 31.0,
        "oppSavesAgainstPer60Last3": 28.2,
        "oppSavesAgainstPer60Last5": 27.2,
        "oppShotsAgainstPerGame": 29.5,
        "oppShotsAgainstPerGameLast5": 31.8,
        "savesProj": 28.9,
        "savesProjLast5": 31.5,
        "savesProjLast3": 33.1,
        "oppSavesAgainstProj": 27.8,
        "oppSavesAgainstProjLast5": 29.8,
        "oppSavesAgainstProjLast3": 29.8,
        "totalOver": 68,
        "totalOverLast5": 40,
        "totalOverLast15": 53,
        "lastTotalOver": 50,
        "last5": "1,1,7,3,2,3,3,1,4,3",
        "overOdds": "-160",
        "underOdds": "+130",
        "overUnder": "-160 / +130"
    },
    {
        "player": "Mika Zibanejad",
        "team": "NYR",
        "opponent": "WSH",
        "propType": "sog",
        "line": 2.5,
        "ppLine": "PP1",
        "avg": 3.11,
        "hit": false,
        "diffAvg": 0.24,
        "diffAbs": 0.12,
        "lastAvg": 2.17,
        "diff": -0.13,
        "avgMin": 20,
        "proj": 2.2,
        "lastAvgMin": 19.62,
        "oppOver": 0,
        "teamOver": 0,
        "gameLine": "-135",
        "+/-": "+24",
        "L5_+/-": "+7.0",
        "prevMatchup": "2023-03-14 5.0 sog 2023-02-25 0.0 sog 2022-12-27 5.0 sog",
        "winLossSplits": "3.19 - 2.82",
        "awayHome": "A",
        "playedYesterday": "N",
        "awayHomeSplits": "2.82 - 3.39",
        "savesAboveExp": 0.193,
        "gsaa": 10.35,
        "corsi": "51.4% (58.2) // 46.3% (52.3) // 45.2% (50.9) // 48.1% (55.1)",
        "fenwick": "52.1% (43.9) // 48.5% (41.2) // 47.8% (40.9) // 49.8% (44.5)",
        "shots": "51.8% (31.2) // 49.7% (31.1) // 48.9% (30.2) // 49.7% (31.0)",
        "scoring": "51.3% (30.8) // 48.0% (28.5) // 45.5% (26.8) // 44.0% (26.7)",
        "corsiAgainst": "48.6% (55.0) // 53.7% (60.7) // 54.8% (61.6) // 51.9% (59.4)",
        "fenwickAgainst": "47.9% (40.4) // 51.5% (43.7) // 52.2% (44.7) // 50.2% (44.9)",
        "shotsAgainst": "48.2% (29.1) // 50.3% (31.5) // 51.1% (31.6) // 50.3% (31.3)",
        "scoringAgainst": "48.7% (29.2) // 52.0% (30.9) // 54.5% (32.2) // 56.0% (34.0)",
        "oppCorsi": "50.7% (59.3) // 50.6% (58.5) // 47.6% (54.9) // 44.2% (48.0)",
        "oppFenwick": "50.5% (43.5) // 50.3% (43.0) // 48.8% (41.4) // 46.8% (35.5)",
        "oppShots": "50.6% (31.1) // 50.7% (31.6) // 47.6% (29.1) // 47.5% (27.4)",
        "oppScoring": "50.8% (29.6) // 51.0% (29.2) // 50.0% (29.6) // 40.2% (21.6)",
        "oppCorsiAgainst": "49.3% (57.7) // 49.4% (57.1) // 52.4% (60.5) // 55.8% (60.5)",
        "oppFenwickAgainst": "49.5% (42.7) // 49.7% (42.5) // 51.2% (43.3) // 53.2% (40.3)",
        "oppShotsAgainst": "49.4% (30.3) // 49.3% (30.7) // 52.4% (32.1) // 52.5% (30.2)",
        "oppScoringAgainst": "49.2% (28.7) // 49.0% (28.0) // 50.0% (29.6) // 59.8% (32.2)",
        "savesPerGame": 26.9,
        "savesPerGameLast1": 31.0,
        "savesPerGameLast3": 29.3,
        "savesPerGameLast5": 29.6,
        "savesPer60": 27.0,
        "savesPer60Last1": 31.9,
        "savesPer60Last3": 29.3,
        "savesPer60Last5": 29.5,
        "shotsPerGame": 31.7,
        "shotsPerGameLast5": 30.4,
        "shotsAgainstPerGame": 29.5,
        "shotsAgainstPerGameLast5": 31.8,
        "oppSavesAgainstPer60": 28.5,
        "oppSavesAgainstPer60Last1": 30.6,
        "oppSavesAgainstPer60Last3": 28.8,
        "oppSavesAgainstPer60Last5": 27.7,
        "oppShotsAgainstPerGame": 30.6,
        "oppShotsAgainstPerGameLast5": 34.0,
        "savesProj": 27.8,
        "savesProjLast5": 29.8,
        "savesProjLast3": 30.5,
        "oppSavesAgainstProj": 26.9,
        "oppSavesAgainstProjLast5": 27.1,
        "oppSavesAgainstProjLast3": 29.3,
        "totalOver": 62,
        "totalOverLast5": 40,
        "totalOverLast15": 33,
        "lastTotalOver": 47,
        "last5": "0,0,3,4,1,2,3,2,1,5",
        "overOdds": "-120",
        "underOdds": "-110",
        "overUnder": "-120 / -110"
    },
    {
        "player": "Patrick Kane",
        "team": "NYR",
        "opponent": "WSH",
        "propType": "sog",
        "line": 2.5,
        "ppLine": "PP1",
        "avg": 3.19,
        "hit": false,
        "diffAvg": 0.28,
        "diffAbs": 0.28,
        "lastAvg": 3.68,
        "diff": 0.47,
        "avgMin": 19,
        "proj": 3.2,
        "lastAvgMin": 21.82,
        "oppOver": 0,
        "teamOver": 0,
        "gameLine": "-135",
        "+/-": "+1",
        "L5_+/-": "+3.0",
        "prevMatchup": "2023-03-14 6.0 sog 2022-12-13 7.0 sog",
        "winLossSplits": "2.91 - 3.24",
        "awayHome": "A",
        "playedYesterday": "Y",
        "awayHomeSplits": "2.76 - 3.6",
        "savesAboveExp": 0.193,
        "gsaa": 10.35,
        "corsi": "51.4% (58.2) // 46.3% (52.3) // 45.2% (50.9) // 48.1% (55.1)",
        "fenwick": "52.1% (43.9) // 48.5% (41.2) // 47.8% (40.9) // 49.8% (44.5)",
        "shots": "51.8% (31.2) // 49.7% (31.1) // 48.9% (30.2) // 49.7% (31.0)",
        "scoring": "51.3% (30.8) // 48.0% (28.5) // 45.5% (26.8) // 44.0% (26.7)",
        "corsiAgainst": "48.6% (55.0) // 53.7% (60.7) // 54.8% (61.6) // 51.9% (59.4)",
        "fenwickAgainst": "47.9% (40.4) // 51.5% (43.7) // 52.2% (44.7) // 50.2% (44.9)",
        "shotsAgainst": "48.2% (29.1) // 50.3% (31.5) // 51.1% (31.6) // 50.3% (31.3)",
        "scoringAgainst": "48.7% (29.2) // 52.0% (30.9) // 54.5% (32.2) // 56.0% (34.0)",
        "oppCorsi": "50.7% (59.3) // 50.6% (58.5) // 47.6% (54.9) // 44.2% (48.0)",
        "oppFenwick": "50.5% (43.5) // 50.3% (43.0) // 48.8% (41.4) // 46.8% (35.5)",
        "oppShots": "50.6% (31.1) // 50.7% (31.6) // 47.6% (29.1) // 47.5% (27.4)",
        "oppScoring": "50.8% (29.6) // 51.0% (29.2) // 50.0% (29.6) // 40.2% (21.6)",
        "oppCorsiAgainst": "49.3% (57.7) // 49.4% (57.1) // 52.4% (60.5) // 55.8% (60.5)",
        "oppFenwickAgainst": "49.5% (42.7) // 49.7% (42.5) // 51.2% (43.3) // 53.2% (40.3)",
        "oppShotsAgainst": "49.4% (30.3) // 49.3% (30.7) // 52.4% (32.1) // 52.5% (30.2)",
        "oppScoringAgainst": "49.2% (28.7) // 49.0% (28.0) // 50.0% (29.6) // 59.8% (32.2)",
        "savesPerGame": 26.9,
        "savesPerGameLast1": 31.0,
        "savesPerGameLast3": 29.3,
        "savesPerGameLast5": 29.6,
        "savesPer60": 27.0,
        "savesPer60Last1": 31.9,
        "savesPer60Last3": 29.3,
        "savesPer60Last5": 29.5,
        "shotsPerGame": 31.7,
        "shotsPerGameLast5": 30.4,
        "shotsAgainstPerGame": 29.5,
        "shotsAgainstPerGameLast5": 31.8,
        "oppSavesAgainstPer60": 28.5,
        "oppSavesAgainstPer60Last1": 30.6,
        "oppSavesAgainstPer60Last3": 28.8,
        "oppSavesAgainstPer60Last5": 27.7,
        "oppShotsAgainstPerGame": 30.6,
        "oppShotsAgainstPerGameLast5": 34.0,
        "savesProj": 27.8,
        "savesProjLast5": 29.8,
        "savesProjLast3": 30.5,
        "oppSavesAgainstProj": 26.9,
        "oppSavesAgainstProjLast5": 27.1,
        "oppSavesAgainstProjLast3": 29.3,
        "totalOver": 58,
        "totalOverLast5": 40,
        "totalOverLast15": 40,
        "lastTotalOver": 62,
        "last5": "1,3,1,5,1,2,0,2,2,6",
        "overOdds": "-115",
        "underOdds": "-115",
        "overUnder": "-115 / -115"
    },
    {
        "player": "Tom Wilson",
        "team": "WSH",
        "opponent": "NYR",
        "propType": "sog",
        "line": 2.5,
        "ppLine": "PP2",
        "avg": 2.22,
        "hit": false,
        "diffAvg": -0.11,
        "diffAbs": 0.32,
        "lastAvg": 1.86,
        "diff": -0.26,
        "avgMin": 17,
        "proj": 1.7,
        "lastAvgMin": 18.57,
        "oppOver": 0,
        "teamOver": 0,
        "gameLine": "+115",
        "+/-": -17,
        "L5_+/-": -3.0,
        "prevMatchup": "2023-03-14 1.0 sog 2023-02-25 1.0 sog",
        "winLossSplits": "2.61 - 1.98",
        "awayHome": "H",
        "playedYesterday": "N",
        "awayHomeSplits": "2.27 - 2.17",
        "savesAboveExp": 0.388,
        "gsaa": 16.34,
        "corsi": "50.7% (59.3) // 50.6% (58.5) // 47.6% (54.9) // 44.2% (48.0)",
        "fenwick": "50.5% (43.5) // 50.3% (43.0) // 48.8% (41.4) // 46.8% (35.5)",
        "shots": "50.6% (31.1) // 50.7% (31.6) // 47.6% (29.1) // 47.5% (27.4)",
        "scoring": "50.8% (29.6) // 51.0% (29.2) // 50.0% (29.6) // 40.2% (21.6)",
        "corsiAgainst": "49.3% (57.7) // 49.4% (57.1) // 52.4% (60.5) // 55.8% (60.5)",
        "fenwickAgainst": "49.5% (42.7) // 49.7% (42.5) // 51.2% (43.3) // 53.2% (40.3)",
        "shotsAgainst": "49.4% (30.3) // 49.3% (30.7) // 52.4% (32.1) // 52.5% (30.2)",
        "scoringAgainst": "49.2% (28.7) // 49.0% (28.0) // 50.0% (29.6) // 59.8% (32.2)",
        "oppCorsi": "51.4% (58.2) // 46.3% (52.3) // 45.2% (50.9) // 48.1% (55.1)",
        "oppFenwick": "52.1% (43.9) // 48.5% (41.2) // 47.8% (40.9) // 49.8% (44.5)",
        "oppShots": "51.8% (31.2) // 49.7% (31.1) // 48.9% (30.2) // 49.7% (31.0)",
        "oppScoring": "51.3% (30.8) // 48.0% (28.5) // 45.5% (26.8) // 44.0% (26.7)",
        "oppCorsiAgainst": "48.6% (55.0) // 53.7% (60.7) // 54.8% (61.6) // 51.9% (59.4)",
        "oppFenwickAgainst": "47.9% (40.4) // 51.5% (43.7) // 52.2% (44.7) // 50.2% (44.9)",
        "oppShotsAgainst": "48.2% (29.1) // 50.3% (31.5) // 51.1% (31.6) // 50.3% (31.3)",
        "oppScoringAgainst": "48.7% (29.2) // 52.0% (30.9) // 54.5% (32.2) // 56.0% (34.0)",
        "savesPerGame": 27.5,
        "savesPerGameLast1": 29.0,
        "savesPerGameLast3": 31.0,
        "savesPerGameLast5": 30.4,
        "savesPer60": 27.5,
        "savesPer60Last1": 28.7,
        "savesPer60Last3": 31.6,
        "savesPer60Last5": 31.0,
        "shotsPerGame": 31.4,
        "shotsPerGameLast5": 31.2,
        "shotsAgainstPerGame": 30.6,
        "shotsAgainstPerGameLast5": 34.0,
        "oppSavesAgainstPer60": 28.5,
        "oppSavesAgainstPer60Last1": 31.0,
        "oppSavesAgainstPer60Last3": 28.2,
        "oppSavesAgainstPer60Last5": 27.2,
        "oppShotsAgainstPerGame": 29.5,
        "oppShotsAgainstPerGameLast5": 31.8,
        "savesProj": 28.9,
        "savesProjLast5": 31.5,
        "savesProjLast3": 33.1,
        "oppSavesAgainstProj": 27.8,
        "oppSavesAgainstProjLast5": 29.8,
        "oppSavesAgainstProjLast3": 29.8,
        "totalOver": 41,
        "totalOverLast5": 60,
        "totalOverLast15": 47,
        "lastTotalOver": 26,
        "last5": "4,2,3,5,2,3,4,1,1,0",
        "overOdds": "+120",
        "underOdds": "-150",
        "overUnder": "+120 / -150"
    },
    {
        "player": "Vincent Trocheck",
        "team": "NYR",
        "opponent": "WSH",
        "propType": "sog",
        "line": 2.5,
        "ppLine": "PP2",
        "avg": 2.78,
        "hit": false,
        "diffAvg": 0.11,
        "diffAbs": 0.24,
        "lastAvg": 1.77,
        "diff": -0.29,
        "avgMin": 19,
        "proj": 1.9,
        "lastAvgMin": 17.87,
        "oppOver": 0,
        "teamOver": 0,
        "gameLine": "-135",
        "+/-": "+3",
        "L5_+/-": "+4.0",
        "prevMatchup": "2023-03-14 2.0 sog 2023-02-25 2.0 sog 2022-12-27 2.0 sog",
        "winLossSplits": "2.61 - 2.82",
        "awayHome": "A",
