[
    {
        "player": "Alex Pietrangelo",
        "team": "VGK",
        "opponent": "DAL",
        "propType": "g",
        "line": 0.5,
        "ppLine": "PP2",
        "avg": 0.14,
        "hit": false,
        "diffAvg": -0.72,
        "diffAbs": 0.8,
        "lastAvg": 0.16,
        "diff": -0.68,
        "avgMin": 23,
        "proj": 0.1,
        "lastAvgMin": 24.63,
        "oppOver": 0,
        "teamOver": 0,
        "gameLine": "+110",
        "+/-": "+19",
        "L5_+/-": "+6.0",
        "prevMatchup": "2023-05-27 0.0 g 2023-05-23 1.0 g 2023-05-21 0.0 g 2023-05-19 0.0 g 2023-04-08 0.0 g 2023-02-25 0.0 g 2023-01-16 0.0 g",
        "winLossSplits": "16% - 6%",
        "awayHome": "A",
        "playedYesterday": "N",
        "awayHomeSplits": "17% - 9%",
        "savesAboveExp": 0.39,
        "gsaa": 26.05,
        "corsi": "48.6% (57.5) // 48.0% (56.0) // 48.6% (57.5) // 48.6% (57.5)",
        "fenwick": "49.7% (42.3) // 48.8% (40.5) // 49.7% (42.3) // 49.7% (42.3)",
        "shots": "50.5% (31.1) // 50.2% (28.8) // 50.5% (31.1) // 50.5% (31.1)",
        "scoring": "49.5% (29.2) // 49.0% (28.7) // 49.5% (29.2) // 49.5% (29.2)",
        "corsiAgainst": "51.4% (60.7) // 52.0% (60.6) // 51.4% (60.7) // 51.4% (60.7)",
        "fenwickAgainst": "50.3% (42.8) // 51.2% (42.5) // 50.3% (42.8) // 50.3% (42.8)",
        "shotsAgainst": "49.5% (30.4) // 49.8% (28.5) // 49.5% (30.4) // 49.5% (30.4)",
        "scoringAgainst": "50.5% (29.8) // 51.0% (29.9) // 50.5% (29.8) // 50.5% (29.8)",
        "oppCorsi": "52.0% (59.9) // 57.0% (56.0) // 52.0% (59.9) // 52.0% (59.9)",
        "oppFenwick": "51.3% (43.7) // 56.1% (40.6) // 51.3% (43.7) // 51.3% (43.7)",
        "oppShots": "51.6% (31.5) // 56.3% (29.0) // 51.6% (31.5) // 51.6% (31.5)",
        "oppScoring": "53.7% (31.5) // 61.3% (29.6) // 53.7% (31.5) // 53.7% (31.5)",
        "oppCorsiAgainst": "48.0% (55.3) // 43.0% (42.3) // 48.0% (55.3) // 48.0% (55.3)",
        "oppFenwickAgainst": "48.7% (41.4) // 43.9% (31.7) // 48.7% (41.4) // 48.7% (41.4)",
        "oppShotsAgainst": "48.4% (29.5) // 43.7% (22.5) // 48.4% (29.5) // 48.4% (29.5)",
        "oppScoringAgainst": "46.3% (27.2) // 38.7% (18.6) // 46.3% (27.2) // 46.3% (27.2)",
        "savesPerGame": 28.1,
        "savesPerGameLast1": 30.0,
        "savesPerGameLast3": 34.3,
        "savesPerGameLast5": 32.4,
        "savesPer60": 33.6,
        "savesPer60Last1": 28.4,
        "savesPer60Last3": 33.9,
        "savesPer60Last5": 32.3,
        "shotsPerGame": 31.5,
        "shotsPerGameLast5": 29.0,
        "shotsAgainstPerGame": 30.9,
        "shotsAgainstPerGameLast5": 34.8,
        "oppSavesAgainstPer60": 34.3,
        "oppSavesAgainstPer60Last1": 32.5,
        "oppSavesAgainstPer60Last3": 35.2,
        "oppSavesAgainstPer60Last5": 32.4,
        "oppShotsAgainstPerGame": 29.9,
        "oppShotsAgainstPerGameLast5": 29.0,
        "savesProj": 28.2,
        "savesProjLast5": 28.9,
        "savesProjLast3": 30.5,
        "oppSavesAgainstProj": 32.4,
        "oppSavesAgainstProjLast5": 30.5,
        "oppSavesAgainstProjLast3": 30.8,
        "totalOver": 13,
        "totalOverLast5": 20,
        "totalOverLast15": 7,
        "lastTotalOver": 16,
        "last5": "0,1,0,0,0,0,0,0,0,0",
        "overOdds": "+500",
        "underOdds": "0",
        "overUnder": "+500 / 0"
    },
    {
        "player": "Jack Eichel",
        "team": "VGK",
        "opponent": "DAL",
        "propType": "g",
        "line": 0.5,
        "ppLine": "PP1",
        "avg": 0.4,
        "hit": false,
        "diffAvg": -0.2,
        "diffAbs": 0.2,
        "lastAvg": 0.41,
        "diff": -0.18,
        "avgMin": 18,
        "proj": 0.4,
        "lastAvgMin": 19.38,
        "oppOver": 0,
        "teamOver": 0,
        "gameLine": "+110",
        "+/-": "+34",
        "L5_+/-": "+10.0",
        "prevMatchup": "2023-05-27 0.0 g 2023-05-23 0.0 g 2023-05-21 0.0 g 2023-05-19 0.0 g 2023-02-25 1.0 g 2023-01-16 0.0 g",
        "winLossSplits": "41% - 14%",
        "awayHome": "A",
        "playedYesterday": "N",
        "awayHomeSplits": "28% - 36%",
        "savesAboveExp": 0.39,
        "gsaa": 26.05,
        "corsi": "48.6% (57.5) // 48.0% (56.0) // 48.6% (57.5) // 48.6% (57.5)",
        "fenwick": "49.7% (42.3) // 48.8% (40.5) // 49.7% (42.3) // 49.7% (42.3)",
        "shots": "50.5% (31.1) // 50.2% (28.8) // 50.5% (31.1) // 50.5% (31.1)",
        "scoring": "49.5% (29.2) // 49.0% (28.7) // 49.5% (29.2) // 49.5% (29.2)",
        "corsiAgainst": "51.4% (60.7) // 52.0% (60.6) // 51.4% (60.7) // 51.4% (60.7)",
        "fenwickAgainst": "50.3% (42.8) // 51.2% (42.5) // 50.3% (42.8) // 50.3% (42.8)",
        "shotsAgainst": "49.5% (30.4) // 49.8% (28.5) // 49.5% (30.4) // 49.5% (30.4)",
        "scoringAgainst": "50.5% (29.8) // 51.0% (29.9) // 50.5% (29.8) // 50.5% (29.8)",
        "oppCorsi": "52.0% (59.9) // 57.0% (56.0) // 52.0% (59.9) // 52.0% (59.9)",
        "oppFenwick": "51.3% (43.7) // 56.1% (40.6) // 51.3% (43.7) // 51.3% (43.7)",
        "oppShots": "51.6% (31.5) // 56.3% (29.0) // 51.6% (31.5) // 51.6% (31.5)",
        "oppScoring": "53.7% (31.5) // 61.3% (29.6) // 53.7% (31.5) // 53.7% (31.5)",
        "oppCorsiAgainst": "48.0% (55.3) // 43.0% (42.3) // 48.0% (55.3) // 48.0% (55.3)",
        "oppFenwickAgainst": "48.7% (41.4) // 43.9% (31.7) // 48.7% (41.4) // 48.7% (41.4)",
        "oppShotsAgainst": "48.4% (29.5) // 43.7% (22.5) // 48.4% (29.5) // 48.4% (29.5)",
        "oppScoringAgainst": "46.3% (27.2) // 38.7% (18.6) // 46.3% (27.2) // 46.3% (27.2)",
        "savesPerGame": 28.1,
        "savesPerGameLast1": 30.0,
        "savesPerGameLast3": 34.3,
        "savesPerGameLast5": 32.4,
        "savesPer60": 33.6,
        "savesPer60Last1": 28.4,
        "savesPer60Last3": 33.9,
        "savesPer60Last5": 32.3,
        "shotsPerGame": 31.5,
        "shotsPerGameLast5": 29.0,
        "shotsAgainstPerGame": 30.9,
        "shotsAgainstPerGameLast5": 34.8,
        "oppSavesAgainstPer60": 34.3,
        "oppSavesAgainstPer60Last1": 32.5,
        "oppSavesAgainstPer60Last3": 35.2,
        "oppSavesAgainstPer60Last5": 32.4,
        "oppShotsAgainstPerGame": 29.9,
        "oppShotsAgainstPerGameLast5": 29.0,
        "savesProj": 28.2,
        "savesProjLast5": 28.9,
        "savesProjLast3": 30.5,
        "oppSavesAgainstProj": 32.4,
        "oppSavesAgainstProjLast5": 30.5,
        "oppSavesAgainstProjLast3": 30.8,
        "totalOver": 32,
        "totalOverLast5": 0,
        "totalOverLast15": 33,
        "lastTotalOver": 35,
        "last5": "0,0,0,0,0,1,0,1,0,1",
        "overOdds": "+135",
        "underOdds": "0",
        "overUnder": "+135 / 0"
    },
    {
        "player": "Jamie Benn",
        "team": "DAL",
        "opponent": "VGK",
        "propType": "g",
        "line": 0.5,
        "ppLine": "PP1",
        "avg": 0.37,
        "hit": false,
        "diffAvg": -0.26,
        "diffAbs": 0.6,
        "lastAvg": 0.2,
        "diff": -0.6,
        "avgMin": 15,
        "proj": 0.2,
        "lastAvgMin": 16.73,
        "oppOver": 0,
        "teamOver": 0,
        "gameLine": "-130",
        "+/-": "+24",
        "L5_+/-": -1.0,
        "prevMatchup": "2023-05-23 0.0 g 2023-05-21 0.0 g 2023-05-19 1.0 g 2023-04-08 0.0 g 2023-02-25 0.0 g 2023-01-16 1.0 g",
        "winLossSplits": "36% - 30%",
        "awayHome": "H",
        "playedYesterday": "N",
        "awayHomeSplits": "35% - 33%",
        "savesAboveExp": -0.478,
        "gsaa": 8.04,
        "corsi": "52.0% (59.9) // 57.0% (56.0) // 52.0% (59.9) // 52.0% (59.9)",
        "fenwick": "51.3% (43.7) // 56.1% (40.6) // 51.3% (43.7) // 51.3% (43.7)",
        "shots": "51.6% (31.5) // 56.3% (29.0) // 51.6% (31.5) // 51.6% (31.5)",
        "scoring": "53.7% (31.5) // 61.3% (29.6) // 53.7% (31.5) // 53.7% (31.5)",
        "corsiAgainst": "48.0% (55.3) // 43.0% (42.3) // 48.0% (55.3) // 48.0% (55.3)",
        "fenwickAgainst": "48.7% (41.4) // 43.9% (31.7) // 48.7% (41.4) // 48.7% (41.4)",
        "shotsAgainst": "48.4% (29.5) // 43.7% (22.5) // 48.4% (29.5) // 48.4% (29.5)",
        "scoringAgainst": "46.3% (27.2) // 38.7% (18.6) // 46.3% (27.2) // 46.3% (27.2)",
        "oppCorsi": "48.6% (57.5) // 48.0% (56.0) // 48.6% (57.5) // 48.6% (57.5)",
        "oppFenwick": "49.7% (42.3) // 48.8% (40.5) // 49.7% (42.3) // 49.7% (42.3)",
        "oppShots": "50.5% (31.1) // 50.2% (28.8) // 50.5% (31.1) // 50.5% (31.1)",
        "oppScoring": "49.5% (29.2) // 49.0% (28.7) // 49.5% (29.2) // 49.5% (29.2)",
        "oppCorsiAgainst": "51.4% (60.7) // 52.0% (60.6) // 51.4% (60.7) // 51.4% (60.7)",
        "oppFenwickAgainst": "50.3% (42.8) // 51.2% (42.5) // 50.3% (42.8) // 50.3% (42.8)",
        "oppShotsAgainst": "49.5% (30.4) // 49.8% (28.5) // 49.5% (30.4) // 49.5% (30.4)",
        "oppScoringAgainst": "50.5% (29.8) // 51.0% (29.9) // 50.5% (29.8) // 50.5% (29.8)",
        "savesPerGame": 27.3,
        "savesPerGameLast1": 27.0,
        "savesPerGameLast3": 25.3,
        "savesPerGameLast5": 26.0,
        "savesPer60": 33.3,
        "savesPer60Last1": 27.0,
        "savesPer60Last3": 25.5,
        "savesPer60Last5": 26.2,
        "shotsPerGame": 31.9,
        "shotsPerGameLast5": 34.8,
        "shotsAgainstPerGame": 29.9,
        "shotsAgainstPerGameLast5": 29.0,
        "oppSavesAgainstPer60": 33.6,
        "oppSavesAgainstPer60Last1": 26.7,
        "oppSavesAgainstPer60Last3": 25.9,
        "oppSavesAgainstPer60Last5": 26.4,
        "oppShotsAgainstPerGame": 30.9,
        "oppShotsAgainstPerGameLast5": 34.8,
        "savesProj": 27.8,
        "savesProjLast5": 17.2,
        "savesProjLast3": 15.2,
        "oppSavesAgainstProj": 30.5,
        "oppSavesAgainstProjLast5": 18.3,
        "oppSavesAgainstProjLast3": 15.4,
        "totalOver": 34,
        "totalOverLast5": 20,
        "totalOverLast15": 13,
        "lastTotalOver": 20,
        "last5": "0,0,1,0,0,0,1,0,0,0",
        "overOdds": "+230",
        "underOdds": "0",
        "overUnder": "+230 / 0"
    },
    {
        "player": "Jason Robertson",
        "team": "DAL",
        "opponent": "VGK",
        "propType": "g",
        "line": 0.5,
        "ppLine": "PP1",
        "avg": 0.52,
        "hit": false,
        "diffAvg": 0.04,
        "diffAbs": 0.0,
        "lastAvg": 0.51,
        "diff": 0.02,
        "avgMin": 18,
        "proj": 0.5,
        "lastAvgMin": 18.1,
        "oppOver": 0,
        "teamOver": 0,
        "gameLine": "-130",
        "+/-": "+39",
        "L5_+/-": "+3.0",
        "prevMatchup": "2023-05-27 1.0 g 2023-05-23 0.0 g 2023-05-21 1.0 g 2023-05-19 1.0 g 2023-04-08 0.0 g 2023-02-25 0.0 g 2023-01-16 0.0 g",
        "winLossSplits": "45% - 37%",
        "awayHome": "H",
        "playedYesterday": "N",
        "awayHomeSplits": "38% - 45%",
        "savesAboveExp": -0.478,
        "gsaa": 8.04,
        "corsi": "52.0% (59.9) // 57.0% (56.0) // 52.0% (59.9) // 52.0% (59.9)",
        "fenwick": "51.3% (43.7) // 56.1% (40.6) // 51.3% (43.7) // 51.3% (43.7)",
        "shots": "51.6% (31.5) // 56.3% (29.0) // 51.6% (31.5) // 51.6% (31.5)",
        "scoring": "53.7% (31.5) // 61.3% (29.6) // 53.7% (31.5) // 53.7% (31.5)",
        "corsiAgainst": "48.0% (55.3) // 43.0% (42.3) // 48.0% (55.3) // 48.0% (55.3)",
        "fenwickAgainst": "48.7% (41.4) // 43.9% (31.7) // 48.7% (41.4) // 48.7% (41.4)",
        "shotsAgainst": "48.4% (29.5) // 43.7% (22.5) // 48.4% (29.5) // 48.4% (29.5)",
        "scoringAgainst": "46.3% (27.2) // 38.7% (18.6) // 46.3% (27.2) // 46.3% (27.2)",
        "oppCorsi": "48.6% (57.5) // 48.0% (56.0) // 48.6% (57.5) // 48.6% (57.5)",
        "oppFenwick": "49.7% (42.3) // 48.8% (40.5) // 49.7% (42.3) // 49.7% (42.3)",
        "oppShots": "50.5% (31.1) // 50.2% (28.8) // 50.5% (31.1) // 50.5% (31.1)",
        "oppScoring": "49.5% (29.2) // 49.0% (28.7) // 49.5% (29.2) // 49.5% (29.2)",
        "oppCorsiAgainst": "51.4% (60.7) // 52.0% (60.6) // 51.4% (60.7) // 51.4% (60.7)",
        "oppFenwickAgainst": "50.3% (42.8) // 51.2% (42.5) // 50.3% (42.8) // 50.3% (42.8)",
        "oppShotsAgainst": "49.5% (30.4) // 49.8% (28.5) // 49.5% (30.4) // 49.5% (30.4)",
        "oppScoringAgainst": "50.5% (29.8) // 51.0% (29.9) // 50.5% (29.8) // 50.5% (29.8)",
        "savesPerGame": 27.3,
        "savesPerGameLast1": 27.0,
        "savesPerGameLast3": 25.3,
        "savesPerGameLast5": 26.0,
        "savesPer60": 33.3,
        "savesPer60Last1": 27.0,
        "savesPer60Last3": 25.5,
        "savesPer60Last5": 26.2,
        "shotsPerGame": 31.9,
        "shotsPerGameLast5": 34.8,
        "shotsAgainstPerGame": 29.9,
        "shotsAgainstPerGameLast5": 29.0,
        "oppSavesAgainstPer60": 33.6,
        "oppSavesAgainstPer60Last1": 26.7,
        "oppSavesAgainstPer60Last3": 25.9,
        "oppSavesAgainstPer60Last5": 26.4,
        "oppShotsAgainstPerGame": 30.9,
        "oppShotsAgainstPerGameLast5": 34.8,
        "savesProj": 27.8,
        "savesProjLast5": 17.2,
        "savesProjLast3": 15.2,
        "oppSavesAgainstProj": 30.5,
        "oppSavesAgainstProjLast5": 18.3,
        "oppSavesAgainstProjLast3": 15.4,
        "totalOver": 41,
        "totalOverLast5": 60,
        "totalOverLast15": 27,
        "lastTotalOver": 37,
        "last5": "1,0,1,1,0,0,0,0,0,0",
        "overOdds": "+120",
        "underOdds": "0",
        "overUnder": "+120 / 0"
    },
    {
        "player": "Joe Pavelski",
        "team": "DAL",
        "opponent": "VGK",
        "propType": "g",
        "line": 0.5,
        "ppLine": "PP1",
        "avg": 0.38,
        "hit": false,
        "diffAvg": -0.24,
        "diffAbs": 0.4,
        "lastAvg": 0.3,
        "diff": -0.4,
        "avgMin": 17,
        "proj": 0.3,
        "lastAvgMin": 18.47,
        "oppOver": 0,
        "teamOver": 0,
        "gameLine": "-130",
        "+/-": "+44",
        "L5_+/-": -1.0,
        "prevMatchup": "2023-05-27 0.0 g 2023-05-23 0.0 g 2023-05-21 0.0 g 2023-05-19 0.0 g 2023-04-08 0.0 g 2023-02-25 0.0 g 2023-01-16 0.0 g",
        "winLossSplits": "40% - 21%",
        "awayHome": "H",
        "playedYesterday": "N",
        "awayHomeSplits": "38% - 26%",
        "savesAboveExp": -0.478,
        "gsaa": 8.04,
        "corsi": "52.0% (59.9) // 57.0% (56.0) // 52.0% (59.9) // 52.0% (59.9)",
        "fenwick": "51.3% (43.7) // 56.1% (40.6) // 51.3% (43.7) // 51.3% (43.7)",
        "shots": "51.6% (31.5) // 56.3% (29.0) // 51.6% (31.5) // 51.6% (31.5)",
        "scoring": "53.7% (31.5) // 61.3% (29.6) // 53.7% (31.5) // 53.7% (31.5)",
        "corsiAgainst": "48.0% (55.3) // 43.0% (42.3) // 48.0% (55.3) // 48.0% (55.3)",
        "fenwickAgainst": "48.7% (41.4) // 43.9% (31.7) // 48.7% (41.4) // 48.7% (41.4)",
        "shotsAgainst": "48.4% (29.5) // 43.7% (22.5) // 48.4% (29.5) // 48.4% (29.5)",
        "scoringAgainst": "46.3% (27.2) // 38.7% (18.6) // 46.3% (27.2) // 46.3% (27.2)",
        "oppCorsi": "48.6% (57.5) // 48.0% (56.0) // 48.6% (57.5) // 48.6% (57.5)",
        "oppFenwick": "49.7% (42.3) // 48.8% (40.5) // 49.7% (42.3) // 49.7% (42.3)",
        "oppShots": "50.5% (31.1) // 50.2% (28.8) // 50.5% (31.1) // 50.5% (31.1)",
        "oppScoring": "49.5% (29.2) // 49.0% (28.7) // 49.5% (29.2) // 49.5% (29.2)",
        "oppCorsiAgainst": "51.4% (60.7) // 52.0% (60.6) // 51.4% (60.7) // 51.4% (60.7)",
        "oppFenwickAgainst": "50.3% (42.8) // 51.2% (42.5) // 50.3% (42.8) // 50.3% (42.8)",
        "oppShotsAgainst": "49.5% (30.4) // 49.8% (28.5) // 49.5% (30.4) // 49.5% (30.4)",
        "oppScoringAgainst": "50.5% (29.8) // 51.0% (29.9) // 50.5% (29.8) // 50.5% (29.8)",
        "savesPerGame": 27.3,
        "savesPerGameLast1": 27.0,
        "savesPerGameLast3": 25.3,
        "savesPerGameLast5": 26.0,
        "savesPer60": 33.3,
        "savesPer60Last1": 27.0,
        "savesPer60Last3": 25.5,
        "savesPer60Last5": 26.2,
        "shotsPerGame": 31.9,
        "shotsPerGameLast5": 34.8,
        "shotsAgainstPerGame": 29.9,
        "shotsAgainstPerGameLast5": 29.0,
        "oppSavesAgainstPer60": 33.6,
        "oppSavesAgainstPer60Last1": 26.7,
        "oppSavesAgainstPer60Last3": 25.9,
        "oppSavesAgainstPer60Last5": 26.4,
        "oppShotsAgainstPerGame": 30.9,
        "oppShotsAgainstPerGameLast5": 34.8,
        "savesProj": 27.8,
        "savesProjLast5": 17.2,
        "savesProjLast3": 15.2,
        "oppSavesAgainstProj": 30.5,
        "oppSavesAgainstProjLast5": 18.3,
        "oppSavesAgainstProjLast3": 15.4,
        "totalOver": 32,
        "totalOverLast5": 0,
        "totalOverLast15": 40,
        "lastTotalOver": 28,
        "last5": "0,0,0,0,0,1,1,1,0,1",
        "overOdds": "+165",
        "underOdds": "0",
        "overUnder": "+165 / 0"
    },
    {
        "player": "Jonathan Marchessault",
        "team": "VGK",
        "opponent": "DAL",
        "propType": "g",
        "line": 0.5,
        "ppLine": "PP1",
        "avg": 0.38,
        "hit": false,
        "diffAvg": -0.24,
        "diffAbs": 0.2,
        "lastAvg": 0.39,
        "diff": -0.22,
        "avgMin": 17,
        "proj": 0.4,
        "lastAvgMin": 17.57,
        "oppOver": 0,
        "teamOver": 0,
        "gameLine": "+110",
        "+/-": "+13",
        "L5_+/-": "+9.0",
        "prevMatchup": "2023-05-27 0.0 g 2023-05-23 1.0 g 2023-05-21 1.0 g 2023-05-19 0.0 g 2023-04-08 0.0 g 2023-02-25 0.0 g 2023-01-16 0.0 g",
        "winLossSplits": "36% - 18%",
        "awayHome": "A",
        "playedYesterday": "N",
        "awayHomeSplits": "32% - 28%",
        "savesAboveExp": 0.39,
        "gsaa": 26.05,
        "corsi": "48.6% (57.5) // 48.0% (56.0) // 48.6% (57.5) // 48.6% (57.5)",
        "fenwick": "49.7% (42.3) // 48.8% (40.5) // 49.7% (42.3) // 49.7% (42.3)",
        "shots": "50.5% (31.1) // 50.2% (28.8) // 50.5% (31.1) // 50.5% (31.1)",
        "scoring": "49.5% (29.2) // 49.0% (28.7) // 49.5% (29.2) // 49.5% (29.2)",
        "corsiAgainst": "51.4% (60.7) // 52.0% (60.6) // 51.4% (60.7) // 51.4% (60.7)",
        "fenwickAgainst": "50.3% (42.8) // 51.2% (42.5) // 50.3% (42.8) // 50.3% (42.8)",
        "shotsAgainst": "49.5% (30.4) // 49.8% (28.5) // 49.5% (30.4) // 49.5% (30.4)",
        "scoringAgainst": "50.5% (29.8) // 51.0% (29.9) // 50.5% (29.8) // 50.5% (29.8)",
        "oppCorsi": "52.0% (59.9) // 57.0% (56.0) // 52.0% (59.9) // 52.0% (59.9)",
        "oppFenwick": "51.3% (43.7) // 56.1% (40.6) // 51.3% (43.7) // 51.3% (43.7)",
        "oppShots": "51.6% (31.5) // 56.3% (29.0) // 51.6% (31.5) // 51.6% (31.5)",
        "oppScoring": "53.7% (31.5) // 61.3% (29.6) // 53.7% (31.5) // 53.7% (31.5)",
        "oppCorsiAgainst": "48.0% (55.3) // 43.0% (42.3) // 48.0% (55.3) // 48.0% (55.3)",
        "oppFenwickAgainst": "48.7% (41.4) // 43.9% (31.7) // 48.7% (41.4) // 48.7% (41.4)",
        "oppShotsAgainst": "48.4% (29.5) // 43.7% (22.5) // 48.4% (29.5) // 48.4% (29.5)",
        "oppScoringAgainst": "46.3% (27.2) // 38.7% (18.6) // 46.3% (27.2) // 46.3% (27.2)",
        "savesPerGame": 28.1,
        "savesPerGameLast1": 30.0,
        "savesPerGameLast3": 34.3,
        "savesPerGameLast5": 32.4,
        "savesPer60": 33.6,
        "savesPer60Last1": 28.4,
        "savesPer60Last3": 33.9,
        "savesPer60Last5": 32.3,
        "shotsPerGame": 31.5,
        "shotsPerGameLast5": 29.0,
        "shotsAgainstPerGame": 30.9,
        "shotsAgainstPerGameLast5": 34.8,
        "oppSavesAgainstPer60": 34.3,
        "oppSavesAgainstPer60Last1": 32.5,
        "oppSavesAgainstPer60Last3": 35.2,
        "oppSavesAgainstPer60Last5": 32.4,
        "oppShotsAgainstPerGame": 29.9,
        "oppShotsAgainstPerGameLast5": 29.0,
        "savesProj": 28.2,
        "savesProjLast5": 28.9,
        "savesProjLast3": 30.5,
        "oppSavesAgainstProj": 32.4,
        "oppSavesAgainstProjLast5": 30.5,
        "oppSavesAgainstProjLast3": 30.8,
        "totalOver": 30,
        "totalOverLast5": 60,
        "totalOverLast15": 27,
        "lastTotalOver": 35,
        "last5": "0,1,1,0,3,0,0,2,0,0",
        "overOdds": "+160",
        "underOdds": "0",
        "overUnder": "+160 / 0"
    },
    {
        "player": "Mark Stone",
        "team": "VGK",
        "opponent": "DAL",
        "propType": "g",
        "line": 0.5,
        "ppLine": "PP1",
        "avg": 0.4,
        "hit": false,
        "diffAvg": -0.2,
        "diffAbs": 0.6,
        "lastAvg": 0.24,
        "diff": -0.52,
        "avgMin": 19,
        "proj": 0.2,
        "lastAvgMin": 18.33,
        "oppOver": 0,
        "teamOver": 0,
        "gameLine": "+110",
        "+/-": "+14",
        "L5_+/-": -2.0,
        "prevMatchup": "2023-05-27 0.0 g 2023-05-23 0.0 g 2023-05-21 1.0 g 2023-05-19 0.0 g",
        "winLossSplits": "41% - 16%",
        "awayHome": "A",
        "playedYesterday": "N",
        "awayHomeSplits": "27% - 38%",
        "savesAboveExp": 0.39,
        "gsaa": 26.05,
        "corsi": "48.6% (57.5) // 48.0% (56.0) // 48.6% (57.5) // 48.6% (57.5)",
        "fenwick": "49.7% (42.3) // 48.8% (40.5) // 49.7% (42.3) // 49.7% (42.3)",
        "shots": "50.5% (31.1) // 50.2% (28.8) // 50.5% (31.1) // 50.5% (31.1)",
        "scoring": "49.5% (29.2) // 49.0% (28.7) // 49.5% (29.2) // 49.5% (29.2)",
        "corsiAgainst": "51.4% (60.7) // 52.0% (60.6) // 51.4% (60.7) // 51.4% (60.7)",
        "fenwickAgainst": "50.3% (42.8) // 51.2% (42.5) // 50.3% (42.8) // 50.3% (42.8)",
        "shotsAgainst": "49.5% (30.4) // 49.8% (28.5) // 49.5% (30.4) // 49.5% (30.4)",
        "scoringAgainst": "50.5% (29.8) // 51.0% (29.9) // 50.5% (29.8) // 50.5% (29.8)",
        "oppCorsi": "52.0% (59.9) // 57.0% (56.0) // 52.0% (59.9) // 52.0% (59.9)",
        "oppFenwick": "51.3% (43.7) // 56.1% (40.6) // 51.3% (43.7) // 51.3% (43.7)",
        "oppShots": "51.6% (31.5) // 56.3% (29.0) // 51.6% (31.5) // 51.6% (31.5)",
        "oppScoring": "53.7% (31.5) // 61.3% (29.6) // 53.7% (31.5) // 53.7% (31.5)",
        "oppCorsiAgainst": "48.0% (55.3) // 43.0% (42.3) // 48.0% (55.3) // 48.0% (55.3)",
        "oppFenwickAgainst": "48.7% (41.4) // 43.9% (31.7) // 48.7% (41.4) // 48.7% (41.4)",
        "oppShotsAgainst": "48.4% (29.5) // 43.7% (22.5) // 48.4% (29.5) // 48.4% (29.5)",
        "oppScoringAgainst": "46.3% (27.2) // 38.7% (18.6) // 46.3% (27.2) // 46.3% (27.2)",
        "savesPerGame": 28.1,
        "savesPerGameLast1": 30.0,
        "savesPerGameLast3": 34.3,
        "savesPerGameLast5": 32.4,
        "savesPer60": 33.6,
        "savesPer60Last1": 28.4,
        "savesPer60Last3": 33.9,
        "savesPer60Last5": 32.3,
        "shotsPerGame": 31.5,
        "shotsPerGameLast5": 29.0,
        "shotsAgainstPerGame": 30.9,
        "shotsAgainstPerGameLast5": 34.8,
        "oppSavesAgainstPer60": 34.3,
        "oppSavesAgainstPer60Last1": 32.5,
        "oppSavesAgainstPer60Last3": 35.2,
        "oppSavesAgainstPer60Last5": 32.4,
        "oppShotsAgainstPerGame": 29.9,
        "oppShotsAgainstPerGameLast5": 29.0,
        "savesProj": 28.2,
        "savesProjLast5": 28.9,
        "savesProjLast3": 30.5,
        "oppSavesAgainstProj": 32.4,
        "oppSavesAgainstProjLast5": 30.5,
        "oppSavesAgainstProjLast3": 30.8,
        "totalOver": 33,
        "totalOverLast5": 20,
        "totalOverLast15": 33,
        "lastTotalOver": 18,
        "last5": "0,0,1,0,0,1,0,0,0,1",
        "overOdds": "+205",
        "underOdds": "0",
        "overUnder": "+205 / 0"
    },
    {
        "player": "Mason Marchment",
        "team": "DAL",
        "opponent": "VGK",
        "propType": "g",
        "line": 0.5,
        "ppLine": "PP2",
        "avg": 0.19,
        "hit": false,
        "diffAvg": -0.62,
        "diffAbs": 0.4,
        "lastAvg": 0.31,
        "diff": -0.38,
        "avgMin": 15,
        "proj": 0.3,
        "lastAvgMin": 14.12,
        "oppOver": 0,
        "teamOver": 0,
        "gameLine": "-130",
        "+/-": -13,
        "L5_+/-": -6.0,
        "prevMatchup": "2023-05-27 0.0 g 2023-05-23 0.0 g 2023-05-21 0.0 g 2023-05-19 0.0 g 2023-02-25 0.0 g 2023-01-16 0.0 g",
        "winLossSplits": "22% - 13%",
        "awayHome": "H",
        "playedYesterday": "N",
        "awayHomeSplits": "19% - 17%",
        "savesAboveExp": -0.478,
        "gsaa": 8.04,
        "corsi": "52.0% (59.9) // 57.0% (56.0) // 52.0% (59.9) // 52.0% (59.9)",
        "fenwick": "51.3% (43.7) // 56.1% (40.6) // 51.3% (43.7) // 51.3% (43.7)",
        "shots": "51.6% (31.5) // 56.3% (29.0) // 51.6% (31.5) // 51.6% (31.5)",
        "scoring": "53.7% (31.5) // 61.3% (29.6) // 53.7% (31.5) // 53.7% (31.5)",
        "corsiAgainst": "48.0% (55.3) // 43.0% (42.3) // 48.0% (55.3) // 48.0% (55.3)",
        "fenwickAgainst": "48.7% (41.4) // 43.9% (31.7) // 48.7% (41.4) // 48.7% (41.4)",
        "shotsAgainst": "48.4% (29.5) // 43.7% (22.5) // 48.4% (29.5) // 48.4% (29.5)",
        "scoringAgainst": "46.3% (27.2) // 38.7% (18.6) // 46.3% (27.2) // 46.3% (27.2)",
        "oppCorsi": "48.6% (57.5) // 48.0% (56.0) // 48.6% (57.5) // 48.6% (57.5)",
        "oppFenwick": "49.7% (42.3) // 48.8% (40.5) // 49.7% (42.3) // 49.7% (42.3)",
        "oppShots": "50.5% (31.1) // 50.2% (28.8) // 50.5% (31.1) // 50.5% (31.1)",
        "oppScoring": "49.5% (29.2) // 49.0% (28.7) // 49.5% (29.2) // 49.5% (29.2)",
        "oppCorsiAgainst": "51.4% (60.7) // 52.0% (60.6) // 51.4% (60.7) // 51.4% (60.7)",
        "oppFenwickAgainst": "50.3% (42.8) // 51.2% (42.5) // 50.3% (42.8) // 50.3% (42.8)",
        "oppShotsAgainst": "49.5% (30.4) // 49.8% (28.5) // 49.5% (30.4) // 49.5% (30.4)",
        "oppScoringAgainst": "50.5% (29.8) // 51.0% (29.9) // 50.5% (29.8) // 50.5% (29.8)",
        "savesPerGame": 27.3,
        "savesPerGameLast1": 27.0,
        "savesPerGameLast3": 25.3,
        "savesPerGameLast5": 26.0,
        "savesPer60": 33.3,
        "savesPer60Last1": 27.0,
        "savesPer60Last3": 25.5,
        "savesPer60Last5": 26.2,
        "shotsPerGame": 31.9,
        "shotsPerGameLast5": 34.8,
        "shotsAgainstPerGame": 29.9,
        "shotsAgainstPerGameLast5": 29.0,
        "oppSavesAgainstPer60": 33.6,
        "oppSavesAgainstPer60Last1": 26.7,
        "oppSavesAgainstPer60Last3": 25.9,
        "oppSavesAgainstPer60Last5": 26.4,
        "oppShotsAgainstPerGame": 30.9,
        "oppShotsAgainstPerGameLast5": 34.8,
        "savesProj": 27.8,
        "savesProjLast5": 17.2,
        "savesProjLast3": 15.2,
        "oppSavesAgainstProj": 30.5,
        "oppSavesAgainstProjLast5": 18.3,
        "oppSavesAgainstProjLast3": 15.4,
        "totalOver": 18,
        "totalOverLast5": 0,
        "totalOverLast15": 27,
        "lastTotalOver": 26,
        "last5": "0,0,0,0,0,1,0,1,0,0",
        "overOdds": "+360",
        "underOdds": "0",
        "overUnder": "+360 / 0"
    },
    {
        "player": "Max Domi",
        "team": "DAL",
        "opponent": "VGK",
        "propType": "g",
        "line": 0.5,
        "ppLine": "",
        "avg": 0.24,
        "hit": false,
        "diffAvg": -0.52,
        "diffAbs": 0.6,
        "lastAvg": 0.13,
        "diff": -0.74,
        "avgMin": 17,
        "proj": 0.2,
        "lastAvgMin": 13.03,
        "oppOver": 0,
        "teamOver": 0,
        "gameLine": "-130",
        "+/-": -10,
        "L5_+/-": -6.0,
        "prevMatchup": "2023-05-27 0.0 g 2023-05-23 0.0 g 2023-05-21 0.0 g 2023-05-19 0.0 g 2023-04-08 0.0 g 2023-02-21 0.0 g 2022-12-15 0.0 g 2022-10-13 0.0 g",
        "winLossSplits": "27% - 13%",
        "awayHome": "H",
        "playedYesterday": "N",
        "awayHomeSplits": "18% - 21%",
        "savesAboveExp": -0.478,
        "gsaa": 8.04,
        "corsi": "52.0% (59.9) // 57.0% (56.0) // 52.0% (59.9) // 52.0% (59.9)",
        "fenwick": "51.3% (43.7) // 56.1% (40.6) // 51.3% (43.7) // 51.3% (43.7)",
        "shots": "51.6% (31.5) // 56.3% (29.0) // 51.6% (31.5) // 51.6% (31.5)",
        "scoring": "53.7% (31.5) // 61.3% (29.6) // 53.7% (31.5) // 53.7% (31.5)",
        "corsiAgainst": "48.0% (55.3) // 43.0% (42.3) // 48.0% (55.3) // 48.0% (55.3)",
        "fenwickAgainst": "48.7% (41.4) // 43.9% (31.7) // 48.7% (41.4) // 48.7% (41.4)",
        "shotsAgainst": "48.4% (29.5) // 43.7% (22.5) // 48.4% (29.5) // 48.4% (29.5)",
        "scoringAgainst": "46.3% (27.2) // 38.7% (18.6) // 46.3% (27.2) // 46.3% (27.2)",
        "oppCorsi": "48.6% (57.5) // 48.0% (56.0) // 48.6% (57.5) // 48.6% (57.5)",
        "oppFenwick": "49.7% (42.3) // 48.8% (40.5) // 49.7% (42.3) // 49.7% (42.3)",
        "oppShots": "50.5% (31.1) // 50.2% (28.8) // 50.5% (31.1) // 50.5% (31.1)",
        "oppScoring": "49.5% (29.2) // 49.0% (28.7) // 49.5% (29.2) // 49.5% (29.2)",
        "oppCorsiAgainst": "51.4% (60.7) // 52.0% (60.6) // 51.4% (60.7) // 51.4% (60.7)",
        "oppFenwickAgainst": "50.3% (42.8) // 51.2% (42.5) // 50.3% (42.8) // 50.3% (42.8)",
        "oppShotsAgainst": "49.5% (30.4) // 49.8% (28.5) // 49.5% (30.4) // 49.5% (30.4)",
        "oppScoringAgainst": "50.5% (29.8) // 51.0% (29.9) // 50.5% (29.8) // 50.5% (29.8)",
        "savesPerGame": 27.3,
        "savesPerGameLast1": 27.0,
        "savesPerGameLast3": 25.3,
        "savesPerGameLast5": 26.0,
        "savesPer60": 33.3,
        "savesPer60Last1": 27.0,
        "savesPer60Last3": 25.5,
        "savesPer60Last5": 26.2,
        "shotsPerGame": 31.9,
        "shotsPerGameLast5": 34.8,
        "shotsAgainstPerGame": 29.9,
        "shotsAgainstPerGameLast5": 29.0,
        "oppSavesAgainstPer60": 33.6,
        "oppSavesAgainstPer60Last1": 26.7,
        "oppSavesAgainstPer60Last3": 25.9,
        "oppSavesAgainstPer60Last5": 26.4,
        "oppShotsAgainstPerGame": 30.9,
        "oppShotsAgainstPerGameLast5": 34.8,
        "savesProj": 27.8,
        "savesProjLast5": 17.2,
        "savesProjLast3": 15.2,
        "oppSavesAgainstProj": 30.5,
        "oppSavesAgainstProjLast5": 18.3,
        "oppSavesAgainstProjLast3": 15.4,
        "totalOver": 20,
        "totalOverLast5": 0,
        "totalOverLast15": 13,
        "lastTotalOver": 15,
        "last5": "0,0,0,0,0,0,0,2,0,0",
        "overOdds": "+340",
        "underOdds": "0",
        "overUnder": "+340 / 0"
    },
    {
        "player": "Miro Heiskanen",
        "team": "DAL",
        "opponent": "VGK",
        "propType": "g",
        "line": 0.5,
        "ppLine": "PP1",
        "avg": 0.12,
        "hit": false,
        "diffAvg": -0.76,
        "diffAbs": 0.8,
        "lastAvg": 0.06,
        "diff": -0.88,
        "avgMin": 25,
        "proj": 0.1,
        "lastAvgMin": 24.88,
        "oppOver": 0,
        "teamOver": 0,
        "gameLine": "-130",
        "+/-": "+10",
        "L5_+/-": -7.0,
        "prevMatchup": "2023-05-27 0.0 g 2023-05-23 0.0 g 2023-05-21 1.0 g 2023-05-19 0.0 g 2023-04-08 0.0 g 2023-02-25 0.0 g 2023-01-16 0.0 g",
        "winLossSplits": "15% - 7%",
        "awayHome": "H",
        "playedYesterday": "N",
        "awayHomeSplits": "8% - 15%",
        "savesAboveExp": -0.478,
        "gsaa": 8.04,
        "corsi": "52.0% (59.9) // 57.0% (56.0) // 52.0% (59.9) // 52.0% (59.9)",
        "fenwick": "51.3% (43.7) // 56.1% (40.6) // 51.3% (43.7) // 51.3% (43.7)",
        "shots": "51.6% (31.5) // 56.3% (29.0) // 51.6% (31.5) // 51.6% (31.5)",
        "scoring": "53.7% (31.5) // 61.3% (29.6) // 53.7% (31.5) // 53.7% (31.5)",
        "corsiAgainst": "48.0% (55.3) // 43.0% (42.3) // 48.0% (55.3) // 48.0% (55.3)",
        "fenwickAgainst": "48.7% (41.4) // 43.9% (31.7) // 48.7% (41.4) // 48.7% (41.4)",
        "shotsAgainst": "48.4% (29.5) // 43.7% (22.5) // 48.4% (29.5) // 48.4% (29.5)",
        "scoringAgainst": "46.3% (27.2) // 38.7% (18.6) // 46.3% (27.2) // 46.3% (27.2)",
        "oppCorsi": "48.6% (57.5) // 48.0% (56.0) // 48.6% (57.5) // 48.6% (57.5)",
        "oppFenwick": "49.7% (42.3) // 48.8% (40.5) // 49.7% (42.3) // 49.7% (42.3)",
        "oppShots": "50.5% (31.1) // 50.2% (28.8) // 50.5% (31.1) // 50.5% (31.1)",
        "oppScoring": "49.5% (29.2) // 49.0% (28.7) // 49.5% (29.2) // 49.5% (29.2)",
        "oppCorsiAgainst": "51.4% (60.7) // 52.0% (60.6) // 51.4% (60.7) // 51.4% (60.7)",
        "oppFenwickAgainst": "50.3% (42.8) // 51.2% (42.5) // 50.3% (42.8) // 50.3% (42.8)",
        "oppShotsAgainst": "49.5% (30.4) // 49.8% (28.5) // 49.5% (30.4) // 49.5% (30.4)",
        "oppScoringAgainst": "50.5% (29.8) // 51.0% (29.9) // 50.5% (29.8) // 50.5% (29.8)",
        "savesPerGame": 27.3,
        "savesPerGameLast1": 27.0,
        "savesPerGameLast3": 25.3,
        "savesPerGameLast5": 26.0,
        "savesPer60": 33.3,
        "savesPer60Last1": 27.0,
        "savesPer60Last3": 25.5,
        "savesPer60Last5": 26.2,
        "shotsPerGame": 31.9,
        "shotsPerGameLast5": 34.8,
        "shotsAgainstPerGame": 29.9,
        "shotsAgainstPerGameLast5": 29.0,
        "oppSavesAgainstPer60": 33.6,
        "oppSavesAgainstPer60Last1": 26.7,
        "oppSavesAgainstPer60Last3": 25.9,
        "oppSavesAgainstPer60Last5": 26.4,
        "oppShotsAgainstPerGame": 30.9,
        "oppShotsAgainstPerGameLast5": 34.8,
        "savesProj": 27.8,
        "savesProjLast5": 17.2,
        "savesProjLast3": 15.2,
        "oppSavesAgainstProj": 30.5,
        "oppSavesAgainstProjLast5": 18.3,
        "oppSavesAgainstProjLast3": 15.4,
        "totalOver": 11,
        "totalOverLast5": 20,
        "totalOverLast15": 7,
        "lastTotalOver": 9,
        "last5": "0,0,1,0,0,0,0,0,0,0",
        "overOdds": "+390",
        "underOdds": "0",
        "overUnder": "+390 / 0"
    },
    {
        "player": "Reilly Smith",
        "team": "VGK",
        "opponent": "DAL",
        "propType": "g",
        "line": 0.5,
        "ppLine": "PP2",
        "avg": 0.3,
        "hit": false,
        "diffAvg": -0.4,
        "diffAbs": 0.4,
        "lastAvg": 0.29,
        "diff": -0.42,
        "avgMin": 16,
        "proj": 0.3,
        "lastAvgMin": 17.78,
        "oppOver": 0,
        "teamOver": 0,
        "gameLine": "+110",
        "+/-": "+15",
        "L5_+/-": "+4.0",
        "prevMatchup": "2023-05-27 0.0 g 2023-05-23 0.0 g 2023-05-21 0.0 g 2023-05-19 0.0 g 2023-04-08 0.0 g 2023-02-25 0.0 g 2023-01-16 0.0 g",
        "winLossSplits": "32% - 15%",
        "awayHome": "A",
        "playedYesterday": "N",
        "awayHomeSplits": "29% - 23%",
        "savesAboveExp": 0.39,
        "gsaa": 26.05,
        "corsi": "48.6% (57.5) // 48.0% (56.0) // 48.6% (57.5) // 48.6% (57.5)",
        "fenwick": "49.7% (42.3) // 48.8% (40.5) // 49.7% (42.3) // 49.7% (42.3)",
        "shots": "50.5% (31.1) // 50.2% (28.8) // 50.5% (31.1) // 50.5% (31.1)",
        "scoring": "49.5% (29.2) // 49.0% (28.7) // 49.5% (29.2) // 49.5% (29.2)",
        "corsiAgainst": "51.4% (60.7) // 52.0% (60.6) // 51.4% (60.7) // 51.4% (60.7)",
        "fenwickAgainst": "50.3% (42.8) // 51.2% (42.5) // 50.3% (42.8) // 50.3% (42.8)",
        "shotsAgainst": "49.5% (30.4) // 49.8% (28.5) // 49.5% (30.4) // 49.5% (30.4)",
        "scoringAgainst": "50.5% (29.8) // 51.0% (29.9) // 50.5% (29.8) // 50.5% (29.8)",
        "oppCorsi": "52.0% (59.9) // 57.0% (56.0) // 52.0% (59.9) // 52.0% (59.9)",
        "oppFenwick": "51.3% (43.7) // 56.1% (40.6) // 51.3% (43.7) // 51.3% (43.7)",
        "oppShots": "51.6% (31.5) // 56.3% (29.0) // 51.6% (31.5) // 51.6% (31.5)",
        "oppScoring": "53.7% (31.5) // 61.3% (29.6) // 53.7% (31.5) // 53.7% (31.5)",
        "oppCorsiAgainst": "48.0% (55.3) // 43.0% (42.3) // 48.0% (55.3) // 48.0% (55.3)",
        "oppFenwickAgainst": "48.7% (41.4) // 43.9% (31.7) // 48.7% (41.4) // 48.7% (41.4)",
        "oppShotsAgainst": "48.4% (29.5) // 43.7% (22.5) // 48.4% (29.5) // 48.4% (29.5)",
        "oppScoringAgainst": "46.3% (27.2) // 38.7% (18.6) // 46.3% (27.2) // 46.3% (27.2)",
        "savesPerGame": 28.1,
        "savesPerGameLast1": 30.0,
        "savesPerGameLast3": 34.3,
        "savesPerGameLast5": 32.4,
        "savesPer60": 33.6,
        "savesPer60Last1": 28.4,
        "savesPer60Last3": 33.9,
        "savesPer60Last5": 32.3,
        "shotsPerGame": 31.5,
        "shotsPerGameLast5": 29.0,
        "shotsAgainstPerGame": 30.9,
        "shotsAgainstPerGameLast5": 34.8,
        "oppSavesAgainstPer60": 34.3,
        "oppSavesAgainstPer60Last1": 32.5,
        "oppSavesAgainstPer60Last3": 35.2,
        "oppSavesAgainstPer60Last5": 32.4,
        "oppShotsAgainstPerGame": 29.9,
        "oppShotsAgainstPerGameLast5": 29.0,
        "savesProj": 28.2,
        "savesProjLast5": 28.9,
        "savesProjLast3": 30.5,
        "oppSavesAgainstProj": 32.4,
        "oppSavesAgainstProjLast5": 30.5,
        "oppSavesAgainstProjLast3": 30.8,
        "totalOver": 26,
        "totalOverLast5": 20,
        "totalOverLast15": 13,
        "lastTotalOver": 26,
        "last5": "0,0,0,0,1,1,0,0,0,0",
        "overOdds": "+255",
        "underOdds": "0",
        "overUnder": "+255 / 0"
    },
    {
        "player": "Roope Hintz",
        "team": "DAL",
        "opponent": "VGK",
        "propType": "g",
        "line": 0.5,
        "ppLine": "PP2",
        "avg": 0.52,
        "hit": false,
        "diffAvg": 0.04,
        "diffAbs": 0.2,
        "lastAvg": 0.43,
        "diff": -0.14,
        "avgMin": 17,
        "proj": 0.4,
        "lastAvgMin": 18.03,
        "oppOver": 0,
        "teamOver": 0,
        "gameLine": "-130",
        "+/-": "+37",
        "L5_+/-": "+5.0",
        "prevMatchup": "2023-05-27 0.0 g 2023-05-23 0.0 g 2023-05-21 0.0 g 2023-05-19 1.0 g 2023-04-08 0.0 g 2023-02-25 1.0 g",
        "winLossSplits": "48% - 28%",
        "awayHome": "H",
        "playedYesterday": "N",
        "awayHomeSplits": "31% - 47%",
        "savesAboveExp": -0.478,
        "gsaa": 8.04,
        "corsi": "52.0% (59.9) // 57.0% (56.0) // 52.0% (59.9) // 52.0% (59.9)",
        "fenwick": "51.3% (43.7) // 56.1% (40.6) // 51.3% (43.7) // 51.3% (43.7)",
        "shots": "51.6% (31.5) // 56.3% (29.0) // 51.6% (31.5) // 51.6% (31.5)",
        "scoring": "53.7% (31.5) // 61.3% (29.6) // 53.7% (31.5) // 53.7% (31.5)",
        "corsiAgainst": "48.0% (55.3) // 43.0% (42.3) // 48.0% (55.3) // 48.0% (55.3)",
        "fenwickAgainst": "48.7% (41.4) // 43.9% (31.7) // 48.7% (41.4) // 48.7% (41.4)",
        "shotsAgainst": "48.4% (29.5) // 43.7% (22.5) // 48.4% (29.5) // 48.4% (29.5)",
        "scoringAgainst": "46.3% (27.2) // 38.7% (18.6) // 46.3% (27.2) // 46.3% (27.2)",
        "oppCorsi": "48.6% (57.5) // 48.0% (56.0) // 48.6% (57.5) // 48.6% (57.5)",
        "oppFenwick": "49.7% (42.3) // 48.8% (40.5) // 49.7% (42.3) // 49.7% (42.3)",
        "oppShots": "50.5% (31.1) // 50.2% (28.8) // 50.5% (31.1) // 50.5% (31.1)",
        "oppScoring": "49.5% (29.2) // 49.0% (28.7) // 49.5% (29.2) // 49.5% (29.2)",
        "oppCorsiAgainst": "51.4% (60.7) // 52.0% (60.6) // 51.4% (60.7) // 51.4% (60.7)",
        "oppFenwickAgainst": "50.3% (42.8) // 51.2% (42.5) // 50.3% (42.8) // 50.3% (42.8)",
        "oppShotsAgainst": "49.5% (30.4) // 49.8% (28.5) // 49.5% (30.4) // 49.5% (30.4)",
        "oppScoringAgainst": "50.5% (29.8) // 51.0% (29.9) // 50.5% (29.8) // 50.5% (29.8)",
        "savesPerGame": 27.3,
        "savesPerGameLast1": 27.0,
        "savesPerGameLast3": 25.3,
        "savesPerGameLast5": 26.0,
        "savesPer60": 33.3,
        "savesPer60Last1": 27.0,
        "savesPer60Last3": 25.5,
        "savesPer60Last5": 26.2,
        "shotsPerGame": 31.9,
        "shotsPerGameLast5": 34.8,
        "shotsAgainstPerGame": 29.9,
        "shotsAgainstPerGameLast5": 29.0,
        "oppSavesAgainstPer60": 33.6,
        "oppSavesAgainstPer60Last1": 26.7,
        "oppSavesAgainstPer60Last3": 25.9,
        "oppSavesAgainstPer60Last5": 26.4,
        "oppShotsAgainstPerGame": 30.9,
        "oppShotsAgainstPerGameLast5": 34.8,
        "savesProj": 27.8,
        "savesProjLast5": 17.2,
        "savesProjLast3": 15.2,
        "oppSavesAgainstProj": 30.5,
        "oppSavesAgainstProjLast5": 18.3,
        "oppSavesAgainstProjLast3": 15.4,
        "totalOver": 39,
        "totalOverLast5": 40,
        "totalOverLast15": 33,
        "lastTotalOver": 35,
        "last5": "0,0,0,1,1,0,2,1,0,0",
        "overOdds": "+130",
        "underOdds": "0",
        "overUnder": "+130 / 0"
    },
    {
        "player": "Shea Theodore",
        "team": "VGK",
