[
    {
        "player": "Brad Marchand",
        "team": "BOS",
        "opponent": "WSH",
        "propType": "sog",
        "line": 2.5,
        "ppLine": "PP1",
        "avg": 2.49,
        "hit": false,
        "diffAvg": -0.0,
        "diffAbs": 0.16,
        "lastAvg": 3.14,
        "diff": 0.26,
        "avgMin": 18,
        "proj": 2.9,
        "lastAvgMin": 19.25,
        "oppOver": 0,
        "teamOver": 0,
        "gameLine": "+230",
        "+/-": "+26",
        "L5_+/-": "+1.0",
        "prevMatchup": "2023-02-11 5.0 sog",
        "winLossSplits": "36% - 62%",
        "awayHome": "H",
        "playedYesterday": "N",
        "awayHomeSplits": "44% - 40%",
        "savesAboveExp": 0.318,
        "gsaa": -4.79,
        "corsi": "51.3% (57.9) // 50.7% (57.4) // 51.1% (58.1) // 53.1% (59.5)",
        "fenwick": "51.6% (43.8) // 50.3% (43.8) // 50.9% (44.7) // 51.8% (46.4)",
        "shots": "52.5% (32.6) // 52.2% (32.6) // 51.8% (33.8) // 51.9% (35.2)",
        "scoring": "52.9% (32.1) // 52.5% (31.4) // 50.2% (30.4) // 51.5% (27.9)",
        "corsiAgainst": "48.7% (55.0) // 49.3% (55.9) // 48.9% (55.6) // 46.9% (52.6)",
        "fenwickAgainst": "48.4% (41.1) // 49.7% (43.3) // 49.1% (43.1) // 48.2% (43.1)",
        "shotsAgainst": "47.5% (29.4) // 47.8% (29.8) // 48.2% (31.4) // 48.1% (32.5)",
        "scoringAgainst": "47.1% (28.6) // 47.5% (28.4) // 49.8% (30.2) // 48.5% (26.3)",
        "oppCorsi": "50.2% (58.9) // 45.5% (54.9) // 41.0% (51.5) // 38.6% (49.3)",
        "oppFenwick": "50.0% (43.2) // 46.0% (41.2) // 41.3% (37.8) // 38.9% (35.0)",
        "oppShots": "50.2% (30.8) // 45.5% (29.1) // 41.9% (25.8) // 40.8% (25.0)",
        "oppScoring": "50.2% (29.4) // 46.3% (27.6) // 40.3% (25.0) // 37.4% (22.3)",
        "oppCorsiAgainst": "49.8% (58.5) // 54.5% (65.8) // 59.0% (74.0) // 61.4% (78.3)",
        "oppFenwickAgainst": "50.0% (43.2) // 54.0% (48.3) // 58.7% (53.8) // 61.1% (55.0)",
        "oppShotsAgainst": "49.8% (30.6) // 54.5% (34.9) // 58.1% (35.8) // 59.2% (36.3)",
        "oppScoringAgainst": "49.8% (29.2) // 53.7% (32.1) // 59.7% (37.0) // 62.6% (37.3)",
        "savesPerGame": 27.7,
        "savesPerGameLast1": 34.0,
        "savesPerGameLast3": 31.3,
        "savesPerGameLast5": 30.0,
        "savesPer60": 27.9,
        "savesPer60Last1": 34.0,
        "savesPer60Last3": 31.8,
        "savesPer60Last5": 30.7,
        "shotsPerGame": 33.0,
        "shotsPerGameLast5": 34.6,
        "shotsAgainstPerGame": 29.8,
        "shotsAgainstPerGameLast5": 32.2,
        "oppSavesAgainstPer60": 28.2,
        "oppSavesAgainstPer60Last1": 20.4,
        "oppSavesAgainstPer60Last3": 22.1,
        "oppSavesAgainstPer60Last5": 24.3,
        "oppShotsAgainstPerGame": 30.9,
        "oppShotsAgainstPerGameLast5": 35.4,
        "savesProj": 28.3,
        "savesProjLast5": 27.0,
        "savesProjLast3": 25.2,
        "oppSavesAgainstProj": 27.5,
        "oppSavesAgainstProjLast5": 26.0,
        "oppSavesAgainstProjLast3": 24.4,
        "totalOver": 42,
        "totalOverLast5": 20,
        "totalOverLast15": 27,
        "lastTotalOver": 61,
        "last5": "0,5,1,2,2,3,1,3,1,2",
        "overOdds": "-110",
        "underOdds": "-120",
        "overUnder": "-110 / -120"
    },
    {
        "player": "David Pastrnak",
        "team": "BOS",
        "opponent": "WSH",
        "propType": "sog",
        "line": 4.5,
        "ppLine": "PP1",
        "avg": 4.95,
        "hit": false,
        "diffAvg": 0.1,
        "diffAbs": 0.11,
        "lastAvg": 3.95,
        "diff": -0.12,
        "avgMin": 19,
        "proj": 4.0,
        "lastAvgMin": 18.6,
        "oppOver": 0,
        "teamOver": 0,
        "gameLine": "+230",
        "+/-": "+35",
        "L5_+/-": "+5.0",
        "prevMatchup": "2023-02-11 3.0 sog 2022-10-12 6.0 sog",
        "winLossSplits": "60% - 65%",
        "awayHome": "H",
        "playedYesterday": "N",
        "awayHomeSplits": "58% - 65%",
        "savesAboveExp": 0.318,
        "gsaa": -4.79,
        "corsi": "51.3% (57.9) // 50.7% (57.4) // 51.1% (58.1) // 53.1% (59.5)",
        "fenwick": "51.6% (43.8) // 50.3% (43.8) // 50.9% (44.7) // 51.8% (46.4)",
        "shots": "52.5% (32.6) // 52.2% (32.6) // 51.8% (33.8) // 51.9% (35.2)",
        "scoring": "52.9% (32.1) // 52.5% (31.4) // 50.2% (30.4) // 51.5% (27.9)",
        "corsiAgainst": "48.7% (55.0) // 49.3% (55.9) // 48.9% (55.6) // 46.9% (52.6)",
        "fenwickAgainst": "48.4% (41.1) // 49.7% (43.3) // 49.1% (43.1) // 48.2% (43.1)",
        "shotsAgainst": "47.5% (29.4) // 47.8% (29.8) // 48.2% (31.4) // 48.1% (32.5)",
        "scoringAgainst": "47.1% (28.6) // 47.5% (28.4) // 49.8% (30.2) // 48.5% (26.3)",
        "oppCorsi": "50.2% (58.9) // 45.5% (54.9) // 41.0% (51.5) // 38.6% (49.3)",
        "oppFenwick": "50.0% (43.2) // 46.0% (41.2) // 41.3% (37.8) // 38.9% (35.0)",
        "oppShots": "50.2% (30.8) // 45.5% (29.1) // 41.9% (25.8) // 40.8% (25.0)",
        "oppScoring": "50.2% (29.4) // 46.3% (27.6) // 40.3% (25.0) // 37.4% (22.3)",
        "oppCorsiAgainst": "49.8% (58.5) // 54.5% (65.8) // 59.0% (74.0) // 61.4% (78.3)",
        "oppFenwickAgainst": "50.0% (43.2) // 54.0% (48.3) // 58.7% (53.8) // 61.1% (55.0)",
        "oppShotsAgainst": "49.8% (30.6) // 54.5% (34.9) // 58.1% (35.8) // 59.2% (36.3)",
        "oppScoringAgainst": "49.8% (29.2) // 53.7% (32.1) // 59.7% (37.0) // 62.6% (37.3)",
        "savesPerGame": 27.7,
        "savesPerGameLast1": 34.0,
        "savesPerGameLast3": 31.3,
        "savesPerGameLast5": 30.0,
        "savesPer60": 27.9,
        "savesPer60Last1": 34.0,
        "savesPer60Last3": 31.8,
        "savesPer60Last5": 30.7,
        "shotsPerGame": 33.0,
        "shotsPerGameLast5": 34.6,
        "shotsAgainstPerGame": 29.8,
        "shotsAgainstPerGameLast5": 32.2,
        "oppSavesAgainstPer60": 28.2,
        "oppSavesAgainstPer60Last1": 20.4,
        "oppSavesAgainstPer60Last3": 22.1,
        "oppSavesAgainstPer60Last5": 24.3,
        "oppShotsAgainstPerGame": 30.9,
        "oppShotsAgainstPerGameLast5": 35.4,
        "savesProj": 28.3,
        "savesProjLast5": 27.0,
        "savesProjLast3": 25.2,
        "oppSavesAgainstProj": 27.5,
        "oppSavesAgainstProjLast5": 26.0,
        "oppSavesAgainstProjLast3": 24.4,
        "totalOver": 61,
        "totalOverLast5": 80,
        "totalOverLast15": 87,
        "lastTotalOver": 46,
        "last5": "10,7,5,3,8,5,8,7,5,5",
        "overOdds": "-105",
        "underOdds": "-125",
        "overUnder": "-105 / -125"
    },
    {
        "player": "Evgeny Kuznetsov",
        "team": "WSH",
        "opponent": "BOS",
        "propType": "sog",
        "line": 1.5,
        "ppLine": "PP2",
        "avg": 2.15,
        "hit": false,
        "diffAvg": 0.43,
        "diffAbs": 0.4,
        "lastAvg": 2.39,
        "diff": 0.59,
        "avgMin": 18,
        "proj": 2.1,
        "lastAvgMin": 20.27,
        "oppOver": 0,
        "teamOver": 0,
        "gameLine": "-275",
        "+/-": -24,
        "L5_+/-": -8.0,
        "prevMatchup": "2023-02-11 0.0 sog 2022-10-12 5.0 sog",
        "winLossSplits": "54% - 70%",
        "awayHome": "A",
        "playedYesterday": "Y",
        "awayHomeSplits": "59% - 68%",
        "savesAboveExp": 0.892,
        "gsaa": 48.46,
        "corsi": "50.2% (58.9) // 45.5% (54.9) // 41.0% (51.5) // 38.6% (49.3)",
        "fenwick": "50.0% (43.2) // 46.0% (41.2) // 41.3% (37.8) // 38.9% (35.0)",
        "shots": "50.2% (30.8) // 45.5% (29.1) // 41.9% (25.8) // 40.8% (25.0)",
        "scoring": "50.2% (29.4) // 46.3% (27.6) // 40.3% (25.0) // 37.4% (22.3)",
        "corsiAgainst": "49.8% (58.5) // 54.5% (65.8) // 59.0% (74.0) // 61.4% (78.3)",
        "fenwickAgainst": "50.0% (43.2) // 54.0% (48.3) // 58.7% (53.8) // 61.1% (55.0)",
        "shotsAgainst": "49.8% (30.6) // 54.5% (34.9) // 58.1% (35.8) // 59.2% (36.3)",
        "scoringAgainst": "49.8% (29.2) // 53.7% (32.1) // 59.7% (37.0) // 62.6% (37.3)",
        "oppCorsi": "51.3% (57.9) // 50.7% (57.4) // 51.1% (58.1) // 53.1% (59.5)",
        "oppFenwick": "51.6% (43.8) // 50.3% (43.8) // 50.9% (44.7) // 51.8% (46.4)",
        "oppShots": "52.5% (32.6) // 52.2% (32.6) // 51.8% (33.8) // 51.9% (35.2)",
        "oppScoring": "52.9% (32.1) // 52.5% (31.4) // 50.2% (30.4) // 51.5% (27.9)",
        "oppCorsiAgainst": "48.7% (55.0) // 49.3% (55.9) // 48.9% (55.6) // 46.9% (52.6)",
        "oppFenwickAgainst": "48.4% (41.1) // 49.7% (43.3) // 49.1% (43.1) // 48.2% (43.1)",
        "oppShotsAgainst": "47.5% (29.4) // 47.8% (29.8) // 48.2% (31.4) // 48.1% (32.5)",
        "oppScoringAgainst": "47.1% (28.6) // 47.5% (28.4) // 49.8% (30.2) // 48.5% (26.3)",
        "savesPerGame": 27.7,
        "savesPerGameLast1": 38.0,
        "savesPerGameLast3": 32.3,
        "savesPerGameLast5": 31.0,
        "savesPer60": 27.7,
        "savesPer60Last1": 38.0,
        "savesPer60Last3": 31.8,
        "savesPer60Last5": 30.6,
        "shotsPerGame": 31.1,
        "shotsPerGameLast5": 26.8,
        "shotsAgainstPerGame": 30.9,
        "shotsAgainstPerGameLast5": 35.4,
        "oppSavesAgainstPer60": 29.3,
        "oppSavesAgainstPer60Last1": 29.0,
        "oppSavesAgainstPer60Last3": 33.5,
        "oppSavesAgainstPer60Last5": 31.9,
        "oppShotsAgainstPerGame": 29.8,
        "oppShotsAgainstPerGameLast5": 32.2,
        "savesProj": 29.1,
        "savesProjLast5": 34.4,
        "savesProjLast3": 37.2,
        "oppSavesAgainstProj": 28.8,
        "oppSavesAgainstProjLast5": 34.9,
        "oppSavesAgainstProjLast3": 38.3,
        "totalOver": 63,
        "totalOverLast5": 40,
        "totalOverLast15": 53,
        "lastTotalOver": 72,
        "last5": "0,3,2,1,0,4,0,0,2,2",
        "overOdds": "-165",
        "underOdds": "+135",
        "overUnder": "-165 / +135"
    },
    {
        "player": "Jake Debrusk",
        "team": "BOS",
        "opponent": "WSH",
        "propType": "sog",
        "line": 2.5,
        "ppLine": "PP1",
        "avg": 2.98,
        "hit": false,
        "diffAvg": 0.19,
        "diffAbs": 0.08,
        "lastAvg": 2.19,
        "diff": -0.12,
        "avgMin": 16,
        "proj": 2.3,
        "lastAvgMin": 15.03,
        "oppOver": 0,
        "teamOver": 0,
        "gameLine": "+230",
        "+/-": "+25",
        "L5_+/-": "+2.0",
        "prevMatchup": "2022-10-12 3.0 sog",
        "winLossSplits": "58% - 33%",
        "awayHome": "H",
        "playedYesterday": "N",
        "awayHomeSplits": "57% - 50%",
        "savesAboveExp": 0.318,
        "gsaa": -4.79,
        "corsi": "51.3% (57.9) // 50.7% (57.4) // 51.1% (58.1) // 53.1% (59.5)",
        "fenwick": "51.6% (43.8) // 50.3% (43.8) // 50.9% (44.7) // 51.8% (46.4)",
        "shots": "52.5% (32.6) // 52.2% (32.6) // 51.8% (33.8) // 51.9% (35.2)",
        "scoring": "52.9% (32.1) // 52.5% (31.4) // 50.2% (30.4) // 51.5% (27.9)",
        "corsiAgainst": "48.7% (55.0) // 49.3% (55.9) // 48.9% (55.6) // 46.9% (52.6)",
        "fenwickAgainst": "48.4% (41.1) // 49.7% (43.3) // 49.1% (43.1) // 48.2% (43.1)",
        "shotsAgainst": "47.5% (29.4) // 47.8% (29.8) // 48.2% (31.4) // 48.1% (32.5)",
        "scoringAgainst": "47.1% (28.6) // 47.5% (28.4) // 49.8% (30.2) // 48.5% (26.3)",
        "oppCorsi": "50.2% (58.9) // 45.5% (54.9) // 41.0% (51.5) // 38.6% (49.3)",
        "oppFenwick": "50.0% (43.2) // 46.0% (41.2) // 41.3% (37.8) // 38.9% (35.0)",
        "oppShots": "50.2% (30.8) // 45.5% (29.1) // 41.9% (25.8) // 40.8% (25.0)",
        "oppScoring": "50.2% (29.4) // 46.3% (27.6) // 40.3% (25.0) // 37.4% (22.3)",
        "oppCorsiAgainst": "49.8% (58.5) // 54.5% (65.8) // 59.0% (74.0) // 61.4% (78.3)",
        "oppFenwickAgainst": "50.0% (43.2) // 54.0% (48.3) // 58.7% (53.8) // 61.1% (55.0)",
        "oppShotsAgainst": "49.8% (30.6) // 54.5% (34.9) // 58.1% (35.8) // 59.2% (36.3)",
        "oppScoringAgainst": "49.8% (29.2) // 53.7% (32.1) // 59.7% (37.0) // 62.6% (37.3)",
        "savesPerGame": 27.7,
        "savesPerGameLast1": 34.0,
        "savesPerGameLast3": 31.3,
        "savesPerGameLast5": 30.0,
        "savesPer60": 27.9,
        "savesPer60Last1": 34.0,
        "savesPer60Last3": 31.8,
        "savesPer60Last5": 30.7,
        "shotsPerGame": 33.0,
        "shotsPerGameLast5": 34.6,
        "shotsAgainstPerGame": 29.8,
        "shotsAgainstPerGameLast5": 32.2,
        "oppSavesAgainstPer60": 28.2,
        "oppSavesAgainstPer60Last1": 20.4,
        "oppSavesAgainstPer60Last3": 22.1,
        "oppSavesAgainstPer60Last5": 24.3,
        "oppShotsAgainstPerGame": 30.9,
        "oppShotsAgainstPerGameLast5": 35.4,
        "savesProj": 28.3,
        "savesProjLast5": 27.0,
        "savesProjLast3": 25.2,
        "oppSavesAgainstProj": 27.5,
        "oppSavesAgainstProjLast5": 26.0,
        "oppSavesAgainstProjLast3": 24.4,
        "totalOver": 53,
        "totalOverLast5": 60,
        "totalOverLast15": 53,
        "lastTotalOver": 40,
        "last5": "1,2,3,4,3,2,1,5,2,5",
        "overOdds": "+100",
        "underOdds": "-130",
        "overUnder": "+100 / -130"
    },
    {
        "player": "John Carlson",
        "team": "WSH",
        "opponent": "BOS",
        "propType": "sog",
        "line": 2.5,
        "ppLine": "PP1",
        "avg": 3.16,
        "hit": false,
        "diffAvg": 0.26,
        "diffAbs": 0.12,
        "lastAvg": 2.32,
        "diff": -0.07,
        "avgMin": 23,
        "proj": 2.2,
        "lastAvgMin": 23.8,
        "oppOver": 0,
        "teamOver": 0,
        "gameLine": "-275",
        "+/-": -4,
        "L5_+/-": -2.0,
        "prevMatchup": "2022-10-12 1.0 sog",
        "winLossSplits": "60% - 67%",
        "awayHome": "A",
        "playedYesterday": "Y",
        "awayHomeSplits": "80% - 44%",
        "savesAboveExp": 0.892,
        "gsaa": 48.46,
        "corsi": "50.2% (58.9) // 45.5% (54.9) // 41.0% (51.5) // 38.6% (49.3)",
        "fenwick": "50.0% (43.2) // 46.0% (41.2) // 41.3% (37.8) // 38.9% (35.0)",
        "shots": "50.2% (30.8) // 45.5% (29.1) // 41.9% (25.8) // 40.8% (25.0)",
        "scoring": "50.2% (29.4) // 46.3% (27.6) // 40.3% (25.0) // 37.4% (22.3)",
        "corsiAgainst": "49.8% (58.5) // 54.5% (65.8) // 59.0% (74.0) // 61.4% (78.3)",
        "fenwickAgainst": "50.0% (43.2) // 54.0% (48.3) // 58.7% (53.8) // 61.1% (55.0)",
        "shotsAgainst": "49.8% (30.6) // 54.5% (34.9) // 58.1% (35.8) // 59.2% (36.3)",
        "scoringAgainst": "49.8% (29.2) // 53.7% (32.1) // 59.7% (37.0) // 62.6% (37.3)",
        "oppCorsi": "51.3% (57.9) // 50.7% (57.4) // 51.1% (58.1) // 53.1% (59.5)",
        "oppFenwick": "51.6% (43.8) // 50.3% (43.8) // 50.9% (44.7) // 51.8% (46.4)",
        "oppShots": "52.5% (32.6) // 52.2% (32.6) // 51.8% (33.8) // 51.9% (35.2)",
        "oppScoring": "52.9% (32.1) // 52.5% (31.4) // 50.2% (30.4) // 51.5% (27.9)",
        "oppCorsiAgainst": "48.7% (55.0) // 49.3% (55.9) // 48.9% (55.6) // 46.9% (52.6)",
        "oppFenwickAgainst": "48.4% (41.1) // 49.7% (43.3) // 49.1% (43.1) // 48.2% (43.1)",
        "oppShotsAgainst": "47.5% (29.4) // 47.8% (29.8) // 48.2% (31.4) // 48.1% (32.5)",
        "oppScoringAgainst": "47.1% (28.6) // 47.5% (28.4) // 49.8% (30.2) // 48.5% (26.3)",
        "savesPerGame": 27.7,
        "savesPerGameLast1": 38.0,
        "savesPerGameLast3": 32.3,
        "savesPerGameLast5": 31.0,
        "savesPer60": 27.7,
        "savesPer60Last1": 38.0,
        "savesPer60Last3": 31.8,
        "savesPer60Last5": 30.6,
        "shotsPerGame": 31.1,
        "shotsPerGameLast5": 26.8,
        "shotsAgainstPerGame": 30.9,
        "shotsAgainstPerGameLast5": 35.4,
        "oppSavesAgainstPer60": 29.3,
        "oppSavesAgainstPer60Last1": 29.0,
        "oppSavesAgainstPer60Last3": 33.5,
        "oppSavesAgainstPer60Last5": 31.9,
        "oppShotsAgainstPerGame": 29.8,
        "oppShotsAgainstPerGameLast5": 32.2,
        "savesProj": 29.1,
        "savesProjLast5": 34.4,
        "savesProjLast3": 37.2,
        "oppSavesAgainstProj": 28.8,
        "oppSavesAgainstProjLast5": 34.9,
        "oppSavesAgainstProjLast3": 38.3,
        "totalOver": 63,
        "totalOverLast5": 20,
        "totalOverLast15": 47,
        "lastTotalOver": 50,
        "last5": "0,1,4,2,1,1,7,3,2,3",
        "overOdds": "-130",
        "underOdds": "+100",
        "overUnder": "-130 / +100"
    },
    {
        "player": "Patrice Bergeron",
        "team": "BOS",
        "opponent": "WSH",
        "propType": "sog",
        "line": 2.5,
        "ppLine": "",
        "avg": 3.21,
        "hit": false,
        "diffAvg": 0.28,
        "diffAbs": 0.36,
        "lastAvg": 3.62,
        "diff": 0.45,
        "avgMin": 17,
        "proj": 3.4,
        "lastAvgMin": 18.17,
        "oppOver": 0,
        "teamOver": 0,
        "gameLine": "+230",
        "+/-": "+33",
        "L5_+/-": "+7.0",
        "prevMatchup": "2023-02-11 3.0 sog 2022-10-12 4.0 sog",
        "winLossSplits": "66% - 82%",
        "awayHome": "H",
        "playedYesterday": "N",
        "awayHomeSplits": "67% - 72%",
        "savesAboveExp": 0.318,
        "gsaa": -4.79,
        "corsi": "51.3% (57.9) // 50.7% (57.4) // 51.1% (58.1) // 53.1% (59.5)",
        "fenwick": "51.6% (43.8) // 50.3% (43.8) // 50.9% (44.7) // 51.8% (46.4)",
        "shots": "52.5% (32.6) // 52.2% (32.6) // 51.8% (33.8) // 51.9% (35.2)",
        "scoring": "52.9% (32.1) // 52.5% (31.4) // 50.2% (30.4) // 51.5% (27.9)",
        "corsiAgainst": "48.7% (55.0) // 49.3% (55.9) // 48.9% (55.6) // 46.9% (52.6)",
        "fenwickAgainst": "48.4% (41.1) // 49.7% (43.3) // 49.1% (43.1) // 48.2% (43.1)",
        "shotsAgainst": "47.5% (29.4) // 47.8% (29.8) // 48.2% (31.4) // 48.1% (32.5)",
        "scoringAgainst": "47.1% (28.6) // 47.5% (28.4) // 49.8% (30.2) // 48.5% (26.3)",
        "oppCorsi": "50.2% (58.9) // 45.5% (54.9) // 41.0% (51.5) // 38.6% (49.3)",
        "oppFenwick": "50.0% (43.2) // 46.0% (41.2) // 41.3% (37.8) // 38.9% (35.0)",
        "oppShots": "50.2% (30.8) // 45.5% (29.1) // 41.9% (25.8) // 40.8% (25.0)",
        "oppScoring": "50.2% (29.4) // 46.3% (27.6) // 40.3% (25.0) // 37.4% (22.3)",
        "oppCorsiAgainst": "49.8% (58.5) // 54.5% (65.8) // 59.0% (74.0) // 61.4% (78.3)",
        "oppFenwickAgainst": "50.0% (43.2) // 54.0% (48.3) // 58.7% (53.8) // 61.1% (55.0)",
        "oppShotsAgainst": "49.8% (30.6) // 54.5% (34.9) // 58.1% (35.8) // 59.2% (36.3)",
        "oppScoringAgainst": "49.8% (29.2) // 53.7% (32.1) // 59.7% (37.0) // 62.6% (37.3)",
        "savesPerGame": 27.7,
        "savesPerGameLast1": 34.0,
        "savesPerGameLast3": 31.3,
        "savesPerGameLast5": 30.0,
        "savesPer60": 27.9,
        "savesPer60Last1": 34.0,
        "savesPer60Last3": 31.8,
        "savesPer60Last5": 30.7,
        "shotsPerGame": 33.0,
        "shotsPerGameLast5": 34.6,
        "shotsAgainstPerGame": 29.8,
        "shotsAgainstPerGameLast5": 32.2,
        "oppSavesAgainstPer60": 28.2,
        "oppSavesAgainstPer60Last1": 20.4,
        "oppSavesAgainstPer60Last3": 22.1,
        "oppSavesAgainstPer60Last5": 24.3,
        "oppShotsAgainstPerGame": 30.9,
        "oppShotsAgainstPerGameLast5": 35.4,
        "savesProj": 28.3,
        "savesProjLast5": 27.0,
        "savesProjLast3": 25.2,
        "oppSavesAgainstProj": 27.5,
        "oppSavesAgainstProjLast5": 26.0,
        "oppSavesAgainstProjLast3": 24.4,
        "totalOver": 70,
        "totalOverLast5": 60,
        "totalOverLast15": 53,
        "lastTotalOver": 78,
        "last5": "2,2,5,4,3,0,2,4,2,2",
        "overOdds": "-155",
        "underOdds": "+125",
        "overUnder": "-155 / +125"
    },
    {
        "player": "Brady Skjei",
        "team": "CAR",
        "opponent": "DET",
        "propType": "sog",
        "line": 2.5,
        "ppLine": "PP2",
        "avg": 2.32,
        "hit": false,
        "diffAvg": -0.07,
        "diffAbs": 0.24,
        "lastAvg": 1.92,
        "diff": -0.23,
        "avgMin": 21,
        "proj": 1.9,
        "lastAvgMin": 21.13,
        "oppOver": 0,
        "teamOver": 0,
        "gameLine": "-255",
        "+/-": "+8",
        "L5_+/-": -3.0,
        "prevMatchup": "2023-03-30 1.0 sog 2022-12-13 3.0 sog",
        "winLossSplits": "51% - 33%",
        "awayHome": "H",
        "playedYesterday": "Y",
        "awayHomeSplits": "44% - 45%",
        "savesAboveExp": 0.245,
        "gsaa": -7.21,
        "corsi": "59.9% (67.4) // 58.9% (67.2) // 61.6% (69.2) // 60.0% (66.0)",
        "fenwick": "59.1% (50.7) // 57.4% (50.3) // 59.0% (50.9) // 54.5% (46.3)",
        "shots": "57.3% (34.3) // 55.9% (34.2) // 59.4% (35.9) // 53.0% (32.0)",
        "scoring": "59.0% (33.5) // 58.5% (33.3) // 63.1% (34.6) // 59.4% (34.7)",
        "corsiAgainst": "40.1% (45.1) // 41.1% (46.9) // 38.4% (43.1) // 40.0% (44.0)",
        "fenwickAgainst": "40.9% (35.1) // 42.6% (37.3) // 41.0% (35.4) // 45.5% (38.7)",
        "shotsAgainst": "42.7% (25.6) // 44.1% (27.0) // 40.6% (24.5) // 47.0% (28.3)",
        "scoringAgainst": "41.0% (23.3) // 41.5% (23.6) // 36.9% (20.3) // 40.6% (23.7)",
        "oppCorsi": "47.2% (51.9) // 46.8% (49.1) // 47.3% (46.2) // 48.1% (45.7)",
        "oppFenwick": "47.7% (38.7) // 45.5% (35.1) // 45.2% (33.2) // 46.1% (32.8)",
        "oppShots": "48.1% (27.9) // 45.0% (24.4) // 43.0% (23.0) // 45.6% (23.4)",
        "oppScoring": "45.9% (25.3) // 45.4% (22.5) // 48.8% (23.0) // 48.5% (20.8)",
        "oppCorsiAgainst": "52.8% (58.0) // 53.2% (55.7) // 52.7% (51.5) // 51.9% (49.3)",
        "oppFenwickAgainst": "52.3% (42.5) // 54.5% (42.0) // 54.8% (40.3) // 53.9% (38.3)",
        "oppShotsAgainst": "51.9% (30.1) // 55.0% (29.8) // 57.0% (30.5) // 54.4% (27.9)",
        "oppScoringAgainst": "54.1% (29.8) // 54.6% (27.1) // 51.2% (24.2) // 51.5% (22.1)",
        "savesPerGame": 23.4,
        "savesPerGameLast1": 29.0,
        "savesPerGameLast3": 25.0,
        "savesPerGameLast5": 24.4,
        "savesPer60": 23.5,
        "savesPer60Last1": 27.7,
        "savesPer60Last3": 24.2,
        "savesPer60Last5": 24.3,
        "shotsPerGame": 34.9,
        "shotsPerGameLast5": 33.6,
        "shotsAgainstPerGame": 26.0,
        "shotsAgainstPerGameLast5": 27.0,
        "oppSavesAgainstPer60": 25.4,
        "oppSavesAgainstPer60Last1": 19.9,
        "oppSavesAgainstPer60Last3": 22.3,
        "oppSavesAgainstPer60Last5": 20.4,
        "oppShotsAgainstPerGame": 30.4,
        "oppShotsAgainstPerGameLast5": 31.0,
        "savesProj": 21.9,
        "savesProjLast5": 17.7,
        "savesProjLast3": 19.0,
        "oppSavesAgainstProj": 21.2,
        "oppSavesAgainstProjLast5": 17.2,
        "oppSavesAgainstProjLast3": 19.3,
        "totalOver": 44,
        "totalOverLast5": 60,
        "totalOverLast15": 53,
        "lastTotalOver": 35,
        "last5": "1,2,5,3,3,2,1,3,4,3",
        "overOdds": "+110",
        "underOdds": "-140",
        "overUnder": "+110 / -140"
    },
    {
        "player": "Brent Burns",
        "team": "CAR",
        "opponent": "DET",
        "propType": "sog",
        "line": 2.5,
        "ppLine": "PP1",
        "avg": 3.09,
        "hit": false,
        "diffAvg": 0.24,
        "diffAbs": 0.12,
        "lastAvg": 2.48,
        "diff": -0.01,
        "avgMin": 23,
        "proj": 2.2,
        "lastAvgMin": 26.13,
        "oppOver": 0,
        "teamOver": 0,
        "gameLine": "-255",
        "+/-": "+14",
        "L5_+/-": -2.0,
        "prevMatchup": "2023-03-30 3.0 sog 2022-12-13 1.0 sog",
        "winLossSplits": "52% - 67%",
        "awayHome": "H",
        "playedYesterday": "Y",
        "awayHomeSplits": "55% - 60%",
        "savesAboveExp": 0.245,
        "gsaa": -7.21,
        "corsi": "59.9% (67.4) // 58.9% (67.2) // 61.6% (69.2) // 60.0% (66.0)",
        "fenwick": "59.1% (50.7) // 57.4% (50.3) // 59.0% (50.9) // 54.5% (46.3)",
        "shots": "57.3% (34.3) // 55.9% (34.2) // 59.4% (35.9) // 53.0% (32.0)",
        "scoring": "59.0% (33.5) // 58.5% (33.3) // 63.1% (34.6) // 59.4% (34.7)",
        "corsiAgainst": "40.1% (45.1) // 41.1% (46.9) // 38.4% (43.1) // 40.0% (44.0)",
        "fenwickAgainst": "40.9% (35.1) // 42.6% (37.3) // 41.0% (35.4) // 45.5% (38.7)",
        "shotsAgainst": "42.7% (25.6) // 44.1% (27.0) // 40.6% (24.5) // 47.0% (28.3)",
        "scoringAgainst": "41.0% (23.3) // 41.5% (23.6) // 36.9% (20.3) // 40.6% (23.7)",
        "oppCorsi": "47.2% (51.9) // 46.8% (49.1) // 47.3% (46.2) // 48.1% (45.7)",
        "oppFenwick": "47.7% (38.7) // 45.5% (35.1) // 45.2% (33.2) // 46.1% (32.8)",
        "oppShots": "48.1% (27.9) // 45.0% (24.4) // 43.0% (23.0) // 45.6% (23.4)",
        "oppScoring": "45.9% (25.3) // 45.4% (22.5) // 48.8% (23.0) // 48.5% (20.8)",
        "oppCorsiAgainst": "52.8% (58.0) // 53.2% (55.7) // 52.7% (51.5) // 51.9% (49.3)",
        "oppFenwickAgainst": "52.3% (42.5) // 54.5% (42.0) // 54.8% (40.3) // 53.9% (38.3)",
        "oppShotsAgainst": "51.9% (30.1) // 55.0% (29.8) // 57.0% (30.5) // 54.4% (27.9)",
        "oppScoringAgainst": "54.1% (29.8) // 54.6% (27.1) // 51.2% (24.2) // 51.5% (22.1)",
        "savesPerGame": 23.4,
        "savesPerGameLast1": 29.0,
        "savesPerGameLast3": 25.0,
        "savesPerGameLast5": 24.4,
        "savesPer60": 23.5,
        "savesPer60Last1": 27.7,
        "savesPer60Last3": 24.2,
        "savesPer60Last5": 24.3,
        "shotsPerGame": 34.9,
        "shotsPerGameLast5": 33.6,
        "shotsAgainstPerGame": 26.0,
        "shotsAgainstPerGameLast5": 27.0,
        "oppSavesAgainstPer60": 25.4,
        "oppSavesAgainstPer60Last1": 19.9,
        "oppSavesAgainstPer60Last3": 22.3,
        "oppSavesAgainstPer60Last5": 20.4,
        "oppShotsAgainstPerGame": 30.4,
        "oppShotsAgainstPerGameLast5": 31.0,
        "savesProj": 21.9,
        "savesProjLast5": 17.7,
        "savesProjLast3": 19.0,
        "oppSavesAgainstProj": 21.2,
        "oppSavesAgainstProjLast5": 17.2,
        "oppSavesAgainstProjLast3": 19.3,
        "totalOver": 57,
        "totalOverLast5": 80,
        "totalOverLast15": 53,
        "lastTotalOver": 43,
        "last5": "5,3,7,1,3,8,3,2,2,3",
        "overOdds": "-165",
        "underOdds": "+135",
        "overUnder": "-165 / +135"
    },
    {
        "player": "David Perron",
        "team": "DET",
        "opponent": "CAR",
        "propType": "sog",
        "line": 2.5,
        "ppLine": "PP1",
        "avg": 2.41,
        "hit": false,
        "diffAvg": -0.04,
        "diffAbs": 0.16,
        "lastAvg": 2.24,
        "diff": -0.1,
        "avgMin": 16,
        "proj": 2.1,
        "lastAvgMin": 16.98,
        "oppOver": 0,
        "teamOver": 0,
        "gameLine": "+215",
        "+/-": -5,
        "L5_+/-": "+2.0",
        "prevMatchup": "2023-03-30 2.0 sog 2022-12-13 2.0 sog",
        "winLossSplits": "43% - 33%",
        "awayHome": "A",
        "playedYesterday": "Y",
        "awayHomeSplits": "36% - 39%",
        "savesAboveExp": -0.166,
        "gsaa": 2.64,
        "corsi": "47.2% (51.9) // 46.8% (49.1) // 47.3% (46.2) // 48.1% (45.7)",
        "fenwick": "47.7% (38.7) // 45.5% (35.1) // 45.2% (33.2) // 46.1% (32.8)",
        "shots": "48.1% (27.9) // 45.0% (24.4) // 43.0% (23.0) // 45.6% (23.4)",
        "scoring": "45.9% (25.3) // 45.4% (22.5) // 48.8% (23.0) // 48.5% (20.8)",
        "corsiAgainst": "52.8% (58.0) // 53.2% (55.7) // 52.7% (51.5) // 51.9% (49.3)",
        "fenwickAgainst": "52.3% (42.5) // 54.5% (42.0) // 54.8% (40.3) // 53.9% (38.3)",
        "shotsAgainst": "51.9% (30.1) // 55.0% (29.8) // 57.0% (30.5) // 54.4% (27.9)",
        "scoringAgainst": "54.1% (29.8) // 54.6% (27.1) // 51.2% (24.2) // 51.5% (22.1)",
        "oppCorsi": "59.9% (67.4) // 58.9% (67.2) // 61.6% (69.2) // 60.0% (66.0)",
        "oppFenwick": "59.1% (50.7) // 57.4% (50.3) // 59.0% (50.9) // 54.5% (46.3)",
        "oppShots": "57.3% (34.3) // 55.9% (34.2) // 59.4% (35.9) // 53.0% (32.0)",
        "oppScoring": "59.0% (33.5) // 58.5% (33.3) // 63.1% (34.6) // 59.4% (34.7)",
        "oppCorsiAgainst": "40.1% (45.1) // 41.1% (46.9) // 38.4% (43.1) // 40.0% (44.0)",
        "oppFenwickAgainst": "40.9% (35.1) // 42.6% (37.3) // 41.0% (35.4) // 45.5% (38.7)",
        "oppShotsAgainst": "42.7% (25.6) // 44.1% (27.0) // 40.6% (24.5) // 47.0% (28.3)",
        "oppScoringAgainst": "41.0% (23.3) // 41.5% (23.6) // 36.9% (20.3) // 40.6% (23.7)",
        "savesPerGame": 27.1,
        "savesPerGameLast1": 16.0,
        "savesPerGameLast3": 23.0,
        "savesPerGameLast5": 27.2,
        "savesPer60": 27.2,
        "savesPer60Last1": 16.0,
        "savesPer60Last3": 23.5,
        "savesPer60Last5": 27.5,
        "shotsPerGame": 28.2,
        "shotsPerGameLast5": 23.4,
        "shotsAgainstPerGame": 30.4,
        "shotsAgainstPerGameLast5": 31.0,
        "oppSavesAgainstPer60": 31.9,
        "oppSavesAgainstPer60Last1": 27.0,
        "oppSavesAgainstPer60Last3": 30.5,
        "oppSavesAgainstPer60Last5": 32.2,
        "oppShotsAgainstPerGame": 26.0,
        "oppShotsAgainstPerGameLast5": 27.0,
        "savesProj": 36.7,
        "savesProjLast5": 37.0,
        "savesProjLast3": 30.3,
        "oppSavesAgainstProj": 30.6,
        "oppSavesAgainstProjLast5": 31.1,
        "oppSavesAgainstProjLast3": 23.9,
        "totalOver": 38,
        "totalOverLast5": 60,
        "totalOverLast15": 33,
        "lastTotalOver": 49,
        "last5": "6,1,3,5,1,3,2,4,1,0",
        "overOdds": "+115",
        "underOdds": "-145",
        "overUnder": "+115 / -145"
    },
    {
        "player": "Dylan Larkin",
        "team": "DET",
        "opponent": "CAR",
        "propType": "sog",
        "line": 2.5,
        "ppLine": "PP1",
        "avg": 3.05,
        "hit": false,
        "diffAvg": 0.22,
        "diffAbs": 0.12,
        "lastAvg": 2.94,
        "diff": 0.18,
        "avgMin": 19,
        "proj": 2.8,
        "lastAvgMin": 19.65,
        "oppOver": 0,
        "teamOver": 0,
        "gameLine": "+215",
        "+/-": -3,
        "L5_+/-": "+2.0",
        "prevMatchup": "2023-03-30 6.0 sog 2022-12-13 2.0 sog",
        "winLossSplits": "71% - 50%",
        "awayHome": "A",
        "playedYesterday": "Y",
        "awayHomeSplits": "61% - 59%",
        "savesAboveExp": -0.166,
        "gsaa": 2.64,
        "corsi": "47.2% (51.9) // 46.8% (49.1) // 47.3% (46.2) // 48.1% (45.7)",
        "fenwick": "47.7% (38.7) // 45.5% (35.1) // 45.2% (33.2) // 46.1% (32.8)",
        "shots": "48.1% (27.9) // 45.0% (24.4) // 43.0% (23.0) // 45.6% (23.4)",
        "scoring": "45.9% (25.3) // 45.4% (22.5) // 48.8% (23.0) // 48.5% (20.8)",
        "corsiAgainst": "52.8% (58.0) // 53.2% (55.7) // 52.7% (51.5) // 51.9% (49.3)",
        "fenwickAgainst": "52.3% (42.5) // 54.5% (42.0) // 54.8% (40.3) // 53.9% (38.3)",
        "shotsAgainst": "51.9% (30.1) // 55.0% (29.8) // 57.0% (30.5) // 54.4% (27.9)",
        "scoringAgainst": "54.1% (29.8) // 54.6% (27.1) // 51.2% (24.2) // 51.5% (22.1)",
        "oppCorsi": "59.9% (67.4) // 58.9% (67.2) // 61.6% (69.2) // 60.0% (66.0)",
        "oppFenwick": "59.1% (50.7) // 57.4% (50.3) // 59.0% (50.9) // 54.5% (46.3)",
        "oppShots": "57.3% (34.3) // 55.9% (34.2) // 59.4% (35.9) // 53.0% (32.0)",
        "oppScoring": "59.0% (33.5) // 58.5% (33.3) // 63.1% (34.6) // 59.4% (34.7)",
        "oppCorsiAgainst": "40.1% (45.1) // 41.1% (46.9) // 38.4% (43.1) // 40.0% (44.0)",
        "oppFenwickAgainst": "40.9% (35.1) // 42.6% (37.3) // 41.0% (35.4) // 45.5% (38.7)",
        "oppShotsAgainst": "42.7% (25.6) // 44.1% (27.0) // 40.6% (24.5) // 47.0% (28.3)",
        "oppScoringAgainst": "41.0% (23.3) // 41.5% (23.6) // 36.9% (20.3) // 40.6% (23.7)",
        "savesPerGame": 27.1,
        "savesPerGameLast1": 16.0,
        "savesPerGameLast3": 23.0,
        "savesPerGameLast5": 27.2,
        "savesPer60": 27.2,
        "savesPer60Last1": 16.0,
        "savesPer60Last3": 23.5,
        "savesPer60Last5": 27.5,
        "shotsPerGame": 28.2,
        "shotsPerGameLast5": 23.4,
        "shotsAgainstPerGame": 30.4,
        "shotsAgainstPerGameLast5": 31.0,
        "oppSavesAgainstPer60": 31.9,
        "oppSavesAgainstPer60Last1": 27.0,
        "oppSavesAgainstPer60Last3": 30.5,
        "oppSavesAgainstPer60Last5": 32.2,
        "oppShotsAgainstPerGame": 26.0,
        "oppShotsAgainstPerGameLast5": 27.0,
        "savesProj": 36.7,
        "savesProjLast5": 37.0,
        "savesProjLast3": 30.3,
        "oppSavesAgainstProj": 30.6,
        "oppSavesAgainstProjLast5": 31.1,
        "oppSavesAgainstProjLast3": 23.9,
        "totalOver": 59,
        "totalOverLast5": 60,
        "totalOverLast15": 47,
        "lastTotalOver": 55,
        "last5": "0,5,3,0,5,1,6,4,2,2",
        "overOdds": "-105",
        "underOdds": "-125",
        "overUnder": "-105 / -125"
    },
    {
        "player": "Jake Walman",
        "team": "DET",
        "opponent": "CAR",
        "propType": "sog",
        "line": 1.5,
        "ppLine": "PP2",
        "avg": 2.23,
        "hit": false,
        "diffAvg": 0.49,
        "diffAbs": 0.53,
        "lastAvg": 1.71,
        "diff": 0.14,
        "avgMin": 19,
        "proj": 2.3,
        "lastAvgMin": 14.02,
        "oppOver": 0,
        "teamOver": 0,
        "gameLine": "+215",
        "+/-": "+11",
        "L5_+/-": -2.0,
        "prevMatchup": "2023-03-30 2.0 sog 2022-12-13 3.0 sog",
        "winLossSplits": "64% - 69%",
        "awayHome": "A",
        "playedYesterday": "Y",
        "awayHomeSplits": "57% - 77%",
        "savesAboveExp": -0.166,
        "gsaa": 2.64,
        "corsi": "47.2% (51.9) // 46.8% (49.1) // 47.3% (46.2) // 48.1% (45.7)",
        "fenwick": "47.7% (38.7) // 45.5% (35.1) // 45.2% (33.2) // 46.1% (32.8)",
        "shots": "48.1% (27.9) // 45.0% (24.4) // 43.0% (23.0) // 45.6% (23.4)",
        "scoring": "45.9% (25.3) // 45.4% (22.5) // 48.8% (23.0) // 48.5% (20.8)",
        "corsiAgainst": "52.8% (58.0) // 53.2% (55.7) // 52.7% (51.5) // 51.9% (49.3)",
        "fenwickAgainst": "52.3% (42.5) // 54.5% (42.0) // 54.8% (40.3) // 53.9% (38.3)",
        "shotsAgainst": "51.9% (30.1) // 55.0% (29.8) // 57.0% (30.5) // 54.4% (27.9)",
        "scoringAgainst": "54.1% (29.8) // 54.6% (27.1) // 51.2% (24.2) // 51.5% (22.1)",
        "oppCorsi": "59.9% (67.4) // 58.9% (67.2) // 61.6% (69.2) // 60.0% (66.0)",
        "oppFenwick": "59.1% (50.7) // 57.4% (50.3) // 59.0% (50.9) // 54.5% (46.3)",
        "oppShots": "57.3% (34.3) // 55.9% (34.2) // 59.4% (35.9) // 53.0% (32.0)",
        "oppScoring": "59.0% (33.5) // 58.5% (33.3) // 63.1% (34.6) // 59.4% (34.7)",
        "oppCorsiAgainst": "40.1% (45.1) // 41.1% (46.9) // 38.4% (43.1) // 40.0% (44.0)",
        "oppFenwickAgainst": "40.9% (35.1) // 42.6% (37.3) // 41.0% (35.4) // 45.5% (38.7)",
        "oppShotsAgainst": "42.7% (25.6) // 44.1% (27.0) // 40.6% (24.5) // 47.0% (28.3)",
        "oppScoringAgainst": "41.0% (23.3) // 41.5% (23.6) // 36.9% (20.3) // 40.6% (23.7)",
        "savesPerGame": 27.1,
        "savesPerGameLast1": 16.0,
        "savesPerGameLast3": 23.0,
        "savesPerGameLast5": 27.2,
        "savesPer60": 27.2,
        "savesPer60Last1": 16.0,
        "savesPer60Last3": 23.5,
        "savesPer60Last5": 27.5,
        "shotsPerGame": 28.2,
        "shotsPerGameLast5": 23.4,
        "shotsAgainstPerGame": 30.4,
        "shotsAgainstPerGameLast5": 31.0,
        "oppSavesAgainstPer60": 31.9,
        "oppSavesAgainstPer60Last1": 27.0,
        "oppSavesAgainstPer60Last3": 30.5,
        "oppSavesAgainstPer60Last5": 32.2,
        "oppShotsAgainstPerGame": 26.0,
        "oppShotsAgainstPerGameLast5": 27.0,
        "savesProj": 36.7,
        "savesProjLast5": 37.0,
        "savesProjLast3": 30.3,
        "oppSavesAgainstProj": 30.6,
        "oppSavesAgainstProjLast5": 31.1,
        "oppSavesAgainstProjLast3": 23.9,
        "totalOver": 67,
        "totalOverLast5": 80,
        "totalOverLast15": 60,
        "lastTotalOver": 70,
        "last5": "2,2,2,4,0,1,2,1,0,4",
        "overOdds": "-165",
        "underOdds": "+135",
        "overUnder": "-165 / +135"
    },
    {
        "player": "Lucas Raymond",
        "team": "DET",
        "opponent": "CAR",
        "propType": "sog",
        "line": 1.5,
        "ppLine": "PP1",
        "avg": 1.82,
        "hit": false,
        "diffAvg": 0.21,
        "diffAbs": 0.4,
        "lastAvg": 2.24,
        "diff": 0.49,
        "avgMin": 17,
        "proj": 2.1,
        "lastAvgMin": 18.15,
        "oppOver": 0,
        "teamOver": 0,
        "gameLine": "+215",
        "+/-": -16,
        "L5_+/-": 0.0,
        "prevMatchup": "2023-03-30 1.0 sog 2022-12-13 4.0 sog",
        "winLossSplits": "52% - 58%",
        "awayHome": "A",
        "playedYesterday": "Y",
        "awayHomeSplits": "47% - 63%",
        "savesAboveExp": -0.166,
        "gsaa": 2.64,
        "corsi": "47.2% (51.9) // 46.8% (49.1) // 47.3% (46.2) // 48.1% (45.7)",
        "fenwick": "47.7% (38.7) // 45.5% (35.1) // 45.2% (33.2) // 46.1% (32.8)",
        "shots": "48.1% (27.9) // 45.0% (24.4) // 43.0% (23.0) // 45.6% (23.4)",
        "scoring": "45.9% (25.3) // 45.4% (22.5) // 48.8% (23.0) // 48.5% (20.8)",
        "corsiAgainst": "52.8% (58.0) // 53.2% (55.7) // 52.7% (51.5) // 51.9% (49.3)",
        "fenwickAgainst": "52.3% (42.5) // 54.5% (42.0) // 54.8% (40.3) // 53.9% (38.3)",
        "shotsAgainst": "51.9% (30.1) // 55.0% (29.8) // 57.0% (30.5) // 54.4% (27.9)",
        "scoringAgainst": "54.1% (29.8) // 54.6% (27.1) // 51.2% (24.2) // 51.5% (22.1)",
        "oppCorsi": "59.9% (67.4) // 58.9% (67.2) // 61.6% (69.2) // 60.0% (66.0)",
        "oppFenwick": "59.1% (50.7) // 57.4% (50.3) // 59.0% (50.9) // 54.5% (46.3)",
        "oppShots": "57.3% (34.3) // 55.9% (34.2) // 59.4% (35.9) // 53.0% (32.0)",
        "oppScoring": "59.0% (33.5) // 58.5% (33.3) // 63.1% (34.6) // 59.4% (34.7)",
        "oppCorsiAgainst": "40.1% (45.1) // 41.1% (46.9) // 38.4% (43.1) // 40.0% (44.0)",
        "oppFenwickAgainst": "40.9% (35.1) // 42.6% (37.3) // 41.0% (35.4) // 45.5% (38.7)",
        "oppShotsAgainst": "42.7% (25.6) // 44.1% (27.0) // 40.6% (24.5) // 47.0% (28.3)",
        "oppScoringAgainst": "41.0% (23.3) // 41.5% (23.6) // 36.9% (20.3) // 40.6% (23.7)",
        "savesPerGame": 27.1,
        "savesPerGameLast1": 16.0,
        "savesPerGameLast3": 23.0,
        "savesPerGameLast5": 27.2,
        "savesPer60": 27.2,
        "savesPer60Last1": 16.0,
        "savesPer60Last3": 23.5,
        "savesPer60Last5": 27.5,
        "shotsPerGame": 28.2,
        "shotsPerGameLast5": 23.4,
        "shotsAgainstPerGame": 30.4,
        "shotsAgainstPerGameLast5": 31.0,
        "oppSavesAgainstPer60": 31.9,
        "oppSavesAgainstPer60Last1": 27.0,
        "oppSavesAgainstPer60Last3": 30.5,
        "oppSavesAgainstPer60Last5": 32.2,
        "oppShotsAgainstPerGame": 26.0,
        "oppShotsAgainstPerGameLast5": 27.0,
        "savesProj": 36.7,
        "savesProjLast5": 37.0,
        "savesProjLast3": 30.3,
        "oppSavesAgainstProj": 30.6,
        "oppSavesAgainstProjLast5": 31.1,
        "oppSavesAgainstProjLast3": 23.9,
        "totalOver": 56,
        "totalOverLast5": 40,
        "totalOverLast15": 53,
        "lastTotalOver": 61,
        "last5": "2,0,1,1,2,0,1,3,5,3",
        "overOdds": "-120",
        "underOdds": "-110",
        "overUnder": "-120 / -110"
    },
    {
        "player": "Martin Necas",
        "team": "CAR",
        "opponent": "DET",
        "propType": "sog",
        "line": 2.5,
        "ppLine": "PP1",
        "avg": 2.95,
        "hit": false,
        "diffAvg": 0.18,
        "diffAbs": 0.24,
        "lastAvg": 1.73,
        "diff": -0.31,
        "avgMin": 18,
        "proj": 1.9,
        "lastAvgMin": 16.18,
        "oppOver": 0,
        "teamOver": 0,
        "gameLine": "-255",
        "+/-": "+5",
        "L5_+/-": -2.0,
        "prevMatchup": "2023-03-30 4.0 sog 2022-12-13 1.0 sog",
        "winLossSplits": "62% - 43%",
        "awayHome": "H",
        "playedYesterday": "Y",
        "awayHomeSplits": "65% - 45%",
        "savesAboveExp": 0.245,
        "gsaa": -7.21,
        "corsi": "59.9% (67.4) // 58.9% (67.2) // 61.6% (69.2) // 60.0% (66.0)",
