[
    {
        "player": "Adam Fox",
        "team": "NYR",
        "opponent": "TB",
        "propType": "bs",
        "line": 1.5,
        "ppLine": "PP1",
        "avg": 1.55,
        "hit": false,
        "diffAvg": 0.03,
        "diffAbs": 1.0,
        "lastAvg": 0.0,
        "diff": 0,
        "avgMin": 24,
        "proj": 0.0,
        "lastAvgMin": 23.9,
        "oppOver": 0,
        "teamOver": 0,
        "gameLine": "-120",
        "+/-": "+28",
        "L5_+/-": "+8.0",
        "prevMatchup": "2022-12-29 2.0 bs 2022-10-11 2.0 bs",
        "winLossSplits": "44% - 56%",
        "awayHome": "H",
        "playedYesterday": "N",
        "awayHomeSplits": "51% - 47%",
        "savesAboveExp": 0.522,
        "gsaa": 24.74,
        "corsi": "51.4% (58.2) // 46.4% (52.2) // 48.9% (56.6) // 47.6% (56.1)",
        "fenwick": "52.1% (44.0) // 48.4% (41.4) // 50.4% (45.9) // 49.5% (45.5)",
        "shots": "51.8% (31.3) // 49.8% (30.9) // 51.0% (31.8) // 49.7% (30.4)",
        "scoring": "51.3% (30.8) // 47.7% (28.7) // 46.2% (29.0) // 44.6% (28.4)",
        "corsiAgainst": "48.6% (55.0) // 53.6% (60.3) // 51.1% (59.0) // 52.4% (61.7)",
        "fenwickAgainst": "47.9% (40.4) // 51.6% (44.1) // 49.6% (45.2) // 50.5% (46.5)",
        "shotsAgainst": "48.2% (29.1) // 50.2% (31.2) // 49.0% (30.5) // 50.3% (30.7)",
        "scoringAgainst": "48.7% (29.3) // 52.3% (31.5) // 53.8% (33.7) // 55.4% (35.3)",
        "oppCorsi": "51.5% (59.4) // 51.1% (57.7) // 50.0% (54.3) // 51.1% (57.5)",
        "oppFenwick": "51.5% (44.7) // 49.2% (41.3) // 47.4% (39.7) // 50.9% (44.5)",
        "oppShots": "50.5% (31.6) // 49.0% (29.3) // 46.5% (29.0) // 48.9% (33.0)",
        "oppScoring": "53.2% (33.9) // 49.9% (29.5) // 54.6% (31.3) // 59.7% (37.0)",
        "oppCorsiAgainst": "48.5% (56.0) // 48.9% (55.2) // 50.0% (54.3) // 48.9% (55.0)",
        "oppFenwickAgainst": "48.5% (42.1) // 50.8% (42.5) // 52.6% (44.0) // 49.1% (43.0)",
        "oppShotsAgainst": "49.5% (31.0) // 51.0% (30.4) // 53.5% (33.3) // 51.1% (34.5)",
        "oppScoringAgainst": "46.8% (29.8) // 50.1% (29.6) // 45.4% (26.0) // 40.3% (25.0)",
        "savesPerGame": 26.8,
        "savesPerGameLast1": 26.0,
        "savesPerGameLast3": 28.7,
        "savesPerGameLast5": 29.0,
        "savesPer60": 27.0,
        "savesPer60Last1": 26.0,
        "savesPer60Last3": 28.7,
        "savesPer60Last5": 29.0,
        "shotsPerGame": 31.7,
        "shotsPerGameLast5": 34.0,
        "shotsAgainstPerGame": 29.5,
        "shotsAgainstPerGameLast5": 31.4,
        "oppSavesAgainstPer60": 28.5,
        "oppSavesAgainstPer60Last1": 26.9,
        "oppSavesAgainstPer60Last3": 24.7,
        "oppSavesAgainstPer60Last5": 25.3,
        "oppShotsAgainstPerGame": 31.3,
        "oppShotsAgainstPerGameLast5": 33.8,
        "savesProj": 27.1,
        "savesProjLast5": 25.8,
        "savesProjLast3": 24.7,
        "oppSavesAgainstProj": 26.9,
        "oppSavesAgainstProjLast5": 24.8,
        "oppSavesAgainstProjLast3": 24.1,
        "totalOver": 49,
        "totalOverLast5": 40,
        "totalOverLast15": 67,
        "lastTotalOver": 0,
        "last5": "1,3,2,1,1,3,1,2,3,3",
        "overOdds": "-130",
        "underOdds": "+100",
        "overUnder": "-130 / +100"
    },
    {
        "player": "Jacob Trouba",
        "team": "NYR",
        "opponent": "TB",
        "propType": "bs",
        "line": 2.5,
        "ppLine": "PP2",
        "avg": 2.44,
        "hit": false,
        "diffAvg": -0.02,
        "diffAbs": 1.0,
        "lastAvg": 0.0,
        "diff": 0,
        "avgMin": 21,
        "proj": 0.0,
        "lastAvgMin": 22.42,
        "oppOver": 0,
        "teamOver": 0,
        "gameLine": "-120",
        "+/-": "+7",
        "L5_+/-": "+12.0",
        "prevMatchup": "2022-12-29 3.0 bs 2022-10-11 2.0 bs",
        "winLossSplits": "53% - 31%",
        "awayHome": "H",
        "playedYesterday": "N",
        "awayHomeSplits": "51% - 37%",
        "savesAboveExp": 0.522,
        "gsaa": 24.74,
        "corsi": "51.4% (58.2) // 46.4% (52.2) // 48.9% (56.6) // 47.6% (56.1)",
        "fenwick": "52.1% (44.0) // 48.4% (41.4) // 50.4% (45.9) // 49.5% (45.5)",
        "shots": "51.8% (31.3) // 49.8% (30.9) // 51.0% (31.8) // 49.7% (30.4)",
        "scoring": "51.3% (30.8) // 47.7% (28.7) // 46.2% (29.0) // 44.6% (28.4)",
        "corsiAgainst": "48.6% (55.0) // 53.6% (60.3) // 51.1% (59.0) // 52.4% (61.7)",
        "fenwickAgainst": "47.9% (40.4) // 51.6% (44.1) // 49.6% (45.2) // 50.5% (46.5)",
        "shotsAgainst": "48.2% (29.1) // 50.2% (31.2) // 49.0% (30.5) // 50.3% (30.7)",
        "scoringAgainst": "48.7% (29.3) // 52.3% (31.5) // 53.8% (33.7) // 55.4% (35.3)",
        "oppCorsi": "51.5% (59.4) // 51.1% (57.7) // 50.0% (54.3) // 51.1% (57.5)",
        "oppFenwick": "51.5% (44.7) // 49.2% (41.3) // 47.4% (39.7) // 50.9% (44.5)",
        "oppShots": "50.5% (31.6) // 49.0% (29.3) // 46.5% (29.0) // 48.9% (33.0)",
        "oppScoring": "53.2% (33.9) // 49.9% (29.5) // 54.6% (31.3) // 59.7% (37.0)",
        "oppCorsiAgainst": "48.5% (56.0) // 48.9% (55.2) // 50.0% (54.3) // 48.9% (55.0)",
        "oppFenwickAgainst": "48.5% (42.1) // 50.8% (42.5) // 52.6% (44.0) // 49.1% (43.0)",
        "oppShotsAgainst": "49.5% (31.0) // 51.0% (30.4) // 53.5% (33.3) // 51.1% (34.5)",
        "oppScoringAgainst": "46.8% (29.8) // 50.1% (29.6) // 45.4% (26.0) // 40.3% (25.0)",
        "savesPerGame": 26.8,
        "savesPerGameLast1": 26.0,
        "savesPerGameLast3": 28.7,
        "savesPerGameLast5": 29.0,
        "savesPer60": 27.0,
        "savesPer60Last1": 26.0,
        "savesPer60Last3": 28.7,
        "savesPer60Last5": 29.0,
        "shotsPerGame": 31.7,
        "shotsPerGameLast5": 34.0,
        "shotsAgainstPerGame": 29.5,
        "shotsAgainstPerGameLast5": 31.4,
        "oppSavesAgainstPer60": 28.5,
        "oppSavesAgainstPer60Last1": 26.9,
        "oppSavesAgainstPer60Last3": 24.7,
        "oppSavesAgainstPer60Last5": 25.3,
        "oppShotsAgainstPerGame": 31.3,
        "oppShotsAgainstPerGameLast5": 33.8,
        "savesProj": 27.1,
        "savesProjLast5": 25.8,
        "savesProjLast3": 24.7,
        "oppSavesAgainstProj": 26.9,
        "oppSavesAgainstProjLast5": 24.8,
        "oppSavesAgainstProjLast3": 24.1,
        "totalOver": 44,
        "totalOverLast5": 0,
        "totalOverLast15": 20,
        "lastTotalOver": 0,
        "last5": "2,2,2,0,2,2,2,2,1,6",
        "overOdds": "+120",
        "underOdds": "-150",
        "overUnder": "+120 / -150"
    },
    {
        "player": "Mikhail Sergachev",
        "team": "TB",
        "opponent": "NYR",
        "propType": "bs",
        "line": 1.5,
        "ppLine": "PP1",
        "avg": 1.92,
        "hit": false,
        "diffAvg": 0.28,
        "diffAbs": 1.0,
        "lastAvg": 0.0,
        "diff": 0,
        "avgMin": 23,
        "proj": 0.0,
        "lastAvgMin": 22.47,
        "oppOver": 0,
        "teamOver": 0,
        "gameLine": "+100",
        "+/-": "+13",
        "L5_+/-": "+3.0",
        "prevMatchup": "2022-12-29 3.0 bs 2022-10-11 7.0 bs",
        "winLossSplits": "49% - 69%",
        "awayHome": "A",
        "playedYesterday": "N",
        "awayHomeSplits": "65% - 50%",
        "savesAboveExp": 0.388,
        "gsaa": 17.02,
        "corsi": "51.5% (59.4) // 51.1% (57.7) // 50.0% (54.3) // 51.1% (57.5)",
        "fenwick": "51.5% (44.7) // 49.2% (41.3) // 47.4% (39.7) // 50.9% (44.5)",
        "shots": "50.5% (31.6) // 49.0% (29.3) // 46.5% (29.0) // 48.9% (33.0)",
        "scoring": "53.2% (33.9) // 49.9% (29.5) // 54.6% (31.3) // 59.7% (37.0)",
        "corsiAgainst": "48.5% (56.0) // 48.9% (55.2) // 50.0% (54.3) // 48.9% (55.0)",
        "fenwickAgainst": "48.5% (42.1) // 50.8% (42.5) // 52.6% (44.0) // 49.1% (43.0)",
        "shotsAgainst": "49.5% (31.0) // 51.0% (30.4) // 53.5% (33.3) // 51.1% (34.5)",
        "scoringAgainst": "46.8% (29.8) // 50.1% (29.6) // 45.4% (26.0) // 40.3% (25.0)",
        "oppCorsi": "51.4% (58.2) // 46.4% (52.2) // 48.9% (56.6) // 47.6% (56.1)",
        "oppFenwick": "52.1% (44.0) // 48.4% (41.4) // 50.4% (45.9) // 49.5% (45.5)",
        "oppShots": "51.8% (31.3) // 49.8% (30.9) // 51.0% (31.8) // 49.7% (30.4)",
        "oppScoring": "51.3% (30.8) // 47.7% (28.7) // 46.2% (29.0) // 44.6% (28.4)",
        "oppCorsiAgainst": "48.6% (55.0) // 53.6% (60.3) // 51.1% (59.0) // 52.4% (61.7)",
        "oppFenwickAgainst": "47.9% (40.4) // 51.6% (44.1) // 49.6% (45.2) // 50.5% (46.5)",
        "oppShotsAgainst": "48.2% (29.1) // 50.2% (31.2) // 49.0% (30.5) // 50.3% (30.7)",
        "oppScoringAgainst": "48.7% (29.3) // 52.3% (31.5) // 53.8% (33.7) // 55.4% (35.3)",
        "savesPerGame": 28.3,
        "savesPerGameLast1": 38.0,
        "savesPerGameLast3": 33.0,
        "savesPerGameLast5": 31.8,
        "savesPer60": 28.3,
        "savesPer60Last1": 38.0,
        "savesPer60Last3": 32.9,
        "savesPer60Last5": 31.6,
        "shotsPerGame": 31.9,
        "shotsPerGameLast5": 28.6,
        "shotsAgainstPerGame": 31.3,
        "shotsAgainstPerGameLast5": 33.8,
        "oppSavesAgainstPer60": 28.5,
        "oppSavesAgainstPer60Last1": 29.0,
        "oppSavesAgainstPer60Last3": 27.9,
        "oppSavesAgainstPer60Last5": 30.2,
        "oppShotsAgainstPerGame": 29.5,
        "oppShotsAgainstPerGameLast5": 31.4,
        "savesProj": 29.7,
        "savesProjLast5": 35.6,
        "savesProjLast3": 34.1,
        "oppSavesAgainstProj": 28.5,
        "oppSavesAgainstProjLast5": 32.8,
        "oppSavesAgainstProjLast3": 31.6,
        "totalOver": 57,
        "totalOverLast5": 40,
        "totalOverLast15": 33,
        "lastTotalOver": 0,
        "last5": "1,2,1,3,0,1,2,0,1,2",
        "overOdds": "+100",
        "underOdds": "-130",
        "overUnder": "+100 / -130"
    },
    {
        "player": "Victor Hedman",
        "team": "TB",
        "opponent": "NYR",
        "propType": "bs",
        "line": 1.5,
        "ppLine": "PP2",
        "avg": 1.79,
        "hit": false,
        "diffAvg": 0.19,
        "diffAbs": 1.0,
        "lastAvg": 0.0,
        "diff": 0,
        "avgMin": 23,
        "proj": 0.0,
        "lastAvgMin": 25.07,
        "oppOver": 0,
        "teamOver": 0,
        "gameLine": "+100",
        "+/-": "+15",
        "L5_+/-": "+3.0",
        "prevMatchup": "2022-12-29 2.0 bs 2022-10-11 0.0 bs",
        "winLossSplits": "53% - 59%",
        "awayHome": "A",
        "playedYesterday": "N",
        "awayHomeSplits": "57% - 54%",
        "savesAboveExp": 0.388,
        "gsaa": 17.02,
        "corsi": "51.5% (59.4) // 51.1% (57.7) // 50.0% (54.3) // 51.1% (57.5)",
        "fenwick": "51.5% (44.7) // 49.2% (41.3) // 47.4% (39.7) // 50.9% (44.5)",
        "shots": "50.5% (31.6) // 49.0% (29.3) // 46.5% (29.0) // 48.9% (33.0)",
        "scoring": "53.2% (33.9) // 49.9% (29.5) // 54.6% (31.3) // 59.7% (37.0)",
        "corsiAgainst": "48.5% (56.0) // 48.9% (55.2) // 50.0% (54.3) // 48.9% (55.0)",
        "fenwickAgainst": "48.5% (42.1) // 50.8% (42.5) // 52.6% (44.0) // 49.1% (43.0)",
        "shotsAgainst": "49.5% (31.0) // 51.0% (30.4) // 53.5% (33.3) // 51.1% (34.5)",
        "scoringAgainst": "46.8% (29.8) // 50.1% (29.6) // 45.4% (26.0) // 40.3% (25.0)",
        "oppCorsi": "51.4% (58.2) // 46.4% (52.2) // 48.9% (56.6) // 47.6% (56.1)",
        "oppFenwick": "52.1% (44.0) // 48.4% (41.4) // 50.4% (45.9) // 49.5% (45.5)",
        "oppShots": "51.8% (31.3) // 49.8% (30.9) // 51.0% (31.8) // 49.7% (30.4)",
        "oppScoring": "51.3% (30.8) // 47.7% (28.7) // 46.2% (29.0) // 44.6% (28.4)",
        "oppCorsiAgainst": "48.6% (55.0) // 53.6% (60.3) // 51.1% (59.0) // 52.4% (61.7)",
        "oppFenwickAgainst": "47.9% (40.4) // 51.6% (44.1) // 49.6% (45.2) // 50.5% (46.5)",
        "oppShotsAgainst": "48.2% (29.1) // 50.2% (31.2) // 49.0% (30.5) // 50.3% (30.7)",
        "oppScoringAgainst": "48.7% (29.3) // 52.3% (31.5) // 53.8% (33.7) // 55.4% (35.3)",
        "savesPerGame": 28.3,
        "savesPerGameLast1": 38.0,
        "savesPerGameLast3": 33.0,
        "savesPerGameLast5": 31.8,
        "savesPer60": 28.3,
        "savesPer60Last1": 38.0,
        "savesPer60Last3": 32.9,
        "savesPer60Last5": 31.6,
        "shotsPerGame": 31.9,
        "shotsPerGameLast5": 28.6,
        "shotsAgainstPerGame": 31.3,
        "shotsAgainstPerGameLast5": 33.8,
        "oppSavesAgainstPer60": 28.5,
        "oppSavesAgainstPer60Last1": 29.0,
        "oppSavesAgainstPer60Last3": 27.9,
        "oppSavesAgainstPer60Last5": 30.2,
        "oppShotsAgainstPerGame": 29.5,
        "oppShotsAgainstPerGameLast5": 31.4,
        "savesProj": 29.7,
        "savesProjLast5": 35.6,
        "savesProjLast3": 34.1,
        "oppSavesAgainstProj": 28.5,
        "oppSavesAgainstProjLast5": 32.8,
        "oppSavesAgainstProjLast3": 31.6,
        "totalOver": 56,
        "totalOverLast5": 60,
        "totalOverLast15": 60,
        "lastTotalOver": 0,
        "last5": "3,2,0,3,0,0,5,1,2,2",
        "overOdds": "-145",
        "underOdds": "+115",
        "overUnder": "-145 / +115"
    },
    {
        "player": "Rasmus Andersson",
        "team": "CGY",
        "opponent": "WPG",
        "propType": "bs",
        "line": 1.5,
        "ppLine": "PP1",
        "avg": 1.69,
        "hit": false,
        "diffAvg": 0.13,
        "diffAbs": 1.0,
        "lastAvg": 0.0,
        "diff": 0,
        "avgMin": 24,
        "proj": 0.0,
        "lastAvgMin": 22.67,
        "oppOver": 0,
        "teamOver": 0,
        "gameLine": "+110",
        "+/-": "+4",
        "L5_+/-": "+3.0",
        "prevMatchup": "2023-01-03 3.0 bs 2022-11-12 1.0 bs",
        "winLossSplits": "60% - 40%",
        "awayHome": "A",
        "playedYesterday": "Y",
        "awayHomeSplits": "56% - 44%",
        "savesAboveExp": 0.641,
        "gsaa": 25.8,
        "corsi": "56.9% (66.2) // 59.3% (69.2) // 64.3% (77.1) // 67.2% (79.8)",
        "fenwick": "56.6% (49.2) // 59.3% (51.0) // 63.3% (56.2) // 66.4% (58.2)",
        "shots": "56.7% (35.1) // 57.1% (34.8) // 60.5% (37.0) // 64.5% (38.6)",
        "scoring": "54.5% (32.7) // 59.1% (37.0) // 64.1% (39.7) // 66.8% (40.9)",
        "corsiAgainst": "43.1% (50.1) // 40.7% (47.4) // 35.7% (42.9) // 32.8% (38.9)",
        "fenwickAgainst": "43.4% (37.8) // 40.7% (35.0) // 36.7% (32.5) // 33.6% (29.4)",
        "shotsAgainst": "43.3% (26.8) // 42.9% (26.1) // 39.5% (24.2) // 35.5% (21.3)",
        "scoringAgainst": "45.5% (27.3) // 40.9% (25.5) // 35.9% (22.2) // 33.2% (20.3)",
        "oppCorsi": "51.3% (58.5) // 55.0% (60.9) // 51.0% (61.3) // 46.7% (53.5)",
        "oppFenwick": "51.2% (43.9) // 55.5% (45.3) // 52.3% (46.3) // 47.3% (39.0)",
        "oppShots": "50.0% (30.2) // 55.1% (30.9) // 52.7% (32.3) // 49.6% (28.0)",
        "oppScoring": "51.8% (30.3) // 55.7% (30.8) // 53.8% (33.0) // 46.5% (27.0)",
        "oppCorsiAgainst": "48.7% (55.5) // 45.0% (49.8) // 49.0% (59.0) // 53.3% (61.0)",
        "oppFenwickAgainst": "48.8% (41.9) // 44.5% (36.3) // 47.7% (42.3) // 52.7% (43.5)",
        "oppShotsAgainst": "50.0% (30.2) // 44.9% (25.2) // 47.3% (29.0) // 50.4% (28.5)",
        "oppScoringAgainst": "48.2% (28.2) // 44.3% (24.5) // 46.2% (28.3) // 53.5% (31.0)",
        "savesPerGame": 24.1,
        "savesPerGameLast1": 19.0,
        "savesPerGameLast3": 17.7,
        "savesPerGameLast5": 22.6,
        "savesPer60": 24.2,
        "savesPer60Last1": 18.1,
        "savesPer60Last3": 17.7,
        "savesPer60Last5": 22.6,
        "shotsPerGame": 35.6,
        "shotsPerGameLast5": 36.0,
        "shotsAgainstPerGame": 27.2,
        "shotsAgainstPerGameLast5": 25.8,
        "oppSavesAgainstPer60": 27.2,
        "oppSavesAgainstPer60Last1": 20.1,
        "oppSavesAgainstPer60Last3": 27.7,
        "oppSavesAgainstPer60Last5": 27.4,
        "oppShotsAgainstPerGame": 30.4,
        "oppShotsAgainstPerGameLast5": 27.2,
        "savesProj": 23.9,
        "savesProjLast5": 22.9,
        "savesProjLast3": 18.2,
        "oppSavesAgainstProj": 23.5,
        "oppSavesAgainstProjLast5": 23.1,
        "oppSavesAgainstProjLast3": 19.2,
        "totalOver": 49,
        "totalOverLast5": 40,
        "totalOverLast15": 53,
        "lastTotalOver": 0,
        "last5": "3,0,0,1,2,1,0,3,2,2",
        "overOdds": "-140",
        "underOdds": "+110",
        "overUnder": "-140 / +110"
    },
    {
        "player": "Neal Pionk",
        "team": "WPG",
        "opponent": "CGY",
        "propType": "bs",
        "line": 1.5,
        "ppLine": "PP2",
        "avg": 1.56,
        "hit": false,
        "diffAvg": 0.04,
        "diffAbs": 1.0,
        "lastAvg": 0.0,
        "diff": 0,
        "avgMin": 21,
        "proj": 0.0,
        "lastAvgMin": 21.13,
        "oppOver": 0,
        "teamOver": 0,
        "gameLine": "-130",
        "+/-": -11,
        "L5_+/-": -1.0,
        "prevMatchup": "2023-01-03 2.0 bs 2022-11-12 0.0 bs",
        "winLossSplits": "51% - 35%",
        "awayHome": "H",
        "playedYesterday": "N",
        "awayHomeSplits": "46% - 42%",
        "savesAboveExp": -0.12,
        "gsaa": -7.12,
        "corsi": "51.3% (58.5) // 55.0% (60.9) // 51.0% (61.3) // 46.7% (53.5)",
        "fenwick": "51.2% (43.9) // 55.5% (45.3) // 52.3% (46.3) // 47.3% (39.0)",
        "shots": "50.0% (30.2) // 55.1% (30.9) // 52.7% (32.3) // 49.6% (28.0)",
        "scoring": "51.8% (30.3) // 55.7% (30.8) // 53.8% (33.0) // 46.5% (27.0)",
        "corsiAgainst": "48.7% (55.5) // 45.0% (49.8) // 49.0% (59.0) // 53.3% (61.0)",
        "fenwickAgainst": "48.8% (41.9) // 44.5% (36.3) // 47.7% (42.3) // 52.7% (43.5)",
        "shotsAgainst": "50.0% (30.2) // 44.9% (25.2) // 47.3% (29.0) // 50.4% (28.5)",
        "scoringAgainst": "48.2% (28.2) // 44.3% (24.5) // 46.2% (28.3) // 53.5% (31.0)",
        "oppCorsi": "56.9% (66.2) // 59.3% (69.2) // 64.3% (77.1) // 67.2% (79.8)",
        "oppFenwick": "56.6% (49.2) // 59.3% (51.0) // 63.3% (56.2) // 66.4% (58.2)",
        "oppShots": "56.7% (35.1) // 57.1% (34.8) // 60.5% (37.0) // 64.5% (38.6)",
        "oppScoring": "54.5% (32.7) // 59.1% (37.0) // 64.1% (39.7) // 66.8% (40.9)",
        "oppCorsiAgainst": "43.1% (50.1) // 40.7% (47.4) // 35.7% (42.9) // 32.8% (38.9)",
        "oppFenwickAgainst": "43.4% (37.8) // 40.7% (35.0) // 36.7% (32.5) // 33.6% (29.4)",
        "oppShotsAgainst": "43.3% (26.8) // 42.9% (26.1) // 39.5% (24.2) // 35.5% (21.3)",
        "oppScoringAgainst": "45.5% (27.3) // 40.9% (25.5) // 35.9% (22.2) // 33.2% (20.3)",
        "savesPerGame": 27.7,
        "savesPerGameLast1": 31.0,
        "savesPerGameLast3": 27.0,
        "savesPerGameLast5": 24.8,
        "savesPer60": 27.6,
        "savesPer60Last1": 31.0,
        "savesPer60Last3": 27.0,
        "savesPer60Last5": 24.8,
        "shotsPerGame": 30.4,
        "shotsPerGameLast5": 31.2,
        "shotsAgainstPerGame": 30.4,
        "shotsAgainstPerGameLast5": 27.2,
        "oppSavesAgainstPer60": 32.6,
        "oppSavesAgainstPer60Last1": 32.3,
        "oppSavesAgainstPer60Last3": 34.8,
        "oppSavesAgainstPer60Last5": 32.5,
        "oppShotsAgainstPerGame": 27.2,
        "oppShotsAgainstPerGameLast5": 25.8,
        "savesProj": 37.0,
        "savesProjLast5": 32.8,
        "savesProjLast3": 39.0,
        "oppSavesAgainstProj": 32.3,
        "oppSavesAgainstProjLast5": 28.9,
        "oppSavesAgainstProjLast3": 33.6,
        "totalOver": 44,
        "totalOverLast5": 40,
        "totalOverLast15": 40,
        "lastTotalOver": 0,
        "last5": "2,2,0,1,0,3,1,1,0,1",
        "overOdds": "-125",
        "underOdds": "-105",
        "overUnder": "-125 / -105"
    },
    {
        "player": "Christopher Tanev",
        "team": "CGY",
        "opponent": "WPG",
        "propType": "bs",
        "line": 1.5,
        "ppLine": "",
        "avg": 2.06,
        "hit": false,
        "diffAvg": 0.37,
        "diffAbs": 1.0,
        "lastAvg": 0.0,
        "diff": 0,
        "avgMin": 20,
        "proj": 0.0,
        "lastAvgMin": 20.45,
        "oppOver": 0,
        "teamOver": 0,
        "gameLine": "+110",
        "+/-": "+6",
        "L5_+/-": "+2.0",
        "prevMatchup": "2023-01-03 3.0 bs 2022-11-12 2.0 bs",
        "winLossSplits": "55% - 61%",
        "awayHome": "A",
        "playedYesterday": "Y",
        "awayHomeSplits": "62% - 53%",
        "savesAboveExp": 0.641,
        "gsaa": 25.8,
        "corsi": "56.9% (66.2) // 59.3% (69.2) // 64.3% (77.1) // 67.2% (79.8)",
        "fenwick": "56.6% (49.2) // 59.3% (51.0) // 63.3% (56.2) // 66.4% (58.2)",
        "shots": "56.7% (35.1) // 57.1% (34.8) // 60.5% (37.0) // 64.5% (38.6)",
        "scoring": "54.5% (32.7) // 59.1% (37.0) // 64.1% (39.7) // 66.8% (40.9)",
        "corsiAgainst": "43.1% (50.1) // 40.7% (47.4) // 35.7% (42.9) // 32.8% (38.9)",
        "fenwickAgainst": "43.4% (37.8) // 40.7% (35.0) // 36.7% (32.5) // 33.6% (29.4)",
        "shotsAgainst": "43.3% (26.8) // 42.9% (26.1) // 39.5% (24.2) // 35.5% (21.3)",
        "scoringAgainst": "45.5% (27.3) // 40.9% (25.5) // 35.9% (22.2) // 33.2% (20.3)",
        "oppCorsi": "51.3% (58.5) // 55.0% (60.9) // 51.0% (61.3) // 46.7% (53.5)",
        "oppFenwick": "51.2% (43.9) // 55.5% (45.3) // 52.3% (46.3) // 47.3% (39.0)",
        "oppShots": "50.0% (30.2) // 55.1% (30.9) // 52.7% (32.3) // 49.6% (28.0)",
        "oppScoring": "51.8% (30.3) // 55.7% (30.8) // 53.8% (33.0) // 46.5% (27.0)",
        "oppCorsiAgainst": "48.7% (55.5) // 45.0% (49.8) // 49.0% (59.0) // 53.3% (61.0)",
        "oppFenwickAgainst": "48.8% (41.9) // 44.5% (36.3) // 47.7% (42.3) // 52.7% (43.5)",
        "oppShotsAgainst": "50.0% (30.2) // 44.9% (25.2) // 47.3% (29.0) // 50.4% (28.5)",
        "oppScoringAgainst": "48.2% (28.2) // 44.3% (24.5) // 46.2% (28.3) // 53.5% (31.0)",
        "savesPerGame": 24.1,
        "savesPerGameLast1": 19.0,
        "savesPerGameLast3": 17.7,
        "savesPerGameLast5": 22.6,
        "savesPer60": 24.2,
        "savesPer60Last1": 18.1,
        "savesPer60Last3": 17.7,
        "savesPer60Last5": 22.6,
        "shotsPerGame": 35.6,
        "shotsPerGameLast5": 36.0,
        "shotsAgainstPerGame": 27.2,
        "shotsAgainstPerGameLast5": 25.8,
        "oppSavesAgainstPer60": 27.2,
        "oppSavesAgainstPer60Last1": 20.1,
        "oppSavesAgainstPer60Last3": 27.7,
        "oppSavesAgainstPer60Last5": 27.4,
        "oppShotsAgainstPerGame": 30.4,
        "oppShotsAgainstPerGameLast5": 27.2,
        "savesProj": 23.9,
        "savesProjLast5": 22.9,
        "savesProjLast3": 18.2,
        "oppSavesAgainstProj": 23.5,
        "oppSavesAgainstProjLast5": 23.1,
        "oppSavesAgainstProjLast3": 19.2,
        "totalOver": 58,
        "totalOverLast5": 100,
        "totalOverLast15": 73,
        "lastTotalOver": 0,
        "last5": "3,2,3,4,3,2,2,1,3,3",
        "overOdds": "-155",
        "underOdds": "+125",
        "overUnder": "-155 / +125"
    },
    {
        "player": "Darnell Nurse",
        "team": "EDM",
        "opponent": "ANA",
        "propType": "bs",
        "line": 1.5,
        "ppLine": "PP2",
        "avg": 1.99,
        "hit": false,
        "diffAvg": 0.33,
        "diffAbs": 1.0,
        "lastAvg": 0.0,
        "diff": 0,
        "avgMin": 23,
        "proj": 0.0,
        "lastAvgMin": 25.03,
        "oppOver": 0,
        "teamOver": 0,
        "gameLine": "-340",
        "+/-": "+21",
        "L5_+/-": 0.0,
        "prevMatchup": "2023-04-01 2.0 bs 2023-01-11 2.0 bs 2022-12-17 3.0 bs",
        "winLossSplits": "61% - 44%",
        "awayHome": "A",
        "playedYesterday": "Y",
        "awayHomeSplits": "53% - 55%",
        "savesAboveExp": -0.223,
        "gsaa": -9.43,
        "corsi": "52.1% (59.3) // 55.8% (61.2) // 56.5% (63.0) // 54.6% (61.3)",
        "fenwick": "51.5% (44.7) // 55.5% (46.9) // 55.8% (48.2) // 55.1% (49.0)",
        "shots": "51.5% (33.2) // 53.7% (34.4) // 54.1% (36.6) // 53.5% (38.3)",
        "scoring": "53.5% (32.8) // 56.4% (36.0) // 56.1% (35.8) // 59.3% (38.3)",
        "corsiAgainst": "47.9% (54.6) // 44.2% (48.5) // 43.5% (48.4) // 45.4% (51.0)",
        "fenwickAgainst": "48.5% (42.1) // 44.5% (37.7) // 44.2% (38.2) // 44.9% (40.0)",
        "shotsAgainst": "48.5% (31.3) // 46.3% (29.7) // 45.9% (31.0) // 46.5% (33.3)",
        "scoringAgainst": "46.5% (28.5) // 43.6% (27.8) // 43.9% (28.0) // 40.7% (26.3)",
        "oppCorsi": "43.3% (51.2) // 40.1% (46.2) // 36.6% (43.2) // 35.4% (40.7)",
        "oppFenwick": "42.3% (38.5) // 39.6% (35.7) // 36.3% (33.5) // 34.3% (31.0)",
        "oppShots": "42.0% (28.1) // 38.8% (25.1) // 38.8% (26.8) // 38.1% (25.7)",
        "oppScoring": "41.2% (25.4) // 38.3% (21.4) // 32.9% (18.8) // 31.8% (18.0)",
        "oppCorsiAgainst": "56.7% (67.1) // 59.9% (68.9) // 63.4% (74.8) // 64.6% (74.3)",
        "oppFenwickAgainst": "57.7% (52.7) // 60.4% (54.5) // 63.7% (58.8) // 65.7% (59.3)",
        "oppShotsAgainst": "58.0% (38.7) // 61.2% (39.6) // 61.2% (42.2) // 61.9% (41.7)",
        "oppScoringAgainst": "58.8% (36.3) // 61.7% (34.5) // 67.1% (38.2) // 68.2% (38.7)",
        "savesPerGame": 28.4,
        "savesPerGameLast1": 20.0,
        "savesPerGameLast3": 33.0,
        "savesPerGameLast5": 29.2,
        "savesPer60": 28.4,
        "savesPer60Last1": 20.0,
        "savesPer60Last3": 33.0,
        "savesPer60Last5": 29.2,
        "shotsPerGame": 33.5,
        "shotsPerGameLast5": 36.6,
        "shotsAgainstPerGame": 31.6,
        "shotsAgainstPerGameLast5": 31.0,
        "oppSavesAgainstPer60": 26.1,
        "oppSavesAgainstPer60Last1": 19.1,
        "oppSavesAgainstPer60Last3": 24.4,
        "oppSavesAgainstPer60Last5": 25.2,
        "oppShotsAgainstPerGame": 39.2,
        "oppShotsAgainstPerGameLast5": 41.0,
        "savesProj": 20.8,
        "savesProjLast5": 20.4,
        "savesProjLast3": 22.4,
        "oppSavesAgainstProj": 26.4,
        "oppSavesAgainstProjLast5": 27.4,
        "oppSavesAgainstProjLast3": 28.8,
        "totalOver": 54,
        "totalOverLast5": 100,
        "totalOverLast15": 67,
        "lastTotalOver": 0,
        "last5": "2,2,2,2,2,1,3,1,1,2",
        "overOdds": "-140",
        "underOdds": "+110",
        "overUnder": "-140 / +110"
    },
    {
        "player": "Cam Fowler",
        "team": "ANA",
        "opponent": "EDM",
        "propType": "bs",
        "line": 1.5,
        "ppLine": "PP1",
        "avg": 1.22,
        "hit": false,
        "diffAvg": -0.19,
        "diffAbs": 1.0,
        "lastAvg": 0.0,
        "diff": 0,
        "avgMin": 23,
        "proj": 0.0,
        "lastAvgMin": 24.4,
        "oppOver": 0,
        "teamOver": 0,
        "gameLine": "+280",
        "+/-": -20,
        "L5_+/-": -4.0,
        "prevMatchup": "2023-04-01 2.0 bs 2023-01-11 1.0 bs 2022-12-17 1.0 bs",
        "winLossSplits": "35% - 31%",
        "awayHome": "H",
        "playedYesterday": "N",
        "awayHomeSplits": "40% - 24%",
        "savesAboveExp": -0.695,
        "gsaa": -18.32,
        "corsi": "43.3% (51.2) // 40.1% (46.2) // 36.6% (43.2) // 35.4% (40.7)",
        "fenwick": "42.3% (38.5) // 39.6% (35.7) // 36.3% (33.5) // 34.3% (31.0)",
        "shots": "42.0% (28.1) // 38.8% (25.1) // 38.8% (26.8) // 38.1% (25.7)",
        "scoring": "41.2% (25.4) // 38.3% (21.4) // 32.9% (18.8) // 31.8% (18.0)",
        "corsiAgainst": "56.7% (67.1) // 59.9% (68.9) // 63.4% (74.8) // 64.6% (74.3)",
        "fenwickAgainst": "57.7% (52.7) // 60.4% (54.5) // 63.7% (58.8) // 65.7% (59.3)",
        "shotsAgainst": "58.0% (38.7) // 61.2% (39.6) // 61.2% (42.2) // 61.9% (41.7)",
        "scoringAgainst": "58.8% (36.3) // 61.7% (34.5) // 67.1% (38.2) // 68.2% (38.7)",
        "oppCorsi": "52.1% (59.3) // 55.8% (61.2) // 56.5% (63.0) // 54.6% (61.3)",
        "oppFenwick": "51.5% (44.7) // 55.5% (46.9) // 55.8% (48.2) // 55.1% (49.0)",
        "oppShots": "51.5% (33.2) // 53.7% (34.4) // 54.1% (36.6) // 53.5% (38.3)",
        "oppScoring": "53.5% (32.8) // 56.4% (36.0) // 56.1% (35.8) // 59.3% (38.3)",
        "oppCorsiAgainst": "47.9% (54.6) // 44.2% (48.5) // 43.5% (48.4) // 45.4% (51.0)",
        "oppFenwickAgainst": "48.5% (42.1) // 44.5% (37.7) // 44.2% (38.2) // 44.9% (40.0)",
        "oppShotsAgainst": "48.5% (31.3) // 46.3% (29.7) // 45.9% (31.0) // 46.5% (33.3)",
        "oppScoringAgainst": "46.5% (28.5) // 43.6% (27.8) // 43.9% (28.0) // 40.7% (26.3)",
        "savesPerGame": 35.1,
        "savesPerGameLast1": 36.0,
        "savesPerGameLast3": 36.7,
        "savesPerGameLast5": 35.8,
        "savesPer60": 35.3,
        "savesPer60Last1": 35.3,
        "savesPer60Last3": 36.4,
        "savesPer60Last5": 35.6,
        "shotsPerGame": 28.4,
        "shotsPerGameLast5": 26.4,
        "shotsAgainstPerGame": 39.2,
        "shotsAgainstPerGameLast5": 41.0,
        "oppSavesAgainstPer60": 29.5,
        "oppSavesAgainstPer60Last1": 30.0,
        "oppSavesAgainstPer60Last3": 34.7,
        "oppSavesAgainstPer60Last5": 31.9,
        "oppShotsAgainstPerGame": 31.6,
        "oppShotsAgainstPerGameLast5": 31.0,
        "savesProj": 36.7,
        "savesProjLast5": 40.1,
        "savesProjLast3": 44.4,
        "oppSavesAgainstProj": 36.8,
        "oppSavesAgainstProjLast5": 39.6,
        "oppSavesAgainstProjLast3": 43.2,
        "totalOver": 32,
        "totalOverLast5": 80,
        "totalOverLast15": 67,
        "lastTotalOver": 0,
        "last5": "4,2,3,3,0,2,0,2,2,2",
        "overOdds": "-145",
        "underOdds": "+115",
        "overUnder": "-145 / +115"
    },
    {
        "player": "Scott Harrington",
        "team": "ANA",
        "opponent": "EDM",
        "propType": "bs",
        "line": 1.5,
        "ppLine": "",
        "avg": 1.81,
        "hit": false,
        "diffAvg": 0.21,
        "diffAbs": 1.0,
        "lastAvg": 0,
        "diff": 0,
        "avgMin": 18,
        "proj": 0.0,
        "lastAvgMin": 0,
        "oppOver": 0,
        "teamOver": 0,
        "gameLine": "+280",
        "+/-": 0,
        "L5_+/-": -1.0,
        "prevMatchup": "2023-04-01 0.0 bs",
        "winLossSplits": "67% - 46%",
        "awayHome": "H",
        "playedYesterday": "N",
        "awayHomeSplits": "67% - 40%",
        "savesAboveExp": -0.695,
        "gsaa": -18.32,
        "corsi": "43.3% (51.2) // 40.1% (46.2) // 36.6% (43.2) // 35.4% (40.7)",
        "fenwick": "42.3% (38.5) // 39.6% (35.7) // 36.3% (33.5) // 34.3% (31.0)",
        "shots": "42.0% (28.1) // 38.8% (25.1) // 38.8% (26.8) // 38.1% (25.7)",
        "scoring": "41.2% (25.4) // 38.3% (21.4) // 32.9% (18.8) // 31.8% (18.0)",
        "corsiAgainst": "56.7% (67.1) // 59.9% (68.9) // 63.4% (74.8) // 64.6% (74.3)",
        "fenwickAgainst": "57.7% (52.7) // 60.4% (54.5) // 63.7% (58.8) // 65.7% (59.3)",
        "shotsAgainst": "58.0% (38.7) // 61.2% (39.6) // 61.2% (42.2) // 61.9% (41.7)",
        "scoringAgainst": "58.8% (36.3) // 61.7% (34.5) // 67.1% (38.2) // 68.2% (38.7)",
        "oppCorsi": "52.1% (59.3) // 55.8% (61.2) // 56.5% (63.0) // 54.6% (61.3)",
        "oppFenwick": "51.5% (44.7) // 55.5% (46.9) // 55.8% (48.2) // 55.1% (49.0)",
        "oppShots": "51.5% (33.2) // 53.7% (34.4) // 54.1% (36.6) // 53.5% (38.3)",
        "oppScoring": "53.5% (32.8) // 56.4% (36.0) // 56.1% (35.8) // 59.3% (38.3)",
        "oppCorsiAgainst": "47.9% (54.6) // 44.2% (48.5) // 43.5% (48.4) // 45.4% (51.0)",
        "oppFenwickAgainst": "48.5% (42.1) // 44.5% (37.7) // 44.2% (38.2) // 44.9% (40.0)",
        "oppShotsAgainst": "48.5% (31.3) // 46.3% (29.7) // 45.9% (31.0) // 46.5% (33.3)",
        "oppScoringAgainst": "46.5% (28.5) // 43.6% (27.8) // 43.9% (28.0) // 40.7% (26.3)",
        "savesPerGame": 35.1,
        "savesPerGameLast1": 36.0,
        "savesPerGameLast3": 36.7,
        "savesPerGameLast5": 35.8,
        "savesPer60": 35.3,
        "savesPer60Last1": 35.3,
        "savesPer60Last3": 36.4,
        "savesPer60Last5": 35.6,
        "shotsPerGame": 28.4,
        "shotsPerGameLast5": 26.4,
        "shotsAgainstPerGame": 39.2,
        "shotsAgainstPerGameLast5": 41.0,
        "oppSavesAgainstPer60": 29.5,
        "oppSavesAgainstPer60Last1": 30.0,
        "oppSavesAgainstPer60Last3": 34.7,
        "oppSavesAgainstPer60Last5": 31.9,
        "oppShotsAgainstPerGame": 31.6,
        "oppShotsAgainstPerGameLast5": 31.0,
        "savesProj": 36.7,
        "savesProjLast5": 40.1,
        "savesProjLast3": 44.4,
        "oppSavesAgainstProj": 36.8,
        "oppSavesAgainstProjLast5": 39.6,
        "oppSavesAgainstProjLast3": 43.2,
        "totalOver": 50,
        "totalOverLast5": 80,
        "totalOverLast15": 53,
        "lastTotalOver": 0,
        "last5": "2,0,3,3,2,1,1,3,4,1",
        "overOdds": "-175",
        "underOdds": "+140",
        "overUnder": "-175 / +140"
    }
]