[
    {
        "player": "Brayden Schenn",
        "team": "STL",
        "opponent": "NSH",
        "propType": "g",
        "line": 0.5,
        "ppLine": "PP1",
        "avg": 0.28,
        "hit": false,
        "diffAvg": -0.44,
        "diffAbs": 0.4,
        "lastAvg": 0.32,
        "diff": -0.36,
        "avgMin": 18,
        "proj": 0.3,
        "lastAvgMin": 17.77,
        "oppOver": 0,
        "teamOver": 0,
        "gameLine": "+125",
        "+/-": -27,
        "L5_+/-": "+5.0",
        "prevMatchup": "2023-01-19 1.0 g 2022-12-12 1.0 g 2022-10-27 1.0 g",
        "winLossSplits": "0.47 - 0.12",
        "awayHome": "A",
        "playedYesterday": "N",
        "awayHomeSplits": "0.34 - 0.22",
        "savesAboveExp": 0.483,
        "gsaa": 25.18,
        "corsi": "46.1% (50.6) // 43.9% (47.4) // 43.8% (48.9) // 42.9% (50.5)",
        "fenwick": "46.2% (38.7) // 43.9% (36.2) // 43.5% (37.1) // 40.6% (36.6)",
        "shots": "46.9% (28.3) // 45.9% (26.8) // 47.6% (28.0) // 44.8% (27.3)",
        "scoring": "46.4% (27.4) // 44.4% (24.2) // 43.7% (24.8) // 41.1% (26.3)",
        "corsiAgainst": "53.9% (59.2) // 56.1% (60.5) // 56.2% (62.9) // 57.1% (67.2)",
        "fenwickAgainst": "53.8% (45.1) // 56.1% (46.2) // 56.5% (48.3) // 59.4% (53.5)",
        "shotsAgainst": "53.1% (32.1) // 54.1% (31.5) // 52.4% (30.8) // 55.2% (33.6)",
        "scoringAgainst": "53.6% (31.6) // 55.6% (30.2) // 56.3% (32.0) // 58.9% (37.6)",
        "oppCorsi": "48.0% (57.0) // 42.7% (46.6) // 40.8% (45.6) // 37.3% (44.0)",
        "oppFenwick": "47.6% (41.9) // 40.8% (33.1) // 38.6% (32.5) // 35.6% (31.3)",
        "oppShots": "47.0% (29.3) // 41.7% (23.5) // 38.9% (22.8) // 39.8% (25.3)",
        "oppScoring": "47.0% (29.6) // 40.9% (23.0) // 33.8% (18.7) // 30.6% (18.3)",
        "oppCorsiAgainst": "52.0% (61.7) // 57.3% (62.5) // 59.2% (66.3) // 62.7% (74.0)",
        "oppFenwickAgainst": "52.4% (46.2) // 59.2% (48.0) // 61.4% (51.5) // 64.4% (56.7)",
        "oppShotsAgainst": "53.0% (33.0) // 58.3% (32.8) // 61.1% (35.8) // 60.2% (38.3)",
        "oppScoringAgainst": "53.0% (33.4) // 59.1% (33.2) // 66.2% (36.6) // 69.4% (41.7)",
        "savesPerGame": 28.7,
        "savesPerGameLast1": 30.0,
        "savesPerGameLast3": 28.7,
        "savesPerGameLast5": 26.6,
        "savesPer60": 28.7,
        "savesPer60Last1": 30.0,
        "savesPer60Last3": 28.4,
        "savesPer60Last5": 26.4,
        "shotsPerGame": 28.6,
        "shotsPerGameLast5": 28.0,
        "shotsAgainstPerGame": 32.4,
        "shotsAgainstPerGameLast5": 30.8,
        "oppSavesAgainstPer60": 27.0,
        "oppSavesAgainstPer60Last1": 27.7,
        "oppSavesAgainstPer60Last3": 24.4,
        "oppSavesAgainstPer60Last5": 22.0,
        "oppShotsAgainstPerGame": 33.5,
        "oppShotsAgainstPerGameLast5": 36.4,
        "savesProj": 25.3,
        "savesProjLast5": 18.8,
        "savesProjLast3": 22.3,
        "oppSavesAgainstProj": 27.5,
        "oppSavesAgainstProjLast5": 22.3,
        "oppSavesAgainstProjLast3": 26.4,
        "totalOver": 24,
        "totalOverLast5": 40,
        "totalOverLast15": 20,
        "lastTotalOver": 28,
        "last5": "0,0,0,2,1,0,0,1,0,0",
        "overOdds": "+220",
        "underOdds": "0",
        "overUnder": "+220 / 0"
    },
    {
        "player": "Cody Glass",
        "team": "NSH",
        "opponent": "STL",
        "propType": "g",
        "line": 0.5,
        "ppLine": "PP1",
        "avg": 0.19,
        "hit": false,
        "diffAvg": -0.62,
        "diffAbs": 1.0,
        "lastAvg": 0.0,
        "diff": 0,
        "avgMin": 14,
        "proj": 0.0,
        "lastAvgMin": 11.4,
        "oppOver": 0,
        "teamOver": 0,
        "gameLine": "-145",
        "+/-": "+9",
        "L5_+/-": "+3.0",
        "prevMatchup": "2023-01-19 0.0 g 2022-12-12 0.0 g 2022-10-27 0.0 g",
        "winLossSplits": "0.21 - 0.13",
        "awayHome": "H",
        "playedYesterday": "N",
        "awayHomeSplits": "0.12 - 0.25",
        "savesAboveExp": -0.172,
        "gsaa": -21.62,
        "corsi": "48.0% (57.0) // 42.7% (46.6) // 40.8% (45.6) // 37.3% (44.0)",
        "fenwick": "47.6% (41.9) // 40.8% (33.1) // 38.6% (32.5) // 35.6% (31.3)",
        "shots": "47.0% (29.3) // 41.7% (23.5) // 38.9% (22.8) // 39.8% (25.3)",
        "scoring": "47.0% (29.6) // 40.9% (23.0) // 33.8% (18.7) // 30.6% (18.3)",
        "corsiAgainst": "52.0% (61.7) // 57.3% (62.5) // 59.2% (66.3) // 62.7% (74.0)",
        "fenwickAgainst": "52.4% (46.2) // 59.2% (48.0) // 61.4% (51.5) // 64.4% (56.7)",
        "shotsAgainst": "53.0% (33.0) // 58.3% (32.8) // 61.1% (35.8) // 60.2% (38.3)",
        "scoringAgainst": "53.0% (33.4) // 59.1% (33.2) // 66.2% (36.6) // 69.4% (41.7)",
        "oppCorsi": "46.1% (50.6) // 43.9% (47.4) // 43.8% (48.9) // 42.9% (50.5)",
        "oppFenwick": "46.2% (38.7) // 43.9% (36.2) // 43.5% (37.1) // 40.6% (36.6)",
        "oppShots": "46.9% (28.3) // 45.9% (26.8) // 47.6% (28.0) // 44.8% (27.3)",
        "oppScoring": "46.4% (27.4) // 44.4% (24.2) // 43.7% (24.8) // 41.1% (26.3)",
        "oppCorsiAgainst": "53.9% (59.2) // 56.1% (60.5) // 56.2% (62.9) // 57.1% (67.2)",
        "oppFenwickAgainst": "53.8% (45.1) // 56.1% (46.2) // 56.5% (48.3) // 59.4% (53.5)",
        "oppShotsAgainst": "53.1% (32.1) // 54.1% (31.5) // 52.4% (30.8) // 55.2% (33.6)",
        "oppScoringAgainst": "53.6% (31.6) // 55.6% (30.2) // 56.3% (32.0) // 58.9% (37.6)",
        "savesPerGame": 30.5,
        "savesPerGameLast1": 43.0,
        "savesPerGameLast3": 36.3,
        "savesPerGameLast5": 33.6,
        "savesPer60": 30.6,
        "savesPer60Last1": 42.5,
        "savesPer60Last3": 35.9,
        "savesPer60Last5": 33.9,
        "shotsPerGame": 29.7,
        "shotsPerGameLast5": 23.2,
        "shotsAgainstPerGame": 33.5,
        "shotsAgainstPerGameLast5": 36.4,
        "oppSavesAgainstPer60": 25.3,
        "oppSavesAgainstPer60Last1": 23.8,
        "oppSavesAgainstPer60Last3": 21.4,
        "oppSavesAgainstPer60Last5": 22.5,
        "oppShotsAgainstPerGame": 32.4,
        "oppShotsAgainstPerGameLast5": 30.8,
        "savesProj": 27.0,
        "savesProjLast5": 26.7,
        "savesProjLast3": 27.1,
        "oppSavesAgainstProj": 27.7,
        "oppSavesAgainstProjLast5": 26.3,
        "oppSavesAgainstProjLast3": 26.1,
        "totalOver": 19,
        "totalOverLast5": 40,
        "totalOverLast15": 27,
        "lastTotalOver": 0,
        "last5": "0,1,1,0,0,0,0,1,0,0",
        "overOdds": "+170",
        "underOdds": "0",
        "overUnder": "+170 / 0"
    },
    {
        "player": "Jakub Vrana",
        "team": "STL",
        "opponent": "NSH",
        "propType": "g",
        "line": 0.5,
        "ppLine": "PP1",
        "avg": 0.56,
        "hit": false,
        "diffAvg": 0.12,
        "diffAbs": 0.0,
        "lastAvg": 0.5,
        "diff": 0.0,
        "avgMin": 14,
        "proj": 0.5,
        "lastAvgMin": 14.93,
        "oppOver": 0,
        "teamOver": 0,
        "gameLine": "+125",
        "+/-": "+6",
        "L5_+/-": "+6.0",
        "prevMatchup": "",
        "winLossSplits": "0.56 - 0.48",
        "awayHome": "A",
        "playedYesterday": "Y",
        "awayHomeSplits": "0.3 - 0.88",
        "savesAboveExp": 0.483,
        "gsaa": 25.18,
        "corsi": "46.1% (50.6) // 43.9% (47.4) // 43.8% (48.9) // 42.9% (50.5)",
        "fenwick": "46.2% (38.7) // 43.9% (36.2) // 43.5% (37.1) // 40.6% (36.6)",
        "shots": "46.9% (28.3) // 45.9% (26.8) // 47.6% (28.0) // 44.8% (27.3)",
        "scoring": "46.4% (27.4) // 44.4% (24.2) // 43.7% (24.8) // 41.1% (26.3)",
        "corsiAgainst": "53.9% (59.2) // 56.1% (60.5) // 56.2% (62.9) // 57.1% (67.2)",
        "fenwickAgainst": "53.8% (45.1) // 56.1% (46.2) // 56.5% (48.3) // 59.4% (53.5)",
        "shotsAgainst": "53.1% (32.1) // 54.1% (31.5) // 52.4% (30.8) // 55.2% (33.6)",
        "scoringAgainst": "53.6% (31.6) // 55.6% (30.2) // 56.3% (32.0) // 58.9% (37.6)",
        "oppCorsi": "48.0% (57.0) // 42.7% (46.6) // 40.8% (45.6) // 37.3% (44.0)",
        "oppFenwick": "47.6% (41.9) // 40.8% (33.1) // 38.6% (32.5) // 35.6% (31.3)",
        "oppShots": "47.0% (29.3) // 41.7% (23.5) // 38.9% (22.8) // 39.8% (25.3)",
        "oppScoring": "47.0% (29.6) // 40.9% (23.0) // 33.8% (18.7) // 30.6% (18.3)",
        "oppCorsiAgainst": "52.0% (61.7) // 57.3% (62.5) // 59.2% (66.3) // 62.7% (74.0)",
        "oppFenwickAgainst": "52.4% (46.2) // 59.2% (48.0) // 61.4% (51.5) // 64.4% (56.7)",
        "oppShotsAgainst": "53.0% (33.0) // 58.3% (32.8) // 61.1% (35.8) // 60.2% (38.3)",
        "oppScoringAgainst": "53.0% (33.4) // 59.1% (33.2) // 66.2% (36.6) // 69.4% (41.7)",
        "savesPerGame": 28.7,
        "savesPerGameLast1": 30.0,
        "savesPerGameLast3": 28.7,
        "savesPerGameLast5": 26.6,
        "savesPer60": 28.7,
        "savesPer60Last1": 30.0,
        "savesPer60Last3": 28.4,
        "savesPer60Last5": 26.4,
        "shotsPerGame": 28.6,
        "shotsPerGameLast5": 28.0,
        "shotsAgainstPerGame": 32.4,
        "shotsAgainstPerGameLast5": 30.8,
        "oppSavesAgainstPer60": 27.0,
        "oppSavesAgainstPer60Last1": 27.7,
        "oppSavesAgainstPer60Last3": 24.4,
        "oppSavesAgainstPer60Last5": 22.0,
        "oppShotsAgainstPerGame": 33.5,
        "oppShotsAgainstPerGameLast5": 36.4,
        "savesProj": 25.3,
        "savesProjLast5": 18.8,
        "savesProjLast3": 22.3,
        "oppSavesAgainstProj": 27.5,
        "oppSavesAgainstProjLast5": 22.3,
        "oppSavesAgainstProjLast3": 26.4,
        "totalOver": 44,
        "totalOverLast5": 60,
        "totalOverLast15": 47,
        "lastTotalOver": 35,
        "last5": "1,2,0,1,0,0,1,0,2,1",
        "overOdds": "+200",
        "underOdds": "0",
        "overUnder": "+200 / 0"
    },
    {
        "player": "Jordan Kyrou",
        "team": "STL",
        "opponent": "NSH",
        "propType": "g",
        "line": 0.5,
        "ppLine": "PP1",
        "avg": 0.47,
        "hit": false,
        "diffAvg": -0.06,
        "diffAbs": 0.4,
        "lastAvg": 0.31,
        "diff": -0.38,
        "avgMin": 18,
        "proj": 0.3,
        "lastAvgMin": 16.57,
        "oppOver": 0,
        "teamOver": 0,
        "gameLine": "+125",
        "+/-": -35,
        "L5_+/-": -2.0,
        "prevMatchup": "2023-01-19 1.0 g 2022-12-12 0.0 g 2022-10-27 0.0 g",
        "winLossSplits": "0.72 - 0.26",
        "awayHome": "A",
        "playedYesterday": "N",
        "awayHomeSplits": "0.66 - 0.3",
        "savesAboveExp": 0.483,
        "gsaa": 25.18,
        "corsi": "46.1% (50.6) // 43.9% (47.4) // 43.8% (48.9) // 42.9% (50.5)",
        "fenwick": "46.2% (38.7) // 43.9% (36.2) // 43.5% (37.1) // 40.6% (36.6)",
        "shots": "46.9% (28.3) // 45.9% (26.8) // 47.6% (28.0) // 44.8% (27.3)",
        "scoring": "46.4% (27.4) // 44.4% (24.2) // 43.7% (24.8) // 41.1% (26.3)",
        "corsiAgainst": "53.9% (59.2) // 56.1% (60.5) // 56.2% (62.9) // 57.1% (67.2)",
        "fenwickAgainst": "53.8% (45.1) // 56.1% (46.2) // 56.5% (48.3) // 59.4% (53.5)",
        "shotsAgainst": "53.1% (32.1) // 54.1% (31.5) // 52.4% (30.8) // 55.2% (33.6)",
        "scoringAgainst": "53.6% (31.6) // 55.6% (30.2) // 56.3% (32.0) // 58.9% (37.6)",
        "oppCorsi": "48.0% (57.0) // 42.7% (46.6) // 40.8% (45.6) // 37.3% (44.0)",
        "oppFenwick": "47.6% (41.9) // 40.8% (33.1) // 38.6% (32.5) // 35.6% (31.3)",
        "oppShots": "47.0% (29.3) // 41.7% (23.5) // 38.9% (22.8) // 39.8% (25.3)",
        "oppScoring": "47.0% (29.6) // 40.9% (23.0) // 33.8% (18.7) // 30.6% (18.3)",
        "oppCorsiAgainst": "52.0% (61.7) // 57.3% (62.5) // 59.2% (66.3) // 62.7% (74.0)",
        "oppFenwickAgainst": "52.4% (46.2) // 59.2% (48.0) // 61.4% (51.5) // 64.4% (56.7)",
        "oppShotsAgainst": "53.0% (33.0) // 58.3% (32.8) // 61.1% (35.8) // 60.2% (38.3)",
        "oppScoringAgainst": "53.0% (33.4) // 59.1% (33.2) // 66.2% (36.6) // 69.4% (41.7)",
        "savesPerGame": 28.7,
        "savesPerGameLast1": 30.0,
        "savesPerGameLast3": 28.7,
        "savesPerGameLast5": 26.6,
        "savesPer60": 28.7,
        "savesPer60Last1": 30.0,
        "savesPer60Last3": 28.4,
        "savesPer60Last5": 26.4,
        "shotsPerGame": 28.6,
        "shotsPerGameLast5": 28.0,
        "shotsAgainstPerGame": 32.4,
        "shotsAgainstPerGameLast5": 30.8,
        "oppSavesAgainstPer60": 27.0,
        "oppSavesAgainstPer60Last1": 27.7,
        "oppSavesAgainstPer60Last3": 24.4,
        "oppSavesAgainstPer60Last5": 22.0,
        "oppShotsAgainstPerGame": 33.5,
        "oppShotsAgainstPerGameLast5": 36.4,
        "savesProj": 25.3,
        "savesProjLast5": 18.8,
        "savesProjLast3": 22.3,
        "oppSavesAgainstProj": 27.5,
        "oppSavesAgainstProjLast5": 22.3,
        "oppSavesAgainstProjLast3": 26.4,
        "totalOver": 36,
        "totalOverLast5": 40,
        "totalOverLast15": 33,
        "lastTotalOver": 33,
        "last5": "1,0,2,0,0,0,0,1,0,1",
        "overOdds": "+160",
        "underOdds": "0",
        "overUnder": "+160 / 0"
    },
    {
        "player": "Justin Faulk",
        "team": "STL",
        "opponent": "NSH",
        "propType": "g",
        "line": 0.5,
        "ppLine": "PP2",
        "avg": 0.13,
        "hit": false,
        "diffAvg": -0.74,
        "diffAbs": 0.6,
        "lastAvg": 0.18,
        "diff": -0.64,
        "avgMin": 23,
        "proj": 0.2,
        "lastAvgMin": 23.18,
        "oppOver": 0,
        "teamOver": 0,
        "gameLine": "+125",
        "+/-": -8,
        "L5_+/-": "+5.0",
        "prevMatchup": "2023-01-19 0.0 g 2022-12-12 0.0 g 2022-10-27 0.0 g",
        "winLossSplits": "0.14 - 0.12",
        "awayHome": "A",
        "playedYesterday": "N",
        "awayHomeSplits": "0.16 - 0.11",
        "savesAboveExp": 0.483,
        "gsaa": 25.18,
        "corsi": "46.1% (50.6) // 43.9% (47.4) // 43.8% (48.9) // 42.9% (50.5)",
        "fenwick": "46.2% (38.7) // 43.9% (36.2) // 43.5% (37.1) // 40.6% (36.6)",
        "shots": "46.9% (28.3) // 45.9% (26.8) // 47.6% (28.0) // 44.8% (27.3)",
        "scoring": "46.4% (27.4) // 44.4% (24.2) // 43.7% (24.8) // 41.1% (26.3)",
        "corsiAgainst": "53.9% (59.2) // 56.1% (60.5) // 56.2% (62.9) // 57.1% (67.2)",
        "fenwickAgainst": "53.8% (45.1) // 56.1% (46.2) // 56.5% (48.3) // 59.4% (53.5)",
        "shotsAgainst": "53.1% (32.1) // 54.1% (31.5) // 52.4% (30.8) // 55.2% (33.6)",
        "scoringAgainst": "53.6% (31.6) // 55.6% (30.2) // 56.3% (32.0) // 58.9% (37.6)",
        "oppCorsi": "48.0% (57.0) // 42.7% (46.6) // 40.8% (45.6) // 37.3% (44.0)",
        "oppFenwick": "47.6% (41.9) // 40.8% (33.1) // 38.6% (32.5) // 35.6% (31.3)",
        "oppShots": "47.0% (29.3) // 41.7% (23.5) // 38.9% (22.8) // 39.8% (25.3)",
        "oppScoring": "47.0% (29.6) // 40.9% (23.0) // 33.8% (18.7) // 30.6% (18.3)",
        "oppCorsiAgainst": "52.0% (61.7) // 57.3% (62.5) // 59.2% (66.3) // 62.7% (74.0)",
        "oppFenwickAgainst": "52.4% (46.2) // 59.2% (48.0) // 61.4% (51.5) // 64.4% (56.7)",
        "oppShotsAgainst": "53.0% (33.0) // 58.3% (32.8) // 61.1% (35.8) // 60.2% (38.3)",
        "oppScoringAgainst": "53.0% (33.4) // 59.1% (33.2) // 66.2% (36.6) // 69.4% (41.7)",
        "savesPerGame": 28.7,
        "savesPerGameLast1": 30.0,
        "savesPerGameLast3": 28.7,
        "savesPerGameLast5": 26.6,
        "savesPer60": 28.7,
        "savesPer60Last1": 30.0,
        "savesPer60Last3": 28.4,
        "savesPer60Last5": 26.4,
        "shotsPerGame": 28.6,
        "shotsPerGameLast5": 28.0,
        "shotsAgainstPerGame": 32.4,
        "shotsAgainstPerGameLast5": 30.8,
        "oppSavesAgainstPer60": 27.0,
        "oppSavesAgainstPer60Last1": 27.7,
        "oppSavesAgainstPer60Last3": 24.4,
        "oppSavesAgainstPer60Last5": 22.0,
        "oppShotsAgainstPerGame": 33.5,
        "oppShotsAgainstPerGameLast5": 36.4,
        "savesProj": 25.3,
        "savesProjLast5": 18.8,
        "savesProjLast3": 22.3,
        "oppSavesAgainstProj": 27.5,
        "oppSavesAgainstProjLast5": 22.3,
        "oppSavesAgainstProjLast3": 26.4,
        "totalOver": 12,
        "totalOverLast5": 40,
        "totalOverLast15": 13,
        "lastTotalOver": 19,
        "last5": "0,1,1,0,0,0,0,0,0,0",
        "overOdds": "+550",
        "underOdds": "0",
        "overUnder": "+550 / 0"
    },
    {
        "player": "Kasperi Kapanen",
        "team": "STL",
        "opponent": "NSH",
        "propType": "g",
        "line": 0.5,
        "ppLine": "PP1",
        "avg": 0.24,
        "hit": false,
        "diffAvg": -0.52,
        "diffAbs": 0.8,
        "lastAvg": 0.13,
        "diff": -0.74,
        "avgMin": 13,
        "proj": 0.1,
        "lastAvgMin": 14.52,
        "oppOver": 0,
        "teamOver": 0,
        "gameLine": "+125",
        "+/-": "+5",
        "L5_+/-": "+5.0",
        "prevMatchup": "",
        "winLossSplits": "0.37 - 0.1",
        "awayHome": "A",
        "playedYesterday": "N",
        "awayHomeSplits": "0.27 - 0.21",
        "savesAboveExp": 0.483,
        "gsaa": 25.18,
        "corsi": "46.1% (50.6) // 43.9% (47.4) // 43.8% (48.9) // 42.9% (50.5)",
        "fenwick": "46.2% (38.7) // 43.9% (36.2) // 43.5% (37.1) // 40.6% (36.6)",
        "shots": "46.9% (28.3) // 45.9% (26.8) // 47.6% (28.0) // 44.8% (27.3)",
        "scoring": "46.4% (27.4) // 44.4% (24.2) // 43.7% (24.8) // 41.1% (26.3)",
        "corsiAgainst": "53.9% (59.2) // 56.1% (60.5) // 56.2% (62.9) // 57.1% (67.2)",
        "fenwickAgainst": "53.8% (45.1) // 56.1% (46.2) // 56.5% (48.3) // 59.4% (53.5)",
        "shotsAgainst": "53.1% (32.1) // 54.1% (31.5) // 52.4% (30.8) // 55.2% (33.6)",
        "scoringAgainst": "53.6% (31.6) // 55.6% (30.2) // 56.3% (32.0) // 58.9% (37.6)",
        "oppCorsi": "48.0% (57.0) // 42.7% (46.6) // 40.8% (45.6) // 37.3% (44.0)",
        "oppFenwick": "47.6% (41.9) // 40.8% (33.1) // 38.6% (32.5) // 35.6% (31.3)",
        "oppShots": "47.0% (29.3) // 41.7% (23.5) // 38.9% (22.8) // 39.8% (25.3)",
        "oppScoring": "47.0% (29.6) // 40.9% (23.0) // 33.8% (18.7) // 30.6% (18.3)",
        "oppCorsiAgainst": "52.0% (61.7) // 57.3% (62.5) // 59.2% (66.3) // 62.7% (74.0)",
        "oppFenwickAgainst": "52.4% (46.2) // 59.2% (48.0) // 61.4% (51.5) // 64.4% (56.7)",
        "oppShotsAgainst": "53.0% (33.0) // 58.3% (32.8) // 61.1% (35.8) // 60.2% (38.3)",
        "oppScoringAgainst": "53.0% (33.4) // 59.1% (33.2) // 66.2% (36.6) // 69.4% (41.7)",
        "savesPerGame": 28.7,
        "savesPerGameLast1": 30.0,
        "savesPerGameLast3": 28.7,
        "savesPerGameLast5": 26.6,
        "savesPer60": 28.7,
        "savesPer60Last1": 30.0,
        "savesPer60Last3": 28.4,
        "savesPer60Last5": 26.4,
        "shotsPerGame": 28.6,
        "shotsPerGameLast5": 28.0,
        "shotsAgainstPerGame": 32.4,
        "shotsAgainstPerGameLast5": 30.8,
        "oppSavesAgainstPer60": 27.0,
        "oppSavesAgainstPer60Last1": 27.7,
        "oppSavesAgainstPer60Last3": 24.4,
        "oppSavesAgainstPer60Last5": 22.0,
        "oppShotsAgainstPerGame": 33.5,
        "oppShotsAgainstPerGameLast5": 36.4,
        "savesProj": 25.3,
        "savesProjLast5": 18.8,
        "savesProjLast3": 22.3,
        "oppSavesAgainstProj": 27.5,
        "oppSavesAgainstProjLast5": 22.3,
        "oppSavesAgainstProjLast3": 26.4,
        "totalOver": 19,
        "totalOverLast5": 40,
        "totalOverLast15": 33,
        "lastTotalOver": 12,
        "last5": "0,0,1,2,0,0,1,1,0,0",
        "overOdds": "+350",
        "underOdds": "0",
        "overUnder": "+350 / 0"
    },
    {
        "player": "Luke Evangelista",
        "team": "NSH",
        "opponent": "STL",
        "propType": "g",
        "line": 0.5,
        "ppLine": "PP1",
        "avg": 0.31,
        "hit": false,
        "diffAvg": -0.38,
        "diffAbs": 1.0,
        "lastAvg": 0,
        "diff": 0,
        "avgMin": 16,
        "proj": 0.0,
        "lastAvgMin": 0,
        "oppOver": 0,
        "teamOver": 0,
        "gameLine": "-145",
        "+/-": "+4",
        "L5_+/-": "+3.0",
        "prevMatchup": "",
        "winLossSplits": "0.29 - 0.36",
        "awayHome": "H",
        "playedYesterday": "N",
        "awayHomeSplits": "0.44 - 0.14",
        "savesAboveExp": -0.172,
        "gsaa": -21.62,
        "corsi": "48.0% (57.0) // 42.7% (46.6) // 40.8% (45.6) // 37.3% (44.0)",
        "fenwick": "47.6% (41.9) // 40.8% (33.1) // 38.6% (32.5) // 35.6% (31.3)",
        "shots": "47.0% (29.3) // 41.7% (23.5) // 38.9% (22.8) // 39.8% (25.3)",
        "scoring": "47.0% (29.6) // 40.9% (23.0) // 33.8% (18.7) // 30.6% (18.3)",
        "corsiAgainst": "52.0% (61.7) // 57.3% (62.5) // 59.2% (66.3) // 62.7% (74.0)",
        "fenwickAgainst": "52.4% (46.2) // 59.2% (48.0) // 61.4% (51.5) // 64.4% (56.7)",
        "shotsAgainst": "53.0% (33.0) // 58.3% (32.8) // 61.1% (35.8) // 60.2% (38.3)",
        "scoringAgainst": "53.0% (33.4) // 59.1% (33.2) // 66.2% (36.6) // 69.4% (41.7)",
        "oppCorsi": "46.1% (50.6) // 43.9% (47.4) // 43.8% (48.9) // 42.9% (50.5)",
        "oppFenwick": "46.2% (38.7) // 43.9% (36.2) // 43.5% (37.1) // 40.6% (36.6)",
        "oppShots": "46.9% (28.3) // 45.9% (26.8) // 47.6% (28.0) // 44.8% (27.3)",
        "oppScoring": "46.4% (27.4) // 44.4% (24.2) // 43.7% (24.8) // 41.1% (26.3)",
        "oppCorsiAgainst": "53.9% (59.2) // 56.1% (60.5) // 56.2% (62.9) // 57.1% (67.2)",
        "oppFenwickAgainst": "53.8% (45.1) // 56.1% (46.2) // 56.5% (48.3) // 59.4% (53.5)",
        "oppShotsAgainst": "53.1% (32.1) // 54.1% (31.5) // 52.4% (30.8) // 55.2% (33.6)",
        "oppScoringAgainst": "53.6% (31.6) // 55.6% (30.2) // 56.3% (32.0) // 58.9% (37.6)",
        "savesPerGame": 30.5,
        "savesPerGameLast1": 43.0,
        "savesPerGameLast3": 36.3,
        "savesPerGameLast5": 33.6,
        "savesPer60": 30.6,
        "savesPer60Last1": 42.5,
        "savesPer60Last3": 35.9,
        "savesPer60Last5": 33.9,
        "shotsPerGame": 29.7,
        "shotsPerGameLast5": 23.2,
        "shotsAgainstPerGame": 33.5,
        "shotsAgainstPerGameLast5": 36.4,
        "oppSavesAgainstPer60": 25.3,
        "oppSavesAgainstPer60Last1": 23.8,
        "oppSavesAgainstPer60Last3": 21.4,
        "oppSavesAgainstPer60Last5": 22.5,
        "oppShotsAgainstPerGame": 32.4,
        "oppShotsAgainstPerGameLast5": 30.8,
        "savesProj": 27.0,
        "savesProjLast5": 26.7,
        "savesProjLast3": 27.1,
        "oppSavesAgainstProj": 27.7,
        "oppSavesAgainstProjLast5": 26.3,
        "oppSavesAgainstProjLast3": 26.1,
        "totalOver": 19,
        "totalOverLast5": 0,
        "totalOverLast15": 20,
        "lastTotalOver": 0,
        "last5": "0,0,0,0,0,2,0,1,0,0",
        "overOdds": "+190",
        "underOdds": "0",
        "overUnder": "+190 / 0"
    },
    {
        "player": "Brandon Saad",
        "team": "STL",
        "opponent": "NSH",
        "propType": "g",
        "line": 0.5,
        "ppLine": "PP2",
        "avg": 0.3,
        "hit": false,
        "diffAvg": -0.4,
        "diffAbs": 0.4,
        "lastAvg": 0.27,
        "diff": -0.46,
        "avgMin": 16,
        "proj": 0.3,
        "lastAvgMin": 16.27,
        "oppOver": 0,
        "teamOver": 0,
        "gameLine": "+125",
        "+/-": -9,
        "L5_+/-": "+4.0",
        "prevMatchup": "2023-01-19 1.0 g 2022-12-12 0.0 g",
        "winLossSplits": "0.39 - 0.15",
        "awayHome": "A",
        "playedYesterday": "N",
        "awayHomeSplits": "0.36 - 0.23",
        "savesAboveExp": 0.483,
        "gsaa": 25.18,
        "corsi": "46.1% (50.6) // 43.9% (47.4) // 43.8% (48.9) // 42.9% (50.5)",
        "fenwick": "46.2% (38.7) // 43.9% (36.2) // 43.5% (37.1) // 40.6% (36.6)",
        "shots": "46.9% (28.3) // 45.9% (26.8) // 47.6% (28.0) // 44.8% (27.3)",
        "scoring": "46.4% (27.4) // 44.4% (24.2) // 43.7% (24.8) // 41.1% (26.3)",
        "corsiAgainst": "53.9% (59.2) // 56.1% (60.5) // 56.2% (62.9) // 57.1% (67.2)",
        "fenwickAgainst": "53.8% (45.1) // 56.1% (46.2) // 56.5% (48.3) // 59.4% (53.5)",
        "shotsAgainst": "53.1% (32.1) // 54.1% (31.5) // 52.4% (30.8) // 55.2% (33.6)",
        "scoringAgainst": "53.6% (31.6) // 55.6% (30.2) // 56.3% (32.0) // 58.9% (37.6)",
        "oppCorsi": "48.0% (57.0) // 42.7% (46.6) // 40.8% (45.6) // 37.3% (44.0)",
        "oppFenwick": "47.6% (41.9) // 40.8% (33.1) // 38.6% (32.5) // 35.6% (31.3)",
        "oppShots": "47.0% (29.3) // 41.7% (23.5) // 38.9% (22.8) // 39.8% (25.3)",
        "oppScoring": "47.0% (29.6) // 40.9% (23.0) // 33.8% (18.7) // 30.6% (18.3)",
        "oppCorsiAgainst": "52.0% (61.7) // 57.3% (62.5) // 59.2% (66.3) // 62.7% (74.0)",
        "oppFenwickAgainst": "52.4% (46.2) // 59.2% (48.0) // 61.4% (51.5) // 64.4% (56.7)",
        "oppShotsAgainst": "53.0% (33.0) // 58.3% (32.8) // 61.1% (35.8) // 60.2% (38.3)",
        "oppScoringAgainst": "53.0% (33.4) // 59.1% (33.2) // 66.2% (36.6) // 69.4% (41.7)",
        "savesPerGame": 28.7,
        "savesPerGameLast1": 30.0,
        "savesPerGameLast3": 28.7,
        "savesPerGameLast5": 26.6,
        "savesPer60": 28.7,
        "savesPer60Last1": 30.0,
        "savesPer60Last3": 28.4,
        "savesPer60Last5": 26.4,
        "shotsPerGame": 28.6,
        "shotsPerGameLast5": 28.0,
        "shotsAgainstPerGame": 32.4,
        "shotsAgainstPerGameLast5": 30.8,
        "oppSavesAgainstPer60": 27.0,
        "oppSavesAgainstPer60Last1": 27.7,
        "oppSavesAgainstPer60Last3": 24.4,
        "oppSavesAgainstPer60Last5": 22.0,
        "oppShotsAgainstPerGame": 33.5,
        "oppShotsAgainstPerGameLast5": 36.4,
        "savesProj": 25.3,
        "savesProjLast5": 18.8,
        "savesProjLast3": 22.3,
        "oppSavesAgainstProj": 27.5,
        "oppSavesAgainstProjLast5": 22.3,
        "oppSavesAgainstProjLast3": 26.4,
        "totalOver": 28,
        "totalOverLast5": 40,
        "totalOverLast15": 20,
        "lastTotalOver": 26,
        "last5": "1,0,1,0,0,0,0,0,0,0",
        "overOdds": "+270",
        "underOdds": "0",
        "overUnder": "+270 / 0"
    },
    {
        "player": "Thomas Novak",
        "team": "NSH",
        "opponent": "STL",
        "propType": "g",
        "line": 0.5,
        "ppLine": "PP1",
        "avg": 0.33,
        "hit": false,
        "diffAvg": -0.34,
        "diffAbs": 1.0,
        "lastAvg": 0.04,
        "diff": -0.92,
        "avgMin": 14,
        "proj": 0.0,
        "lastAvgMin": 11.78,
        "oppOver": 0,
        "teamOver": 0,
        "gameLine": "-145",
        "+/-": "+2",
        "L5_+/-": 0.0,
        "prevMatchup": "2023-01-19 0.0 g",
        "winLossSplits": "0.53 - 0.05",
        "awayHome": "H",
        "playedYesterday": "N",
        "awayHomeSplits": "0.45 - 0.19",
        "savesAboveExp": -0.172,
        "gsaa": -21.62,
        "corsi": "48.0% (57.0) // 42.7% (46.6) // 40.8% (45.6) // 37.3% (44.0)",
        "fenwick": "47.6% (41.9) // 40.8% (33.1) // 38.6% (32.5) // 35.6% (31.3)",
        "shots": "47.0% (29.3) // 41.7% (23.5) // 38.9% (22.8) // 39.8% (25.3)",
        "scoring": "47.0% (29.6) // 40.9% (23.0) // 33.8% (18.7) // 30.6% (18.3)",
        "corsiAgainst": "52.0% (61.7) // 57.3% (62.5) // 59.2% (66.3) // 62.7% (74.0)",
        "fenwickAgainst": "52.4% (46.2) // 59.2% (48.0) // 61.4% (51.5) // 64.4% (56.7)",
        "shotsAgainst": "53.0% (33.0) // 58.3% (32.8) // 61.1% (35.8) // 60.2% (38.3)",
        "scoringAgainst": "53.0% (33.4) // 59.1% (33.2) // 66.2% (36.6) // 69.4% (41.7)",
        "oppCorsi": "46.1% (50.6) // 43.9% (47.4) // 43.8% (48.9) // 42.9% (50.5)",
        "oppFenwick": "46.2% (38.7) // 43.9% (36.2) // 43.5% (37.1) // 40.6% (36.6)",
        "oppShots": "46.9% (28.3) // 45.9% (26.8) // 47.6% (28.0) // 44.8% (27.3)",
        "oppScoring": "46.4% (27.4) // 44.4% (24.2) // 43.7% (24.8) // 41.1% (26.3)",
        "oppCorsiAgainst": "53.9% (59.2) // 56.1% (60.5) // 56.2% (62.9) // 57.1% (67.2)",
        "oppFenwickAgainst": "53.8% (45.1) // 56.1% (46.2) // 56.5% (48.3) // 59.4% (53.5)",
        "oppShotsAgainst": "53.1% (32.1) // 54.1% (31.5) // 52.4% (30.8) // 55.2% (33.6)",
        "oppScoringAgainst": "53.6% (31.6) // 55.6% (30.2) // 56.3% (32.0) // 58.9% (37.6)",
        "savesPerGame": 30.5,
        "savesPerGameLast1": 43.0,
        "savesPerGameLast3": 36.3,
        "savesPerGameLast5": 33.6,
        "savesPer60": 30.6,
        "savesPer60Last1": 42.5,
        "savesPer60Last3": 35.9,
        "savesPer60Last5": 33.9,
        "shotsPerGame": 29.7,
        "shotsPerGameLast5": 23.2,
        "shotsAgainstPerGame": 33.5,
        "shotsAgainstPerGameLast5": 36.4,
        "oppSavesAgainstPer60": 25.3,
        "oppSavesAgainstPer60Last1": 23.8,
        "oppSavesAgainstPer60Last3": 21.4,
        "oppSavesAgainstPer60Last5": 22.5,
        "oppShotsAgainstPerGame": 32.4,
        "oppShotsAgainstPerGameLast5": 30.8,
        "savesProj": 27.0,
        "savesProjLast5": 26.7,
        "savesProjLast3": 27.1,
        "oppSavesAgainstProj": 27.7,
        "oppSavesAgainstProjLast5": 26.3,
        "oppSavesAgainstProjLast3": 26.1,
        "totalOver": 28,
        "totalOverLast5": 0,
        "totalOverLast15": 27,
        "lastTotalOver": 4,
        "last5": "0,0,0,0,0,1,0,0,0,1",
        "overOdds": "+170",
        "underOdds": "0",
        "overUnder": "+170 / 0"
    },
    {
        "player": "Philip Tomasino",
        "team": "NSH",
        "opponent": "STL",
        "propType": "g",
        "line": 0.5,
        "ppLine": "PP1",
        "avg": 0.17,
        "hit": false,
        "diffAvg": -0.66,
        "diffAbs": 1.0,
        "lastAvg": 0,
        "diff": 0,
        "avgMin": 14,
        "proj": 0.0,
        "lastAvgMin": 0,
        "oppOver": 0,
        "teamOver": 0,
        "gameLine": "-145",
        "+/-": "+5",
        "L5_+/-": "+4.0",
        "prevMatchup": "",
        "winLossSplits": "0.48 - 0.0",
        "awayHome": "H",
        "playedYesterday": "N",
        "awayHomeSplits": "0.25 - 0.09",
        "savesAboveExp": -0.172,
        "gsaa": -21.62,
        "corsi": "48.0% (57.0) // 42.7% (46.6) // 40.8% (45.6) // 37.3% (44.0)",
        "fenwick": "47.6% (41.9) // 40.8% (33.1) // 38.6% (32.5) // 35.6% (31.3)",
        "shots": "47.0% (29.3) // 41.7% (23.5) // 38.9% (22.8) // 39.8% (25.3)",
        "scoring": "47.0% (29.6) // 40.9% (23.0) // 33.8% (18.7) // 30.6% (18.3)",
        "corsiAgainst": "52.0% (61.7) // 57.3% (62.5) // 59.2% (66.3) // 62.7% (74.0)",
        "fenwickAgainst": "52.4% (46.2) // 59.2% (48.0) // 61.4% (51.5) // 64.4% (56.7)",
        "shotsAgainst": "53.0% (33.0) // 58.3% (32.8) // 61.1% (35.8) // 60.2% (38.3)",
        "scoringAgainst": "53.0% (33.4) // 59.1% (33.2) // 66.2% (36.6) // 69.4% (41.7)",
        "oppCorsi": "46.1% (50.6) // 43.9% (47.4) // 43.8% (48.9) // 42.9% (50.5)",
        "oppFenwick": "46.2% (38.7) // 43.9% (36.2) // 43.5% (37.1) // 40.6% (36.6)",
        "oppShots": "46.9% (28.3) // 45.9% (26.8) // 47.6% (28.0) // 44.8% (27.3)",
        "oppScoring": "46.4% (27.4) // 44.4% (24.2) // 43.7% (24.8) // 41.1% (26.3)",
        "oppCorsiAgainst": "53.9% (59.2) // 56.1% (60.5) // 56.2% (62.9) // 57.1% (67.2)",
        "oppFenwickAgainst": "53.8% (45.1) // 56.1% (46.2) // 56.5% (48.3) // 59.4% (53.5)",
        "oppShotsAgainst": "53.1% (32.1) // 54.1% (31.5) // 52.4% (30.8) // 55.2% (33.6)",
        "oppScoringAgainst": "53.6% (31.6) // 55.6% (30.2) // 56.3% (32.0) // 58.9% (37.6)",
        "savesPerGame": 30.5,
        "savesPerGameLast1": 43.0,
        "savesPerGameLast3": 36.3,
        "savesPerGameLast5": 33.6,
        "savesPer60": 30.6,
        "savesPer60Last1": 42.5,
        "savesPer60Last3": 35.9,
        "savesPer60Last5": 33.9,
        "shotsPerGame": 29.7,
        "shotsPerGameLast5": 23.2,
        "shotsAgainstPerGame": 33.5,
        "shotsAgainstPerGameLast5": 36.4,
        "oppSavesAgainstPer60": 25.3,
        "oppSavesAgainstPer60Last1": 23.8,
        "oppSavesAgainstPer60Last3": 21.4,
        "oppSavesAgainstPer60Last5": 22.5,
        "oppShotsAgainstPerGame": 32.4,
        "oppShotsAgainstPerGameLast5": 30.8,
        "savesProj": 27.0,
        "savesProjLast5": 26.7,
        "savesProjLast3": 27.1,
        "oppSavesAgainstProj": 27.7,
        "oppSavesAgainstProjLast5": 26.3,
        "oppSavesAgainstProjLast3": 26.1,
        "totalOver": 17,
        "totalOverLast5": 0,
        "totalOverLast15": 20,
        "lastTotalOver": 0,
        "last5": "0,0,0,0,0,1,0,0,0,0",
        "overOdds": "+190",
        "underOdds": "0",
        "overUnder": "+190 / 0"
    },
    {
        "player": "Pavel Buchnevich",
        "team": "STL",
        "opponent": "NSH",
        "propType": "g",
        "line": 0.5,
        "ppLine": "",
        "avg": 0.42,
        "hit": false,
        "diffAvg": -0.16,
        "diffAbs": 0.2,
        "lastAvg": 0.35,
        "diff": -0.3,
        "avgMin": 19,
        "proj": 0.4,
        "lastAvgMin": 18.3,
        "oppOver": 0,
        "teamOver": 0,
        "gameLine": "+125",
        "+/-": "+14",
        "L5_+/-": "+3.0",
        "prevMatchup": "2023-01-19 0.0 g",
        "winLossSplits": "0.26 - 0.55",
        "awayHome": "A",
        "playedYesterday": "N",
        "awayHomeSplits": "0.41 - 0.44",
        "savesAboveExp": 0.483,
        "gsaa": 25.18,
        "corsi": "46.1% (50.6) // 43.9% (47.4) // 43.8% (48.9) // 42.9% (50.5)",
        "fenwick": "46.2% (38.7) // 43.9% (36.2) // 43.5% (37.1) // 40.6% (36.6)",
        "shots": "46.9% (28.3) // 45.9% (26.8) // 47.6% (28.0) // 44.8% (27.3)",
        "scoring": "46.4% (27.4) // 44.4% (24.2) // 43.7% (24.8) // 41.1% (26.3)",
        "corsiAgainst": "53.9% (59.2) // 56.1% (60.5) // 56.2% (62.9) // 57.1% (67.2)",
        "fenwickAgainst": "53.8% (45.1) // 56.1% (46.2) // 56.5% (48.3) // 59.4% (53.5)",
        "shotsAgainst": "53.1% (32.1) // 54.1% (31.5) // 52.4% (30.8) // 55.2% (33.6)",
        "scoringAgainst": "53.6% (31.6) // 55.6% (30.2) // 56.3% (32.0) // 58.9% (37.6)",
        "oppCorsi": "48.0% (57.0) // 42.7% (46.6) // 40.8% (45.6) // 37.3% (44.0)",
        "oppFenwick": "47.6% (41.9) // 40.8% (33.1) // 38.6% (32.5) // 35.6% (31.3)",
        "oppShots": "47.0% (29.3) // 41.7% (23.5) // 38.9% (22.8) // 39.8% (25.3)",
        "oppScoring": "47.0% (29.6) // 40.9% (23.0) // 33.8% (18.7) // 30.6% (18.3)",
        "oppCorsiAgainst": "52.0% (61.7) // 57.3% (62.5) // 59.2% (66.3) // 62.7% (74.0)",
        "oppFenwickAgainst": "52.4% (46.2) // 59.2% (48.0) // 61.4% (51.5) // 64.4% (56.7)",
        "oppShotsAgainst": "53.0% (33.0) // 58.3% (32.8) // 61.1% (35.8) // 60.2% (38.3)",
        "oppScoringAgainst": "53.0% (33.4) // 59.1% (33.2) // 66.2% (36.6) // 69.4% (41.7)",
        "savesPerGame": 28.7,
        "savesPerGameLast1": 30.0,
        "savesPerGameLast3": 28.7,
        "savesPerGameLast5": 26.6,
        "savesPer60": 28.7,
        "savesPer60Last1": 30.0,
        "savesPer60Last3": 28.4,
        "savesPer60Last5": 26.4,
        "shotsPerGame": 28.6,
        "shotsPerGameLast5": 28.0,
        "shotsAgainstPerGame": 32.4,
        "shotsAgainstPerGameLast5": 30.8,
        "oppSavesAgainstPer60": 27.0,
        "oppSavesAgainstPer60Last1": 27.7,
        "oppSavesAgainstPer60Last3": 24.4,
        "oppSavesAgainstPer60Last5": 22.0,
        "oppShotsAgainstPerGame": 33.5,
        "oppShotsAgainstPerGameLast5": 36.4,
        "savesProj": 25.3,
        "savesProjLast5": 18.8,
        "savesProjLast3": 22.3,
        "oppSavesAgainstProj": 27.5,
        "oppSavesAgainstProjLast5": 22.3,
        "oppSavesAgainstProjLast3": 26.4,
        "totalOver": 36,
        "totalOverLast5": 40,
        "totalOverLast15": 27,
        "lastTotalOver": 29,
        "last5": "1,1,0,0,0,0,0,3,0,0",
        "overOdds": "+210",
        "underOdds": "0",
        "overUnder": "+210 / 0"
    },
    {
        "player": "Kiefer Sherwood",
        "team": "NSH",
        "opponent": "STL",
        "propType": "g",
        "line": 0.5,
        "ppLine": "PP2",
        "avg": 0.17,
        "hit": false,
        "diffAvg": -0.66,
        "diffAbs": 0.8,
        "lastAvg": 0.09,
        "diff": -0.82,
        "avgMin": 13,
        "proj": 0.1,
        "lastAvgMin": 8.57,
        "oppOver": 0,
        "teamOver": 0,
        "gameLine": "-145",
        "+/-": "+2",
        "L5_+/-": "+4.0",
        "prevMatchup": "",
        "winLossSplits": "0.35 - 0.0",
        "awayHome": "H",
        "playedYesterday": "N",
        "awayHomeSplits": "0.07 - 0.33",
        "savesAboveExp": -0.172,
        "gsaa": -21.62,
        "corsi": "48.0% (57.0) // 42.7% (46.6) // 40.8% (45.6) // 37.3% (44.0)",
        "fenwick": "47.6% (41.9) // 40.8% (33.1) // 38.6% (32.5) // 35.6% (31.3)",
        "shots": "47.0% (29.3) // 41.7% (23.5) // 38.9% (22.8) // 39.8% (25.3)",
        "scoring": "47.0% (29.6) // 40.9% (23.0) // 33.8% (18.7) // 30.6% (18.3)",
        "corsiAgainst": "52.0% (61.7) // 57.3% (62.5) // 59.2% (66.3) // 62.7% (74.0)",
        "fenwickAgainst": "52.4% (46.2) // 59.2% (48.0) // 61.4% (51.5) // 64.4% (56.7)",
        "shotsAgainst": "53.0% (33.0) // 58.3% (32.8) // 61.1% (35.8) // 60.2% (38.3)",
        "scoringAgainst": "53.0% (33.4) // 59.1% (33.2) // 66.2% (36.6) // 69.4% (41.7)",
        "oppCorsi": "46.1% (50.6) // 43.9% (47.4) // 43.8% (48.9) // 42.9% (50.5)",
        "oppFenwick": "46.2% (38.7) // 43.9% (36.2) // 43.5% (37.1) // 40.6% (36.6)",
        "oppShots": "46.9% (28.3) // 45.9% (26.8) // 47.6% (28.0) // 44.8% (27.3)",
        "oppScoring": "46.4% (27.4) // 44.4% (24.2) // 43.7% (24.8) // 41.1% (26.3)",
        "oppCorsiAgainst": "53.9% (59.2) // 56.1% (60.5) // 56.2% (62.9) // 57.1% (67.2)",
        "oppFenwickAgainst": "53.8% (45.1) // 56.1% (46.2) // 56.5% (48.3) // 59.4% (53.5)",
        "oppShotsAgainst": "53.1% (32.1) // 54.1% (31.5) // 52.4% (30.8) // 55.2% (33.6)",
        "oppScoringAgainst": "53.6% (31.6) // 55.6% (30.2) // 56.3% (32.0) // 58.9% (37.6)",
        "savesPerGame": 30.5,
        "savesPerGameLast1": 43.0,
        "savesPerGameLast3": 36.3,
        "savesPerGameLast5": 33.6,
        "savesPer60": 30.6,
        "savesPer60Last1": 42.5,
        "savesPer60Last3": 35.9,
        "savesPer60Last5": 33.9,
        "shotsPerGame": 29.7,
        "shotsPerGameLast5": 23.2,
        "shotsAgainstPerGame": 33.5,
        "shotsAgainstPerGameLast5": 36.4,
        "oppSavesAgainstPer60": 25.3,
        "oppSavesAgainstPer60Last1": 23.8,
        "oppSavesAgainstPer60Last3": 21.4,
        "oppSavesAgainstPer60Last5": 22.5,
        "oppShotsAgainstPerGame": 32.4,
        "oppShotsAgainstPerGameLast5": 30.8,
        "savesProj": 27.0,
        "savesProjLast5": 26.7,
        "savesProjLast3": 27.1,
        "oppSavesAgainstProj": 27.7,
        "oppSavesAgainstProjLast5": 26.3,
        "oppSavesAgainstProjLast3": 26.1,
        "totalOver": 17,
        "totalOverLast5": 20,
        "totalOverLast15": 20,
        "lastTotalOver": 11,
        "last5": "0,0,0,0,1,0,0,0,0,1",
        "overOdds": "+260",
        "underOdds": "0",
        "overUnder": "+260 / 0"
    },
    {
        "player": "Colton Sissons",
        "team": "NSH",
        "opponent": "STL",
        "propType": "g",
        "line": 0.5,
        "ppLine": "PP2",
        "avg": 0.15,
        "hit": false,
        "diffAvg": -0.7,
        "diffAbs": 0.8,
        "lastAvg": 0.08,
        "diff": -0.84,
        "avgMin": 15,
        "proj": 0.1,
        "lastAvgMin": 16.15,
        "oppOver": 0,
        "teamOver": 0,
        "gameLine": "-145",
        "+/-": "+2",
        "L5_+/-": -3.0,
        "prevMatchup": "2023-01-19 1.0 g 2022-12-12 0.0 g 2022-10-27 0.0 g",
        "winLossSplits": "0.21 - 0.08",
        "awayHome": "H",
        "playedYesterday": "N",
        "awayHomeSplits": "0.16 - 0.14",
        "savesAboveExp": -0.172,
        "gsaa": -21.62,
        "corsi": "48.0% (57.0) // 42.7% (46.6) // 40.8% (45.6) // 37.3% (44.0)",
        "fenwick": "47.6% (41.9) // 40.8% (33.1) // 38.6% (32.5) // 35.6% (31.3)",
        "shots": "47.0% (29.3) // 41.7% (23.5) // 38.9% (22.8) // 39.8% (25.3)",
