[
    {
        "player": "Alex Pietrangelo",
        "team": "VGK",
        "opponent": "DAL",
        "propType": "ast",
        "line": 0.5,
        "ppLine": "PP2",
        "avg": 0.61,
        "hit": false,
        "diffAvg": 0.22,
        "diffAbs": 0.2,
        "lastAvg": 0.38,
        "diff": -0.24,
        "avgMin": 23,
        "proj": 0.4,
        "lastAvgMin": 24.63,
        "oppOver": 0,
        "teamOver": 0,
        "gameLine": "-125",
        "+/-": "+18",
        "L5_+/-": "+7.0",
        "prevMatchup": "2023-05-19 1.0 ast 2023-04-08 0.0 ast 2023-02-25 0.0 ast 2023-01-16 0.0 ast",
        "winLossSplits": "57% - 19%",
        "awayHome": "H",
        "playedYesterday": "N",
        "awayHomeSplits": "38% - 48%",
        "savesAboveExp": 0.39,
        "gsaa": 26.05,
        "corsi": "48.6% (57.5) // 48.0% (56.0) // 48.6% (57.5) // 48.6% (57.5)",
        "fenwick": "49.7% (42.3) // 48.8% (40.5) // 49.7% (42.3) // 49.7% (42.3)",
        "shots": "50.5% (31.1) // 50.2% (28.8) // 50.5% (31.1) // 50.5% (31.1)",
        "scoring": "49.5% (29.2) // 49.0% (28.7) // 49.5% (29.2) // 49.5% (29.2)",
        "corsiAgainst": "51.4% (60.7) // 52.0% (60.6) // 51.4% (60.7) // 51.4% (60.7)",
        "fenwickAgainst": "50.3% (42.8) // 51.2% (42.5) // 50.3% (42.8) // 50.3% (42.8)",
        "shotsAgainst": "49.5% (30.4) // 49.8% (28.5) // 49.5% (30.4) // 49.5% (30.4)",
        "scoringAgainst": "50.5% (29.8) // 51.0% (29.9) // 50.5% (29.8) // 50.5% (29.8)",
        "oppCorsi": "52.0% (59.9) // 57.0% (56.0) // 52.0% (59.9) // 52.0% (59.9)",
        "oppFenwick": "51.3% (43.7) // 56.1% (40.6) // 51.3% (43.7) // 51.3% (43.7)",
        "oppShots": "51.6% (31.5) // 56.3% (29.0) // 51.6% (31.5) // 51.6% (31.5)",
        "oppScoring": "53.7% (31.5) // 61.3% (29.6) // 53.7% (31.5) // 53.7% (31.5)",
        "oppCorsiAgainst": "48.0% (55.3) // 43.0% (42.3) // 48.0% (55.3) // 48.0% (55.3)",
        "oppFenwickAgainst": "48.7% (41.4) // 43.9% (31.7) // 48.7% (41.4) // 48.7% (41.4)",
        "oppShotsAgainst": "48.4% (29.5) // 43.7% (22.5) // 48.4% (29.5) // 48.4% (29.5)",
        "oppScoringAgainst": "46.3% (27.2) // 38.7% (18.6) // 46.3% (27.2) // 46.3% (27.2)",
        "savesPerGame": 28.1,
        "savesPerGameLast1": 33.0,
        "savesPerGameLast3": 34.3,
        "savesPerGameLast5": 32.0,
        "savesPer60": 32.6,
        "savesPer60Last1": 33.9,
        "savesPer60Last3": 34.6,
        "savesPer60Last5": 32.0,
        "shotsPerGame": 31.5,
        "shotsPerGameLast5": 29.8,
        "shotsAgainstPerGame": 30.9,
        "shotsAgainstPerGameLast5": 34.6,
        "oppSavesAgainstPer60": 33.3,
        "oppSavesAgainstPer60Last1": 35.7,
        "oppSavesAgainstPer60Last3": 27.0,
        "oppSavesAgainstPer60Last5": 22.8,
        "oppShotsAgainstPerGame": 29.9,
        "oppShotsAgainstPerGameLast5": 27.8,
        "savesProj": 28.2,
        "savesProjLast5": 22.6,
        "savesProjLast3": 28.2,
        "oppSavesAgainstProj": 31.6,
        "oppSavesAgainstProjLast5": 21.4,
        "oppSavesAgainstProjLast3": 27.5,
        "totalOver": 43,
        "totalOverLast5": 40,
        "totalOverLast15": 47,
        "lastTotalOver": 37,
        "last5": "1,1,0,0,0,1,1,0,2,2",
        "overOdds": "+130",
        "underOdds": "-160",
        "overUnder": "+130 / -160"
    },
    {
        "player": "Jack Eichel",
        "team": "VGK",
        "opponent": "DAL",
        "propType": "ast",
        "line": 0.5,
        "ppLine": "PP1",
        "avg": 0.59,
        "hit": false,
        "diffAvg": 0.18,
        "diffAbs": 0.4,
        "lastAvg": 0.32,
        "diff": -0.36,
        "avgMin": 18,
        "proj": 0.3,
        "lastAvgMin": 19.38,
        "oppOver": 0,
        "teamOver": 0,
        "gameLine": "-125",
        "+/-": "+33",
        "L5_+/-": "+9.0",
        "prevMatchup": "2023-05-19 0.0 ast 2023-02-25 0.0 ast 2023-01-16 0.0 ast",
        "winLossSplits": "60% - 30%",
        "awayHome": "H",
        "playedYesterday": "N",
        "awayHomeSplits": "54% - 45%",
        "savesAboveExp": 0.39,
        "gsaa": 26.05,
        "corsi": "48.6% (57.5) // 48.0% (56.0) // 48.6% (57.5) // 48.6% (57.5)",
        "fenwick": "49.7% (42.3) // 48.8% (40.5) // 49.7% (42.3) // 49.7% (42.3)",
        "shots": "50.5% (31.1) // 50.2% (28.8) // 50.5% (31.1) // 50.5% (31.1)",
        "scoring": "49.5% (29.2) // 49.0% (28.7) // 49.5% (29.2) // 49.5% (29.2)",
        "corsiAgainst": "51.4% (60.7) // 52.0% (60.6) // 51.4% (60.7) // 51.4% (60.7)",
        "fenwickAgainst": "50.3% (42.8) // 51.2% (42.5) // 50.3% (42.8) // 50.3% (42.8)",
        "shotsAgainst": "49.5% (30.4) // 49.8% (28.5) // 49.5% (30.4) // 49.5% (30.4)",
        "scoringAgainst": "50.5% (29.8) // 51.0% (29.9) // 50.5% (29.8) // 50.5% (29.8)",
        "oppCorsi": "52.0% (59.9) // 57.0% (56.0) // 52.0% (59.9) // 52.0% (59.9)",
        "oppFenwick": "51.3% (43.7) // 56.1% (40.6) // 51.3% (43.7) // 51.3% (43.7)",
        "oppShots": "51.6% (31.5) // 56.3% (29.0) // 51.6% (31.5) // 51.6% (31.5)",
        "oppScoring": "53.7% (31.5) // 61.3% (29.6) // 53.7% (31.5) // 53.7% (31.5)",
        "oppCorsiAgainst": "48.0% (55.3) // 43.0% (42.3) // 48.0% (55.3) // 48.0% (55.3)",
        "oppFenwickAgainst": "48.7% (41.4) // 43.9% (31.7) // 48.7% (41.4) // 48.7% (41.4)",
        "oppShotsAgainst": "48.4% (29.5) // 43.7% (22.5) // 48.4% (29.5) // 48.4% (29.5)",
        "oppScoringAgainst": "46.3% (27.2) // 38.7% (18.6) // 46.3% (27.2) // 46.3% (27.2)",
        "savesPerGame": 28.1,
        "savesPerGameLast1": 33.0,
        "savesPerGameLast3": 34.3,
        "savesPerGameLast5": 32.0,
        "savesPer60": 32.6,
        "savesPer60Last1": 33.9,
        "savesPer60Last3": 34.6,
        "savesPer60Last5": 32.0,
        "shotsPerGame": 31.5,
        "shotsPerGameLast5": 29.8,
        "shotsAgainstPerGame": 30.9,
        "shotsAgainstPerGameLast5": 34.6,
        "oppSavesAgainstPer60": 33.3,
        "oppSavesAgainstPer60Last1": 35.7,
        "oppSavesAgainstPer60Last3": 27.0,
        "oppSavesAgainstPer60Last5": 22.8,
        "oppShotsAgainstPerGame": 29.9,
        "oppShotsAgainstPerGameLast5": 27.8,
        "savesProj": 28.2,
        "savesProjLast5": 22.6,
        "savesProjLast3": 28.2,
        "oppSavesAgainstProj": 31.6,
        "oppSavesAgainstProjLast5": 21.4,
        "oppSavesAgainstProjLast3": 27.5,
        "totalOver": 49,
        "totalOverLast5": 60,
        "totalOverLast15": 53,
        "lastTotalOver": 32,
        "last5": "0,1,2,0,2,0,1,1,0,1",
        "overOdds": "+100",
        "underOdds": "-130",
        "overUnder": "+100 / -130"
    },
    {
        "player": "Jamie Benn",
        "team": "DAL",
        "opponent": "VGK",
        "propType": "ast",
        "line": 0.5,
        "ppLine": "PP1",
        "avg": 0.55,
        "hit": false,
        "diffAvg": 0.1,
        "diffAbs": 0.4,
        "lastAvg": 0.31,
        "diff": -0.38,
        "avgMin": 16,
        "proj": 0.3,
        "lastAvgMin": 16.73,
        "oppOver": 0,
        "teamOver": 0,
        "gameLine": "+105",
        "+/-": "+26",
        "L5_+/-": "+2.0",
        "prevMatchup": "2023-05-19 0.0 ast 2023-04-08 0.0 ast 2023-02-25 2.0 ast 2023-01-16 0.0 ast",
        "winLossSplits": "51% - 34%",
        "awayHome": "A",
        "playedYesterday": "N",
        "awayHomeSplits": "42% - 46%",
        "savesAboveExp": -0.478,
        "gsaa": 8.04,
        "corsi": "52.0% (59.9) // 57.0% (56.0) // 52.0% (59.9) // 52.0% (59.9)",
        "fenwick": "51.3% (43.7) // 56.1% (40.6) // 51.3% (43.7) // 51.3% (43.7)",
        "shots": "51.6% (31.5) // 56.3% (29.0) // 51.6% (31.5) // 51.6% (31.5)",
        "scoring": "53.7% (31.5) // 61.3% (29.6) // 53.7% (31.5) // 53.7% (31.5)",
        "corsiAgainst": "48.0% (55.3) // 43.0% (42.3) // 48.0% (55.3) // 48.0% (55.3)",
        "fenwickAgainst": "48.7% (41.4) // 43.9% (31.7) // 48.7% (41.4) // 48.7% (41.4)",
        "shotsAgainst": "48.4% (29.5) // 43.7% (22.5) // 48.4% (29.5) // 48.4% (29.5)",
        "scoringAgainst": "46.3% (27.2) // 38.7% (18.6) // 46.3% (27.2) // 46.3% (27.2)",
        "oppCorsi": "48.6% (57.5) // 48.0% (56.0) // 48.6% (57.5) // 48.6% (57.5)",
        "oppFenwick": "49.7% (42.3) // 48.8% (40.5) // 49.7% (42.3) // 49.7% (42.3)",
        "oppShots": "50.5% (31.1) // 50.2% (28.8) // 50.5% (31.1) // 50.5% (31.1)",
        "oppScoring": "49.5% (29.2) // 49.0% (28.7) // 49.5% (29.2) // 49.5% (29.2)",
        "oppCorsiAgainst": "51.4% (60.7) // 52.0% (60.6) // 51.4% (60.7) // 51.4% (60.7)",
        "oppFenwickAgainst": "50.3% (42.8) // 51.2% (42.5) // 50.3% (42.8) // 50.3% (42.8)",
        "oppShotsAgainst": "49.5% (30.4) // 49.8% (28.5) // 49.5% (30.4) // 49.5% (30.4)",
        "oppScoringAgainst": "50.5% (29.8) // 51.0% (29.9) // 50.5% (29.8) // 50.5% (29.8)",
        "savesPerGame": 27.3,
        "savesPerGameLast1": 33.0,
        "savesPerGameLast3": 26.0,
        "savesPerGameLast5": 24.6,
        "savesPer60": 32.3,
        "savesPer60Last1": 33.7,
        "savesPer60Last3": 25.8,
        "savesPer60Last5": 24.5,
        "shotsPerGame": 31.9,
        "shotsPerGameLast5": 26.6,
        "shotsAgainstPerGame": 29.9,
        "shotsAgainstPerGameLast5": 27.8,
        "oppSavesAgainstPer60": 32.6,
        "oppSavesAgainstPer60Last1": 32.6,
        "oppSavesAgainstPer60Last3": 26.3,
        "oppSavesAgainstPer60Last5": 26.4,
        "oppShotsAgainstPerGame": 30.9,
        "oppShotsAgainstPerGameLast5": 34.6,
        "savesProj": 28.0,
        "savesProjLast5": 19.6,
        "savesProjLast3": 20.3,
        "oppSavesAgainstProj": 29.9,
        "oppSavesAgainstProjLast5": 20.5,
        "oppSavesAgainstProjLast3": 21.4,
        "totalOver": 44,
        "totalOverLast5": 40,
        "totalOverLast15": 53,
        "lastTotalOver": 29,
        "last5": "0,0,0,1,1,1,1,1,0,0",
        "overOdds": "+145",
        "underOdds": "-180",
        "overUnder": "+145 / -180"
    },
    {
        "player": "Jason Robertson",
        "team": "DAL",
        "opponent": "VGK",
        "propType": "ast",
        "line": 0.5,
        "ppLine": "PP1",
        "avg": 0.77,
        "hit": false,
        "diffAvg": 0.54,
        "diffAbs": 0.0,
        "lastAvg": 0.47,
        "diff": -0.06,
        "avgMin": 18,
        "proj": 0.5,
        "lastAvgMin": 18.1,
        "oppOver": 0,
        "teamOver": 0,
        "gameLine": "+105",
        "+/-": "+40",
        "L5_+/-": "+4.0",
        "prevMatchup": "2023-05-19 1.0 ast 2023-04-08 0.0 ast 2023-02-25 1.0 ast 2023-01-16 0.0 ast",
        "winLossSplits": "65% - 34%",
        "awayHome": "A",
        "playedYesterday": "N",
        "awayHomeSplits": "54% - 50%",
        "savesAboveExp": -0.478,
        "gsaa": 8.04,
        "corsi": "52.0% (59.9) // 57.0% (56.0) // 52.0% (59.9) // 52.0% (59.9)",
        "fenwick": "51.3% (43.7) // 56.1% (40.6) // 51.3% (43.7) // 51.3% (43.7)",
        "shots": "51.6% (31.5) // 56.3% (29.0) // 51.6% (31.5) // 51.6% (31.5)",
        "scoring": "53.7% (31.5) // 61.3% (29.6) // 53.7% (31.5) // 53.7% (31.5)",
        "corsiAgainst": "48.0% (55.3) // 43.0% (42.3) // 48.0% (55.3) // 48.0% (55.3)",
        "fenwickAgainst": "48.7% (41.4) // 43.9% (31.7) // 48.7% (41.4) // 48.7% (41.4)",
        "shotsAgainst": "48.4% (29.5) // 43.7% (22.5) // 48.4% (29.5) // 48.4% (29.5)",
        "scoringAgainst": "46.3% (27.2) // 38.7% (18.6) // 46.3% (27.2) // 46.3% (27.2)",
        "oppCorsi": "48.6% (57.5) // 48.0% (56.0) // 48.6% (57.5) // 48.6% (57.5)",
        "oppFenwick": "49.7% (42.3) // 48.8% (40.5) // 49.7% (42.3) // 49.7% (42.3)",
        "oppShots": "50.5% (31.1) // 50.2% (28.8) // 50.5% (31.1) // 50.5% (31.1)",
        "oppScoring": "49.5% (29.2) // 49.0% (28.7) // 49.5% (29.2) // 49.5% (29.2)",
        "oppCorsiAgainst": "51.4% (60.7) // 52.0% (60.6) // 51.4% (60.7) // 51.4% (60.7)",
        "oppFenwickAgainst": "50.3% (42.8) // 51.2% (42.5) // 50.3% (42.8) // 50.3% (42.8)",
        "oppShotsAgainst": "49.5% (30.4) // 49.8% (28.5) // 49.5% (30.4) // 49.5% (30.4)",
        "oppScoringAgainst": "50.5% (29.8) // 51.0% (29.9) // 50.5% (29.8) // 50.5% (29.8)",
        "savesPerGame": 27.3,
        "savesPerGameLast1": 33.0,
        "savesPerGameLast3": 26.0,
        "savesPerGameLast5": 24.6,
        "savesPer60": 32.3,
        "savesPer60Last1": 33.7,
        "savesPer60Last3": 25.8,
        "savesPer60Last5": 24.5,
        "shotsPerGame": 31.9,
        "shotsPerGameLast5": 26.6,
        "shotsAgainstPerGame": 29.9,
        "shotsAgainstPerGameLast5": 27.8,
        "oppSavesAgainstPer60": 32.6,
        "oppSavesAgainstPer60Last1": 32.6,
        "oppSavesAgainstPer60Last3": 26.3,
        "oppSavesAgainstPer60Last5": 26.4,
        "oppShotsAgainstPerGame": 30.9,
        "oppShotsAgainstPerGameLast5": 34.6,
        "savesProj": 28.0,
        "savesProjLast5": 19.6,
        "savesProjLast3": 20.3,
        "oppSavesAgainstProj": 29.9,
        "oppSavesAgainstProjLast5": 20.5,
        "oppSavesAgainstProjLast3": 21.4,
        "totalOver": 52,
        "totalOverLast5": 80,
        "totalOverLast15": 53,
        "lastTotalOver": 41,
        "last5": "1,0,1,3,1,0,0,0,1,1",
        "overOdds": "-130",
        "underOdds": "+100",
        "overUnder": "-130 / +100"
    },
    {
        "player": "Joe Pavelski",
        "team": "DAL",
        "opponent": "VGK",
        "propType": "ast",
        "line": 0.5,
        "ppLine": "PP1",
        "avg": 0.58,
        "hit": false,
        "diffAvg": 0.16,
        "diffAbs": 0.0,
        "lastAvg": 0.59,
        "diff": 0.18,
        "avgMin": 17,
        "proj": 0.5,
        "lastAvgMin": 18.47,
        "oppOver": 0,
        "teamOver": 0,
        "gameLine": "+105",
        "+/-": "+45",
        "L5_+/-": "+3.0",
        "prevMatchup": "2023-05-19 2.0 ast 2023-04-08 0.0 ast 2023-02-25 0.0 ast 2023-01-16 1.0 ast",
        "winLossSplits": "49% - 40%",
        "awayHome": "A",
        "playedYesterday": "N",
        "awayHomeSplits": "36% - 54%",
        "savesAboveExp": -0.478,
        "gsaa": 8.04,
        "corsi": "52.0% (59.9) // 57.0% (56.0) // 52.0% (59.9) // 52.0% (59.9)",
        "fenwick": "51.3% (43.7) // 56.1% (40.6) // 51.3% (43.7) // 51.3% (43.7)",
        "shots": "51.6% (31.5) // 56.3% (29.0) // 51.6% (31.5) // 51.6% (31.5)",
        "scoring": "53.7% (31.5) // 61.3% (29.6) // 53.7% (31.5) // 53.7% (31.5)",
        "corsiAgainst": "48.0% (55.3) // 43.0% (42.3) // 48.0% (55.3) // 48.0% (55.3)",
        "fenwickAgainst": "48.7% (41.4) // 43.9% (31.7) // 48.7% (41.4) // 48.7% (41.4)",
        "shotsAgainst": "48.4% (29.5) // 43.7% (22.5) // 48.4% (29.5) // 48.4% (29.5)",
        "scoringAgainst": "46.3% (27.2) // 38.7% (18.6) // 46.3% (27.2) // 46.3% (27.2)",
        "oppCorsi": "48.6% (57.5) // 48.0% (56.0) // 48.6% (57.5) // 48.6% (57.5)",
        "oppFenwick": "49.7% (42.3) // 48.8% (40.5) // 49.7% (42.3) // 49.7% (42.3)",
        "oppShots": "50.5% (31.1) // 50.2% (28.8) // 50.5% (31.1) // 50.5% (31.1)",
        "oppScoring": "49.5% (29.2) // 49.0% (28.7) // 49.5% (29.2) // 49.5% (29.2)",
        "oppCorsiAgainst": "51.4% (60.7) // 52.0% (60.6) // 51.4% (60.7) // 51.4% (60.7)",
        "oppFenwickAgainst": "50.3% (42.8) // 51.2% (42.5) // 50.3% (42.8) // 50.3% (42.8)",
        "oppShotsAgainst": "49.5% (30.4) // 49.8% (28.5) // 49.5% (30.4) // 49.5% (30.4)",
        "oppScoringAgainst": "50.5% (29.8) // 51.0% (29.9) // 50.5% (29.8) // 50.5% (29.8)",
        "savesPerGame": 27.3,
        "savesPerGameLast1": 33.0,
        "savesPerGameLast3": 26.0,
        "savesPerGameLast5": 24.6,
        "savesPer60": 32.3,
        "savesPer60Last1": 33.7,
        "savesPer60Last3": 25.8,
        "savesPer60Last5": 24.5,
        "shotsPerGame": 31.9,
        "shotsPerGameLast5": 26.6,
        "shotsAgainstPerGame": 29.9,
        "shotsAgainstPerGameLast5": 27.8,
        "oppSavesAgainstPer60": 32.6,
        "oppSavesAgainstPer60Last1": 32.6,
        "oppSavesAgainstPer60Last3": 26.3,
        "oppSavesAgainstPer60Last5": 26.4,
        "oppShotsAgainstPerGame": 30.9,
        "oppShotsAgainstPerGameLast5": 34.6,
        "savesProj": 28.0,
        "savesProjLast5": 19.6,
        "savesProjLast3": 20.3,
        "oppSavesAgainstProj": 29.9,
        "oppSavesAgainstProjLast5": 20.5,
        "oppSavesAgainstProjLast3": 21.4,
        "totalOver": 45,
        "totalOverLast5": 40,
        "totalOverLast15": 27,
        "lastTotalOver": 49,
        "last5": "2,0,0,1,0,0,0,0,1,0",
        "overOdds": "+130",
        "underOdds": "-160",
        "overUnder": "+130 / -160"
    },
    {
        "player": "Jonathan Marchessault",
        "team": "VGK",
        "opponent": "DAL",
        "propType": "ast",
        "line": 0.5,
        "ppLine": "PP1",
        "avg": 0.39,
        "hit": false,
        "diffAvg": -0.22,
        "diffAbs": 0.0,
        "lastAvg": 0.47,
        "diff": -0.06,
        "avgMin": 17,
        "proj": 0.5,
        "lastAvgMin": 17.57,
        "oppOver": 0,
        "teamOver": 0,
        "gameLine": "-125",
        "+/-": "+11",
        "L5_+/-": "+8.0",
        "prevMatchup": "2023-05-19 0.0 ast 2023-04-08 0.0 ast 2023-02-25 1.0 ast 2023-01-16 0.0 ast",
        "winLossSplits": "39% - 19%",
        "awayHome": "H",
        "playedYesterday": "N",
        "awayHomeSplits": "33% - 31%",
        "savesAboveExp": 0.39,
        "gsaa": 26.05,
        "corsi": "48.6% (57.5) // 48.0% (56.0) // 48.6% (57.5) // 48.6% (57.5)",
        "fenwick": "49.7% (42.3) // 48.8% (40.5) // 49.7% (42.3) // 49.7% (42.3)",
        "shots": "50.5% (31.1) // 50.2% (28.8) // 50.5% (31.1) // 50.5% (31.1)",
        "scoring": "49.5% (29.2) // 49.0% (28.7) // 49.5% (29.2) // 49.5% (29.2)",
        "corsiAgainst": "51.4% (60.7) // 52.0% (60.6) // 51.4% (60.7) // 51.4% (60.7)",
        "fenwickAgainst": "50.3% (42.8) // 51.2% (42.5) // 50.3% (42.8) // 50.3% (42.8)",
        "shotsAgainst": "49.5% (30.4) // 49.8% (28.5) // 49.5% (30.4) // 49.5% (30.4)",
        "scoringAgainst": "50.5% (29.8) // 51.0% (29.9) // 50.5% (29.8) // 50.5% (29.8)",
        "oppCorsi": "52.0% (59.9) // 57.0% (56.0) // 52.0% (59.9) // 52.0% (59.9)",
        "oppFenwick": "51.3% (43.7) // 56.1% (40.6) // 51.3% (43.7) // 51.3% (43.7)",
        "oppShots": "51.6% (31.5) // 56.3% (29.0) // 51.6% (31.5) // 51.6% (31.5)",
        "oppScoring": "53.7% (31.5) // 61.3% (29.6) // 53.7% (31.5) // 53.7% (31.5)",
        "oppCorsiAgainst": "48.0% (55.3) // 43.0% (42.3) // 48.0% (55.3) // 48.0% (55.3)",
        "oppFenwickAgainst": "48.7% (41.4) // 43.9% (31.7) // 48.7% (41.4) // 48.7% (41.4)",
        "oppShotsAgainst": "48.4% (29.5) // 43.7% (22.5) // 48.4% (29.5) // 48.4% (29.5)",
        "oppScoringAgainst": "46.3% (27.2) // 38.7% (18.6) // 46.3% (27.2) // 46.3% (27.2)",
        "savesPerGame": 28.1,
        "savesPerGameLast1": 33.0,
        "savesPerGameLast3": 34.3,
        "savesPerGameLast5": 32.0,
        "savesPer60": 32.6,
        "savesPer60Last1": 33.9,
        "savesPer60Last3": 34.6,
        "savesPer60Last5": 32.0,
        "shotsPerGame": 31.5,
        "shotsPerGameLast5": 29.8,
        "shotsAgainstPerGame": 30.9,
        "shotsAgainstPerGameLast5": 34.6,
        "oppSavesAgainstPer60": 33.3,
        "oppSavesAgainstPer60Last1": 35.7,
        "oppSavesAgainstPer60Last3": 27.0,
        "oppSavesAgainstPer60Last5": 22.8,
        "oppShotsAgainstPerGame": 29.9,
        "oppShotsAgainstPerGameLast5": 27.8,
        "savesProj": 28.2,
        "savesProjLast5": 22.6,
        "savesProjLast3": 28.2,
        "oppSavesAgainstProj": 31.6,
        "oppSavesAgainstProjLast5": 21.4,
        "oppSavesAgainstProjLast3": 27.5,
        "totalOver": 32,
        "totalOverLast5": 20,
        "totalOverLast15": 20,
        "lastTotalOver": 35,
        "last5": "0,0,3,0,0,0,0,0,1,0",
        "overOdds": "+195",
        "underOdds": "-240",
        "overUnder": "+195 / -240"
    },
    {
        "player": "Mark Stone",
        "team": "VGK",
        "opponent": "DAL",
        "propType": "ast",
        "line": 0.5,
        "ppLine": "PP1",
        "avg": 0.53,
        "hit": false,
        "diffAvg": 0.06,
        "diffAbs": 0.2,
        "lastAvg": 0.55,
        "diff": 0.1,
        "avgMin": 19,
        "proj": 0.6,
        "lastAvgMin": 18.33,
        "oppOver": 0,
        "teamOver": 0,
        "gameLine": "-125",
        "+/-": "+14",
        "L5_+/-": "+4.0",
        "prevMatchup": "2023-05-19 1.0 ast",
        "winLossSplits": "54% - 28%",
        "awayHome": "H",
        "playedYesterday": "N",
        "awayHomeSplits": "56% - 37%",
        "savesAboveExp": 0.39,
        "gsaa": 26.05,
        "corsi": "48.6% (57.5) // 48.0% (56.0) // 48.6% (57.5) // 48.6% (57.5)",
        "fenwick": "49.7% (42.3) // 48.8% (40.5) // 49.7% (42.3) // 49.7% (42.3)",
        "shots": "50.5% (31.1) // 50.2% (28.8) // 50.5% (31.1) // 50.5% (31.1)",
        "scoring": "49.5% (29.2) // 49.0% (28.7) // 49.5% (29.2) // 49.5% (29.2)",
        "corsiAgainst": "51.4% (60.7) // 52.0% (60.6) // 51.4% (60.7) // 51.4% (60.7)",
        "fenwickAgainst": "50.3% (42.8) // 51.2% (42.5) // 50.3% (42.8) // 50.3% (42.8)",
        "shotsAgainst": "49.5% (30.4) // 49.8% (28.5) // 49.5% (30.4) // 49.5% (30.4)",
        "scoringAgainst": "50.5% (29.8) // 51.0% (29.9) // 50.5% (29.8) // 50.5% (29.8)",
        "oppCorsi": "52.0% (59.9) // 57.0% (56.0) // 52.0% (59.9) // 52.0% (59.9)",
        "oppFenwick": "51.3% (43.7) // 56.1% (40.6) // 51.3% (43.7) // 51.3% (43.7)",
        "oppShots": "51.6% (31.5) // 56.3% (29.0) // 51.6% (31.5) // 51.6% (31.5)",
        "oppScoring": "53.7% (31.5) // 61.3% (29.6) // 53.7% (31.5) // 53.7% (31.5)",
        "oppCorsiAgainst": "48.0% (55.3) // 43.0% (42.3) // 48.0% (55.3) // 48.0% (55.3)",
        "oppFenwickAgainst": "48.7% (41.4) // 43.9% (31.7) // 48.7% (41.4) // 48.7% (41.4)",
        "oppShotsAgainst": "48.4% (29.5) // 43.7% (22.5) // 48.4% (29.5) // 48.4% (29.5)",
        "oppScoringAgainst": "46.3% (27.2) // 38.7% (18.6) // 46.3% (27.2) // 46.3% (27.2)",
        "savesPerGame": 28.1,
        "savesPerGameLast1": 33.0,
        "savesPerGameLast3": 34.3,
        "savesPerGameLast5": 32.0,
        "savesPer60": 32.6,
        "savesPer60Last1": 33.9,
        "savesPer60Last3": 34.6,
        "savesPer60Last5": 32.0,
        "shotsPerGame": 31.5,
        "shotsPerGameLast5": 29.8,
        "shotsAgainstPerGame": 30.9,
        "shotsAgainstPerGameLast5": 34.6,
        "oppSavesAgainstPer60": 33.3,
        "oppSavesAgainstPer60Last1": 35.7,
        "oppSavesAgainstPer60Last3": 27.0,
        "oppSavesAgainstPer60Last5": 22.8,
        "oppShotsAgainstPerGame": 29.9,
        "oppShotsAgainstPerGameLast5": 27.8,
        "savesProj": 28.2,
        "savesProjLast5": 22.6,
        "savesProjLast3": 28.2,
        "oppSavesAgainstProj": 31.6,
        "oppSavesAgainstProjLast5": 21.4,
        "oppSavesAgainstProjLast3": 27.5,
        "totalOver": 45,
        "totalOverLast5": 20,
        "totalOverLast15": 47,
        "lastTotalOver": 47,
        "last5": "1,0,0,0,0,1,1,2,1,1",
        "overOdds": "+120",
        "underOdds": "-150",
        "overUnder": "+120 / -150"
    },
    {
        "player": "Max Domi",
        "team": "DAL",
        "opponent": "VGK",
        "propType": "ast",
        "line": 0.5,
        "ppLine": "PP2",
        "avg": 0.47,
        "hit": false,
        "diffAvg": -0.06,
        "diffAbs": 0.2,
        "lastAvg": 0.33,
        "diff": -0.34,
        "avgMin": 17,
        "proj": 0.4,
        "lastAvgMin": 13.03,
        "oppOver": 0,
        "teamOver": 0,
        "gameLine": "+105",
        "+/-": -10,
        "L5_+/-": -1.0,
        "prevMatchup": "2023-05-19 0.0 ast 2023-04-08 0.0 ast 2023-02-21 1.0 ast 2022-12-15 0.0 ast 2022-10-13 0.0 ast",
        "winLossSplits": "47% - 31%",
        "awayHome": "A",
        "playedYesterday": "N",
        "awayHomeSplits": "43% - 34%",
        "savesAboveExp": -0.478,
        "gsaa": 8.04,
        "corsi": "52.0% (59.9) // 57.0% (56.0) // 52.0% (59.9) // 52.0% (59.9)",
        "fenwick": "51.3% (43.7) // 56.1% (40.6) // 51.3% (43.7) // 51.3% (43.7)",
        "shots": "51.6% (31.5) // 56.3% (29.0) // 51.6% (31.5) // 51.6% (31.5)",
        "scoring": "53.7% (31.5) // 61.3% (29.6) // 53.7% (31.5) // 53.7% (31.5)",
        "corsiAgainst": "48.0% (55.3) // 43.0% (42.3) // 48.0% (55.3) // 48.0% (55.3)",
        "fenwickAgainst": "48.7% (41.4) // 43.9% (31.7) // 48.7% (41.4) // 48.7% (41.4)",
        "shotsAgainst": "48.4% (29.5) // 43.7% (22.5) // 48.4% (29.5) // 48.4% (29.5)",
        "scoringAgainst": "46.3% (27.2) // 38.7% (18.6) // 46.3% (27.2) // 46.3% (27.2)",
        "oppCorsi": "48.6% (57.5) // 48.0% (56.0) // 48.6% (57.5) // 48.6% (57.5)",
        "oppFenwick": "49.7% (42.3) // 48.8% (40.5) // 49.7% (42.3) // 49.7% (42.3)",
        "oppShots": "50.5% (31.1) // 50.2% (28.8) // 50.5% (31.1) // 50.5% (31.1)",
        "oppScoring": "49.5% (29.2) // 49.0% (28.7) // 49.5% (29.2) // 49.5% (29.2)",
        "oppCorsiAgainst": "51.4% (60.7) // 52.0% (60.6) // 51.4% (60.7) // 51.4% (60.7)",
        "oppFenwickAgainst": "50.3% (42.8) // 51.2% (42.5) // 50.3% (42.8) // 50.3% (42.8)",
        "oppShotsAgainst": "49.5% (30.4) // 49.8% (28.5) // 49.5% (30.4) // 49.5% (30.4)",
        "oppScoringAgainst": "50.5% (29.8) // 51.0% (29.9) // 50.5% (29.8) // 50.5% (29.8)",
        "savesPerGame": 27.3,
        "savesPerGameLast1": 33.0,
        "savesPerGameLast3": 26.0,
        "savesPerGameLast5": 24.6,
        "savesPer60": 32.3,
        "savesPer60Last1": 33.7,
        "savesPer60Last3": 25.8,
        "savesPer60Last5": 24.5,
        "shotsPerGame": 31.9,
        "shotsPerGameLast5": 26.6,
        "shotsAgainstPerGame": 29.9,
        "shotsAgainstPerGameLast5": 27.8,
        "oppSavesAgainstPer60": 32.6,
        "oppSavesAgainstPer60Last1": 32.6,
        "oppSavesAgainstPer60Last3": 26.3,
        "oppSavesAgainstPer60Last5": 26.4,
        "oppShotsAgainstPerGame": 30.9,
        "oppShotsAgainstPerGameLast5": 34.6,
        "savesProj": 28.0,
        "savesProjLast5": 19.6,
        "savesProjLast3": 20.3,
        "oppSavesAgainstProj": 29.9,
        "oppSavesAgainstProjLast5": 20.5,
        "oppSavesAgainstProjLast3": 21.4,
        "totalOver": 38,
        "totalOverLast5": 40,
        "totalOverLast15": 40,
        "lastTotalOver": 29,
        "last5": "0,0,1,0,1,0,1,3,1,1",
        "overOdds": "+205",
        "underOdds": "-255",
        "overUnder": "+205 / -255"
    },
    {
        "player": "Miro Heiskanen",
        "team": "DAL",
        "opponent": "VGK",
        "propType": "ast",
        "line": 0.5,
        "ppLine": "PP1",
        "avg": 0.75,
        "hit": false,
        "diffAvg": 0.5,
        "diffAbs": 0.2,
        "lastAvg": 0.4,
        "diff": -0.2,
        "avgMin": 25,
        "proj": 0.4,
        "lastAvgMin": 24.88,
        "oppOver": 0,
        "teamOver": 0,
        "gameLine": "+105",
        "+/-": "+12",
        "L5_+/-": -1.0,
        "prevMatchup": "2023-05-19 0.0 ast 2023-04-08 0.0 ast 2023-02-25 0.0 ast 2023-01-16 0.0 ast",
        "winLossSplits": "50% - 46%",
        "awayHome": "A",
        "playedYesterday": "N",
        "awayHomeSplits": "53% - 43%",
        "savesAboveExp": -0.478,
        "gsaa": 8.04,
        "corsi": "52.0% (59.9) // 57.0% (56.0) // 52.0% (59.9) // 52.0% (59.9)",
        "fenwick": "51.3% (43.7) // 56.1% (40.6) // 51.3% (43.7) // 51.3% (43.7)",
        "shots": "51.6% (31.5) // 56.3% (29.0) // 51.6% (31.5) // 51.6% (31.5)",
        "scoring": "53.7% (31.5) // 61.3% (29.6) // 53.7% (31.5) // 53.7% (31.5)",
        "corsiAgainst": "48.0% (55.3) // 43.0% (42.3) // 48.0% (55.3) // 48.0% (55.3)",
        "fenwickAgainst": "48.7% (41.4) // 43.9% (31.7) // 48.7% (41.4) // 48.7% (41.4)",
        "shotsAgainst": "48.4% (29.5) // 43.7% (22.5) // 48.4% (29.5) // 48.4% (29.5)",
        "scoringAgainst": "46.3% (27.2) // 38.7% (18.6) // 46.3% (27.2) // 46.3% (27.2)",
        "oppCorsi": "48.6% (57.5) // 48.0% (56.0) // 48.6% (57.5) // 48.6% (57.5)",
        "oppFenwick": "49.7% (42.3) // 48.8% (40.5) // 49.7% (42.3) // 49.7% (42.3)",
        "oppShots": "50.5% (31.1) // 50.2% (28.8) // 50.5% (31.1) // 50.5% (31.1)",
        "oppScoring": "49.5% (29.2) // 49.0% (28.7) // 49.5% (29.2) // 49.5% (29.2)",
        "oppCorsiAgainst": "51.4% (60.7) // 52.0% (60.6) // 51.4% (60.7) // 51.4% (60.7)",
        "oppFenwickAgainst": "50.3% (42.8) // 51.2% (42.5) // 50.3% (42.8) // 50.3% (42.8)",
        "oppShotsAgainst": "49.5% (30.4) // 49.8% (28.5) // 49.5% (30.4) // 49.5% (30.4)",
        "oppScoringAgainst": "50.5% (29.8) // 51.0% (29.9) // 50.5% (29.8) // 50.5% (29.8)",
        "savesPerGame": 27.3,
        "savesPerGameLast1": 33.0,
        "savesPerGameLast3": 26.0,
        "savesPerGameLast5": 24.6,
        "savesPer60": 32.3,
        "savesPer60Last1": 33.7,
        "savesPer60Last3": 25.8,
        "savesPer60Last5": 24.5,
        "shotsPerGame": 31.9,
        "shotsPerGameLast5": 26.6,
        "shotsAgainstPerGame": 29.9,
        "shotsAgainstPerGameLast5": 27.8,
        "oppSavesAgainstPer60": 32.6,
        "oppSavesAgainstPer60Last1": 32.6,
        "oppSavesAgainstPer60Last3": 26.3,
        "oppSavesAgainstPer60Last5": 26.4,
        "oppShotsAgainstPerGame": 30.9,
        "oppShotsAgainstPerGameLast5": 34.6,
        "savesProj": 28.0,
        "savesProjLast5": 19.6,
        "savesProjLast3": 20.3,
        "oppSavesAgainstProj": 29.9,
        "oppSavesAgainstProjLast5": 20.5,
        "oppSavesAgainstProjLast3": 21.4,
        "totalOver": 48,
        "totalOverLast5": 40,
        "totalOverLast15": 40,
        "lastTotalOver": 36,
        "last5": "0,0,1,0,1,0,0,1,0,1",
        "overOdds": "-150",
        "underOdds": "+120",
        "overUnder": "-150 / +120"
    },
    {
        "player": "Reilly Smith",
        "team": "VGK",
        "opponent": "DAL",
        "propType": "ast",
        "line": 0.5,
        "ppLine": "PP2",
        "avg": 0.4,
        "hit": false,
        "diffAvg": -0.2,
        "diffAbs": 0.2,
        "lastAvg": 0.39,
        "diff": -0.22,
        "avgMin": 16,
        "proj": 0.4,
        "lastAvgMin": 17.78,
        "oppOver": 0,
        "teamOver": 0,
        "gameLine": "-125",
        "+/-": "+14",
        "L5_+/-": "+3.0",
        "prevMatchup": "2023-05-19 0.0 ast 2023-04-08 0.0 ast 2023-02-25 0.0 ast 2023-01-16 0.0 ast",
        "winLossSplits": "41% - 19%",
        "awayHome": "H",
        "playedYesterday": "N",
        "awayHomeSplits": "32% - 35%",
        "savesAboveExp": 0.39,
        "gsaa": 26.05,
        "corsi": "48.6% (57.5) // 48.0% (56.0) // 48.6% (57.5) // 48.6% (57.5)",
        "fenwick": "49.7% (42.3) // 48.8% (40.5) // 49.7% (42.3) // 49.7% (42.3)",
        "shots": "50.5% (31.1) // 50.2% (28.8) // 50.5% (31.1) // 50.5% (31.1)",
        "scoring": "49.5% (29.2) // 49.0% (28.7) // 49.5% (29.2) // 49.5% (29.2)",
        "corsiAgainst": "51.4% (60.7) // 52.0% (60.6) // 51.4% (60.7) // 51.4% (60.7)",
        "fenwickAgainst": "50.3% (42.8) // 51.2% (42.5) // 50.3% (42.8) // 50.3% (42.8)",
        "shotsAgainst": "49.5% (30.4) // 49.8% (28.5) // 49.5% (30.4) // 49.5% (30.4)",
        "scoringAgainst": "50.5% (29.8) // 51.0% (29.9) // 50.5% (29.8) // 50.5% (29.8)",
        "oppCorsi": "52.0% (59.9) // 57.0% (56.0) // 52.0% (59.9) // 52.0% (59.9)",
        "oppFenwick": "51.3% (43.7) // 56.1% (40.6) // 51.3% (43.7) // 51.3% (43.7)",
        "oppShots": "51.6% (31.5) // 56.3% (29.0) // 51.6% (31.5) // 51.6% (31.5)",
        "oppScoring": "53.7% (31.5) // 61.3% (29.6) // 53.7% (31.5) // 53.7% (31.5)",
        "oppCorsiAgainst": "48.0% (55.3) // 43.0% (42.3) // 48.0% (55.3) // 48.0% (55.3)",
        "oppFenwickAgainst": "48.7% (41.4) // 43.9% (31.7) // 48.7% (41.4) // 48.7% (41.4)",
        "oppShotsAgainst": "48.4% (29.5) // 43.7% (22.5) // 48.4% (29.5) // 48.4% (29.5)",
        "oppScoringAgainst": "46.3% (27.2) // 38.7% (18.6) // 46.3% (27.2) // 46.3% (27.2)",
        "savesPerGame": 28.1,
        "savesPerGameLast1": 33.0,
        "savesPerGameLast3": 34.3,
        "savesPerGameLast5": 32.0,
        "savesPer60": 32.6,
        "savesPer60Last1": 33.9,
        "savesPer60Last3": 34.6,
        "savesPer60Last5": 32.0,
        "shotsPerGame": 31.5,
        "shotsPerGameLast5": 29.8,
        "shotsAgainstPerGame": 30.9,
        "shotsAgainstPerGameLast5": 34.6,
        "oppSavesAgainstPer60": 33.3,
        "oppSavesAgainstPer60Last1": 35.7,
        "oppSavesAgainstPer60Last3": 27.0,
        "oppSavesAgainstPer60Last5": 22.8,
        "oppShotsAgainstPerGame": 29.9,
        "oppShotsAgainstPerGameLast5": 27.8,
        "savesProj": 28.2,
        "savesProjLast5": 22.6,
        "savesProjLast3": 28.2,
        "oppSavesAgainstProj": 31.6,
        "oppSavesAgainstProjLast5": 21.4,
        "oppSavesAgainstProjLast3": 27.5,
        "totalOver": 33,
        "totalOverLast5": 40,
        "totalOverLast15": 47,
        "lastTotalOver": 34,
        "last5": "0,1,0,0,1,0,1,1,0,1",
        "overOdds": "+185",
        "underOdds": "-230",
        "overUnder": "+185 / -230"
    },
    {
        "player": "Roope Hintz",
        "team": "DAL",
        "opponent": "VGK",
        "propType": "ast",
        "line": 0.5,
        "ppLine": "PP1",
        "avg": 0.57,
        "hit": false,
        "diffAvg": 0.14,
        "diffAbs": 0.2,
        "lastAvg": 0.41,
        "diff": -0.18,
        "avgMin": 17,
        "proj": 0.4,
        "lastAvgMin": 18.03,
        "oppOver": 0,
        "teamOver": 0,
        "gameLine": "+105",
        "+/-": "+38",
        "L5_+/-": "+6.0",
        "prevMatchup": "2023-05-19 2.0 ast 2023-04-08 0.0 ast 2023-02-25 0.0 ast",
        "winLossSplits": "53% - 21%",
        "awayHome": "A",
        "playedYesterday": "N",
        "awayHomeSplits": "40% - 39%",
        "savesAboveExp": -0.478,
        "gsaa": 8.04,
        "corsi": "52.0% (59.9) // 57.0% (56.0) // 52.0% (59.9) // 52.0% (59.9)",
        "fenwick": "51.3% (43.7) // 56.1% (40.6) // 51.3% (43.7) // 51.3% (43.7)",
        "shots": "51.6% (31.5) // 56.3% (29.0) // 51.6% (31.5) // 51.6% (31.5)",
        "scoring": "53.7% (31.5) // 61.3% (29.6) // 53.7% (31.5) // 53.7% (31.5)",
        "corsiAgainst": "48.0% (55.3) // 43.0% (42.3) // 48.0% (55.3) // 48.0% (55.3)",
        "fenwickAgainst": "48.7% (41.4) // 43.9% (31.7) // 48.7% (41.4) // 48.7% (41.4)",
        "shotsAgainst": "48.4% (29.5) // 43.7% (22.5) // 48.4% (29.5) // 48.4% (29.5)",
        "scoringAgainst": "46.3% (27.2) // 38.7% (18.6) // 46.3% (27.2) // 46.3% (27.2)",
        "oppCorsi": "48.6% (57.5) // 48.0% (56.0) // 48.6% (57.5) // 48.6% (57.5)",
        "oppFenwick": "49.7% (42.3) // 48.8% (40.5) // 49.7% (42.3) // 49.7% (42.3)",
        "oppShots": "50.5% (31.1) // 50.2% (28.8) // 50.5% (31.1) // 50.5% (31.1)",
        "oppScoring": "49.5% (29.2) // 49.0% (28.7) // 49.5% (29.2) // 49.5% (29.2)",
        "oppCorsiAgainst": "51.4% (60.7) // 52.0% (60.6) // 51.4% (60.7) // 51.4% (60.7)",
        "oppFenwickAgainst": "50.3% (42.8) // 51.2% (42.5) // 50.3% (42.8) // 50.3% (42.8)",
        "oppShotsAgainst": "49.5% (30.4) // 49.8% (28.5) // 49.5% (30.4) // 49.5% (30.4)",
        "oppScoringAgainst": "50.5% (29.8) // 51.0% (29.9) // 50.5% (29.8) // 50.5% (29.8)",
        "savesPerGame": 27.3,
        "savesPerGameLast1": 33.0,
        "savesPerGameLast3": 26.0,
        "savesPerGameLast5": 24.6,
        "savesPer60": 32.3,
        "savesPer60Last1": 33.7,
        "savesPer60Last3": 25.8,
        "savesPer60Last5": 24.5,
        "shotsPerGame": 31.9,
        "shotsPerGameLast5": 26.6,
        "shotsAgainstPerGame": 29.9,
        "shotsAgainstPerGameLast5": 27.8,
        "oppSavesAgainstPer60": 32.6,
        "oppSavesAgainstPer60Last1": 32.6,
        "oppSavesAgainstPer60Last3": 26.3,
        "oppSavesAgainstPer60Last5": 26.4,
        "oppShotsAgainstPerGame": 30.9,
        "oppShotsAgainstPerGameLast5": 34.6,
        "savesProj": 28.0,
        "savesProjLast5": 19.6,
        "savesProjLast3": 20.3,
        "oppSavesAgainstProj": 29.9,
        "oppSavesAgainstProjLast5": 20.5,
        "oppSavesAgainstProjLast3": 21.4,
        "totalOver": 39,
        "totalOverLast5": 60,
        "totalOverLast15": 47,
        "lastTotalOver": 32,
        "last5": "2,0,0,1,1,0,1,0,0,3",
        "overOdds": "+125",
        "underOdds": "-155",
        "overUnder": "+125 / -155"
    },
    {
        "player": "Shea Theodore",
        "team": "VGK",
        "opponent": "DAL",
        "propType": "ast",
        "line": 0.5,
        "ppLine": "PP1",
        "avg": 0.58,
        "hit": false,
        "diffAvg": 0.16,
        "diffAbs": 0.2,
        "lastAvg": 0.49,
        "diff": -0.02,
        "avgMin": 21,
        "proj": 0.4,
        "lastAvgMin": 23.13,
        "oppOver": 0,
        "teamOver": 0,
        "gameLine": "-125",
        "+/-": "+18",
        "L5_+/-": "+3.0",
        "prevMatchup": "2023-05-19 0.0 ast 2023-02-25 1.0 ast",
        "winLossSplits": "52% - 40%",
        "awayHome": "H",
        "playedYesterday": "N",
        "awayHomeSplits": "51% - 45%",
        "savesAboveExp": 0.39,
        "gsaa": 26.05,
        "corsi": "48.6% (57.5) // 48.0% (56.0) // 48.6% (57.5) // 48.6% (57.5)",
        "fenwick": "49.7% (42.3) // 48.8% (40.5) // 49.7% (42.3) // 49.7% (42.3)",
        "shots": "50.5% (31.1) // 50.2% (28.8) // 50.5% (31.1) // 50.5% (31.1)",
        "scoring": "49.5% (29.2) // 49.0% (28.7) // 49.5% (29.2) // 49.5% (29.2)",
        "corsiAgainst": "51.4% (60.7) // 52.0% (60.6) // 51.4% (60.7) // 51.4% (60.7)",
        "fenwickAgainst": "50.3% (42.8) // 51.2% (42.5) // 50.3% (42.8) // 50.3% (42.8)",
        "shotsAgainst": "49.5% (30.4) // 49.8% (28.5) // 49.5% (30.4) // 49.5% (30.4)",
        "scoringAgainst": "50.5% (29.8) // 51.0% (29.9) // 50.5% (29.8) // 50.5% (29.8)",
        "oppCorsi": "52.0% (59.9) // 57.0% (56.0) // 52.0% (59.9) // 52.0% (59.9)",
        "oppFenwick": "51.3% (43.7) // 56.1% (40.6) // 51.3% (43.7) // 51.3% (43.7)",
        "oppShots": "51.6% (31.5) // 56.3% (29.0) // 51.6% (31.5) // 51.6% (31.5)",
        "oppScoring": "53.7% (31.5) // 61.3% (29.6) // 53.7% (31.5) // 53.7% (31.5)",
        "oppCorsiAgainst": "48.0% (55.3) // 43.0% (42.3) // 48.0% (55.3) // 48.0% (55.3)",
        "oppFenwickAgainst": "48.7% (41.4) // 43.9% (31.7) // 48.7% (41.4) // 48.7% (41.4)",
        "oppShotsAgainst": "48.4% (29.5) // 43.7% (22.5) // 48.4% (29.5) // 48.4% (29.5)",
        "oppScoringAgainst": "46.3% (27.2) // 38.7% (18.6) // 46.3% (27.2) // 46.3% (27.2)",
        "savesPerGame": 28.1,
        "savesPerGameLast1": 33.0,
        "savesPerGameLast3": 34.3,
        "savesPerGameLast5": 32.0,
        "savesPer60": 32.6,
        "savesPer60Last1": 33.9,
        "savesPer60Last3": 34.6,
        "savesPer60Last5": 32.0,
        "shotsPerGame": 31.5,
        "shotsPerGameLast5": 29.8,
        "shotsAgainstPerGame": 30.9,
        "shotsAgainstPerGameLast5": 34.6,
        "oppSavesAgainstPer60": 33.3,
        "oppSavesAgainstPer60Last1": 35.7,
        "oppSavesAgainstPer60Last3": 27.0,
        "oppSavesAgainstPer60Last5": 22.8,
        "oppShotsAgainstPerGame": 29.9,
        "oppShotsAgainstPerGameLast5": 27.8,
        "savesProj": 28.2,
        "savesProjLast5": 22.6,
        "savesProjLast3": 28.2,
        "oppSavesAgainstProj": 31.6,
        "oppSavesAgainstProjLast5": 21.4,
        "oppSavesAgainstProjLast3": 27.5,
        "totalOver": 48,
        "totalOverLast5": 40,
        "totalOverLast15": 33,
        "lastTotalOver": 39,
        "last5": "0,1,0,1,0,0,0,2,1,0",
        "overOdds": "+165",
        "underOdds": "-205",
        "overUnder": "+165 / -205"
    },
    {
        "player": "Tyler Seguin",
        "team": "DAL",
        "opponent": "VGK",
        "propType": "ast",
        "line": 0.5,
        "ppLine": "PP2",
        "avg": 0.37,
        "hit": false,
        "diffAvg": -0.26,
        "diffAbs": 0.4,
        "lastAvg": 0.28,
        "diff": -0.44,
        "avgMin": 16,
        "proj": 0.3,
        "lastAvgMin": 17.82,
        "oppOver": 0,
        "teamOver": 0,
        "gameLine": "+105",
        "+/-": -1,
