[
    {
        "player": "Alex Pietrangelo",
        "team": "VGK",
        "opponent": "EDM",
        "propType": "bs",
        "line": 2.5,
        "ppLine": "PP2",
        "avg": 2.5,
        "hit": false,
        "diffAvg": 0.0,
        "diffAbs": 1.0,
        "lastAvg": 0.0,
        "diff": 0,
        "avgMin": 24,
        "proj": 0.0,
        "lastAvgMin": 24.63,
        "oppOver": 0,
        "teamOver": 0,
        "gameLine": "+160",
        "+/-": "+15",
        "L5_+/-": "+4.0",
        "prevMatchup": "2023-05-10 1.0 bs 2023-05-08 5.0 bs 2023-05-06 2.0 bs 2023-05-03 7.0 bs 2023-03-28 4.0 bs 2023-03-25 3.0 bs 2023-01-14 3.0 bs 2022-11-19 0.0 bs",
        "winLossSplits": "35% - 48%",
        "awayHome": "A",
        "playedYesterday": "N",
        "awayHomeSplits": "49% - 33%",
        "savesAboveExp": 0.118,
        "gsaa": 14.07,
        "corsi": "48.6% (57.5) // 48.0% (56.0) // 48.6% (57.5) // 48.6% (57.5)",
        "fenwick": "49.7% (42.3) // 48.8% (40.5) // 49.7% (42.3) // 49.7% (42.3)",
        "shots": "50.5% (31.1) // 50.2% (28.8) // 50.5% (31.1) // 50.5% (31.1)",
        "scoring": "49.5% (29.2) // 49.0% (28.7) // 49.5% (29.2) // 49.5% (29.2)",
        "corsiAgainst": "51.4% (60.7) // 52.0% (60.6) // 51.4% (60.7) // 51.4% (60.7)",
        "fenwickAgainst": "50.3% (42.8) // 51.2% (42.5) // 50.3% (42.8) // 50.3% (42.8)",
        "shotsAgainst": "49.5% (30.4) // 49.8% (28.5) // 49.5% (30.4) // 49.5% (30.4)",
        "scoringAgainst": "50.5% (29.8) // 51.0% (29.9) // 50.5% (29.8) // 50.5% (29.8)",
        "oppCorsi": "52.1% (59.2) // 54.3% (61.2) // 52.1% (59.2) // 52.1% (59.2)",
        "oppFenwick": "51.6% (44.8) // 54.4% (46.8) // 51.6% (44.8) // 51.6% (44.8)",
        "oppShots": "51.7% (33.3) // 54.4% (35.4) // 51.7% (33.3) // 51.7% (33.3)",
        "oppScoring": "53.5% (32.9) // 54.3% (35.5) // 53.5% (32.9) // 53.5% (32.9)",
        "oppCorsiAgainst": "47.9% (54.5) // 45.7% (51.4) // 47.9% (54.5) // 47.9% (54.5)",
        "oppFenwickAgainst": "48.4% (42.0) // 45.6% (39.2) // 48.4% (42.0) // 48.4% (42.0)",
        "oppShotsAgainst": "48.3% (31.1) // 45.6% (29.7) // 48.3% (31.1) // 48.3% (31.1)",
        "oppScoringAgainst": "46.5% (28.6) // 45.7% (29.9) // 46.5% (28.6) // 46.5% (28.6)",
        "savesPerGame": 28.1,
        "savesPerGameLast1": 31.0,
        "savesPerGameLast3": 29.3,
        "savesPerGameLast5": 28.8,
        "savesPer60": 31.9,
        "savesPer60Last1": 31.0,
        "savesPer60Last3": 29.0,
        "savesPer60Last5": 28.6,
        "shotsPerGame": 31.5,
        "shotsPerGameLast5": 31.0,
        "shotsAgainstPerGame": 30.9,
        "shotsAgainstPerGameLast5": 32.2,
        "oppSavesAgainstPer60": 33.7,
        "oppSavesAgainstPer60Last1": 30.9,
        "oppSavesAgainstPer60Last3": 29.3,
        "oppSavesAgainstPer60Last5": 28.5,
        "oppShotsAgainstPerGame": 31.4,
        "oppShotsAgainstPerGameLast5": 31.0,
        "savesProj": 29.4,
        "savesProjLast5": 25.2,
        "savesProjLast3": 26.4,
        "oppSavesAgainstProj": 32.0,
        "oppSavesAgainstProjLast5": 24.0,
        "oppSavesAgainstProjLast3": 25.5,
        "totalOver": 40,
        "totalOverLast5": 60,
        "totalOverLast15": 40,
        "lastTotalOver": 0,
        "last5": "1,5,2,7,5,1,5,0,2,3",
        "overOdds": "-130",
        "underOdds": "+100",
        "overUnder": "-130 / +100"
    },
    {
        "player": "Shea Theodore",
        "team": "VGK",
        "opponent": "EDM",
        "propType": "bs",
        "line": 1.5,
        "ppLine": "PP1",
        "avg": 1.55,
        "hit": false,
        "diffAvg": 0.03,
        "diffAbs": 1.0,
        "lastAvg": 0.0,
        "diff": 0,
        "avgMin": 21,
        "proj": 0.0,
        "lastAvgMin": 23.13,
        "oppOver": 0,
        "teamOver": 0,
        "gameLine": "+160",
        "+/-": "+19",
        "L5_+/-": "+2.0",
        "prevMatchup": "2023-05-12 1.0 bs 2023-05-10 2.0 bs 2023-05-08 3.0 bs 2023-05-06 0.0 bs 2023-05-03 0.0 bs 2023-03-28 2.0 bs 2023-03-25 2.0 bs 2022-11-19 2.0 bs",
        "winLossSplits": "55% - 35%",
        "awayHome": "A",
        "playedYesterday": "N",
        "awayHomeSplits": "56% - 40%",
        "savesAboveExp": 0.118,
        "gsaa": 14.07,
        "corsi": "48.6% (57.5) // 48.0% (56.0) // 48.6% (57.5) // 48.6% (57.5)",
        "fenwick": "49.7% (42.3) // 48.8% (40.5) // 49.7% (42.3) // 49.7% (42.3)",
        "shots": "50.5% (31.1) // 50.2% (28.8) // 50.5% (31.1) // 50.5% (31.1)",
        "scoring": "49.5% (29.2) // 49.0% (28.7) // 49.5% (29.2) // 49.5% (29.2)",
        "corsiAgainst": "51.4% (60.7) // 52.0% (60.6) // 51.4% (60.7) // 51.4% (60.7)",
        "fenwickAgainst": "50.3% (42.8) // 51.2% (42.5) // 50.3% (42.8) // 50.3% (42.8)",
        "shotsAgainst": "49.5% (30.4) // 49.8% (28.5) // 49.5% (30.4) // 49.5% (30.4)",
        "scoringAgainst": "50.5% (29.8) // 51.0% (29.9) // 50.5% (29.8) // 50.5% (29.8)",
        "oppCorsi": "52.1% (59.2) // 54.3% (61.2) // 52.1% (59.2) // 52.1% (59.2)",
        "oppFenwick": "51.6% (44.8) // 54.4% (46.8) // 51.6% (44.8) // 51.6% (44.8)",
        "oppShots": "51.7% (33.3) // 54.4% (35.4) // 51.7% (33.3) // 51.7% (33.3)",
        "oppScoring": "53.5% (32.9) // 54.3% (35.5) // 53.5% (32.9) // 53.5% (32.9)",
        "oppCorsiAgainst": "47.9% (54.5) // 45.7% (51.4) // 47.9% (54.5) // 47.9% (54.5)",
        "oppFenwickAgainst": "48.4% (42.0) // 45.6% (39.2) // 48.4% (42.0) // 48.4% (42.0)",
        "oppShotsAgainst": "48.3% (31.1) // 45.6% (29.7) // 48.3% (31.1) // 48.3% (31.1)",
        "oppScoringAgainst": "46.5% (28.6) // 45.7% (29.9) // 46.5% (28.6) // 46.5% (28.6)",
        "savesPerGame": 28.1,
        "savesPerGameLast1": 31.0,
        "savesPerGameLast3": 29.3,
        "savesPerGameLast5": 28.8,
        "savesPer60": 31.9,
        "savesPer60Last1": 31.0,
        "savesPer60Last3": 29.0,
        "savesPer60Last5": 28.6,
        "shotsPerGame": 31.5,
        "shotsPerGameLast5": 31.0,
        "shotsAgainstPerGame": 30.9,
        "shotsAgainstPerGameLast5": 32.2,
        "oppSavesAgainstPer60": 33.7,
        "oppSavesAgainstPer60Last1": 30.9,
        "oppSavesAgainstPer60Last3": 29.3,
        "oppSavesAgainstPer60Last5": 28.5,
        "oppShotsAgainstPerGame": 31.4,
        "oppShotsAgainstPerGameLast5": 31.0,
        "savesProj": 29.4,
        "savesProjLast5": 25.2,
        "savesProjLast3": 26.4,
        "oppSavesAgainstProj": 32.0,
        "oppSavesAgainstProjLast5": 24.0,
        "oppSavesAgainstProjLast3": 25.5,
        "totalOver": 48,
        "totalOverLast5": 40,
        "totalOverLast15": 60,
        "lastTotalOver": 0,
        "last5": "1,2,3,0,0,1,2,3,1,2",
        "overOdds": "-155",
        "underOdds": "+125",
        "overUnder": "-155 / +125"
    },
    {
        "player": "Zach Whitecloud",
        "team": "VGK",
        "opponent": "EDM",
        "propType": "bs",
        "line": 1.5,
        "ppLine": "",
        "avg": 1.61,
        "hit": false,
        "diffAvg": 0.07,
        "diffAbs": 1.0,
        "lastAvg": 0.0,
        "diff": 0,
        "avgMin": 17,
        "proj": 0.0,
        "lastAvgMin": 18.78,
        "oppOver": 0,
        "teamOver": 0,
        "gameLine": "+160",
        "+/-": "+15",
        "L5_+/-": "+5.0",
        "prevMatchup": "2023-05-12 0.0 bs 2023-05-10 0.0 bs 2023-05-08 1.0 bs 2023-05-06 2.0 bs 2023-05-03 3.0 bs 2023-03-28 3.0 bs 2023-03-25 1.0 bs 2022-11-19 1.0 bs",
        "winLossSplits": "49% - 50%",
        "awayHome": "A",
        "playedYesterday": "N",
        "awayHomeSplits": "51% - 47%",
        "savesAboveExp": 0.118,
        "gsaa": 14.07,
        "corsi": "48.6% (57.5) // 48.0% (56.0) // 48.6% (57.5) // 48.6% (57.5)",
        "fenwick": "49.7% (42.3) // 48.8% (40.5) // 49.7% (42.3) // 49.7% (42.3)",
        "shots": "50.5% (31.1) // 50.2% (28.8) // 50.5% (31.1) // 50.5% (31.1)",
        "scoring": "49.5% (29.2) // 49.0% (28.7) // 49.5% (29.2) // 49.5% (29.2)",
        "corsiAgainst": "51.4% (60.7) // 52.0% (60.6) // 51.4% (60.7) // 51.4% (60.7)",
        "fenwickAgainst": "50.3% (42.8) // 51.2% (42.5) // 50.3% (42.8) // 50.3% (42.8)",
        "shotsAgainst": "49.5% (30.4) // 49.8% (28.5) // 49.5% (30.4) // 49.5% (30.4)",
        "scoringAgainst": "50.5% (29.8) // 51.0% (29.9) // 50.5% (29.8) // 50.5% (29.8)",
        "oppCorsi": "52.1% (59.2) // 54.3% (61.2) // 52.1% (59.2) // 52.1% (59.2)",
        "oppFenwick": "51.6% (44.8) // 54.4% (46.8) // 51.6% (44.8) // 51.6% (44.8)",
        "oppShots": "51.7% (33.3) // 54.4% (35.4) // 51.7% (33.3) // 51.7% (33.3)",
        "oppScoring": "53.5% (32.9) // 54.3% (35.5) // 53.5% (32.9) // 53.5% (32.9)",
        "oppCorsiAgainst": "47.9% (54.5) // 45.7% (51.4) // 47.9% (54.5) // 47.9% (54.5)",
        "oppFenwickAgainst": "48.4% (42.0) // 45.6% (39.2) // 48.4% (42.0) // 48.4% (42.0)",
        "oppShotsAgainst": "48.3% (31.1) // 45.6% (29.7) // 48.3% (31.1) // 48.3% (31.1)",
        "oppScoringAgainst": "46.5% (28.6) // 45.7% (29.9) // 46.5% (28.6) // 46.5% (28.6)",
        "savesPerGame": 28.1,
        "savesPerGameLast1": 31.0,
        "savesPerGameLast3": 29.3,
        "savesPerGameLast5": 28.8,
        "savesPer60": 31.9,
        "savesPer60Last1": 31.0,
        "savesPer60Last3": 29.0,
        "savesPer60Last5": 28.6,
        "shotsPerGame": 31.5,
        "shotsPerGameLast5": 31.0,
        "shotsAgainstPerGame": 30.9,
        "shotsAgainstPerGameLast5": 32.2,
        "oppSavesAgainstPer60": 33.7,
        "oppSavesAgainstPer60Last1": 30.9,
        "oppSavesAgainstPer60Last3": 29.3,
        "oppSavesAgainstPer60Last5": 28.5,
        "oppShotsAgainstPerGame": 31.4,
        "oppShotsAgainstPerGameLast5": 31.0,
        "savesProj": 29.4,
        "savesProjLast5": 25.2,
        "savesProjLast3": 26.4,
        "oppSavesAgainstProj": 32.0,
        "oppSavesAgainstProjLast5": 24.0,
        "oppSavesAgainstProjLast3": 25.5,
        "totalOver": 49,
        "totalOverLast5": 40,
        "totalOverLast15": 47,
        "lastTotalOver": 0,
        "last5": "0,0,1,2,3,2,2,3,0,1",
        "overOdds": "-105",
        "underOdds": "-125",
        "overUnder": "-105 / -125"
    },
    {
        "player": "Alec Martinez",
        "team": "VGK",
        "opponent": "EDM",
        "propType": "bs",
        "line": 2.5,
        "ppLine": "",
        "avg": 3.11,
        "hit": false,
        "diffAvg": 0.24,
        "diffAbs": 1.0,
        "lastAvg": 0.0,
        "diff": 0,
        "avgMin": 19,
        "proj": 0.0,
        "lastAvgMin": 19.53,
        "oppOver": 0,
        "teamOver": 0,
        "gameLine": "+160",
        "+/-": "+36",
        "L5_+/-": "+6.0",
        "prevMatchup": "2023-05-12 5.0 bs 2023-05-10 1.0 bs 2023-05-08 2.0 bs 2023-05-06 4.0 bs 2023-05-03 2.0 bs 2023-03-28 3.0 bs 2023-01-14 1.0 bs 2022-11-19 4.0 bs",
        "winLossSplits": "59% - 48%",
        "awayHome": "A",
        "playedYesterday": "N",
        "awayHomeSplits": "55% - 56%",
        "savesAboveExp": 0.118,
        "gsaa": 14.07,
        "corsi": "48.6% (57.5) // 48.0% (56.0) // 48.6% (57.5) // 48.6% (57.5)",
        "fenwick": "49.7% (42.3) // 48.8% (40.5) // 49.7% (42.3) // 49.7% (42.3)",
        "shots": "50.5% (31.1) // 50.2% (28.8) // 50.5% (31.1) // 50.5% (31.1)",
        "scoring": "49.5% (29.2) // 49.0% (28.7) // 49.5% (29.2) // 49.5% (29.2)",
        "corsiAgainst": "51.4% (60.7) // 52.0% (60.6) // 51.4% (60.7) // 51.4% (60.7)",
        "fenwickAgainst": "50.3% (42.8) // 51.2% (42.5) // 50.3% (42.8) // 50.3% (42.8)",
        "shotsAgainst": "49.5% (30.4) // 49.8% (28.5) // 49.5% (30.4) // 49.5% (30.4)",
        "scoringAgainst": "50.5% (29.8) // 51.0% (29.9) // 50.5% (29.8) // 50.5% (29.8)",
        "oppCorsi": "52.1% (59.2) // 54.3% (61.2) // 52.1% (59.2) // 52.1% (59.2)",
        "oppFenwick": "51.6% (44.8) // 54.4% (46.8) // 51.6% (44.8) // 51.6% (44.8)",
        "oppShots": "51.7% (33.3) // 54.4% (35.4) // 51.7% (33.3) // 51.7% (33.3)",
        "oppScoring": "53.5% (32.9) // 54.3% (35.5) // 53.5% (32.9) // 53.5% (32.9)",
        "oppCorsiAgainst": "47.9% (54.5) // 45.7% (51.4) // 47.9% (54.5) // 47.9% (54.5)",
        "oppFenwickAgainst": "48.4% (42.0) // 45.6% (39.2) // 48.4% (42.0) // 48.4% (42.0)",
        "oppShotsAgainst": "48.3% (31.1) // 45.6% (29.7) // 48.3% (31.1) // 48.3% (31.1)",
        "oppScoringAgainst": "46.5% (28.6) // 45.7% (29.9) // 46.5% (28.6) // 46.5% (28.6)",
        "savesPerGame": 28.1,
        "savesPerGameLast1": 31.0,
        "savesPerGameLast3": 29.3,
        "savesPerGameLast5": 28.8,
        "savesPer60": 31.9,
        "savesPer60Last1": 31.0,
        "savesPer60Last3": 29.0,
        "savesPer60Last5": 28.6,
        "shotsPerGame": 31.5,
        "shotsPerGameLast5": 31.0,
        "shotsAgainstPerGame": 30.9,
        "shotsAgainstPerGameLast5": 32.2,
        "oppSavesAgainstPer60": 33.7,
        "oppSavesAgainstPer60Last1": 30.9,
        "oppSavesAgainstPer60Last3": 29.3,
        "oppSavesAgainstPer60Last5": 28.5,
        "oppShotsAgainstPerGame": 31.4,
        "oppShotsAgainstPerGameLast5": 31.0,
        "savesProj": 29.4,
        "savesProjLast5": 25.2,
        "savesProjLast3": 26.4,
        "oppSavesAgainstProj": 32.0,
        "oppSavesAgainstProjLast5": 24.0,
        "oppSavesAgainstProjLast3": 25.5,
        "totalOver": 55,
        "totalOverLast5": 40,
        "totalOverLast15": 27,
        "lastTotalOver": 0,
        "last5": "5,1,2,4,2,1,2,7,2,2",
        "overOdds": "-140",
        "underOdds": "+110",
        "overUnder": "-140 / +110"
    },
    {
        "player": "Vincent Desharnais",
        "team": "EDM",
        "opponent": "VGK",
        "propType": "bs",
        "line": 1.5,
        "ppLine": "",
        "avg": 1.32,
        "hit": false,
        "diffAvg": -0.12,
        "diffAbs": 1.0,
        "lastAvg": 0,
        "diff": 0,
        "avgMin": 13,
        "proj": 0.0,
        "lastAvgMin": 0,
        "oppOver": 0,
        "teamOver": 0,
        "gameLine": "-190",
        "+/-": "+11",
        "L5_+/-": -3.0,
        "prevMatchup": "2023-05-12 1.0 bs 2023-05-10 1.0 bs 2023-05-08 2.0 bs 2023-05-06 0.0 bs 2023-05-03 0.0 bs 2023-03-28 2.0 bs 2023-03-25 1.0 bs 2023-01-14 1.0 bs",
        "winLossSplits": "29% - 46%",
        "awayHome": "H",
        "playedYesterday": "N",
        "awayHomeSplits": "22% - 50%",
        "savesAboveExp": -0.478,
        "gsaa": 8.04,
        "corsi": "52.1% (59.2) // 54.3% (61.2) // 52.1% (59.2) // 52.1% (59.2)",
        "fenwick": "51.6% (44.8) // 54.4% (46.8) // 51.6% (44.8) // 51.6% (44.8)",
        "shots": "51.7% (33.3) // 54.4% (35.4) // 51.7% (33.3) // 51.7% (33.3)",
        "scoring": "53.5% (32.9) // 54.3% (35.5) // 53.5% (32.9) // 53.5% (32.9)",
        "corsiAgainst": "47.9% (54.5) // 45.7% (51.4) // 47.9% (54.5) // 47.9% (54.5)",
        "fenwickAgainst": "48.4% (42.0) // 45.6% (39.2) // 48.4% (42.0) // 48.4% (42.0)",
        "shotsAgainst": "48.3% (31.1) // 45.6% (29.7) // 48.3% (31.1) // 48.3% (31.1)",
        "scoringAgainst": "46.5% (28.6) // 45.7% (29.9) // 46.5% (28.6) // 46.5% (28.6)",
        "oppCorsi": "48.6% (57.5) // 48.0% (56.0) // 48.6% (57.5) // 48.6% (57.5)",
        "oppFenwick": "49.7% (42.3) // 48.8% (40.5) // 49.7% (42.3) // 49.7% (42.3)",
        "oppShots": "50.5% (31.1) // 50.2% (28.8) // 50.5% (31.1) // 50.5% (31.1)",
        "oppScoring": "49.5% (29.2) // 49.0% (28.7) // 49.5% (29.2) // 49.5% (29.2)",
        "oppCorsiAgainst": "51.4% (60.7) // 52.0% (60.6) // 51.4% (60.7) // 51.4% (60.7)",
        "oppFenwickAgainst": "50.3% (42.8) // 51.2% (42.5) // 50.3% (42.8) // 50.3% (42.8)",
        "oppShotsAgainst": "49.5% (30.4) // 49.8% (28.5) // 49.5% (30.4) // 49.5% (30.4)",
        "oppScoringAgainst": "50.5% (29.8) // 51.0% (29.9) // 50.5% (29.8) // 50.5% (29.8)",
        "savesPerGame": 28.2,
        "savesPerGameLast1": 27.0,
        "savesPerGameLast3": 26.7,
        "savesPerGameLast5": 27.6,
        "savesPer60": 32.2,
        "savesPer60Last1": 26.2,
        "savesPer60Last3": 26.4,
        "savesPer60Last5": 27.4,
        "shotsPerGame": 33.6,
        "shotsPerGameLast5": 32.2,
        "shotsAgainstPerGame": 31.4,
        "shotsAgainstPerGameLast5": 31.0,
        "oppSavesAgainstPer60": 31.9,
        "oppSavesAgainstPer60Last1": 26.7,
        "oppSavesAgainstPer60Last3": 27.3,
        "oppSavesAgainstPer60Last5": 28.0,
        "oppShotsAgainstPerGame": 30.9,
        "oppShotsAgainstPerGameLast5": 32.2,
        "savesProj": 28.6,
        "savesProjLast5": 23.7,
        "savesProjLast3": 22.1,
        "oppSavesAgainstProj": 30.5,
        "oppSavesAgainstProjLast5": 24.2,
        "oppSavesAgainstProjLast3": 22.8,
        "totalOver": 34,
        "totalOverLast5": 20,
        "totalOverLast15": 47,
        "lastTotalOver": 0,
        "last5": "1,1,2,0,0,1,2,0,2,2",
        "overOdds": "+135",
        "underOdds": "-165",
        "overUnder": "+135 / -165"
    },
    {
        "player": "Cody Ceci",
        "team": "EDM",
        "opponent": "VGK",
        "propType": "bs",
        "line": 1.5,
        "ppLine": "",
        "avg": 1.52,
        "hit": false,
        "diffAvg": 0.01,
        "diffAbs": 1.0,
        "lastAvg": 0.0,
        "diff": 0,
        "avgMin": 20,
        "proj": 0.0,
        "lastAvgMin": 20.88,
        "oppOver": 0,
        "teamOver": 0,
        "gameLine": "-190",
        "+/-": "+8",
        "L5_+/-": -4.0,
        "prevMatchup": "2023-05-12 1.0 bs 2023-05-10 2.0 bs 2023-05-08 3.0 bs 2023-05-06 2.0 bs 2023-05-03 1.0 bs 2023-03-28 0.0 bs 2023-03-25 2.0 bs 2023-01-14 3.0 bs 2022-11-19 4.0 bs",
        "winLossSplits": "48% - 46%",
        "awayHome": "H",
        "playedYesterday": "N",
        "awayHomeSplits": "47% - 48%",
        "savesAboveExp": -0.478,
        "gsaa": 8.04,
        "corsi": "52.1% (59.2) // 54.3% (61.2) // 52.1% (59.2) // 52.1% (59.2)",
        "fenwick": "51.6% (44.8) // 54.4% (46.8) // 51.6% (44.8) // 51.6% (44.8)",
        "shots": "51.7% (33.3) // 54.4% (35.4) // 51.7% (33.3) // 51.7% (33.3)",
        "scoring": "53.5% (32.9) // 54.3% (35.5) // 53.5% (32.9) // 53.5% (32.9)",
        "corsiAgainst": "47.9% (54.5) // 45.7% (51.4) // 47.9% (54.5) // 47.9% (54.5)",
        "fenwickAgainst": "48.4% (42.0) // 45.6% (39.2) // 48.4% (42.0) // 48.4% (42.0)",
        "shotsAgainst": "48.3% (31.1) // 45.6% (29.7) // 48.3% (31.1) // 48.3% (31.1)",
        "scoringAgainst": "46.5% (28.6) // 45.7% (29.9) // 46.5% (28.6) // 46.5% (28.6)",
        "oppCorsi": "48.6% (57.5) // 48.0% (56.0) // 48.6% (57.5) // 48.6% (57.5)",
        "oppFenwick": "49.7% (42.3) // 48.8% (40.5) // 49.7% (42.3) // 49.7% (42.3)",
        "oppShots": "50.5% (31.1) // 50.2% (28.8) // 50.5% (31.1) // 50.5% (31.1)",
        "oppScoring": "49.5% (29.2) // 49.0% (28.7) // 49.5% (29.2) // 49.5% (29.2)",
        "oppCorsiAgainst": "51.4% (60.7) // 52.0% (60.6) // 51.4% (60.7) // 51.4% (60.7)",
        "oppFenwickAgainst": "50.3% (42.8) // 51.2% (42.5) // 50.3% (42.8) // 50.3% (42.8)",
        "oppShotsAgainst": "49.5% (30.4) // 49.8% (28.5) // 49.5% (30.4) // 49.5% (30.4)",
        "oppScoringAgainst": "50.5% (29.8) // 51.0% (29.9) // 50.5% (29.8) // 50.5% (29.8)",
        "savesPerGame": 28.2,
        "savesPerGameLast1": 27.0,
        "savesPerGameLast3": 26.7,
        "savesPerGameLast5": 27.6,
        "savesPer60": 32.2,
        "savesPer60Last1": 26.2,
        "savesPer60Last3": 26.4,
        "savesPer60Last5": 27.4,
        "shotsPerGame": 33.6,
        "shotsPerGameLast5": 32.2,
        "shotsAgainstPerGame": 31.4,
        "shotsAgainstPerGameLast5": 31.0,
        "oppSavesAgainstPer60": 31.9,
        "oppSavesAgainstPer60Last1": 26.7,
        "oppSavesAgainstPer60Last3": 27.3,
        "oppSavesAgainstPer60Last5": 28.0,
        "oppShotsAgainstPerGame": 30.9,
        "oppShotsAgainstPerGameLast5": 32.2,
        "savesProj": 28.6,
        "savesProjLast5": 23.7,
        "savesProjLast3": 22.1,
        "oppSavesAgainstProj": 30.5,
        "oppSavesAgainstProjLast5": 24.2,
        "oppSavesAgainstProjLast3": 22.8,
        "totalOver": 47,
        "totalOverLast5": 60,
        "totalOverLast15": 67,
        "lastTotalOver": 0,
        "last5": "1,2,3,2,1,3,5,3,3,2",
        "overOdds": "-140",
        "underOdds": "+110",
        "overUnder": "-140 / +110"
    },
    {
        "player": "Brayden Mcnabb",
        "team": "VGK",
        "opponent": "EDM",
        "propType": "bs",
        "line": 2.5,
        "ppLine": "",
        "avg": 2.42,
        "hit": false,
        "diffAvg": -0.03,
        "diffAbs": 1.0,
        "lastAvg": 0.0,
        "diff": 0,
        "avgMin": 19,
        "proj": 0.0,
        "lastAvgMin": 19.7,
        "oppOver": 0,
        "teamOver": 0,
        "gameLine": "+160",
        "+/-": "+14",
        "L5_+/-": "+4.0",
        "prevMatchup": "2023-05-12 4.0 bs 2023-05-10 2.0 bs 2023-05-08 5.0 bs 2023-05-06 1.0 bs 2023-05-03 3.0 bs 2023-03-28 2.0 bs 2023-03-25 4.0 bs 2023-01-14 1.0 bs 2022-11-19 2.0 bs",
        "winLossSplits": "51% - 31%",
        "awayHome": "A",
        "playedYesterday": "N",
        "awayHomeSplits": "44% - 42%",
        "savesAboveExp": 0.118,
        "gsaa": 14.07,
        "corsi": "48.6% (57.5) // 48.0% (56.0) // 48.6% (57.5) // 48.6% (57.5)",
        "fenwick": "49.7% (42.3) // 48.8% (40.5) // 49.7% (42.3) // 49.7% (42.3)",
        "shots": "50.5% (31.1) // 50.2% (28.8) // 50.5% (31.1) // 50.5% (31.1)",
        "scoring": "49.5% (29.2) // 49.0% (28.7) // 49.5% (29.2) // 49.5% (29.2)",
        "corsiAgainst": "51.4% (60.7) // 52.0% (60.6) // 51.4% (60.7) // 51.4% (60.7)",
        "fenwickAgainst": "50.3% (42.8) // 51.2% (42.5) // 50.3% (42.8) // 50.3% (42.8)",
        "shotsAgainst": "49.5% (30.4) // 49.8% (28.5) // 49.5% (30.4) // 49.5% (30.4)",
        "scoringAgainst": "50.5% (29.8) // 51.0% (29.9) // 50.5% (29.8) // 50.5% (29.8)",
        "oppCorsi": "52.1% (59.2) // 54.3% (61.2) // 52.1% (59.2) // 52.1% (59.2)",
        "oppFenwick": "51.6% (44.8) // 54.4% (46.8) // 51.6% (44.8) // 51.6% (44.8)",
        "oppShots": "51.7% (33.3) // 54.4% (35.4) // 51.7% (33.3) // 51.7% (33.3)",
        "oppScoring": "53.5% (32.9) // 54.3% (35.5) // 53.5% (32.9) // 53.5% (32.9)",
        "oppCorsiAgainst": "47.9% (54.5) // 45.7% (51.4) // 47.9% (54.5) // 47.9% (54.5)",
        "oppFenwickAgainst": "48.4% (42.0) // 45.6% (39.2) // 48.4% (42.0) // 48.4% (42.0)",
        "oppShotsAgainst": "48.3% (31.1) // 45.6% (29.7) // 48.3% (31.1) // 48.3% (31.1)",
        "oppScoringAgainst": "46.5% (28.6) // 45.7% (29.9) // 46.5% (28.6) // 46.5% (28.6)",
        "savesPerGame": 28.1,
        "savesPerGameLast1": 31.0,
        "savesPerGameLast3": 29.3,
        "savesPerGameLast5": 28.8,
        "savesPer60": 31.9,
        "savesPer60Last1": 31.0,
        "savesPer60Last3": 29.0,
        "savesPer60Last5": 28.6,
        "shotsPerGame": 31.5,
        "shotsPerGameLast5": 31.0,
        "shotsAgainstPerGame": 30.9,
        "shotsAgainstPerGameLast5": 32.2,
        "oppSavesAgainstPer60": 33.7,
        "oppSavesAgainstPer60Last1": 30.9,
        "oppSavesAgainstPer60Last3": 29.3,
        "oppSavesAgainstPer60Last5": 28.5,
        "oppShotsAgainstPerGame": 31.4,
        "oppShotsAgainstPerGameLast5": 31.0,
        "savesProj": 29.4,
        "savesProjLast5": 25.2,
        "savesProjLast3": 26.4,
        "oppSavesAgainstProj": 32.0,
        "oppSavesAgainstProjLast5": 24.0,
        "oppSavesAgainstProjLast3": 25.5,
        "totalOver": 43,
        "totalOverLast5": 60,
        "totalOverLast15": 40,
        "lastTotalOver": 0,
        "last5": "4,2,5,1,3,2,1,3,1,3",
        "overOdds": "-125",
        "underOdds": "-105",
        "overUnder": "-125 / -105"
    }
]