[
    {
        "player": "Aaron Ekblad",
        "team": "FLA",
        "opponent": "CAR",
        "propType": "sog",
        "line": 1.5,
        "ppLine": "PP2",
        "avg": 2.85,
        "hit": false,
        "diffAvg": 0.9,
        "diffAbs": 0.53,
        "lastAvg": 2.54,
        "diff": 0.69,
        "avgMin": 23,
        "proj": 2.3,
        "lastAvgMin": 24.92,
        "oppOver": 0,
        "teamOver": 0,
        "gameLine": "-115",
        "+/-": -8,
        "L5_+/-": "+6.0",
        "prevMatchup": "2023-05-20 2.0 sog 2023-05-18 2.0 sog 2023-04-13 4.0 sog 2022-12-30 0.0 sog",
        "winLossSplits": "76% - 74%",
        "awayHome": "H",
        "playedYesterday": "N",
        "awayHomeSplits": "68% - 82%",
        "savesAboveExp": -0.44,
        "gsaa": -0.71,
        "corsi": "54.2% (66.3) // 52.5% (66.0) // 54.2% (66.3) // 54.2% (66.3)",
        "fenwick": "53.6% (49.9) // 52.0% (49.3) // 53.6% (49.9) // 53.6% (49.9)",
        "shots": "53.7% (36.5) // 51.9% (35.5) // 53.7% (36.5) // 53.7% (36.5)",
        "scoring": "54.6% (34.8) // 53.4% (34.0) // 54.6% (34.8) // 54.6% (34.8)",
        "corsiAgainst": "45.8% (56.1) // 47.5% (59.7) // 45.8% (56.1) // 45.8% (56.1)",
        "fenwickAgainst": "46.4% (43.2) // 48.0% (45.5) // 46.4% (43.2) // 46.4% (43.2)",
        "shotsAgainst": "46.3% (31.5) // 48.1% (33.0) // 46.3% (31.5) // 46.3% (31.5)",
        "scoringAgainst": "45.4% (28.9) // 46.6% (29.7) // 45.4% (28.9) // 45.4% (28.9)",
        "oppCorsi": "59.9% (67.4) // 61.2% (68.8) // 59.9% (67.4) // 59.9% (67.4)",
        "oppFenwick": "59.1% (50.8) // 60.1% (51.8) // 59.1% (50.8) // 59.1% (50.8)",
        "oppShots": "57.2% (34.3) // 58.4% (34.4) // 57.2% (34.3) // 57.2% (34.3)",
        "oppScoring": "58.9% (33.3) // 62.3% (33.3) // 58.9% (33.3) // 58.9% (33.3)",
        "oppCorsiAgainst": "40.1% (45.2) // 38.8% (43.6) // 40.1% (45.2) // 40.1% (45.2)",
        "oppFenwickAgainst": "40.9% (35.1) // 39.9% (34.4) // 40.9% (35.1) // 40.9% (35.1)",
        "oppShotsAgainst": "42.8% (25.6) // 41.6% (24.5) // 42.8% (25.6) // 42.8% (25.6)",
        "oppScoringAgainst": "41.1% (23.3) // 37.7% (20.2) // 41.1% (23.3) // 41.1% (23.3)",
        "savesPerGame": 28.4,
        "savesPerGameLast1": 37.0,
        "savesPerGameLast3": 50.3,
        "savesPerGameLast5": 39.2,
        "savesPer60": 33.7,
        "savesPer60Last1": 38.1,
        "savesPer60Last3": 77.5,
        "savesPer60Last5": 52.1,
        "shotsPerGame": 36.8,
        "shotsPerGameLast5": 36.8,
        "shotsAgainstPerGame": 31.7,
        "shotsAgainstPerGameLast5": 41.0,
        "oppSavesAgainstPer60": 37.3,
        "oppSavesAgainstPer60Last1": 37.0,
        "oppSavesAgainstPer60Last3": 45.6,
        "oppSavesAgainstPer60Last5": 37.5,
        "oppShotsAgainstPerGame": 26.0,
        "oppShotsAgainstPerGameLast5": 34.2,
        "savesProj": 38.5,
        "savesProjLast5": 69.3,
        "savesProjLast3": 126.4,
        "oppSavesAgainstProj": 36.4,
        "oppSavesAgainstProjLast5": 42.0,
        "oppSavesAgainstProjLast3": 64.1,
        "totalOver": 75,
        "totalOverLast5": 40,
        "totalOverLast15": 60,
        "lastTotalOver": 77,
        "last5": "2,2,1,1,0,2,2,3,2,0",
        "overOdds": "-160",
        "underOdds": "+130",
        "overUnder": "-160 / +130"
    },
    {
        "player": "Aleksander Barkov",
        "team": "FLA",
        "opponent": "CAR",
        "propType": "sog",
        "line": 2.5,
        "ppLine": "PP1",
        "avg": 3.05,
        "hit": false,
        "diffAvg": 0.22,
        "diffAbs": 0.16,
        "lastAvg": 2.78,
        "diff": 0.11,
        "avgMin": 21,
        "proj": 2.9,
        "lastAvgMin": 20.3,
        "oppOver": 0,
        "teamOver": 0,
        "gameLine": "-115",
        "+/-": "+16",
        "L5_+/-": "+8.0",
        "prevMatchup": "2023-05-20 3.0 sog 2023-05-18 3.0 sog 2023-04-13 5.0 sog 2022-12-30 2.0 sog 2022-11-09 6.0 sog",
        "winLossSplits": "58% - 53%",
        "awayHome": "H",
        "playedYesterday": "N",
        "awayHomeSplits": "45% - 68%",
        "savesAboveExp": -0.44,
        "gsaa": -0.71,
        "corsi": "54.2% (66.3) // 52.5% (66.0) // 54.2% (66.3) // 54.2% (66.3)",
        "fenwick": "53.6% (49.9) // 52.0% (49.3) // 53.6% (49.9) // 53.6% (49.9)",
        "shots": "53.7% (36.5) // 51.9% (35.5) // 53.7% (36.5) // 53.7% (36.5)",
        "scoring": "54.6% (34.8) // 53.4% (34.0) // 54.6% (34.8) // 54.6% (34.8)",
        "corsiAgainst": "45.8% (56.1) // 47.5% (59.7) // 45.8% (56.1) // 45.8% (56.1)",
        "fenwickAgainst": "46.4% (43.2) // 48.0% (45.5) // 46.4% (43.2) // 46.4% (43.2)",
        "shotsAgainst": "46.3% (31.5) // 48.1% (33.0) // 46.3% (31.5) // 46.3% (31.5)",
        "scoringAgainst": "45.4% (28.9) // 46.6% (29.7) // 45.4% (28.9) // 45.4% (28.9)",
        "oppCorsi": "59.9% (67.4) // 61.2% (68.8) // 59.9% (67.4) // 59.9% (67.4)",
        "oppFenwick": "59.1% (50.8) // 60.1% (51.8) // 59.1% (50.8) // 59.1% (50.8)",
        "oppShots": "57.2% (34.3) // 58.4% (34.4) // 57.2% (34.3) // 57.2% (34.3)",
        "oppScoring": "58.9% (33.3) // 62.3% (33.3) // 58.9% (33.3) // 58.9% (33.3)",
        "oppCorsiAgainst": "40.1% (45.2) // 38.8% (43.6) // 40.1% (45.2) // 40.1% (45.2)",
        "oppFenwickAgainst": "40.9% (35.1) // 39.9% (34.4) // 40.9% (35.1) // 40.9% (35.1)",
        "oppShotsAgainst": "42.8% (25.6) // 41.6% (24.5) // 42.8% (25.6) // 42.8% (25.6)",
        "oppScoringAgainst": "41.1% (23.3) // 37.7% (20.2) // 41.1% (23.3) // 41.1% (23.3)",
        "savesPerGame": 28.4,
        "savesPerGameLast1": 37.0,
        "savesPerGameLast3": 50.3,
        "savesPerGameLast5": 39.2,
        "savesPer60": 33.7,
        "savesPer60Last1": 38.1,
        "savesPer60Last3": 77.5,
        "savesPer60Last5": 52.1,
        "shotsPerGame": 36.8,
        "shotsPerGameLast5": 36.8,
        "shotsAgainstPerGame": 31.7,
        "shotsAgainstPerGameLast5": 41.0,
        "oppSavesAgainstPer60": 37.3,
        "oppSavesAgainstPer60Last1": 37.0,
        "oppSavesAgainstPer60Last3": 45.6,
        "oppSavesAgainstPer60Last5": 37.5,
        "oppShotsAgainstPerGame": 26.0,
        "oppShotsAgainstPerGameLast5": 34.2,
        "savesProj": 38.5,
        "savesProjLast5": 69.3,
        "savesProjLast3": 126.4,
        "oppSavesAgainstProj": 36.4,
        "oppSavesAgainstProjLast5": 42.0,
        "oppSavesAgainstProjLast3": 64.1,
        "totalOver": 56,
        "totalOverLast5": 80,
        "totalOverLast15": 53,
        "lastTotalOver": 66,
        "last5": "3,3,3,6,1,1,4,4,2,2",
        "overOdds": "-135",
        "underOdds": "+105",
        "overUnder": "-135 / +105"
    },
    {
        "player": "Anthony Duclair",
        "team": "FLA",
        "opponent": "CAR",
        "propType": "sog",
        "line": 1.5,
        "ppLine": "PP2",
        "avg": 2.21,
        "hit": false,
        "diffAvg": 0.47,
        "diffAbs": 1.0,
        "lastAvg": 0,
        "diff": 0,
        "avgMin": 15,
        "proj": 0.0,
        "lastAvgMin": 0,
        "oppOver": 0,
        "teamOver": 0,
        "gameLine": "-115",
        "+/-": "+1",
        "L5_+/-": "+3.0",
        "prevMatchup": "2023-05-20 3.0 sog 2023-05-18 8.0 sog 2023-04-13 1.0 sog",
        "winLossSplits": "55% - 73%",
        "awayHome": "H",
        "playedYesterday": "N",
        "awayHomeSplits": "56% - 65%",
        "savesAboveExp": -0.44,
        "gsaa": -0.71,
        "corsi": "54.2% (66.3) // 52.5% (66.0) // 54.2% (66.3) // 54.2% (66.3)",
        "fenwick": "53.6% (49.9) // 52.0% (49.3) // 53.6% (49.9) // 53.6% (49.9)",
        "shots": "53.7% (36.5) // 51.9% (35.5) // 53.7% (36.5) // 53.7% (36.5)",
        "scoring": "54.6% (34.8) // 53.4% (34.0) // 54.6% (34.8) // 54.6% (34.8)",
        "corsiAgainst": "45.8% (56.1) // 47.5% (59.7) // 45.8% (56.1) // 45.8% (56.1)",
        "fenwickAgainst": "46.4% (43.2) // 48.0% (45.5) // 46.4% (43.2) // 46.4% (43.2)",
        "shotsAgainst": "46.3% (31.5) // 48.1% (33.0) // 46.3% (31.5) // 46.3% (31.5)",
        "scoringAgainst": "45.4% (28.9) // 46.6% (29.7) // 45.4% (28.9) // 45.4% (28.9)",
        "oppCorsi": "59.9% (67.4) // 61.2% (68.8) // 59.9% (67.4) // 59.9% (67.4)",
        "oppFenwick": "59.1% (50.8) // 60.1% (51.8) // 59.1% (50.8) // 59.1% (50.8)",
        "oppShots": "57.2% (34.3) // 58.4% (34.4) // 57.2% (34.3) // 57.2% (34.3)",
        "oppScoring": "58.9% (33.3) // 62.3% (33.3) // 58.9% (33.3) // 58.9% (33.3)",
        "oppCorsiAgainst": "40.1% (45.2) // 38.8% (43.6) // 40.1% (45.2) // 40.1% (45.2)",
        "oppFenwickAgainst": "40.9% (35.1) // 39.9% (34.4) // 40.9% (35.1) // 40.9% (35.1)",
        "oppShotsAgainst": "42.8% (25.6) // 41.6% (24.5) // 42.8% (25.6) // 42.8% (25.6)",
        "oppScoringAgainst": "41.1% (23.3) // 37.7% (20.2) // 41.1% (23.3) // 41.1% (23.3)",
        "savesPerGame": 28.4,
        "savesPerGameLast1": 37.0,
        "savesPerGameLast3": 50.3,
        "savesPerGameLast5": 39.2,
        "savesPer60": 33.7,
        "savesPer60Last1": 38.1,
        "savesPer60Last3": 77.5,
        "savesPer60Last5": 52.1,
        "shotsPerGame": 36.8,
        "shotsPerGameLast5": 36.8,
        "shotsAgainstPerGame": 31.7,
        "shotsAgainstPerGameLast5": 41.0,
        "oppSavesAgainstPer60": 37.3,
        "oppSavesAgainstPer60Last1": 37.0,
        "oppSavesAgainstPer60Last3": 45.6,
        "oppSavesAgainstPer60Last5": 37.5,
        "oppShotsAgainstPerGame": 26.0,
        "oppShotsAgainstPerGameLast5": 34.2,
        "savesProj": 38.5,
        "savesProjLast5": 69.3,
        "savesProjLast3": 126.4,
        "oppSavesAgainstProj": 36.4,
        "oppSavesAgainstProjLast5": 42.0,
        "oppSavesAgainstProjLast3": 64.1,
        "totalOver": 61,
        "totalOverLast5": 60,
        "totalOverLast15": 53,
        "lastTotalOver": 0,
        "last5": "3,8,1,0,5,2,0,0,2,2",
        "overOdds": "-175",
        "underOdds": "+140",
        "overUnder": "-175 / +140"
    },
    {
        "player": "Brady Skjei",
        "team": "CAR",
        "opponent": "FLA",
        "propType": "sog",
        "line": 1.5,
        "ppLine": "",
        "avg": 2.27,
        "hit": false,
        "diffAvg": 0.51,
        "diffAbs": 0.33,
        "lastAvg": 1.92,
        "diff": 0.28,
        "avgMin": 22,
        "proj": 2.0,
        "lastAvgMin": 21.13,
        "oppOver": 0,
        "teamOver": 0,
        "gameLine": "-105",
        "+/-": "+3",
        "L5_+/-": 0.0,
        "prevMatchup": "2023-05-20 1.0 sog 2023-05-18 3.0 sog 2023-04-13 4.0 sog 2022-12-30 0.0 sog 2022-11-09 2.0 sog",
        "winLossSplits": "71% - 63%",
        "awayHome": "A",
        "playedYesterday": "N",
        "awayHomeSplits": "73% - 63%",
        "savesAboveExp": -0.102,
        "gsaa": -4.63,
        "corsi": "59.9% (67.4) // 61.2% (68.8) // 59.9% (67.4) // 59.9% (67.4)",
        "fenwick": "59.1% (50.8) // 60.1% (51.8) // 59.1% (50.8) // 59.1% (50.8)",
        "shots": "57.2% (34.3) // 58.4% (34.4) // 57.2% (34.3) // 57.2% (34.3)",
        "scoring": "58.9% (33.3) // 62.3% (33.3) // 58.9% (33.3) // 58.9% (33.3)",
        "corsiAgainst": "40.1% (45.2) // 38.8% (43.6) // 40.1% (45.2) // 40.1% (45.2)",
        "fenwickAgainst": "40.9% (35.1) // 39.9% (34.4) // 40.9% (35.1) // 40.9% (35.1)",
        "shotsAgainst": "42.8% (25.6) // 41.6% (24.5) // 42.8% (25.6) // 42.8% (25.6)",
        "scoringAgainst": "41.1% (23.3) // 37.7% (20.2) // 41.1% (23.3) // 41.1% (23.3)",
        "oppCorsi": "54.2% (66.3) // 52.5% (66.0) // 54.2% (66.3) // 54.2% (66.3)",
        "oppFenwick": "53.6% (49.9) // 52.0% (49.3) // 53.6% (49.9) // 53.6% (49.9)",
        "oppShots": "53.7% (36.5) // 51.9% (35.5) // 53.7% (36.5) // 53.7% (36.5)",
        "oppScoring": "54.6% (34.8) // 53.4% (34.0) // 54.6% (34.8) // 54.6% (34.8)",
        "oppCorsiAgainst": "45.8% (56.1) // 47.5% (59.7) // 45.8% (56.1) // 45.8% (56.1)",
        "oppFenwickAgainst": "46.4% (43.2) // 48.0% (45.5) // 46.4% (43.2) // 46.4% (43.2)",
        "oppShotsAgainst": "46.3% (31.5) // 48.1% (33.0) // 46.3% (31.5) // 46.3% (31.5)",
        "oppScoringAgainst": "45.4% (28.9) // 46.6% (29.7) // 45.4% (28.9) // 45.4% (28.9)",
        "savesPerGame": 23.4,
        "savesPerGameLast1": 24.0,
        "savesPerGameLast3": 36.0,
        "savesPerGameLast5": 31.0,
        "savesPer60": 27.8,
        "savesPer60Last1": 24.7,
        "savesPer60Last3": 53.7,
        "savesPer60Last5": 40.2,
        "shotsPerGame": 34.8,
        "shotsPerGameLast5": 40.0,
        "shotsAgainstPerGame": 26.0,
        "shotsAgainstPerGameLast5": 34.2,
        "oppSavesAgainstPer60": 39.6,
        "oppSavesAgainstPer60Last1": 24.7,
        "oppSavesAgainstPer60Last3": 40.4,
        "oppSavesAgainstPer60Last5": 35.2,
        "oppShotsAgainstPerGame": 31.7,
        "oppShotsAgainstPerGameLast5": 41.0,
        "savesProj": 27.2,
        "savesProjLast5": 40.8,
        "savesProjLast3": 64.3,
        "oppSavesAgainstProj": 31.5,
        "oppSavesAgainstProjLast5": 29.0,
        "oppSavesAgainstProjLast3": 37.8,
        "totalOver": 68,
        "totalOverLast5": 40,
        "totalOverLast15": 53,
        "lastTotalOver": 67,
        "last5": "1,3,3,1,1,0,1,3,2,1",
        "overOdds": "-160",
        "underOdds": "+130",
        "overUnder": "-160 / +130"
    },
    {
        "player": "Brandon Montour",
        "team": "FLA",
        "opponent": "CAR",
        "propType": "sog",
        "line": 2.5,
        "ppLine": "PP1",
        "avg": 3.17,
        "hit": false,
        "diffAvg": 0.27,
        "diffAbs": 0.08,
        "lastAvg": 1.68,
        "diff": -0.33,
        "avgMin": 24,
        "proj": 2.3,
        "lastAvgMin": 17.88,
        "oppOver": 0,
        "teamOver": 0,
        "gameLine": "-115",
        "+/-": "+14",
        "L5_+/-": "+5.0",
        "prevMatchup": "2023-05-20 3.0 sog 2023-05-18 8.0 sog 2023-04-13 6.0 sog 2022-12-30 2.0 sog 2022-11-09 1.0 sog",
        "winLossSplits": "59% - 60%",
        "awayHome": "H",
        "playedYesterday": "N",
        "awayHomeSplits": "51% - 69%",
        "savesAboveExp": -0.44,
        "gsaa": -0.71,
        "corsi": "54.2% (66.3) // 52.5% (66.0) // 54.2% (66.3) // 54.2% (66.3)",
        "fenwick": "53.6% (49.9) // 52.0% (49.3) // 53.6% (49.9) // 53.6% (49.9)",
        "shots": "53.7% (36.5) // 51.9% (35.5) // 53.7% (36.5) // 53.7% (36.5)",
        "scoring": "54.6% (34.8) // 53.4% (34.0) // 54.6% (34.8) // 54.6% (34.8)",
        "corsiAgainst": "45.8% (56.1) // 47.5% (59.7) // 45.8% (56.1) // 45.8% (56.1)",
        "fenwickAgainst": "46.4% (43.2) // 48.0% (45.5) // 46.4% (43.2) // 46.4% (43.2)",
        "shotsAgainst": "46.3% (31.5) // 48.1% (33.0) // 46.3% (31.5) // 46.3% (31.5)",
        "scoringAgainst": "45.4% (28.9) // 46.6% (29.7) // 45.4% (28.9) // 45.4% (28.9)",
        "oppCorsi": "59.9% (67.4) // 61.2% (68.8) // 59.9% (67.4) // 59.9% (67.4)",
        "oppFenwick": "59.1% (50.8) // 60.1% (51.8) // 59.1% (50.8) // 59.1% (50.8)",
        "oppShots": "57.2% (34.3) // 58.4% (34.4) // 57.2% (34.3) // 57.2% (34.3)",
        "oppScoring": "58.9% (33.3) // 62.3% (33.3) // 58.9% (33.3) // 58.9% (33.3)",
        "oppCorsiAgainst": "40.1% (45.2) // 38.8% (43.6) // 40.1% (45.2) // 40.1% (45.2)",
        "oppFenwickAgainst": "40.9% (35.1) // 39.9% (34.4) // 40.9% (35.1) // 40.9% (35.1)",
        "oppShotsAgainst": "42.8% (25.6) // 41.6% (24.5) // 42.8% (25.6) // 42.8% (25.6)",
        "oppScoringAgainst": "41.1% (23.3) // 37.7% (20.2) // 41.1% (23.3) // 41.1% (23.3)",
        "savesPerGame": 28.4,
        "savesPerGameLast1": 37.0,
        "savesPerGameLast3": 50.3,
        "savesPerGameLast5": 39.2,
        "savesPer60": 33.7,
        "savesPer60Last1": 38.1,
        "savesPer60Last3": 77.5,
        "savesPer60Last5": 52.1,
        "shotsPerGame": 36.8,
        "shotsPerGameLast5": 36.8,
        "shotsAgainstPerGame": 31.7,
        "shotsAgainstPerGameLast5": 41.0,
        "oppSavesAgainstPer60": 37.3,
        "oppSavesAgainstPer60Last1": 37.0,
        "oppSavesAgainstPer60Last3": 45.6,
        "oppSavesAgainstPer60Last5": 37.5,
        "oppShotsAgainstPerGame": 26.0,
        "oppShotsAgainstPerGameLast5": 34.2,
        "savesProj": 38.5,
        "savesProjLast5": 69.3,
        "savesProjLast3": 126.4,
        "oppSavesAgainstProj": 36.4,
        "oppSavesAgainstProjLast5": 42.0,
        "oppSavesAgainstProjLast3": 64.1,
        "totalOver": 60,
        "totalOverLast5": 80,
        "totalOverLast15": 60,
        "lastTotalOver": 48,
        "last5": "3,8,9,2,3,4,5,6,2,0",
        "overOdds": "-175",
        "underOdds": "+140",
        "overUnder": "-175 / +140"
    },
    {
        "player": "Brent Burns",
        "team": "CAR",
        "opponent": "FLA",
        "propType": "sog",
        "line": 3.5,
        "ppLine": "PP1",
        "avg": 3.21,
        "hit": false,
        "diffAvg": -0.08,
        "diffAbs": 0.37,
        "lastAvg": 2.48,
        "diff": -0.29,
        "avgMin": 23,
        "proj": 2.2,
        "lastAvgMin": 26.13,
        "oppOver": 0,
        "teamOver": 0,
        "gameLine": "-105",
        "+/-": "+25",
        "L5_+/-": "+5.0",
        "prevMatchup": "2023-05-20 1.0 sog 2023-05-18 8.0 sog 2023-04-13 5.0 sog 2022-12-30 1.0 sog 2022-11-09 3.0 sog",
        "winLossSplits": "30% - 46%",
        "awayHome": "A",
        "playedYesterday": "N",
        "awayHomeSplits": "39% - 33%",
        "savesAboveExp": -0.102,
        "gsaa": -4.63,
        "corsi": "59.9% (67.4) // 61.2% (68.8) // 59.9% (67.4) // 59.9% (67.4)",
        "fenwick": "59.1% (50.8) // 60.1% (51.8) // 59.1% (50.8) // 59.1% (50.8)",
        "shots": "57.2% (34.3) // 58.4% (34.4) // 57.2% (34.3) // 57.2% (34.3)",
        "scoring": "58.9% (33.3) // 62.3% (33.3) // 58.9% (33.3) // 58.9% (33.3)",
        "corsiAgainst": "40.1% (45.2) // 38.8% (43.6) // 40.1% (45.2) // 40.1% (45.2)",
        "fenwickAgainst": "40.9% (35.1) // 39.9% (34.4) // 40.9% (35.1) // 40.9% (35.1)",
        "shotsAgainst": "42.8% (25.6) // 41.6% (24.5) // 42.8% (25.6) // 42.8% (25.6)",
        "scoringAgainst": "41.1% (23.3) // 37.7% (20.2) // 41.1% (23.3) // 41.1% (23.3)",
        "oppCorsi": "54.2% (66.3) // 52.5% (66.0) // 54.2% (66.3) // 54.2% (66.3)",
        "oppFenwick": "53.6% (49.9) // 52.0% (49.3) // 53.6% (49.9) // 53.6% (49.9)",
        "oppShots": "53.7% (36.5) // 51.9% (35.5) // 53.7% (36.5) // 53.7% (36.5)",
        "oppScoring": "54.6% (34.8) // 53.4% (34.0) // 54.6% (34.8) // 54.6% (34.8)",
        "oppCorsiAgainst": "45.8% (56.1) // 47.5% (59.7) // 45.8% (56.1) // 45.8% (56.1)",
        "oppFenwickAgainst": "46.4% (43.2) // 48.0% (45.5) // 46.4% (43.2) // 46.4% (43.2)",
        "oppShotsAgainst": "46.3% (31.5) // 48.1% (33.0) // 46.3% (31.5) // 46.3% (31.5)",
        "oppScoringAgainst": "45.4% (28.9) // 46.6% (29.7) // 45.4% (28.9) // 45.4% (28.9)",
        "savesPerGame": 23.4,
        "savesPerGameLast1": 24.0,
        "savesPerGameLast3": 36.0,
        "savesPerGameLast5": 31.0,
        "savesPer60": 27.8,
        "savesPer60Last1": 24.7,
        "savesPer60Last3": 53.7,
        "savesPer60Last5": 40.2,
        "shotsPerGame": 34.8,
        "shotsPerGameLast5": 40.0,
        "shotsAgainstPerGame": 26.0,
        "shotsAgainstPerGameLast5": 34.2,
        "oppSavesAgainstPer60": 39.6,
        "oppSavesAgainstPer60Last1": 24.7,
        "oppSavesAgainstPer60Last3": 40.4,
        "oppSavesAgainstPer60Last5": 35.2,
        "oppShotsAgainstPerGame": 31.7,
        "oppShotsAgainstPerGameLast5": 41.0,
        "savesProj": 27.2,
        "savesProjLast5": 40.8,
        "savesProjLast3": 64.3,
        "oppSavesAgainstProj": 31.5,
        "oppSavesAgainstProjLast5": 29.0,
        "oppSavesAgainstProjLast3": 37.8,
        "totalOver": 36,
        "totalOverLast5": 40,
        "totalOverLast15": 53,
        "lastTotalOver": 18,
        "last5": "1,8,6,1,2,3,2,5,6,5",
        "overOdds": "-105",
        "underOdds": "-125",
        "overUnder": "-105 / -125"
    },
    {
        "player": "Carter Verhaeghe",
        "team": "FLA",
        "opponent": "CAR",
        "propType": "sog",
        "line": 2.5,
        "ppLine": "PP2",
        "avg": 3.31,
        "hit": false,
        "diffAvg": 0.32,
        "diffAbs": 0.2,
        "lastAvg": 1.9,
        "diff": -0.24,
        "avgMin": 17,
        "proj": 2.0,
        "lastAvgMin": 16.05,
        "oppOver": 0,
        "teamOver": 0,
        "gameLine": "-115",
        "+/-": "+20",
        "L5_+/-": "+9.0",
        "prevMatchup": "2023-05-20 0.0 sog 2023-05-18 6.0 sog 2023-04-13 2.0 sog 2022-12-30 0.0 sog 2022-11-09 5.0 sog",
        "winLossSplits": "73% - 50%",
        "awayHome": "H",
        "playedYesterday": "N",
        "awayHomeSplits": "56% - 69%",
        "savesAboveExp": -0.44,
        "gsaa": -0.71,
        "corsi": "54.2% (66.3) // 52.5% (66.0) // 54.2% (66.3) // 54.2% (66.3)",
        "fenwick": "53.6% (49.9) // 52.0% (49.3) // 53.6% (49.9) // 53.6% (49.9)",
        "shots": "53.7% (36.5) // 51.9% (35.5) // 53.7% (36.5) // 53.7% (36.5)",
        "scoring": "54.6% (34.8) // 53.4% (34.0) // 54.6% (34.8) // 54.6% (34.8)",
        "corsiAgainst": "45.8% (56.1) // 47.5% (59.7) // 45.8% (56.1) // 45.8% (56.1)",
        "fenwickAgainst": "46.4% (43.2) // 48.0% (45.5) // 46.4% (43.2) // 46.4% (43.2)",
        "shotsAgainst": "46.3% (31.5) // 48.1% (33.0) // 46.3% (31.5) // 46.3% (31.5)",
        "scoringAgainst": "45.4% (28.9) // 46.6% (29.7) // 45.4% (28.9) // 45.4% (28.9)",
        "oppCorsi": "59.9% (67.4) // 61.2% (68.8) // 59.9% (67.4) // 59.9% (67.4)",
        "oppFenwick": "59.1% (50.8) // 60.1% (51.8) // 59.1% (50.8) // 59.1% (50.8)",
        "oppShots": "57.2% (34.3) // 58.4% (34.4) // 57.2% (34.3) // 57.2% (34.3)",
        "oppScoring": "58.9% (33.3) // 62.3% (33.3) // 58.9% (33.3) // 58.9% (33.3)",
        "oppCorsiAgainst": "40.1% (45.2) // 38.8% (43.6) // 40.1% (45.2) // 40.1% (45.2)",
        "oppFenwickAgainst": "40.9% (35.1) // 39.9% (34.4) // 40.9% (35.1) // 40.9% (35.1)",
        "oppShotsAgainst": "42.8% (25.6) // 41.6% (24.5) // 42.8% (25.6) // 42.8% (25.6)",
        "oppScoringAgainst": "41.1% (23.3) // 37.7% (20.2) // 41.1% (23.3) // 41.1% (23.3)",
        "savesPerGame": 28.4,
        "savesPerGameLast1": 37.0,
        "savesPerGameLast3": 50.3,
        "savesPerGameLast5": 39.2,
        "savesPer60": 33.7,
        "savesPer60Last1": 38.1,
        "savesPer60Last3": 77.5,
        "savesPer60Last5": 52.1,
        "shotsPerGame": 36.8,
        "shotsPerGameLast5": 36.8,
        "shotsAgainstPerGame": 31.7,
        "shotsAgainstPerGameLast5": 41.0,
        "oppSavesAgainstPer60": 37.3,
        "oppSavesAgainstPer60Last1": 37.0,
        "oppSavesAgainstPer60Last3": 45.6,
        "oppSavesAgainstPer60Last5": 37.5,
        "oppShotsAgainstPerGame": 26.0,
        "oppShotsAgainstPerGameLast5": 34.2,
        "savesProj": 38.5,
        "savesProjLast5": 69.3,
        "savesProjLast3": 126.4,
        "oppSavesAgainstProj": 36.4,
        "oppSavesAgainstProjLast5": 42.0,
        "oppSavesAgainstProjLast3": 64.1,
        "totalOver": 62,
        "totalOverLast5": 40,
        "totalOverLast15": 40,
        "lastTotalOver": 35,
        "last5": "0,6,4,2,2,4,1,4,2,3",
        "overOdds": "-135",
        "underOdds": "+105",
        "overUnder": "-135 / +105"
    },
    {
        "player": "Gustav Forsling",
        "team": "FLA",
        "opponent": "CAR",
        "propType": "sog",
        "line": 1.5,
        "ppLine": "PP2",
        "avg": 2.49,
        "hit": false,
        "diffAvg": 0.66,
        "diffAbs": 0.27,
        "lastAvg": 1.79,
        "diff": 0.19,
        "avgMin": 23,
        "proj": 1.9,
        "lastAvgMin": 21.22,
        "oppOver": 0,
        "teamOver": 0,
        "gameLine": "-115",
        "+/-": "+25",
        "L5_+/-": "+7.0",
        "prevMatchup": "2023-05-20 1.0 sog 2023-05-18 6.0 sog 2023-04-13 2.0 sog 2022-12-30 0.0 sog 2022-11-09 3.0 sog",
        "winLossSplits": "75% - 61%",
        "awayHome": "H",
        "playedYesterday": "N",
        "awayHomeSplits": "66% - 72%",
        "savesAboveExp": -0.44,
        "gsaa": -0.71,
        "corsi": "54.2% (66.3) // 52.5% (66.0) // 54.2% (66.3) // 54.2% (66.3)",
        "fenwick": "53.6% (49.9) // 52.0% (49.3) // 53.6% (49.9) // 53.6% (49.9)",
        "shots": "53.7% (36.5) // 51.9% (35.5) // 53.7% (36.5) // 53.7% (36.5)",
        "scoring": "54.6% (34.8) // 53.4% (34.0) // 54.6% (34.8) // 54.6% (34.8)",
        "corsiAgainst": "45.8% (56.1) // 47.5% (59.7) // 45.8% (56.1) // 45.8% (56.1)",
        "fenwickAgainst": "46.4% (43.2) // 48.0% (45.5) // 46.4% (43.2) // 46.4% (43.2)",
        "shotsAgainst": "46.3% (31.5) // 48.1% (33.0) // 46.3% (31.5) // 46.3% (31.5)",
        "scoringAgainst": "45.4% (28.9) // 46.6% (29.7) // 45.4% (28.9) // 45.4% (28.9)",
        "oppCorsi": "59.9% (67.4) // 61.2% (68.8) // 59.9% (67.4) // 59.9% (67.4)",
        "oppFenwick": "59.1% (50.8) // 60.1% (51.8) // 59.1% (50.8) // 59.1% (50.8)",
        "oppShots": "57.2% (34.3) // 58.4% (34.4) // 57.2% (34.3) // 57.2% (34.3)",
        "oppScoring": "58.9% (33.3) // 62.3% (33.3) // 58.9% (33.3) // 58.9% (33.3)",
        "oppCorsiAgainst": "40.1% (45.2) // 38.8% (43.6) // 40.1% (45.2) // 40.1% (45.2)",
        "oppFenwickAgainst": "40.9% (35.1) // 39.9% (34.4) // 40.9% (35.1) // 40.9% (35.1)",
        "oppShotsAgainst": "42.8% (25.6) // 41.6% (24.5) // 42.8% (25.6) // 42.8% (25.6)",
        "oppScoringAgainst": "41.1% (23.3) // 37.7% (20.2) // 41.1% (23.3) // 41.1% (23.3)",
        "savesPerGame": 28.4,
        "savesPerGameLast1": 37.0,
        "savesPerGameLast3": 50.3,
        "savesPerGameLast5": 39.2,
        "savesPer60": 33.7,
        "savesPer60Last1": 38.1,
        "savesPer60Last3": 77.5,
        "savesPer60Last5": 52.1,
        "shotsPerGame": 36.8,
        "shotsPerGameLast5": 36.8,
        "shotsAgainstPerGame": 31.7,
        "shotsAgainstPerGameLast5": 41.0,
        "oppSavesAgainstPer60": 37.3,
        "oppSavesAgainstPer60Last1": 37.0,
        "oppSavesAgainstPer60Last3": 45.6,
        "oppSavesAgainstPer60Last5": 37.5,
        "oppShotsAgainstPerGame": 26.0,
        "oppShotsAgainstPerGameLast5": 34.2,
        "savesProj": 38.5,
        "savesProjLast5": 69.3,
        "savesProjLast3": 126.4,
        "oppSavesAgainstProj": 36.4,
        "oppSavesAgainstProjLast5": 42.0,
        "oppSavesAgainstProjLast3": 64.1,
        "totalOver": 69,
        "totalOverLast5": 40,
        "totalOverLast15": 47,
        "lastTotalOver": 63,
        "last5": "1,6,1,1,2,3,1,0,0,3",
        "overOdds": "-160",
        "underOdds": "+130",
        "overUnder": "-160 / +130"
    },
    {
        "player": "Jordan Martinook",
        "team": "CAR",
        "opponent": "FLA",
        "propType": "sog",
        "line": 2.5,
        "ppLine": "",
        "avg": 2.12,
        "hit": false,
        "diffAvg": -0.15,
        "diffAbs": 0.32,
        "lastAvg": 1.18,
        "diff": -0.53,
        "avgMin": 16,
        "proj": 1.7,
        "lastAvgMin": 11.2,
        "oppOver": 0,
        "teamOver": 0,
        "gameLine": "-105",
        "+/-": "+10",
        "L5_+/-": "+3.0",
        "prevMatchup": "2023-05-20 4.0 sog 2023-05-18 5.0 sog 2023-04-13 1.0 sog 2022-12-30 2.0 sog 2022-11-09 2.0 sog",
        "winLossSplits": "27% - 37%",
        "awayHome": "A",
        "playedYesterday": "N",
        "awayHomeSplits": "22% - 39%",
        "savesAboveExp": -0.102,
        "gsaa": -4.63,
        "corsi": "59.9% (67.4) // 61.2% (68.8) // 59.9% (67.4) // 59.9% (67.4)",
        "fenwick": "59.1% (50.8) // 60.1% (51.8) // 59.1% (50.8) // 59.1% (50.8)",
        "shots": "57.2% (34.3) // 58.4% (34.4) // 57.2% (34.3) // 57.2% (34.3)",
        "scoring": "58.9% (33.3) // 62.3% (33.3) // 58.9% (33.3) // 58.9% (33.3)",
        "corsiAgainst": "40.1% (45.2) // 38.8% (43.6) // 40.1% (45.2) // 40.1% (45.2)",
        "fenwickAgainst": "40.9% (35.1) // 39.9% (34.4) // 40.9% (35.1) // 40.9% (35.1)",
        "shotsAgainst": "42.8% (25.6) // 41.6% (24.5) // 42.8% (25.6) // 42.8% (25.6)",
        "scoringAgainst": "41.1% (23.3) // 37.7% (20.2) // 41.1% (23.3) // 41.1% (23.3)",
        "oppCorsi": "54.2% (66.3) // 52.5% (66.0) // 54.2% (66.3) // 54.2% (66.3)",
        "oppFenwick": "53.6% (49.9) // 52.0% (49.3) // 53.6% (49.9) // 53.6% (49.9)",
        "oppShots": "53.7% (36.5) // 51.9% (35.5) // 53.7% (36.5) // 53.7% (36.5)",
        "oppScoring": "54.6% (34.8) // 53.4% (34.0) // 54.6% (34.8) // 54.6% (34.8)",
        "oppCorsiAgainst": "45.8% (56.1) // 47.5% (59.7) // 45.8% (56.1) // 45.8% (56.1)",
        "oppFenwickAgainst": "46.4% (43.2) // 48.0% (45.5) // 46.4% (43.2) // 46.4% (43.2)",
        "oppShotsAgainst": "46.3% (31.5) // 48.1% (33.0) // 46.3% (31.5) // 46.3% (31.5)",
        "oppScoringAgainst": "45.4% (28.9) // 46.6% (29.7) // 45.4% (28.9) // 45.4% (28.9)",
        "savesPerGame": 23.4,
        "savesPerGameLast1": 24.0,
        "savesPerGameLast3": 36.0,
        "savesPerGameLast5": 31.0,
        "savesPer60": 27.8,
        "savesPer60Last1": 24.7,
        "savesPer60Last3": 53.7,
        "savesPer60Last5": 40.2,
        "shotsPerGame": 34.8,
        "shotsPerGameLast5": 40.0,
        "shotsAgainstPerGame": 26.0,
        "shotsAgainstPerGameLast5": 34.2,
        "oppSavesAgainstPer60": 39.6,
        "oppSavesAgainstPer60Last1": 24.7,
        "oppSavesAgainstPer60Last3": 40.4,
        "oppSavesAgainstPer60Last5": 35.2,
        "oppShotsAgainstPerGame": 31.7,
        "oppShotsAgainstPerGameLast5": 41.0,
        "savesProj": 27.2,
        "savesProjLast5": 40.8,
        "savesProjLast3": 64.3,
        "oppSavesAgainstProj": 31.5,
        "oppSavesAgainstProjLast5": 29.0,
        "oppSavesAgainstProjLast3": 37.8,
        "totalOver": 31,
        "totalOverLast5": 60,
        "totalOverLast15": 47,
        "lastTotalOver": 35,
        "last5": "4,5,2,3,2,4,0,7,1,2",
        "overOdds": "+130",
        "underOdds": "-160",
        "overUnder": "+130 / -160"
    },
    {
        "player": "Martin Necas",
        "team": "CAR",
        "opponent": "FLA",
        "propType": "sog",
        "line": 2.5,
        "ppLine": "PP1",
        "avg": 2.92,
        "hit": false,
        "diffAvg": 0.17,
        "diffAbs": 0.24,
        "lastAvg": 1.73,
        "diff": -0.31,
        "avgMin": 18,
        "proj": 1.9,
        "lastAvgMin": 16.18,
        "oppOver": 0,
        "teamOver": 0,
        "gameLine": "-105",
        "+/-": "+3",
        "L5_+/-": "+2.0",
        "prevMatchup": "2023-05-20 1.0 sog 2023-05-18 5.0 sog 2023-04-13 2.0 sog 2022-12-30 2.0 sog 2022-11-09 6.0 sog",
        "winLossSplits": "63% - 43%",
        "awayHome": "A",
        "playedYesterday": "N",
        "awayHomeSplits": "63% - 49%",
        "savesAboveExp": -0.102,
        "gsaa": -4.63,
        "corsi": "59.9% (67.4) // 61.2% (68.8) // 59.9% (67.4) // 59.9% (67.4)",
        "fenwick": "59.1% (50.8) // 60.1% (51.8) // 59.1% (50.8) // 59.1% (50.8)",
        "shots": "57.2% (34.3) // 58.4% (34.4) // 57.2% (34.3) // 57.2% (34.3)",
        "scoring": "58.9% (33.3) // 62.3% (33.3) // 58.9% (33.3) // 58.9% (33.3)",
        "corsiAgainst": "40.1% (45.2) // 38.8% (43.6) // 40.1% (45.2) // 40.1% (45.2)",
        "fenwickAgainst": "40.9% (35.1) // 39.9% (34.4) // 40.9% (35.1) // 40.9% (35.1)",
        "shotsAgainst": "42.8% (25.6) // 41.6% (24.5) // 42.8% (25.6) // 42.8% (25.6)",
        "scoringAgainst": "41.1% (23.3) // 37.7% (20.2) // 41.1% (23.3) // 41.1% (23.3)",
        "oppCorsi": "54.2% (66.3) // 52.5% (66.0) // 54.2% (66.3) // 54.2% (66.3)",
        "oppFenwick": "53.6% (49.9) // 52.0% (49.3) // 53.6% (49.9) // 53.6% (49.9)",
        "oppShots": "53.7% (36.5) // 51.9% (35.5) // 53.7% (36.5) // 53.7% (36.5)",
        "oppScoring": "54.6% (34.8) // 53.4% (34.0) // 54.6% (34.8) // 54.6% (34.8)",
        "oppCorsiAgainst": "45.8% (56.1) // 47.5% (59.7) // 45.8% (56.1) // 45.8% (56.1)",
        "oppFenwickAgainst": "46.4% (43.2) // 48.0% (45.5) // 46.4% (43.2) // 46.4% (43.2)",
        "oppShotsAgainst": "46.3% (31.5) // 48.1% (33.0) // 46.3% (31.5) // 46.3% (31.5)",
        "oppScoringAgainst": "45.4% (28.9) // 46.6% (29.7) // 45.4% (28.9) // 45.4% (28.9)",
        "savesPerGame": 23.4,
        "savesPerGameLast1": 24.0,
        "savesPerGameLast3": 36.0,
        "savesPerGameLast5": 31.0,
        "savesPer60": 27.8,
        "savesPer60Last1": 24.7,
        "savesPer60Last3": 53.7,
        "savesPer60Last5": 40.2,
        "shotsPerGame": 34.8,
        "shotsPerGameLast5": 40.0,
        "shotsAgainstPerGame": 26.0,
        "shotsAgainstPerGameLast5": 34.2,
        "oppSavesAgainstPer60": 39.6,
        "oppSavesAgainstPer60Last1": 24.7,
        "oppSavesAgainstPer60Last3": 40.4,
        "oppSavesAgainstPer60Last5": 35.2,
        "oppShotsAgainstPerGame": 31.7,
        "oppShotsAgainstPerGameLast5": 41.0,
        "savesProj": 27.2,
        "savesProjLast5": 40.8,
        "savesProjLast3": 64.3,
        "oppSavesAgainstProj": 31.5,
        "oppSavesAgainstProjLast5": 29.0,
        "oppSavesAgainstProjLast3": 37.8,
        "totalOver": 56,
        "totalOverLast5": 60,
        "totalOverLast15": 60,
        "lastTotalOver": 37,
        "last5": "1,5,4,3,2,4,3,2,1,3",
        "overOdds": "-135",
        "underOdds": "+105",
        "overUnder": "-135 / +105"
    },
    {
        "player": "Matthew Tkachuk",
        "team": "FLA",
        "opponent": "CAR",
        "propType": "sog",
        "line": 3.5,
        "ppLine": "PP1",
        "avg": 3.92,
        "hit": false,
        "diffAvg": 0.12,
        "diffAbs": 0.14,
        "lastAvg": 2.69,
        "diff": -0.23,
        "avgMin": 20,
        "proj": 3.0,
        "lastAvgMin": 17.88,
        "oppOver": 0,
        "teamOver": 0,
        "gameLine": "-115",
        "+/-": "+41",
        "L5_+/-": "+10.0",
        "prevMatchup": "2023-05-20 4.0 sog 2023-05-18 3.0 sog 2023-04-13 3.0 sog 2022-12-30 3.0 sog",
        "winLossSplits": "54% - 49%",
        "awayHome": "H",
        "playedYesterday": "N",
        "awayHomeSplits": "39% - 66%",
        "savesAboveExp": -0.44,
        "gsaa": -0.71,
        "corsi": "54.2% (66.3) // 52.5% (66.0) // 54.2% (66.3) // 54.2% (66.3)",
        "fenwick": "53.6% (49.9) // 52.0% (49.3) // 53.6% (49.9) // 53.6% (49.9)",
        "shots": "53.7% (36.5) // 51.9% (35.5) // 53.7% (36.5) // 53.7% (36.5)",
        "scoring": "54.6% (34.8) // 53.4% (34.0) // 54.6% (34.8) // 54.6% (34.8)",
        "corsiAgainst": "45.8% (56.1) // 47.5% (59.7) // 45.8% (56.1) // 45.8% (56.1)",
        "fenwickAgainst": "46.4% (43.2) // 48.0% (45.5) // 46.4% (43.2) // 46.4% (43.2)",
        "shotsAgainst": "46.3% (31.5) // 48.1% (33.0) // 46.3% (31.5) // 46.3% (31.5)",
        "scoringAgainst": "45.4% (28.9) // 46.6% (29.7) // 45.4% (28.9) // 45.4% (28.9)",
        "oppCorsi": "59.9% (67.4) // 61.2% (68.8) // 59.9% (67.4) // 59.9% (67.4)",
        "oppFenwick": "59.1% (50.8) // 60.1% (51.8) // 59.1% (50.8) // 59.1% (50.8)",
        "oppShots": "57.2% (34.3) // 58.4% (34.4) // 57.2% (34.3) // 57.2% (34.3)",
        "oppScoring": "58.9% (33.3) // 62.3% (33.3) // 58.9% (33.3) // 58.9% (33.3)",
        "oppCorsiAgainst": "40.1% (45.2) // 38.8% (43.6) // 40.1% (45.2) // 40.1% (45.2)",
        "oppFenwickAgainst": "40.9% (35.1) // 39.9% (34.4) // 40.9% (35.1) // 40.9% (35.1)",
        "oppShotsAgainst": "42.8% (25.6) // 41.6% (24.5) // 42.8% (25.6) // 42.8% (25.6)",
        "oppScoringAgainst": "41.1% (23.3) // 37.7% (20.2) // 41.1% (23.3) // 41.1% (23.3)",
        "savesPerGame": 28.4,
        "savesPerGameLast1": 37.0,
        "savesPerGameLast3": 50.3,
        "savesPerGameLast5": 39.2,
        "savesPer60": 33.7,
        "savesPer60Last1": 38.1,
        "savesPer60Last3": 77.5,
        "savesPer60Last5": 52.1,
        "shotsPerGame": 36.8,
        "shotsPerGameLast5": 36.8,
        "shotsAgainstPerGame": 31.7,
        "shotsAgainstPerGameLast5": 41.0,
        "oppSavesAgainstPer60": 37.3,
        "oppSavesAgainstPer60Last1": 37.0,
        "oppSavesAgainstPer60Last3": 45.6,
        "oppSavesAgainstPer60Last5": 37.5,
        "oppShotsAgainstPerGame": 26.0,
        "oppShotsAgainstPerGameLast5": 34.2,
        "savesProj": 38.5,
        "savesProjLast5": 69.3,
        "savesProjLast3": 126.4,
        "oppSavesAgainstProj": 36.4,
        "oppSavesAgainstProjLast5": 42.0,
        "oppSavesAgainstProjLast3": 64.1,
        "totalOver": 52,
        "totalOverLast5": 40,
        "totalOverLast15": 33,
        "lastTotalOver": 44,
        "last5": "4,3,6,0,2,2,3,1,4,2",
        "overOdds": "+125",
        "underOdds": "-155",
        "overUnder": "+125 / -155"
    },
    {
        "player": "Sam Bennett",
        "team": "FLA",
        "opponent": "CAR",
        "propType": "sog",
        "line": 2.5,
        "ppLine": "PP1",
        "avg": 3.13,
        "hit": false,
        "diffAvg": 0.25,
        "diffAbs": 0.28,
        "lastAvg": 2.98,
        "diff": 0.19,
        "avgMin": 18,
        "proj": 3.2,
        "lastAvgMin": 16.93,
        "oppOver": 0,
        "teamOver": 0,
        "gameLine": "-115",
        "+/-": "+14",
        "L5_+/-": "+8.0",
        "prevMatchup": "2023-05-20 6.0 sog 2023-05-18 4.0 sog 2022-12-30 3.0 sog 2022-11-09 4.0 sog",
        "winLossSplits": "60% - 67%",
        "awayHome": "H",
        "playedYesterday": "N",
        "awayHomeSplits": "62% - 65%",
        "savesAboveExp": -0.44,
        "gsaa": -0.71,
        "corsi": "54.2% (66.3) // 52.5% (66.0) // 54.2% (66.3) // 54.2% (66.3)",
        "fenwick": "53.6% (49.9) // 52.0% (49.3) // 53.6% (49.9) // 53.6% (49.9)",
        "shots": "53.7% (36.5) // 51.9% (35.5) // 53.7% (36.5) // 53.7% (36.5)",
        "scoring": "54.6% (34.8) // 53.4% (34.0) // 54.6% (34.8) // 54.6% (34.8)",
        "corsiAgainst": "45.8% (56.1) // 47.5% (59.7) // 45.8% (56.1) // 45.8% (56.1)",
        "fenwickAgainst": "46.4% (43.2) // 48.0% (45.5) // 46.4% (43.2) // 46.4% (43.2)",
        "shotsAgainst": "46.3% (31.5) // 48.1% (33.0) // 46.3% (31.5) // 46.3% (31.5)",
        "scoringAgainst": "45.4% (28.9) // 46.6% (29.7) // 45.4% (28.9) // 45.4% (28.9)",
        "oppCorsi": "59.9% (67.4) // 61.2% (68.8) // 59.9% (67.4) // 59.9% (67.4)",
        "oppFenwick": "59.1% (50.8) // 60.1% (51.8) // 59.1% (50.8) // 59.1% (50.8)",
        "oppShots": "57.2% (34.3) // 58.4% (34.4) // 57.2% (34.3) // 57.2% (34.3)",
        "oppScoring": "58.9% (33.3) // 62.3% (33.3) // 58.9% (33.3) // 58.9% (33.3)",
        "oppCorsiAgainst": "40.1% (45.2) // 38.8% (43.6) // 40.1% (45.2) // 40.1% (45.2)",
        "oppFenwickAgainst": "40.9% (35.1) // 39.9% (34.4) // 40.9% (35.1) // 40.9% (35.1)",
        "oppShotsAgainst": "42.8% (25.6) // 41.6% (24.5) // 42.8% (25.6) // 42.8% (25.6)",
        "oppScoringAgainst": "41.1% (23.3) // 37.7% (20.2) // 41.1% (23.3) // 41.1% (23.3)",
        "savesPerGame": 28.4,
        "savesPerGameLast1": 37.0,
        "savesPerGameLast3": 50.3,
        "savesPerGameLast5": 39.2,
        "savesPer60": 33.7,
        "savesPer60Last1": 38.1,
        "savesPer60Last3": 77.5,
        "savesPer60Last5": 52.1,
        "shotsPerGame": 36.8,
        "shotsPerGameLast5": 36.8,
        "shotsAgainstPerGame": 31.7,
        "shotsAgainstPerGameLast5": 41.0,
        "oppSavesAgainstPer60": 37.3,
        "oppSavesAgainstPer60Last1": 37.0,
        "oppSavesAgainstPer60Last3": 45.6,
        "oppSavesAgainstPer60Last5": 37.5,
        "oppShotsAgainstPerGame": 26.0,
        "oppShotsAgainstPerGameLast5": 34.2,
        "savesProj": 38.5,
        "savesProjLast5": 69.3,
        "savesProjLast3": 126.4,
        "oppSavesAgainstProj": 36.4,
        "oppSavesAgainstProjLast5": 42.0,
        "oppSavesAgainstProjLast3": 64.1,
        "totalOver": 63,
        "totalOverLast5": 100,
        "totalOverLast15": 67,
        "lastTotalOver": 66,
        "last5": "6,4,3,3,4,2,4,1,1,3",
        "overOdds": "-165",
        "underOdds": "+135",
        "overUnder": "-165 / +135"
    },
    {
        "player": "Sam Reinhart",
        "team": "FLA",
        "opponent": "CAR",
        "propType": "sog",
        "line": 2.5,
        "ppLine": "PP1",
        "avg": 2.7,
        "hit": false,
