[
    {
        "player": "Alex Pietrangelo",
        "team": "VGK",
        "opponent": "DAL",
        "propType": "sog",
        "line": 2.5,
        "ppLine": "PP2",
        "avg": 2.28,
        "hit": false,
        "diffAvg": -0.09,
        "diffAbs": 0.04,
        "lastAvg": 2.8,
        "diff": 0.12,
        "avgMin": 23,
        "proj": 2.6,
        "lastAvgMin": 24.63,
        "oppOver": 0,
        "teamOver": 0,
        "gameLine": "+110",
        "+/-": "+19",
        "L5_+/-": "+6.0",
        "prevMatchup": "2023-05-27 4.0 sog 2023-05-23 1.0 sog 2023-05-21 2.0 sog 2023-05-19 2.0 sog 2023-04-08 2.0 sog 2023-02-25 2.0 sog 2023-01-16 5.0 sog",
        "winLossSplits": "33% - 59%",
        "awayHome": "A",
        "playedYesterday": "N",
        "awayHomeSplits": "41% - 43%",
        "savesAboveExp": 0.39,
        "gsaa": 26.05,
        "corsi": "48.6% (57.5) // 48.0% (56.0) // 48.6% (57.5) // 48.6% (57.5)",
        "fenwick": "49.7% (42.3) // 48.8% (40.5) // 49.7% (42.3) // 49.7% (42.3)",
        "shots": "50.5% (31.1) // 50.2% (28.8) // 50.5% (31.1) // 50.5% (31.1)",
        "scoring": "49.5% (29.2) // 49.0% (28.7) // 49.5% (29.2) // 49.5% (29.2)",
        "corsiAgainst": "51.4% (60.7) // 52.0% (60.6) // 51.4% (60.7) // 51.4% (60.7)",
        "fenwickAgainst": "50.3% (42.8) // 51.2% (42.5) // 50.3% (42.8) // 50.3% (42.8)",
        "shotsAgainst": "49.5% (30.4) // 49.8% (28.5) // 49.5% (30.4) // 49.5% (30.4)",
        "scoringAgainst": "50.5% (29.8) // 51.0% (29.9) // 50.5% (29.8) // 50.5% (29.8)",
        "oppCorsi": "52.0% (59.9) // 57.0% (56.0) // 52.0% (59.9) // 52.0% (59.9)",
        "oppFenwick": "51.3% (43.7) // 56.1% (40.6) // 51.3% (43.7) // 51.3% (43.7)",
        "oppShots": "51.6% (31.5) // 56.3% (29.0) // 51.6% (31.5) // 51.6% (31.5)",
        "oppScoring": "53.7% (31.5) // 61.3% (29.6) // 53.7% (31.5) // 53.7% (31.5)",
        "oppCorsiAgainst": "48.0% (55.3) // 43.0% (42.3) // 48.0% (55.3) // 48.0% (55.3)",
        "oppFenwickAgainst": "48.7% (41.4) // 43.9% (31.7) // 48.7% (41.4) // 48.7% (41.4)",
        "oppShotsAgainst": "48.4% (29.5) // 43.7% (22.5) // 48.4% (29.5) // 48.4% (29.5)",
        "oppScoringAgainst": "46.3% (27.2) // 38.7% (18.6) // 46.3% (27.2) // 46.3% (27.2)",
        "savesPerGame": 28.1,
        "savesPerGameLast1": 30.0,
        "savesPerGameLast3": 34.3,
        "savesPerGameLast5": 32.4,
        "savesPer60": 33.6,
        "savesPer60Last1": 28.4,
        "savesPer60Last3": 33.9,
        "savesPer60Last5": 32.3,
        "shotsPerGame": 31.5,
        "shotsPerGameLast5": 29.0,
        "shotsAgainstPerGame": 30.9,
        "shotsAgainstPerGameLast5": 34.8,
        "oppSavesAgainstPer60": 34.3,
        "oppSavesAgainstPer60Last1": 32.5,
        "oppSavesAgainstPer60Last3": 35.2,
        "oppSavesAgainstPer60Last5": 32.4,
        "oppShotsAgainstPerGame": 29.9,
        "oppShotsAgainstPerGameLast5": 29.0,
        "savesProj": 28.2,
        "savesProjLast5": 28.9,
        "savesProjLast3": 30.5,
        "oppSavesAgainstProj": 32.4,
        "oppSavesAgainstProjLast5": 30.5,
        "oppSavesAgainstProjLast3": 30.8,
        "totalOver": 43,
        "totalOverLast5": 20,
        "totalOverLast15": 33,
        "lastTotalOver": 46,
        "last5": "4,1,2,2,1,1,0,3,4,1",
        "overOdds": "+145",
        "underOdds": "-180",
        "overUnder": "+145 / -180"
    },
    {
        "player": "Jack Eichel",
        "team": "VGK",
        "opponent": "DAL",
        "propType": "sog",
        "line": 3.5,
        "ppLine": "PP1",
        "avg": 3.32,
        "hit": false,
        "diffAvg": -0.05,
        "diffAbs": 0.03,
        "lastAvg": 3.91,
        "diff": 0.12,
        "avgMin": 18,
        "proj": 3.6,
        "lastAvgMin": 19.38,
        "oppOver": 0,
        "teamOver": 0,
        "gameLine": "+110",
        "+/-": "+34",
        "L5_+/-": "+10.0",
        "prevMatchup": "2023-05-27 3.0 sog 2023-05-23 0.0 sog 2023-05-21 3.0 sog 2023-05-19 4.0 sog 2023-02-25 7.0 sog 2023-01-16 2.0 sog",
        "winLossSplits": "46% - 39%",
        "awayHome": "A",
        "playedYesterday": "N",
        "awayHomeSplits": "50% - 38%",
        "savesAboveExp": 0.39,
        "gsaa": 26.05,
        "corsi": "48.6% (57.5) // 48.0% (56.0) // 48.6% (57.5) // 48.6% (57.5)",
        "fenwick": "49.7% (42.3) // 48.8% (40.5) // 49.7% (42.3) // 49.7% (42.3)",
        "shots": "50.5% (31.1) // 50.2% (28.8) // 50.5% (31.1) // 50.5% (31.1)",
        "scoring": "49.5% (29.2) // 49.0% (28.7) // 49.5% (29.2) // 49.5% (29.2)",
        "corsiAgainst": "51.4% (60.7) // 52.0% (60.6) // 51.4% (60.7) // 51.4% (60.7)",
        "fenwickAgainst": "50.3% (42.8) // 51.2% (42.5) // 50.3% (42.8) // 50.3% (42.8)",
        "shotsAgainst": "49.5% (30.4) // 49.8% (28.5) // 49.5% (30.4) // 49.5% (30.4)",
        "scoringAgainst": "50.5% (29.8) // 51.0% (29.9) // 50.5% (29.8) // 50.5% (29.8)",
        "oppCorsi": "52.0% (59.9) // 57.0% (56.0) // 52.0% (59.9) // 52.0% (59.9)",
        "oppFenwick": "51.3% (43.7) // 56.1% (40.6) // 51.3% (43.7) // 51.3% (43.7)",
        "oppShots": "51.6% (31.5) // 56.3% (29.0) // 51.6% (31.5) // 51.6% (31.5)",
        "oppScoring": "53.7% (31.5) // 61.3% (29.6) // 53.7% (31.5) // 53.7% (31.5)",
        "oppCorsiAgainst": "48.0% (55.3) // 43.0% (42.3) // 48.0% (55.3) // 48.0% (55.3)",
        "oppFenwickAgainst": "48.7% (41.4) // 43.9% (31.7) // 48.7% (41.4) // 48.7% (41.4)",
        "oppShotsAgainst": "48.4% (29.5) // 43.7% (22.5) // 48.4% (29.5) // 48.4% (29.5)",
        "oppScoringAgainst": "46.3% (27.2) // 38.7% (18.6) // 46.3% (27.2) // 46.3% (27.2)",
        "savesPerGame": 28.1,
        "savesPerGameLast1": 30.0,
        "savesPerGameLast3": 34.3,
        "savesPerGameLast5": 32.4,
        "savesPer60": 33.6,
        "savesPer60Last1": 28.4,
        "savesPer60Last3": 33.9,
        "savesPer60Last5": 32.3,
        "shotsPerGame": 31.5,
        "shotsPerGameLast5": 29.0,
        "shotsAgainstPerGame": 30.9,
        "shotsAgainstPerGameLast5": 34.8,
        "oppSavesAgainstPer60": 34.3,
        "oppSavesAgainstPer60Last1": 32.5,
        "oppSavesAgainstPer60Last3": 35.2,
        "oppSavesAgainstPer60Last5": 32.4,
        "oppShotsAgainstPerGame": 29.9,
        "oppShotsAgainstPerGameLast5": 29.0,
        "savesProj": 28.2,
        "savesProjLast5": 28.9,
        "savesProjLast3": 30.5,
        "oppSavesAgainstProj": 32.4,
        "oppSavesAgainstProjLast5": 30.5,
        "oppSavesAgainstProjLast3": 30.8,
        "totalOver": 44,
        "totalOverLast5": 20,
        "totalOverLast15": 47,
        "lastTotalOver": 50,
        "last5": "3,0,3,4,0,4,5,3,5,5",
        "overOdds": "+115",
        "underOdds": "-145",
        "overUnder": "+115 / -145"
    },
    {
        "player": "Jamie Benn",
        "team": "DAL",
        "opponent": "VGK",
        "propType": "sog",
        "line": 1.5,
        "ppLine": "PP1",
        "avg": 2.31,
        "hit": false,
        "diffAvg": 0.54,
        "diffAbs": 0.2,
        "lastAvg": 2.04,
        "diff": 0.36,
        "avgMin": 15,
        "proj": 1.8,
        "lastAvgMin": 16.73,
        "oppOver": 0,
        "teamOver": 0,
        "gameLine": "-130",
        "+/-": "+24",
        "L5_+/-": -1.0,
        "prevMatchup": "2023-05-23 1.0 sog 2023-05-21 1.0 sog 2023-05-19 3.0 sog 2023-04-08 2.0 sog 2023-02-25 4.0 sog 2023-01-16 3.0 sog",
        "winLossSplits": "69% - 65%",
        "awayHome": "H",
        "playedYesterday": "N",
        "awayHomeSplits": "63% - 71%",
        "savesAboveExp": -0.478,
        "gsaa": 8.04,
        "corsi": "52.0% (59.9) // 57.0% (56.0) // 52.0% (59.9) // 52.0% (59.9)",
        "fenwick": "51.3% (43.7) // 56.1% (40.6) // 51.3% (43.7) // 51.3% (43.7)",
        "shots": "51.6% (31.5) // 56.3% (29.0) // 51.6% (31.5) // 51.6% (31.5)",
        "scoring": "53.7% (31.5) // 61.3% (29.6) // 53.7% (31.5) // 53.7% (31.5)",
        "corsiAgainst": "48.0% (55.3) // 43.0% (42.3) // 48.0% (55.3) // 48.0% (55.3)",
        "fenwickAgainst": "48.7% (41.4) // 43.9% (31.7) // 48.7% (41.4) // 48.7% (41.4)",
        "shotsAgainst": "48.4% (29.5) // 43.7% (22.5) // 48.4% (29.5) // 48.4% (29.5)",
        "scoringAgainst": "46.3% (27.2) // 38.7% (18.6) // 46.3% (27.2) // 46.3% (27.2)",
        "oppCorsi": "48.6% (57.5) // 48.0% (56.0) // 48.6% (57.5) // 48.6% (57.5)",
        "oppFenwick": "49.7% (42.3) // 48.8% (40.5) // 49.7% (42.3) // 49.7% (42.3)",
        "oppShots": "50.5% (31.1) // 50.2% (28.8) // 50.5% (31.1) // 50.5% (31.1)",
        "oppScoring": "49.5% (29.2) // 49.0% (28.7) // 49.5% (29.2) // 49.5% (29.2)",
        "oppCorsiAgainst": "51.4% (60.7) // 52.0% (60.6) // 51.4% (60.7) // 51.4% (60.7)",
        "oppFenwickAgainst": "50.3% (42.8) // 51.2% (42.5) // 50.3% (42.8) // 50.3% (42.8)",
        "oppShotsAgainst": "49.5% (30.4) // 49.8% (28.5) // 49.5% (30.4) // 49.5% (30.4)",
        "oppScoringAgainst": "50.5% (29.8) // 51.0% (29.9) // 50.5% (29.8) // 50.5% (29.8)",
        "savesPerGame": 27.3,
        "savesPerGameLast1": 27.0,
        "savesPerGameLast3": 25.3,
        "savesPerGameLast5": 26.0,
        "savesPer60": 33.3,
        "savesPer60Last1": 27.0,
        "savesPer60Last3": 25.5,
        "savesPer60Last5": 26.2,
        "shotsPerGame": 31.9,
        "shotsPerGameLast5": 34.8,
        "shotsAgainstPerGame": 29.9,
        "shotsAgainstPerGameLast5": 29.0,
        "oppSavesAgainstPer60": 33.6,
        "oppSavesAgainstPer60Last1": 26.7,
        "oppSavesAgainstPer60Last3": 25.9,
        "oppSavesAgainstPer60Last5": 26.4,
        "oppShotsAgainstPerGame": 30.9,
        "oppShotsAgainstPerGameLast5": 34.8,
        "savesProj": 27.8,
        "savesProjLast5": 17.2,
        "savesProjLast3": 15.2,
        "oppSavesAgainstProj": 30.5,
        "oppSavesAgainstProjLast5": 18.3,
        "oppSavesAgainstProjLast3": 15.4,
        "totalOver": 67,
        "totalOverLast5": 60,
        "totalOverLast15": 73,
        "lastTotalOver": 60,
        "last5": "1,1,3,2,2,1,2,2,3,3",
        "overOdds": "-190",
        "underOdds": "+155",
        "overUnder": "-190 / +155"
    },
    {
        "player": "Jason Robertson",
        "team": "DAL",
        "opponent": "VGK",
        "propType": "sog",
        "line": 3.5,
        "ppLine": "PP1",
        "avg": 3.62,
        "hit": false,
        "diffAvg": 0.03,
        "diffAbs": 0.23,
        "lastAvg": 2.72,
        "diff": -0.22,
        "avgMin": 18,
        "proj": 2.7,
        "lastAvgMin": 18.1,
        "oppOver": 0,
        "teamOver": 0,
        "gameLine": "-130",
        "+/-": "+39",
        "L5_+/-": "+3.0",
        "prevMatchup": "2023-05-27 3.0 sog 2023-05-23 1.0 sog 2023-05-21 2.0 sog 2023-05-19 2.0 sog 2023-04-08 3.0 sog 2023-02-25 5.0 sog 2023-01-16 3.0 sog",
        "winLossSplits": "55% - 44%",
        "awayHome": "H",
        "playedYesterday": "N",
        "awayHomeSplits": "42% - 59%",
        "savesAboveExp": -0.478,
        "gsaa": 8.04,
        "corsi": "52.0% (59.9) // 57.0% (56.0) // 52.0% (59.9) // 52.0% (59.9)",
        "fenwick": "51.3% (43.7) // 56.1% (40.6) // 51.3% (43.7) // 51.3% (43.7)",
        "shots": "51.6% (31.5) // 56.3% (29.0) // 51.6% (31.5) // 51.6% (31.5)",
        "scoring": "53.7% (31.5) // 61.3% (29.6) // 53.7% (31.5) // 53.7% (31.5)",
        "corsiAgainst": "48.0% (55.3) // 43.0% (42.3) // 48.0% (55.3) // 48.0% (55.3)",
        "fenwickAgainst": "48.7% (41.4) // 43.9% (31.7) // 48.7% (41.4) // 48.7% (41.4)",
        "shotsAgainst": "48.4% (29.5) // 43.7% (22.5) // 48.4% (29.5) // 48.4% (29.5)",
        "scoringAgainst": "46.3% (27.2) // 38.7% (18.6) // 46.3% (27.2) // 46.3% (27.2)",
        "oppCorsi": "48.6% (57.5) // 48.0% (56.0) // 48.6% (57.5) // 48.6% (57.5)",
        "oppFenwick": "49.7% (42.3) // 48.8% (40.5) // 49.7% (42.3) // 49.7% (42.3)",
        "oppShots": "50.5% (31.1) // 50.2% (28.8) // 50.5% (31.1) // 50.5% (31.1)",
        "oppScoring": "49.5% (29.2) // 49.0% (28.7) // 49.5% (29.2) // 49.5% (29.2)",
        "oppCorsiAgainst": "51.4% (60.7) // 52.0% (60.6) // 51.4% (60.7) // 51.4% (60.7)",
        "oppFenwickAgainst": "50.3% (42.8) // 51.2% (42.5) // 50.3% (42.8) // 50.3% (42.8)",
        "oppShotsAgainst": "49.5% (30.4) // 49.8% (28.5) // 49.5% (30.4) // 49.5% (30.4)",
        "oppScoringAgainst": "50.5% (29.8) // 51.0% (29.9) // 50.5% (29.8) // 50.5% (29.8)",
        "savesPerGame": 27.3,
        "savesPerGameLast1": 27.0,
        "savesPerGameLast3": 25.3,
        "savesPerGameLast5": 26.0,
        "savesPer60": 33.3,
        "savesPer60Last1": 27.0,
        "savesPer60Last3": 25.5,
        "savesPer60Last5": 26.2,
        "shotsPerGame": 31.9,
        "shotsPerGameLast5": 34.8,
        "shotsAgainstPerGame": 29.9,
        "shotsAgainstPerGameLast5": 29.0,
        "oppSavesAgainstPer60": 33.6,
        "oppSavesAgainstPer60Last1": 26.7,
        "oppSavesAgainstPer60Last3": 25.9,
        "oppSavesAgainstPer60Last5": 26.4,
        "oppShotsAgainstPerGame": 30.9,
        "oppShotsAgainstPerGameLast5": 34.8,
        "savesProj": 27.8,
        "savesProjLast5": 17.2,
        "savesProjLast3": 15.2,
        "oppSavesAgainstProj": 30.5,
        "oppSavesAgainstProjLast5": 18.3,
        "oppSavesAgainstProjLast3": 15.4,
        "totalOver": 51,
        "totalOverLast5": 0,
        "totalOverLast15": 13,
        "lastTotalOver": 31,
        "last5": "3,1,2,2,1,2,2,3,3,1",
        "overOdds": "-105",
        "underOdds": "-125",
        "overUnder": "-105 / -125"
    },
    {
        "player": "Joe Pavelski",
        "team": "DAL",
        "opponent": "VGK",
        "propType": "sog",
        "line": 2.5,
        "ppLine": "PP1",
        "avg": 2.22,
        "hit": false,
        "diffAvg": -0.11,
        "diffAbs": 0.12,
        "lastAvg": 2.37,
        "diff": -0.05,
        "avgMin": 17,
        "proj": 2.2,
        "lastAvgMin": 18.47,
        "oppOver": 0,
        "teamOver": 0,
        "gameLine": "-130",
        "+/-": "+44",
        "L5_+/-": -1.0,
        "prevMatchup": "2023-05-27 2.0 sog 2023-05-23 1.0 sog 2023-05-21 1.0 sog 2023-05-19 2.0 sog 2023-04-08 0.0 sog 2023-02-25 3.0 sog 2023-01-16 2.0 sog",
        "winLossSplits": "38% - 36%",
        "awayHome": "H",
        "playedYesterday": "N",
        "awayHomeSplits": "36% - 38%",
        "savesAboveExp": -0.478,
        "gsaa": 8.04,
        "corsi": "52.0% (59.9) // 57.0% (56.0) // 52.0% (59.9) // 52.0% (59.9)",
        "fenwick": "51.3% (43.7) // 56.1% (40.6) // 51.3% (43.7) // 51.3% (43.7)",
        "shots": "51.6% (31.5) // 56.3% (29.0) // 51.6% (31.5) // 51.6% (31.5)",
        "scoring": "53.7% (31.5) // 61.3% (29.6) // 53.7% (31.5) // 53.7% (31.5)",
        "corsiAgainst": "48.0% (55.3) // 43.0% (42.3) // 48.0% (55.3) // 48.0% (55.3)",
        "fenwickAgainst": "48.7% (41.4) // 43.9% (31.7) // 48.7% (41.4) // 48.7% (41.4)",
        "shotsAgainst": "48.4% (29.5) // 43.7% (22.5) // 48.4% (29.5) // 48.4% (29.5)",
        "scoringAgainst": "46.3% (27.2) // 38.7% (18.6) // 46.3% (27.2) // 46.3% (27.2)",
        "oppCorsi": "48.6% (57.5) // 48.0% (56.0) // 48.6% (57.5) // 48.6% (57.5)",
        "oppFenwick": "49.7% (42.3) // 48.8% (40.5) // 49.7% (42.3) // 49.7% (42.3)",
        "oppShots": "50.5% (31.1) // 50.2% (28.8) // 50.5% (31.1) // 50.5% (31.1)",
        "oppScoring": "49.5% (29.2) // 49.0% (28.7) // 49.5% (29.2) // 49.5% (29.2)",
        "oppCorsiAgainst": "51.4% (60.7) // 52.0% (60.6) // 51.4% (60.7) // 51.4% (60.7)",
        "oppFenwickAgainst": "50.3% (42.8) // 51.2% (42.5) // 50.3% (42.8) // 50.3% (42.8)",
        "oppShotsAgainst": "49.5% (30.4) // 49.8% (28.5) // 49.5% (30.4) // 49.5% (30.4)",
        "oppScoringAgainst": "50.5% (29.8) // 51.0% (29.9) // 50.5% (29.8) // 50.5% (29.8)",
        "savesPerGame": 27.3,
        "savesPerGameLast1": 27.0,
        "savesPerGameLast3": 25.3,
        "savesPerGameLast5": 26.0,
        "savesPer60": 33.3,
        "savesPer60Last1": 27.0,
        "savesPer60Last3": 25.5,
        "savesPer60Last5": 26.2,
        "shotsPerGame": 31.9,
        "shotsPerGameLast5": 34.8,
        "shotsAgainstPerGame": 29.9,
        "shotsAgainstPerGameLast5": 29.0,
        "oppSavesAgainstPer60": 33.6,
        "oppSavesAgainstPer60Last1": 26.7,
        "oppSavesAgainstPer60Last3": 25.9,
        "oppSavesAgainstPer60Last5": 26.4,
        "oppShotsAgainstPerGame": 30.9,
        "oppShotsAgainstPerGameLast5": 34.8,
        "savesProj": 27.8,
        "savesProjLast5": 17.2,
        "savesProjLast3": 15.2,
        "oppSavesAgainstProj": 30.5,
        "oppSavesAgainstProjLast5": 18.3,
        "oppSavesAgainstProjLast3": 15.4,
        "totalOver": 37,
        "totalOverLast5": 0,
        "totalOverLast15": 20,
        "lastTotalOver": 46,
        "last5": "2,1,1,2,1,1,2,4,2,3",
        "overOdds": "+140",
        "underOdds": "-175",
        "overUnder": "+140 / -175"
    },
    {
        "player": "Jonathan Marchessault",
        "team": "VGK",
        "opponent": "DAL",
        "propType": "sog",
        "line": 3.5,
        "ppLine": "PP1",
        "avg": 3.24,
        "hit": false,
        "diffAvg": -0.07,
        "diffAbs": 0.09,
        "lastAvg": 3.26,
        "diff": -0.07,
        "avgMin": 17,
        "proj": 3.2,
        "lastAvgMin": 17.57,
        "oppOver": 0,
        "teamOver": 0,
        "gameLine": "+110",
        "+/-": "+13",
        "L5_+/-": "+9.0",
        "prevMatchup": "2023-05-27 3.0 sog 2023-05-23 3.0 sog 2023-05-21 3.0 sog 2023-05-19 2.0 sog 2023-04-08 3.0 sog 2023-02-25 3.0 sog 2023-01-16 3.0 sog",
        "winLossSplits": "36% - 39%",
        "awayHome": "A",
        "playedYesterday": "N",
        "awayHomeSplits": "39% - 36%",
        "savesAboveExp": 0.39,
        "gsaa": 26.05,
        "corsi": "48.6% (57.5) // 48.0% (56.0) // 48.6% (57.5) // 48.6% (57.5)",
        "fenwick": "49.7% (42.3) // 48.8% (40.5) // 49.7% (42.3) // 49.7% (42.3)",
        "shots": "50.5% (31.1) // 50.2% (28.8) // 50.5% (31.1) // 50.5% (31.1)",
        "scoring": "49.5% (29.2) // 49.0% (28.7) // 49.5% (29.2) // 49.5% (29.2)",
        "corsiAgainst": "51.4% (60.7) // 52.0% (60.6) // 51.4% (60.7) // 51.4% (60.7)",
        "fenwickAgainst": "50.3% (42.8) // 51.2% (42.5) // 50.3% (42.8) // 50.3% (42.8)",
        "shotsAgainst": "49.5% (30.4) // 49.8% (28.5) // 49.5% (30.4) // 49.5% (30.4)",
        "scoringAgainst": "50.5% (29.8) // 51.0% (29.9) // 50.5% (29.8) // 50.5% (29.8)",
        "oppCorsi": "52.0% (59.9) // 57.0% (56.0) // 52.0% (59.9) // 52.0% (59.9)",
        "oppFenwick": "51.3% (43.7) // 56.1% (40.6) // 51.3% (43.7) // 51.3% (43.7)",
        "oppShots": "51.6% (31.5) // 56.3% (29.0) // 51.6% (31.5) // 51.6% (31.5)",
        "oppScoring": "53.7% (31.5) // 61.3% (29.6) // 53.7% (31.5) // 53.7% (31.5)",
        "oppCorsiAgainst": "48.0% (55.3) // 43.0% (42.3) // 48.0% (55.3) // 48.0% (55.3)",
        "oppFenwickAgainst": "48.7% (41.4) // 43.9% (31.7) // 48.7% (41.4) // 48.7% (41.4)",
        "oppShotsAgainst": "48.4% (29.5) // 43.7% (22.5) // 48.4% (29.5) // 48.4% (29.5)",
        "oppScoringAgainst": "46.3% (27.2) // 38.7% (18.6) // 46.3% (27.2) // 46.3% (27.2)",
        "savesPerGame": 28.1,
        "savesPerGameLast1": 30.0,
        "savesPerGameLast3": 34.3,
        "savesPerGameLast5": 32.4,
        "savesPer60": 33.6,
        "savesPer60Last1": 28.4,
        "savesPer60Last3": 33.9,
        "savesPer60Last5": 32.3,
        "shotsPerGame": 31.5,
        "shotsPerGameLast5": 29.0,
        "shotsAgainstPerGame": 30.9,
        "shotsAgainstPerGameLast5": 34.8,
        "oppSavesAgainstPer60": 34.3,
        "oppSavesAgainstPer60Last1": 32.5,
        "oppSavesAgainstPer60Last3": 35.2,
        "oppSavesAgainstPer60Last5": 32.4,
        "oppShotsAgainstPerGame": 29.9,
        "oppShotsAgainstPerGameLast5": 29.0,
        "savesProj": 28.2,
        "savesProjLast5": 28.9,
        "savesProjLast3": 30.5,
        "oppSavesAgainstProj": 32.4,
        "oppSavesAgainstProjLast5": 30.5,
        "oppSavesAgainstProjLast3": 30.8,
        "totalOver": 37,
        "totalOverLast5": 20,
        "totalOverLast15": 47,
        "lastTotalOver": 41,
        "last5": "3,3,3,2,6,5,6,6,7,4",
        "overOdds": "+125",
        "underOdds": "-155",
        "overUnder": "+125 / -155"
    },
    {
        "player": "Mark Stone",
        "team": "VGK",
        "opponent": "DAL",
        "propType": "sog",
        "line": 1.5,
        "ppLine": "PP1",
        "avg": 2.43,
        "hit": false,
        "diffAvg": 0.62,
        "diffAbs": 0.27,
        "lastAvg": 1.87,
        "diff": 0.25,
        "avgMin": 19,
        "proj": 1.9,
        "lastAvgMin": 18.33,
        "oppOver": 0,
        "teamOver": 0,
        "gameLine": "+110",
        "+/-": "+14",
        "L5_+/-": -2.0,
        "prevMatchup": "2023-05-27 3.0 sog 2023-05-23 1.0 sog 2023-05-21 2.0 sog 2023-05-19 1.0 sog",
        "winLossSplits": "69% - 53%",
        "awayHome": "A",
        "playedYesterday": "N",
        "awayHomeSplits": "69% - 59%",
        "savesAboveExp": 0.39,
        "gsaa": 26.05,
        "corsi": "48.6% (57.5) // 48.0% (56.0) // 48.6% (57.5) // 48.6% (57.5)",
        "fenwick": "49.7% (42.3) // 48.8% (40.5) // 49.7% (42.3) // 49.7% (42.3)",
        "shots": "50.5% (31.1) // 50.2% (28.8) // 50.5% (31.1) // 50.5% (31.1)",
        "scoring": "49.5% (29.2) // 49.0% (28.7) // 49.5% (29.2) // 49.5% (29.2)",
        "corsiAgainst": "51.4% (60.7) // 52.0% (60.6) // 51.4% (60.7) // 51.4% (60.7)",
        "fenwickAgainst": "50.3% (42.8) // 51.2% (42.5) // 50.3% (42.8) // 50.3% (42.8)",
        "shotsAgainst": "49.5% (30.4) // 49.8% (28.5) // 49.5% (30.4) // 49.5% (30.4)",
        "scoringAgainst": "50.5% (29.8) // 51.0% (29.9) // 50.5% (29.8) // 50.5% (29.8)",
        "oppCorsi": "52.0% (59.9) // 57.0% (56.0) // 52.0% (59.9) // 52.0% (59.9)",
        "oppFenwick": "51.3% (43.7) // 56.1% (40.6) // 51.3% (43.7) // 51.3% (43.7)",
        "oppShots": "51.6% (31.5) // 56.3% (29.0) // 51.6% (31.5) // 51.6% (31.5)",
        "oppScoring": "53.7% (31.5) // 61.3% (29.6) // 53.7% (31.5) // 53.7% (31.5)",
        "oppCorsiAgainst": "48.0% (55.3) // 43.0% (42.3) // 48.0% (55.3) // 48.0% (55.3)",
        "oppFenwickAgainst": "48.7% (41.4) // 43.9% (31.7) // 48.7% (41.4) // 48.7% (41.4)",
        "oppShotsAgainst": "48.4% (29.5) // 43.7% (22.5) // 48.4% (29.5) // 48.4% (29.5)",
        "oppScoringAgainst": "46.3% (27.2) // 38.7% (18.6) // 46.3% (27.2) // 46.3% (27.2)",
        "savesPerGame": 28.1,
        "savesPerGameLast1": 30.0,
        "savesPerGameLast3": 34.3,
        "savesPerGameLast5": 32.4,
        "savesPer60": 33.6,
        "savesPer60Last1": 28.4,
        "savesPer60Last3": 33.9,
        "savesPer60Last5": 32.3,
        "shotsPerGame": 31.5,
        "shotsPerGameLast5": 29.0,
        "shotsAgainstPerGame": 30.9,
        "shotsAgainstPerGameLast5": 34.8,
        "oppSavesAgainstPer60": 34.3,
        "oppSavesAgainstPer60Last1": 32.5,
        "oppSavesAgainstPer60Last3": 35.2,
        "oppSavesAgainstPer60Last5": 32.4,
        "oppShotsAgainstPerGame": 29.9,
        "oppShotsAgainstPerGameLast5": 29.0,
        "savesProj": 28.2,
        "savesProjLast5": 28.9,
        "savesProjLast3": 30.5,
        "oppSavesAgainstProj": 32.4,
        "oppSavesAgainstProjLast5": 30.5,
        "oppSavesAgainstProjLast3": 30.8,
        "totalOver": 64,
        "totalOverLast5": 40,
        "totalOverLast15": 53,
        "lastTotalOver": 59,
        "last5": "3,1,2,1,0,3,1,2,1,3",
        "overOdds": "-180",
        "underOdds": "+145",
        "overUnder": "-180 / +145"
    },
    {
        "player": "Mason Marchment",
        "team": "DAL",
        "opponent": "VGK",
        "propType": "sog",
        "line": 1.5,
        "ppLine": "PP2",
        "avg": 1.94,
        "hit": false,
        "diffAvg": 0.29,
        "diffAbs": 0.47,
        "lastAvg": 2.09,
        "diff": 0.39,
        "avgMin": 15,
        "proj": 2.2,
        "lastAvgMin": 14.12,
        "oppOver": 0,
        "teamOver": 0,
        "gameLine": "-130",
        "+/-": -13,
        "L5_+/-": -6.0,
        "prevMatchup": "2023-05-27 0.0 sog 2023-05-23 1.0 sog 2023-05-21 1.0 sog 2023-05-19 1.0 sog 2023-02-25 1.0 sog 2023-01-16 2.0 sog",
        "winLossSplits": "61% - 50%",
        "awayHome": "H",
        "playedYesterday": "N",
        "awayHomeSplits": "57% - 55%",
        "savesAboveExp": -0.478,
        "gsaa": 8.04,
        "corsi": "52.0% (59.9) // 57.0% (56.0) // 52.0% (59.9) // 52.0% (59.9)",
        "fenwick": "51.3% (43.7) // 56.1% (40.6) // 51.3% (43.7) // 51.3% (43.7)",
        "shots": "51.6% (31.5) // 56.3% (29.0) // 51.6% (31.5) // 51.6% (31.5)",
        "scoring": "53.7% (31.5) // 61.3% (29.6) // 53.7% (31.5) // 53.7% (31.5)",
        "corsiAgainst": "48.0% (55.3) // 43.0% (42.3) // 48.0% (55.3) // 48.0% (55.3)",
        "fenwickAgainst": "48.7% (41.4) // 43.9% (31.7) // 48.7% (41.4) // 48.7% (41.4)",
        "shotsAgainst": "48.4% (29.5) // 43.7% (22.5) // 48.4% (29.5) // 48.4% (29.5)",
        "scoringAgainst": "46.3% (27.2) // 38.7% (18.6) // 46.3% (27.2) // 46.3% (27.2)",
        "oppCorsi": "48.6% (57.5) // 48.0% (56.0) // 48.6% (57.5) // 48.6% (57.5)",
        "oppFenwick": "49.7% (42.3) // 48.8% (40.5) // 49.7% (42.3) // 49.7% (42.3)",
        "oppShots": "50.5% (31.1) // 50.2% (28.8) // 50.5% (31.1) // 50.5% (31.1)",
        "oppScoring": "49.5% (29.2) // 49.0% (28.7) // 49.5% (29.2) // 49.5% (29.2)",
        "oppCorsiAgainst": "51.4% (60.7) // 52.0% (60.6) // 51.4% (60.7) // 51.4% (60.7)",
        "oppFenwickAgainst": "50.3% (42.8) // 51.2% (42.5) // 50.3% (42.8) // 50.3% (42.8)",
        "oppShotsAgainst": "49.5% (30.4) // 49.8% (28.5) // 49.5% (30.4) // 49.5% (30.4)",
        "oppScoringAgainst": "50.5% (29.8) // 51.0% (29.9) // 50.5% (29.8) // 50.5% (29.8)",
        "savesPerGame": 27.3,
        "savesPerGameLast1": 27.0,
        "savesPerGameLast3": 25.3,
        "savesPerGameLast5": 26.0,
        "savesPer60": 33.3,
        "savesPer60Last1": 27.0,
        "savesPer60Last3": 25.5,
        "savesPer60Last5": 26.2,
        "shotsPerGame": 31.9,
        "shotsPerGameLast5": 34.8,
        "shotsAgainstPerGame": 29.9,
        "shotsAgainstPerGameLast5": 29.0,
        "oppSavesAgainstPer60": 33.6,
        "oppSavesAgainstPer60Last1": 26.7,
        "oppSavesAgainstPer60Last3": 25.9,
        "oppSavesAgainstPer60Last5": 26.4,
        "oppShotsAgainstPerGame": 30.9,
        "oppShotsAgainstPerGameLast5": 34.8,
        "savesProj": 27.8,
        "savesProjLast5": 17.2,
        "savesProjLast3": 15.2,
        "oppSavesAgainstProj": 30.5,
        "oppSavesAgainstProjLast5": 18.3,
        "oppSavesAgainstProjLast3": 15.4,
        "totalOver": 56,
        "totalOverLast5": 0,
        "totalOverLast15": 20,
        "lastTotalOver": 60,
        "last5": "0,1,1,1,1,2,0,1,1,2",
        "overOdds": "-120",
        "underOdds": "-110",
        "overUnder": "-120 / -110"
    },
    {
        "player": "Max Domi",
        "team": "DAL",
        "opponent": "VGK",
        "propType": "sog",
        "line": 1.5,
        "ppLine": "",
        "avg": 2.12,
        "hit": false,
        "diffAvg": 0.41,
        "diffAbs": 0.07,
        "lastAvg": 1.21,
        "diff": -0.19,
        "avgMin": 17,
        "proj": 1.6,
        "lastAvgMin": 13.03,
        "oppOver": 0,
        "teamOver": 0,
        "gameLine": "-130",
        "+/-": -10,
        "L5_+/-": -6.0,
        "prevMatchup": "2023-05-27 1.0 sog 2023-05-23 2.0 sog 2023-05-21 2.0 sog 2023-05-19 1.0 sog 2023-04-08 1.0 sog 2023-02-21 2.0 sog 2022-12-15 2.0 sog 2022-10-13 0.0 sog",
        "winLossSplits": "73% - 57%",
        "awayHome": "H",
        "playedYesterday": "N",
        "awayHomeSplits": "63% - 65%",
        "savesAboveExp": -0.478,
        "gsaa": 8.04,
        "corsi": "52.0% (59.9) // 57.0% (56.0) // 52.0% (59.9) // 52.0% (59.9)",
        "fenwick": "51.3% (43.7) // 56.1% (40.6) // 51.3% (43.7) // 51.3% (43.7)",
        "shots": "51.6% (31.5) // 56.3% (29.0) // 51.6% (31.5) // 51.6% (31.5)",
        "scoring": "53.7% (31.5) // 61.3% (29.6) // 53.7% (31.5) // 53.7% (31.5)",
        "corsiAgainst": "48.0% (55.3) // 43.0% (42.3) // 48.0% (55.3) // 48.0% (55.3)",
        "fenwickAgainst": "48.7% (41.4) // 43.9% (31.7) // 48.7% (41.4) // 48.7% (41.4)",
        "shotsAgainst": "48.4% (29.5) // 43.7% (22.5) // 48.4% (29.5) // 48.4% (29.5)",
        "scoringAgainst": "46.3% (27.2) // 38.7% (18.6) // 46.3% (27.2) // 46.3% (27.2)",
        "oppCorsi": "48.6% (57.5) // 48.0% (56.0) // 48.6% (57.5) // 48.6% (57.5)",
        "oppFenwick": "49.7% (42.3) // 48.8% (40.5) // 49.7% (42.3) // 49.7% (42.3)",
        "oppShots": "50.5% (31.1) // 50.2% (28.8) // 50.5% (31.1) // 50.5% (31.1)",
        "oppScoring": "49.5% (29.2) // 49.0% (28.7) // 49.5% (29.2) // 49.5% (29.2)",
        "oppCorsiAgainst": "51.4% (60.7) // 52.0% (60.6) // 51.4% (60.7) // 51.4% (60.7)",
        "oppFenwickAgainst": "50.3% (42.8) // 51.2% (42.5) // 50.3% (42.8) // 50.3% (42.8)",
        "oppShotsAgainst": "49.5% (30.4) // 49.8% (28.5) // 49.5% (30.4) // 49.5% (30.4)",
        "oppScoringAgainst": "50.5% (29.8) // 51.0% (29.9) // 50.5% (29.8) // 50.5% (29.8)",
        "savesPerGame": 27.3,
        "savesPerGameLast1": 27.0,
        "savesPerGameLast3": 25.3,
        "savesPerGameLast5": 26.0,
        "savesPer60": 33.3,
        "savesPer60Last1": 27.0,
        "savesPer60Last3": 25.5,
        "savesPer60Last5": 26.2,
        "shotsPerGame": 31.9,
        "shotsPerGameLast5": 34.8,
        "shotsAgainstPerGame": 29.9,
        "shotsAgainstPerGameLast5": 29.0,
        "oppSavesAgainstPer60": 33.6,
        "oppSavesAgainstPer60Last1": 26.7,
        "oppSavesAgainstPer60Last3": 25.9,
        "oppSavesAgainstPer60Last5": 26.4,
        "oppShotsAgainstPerGame": 30.9,
        "oppShotsAgainstPerGameLast5": 34.8,
        "savesProj": 27.8,
        "savesProjLast5": 17.2,
        "savesProjLast3": 15.2,
        "oppSavesAgainstProj": 30.5,
        "oppSavesAgainstProjLast5": 18.3,
        "oppSavesAgainstProjLast3": 15.4,
        "totalOver": 64,
        "totalOverLast5": 40,
        "totalOverLast15": 40,
        "lastTotalOver": 52,
        "last5": "1,2,2,1,1,0,2,2,1,3",
        "overOdds": "-145",
        "underOdds": "+115",
        "overUnder": "-145 / +115"
    },
    {
        "player": "Miro Heiskanen",
        "team": "DAL",
        "opponent": "VGK",
        "propType": "sog",
        "line": 2.5,
        "ppLine": "PP1",
        "avg": 2.45,
        "hit": false,
        "diffAvg": -0.02,
        "diffAbs": 0.2,
        "lastAvg": 2.03,
        "diff": -0.19,
        "avgMin": 25,
        "proj": 2.0,
        "lastAvgMin": 24.88,
        "oppOver": 0,
        "teamOver": 0,
        "gameLine": "-130",
        "+/-": "+10",
        "L5_+/-": -7.0,
        "prevMatchup": "2023-05-27 2.0 sog 2023-05-23 1.0 sog 2023-05-21 3.0 sog 2023-05-19 1.0 sog 2023-04-08 0.0 sog 2023-02-25 1.0 sog 2023-01-16 3.0 sog",
        "winLossSplits": "45% - 61%",
        "awayHome": "H",
        "playedYesterday": "N",
        "awayHomeSplits": "47% - 57%",
        "savesAboveExp": -0.478,
        "gsaa": 8.04,
        "corsi": "52.0% (59.9) // 57.0% (56.0) // 52.0% (59.9) // 52.0% (59.9)",
        "fenwick": "51.3% (43.7) // 56.1% (40.6) // 51.3% (43.7) // 51.3% (43.7)",
        "shots": "51.6% (31.5) // 56.3% (29.0) // 51.6% (31.5) // 51.6% (31.5)",
        "scoring": "53.7% (31.5) // 61.3% (29.6) // 53.7% (31.5) // 53.7% (31.5)",
        "corsiAgainst": "48.0% (55.3) // 43.0% (42.3) // 48.0% (55.3) // 48.0% (55.3)",
        "fenwickAgainst": "48.7% (41.4) // 43.9% (31.7) // 48.7% (41.4) // 48.7% (41.4)",
        "shotsAgainst": "48.4% (29.5) // 43.7% (22.5) // 48.4% (29.5) // 48.4% (29.5)",
        "scoringAgainst": "46.3% (27.2) // 38.7% (18.6) // 46.3% (27.2) // 46.3% (27.2)",
        "oppCorsi": "48.6% (57.5) // 48.0% (56.0) // 48.6% (57.5) // 48.6% (57.5)",
        "oppFenwick": "49.7% (42.3) // 48.8% (40.5) // 49.7% (42.3) // 49.7% (42.3)",
        "oppShots": "50.5% (31.1) // 50.2% (28.8) // 50.5% (31.1) // 50.5% (31.1)",
        "oppScoring": "49.5% (29.2) // 49.0% (28.7) // 49.5% (29.2) // 49.5% (29.2)",
        "oppCorsiAgainst": "51.4% (60.7) // 52.0% (60.6) // 51.4% (60.7) // 51.4% (60.7)",
        "oppFenwickAgainst": "50.3% (42.8) // 51.2% (42.5) // 50.3% (42.8) // 50.3% (42.8)",
        "oppShotsAgainst": "49.5% (30.4) // 49.8% (28.5) // 49.5% (30.4) // 49.5% (30.4)",
        "oppScoringAgainst": "50.5% (29.8) // 51.0% (29.9) // 50.5% (29.8) // 50.5% (29.8)",
        "savesPerGame": 27.3,
        "savesPerGameLast1": 27.0,
        "savesPerGameLast3": 25.3,
        "savesPerGameLast5": 26.0,
        "savesPer60": 33.3,
        "savesPer60Last1": 27.0,
        "savesPer60Last3": 25.5,
        "savesPer60Last5": 26.2,
        "shotsPerGame": 31.9,
        "shotsPerGameLast5": 34.8,
        "shotsAgainstPerGame": 29.9,
        "shotsAgainstPerGameLast5": 29.0,
        "oppSavesAgainstPer60": 33.6,
        "oppSavesAgainstPer60Last1": 26.7,
        "oppSavesAgainstPer60Last3": 25.9,
        "oppSavesAgainstPer60Last5": 26.4,
        "oppShotsAgainstPerGame": 30.9,
        "oppShotsAgainstPerGameLast5": 34.8,
        "savesProj": 27.8,
        "savesProjLast5": 17.2,
        "savesProjLast3": 15.2,
        "oppSavesAgainstProj": 30.5,
        "oppSavesAgainstProjLast5": 18.3,
        "oppSavesAgainstProjLast3": 15.4,
        "totalOver": 52,
        "totalOverLast5": 20,
        "totalOverLast15": 20,
        "lastTotalOver": 44,
        "last5": "2,1,3,1,0,2,1,3,0,1",
        "overOdds": "+115",
        "underOdds": "-145",
        "overUnder": "+115 / -145"
    },
    {
        "player": "Reilly Smith",
        "team": "VGK",
        "opponent": "DAL",
        "propType": "sog",
        "line": 1.5,
        "ppLine": "PP2",
        "avg": 2.33,
        "hit": false,
        "diffAvg": 0.55,
        "diffAbs": 0.6,
        "lastAvg": 2.68,
        "diff": 0.79,
        "avgMin": 16,
        "proj": 2.4,
        "lastAvgMin": 17.78,
        "oppOver": 0,
        "teamOver": 0,
        "gameLine": "+110",
        "+/-": "+15",
        "L5_+/-": "+4.0",
        "prevMatchup": "2023-05-27 0.0 sog 2023-05-23 1.0 sog 2023-05-21 1.0 sog 2023-05-19 6.0 sog 2023-04-08 0.0 sog 2023-02-25 8.0 sog 2023-01-16 4.0 sog",
        "winLossSplits": "67% - 58%",
        "awayHome": "A",
        "playedYesterday": "N",
        "awayHomeSplits": "69% - 58%",
        "savesAboveExp": 0.39,
        "gsaa": 26.05,
        "corsi": "48.6% (57.5) // 48.0% (56.0) // 48.6% (57.5) // 48.6% (57.5)",
        "fenwick": "49.7% (42.3) // 48.8% (40.5) // 49.7% (42.3) // 49.7% (42.3)",
        "shots": "50.5% (31.1) // 50.2% (28.8) // 50.5% (31.1) // 50.5% (31.1)",
        "scoring": "49.5% (29.2) // 49.0% (28.7) // 49.5% (29.2) // 49.5% (29.2)",
        "corsiAgainst": "51.4% (60.7) // 52.0% (60.6) // 51.4% (60.7) // 51.4% (60.7)",
        "fenwickAgainst": "50.3% (42.8) // 51.2% (42.5) // 50.3% (42.8) // 50.3% (42.8)",
        "shotsAgainst": "49.5% (30.4) // 49.8% (28.5) // 49.5% (30.4) // 49.5% (30.4)",
        "scoringAgainst": "50.5% (29.8) // 51.0% (29.9) // 50.5% (29.8) // 50.5% (29.8)",
        "oppCorsi": "52.0% (59.9) // 57.0% (56.0) // 52.0% (59.9) // 52.0% (59.9)",
        "oppFenwick": "51.3% (43.7) // 56.1% (40.6) // 51.3% (43.7) // 51.3% (43.7)",
        "oppShots": "51.6% (31.5) // 56.3% (29.0) // 51.6% (31.5) // 51.6% (31.5)",
        "oppScoring": "53.7% (31.5) // 61.3% (29.6) // 53.7% (31.5) // 53.7% (31.5)",
        "oppCorsiAgainst": "48.0% (55.3) // 43.0% (42.3) // 48.0% (55.3) // 48.0% (55.3)",
        "oppFenwickAgainst": "48.7% (41.4) // 43.9% (31.7) // 48.7% (41.4) // 48.7% (41.4)",
        "oppShotsAgainst": "48.4% (29.5) // 43.7% (22.5) // 48.4% (29.5) // 48.4% (29.5)",
        "oppScoringAgainst": "46.3% (27.2) // 38.7% (18.6) // 46.3% (27.2) // 46.3% (27.2)",
        "savesPerGame": 28.1,
        "savesPerGameLast1": 30.0,
        "savesPerGameLast3": 34.3,
        "savesPerGameLast5": 32.4,
        "savesPer60": 33.6,
        "savesPer60Last1": 28.4,
        "savesPer60Last3": 33.9,
        "savesPer60Last5": 32.3,
        "shotsPerGame": 31.5,
        "shotsPerGameLast5": 29.0,
        "shotsAgainstPerGame": 30.9,
        "shotsAgainstPerGameLast5": 34.8,
        "oppSavesAgainstPer60": 34.3,
        "oppSavesAgainstPer60Last1": 32.5,
        "oppSavesAgainstPer60Last3": 35.2,
        "oppSavesAgainstPer60Last5": 32.4,
        "oppShotsAgainstPerGame": 29.9,
        "oppShotsAgainstPerGameLast5": 29.0,
        "savesProj": 28.2,
        "savesProjLast5": 28.9,
        "savesProjLast3": 30.5,
        "oppSavesAgainstProj": 32.4,
        "oppSavesAgainstProjLast5": 30.5,
        "oppSavesAgainstProjLast3": 30.8,
        "totalOver": 63,
        "totalOverLast5": 40,
        "totalOverLast15": 53,
        "lastTotalOver": 72,
        "last5": "0,1,1,6,2,5,1,2,1,1",
        "overOdds": "-180",
        "underOdds": "+145",
        "overUnder": "-180 / +145"
    },
    {
        "player": "Roope Hintz",
        "team": "DAL",
        "opponent": "VGK",
        "propType": "sog",
        "line": 2.5,
        "ppLine": "PP2",
        "avg": 2.64,
        "hit": false,
        "diffAvg": 0.06,
        "diffAbs": 0.08,
        "lastAvg": 2.48,
        "diff": -0.01,
        "avgMin": 17,
        "proj": 2.3,
        "lastAvgMin": 18.03,
        "oppOver": 0,
        "teamOver": 0,
        "gameLine": "-130",
        "+/-": "+37",
        "L5_+/-": "+5.0",
        "prevMatchup": "2023-05-27 5.0 sog 2023-05-23 3.0 sog 2023-05-21 2.0 sog 2023-05-19 4.0 sog 2023-04-08 1.0 sog 2023-02-25 8.0 sog",
        "winLossSplits": "50% - 50%",
        "awayHome": "H",
        "playedYesterday": "N",
        "awayHomeSplits": "53% - 47%",
        "savesAboveExp": -0.478,
        "gsaa": 8.04,
        "corsi": "52.0% (59.9) // 57.0% (56.0) // 52.0% (59.9) // 52.0% (59.9)",
        "fenwick": "51.3% (43.7) // 56.1% (40.6) // 51.3% (43.7) // 51.3% (43.7)",
        "shots": "51.6% (31.5) // 56.3% (29.0) // 51.6% (31.5) // 51.6% (31.5)",
        "scoring": "53.7% (31.5) // 61.3% (29.6) // 53.7% (31.5) // 53.7% (31.5)",
        "corsiAgainst": "48.0% (55.3) // 43.0% (42.3) // 48.0% (55.3) // 48.0% (55.3)",
        "fenwickAgainst": "48.7% (41.4) // 43.9% (31.7) // 48.7% (41.4) // 48.7% (41.4)",
        "shotsAgainst": "48.4% (29.5) // 43.7% (22.5) // 48.4% (29.5) // 48.4% (29.5)",
        "scoringAgainst": "46.3% (27.2) // 38.7% (18.6) // 46.3% (27.2) // 46.3% (27.2)",
        "oppCorsi": "48.6% (57.5) // 48.0% (56.0) // 48.6% (57.5) // 48.6% (57.5)",
        "oppFenwick": "49.7% (42.3) // 48.8% (40.5) // 49.7% (42.3) // 49.7% (42.3)",
        "oppShots": "50.5% (31.1) // 50.2% (28.8) // 50.5% (31.1) // 50.5% (31.1)",
        "oppScoring": "49.5% (29.2) // 49.0% (28.7) // 49.5% (29.2) // 49.5% (29.2)",
        "oppCorsiAgainst": "51.4% (60.7) // 52.0% (60.6) // 51.4% (60.7) // 51.4% (60.7)",
        "oppFenwickAgainst": "50.3% (42.8) // 51.2% (42.5) // 50.3% (42.8) // 50.3% (42.8)",
        "oppShotsAgainst": "49.5% (30.4) // 49.8% (28.5) // 49.5% (30.4) // 49.5% (30.4)",
        "oppScoringAgainst": "50.5% (29.8) // 51.0% (29.9) // 50.5% (29.8) // 50.5% (29.8)",
        "savesPerGame": 27.3,
        "savesPerGameLast1": 27.0,
        "savesPerGameLast3": 25.3,
        "savesPerGameLast5": 26.0,
        "savesPer60": 33.3,
        "savesPer60Last1": 27.0,
        "savesPer60Last3": 25.5,
        "savesPer60Last5": 26.2,
        "shotsPerGame": 31.9,
        "shotsPerGameLast5": 34.8,
        "shotsAgainstPerGame": 29.9,
        "shotsAgainstPerGameLast5": 29.0,
        "oppSavesAgainstPer60": 33.6,
        "oppSavesAgainstPer60Last1": 26.7,
        "oppSavesAgainstPer60Last3": 25.9,
        "oppSavesAgainstPer60Last5": 26.4,
        "oppShotsAgainstPerGame": 30.9,
        "oppShotsAgainstPerGameLast5": 34.8,
        "savesProj": 27.8,
        "savesProjLast5": 17.2,
        "savesProjLast3": 15.2,
        "oppSavesAgainstProj": 30.5,
        "oppSavesAgainstProjLast5": 18.3,
        "oppSavesAgainstProjLast3": 15.4,
        "totalOver": 50,
        "totalOverLast5": 80,
