[
    {
        "player": "Aaron Ekblad",
        "team": "FLA",
        "opponent": "VGK",
        "propType": "pts",
        "line": 0.5,
        "ppLine": "PP2",
        "avg": 0.51,
        "hit": false,
        "diffAvg": 0.02,
        "diffAbs": 0.4,
        "lastAvg": 0.8,
        "diff": 0.6,
        "avgMin": 23,
        "proj": 0.7,
        "lastAvgMin": 24.92,
        "oppOver": 0,
        "teamOver": 0,
        "gameLine": "-115",
        "+/-": -6,
        "L5_+/-": "+2.0",
        "prevMatchup": "2023-06-08 1.0 pts 2023-06-05 0.0 pts 2023-06-03 0.0 pts 2023-03-07 0.0 pts 2023-01-12 1.0 pts",
        "winLossSplits": "47% - 25%",
        "awayHome": "H",
        "playedYesterday": "N",
        "awayHomeSplits": "37% - 37%",
        "savesAboveExp": -0.478,
        "gsaa": 8.04,
        "corsi": "54.2% (66.3) // 52.5% (66.0) // 54.2% (66.3) // 54.2% (66.3)",
        "fenwick": "53.6% (49.9) // 52.0% (49.3) // 53.6% (49.9) // 53.6% (49.9)",
        "shots": "53.7% (36.5) // 51.9% (35.5) // 53.7% (36.5) // 53.7% (36.5)",
        "scoring": "54.6% (34.8) // 53.4% (34.0) // 54.6% (34.8) // 54.6% (34.8)",
        "corsiAgainst": "45.8% (56.1) // 47.5% (59.7) // 45.8% (56.1) // 45.8% (56.1)",
        "fenwickAgainst": "46.4% (43.2) // 48.0% (45.5) // 46.4% (43.2) // 46.4% (43.2)",
        "shotsAgainst": "46.3% (31.5) // 48.1% (33.0) // 46.3% (31.5) // 46.3% (31.5)",
        "scoringAgainst": "45.4% (28.9) // 46.6% (29.7) // 45.4% (28.9) // 45.4% (28.9)",
        "oppCorsi": "48.6% (57.5) // 48.0% (56.0) // 48.6% (57.5) // 48.6% (57.5)",
        "oppFenwick": "49.7% (42.3) // 48.8% (40.5) // 49.7% (42.3) // 49.7% (42.3)",
        "oppShots": "50.5% (31.1) // 50.2% (28.8) // 50.5% (31.1) // 50.5% (31.1)",
        "oppScoring": "49.5% (29.2) // 49.0% (28.7) // 49.5% (29.2) // 49.5% (29.2)",
        "oppCorsiAgainst": "51.4% (60.7) // 52.0% (60.6) // 51.4% (60.7) // 51.4% (60.7)",
        "oppFenwickAgainst": "50.3% (42.8) // 51.2% (42.5) // 50.3% (42.8) // 50.3% (42.8)",
        "oppShotsAgainst": "49.5% (30.4) // 49.8% (28.5) // 49.5% (30.4) // 49.5% (30.4)",
        "oppScoringAgainst": "50.5% (29.8) // 51.0% (29.9) // 50.5% (29.8) // 50.5% (29.8)",
        "savesPerGame": 28.4,
        "savesPerGameLast1": 21.0,
        "savesPerGameLast3": 28.7,
        "savesPerGameLast5": 31.0,
        "savesPer60": 35.5,
        "savesPer60Last1": 22.5,
        "savesPer60Last3": 29.3,
        "savesPer60Last5": 31.4,
        "shotsPerGame": 36.8,
        "shotsPerGameLast5": 26.8,
        "shotsAgainstPerGame": 31.7,
        "shotsAgainstPerGameLast5": 34.2,
        "oppSavesAgainstPer60": 35.0,
        "oppSavesAgainstPer60Last1": 20.7,
        "oppSavesAgainstPer60Last3": 24.9,
        "oppSavesAgainstPer60Last5": 27.8,
        "oppShotsAgainstPerGame": 30.9,
        "oppShotsAgainstPerGameLast5": 33.2,
        "savesProj": 28.3,
        "savesProjLast5": 22.4,
        "savesProjLast3": 20.9,
        "oppSavesAgainstProj": 33.7,
        "oppSavesAgainstProjLast5": 21.9,
        "oppSavesAgainstProjLast3": 17.8,
        "totalOver": 37,
        "totalOverLast5": 40,
        "totalOverLast15": 33,
        "lastTotalOver": 53,
        "last5": "1,0,0,1,0,0,0,2,0,2",
        "overOdds": "+125",
        "underOdds": "-155",
        "overUnder": "+125 / -155"
    },
    {
        "player": "Aleksander Barkov",
        "team": "FLA",
        "opponent": "VGK",
        "propType": "pts",
        "line": 0.5,
        "ppLine": "PP1",
        "avg": 1.06,
        "hit": false,
        "diffAvg": 1.12,
        "diffAbs": 1.4,
        "lastAvg": 1.14,
        "diff": 1.28,
        "avgMin": 21,
        "proj": 1.2,
        "lastAvgMin": 20.3,
        "oppOver": 0,
        "teamOver": 0,
        "gameLine": "-115",
        "+/-": "+18",
        "L5_+/-": "+5.0",
        "prevMatchup": "2023-06-08 0.0 pts 2023-06-05 0.0 pts 2023-06-03 0.0 pts 2023-03-07 1.0 pts 2023-01-12 1.0 pts",
        "winLossSplits": "80% - 44%",
        "awayHome": "H",
        "playedYesterday": "N",
        "awayHomeSplits": "64% - 67%",
        "savesAboveExp": -0.478,
        "gsaa": 8.04,
        "corsi": "54.2% (66.3) // 52.5% (66.0) // 54.2% (66.3) // 54.2% (66.3)",
        "fenwick": "53.6% (49.9) // 52.0% (49.3) // 53.6% (49.9) // 53.6% (49.9)",
        "shots": "53.7% (36.5) // 51.9% (35.5) // 53.7% (36.5) // 53.7% (36.5)",
        "scoring": "54.6% (34.8) // 53.4% (34.0) // 54.6% (34.8) // 54.6% (34.8)",
        "corsiAgainst": "45.8% (56.1) // 47.5% (59.7) // 45.8% (56.1) // 45.8% (56.1)",
        "fenwickAgainst": "46.4% (43.2) // 48.0% (45.5) // 46.4% (43.2) // 46.4% (43.2)",
        "shotsAgainst": "46.3% (31.5) // 48.1% (33.0) // 46.3% (31.5) // 46.3% (31.5)",
        "scoringAgainst": "45.4% (28.9) // 46.6% (29.7) // 45.4% (28.9) // 45.4% (28.9)",
        "oppCorsi": "48.6% (57.5) // 48.0% (56.0) // 48.6% (57.5) // 48.6% (57.5)",
        "oppFenwick": "49.7% (42.3) // 48.8% (40.5) // 49.7% (42.3) // 49.7% (42.3)",
        "oppShots": "50.5% (31.1) // 50.2% (28.8) // 50.5% (31.1) // 50.5% (31.1)",
        "oppScoring": "49.5% (29.2) // 49.0% (28.7) // 49.5% (29.2) // 49.5% (29.2)",
        "oppCorsiAgainst": "51.4% (60.7) // 52.0% (60.6) // 51.4% (60.7) // 51.4% (60.7)",
        "oppFenwickAgainst": "50.3% (42.8) // 51.2% (42.5) // 50.3% (42.8) // 50.3% (42.8)",
        "oppShotsAgainst": "49.5% (30.4) // 49.8% (28.5) // 49.5% (30.4) // 49.5% (30.4)",
        "oppScoringAgainst": "50.5% (29.8) // 51.0% (29.9) // 50.5% (29.8) // 50.5% (29.8)",
        "savesPerGame": 28.4,
        "savesPerGameLast1": 21.0,
        "savesPerGameLast3": 28.7,
        "savesPerGameLast5": 31.0,
        "savesPer60": 35.5,
        "savesPer60Last1": 22.5,
        "savesPer60Last3": 29.3,
        "savesPer60Last5": 31.4,
        "shotsPerGame": 36.8,
        "shotsPerGameLast5": 26.8,
        "shotsAgainstPerGame": 31.7,
        "shotsAgainstPerGameLast5": 34.2,
        "oppSavesAgainstPer60": 35.0,
        "oppSavesAgainstPer60Last1": 20.7,
        "oppSavesAgainstPer60Last3": 24.9,
        "oppSavesAgainstPer60Last5": 27.8,
        "oppShotsAgainstPerGame": 30.9,
        "oppShotsAgainstPerGameLast5": 33.2,
        "savesProj": 28.3,
        "savesProjLast5": 22.4,
        "savesProjLast3": 20.9,
        "oppSavesAgainstProj": 33.7,
        "oppSavesAgainstProjLast5": 21.9,
        "oppSavesAgainstProjLast3": 17.8,
        "totalOver": 66,
        "totalOverLast5": 20,
        "totalOverLast15": 47,
        "lastTotalOver": 74,
        "last5": "0,0,0,2,0,1,2,0,0,0",
        "overOdds": "-205",
        "underOdds": "+165",
        "overUnder": "-205 / +165"
    },
    {
        "player": "Alex Pietrangelo",
        "team": "VGK",
        "opponent": "FLA",
        "propType": "pts",
        "line": 0.5,
        "ppLine": "PP2",
        "avg": 0.69,
        "hit": false,
        "diffAvg": 0.38,
        "diffAbs": 0.0,
        "lastAvg": 0.54,
        "diff": 0.08,
        "avgMin": 23,
        "proj": 0.5,
        "lastAvgMin": 24.63,
        "oppOver": 0,
        "teamOver": 0,
        "gameLine": "-105",
        "+/-": "+22",
        "L5_+/-": "+6.0",
        "prevMatchup": "2023-06-08 0.0 pts 2023-06-05 0.0 pts 2023-06-03 0.0 pts 2023-03-07 0.0 pts 2023-01-12 0.0 pts",
        "winLossSplits": "59% - 24%",
        "awayHome": "A",
        "playedYesterday": "N",
        "awayHomeSplits": "44% - 48%",
        "savesAboveExp": -0.102,
        "gsaa": -4.63,
        "corsi": "48.6% (57.5) // 48.0% (56.0) // 48.6% (57.5) // 48.6% (57.5)",
        "fenwick": "49.7% (42.3) // 48.8% (40.5) // 49.7% (42.3) // 49.7% (42.3)",
        "shots": "50.5% (31.1) // 50.2% (28.8) // 50.5% (31.1) // 50.5% (31.1)",
        "scoring": "49.5% (29.2) // 49.0% (28.7) // 49.5% (29.2) // 49.5% (29.2)",
        "corsiAgainst": "51.4% (60.7) // 52.0% (60.6) // 51.4% (60.7) // 51.4% (60.7)",
        "fenwickAgainst": "50.3% (42.8) // 51.2% (42.5) // 50.3% (42.8) // 50.3% (42.8)",
        "shotsAgainst": "49.5% (30.4) // 49.8% (28.5) // 49.5% (30.4) // 49.5% (30.4)",
        "scoringAgainst": "50.5% (29.8) // 51.0% (29.9) // 50.5% (29.8) // 50.5% (29.8)",
        "oppCorsi": "54.2% (66.3) // 52.5% (66.0) // 54.2% (66.3) // 54.2% (66.3)",
        "oppFenwick": "53.6% (49.9) // 52.0% (49.3) // 53.6% (49.9) // 53.6% (49.9)",
        "oppShots": "53.7% (36.5) // 51.9% (35.5) // 53.7% (36.5) // 53.7% (36.5)",
        "oppScoring": "54.6% (34.8) // 53.4% (34.0) // 54.6% (34.8) // 54.6% (34.8)",
        "oppCorsiAgainst": "45.8% (56.1) // 47.5% (59.7) // 45.8% (56.1) // 45.8% (56.1)",
        "oppFenwickAgainst": "46.4% (43.2) // 48.0% (45.5) // 46.4% (43.2) // 46.4% (43.2)",
        "oppShotsAgainst": "46.3% (31.5) // 48.1% (33.0) // 46.3% (31.5) // 46.3% (31.5)",
        "oppScoringAgainst": "45.4% (28.9) // 46.6% (29.7) // 45.4% (28.9) // 45.4% (28.9)",
        "savesPerGame": 28.1,
        "savesPerGameLast1": 29.0,
        "savesPerGameLast3": 28.7,
        "savesPerGameLast5": 31.0,
        "savesPer60": 35.0,
        "savesPer60Last1": 31.2,
        "savesPer60Last3": 29.4,
        "savesPer60Last5": 31.1,
        "shotsPerGame": 31.5,
        "shotsPerGameLast5": 31.8,
        "shotsAgainstPerGame": 30.9,
        "shotsAgainstPerGameLast5": 33.2,
        "oppSavesAgainstPer60": 41.7,
        "oppSavesAgainstPer60Last1": 29.8,
        "oppSavesAgainstPer60Last3": 27.5,
        "oppSavesAgainstPer60Last5": 25.2,
        "oppShotsAgainstPerGame": 31.7,
        "oppShotsAgainstPerGameLast5": 34.2,
        "savesProj": 32.0,
        "savesProjLast5": 20.7,
        "savesProjLast3": 22.6,
        "oppSavesAgainstProj": 38.9,
        "oppSavesAgainstProjLast5": 17.6,
        "oppSavesAgainstProjLast3": 18.0,
        "totalOver": 46,
        "totalOverLast5": 0,
        "totalOverLast15": 33,
        "lastTotalOver": 47,
        "last5": "0,0,0,0,0,1,0,1,1,0",
        "overOdds": "+120",
        "underOdds": "-150",
        "overUnder": "+120 / -150"
    },
    {
        "player": "Anthony Duclair",
        "team": "FLA",
        "opponent": "VGK",
        "propType": "pts",
        "line": 0.5,
        "ppLine": "PP2",
        "avg": 0.53,
        "hit": false,
        "diffAvg": 0.06,
        "diffAbs": 1.0,
        "lastAvg": 0,
        "diff": 0,
        "avgMin": 15,
        "proj": 0.0,
        "lastAvgMin": 0,
        "oppOver": 0,
        "teamOver": 0,
        "gameLine": "-115",
        "+/-": "+1",
        "L5_+/-": "+1.0",
        "prevMatchup": "2023-06-08 0.0 pts 2023-06-05 1.0 pts 2023-06-03 1.0 pts 2023-03-07 1.0 pts",
        "winLossSplits": "48% - 38%",
        "awayHome": "H",
        "playedYesterday": "N",
        "awayHomeSplits": "56% - 35%",
        "savesAboveExp": -0.478,
        "gsaa": 8.04,
        "corsi": "54.2% (66.3) // 52.5% (66.0) // 54.2% (66.3) // 54.2% (66.3)",
        "fenwick": "53.6% (49.9) // 52.0% (49.3) // 53.6% (49.9) // 53.6% (49.9)",
        "shots": "53.7% (36.5) // 51.9% (35.5) // 53.7% (36.5) // 53.7% (36.5)",
        "scoring": "54.6% (34.8) // 53.4% (34.0) // 54.6% (34.8) // 54.6% (34.8)",
        "corsiAgainst": "45.8% (56.1) // 47.5% (59.7) // 45.8% (56.1) // 45.8% (56.1)",
        "fenwickAgainst": "46.4% (43.2) // 48.0% (45.5) // 46.4% (43.2) // 46.4% (43.2)",
        "shotsAgainst": "46.3% (31.5) // 48.1% (33.0) // 46.3% (31.5) // 46.3% (31.5)",
        "scoringAgainst": "45.4% (28.9) // 46.6% (29.7) // 45.4% (28.9) // 45.4% (28.9)",
        "oppCorsi": "48.6% (57.5) // 48.0% (56.0) // 48.6% (57.5) // 48.6% (57.5)",
        "oppFenwick": "49.7% (42.3) // 48.8% (40.5) // 49.7% (42.3) // 49.7% (42.3)",
        "oppShots": "50.5% (31.1) // 50.2% (28.8) // 50.5% (31.1) // 50.5% (31.1)",
        "oppScoring": "49.5% (29.2) // 49.0% (28.7) // 49.5% (29.2) // 49.5% (29.2)",
        "oppCorsiAgainst": "51.4% (60.7) // 52.0% (60.6) // 51.4% (60.7) // 51.4% (60.7)",
        "oppFenwickAgainst": "50.3% (42.8) // 51.2% (42.5) // 50.3% (42.8) // 50.3% (42.8)",
        "oppShotsAgainst": "49.5% (30.4) // 49.8% (28.5) // 49.5% (30.4) // 49.5% (30.4)",
        "oppScoringAgainst": "50.5% (29.8) // 51.0% (29.9) // 50.5% (29.8) // 50.5% (29.8)",
        "savesPerGame": 28.4,
        "savesPerGameLast1": 21.0,
        "savesPerGameLast3": 28.7,
        "savesPerGameLast5": 31.0,
        "savesPer60": 35.5,
        "savesPer60Last1": 22.5,
        "savesPer60Last3": 29.3,
        "savesPer60Last5": 31.4,
        "shotsPerGame": 36.8,
        "shotsPerGameLast5": 26.8,
        "shotsAgainstPerGame": 31.7,
        "shotsAgainstPerGameLast5": 34.2,
        "oppSavesAgainstPer60": 35.0,
        "oppSavesAgainstPer60Last1": 20.7,
        "oppSavesAgainstPer60Last3": 24.9,
        "oppSavesAgainstPer60Last5": 27.8,
        "oppShotsAgainstPerGame": 30.9,
        "oppShotsAgainstPerGameLast5": 33.2,
        "savesProj": 28.3,
        "savesProjLast5": 22.4,
        "savesProjLast3": 20.9,
        "oppSavesAgainstProj": 33.7,
        "oppSavesAgainstProjLast5": 21.9,
        "oppSavesAgainstProjLast3": 17.8,
        "totalOver": 45,
        "totalOverLast5": 60,
        "totalOverLast15": 60,
        "lastTotalOver": 0,
        "last5": "0,1,1,1,0,0,2,1,0,1",
        "overOdds": "+110",
        "underOdds": "-140",
        "overUnder": "+110 / -140"
    },
    {
        "player": "Anton Lundell",
        "team": "FLA",
        "opponent": "VGK",
        "propType": "pts",
        "line": 0.5,
        "ppLine": "PP2",
        "avg": 0.46,
        "hit": false,
        "diffAvg": -0.08,
        "diffAbs": 0.2,
        "lastAvg": 0.59,
        "diff": 0.18,
        "avgMin": 16,
        "proj": 0.6,
        "lastAvgMin": 15.73,
        "oppOver": 0,
        "teamOver": 0,
        "gameLine": "-115",
        "+/-": "+3",
        "L5_+/-": -1.0,
        "prevMatchup": "2023-06-08 0.0 pts 2023-06-05 1.0 pts 2023-06-03 1.0 pts 2023-03-07 0.0 pts 2023-01-12 0.0 pts",
        "winLossSplits": "43% - 24%",
        "awayHome": "H",
        "playedYesterday": "N",
        "awayHomeSplits": "40% - 29%",
        "savesAboveExp": -0.478,
        "gsaa": 8.04,
        "corsi": "54.2% (66.3) // 52.5% (66.0) // 54.2% (66.3) // 54.2% (66.3)",
        "fenwick": "53.6% (49.9) // 52.0% (49.3) // 53.6% (49.9) // 53.6% (49.9)",
        "shots": "53.7% (36.5) // 51.9% (35.5) // 53.7% (36.5) // 53.7% (36.5)",
        "scoring": "54.6% (34.8) // 53.4% (34.0) // 54.6% (34.8) // 54.6% (34.8)",
        "corsiAgainst": "45.8% (56.1) // 47.5% (59.7) // 45.8% (56.1) // 45.8% (56.1)",
        "fenwickAgainst": "46.4% (43.2) // 48.0% (45.5) // 46.4% (43.2) // 46.4% (43.2)",
        "shotsAgainst": "46.3% (31.5) // 48.1% (33.0) // 46.3% (31.5) // 46.3% (31.5)",
        "scoringAgainst": "45.4% (28.9) // 46.6% (29.7) // 45.4% (28.9) // 45.4% (28.9)",
        "oppCorsi": "48.6% (57.5) // 48.0% (56.0) // 48.6% (57.5) // 48.6% (57.5)",
        "oppFenwick": "49.7% (42.3) // 48.8% (40.5) // 49.7% (42.3) // 49.7% (42.3)",
        "oppShots": "50.5% (31.1) // 50.2% (28.8) // 50.5% (31.1) // 50.5% (31.1)",
        "oppScoring": "49.5% (29.2) // 49.0% (28.7) // 49.5% (29.2) // 49.5% (29.2)",
        "oppCorsiAgainst": "51.4% (60.7) // 52.0% (60.6) // 51.4% (60.7) // 51.4% (60.7)",
        "oppFenwickAgainst": "50.3% (42.8) // 51.2% (42.5) // 50.3% (42.8) // 50.3% (42.8)",
        "oppShotsAgainst": "49.5% (30.4) // 49.8% (28.5) // 49.5% (30.4) // 49.5% (30.4)",
        "oppScoringAgainst": "50.5% (29.8) // 51.0% (29.9) // 50.5% (29.8) // 50.5% (29.8)",
        "savesPerGame": 28.4,
        "savesPerGameLast1": 21.0,
        "savesPerGameLast3": 28.7,
        "savesPerGameLast5": 31.0,
        "savesPer60": 35.5,
        "savesPer60Last1": 22.5,
        "savesPer60Last3": 29.3,
        "savesPer60Last5": 31.4,
        "shotsPerGame": 36.8,
        "shotsPerGameLast5": 26.8,
        "shotsAgainstPerGame": 31.7,
        "shotsAgainstPerGameLast5": 34.2,
        "oppSavesAgainstPer60": 35.0,
        "oppSavesAgainstPer60Last1": 20.7,
        "oppSavesAgainstPer60Last3": 24.9,
        "oppSavesAgainstPer60Last5": 27.8,
        "oppShotsAgainstPerGame": 30.9,
        "oppShotsAgainstPerGameLast5": 33.2,
        "savesProj": 28.3,
        "savesProjLast5": 22.4,
        "savesProjLast3": 20.9,
        "oppSavesAgainstProj": 33.7,
        "oppSavesAgainstProjLast5": 21.9,
        "oppSavesAgainstProjLast3": 17.8,
        "totalOver": 35,
        "totalOverLast5": 40,
        "totalOverLast15": 40,
        "lastTotalOver": 38,
        "last5": "0,1,1,0,0,0,0,0,0,1",
        "overOdds": "+120",
        "underOdds": "-150",
        "overUnder": "+120 / -150"
    },
    {
        "player": "Brandon Montour",
        "team": "FLA",
        "opponent": "VGK",
        "propType": "pts",
        "line": 0.5,
        "ppLine": "PP1",
        "avg": 0.84,
        "hit": false,
        "diffAvg": 0.68,
        "diffAbs": 0.0,
        "lastAvg": 0.41,
        "diff": -0.18,
        "avgMin": 24,
        "proj": 0.5,
        "lastAvgMin": 17.88,
        "oppOver": 0,
        "teamOver": 0,
        "gameLine": "-115",
        "+/-": "+13",
        "L5_+/-": 0.0,
        "prevMatchup": "2023-06-08 1.0 pts 2023-06-05 0.0 pts 2023-06-03 0.0 pts 2023-03-07 0.0 pts 2023-01-12 0.0 pts",
        "winLossSplits": "63% - 51%",
        "awayHome": "H",
        "playedYesterday": "N",
        "awayHomeSplits": "57% - 58%",
        "savesAboveExp": -0.478,
        "gsaa": 8.04,
        "corsi": "54.2% (66.3) // 52.5% (66.0) // 54.2% (66.3) // 54.2% (66.3)",
        "fenwick": "53.6% (49.9) // 52.0% (49.3) // 53.6% (49.9) // 53.6% (49.9)",
        "shots": "53.7% (36.5) // 51.9% (35.5) // 53.7% (36.5) // 53.7% (36.5)",
        "scoring": "54.6% (34.8) // 53.4% (34.0) // 54.6% (34.8) // 54.6% (34.8)",
        "corsiAgainst": "45.8% (56.1) // 47.5% (59.7) // 45.8% (56.1) // 45.8% (56.1)",
        "fenwickAgainst": "46.4% (43.2) // 48.0% (45.5) // 46.4% (43.2) // 46.4% (43.2)",
        "shotsAgainst": "46.3% (31.5) // 48.1% (33.0) // 46.3% (31.5) // 46.3% (31.5)",
        "scoringAgainst": "45.4% (28.9) // 46.6% (29.7) // 45.4% (28.9) // 45.4% (28.9)",
        "oppCorsi": "48.6% (57.5) // 48.0% (56.0) // 48.6% (57.5) // 48.6% (57.5)",
        "oppFenwick": "49.7% (42.3) // 48.8% (40.5) // 49.7% (42.3) // 49.7% (42.3)",
        "oppShots": "50.5% (31.1) // 50.2% (28.8) // 50.5% (31.1) // 50.5% (31.1)",
        "oppScoring": "49.5% (29.2) // 49.0% (28.7) // 49.5% (29.2) // 49.5% (29.2)",
        "oppCorsiAgainst": "51.4% (60.7) // 52.0% (60.6) // 51.4% (60.7) // 51.4% (60.7)",
        "oppFenwickAgainst": "50.3% (42.8) // 51.2% (42.5) // 50.3% (42.8) // 50.3% (42.8)",
        "oppShotsAgainst": "49.5% (30.4) // 49.8% (28.5) // 49.5% (30.4) // 49.5% (30.4)",
        "oppScoringAgainst": "50.5% (29.8) // 51.0% (29.9) // 50.5% (29.8) // 50.5% (29.8)",
        "savesPerGame": 28.4,
        "savesPerGameLast1": 21.0,
        "savesPerGameLast3": 28.7,
        "savesPerGameLast5": 31.0,
        "savesPer60": 35.5,
        "savesPer60Last1": 22.5,
        "savesPer60Last3": 29.3,
        "savesPer60Last5": 31.4,
        "shotsPerGame": 36.8,
        "shotsPerGameLast5": 26.8,
        "shotsAgainstPerGame": 31.7,
        "shotsAgainstPerGameLast5": 34.2,
        "oppSavesAgainstPer60": 35.0,
        "oppSavesAgainstPer60Last1": 20.7,
        "oppSavesAgainstPer60Last3": 24.9,
        "oppSavesAgainstPer60Last5": 27.8,
        "oppShotsAgainstPerGame": 30.9,
        "oppShotsAgainstPerGameLast5": 33.2,
        "savesProj": 28.3,
        "savesProjLast5": 22.4,
        "savesProjLast3": 20.9,
        "oppSavesAgainstProj": 33.7,
        "oppSavesAgainstProjLast5": 21.9,
        "oppSavesAgainstProjLast3": 17.8,
        "totalOver": 58,
        "totalOverLast5": 20,
        "totalOverLast15": 27,
        "lastTotalOver": 33,
        "last5": "1,0,0,0,0,0,0,0,0,0",
        "overOdds": "-145",
        "underOdds": "+115",
        "overUnder": "-145 / +115"
    },
    {
        "player": "Carter Verhaeghe",
        "team": "FLA",
        "opponent": "VGK",
        "propType": "pts",
        "line": 0.5,
        "ppLine": "PP2",
        "avg": 0.9,
        "hit": false,
        "diffAvg": 0.8,
        "diffAbs": 0.4,
        "lastAvg": 0.62,
        "diff": 0.24,
        "avgMin": 17,
        "proj": 0.7,
        "lastAvgMin": 16.05,
        "oppOver": 0,
        "teamOver": 0,
        "gameLine": "-115",
        "+/-": "+20",
        "L5_+/-": "+3.0",
        "prevMatchup": "2023-06-08 2.0 pts 2023-06-05 0.0 pts 2023-06-03 0.0 pts 2023-03-07 0.0 pts 2023-01-12 0.0 pts",
        "winLossSplits": "65% - 50%",
        "awayHome": "H",
        "playedYesterday": "N",
        "awayHomeSplits": "56% - 60%",
        "savesAboveExp": -0.478,
        "gsaa": 8.04,
        "corsi": "54.2% (66.3) // 52.5% (66.0) // 54.2% (66.3) // 54.2% (66.3)",
        "fenwick": "53.6% (49.9) // 52.0% (49.3) // 53.6% (49.9) // 53.6% (49.9)",
        "shots": "53.7% (36.5) // 51.9% (35.5) // 53.7% (36.5) // 53.7% (36.5)",
        "scoring": "54.6% (34.8) // 53.4% (34.0) // 54.6% (34.8) // 54.6% (34.8)",
        "corsiAgainst": "45.8% (56.1) // 47.5% (59.7) // 45.8% (56.1) // 45.8% (56.1)",
        "fenwickAgainst": "46.4% (43.2) // 48.0% (45.5) // 46.4% (43.2) // 46.4% (43.2)",
        "shotsAgainst": "46.3% (31.5) // 48.1% (33.0) // 46.3% (31.5) // 46.3% (31.5)",
        "scoringAgainst": "45.4% (28.9) // 46.6% (29.7) // 45.4% (28.9) // 45.4% (28.9)",
        "oppCorsi": "48.6% (57.5) // 48.0% (56.0) // 48.6% (57.5) // 48.6% (57.5)",
        "oppFenwick": "49.7% (42.3) // 48.8% (40.5) // 49.7% (42.3) // 49.7% (42.3)",
        "oppShots": "50.5% (31.1) // 50.2% (28.8) // 50.5% (31.1) // 50.5% (31.1)",
        "oppScoring": "49.5% (29.2) // 49.0% (28.7) // 49.5% (29.2) // 49.5% (29.2)",
        "oppCorsiAgainst": "51.4% (60.7) // 52.0% (60.6) // 51.4% (60.7) // 51.4% (60.7)",
        "oppFenwickAgainst": "50.3% (42.8) // 51.2% (42.5) // 50.3% (42.8) // 50.3% (42.8)",
        "oppShotsAgainst": "49.5% (30.4) // 49.8% (28.5) // 49.5% (30.4) // 49.5% (30.4)",
        "oppScoringAgainst": "50.5% (29.8) // 51.0% (29.9) // 50.5% (29.8) // 50.5% (29.8)",
        "savesPerGame": 28.4,
        "savesPerGameLast1": 21.0,
        "savesPerGameLast3": 28.7,
        "savesPerGameLast5": 31.0,
        "savesPer60": 35.5,
        "savesPer60Last1": 22.5,
        "savesPer60Last3": 29.3,
        "savesPer60Last5": 31.4,
        "shotsPerGame": 36.8,
        "shotsPerGameLast5": 26.8,
        "shotsAgainstPerGame": 31.7,
        "shotsAgainstPerGameLast5": 34.2,
        "oppSavesAgainstPer60": 35.0,
        "oppSavesAgainstPer60Last1": 20.7,
        "oppSavesAgainstPer60Last3": 24.9,
        "oppSavesAgainstPer60Last5": 27.8,
        "oppShotsAgainstPerGame": 30.9,
        "oppShotsAgainstPerGameLast5": 33.2,
        "savesProj": 28.3,
        "savesProjLast5": 22.4,
        "savesProjLast3": 20.9,
        "oppSavesAgainstProj": 33.7,
        "oppSavesAgainstProjLast5": 21.9,
        "oppSavesAgainstProjLast3": 17.8,
        "totalOver": 58,
        "totalOverLast5": 40,
        "totalOverLast15": 53,
        "lastTotalOver": 53,
        "last5": "2,0,0,1,0,0,2,2,0,1",
        "overOdds": "-150",
        "underOdds": "+120",
        "overUnder": "-150 / +120"
    },
    {
        "player": "Chandler Stephenson",
        "team": "VGK",
        "opponent": "FLA",
        "propType": "pts",
        "line": 0.5,
        "ppLine": "PP1",
        "avg": 0.82,
        "hit": false,
        "diffAvg": 0.64,
        "diffAbs": 0.6,
        "lastAvg": 0.81,
        "diff": 0.62,
        "avgMin": 18,
        "proj": 0.8,
        "lastAvgMin": 19.3,
        "oppOver": 0,
        "teamOver": 0,
        "gameLine": "-105",
        "+/-": "+12",
        "L5_+/-": -2.0,
        "prevMatchup": "2023-06-08 0.0 pts 2023-06-05 2.0 pts 2023-06-03 1.0 pts 2023-03-07 0.0 pts 2023-01-12 0.0 pts",
        "winLossSplits": "67% - 42%",
        "awayHome": "A",
        "playedYesterday": "N",
        "awayHomeSplits": "52% - 63%",
        "savesAboveExp": -0.102,
        "gsaa": -4.63,
        "corsi": "48.6% (57.5) // 48.0% (56.0) // 48.6% (57.5) // 48.6% (57.5)",
        "fenwick": "49.7% (42.3) // 48.8% (40.5) // 49.7% (42.3) // 49.7% (42.3)",
        "shots": "50.5% (31.1) // 50.2% (28.8) // 50.5% (31.1) // 50.5% (31.1)",
        "scoring": "49.5% (29.2) // 49.0% (28.7) // 49.5% (29.2) // 49.5% (29.2)",
        "corsiAgainst": "51.4% (60.7) // 52.0% (60.6) // 51.4% (60.7) // 51.4% (60.7)",
        "fenwickAgainst": "50.3% (42.8) // 51.2% (42.5) // 50.3% (42.8) // 50.3% (42.8)",
        "shotsAgainst": "49.5% (30.4) // 49.8% (28.5) // 49.5% (30.4) // 49.5% (30.4)",
        "scoringAgainst": "50.5% (29.8) // 51.0% (29.9) // 50.5% (29.8) // 50.5% (29.8)",
        "oppCorsi": "54.2% (66.3) // 52.5% (66.0) // 54.2% (66.3) // 54.2% (66.3)",
        "oppFenwick": "53.6% (49.9) // 52.0% (49.3) // 53.6% (49.9) // 53.6% (49.9)",
        "oppShots": "53.7% (36.5) // 51.9% (35.5) // 53.7% (36.5) // 53.7% (36.5)",
        "oppScoring": "54.6% (34.8) // 53.4% (34.0) // 54.6% (34.8) // 54.6% (34.8)",
        "oppCorsiAgainst": "45.8% (56.1) // 47.5% (59.7) // 45.8% (56.1) // 45.8% (56.1)",
        "oppFenwickAgainst": "46.4% (43.2) // 48.0% (45.5) // 46.4% (43.2) // 46.4% (43.2)",
        "oppShotsAgainst": "46.3% (31.5) // 48.1% (33.0) // 46.3% (31.5) // 46.3% (31.5)",
        "oppScoringAgainst": "45.4% (28.9) // 46.6% (29.7) // 45.4% (28.9) // 45.4% (28.9)",
        "savesPerGame": 28.1,
        "savesPerGameLast1": 29.0,
        "savesPerGameLast3": 28.7,
        "savesPerGameLast5": 31.0,
        "savesPer60": 35.0,
        "savesPer60Last1": 31.2,
        "savesPer60Last3": 29.4,
        "savesPer60Last5": 31.1,
        "shotsPerGame": 31.5,
        "shotsPerGameLast5": 31.8,
        "shotsAgainstPerGame": 30.9,
        "shotsAgainstPerGameLast5": 33.2,
        "oppSavesAgainstPer60": 41.7,
        "oppSavesAgainstPer60Last1": 29.8,
        "oppSavesAgainstPer60Last3": 27.5,
        "oppSavesAgainstPer60Last5": 25.2,
        "oppShotsAgainstPerGame": 31.7,
        "oppShotsAgainstPerGameLast5": 34.2,
        "savesProj": 32.0,
        "savesProjLast5": 20.7,
        "savesProjLast3": 22.6,
        "oppSavesAgainstProj": 38.9,
        "oppSavesAgainstProjLast5": 17.6,
        "oppSavesAgainstProjLast3": 18.0,
        "totalOver": 58,
        "totalOverLast5": 60,
        "totalOverLast15": 47,
        "lastTotalOver": 57,
        "last5": "0,2,1,0,1,0,2,1,0,0",
        "overOdds": "-135",
        "underOdds": "+105",
        "overUnder": "-135 / +105"
    },
    {
        "player": "Gustav Forsling",
        "team": "FLA",
        "opponent": "VGK",
        "propType": "pts",
        "line": 0.5,
        "ppLine": "PP2",
        "avg": 0.48,
        "hit": false,
        "diffAvg": -0.04,
        "diffAbs": 0.0,
        "lastAvg": 0.46,
        "diff": -0.08,
        "avgMin": 23,
        "proj": 0.5,
        "lastAvgMin": 21.22,
        "oppOver": 0,
        "teamOver": 0,
        "gameLine": "-115",
        "+/-": "+27",
        "L5_+/-": "+1.0",
        "prevMatchup": "2023-06-08 1.0 pts 2023-06-05 0.0 pts 2023-06-03 0.0 pts 2023-03-07 0.0 pts 2023-01-12 0.0 pts",
        "winLossSplits": "49% - 33%",
        "awayHome": "H",
        "playedYesterday": "N",
        "awayHomeSplits": "40% - 43%",
        "savesAboveExp": -0.478,
        "gsaa": 8.04,
        "corsi": "54.2% (66.3) // 52.5% (66.0) // 54.2% (66.3) // 54.2% (66.3)",
        "fenwick": "53.6% (49.9) // 52.0% (49.3) // 53.6% (49.9) // 53.6% (49.9)",
        "shots": "53.7% (36.5) // 51.9% (35.5) // 53.7% (36.5) // 53.7% (36.5)",
        "scoring": "54.6% (34.8) // 53.4% (34.0) // 54.6% (34.8) // 54.6% (34.8)",
        "corsiAgainst": "45.8% (56.1) // 47.5% (59.7) // 45.8% (56.1) // 45.8% (56.1)",
        "fenwickAgainst": "46.4% (43.2) // 48.0% (45.5) // 46.4% (43.2) // 46.4% (43.2)",
        "shotsAgainst": "46.3% (31.5) // 48.1% (33.0) // 46.3% (31.5) // 46.3% (31.5)",
        "scoringAgainst": "45.4% (28.9) // 46.6% (29.7) // 45.4% (28.9) // 45.4% (28.9)",
        "oppCorsi": "48.6% (57.5) // 48.0% (56.0) // 48.6% (57.5) // 48.6% (57.5)",
        "oppFenwick": "49.7% (42.3) // 48.8% (40.5) // 49.7% (42.3) // 49.7% (42.3)",
        "oppShots": "50.5% (31.1) // 50.2% (28.8) // 50.5% (31.1) // 50.5% (31.1)",
        "oppScoring": "49.5% (29.2) // 49.0% (28.7) // 49.5% (29.2) // 49.5% (29.2)",
        "oppCorsiAgainst": "51.4% (60.7) // 52.0% (60.6) // 51.4% (60.7) // 51.4% (60.7)",
        "oppFenwickAgainst": "50.3% (42.8) // 51.2% (42.5) // 50.3% (42.8) // 50.3% (42.8)",
        "oppShotsAgainst": "49.5% (30.4) // 49.8% (28.5) // 49.5% (30.4) // 49.5% (30.4)",
        "oppScoringAgainst": "50.5% (29.8) // 51.0% (29.9) // 50.5% (29.8) // 50.5% (29.8)",
        "savesPerGame": 28.4,
        "savesPerGameLast1": 21.0,
        "savesPerGameLast3": 28.7,
        "savesPerGameLast5": 31.0,
        "savesPer60": 35.5,
        "savesPer60Last1": 22.5,
        "savesPer60Last3": 29.3,
        "savesPer60Last5": 31.4,
        "shotsPerGame": 36.8,
        "shotsPerGameLast5": 26.8,
        "shotsAgainstPerGame": 31.7,
        "shotsAgainstPerGameLast5": 34.2,
        "oppSavesAgainstPer60": 35.0,
        "oppSavesAgainstPer60Last1": 20.7,
        "oppSavesAgainstPer60Last3": 24.9,
        "oppSavesAgainstPer60Last5": 27.8,
        "oppShotsAgainstPerGame": 30.9,
        "oppShotsAgainstPerGameLast5": 33.2,
        "savesProj": 28.3,
        "savesProjLast5": 22.4,
        "savesProjLast3": 20.9,
        "oppSavesAgainstProj": 33.7,
        "oppSavesAgainstProjLast5": 21.9,
        "oppSavesAgainstProjLast3": 17.8,
        "totalOver": 42,
        "totalOverLast5": 40,
        "totalOverLast15": 33,
        "lastTotalOver": 36,
        "last5": "1,0,0,1,0,0,0,1,0,0",
        "overOdds": "+125",
        "underOdds": "-155",
        "overUnder": "+125 / -155"
    },
    {
        "player": "Ivan Barbashev",
        "team": "VGK",
        "opponent": "FLA",
        "propType": "pts",
        "line": 0.5,
        "ppLine": "PP2",
        "avg": 0.61,
        "hit": false,
        "diffAvg": 0.22,
        "diffAbs": 0.2,
        "lastAvg": 0.65,
        "diff": 0.3,
        "avgMin": 16,
        "proj": 0.6,
        "lastAvgMin": 16.43,
        "oppOver": 0,
        "teamOver": 0,
        "gameLine": "-105",
        "+/-": "+23",
        "L5_+/-": "+9.0",
        "prevMatchup": "2023-06-08 0.0 pts 2023-06-05 1.0 pts 2023-06-03 1.0 pts 2023-03-07 0.0 pts 2023-02-14 3.0 pts 2022-11-26 1.0 pts",
        "winLossSplits": "57% - 36%",
        "awayHome": "A",
        "playedYesterday": "N",
        "awayHomeSplits": "47% - 48%",
        "savesAboveExp": -0.102,
        "gsaa": -4.63,
        "corsi": "48.6% (57.5) // 48.0% (56.0) // 48.6% (57.5) // 48.6% (57.5)",
        "fenwick": "49.7% (42.3) // 48.8% (40.5) // 49.7% (42.3) // 49.7% (42.3)",
        "shots": "50.5% (31.1) // 50.2% (28.8) // 50.5% (31.1) // 50.5% (31.1)",
        "scoring": "49.5% (29.2) // 49.0% (28.7) // 49.5% (29.2) // 49.5% (29.2)",
        "corsiAgainst": "51.4% (60.7) // 52.0% (60.6) // 51.4% (60.7) // 51.4% (60.7)",
        "fenwickAgainst": "50.3% (42.8) // 51.2% (42.5) // 50.3% (42.8) // 50.3% (42.8)",
        "shotsAgainst": "49.5% (30.4) // 49.8% (28.5) // 49.5% (30.4) // 49.5% (30.4)",
        "scoringAgainst": "50.5% (29.8) // 51.0% (29.9) // 50.5% (29.8) // 50.5% (29.8)",
        "oppCorsi": "54.2% (66.3) // 52.5% (66.0) // 54.2% (66.3) // 54.2% (66.3)",
        "oppFenwick": "53.6% (49.9) // 52.0% (49.3) // 53.6% (49.9) // 53.6% (49.9)",
        "oppShots": "53.7% (36.5) // 51.9% (35.5) // 53.7% (36.5) // 53.7% (36.5)",
        "oppScoring": "54.6% (34.8) // 53.4% (34.0) // 54.6% (34.8) // 54.6% (34.8)",
        "oppCorsiAgainst": "45.8% (56.1) // 47.5% (59.7) // 45.8% (56.1) // 45.8% (56.1)",
        "oppFenwickAgainst": "46.4% (43.2) // 48.0% (45.5) // 46.4% (43.2) // 46.4% (43.2)",
        "oppShotsAgainst": "46.3% (31.5) // 48.1% (33.0) // 46.3% (31.5) // 46.3% (31.5)",
        "oppScoringAgainst": "45.4% (28.9) // 46.6% (29.7) // 45.4% (28.9) // 45.4% (28.9)",
        "savesPerGame": 28.1,
        "savesPerGameLast1": 29.0,
        "savesPerGameLast3": 28.7,
        "savesPerGameLast5": 31.0,
        "savesPer60": 35.0,
        "savesPer60Last1": 31.2,
        "savesPer60Last3": 29.4,
        "savesPer60Last5": 31.1,
        "shotsPerGame": 31.5,
        "shotsPerGameLast5": 31.8,
        "shotsAgainstPerGame": 30.9,
        "shotsAgainstPerGameLast5": 33.2,
        "oppSavesAgainstPer60": 41.7,
        "oppSavesAgainstPer60Last1": 29.8,
        "oppSavesAgainstPer60Last3": 27.5,
        "oppSavesAgainstPer60Last5": 25.2,
        "oppShotsAgainstPerGame": 31.7,
        "oppShotsAgainstPerGameLast5": 34.2,
        "savesProj": 32.0,
        "savesProjLast5": 20.7,
        "savesProjLast3": 22.6,
        "oppSavesAgainstProj": 38.9,
        "oppSavesAgainstProjLast5": 17.6,
        "oppSavesAgainstProjLast3": 18.0,
        "totalOver": 48,
        "totalOverLast5": 80,
        "totalOverLast15": 67,
        "lastTotalOver": 49,
        "last5": "0,1,1,1,1,3,1,0,2,1",
        "overOdds": "+110",
        "underOdds": "-140",
        "overUnder": "+110 / -140"
    },
    {
        "player": "Jack Eichel",
        "team": "VGK",
        "opponent": "FLA",
        "propType": "pts",
        "line": 0.5,
        "ppLine": "PP1",
        "avg": 1.02,
        "hit": false,
        "diffAvg": 1.04,
        "diffAbs": 0.4,
        "lastAvg": 0.74,
        "diff": 0.48,
        "avgMin": 18,
        "proj": 0.7,
        "lastAvgMin": 19.38,
        "oppOver": 0,
        "teamOver": 0,
        "gameLine": "-105",
        "+/-": "+38",
        "L5_+/-": "+11.0",
        "prevMatchup": "2023-06-08 1.0 pts 2023-06-05 2.0 pts 2023-06-03 2.0 pts 2023-03-07 1.0 pts 2023-01-12 1.0 pts",
        "winLossSplits": "75% - 45%",
        "awayHome": "A",
        "playedYesterday": "N",
        "awayHomeSplits": "64% - 66%",
        "savesAboveExp": -0.102,
        "gsaa": -4.63,
        "corsi": "48.6% (57.5) // 48.0% (56.0) // 48.6% (57.5) // 48.6% (57.5)",
        "fenwick": "49.7% (42.3) // 48.8% (40.5) // 49.7% (42.3) // 49.7% (42.3)",
        "shots": "50.5% (31.1) // 50.2% (28.8) // 50.5% (31.1) // 50.5% (31.1)",
        "scoring": "49.5% (29.2) // 49.0% (28.7) // 49.5% (29.2) // 49.5% (29.2)",
        "corsiAgainst": "51.4% (60.7) // 52.0% (60.6) // 51.4% (60.7) // 51.4% (60.7)",
        "fenwickAgainst": "50.3% (42.8) // 51.2% (42.5) // 50.3% (42.8) // 50.3% (42.8)",
        "shotsAgainst": "49.5% (30.4) // 49.8% (28.5) // 49.5% (30.4) // 49.5% (30.4)",
        "scoringAgainst": "50.5% (29.8) // 51.0% (29.9) // 50.5% (29.8) // 50.5% (29.8)",
        "oppCorsi": "54.2% (66.3) // 52.5% (66.0) // 54.2% (66.3) // 54.2% (66.3)",
        "oppFenwick": "53.6% (49.9) // 52.0% (49.3) // 53.6% (49.9) // 53.6% (49.9)",
        "oppShots": "53.7% (36.5) // 51.9% (35.5) // 53.7% (36.5) // 53.7% (36.5)",
        "oppScoring": "54.6% (34.8) // 53.4% (34.0) // 54.6% (34.8) // 54.6% (34.8)",
        "oppCorsiAgainst": "45.8% (56.1) // 47.5% (59.7) // 45.8% (56.1) // 45.8% (56.1)",
        "oppFenwickAgainst": "46.4% (43.2) // 48.0% (45.5) // 46.4% (43.2) // 46.4% (43.2)",
        "oppShotsAgainst": "46.3% (31.5) // 48.1% (33.0) // 46.3% (31.5) // 46.3% (31.5)",
        "oppScoringAgainst": "45.4% (28.9) // 46.6% (29.7) // 45.4% (28.9) // 45.4% (28.9)",
        "savesPerGame": 28.1,
        "savesPerGameLast1": 29.0,
        "savesPerGameLast3": 28.7,
        "savesPerGameLast5": 31.0,
        "savesPer60": 35.0,
        "savesPer60Last1": 31.2,
        "savesPer60Last3": 29.4,
        "savesPer60Last5": 31.1,
        "shotsPerGame": 31.5,
        "shotsPerGameLast5": 31.8,
        "shotsAgainstPerGame": 30.9,
        "shotsAgainstPerGameLast5": 33.2,
        "oppSavesAgainstPer60": 41.7,
        "oppSavesAgainstPer60Last1": 29.8,
        "oppSavesAgainstPer60Last3": 27.5,
        "oppSavesAgainstPer60Last5": 25.2,
        "oppShotsAgainstPerGame": 31.7,
        "oppShotsAgainstPerGameLast5": 34.2,
        "savesProj": 32.0,
        "savesProjLast5": 20.7,
        "savesProjLast3": 22.6,
        "oppSavesAgainstProj": 38.9,
        "oppSavesAgainstProjLast5": 17.6,
        "oppSavesAgainstProjLast3": 18.0,
        "totalOver": 65,
        "totalOverLast5": 80,
        "totalOverLast15": 67,
        "lastTotalOver": 59,
        "last5": "1,2,2,0,1,1,1,0,1,3",
        "overOdds": "-190",
        "underOdds": "+155",
        "overUnder": "-190 / +155"
    },
    {
        "player": "Jonathan Marchessault",
        "team": "VGK",
        "opponent": "FLA",
        "propType": "pts",
        "line": 0.5,
        "ppLine": "PP1",
        "avg": 0.83,
        "hit": false,
        "diffAvg": 0.66,
        "diffAbs": 0.6,
        "lastAvg": 0.86,
        "diff": 0.72,
        "avgMin": 17,
        "proj": 0.8,
        "lastAvgMin": 17.57,
        "oppOver": 0,
        "teamOver": 0,
        "gameLine": "-105",
        "+/-": "+17",
        "L5_+/-": "+11.0",
        "prevMatchup": "2023-06-08 2.0 pts 2023-06-05 3.0 pts 2023-06-03 1.0 pts 2023-03-07 0.0 pts 2023-01-12 0.0 pts",
        "winLossSplits": "67% - 41%",
        "awayHome": "A",
        "playedYesterday": "N",
        "awayHomeSplits": "59% - 57%",
        "savesAboveExp": -0.102,
        "gsaa": -4.63,
        "corsi": "48.6% (57.5) // 48.0% (56.0) // 48.6% (57.5) // 48.6% (57.5)",
        "fenwick": "49.7% (42.3) // 48.8% (40.5) // 49.7% (42.3) // 49.7% (42.3)",
        "shots": "50.5% (31.1) // 50.2% (28.8) // 50.5% (31.1) // 50.5% (31.1)",
        "scoring": "49.5% (29.2) // 49.0% (28.7) // 49.5% (29.2) // 49.5% (29.2)",
        "corsiAgainst": "51.4% (60.7) // 52.0% (60.6) // 51.4% (60.7) // 51.4% (60.7)",
        "fenwickAgainst": "50.3% (42.8) // 51.2% (42.5) // 50.3% (42.8) // 50.3% (42.8)",
        "shotsAgainst": "49.5% (30.4) // 49.8% (28.5) // 49.5% (30.4) // 49.5% (30.4)",
        "scoringAgainst": "50.5% (29.8) // 51.0% (29.9) // 50.5% (29.8) // 50.5% (29.8)",
        "oppCorsi": "54.2% (66.3) // 52.5% (66.0) // 54.2% (66.3) // 54.2% (66.3)",
        "oppFenwick": "53.6% (49.9) // 52.0% (49.3) // 53.6% (49.9) // 53.6% (49.9)",
        "oppShots": "53.7% (36.5) // 51.9% (35.5) // 53.7% (36.5) // 53.7% (36.5)",
        "oppScoring": "54.6% (34.8) // 53.4% (34.0) // 54.6% (34.8) // 54.6% (34.8)",
        "oppCorsiAgainst": "45.8% (56.1) // 47.5% (59.7) // 45.8% (56.1) // 45.8% (56.1)",
        "oppFenwickAgainst": "46.4% (43.2) // 48.0% (45.5) // 46.4% (43.2) // 46.4% (43.2)",
        "oppShotsAgainst": "46.3% (31.5) // 48.1% (33.0) // 46.3% (31.5) // 46.3% (31.5)",
        "oppScoringAgainst": "45.4% (28.9) // 46.6% (29.7) // 45.4% (28.9) // 45.4% (28.9)",
        "savesPerGame": 28.1,
        "savesPerGameLast1": 29.0,
        "savesPerGameLast3": 28.7,
        "savesPerGameLast5": 31.0,
        "savesPer60": 35.0,
        "savesPer60Last1": 31.2,
        "savesPer60Last3": 29.4,
        "savesPer60Last5": 31.1,
        "shotsPerGame": 31.5,
        "shotsPerGameLast5": 31.8,
        "shotsAgainstPerGame": 30.9,
        "shotsAgainstPerGameLast5": 33.2,
        "oppSavesAgainstPer60": 41.7,
        "oppSavesAgainstPer60Last1": 29.8,
        "oppSavesAgainstPer60Last3": 27.5,
        "oppSavesAgainstPer60Last5": 25.2,
        "oppShotsAgainstPerGame": 31.7,
        "oppShotsAgainstPerGameLast5": 34.2,
        "savesProj": 32.0,
        "savesProjLast5": 20.7,
        "savesProjLast3": 22.6,
        "oppSavesAgainstProj": 38.9,
        "oppSavesAgainstProjLast5": 17.6,
        "oppSavesAgainstProjLast3": 18.0,
        "totalOver": 58,
        "totalOverLast5": 100,
        "totalOverLast15": 67,
        "lastTotalOver": 57,
        "last5": "2,3,1,1,2,1,2,0,3,3",
        "overOdds": "-185",
        "underOdds": "+150",
        "overUnder": "-185 / +150"
    },
    {
        "player": "Mark Stone",
        "team": "VGK",
        "opponent": "FLA",
        "propType": "pts",
