[
    {
        "player": "Felix Sandstrom",
        "team": "PHI",
        "opponent": "BOS",
        "propType": "sv",
        "line": 28.5,
        "ppLine": "",
        "avg": 24.41,
        "hit": false,
        "diffAvg": -0.14,
        "diffAbs": 0.02,
        "lastAvg": 32.2,
        "diff": 0.13,
        "avgMin": 54,
        "proj": 29.2,
        "lastAvgMin": 59.45,
        "oppOver": 53,
        "teamOver": 40,
        "gameLine": "+215",
        "+/-": 0,
        "L5_+/-": 0,
        "prevMatchup": "2022-11-17 phi @ bos 28.0 sv 2023-01-16 phi @ bos 23.0 sv",
        "winLossSplits": "0% - 31%",
        "awayHome": "H",
        "playedYesterday": "Y",
        "awayHomeSplits": "50% - 11%",
        "savesAboveExp": -0.431,
        "gsaa": -11.81,
        "corsi": "46.7% (53.7) // 47.1% (53.1) // 48.7% (55.9) // 48.4% (55.3)",
        "fenwick": "47.6% (40.1) // 47.6% (40.6) // 48.6% (43.0) // 51.6% (43.7)",
        "shots": "48.1% (28.9) // 47.0% (27.6) // 47.6% (28.5) // 50.9% (28.7)",
        "scoring": "44.7% (25.6) // 44.4% (26.0) // 43.0% (26.4) // 42.5% (25.3)",
        "corsiAgainst": "53.3% (61.3) // 52.9% (59.6) // 51.3% (58.9) // 51.6% (59.0)",
        "fenwickAgainst": "52.4% (44.2) // 52.4% (44.6) // 51.4% (45.5) // 48.4% (41.0)",
        "shotsAgainst": "51.9% (31.1) // 53.0% (31.2) // 52.4% (31.4) // 49.1% (27.7)",
        "scoringAgainst": "55.3% (31.6) // 55.6% (32.6) // 57.0% (35.0) // 57.5% (34.3)",
        "oppCorsi": "51.3% (58.0) // 50.6% (58.4) // 52.1% (59.2) // 54.6% (61.2)",
        "oppFenwick": "51.6% (43.8) // 50.1% (43.9) // 52.9% (45.2) // 53.6% (47.0)",
        "oppShots": "52.6% (32.5) // 51.9% (32.7) // 53.1% (33.1) // 54.1% (35.8)",
        "oppScoring": "53.0% (32.3) // 53.9% (33.5) // 52.3% (32.7) // 54.4% (30.4)",
        "oppCorsiAgainst": "48.7% (55.0) // 49.4% (56.9) // 47.9% (54.3) // 45.4% (50.9)",
        "oppFenwickAgainst": "48.4% (41.1) // 49.9% (43.8) // 47.1% (40.3) // 46.4% (40.7)",
        "oppShotsAgainst": "47.4% (29.3) // 48.1% (30.2) // 46.9% (29.2) // 45.9% (30.4)",
        "oppScoringAgainst": "47.0% (28.6) // 46.1% (28.7) // 47.7% (29.8) // 45.6% (25.5)",
        "savesPerGame": 28.1,
        "savesPerGameLast1": 17.0,
        "savesPerGameLast3": 23.7,
        "savesPerGameLast5": 24.2,
        "savesPer60": 27.5,
        "savesPer60Last1": 17.0,
        "savesPer60Last3": 23.5,
        "savesPer60Last5": 23.9,
        "shotsPerGame": 29.2,
        "shotsPerGameLast5": 32.2,
        "shotsAgainstPerGame": 31.4,
        "shotsAgainstPerGameLast5": 28.6,
        "oppSavesAgainstPer60": 29.3,
        "oppSavesAgainstPer60Last1": 38.0,
        "oppSavesAgainstPer60Last3": 33.2,
        "oppSavesAgainstPer60Last5": 31.9,
        "oppShotsAgainstPerGame": 29.7,
        "oppShotsAgainstPerGameLast5": 30.0,
        "savesProj": 29.0,
        "savesProjLast5": 27.0,
        "savesProjLast3": 27.3,
        "oppSavesAgainstProj": 28.7,
        "oppSavesAgainstProjLast5": 27.4,
        "oppSavesAgainstProjLast3": 29.1,
        "totalOver": 29,
        "totalOverLast5": 40,
        "totalOverLast15": 20,
        "lastTotalOver": 60,
        "last5": "2,23,41,29,28,28,17,25,22,18",
        "overOdds": "-125",
        "underOdds": "-105",
        "overUnder": "-125 / -105"
    },
    {
        "player": "Jeremy Swayman",
        "team": "BOS",
        "opponent": "PHI",
        "propType": "sv",
        "line": 25.5,
        "ppLine": "",
        "avg": 23.74,
        "hit": false,
        "diffAvg": -0.07,
        "diffAbs": 0.18,
        "lastAvg": 22.07,
        "diff": -0.13,
        "avgMin": 55,
        "proj": 20.8,
        "lastAvgMin": 58.28,
        "oppOver": 60,
        "teamOver": 67,
        "gameLine": "-255",
        "+/-": 0,
        "L5_+/-": 0,
        "prevMatchup": "2022-11-17 phi @ bos 22.0 sv 2023-01-16 phi @ bos 29.0 sv",
        "winLossSplits": "62% - 30%",
        "awayHome": "A",
        "playedYesterday": "Y",
        "awayHomeSplits": "61% - 44%",
        "savesAboveExp": 0.19,
        "gsaa": 14.92,
        "corsi": "51.3% (58.0) // 50.6% (58.4) // 52.1% (59.2) // 54.6% (61.2)",
        "fenwick": "51.6% (43.8) // 50.1% (43.9) // 52.9% (45.2) // 53.6% (47.0)",
        "shots": "52.6% (32.5) // 51.9% (32.7) // 53.1% (33.1) // 54.1% (35.8)",
        "scoring": "53.0% (32.3) // 53.9% (33.5) // 52.3% (32.7) // 54.4% (30.4)",
        "corsiAgainst": "48.7% (55.0) // 49.4% (56.9) // 47.9% (54.3) // 45.4% (50.9)",
        "fenwickAgainst": "48.4% (41.1) // 49.9% (43.8) // 47.1% (40.3) // 46.4% (40.7)",
        "shotsAgainst": "47.4% (29.3) // 48.1% (30.2) // 46.9% (29.2) // 45.9% (30.4)",
        "scoringAgainst": "47.0% (28.6) // 46.1% (28.7) // 47.7% (29.8) // 45.6% (25.5)",
        "oppCorsi": "46.7% (53.7) // 47.1% (53.1) // 48.7% (55.9) // 48.4% (55.3)",
        "oppFenwick": "47.6% (40.1) // 47.6% (40.6) // 48.6% (43.0) // 51.6% (43.7)",
        "oppShots": "48.1% (28.9) // 47.0% (27.6) // 47.6% (28.5) // 50.9% (28.7)",
        "oppScoring": "44.7% (25.6) // 44.4% (26.0) // 43.0% (26.4) // 42.5% (25.3)",
        "oppCorsiAgainst": "53.3% (61.3) // 52.9% (59.6) // 51.3% (58.9) // 51.6% (59.0)",
        "oppFenwickAgainst": "52.4% (44.2) // 52.4% (44.6) // 51.4% (45.5) // 48.4% (41.0)",
        "oppShotsAgainst": "51.9% (31.1) // 53.0% (31.2) // 52.4% (31.4) // 49.1% (27.7)",
        "oppScoringAgainst": "55.3% (31.6) // 55.6% (32.6) // 57.0% (35.0) // 57.5% (34.3)",
        "savesPerGame": 27.6,
        "savesPerGameLast1": 29.0,
        "savesPerGameLast3": 31.7,
        "savesPerGameLast5": 28.2,
        "savesPer60": 27.8,
        "savesPer60Last1": 29.0,
        "savesPer60Last3": 32.9,
        "savesPer60Last5": 28.9,
        "shotsPerGame": 33.0,
        "shotsPerGameLast5": 34.0,
        "shotsAgainstPerGame": 29.7,
        "shotsAgainstPerGameLast5": 30.0,
        "oppSavesAgainstPer60": 26.2,
        "oppSavesAgainstPer60Last1": 26.9,
        "oppSavesAgainstPer60Last3": 27.6,
        "oppSavesAgainstPer60Last5": 31.0,
        "oppShotsAgainstPerGame": 31.4,
        "oppShotsAgainstPerGameLast5": 28.6,
        "savesProj": 26.9,
        "savesProjLast5": 32.2,
        "savesProjLast3": 33.1,
        "oppSavesAgainstProj": 25.5,
        "oppSavesAgainstProjLast5": 31.0,
        "oppSavesAgainstProjLast3": 31.1,
        "totalOver": 53,
        "totalOverLast5": 80,
        "totalOverLast15": 60,
        "lastTotalOver": 31,
        "last5": "31,21,34,29,26,36,21,19,26,22",
        "overOdds": "-125",
        "underOdds": "-105",
        "overUnder": "-125 / -105"
    },
    {
        "player": "Pavel Francouz",
        "team": "COL",
        "opponent": "ANA",
        "propType": "sv",
        "line": 24.5,
        "ppLine": "",
        "avg": 28.8,
        "hit": false,
        "diffAvg": 0.18,
        "diffAbs": 0.15,
        "lastAvg": 19.89,
        "diff": -0.19,
        "avgMin": 60,
        "proj": 20.9,
        "lastAvgMin": 57.15,
        "oppOver": 59,
        "teamOver": 72,
        "gameLine": "-300",
        "+/-": 0,
        "L5_+/-": 0,
        "prevMatchup": "2023-01-26 ana @ col 27.0 sv 2023-03-27 col @ ana 29.0 sv",
        "winLossSplits": "86% - 62%",
        "awayHome": "A",
        "playedYesterday": "Y",
        "awayHomeSplits": "75% - 71%",
        "savesAboveExp": -0.066,
        "gsaa": 7.03,
        "corsi": "52.3% (60.1) // 53.6% (62.7) // 49.6% (56.7) // 49.2% (58.3)",
        "fenwick": "51.6% (44.0) // 52.8% (45.5) // 48.8% (40.5) // 48.3% (40.9)",
        "shots": "51.6% (32.8) // 53.0% (33.5) // 51.0% (31.6) // 50.3% (31.4)",
        "scoring": "53.1% (30.2) // 54.1% (32.7) // 45.2% (28.9) // 44.7% (30.5)",
        "corsiAgainst": "47.7% (54.7) // 46.4% (54.3) // 50.4% (57.7) // 50.8% (60.3)",
        "fenwickAgainst": "48.4% (41.3) // 47.2% (40.6) // 51.2% (42.4) // 51.7% (43.9)",
        "shotsAgainst": "48.4% (30.8) // 47.0% (29.8) // 49.0% (30.3) // 49.7% (31.1)",
        "scoringAgainst": "46.9% (26.6) // 45.9% (27.7) // 54.8% (35.0) // 55.3% (37.7)",
        "oppCorsi": "43.4% (51.2) // 40.9% (45.9) // 39.9% (44.8) // 46.9% (50.8)",
        "oppFenwick": "42.3% (38.5) // 39.3% (34.9) // 38.3% (33.6) // 44.5% (37.3)",
        "oppShots": "42.1% (28.0) // 38.6% (24.5) // 40.5% (26.4) // 44.2% (27.6)",
        "oppScoring": "41.2% (25.4) // 37.8% (20.9) // 37.0% (21.1) // 44.5% (25.6)",
        "oppCorsiAgainst": "56.6% (66.9) // 59.1% (66.4) // 60.1% (67.5) // 53.1% (57.6)",
        "oppFenwickAgainst": "57.7% (52.5) // 60.7% (53.8) // 61.7% (54.1) // 55.5% (46.5)",
        "oppShotsAgainst": "57.9% (38.6) // 61.4% (39.0) // 59.5% (38.9) // 55.8% (34.8)",
        "oppScoringAgainst": "58.8% (36.2) // 62.2% (34.3) // 63.0% (35.9) // 55.5% (31.9)",
        "savesPerGame": 28.5,
        "savesPerGameLast1": 38.0,
        "savesPerGameLast3": 29.0,
        "savesPerGameLast5": 27.6,
        "savesPer60": 28.5,
        "savesPer60Last1": 38.0,
        "savesPer60Last3": 29.5,
        "savesPer60Last5": 27.7,
        "shotsPerGame": 33.2,
        "shotsPerGameLast5": 34.4,
        "shotsAgainstPerGame": 31.2,
        "shotsAgainstPerGameLast5": 30.4,
        "oppSavesAgainstPer60": 26.1,
        "oppSavesAgainstPer60Last1": 26.3,
        "oppSavesAgainstPer60Last3": 24.1,
        "oppSavesAgainstPer60Last5": 25.7,
        "oppShotsAgainstPerGame": 39.1,
        "oppShotsAgainstPerGameLast5": 39.4,
        "savesProj": 21.0,
        "savesProjLast5": 19.5,
        "savesProjLast3": 19.6,
        "oppSavesAgainstProj": 26.6,
        "oppSavesAgainstProjLast5": 25.3,
        "oppSavesAgainstProjLast3": 25.1,
        "totalOver": 73,
        "totalOverLast5": 100,
        "totalOverLast15": 73,
        "lastTotalOver": 71,
        "last5": "36,27,26,26,29,27,26,30,35,21",
        "overOdds": "-105",
        "underOdds": "-125",
        "overUnder": "-105 / -125"
    }
]