[
    {
        "player": "Andrei Vasilevskiy",
        "team": "TB",
        "opponent": "TOR",
        "propType": "sv",
        "line": 30.5,
        "ppLine": "",
        "avg": 28.58,
        "hit": false,
        "diffAvg": -0.06,
        "diffAbs": 0.35,
        "lastAvg": 19.68,
        "diff": -0.35,
        "avgMin": 60,
        "proj": 19.8,
        "lastAvgMin": 59.68,
        "oppOver": 41,
        "teamOver": 38,
        "gameLine": "+130",
        "+/-": 0,
        "L5_+/-": 0,
        "prevMatchup": "2022-12-03 tor @ tb 36.0 sv 2022-12-20 tb @ tor 36.0 sv 2023-04-11 tor @ tb 20.0 sv 2023-04-18 tb @ tor 28.0 sv 2023-04-20 tb @ tor 30.0 sv 2023-04-22 tor @ tb 23.0 sv 2023-04-24 tor @ tb 32.0 sv",
        "winLossSplits": "40% - 38%",
        "awayHome": "A",
        "playedYesterday": "N",
        "awayHomeSplits": "40% - 38%",
        "savesAboveExp": 0.522,
        "gsaa": 20.53,
        "corsi": "51.4% (59.4) // 49.6% (57.4) // 51.4% (59.4) // 51.4% (59.4)",
        "fenwick": "51.3% (44.7) // 48.1% (42.5) // 51.3% (44.7) // 51.3% (44.7)",
        "shots": "50.4% (31.7) // 47.3% (30.9) // 50.4% (31.7) // 50.4% (31.7)",
        "scoring": "52.9% (33.9) // 49.5% (32.2) // 52.9% (33.9) // 52.9% (33.9)",
        "corsiAgainst": "48.6% (56.3) // 50.4% (58.3) // 48.6% (56.3) // 48.6% (56.3)",
        "fenwickAgainst": "48.7% (42.4) // 51.9% (45.9) // 48.7% (42.4) // 48.7% (42.4)",
        "shotsAgainst": "49.6% (31.2) // 52.7% (34.4) // 49.6% (31.2) // 49.6% (31.2)",
        "scoringAgainst": "47.1% (30.1) // 50.5% (32.8) // 47.1% (30.1) // 47.1% (30.1)",
        "oppCorsi": "50.8% (57.6) // 50.8% (59.1) // 50.8% (57.6) // 50.8% (57.6)",
        "oppFenwick": "51.7% (44.0) // 52.2% (46.4) // 51.7% (44.0) // 51.7% (44.0)",
        "oppShots": "52.1% (31.8) // 52.3% (33.2) // 52.1% (31.8) // 52.1% (31.8)",
        "oppScoring": "53.9% (33.4) // 55.3% (34.1) // 53.9% (33.4) // 53.9% (33.4)",
        "oppCorsiAgainst": "49.2% (55.8) // 49.2% (57.4) // 49.2% (55.8) // 49.2% (55.8)",
        "oppFenwickAgainst": "48.3% (41.1) // 47.8% (42.5) // 48.3% (41.1) // 48.3% (41.1)",
        "oppShotsAgainst": "47.9% (29.2) // 47.7% (30.3) // 47.9% (29.2) // 47.9% (29.2)",
        "oppScoringAgainst": "46.1% (28.5) // 44.7% (27.6) // 46.1% (28.5) // 46.1% (28.5)",
        "savesPerGame": 28.4,
        "savesPerGameLast1": 32.0,
        "savesPerGameLast3": 28.3,
        "savesPerGameLast5": 29.0,
        "savesPer60": 29.9,
        "savesPer60Last1": 34.3,
        "savesPer60Last3": 32.0,
        "savesPer60Last5": 31.2,
        "shotsPerGame": 32.0,
        "shotsPerGameLast5": 31.6,
        "shotsAgainstPerGame": 31.5,
        "shotsAgainstPerGameLast5": 32.8,
        "oppSavesAgainstPer60": 30.0,
        "oppSavesAgainstPer60Last1": 32.0,
        "oppSavesAgainstPer60Last3": 28.7,
        "oppSavesAgainstPer60Last5": 26.6,
        "oppShotsAgainstPerGame": 29.5,
        "oppShotsAgainstPerGameLast5": 30.0,
        "savesProj": 30.2,
        "savesProjLast5": 28.9,
        "savesProjLast3": 32.0,
        "oppSavesAgainstProj": 29.2,
        "oppSavesAgainstProjLast5": 26.7,
        "oppSavesAgainstProjLast3": 27.1,
        "totalOver": 39,
        "totalOverLast5": 20,
        "totalOverLast15": 47,
        "lastTotalOver": 35,
        "last5": "32,23,30,28,20,31,38,30,31,32",
        "overOdds": "-110",
        "underOdds": "-120",
        "overUnder": "-110 / -120"
    },
    {
        "player": "Ilya Samsonov",
        "team": "TOR",
        "opponent": "TB",
        "propType": "sv",
        "line": 26.5,
        "ppLine": "",
        "avg": 25.96,
        "hit": false,
        "diffAvg": -0.02,
        "diffAbs": 0.13,
        "lastAvg": 20.94,
        "diff": -0.21,
        "avgMin": 59,
        "proj": 23.0,
        "lastAvgMin": 53.65,
        "oppOver": 63,
        "teamOver": 50,
        "gameLine": "-150",
        "+/-": 0,
        "L5_+/-": 0,
        "prevMatchup": "2022-12-03 tor @ tb 29.0 sv 2022-12-20 tb @ tor 18.0 sv 2023-04-11 tor @ tb 45.0 sv 2023-04-18 tb @ tor 27.0 sv 2023-04-20 tb @ tor 20.0 sv 2023-04-22 tor @ tb 36.0 sv 2023-04-24 tor @ tb 27.0 sv",
        "winLossSplits": "53% - 44%",
        "awayHome": "H",
        "playedYesterday": "N",
        "awayHomeSplits": "68% - 37%",
        "savesAboveExp": 0.388,
        "gsaa": 17.37,
        "corsi": "50.8% (57.6) // 50.8% (59.1) // 50.8% (57.6) // 50.8% (57.6)",
        "fenwick": "51.7% (44.0) // 52.2% (46.4) // 51.7% (44.0) // 51.7% (44.0)",
        "shots": "52.1% (31.8) // 52.3% (33.2) // 52.1% (31.8) // 52.1% (31.8)",
        "scoring": "53.9% (33.4) // 55.3% (34.1) // 53.9% (33.4) // 53.9% (33.4)",
        "corsiAgainst": "49.2% (55.8) // 49.2% (57.4) // 49.2% (55.8) // 49.2% (55.8)",
        "fenwickAgainst": "48.3% (41.1) // 47.8% (42.5) // 48.3% (41.1) // 48.3% (41.1)",
        "shotsAgainst": "47.9% (29.2) // 47.7% (30.3) // 47.9% (29.2) // 47.9% (29.2)",
        "scoringAgainst": "46.1% (28.5) // 44.7% (27.6) // 46.1% (28.5) // 46.1% (28.5)",
        "oppCorsi": "51.4% (59.4) // 49.6% (57.4) // 51.4% (59.4) // 51.4% (59.4)",
        "oppFenwick": "51.3% (44.7) // 48.1% (42.5) // 51.3% (44.7) // 51.3% (44.7)",
        "oppShots": "50.4% (31.7) // 47.3% (30.9) // 50.4% (31.7) // 50.4% (31.7)",
        "oppScoring": "52.9% (33.9) // 49.5% (32.2) // 52.9% (33.9) // 52.9% (33.9)",
        "oppCorsiAgainst": "48.6% (56.3) // 50.4% (58.3) // 48.6% (56.3) // 48.6% (56.3)",
        "oppFenwickAgainst": "48.7% (42.4) // 51.9% (45.9) // 48.7% (42.4) // 48.7% (42.4)",
        "oppShotsAgainst": "49.6% (31.2) // 52.7% (34.4) // 49.6% (31.2) // 49.6% (31.2)",
        "oppScoringAgainst": "47.1% (30.1) // 50.5% (32.8) // 47.1% (30.1) // 47.1% (30.1)",
        "savesPerGame": 26.8,
        "savesPerGameLast1": 27.0,
        "savesPerGameLast3": 27.7,
        "savesPerGameLast5": 26.4,
        "savesPer60": 28.3,
        "savesPer60Last1": 28.8,
        "savesPer60Last3": 31.1,
        "savesPer60Last5": 28.4,
        "shotsPerGame": 32.0,
        "shotsPerGameLast5": 30.6,
        "shotsAgainstPerGame": 29.5,
        "shotsAgainstPerGameLast5": 30.0,
        "oppSavesAgainstPer60": 30.1,
        "oppSavesAgainstPer60Last1": 26.9,
        "oppSavesAgainstPer60Last3": 28.1,
        "oppSavesAgainstPer60Last5": 27.5,
        "oppShotsAgainstPerGame": 31.5,
        "oppShotsAgainstPerGameLast5": 32.8,
        "savesProj": 27.0,
        "savesProjLast5": 26.0,
        "savesProjLast3": 28.8,
        "oppSavesAgainstProj": 27.8,
        "oppSavesAgainstProjLast5": 24.2,
        "oppSavesAgainstProjLast3": 25.8,
        "totalOver": 50,
        "totalOverLast5": 60,
        "totalOverLast15": 53,
        "lastTotalOver": 39,
        "last5": "27,36,20,23,45,20,31,14,31,26",
        "overOdds": "-125",
        "underOdds": "-105",
        "overUnder": "-125 / -105"
    },
    {
        "player": "Akira Schmid",
        "team": "NJ",
        "opponent": "NYR",
        "propType": "sv",
        "line": 25.5,
        "ppLine": "",
        "avg": 21.65,
        "hit": false,
        "diffAvg": -0.15,
        "diffAbs": 0.2,
        "lastAvg": 15.83,
        "diff": -0.38,
        "avgMin": 51,
        "proj": 20.5,
        "lastAvgMin": 39.32,
        "oppOver": 62,
        "teamOver": 42,
        "gameLine": "-120",
        "+/-": 0,
        "L5_+/-": 0,
        "prevMatchup": "2022-11-28 nj @ nyr 35.0 sv 2022-12-12 nj @ nyr 19.0 sv 2023-01-07 nyr @ nj 31.0 sv 2023-03-30 nyr @ nj 24.0 sv 2023-04-18 nyr @ nj 18.0 sv 2023-04-20 nyr @ nj 25.0 sv 2023-04-22 nj @ nyr 35.0 sv 2023-04-24 nj @ nyr 22.0 sv",
        "winLossSplits": "25% - 25%",
        "awayHome": "H",
        "playedYesterday": "N",
        "awayHomeSplits": "33% - 12%",
        "savesAboveExp": 0.922,
        "gsaa": 7.07,
        "corsi": "53.7% (63.4) // 55.1% (64.9) // 53.7% (63.4) // 53.7% (63.4)",
        "fenwick": "53.9% (46.9) // 55.2% (48.2) // 53.9% (46.9) // 53.9% (46.9)",
        "shots": "54.9% (33.9) // 54.4% (33.3) // 54.9% (33.9) // 54.9% (33.9)",
        "scoring": "56.3% (35.0) // 60.7% (39.4) // 56.3% (35.0) // 56.3% (35.0)",
        "corsiAgainst": "46.3% (54.8) // 44.9% (52.8) // 46.3% (54.8) // 46.3% (54.8)",
        "fenwickAgainst": "46.1% (40.1) // 44.8% (39.2) // 46.1% (40.1) // 46.1% (40.1)",
        "shotsAgainst": "45.1% (27.8) // 45.6% (28.0) // 45.1% (27.8) // 45.1% (27.8)",
        "scoringAgainst": "43.7% (27.1) // 39.3% (25.5) // 43.7% (27.1) // 43.7% (27.1)",
        "oppCorsi": "51.4% (57.9) // 49.5% (54.5) // 51.4% (57.9) // 51.4% (57.9)",
        "oppFenwick": "52.0% (43.7) // 50.7% (42.3) // 52.0% (43.7) // 52.0% (43.7)",
        "oppShots": "51.8% (31.1) // 51.8% (30.7) // 51.8% (31.1) // 51.8% (31.1)",
        "oppScoring": "51.3% (30.8) // 48.9% (29.6) // 51.3% (30.8) // 51.3% (30.8)",
        "oppCorsiAgainst": "48.6% (54.7) // 50.5% (55.5) // 48.6% (54.7) // 48.6% (54.7)",
        "oppFenwickAgainst": "48.0% (40.2) // 49.3% (41.1) // 48.0% (40.2) // 48.0% (40.2)",
        "oppShotsAgainst": "48.2% (28.9) // 48.2% (28.6) // 48.2% (28.9) // 48.2% (28.9)",
        "oppScoringAgainst": "48.7% (29.2) // 51.1% (30.9) // 48.7% (29.2) // 48.7% (29.2)",
        "savesPerGame": 25.5,
        "savesPerGameLast1": 22.0,
        "savesPerGameLast3": 27.3,
        "savesPerGameLast5": 25.4,
        "savesPer60": 26.9,
        "savesPer60Last1": 22.0,
        "savesPer60Last3": 29.1,
        "savesPer60Last5": 26.7,
        "shotsPerGame": 34.4,
        "shotsPerGameLast5": 27.4,
        "shotsAgainstPerGame": 28.2,
        "shotsAgainstPerGameLast5": 28.6,
        "oppSavesAgainstPer60": 29.7,
        "oppSavesAgainstPer60Last1": 22.0,
        "oppSavesAgainstPer60Last3": 27.2,
        "oppSavesAgainstPer60Last5": 24.3,
        "oppShotsAgainstPerGame": 29.3,
        "oppShotsAgainstPerGameLast5": 24.8,
        "savesProj": 26.7,
        "savesProjLast5": 23.1,
        "savesProjLast3": 28.2,
        "oppSavesAgainstProj": 26.0,
        "oppSavesAgainstProjLast5": 21.0,
        "oppSavesAgainstProjLast3": 25.0,
        "totalOver": 25,
        "totalOverLast5": 40,
        "totalOverLast15": 20,
        "lastTotalOver": 0,
        "last5": "22,35,20,4,37,21,23,20,24,12",
        "overOdds": "-125",
        "underOdds": "-120",
        "overUnder": "-125 / -120"
    },
    {
        "player": "Igor Shesterkin",
        "team": "NYR",
        "opponent": "NJ",
        "propType": "sv",
        "line": 29.5,
        "ppLine": "",
        "avg": 26.94,
        "hit": false,
        "diffAvg": -0.09,
        "diffAbs": 0.27,
        "lastAvg": 20.77,
        "diff": -0.3,
        "avgMin": 60,
        "proj": 21.5,
        "lastAvgMin": 57.93,
        "oppOver": 55,
        "teamOver": 30,
        "gameLine": "+100",
        "+/-": 0,
        "L5_+/-": 0,
        "prevMatchup": "2022-11-28 nj @ nyr 33.0 sv 2022-12-12 nj @ nyr 26.0 sv 2023-01-07 nyr @ nj 39.0 sv 2023-03-30 nyr @ nj 29.0 sv 2023-04-18 nyr @ nj 27.0 sv 2023-04-20 nyr @ nj 22.0 sv 2023-04-22 nj @ nyr 26.0 sv 2023-04-24 nj @ nyr 20.0 sv",
        "winLossSplits": "23% - 39%",
        "awayHome": "A",
        "playedYesterday": "N",
        "awayHomeSplits": "30% - 29%",
        "savesAboveExp": 0.388,
        "gsaa": 20.59,
        "corsi": "51.4% (57.9) // 49.5% (54.5) // 51.4% (57.9) // 51.4% (57.9)",
        "fenwick": "52.0% (43.7) // 50.7% (42.3) // 52.0% (43.7) // 52.0% (43.7)",
        "shots": "51.8% (31.1) // 51.8% (30.7) // 51.8% (31.1) // 51.8% (31.1)",
        "scoring": "51.3% (30.8) // 48.9% (29.6) // 51.3% (30.8) // 51.3% (30.8)",
        "corsiAgainst": "48.6% (54.7) // 50.5% (55.5) // 48.6% (54.7) // 48.6% (54.7)",
        "fenwickAgainst": "48.0% (40.2) // 49.3% (41.1) // 48.0% (40.2) // 48.0% (40.2)",
        "shotsAgainst": "48.2% (28.9) // 48.2% (28.6) // 48.2% (28.9) // 48.2% (28.9)",
        "scoringAgainst": "48.7% (29.2) // 51.1% (30.9) // 48.7% (29.2) // 48.7% (29.2)",
        "oppCorsi": "53.7% (63.4) // 55.1% (64.9) // 53.7% (63.4) // 53.7% (63.4)",
        "oppFenwick": "53.9% (46.9) // 55.2% (48.2) // 53.9% (46.9) // 53.9% (46.9)",
        "oppShots": "54.9% (33.9) // 54.4% (33.3) // 54.9% (33.9) // 54.9% (33.9)",
        "oppScoring": "56.3% (35.0) // 60.7% (39.4) // 56.3% (35.0) // 56.3% (35.0)",
        "oppCorsiAgainst": "46.3% (54.8) // 44.9% (52.8) // 46.3% (54.8) // 46.3% (54.8)",
        "oppFenwickAgainst": "46.1% (40.1) // 44.8% (39.2) // 46.1% (40.1) // 46.1% (40.1)",
        "oppShotsAgainst": "45.1% (27.8) // 45.6% (28.0) // 45.1% (27.8) // 45.1% (27.8)",
        "oppScoringAgainst": "43.7% (27.1) // 39.3% (25.5) // 43.7% (27.1) // 43.7% (27.1)",
        "savesPerGame": 26.7,
        "savesPerGameLast1": 20.0,
        "savesPerGameLast3": 23.0,
        "savesPerGameLast5": 22.8,
        "savesPer60": 28.2,
        "savesPer60Last1": 19.5,
        "savesPer60Last3": 24.2,
        "savesPer60Last5": 23.3,
        "shotsPerGame": 31.5,
        "shotsPerGameLast5": 27.2,
        "shotsAgainstPerGame": 29.3,
        "shotsAgainstPerGameLast5": 24.8,
        "oppSavesAgainstPer60": 32.5,
        "oppSavesAgainstPer60Last1": 20.0,
        "oppSavesAgainstPer60Last3": 22.8,
        "oppSavesAgainstPer60Last5": 24.7,
        "oppShotsAgainstPerGame": 28.2,
        "oppShotsAgainstPerGameLast5": 28.6,
        "savesProj": 32.0,
        "savesProjLast5": 21.5,
        "savesProjLast3": 20.4,
        "oppSavesAgainstProj": 29.4,
        "oppSavesAgainstProjLast5": 17.4,
        "oppSavesAgainstProjLast3": 15.9,
        "totalOver": 29,
        "totalOverLast5": 20,
        "totalOverLast15": 27,
        "lastTotalOver": 54,
        "last5": "20,26,22,27,37,20,28,26,29,28",
        "overOdds": "-105",
        "underOdds": "-125",
        "overUnder": "-105 / -125"
    },
    {
        "player": "Connor Hellebuyck",
        "team": "WPG",
        "opponent": "VGK",
        "propType": "sv",
        "line": 28.5,
        "ppLine": "",
        "avg": 28.32,
        "hit": false,
        "diffAvg": -0.01,
        "diffAbs": 0.04,
        "lastAvg": 29.73,
        "diff": 0.04,
        "avgMin": 59,
        "proj": 29.7,
        "lastAvgMin": 59.13,
        "oppOver": 47,
        "teamOver": 43,
        "gameLine": "+165",
        "+/-": 0,
        "L5_+/-": 0,
        "prevMatchup": "2022-10-20 wpg @ vgk 27.0 sv 2022-10-30 wpg @ vgk 46.0 sv 2022-12-13 vgk @ wpg 27.0 sv 2023-04-18 wpg @ vgk 16.0 sv 2023-04-20 wpg @ vgk 34.0 sv 2023-04-22 vgk @ wpg 43.0 sv 2023-04-24 vgk @ wpg 26.0 sv",
        "winLossSplits": "53% - 40%",
        "awayHome": "A",
        "playedYesterday": "N",
        "awayHomeSplits": "50% - 44%",
        "savesAboveExp": 0.641,
        "gsaa": 31.05,
        "corsi": "51.5% (58.6) // 54.0% (61.3) // 51.5% (58.6) // 51.5% (58.6)",
        "fenwick": "51.3% (43.9) // 53.8% (45.7) // 51.3% (43.9) // 51.3% (43.9)",
        "shots": "50.0% (30.1) // 52.0% (30.2) // 50.0% (30.1) // 50.0% (30.1)",
        "scoring": "51.9% (30.3) // 55.2% (31.4) // 51.9% (30.3) // 51.9% (30.3)",
        "corsiAgainst": "48.5% (55.2) // 46.0% (52.2) // 48.5% (55.2) // 48.5% (55.2)",
        "fenwickAgainst": "48.7% (41.7) // 46.2% (39.2) // 48.7% (41.7) // 48.7% (41.7)",
        "shotsAgainst": "50.0% (30.1) // 48.0% (27.9) // 50.0% (30.1) // 50.0% (30.1)",
        "scoringAgainst": "48.1% (28.1) // 44.8% (25.5) // 48.1% (28.1) // 48.1% (28.1)",
        "oppCorsi": "48.6% (57.5) // 48.0% (56.0) // 48.6% (57.5) // 48.6% (57.5)",
        "oppFenwick": "49.7% (42.3) // 48.8% (40.5) // 49.7% (42.3) // 49.7% (42.3)",
        "oppShots": "50.5% (31.1) // 50.2% (28.8) // 50.5% (31.1) // 50.5% (31.1)",
        "oppScoring": "49.5% (29.2) // 49.0% (28.7) // 49.5% (29.2) // 49.5% (29.2)",
        "oppCorsiAgainst": "51.4% (60.7) // 52.0% (60.6) // 51.4% (60.7) // 51.4% (60.7)",
        "oppFenwickAgainst": "50.3% (42.8) // 51.2% (42.5) // 50.3% (42.8) // 50.3% (42.8)",
        "oppShotsAgainst": "49.5% (30.4) // 49.8% (28.5) // 49.5% (30.4) // 49.5% (30.4)",
        "oppScoringAgainst": "50.5% (29.8) // 51.0% (29.9) // 50.5% (29.8) // 50.5% (29.8)",
        "savesPerGame": 27.6,
        "savesPerGameLast1": 26.0,
        "savesPerGameLast3": 34.3,
        "savesPerGameLast5": 28.0,
        "savesPer60": 29.0,
        "savesPer60Last1": 25.4,
        "savesPer60Last3": 38.4,
        "savesPer60Last5": 30.0,
        "shotsPerGame": 30.3,
        "shotsPerGameLast5": 28.8,
        "shotsAgainstPerGame": 30.3,
        "shotsAgainstPerGameLast5": 31.8,
        "oppSavesAgainstPer60": 29.9,
        "oppSavesAgainstPer60Last1": 25.7,
        "oppSavesAgainstPer60Last3": 35.1,
        "oppSavesAgainstPer60Last5": 27.4,
        "oppShotsAgainstPerGame": 30.9,
        "oppShotsAgainstPerGameLast5": 31.0,
        "savesProj": 27.7,
        "savesProjLast5": 27.2,
        "savesProjLast3": 44.2,
        "oppSavesAgainstProj": 28.6,
        "oppSavesAgainstProjLast5": 25.4,
        "oppSavesAgainstProjLast3": 40.3,
        "totalOver": 47,
        "totalOverLast5": 60,
        "totalOverLast15": 40,
        "lastTotalOver": 60,
        "last5": "26,43,34,16,33,19,28,32,31,23",
        "overOdds": "-110",
        "underOdds": "-120",
        "overUnder": "-110 / -120"
    }
]