[
    {
        "player": "Adam Larsson",
        "team": "SEA",
        "opponent": "DAL",
        "propType": "sog",
        "line": 1.5,
        "ppLine": "",
        "avg": 1.78,
        "hit": false,
        "diffAvg": 0.19,
        "diffAbs": 0.0,
        "lastAvg": 1.45,
        "diff": -0.03,
        "avgMin": 23,
        "proj": 1.5,
        "lastAvgMin": 22.27,
        "oppOver": 0,
        "teamOver": 0,
        "gameLine": "+135",
        "+/-": "+27",
        "L5_+/-": "+1.0",
        "prevMatchup": "2023-05-11 4.0 sog 2023-05-09 4.0 sog 2023-05-07 1.0 sog 2023-05-04 1.0 sog 2023-05-02 1.0 sog 2023-03-21 1.0 sog 2023-03-13 2.0 sog 2023-03-11 0.0 sog",
        "winLossSplits": "46% - 55%",
        "awayHome": "H",
        "playedYesterday": "N",
        "awayHomeSplits": "44% - 57%",
        "savesAboveExp": 0.39,
        "gsaa": 26.05,
        "corsi": "52.2% (57.4) // 56.1% (59.4) // 52.2% (57.4) // 52.2% (57.4)",
        "fenwick": "52.5% (43.0) // 57.1% (44.7) // 52.5% (43.0) // 52.5% (43.0)",
        "shots": "53.0% (30.2) // 57.4% (31.5) // 53.0% (30.2) // 53.0% (30.2)",
        "scoring": "50.6% (27.4) // 55.4% (26.5) // 50.6% (27.4) // 50.6% (27.4)",
        "corsiAgainst": "47.8% (52.6) // 43.9% (46.4) // 47.8% (52.6) // 47.8% (52.6)",
        "fenwickAgainst": "47.5% (39.0) // 42.9% (33.6) // 47.5% (39.0) // 47.5% (39.0)",
        "shotsAgainst": "47.0% (26.8) // 42.6% (23.4) // 47.0% (26.8) // 47.0% (26.8)",
        "scoringAgainst": "49.4% (26.8) // 44.6% (21.3) // 49.4% (26.8) // 49.4% (26.8)",
        "oppCorsi": "52.0% (59.9) // 57.0% (56.0) // 52.0% (59.9) // 52.0% (59.9)",
        "oppFenwick": "51.3% (43.7) // 56.1% (40.6) // 51.3% (43.7) // 51.3% (43.7)",
        "oppShots": "51.6% (31.5) // 56.3% (29.0) // 51.6% (31.5) // 51.6% (31.5)",
        "oppScoring": "53.7% (31.5) // 61.3% (29.6) // 53.7% (31.5) // 53.7% (31.5)",
        "oppCorsiAgainst": "48.0% (55.3) // 43.0% (42.3) // 48.0% (55.3) // 48.0% (55.3)",
        "oppFenwickAgainst": "48.7% (41.4) // 43.9% (31.7) // 48.7% (41.4) // 48.7% (41.4)",
        "oppShotsAgainst": "48.4% (29.5) // 43.7% (22.5) // 48.4% (29.5) // 48.4% (29.5)",
        "oppScoringAgainst": "46.3% (27.2) // 38.7% (18.6) // 46.3% (27.2) // 46.3% (27.2)",
        "savesPerGame": 23.9,
        "savesPerGameLast1": 16.0,
        "savesPerGameLast3": 19.7,
        "savesPerGameLast5": 24.6,
        "savesPer60": 27.6,
        "savesPer60Last1": 15.9,
        "savesPer60Last3": 19.4,
        "savesPer60Last5": 25.2,
        "shotsPerGame": 30.5,
        "shotsPerGameLast5": 29.2,
        "shotsAgainstPerGame": 27.0,
        "shotsAgainstPerGameLast5": 28.8,
        "oppSavesAgainstPer60": 32.3,
        "oppSavesAgainstPer60Last1": 17.3,
        "oppSavesAgainstPer60Last3": 20.2,
        "oppSavesAgainstPer60Last5": 24.6,
        "oppShotsAgainstPerGame": 29.9,
        "oppShotsAgainstPerGameLast5": 29.2,
        "savesProj": 24.6,
        "savesProjLast5": 19.8,
        "savesProjLast3": 12.2,
        "oppSavesAgainstProj": 26.4,
        "oppSavesAgainstProjLast5": 18.7,
        "oppSavesAgainstProjLast3": 12.3,
        "totalOver": 50,
        "totalOverLast5": 40,
        "totalOverLast15": 53,
        "lastTotalOver": 48,
        "last5": "4,4,1,1,1,3,2,0,2,2",
        "overOdds": "-135",
        "underOdds": "+105",
        "overUnder": "-135 / +105"
    },
    {
        "player": "Eeli Tolvanen",
        "team": "SEA",
        "opponent": "DAL",
        "propType": "sog",
        "line": 1.5,
        "ppLine": "PP2",
        "avg": 2.02,
        "hit": false,
        "diffAvg": 0.35,
        "diffAbs": 0.47,
        "lastAvg": 1.94,
        "diff": 0.29,
        "avgMin": 15,
        "proj": 2.2,
        "lastAvgMin": 13.42,
        "oppOver": 0,
        "teamOver": 0,
        "gameLine": "+135",
        "+/-": "+6",
        "L5_+/-": -4.0,
        "prevMatchup": "2023-05-11 2.0 sog 2023-05-09 0.0 sog 2023-05-07 3.0 sog 2023-05-04 1.0 sog 2023-05-02 3.0 sog 2023-03-21 0.0 sog 2023-03-13 2.0 sog 2023-03-11 2.0 sog",
        "winLossSplits": "62% - 46%",
        "awayHome": "H",
        "playedYesterday": "N",
        "awayHomeSplits": "52% - 59%",
        "savesAboveExp": 0.39,
        "gsaa": 26.05,
        "corsi": "52.2% (57.4) // 56.1% (59.4) // 52.2% (57.4) // 52.2% (57.4)",
        "fenwick": "52.5% (43.0) // 57.1% (44.7) // 52.5% (43.0) // 52.5% (43.0)",
        "shots": "53.0% (30.2) // 57.4% (31.5) // 53.0% (30.2) // 53.0% (30.2)",
        "scoring": "50.6% (27.4) // 55.4% (26.5) // 50.6% (27.4) // 50.6% (27.4)",
        "corsiAgainst": "47.8% (52.6) // 43.9% (46.4) // 47.8% (52.6) // 47.8% (52.6)",
        "fenwickAgainst": "47.5% (39.0) // 42.9% (33.6) // 47.5% (39.0) // 47.5% (39.0)",
        "shotsAgainst": "47.0% (26.8) // 42.6% (23.4) // 47.0% (26.8) // 47.0% (26.8)",
        "scoringAgainst": "49.4% (26.8) // 44.6% (21.3) // 49.4% (26.8) // 49.4% (26.8)",
        "oppCorsi": "52.0% (59.9) // 57.0% (56.0) // 52.0% (59.9) // 52.0% (59.9)",
        "oppFenwick": "51.3% (43.7) // 56.1% (40.6) // 51.3% (43.7) // 51.3% (43.7)",
        "oppShots": "51.6% (31.5) // 56.3% (29.0) // 51.6% (31.5) // 51.6% (31.5)",
        "oppScoring": "53.7% (31.5) // 61.3% (29.6) // 53.7% (31.5) // 53.7% (31.5)",
        "oppCorsiAgainst": "48.0% (55.3) // 43.0% (42.3) // 48.0% (55.3) // 48.0% (55.3)",
        "oppFenwickAgainst": "48.7% (41.4) // 43.9% (31.7) // 48.7% (41.4) // 48.7% (41.4)",
        "oppShotsAgainst": "48.4% (29.5) // 43.7% (22.5) // 48.4% (29.5) // 48.4% (29.5)",
        "oppScoringAgainst": "46.3% (27.2) // 38.7% (18.6) // 46.3% (27.2) // 46.3% (27.2)",
        "savesPerGame": 23.9,
        "savesPerGameLast1": 16.0,
        "savesPerGameLast3": 19.7,
        "savesPerGameLast5": 24.6,
        "savesPer60": 27.6,
        "savesPer60Last1": 15.9,
        "savesPer60Last3": 19.4,
        "savesPer60Last5": 25.2,
        "shotsPerGame": 30.5,
        "shotsPerGameLast5": 29.2,
        "shotsAgainstPerGame": 27.0,
        "shotsAgainstPerGameLast5": 28.8,
        "oppSavesAgainstPer60": 32.3,
        "oppSavesAgainstPer60Last1": 17.3,
        "oppSavesAgainstPer60Last3": 20.2,
        "oppSavesAgainstPer60Last5": 24.6,
        "oppShotsAgainstPerGame": 29.9,
        "oppShotsAgainstPerGameLast5": 29.2,
        "savesProj": 24.6,
        "savesProjLast5": 19.8,
        "savesProjLast3": 12.2,
        "oppSavesAgainstProj": 26.4,
        "oppSavesAgainstProjLast5": 18.7,
        "oppSavesAgainstProjLast3": 12.3,
        "totalOver": 55,
        "totalOverLast5": 60,
        "totalOverLast15": 40,
        "lastTotalOver": 66,
        "last5": "2,0,3,1,3,3,1,5,0,1",
        "overOdds": "-150",
        "underOdds": "+120",
        "overUnder": "-150 / +120"
    },
    {
        "player": "Jaden Schwartz",
        "team": "SEA",
        "opponent": "DAL",
        "propType": "sog",
        "line": 2.5,
        "ppLine": "PP1",
        "avg": 2.47,
        "hit": false,
        "diffAvg": -0.01,
        "diffAbs": 0.0,
        "lastAvg": 2.73,
        "diff": 0.09,
        "avgMin": 17,
        "proj": 2.5,
        "lastAvgMin": 18.45,
        "oppOver": 0,
        "teamOver": 0,
        "gameLine": "+135",
        "+/-": -21,
        "L5_+/-": -5.0,
        "prevMatchup": "2023-05-11 2.0 sog 2023-05-09 3.0 sog 2023-05-07 1.0 sog 2023-05-04 1.0 sog 2023-05-02 3.0 sog 2023-03-21 3.0 sog 2023-03-13 1.0 sog 2023-03-11 2.0 sog",
        "winLossSplits": "41% - 49%",
        "awayHome": "H",
        "playedYesterday": "N",
        "awayHomeSplits": "43% - 46%",
        "savesAboveExp": 0.39,
        "gsaa": 26.05,
        "corsi": "52.2% (57.4) // 56.1% (59.4) // 52.2% (57.4) // 52.2% (57.4)",
        "fenwick": "52.5% (43.0) // 57.1% (44.7) // 52.5% (43.0) // 52.5% (43.0)",
        "shots": "53.0% (30.2) // 57.4% (31.5) // 53.0% (30.2) // 53.0% (30.2)",
        "scoring": "50.6% (27.4) // 55.4% (26.5) // 50.6% (27.4) // 50.6% (27.4)",
        "corsiAgainst": "47.8% (52.6) // 43.9% (46.4) // 47.8% (52.6) // 47.8% (52.6)",
        "fenwickAgainst": "47.5% (39.0) // 42.9% (33.6) // 47.5% (39.0) // 47.5% (39.0)",
        "shotsAgainst": "47.0% (26.8) // 42.6% (23.4) // 47.0% (26.8) // 47.0% (26.8)",
        "scoringAgainst": "49.4% (26.8) // 44.6% (21.3) // 49.4% (26.8) // 49.4% (26.8)",
        "oppCorsi": "52.0% (59.9) // 57.0% (56.0) // 52.0% (59.9) // 52.0% (59.9)",
        "oppFenwick": "51.3% (43.7) // 56.1% (40.6) // 51.3% (43.7) // 51.3% (43.7)",
        "oppShots": "51.6% (31.5) // 56.3% (29.0) // 51.6% (31.5) // 51.6% (31.5)",
        "oppScoring": "53.7% (31.5) // 61.3% (29.6) // 53.7% (31.5) // 53.7% (31.5)",
        "oppCorsiAgainst": "48.0% (55.3) // 43.0% (42.3) // 48.0% (55.3) // 48.0% (55.3)",
        "oppFenwickAgainst": "48.7% (41.4) // 43.9% (31.7) // 48.7% (41.4) // 48.7% (41.4)",
        "oppShotsAgainst": "48.4% (29.5) // 43.7% (22.5) // 48.4% (29.5) // 48.4% (29.5)",
        "oppScoringAgainst": "46.3% (27.2) // 38.7% (18.6) // 46.3% (27.2) // 46.3% (27.2)",
        "savesPerGame": 23.9,
        "savesPerGameLast1": 16.0,
        "savesPerGameLast3": 19.7,
        "savesPerGameLast5": 24.6,
        "savesPer60": 27.6,
        "savesPer60Last1": 15.9,
        "savesPer60Last3": 19.4,
        "savesPer60Last5": 25.2,
        "shotsPerGame": 30.5,
        "shotsPerGameLast5": 29.2,
        "shotsAgainstPerGame": 27.0,
        "shotsAgainstPerGameLast5": 28.8,
        "oppSavesAgainstPer60": 32.3,
        "oppSavesAgainstPer60Last1": 17.3,
        "oppSavesAgainstPer60Last3": 20.2,
        "oppSavesAgainstPer60Last5": 24.6,
        "oppShotsAgainstPerGame": 29.9,
        "oppShotsAgainstPerGameLast5": 29.2,
        "savesProj": 24.6,
        "savesProjLast5": 19.8,
        "savesProjLast3": 12.2,
        "oppSavesAgainstProj": 26.4,
        "oppSavesAgainstProjLast5": 18.7,
        "oppSavesAgainstProjLast3": 12.3,
        "totalOver": 45,
        "totalOverLast5": 40,
        "totalOverLast15": 47,
        "lastTotalOver": 51,
        "last5": "2,3,1,1,3,1,4,4,11,4",
        "overOdds": "+105",
        "underOdds": "-135",
        "overUnder": "+105 / -135"
    },
    {
        "player": "Jamie Benn",
        "team": "DAL",
        "opponent": "SEA",
        "propType": "sog",
        "line": 2.5,
        "ppLine": "PP1",
        "avg": 2.33,
        "hit": false,
        "diffAvg": -0.07,
        "diffAbs": 0.2,
        "lastAvg": 2.04,
        "diff": -0.18,
        "avgMin": 16,
        "proj": 2.0,
        "lastAvgMin": 16.73,
        "oppOver": 0,
        "teamOver": 0,
        "gameLine": "-155",
        "+/-": "+27",
        "L5_+/-": "+4.0",
        "prevMatchup": "2023-05-11 1.0 sog 2023-05-09 2.0 sog 2023-05-07 2.0 sog 2023-05-04 3.0 sog 2023-05-02 3.0 sog 2023-03-21 5.0 sog 2023-03-13 4.0 sog 2023-03-11 1.0 sog",
        "winLossSplits": "37% - 41%",
        "awayHome": "A",
        "playedYesterday": "N",
        "awayHomeSplits": "26% - 51%",
        "savesAboveExp": -0.168,
        "gsaa": -8.95,
        "corsi": "52.0% (59.9) // 57.0% (56.0) // 52.0% (59.9) // 52.0% (59.9)",
        "fenwick": "51.3% (43.7) // 56.1% (40.6) // 51.3% (43.7) // 51.3% (43.7)",
        "shots": "51.6% (31.5) // 56.3% (29.0) // 51.6% (31.5) // 51.6% (31.5)",
        "scoring": "53.7% (31.5) // 61.3% (29.6) // 53.7% (31.5) // 53.7% (31.5)",
        "corsiAgainst": "48.0% (55.3) // 43.0% (42.3) // 48.0% (55.3) // 48.0% (55.3)",
        "fenwickAgainst": "48.7% (41.4) // 43.9% (31.7) // 48.7% (41.4) // 48.7% (41.4)",
        "shotsAgainst": "48.4% (29.5) // 43.7% (22.5) // 48.4% (29.5) // 48.4% (29.5)",
        "scoringAgainst": "46.3% (27.2) // 38.7% (18.6) // 46.3% (27.2) // 46.3% (27.2)",
        "oppCorsi": "52.2% (57.4) // 56.1% (59.4) // 52.2% (57.4) // 52.2% (57.4)",
        "oppFenwick": "52.5% (43.0) // 57.1% (44.7) // 52.5% (43.0) // 52.5% (43.0)",
        "oppShots": "53.0% (30.2) // 57.4% (31.5) // 53.0% (30.2) // 53.0% (30.2)",
        "oppScoring": "50.6% (27.4) // 55.4% (26.5) // 50.6% (27.4) // 50.6% (27.4)",
        "oppCorsiAgainst": "47.8% (52.6) // 43.9% (46.4) // 47.8% (52.6) // 47.8% (52.6)",
        "oppFenwickAgainst": "47.5% (39.0) // 42.9% (33.6) // 47.5% (39.0) // 47.5% (39.0)",
        "oppShotsAgainst": "47.0% (26.8) // 42.6% (23.4) // 47.0% (26.8) // 47.0% (26.8)",
        "oppScoringAgainst": "49.4% (26.8) // 44.6% (21.3) // 49.4% (26.8) // 49.4% (26.8)",
        "savesPerGame": 27.3,
        "savesPerGameLast1": 29.0,
        "savesPerGameLast3": 21.0,
        "savesPerGameLast5": 25.4,
        "savesPer60": 31.3,
        "savesPer60Last1": 29.0,
        "savesPer60Last3": 21.0,
        "savesPer60Last5": 26.4,
        "shotsPerGame": 31.9,
        "shotsPerGameLast5": 28.8,
        "shotsAgainstPerGame": 29.9,
        "shotsAgainstPerGameLast5": 29.2,
        "oppSavesAgainstPer60": 30.7,
        "oppSavesAgainstPer60Last1": 29.0,
        "oppSavesAgainstPer60Last3": 20.7,
        "oppSavesAgainstPer60Last5": 25.3,
        "oppShotsAgainstPerGame": 27.0,
        "oppShotsAgainstPerGameLast5": 28.8,
        "savesProj": 30.4,
        "savesProjLast5": 24.3,
        "savesProjLast3": 16.0,
        "oppSavesAgainstProj": 28.4,
        "oppSavesAgainstProjLast5": 20.9,
        "oppSavesAgainstProjLast3": 14.2,
        "totalOver": 39,
        "totalOverLast5": 40,
        "totalOverLast15": 40,
        "lastTotalOver": 33,
        "last5": "1,2,2,3,3,2,3,2,2,3",
        "overOdds": "+155",
        "underOdds": "-190",
        "overUnder": "+155 / -190"
    },
    {
        "player": "Jared Mccann",
        "team": "SEA",
        "opponent": "DAL",
        "propType": "sog",
        "line": 2.5,
        "ppLine": "PP1",
        "avg": 2.68,
        "hit": false,
        "diffAvg": 0.07,
        "diffAbs": 0.08,
        "lastAvg": 2.69,
        "diff": 0.08,
        "avgMin": 16,
        "proj": 2.7,
        "lastAvgMin": 16.13,
        "oppOver": 0,
        "teamOver": 0,
        "gameLine": "+135",
        "+/-": "+19",
        "L5_+/-": 0.0,
        "prevMatchup": "2023-05-11 4.0 sog 2023-05-09 3.0 sog 2023-03-21 4.0 sog 2023-03-13 5.0 sog 2023-03-11 0.0 sog",
        "winLossSplits": "52% - 47%",
        "awayHome": "H",
        "playedYesterday": "N",
        "awayHomeSplits": "47% - 53%",
        "savesAboveExp": 0.39,
        "gsaa": 26.05,
        "corsi": "52.2% (57.4) // 56.1% (59.4) // 52.2% (57.4) // 52.2% (57.4)",
        "fenwick": "52.5% (43.0) // 57.1% (44.7) // 52.5% (43.0) // 52.5% (43.0)",
        "shots": "53.0% (30.2) // 57.4% (31.5) // 53.0% (30.2) // 53.0% (30.2)",
        "scoring": "50.6% (27.4) // 55.4% (26.5) // 50.6% (27.4) // 50.6% (27.4)",
        "corsiAgainst": "47.8% (52.6) // 43.9% (46.4) // 47.8% (52.6) // 47.8% (52.6)",
        "fenwickAgainst": "47.5% (39.0) // 42.9% (33.6) // 47.5% (39.0) // 47.5% (39.0)",
        "shotsAgainst": "47.0% (26.8) // 42.6% (23.4) // 47.0% (26.8) // 47.0% (26.8)",
        "scoringAgainst": "49.4% (26.8) // 44.6% (21.3) // 49.4% (26.8) // 49.4% (26.8)",
        "oppCorsi": "52.0% (59.9) // 57.0% (56.0) // 52.0% (59.9) // 52.0% (59.9)",
        "oppFenwick": "51.3% (43.7) // 56.1% (40.6) // 51.3% (43.7) // 51.3% (43.7)",
        "oppShots": "51.6% (31.5) // 56.3% (29.0) // 51.6% (31.5) // 51.6% (31.5)",
        "oppScoring": "53.7% (31.5) // 61.3% (29.6) // 53.7% (31.5) // 53.7% (31.5)",
        "oppCorsiAgainst": "48.0% (55.3) // 43.0% (42.3) // 48.0% (55.3) // 48.0% (55.3)",
        "oppFenwickAgainst": "48.7% (41.4) // 43.9% (31.7) // 48.7% (41.4) // 48.7% (41.4)",
        "oppShotsAgainst": "48.4% (29.5) // 43.7% (22.5) // 48.4% (29.5) // 48.4% (29.5)",
        "oppScoringAgainst": "46.3% (27.2) // 38.7% (18.6) // 46.3% (27.2) // 46.3% (27.2)",
        "savesPerGame": 23.9,
        "savesPerGameLast1": 16.0,
        "savesPerGameLast3": 19.7,
        "savesPerGameLast5": 24.6,
        "savesPer60": 27.6,
        "savesPer60Last1": 15.9,
        "savesPer60Last3": 19.4,
        "savesPer60Last5": 25.2,
        "shotsPerGame": 30.5,
        "shotsPerGameLast5": 29.2,
        "shotsAgainstPerGame": 27.0,
        "shotsAgainstPerGameLast5": 28.8,
        "oppSavesAgainstPer60": 32.3,
        "oppSavesAgainstPer60Last1": 17.3,
        "oppSavesAgainstPer60Last3": 20.2,
        "oppSavesAgainstPer60Last5": 24.6,
        "oppShotsAgainstPerGame": 29.9,
        "oppShotsAgainstPerGameLast5": 29.2,
        "savesProj": 24.6,
        "savesProjLast5": 19.8,
        "savesProjLast3": 12.2,
        "oppSavesAgainstProj": 26.4,
        "oppSavesAgainstProjLast5": 18.7,
        "oppSavesAgainstProjLast3": 12.3,
        "totalOver": 50,
        "totalOverLast5": 80,
        "totalOverLast15": 60,
        "lastTotalOver": 52,
        "last5": "4,3,4,4,1,1,4,1,7,4",
        "overOdds": "-145",
        "underOdds": "+115",
        "overUnder": "-145 / +115"
    },
    {
        "player": "Jason Robertson",
        "team": "DAL",
        "opponent": "SEA",
        "propType": "sog",
        "line": 3.5,
        "ppLine": "PP1",
        "avg": 3.73,
        "hit": false,
        "diffAvg": 0.07,
        "diffAbs": 0.23,
        "lastAvg": 2.72,
        "diff": -0.22,
        "avgMin": 18,
        "proj": 2.7,
        "lastAvgMin": 18.1,
        "oppOver": 0,
        "teamOver": 0,
        "gameLine": "-155",
        "+/-": "+37",
        "L5_+/-": "+1.0",
        "prevMatchup": "2023-05-11 2.0 sog 2023-05-09 3.0 sog 2023-05-07 3.0 sog 2023-05-04 1.0 sog 2023-05-02 3.0 sog 2023-03-21 4.0 sog 2023-03-13 2.0 sog 2023-03-11 1.0 sog",
        "winLossSplits": "57% - 49%",
        "awayHome": "A",
        "playedYesterday": "N",
        "awayHomeSplits": "46% - 62%",
        "savesAboveExp": -0.168,
        "gsaa": -8.95,
        "corsi": "52.0% (59.9) // 57.0% (56.0) // 52.0% (59.9) // 52.0% (59.9)",
        "fenwick": "51.3% (43.7) // 56.1% (40.6) // 51.3% (43.7) // 51.3% (43.7)",
        "shots": "51.6% (31.5) // 56.3% (29.0) // 51.6% (31.5) // 51.6% (31.5)",
        "scoring": "53.7% (31.5) // 61.3% (29.6) // 53.7% (31.5) // 53.7% (31.5)",
        "corsiAgainst": "48.0% (55.3) // 43.0% (42.3) // 48.0% (55.3) // 48.0% (55.3)",
        "fenwickAgainst": "48.7% (41.4) // 43.9% (31.7) // 48.7% (41.4) // 48.7% (41.4)",
        "shotsAgainst": "48.4% (29.5) // 43.7% (22.5) // 48.4% (29.5) // 48.4% (29.5)",
        "scoringAgainst": "46.3% (27.2) // 38.7% (18.6) // 46.3% (27.2) // 46.3% (27.2)",
        "oppCorsi": "52.2% (57.4) // 56.1% (59.4) // 52.2% (57.4) // 52.2% (57.4)",
        "oppFenwick": "52.5% (43.0) // 57.1% (44.7) // 52.5% (43.0) // 52.5% (43.0)",
        "oppShots": "53.0% (30.2) // 57.4% (31.5) // 53.0% (30.2) // 53.0% (30.2)",
        "oppScoring": "50.6% (27.4) // 55.4% (26.5) // 50.6% (27.4) // 50.6% (27.4)",
        "oppCorsiAgainst": "47.8% (52.6) // 43.9% (46.4) // 47.8% (52.6) // 47.8% (52.6)",
        "oppFenwickAgainst": "47.5% (39.0) // 42.9% (33.6) // 47.5% (39.0) // 47.5% (39.0)",
        "oppShotsAgainst": "47.0% (26.8) // 42.6% (23.4) // 47.0% (26.8) // 47.0% (26.8)",
        "oppScoringAgainst": "49.4% (26.8) // 44.6% (21.3) // 49.4% (26.8) // 49.4% (26.8)",
        "savesPerGame": 27.3,
        "savesPerGameLast1": 29.0,
        "savesPerGameLast3": 21.0,
        "savesPerGameLast5": 25.4,
        "savesPer60": 31.3,
        "savesPer60Last1": 29.0,
        "savesPer60Last3": 21.0,
        "savesPer60Last5": 26.4,
        "shotsPerGame": 31.9,
        "shotsPerGameLast5": 28.8,
        "shotsAgainstPerGame": 29.9,
        "shotsAgainstPerGameLast5": 29.2,
        "oppSavesAgainstPer60": 30.7,
        "oppSavesAgainstPer60Last1": 29.0,
        "oppSavesAgainstPer60Last3": 20.7,
        "oppSavesAgainstPer60Last5": 25.3,
        "oppShotsAgainstPerGame": 27.0,
        "oppShotsAgainstPerGameLast5": 28.8,
        "savesProj": 30.4,
        "savesProjLast5": 24.3,
        "savesProjLast3": 16.0,
        "oppSavesAgainstProj": 28.4,
        "oppSavesAgainstProjLast5": 20.9,
        "oppSavesAgainstProjLast3": 14.2,
        "totalOver": 54,
        "totalOverLast5": 0,
        "totalOverLast15": 33,
        "lastTotalOver": 31,
        "last5": "2,3,3,1,3,4,4,0,3,4",
        "overOdds": "+130",
        "underOdds": "-160",
        "overUnder": "+130 / -160"
    },
    {
        "player": "Joe Pavelski",
        "team": "DAL",
        "opponent": "SEA",
        "propType": "sog",
        "line": 2.5,
        "ppLine": "PP1",
        "avg": 2.28,
        "hit": false,
        "diffAvg": -0.09,
        "diffAbs": 0.12,
        "lastAvg": 2.37,
        "diff": -0.05,
        "avgMin": 17,
        "proj": 2.2,
        "lastAvgMin": 18.47,
        "oppOver": 0,
        "teamOver": 0,
        "gameLine": "-155",
        "+/-": "+43",
        "L5_+/-": "+4.0",
        "prevMatchup": "2023-05-11 2.0 sog 2023-05-09 4.0 sog 2023-05-07 2.0 sog 2023-05-04 3.0 sog 2023-05-02 6.0 sog 2023-03-21 1.0 sog 2023-03-13 2.0 sog 2023-03-11 4.0 sog",
        "winLossSplits": "40% - 39%",
        "awayHome": "A",
        "playedYesterday": "N",
        "awayHomeSplits": "40% - 40%",
        "savesAboveExp": -0.168,
        "gsaa": -8.95,
        "corsi": "52.0% (59.9) // 57.0% (56.0) // 52.0% (59.9) // 52.0% (59.9)",
        "fenwick": "51.3% (43.7) // 56.1% (40.6) // 51.3% (43.7) // 51.3% (43.7)",
        "shots": "51.6% (31.5) // 56.3% (29.0) // 51.6% (31.5) // 51.6% (31.5)",
        "scoring": "53.7% (31.5) // 61.3% (29.6) // 53.7% (31.5) // 53.7% (31.5)",
        "corsiAgainst": "48.0% (55.3) // 43.0% (42.3) // 48.0% (55.3) // 48.0% (55.3)",
        "fenwickAgainst": "48.7% (41.4) // 43.9% (31.7) // 48.7% (41.4) // 48.7% (41.4)",
        "shotsAgainst": "48.4% (29.5) // 43.7% (22.5) // 48.4% (29.5) // 48.4% (29.5)",
        "scoringAgainst": "46.3% (27.2) // 38.7% (18.6) // 46.3% (27.2) // 46.3% (27.2)",
        "oppCorsi": "52.2% (57.4) // 56.1% (59.4) // 52.2% (57.4) // 52.2% (57.4)",
        "oppFenwick": "52.5% (43.0) // 57.1% (44.7) // 52.5% (43.0) // 52.5% (43.0)",
        "oppShots": "53.0% (30.2) // 57.4% (31.5) // 53.0% (30.2) // 53.0% (30.2)",
        "oppScoring": "50.6% (27.4) // 55.4% (26.5) // 50.6% (27.4) // 50.6% (27.4)",
        "oppCorsiAgainst": "47.8% (52.6) // 43.9% (46.4) // 47.8% (52.6) // 47.8% (52.6)",
        "oppFenwickAgainst": "47.5% (39.0) // 42.9% (33.6) // 47.5% (39.0) // 47.5% (39.0)",
        "oppShotsAgainst": "47.0% (26.8) // 42.6% (23.4) // 47.0% (26.8) // 47.0% (26.8)",
        "oppScoringAgainst": "49.4% (26.8) // 44.6% (21.3) // 49.4% (26.8) // 49.4% (26.8)",
        "savesPerGame": 27.3,
        "savesPerGameLast1": 29.0,
        "savesPerGameLast3": 21.0,
        "savesPerGameLast5": 25.4,
        "savesPer60": 31.3,
        "savesPer60Last1": 29.0,
        "savesPer60Last3": 21.0,
        "savesPer60Last5": 26.4,
        "shotsPerGame": 31.9,
        "shotsPerGameLast5": 28.8,
        "shotsAgainstPerGame": 29.9,
        "shotsAgainstPerGameLast5": 29.2,
        "oppSavesAgainstPer60": 30.7,
        "oppSavesAgainstPer60Last1": 29.0,
        "oppSavesAgainstPer60Last3": 20.7,
        "oppSavesAgainstPer60Last5": 25.3,
        "oppShotsAgainstPerGame": 27.0,
        "oppShotsAgainstPerGameLast5": 28.8,
        "savesProj": 30.4,
        "savesProjLast5": 24.3,
        "savesProjLast3": 16.0,
        "oppSavesAgainstProj": 28.4,
        "oppSavesAgainstProjLast5": 20.9,
        "oppSavesAgainstProjLast3": 14.2,
        "totalOver": 40,
        "totalOverLast5": 60,
        "totalOverLast15": 20,
        "lastTotalOver": 46,
        "last5": "2,4,2,3,6,0,2,1,2,0",
        "overOdds": "+135",
        "underOdds": "-165",
        "overUnder": "+135 / -165"
    },
    {
        "player": "Jordan Eberle",
        "team": "SEA",
        "opponent": "DAL",
        "propType": "sog",
        "line": 2.5,
        "ppLine": "PP2",
        "avg": 2.16,
        "hit": false,
        "diffAvg": -0.14,
        "diffAbs": 0.28,
        "lastAvg": 2.05,
        "diff": -0.18,
        "avgMin": 16,
        "proj": 1.8,
        "lastAvgMin": 17.95,
        "oppOver": 0,
        "teamOver": 0,
        "gameLine": "+135",
        "+/-": "+7",
        "L5_+/-": "+3.0",
        "prevMatchup": "2023-05-11 1.0 sog 2023-05-09 0.0 sog 2023-05-07 2.0 sog 2023-05-04 4.0 sog 2023-05-02 3.0 sog 2023-03-21 2.0 sog 2023-03-13 4.0 sog 2023-03-11 4.0 sog",
        "winLossSplits": "33% - 40%",
        "awayHome": "H",
        "playedYesterday": "N",
        "awayHomeSplits": "38% - 35%",
        "savesAboveExp": 0.39,
        "gsaa": 26.05,
        "corsi": "52.2% (57.4) // 56.1% (59.4) // 52.2% (57.4) // 52.2% (57.4)",
        "fenwick": "52.5% (43.0) // 57.1% (44.7) // 52.5% (43.0) // 52.5% (43.0)",
        "shots": "53.0% (30.2) // 57.4% (31.5) // 53.0% (30.2) // 53.0% (30.2)",
        "scoring": "50.6% (27.4) // 55.4% (26.5) // 50.6% (27.4) // 50.6% (27.4)",
        "corsiAgainst": "47.8% (52.6) // 43.9% (46.4) // 47.8% (52.6) // 47.8% (52.6)",
        "fenwickAgainst": "47.5% (39.0) // 42.9% (33.6) // 47.5% (39.0) // 47.5% (39.0)",
        "shotsAgainst": "47.0% (26.8) // 42.6% (23.4) // 47.0% (26.8) // 47.0% (26.8)",
        "scoringAgainst": "49.4% (26.8) // 44.6% (21.3) // 49.4% (26.8) // 49.4% (26.8)",
        "oppCorsi": "52.0% (59.9) // 57.0% (56.0) // 52.0% (59.9) // 52.0% (59.9)",
        "oppFenwick": "51.3% (43.7) // 56.1% (40.6) // 51.3% (43.7) // 51.3% (43.7)",
        "oppShots": "51.6% (31.5) // 56.3% (29.0) // 51.6% (31.5) // 51.6% (31.5)",
        "oppScoring": "53.7% (31.5) // 61.3% (29.6) // 53.7% (31.5) // 53.7% (31.5)",
        "oppCorsiAgainst": "48.0% (55.3) // 43.0% (42.3) // 48.0% (55.3) // 48.0% (55.3)",
        "oppFenwickAgainst": "48.7% (41.4) // 43.9% (31.7) // 48.7% (41.4) // 48.7% (41.4)",
        "oppShotsAgainst": "48.4% (29.5) // 43.7% (22.5) // 48.4% (29.5) // 48.4% (29.5)",
        "oppScoringAgainst": "46.3% (27.2) // 38.7% (18.6) // 46.3% (27.2) // 46.3% (27.2)",
        "savesPerGame": 23.9,
        "savesPerGameLast1": 16.0,
        "savesPerGameLast3": 19.7,
        "savesPerGameLast5": 24.6,
        "savesPer60": 27.6,
        "savesPer60Last1": 15.9,
        "savesPer60Last3": 19.4,
        "savesPer60Last5": 25.2,
        "shotsPerGame": 30.5,
        "shotsPerGameLast5": 29.2,
        "shotsAgainstPerGame": 27.0,
        "shotsAgainstPerGameLast5": 28.8,
        "oppSavesAgainstPer60": 32.3,
        "oppSavesAgainstPer60Last1": 17.3,
        "oppSavesAgainstPer60Last3": 20.2,
        "oppSavesAgainstPer60Last5": 24.6,
        "oppShotsAgainstPerGame": 29.9,
        "oppShotsAgainstPerGameLast5": 29.2,
        "savesProj": 24.6,
        "savesProjLast5": 19.8,
        "savesProjLast3": 12.2,
        "oppSavesAgainstProj": 26.4,
        "oppSavesAgainstProjLast5": 18.7,
        "oppSavesAgainstProjLast3": 12.3,
        "totalOver": 36,
        "totalOverLast5": 40,
        "totalOverLast15": 40,
        "lastTotalOver": 31,
        "last5": "1,0,2,4,3,3,1,2,3,3",
        "overOdds": "+150",
        "underOdds": "-185",
        "overUnder": "+150 / -185"
    },
    {
        "player": "Matty Beniers",
        "team": "SEA",
        "opponent": "DAL",
        "propType": "sog",
        "line": 1.5,
        "ppLine": "PP1",
        "avg": 1.84,
        "hit": false,
        "diffAvg": 0.23,
        "diffAbs": 0.2,
        "lastAvg": 1.8,
        "diff": 0.2,
        "avgMin": 17,
        "proj": 1.8,
        "lastAvgMin": 16.93,
        "oppOver": 0,
        "teamOver": 0,
        "gameLine": "+135",
        "+/-": "+18",
        "L5_+/-": "+5.0",
        "prevMatchup": "2023-05-11 1.0 sog 2023-05-09 0.0 sog 2023-05-07 3.0 sog 2023-05-04 0.0 sog 2023-05-02 4.0 sog 2023-03-21 4.0 sog 2023-03-13 3.0 sog 2023-03-11 1.0 sog",
        "winLossSplits": "55% - 56%",
        "awayHome": "H",
        "playedYesterday": "N",
        "awayHomeSplits": "52% - 59%",
        "savesAboveExp": 0.39,
        "gsaa": 26.05,
        "corsi": "52.2% (57.4) // 56.1% (59.4) // 52.2% (57.4) // 52.2% (57.4)",
        "fenwick": "52.5% (43.0) // 57.1% (44.7) // 52.5% (43.0) // 52.5% (43.0)",
        "shots": "53.0% (30.2) // 57.4% (31.5) // 53.0% (30.2) // 53.0% (30.2)",
        "scoring": "50.6% (27.4) // 55.4% (26.5) // 50.6% (27.4) // 50.6% (27.4)",
        "corsiAgainst": "47.8% (52.6) // 43.9% (46.4) // 47.8% (52.6) // 47.8% (52.6)",
        "fenwickAgainst": "47.5% (39.0) // 42.9% (33.6) // 47.5% (39.0) // 47.5% (39.0)",
        "shotsAgainst": "47.0% (26.8) // 42.6% (23.4) // 47.0% (26.8) // 47.0% (26.8)",
        "scoringAgainst": "49.4% (26.8) // 44.6% (21.3) // 49.4% (26.8) // 49.4% (26.8)",
        "oppCorsi": "52.0% (59.9) // 57.0% (56.0) // 52.0% (59.9) // 52.0% (59.9)",
        "oppFenwick": "51.3% (43.7) // 56.1% (40.6) // 51.3% (43.7) // 51.3% (43.7)",
        "oppShots": "51.6% (31.5) // 56.3% (29.0) // 51.6% (31.5) // 51.6% (31.5)",
        "oppScoring": "53.7% (31.5) // 61.3% (29.6) // 53.7% (31.5) // 53.7% (31.5)",
        "oppCorsiAgainst": "48.0% (55.3) // 43.0% (42.3) // 48.0% (55.3) // 48.0% (55.3)",
        "oppFenwickAgainst": "48.7% (41.4) // 43.9% (31.7) // 48.7% (41.4) // 48.7% (41.4)",
        "oppShotsAgainst": "48.4% (29.5) // 43.7% (22.5) // 48.4% (29.5) // 48.4% (29.5)",
        "oppScoringAgainst": "46.3% (27.2) // 38.7% (18.6) // 46.3% (27.2) // 46.3% (27.2)",
        "savesPerGame": 23.9,
        "savesPerGameLast1": 16.0,
        "savesPerGameLast3": 19.7,
        "savesPerGameLast5": 24.6,
        "savesPer60": 27.6,
        "savesPer60Last1": 15.9,
        "savesPer60Last3": 19.4,
        "savesPer60Last5": 25.2,
        "shotsPerGame": 30.5,
        "shotsPerGameLast5": 29.2,
        "shotsAgainstPerGame": 27.0,
        "shotsAgainstPerGameLast5": 28.8,
        "oppSavesAgainstPer60": 32.3,
        "oppSavesAgainstPer60Last1": 17.3,
        "oppSavesAgainstPer60Last3": 20.2,
        "oppSavesAgainstPer60Last5": 24.6,
        "oppShotsAgainstPerGame": 29.9,
        "oppShotsAgainstPerGameLast5": 29.2,
        "savesProj": 24.6,
        "savesProjLast5": 19.8,
        "savesProjLast3": 12.2,
        "oppSavesAgainstProj": 26.4,
        "oppSavesAgainstProjLast5": 18.7,
        "oppSavesAgainstProjLast3": 12.3,
        "totalOver": 55,
        "totalOverLast5": 40,
        "totalOverLast15": 47,
        "lastTotalOver": 60,
        "last5": "1,0,3,0,4,3,1,1,2,3",
        "overOdds": "-135",
        "underOdds": "+105",
        "overUnder": "-135 / +105"
    },
    {
        "player": "Max Domi",
        "team": "DAL",
        "opponent": "SEA",
        "propType": "sog",
        "line": 1.5,
        "ppLine": "PP2",
        "avg": 2.19,
        "hit": false,
        "diffAvg": 0.46,
        "diffAbs": 0.07,
        "lastAvg": 1.21,
        "diff": -0.19,
        "avgMin": 17,
        "proj": 1.6,
        "lastAvgMin": 13.03,
        "oppOver": 0,
        "teamOver": 0,
        "gameLine": "-155",
        "+/-": -6,
        "L5_+/-": 0.0,
        "prevMatchup": "2023-05-11 2.0 sog 2023-05-09 2.0 sog 2023-05-07 1.0 sog 2023-05-04 3.0 sog 2023-05-02 1.0 sog 2023-03-21 0.0 sog 2023-03-13 3.0 sog 2023-03-11 0.0 sog 2023-01-14 2.0 sog 2022-10-23 2.0 sog",
        "winLossSplits": "76% - 57%",
        "awayHome": "A",
        "playedYesterday": "N",
        "awayHomeSplits": "67% - 65%",
        "savesAboveExp": -0.168,
        "gsaa": -8.95,
        "corsi": "52.0% (59.9) // 57.0% (56.0) // 52.0% (59.9) // 52.0% (59.9)",
        "fenwick": "51.3% (43.7) // 56.1% (40.6) // 51.3% (43.7) // 51.3% (43.7)",
        "shots": "51.6% (31.5) // 56.3% (29.0) // 51.6% (31.5) // 51.6% (31.5)",
        "scoring": "53.7% (31.5) // 61.3% (29.6) // 53.7% (31.5) // 53.7% (31.5)",
        "corsiAgainst": "48.0% (55.3) // 43.0% (42.3) // 48.0% (55.3) // 48.0% (55.3)",
        "fenwickAgainst": "48.7% (41.4) // 43.9% (31.7) // 48.7% (41.4) // 48.7% (41.4)",
        "shotsAgainst": "48.4% (29.5) // 43.7% (22.5) // 48.4% (29.5) // 48.4% (29.5)",
        "scoringAgainst": "46.3% (27.2) // 38.7% (18.6) // 46.3% (27.2) // 46.3% (27.2)",
        "oppCorsi": "52.2% (57.4) // 56.1% (59.4) // 52.2% (57.4) // 52.2% (57.4)",
        "oppFenwick": "52.5% (43.0) // 57.1% (44.7) // 52.5% (43.0) // 52.5% (43.0)",
        "oppShots": "53.0% (30.2) // 57.4% (31.5) // 53.0% (30.2) // 53.0% (30.2)",
        "oppScoring": "50.6% (27.4) // 55.4% (26.5) // 50.6% (27.4) // 50.6% (27.4)",
        "oppCorsiAgainst": "47.8% (52.6) // 43.9% (46.4) // 47.8% (52.6) // 47.8% (52.6)",
        "oppFenwickAgainst": "47.5% (39.0) // 42.9% (33.6) // 47.5% (39.0) // 47.5% (39.0)",
        "oppShotsAgainst": "47.0% (26.8) // 42.6% (23.4) // 47.0% (26.8) // 47.0% (26.8)",
        "oppScoringAgainst": "49.4% (26.8) // 44.6% (21.3) // 49.4% (26.8) // 49.4% (26.8)",
        "savesPerGame": 27.3,
        "savesPerGameLast1": 29.0,
        "savesPerGameLast3": 21.0,
        "savesPerGameLast5": 25.4,
        "savesPer60": 31.3,
        "savesPer60Last1": 29.0,
        "savesPer60Last3": 21.0,
        "savesPer60Last5": 26.4,
        "shotsPerGame": 31.9,
        "shotsPerGameLast5": 28.8,
        "shotsAgainstPerGame": 29.9,
        "shotsAgainstPerGameLast5": 29.2,
        "oppSavesAgainstPer60": 30.7,
        "oppSavesAgainstPer60Last1": 29.0,
        "oppSavesAgainstPer60Last3": 20.7,
        "oppSavesAgainstPer60Last5": 25.3,
        "oppShotsAgainstPerGame": 27.0,
        "oppShotsAgainstPerGameLast5": 28.8,
        "savesProj": 30.4,
        "savesProjLast5": 24.3,
        "savesProjLast3": 16.0,
        "oppSavesAgainstProj": 28.4,
        "oppSavesAgainstProjLast5": 20.9,
        "oppSavesAgainstProjLast3": 14.2,
        "totalOver": 66,
        "totalOverLast5": 60,
        "totalOverLast15": 60,
        "lastTotalOver": 52,
        "last5": "2,2,1,3,1,2,1,1,2,0",
        "overOdds": "-145",
        "underOdds": "+115",
        "overUnder": "-145 / +115"
    },
    {
        "player": "Miro Heiskanen",
        "team": "DAL",
        "opponent": "SEA",
        "propType": "sog",
        "line": 2.5,
        "ppLine": "PP1",
        "avg": 2.51,
        "hit": false,
        "diffAvg": 0.0,
        "diffAbs": 0.2,
        "lastAvg": 2.03,
        "diff": -0.19,
        "avgMin": 25,
        "proj": 2.0,
        "lastAvgMin": 24.88,
        "oppOver": 0,
        "teamOver": 0,
        "gameLine": "-155",
        "+/-": "+13",
        "L5_+/-": "+1.0",
        "prevMatchup": "2023-05-11 1.0 sog 2023-05-09 3.0 sog 2023-05-07 0.0 sog 2023-05-04 1.0 sog 2023-05-02 0.0 sog 2023-03-21 3.0 sog 2023-03-13 3.0 sog 2023-03-11 4.0 sog",
        "winLossSplits": "47% - 65%",
        "awayHome": "A",
        "playedYesterday": "N",
        "awayHomeSplits": "49% - 60%",
        "savesAboveExp": -0.168,
        "gsaa": -8.95,
        "corsi": "52.0% (59.9) // 57.0% (56.0) // 52.0% (59.9) // 52.0% (59.9)",
        "fenwick": "51.3% (43.7) // 56.1% (40.6) // 51.3% (43.7) // 51.3% (43.7)",
        "shots": "51.6% (31.5) // 56.3% (29.0) // 51.6% (31.5) // 51.6% (31.5)",
        "scoring": "53.7% (31.5) // 61.3% (29.6) // 53.7% (31.5) // 53.7% (31.5)",
        "corsiAgainst": "48.0% (55.3) // 43.0% (42.3) // 48.0% (55.3) // 48.0% (55.3)",
        "fenwickAgainst": "48.7% (41.4) // 43.9% (31.7) // 48.7% (41.4) // 48.7% (41.4)",
        "shotsAgainst": "48.4% (29.5) // 43.7% (22.5) // 48.4% (29.5) // 48.4% (29.5)",
        "scoringAgainst": "46.3% (27.2) // 38.7% (18.6) // 46.3% (27.2) // 46.3% (27.2)",
        "oppCorsi": "52.2% (57.4) // 56.1% (59.4) // 52.2% (57.4) // 52.2% (57.4)",
        "oppFenwick": "52.5% (43.0) // 57.1% (44.7) // 52.5% (43.0) // 52.5% (43.0)",
        "oppShots": "53.0% (30.2) // 57.4% (31.5) // 53.0% (30.2) // 53.0% (30.2)",
        "oppScoring": "50.6% (27.4) // 55.4% (26.5) // 50.6% (27.4) // 50.6% (27.4)",
        "oppCorsiAgainst": "47.8% (52.6) // 43.9% (46.4) // 47.8% (52.6) // 47.8% (52.6)",
        "oppFenwickAgainst": "47.5% (39.0) // 42.9% (33.6) // 47.5% (39.0) // 47.5% (39.0)",
        "oppShotsAgainst": "47.0% (26.8) // 42.6% (23.4) // 47.0% (26.8) // 47.0% (26.8)",
        "oppScoringAgainst": "49.4% (26.8) // 44.6% (21.3) // 49.4% (26.8) // 49.4% (26.8)",
        "savesPerGame": 27.3,
        "savesPerGameLast1": 29.0,
        "savesPerGameLast3": 21.0,
        "savesPerGameLast5": 25.4,
        "savesPer60": 31.3,
        "savesPer60Last1": 29.0,
        "savesPer60Last3": 21.0,
        "savesPer60Last5": 26.4,
        "shotsPerGame": 31.9,
        "shotsPerGameLast5": 28.8,
        "shotsAgainstPerGame": 29.9,
        "shotsAgainstPerGameLast5": 29.2,
        "oppSavesAgainstPer60": 30.7,
        "oppSavesAgainstPer60Last1": 29.0,
        "oppSavesAgainstPer60Last3": 20.7,
        "oppSavesAgainstPer60Last5": 25.3,
        "oppShotsAgainstPerGame": 27.0,
        "oppShotsAgainstPerGameLast5": 28.8,
        "savesProj": 30.4,
        "savesProjLast5": 24.3,
        "savesProjLast3": 16.0,
        "oppSavesAgainstProj": 28.4,
        "oppSavesAgainstProjLast5": 20.9,
        "oppSavesAgainstProjLast3": 14.2,
        "totalOver": 54,
        "totalOverLast5": 20,
        "totalOverLast15": 27,
        "lastTotalOver": 44,
        "last5": "1,3,0,1,0,3,2,1,2,4",
        "overOdds": "+145",
        "underOdds": "-180",
        "overUnder": "+145 / -180"
    },
    {
        "player": "Oliver Bjorkstrand",
        "team": "SEA",
        "opponent": "DAL",
        "propType": "sog",
        "line": 2.5,
        "ppLine": "PP1",
        "avg": 2.46,
        "hit": false,
        "diffAvg": -0.02,
        "diffAbs": 0.12,
        "lastAvg": 2.69,
        "diff": 0.08,
        "avgMin": 15,
        "proj": 2.2,
        "lastAvgMin": 17.93,
        "oppOver": 0,
        "teamOver": 0,
        "gameLine": "+135",
        "+/-": -6,
        "L5_+/-": -5.0,
        "prevMatchup": "2023-05-11 3.0 sog 2023-05-09 0.0 sog 2023-05-07 3.0 sog 2023-05-04 0.0 sog 2023-05-02 5.0 sog 2023-03-21 1.0 sog 2023-03-13 1.0 sog 2023-03-11 6.0 sog",
        "winLossSplits": "49% - 40%",
        "awayHome": "H",
        "playedYesterday": "N",
        "awayHomeSplits": "45% - 46%",
        "savesAboveExp": 0.39,
        "gsaa": 26.05,
        "corsi": "52.2% (57.4) // 56.1% (59.4) // 52.2% (57.4) // 52.2% (57.4)",
        "fenwick": "52.5% (43.0) // 57.1% (44.7) // 52.5% (43.0) // 52.5% (43.0)",
        "shots": "53.0% (30.2) // 57.4% (31.5) // 53.0% (30.2) // 53.0% (30.2)",
        "scoring": "50.6% (27.4) // 55.4% (26.5) // 50.6% (27.4) // 50.6% (27.4)",
        "corsiAgainst": "47.8% (52.6) // 43.9% (46.4) // 47.8% (52.6) // 47.8% (52.6)",
        "fenwickAgainst": "47.5% (39.0) // 42.9% (33.6) // 47.5% (39.0) // 47.5% (39.0)",
        "shotsAgainst": "47.0% (26.8) // 42.6% (23.4) // 47.0% (26.8) // 47.0% (26.8)",
        "scoringAgainst": "49.4% (26.8) // 44.6% (21.3) // 49.4% (26.8) // 49.4% (26.8)",
        "oppCorsi": "52.0% (59.9) // 57.0% (56.0) // 52.0% (59.9) // 52.0% (59.9)",
        "oppFenwick": "51.3% (43.7) // 56.1% (40.6) // 51.3% (43.7) // 51.3% (43.7)",
        "oppShots": "51.6% (31.5) // 56.3% (29.0) // 51.6% (31.5) // 51.6% (31.5)",
        "oppScoring": "53.7% (31.5) // 61.3% (29.6) // 53.7% (31.5) // 53.7% (31.5)",
        "oppCorsiAgainst": "48.0% (55.3) // 43.0% (42.3) // 48.0% (55.3) // 48.0% (55.3)",
        "oppFenwickAgainst": "48.7% (41.4) // 43.9% (31.7) // 48.7% (41.4) // 48.7% (41.4)",
        "oppShotsAgainst": "48.4% (29.5) // 43.7% (22.5) // 48.4% (29.5) // 48.4% (29.5)",
        "oppScoringAgainst": "46.3% (27.2) // 38.7% (18.6) // 46.3% (27.2) // 46.3% (27.2)",
        "savesPerGame": 23.9,
        "savesPerGameLast1": 16.0,
        "savesPerGameLast3": 19.7,
        "savesPerGameLast5": 24.6,
        "savesPer60": 27.6,
        "savesPer60Last1": 15.9,
        "savesPer60Last3": 19.4,
        "savesPer60Last5": 25.2,
        "shotsPerGame": 30.5,
        "shotsPerGameLast5": 29.2,
        "shotsAgainstPerGame": 27.0,
        "shotsAgainstPerGameLast5": 28.8,
        "oppSavesAgainstPer60": 32.3,
        "oppSavesAgainstPer60Last1": 17.3,
        "oppSavesAgainstPer60Last3": 20.2,
        "oppSavesAgainstPer60Last5": 24.6,
