[
    {
        "player": "Aaron Ekblad",
        "team": "FLA",
        "opponent": "CAR",
        "propType": "sog",
        "line": 1.5,
        "ppLine": "PP2",
        "avg": 2.87,
        "hit": false,
        "diffAvg": 0.91,
        "diffAbs": 0.53,
        "lastAvg": 2.54,
        "diff": 0.69,
        "avgMin": 23,
        "proj": 2.3,
        "lastAvgMin": 24.92,
        "oppOver": 0,
        "teamOver": 0,
        "gameLine": "+120",
        "+/-": -9,
        "L5_+/-": "+8.0",
        "prevMatchup": "2023-04-13 4.0 sog 2022-12-30 0.0 sog",
        "winLossSplits": "75% - 74%",
        "awayHome": "A",
        "playedYesterday": "N",
        "awayHomeSplits": "67% - 82%",
        "savesAboveExp": -0.44,
        "gsaa": -0.71,
        "corsi": "54.2% (66.3) // 52.5% (66.0) // 54.2% (66.3) // 54.2% (66.3)",
        "fenwick": "53.6% (49.9) // 52.0% (49.3) // 53.6% (49.9) // 53.6% (49.9)",
        "shots": "53.7% (36.5) // 51.9% (35.5) // 53.7% (36.5) // 53.7% (36.5)",
        "scoring": "54.6% (34.8) // 53.4% (34.0) // 54.6% (34.8) // 54.6% (34.8)",
        "corsiAgainst": "45.8% (56.1) // 47.5% (59.7) // 45.8% (56.1) // 45.8% (56.1)",
        "fenwickAgainst": "46.4% (43.2) // 48.0% (45.5) // 46.4% (43.2) // 46.4% (43.2)",
        "shotsAgainst": "46.3% (31.5) // 48.1% (33.0) // 46.3% (31.5) // 46.3% (31.5)",
        "scoringAgainst": "45.4% (28.9) // 46.6% (29.7) // 45.4% (28.9) // 45.4% (28.9)",
        "oppCorsi": "59.9% (67.4) // 61.2% (68.8) // 59.9% (67.4) // 59.9% (67.4)",
        "oppFenwick": "59.1% (50.8) // 60.1% (51.8) // 59.1% (50.8) // 59.1% (50.8)",
        "oppShots": "57.2% (34.3) // 58.4% (34.4) // 57.2% (34.3) // 57.2% (34.3)",
        "oppScoring": "58.9% (33.3) // 62.3% (33.3) // 58.9% (33.3) // 58.9% (33.3)",
        "oppCorsiAgainst": "40.1% (45.2) // 38.8% (43.6) // 40.1% (45.2) // 40.1% (45.2)",
        "oppFenwickAgainst": "40.9% (35.1) // 39.9% (34.4) // 40.9% (35.1) // 40.9% (35.1)",
        "oppShotsAgainst": "42.8% (25.6) // 41.6% (24.5) // 42.8% (25.6) // 42.8% (25.6)",
        "oppScoringAgainst": "41.1% (23.3) // 37.7% (20.2) // 41.1% (23.3) // 41.1% (23.3)",
        "savesPerGame": 28.4,
        "savesPerGameLast1": 51.0,
        "savesPerGameLast3": 32.0,
        "savesPerGameLast5": 32.8,
        "savesPer60": 32.6,
        "savesPer60Last1": 64.2,
        "savesPer60Last3": 35.1,
        "savesPer60Last5": 34.6,
        "shotsPerGame": 36.8,
        "shotsPerGameLast5": 31.0,
        "shotsAgainstPerGame": 31.7,
        "shotsAgainstPerGameLast5": 34.8,
        "oppSavesAgainstPer60": 36.0,
        "oppSavesAgainstPer60Last1": 36.0,
        "oppSavesAgainstPer60Last3": 28.2,
        "oppSavesAgainstPer60Last5": 26.9,
        "oppShotsAgainstPerGame": 26.0,
        "oppShotsAgainstPerGameLast5": 26.6,
        "savesProj": 38.1,
        "savesProjLast5": 34.1,
        "savesProjLast3": 37.1,
        "oppSavesAgainstProj": 34.9,
        "oppSavesAgainstProjLast5": 27.1,
        "oppSavesAgainstProjLast3": 27.5,
        "totalOver": 74,
        "totalOverLast5": 40,
        "totalOverLast15": 60,
        "lastTotalOver": 77,
        "last5": "1,1,0,2,2,3,2,0,0,2",
        "overOdds": "-150",
        "underOdds": "+120",
        "overUnder": "-150 / +120"
    },
    {
        "player": "Aleksander Barkov",
        "team": "FLA",
        "opponent": "CAR",
        "propType": "sog",
        "line": 2.5,
        "ppLine": "PP1",
        "avg": 3.05,
        "hit": false,
        "diffAvg": 0.22,
        "diffAbs": 0.16,
        "lastAvg": 2.78,
        "diff": 0.11,
        "avgMin": 21,
        "proj": 2.9,
        "lastAvgMin": 20.3,
        "oppOver": 0,
        "teamOver": 0,
        "gameLine": "+120",
        "+/-": "+13",
        "L5_+/-": "+3.0",
        "prevMatchup": "2023-04-13 5.0 sog 2022-12-30 2.0 sog 2022-11-09 6.0 sog",
        "winLossSplits": "57% - 53%",
        "awayHome": "A",
        "playedYesterday": "N",
        "awayHomeSplits": "42% - 68%",
        "savesAboveExp": -0.44,
        "gsaa": -0.71,
        "corsi": "54.2% (66.3) // 52.5% (66.0) // 54.2% (66.3) // 54.2% (66.3)",
        "fenwick": "53.6% (49.9) // 52.0% (49.3) // 53.6% (49.9) // 53.6% (49.9)",
        "shots": "53.7% (36.5) // 51.9% (35.5) // 53.7% (36.5) // 53.7% (36.5)",
        "scoring": "54.6% (34.8) // 53.4% (34.0) // 54.6% (34.8) // 54.6% (34.8)",
        "corsiAgainst": "45.8% (56.1) // 47.5% (59.7) // 45.8% (56.1) // 45.8% (56.1)",
        "fenwickAgainst": "46.4% (43.2) // 48.0% (45.5) // 46.4% (43.2) // 46.4% (43.2)",
        "shotsAgainst": "46.3% (31.5) // 48.1% (33.0) // 46.3% (31.5) // 46.3% (31.5)",
        "scoringAgainst": "45.4% (28.9) // 46.6% (29.7) // 45.4% (28.9) // 45.4% (28.9)",
        "oppCorsi": "59.9% (67.4) // 61.2% (68.8) // 59.9% (67.4) // 59.9% (67.4)",
        "oppFenwick": "59.1% (50.8) // 60.1% (51.8) // 59.1% (50.8) // 59.1% (50.8)",
        "oppShots": "57.2% (34.3) // 58.4% (34.4) // 57.2% (34.3) // 57.2% (34.3)",
        "oppScoring": "58.9% (33.3) // 62.3% (33.3) // 58.9% (33.3) // 58.9% (33.3)",
        "oppCorsiAgainst": "40.1% (45.2) // 38.8% (43.6) // 40.1% (45.2) // 40.1% (45.2)",
        "oppFenwickAgainst": "40.9% (35.1) // 39.9% (34.4) // 40.9% (35.1) // 40.9% (35.1)",
        "oppShotsAgainst": "42.8% (25.6) // 41.6% (24.5) // 42.8% (25.6) // 42.8% (25.6)",
        "oppScoringAgainst": "41.1% (23.3) // 37.7% (20.2) // 41.1% (23.3) // 41.1% (23.3)",
        "savesPerGame": 28.4,
        "savesPerGameLast1": 51.0,
        "savesPerGameLast3": 32.0,
        "savesPerGameLast5": 32.8,
        "savesPer60": 32.6,
        "savesPer60Last1": 64.2,
        "savesPer60Last3": 35.1,
        "savesPer60Last5": 34.6,
        "shotsPerGame": 36.8,
        "shotsPerGameLast5": 31.0,
        "shotsAgainstPerGame": 31.7,
        "shotsAgainstPerGameLast5": 34.8,
        "oppSavesAgainstPer60": 36.0,
        "oppSavesAgainstPer60Last1": 36.0,
        "oppSavesAgainstPer60Last3": 28.2,
        "oppSavesAgainstPer60Last5": 26.9,
        "oppShotsAgainstPerGame": 26.0,
        "oppShotsAgainstPerGameLast5": 26.6,
        "savesProj": 38.1,
        "savesProjLast5": 34.1,
        "savesProjLast3": 37.1,
        "oppSavesAgainstProj": 34.9,
        "oppSavesAgainstProjLast5": 27.1,
        "oppSavesAgainstProjLast3": 27.5,
        "totalOver": 55,
        "totalOverLast5": 60,
        "totalOverLast15": 47,
        "lastTotalOver": 66,
        "last5": "3,6,1,1,4,4,2,2,7,3",
        "overOdds": "-110",
        "underOdds": "-120",
        "overUnder": "-110 / -120"
    },
    {
        "player": "Anthony Duclair",
        "team": "FLA",
        "opponent": "CAR",
        "propType": "sog",
        "line": 1.5,
        "ppLine": "PP2",
        "avg": 2.0,
        "hit": false,
        "diffAvg": 0.33,
        "diffAbs": 1.0,
        "lastAvg": 0,
        "diff": 0,
        "avgMin": 14,
        "proj": 0.0,
        "lastAvgMin": 0,
        "oppOver": 0,
        "teamOver": 0,
        "gameLine": "+120",
        "+/-": -1,
        "L5_+/-": -3.0,
        "prevMatchup": "2023-04-13 1.0 sog",
        "winLossSplits": "50% - 73%",
        "awayHome": "A",
        "playedYesterday": "N",
        "awayHomeSplits": "50% - 65%",
        "savesAboveExp": -0.44,
        "gsaa": -0.71,
        "corsi": "54.2% (66.3) // 52.5% (66.0) // 54.2% (66.3) // 54.2% (66.3)",
        "fenwick": "53.6% (49.9) // 52.0% (49.3) // 53.6% (49.9) // 53.6% (49.9)",
        "shots": "53.7% (36.5) // 51.9% (35.5) // 53.7% (36.5) // 53.7% (36.5)",
        "scoring": "54.6% (34.8) // 53.4% (34.0) // 54.6% (34.8) // 54.6% (34.8)",
        "corsiAgainst": "45.8% (56.1) // 47.5% (59.7) // 45.8% (56.1) // 45.8% (56.1)",
        "fenwickAgainst": "46.4% (43.2) // 48.0% (45.5) // 46.4% (43.2) // 46.4% (43.2)",
        "shotsAgainst": "46.3% (31.5) // 48.1% (33.0) // 46.3% (31.5) // 46.3% (31.5)",
        "scoringAgainst": "45.4% (28.9) // 46.6% (29.7) // 45.4% (28.9) // 45.4% (28.9)",
        "oppCorsi": "59.9% (67.4) // 61.2% (68.8) // 59.9% (67.4) // 59.9% (67.4)",
        "oppFenwick": "59.1% (50.8) // 60.1% (51.8) // 59.1% (50.8) // 59.1% (50.8)",
        "oppShots": "57.2% (34.3) // 58.4% (34.4) // 57.2% (34.3) // 57.2% (34.3)",
        "oppScoring": "58.9% (33.3) // 62.3% (33.3) // 58.9% (33.3) // 58.9% (33.3)",
        "oppCorsiAgainst": "40.1% (45.2) // 38.8% (43.6) // 40.1% (45.2) // 40.1% (45.2)",
        "oppFenwickAgainst": "40.9% (35.1) // 39.9% (34.4) // 40.9% (35.1) // 40.9% (35.1)",
        "oppShotsAgainst": "42.8% (25.6) // 41.6% (24.5) // 42.8% (25.6) // 42.8% (25.6)",
        "oppScoringAgainst": "41.1% (23.3) // 37.7% (20.2) // 41.1% (23.3) // 41.1% (23.3)",
        "savesPerGame": 28.4,
        "savesPerGameLast1": 51.0,
        "savesPerGameLast3": 32.0,
        "savesPerGameLast5": 32.8,
        "savesPer60": 32.6,
        "savesPer60Last1": 64.2,
        "savesPer60Last3": 35.1,
        "savesPer60Last5": 34.6,
        "shotsPerGame": 36.8,
        "shotsPerGameLast5": 31.0,
        "shotsAgainstPerGame": 31.7,
        "shotsAgainstPerGameLast5": 34.8,
        "oppSavesAgainstPer60": 36.0,
        "oppSavesAgainstPer60Last1": 36.0,
        "oppSavesAgainstPer60Last3": 28.2,
        "oppSavesAgainstPer60Last5": 26.9,
        "oppShotsAgainstPerGame": 26.0,
        "oppShotsAgainstPerGameLast5": 26.6,
        "savesProj": 38.1,
        "savesProjLast5": 34.1,
        "savesProjLast3": 37.1,
        "oppSavesAgainstProj": 34.9,
        "oppSavesAgainstProjLast5": 27.1,
        "oppSavesAgainstProjLast3": 27.5,
        "totalOver": 58,
        "totalOverLast5": 40,
        "totalOverLast15": 47,
        "lastTotalOver": 0,
        "last5": "1,0,5,2,0,0,2,2,3,1",
        "overOdds": "-135",
        "underOdds": "+105",
        "overUnder": "-135 / +105"
    },
    {
        "player": "Anton Lundell",
        "team": "FLA",
        "opponent": "CAR",
        "propType": "sog",
        "line": 1.5,
        "ppLine": "PP2",
        "avg": 2.08,
        "hit": false,
        "diffAvg": 0.39,
        "diffAbs": 0.13,
        "lastAvg": 1.69,
        "diff": 0.13,
        "avgMin": 16,
        "proj": 1.7,
        "lastAvgMin": 15.73,
        "oppOver": 0,
        "teamOver": 0,
        "gameLine": "+120",
        "+/-": "+4",
        "L5_+/-": "+4.0",
        "prevMatchup": "2023-04-13 2.0 sog 2022-12-30 1.0 sog 2022-11-09 1.0 sog",
        "winLossSplits": "50% - 74%",
        "awayHome": "A",
        "playedYesterday": "N",
        "awayHomeSplits": "72% - 50%",
        "savesAboveExp": -0.44,
        "gsaa": -0.71,
        "corsi": "54.2% (66.3) // 52.5% (66.0) // 54.2% (66.3) // 54.2% (66.3)",
        "fenwick": "53.6% (49.9) // 52.0% (49.3) // 53.6% (49.9) // 53.6% (49.9)",
        "shots": "53.7% (36.5) // 51.9% (35.5) // 53.7% (36.5) // 53.7% (36.5)",
        "scoring": "54.6% (34.8) // 53.4% (34.0) // 54.6% (34.8) // 54.6% (34.8)",
        "corsiAgainst": "45.8% (56.1) // 47.5% (59.7) // 45.8% (56.1) // 45.8% (56.1)",
        "fenwickAgainst": "46.4% (43.2) // 48.0% (45.5) // 46.4% (43.2) // 46.4% (43.2)",
        "shotsAgainst": "46.3% (31.5) // 48.1% (33.0) // 46.3% (31.5) // 46.3% (31.5)",
        "scoringAgainst": "45.4% (28.9) // 46.6% (29.7) // 45.4% (28.9) // 45.4% (28.9)",
        "oppCorsi": "59.9% (67.4) // 61.2% (68.8) // 59.9% (67.4) // 59.9% (67.4)",
        "oppFenwick": "59.1% (50.8) // 60.1% (51.8) // 59.1% (50.8) // 59.1% (50.8)",
        "oppShots": "57.2% (34.3) // 58.4% (34.4) // 57.2% (34.3) // 57.2% (34.3)",
        "oppScoring": "58.9% (33.3) // 62.3% (33.3) // 58.9% (33.3) // 58.9% (33.3)",
        "oppCorsiAgainst": "40.1% (45.2) // 38.8% (43.6) // 40.1% (45.2) // 40.1% (45.2)",
        "oppFenwickAgainst": "40.9% (35.1) // 39.9% (34.4) // 40.9% (35.1) // 40.9% (35.1)",
        "oppShotsAgainst": "42.8% (25.6) // 41.6% (24.5) // 42.8% (25.6) // 42.8% (25.6)",
        "oppScoringAgainst": "41.1% (23.3) // 37.7% (20.2) // 41.1% (23.3) // 41.1% (23.3)",
        "savesPerGame": 28.4,
        "savesPerGameLast1": 51.0,
        "savesPerGameLast3": 32.0,
        "savesPerGameLast5": 32.8,
        "savesPer60": 32.6,
        "savesPer60Last1": 64.2,
        "savesPer60Last3": 35.1,
        "savesPer60Last5": 34.6,
        "shotsPerGame": 36.8,
        "shotsPerGameLast5": 31.0,
        "shotsAgainstPerGame": 31.7,
        "shotsAgainstPerGameLast5": 34.8,
        "oppSavesAgainstPer60": 36.0,
        "oppSavesAgainstPer60Last1": 36.0,
        "oppSavesAgainstPer60Last3": 28.2,
        "oppSavesAgainstPer60Last5": 26.9,
        "oppShotsAgainstPerGame": 26.0,
        "oppShotsAgainstPerGameLast5": 26.6,
        "savesProj": 38.1,
        "savesProjLast5": 34.1,
        "savesProjLast3": 37.1,
        "oppSavesAgainstProj": 34.9,
        "oppSavesAgainstProjLast5": 27.1,
        "oppSavesAgainstProjLast3": 27.5,
        "totalOver": 61,
        "totalOverLast5": 60,
        "totalOverLast15": 67,
        "lastTotalOver": 55,
        "last5": "4,1,2,4,1,2,2,1,2,2",
        "overOdds": "-145",
        "underOdds": "+115",
        "overUnder": "-145 / +115"
    },
    {
        "player": "Brady Skjei",
        "team": "CAR",
        "opponent": "FLA",
        "propType": "sog",
        "line": 1.5,
        "ppLine": "",
        "avg": 2.27,
        "hit": false,
        "diffAvg": 0.51,
        "diffAbs": 0.27,
        "lastAvg": 1.92,
        "diff": 0.28,
        "avgMin": 21,
        "proj": 1.9,
        "lastAvgMin": 21.13,
        "oppOver": 0,
        "teamOver": 0,
        "gameLine": "-140",
        "+/-": "+5",
        "L5_+/-": -1.0,
        "prevMatchup": "2023-04-13 4.0 sog 2022-12-30 0.0 sog 2022-11-09 2.0 sog",
        "winLossSplits": "71% - 64%",
        "awayHome": "H",
        "playedYesterday": "N",
        "awayHomeSplits": "73% - 64%",
        "savesAboveExp": -0.102,
        "gsaa": -4.63,
        "corsi": "59.9% (67.4) // 61.2% (68.8) // 59.9% (67.4) // 59.9% (67.4)",
        "fenwick": "59.1% (50.8) // 60.1% (51.8) // 59.1% (50.8) // 59.1% (50.8)",
        "shots": "57.2% (34.3) // 58.4% (34.4) // 57.2% (34.3) // 57.2% (34.3)",
        "scoring": "58.9% (33.3) // 62.3% (33.3) // 58.9% (33.3) // 58.9% (33.3)",
        "corsiAgainst": "40.1% (45.2) // 38.8% (43.6) // 40.1% (45.2) // 40.1% (45.2)",
        "fenwickAgainst": "40.9% (35.1) // 39.9% (34.4) // 40.9% (35.1) // 40.9% (35.1)",
        "shotsAgainst": "42.8% (25.6) // 41.6% (24.5) // 42.8% (25.6) // 42.8% (25.6)",
        "scoringAgainst": "41.1% (23.3) // 37.7% (20.2) // 41.1% (23.3) // 41.1% (23.3)",
        "oppCorsi": "54.2% (66.3) // 52.5% (66.0) // 54.2% (66.3) // 54.2% (66.3)",
        "oppFenwick": "53.6% (49.9) // 52.0% (49.3) // 53.6% (49.9) // 53.6% (49.9)",
        "oppShots": "53.7% (36.5) // 51.9% (35.5) // 53.7% (36.5) // 53.7% (36.5)",
        "oppScoring": "54.6% (34.8) // 53.4% (34.0) // 54.6% (34.8) // 54.6% (34.8)",
        "oppCorsiAgainst": "45.8% (56.1) // 47.5% (59.7) // 45.8% (56.1) // 45.8% (56.1)",
        "oppFenwickAgainst": "46.4% (43.2) // 48.0% (45.5) // 46.4% (43.2) // 46.4% (43.2)",
        "oppShotsAgainst": "46.3% (31.5) // 48.1% (33.0) // 46.3% (31.5) // 46.3% (31.5)",
        "oppScoringAgainst": "45.4% (28.9) // 46.6% (29.7) // 45.4% (28.9) // 45.4% (28.9)",
        "savesPerGame": 23.4,
        "savesPerGameLast1": 27.0,
        "savesPerGameLast3": 24.7,
        "savesPerGameLast5": 24.0,
        "savesPer60": 26.8,
        "savesPer60Last1": 30.2,
        "savesPer60Last3": 25.6,
        "savesPer60Last5": 24.6,
        "shotsPerGame": 34.8,
        "shotsPerGameLast5": 31.2,
        "shotsAgainstPerGame": 26.0,
        "shotsAgainstPerGameLast5": 26.6,
        "oppSavesAgainstPer60": 38.3,
        "oppSavesAgainstPer60Last1": 42.2,
        "oppSavesAgainstPer60Last3": 30.1,
        "oppSavesAgainstPer60Last5": 28.9,
        "oppShotsAgainstPerGame": 31.7,
        "oppShotsAgainstPerGameLast5": 34.8,
        "savesProj": 26.9,
        "savesProjLast5": 21.1,
        "savesProjLast3": 23.6,
        "oppSavesAgainstProj": 30.4,
        "oppSavesAgainstProjLast5": 19.3,
        "oppSavesAgainstProjLast3": 20.9,
        "totalOver": 68,
        "totalOverLast5": 20,
        "totalOverLast15": 47,
        "lastTotalOver": 67,
        "last5": "3,1,1,0,1,3,2,1,2,3",
        "overOdds": "-165",
        "underOdds": "+135",
        "overUnder": "-165 / +135"
    },
    {
        "player": "Brandon Montour",
        "team": "FLA",
        "opponent": "CAR",
        "propType": "sog",
        "line": 2.5,
        "ppLine": "PP1",
        "avg": 3.12,
        "hit": false,
        "diffAvg": 0.25,
        "diffAbs": 0.08,
        "lastAvg": 1.68,
        "diff": -0.33,
        "avgMin": 24,
        "proj": 2.3,
        "lastAvgMin": 17.88,
        "oppOver": 0,
        "teamOver": 0,
        "gameLine": "+120",
        "+/-": "+11",
        "L5_+/-": -1.0,
        "prevMatchup": "2023-04-13 6.0 sog 2022-12-30 2.0 sog 2022-11-09 1.0 sog",
        "winLossSplits": "57% - 60%",
        "awayHome": "A",
        "playedYesterday": "N",
        "awayHomeSplits": "49% - 69%",
        "savesAboveExp": -0.44,
        "gsaa": -0.71,
        "corsi": "54.2% (66.3) // 52.5% (66.0) // 54.2% (66.3) // 54.2% (66.3)",
        "fenwick": "53.6% (49.9) // 52.0% (49.3) // 53.6% (49.9) // 53.6% (49.9)",
        "shots": "53.7% (36.5) // 51.9% (35.5) // 53.7% (36.5) // 53.7% (36.5)",
        "scoring": "54.6% (34.8) // 53.4% (34.0) // 54.6% (34.8) // 54.6% (34.8)",
        "corsiAgainst": "45.8% (56.1) // 47.5% (59.7) // 45.8% (56.1) // 45.8% (56.1)",
        "fenwickAgainst": "46.4% (43.2) // 48.0% (45.5) // 46.4% (43.2) // 46.4% (43.2)",
        "shotsAgainst": "46.3% (31.5) // 48.1% (33.0) // 46.3% (31.5) // 46.3% (31.5)",
        "scoringAgainst": "45.4% (28.9) // 46.6% (29.7) // 45.4% (28.9) // 45.4% (28.9)",
        "oppCorsi": "59.9% (67.4) // 61.2% (68.8) // 59.9% (67.4) // 59.9% (67.4)",
        "oppFenwick": "59.1% (50.8) // 60.1% (51.8) // 59.1% (50.8) // 59.1% (50.8)",
        "oppShots": "57.2% (34.3) // 58.4% (34.4) // 57.2% (34.3) // 57.2% (34.3)",
        "oppScoring": "58.9% (33.3) // 62.3% (33.3) // 58.9% (33.3) // 58.9% (33.3)",
        "oppCorsiAgainst": "40.1% (45.2) // 38.8% (43.6) // 40.1% (45.2) // 40.1% (45.2)",
        "oppFenwickAgainst": "40.9% (35.1) // 39.9% (34.4) // 40.9% (35.1) // 40.9% (35.1)",
        "oppShotsAgainst": "42.8% (25.6) // 41.6% (24.5) // 42.8% (25.6) // 42.8% (25.6)",
        "oppScoringAgainst": "41.1% (23.3) // 37.7% (20.2) // 41.1% (23.3) // 41.1% (23.3)",
        "savesPerGame": 28.4,
        "savesPerGameLast1": 51.0,
        "savesPerGameLast3": 32.0,
        "savesPerGameLast5": 32.8,
        "savesPer60": 32.6,
        "savesPer60Last1": 64.2,
        "savesPer60Last3": 35.1,
        "savesPer60Last5": 34.6,
        "shotsPerGame": 36.8,
        "shotsPerGameLast5": 31.0,
        "shotsAgainstPerGame": 31.7,
        "shotsAgainstPerGameLast5": 34.8,
        "oppSavesAgainstPer60": 36.0,
        "oppSavesAgainstPer60Last1": 36.0,
        "oppSavesAgainstPer60Last3": 28.2,
        "oppSavesAgainstPer60Last5": 26.9,
        "oppShotsAgainstPerGame": 26.0,
        "oppShotsAgainstPerGameLast5": 26.6,
        "savesProj": 38.1,
        "savesProjLast5": 34.1,
        "savesProjLast3": 37.1,
        "oppSavesAgainstProj": 34.9,
        "oppSavesAgainstProjLast5": 27.1,
        "oppSavesAgainstProjLast3": 27.5,
        "totalOver": 59,
        "totalOverLast5": 80,
        "totalOverLast15": 60,
        "lastTotalOver": 48,
        "last5": "9,2,3,4,5,6,2,0,6,4",
        "overOdds": "-150",
        "underOdds": "+120",
        "overUnder": "-150 / +120"
    },
    {
        "player": "Brent Burns",
        "team": "CAR",
        "opponent": "FLA",
        "propType": "sog",
        "line": 3.5,
        "ppLine": "PP1",
        "avg": 3.18,
        "hit": false,
        "diffAvg": -0.09,
        "diffAbs": 0.37,
        "lastAvg": 2.48,
        "diff": -0.29,
        "avgMin": 23,
        "proj": 2.2,
        "lastAvgMin": 26.13,
        "oppOver": 0,
        "teamOver": 0,
        "gameLine": "-140",
        "+/-": "+27",
        "L5_+/-": "+8.0",
        "prevMatchup": "2023-04-13 5.0 sog 2022-12-30 1.0 sog 2022-11-09 3.0 sog",
        "winLossSplits": "30% - 45%",
        "awayHome": "H",
        "playedYesterday": "N",
        "awayHomeSplits": "39% - 32%",
        "savesAboveExp": -0.102,
        "gsaa": -4.63,
        "corsi": "59.9% (67.4) // 61.2% (68.8) // 59.9% (67.4) // 59.9% (67.4)",
        "fenwick": "59.1% (50.8) // 60.1% (51.8) // 59.1% (50.8) // 59.1% (50.8)",
        "shots": "57.2% (34.3) // 58.4% (34.4) // 57.2% (34.3) // 57.2% (34.3)",
        "scoring": "58.9% (33.3) // 62.3% (33.3) // 58.9% (33.3) // 58.9% (33.3)",
        "corsiAgainst": "40.1% (45.2) // 38.8% (43.6) // 40.1% (45.2) // 40.1% (45.2)",
        "fenwickAgainst": "40.9% (35.1) // 39.9% (34.4) // 40.9% (35.1) // 40.9% (35.1)",
        "shotsAgainst": "42.8% (25.6) // 41.6% (24.5) // 42.8% (25.6) // 42.8% (25.6)",
        "scoringAgainst": "41.1% (23.3) // 37.7% (20.2) // 41.1% (23.3) // 41.1% (23.3)",
        "oppCorsi": "54.2% (66.3) // 52.5% (66.0) // 54.2% (66.3) // 54.2% (66.3)",
        "oppFenwick": "53.6% (49.9) // 52.0% (49.3) // 53.6% (49.9) // 53.6% (49.9)",
        "oppShots": "53.7% (36.5) // 51.9% (35.5) // 53.7% (36.5) // 53.7% (36.5)",
        "oppScoring": "54.6% (34.8) // 53.4% (34.0) // 54.6% (34.8) // 54.6% (34.8)",
        "oppCorsiAgainst": "45.8% (56.1) // 47.5% (59.7) // 45.8% (56.1) // 45.8% (56.1)",
        "oppFenwickAgainst": "46.4% (43.2) // 48.0% (45.5) // 46.4% (43.2) // 46.4% (43.2)",
        "oppShotsAgainst": "46.3% (31.5) // 48.1% (33.0) // 46.3% (31.5) // 46.3% (31.5)",
        "oppScoringAgainst": "45.4% (28.9) // 46.6% (29.7) // 45.4% (28.9) // 45.4% (28.9)",
        "savesPerGame": 23.4,
        "savesPerGameLast1": 27.0,
        "savesPerGameLast3": 24.7,
        "savesPerGameLast5": 24.0,
        "savesPer60": 26.8,
        "savesPer60Last1": 30.2,
        "savesPer60Last3": 25.6,
        "savesPer60Last5": 24.6,
        "shotsPerGame": 34.8,
        "shotsPerGameLast5": 31.2,
        "shotsAgainstPerGame": 26.0,
        "shotsAgainstPerGameLast5": 26.6,
        "oppSavesAgainstPer60": 38.3,
        "oppSavesAgainstPer60Last1": 42.2,
        "oppSavesAgainstPer60Last3": 30.1,
        "oppSavesAgainstPer60Last5": 28.9,
        "oppShotsAgainstPerGame": 31.7,
        "oppShotsAgainstPerGameLast5": 34.8,
        "savesProj": 26.9,
        "savesProjLast5": 21.1,
        "savesProjLast3": 23.6,
        "oppSavesAgainstProj": 30.4,
        "oppSavesAgainstProjLast5": 19.3,
        "oppSavesAgainstProjLast3": 20.9,
        "totalOver": 35,
        "totalOverLast5": 20,
        "totalOverLast15": 53,
        "lastTotalOver": 18,
        "last5": "6,1,2,3,2,5,6,5,1,4",
        "overOdds": "-110",
        "underOdds": "-120",
        "overUnder": "-110 / -120"
    },
    {
        "player": "Carter Verhaeghe",
        "team": "FLA",
        "opponent": "CAR",
        "propType": "sog",
        "line": 2.5,
        "ppLine": "PP2",
        "avg": 3.31,
        "hit": false,
        "diffAvg": 0.32,
        "diffAbs": 0.2,
        "lastAvg": 1.9,
        "diff": -0.24,
        "avgMin": 17,
        "proj": 2.0,
        "lastAvgMin": 16.05,
        "oppOver": 0,
        "teamOver": 0,
        "gameLine": "+120",
        "+/-": "+17",
        "L5_+/-": "+7.0",
        "prevMatchup": "2023-04-13 2.0 sog 2022-12-30 0.0 sog 2022-11-09 5.0 sog",
        "winLossSplits": "73% - 50%",
        "awayHome": "A",
        "playedYesterday": "N",
        "awayHomeSplits": "56% - 69%",
        "savesAboveExp": -0.44,
        "gsaa": -0.71,
        "corsi": "54.2% (66.3) // 52.5% (66.0) // 54.2% (66.3) // 54.2% (66.3)",
        "fenwick": "53.6% (49.9) // 52.0% (49.3) // 53.6% (49.9) // 53.6% (49.9)",
        "shots": "53.7% (36.5) // 51.9% (35.5) // 53.7% (36.5) // 53.7% (36.5)",
        "scoring": "54.6% (34.8) // 53.4% (34.0) // 54.6% (34.8) // 54.6% (34.8)",
        "corsiAgainst": "45.8% (56.1) // 47.5% (59.7) // 45.8% (56.1) // 45.8% (56.1)",
        "fenwickAgainst": "46.4% (43.2) // 48.0% (45.5) // 46.4% (43.2) // 46.4% (43.2)",
        "shotsAgainst": "46.3% (31.5) // 48.1% (33.0) // 46.3% (31.5) // 46.3% (31.5)",
        "scoringAgainst": "45.4% (28.9) // 46.6% (29.7) // 45.4% (28.9) // 45.4% (28.9)",
        "oppCorsi": "59.9% (67.4) // 61.2% (68.8) // 59.9% (67.4) // 59.9% (67.4)",
        "oppFenwick": "59.1% (50.8) // 60.1% (51.8) // 59.1% (50.8) // 59.1% (50.8)",
        "oppShots": "57.2% (34.3) // 58.4% (34.4) // 57.2% (34.3) // 57.2% (34.3)",
        "oppScoring": "58.9% (33.3) // 62.3% (33.3) // 58.9% (33.3) // 58.9% (33.3)",
        "oppCorsiAgainst": "40.1% (45.2) // 38.8% (43.6) // 40.1% (45.2) // 40.1% (45.2)",
        "oppFenwickAgainst": "40.9% (35.1) // 39.9% (34.4) // 40.9% (35.1) // 40.9% (35.1)",
        "oppShotsAgainst": "42.8% (25.6) // 41.6% (24.5) // 42.8% (25.6) // 42.8% (25.6)",
        "oppScoringAgainst": "41.1% (23.3) // 37.7% (20.2) // 41.1% (23.3) // 41.1% (23.3)",
        "savesPerGame": 28.4,
        "savesPerGameLast1": 51.0,
        "savesPerGameLast3": 32.0,
        "savesPerGameLast5": 32.8,
        "savesPer60": 32.6,
        "savesPer60Last1": 64.2,
        "savesPer60Last3": 35.1,
        "savesPer60Last5": 34.6,
        "shotsPerGame": 36.8,
        "shotsPerGameLast5": 31.0,
        "shotsAgainstPerGame": 31.7,
        "shotsAgainstPerGameLast5": 34.8,
        "oppSavesAgainstPer60": 36.0,
        "oppSavesAgainstPer60Last1": 36.0,
        "oppSavesAgainstPer60Last3": 28.2,
        "oppSavesAgainstPer60Last5": 26.9,
        "oppShotsAgainstPerGame": 26.0,
        "oppShotsAgainstPerGameLast5": 26.6,
        "savesProj": 38.1,
        "savesProjLast5": 34.1,
        "savesProjLast3": 37.1,
        "oppSavesAgainstProj": 34.9,
        "oppSavesAgainstProjLast5": 27.1,
        "oppSavesAgainstProjLast3": 27.5,
        "totalOver": 62,
        "totalOverLast5": 40,
        "totalOverLast15": 33,
        "lastTotalOver": 35,
        "last5": "4,2,2,4,1,4,2,3,2,3",
        "overOdds": "-110",
        "underOdds": "-120",
        "overUnder": "-110 / -120"
    },
    {
        "player": "Gustav Forsling",
        "team": "FLA",
        "opponent": "CAR",
        "propType": "sog",
        "line": 1.5,
        "ppLine": "PP2",
        "avg": 2.47,
        "hit": false,
        "diffAvg": 0.65,
        "diffAbs": 0.27,
        "lastAvg": 1.79,
        "diff": 0.19,
        "avgMin": 23,
        "proj": 1.9,
        "lastAvgMin": 21.22,
        "oppOver": 0,
        "teamOver": 0,
        "gameLine": "+120",
        "+/-": "+24",
        "L5_+/-": "+5.0",
        "prevMatchup": "2023-04-13 2.0 sog 2022-12-30 0.0 sog 2022-11-09 3.0 sog",
        "winLossSplits": "76% - 61%",
        "awayHome": "A",
        "playedYesterday": "N",
        "awayHomeSplits": "67% - 72%",
        "savesAboveExp": -0.44,
        "gsaa": -0.71,
        "corsi": "54.2% (66.3) // 52.5% (66.0) // 54.2% (66.3) // 54.2% (66.3)",
        "fenwick": "53.6% (49.9) // 52.0% (49.3) // 53.6% (49.9) // 53.6% (49.9)",
        "shots": "53.7% (36.5) // 51.9% (35.5) // 53.7% (36.5) // 53.7% (36.5)",
        "scoring": "54.6% (34.8) // 53.4% (34.0) // 54.6% (34.8) // 54.6% (34.8)",
        "corsiAgainst": "45.8% (56.1) // 47.5% (59.7) // 45.8% (56.1) // 45.8% (56.1)",
        "fenwickAgainst": "46.4% (43.2) // 48.0% (45.5) // 46.4% (43.2) // 46.4% (43.2)",
        "shotsAgainst": "46.3% (31.5) // 48.1% (33.0) // 46.3% (31.5) // 46.3% (31.5)",
        "scoringAgainst": "45.4% (28.9) // 46.6% (29.7) // 45.4% (28.9) // 45.4% (28.9)",
        "oppCorsi": "59.9% (67.4) // 61.2% (68.8) // 59.9% (67.4) // 59.9% (67.4)",
        "oppFenwick": "59.1% (50.8) // 60.1% (51.8) // 59.1% (50.8) // 59.1% (50.8)",
        "oppShots": "57.2% (34.3) // 58.4% (34.4) // 57.2% (34.3) // 57.2% (34.3)",
        "oppScoring": "58.9% (33.3) // 62.3% (33.3) // 58.9% (33.3) // 58.9% (33.3)",
        "oppCorsiAgainst": "40.1% (45.2) // 38.8% (43.6) // 40.1% (45.2) // 40.1% (45.2)",
        "oppFenwickAgainst": "40.9% (35.1) // 39.9% (34.4) // 40.9% (35.1) // 40.9% (35.1)",
        "oppShotsAgainst": "42.8% (25.6) // 41.6% (24.5) // 42.8% (25.6) // 42.8% (25.6)",
        "oppScoringAgainst": "41.1% (23.3) // 37.7% (20.2) // 41.1% (23.3) // 41.1% (23.3)",
        "savesPerGame": 28.4,
        "savesPerGameLast1": 51.0,
        "savesPerGameLast3": 32.0,
        "savesPerGameLast5": 32.8,
        "savesPer60": 32.6,
        "savesPer60Last1": 64.2,
        "savesPer60Last3": 35.1,
        "savesPer60Last5": 34.6,
        "shotsPerGame": 36.8,
        "shotsPerGameLast5": 31.0,
        "shotsAgainstPerGame": 31.7,
        "shotsAgainstPerGameLast5": 34.8,
        "oppSavesAgainstPer60": 36.0,
        "oppSavesAgainstPer60Last1": 36.0,
        "oppSavesAgainstPer60Last3": 28.2,
        "oppSavesAgainstPer60Last5": 26.9,
        "oppShotsAgainstPerGame": 26.0,
        "oppShotsAgainstPerGameLast5": 26.6,
        "savesProj": 38.1,
        "savesProjLast5": 34.1,
        "savesProjLast3": 37.1,
        "oppSavesAgainstProj": 34.9,
        "oppSavesAgainstProjLast5": 27.1,
        "oppSavesAgainstProjLast3": 27.5,
        "totalOver": 69,
        "totalOverLast5": 40,
        "totalOverLast15": 53,
        "lastTotalOver": 63,
        "last5": "1,1,2,3,1,0,0,3,4,2",
        "overOdds": "-150",
        "underOdds": "+120",
        "overUnder": "-150 / +120"
    },
    {
        "player": "Jordan Martinook",
        "team": "CAR",
        "opponent": "FLA",
        "propType": "sog",
        "line": 1.5,
        "ppLine": "",
        "avg": 2.06,
        "hit": false,
        "diffAvg": 0.37,
        "diffAbs": 0.07,
        "lastAvg": 1.18,
        "diff": -0.21,
        "avgMin": 15,
        "proj": 1.6,
        "lastAvgMin": 11.2,
        "oppOver": 0,
        "teamOver": 0,
        "gameLine": "-140",
        "+/-": "+12",
        "L5_+/-": "+5.0",
        "prevMatchup": "2023-04-13 1.0 sog 2022-12-30 2.0 sog 2022-11-09 2.0 sog",
        "winLossSplits": "67% - 64%",
        "awayHome": "H",
        "playedYesterday": "N",
        "awayHomeSplits": "61% - 70%",
        "savesAboveExp": -0.102,
        "gsaa": -4.63,
        "corsi": "59.9% (67.4) // 61.2% (68.8) // 59.9% (67.4) // 59.9% (67.4)",
        "fenwick": "59.1% (50.8) // 60.1% (51.8) // 59.1% (50.8) // 59.1% (50.8)",
        "shots": "57.2% (34.3) // 58.4% (34.4) // 57.2% (34.3) // 57.2% (34.3)",
        "scoring": "58.9% (33.3) // 62.3% (33.3) // 58.9% (33.3) // 58.9% (33.3)",
        "corsiAgainst": "40.1% (45.2) // 38.8% (43.6) // 40.1% (45.2) // 40.1% (45.2)",
        "fenwickAgainst": "40.9% (35.1) // 39.9% (34.4) // 40.9% (35.1) // 40.9% (35.1)",
        "shotsAgainst": "42.8% (25.6) // 41.6% (24.5) // 42.8% (25.6) // 42.8% (25.6)",
        "scoringAgainst": "41.1% (23.3) // 37.7% (20.2) // 41.1% (23.3) // 41.1% (23.3)",
        "oppCorsi": "54.2% (66.3) // 52.5% (66.0) // 54.2% (66.3) // 54.2% (66.3)",
        "oppFenwick": "53.6% (49.9) // 52.0% (49.3) // 53.6% (49.9) // 53.6% (49.9)",
        "oppShots": "53.7% (36.5) // 51.9% (35.5) // 53.7% (36.5) // 53.7% (36.5)",
        "oppScoring": "54.6% (34.8) // 53.4% (34.0) // 54.6% (34.8) // 54.6% (34.8)",
        "oppCorsiAgainst": "45.8% (56.1) // 47.5% (59.7) // 45.8% (56.1) // 45.8% (56.1)",
        "oppFenwickAgainst": "46.4% (43.2) // 48.0% (45.5) // 46.4% (43.2) // 46.4% (43.2)",
        "oppShotsAgainst": "46.3% (31.5) // 48.1% (33.0) // 46.3% (31.5) // 46.3% (31.5)",
        "oppScoringAgainst": "45.4% (28.9) // 46.6% (29.7) // 45.4% (28.9) // 45.4% (28.9)",
        "savesPerGame": 23.4,
        "savesPerGameLast1": 27.0,
        "savesPerGameLast3": 24.7,
        "savesPerGameLast5": 24.0,
        "savesPer60": 26.8,
        "savesPer60Last1": 30.2,
        "savesPer60Last3": 25.6,
        "savesPer60Last5": 24.6,
        "shotsPerGame": 34.8,
        "shotsPerGameLast5": 31.2,
        "shotsAgainstPerGame": 26.0,
        "shotsAgainstPerGameLast5": 26.6,
        "oppSavesAgainstPer60": 38.3,
        "oppSavesAgainstPer60Last1": 42.2,
        "oppSavesAgainstPer60Last3": 30.1,
        "oppSavesAgainstPer60Last5": 28.9,
        "oppShotsAgainstPerGame": 31.7,
        "oppShotsAgainstPerGameLast5": 34.8,
        "savesProj": 26.9,
        "savesProjLast5": 21.1,
        "savesProjLast3": 23.6,
        "oppSavesAgainstProj": 30.4,
        "oppSavesAgainstProjLast5": 19.3,
        "oppSavesAgainstProjLast3": 20.9,
        "totalOver": 66,
        "totalOverLast5": 80,
        "totalOverLast15": 67,
        "lastTotalOver": 51,
        "last5": "2,3,2,4,0,7,1,2,4,2",
        "overOdds": "-185",
        "underOdds": "+150",
        "overUnder": "-185 / +150"
    },
    {
        "player": "Martin Necas",
        "team": "CAR",
        "opponent": "FLA",
        "propType": "sog",
        "line": 2.5,
        "ppLine": "PP1",
        "avg": 2.91,
        "hit": false,
        "diffAvg": 0.16,
        "diffAbs": 0.24,
        "lastAvg": 1.73,
        "diff": -0.31,
        "avgMin": 18,
        "proj": 1.9,
        "lastAvgMin": 16.18,
        "oppOver": 0,
        "teamOver": 0,
        "gameLine": "-140",
        "+/-": "+4",
        "L5_+/-": 0.0,
        "prevMatchup": "2023-04-13 2.0 sog 2022-12-30 2.0 sog 2022-11-09 6.0 sog",
        "winLossSplits": "63% - 42%",
        "awayHome": "H",
        "playedYesterday": "N",
        "awayHomeSplits": "63% - 49%",
        "savesAboveExp": -0.102,
        "gsaa": -4.63,
        "corsi": "59.9% (67.4) // 61.2% (68.8) // 59.9% (67.4) // 59.9% (67.4)",
        "fenwick": "59.1% (50.8) // 60.1% (51.8) // 59.1% (50.8) // 59.1% (50.8)",
        "shots": "57.2% (34.3) // 58.4% (34.4) // 57.2% (34.3) // 57.2% (34.3)",
        "scoring": "58.9% (33.3) // 62.3% (33.3) // 58.9% (33.3) // 58.9% (33.3)",
        "corsiAgainst": "40.1% (45.2) // 38.8% (43.6) // 40.1% (45.2) // 40.1% (45.2)",
        "fenwickAgainst": "40.9% (35.1) // 39.9% (34.4) // 40.9% (35.1) // 40.9% (35.1)",
        "shotsAgainst": "42.8% (25.6) // 41.6% (24.5) // 42.8% (25.6) // 42.8% (25.6)",
        "scoringAgainst": "41.1% (23.3) // 37.7% (20.2) // 41.1% (23.3) // 41.1% (23.3)",
        "oppCorsi": "54.2% (66.3) // 52.5% (66.0) // 54.2% (66.3) // 54.2% (66.3)",
        "oppFenwick": "53.6% (49.9) // 52.0% (49.3) // 53.6% (49.9) // 53.6% (49.9)",
        "oppShots": "53.7% (36.5) // 51.9% (35.5) // 53.7% (36.5) // 53.7% (36.5)",
        "oppScoring": "54.6% (34.8) // 53.4% (34.0) // 54.6% (34.8) // 54.6% (34.8)",
        "oppCorsiAgainst": "45.8% (56.1) // 47.5% (59.7) // 45.8% (56.1) // 45.8% (56.1)",
        "oppFenwickAgainst": "46.4% (43.2) // 48.0% (45.5) // 46.4% (43.2) // 46.4% (43.2)",
        "oppShotsAgainst": "46.3% (31.5) // 48.1% (33.0) // 46.3% (31.5) // 46.3% (31.5)",
        "oppScoringAgainst": "45.4% (28.9) // 46.6% (29.7) // 45.4% (28.9) // 45.4% (28.9)",
        "savesPerGame": 23.4,
        "savesPerGameLast1": 27.0,
        "savesPerGameLast3": 24.7,
        "savesPerGameLast5": 24.0,
        "savesPer60": 26.8,
        "savesPer60Last1": 30.2,
        "savesPer60Last3": 25.6,
        "savesPer60Last5": 24.6,
        "shotsPerGame": 34.8,
        "shotsPerGameLast5": 31.2,
        "shotsAgainstPerGame": 26.0,
        "shotsAgainstPerGameLast5": 26.6,
        "oppSavesAgainstPer60": 38.3,
        "oppSavesAgainstPer60Last1": 42.2,
        "oppSavesAgainstPer60Last3": 30.1,
        "oppSavesAgainstPer60Last5": 28.9,
        "oppShotsAgainstPerGame": 31.7,
        "oppShotsAgainstPerGameLast5": 34.8,
        "savesProj": 26.9,
        "savesProjLast5": 21.1,
        "savesProjLast3": 23.6,
        "oppSavesAgainstProj": 30.4,
        "oppSavesAgainstProjLast5": 19.3,
        "oppSavesAgainstProjLast3": 20.9,
        "totalOver": 56,
        "totalOverLast5": 80,
        "totalOverLast15": 53,
        "lastTotalOver": 37,
        "last5": "4,3,2,4,3,2,1,3,3,3",
        "overOdds": "-155",
        "underOdds": "+125",
        "overUnder": "-155 / +125"
    },
    {
        "player": "Matthew Tkachuk",
        "team": "FLA",
        "opponent": "CAR",
        "propType": "sog",
        "line": 3.5,
        "ppLine": "PP1",
        "avg": 3.93,
        "hit": false,
        "diffAvg": 0.12,
        "diffAbs": 0.14,
        "lastAvg": 2.69,
        "diff": -0.23,
        "avgMin": 20,
        "proj": 3.0,
        "lastAvgMin": 17.88,
        "oppOver": 0,
        "teamOver": 0,
        "gameLine": "+120",
        "+/-": "+39",
        "L5_+/-": "+8.0",
        "prevMatchup": "2023-04-13 3.0 sog 2022-12-30 3.0 sog",
        "winLossSplits": "54% - 49%",
        "awayHome": "A",
        "playedYesterday": "N",
        "awayHomeSplits": "38% - 66%",
        "savesAboveExp": -0.44,
        "gsaa": -0.71,
        "corsi": "54.2% (66.3) // 52.5% (66.0) // 54.2% (66.3) // 54.2% (66.3)",
        "fenwick": "53.6% (49.9) // 52.0% (49.3) // 53.6% (49.9) // 53.6% (49.9)",
        "shots": "53.7% (36.5) // 51.9% (35.5) // 53.7% (36.5) // 53.7% (36.5)",
        "scoring": "54.6% (34.8) // 53.4% (34.0) // 54.6% (34.8) // 54.6% (34.8)",
        "corsiAgainst": "45.8% (56.1) // 47.5% (59.7) // 45.8% (56.1) // 45.8% (56.1)",
        "fenwickAgainst": "46.4% (43.2) // 48.0% (45.5) // 46.4% (43.2) // 46.4% (43.2)",
        "shotsAgainst": "46.3% (31.5) // 48.1% (33.0) // 46.3% (31.5) // 46.3% (31.5)",
        "scoringAgainst": "45.4% (28.9) // 46.6% (29.7) // 45.4% (28.9) // 45.4% (28.9)",
        "oppCorsi": "59.9% (67.4) // 61.2% (68.8) // 59.9% (67.4) // 59.9% (67.4)",
        "oppFenwick": "59.1% (50.8) // 60.1% (51.8) // 59.1% (50.8) // 59.1% (50.8)",
        "oppShots": "57.2% (34.3) // 58.4% (34.4) // 57.2% (34.3) // 57.2% (34.3)",
        "oppScoring": "58.9% (33.3) // 62.3% (33.3) // 58.9% (33.3) // 58.9% (33.3)",
        "oppCorsiAgainst": "40.1% (45.2) // 38.8% (43.6) // 40.1% (45.2) // 40.1% (45.2)",
        "oppFenwickAgainst": "40.9% (35.1) // 39.9% (34.4) // 40.9% (35.1) // 40.9% (35.1)",
        "oppShotsAgainst": "42.8% (25.6) // 41.6% (24.5) // 42.8% (25.6) // 42.8% (25.6)",
        "oppScoringAgainst": "41.1% (23.3) // 37.7% (20.2) // 41.1% (23.3) // 41.1% (23.3)",
        "savesPerGame": 28.4,
        "savesPerGameLast1": 51.0,
        "savesPerGameLast3": 32.0,
        "savesPerGameLast5": 32.8,
        "savesPer60": 32.6,
        "savesPer60Last1": 64.2,
        "savesPer60Last3": 35.1,
        "savesPer60Last5": 34.6,
        "shotsPerGame": 36.8,
        "shotsPerGameLast5": 31.0,
        "shotsAgainstPerGame": 31.7,
        "shotsAgainstPerGameLast5": 34.8,
        "oppSavesAgainstPer60": 36.0,
        "oppSavesAgainstPer60Last1": 36.0,
        "oppSavesAgainstPer60Last3": 28.2,
        "oppSavesAgainstPer60Last5": 26.9,
        "oppShotsAgainstPerGame": 26.0,
        "oppShotsAgainstPerGameLast5": 26.6,
        "savesProj": 38.1,
        "savesProjLast5": 34.1,
        "savesProjLast3": 37.1,
        "oppSavesAgainstProj": 34.9,
        "oppSavesAgainstProjLast5": 27.1,
        "oppSavesAgainstProjLast3": 27.5,
        "totalOver": 52,
        "totalOverLast5": 20,
        "totalOverLast15": 33,
        "lastTotalOver": 44,
        "last5": "6,0,2,2,3,1,4,2,6,4",
        "overOdds": "+130",
        "underOdds": "-160",
        "overUnder": "+130 / -160"
    },
    {
        "player": "Sam Bennett",
        "team": "FLA",
        "opponent": "CAR",
        "propType": "sog",
        "line": 2.5,
        "ppLine": "PP1",
        "avg": 3.08,
        "hit": false,
        "diffAvg": 0.23,
        "diffAbs": 0.2,
        "lastAvg": 2.98,
        "diff": 0.19,
        "avgMin": 17,
        "proj": 3.0,
        "lastAvgMin": 16.93,
        "oppOver": 0,
        "teamOver": 0,
        "gameLine": "+120",
        "+/-": "+13",
        "L5_+/-": "+6.0",
        "prevMatchup": "2022-12-30 3.0 sog 2022-11-09 4.0 sog",
        "winLossSplits": "59% - 67%",
        "awayHome": "A",
        "playedYesterday": "N",
