[
    {
        "player": "Aaron Ekblad",
        "team": "FLA",
        "opponent": "CAR",
        "propType": "g",
        "line": 0.5,
        "ppLine": "PP2",
        "avg": 0.18,
        "hit": false,
        "diffAvg": -0.64,
        "diffAbs": 0.6,
        "lastAvg": 0.21,
        "diff": -0.58,
        "avgMin": 23,
        "proj": 0.2,
        "lastAvgMin": 24.92,
        "oppOver": 0,
        "teamOver": 0,
        "gameLine": "-115",
        "+/-": -8,
        "L5_+/-": "+6.0",
        "prevMatchup": "2023-05-20 0.0 g 2023-05-18 0.0 g 2023-04-13 0.0 g 2022-12-30 0.0 g",
        "winLossSplits": "20% - 11%",
        "awayHome": "H",
        "playedYesterday": "N",
        "awayHomeSplits": "14% - 18%",
        "savesAboveExp": -0.44,
        "gsaa": -0.71,
        "corsi": "54.2% (66.3) // 52.5% (66.0) // 54.2% (66.3) // 54.2% (66.3)",
        "fenwick": "53.6% (49.9) // 52.0% (49.3) // 53.6% (49.9) // 53.6% (49.9)",
        "shots": "53.7% (36.5) // 51.9% (35.5) // 53.7% (36.5) // 53.7% (36.5)",
        "scoring": "54.6% (34.8) // 53.4% (34.0) // 54.6% (34.8) // 54.6% (34.8)",
        "corsiAgainst": "45.8% (56.1) // 47.5% (59.7) // 45.8% (56.1) // 45.8% (56.1)",
        "fenwickAgainst": "46.4% (43.2) // 48.0% (45.5) // 46.4% (43.2) // 46.4% (43.2)",
        "shotsAgainst": "46.3% (31.5) // 48.1% (33.0) // 46.3% (31.5) // 46.3% (31.5)",
        "scoringAgainst": "45.4% (28.9) // 46.6% (29.7) // 45.4% (28.9) // 45.4% (28.9)",
        "oppCorsi": "59.9% (67.4) // 61.2% (68.8) // 59.9% (67.4) // 59.9% (67.4)",
        "oppFenwick": "59.1% (50.8) // 60.1% (51.8) // 59.1% (50.8) // 59.1% (50.8)",
        "oppShots": "57.2% (34.3) // 58.4% (34.4) // 57.2% (34.3) // 57.2% (34.3)",
        "oppScoring": "58.9% (33.3) // 62.3% (33.3) // 58.9% (33.3) // 58.9% (33.3)",
        "oppCorsiAgainst": "40.1% (45.2) // 38.8% (43.6) // 40.1% (45.2) // 40.1% (45.2)",
        "oppFenwickAgainst": "40.9% (35.1) // 39.9% (34.4) // 40.9% (35.1) // 40.9% (35.1)",
        "oppShotsAgainst": "42.8% (25.6) // 41.6% (24.5) // 42.8% (25.6) // 42.8% (25.6)",
        "oppScoringAgainst": "41.1% (23.3) // 37.7% (20.2) // 41.1% (23.3) // 41.1% (23.3)",
        "savesPerGame": 28.4,
        "savesPerGameLast1": 37.0,
        "savesPerGameLast3": 50.3,
        "savesPerGameLast5": 39.2,
        "savesPer60": 33.7,
        "savesPer60Last1": 38.1,
        "savesPer60Last3": 77.5,
        "savesPer60Last5": 52.1,
        "shotsPerGame": 36.8,
        "shotsPerGameLast5": 36.8,
        "shotsAgainstPerGame": 31.7,
        "shotsAgainstPerGameLast5": 41.0,
        "oppSavesAgainstPer60": 37.3,
        "oppSavesAgainstPer60Last1": 37.0,
        "oppSavesAgainstPer60Last3": 45.6,
        "oppSavesAgainstPer60Last5": 37.5,
        "oppShotsAgainstPerGame": 26.0,
        "oppShotsAgainstPerGameLast5": 34.2,
        "savesProj": 38.5,
        "savesProjLast5": 69.3,
        "savesProjLast3": 126.4,
        "oppSavesAgainstProj": 36.4,
        "oppSavesAgainstProjLast5": 42.0,
        "oppSavesAgainstProjLast3": 64.1,
        "totalOver": 15,
        "totalOverLast5": 20,
        "totalOverLast15": 7,
        "lastTotalOver": 20,
        "last5": "0,0,1,0,0,0,0,0,0,0",
        "overOdds": "+425",
        "underOdds": "0",
        "overUnder": "+425 / 0"
    },
    {
        "player": "Aleksander Barkov",
        "team": "FLA",
        "opponent": "CAR",
        "propType": "g",
        "line": 0.5,
        "ppLine": "PP1",
        "avg": 0.33,
        "hit": false,
        "diffAvg": -0.34,
        "diffAbs": 0.0,
        "lastAvg": 0.51,
        "diff": 0.02,
        "avgMin": 21,
        "proj": 0.5,
        "lastAvgMin": 20.3,
        "oppOver": 0,
        "teamOver": 0,
        "gameLine": "-115",
        "+/-": "+16",
        "L5_+/-": "+8.0",
        "prevMatchup": "2023-05-20 1.0 g 2023-05-18 1.0 g 2023-04-13 1.0 g 2022-12-30 0.0 g 2022-11-09 1.0 g",
        "winLossSplits": "38% - 15%",
        "awayHome": "H",
        "playedYesterday": "N",
        "awayHomeSplits": "19% - 38%",
        "savesAboveExp": -0.44,
        "gsaa": -0.71,
        "corsi": "54.2% (66.3) // 52.5% (66.0) // 54.2% (66.3) // 54.2% (66.3)",
        "fenwick": "53.6% (49.9) // 52.0% (49.3) // 53.6% (49.9) // 53.6% (49.9)",
        "shots": "53.7% (36.5) // 51.9% (35.5) // 53.7% (36.5) // 53.7% (36.5)",
        "scoring": "54.6% (34.8) // 53.4% (34.0) // 54.6% (34.8) // 54.6% (34.8)",
        "corsiAgainst": "45.8% (56.1) // 47.5% (59.7) // 45.8% (56.1) // 45.8% (56.1)",
        "fenwickAgainst": "46.4% (43.2) // 48.0% (45.5) // 46.4% (43.2) // 46.4% (43.2)",
        "shotsAgainst": "46.3% (31.5) // 48.1% (33.0) // 46.3% (31.5) // 46.3% (31.5)",
        "scoringAgainst": "45.4% (28.9) // 46.6% (29.7) // 45.4% (28.9) // 45.4% (28.9)",
        "oppCorsi": "59.9% (67.4) // 61.2% (68.8) // 59.9% (67.4) // 59.9% (67.4)",
        "oppFenwick": "59.1% (50.8) // 60.1% (51.8) // 59.1% (50.8) // 59.1% (50.8)",
        "oppShots": "57.2% (34.3) // 58.4% (34.4) // 57.2% (34.3) // 57.2% (34.3)",
        "oppScoring": "58.9% (33.3) // 62.3% (33.3) // 58.9% (33.3) // 58.9% (33.3)",
        "oppCorsiAgainst": "40.1% (45.2) // 38.8% (43.6) // 40.1% (45.2) // 40.1% (45.2)",
        "oppFenwickAgainst": "40.9% (35.1) // 39.9% (34.4) // 40.9% (35.1) // 40.9% (35.1)",
        "oppShotsAgainst": "42.8% (25.6) // 41.6% (24.5) // 42.8% (25.6) // 42.8% (25.6)",
        "oppScoringAgainst": "41.1% (23.3) // 37.7% (20.2) // 41.1% (23.3) // 41.1% (23.3)",
        "savesPerGame": 28.4,
        "savesPerGameLast1": 37.0,
        "savesPerGameLast3": 50.3,
        "savesPerGameLast5": 39.2,
        "savesPer60": 33.7,
        "savesPer60Last1": 38.1,
        "savesPer60Last3": 77.5,
        "savesPer60Last5": 52.1,
        "shotsPerGame": 36.8,
        "shotsPerGameLast5": 36.8,
        "shotsAgainstPerGame": 31.7,
        "shotsAgainstPerGameLast5": 41.0,
        "oppSavesAgainstPer60": 37.3,
        "oppSavesAgainstPer60Last1": 37.0,
        "oppSavesAgainstPer60Last3": 45.6,
        "oppSavesAgainstPer60Last5": 37.5,
        "oppShotsAgainstPerGame": 26.0,
        "oppShotsAgainstPerGameLast5": 34.2,
        "savesProj": 38.5,
        "savesProjLast5": 69.3,
        "savesProjLast3": 126.4,
        "oppSavesAgainstProj": 36.4,
        "oppSavesAgainstProjLast5": 42.0,
        "oppSavesAgainstProjLast3": 64.1,
        "totalOver": 28,
        "totalOverLast5": 40,
        "totalOverLast15": 27,
        "lastTotalOver": 42,
        "last5": "1,1,0,0,0,1,0,0,1,0",
        "overOdds": "+185",
        "underOdds": "0",
        "overUnder": "+185 / 0"
    },
    {
        "player": "Anthony Duclair",
        "team": "FLA",
        "opponent": "CAR",
        "propType": "g",
        "line": 0.5,
        "ppLine": "PP2",
        "avg": 0.12,
        "hit": false,
        "diffAvg": -0.76,
        "diffAbs": 1.0,
        "lastAvg": 0,
        "diff": 0,
        "avgMin": 15,
        "proj": 0.0,
        "lastAvgMin": 0,
        "oppOver": 0,
        "teamOver": 0,
        "gameLine": "-115",
        "+/-": "+1",
        "L5_+/-": "+3.0",
        "prevMatchup": "2023-05-20 0.0 g 2023-05-18 0.0 g 2023-04-13 1.0 g",
        "winLossSplits": "14% - 9%",
        "awayHome": "H",
        "playedYesterday": "N",
        "awayHomeSplits": "12% - 12%",
        "savesAboveExp": -0.44,
        "gsaa": -0.71,
        "corsi": "54.2% (66.3) // 52.5% (66.0) // 54.2% (66.3) // 54.2% (66.3)",
        "fenwick": "53.6% (49.9) // 52.0% (49.3) // 53.6% (49.9) // 53.6% (49.9)",
        "shots": "53.7% (36.5) // 51.9% (35.5) // 53.7% (36.5) // 53.7% (36.5)",
        "scoring": "54.6% (34.8) // 53.4% (34.0) // 54.6% (34.8) // 54.6% (34.8)",
        "corsiAgainst": "45.8% (56.1) // 47.5% (59.7) // 45.8% (56.1) // 45.8% (56.1)",
        "fenwickAgainst": "46.4% (43.2) // 48.0% (45.5) // 46.4% (43.2) // 46.4% (43.2)",
        "shotsAgainst": "46.3% (31.5) // 48.1% (33.0) // 46.3% (31.5) // 46.3% (31.5)",
        "scoringAgainst": "45.4% (28.9) // 46.6% (29.7) // 45.4% (28.9) // 45.4% (28.9)",
        "oppCorsi": "59.9% (67.4) // 61.2% (68.8) // 59.9% (67.4) // 59.9% (67.4)",
        "oppFenwick": "59.1% (50.8) // 60.1% (51.8) // 59.1% (50.8) // 59.1% (50.8)",
        "oppShots": "57.2% (34.3) // 58.4% (34.4) // 57.2% (34.3) // 57.2% (34.3)",
        "oppScoring": "58.9% (33.3) // 62.3% (33.3) // 58.9% (33.3) // 58.9% (33.3)",
        "oppCorsiAgainst": "40.1% (45.2) // 38.8% (43.6) // 40.1% (45.2) // 40.1% (45.2)",
        "oppFenwickAgainst": "40.9% (35.1) // 39.9% (34.4) // 40.9% (35.1) // 40.9% (35.1)",
        "oppShotsAgainst": "42.8% (25.6) // 41.6% (24.5) // 42.8% (25.6) // 42.8% (25.6)",
        "oppScoringAgainst": "41.1% (23.3) // 37.7% (20.2) // 41.1% (23.3) // 41.1% (23.3)",
        "savesPerGame": 28.4,
        "savesPerGameLast1": 37.0,
        "savesPerGameLast3": 50.3,
        "savesPerGameLast5": 39.2,
        "savesPer60": 33.7,
        "savesPer60Last1": 38.1,
        "savesPer60Last3": 77.5,
        "savesPer60Last5": 52.1,
        "shotsPerGame": 36.8,
        "shotsPerGameLast5": 36.8,
        "shotsAgainstPerGame": 31.7,
        "shotsAgainstPerGameLast5": 41.0,
        "oppSavesAgainstPer60": 37.3,
        "oppSavesAgainstPer60Last1": 37.0,
        "oppSavesAgainstPer60Last3": 45.6,
        "oppSavesAgainstPer60Last5": 37.5,
        "oppShotsAgainstPerGame": 26.0,
        "oppShotsAgainstPerGameLast5": 34.2,
        "savesProj": 38.5,
        "savesProjLast5": 69.3,
        "savesProjLast3": 126.4,
        "oppSavesAgainstProj": 36.4,
        "oppSavesAgainstProjLast5": 42.0,
        "oppSavesAgainstProjLast3": 64.1,
        "totalOver": 12,
        "totalOverLast5": 20,
        "totalOverLast15": 20,
        "lastTotalOver": 0,
        "last5": "0,0,0,0,1,0,0,0,0,1",
        "overOdds": "+265",
        "underOdds": "0",
        "overUnder": "+265 / 0"
    },
    {
        "player": "Brady Skjei",
        "team": "CAR",
        "opponent": "FLA",
        "propType": "g",
        "line": 0.5,
        "ppLine": "",
        "avg": 0.2,
        "hit": false,
        "diffAvg": -0.6,
        "diffAbs": 0.8,
        "lastAvg": 0.09,
        "diff": -0.82,
        "avgMin": 22,
        "proj": 0.1,
        "lastAvgMin": 21.13,
        "oppOver": 0,
        "teamOver": 0,
        "gameLine": "-105",
        "+/-": "+3",
        "L5_+/-": 0.0,
        "prevMatchup": "2023-05-20 0.0 g 2023-05-18 0.0 g 2023-04-13 0.0 g 2022-12-30 0.0 g 2022-11-09 0.0 g",
        "winLossSplits": "24% - 14%",
        "awayHome": "A",
        "playedYesterday": "N",
        "awayHomeSplits": "20% - 20%",
        "savesAboveExp": -0.102,
        "gsaa": -4.63,
        "corsi": "59.9% (67.4) // 61.2% (68.8) // 59.9% (67.4) // 59.9% (67.4)",
        "fenwick": "59.1% (50.8) // 60.1% (51.8) // 59.1% (50.8) // 59.1% (50.8)",
        "shots": "57.2% (34.3) // 58.4% (34.4) // 57.2% (34.3) // 57.2% (34.3)",
        "scoring": "58.9% (33.3) // 62.3% (33.3) // 58.9% (33.3) // 58.9% (33.3)",
        "corsiAgainst": "40.1% (45.2) // 38.8% (43.6) // 40.1% (45.2) // 40.1% (45.2)",
        "fenwickAgainst": "40.9% (35.1) // 39.9% (34.4) // 40.9% (35.1) // 40.9% (35.1)",
        "shotsAgainst": "42.8% (25.6) // 41.6% (24.5) // 42.8% (25.6) // 42.8% (25.6)",
        "scoringAgainst": "41.1% (23.3) // 37.7% (20.2) // 41.1% (23.3) // 41.1% (23.3)",
        "oppCorsi": "54.2% (66.3) // 52.5% (66.0) // 54.2% (66.3) // 54.2% (66.3)",
        "oppFenwick": "53.6% (49.9) // 52.0% (49.3) // 53.6% (49.9) // 53.6% (49.9)",
        "oppShots": "53.7% (36.5) // 51.9% (35.5) // 53.7% (36.5) // 53.7% (36.5)",
        "oppScoring": "54.6% (34.8) // 53.4% (34.0) // 54.6% (34.8) // 54.6% (34.8)",
        "oppCorsiAgainst": "45.8% (56.1) // 47.5% (59.7) // 45.8% (56.1) // 45.8% (56.1)",
        "oppFenwickAgainst": "46.4% (43.2) // 48.0% (45.5) // 46.4% (43.2) // 46.4% (43.2)",
        "oppShotsAgainst": "46.3% (31.5) // 48.1% (33.0) // 46.3% (31.5) // 46.3% (31.5)",
        "oppScoringAgainst": "45.4% (28.9) // 46.6% (29.7) // 45.4% (28.9) // 45.4% (28.9)",
        "savesPerGame": 23.4,
        "savesPerGameLast1": 24.0,
        "savesPerGameLast3": 36.0,
        "savesPerGameLast5": 31.0,
        "savesPer60": 27.8,
        "savesPer60Last1": 24.7,
        "savesPer60Last3": 53.7,
        "savesPer60Last5": 40.2,
        "shotsPerGame": 34.8,
        "shotsPerGameLast5": 40.0,
        "shotsAgainstPerGame": 26.0,
        "shotsAgainstPerGameLast5": 34.2,
        "oppSavesAgainstPer60": 39.6,
        "oppSavesAgainstPer60Last1": 24.7,
        "oppSavesAgainstPer60Last3": 40.4,
        "oppSavesAgainstPer60Last5": 35.2,
        "oppShotsAgainstPerGame": 31.7,
        "oppShotsAgainstPerGameLast5": 41.0,
        "savesProj": 27.2,
        "savesProjLast5": 40.8,
        "savesProjLast3": 64.3,
        "oppSavesAgainstProj": 31.5,
        "oppSavesAgainstProjLast5": 29.0,
        "oppSavesAgainstProjLast3": 37.8,
        "totalOver": 20,
        "totalOverLast5": 0,
        "totalOverLast15": 7,
        "lastTotalOver": 8,
        "last5": "0,0,0,0,0,0,1,0,0,0",
        "overOdds": "+400",
        "underOdds": "0",
        "overUnder": "+400 / 0"
    },
    {
        "player": "Brandon Montour",
        "team": "FLA",
        "opponent": "CAR",
        "propType": "g",
        "line": 0.5,
        "ppLine": "PP1",
        "avg": 0.23,
        "hit": false,
        "diffAvg": -0.54,
        "diffAbs": 0.6,
        "lastAvg": 0.12,
        "diff": -0.76,
        "avgMin": 24,
        "proj": 0.2,
        "lastAvgMin": 17.88,
        "oppOver": 0,
        "teamOver": 0,
        "gameLine": "-115",
        "+/-": "+14",
        "L5_+/-": "+5.0",
        "prevMatchup": "2023-05-20 0.0 g 2023-05-18 0.0 g 2023-04-13 0.0 g 2022-12-30 0.0 g 2022-11-09 0.0 g",
        "winLossSplits": "27% - 14%",
        "awayHome": "H",
        "playedYesterday": "N",
        "awayHomeSplits": "22% - 20%",
        "savesAboveExp": -0.44,
        "gsaa": -0.71,
        "corsi": "54.2% (66.3) // 52.5% (66.0) // 54.2% (66.3) // 54.2% (66.3)",
        "fenwick": "53.6% (49.9) // 52.0% (49.3) // 53.6% (49.9) // 53.6% (49.9)",
        "shots": "53.7% (36.5) // 51.9% (35.5) // 53.7% (36.5) // 53.7% (36.5)",
        "scoring": "54.6% (34.8) // 53.4% (34.0) // 54.6% (34.8) // 54.6% (34.8)",
        "corsiAgainst": "45.8% (56.1) // 47.5% (59.7) // 45.8% (56.1) // 45.8% (56.1)",
        "fenwickAgainst": "46.4% (43.2) // 48.0% (45.5) // 46.4% (43.2) // 46.4% (43.2)",
        "shotsAgainst": "46.3% (31.5) // 48.1% (33.0) // 46.3% (31.5) // 46.3% (31.5)",
        "scoringAgainst": "45.4% (28.9) // 46.6% (29.7) // 45.4% (28.9) // 45.4% (28.9)",
        "oppCorsi": "59.9% (67.4) // 61.2% (68.8) // 59.9% (67.4) // 59.9% (67.4)",
        "oppFenwick": "59.1% (50.8) // 60.1% (51.8) // 59.1% (50.8) // 59.1% (50.8)",
        "oppShots": "57.2% (34.3) // 58.4% (34.4) // 57.2% (34.3) // 57.2% (34.3)",
        "oppScoring": "58.9% (33.3) // 62.3% (33.3) // 58.9% (33.3) // 58.9% (33.3)",
        "oppCorsiAgainst": "40.1% (45.2) // 38.8% (43.6) // 40.1% (45.2) // 40.1% (45.2)",
        "oppFenwickAgainst": "40.9% (35.1) // 39.9% (34.4) // 40.9% (35.1) // 40.9% (35.1)",
        "oppShotsAgainst": "42.8% (25.6) // 41.6% (24.5) // 42.8% (25.6) // 42.8% (25.6)",
        "oppScoringAgainst": "41.1% (23.3) // 37.7% (20.2) // 41.1% (23.3) // 41.1% (23.3)",
        "savesPerGame": 28.4,
        "savesPerGameLast1": 37.0,
        "savesPerGameLast3": 50.3,
        "savesPerGameLast5": 39.2,
        "savesPer60": 33.7,
        "savesPer60Last1": 38.1,
        "savesPer60Last3": 77.5,
        "savesPer60Last5": 52.1,
        "shotsPerGame": 36.8,
        "shotsPerGameLast5": 36.8,
        "shotsAgainstPerGame": 31.7,
        "shotsAgainstPerGameLast5": 41.0,
        "oppSavesAgainstPer60": 37.3,
        "oppSavesAgainstPer60Last1": 37.0,
        "oppSavesAgainstPer60Last3": 45.6,
        "oppSavesAgainstPer60Last5": 37.5,
        "oppShotsAgainstPerGame": 26.0,
        "oppShotsAgainstPerGameLast5": 34.2,
        "savesProj": 38.5,
        "savesProjLast5": 69.3,
        "savesProjLast3": 126.4,
        "oppSavesAgainstProj": 36.4,
        "oppSavesAgainstProjLast5": 42.0,
        "oppSavesAgainstProjLast3": 64.1,
        "totalOver": 21,
        "totalOverLast5": 0,
        "totalOverLast15": 27,
        "lastTotalOver": 13,
        "last5": "0,0,0,0,0,0,1,2,1,0",
        "overOdds": "+370",
        "underOdds": "0",
        "overUnder": "+370 / 0"
    },
    {
        "player": "Brent Burns",
        "team": "CAR",
        "opponent": "FLA",
        "propType": "g",
        "line": 0.5,
        "ppLine": "PP1",
        "avg": 0.21,
        "hit": false,
        "diffAvg": -0.58,
        "diffAbs": 0.8,
        "lastAvg": 0.12,
        "diff": -0.76,
        "avgMin": 23,
        "proj": 0.1,
        "lastAvgMin": 26.13,
        "oppOver": 0,
        "teamOver": 0,
        "gameLine": "-105",
        "+/-": "+25",
        "L5_+/-": "+5.0",
        "prevMatchup": "2023-05-20 0.0 g 2023-05-18 0.0 g 2023-04-13 2.0 g 2022-12-30 0.0 g 2022-11-09 0.0 g",
        "winLossSplits": "25% - 11%",
        "awayHome": "A",
        "playedYesterday": "N",
        "awayHomeSplits": "24% - 16%",
        "savesAboveExp": -0.102,
        "gsaa": -4.63,
        "corsi": "59.9% (67.4) // 61.2% (68.8) // 59.9% (67.4) // 59.9% (67.4)",
        "fenwick": "59.1% (50.8) // 60.1% (51.8) // 59.1% (50.8) // 59.1% (50.8)",
        "shots": "57.2% (34.3) // 58.4% (34.4) // 57.2% (34.3) // 57.2% (34.3)",
        "scoring": "58.9% (33.3) // 62.3% (33.3) // 58.9% (33.3) // 58.9% (33.3)",
        "corsiAgainst": "40.1% (45.2) // 38.8% (43.6) // 40.1% (45.2) // 40.1% (45.2)",
        "fenwickAgainst": "40.9% (35.1) // 39.9% (34.4) // 40.9% (35.1) // 40.9% (35.1)",
        "shotsAgainst": "42.8% (25.6) // 41.6% (24.5) // 42.8% (25.6) // 42.8% (25.6)",
        "scoringAgainst": "41.1% (23.3) // 37.7% (20.2) // 41.1% (23.3) // 41.1% (23.3)",
        "oppCorsi": "54.2% (66.3) // 52.5% (66.0) // 54.2% (66.3) // 54.2% (66.3)",
        "oppFenwick": "53.6% (49.9) // 52.0% (49.3) // 53.6% (49.9) // 53.6% (49.9)",
        "oppShots": "53.7% (36.5) // 51.9% (35.5) // 53.7% (36.5) // 53.7% (36.5)",
        "oppScoring": "54.6% (34.8) // 53.4% (34.0) // 54.6% (34.8) // 54.6% (34.8)",
        "oppCorsiAgainst": "45.8% (56.1) // 47.5% (59.7) // 45.8% (56.1) // 45.8% (56.1)",
        "oppFenwickAgainst": "46.4% (43.2) // 48.0% (45.5) // 46.4% (43.2) // 46.4% (43.2)",
        "oppShotsAgainst": "46.3% (31.5) // 48.1% (33.0) // 46.3% (31.5) // 46.3% (31.5)",
        "oppScoringAgainst": "45.4% (28.9) // 46.6% (29.7) // 45.4% (28.9) // 45.4% (28.9)",
        "savesPerGame": 23.4,
        "savesPerGameLast1": 24.0,
        "savesPerGameLast3": 36.0,
        "savesPerGameLast5": 31.0,
        "savesPer60": 27.8,
        "savesPer60Last1": 24.7,
        "savesPer60Last3": 53.7,
        "savesPer60Last5": 40.2,
        "shotsPerGame": 34.8,
        "shotsPerGameLast5": 40.0,
        "shotsAgainstPerGame": 26.0,
        "shotsAgainstPerGameLast5": 34.2,
        "oppSavesAgainstPer60": 39.6,
        "oppSavesAgainstPer60Last1": 24.7,
        "oppSavesAgainstPer60Last3": 40.4,
        "oppSavesAgainstPer60Last5": 35.2,
        "oppShotsAgainstPerGame": 31.7,
        "oppShotsAgainstPerGameLast5": 41.0,
        "savesProj": 27.2,
        "savesProjLast5": 40.8,
        "savesProjLast3": 64.3,
        "oppSavesAgainstProj": 31.5,
        "oppSavesAgainstProjLast5": 29.0,
        "oppSavesAgainstProjLast3": 37.8,
        "totalOver": 20,
        "totalOverLast5": 40,
        "totalOverLast15": 20,
        "lastTotalOver": 12,
        "last5": "0,0,1,1,0,0,0,0,0,0",
        "overOdds": "+380",
        "underOdds": "0",
        "overUnder": "+380 / 0"
    },
    {
        "player": "Carter Verhaeghe",
        "team": "FLA",
        "opponent": "CAR",
        "propType": "g",
        "line": 0.5,
        "ppLine": "PP2",
        "avg": 0.51,
        "hit": false,
        "diffAvg": 0.02,
        "diffAbs": 0.4,
        "lastAvg": 0.27,
        "diff": -0.46,
        "avgMin": 17,
        "proj": 0.3,
        "lastAvgMin": 16.05,
        "oppOver": 0,
        "teamOver": 0,
        "gameLine": "-115",
        "+/-": "+20",
        "L5_+/-": "+9.0",
        "prevMatchup": "2023-05-20 0.0 g 2023-05-18 1.0 g 2023-04-13 1.0 g 2022-12-30 0.0 g 2022-11-09 0.0 g",
        "winLossSplits": "45% - 30%",
        "awayHome": "H",
        "playedYesterday": "N",
        "awayHomeSplits": "42% - 33%",
        "savesAboveExp": -0.44,
        "gsaa": -0.71,
        "corsi": "54.2% (66.3) // 52.5% (66.0) // 54.2% (66.3) // 54.2% (66.3)",
        "fenwick": "53.6% (49.9) // 52.0% (49.3) // 53.6% (49.9) // 53.6% (49.9)",
        "shots": "53.7% (36.5) // 51.9% (35.5) // 53.7% (36.5) // 53.7% (36.5)",
        "scoring": "54.6% (34.8) // 53.4% (34.0) // 54.6% (34.8) // 54.6% (34.8)",
        "corsiAgainst": "45.8% (56.1) // 47.5% (59.7) // 45.8% (56.1) // 45.8% (56.1)",
        "fenwickAgainst": "46.4% (43.2) // 48.0% (45.5) // 46.4% (43.2) // 46.4% (43.2)",
        "shotsAgainst": "46.3% (31.5) // 48.1% (33.0) // 46.3% (31.5) // 46.3% (31.5)",
        "scoringAgainst": "45.4% (28.9) // 46.6% (29.7) // 45.4% (28.9) // 45.4% (28.9)",
        "oppCorsi": "59.9% (67.4) // 61.2% (68.8) // 59.9% (67.4) // 59.9% (67.4)",
        "oppFenwick": "59.1% (50.8) // 60.1% (51.8) // 59.1% (50.8) // 59.1% (50.8)",
        "oppShots": "57.2% (34.3) // 58.4% (34.4) // 57.2% (34.3) // 57.2% (34.3)",
        "oppScoring": "58.9% (33.3) // 62.3% (33.3) // 58.9% (33.3) // 58.9% (33.3)",
        "oppCorsiAgainst": "40.1% (45.2) // 38.8% (43.6) // 40.1% (45.2) // 40.1% (45.2)",
        "oppFenwickAgainst": "40.9% (35.1) // 39.9% (34.4) // 40.9% (35.1) // 40.9% (35.1)",
        "oppShotsAgainst": "42.8% (25.6) // 41.6% (24.5) // 42.8% (25.6) // 42.8% (25.6)",
        "oppScoringAgainst": "41.1% (23.3) // 37.7% (20.2) // 41.1% (23.3) // 41.1% (23.3)",
        "savesPerGame": 28.4,
        "savesPerGameLast1": 37.0,
        "savesPerGameLast3": 50.3,
        "savesPerGameLast5": 39.2,
        "savesPer60": 33.7,
        "savesPer60Last1": 38.1,
        "savesPer60Last3": 77.5,
        "savesPer60Last5": 52.1,
        "shotsPerGame": 36.8,
        "shotsPerGameLast5": 36.8,
        "shotsAgainstPerGame": 31.7,
        "shotsAgainstPerGameLast5": 41.0,
        "oppSavesAgainstPer60": 37.3,
        "oppSavesAgainstPer60Last1": 37.0,
        "oppSavesAgainstPer60Last3": 45.6,
        "oppSavesAgainstPer60Last5": 37.5,
        "oppShotsAgainstPerGame": 26.0,
        "oppShotsAgainstPerGameLast5": 34.2,
        "savesProj": 38.5,
        "savesProjLast5": 69.3,
        "savesProjLast3": 126.4,
        "oppSavesAgainstProj": 36.4,
        "oppSavesAgainstProjLast5": 42.0,
        "oppSavesAgainstProjLast3": 64.1,
        "totalOver": 38,
        "totalOverLast5": 60,
        "totalOverLast15": 40,
        "lastTotalOver": 26,
        "last5": "0,1,1,0,1,0,1,1,0,0",
        "overOdds": "+150",
        "underOdds": "0",
        "overUnder": "+150 / 0"
    },
    {
        "player": "Gustav Forsling",
        "team": "FLA",
        "opponent": "CAR",
        "propType": "g",
        "line": 0.5,
        "ppLine": "PP2",
        "avg": 0.16,
        "hit": false,
        "diffAvg": -0.68,
        "diffAbs": 0.8,
        "lastAvg": 0.12,
        "diff": -0.76,
        "avgMin": 23,
        "proj": 0.1,
        "lastAvgMin": 21.22,
        "oppOver": 0,
        "teamOver": 0,
        "gameLine": "-115",
        "+/-": "+25",
        "L5_+/-": "+7.0",
        "prevMatchup": "2023-05-20 0.0 g 2023-05-18 0.0 g 2023-04-13 0.0 g 2022-12-30 0.0 g 2022-11-09 0.0 g",
        "winLossSplits": "19% - 9%",
        "awayHome": "H",
        "playedYesterday": "N",
        "awayHomeSplits": "20% - 9%",
        "savesAboveExp": -0.44,
        "gsaa": -0.71,
        "corsi": "54.2% (66.3) // 52.5% (66.0) // 54.2% (66.3) // 54.2% (66.3)",
        "fenwick": "53.6% (49.9) // 52.0% (49.3) // 53.6% (49.9) // 53.6% (49.9)",
        "shots": "53.7% (36.5) // 51.9% (35.5) // 53.7% (36.5) // 53.7% (36.5)",
        "scoring": "54.6% (34.8) // 53.4% (34.0) // 54.6% (34.8) // 54.6% (34.8)",
        "corsiAgainst": "45.8% (56.1) // 47.5% (59.7) // 45.8% (56.1) // 45.8% (56.1)",
        "fenwickAgainst": "46.4% (43.2) // 48.0% (45.5) // 46.4% (43.2) // 46.4% (43.2)",
        "shotsAgainst": "46.3% (31.5) // 48.1% (33.0) // 46.3% (31.5) // 46.3% (31.5)",
        "scoringAgainst": "45.4% (28.9) // 46.6% (29.7) // 45.4% (28.9) // 45.4% (28.9)",
        "oppCorsi": "59.9% (67.4) // 61.2% (68.8) // 59.9% (67.4) // 59.9% (67.4)",
        "oppFenwick": "59.1% (50.8) // 60.1% (51.8) // 59.1% (50.8) // 59.1% (50.8)",
        "oppShots": "57.2% (34.3) // 58.4% (34.4) // 57.2% (34.3) // 57.2% (34.3)",
        "oppScoring": "58.9% (33.3) // 62.3% (33.3) // 58.9% (33.3) // 58.9% (33.3)",
        "oppCorsiAgainst": "40.1% (45.2) // 38.8% (43.6) // 40.1% (45.2) // 40.1% (45.2)",
        "oppFenwickAgainst": "40.9% (35.1) // 39.9% (34.4) // 40.9% (35.1) // 40.9% (35.1)",
        "oppShotsAgainst": "42.8% (25.6) // 41.6% (24.5) // 42.8% (25.6) // 42.8% (25.6)",
        "oppScoringAgainst": "41.1% (23.3) // 37.7% (20.2) // 41.1% (23.3) // 41.1% (23.3)",
        "savesPerGame": 28.4,
        "savesPerGameLast1": 37.0,
        "savesPerGameLast3": 50.3,
        "savesPerGameLast5": 39.2,
        "savesPer60": 33.7,
        "savesPer60Last1": 38.1,
        "savesPer60Last3": 77.5,
        "savesPer60Last5": 52.1,
        "shotsPerGame": 36.8,
        "shotsPerGameLast5": 36.8,
        "shotsAgainstPerGame": 31.7,
        "shotsAgainstPerGameLast5": 41.0,
        "oppSavesAgainstPer60": 37.3,
        "oppSavesAgainstPer60Last1": 37.0,
        "oppSavesAgainstPer60Last3": 45.6,
        "oppSavesAgainstPer60Last5": 37.5,
        "oppShotsAgainstPerGame": 26.0,
        "oppShotsAgainstPerGameLast5": 34.2,
        "savesProj": 38.5,
        "savesProjLast5": 69.3,
        "savesProjLast3": 126.4,
        "oppSavesAgainstProj": 36.4,
        "oppSavesAgainstProjLast5": 42.0,
        "oppSavesAgainstProjLast3": 64.1,
        "totalOver": 15,
        "totalOverLast5": 0,
        "totalOverLast15": 13,
        "lastTotalOver": 11,
        "last5": "0,0,0,0,0,1,0,0,0,0",
        "overOdds": "+650",
        "underOdds": "0",
        "overUnder": "+650 / 0"
    },
    {
        "player": "Jordan Martinook",
        "team": "CAR",
        "opponent": "FLA",
        "propType": "g",
        "line": 0.5,
        "ppLine": "",
        "avg": 0.17,
        "hit": false,
        "diffAvg": -0.66,
        "diffAbs": 0.8,
        "lastAvg": 0.09,
        "diff": -0.82,
        "avgMin": 16,
        "proj": 0.1,
        "lastAvgMin": 11.2,
        "oppOver": 0,
        "teamOver": 0,
        "gameLine": "-105",
        "+/-": "+10",
        "L5_+/-": "+3.0",
        "prevMatchup": "2023-05-20 0.0 g 2023-05-18 0.0 g 2023-04-13 0.0 g 2022-12-30 0.0 g 2022-11-09 0.0 g",
        "winLossSplits": "20% - 6%",
        "awayHome": "A",
        "playedYesterday": "N",
        "awayHomeSplits": "15% - 14%",
        "savesAboveExp": -0.102,
        "gsaa": -4.63,
        "corsi": "59.9% (67.4) // 61.2% (68.8) // 59.9% (67.4) // 59.9% (67.4)",
        "fenwick": "59.1% (50.8) // 60.1% (51.8) // 59.1% (50.8) // 59.1% (50.8)",
        "shots": "57.2% (34.3) // 58.4% (34.4) // 57.2% (34.3) // 57.2% (34.3)",
        "scoring": "58.9% (33.3) // 62.3% (33.3) // 58.9% (33.3) // 58.9% (33.3)",
        "corsiAgainst": "40.1% (45.2) // 38.8% (43.6) // 40.1% (45.2) // 40.1% (45.2)",
        "fenwickAgainst": "40.9% (35.1) // 39.9% (34.4) // 40.9% (35.1) // 40.9% (35.1)",
        "shotsAgainst": "42.8% (25.6) // 41.6% (24.5) // 42.8% (25.6) // 42.8% (25.6)",
        "scoringAgainst": "41.1% (23.3) // 37.7% (20.2) // 41.1% (23.3) // 41.1% (23.3)",
        "oppCorsi": "54.2% (66.3) // 52.5% (66.0) // 54.2% (66.3) // 54.2% (66.3)",
        "oppFenwick": "53.6% (49.9) // 52.0% (49.3) // 53.6% (49.9) // 53.6% (49.9)",
        "oppShots": "53.7% (36.5) // 51.9% (35.5) // 53.7% (36.5) // 53.7% (36.5)",
        "oppScoring": "54.6% (34.8) // 53.4% (34.0) // 54.6% (34.8) // 54.6% (34.8)",
        "oppCorsiAgainst": "45.8% (56.1) // 47.5% (59.7) // 45.8% (56.1) // 45.8% (56.1)",
        "oppFenwickAgainst": "46.4% (43.2) // 48.0% (45.5) // 46.4% (43.2) // 46.4% (43.2)",
        "oppShotsAgainst": "46.3% (31.5) // 48.1% (33.0) // 46.3% (31.5) // 46.3% (31.5)",
        "oppScoringAgainst": "45.4% (28.9) // 46.6% (29.7) // 45.4% (28.9) // 45.4% (28.9)",
        "savesPerGame": 23.4,
        "savesPerGameLast1": 24.0,
        "savesPerGameLast3": 36.0,
        "savesPerGameLast5": 31.0,
        "savesPer60": 27.8,
        "savesPer60Last1": 24.7,
        "savesPer60Last3": 53.7,
        "savesPer60Last5": 40.2,
        "shotsPerGame": 34.8,
        "shotsPerGameLast5": 40.0,
        "shotsAgainstPerGame": 26.0,
        "shotsAgainstPerGameLast5": 34.2,
        "oppSavesAgainstPer60": 39.6,
        "oppSavesAgainstPer60Last1": 24.7,
        "oppSavesAgainstPer60Last3": 40.4,
        "oppSavesAgainstPer60Last5": 35.2,
        "oppShotsAgainstPerGame": 31.7,
        "oppShotsAgainstPerGameLast5": 41.0,
        "savesProj": 27.2,
        "savesProjLast5": 40.8,
        "savesProjLast3": 64.3,
        "oppSavesAgainstProj": 31.5,
        "oppSavesAgainstProjLast5": 29.0,
        "oppSavesAgainstProjLast3": 37.8,
        "totalOver": 15,
        "totalOverLast5": 40,
        "totalOverLast15": 20,
        "lastTotalOver": 10,
        "last5": "0,0,0,1,1,1,0,0,0,0",
        "overOdds": "+310",
        "underOdds": "0",
        "overUnder": "+310 / 0"
    },
    {
        "player": "Martin Necas",
        "team": "CAR",
        "opponent": "FLA",
        "propType": "g",
        "line": 0.5,
        "ppLine": "PP1",
        "avg": 0.34,
        "hit": false,
        "diffAvg": -0.32,
        "diffAbs": 0.6,
        "lastAvg": 0.15,
        "diff": -0.7,
        "avgMin": 18,
        "proj": 0.2,
        "lastAvgMin": 16.18,
        "oppOver": 0,
        "teamOver": 0,
        "gameLine": "-105",
        "+/-": "+3",
        "L5_+/-": "+2.0",
        "prevMatchup": "2023-05-20 0.0 g 2023-05-18 0.0 g 2023-04-13 0.0 g 2022-12-30 0.0 g 2022-11-09 0.0 g",
        "winLossSplits": "38% - 20%",
        "awayHome": "A",
        "playedYesterday": "N",
        "awayHomeSplits": "37% - 27%",
        "savesAboveExp": -0.102,
        "gsaa": -4.63,
        "corsi": "59.9% (67.4) // 61.2% (68.8) // 59.9% (67.4) // 59.9% (67.4)",
        "fenwick": "59.1% (50.8) // 60.1% (51.8) // 59.1% (50.8) // 59.1% (50.8)",
        "shots": "57.2% (34.3) // 58.4% (34.4) // 57.2% (34.3) // 57.2% (34.3)",
        "scoring": "58.9% (33.3) // 62.3% (33.3) // 58.9% (33.3) // 58.9% (33.3)",
        "corsiAgainst": "40.1% (45.2) // 38.8% (43.6) // 40.1% (45.2) // 40.1% (45.2)",
        "fenwickAgainst": "40.9% (35.1) // 39.9% (34.4) // 40.9% (35.1) // 40.9% (35.1)",
        "shotsAgainst": "42.8% (25.6) // 41.6% (24.5) // 42.8% (25.6) // 42.8% (25.6)",
        "scoringAgainst": "41.1% (23.3) // 37.7% (20.2) // 41.1% (23.3) // 41.1% (23.3)",
        "oppCorsi": "54.2% (66.3) // 52.5% (66.0) // 54.2% (66.3) // 54.2% (66.3)",
        "oppFenwick": "53.6% (49.9) // 52.0% (49.3) // 53.6% (49.9) // 53.6% (49.9)",
        "oppShots": "53.7% (36.5) // 51.9% (35.5) // 53.7% (36.5) // 53.7% (36.5)",
        "oppScoring": "54.6% (34.8) // 53.4% (34.0) // 54.6% (34.8) // 54.6% (34.8)",
        "oppCorsiAgainst": "45.8% (56.1) // 47.5% (59.7) // 45.8% (56.1) // 45.8% (56.1)",
        "oppFenwickAgainst": "46.4% (43.2) // 48.0% (45.5) // 46.4% (43.2) // 46.4% (43.2)",
        "oppShotsAgainst": "46.3% (31.5) // 48.1% (33.0) // 46.3% (31.5) // 46.3% (31.5)",
        "oppScoringAgainst": "45.4% (28.9) // 46.6% (29.7) // 45.4% (28.9) // 45.4% (28.9)",
        "savesPerGame": 23.4,
        "savesPerGameLast1": 24.0,
        "savesPerGameLast3": 36.0,
        "savesPerGameLast5": 31.0,
        "savesPer60": 27.8,
        "savesPer60Last1": 24.7,
        "savesPer60Last3": 53.7,
        "savesPer60Last5": 40.2,
        "shotsPerGame": 34.8,
        "shotsPerGameLast5": 40.0,
        "shotsAgainstPerGame": 26.0,
        "shotsAgainstPerGameLast5": 34.2,
        "oppSavesAgainstPer60": 39.6,
        "oppSavesAgainstPer60Last1": 24.7,
        "oppSavesAgainstPer60Last3": 40.4,
        "oppSavesAgainstPer60Last5": 35.2,
        "oppShotsAgainstPerGame": 31.7,
        "oppShotsAgainstPerGameLast5": 41.0,
        "savesProj": 27.2,
        "savesProjLast5": 40.8,
        "savesProjLast3": 64.3,
        "oppSavesAgainstProj": 31.5,
        "oppSavesAgainstProjLast5": 29.0,
        "oppSavesAgainstProjLast3": 37.8,
        "totalOver": 32,
        "totalOverLast5": 20,
        "totalOverLast15": 20,
        "lastTotalOver": 15,
        "last5": "0,0,0,2,0,1,0,0,0,1",
        "overOdds": "+195",
        "underOdds": "0",
        "overUnder": "+195 / 0"
    },
    {
        "player": "Matthew Tkachuk",
        "team": "FLA",
        "opponent": "CAR",
        "propType": "g",
        "line": 0.5,
        "ppLine": "PP1",
        "avg": 0.51,
        "hit": false,
        "diffAvg": 0.02,
        "diffAbs": 0.0,
        "lastAvg": 0.45,
        "diff": -0.1,
        "avgMin": 20,
        "proj": 0.5,
        "lastAvgMin": 17.88,
        "oppOver": 0,
        "teamOver": 0,
        "gameLine": "-115",
        "+/-": "+41",
        "L5_+/-": "+10.0",
        "prevMatchup": "2023-05-20 1.0 g 2023-05-18 1.0 g 2023-04-13 0.0 g 2022-12-30 0.0 g",
        "winLossSplits": "46% - 33%",
        "awayHome": "H",
        "playedYesterday": "N",
        "awayHomeSplits": "41% - 39%",
        "savesAboveExp": -0.44,
        "gsaa": -0.71,
        "corsi": "54.2% (66.3) // 52.5% (66.0) // 54.2% (66.3) // 54.2% (66.3)",
        "fenwick": "53.6% (49.9) // 52.0% (49.3) // 53.6% (49.9) // 53.6% (49.9)",
        "shots": "53.7% (36.5) // 51.9% (35.5) // 53.7% (36.5) // 53.7% (36.5)",
        "scoring": "54.6% (34.8) // 53.4% (34.0) // 54.6% (34.8) // 54.6% (34.8)",
        "corsiAgainst": "45.8% (56.1) // 47.5% (59.7) // 45.8% (56.1) // 45.8% (56.1)",
        "fenwickAgainst": "46.4% (43.2) // 48.0% (45.5) // 46.4% (43.2) // 46.4% (43.2)",
        "shotsAgainst": "46.3% (31.5) // 48.1% (33.0) // 46.3% (31.5) // 46.3% (31.5)",
        "scoringAgainst": "45.4% (28.9) // 46.6% (29.7) // 45.4% (28.9) // 45.4% (28.9)",
        "oppCorsi": "59.9% (67.4) // 61.2% (68.8) // 59.9% (67.4) // 59.9% (67.4)",
        "oppFenwick": "59.1% (50.8) // 60.1% (51.8) // 59.1% (50.8) // 59.1% (50.8)",
        "oppShots": "57.2% (34.3) // 58.4% (34.4) // 57.2% (34.3) // 57.2% (34.3)",
        "oppScoring": "58.9% (33.3) // 62.3% (33.3) // 58.9% (33.3) // 58.9% (33.3)",
        "oppCorsiAgainst": "40.1% (45.2) // 38.8% (43.6) // 40.1% (45.2) // 40.1% (45.2)",
        "oppFenwickAgainst": "40.9% (35.1) // 39.9% (34.4) // 40.9% (35.1) // 40.9% (35.1)",
        "oppShotsAgainst": "42.8% (25.6) // 41.6% (24.5) // 42.8% (25.6) // 42.8% (25.6)",
        "oppScoringAgainst": "41.1% (23.3) // 37.7% (20.2) // 41.1% (23.3) // 41.1% (23.3)",
        "savesPerGame": 28.4,
        "savesPerGameLast1": 37.0,
        "savesPerGameLast3": 50.3,
        "savesPerGameLast5": 39.2,
        "savesPer60": 33.7,
        "savesPer60Last1": 38.1,
        "savesPer60Last3": 77.5,
        "savesPer60Last5": 52.1,
        "shotsPerGame": 36.8,
        "shotsPerGameLast5": 36.8,
        "shotsAgainstPerGame": 31.7,
        "shotsAgainstPerGameLast5": 41.0,
        "oppSavesAgainstPer60": 37.3,
        "oppSavesAgainstPer60Last1": 37.0,
        "oppSavesAgainstPer60Last3": 45.6,
        "oppSavesAgainstPer60Last5": 37.5,
        "oppShotsAgainstPerGame": 26.0,
        "oppShotsAgainstPerGameLast5": 34.2,
        "savesProj": 38.5,
        "savesProjLast5": 69.3,
        "savesProjLast3": 126.4,
        "oppSavesAgainstProj": 36.4,
        "oppSavesAgainstProjLast5": 42.0,
        "oppSavesAgainstProjLast3": 64.1,
        "totalOver": 40,
        "totalOverLast5": 40,
        "totalOverLast15": 40,
        "lastTotalOver": 41,
        "last5": "1,1,0,0,0,0,0,0,2,1",
        "overOdds": "+130",
        "underOdds": "0",
        "overUnder": "+130 / 0"
    },
    {
        "player": "Sam Bennett",
        "team": "FLA",
        "opponent": "CAR",
        "propType": "g",
        "line": 0.5,
        "ppLine": "PP1",
        "avg": 0.26,
        "hit": false,
        "diffAvg": -0.48,
        "diffAbs": 0.2,
        "lastAvg": 0.35,
        "diff": -0.3,
        "avgMin": 18,
        "proj": 0.4,
        "lastAvgMin": 16.93,
        "oppOver": 0,
        "teamOver": 0,
        "gameLine": "-115",
        "+/-": "+14",
        "L5_+/-": "+8.0",
        "prevMatchup": "2023-05-20 0.0 g 2023-05-18 0.0 g 2022-12-30 0.0 g 2022-11-09 1.0 g",
        "winLossSplits": "30% - 15%",
        "awayHome": "H",
        "playedYesterday": "N",
        "awayHomeSplits": "23% - 24%",
        "savesAboveExp": -0.44,
        "gsaa": -0.71,
        "corsi": "54.2% (66.3) // 52.5% (66.0) // 54.2% (66.3) // 54.2% (66.3)",
        "fenwick": "53.6% (49.9) // 52.0% (49.3) // 53.6% (49.9) // 53.6% (49.9)",
        "shots": "53.7% (36.5) // 51.9% (35.5) // 53.7% (36.5) // 53.7% (36.5)",
        "scoring": "54.6% (34.8) // 53.4% (34.0) // 54.6% (34.8) // 54.6% (34.8)",
        "corsiAgainst": "45.8% (56.1) // 47.5% (59.7) // 45.8% (56.1) // 45.8% (56.1)",
        "fenwickAgainst": "46.4% (43.2) // 48.0% (45.5) // 46.4% (43.2) // 46.4% (43.2)",
        "shotsAgainst": "46.3% (31.5) // 48.1% (33.0) // 46.3% (31.5) // 46.3% (31.5)",
        "scoringAgainst": "45.4% (28.9) // 46.6% (29.7) // 45.4% (28.9) // 45.4% (28.9)",
        "oppCorsi": "59.9% (67.4) // 61.2% (68.8) // 59.9% (67.4) // 59.9% (67.4)",
        "oppFenwick": "59.1% (50.8) // 60.1% (51.8) // 59.1% (50.8) // 59.1% (50.8)",
        "oppShots": "57.2% (34.3) // 58.4% (34.4) // 57.2% (34.3) // 57.2% (34.3)",
        "oppScoring": "58.9% (33.3) // 62.3% (33.3) // 58.9% (33.3) // 58.9% (33.3)",
        "oppCorsiAgainst": "40.1% (45.2) // 38.8% (43.6) // 40.1% (45.2) // 40.1% (45.2)",
        "oppFenwickAgainst": "40.9% (35.1) // 39.9% (34.4) // 40.9% (35.1) // 40.9% (35.1)",
        "oppShotsAgainst": "42.8% (25.6) // 41.6% (24.5) // 42.8% (25.6) // 42.8% (25.6)",
        "oppScoringAgainst": "41.1% (23.3) // 37.7% (20.2) // 41.1% (23.3) // 41.1% (23.3)",
        "savesPerGame": 28.4,
        "savesPerGameLast1": 37.0,
        "savesPerGameLast3": 50.3,
        "savesPerGameLast5": 39.2,
        "savesPer60": 33.7,
        "savesPer60Last1": 38.1,
        "savesPer60Last3": 77.5,
        "savesPer60Last5": 52.1,
        "shotsPerGame": 36.8,
        "shotsPerGameLast5": 36.8,
        "shotsAgainstPerGame": 31.7,
        "shotsAgainstPerGameLast5": 41.0,
        "oppSavesAgainstPer60": 37.3,
        "oppSavesAgainstPer60Last1": 37.0,
        "oppSavesAgainstPer60Last3": 45.6,
        "oppSavesAgainstPer60Last5": 37.5,
        "oppShotsAgainstPerGame": 26.0,
        "oppShotsAgainstPerGameLast5": 34.2,
        "savesProj": 38.5,
        "savesProjLast5": 69.3,
        "savesProjLast3": 126.4,
        "oppSavesAgainstProj": 36.4,
        "oppSavesAgainstProjLast5": 42.0,
        "oppSavesAgainstProjLast3": 64.1,
        "totalOver": 24,
        "totalOverLast5": 0,
        "totalOverLast15": 27,
        "lastTotalOver": 26,
        "last5": "0,0,0,0,0,0,1,0,0,1",
        "overOdds": "+195",
        "underOdds": "0",
        "overUnder": "+195 / 0"
    },
    {
        "player": "Sam Reinhart",
        "team": "FLA",
        "opponent": "CAR",
        "propType": "g",
        "line": 0.5,
        "ppLine": "PP1",
        "avg": 0.39,
        "hit": false,
        "diffAvg": -0.22,
        "diffAbs": 0.2,
        "lastAvg": 0.38,
        "diff": -0.24,
        "avgMin": 20,
        "proj": 0.4,
        "lastAvgMin": 17.75,
        "oppOver": 0,
        "teamOver": 0,
