[
    {
        "player": "Alex Pietrangelo",
        "team": "VGK",
        "opponent": "MIN",
        "propType": "ast",
        "line": 0.5,
        "ppLine": "PP1",
        "avg": 0.61,
        "hit": false,
        "diffAvg": 0.22,
        "diffAbs": 0.2,
        "lastAvg": 0.38,
        "diff": -0.24,
        "avgMin": 23,
        "proj": 0.4,
        "lastAvgMin": 24.63,
        "oppOver": 0,
        "teamOver": 0,
        "gameLine": "+115",
        "+/-": "+7",
        "L5_+/-": "+5.0",
        "prevMatchup": "2023-04-01 1.0 ast 2023-02-09 0.0 ast",
        "winLossSplits": "0.85 - 0.25",
        "awayHome": "A",
        "playedYesterday": "N",
        "awayHomeSplits": "0.61 - 0.61",
        "savesAboveExp": 0.594,
        "gsaa": 30.07,
        "corsi": "48.6% (57.5) // 45.4% (53.7) // 45.5% (56.4) // 46.3% (54.4)",
        "fenwick": "49.8% (42.6) // 46.9% (40.6) // 48.2% (43.1) // 47.9% (42.1)",
        "shots": "50.5% (31.3) // 48.1% (30.6) // 48.3% (31.1) // 49.2% (30.2)",
        "scoring": "49.5% (29.5) // 45.9% (29.3) // 47.4% (32.8) // 49.0% (31.2)",
        "corsiAgainst": "51.4% (60.8) // 54.6% (64.6) // 54.5% (67.7) // 53.7% (63.0)",
        "fenwickAgainst": "50.2% (42.9) // 53.1% (45.9) // 51.8% (46.3) // 52.1% (45.8)",
        "shotsAgainst": "49.5% (30.7) // 51.9% (33.0) // 51.7% (33.2) // 50.8% (31.2)",
        "scoringAgainst": "50.5% (30.0) // 54.1% (34.6) // 52.6% (36.4) // 51.0% (32.5)",
        "oppCorsi": "49.9% (57.4) // 47.2% (54.2) // 43.7% (50.2) // 40.9% (50.3)",
        "oppFenwick": "50.8% (43.3) // 46.7% (41.2) // 43.1% (37.6) // 39.9% (37.0)",
        "oppShots": "50.0% (30.5) // 45.1% (29.0) // 41.6% (25.2) // 39.1% (26.3)",
        "oppScoring": "50.4% (28.1) // 45.9% (25.2) // 39.9% (21.8) // 37.5% (23.0)",
        "oppCorsiAgainst": "50.1% (57.5) // 52.8% (60.6) // 56.3% (64.5) // 59.1% (72.7)",
        "oppFenwickAgainst": "49.2% (42.0) // 53.3% (47.1) // 56.9% (49.6) // 60.1% (55.7)",
        "oppShotsAgainst": "50.0% (30.5) // 54.9% (35.3) // 58.4% (35.4) // 60.9% (41.0)",
        "oppScoringAgainst": "49.6% (27.7) // 54.1% (29.7) // 60.1% (32.9) // 62.5% (38.3)",
        "savesPerGame": 28.3,
        "savesPerGameLast1": 29.0,
        "savesPerGameLast3": 27.3,
        "savesPerGameLast5": 30.2,
        "savesPer60": 28.4,
        "savesPer60Last1": 29.0,
        "savesPer60Last3": 27.5,
        "savesPer60Last5": 30.5,
        "shotsPerGame": 31.8,
        "shotsPerGameLast5": 31.4,
        "shotsAgainstPerGame": 31.1,
        "shotsAgainstPerGameLast5": 33.6,
        "oppSavesAgainstPer60": 28.5,
        "oppSavesAgainstPer60Last1": 28.8,
        "oppSavesAgainstPer60Last3": 23.5,
        "oppSavesAgainstPer60Last5": 22.8,
        "oppShotsAgainstPerGame": 31.1,
        "oppShotsAgainstPerGameLast5": 36.0,
        "savesProj": 27.9,
        "savesProjLast5": 23.6,
        "savesProjLast3": 22.0,
        "oppSavesAgainstProj": 28.8,
        "oppSavesAgainstProjLast5": 23.2,
        "oppSavesAgainstProjLast3": 22.6,
        "totalOver": 42,
        "totalOverLast5": 60,
        "totalOverLast15": 60,
        "lastTotalOver": 37,
        "last5": "1,0,2,0,1,1,4,1,0,1",
        "overOdds": "+140",
        "underOdds": "-175",
        "overUnder": "+140 / -175"
    },
    {
        "player": "Jack Eichel",
        "team": "VGK",
        "opponent": "MIN",
        "propType": "ast",
        "line": 0.5,
        "ppLine": "PP1",
        "avg": 0.56,
        "hit": false,
        "diffAvg": 0.12,
        "diffAbs": 0.4,
        "lastAvg": 0.32,
        "diff": -0.36,
        "avgMin": 18,
        "proj": 0.3,
        "lastAvgMin": 19.38,
        "oppOver": 0,
        "teamOver": 0,
        "gameLine": "+115",
        "+/-": "+23",
        "L5_+/-": "+6.0",
        "prevMatchup": "2023-04-01 2.0 ast 2023-02-09 1.0 ast",
        "winLossSplits": "0.65 - 0.33",
        "awayHome": "A",
        "playedYesterday": "N",
        "awayHomeSplits": "0.58 - 0.53",
        "savesAboveExp": 0.594,
        "gsaa": 30.07,
        "corsi": "48.6% (57.5) // 45.4% (53.7) // 45.5% (56.4) // 46.3% (54.4)",
        "fenwick": "49.8% (42.6) // 46.9% (40.6) // 48.2% (43.1) // 47.9% (42.1)",
        "shots": "50.5% (31.3) // 48.1% (30.6) // 48.3% (31.1) // 49.2% (30.2)",
        "scoring": "49.5% (29.5) // 45.9% (29.3) // 47.4% (32.8) // 49.0% (31.2)",
        "corsiAgainst": "51.4% (60.8) // 54.6% (64.6) // 54.5% (67.7) // 53.7% (63.0)",
        "fenwickAgainst": "50.2% (42.9) // 53.1% (45.9) // 51.8% (46.3) // 52.1% (45.8)",
        "shotsAgainst": "49.5% (30.7) // 51.9% (33.0) // 51.7% (33.2) // 50.8% (31.2)",
        "scoringAgainst": "50.5% (30.0) // 54.1% (34.6) // 52.6% (36.4) // 51.0% (32.5)",
        "oppCorsi": "49.9% (57.4) // 47.2% (54.2) // 43.7% (50.2) // 40.9% (50.3)",
        "oppFenwick": "50.8% (43.3) // 46.7% (41.2) // 43.1% (37.6) // 39.9% (37.0)",
        "oppShots": "50.0% (30.5) // 45.1% (29.0) // 41.6% (25.2) // 39.1% (26.3)",
        "oppScoring": "50.4% (28.1) // 45.9% (25.2) // 39.9% (21.8) // 37.5% (23.0)",
        "oppCorsiAgainst": "50.1% (57.5) // 52.8% (60.6) // 56.3% (64.5) // 59.1% (72.7)",
        "oppFenwickAgainst": "49.2% (42.0) // 53.3% (47.1) // 56.9% (49.6) // 60.1% (55.7)",
        "oppShotsAgainst": "50.0% (30.5) // 54.9% (35.3) // 58.4% (35.4) // 60.9% (41.0)",
        "oppScoringAgainst": "49.6% (27.7) // 54.1% (29.7) // 60.1% (32.9) // 62.5% (38.3)",
        "savesPerGame": 28.3,
        "savesPerGameLast1": 29.0,
        "savesPerGameLast3": 27.3,
        "savesPerGameLast5": 30.2,
        "savesPer60": 28.4,
        "savesPer60Last1": 29.0,
        "savesPer60Last3": 27.5,
        "savesPer60Last5": 30.5,
        "shotsPerGame": 31.8,
        "shotsPerGameLast5": 31.4,
        "shotsAgainstPerGame": 31.1,
        "shotsAgainstPerGameLast5": 33.6,
        "oppSavesAgainstPer60": 28.5,
        "oppSavesAgainstPer60Last1": 28.8,
        "oppSavesAgainstPer60Last3": 23.5,
        "oppSavesAgainstPer60Last5": 22.8,
        "oppShotsAgainstPerGame": 31.1,
        "oppShotsAgainstPerGameLast5": 36.0,
        "savesProj": 27.9,
        "savesProjLast5": 23.6,
        "savesProjLast3": 22.0,
        "oppSavesAgainstProj": 28.8,
        "oppSavesAgainstProjLast5": 23.2,
        "oppSavesAgainstProjLast3": 22.6,
        "totalOver": 46,
        "totalOverLast5": 100,
        "totalOverLast15": 60,
        "lastTotalOver": 32,
        "last5": "2,1,1,2,1,0,0,0,1,0",
        "overOdds": "+140",
        "underOdds": "-175",
        "overUnder": "+140 / -175"
    },
    {
        "player": "Joel Eriksson Ek",
        "team": "MIN",
        "opponent": "VGK",
        "propType": "ast",
        "line": 0.5,
        "ppLine": "PP1",
        "avg": 0.49,
        "hit": false,
        "diffAvg": -0.02,
        "diffAbs": 0.4,
        "lastAvg": 0.28,
        "diff": -0.44,
        "avgMin": 19,
        "proj": 0.3,
        "lastAvgMin": 18.57,
        "oppOver": 0,
        "teamOver": 0,
        "gameLine": "-135",
        "+/-": "+5",
        "L5_+/-": "+8.0",
        "prevMatchup": "2023-04-01 1.0 ast 2023-02-09 1.0 ast",
        "winLossSplits": "0.56 - 0.4",
        "awayHome": "H",
        "playedYesterday": "N",
        "awayHomeSplits": "0.47 - 0.5",
        "savesAboveExp": -0.478,
        "gsaa": -24.51,
        "corsi": "49.9% (57.4) // 47.2% (54.2) // 43.7% (50.2) // 40.9% (50.3)",
        "fenwick": "50.8% (43.3) // 46.7% (41.2) // 43.1% (37.6) // 39.9% (37.0)",
        "shots": "50.0% (30.5) // 45.1% (29.0) // 41.6% (25.2) // 39.1% (26.3)",
        "scoring": "50.4% (28.1) // 45.9% (25.2) // 39.9% (21.8) // 37.5% (23.0)",
        "corsiAgainst": "50.1% (57.5) // 52.8% (60.6) // 56.3% (64.5) // 59.1% (72.7)",
        "fenwickAgainst": "49.2% (42.0) // 53.3% (47.1) // 56.9% (49.6) // 60.1% (55.7)",
        "shotsAgainst": "50.0% (30.5) // 54.9% (35.3) // 58.4% (35.4) // 60.9% (41.0)",
        "scoringAgainst": "49.6% (27.7) // 54.1% (29.7) // 60.1% (32.9) // 62.5% (38.3)",
        "oppCorsi": "48.6% (57.5) // 45.4% (53.7) // 45.5% (56.4) // 46.3% (54.4)",
        "oppFenwick": "49.8% (42.6) // 46.9% (40.6) // 48.2% (43.1) // 47.9% (42.1)",
        "oppShots": "50.5% (31.3) // 48.1% (30.6) // 48.3% (31.1) // 49.2% (30.2)",
        "oppScoring": "49.5% (29.5) // 45.9% (29.3) // 47.4% (32.8) // 49.0% (31.2)",
        "oppCorsiAgainst": "51.4% (60.8) // 54.6% (64.6) // 54.5% (67.7) // 53.7% (63.0)",
        "oppFenwickAgainst": "50.2% (42.9) // 53.1% (45.9) // 51.8% (46.3) // 52.1% (45.8)",
        "oppShotsAgainst": "49.5% (30.7) // 51.9% (33.0) // 51.7% (33.2) // 50.8% (31.2)",
        "oppScoringAgainst": "50.5% (30.0) // 54.1% (34.6) // 52.6% (36.4) // 51.0% (32.5)",
        "savesPerGame": 28.4,
        "savesPerGameLast1": 39.0,
        "savesPerGameLast3": 38.7,
        "savesPerGameLast5": 33.6,
        "savesPer60": 28.7,
        "savesPer60Last1": 37.5,
        "savesPer60Last3": 38.2,
        "savesPer60Last5": 33.8,
        "shotsPerGame": 31.1,
        "shotsPerGameLast5": 25.6,
        "shotsAgainstPerGame": 31.1,
        "shotsAgainstPerGameLast5": 36.0,
        "oppSavesAgainstPer60": 28.5,
        "oppSavesAgainstPer60Last1": 38.5,
        "oppSavesAgainstPer60Last3": 27.3,
        "oppSavesAgainstPer60Last5": 28.2,
        "oppShotsAgainstPerGame": 31.1,
        "oppShotsAgainstPerGameLast5": 33.6,
        "savesProj": 28.9,
        "savesProjLast5": 33.1,
        "savesProjLast3": 35.9,
        "oppSavesAgainstProj": 29.2,
        "oppSavesAgainstProjLast5": 34.5,
        "oppSavesAgainstProjLast3": 37.0,
        "totalOver": 41,
        "totalOverLast5": 80,
        "totalOverLast15": 53,
        "lastTotalOver": 29,
        "last5": "1,1,2,0,2,0,1,1,2,0",
        "overOdds": "+115",
        "underOdds": "-145",
        "overUnder": "+115 / -145"
    },
    {
        "player": "Jonathan Marchessault",
        "team": "VGK",
        "opponent": "MIN",
        "propType": "ast",
        "line": 0.5,
        "ppLine": "PP2",
        "avg": 0.4,
        "hit": false,
        "diffAvg": -0.2,
        "diffAbs": 0.0,
        "lastAvg": 0.47,
        "diff": -0.06,
        "avgMin": 17,
        "proj": 0.5,
        "lastAvgMin": 17.57,
        "oppOver": 0,
        "teamOver": 0,
        "gameLine": "+115",
        "+/-": 0,
        "L5_+/-": "+3.0",
        "prevMatchup": "2023-04-01 0.0 ast 2023-02-09 2.0 ast",
        "winLossSplits": "0.59 - 0.14",
        "awayHome": "A",
        "playedYesterday": "N",
        "awayHomeSplits": "0.44 - 0.36",
        "savesAboveExp": 0.594,
        "gsaa": 30.07,
        "corsi": "48.6% (57.5) // 45.4% (53.7) // 45.5% (56.4) // 46.3% (54.4)",
        "fenwick": "49.8% (42.6) // 46.9% (40.6) // 48.2% (43.1) // 47.9% (42.1)",
        "shots": "50.5% (31.3) // 48.1% (30.6) // 48.3% (31.1) // 49.2% (30.2)",
        "scoring": "49.5% (29.5) // 45.9% (29.3) // 47.4% (32.8) // 49.0% (31.2)",
        "corsiAgainst": "51.4% (60.8) // 54.6% (64.6) // 54.5% (67.7) // 53.7% (63.0)",
        "fenwickAgainst": "50.2% (42.9) // 53.1% (45.9) // 51.8% (46.3) // 52.1% (45.8)",
        "shotsAgainst": "49.5% (30.7) // 51.9% (33.0) // 51.7% (33.2) // 50.8% (31.2)",
        "scoringAgainst": "50.5% (30.0) // 54.1% (34.6) // 52.6% (36.4) // 51.0% (32.5)",
        "oppCorsi": "49.9% (57.4) // 47.2% (54.2) // 43.7% (50.2) // 40.9% (50.3)",
        "oppFenwick": "50.8% (43.3) // 46.7% (41.2) // 43.1% (37.6) // 39.9% (37.0)",
        "oppShots": "50.0% (30.5) // 45.1% (29.0) // 41.6% (25.2) // 39.1% (26.3)",
        "oppScoring": "50.4% (28.1) // 45.9% (25.2) // 39.9% (21.8) // 37.5% (23.0)",
        "oppCorsiAgainst": "50.1% (57.5) // 52.8% (60.6) // 56.3% (64.5) // 59.1% (72.7)",
        "oppFenwickAgainst": "49.2% (42.0) // 53.3% (47.1) // 56.9% (49.6) // 60.1% (55.7)",
        "oppShotsAgainst": "50.0% (30.5) // 54.9% (35.3) // 58.4% (35.4) // 60.9% (41.0)",
        "oppScoringAgainst": "49.6% (27.7) // 54.1% (29.7) // 60.1% (32.9) // 62.5% (38.3)",
        "savesPerGame": 28.3,
        "savesPerGameLast1": 29.0,
        "savesPerGameLast3": 27.3,
        "savesPerGameLast5": 30.2,
        "savesPer60": 28.4,
        "savesPer60Last1": 29.0,
        "savesPer60Last3": 27.5,
        "savesPer60Last5": 30.5,
        "shotsPerGame": 31.8,
        "shotsPerGameLast5": 31.4,
        "shotsAgainstPerGame": 31.1,
        "shotsAgainstPerGameLast5": 33.6,
        "oppSavesAgainstPer60": 28.5,
        "oppSavesAgainstPer60Last1": 28.8,
        "oppSavesAgainstPer60Last3": 23.5,
        "oppSavesAgainstPer60Last5": 22.8,
        "oppShotsAgainstPerGame": 31.1,
        "oppShotsAgainstPerGameLast5": 36.0,
        "savesProj": 27.9,
        "savesProjLast5": 23.6,
        "savesProjLast3": 22.0,
        "oppSavesAgainstProj": 28.8,
        "oppSavesAgainstProjLast5": 23.2,
        "oppSavesAgainstProjLast3": 22.6,
        "totalOver": 34,
        "totalOverLast5": 20,
        "totalOverLast15": 33,
        "lastTotalOver": 35,
        "last5": "0,0,0,1,0,0,1,0,2,0",
        "overOdds": "+195",
        "underOdds": "-240",
        "overUnder": "+195 / -240"
    },
    {
        "player": "Marcus Johansson",
        "team": "MIN",
        "opponent": "VGK",
        "propType": "ast",
        "line": 0.5,
        "ppLine": "PP2",
        "avg": 0.32,
        "hit": false,
        "diffAvg": -0.36,
        "diffAbs": 0.4,
        "lastAvg": 0.27,
        "diff": -0.46,
        "avgMin": 16,
        "proj": 0.3,
        "lastAvgMin": 16.12,
        "oppOver": 0,
        "teamOver": 0,
        "gameLine": "-135",
        "+/-": "+7",
        "L5_+/-": "+4.0",
        "prevMatchup": "2023-04-01 0.0 ast 2023-01-21 0.0 ast 2022-11-01 0.0 ast",
        "winLossSplits": "0.45 - 0.18",
        "awayHome": "H",
        "playedYesterday": "Y",
        "awayHomeSplits": "0.35 - 0.29",
        "savesAboveExp": -0.478,
        "gsaa": -24.51,
        "corsi": "49.9% (57.4) // 47.2% (54.2) // 43.7% (50.2) // 40.9% (50.3)",
        "fenwick": "50.8% (43.3) // 46.7% (41.2) // 43.1% (37.6) // 39.9% (37.0)",
        "shots": "50.0% (30.5) // 45.1% (29.0) // 41.6% (25.2) // 39.1% (26.3)",
        "scoring": "50.4% (28.1) // 45.9% (25.2) // 39.9% (21.8) // 37.5% (23.0)",
        "corsiAgainst": "50.1% (57.5) // 52.8% (60.6) // 56.3% (64.5) // 59.1% (72.7)",
        "fenwickAgainst": "49.2% (42.0) // 53.3% (47.1) // 56.9% (49.6) // 60.1% (55.7)",
        "shotsAgainst": "50.0% (30.5) // 54.9% (35.3) // 58.4% (35.4) // 60.9% (41.0)",
        "scoringAgainst": "49.6% (27.7) // 54.1% (29.7) // 60.1% (32.9) // 62.5% (38.3)",
        "oppCorsi": "48.6% (57.5) // 45.4% (53.7) // 45.5% (56.4) // 46.3% (54.4)",
        "oppFenwick": "49.8% (42.6) // 46.9% (40.6) // 48.2% (43.1) // 47.9% (42.1)",
        "oppShots": "50.5% (31.3) // 48.1% (30.6) // 48.3% (31.1) // 49.2% (30.2)",
        "oppScoring": "49.5% (29.5) // 45.9% (29.3) // 47.4% (32.8) // 49.0% (31.2)",
        "oppCorsiAgainst": "51.4% (60.8) // 54.6% (64.6) // 54.5% (67.7) // 53.7% (63.0)",
        "oppFenwickAgainst": "50.2% (42.9) // 53.1% (45.9) // 51.8% (46.3) // 52.1% (45.8)",
        "oppShotsAgainst": "49.5% (30.7) // 51.9% (33.0) // 51.7% (33.2) // 50.8% (31.2)",
        "oppScoringAgainst": "50.5% (30.0) // 54.1% (34.6) // 52.6% (36.4) // 51.0% (32.5)",
        "savesPerGame": 28.4,
        "savesPerGameLast1": 39.0,
        "savesPerGameLast3": 38.7,
        "savesPerGameLast5": 33.6,
        "savesPer60": 28.7,
        "savesPer60Last1": 37.5,
        "savesPer60Last3": 38.2,
        "savesPer60Last5": 33.8,
        "shotsPerGame": 31.1,
        "shotsPerGameLast5": 25.6,
        "shotsAgainstPerGame": 31.1,
        "shotsAgainstPerGameLast5": 36.0,
        "oppSavesAgainstPer60": 28.5,
        "oppSavesAgainstPer60Last1": 38.5,
        "oppSavesAgainstPer60Last3": 27.3,
        "oppSavesAgainstPer60Last5": 28.2,
        "oppShotsAgainstPerGame": 31.1,
        "oppShotsAgainstPerGameLast5": 33.6,
        "savesProj": 28.9,
        "savesProjLast5": 33.1,
        "savesProjLast3": 35.9,
        "oppSavesAgainstProj": 29.2,
        "oppSavesAgainstProjLast5": 34.5,
        "oppSavesAgainstProjLast3": 37.0,
        "totalOver": 27,
        "totalOverLast5": 40,
        "totalOverLast15": 47,
        "lastTotalOver": 26,
        "last5": "0,0,2,0,1,0,2,1,1,0",
        "overOdds": "+150",
        "underOdds": "-185",
        "overUnder": "+150 / -185"
    },
    {
        "player": "Mats Zuccarello",
        "team": "MIN",
        "opponent": "VGK",
        "propType": "ast",
        "line": 0.5,
        "ppLine": "PP1",
        "avg": 0.58,
        "hit": false,
        "diffAvg": 0.16,
        "diffAbs": 0.6,
        "lastAvg": 0.72,
        "diff": 0.44,
        "avgMin": 20,
        "proj": 0.8,
        "lastAvgMin": 18.58,
        "oppOver": 0,
        "teamOver": 0,
        "gameLine": "-135",
        "+/-": 0,
        "L5_+/-": -4.0,
        "prevMatchup": "2023-04-01 0.0 ast 2023-02-09 0.0 ast",
        "winLossSplits": "0.58 - 0.57",
        "awayHome": "H",
        "playedYesterday": "N",
        "awayHomeSplits": "0.57 - 0.59",
        "savesAboveExp": -0.478,
        "gsaa": -24.51,
        "corsi": "49.9% (57.4) // 47.2% (54.2) // 43.7% (50.2) // 40.9% (50.3)",
        "fenwick": "50.8% (43.3) // 46.7% (41.2) // 43.1% (37.6) // 39.9% (37.0)",
        "shots": "50.0% (30.5) // 45.1% (29.0) // 41.6% (25.2) // 39.1% (26.3)",
        "scoring": "50.4% (28.1) // 45.9% (25.2) // 39.9% (21.8) // 37.5% (23.0)",
        "corsiAgainst": "50.1% (57.5) // 52.8% (60.6) // 56.3% (64.5) // 59.1% (72.7)",
        "fenwickAgainst": "49.2% (42.0) // 53.3% (47.1) // 56.9% (49.6) // 60.1% (55.7)",
        "shotsAgainst": "50.0% (30.5) // 54.9% (35.3) // 58.4% (35.4) // 60.9% (41.0)",
        "scoringAgainst": "49.6% (27.7) // 54.1% (29.7) // 60.1% (32.9) // 62.5% (38.3)",
        "oppCorsi": "48.6% (57.5) // 45.4% (53.7) // 45.5% (56.4) // 46.3% (54.4)",
        "oppFenwick": "49.8% (42.6) // 46.9% (40.6) // 48.2% (43.1) // 47.9% (42.1)",
        "oppShots": "50.5% (31.3) // 48.1% (30.6) // 48.3% (31.1) // 49.2% (30.2)",
        "oppScoring": "49.5% (29.5) // 45.9% (29.3) // 47.4% (32.8) // 49.0% (31.2)",
        "oppCorsiAgainst": "51.4% (60.8) // 54.6% (64.6) // 54.5% (67.7) // 53.7% (63.0)",
        "oppFenwickAgainst": "50.2% (42.9) // 53.1% (45.9) // 51.8% (46.3) // 52.1% (45.8)",
        "oppShotsAgainst": "49.5% (30.7) // 51.9% (33.0) // 51.7% (33.2) // 50.8% (31.2)",
        "oppScoringAgainst": "50.5% (30.0) // 54.1% (34.6) // 52.6% (36.4) // 51.0% (32.5)",
        "savesPerGame": 28.4,
        "savesPerGameLast1": 39.0,
        "savesPerGameLast3": 38.7,
        "savesPerGameLast5": 33.6,
        "savesPer60": 28.7,
        "savesPer60Last1": 37.5,
        "savesPer60Last3": 38.2,
        "savesPer60Last5": 33.8,
        "shotsPerGame": 31.1,
        "shotsPerGameLast5": 25.6,
        "shotsAgainstPerGame": 31.1,
        "shotsAgainstPerGameLast5": 36.0,
        "oppSavesAgainstPer60": 28.5,
        "oppSavesAgainstPer60Last1": 38.5,
        "oppSavesAgainstPer60Last3": 27.3,
        "oppSavesAgainstPer60Last5": 28.2,
        "oppShotsAgainstPerGame": 31.1,
        "oppShotsAgainstPerGameLast5": 33.6,
        "savesProj": 28.9,
        "savesProjLast5": 33.1,
        "savesProjLast3": 35.9,
        "oppSavesAgainstProj": 29.2,
        "oppSavesAgainstProjLast5": 34.5,
        "oppSavesAgainstProjLast3": 37.0,
        "totalOver": 51,
        "totalOverLast5": 40,
        "totalOverLast15": 33,
        "lastTotalOver": 51,
        "last5": "0,0,1,0,1,0,0,0,1,0",
        "overOdds": "-110",
        "underOdds": "-120",
        "overUnder": "-110 / -120"
    },
    {
        "player": "Matthew Boldy",
        "team": "MIN",
        "opponent": "VGK",
        "propType": "ast",
        "line": 0.5,
        "ppLine": "PP1",
        "avg": 0.38,
        "hit": false,
        "diffAvg": -0.24,
        "diffAbs": 0.0,
        "lastAvg": 0.45,
        "diff": -0.1,
        "avgMin": 18,
        "proj": 0.5,
        "lastAvgMin": 15.38,
        "oppOver": 0,
        "teamOver": 0,
        "gameLine": "-135",
        "+/-": "+3",
        "L5_+/-": "+8.0",
        "prevMatchup": "2023-04-01 0.0 ast 2023-02-09 1.0 ast",
        "winLossSplits": "0.48 - 0.25",
        "awayHome": "H",
        "playedYesterday": "N",
        "awayHomeSplits": "0.29 - 0.47",
        "savesAboveExp": -0.478,
        "gsaa": -24.51,
        "corsi": "49.9% (57.4) // 47.2% (54.2) // 43.7% (50.2) // 40.9% (50.3)",
        "fenwick": "50.8% (43.3) // 46.7% (41.2) // 43.1% (37.6) // 39.9% (37.0)",
        "shots": "50.0% (30.5) // 45.1% (29.0) // 41.6% (25.2) // 39.1% (26.3)",
        "scoring": "50.4% (28.1) // 45.9% (25.2) // 39.9% (21.8) // 37.5% (23.0)",
        "corsiAgainst": "50.1% (57.5) // 52.8% (60.6) // 56.3% (64.5) // 59.1% (72.7)",
        "fenwickAgainst": "49.2% (42.0) // 53.3% (47.1) // 56.9% (49.6) // 60.1% (55.7)",
        "shotsAgainst": "50.0% (30.5) // 54.9% (35.3) // 58.4% (35.4) // 60.9% (41.0)",
        "scoringAgainst": "49.6% (27.7) // 54.1% (29.7) // 60.1% (32.9) // 62.5% (38.3)",
        "oppCorsi": "48.6% (57.5) // 45.4% (53.7) // 45.5% (56.4) // 46.3% (54.4)",
        "oppFenwick": "49.8% (42.6) // 46.9% (40.6) // 48.2% (43.1) // 47.9% (42.1)",
        "oppShots": "50.5% (31.3) // 48.1% (30.6) // 48.3% (31.1) // 49.2% (30.2)",
        "oppScoring": "49.5% (29.5) // 45.9% (29.3) // 47.4% (32.8) // 49.0% (31.2)",
        "oppCorsiAgainst": "51.4% (60.8) // 54.6% (64.6) // 54.5% (67.7) // 53.7% (63.0)",
        "oppFenwickAgainst": "50.2% (42.9) // 53.1% (45.9) // 51.8% (46.3) // 52.1% (45.8)",
        "oppShotsAgainst": "49.5% (30.7) // 51.9% (33.0) // 51.7% (33.2) // 50.8% (31.2)",
        "oppScoringAgainst": "50.5% (30.0) // 54.1% (34.6) // 52.6% (36.4) // 51.0% (32.5)",
        "savesPerGame": 28.4,
        "savesPerGameLast1": 39.0,
        "savesPerGameLast3": 38.7,
        "savesPerGameLast5": 33.6,
        "savesPer60": 28.7,
        "savesPer60Last1": 37.5,
        "savesPer60Last3": 38.2,
        "savesPer60Last5": 33.8,
        "shotsPerGame": 31.1,
        "shotsPerGameLast5": 25.6,
        "shotsAgainstPerGame": 31.1,
        "shotsAgainstPerGameLast5": 36.0,
        "oppSavesAgainstPer60": 28.5,
        "oppSavesAgainstPer60Last1": 38.5,
        "oppSavesAgainstPer60Last3": 27.3,
        "oppSavesAgainstPer60Last5": 28.2,
        "oppShotsAgainstPerGame": 31.1,
        "oppShotsAgainstPerGameLast5": 33.6,
        "savesProj": 28.9,
        "savesProjLast5": 33.1,
        "savesProjLast3": 35.9,
        "oppSavesAgainstProj": 29.2,
        "oppSavesAgainstProjLast5": 34.5,
        "oppSavesAgainstProjLast3": 37.0,
        "totalOver": 32,
        "totalOverLast5": 0,
        "totalOverLast15": 27,
        "lastTotalOver": 43,
        "last5": "0,0,0,0,0,0,0,1,2,0",
        "overOdds": "+120",
        "underOdds": "-150",
        "overUnder": "+120 / -150"
    },
    {
        "player": "Nicolas Roy",
        "team": "VGK",
        "opponent": "MIN",
        "propType": "ast",
        "line": 0.5,
        "ppLine": "PP1",
        "avg": 0.27,
        "hit": false,
        "diffAvg": -0.46,
        "diffAbs": 0.4,
        "lastAvg": 0.31,
        "diff": -0.38,
        "avgMin": 16,
        "proj": 0.3,
        "lastAvgMin": 16.25,
        "oppOver": 0,
        "teamOver": 0,
        "gameLine": "+115",
        "+/-": "+10",
        "L5_+/-": "+6.0",
        "prevMatchup": "2023-04-01 1.0 ast 2023-02-09 0.0 ast",
        "winLossSplits": "0.35 - 0.17",
        "awayHome": "A",
        "playedYesterday": "N",
        "awayHomeSplits": "0.32 - 0.23",
        "savesAboveExp": 0.594,
        "gsaa": 30.07,
        "corsi": "48.6% (57.5) // 45.4% (53.7) // 45.5% (56.4) // 46.3% (54.4)",
        "fenwick": "49.8% (42.6) // 46.9% (40.6) // 48.2% (43.1) // 47.9% (42.1)",
        "shots": "50.5% (31.3) // 48.1% (30.6) // 48.3% (31.1) // 49.2% (30.2)",
        "scoring": "49.5% (29.5) // 45.9% (29.3) // 47.4% (32.8) // 49.0% (31.2)",
        "corsiAgainst": "51.4% (60.8) // 54.6% (64.6) // 54.5% (67.7) // 53.7% (63.0)",
        "fenwickAgainst": "50.2% (42.9) // 53.1% (45.9) // 51.8% (46.3) // 52.1% (45.8)",
        "shotsAgainst": "49.5% (30.7) // 51.9% (33.0) // 51.7% (33.2) // 50.8% (31.2)",
        "scoringAgainst": "50.5% (30.0) // 54.1% (34.6) // 52.6% (36.4) // 51.0% (32.5)",
        "oppCorsi": "49.9% (57.4) // 47.2% (54.2) // 43.7% (50.2) // 40.9% (50.3)",
        "oppFenwick": "50.8% (43.3) // 46.7% (41.2) // 43.1% (37.6) // 39.9% (37.0)",
        "oppShots": "50.0% (30.5) // 45.1% (29.0) // 41.6% (25.2) // 39.1% (26.3)",
        "oppScoring": "50.4% (28.1) // 45.9% (25.2) // 39.9% (21.8) // 37.5% (23.0)",
        "oppCorsiAgainst": "50.1% (57.5) // 52.8% (60.6) // 56.3% (64.5) // 59.1% (72.7)",
        "oppFenwickAgainst": "49.2% (42.0) // 53.3% (47.1) // 56.9% (49.6) // 60.1% (55.7)",
        "oppShotsAgainst": "50.0% (30.5) // 54.9% (35.3) // 58.4% (35.4) // 60.9% (41.0)",
        "oppScoringAgainst": "49.6% (27.7) // 54.1% (29.7) // 60.1% (32.9) // 62.5% (38.3)",
        "savesPerGame": 28.3,
        "savesPerGameLast1": 29.0,
        "savesPerGameLast3": 27.3,
        "savesPerGameLast5": 30.2,
        "savesPer60": 28.4,
        "savesPer60Last1": 29.0,
        "savesPer60Last3": 27.5,
        "savesPer60Last5": 30.5,
        "shotsPerGame": 31.8,
        "shotsPerGameLast5": 31.4,
        "shotsAgainstPerGame": 31.1,
        "shotsAgainstPerGameLast5": 33.6,
        "oppSavesAgainstPer60": 28.5,
        "oppSavesAgainstPer60Last1": 28.8,
        "oppSavesAgainstPer60Last3": 23.5,
        "oppSavesAgainstPer60Last5": 22.8,
        "oppShotsAgainstPerGame": 31.1,
        "oppShotsAgainstPerGameLast5": 36.0,
        "savesProj": 27.9,
        "savesProjLast5": 23.6,
        "savesProjLast3": 22.0,
        "oppSavesAgainstProj": 28.8,
        "oppSavesAgainstProjLast5": 23.2,
        "oppSavesAgainstProjLast3": 22.6,
        "totalOver": 24,
        "totalOverLast5": 40,
        "totalOverLast15": 27,
        "lastTotalOver": 26,
        "last5": "1,1,0,0,0,1,0,0,1,0",
        "overOdds": "+260",
        "underOdds": "-335",
        "overUnder": "+260 / -335"
    },
    {
        "player": "Ryan Hartman",
        "team": "MIN",
        "opponent": "VGK",
        "propType": "ast",
        "line": 0.5,
        "ppLine": "PP1",
        "avg": 0.37,
        "hit": false,
        "diffAvg": -0.26,
        "diffAbs": 0.4,
        "lastAvg": 0.35,
        "diff": -0.3,
        "avgMin": 16,
        "proj": 0.3,
        "lastAvgMin": 18.17,
        "oppOver": 0,
        "teamOver": 0,
        "gameLine": "-135",
        "+/-": "+6",
        "L5_+/-": "+1.0",
        "prevMatchup": "2023-04-01 0.0 ast 2023-02-09 0.0 ast",
        "winLossSplits": "0.5 - 0.23",
        "awayHome": "H",
        "playedYesterday": "N",
        "awayHomeSplits": "0.43 - 0.29",
        "savesAboveExp": -0.478,
        "gsaa": -24.51,
        "corsi": "49.9% (57.4) // 47.2% (54.2) // 43.7% (50.2) // 40.9% (50.3)",
        "fenwick": "50.8% (43.3) // 46.7% (41.2) // 43.1% (37.6) // 39.9% (37.0)",
        "shots": "50.0% (30.5) // 45.1% (29.0) // 41.6% (25.2) // 39.1% (26.3)",
        "scoring": "50.4% (28.1) // 45.9% (25.2) // 39.9% (21.8) // 37.5% (23.0)",
        "corsiAgainst": "50.1% (57.5) // 52.8% (60.6) // 56.3% (64.5) // 59.1% (72.7)",
        "fenwickAgainst": "49.2% (42.0) // 53.3% (47.1) // 56.9% (49.6) // 60.1% (55.7)",
        "shotsAgainst": "50.0% (30.5) // 54.9% (35.3) // 58.4% (35.4) // 60.9% (41.0)",
        "scoringAgainst": "49.6% (27.7) // 54.1% (29.7) // 60.1% (32.9) // 62.5% (38.3)",
        "oppCorsi": "48.6% (57.5) // 45.4% (53.7) // 45.5% (56.4) // 46.3% (54.4)",
        "oppFenwick": "49.8% (42.6) // 46.9% (40.6) // 48.2% (43.1) // 47.9% (42.1)",
        "oppShots": "50.5% (31.3) // 48.1% (30.6) // 48.3% (31.1) // 49.2% (30.2)",
        "oppScoring": "49.5% (29.5) // 45.9% (29.3) // 47.4% (32.8) // 49.0% (31.2)",
        "oppCorsiAgainst": "51.4% (60.8) // 54.6% (64.6) // 54.5% (67.7) // 53.7% (63.0)",
        "oppFenwickAgainst": "50.2% (42.9) // 53.1% (45.9) // 51.8% (46.3) // 52.1% (45.8)",
        "oppShotsAgainst": "49.5% (30.7) // 51.9% (33.0) // 51.7% (33.2) // 50.8% (31.2)",
        "oppScoringAgainst": "50.5% (30.0) // 54.1% (34.6) // 52.6% (36.4) // 51.0% (32.5)",
        "savesPerGame": 28.4,
        "savesPerGameLast1": 39.0,
        "savesPerGameLast3": 38.7,
        "savesPerGameLast5": 33.6,
        "savesPer60": 28.7,
        "savesPer60Last1": 37.5,
        "savesPer60Last3": 38.2,
        "savesPer60Last5": 33.8,
        "shotsPerGame": 31.1,
        "shotsPerGameLast5": 25.6,
        "shotsAgainstPerGame": 31.1,
        "shotsAgainstPerGameLast5": 36.0,
        "oppSavesAgainstPer60": 28.5,
        "oppSavesAgainstPer60Last1": 38.5,
        "oppSavesAgainstPer60Last3": 27.3,
        "oppSavesAgainstPer60Last5": 28.2,
        "oppShotsAgainstPerGame": 31.1,
        "oppShotsAgainstPerGameLast5": 33.6,
        "savesProj": 28.9,
        "savesProjLast5": 33.1,
        "savesProjLast3": 35.9,
        "oppSavesAgainstProj": 29.2,
        "oppSavesAgainstProjLast5": 34.5,
        "oppSavesAgainstProjLast3": 37.0,
        "totalOver": 35,
        "totalOverLast5": 40,
        "totalOverLast15": 33,
        "lastTotalOver": 34,
        "last5": "0,1,0,0,1,0,1,0,1,0",
        "overOdds": "+160",
        "underOdds": "-195",
        "overUnder": "+160 / -195"
    },
    {
        "player": "William Karlsson",
        "team": "VGK",
        "opponent": "MIN",
        "propType": "ast",
        "line": 0.5,
        "ppLine": "PP2",
        "avg": 0.46,
        "hit": false,
        "diffAvg": -0.08,
        "diffAbs": 0.4,
        "lastAvg": 0.34,
        "diff": -0.32,
        "avgMin": 17,
        "proj": 0.3,
        "lastAvgMin": 18.27,
        "oppOver": 0,
        "teamOver": 0,
        "gameLine": "+115",
        "+/-": "+10",
        "L5_+/-": "+8.0",
        "prevMatchup": "2023-04-01 0.0 ast 2023-02-09 0.0 ast",
        "winLossSplits": "0.62 - 0.23",
        "awayHome": "A",
        "playedYesterday": "N",
        "awayHomeSplits": "0.51 - 0.41",
        "savesAboveExp": 0.594,
        "gsaa": 30.07,
        "corsi": "48.6% (57.5) // 45.4% (53.7) // 45.5% (56.4) // 46.3% (54.4)",
        "fenwick": "49.8% (42.6) // 46.9% (40.6) // 48.2% (43.1) // 47.9% (42.1)",
        "shots": "50.5% (31.3) // 48.1% (30.6) // 48.3% (31.1) // 49.2% (30.2)",
        "scoring": "49.5% (29.5) // 45.9% (29.3) // 47.4% (32.8) // 49.0% (31.2)",
        "corsiAgainst": "51.4% (60.8) // 54.6% (64.6) // 54.5% (67.7) // 53.7% (63.0)",
        "fenwickAgainst": "50.2% (42.9) // 53.1% (45.9) // 51.8% (46.3) // 52.1% (45.8)",
        "shotsAgainst": "49.5% (30.7) // 51.9% (33.0) // 51.7% (33.2) // 50.8% (31.2)",
        "scoringAgainst": "50.5% (30.0) // 54.1% (34.6) // 52.6% (36.4) // 51.0% (32.5)",
        "oppCorsi": "49.9% (57.4) // 47.2% (54.2) // 43.7% (50.2) // 40.9% (50.3)",
        "oppFenwick": "50.8% (43.3) // 46.7% (41.2) // 43.1% (37.6) // 39.9% (37.0)",
        "oppShots": "50.0% (30.5) // 45.1% (29.0) // 41.6% (25.2) // 39.1% (26.3)",
        "oppScoring": "50.4% (28.1) // 45.9% (25.2) // 39.9% (21.8) // 37.5% (23.0)",
        "oppCorsiAgainst": "50.1% (57.5) // 52.8% (60.6) // 56.3% (64.5) // 59.1% (72.7)",
        "oppFenwickAgainst": "49.2% (42.0) // 53.3% (47.1) // 56.9% (49.6) // 60.1% (55.7)",
        "oppShotsAgainst": "50.0% (30.5) // 54.9% (35.3) // 58.4% (35.4) // 60.9% (41.0)",
        "oppScoringAgainst": "49.6% (27.7) // 54.1% (29.7) // 60.1% (32.9) // 62.5% (38.3)",
        "savesPerGame": 28.3,
        "savesPerGameLast1": 29.0,
        "savesPerGameLast3": 27.3,
        "savesPerGameLast5": 30.2,
        "savesPer60": 28.4,
        "savesPer60Last1": 29.0,
        "savesPer60Last3": 27.5,
        "savesPer60Last5": 30.5,
        "shotsPerGame": 31.8,
        "shotsPerGameLast5": 31.4,
        "shotsAgainstPerGame": 31.1,
        "shotsAgainstPerGameLast5": 33.6,
        "oppSavesAgainstPer60": 28.5,
        "oppSavesAgainstPer60Last1": 28.8,
        "oppSavesAgainstPer60Last3": 23.5,
        "oppSavesAgainstPer60Last5": 22.8,
        "oppShotsAgainstPerGame": 31.1,
        "oppShotsAgainstPerGameLast5": 36.0,
        "savesProj": 27.9,
        "savesProjLast5": 23.6,
        "savesProjLast3": 22.0,
        "oppSavesAgainstProj": 28.8,
        "oppSavesAgainstProjLast5": 23.2,
        "oppSavesAgainstProjLast3": 22.6,
        "totalOver": 39,
        "totalOverLast5": 20,
        "totalOverLast15": 40,
        "lastTotalOver": 29,
        "last5": "0,0,0,1,0,2,0,1,0,1",
        "overOdds": "+190",
        "underOdds": "-235",
        "overUnder": "+190 / -235"
    },
    {
        "player": "Chandler Stephenson",
        "team": "VGK",
        "opponent": "MIN",
        "propType": "ast",
        "line": 0.5,
        "ppLine": "PP1",
        "avg": 0.59,
        "hit": false,
        "diffAvg": 0.18,
        "diffAbs": 0.0,
        "lastAvg": 0.54,
        "diff": 0.08,
        "avgMin": 19,
        "proj": 0.5,
        "lastAvgMin": 19.3,
        "oppOver": 0,
        "teamOver": 0,
        "gameLine": "+115",
        "+/-": "+9",
        "L5_+/-": -1.0,
        "prevMatchup": "2023-04-01 1.0 ast 2023-02-09 0.0 ast",
        "winLossSplits": "0.72 - 0.37",
        "awayHome": "A",
        "playedYesterday": "N",
        "awayHomeSplits": "0.62 - 0.56",
        "savesAboveExp": 0.594,
        "gsaa": 30.07,
        "corsi": "48.6% (57.5) // 45.4% (53.7) // 45.5% (56.4) // 46.3% (54.4)",
        "fenwick": "49.8% (42.6) // 46.9% (40.6) // 48.2% (43.1) // 47.9% (42.1)",
        "shots": "50.5% (31.3) // 48.1% (30.6) // 48.3% (31.1) // 49.2% (30.2)",
        "scoring": "49.5% (29.5) // 45.9% (29.3) // 47.4% (32.8) // 49.0% (31.2)",
        "corsiAgainst": "51.4% (60.8) // 54.6% (64.6) // 54.5% (67.7) // 53.7% (63.0)",
        "fenwickAgainst": "50.2% (42.9) // 53.1% (45.9) // 51.8% (46.3) // 52.1% (45.8)",
        "shotsAgainst": "49.5% (30.7) // 51.9% (33.0) // 51.7% (33.2) // 50.8% (31.2)",
        "scoringAgainst": "50.5% (30.0) // 54.1% (34.6) // 52.6% (36.4) // 51.0% (32.5)",
        "oppCorsi": "49.9% (57.4) // 47.2% (54.2) // 43.7% (50.2) // 40.9% (50.3)",
        "oppFenwick": "50.8% (43.3) // 46.7% (41.2) // 43.1% (37.6) // 39.9% (37.0)",
        "oppShots": "50.0% (30.5) // 45.1% (29.0) // 41.6% (25.2) // 39.1% (26.3)",
        "oppScoring": "50.4% (28.1) // 45.9% (25.2) // 39.9% (21.8) // 37.5% (23.0)",
        "oppCorsiAgainst": "50.1% (57.5) // 52.8% (60.6) // 56.3% (64.5) // 59.1% (72.7)",
        "oppFenwickAgainst": "49.2% (42.0) // 53.3% (47.1) // 56.9% (49.6) // 60.1% (55.7)",
        "oppShotsAgainst": "50.0% (30.5) // 54.9% (35.3) // 58.4% (35.4) // 60.9% (41.0)",
        "oppScoringAgainst": "49.6% (27.7) // 54.1% (29.7) // 60.1% (32.9) // 62.5% (38.3)",
        "savesPerGame": 28.3,
        "savesPerGameLast1": 29.0,
        "savesPerGameLast3": 27.3,
        "savesPerGameLast5": 30.2,
        "savesPer60": 28.4,
        "savesPer60Last1": 29.0,
        "savesPer60Last3": 27.5,
        "savesPer60Last5": 30.5,
        "shotsPerGame": 31.8,
        "shotsPerGameLast5": 31.4,
        "shotsAgainstPerGame": 31.1,
        "shotsAgainstPerGameLast5": 33.6,
        "oppSavesAgainstPer60": 28.5,
        "oppSavesAgainstPer60Last1": 28.8,
        "oppSavesAgainstPer60Last3": 23.5,
        "oppSavesAgainstPer60Last5": 22.8,
        "oppShotsAgainstPerGame": 31.1,
        "oppShotsAgainstPerGameLast5": 36.0,
        "savesProj": 27.9,
        "savesProjLast5": 23.6,
        "savesProjLast3": 22.0,
        "oppSavesAgainstProj": 28.8,
        "oppSavesAgainstProjLast5": 23.2,
        "oppSavesAgainstProjLast3": 22.6,
        "totalOver": 45,
        "totalOverLast5": 80,
        "totalOverLast15": 47,
        "lastTotalOver": 41,
        "last5": "1,1,1,0,1,0,1,0,1,0",
        "overOdds": "+165",
        "underOdds": "-205",
        "overUnder": "+165 / -205"
    },
    {
        "player": "Frederick Gaudreau",
        "team": "MIN",
        "opponent": "VGK",
        "propType": "ast",
        "line": 0.5,
        "ppLine": "PP2",
        "avg": 0.25,
        "hit": false,
        "diffAvg": -0.5,
        "diffAbs": 0.2,
        "lastAvg": 0.37,
        "diff": -0.26,
        "avgMin": 16,
        "proj": 0.4,
        "lastAvgMin": 16.3,
        "oppOver": 0,
        "teamOver": 0,
        "gameLine": "-135",
        "+/-": "+10",
        "L5_+/-": 0.0,
        "prevMatchup": "2023-04-01 0.0 ast 2023-02-09 0.0 ast",
        "winLossSplits": "0.32 - 0.19",
        "awayHome": "H",
        "playedYesterday": "N",
        "awayHomeSplits": "0.34 - 0.16",
        "savesAboveExp": -0.478,
        "gsaa": -24.51,
        "corsi": "49.9% (57.4) // 47.2% (54.2) // 43.7% (50.2) // 40.9% (50.3)",
        "fenwick": "50.8% (43.3) // 46.7% (41.2) // 43.1% (37.6) // 39.9% (37.0)",
        "shots": "50.0% (30.5) // 45.1% (29.0) // 41.6% (25.2) // 39.1% (26.3)",
        "scoring": "50.4% (28.1) // 45.9% (25.2) // 39.9% (21.8) // 37.5% (23.0)",
        "corsiAgainst": "50.1% (57.5) // 52.8% (60.6) // 56.3% (64.5) // 59.1% (72.7)",
        "fenwickAgainst": "49.2% (42.0) // 53.3% (47.1) // 56.9% (49.6) // 60.1% (55.7)",
        "shotsAgainst": "50.0% (30.5) // 54.9% (35.3) // 58.4% (35.4) // 60.9% (41.0)",
        "scoringAgainst": "49.6% (27.7) // 54.1% (29.7) // 60.1% (32.9) // 62.5% (38.3)",
        "oppCorsi": "48.6% (57.5) // 45.4% (53.7) // 45.5% (56.4) // 46.3% (54.4)",
        "oppFenwick": "49.8% (42.6) // 46.9% (40.6) // 48.2% (43.1) // 47.9% (42.1)",
        "oppShots": "50.5% (31.3) // 48.1% (30.6) // 48.3% (31.1) // 49.2% (30.2)",
        "oppScoring": "49.5% (29.5) // 45.9% (29.3) // 47.4% (32.8) // 49.0% (31.2)",
        "oppCorsiAgainst": "51.4% (60.8) // 54.6% (64.6) // 54.5% (67.7) // 53.7% (63.0)",
        "oppFenwickAgainst": "50.2% (42.9) // 53.1% (45.9) // 51.8% (46.3) // 52.1% (45.8)",
        "oppShotsAgainst": "49.5% (30.7) // 51.9% (33.0) // 51.7% (33.2) // 50.8% (31.2)",
        "oppScoringAgainst": "50.5% (30.0) // 54.1% (34.6) // 52.6% (36.4) // 51.0% (32.5)",
        "savesPerGame": 28.4,
        "savesPerGameLast1": 39.0,
        "savesPerGameLast3": 38.7,
        "savesPerGameLast5": 33.6,
        "savesPer60": 28.7,
        "savesPer60Last1": 37.5,
        "savesPer60Last3": 38.2,
        "savesPer60Last5": 33.8,
        "shotsPerGame": 31.1,
        "shotsPerGameLast5": 25.6,
        "shotsAgainstPerGame": 31.1,
        "shotsAgainstPerGameLast5": 36.0,
        "oppSavesAgainstPer60": 28.5,
        "oppSavesAgainstPer60Last1": 38.5,
        "oppSavesAgainstPer60Last3": 27.3,
        "oppSavesAgainstPer60Last5": 28.2,
        "oppShotsAgainstPerGame": 31.1,
        "oppShotsAgainstPerGameLast5": 33.6,
        "savesProj": 28.9,
        "savesProjLast5": 33.1,
        "savesProjLast3": 35.9,
        "oppSavesAgainstProj": 29.2,
        "oppSavesAgainstProjLast5": 34.5,
        "oppSavesAgainstProjLast3": 37.0,
        "totalOver": 25,
        "totalOverLast5": 20,
        "totalOverLast15": 33,
        "lastTotalOver": 25,
        "last5": "0,0,0,0,1,0,1,1,1,0",
        "overOdds": "+220",
        "underOdds": "-280",
        "overUnder": "+220 / -280"
    },
    {
        "player": "Ivan Barbashev",
        "team": "VGK",
        "opponent": "MIN",
        "propType": "ast",
        "line": 0.5,
        "ppLine": "PP1",
        "avg": 0.36,
        "hit": false,
        "diffAvg": -0.28,
        "diffAbs": 0.2,
        "lastAvg": 0.37,
        "diff": -0.26,
        "avgMin": 16,
        "proj": 0.4,
        "lastAvgMin": 16.43,
        "oppOver": 0,
        "teamOver": 0,
        "gameLine": "+115",
        "+/-": "+6",
        "L5_+/-": "+4.0",
        "prevMatchup": "2023-04-01 1.0 ast 2023-01-08 0.0 ast 2022-12-31 0.0 ast",
        "winLossSplits": "0.42 - 0.27",
        "awayHome": "A",
        "playedYesterday": "Y",
        "awayHomeSplits": "0.33 - 0.38",
