[
    {
        "player": "Aaron Ekblad",
        "team": "FLA",
        "opponent": "CAR",
        "propType": "pts",
        "line": 0.5,
        "ppLine": "PP2",
        "avg": 0.52,
        "hit": false,
        "diffAvg": 0.04,
        "diffAbs": 0.4,
        "lastAvg": 0.8,
        "diff": 0.6,
        "avgMin": 23,
        "proj": 0.7,
        "lastAvgMin": 24.92,
        "oppOver": 0,
        "teamOver": 0,
        "gameLine": "+120",
        "+/-": -9,
        "L5_+/-": "+8.0",
        "prevMatchup": "2023-04-13 0.0 pts 2022-12-30 0.0 pts",
        "winLossSplits": "48% - 26%",
        "awayHome": "A",
        "playedYesterday": "N",
        "awayHomeSplits": "40% - 35%",
        "savesAboveExp": -0.44,
        "gsaa": -0.71,
        "corsi": "54.2% (66.3) // 52.5% (66.0) // 54.2% (66.3) // 54.2% (66.3)",
        "fenwick": "53.6% (49.9) // 52.0% (49.3) // 53.6% (49.9) // 53.6% (49.9)",
        "shots": "53.7% (36.5) // 51.9% (35.5) // 53.7% (36.5) // 53.7% (36.5)",
        "scoring": "54.6% (34.8) // 53.4% (34.0) // 54.6% (34.8) // 54.6% (34.8)",
        "corsiAgainst": "45.8% (56.1) // 47.5% (59.7) // 45.8% (56.1) // 45.8% (56.1)",
        "fenwickAgainst": "46.4% (43.2) // 48.0% (45.5) // 46.4% (43.2) // 46.4% (43.2)",
        "shotsAgainst": "46.3% (31.5) // 48.1% (33.0) // 46.3% (31.5) // 46.3% (31.5)",
        "scoringAgainst": "45.4% (28.9) // 46.6% (29.7) // 45.4% (28.9) // 45.4% (28.9)",
        "oppCorsi": "59.9% (67.4) // 61.2% (68.8) // 59.9% (67.4) // 59.9% (67.4)",
        "oppFenwick": "59.1% (50.8) // 60.1% (51.8) // 59.1% (50.8) // 59.1% (50.8)",
        "oppShots": "57.2% (34.3) // 58.4% (34.4) // 57.2% (34.3) // 57.2% (34.3)",
        "oppScoring": "58.9% (33.3) // 62.3% (33.3) // 58.9% (33.3) // 58.9% (33.3)",
        "oppCorsiAgainst": "40.1% (45.2) // 38.8% (43.6) // 40.1% (45.2) // 40.1% (45.2)",
        "oppFenwickAgainst": "40.9% (35.1) // 39.9% (34.4) // 40.9% (35.1) // 40.9% (35.1)",
        "oppShotsAgainst": "42.8% (25.6) // 41.6% (24.5) // 42.8% (25.6) // 42.8% (25.6)",
        "oppScoringAgainst": "41.1% (23.3) // 37.7% (20.2) // 41.1% (23.3) // 41.1% (23.3)",
        "savesPerGame": 28.4,
        "savesPerGameLast1": 51.0,
        "savesPerGameLast3": 32.0,
        "savesPerGameLast5": 32.8,
        "savesPer60": 32.6,
        "savesPer60Last1": 64.2,
        "savesPer60Last3": 35.1,
        "savesPer60Last5": 34.6,
        "shotsPerGame": 36.8,
        "shotsPerGameLast5": 31.0,
        "shotsAgainstPerGame": 31.7,
        "shotsAgainstPerGameLast5": 34.8,
        "oppSavesAgainstPer60": 36.0,
        "oppSavesAgainstPer60Last1": 36.0,
        "oppSavesAgainstPer60Last3": 28.2,
        "oppSavesAgainstPer60Last5": 26.9,
        "oppShotsAgainstPerGame": 26.0,
        "oppShotsAgainstPerGameLast5": 26.6,
        "savesProj": 38.1,
        "savesProjLast5": 34.1,
        "savesProjLast3": 37.1,
        "oppSavesAgainstProj": 34.9,
        "oppSavesAgainstProjLast5": 27.1,
        "oppSavesAgainstProjLast3": 27.5,
        "totalOver": 38,
        "totalOverLast5": 60,
        "totalOverLast15": 27,
        "lastTotalOver": 53,
        "last5": "2,0,2,0,1,0,0,0,0,0",
        "overOdds": "+140",
        "underOdds": "-175",
        "overUnder": "+140 / -175"
    },
    {
        "player": "Aleksander Barkov",
        "team": "FLA",
        "opponent": "CAR",
        "propType": "pts",
        "line": 0.5,
        "ppLine": "PP1",
        "avg": 1.09,
        "hit": false,
        "diffAvg": 1.18,
        "diffAbs": 1.4,
        "lastAvg": 1.14,
        "diff": 1.28,
        "avgMin": 21,
        "proj": 1.2,
        "lastAvgMin": 20.3,
        "oppOver": 0,
        "teamOver": 0,
        "gameLine": "+120",
        "+/-": "+13",
        "L5_+/-": "+3.0",
        "prevMatchup": "2023-04-13 1.0 pts 2022-12-30 0.0 pts 2022-11-09 1.0 pts",
        "winLossSplits": "83% - 47%",
        "awayHome": "A",
        "playedYesterday": "N",
        "awayHomeSplits": "65% - 70%",
        "savesAboveExp": -0.44,
        "gsaa": -0.71,
        "corsi": "54.2% (66.3) // 52.5% (66.0) // 54.2% (66.3) // 54.2% (66.3)",
        "fenwick": "53.6% (49.9) // 52.0% (49.3) // 53.6% (49.9) // 53.6% (49.9)",
        "shots": "53.7% (36.5) // 51.9% (35.5) // 53.7% (36.5) // 53.7% (36.5)",
        "scoring": "54.6% (34.8) // 53.4% (34.0) // 54.6% (34.8) // 54.6% (34.8)",
        "corsiAgainst": "45.8% (56.1) // 47.5% (59.7) // 45.8% (56.1) // 45.8% (56.1)",
        "fenwickAgainst": "46.4% (43.2) // 48.0% (45.5) // 46.4% (43.2) // 46.4% (43.2)",
        "shotsAgainst": "46.3% (31.5) // 48.1% (33.0) // 46.3% (31.5) // 46.3% (31.5)",
        "scoringAgainst": "45.4% (28.9) // 46.6% (29.7) // 45.4% (28.9) // 45.4% (28.9)",
        "oppCorsi": "59.9% (67.4) // 61.2% (68.8) // 59.9% (67.4) // 59.9% (67.4)",
        "oppFenwick": "59.1% (50.8) // 60.1% (51.8) // 59.1% (50.8) // 59.1% (50.8)",
        "oppShots": "57.2% (34.3) // 58.4% (34.4) // 57.2% (34.3) // 57.2% (34.3)",
        "oppScoring": "58.9% (33.3) // 62.3% (33.3) // 58.9% (33.3) // 58.9% (33.3)",
        "oppCorsiAgainst": "40.1% (45.2) // 38.8% (43.6) // 40.1% (45.2) // 40.1% (45.2)",
        "oppFenwickAgainst": "40.9% (35.1) // 39.9% (34.4) // 40.9% (35.1) // 40.9% (35.1)",
        "oppShotsAgainst": "42.8% (25.6) // 41.6% (24.5) // 42.8% (25.6) // 42.8% (25.6)",
        "oppScoringAgainst": "41.1% (23.3) // 37.7% (20.2) // 41.1% (23.3) // 41.1% (23.3)",
        "savesPerGame": 28.4,
        "savesPerGameLast1": 51.0,
        "savesPerGameLast3": 32.0,
        "savesPerGameLast5": 32.8,
        "savesPer60": 32.6,
        "savesPer60Last1": 64.2,
        "savesPer60Last3": 35.1,
        "savesPer60Last5": 34.6,
        "shotsPerGame": 36.8,
        "shotsPerGameLast5": 31.0,
        "shotsAgainstPerGame": 31.7,
        "shotsAgainstPerGameLast5": 34.8,
        "oppSavesAgainstPer60": 36.0,
        "oppSavesAgainstPer60Last1": 36.0,
        "oppSavesAgainstPer60Last3": 28.2,
        "oppSavesAgainstPer60Last5": 26.9,
        "oppShotsAgainstPerGame": 26.0,
        "oppShotsAgainstPerGameLast5": 26.6,
        "savesProj": 38.1,
        "savesProjLast5": 34.1,
        "savesProjLast3": 37.1,
        "oppSavesAgainstProj": 34.9,
        "oppSavesAgainstProjLast5": 27.1,
        "oppSavesAgainstProjLast3": 27.5,
        "totalOver": 68,
        "totalOverLast5": 40,
        "totalOverLast15": 53,
        "lastTotalOver": 74,
        "last5": "0,0,0,1,2,1,2,1,0,1",
        "overOdds": "-190",
        "underOdds": "+155",
        "overUnder": "-190 / +155"
    },
    {
        "player": "Anthony Duclair",
        "team": "FLA",
        "opponent": "CAR",
        "propType": "pts",
        "line": 0.5,
        "ppLine": "PP2",
        "avg": 0.48,
        "hit": false,
        "diffAvg": -0.04,
        "diffAbs": 1.0,
        "lastAvg": 0,
        "diff": 0,
        "avgMin": 14,
        "proj": 0.0,
        "lastAvgMin": 0,
        "oppOver": 0,
        "teamOver": 0,
        "gameLine": "+120",
        "+/-": -1,
        "L5_+/-": -3.0,
        "prevMatchup": "2023-04-13 1.0 pts",
        "winLossSplits": "50% - 27%",
        "awayHome": "A",
        "playedYesterday": "N",
        "awayHomeSplits": "50% - 35%",
        "savesAboveExp": -0.44,
        "gsaa": -0.71,
        "corsi": "54.2% (66.3) // 52.5% (66.0) // 54.2% (66.3) // 54.2% (66.3)",
        "fenwick": "53.6% (49.9) // 52.0% (49.3) // 53.6% (49.9) // 53.6% (49.9)",
        "shots": "53.7% (36.5) // 51.9% (35.5) // 53.7% (36.5) // 53.7% (36.5)",
        "scoring": "54.6% (34.8) // 53.4% (34.0) // 54.6% (34.8) // 54.6% (34.8)",
        "corsiAgainst": "45.8% (56.1) // 47.5% (59.7) // 45.8% (56.1) // 45.8% (56.1)",
        "fenwickAgainst": "46.4% (43.2) // 48.0% (45.5) // 46.4% (43.2) // 46.4% (43.2)",
        "shotsAgainst": "46.3% (31.5) // 48.1% (33.0) // 46.3% (31.5) // 46.3% (31.5)",
        "scoringAgainst": "45.4% (28.9) // 46.6% (29.7) // 45.4% (28.9) // 45.4% (28.9)",
        "oppCorsi": "59.9% (67.4) // 61.2% (68.8) // 59.9% (67.4) // 59.9% (67.4)",
        "oppFenwick": "59.1% (50.8) // 60.1% (51.8) // 59.1% (50.8) // 59.1% (50.8)",
        "oppShots": "57.2% (34.3) // 58.4% (34.4) // 57.2% (34.3) // 57.2% (34.3)",
        "oppScoring": "58.9% (33.3) // 62.3% (33.3) // 58.9% (33.3) // 58.9% (33.3)",
        "oppCorsiAgainst": "40.1% (45.2) // 38.8% (43.6) // 40.1% (45.2) // 40.1% (45.2)",
        "oppFenwickAgainst": "40.9% (35.1) // 39.9% (34.4) // 40.9% (35.1) // 40.9% (35.1)",
        "oppShotsAgainst": "42.8% (25.6) // 41.6% (24.5) // 42.8% (25.6) // 42.8% (25.6)",
        "oppScoringAgainst": "41.1% (23.3) // 37.7% (20.2) // 41.1% (23.3) // 41.1% (23.3)",
        "savesPerGame": 28.4,
        "savesPerGameLast1": 51.0,
        "savesPerGameLast3": 32.0,
        "savesPerGameLast5": 32.8,
        "savesPer60": 32.6,
        "savesPer60Last1": 64.2,
        "savesPer60Last3": 35.1,
        "savesPer60Last5": 34.6,
        "shotsPerGame": 36.8,
        "shotsPerGameLast5": 31.0,
        "shotsAgainstPerGame": 31.7,
        "shotsAgainstPerGameLast5": 34.8,
        "oppSavesAgainstPer60": 36.0,
        "oppSavesAgainstPer60Last1": 36.0,
        "oppSavesAgainstPer60Last3": 28.2,
        "oppSavesAgainstPer60Last5": 26.9,
        "oppShotsAgainstPerGame": 26.0,
        "oppShotsAgainstPerGameLast5": 26.6,
        "savesProj": 38.1,
        "savesProjLast5": 34.1,
        "savesProjLast3": 37.1,
        "oppSavesAgainstProj": 34.9,
        "oppSavesAgainstProjLast5": 27.1,
        "oppSavesAgainstProjLast3": 27.5,
        "totalOver": 42,
        "totalOverLast5": 80,
        "totalOverLast15": 47,
        "lastTotalOver": 0,
        "last5": "1,0,1,1,1,0,1,1,0,0",
        "overOdds": "+120",
        "underOdds": "-150",
        "overUnder": "+120 / -150"
    },
    {
        "player": "Anton Lundell",
        "team": "FLA",
        "opponent": "CAR",
        "propType": "pts",
        "line": 0.5,
        "ppLine": "PP2",
        "avg": 0.47,
        "hit": false,
        "diffAvg": -0.06,
        "diffAbs": 0.2,
        "lastAvg": 0.59,
        "diff": 0.18,
        "avgMin": 16,
        "proj": 0.6,
        "lastAvgMin": 15.73,
        "oppOver": 0,
        "teamOver": 0,
        "gameLine": "+120",
        "+/-": "+4",
        "L5_+/-": "+4.0",
        "prevMatchup": "2023-04-13 0.0 pts 2022-12-30 0.0 pts 2022-11-09 1.0 pts",
        "winLossSplits": "48% - 21%",
        "awayHome": "A",
        "playedYesterday": "N",
        "awayHomeSplits": "40% - 31%",
        "savesAboveExp": -0.44,
        "gsaa": -0.71,
        "corsi": "54.2% (66.3) // 52.5% (66.0) // 54.2% (66.3) // 54.2% (66.3)",
        "fenwick": "53.6% (49.9) // 52.0% (49.3) // 53.6% (49.9) // 53.6% (49.9)",
        "shots": "53.7% (36.5) // 51.9% (35.5) // 53.7% (36.5) // 53.7% (36.5)",
        "scoring": "54.6% (34.8) // 53.4% (34.0) // 54.6% (34.8) // 54.6% (34.8)",
        "corsiAgainst": "45.8% (56.1) // 47.5% (59.7) // 45.8% (56.1) // 45.8% (56.1)",
        "fenwickAgainst": "46.4% (43.2) // 48.0% (45.5) // 46.4% (43.2) // 46.4% (43.2)",
        "shotsAgainst": "46.3% (31.5) // 48.1% (33.0) // 46.3% (31.5) // 46.3% (31.5)",
        "scoringAgainst": "45.4% (28.9) // 46.6% (29.7) // 45.4% (28.9) // 45.4% (28.9)",
        "oppCorsi": "59.9% (67.4) // 61.2% (68.8) // 59.9% (67.4) // 59.9% (67.4)",
        "oppFenwick": "59.1% (50.8) // 60.1% (51.8) // 59.1% (50.8) // 59.1% (50.8)",
        "oppShots": "57.2% (34.3) // 58.4% (34.4) // 57.2% (34.3) // 57.2% (34.3)",
        "oppScoring": "58.9% (33.3) // 62.3% (33.3) // 58.9% (33.3) // 58.9% (33.3)",
        "oppCorsiAgainst": "40.1% (45.2) // 38.8% (43.6) // 40.1% (45.2) // 40.1% (45.2)",
        "oppFenwickAgainst": "40.9% (35.1) // 39.9% (34.4) // 40.9% (35.1) // 40.9% (35.1)",
        "oppShotsAgainst": "42.8% (25.6) // 41.6% (24.5) // 42.8% (25.6) // 42.8% (25.6)",
        "oppScoringAgainst": "41.1% (23.3) // 37.7% (20.2) // 41.1% (23.3) // 41.1% (23.3)",
        "savesPerGame": 28.4,
        "savesPerGameLast1": 51.0,
        "savesPerGameLast3": 32.0,
        "savesPerGameLast5": 32.8,
        "savesPer60": 32.6,
        "savesPer60Last1": 64.2,
        "savesPer60Last3": 35.1,
        "savesPer60Last5": 34.6,
        "shotsPerGame": 36.8,
        "shotsPerGameLast5": 31.0,
        "shotsAgainstPerGame": 31.7,
        "shotsAgainstPerGameLast5": 34.8,
        "oppSavesAgainstPer60": 36.0,
        "oppSavesAgainstPer60Last1": 36.0,
        "oppSavesAgainstPer60Last3": 28.2,
        "oppSavesAgainstPer60Last5": 26.9,
        "oppShotsAgainstPerGame": 26.0,
        "oppShotsAgainstPerGameLast5": 26.6,
        "savesProj": 38.1,
        "savesProjLast5": 34.1,
        "savesProjLast3": 37.1,
        "oppSavesAgainstProj": 34.9,
        "oppSavesAgainstProjLast5": 27.1,
        "oppSavesAgainstProjLast3": 27.5,
        "totalOver": 35,
        "totalOverLast5": 40,
        "totalOverLast15": 27,
        "lastTotalOver": 38,
        "last5": "0,0,1,2,0,2,2,0,0,0",
        "overOdds": "+140",
        "underOdds": "-175",
        "overUnder": "+140 / -175"
    },
    {
        "player": "Brady Skjei",
        "team": "CAR",
        "opponent": "FLA",
        "propType": "pts",
        "line": 0.5,
        "ppLine": "",
        "avg": 0.43,
        "hit": false,
        "diffAvg": -0.14,
        "diffAbs": 0.2,
        "lastAvg": 0.41,
        "diff": -0.18,
        "avgMin": 21,
        "proj": 0.4,
        "lastAvgMin": 21.13,
        "oppOver": 0,
        "teamOver": 0,
        "gameLine": "-140",
        "+/-": "+5",
        "L5_+/-": -1.0,
        "prevMatchup": "2023-04-13 0.0 pts 2022-12-30 0.0 pts 2022-11-09 0.0 pts",
        "winLossSplits": "44% - 24%",
        "awayHome": "H",
        "playedYesterday": "N",
        "awayHomeSplits": "38% - 36%",
        "savesAboveExp": -0.102,
        "gsaa": -4.63,
        "corsi": "59.9% (67.4) // 61.2% (68.8) // 59.9% (67.4) // 59.9% (67.4)",
        "fenwick": "59.1% (50.8) // 60.1% (51.8) // 59.1% (50.8) // 59.1% (50.8)",
        "shots": "57.2% (34.3) // 58.4% (34.4) // 57.2% (34.3) // 57.2% (34.3)",
        "scoring": "58.9% (33.3) // 62.3% (33.3) // 58.9% (33.3) // 58.9% (33.3)",
        "corsiAgainst": "40.1% (45.2) // 38.8% (43.6) // 40.1% (45.2) // 40.1% (45.2)",
        "fenwickAgainst": "40.9% (35.1) // 39.9% (34.4) // 40.9% (35.1) // 40.9% (35.1)",
        "shotsAgainst": "42.8% (25.6) // 41.6% (24.5) // 42.8% (25.6) // 42.8% (25.6)",
        "scoringAgainst": "41.1% (23.3) // 37.7% (20.2) // 41.1% (23.3) // 41.1% (23.3)",
        "oppCorsi": "54.2% (66.3) // 52.5% (66.0) // 54.2% (66.3) // 54.2% (66.3)",
        "oppFenwick": "53.6% (49.9) // 52.0% (49.3) // 53.6% (49.9) // 53.6% (49.9)",
        "oppShots": "53.7% (36.5) // 51.9% (35.5) // 53.7% (36.5) // 53.7% (36.5)",
        "oppScoring": "54.6% (34.8) // 53.4% (34.0) // 54.6% (34.8) // 54.6% (34.8)",
        "oppCorsiAgainst": "45.8% (56.1) // 47.5% (59.7) // 45.8% (56.1) // 45.8% (56.1)",
        "oppFenwickAgainst": "46.4% (43.2) // 48.0% (45.5) // 46.4% (43.2) // 46.4% (43.2)",
        "oppShotsAgainst": "46.3% (31.5) // 48.1% (33.0) // 46.3% (31.5) // 46.3% (31.5)",
        "oppScoringAgainst": "45.4% (28.9) // 46.6% (29.7) // 45.4% (28.9) // 45.4% (28.9)",
        "savesPerGame": 23.4,
        "savesPerGameLast1": 27.0,
        "savesPerGameLast3": 24.7,
        "savesPerGameLast5": 24.0,
        "savesPer60": 26.8,
        "savesPer60Last1": 30.2,
        "savesPer60Last3": 25.6,
        "savesPer60Last5": 24.6,
        "shotsPerGame": 34.8,
        "shotsPerGameLast5": 31.2,
        "shotsAgainstPerGame": 26.0,
        "shotsAgainstPerGameLast5": 26.6,
        "oppSavesAgainstPer60": 38.3,
        "oppSavesAgainstPer60Last1": 42.2,
        "oppSavesAgainstPer60Last3": 30.1,
        "oppSavesAgainstPer60Last5": 28.9,
        "oppShotsAgainstPerGame": 31.7,
        "oppShotsAgainstPerGameLast5": 34.8,
        "savesProj": 26.9,
        "savesProjLast5": 21.1,
        "savesProjLast3": 23.6,
        "oppSavesAgainstProj": 30.4,
        "oppSavesAgainstProjLast5": 19.3,
        "oppSavesAgainstProjLast3": 20.9,
        "totalOver": 37,
        "totalOverLast5": 20,
        "totalOverLast15": 27,
        "lastTotalOver": 34,
        "last5": "0,0,0,0,1,0,0,1,0,0",
        "overOdds": "+170",
        "underOdds": "-210",
        "overUnder": "+170 / -210"
    },
    {
        "player": "Brandon Montour",
        "team": "FLA",
        "opponent": "CAR",
        "propType": "pts",
        "line": 0.5,
        "ppLine": "PP1",
        "avg": 0.89,
        "hit": false,
        "diffAvg": 0.78,
        "diffAbs": 0.0,
        "lastAvg": 0.41,
        "diff": -0.18,
        "avgMin": 24,
        "proj": 0.5,
        "lastAvgMin": 17.88,
        "oppOver": 0,
        "teamOver": 0,
        "gameLine": "+120",
        "+/-": "+11",
        "L5_+/-": -1.0,
        "prevMatchup": "2023-04-13 0.0 pts 2022-12-30 0.0 pts 2022-11-09 3.0 pts",
        "winLossSplits": "67% - 53%",
        "awayHome": "A",
        "playedYesterday": "N",
        "awayHomeSplits": "62% - 60%",
        "savesAboveExp": -0.44,
        "gsaa": -0.71,
        "corsi": "54.2% (66.3) // 52.5% (66.0) // 54.2% (66.3) // 54.2% (66.3)",
        "fenwick": "53.6% (49.9) // 52.0% (49.3) // 53.6% (49.9) // 53.6% (49.9)",
        "shots": "53.7% (36.5) // 51.9% (35.5) // 53.7% (36.5) // 53.7% (36.5)",
        "scoring": "54.6% (34.8) // 53.4% (34.0) // 54.6% (34.8) // 54.6% (34.8)",
        "corsiAgainst": "45.8% (56.1) // 47.5% (59.7) // 45.8% (56.1) // 45.8% (56.1)",
        "fenwickAgainst": "46.4% (43.2) // 48.0% (45.5) // 46.4% (43.2) // 46.4% (43.2)",
        "shotsAgainst": "46.3% (31.5) // 48.1% (33.0) // 46.3% (31.5) // 46.3% (31.5)",
        "scoringAgainst": "45.4% (28.9) // 46.6% (29.7) // 45.4% (28.9) // 45.4% (28.9)",
        "oppCorsi": "59.9% (67.4) // 61.2% (68.8) // 59.9% (67.4) // 59.9% (67.4)",
        "oppFenwick": "59.1% (50.8) // 60.1% (51.8) // 59.1% (50.8) // 59.1% (50.8)",
        "oppShots": "57.2% (34.3) // 58.4% (34.4) // 57.2% (34.3) // 57.2% (34.3)",
        "oppScoring": "58.9% (33.3) // 62.3% (33.3) // 58.9% (33.3) // 58.9% (33.3)",
        "oppCorsiAgainst": "40.1% (45.2) // 38.8% (43.6) // 40.1% (45.2) // 40.1% (45.2)",
        "oppFenwickAgainst": "40.9% (35.1) // 39.9% (34.4) // 40.9% (35.1) // 40.9% (35.1)",
        "oppShotsAgainst": "42.8% (25.6) // 41.6% (24.5) // 42.8% (25.6) // 42.8% (25.6)",
        "oppScoringAgainst": "41.1% (23.3) // 37.7% (20.2) // 41.1% (23.3) // 41.1% (23.3)",
        "savesPerGame": 28.4,
        "savesPerGameLast1": 51.0,
        "savesPerGameLast3": 32.0,
        "savesPerGameLast5": 32.8,
        "savesPer60": 32.6,
        "savesPer60Last1": 64.2,
        "savesPer60Last3": 35.1,
        "savesPer60Last5": 34.6,
        "shotsPerGame": 36.8,
        "shotsPerGameLast5": 31.0,
        "shotsAgainstPerGame": 31.7,
        "shotsAgainstPerGameLast5": 34.8,
        "oppSavesAgainstPer60": 36.0,
        "oppSavesAgainstPer60Last1": 36.0,
        "oppSavesAgainstPer60Last3": 28.2,
        "oppSavesAgainstPer60Last5": 26.9,
        "oppShotsAgainstPerGame": 26.0,
        "oppShotsAgainstPerGameLast5": 26.6,
        "savesProj": 38.1,
        "savesProjLast5": 34.1,
        "savesProjLast3": 37.1,
        "oppSavesAgainstProj": 34.9,
        "oppSavesAgainstProjLast5": 27.1,
        "oppSavesAgainstProjLast3": 27.5,
        "totalOver": 61,
        "totalOverLast5": 20,
        "totalOverLast15": 40,
        "lastTotalOver": 33,
        "last5": "0,0,0,0,1,2,2,0,2,0",
        "overOdds": "-160",
        "underOdds": "+130",
        "overUnder": "-160 / +130"
    },
    {
        "player": "Brent Burns",
        "team": "CAR",
        "opponent": "FLA",
        "propType": "pts",
        "line": 0.5,
        "ppLine": "PP1",
        "avg": 0.74,
        "hit": false,
        "diffAvg": 0.48,
        "diffAbs": 0.2,
        "lastAvg": 0.66,
        "diff": 0.32,
        "avgMin": 23,
        "proj": 0.6,
        "lastAvgMin": 26.13,
        "oppOver": 0,
        "teamOver": 0,
        "gameLine": "-140",
        "+/-": "+27",
        "L5_+/-": "+8.0",
        "prevMatchup": "2023-04-13 2.0 pts 2022-12-30 2.0 pts 2022-11-09 0.0 pts",
        "winLossSplits": "73% - 27%",
        "awayHome": "H",
        "playedYesterday": "N",
        "awayHomeSplits": "63% - 51%",
        "savesAboveExp": -0.102,
        "gsaa": -4.63,
        "corsi": "59.9% (67.4) // 61.2% (68.8) // 59.9% (67.4) // 59.9% (67.4)",
        "fenwick": "59.1% (50.8) // 60.1% (51.8) // 59.1% (50.8) // 59.1% (50.8)",
        "shots": "57.2% (34.3) // 58.4% (34.4) // 57.2% (34.3) // 57.2% (34.3)",
        "scoring": "58.9% (33.3) // 62.3% (33.3) // 58.9% (33.3) // 58.9% (33.3)",
        "corsiAgainst": "40.1% (45.2) // 38.8% (43.6) // 40.1% (45.2) // 40.1% (45.2)",
        "fenwickAgainst": "40.9% (35.1) // 39.9% (34.4) // 40.9% (35.1) // 40.9% (35.1)",
        "shotsAgainst": "42.8% (25.6) // 41.6% (24.5) // 42.8% (25.6) // 42.8% (25.6)",
        "scoringAgainst": "41.1% (23.3) // 37.7% (20.2) // 41.1% (23.3) // 41.1% (23.3)",
        "oppCorsi": "54.2% (66.3) // 52.5% (66.0) // 54.2% (66.3) // 54.2% (66.3)",
        "oppFenwick": "53.6% (49.9) // 52.0% (49.3) // 53.6% (49.9) // 53.6% (49.9)",
        "oppShots": "53.7% (36.5) // 51.9% (35.5) // 53.7% (36.5) // 53.7% (36.5)",
        "oppScoring": "54.6% (34.8) // 53.4% (34.0) // 54.6% (34.8) // 54.6% (34.8)",
        "oppCorsiAgainst": "45.8% (56.1) // 47.5% (59.7) // 45.8% (56.1) // 45.8% (56.1)",
        "oppFenwickAgainst": "46.4% (43.2) // 48.0% (45.5) // 46.4% (43.2) // 46.4% (43.2)",
        "oppShotsAgainst": "46.3% (31.5) // 48.1% (33.0) // 46.3% (31.5) // 46.3% (31.5)",
        "oppScoringAgainst": "45.4% (28.9) // 46.6% (29.7) // 45.4% (28.9) // 45.4% (28.9)",
        "savesPerGame": 23.4,
        "savesPerGameLast1": 27.0,
        "savesPerGameLast3": 24.7,
        "savesPerGameLast5": 24.0,
        "savesPer60": 26.8,
        "savesPer60Last1": 30.2,
        "savesPer60Last3": 25.6,
        "savesPer60Last5": 24.6,
        "shotsPerGame": 34.8,
        "shotsPerGameLast5": 31.2,
        "shotsAgainstPerGame": 26.0,
        "shotsAgainstPerGameLast5": 26.6,
        "oppSavesAgainstPer60": 38.3,
        "oppSavesAgainstPer60Last1": 42.2,
        "oppSavesAgainstPer60Last3": 30.1,
        "oppSavesAgainstPer60Last5": 28.9,
        "oppShotsAgainstPerGame": 31.7,
        "oppShotsAgainstPerGameLast5": 34.8,
        "savesProj": 26.9,
        "savesProjLast5": 21.1,
        "savesProjLast3": 23.6,
        "oppSavesAgainstProj": 30.4,
        "oppSavesAgainstProjLast5": 19.3,
        "oppSavesAgainstProjLast3": 20.9,
        "totalOver": 57,
        "totalOverLast5": 40,
        "totalOverLast15": 53,
        "lastTotalOver": 53,
        "last5": "1,2,0,0,0,0,0,1,0,2",
        "overOdds": "-130",
        "underOdds": "+100",
        "overUnder": "-130 / +100"
    },
    {
        "player": "Carter Verhaeghe",
        "team": "FLA",
        "opponent": "CAR",
        "propType": "pts",
        "line": 0.5,
        "ppLine": "PP2",
        "avg": 0.91,
        "hit": false,
        "diffAvg": 0.82,
        "diffAbs": 0.4,
        "lastAvg": 0.62,
        "diff": 0.24,
        "avgMin": 17,
        "proj": 0.7,
        "lastAvgMin": 16.05,
        "oppOver": 0,
        "teamOver": 0,
        "gameLine": "+120",
        "+/-": "+17",
        "L5_+/-": "+7.0",
        "prevMatchup": "2023-04-13 1.0 pts 2022-12-30 0.0 pts 2022-11-09 1.0 pts",
        "winLossSplits": "65% - 52%",
        "awayHome": "A",
        "playedYesterday": "N",
        "awayHomeSplits": "58% - 60%",
        "savesAboveExp": -0.44,
        "gsaa": -0.71,
        "corsi": "54.2% (66.3) // 52.5% (66.0) // 54.2% (66.3) // 54.2% (66.3)",
        "fenwick": "53.6% (49.9) // 52.0% (49.3) // 53.6% (49.9) // 53.6% (49.9)",
        "shots": "53.7% (36.5) // 51.9% (35.5) // 53.7% (36.5) // 53.7% (36.5)",
        "scoring": "54.6% (34.8) // 53.4% (34.0) // 54.6% (34.8) // 54.6% (34.8)",
        "corsiAgainst": "45.8% (56.1) // 47.5% (59.7) // 45.8% (56.1) // 45.8% (56.1)",
        "fenwickAgainst": "46.4% (43.2) // 48.0% (45.5) // 46.4% (43.2) // 46.4% (43.2)",
        "shotsAgainst": "46.3% (31.5) // 48.1% (33.0) // 46.3% (31.5) // 46.3% (31.5)",
        "scoringAgainst": "45.4% (28.9) // 46.6% (29.7) // 45.4% (28.9) // 45.4% (28.9)",
        "oppCorsi": "59.9% (67.4) // 61.2% (68.8) // 59.9% (67.4) // 59.9% (67.4)",
        "oppFenwick": "59.1% (50.8) // 60.1% (51.8) // 59.1% (50.8) // 59.1% (50.8)",
        "oppShots": "57.2% (34.3) // 58.4% (34.4) // 57.2% (34.3) // 57.2% (34.3)",
        "oppScoring": "58.9% (33.3) // 62.3% (33.3) // 58.9% (33.3) // 58.9% (33.3)",
        "oppCorsiAgainst": "40.1% (45.2) // 38.8% (43.6) // 40.1% (45.2) // 40.1% (45.2)",
        "oppFenwickAgainst": "40.9% (35.1) // 39.9% (34.4) // 40.9% (35.1) // 40.9% (35.1)",
        "oppShotsAgainst": "42.8% (25.6) // 41.6% (24.5) // 42.8% (25.6) // 42.8% (25.6)",
        "oppScoringAgainst": "41.1% (23.3) // 37.7% (20.2) // 41.1% (23.3) // 41.1% (23.3)",
        "savesPerGame": 28.4,
        "savesPerGameLast1": 51.0,
        "savesPerGameLast3": 32.0,
        "savesPerGameLast5": 32.8,
        "savesPer60": 32.6,
        "savesPer60Last1": 64.2,
        "savesPer60Last3": 35.1,
        "savesPer60Last5": 34.6,
        "shotsPerGame": 36.8,
        "shotsPerGameLast5": 31.0,
        "shotsAgainstPerGame": 31.7,
        "shotsAgainstPerGameLast5": 34.8,
        "oppSavesAgainstPer60": 36.0,
        "oppSavesAgainstPer60Last1": 36.0,
        "oppSavesAgainstPer60Last3": 28.2,
        "oppSavesAgainstPer60Last5": 26.9,
        "oppShotsAgainstPerGame": 26.0,
        "oppShotsAgainstPerGameLast5": 26.6,
        "savesProj": 38.1,
        "savesProjLast5": 34.1,
        "savesProjLast3": 37.1,
        "oppSavesAgainstProj": 34.9,
        "oppSavesAgainstProjLast5": 27.1,
        "oppSavesAgainstProjLast3": 27.5,
        "totalOver": 59,
        "totalOverLast5": 60,
        "totalOverLast15": 67,
        "lastTotalOver": 53,
        "last5": "2,0,1,0,1,2,1,3,1,0",
        "overOdds": "-140",
        "underOdds": "+110",
        "overUnder": "-140 / +110"
    },
    {
        "player": "Gustav Forsling",
        "team": "FLA",
        "opponent": "CAR",
        "propType": "pts",
        "line": 0.5,
        "ppLine": "PP2",
        "avg": 0.49,
        "hit": false,
        "diffAvg": -0.02,
        "diffAbs": 0.0,
        "lastAvg": 0.46,
        "diff": -0.08,
        "avgMin": 23,
        "proj": 0.5,
        "lastAvgMin": 21.22,
        "oppOver": 0,
        "teamOver": 0,
        "gameLine": "+120",
        "+/-": "+24",
        "L5_+/-": "+5.0",
        "prevMatchup": "2023-04-13 0.0 pts 2022-12-30 0.0 pts 2022-11-09 0.0 pts",
        "winLossSplits": "50% - 34%",
        "awayHome": "A",
        "playedYesterday": "N",
        "awayHomeSplits": "44% - 41%",
        "savesAboveExp": -0.44,
        "gsaa": -0.71,
        "corsi": "54.2% (66.3) // 52.5% (66.0) // 54.2% (66.3) // 54.2% (66.3)",
        "fenwick": "53.6% (49.9) // 52.0% (49.3) // 53.6% (49.9) // 53.6% (49.9)",
        "shots": "53.7% (36.5) // 51.9% (35.5) // 53.7% (36.5) // 53.7% (36.5)",
        "scoring": "54.6% (34.8) // 53.4% (34.0) // 54.6% (34.8) // 54.6% (34.8)",
        "corsiAgainst": "45.8% (56.1) // 47.5% (59.7) // 45.8% (56.1) // 45.8% (56.1)",
        "fenwickAgainst": "46.4% (43.2) // 48.0% (45.5) // 46.4% (43.2) // 46.4% (43.2)",
        "shotsAgainst": "46.3% (31.5) // 48.1% (33.0) // 46.3% (31.5) // 46.3% (31.5)",
        "scoringAgainst": "45.4% (28.9) // 46.6% (29.7) // 45.4% (28.9) // 45.4% (28.9)",
        "oppCorsi": "59.9% (67.4) // 61.2% (68.8) // 59.9% (67.4) // 59.9% (67.4)",
        "oppFenwick": "59.1% (50.8) // 60.1% (51.8) // 59.1% (50.8) // 59.1% (50.8)",
        "oppShots": "57.2% (34.3) // 58.4% (34.4) // 57.2% (34.3) // 57.2% (34.3)",
        "oppScoring": "58.9% (33.3) // 62.3% (33.3) // 58.9% (33.3) // 58.9% (33.3)",
        "oppCorsiAgainst": "40.1% (45.2) // 38.8% (43.6) // 40.1% (45.2) // 40.1% (45.2)",
        "oppFenwickAgainst": "40.9% (35.1) // 39.9% (34.4) // 40.9% (35.1) // 40.9% (35.1)",
        "oppShotsAgainst": "42.8% (25.6) // 41.6% (24.5) // 42.8% (25.6) // 42.8% (25.6)",
        "oppScoringAgainst": "41.1% (23.3) // 37.7% (20.2) // 41.1% (23.3) // 41.1% (23.3)",
        "savesPerGame": 28.4,
        "savesPerGameLast1": 51.0,
        "savesPerGameLast3": 32.0,
        "savesPerGameLast5": 32.8,
        "savesPer60": 32.6,
        "savesPer60Last1": 64.2,
        "savesPer60Last3": 35.1,
        "savesPer60Last5": 34.6,
        "shotsPerGame": 36.8,
        "shotsPerGameLast5": 31.0,
        "shotsAgainstPerGame": 31.7,
        "shotsAgainstPerGameLast5": 34.8,
        "oppSavesAgainstPer60": 36.0,
        "oppSavesAgainstPer60Last1": 36.0,
        "oppSavesAgainstPer60Last3": 28.2,
        "oppSavesAgainstPer60Last5": 26.9,
        "oppShotsAgainstPerGame": 26.0,
        "oppShotsAgainstPerGameLast5": 26.6,
        "savesProj": 38.1,
        "savesProjLast5": 34.1,
        "savesProjLast3": 37.1,
        "oppSavesAgainstProj": 34.9,
        "oppSavesAgainstProjLast5": 27.1,
        "oppSavesAgainstProjLast3": 27.5,
        "totalOver": 43,
        "totalOverLast5": 40,
        "totalOverLast15": 33,
        "lastTotalOver": 36,
        "last5": "1,0,0,1,0,0,1,0,0,1",
        "overOdds": "+170",
        "underOdds": "-210",
        "overUnder": "+170 / -210"
    },
    {
        "player": "Jordan Martinook",
        "team": "CAR",
        "opponent": "FLA",
        "propType": "pts",
        "line": 0.5,
        "ppLine": "",
        "avg": 0.47,
        "hit": false,
        "diffAvg": -0.06,
        "diffAbs": 0.4,
        "lastAvg": 0.23,
        "diff": -0.54,
        "avgMin": 15,
        "proj": 0.3,
        "lastAvgMin": 11.2,
        "oppOver": 0,
        "teamOver": 0,
        "gameLine": "-140",
        "+/-": "+12",
        "L5_+/-": "+5.0",
        "prevMatchup": "2023-04-13 0.0 pts 2022-12-30 0.0 pts 2022-11-09 0.0 pts",
        "winLossSplits": "42% - 24%",
        "awayHome": "H",
        "playedYesterday": "N",
        "awayHomeSplits": "30% - 40%",
        "savesAboveExp": -0.102,
        "gsaa": -4.63,
        "corsi": "59.9% (67.4) // 61.2% (68.8) // 59.9% (67.4) // 59.9% (67.4)",
        "fenwick": "59.1% (50.8) // 60.1% (51.8) // 59.1% (50.8) // 59.1% (50.8)",
        "shots": "57.2% (34.3) // 58.4% (34.4) // 57.2% (34.3) // 57.2% (34.3)",
        "scoring": "58.9% (33.3) // 62.3% (33.3) // 58.9% (33.3) // 58.9% (33.3)",
        "corsiAgainst": "40.1% (45.2) // 38.8% (43.6) // 40.1% (45.2) // 40.1% (45.2)",
        "fenwickAgainst": "40.9% (35.1) // 39.9% (34.4) // 40.9% (35.1) // 40.9% (35.1)",
        "shotsAgainst": "42.8% (25.6) // 41.6% (24.5) // 42.8% (25.6) // 42.8% (25.6)",
        "scoringAgainst": "41.1% (23.3) // 37.7% (20.2) // 41.1% (23.3) // 41.1% (23.3)",
        "oppCorsi": "54.2% (66.3) // 52.5% (66.0) // 54.2% (66.3) // 54.2% (66.3)",
        "oppFenwick": "53.6% (49.9) // 52.0% (49.3) // 53.6% (49.9) // 53.6% (49.9)",
        "oppShots": "53.7% (36.5) // 51.9% (35.5) // 53.7% (36.5) // 53.7% (36.5)",
        "oppScoring": "54.6% (34.8) // 53.4% (34.0) // 54.6% (34.8) // 54.6% (34.8)",
        "oppCorsiAgainst": "45.8% (56.1) // 47.5% (59.7) // 45.8% (56.1) // 45.8% (56.1)",
        "oppFenwickAgainst": "46.4% (43.2) // 48.0% (45.5) // 46.4% (43.2) // 46.4% (43.2)",
        "oppShotsAgainst": "46.3% (31.5) // 48.1% (33.0) // 46.3% (31.5) // 46.3% (31.5)",
        "oppScoringAgainst": "45.4% (28.9) // 46.6% (29.7) // 45.4% (28.9) // 45.4% (28.9)",
        "savesPerGame": 23.4,
        "savesPerGameLast1": 27.0,
        "savesPerGameLast3": 24.7,
        "savesPerGameLast5": 24.0,
        "savesPer60": 26.8,
        "savesPer60Last1": 30.2,
        "savesPer60Last3": 25.6,
        "savesPer60Last5": 24.6,
        "shotsPerGame": 34.8,
        "shotsPerGameLast5": 31.2,
        "shotsAgainstPerGame": 26.0,
        "shotsAgainstPerGameLast5": 26.6,
        "oppSavesAgainstPer60": 38.3,
        "oppSavesAgainstPer60Last1": 42.2,
        "oppSavesAgainstPer60Last3": 30.1,
        "oppSavesAgainstPer60Last5": 28.9,
        "oppShotsAgainstPerGame": 31.7,
        "oppShotsAgainstPerGameLast5": 34.8,
        "savesProj": 26.9,
        "savesProjLast5": 21.1,
        "savesProjLast3": 23.6,
        "oppSavesAgainstProj": 30.4,
        "oppSavesAgainstProjLast5": 19.3,
        "oppSavesAgainstProjLast3": 20.9,
        "totalOver": 35,
        "totalOverLast5": 100,
        "totalOverLast15": 40,
        "lastTotalOver": 24,
        "last5": "1,3,2,2,2,0,0,0,0,0",
        "overOdds": "+105",
        "underOdds": "-135",
        "overUnder": "+105 / -135"
    },
    {
        "player": "Martin Necas",
        "team": "CAR",
        "opponent": "FLA",
        "propType": "pts",
        "line": 0.5,
        "ppLine": "PP1",
        "avg": 0.83,
        "hit": false,
        "diffAvg": 0.66,
        "diffAbs": 0.0,
        "lastAvg": 0.43,
        "diff": -0.14,
        "avgMin": 18,
        "proj": 0.5,
        "lastAvgMin": 16.18,
        "oppOver": 0,
        "teamOver": 0,
        "gameLine": "-140",
        "+/-": "+4",
        "L5_+/-": 0.0,
        "prevMatchup": "2023-04-13 0.0 pts 2022-12-30 1.0 pts 2022-11-09 0.0 pts",
        "winLossSplits": "65% - 39%",
        "awayHome": "H",
        "playedYesterday": "N",
        "awayHomeSplits": "50% - 62%",
        "savesAboveExp": -0.102,
        "gsaa": -4.63,
        "corsi": "59.9% (67.4) // 61.2% (68.8) // 59.9% (67.4) // 59.9% (67.4)",
        "fenwick": "59.1% (50.8) // 60.1% (51.8) // 59.1% (50.8) // 59.1% (50.8)",
        "shots": "57.2% (34.3) // 58.4% (34.4) // 57.2% (34.3) // 57.2% (34.3)",
        "scoring": "58.9% (33.3) // 62.3% (33.3) // 58.9% (33.3) // 58.9% (33.3)",
        "corsiAgainst": "40.1% (45.2) // 38.8% (43.6) // 40.1% (45.2) // 40.1% (45.2)",
        "fenwickAgainst": "40.9% (35.1) // 39.9% (34.4) // 40.9% (35.1) // 40.9% (35.1)",
        "shotsAgainst": "42.8% (25.6) // 41.6% (24.5) // 42.8% (25.6) // 42.8% (25.6)",
        "scoringAgainst": "41.1% (23.3) // 37.7% (20.2) // 41.1% (23.3) // 41.1% (23.3)",
        "oppCorsi": "54.2% (66.3) // 52.5% (66.0) // 54.2% (66.3) // 54.2% (66.3)",
        "oppFenwick": "53.6% (49.9) // 52.0% (49.3) // 53.6% (49.9) // 53.6% (49.9)",
        "oppShots": "53.7% (36.5) // 51.9% (35.5) // 53.7% (36.5) // 53.7% (36.5)",
        "oppScoring": "54.6% (34.8) // 53.4% (34.0) // 54.6% (34.8) // 54.6% (34.8)",
        "oppCorsiAgainst": "45.8% (56.1) // 47.5% (59.7) // 45.8% (56.1) // 45.8% (56.1)",
        "oppFenwickAgainst": "46.4% (43.2) // 48.0% (45.5) // 46.4% (43.2) // 46.4% (43.2)",
        "oppShotsAgainst": "46.3% (31.5) // 48.1% (33.0) // 46.3% (31.5) // 46.3% (31.5)",
        "oppScoringAgainst": "45.4% (28.9) // 46.6% (29.7) // 45.4% (28.9) // 45.4% (28.9)",
        "savesPerGame": 23.4,
        "savesPerGameLast1": 27.0,
        "savesPerGameLast3": 24.7,
        "savesPerGameLast5": 24.0,
        "savesPer60": 26.8,
        "savesPer60Last1": 30.2,
        "savesPer60Last3": 25.6,
        "savesPer60Last5": 24.6,
        "shotsPerGame": 34.8,
        "shotsPerGameLast5": 31.2,
        "shotsAgainstPerGame": 26.0,
        "shotsAgainstPerGameLast5": 26.6,
        "oppSavesAgainstPer60": 38.3,
        "oppSavesAgainstPer60Last1": 42.2,
        "oppSavesAgainstPer60Last3": 30.1,
        "oppSavesAgainstPer60Last5": 28.9,
        "oppShotsAgainstPerGame": 31.7,
        "oppShotsAgainstPerGameLast5": 34.8,
        "savesProj": 26.9,
        "savesProjLast5": 21.1,
        "savesProjLast3": 23.6,
        "oppSavesAgainstProj": 30.4,
        "oppSavesAgainstProjLast5": 19.3,
        "oppSavesAgainstProjLast3": 20.9,
        "totalOver": 56,
        "totalOverLast5": 40,
        "totalOverLast15": 33,
        "lastTotalOver": 38,
        "last5": "0,2,0,1,0,0,0,1,0,0",
        "overOdds": "-140",
        "underOdds": "+110",
        "overUnder": "-140 / +110"
    },
    {
        "player": "Matthew Tkachuk",
        "team": "FLA",
        "opponent": "CAR",
        "propType": "pts",
        "line": 1.5,
        "ppLine": "PP1",
        "avg": 1.37,
        "hit": false,
        "diffAvg": -0.09,
        "diffAbs": 0.2,
        "lastAvg": 1.11,
        "diff": -0.26,
        "avgMin": 20,
        "proj": 1.2,
        "lastAvgMin": 17.88,
        "oppOver": 0,
        "teamOver": 0,
        "gameLine": "+120",
        "+/-": "+39",
        "L5_+/-": "+8.0",
        "prevMatchup": "2023-04-13 1.0 pts 2022-12-30 0.0 pts",
        "winLossSplits": "60% - 23%",
        "awayHome": "A",
        "playedYesterday": "N",
        "awayHomeSplits": "34% - 52%",
        "savesAboveExp": -0.44,
        "gsaa": -0.71,
        "corsi": "54.2% (66.3) // 52.5% (66.0) // 54.2% (66.3) // 54.2% (66.3)",
        "fenwick": "53.6% (49.9) // 52.0% (49.3) // 53.6% (49.9) // 53.6% (49.9)",
        "shots": "53.7% (36.5) // 51.9% (35.5) // 53.7% (36.5) // 53.7% (36.5)",
        "scoring": "54.6% (34.8) // 53.4% (34.0) // 54.6% (34.8) // 54.6% (34.8)",
        "corsiAgainst": "45.8% (56.1) // 47.5% (59.7) // 45.8% (56.1) // 45.8% (56.1)",
        "fenwickAgainst": "46.4% (43.2) // 48.0% (45.5) // 46.4% (43.2) // 46.4% (43.2)",
        "shotsAgainst": "46.3% (31.5) // 48.1% (33.0) // 46.3% (31.5) // 46.3% (31.5)",
        "scoringAgainst": "45.4% (28.9) // 46.6% (29.7) // 45.4% (28.9) // 45.4% (28.9)",
        "oppCorsi": "59.9% (67.4) // 61.2% (68.8) // 59.9% (67.4) // 59.9% (67.4)",
        "oppFenwick": "59.1% (50.8) // 60.1% (51.8) // 59.1% (50.8) // 59.1% (50.8)",
        "oppShots": "57.2% (34.3) // 58.4% (34.4) // 57.2% (34.3) // 57.2% (34.3)",
        "oppScoring": "58.9% (33.3) // 62.3% (33.3) // 58.9% (33.3) // 58.9% (33.3)",
        "oppCorsiAgainst": "40.1% (45.2) // 38.8% (43.6) // 40.1% (45.2) // 40.1% (45.2)",
        "oppFenwickAgainst": "40.9% (35.1) // 39.9% (34.4) // 40.9% (35.1) // 40.9% (35.1)",
        "oppShotsAgainst": "42.8% (25.6) // 41.6% (24.5) // 42.8% (25.6) // 42.8% (25.6)",
        "oppScoringAgainst": "41.1% (23.3) // 37.7% (20.2) // 41.1% (23.3) // 41.1% (23.3)",
        "savesPerGame": 28.4,
        "savesPerGameLast1": 51.0,
        "savesPerGameLast3": 32.0,
        "savesPerGameLast5": 32.8,
        "savesPer60": 32.6,
        "savesPer60Last1": 64.2,
        "savesPer60Last3": 35.1,
        "savesPer60Last5": 34.6,
        "shotsPerGame": 36.8,
        "shotsPerGameLast5": 31.0,
        "shotsAgainstPerGame": 31.7,
        "shotsAgainstPerGameLast5": 34.8,
        "oppSavesAgainstPer60": 36.0,
        "oppSavesAgainstPer60Last1": 36.0,
        "oppSavesAgainstPer60Last3": 28.2,
        "oppSavesAgainstPer60Last5": 26.9,
        "oppShotsAgainstPerGame": 26.0,
        "oppShotsAgainstPerGameLast5": 26.6,
        "savesProj": 38.1,
        "savesProjLast5": 34.1,
        "savesProjLast3": 37.1,
        "oppSavesAgainstProj": 34.9,
        "oppSavesAgainstProjLast5": 27.1,
        "oppSavesAgainstProjLast3": 27.5,
        "totalOver": 43,
        "totalOverLast5": 20,
        "totalOverLast15": 33,
        "lastTotalOver": 29,
        "last5": "0,1,0,1,3,1,3,2,2,0",
        "overOdds": "+145",
        "underOdds": "-180",
        "overUnder": "+145 / -180"
    },
    {
        "player": "Sam Bennett",
        "team": "FLA",
        "opponent": "CAR",
        "propType": "pts",
        "line": 0.5,
        "ppLine": "PP1",
        "avg": 0.65,
        "hit": false,
        "diffAvg": 0.3,
        "diffAbs": 0.2,
        "lastAvg": 0.6,
        "diff": 0.2,
        "avgMin": 17,
        "proj": 0.6,
        "lastAvgMin": 16.93,
        "oppOver": 0,
        "teamOver": 0,
        "gameLine": "+120",
        "+/-": "+13",
        "L5_+/-": "+6.0",
        "prevMatchup": "2022-12-30 0.0 pts 2022-11-09 2.0 pts",
        "winLossSplits": "49% - 36%",
        "awayHome": "A",
        "playedYesterday": "N",
