[
    {
        "player": "Moritz Seider",
        "team": "DET",
        "opponent": "TB",
        "propType": "bs",
        "line": 2.5,
        "ppLine": "PP1",
        "avg": 2.33,
        "hit": false,
        "diffAvg": -0.07,
        "diffAbs": 1.0,
        "lastAvg": 0.0,
        "diff": 0,
        "avgMin": 23,
        "proj": 0.0,
        "lastAvgMin": 23.03,
        "oppOver": 0,
        "teamOver": 0,
        "gameLine": "+215",
        "+/-": -8,
        "L5_+/-": 0.0,
        "prevMatchup": "2023-02-25 3.0 bs 2022-12-21 5.0 bs 2022-12-06 2.0 bs",
        "winLossSplits": "46% - 39%",
        "awayHome": "A",
        "playedYesterday": "N",
        "awayHomeSplits": "32% - 51%",
        "savesAboveExp": 0.522,
        "gsaa": 20.23,
        "corsi": "47.1% (51.6) // 45.0% (46.7) // 47.7% (43.1) // 44.5% (40.3)",
        "fenwick": "47.6% (38.5) // 43.9% (33.9) // 45.2% (30.9) // 43.7% (29.0)",
        "shots": "48.1% (27.8) // 43.9% (23.7) // 45.2% (22.4) // 43.9% (20.3)",
        "scoring": "45.9% (25.2) // 44.1% (21.7) // 51.0% (20.5) // 44.4% (16.0)",
        "corsiAgainst": "52.9% (57.9) // 55.0% (57.0) // 52.3% (47.2) // 55.5% (50.3)",
        "fenwickAgainst": "52.4% (42.5) // 56.1% (43.4) // 54.8% (37.4) // 56.3% (37.3)",
        "shotsAgainst": "51.9% (30.0) // 56.1% (30.3) // 54.8% (27.1) // 56.1% (26.0)",
        "scoringAgainst": "54.1% (29.7) // 55.9% (27.5) // 49.0% (19.7) // 55.6% (20.0)",
        "oppCorsi": "51.3% (59.4) // 50.1% (57.4) // 48.6% (59.0) // 53.2% (63.0)",
        "oppFenwick": "51.3% (44.7) // 48.3% (42.2) // 47.7% (44.8) // 50.3% (47.5)",
        "oppShots": "50.4% (31.7) // 48.3% (31.0) // 48.4% (33.5) // 52.9% (36.0)",
        "oppScoring": "52.9% (33.9) // 49.6% (31.6) // 47.1% (32.8) // 49.2% (32.5)",
        "oppCorsiAgainst": "48.7% (56.3) // 49.9% (57.2) // 51.4% (62.5) // 46.8% (55.5)",
        "oppFenwickAgainst": "48.7% (42.4) // 51.7% (45.2) // 52.3% (49.0) // 49.7% (47.0)",
        "oppShotsAgainst": "49.6% (31.2) // 51.7% (33.2) // 51.6% (35.8) // 47.1% (32.0)",
        "oppScoringAgainst": "47.1% (30.2) // 50.4% (32.1) // 52.9% (36.8) // 50.8% (33.5)",
        "savesPerGame": 27.1,
        "savesPerGameLast1": 24.0,
        "savesPerGameLast3": 21.0,
        "savesPerGameLast5": 23.4,
        "savesPer60": 27.1,
        "savesPer60Last1": 23.1,
        "savesPer60Last3": 20.7,
        "savesPer60Last5": 23.5,
        "shotsPerGame": 28.1,
        "shotsPerGameLast5": 22.8,
        "shotsAgainstPerGame": 30.4,
        "shotsAgainstPerGameLast5": 27.6,
        "oppSavesAgainstPer60": 28.6,
        "oppSavesAgainstPer60Last1": 44.8,
        "oppSavesAgainstPer60Last3": 32.1,
        "oppSavesAgainstPer60Last5": 30.1,
        "oppShotsAgainstPerGame": 31.5,
        "oppShotsAgainstPerGameLast5": 36.2,
        "savesProj": 27.2,
        "savesProjLast5": 24.8,
        "savesProjLast3": 23.1,
        "oppSavesAgainstProj": 27.4,
        "oppSavesAgainstProjLast5": 24.6,
        "oppSavesAgainstProjLast3": 22.0,
        "totalOver": 42,
        "totalOverLast5": 40,
        "totalOverLast15": 27,
        "lastTotalOver": 0,
        "last5": "1,3,4,0,0,2,1,1,1,0",
        "overOdds": "+140",
        "underOdds": "-175",
        "overUnder": "+140 / -175"
    },
    {
        "player": "Victor Hedman",
        "team": "TB",
        "opponent": "DET",
        "propType": "bs",
        "line": 1.5,
        "ppLine": "PP2",
        "avg": 1.79,
        "hit": false,
        "diffAvg": 0.19,
        "diffAbs": 1.0,
        "lastAvg": 0.0,
        "diff": 0,
        "avgMin": 23,
        "proj": 0.0,
        "lastAvgMin": 25.07,
        "oppOver": 0,
        "teamOver": 0,
        "gameLine": "-255",
        "+/-": "+10",
        "L5_+/-": -2.0,
        "prevMatchup": "2023-02-25 8.0 bs 2022-12-21 0.0 bs 2022-12-06 2.0 bs",
        "winLossSplits": "53% - 58%",
        "awayHome": "H",
        "playedYesterday": "N",
        "awayHomeSplits": "58% - 53%",
        "savesAboveExp": -0.011,
        "gsaa": -12.73,
        "corsi": "51.3% (59.4) // 50.1% (57.4) // 48.6% (59.0) // 53.2% (63.0)",
        "fenwick": "51.3% (44.7) // 48.3% (42.2) // 47.7% (44.8) // 50.3% (47.5)",
        "shots": "50.4% (31.7) // 48.3% (31.0) // 48.4% (33.5) // 52.9% (36.0)",
        "scoring": "52.9% (33.9) // 49.6% (31.6) // 47.1% (32.8) // 49.2% (32.5)",
        "corsiAgainst": "48.7% (56.3) // 49.9% (57.2) // 51.4% (62.5) // 46.8% (55.5)",
        "fenwickAgainst": "48.7% (42.4) // 51.7% (45.2) // 52.3% (49.0) // 49.7% (47.0)",
        "shotsAgainst": "49.6% (31.2) // 51.7% (33.2) // 51.6% (35.8) // 47.1% (32.0)",
        "scoringAgainst": "47.1% (30.2) // 50.4% (32.1) // 52.9% (36.8) // 50.8% (33.5)",
        "oppCorsi": "47.1% (51.6) // 45.0% (46.7) // 47.7% (43.1) // 44.5% (40.3)",
        "oppFenwick": "47.6% (38.5) // 43.9% (33.9) // 45.2% (30.9) // 43.7% (29.0)",
        "oppShots": "48.1% (27.8) // 43.9% (23.7) // 45.2% (22.4) // 43.9% (20.3)",
        "oppScoring": "45.9% (25.2) // 44.1% (21.7) // 51.0% (20.5) // 44.4% (16.0)",
        "oppCorsiAgainst": "52.9% (57.9) // 55.0% (57.0) // 52.3% (47.2) // 55.5% (50.3)",
        "oppFenwickAgainst": "52.4% (42.5) // 56.1% (43.4) // 54.8% (37.4) // 56.3% (37.3)",
        "oppShotsAgainst": "51.9% (30.0) // 56.1% (30.3) // 54.8% (27.1) // 56.1% (26.0)",
        "oppScoringAgainst": "54.1% (29.7) // 55.9% (27.5) // 49.0% (19.7) // 55.6% (20.0)",
        "savesPerGame": 28.4,
        "savesPerGameLast1": 20.0,
        "savesPerGameLast3": 29.7,
        "savesPerGameLast5": 31.6,
        "savesPer60": 28.4,
        "savesPer60Last1": 19.0,
        "savesPer60Last3": 29.0,
        "savesPer60Last5": 31.2,
        "shotsPerGame": 32.0,
        "shotsPerGameLast5": 33.2,
        "shotsAgainstPerGame": 31.5,
        "shotsAgainstPerGameLast5": 36.2,
        "oppSavesAgainstPer60": 25.3,
        "oppSavesAgainstPer60Last1": 20.9,
        "oppSavesAgainstPer60Last3": 20.2,
        "oppSavesAgainstPer60Last5": 20.6,
        "oppShotsAgainstPerGame": 30.4,
        "oppShotsAgainstPerGameLast5": 27.6,
        "savesProj": 26.4,
        "savesProjLast5": 23.0,
        "savesProjLast3": 20.7,
        "oppSavesAgainstProj": 25.3,
        "oppSavesAgainstProjLast5": 22.8,
        "oppSavesAgainstProjLast3": 20.7,
        "totalOver": 55,
        "totalOverLast5": 60,
        "totalOverLast15": 53,
        "lastTotalOver": 0,
        "last5": "1,2,3,1,3,2,0,3,0,0",
        "overOdds": "-125",
        "underOdds": "-105",
        "overUnder": "-125 / -105"
    },
    {
        "player": "Travis Sanheim",
        "team": "PHI",
        "opponent": "CHI",
        "propType": "bs",
        "line": 1.5,
        "ppLine": "",
        "avg": 1.68,
        "hit": false,
        "diffAvg": 0.12,
        "diffAbs": 1.0,
        "lastAvg": 0.0,
        "diff": 0,
        "avgMin": 20,
        "proj": 0.0,
        "lastAvgMin": 22.97,
        "oppOver": 0,
        "teamOver": 0,
        "gameLine": "-120",
        "+/-": -6,
        "L5_+/-": 0.0,
        "prevMatchup": "2023-01-19 1.0 bs",
        "winLossSplits": "64% - 41%",
        "awayHome": "A",
        "playedYesterday": "N",
        "awayHomeSplits": "46% - 52%",
        "savesAboveExp": 0.296,
        "gsaa": 4.41,
        "corsi": "46.9% (53.9) // 49.2% (55.2) // 50.3% (57.1) // 52.5% (59.1)",
        "fenwick": "47.8% (40.4) // 49.9% (42.8) // 52.6% (45.7) // 54.3% (46.8)",
        "shots": "48.3% (29.1) // 48.8% (29.4) // 52.3% (31.9) // 54.5% (33.5)",
        "scoring": "45.0% (25.7) // 47.4% (27.4) // 48.6% (28.2) // 53.5% (30.2)",
        "corsiAgainst": "53.1% (61.1) // 50.8% (57.1) // 49.7% (56.5) // 47.5% (53.6)",
        "fenwickAgainst": "52.2% (44.2) // 50.1% (42.9) // 47.4% (41.2) // 45.7% (39.3)",
        "shotsAgainst": "51.7% (31.1) // 51.2% (30.9) // 47.7% (29.1) // 45.5% (27.9)",
        "scoringAgainst": "55.0% (31.4) // 52.6% (30.5) // 51.4% (29.7) // 46.5% (26.3)",
        "oppCorsi": "44.4% (48.9) // 46.3% (50.9) // 48.7% (56.4) // 51.9% (62.7)",
        "oppFenwick": "44.6% (36.8) // 47.1% (38.2) // 48.9% (41.4) // 51.9% (44.7)",
        "oppShots": "44.4% (26.6) // 46.6% (27.6) // 49.4% (30.8) // 51.3% (32.7)",
        "oppScoring": "41.7% (23.4) // 44.5% (23.9) // 44.3% (26.2) // 44.9% (26.7)",
        "oppCorsiAgainst": "55.6% (61.3) // 53.7% (59.1) // 51.3% (59.4) // 48.1% (58.0)",
        "oppFenwickAgainst": "55.4% (45.7) // 52.9% (42.9) // 51.1% (43.2) // 48.1% (41.3)",
        "oppShotsAgainst": "55.6% (33.3) // 53.4% (31.6) // 50.6% (31.6) // 48.7% (31.0)",
        "oppScoringAgainst": "58.3% (32.6) // 55.5% (29.8) // 55.7% (33.0) // 55.1% (32.7)",
        "savesPerGame": 28.1,
        "savesPerGameLast1": 28.0,
        "savesPerGameLast3": 24.7,
        "savesPerGameLast5": 25.6,
        "savesPer60": 27.6,
        "savesPer60Last1": 30.2,
        "savesPer60Last3": 24.9,
        "savesPer60Last5": 25.7,
        "shotsPerGame": 29.4,
        "shotsPerGameLast5": 32.4,
        "shotsAgainstPerGame": 31.4,
        "shotsAgainstPerGameLast5": 29.6,
        "oppSavesAgainstPer60": 24.4,
        "oppSavesAgainstPer60Last1": 21.9,
        "oppSavesAgainstPer60Last3": 29.4,
        "oppSavesAgainstPer60Last5": 28.0,
        "oppShotsAgainstPerGame": 33.6,
        "oppShotsAgainstPerGameLast5": 31.6,
        "savesProj": 22.8,
        "savesProjLast5": 24.4,
        "savesProjLast3": 24.8,
        "oppSavesAgainstProj": 24.0,
        "oppSavesAgainstProjLast5": 26.2,
        "oppSavesAgainstProjLast3": 26.0,
        "totalOver": 49,
        "totalOverLast5": 80,
        "totalOverLast15": 60,
        "lastTotalOver": 0,
        "last5": "2,2,2,4,1,2,0,1,1,1",
        "overOdds": "-120",
        "underOdds": "-110",
        "overUnder": "-120 / -110"
    },
    {
        "player": "Caleb Jones",
        "team": "CHI",
        "opponent": "PHI",
        "propType": "bs",
        "line": 1.5,
        "ppLine": "PP2",
        "avg": 1.64,
        "hit": false,
        "diffAvg": 0.09,
        "diffAbs": 1.0,
        "lastAvg": 0.0,
        "diff": 0,
        "avgMin": 19,
        "proj": 0.0,
        "lastAvgMin": 16.72,
        "oppOver": 0,
        "teamOver": 0,
        "gameLine": "+100",
        "+/-": -17,
        "L5_+/-": 0.0,
        "prevMatchup": "2023-01-19 2.0 bs",
        "winLossSplits": "42% - 54%",
        "awayHome": "H",
        "playedYesterday": "N",
        "awayHomeSplits": "53% - 47%",
        "savesAboveExp": 0.493,
        "gsaa": 4.16,
        "corsi": "44.4% (48.9) // 46.3% (50.9) // 48.7% (56.4) // 51.9% (62.7)",
        "fenwick": "44.6% (36.8) // 47.1% (38.2) // 48.9% (41.4) // 51.9% (44.7)",
        "shots": "44.4% (26.6) // 46.6% (27.6) // 49.4% (30.8) // 51.3% (32.7)",
        "scoring": "41.7% (23.4) // 44.5% (23.9) // 44.3% (26.2) // 44.9% (26.7)",
        "corsiAgainst": "55.6% (61.3) // 53.7% (59.1) // 51.3% (59.4) // 48.1% (58.0)",
        "fenwickAgainst": "55.4% (45.7) // 52.9% (42.9) // 51.1% (43.2) // 48.1% (41.3)",
        "shotsAgainst": "55.6% (33.3) // 53.4% (31.6) // 50.6% (31.6) // 48.7% (31.0)",
        "scoringAgainst": "58.3% (32.6) // 55.5% (29.8) // 55.7% (33.0) // 55.1% (32.7)",
        "oppCorsi": "46.9% (53.9) // 49.2% (55.2) // 50.3% (57.1) // 52.5% (59.1)",
        "oppFenwick": "47.8% (40.4) // 49.9% (42.8) // 52.6% (45.7) // 54.3% (46.8)",
        "oppShots": "48.3% (29.1) // 48.8% (29.4) // 52.3% (31.9) // 54.5% (33.5)",
        "oppScoring": "45.0% (25.7) // 47.4% (27.4) // 48.6% (28.2) // 53.5% (30.2)",
        "oppCorsiAgainst": "53.1% (61.1) // 50.8% (57.1) // 49.7% (56.5) // 47.5% (53.6)",
        "oppFenwickAgainst": "52.2% (44.2) // 50.1% (42.9) // 47.4% (41.2) // 45.7% (39.3)",
        "oppShotsAgainst": "51.7% (31.1) // 51.2% (30.9) // 47.7% (29.1) // 45.5% (27.9)",
        "oppScoringAgainst": "55.0% (31.4) // 52.6% (30.5) // 51.4% (29.7) // 46.5% (26.3)",
        "savesPerGame": 30.0,
        "savesPerGameLast1": 38.0,
        "savesPerGameLast3": 26.7,
        "savesPerGameLast5": 27.8,
        "savesPer60": 29.5,
        "savesPer60Last1": 38.0,
        "savesPer60Last3": 26.4,
        "savesPer60Last5": 27.6,
        "shotsPerGame": 26.8,
        "shotsPerGameLast5": 30.8,
        "shotsAgainstPerGame": 33.6,
        "shotsAgainstPerGameLast5": 31.6,
        "oppSavesAgainstPer60": 26.4,
        "oppSavesAgainstPer60Last1": 34.9,
        "oppSavesAgainstPer60Last3": 32.0,
        "oppSavesAgainstPer60Last5": 30.8,
        "oppShotsAgainstPerGame": 31.4,
        "oppShotsAgainstPerGameLast5": 29.6,
        "savesProj": 28.6,
        "savesProjLast5": 30.4,
        "savesProjLast3": 30.6,
        "oppSavesAgainstProj": 27.7,
        "oppSavesAgainstProjLast5": 29.1,
        "oppSavesAgainstProjLast3": 29.3,
        "totalOver": 50,
        "totalOverLast5": 60,
        "totalOverLast15": 47,
        "lastTotalOver": 0,
        "last5": "2,1,0,3,2,3,2,1,5,1",
        "overOdds": "-145",
        "underOdds": "+115",
        "overUnder": "-145 / +115"
    },
    {
        "player": "Cam Fowler",
        "team": "ANA",
        "opponent": "LA",
        "propType": "bs",
        "line": 1.5,
        "ppLine": "PP1",
        "avg": 1.26,
        "hit": false,
        "diffAvg": -0.16,
        "diffAbs": 1.0,
        "lastAvg": 0.0,
        "diff": 0,
        "avgMin": 24,
        "proj": 0.0,
        "lastAvgMin": 24.4,
        "oppOver": 0,
        "teamOver": 0,
        "gameLine": "+190",
        "+/-": -22,
        "L5_+/-": -5.0,
        "prevMatchup": "2023-02-17 1.0 bs 2022-12-20 1.0 bs",
        "winLossSplits": "35% - 33%",
        "awayHome": "H",
        "playedYesterday": "N",
        "awayHomeSplits": "41% - 25%",
        "savesAboveExp": 0.074,
        "gsaa": -1.48,
        "corsi": "43.3% (51.1) // 41.2% (47.3) // 43.8% (49.5) // 42.1% (48.8)",
        "fenwick": "42.2% (38.4) // 39.9% (35.8) // 41.7% (36.5) // 40.4% (36.0)",
        "shots": "42.0% (28.0) // 40.5% (26.3) // 42.8% (27.8) // 41.8% (27.7)",
        "scoring": "41.2% (25.4) // 38.5% (22.0) // 42.2% (24.9) // 42.2% (25.2)",
        "corsiAgainst": "56.7% (67.0) // 58.8% (67.5) // 56.2% (63.6) // 57.9% (66.9)",
        "fenwickAgainst": "57.8% (52.6) // 60.1% (54.0) // 58.3% (51.0) // 59.6% (53.2)",
        "shotsAgainst": "58.0% (38.6) // 59.5% (38.7) // 57.2% (37.2) // 58.2% (38.6)",
        "scoringAgainst": "58.8% (36.2) // 61.5% (35.2) // 57.8% (34.1) // 57.8% (34.4)",
        "oppCorsi": "51.4% (58.5) // 49.0% (54.1) // 50.2% (55.8) // 56.7% (61.5)",
        "oppFenwick": "52.8% (44.1) // 50.6% (41.3) // 51.4% (41.2) // 58.8% (45.0)",
        "oppShots": "53.7% (31.9) // 51.8% (30.2) // 51.9% (30.5) // 61.6% (34.5)",
        "oppScoring": "51.8% (31.2) // 49.5% (27.5) // 50.0% (29.2) // 55.8% (33.5)",
        "oppCorsiAgainst": "48.6% (55.3) // 51.0% (56.3) // 49.8% (55.2) // 43.3% (47.0)",
        "oppFenwickAgainst": "47.2% (39.5) // 49.4% (40.3) // 48.6% (39.0) // 41.2% (31.5)",
        "oppShotsAgainst": "46.3% (27.6) // 48.2% (28.1) // 48.1% (28.2) // 38.4% (21.5)",
        "oppScoringAgainst": "48.2% (29.0) // 50.5% (28.0) // 50.0% (29.2) // 44.2% (26.5)",
        "savesPerGame": 35.1,
        "savesPerGameLast1": 33.0,
        "savesPerGameLast3": 36.0,
        "savesPerGameLast5": 34.8,
        "savesPer60": 35.3,
        "savesPer60Last1": 32.3,
        "savesPer60Last3": 37.4,
        "savesPer60Last5": 35.4,
        "shotsPerGame": 28.4,
        "shotsPerGameLast5": 27.4,
        "shotsAgainstPerGame": 39.1,
        "shotsAgainstPerGameLast5": 39.0,
        "oppSavesAgainstPer60": 29.1,
        "oppSavesAgainstPer60Last1": 24.4,
        "oppSavesAgainstPer60Last3": 31.5,
        "oppSavesAgainstPer60Last5": 27.4,
        "oppShotsAgainstPerGame": 28.0,
        "oppShotsAgainstPerGameLast5": 27.6,
        "savesProj": 41.0,
        "savesProjLast5": 37.9,
        "savesProjLast3": 46.4,
        "oppSavesAgainstProj": 36.3,
        "oppSavesAgainstProjLast5": 33.8,
        "oppSavesAgainstProjLast3": 42.6,
        "totalOver": 33,
        "totalOverLast5": 60,
        "totalOverLast15": 67,
        "lastTotalOver": 0,
        "last5": "1,3,4,0,4,2,3,3,0,2",
        "overOdds": "-135",
        "underOdds": "+105",
        "overUnder": "-135 / +105"
    },
    {
        "player": "Sean Durzi",
        "team": "LA",
        "opponent": "ANA",
        "propType": "bs",
        "line": 1.5,
        "ppLine": "PP2",
        "avg": 1.99,
        "hit": false,
        "diffAvg": 0.33,
        "diffAbs": 1.0,
        "lastAvg": 0.0,
        "diff": 0,
        "avgMin": 19,
        "proj": 0.0,
        "lastAvgMin": 19.58,
        "oppOver": 0,
        "teamOver": 0,
        "gameLine": "-225",
        "+/-": -12,
        "L5_+/-": -1.0,
        "prevMatchup": "2023-02-17 1.0 bs 2022-12-20 1.0 bs",
        "winLossSplits": "61% - 60%",
        "awayHome": "A",
        "playedYesterday": "N",
        "awayHomeSplits": "55% - 67%",
        "savesAboveExp": -0.223,
        "gsaa": -9.79,
        "corsi": "51.4% (58.5) // 49.0% (54.1) // 50.2% (55.8) // 56.7% (61.5)",
        "fenwick": "52.8% (44.1) // 50.6% (41.3) // 51.4% (41.2) // 58.8% (45.0)",
        "shots": "53.7% (31.9) // 51.8% (30.2) // 51.9% (30.5) // 61.6% (34.5)",
        "scoring": "51.8% (31.2) // 49.5% (27.5) // 50.0% (29.2) // 55.8% (33.5)",
        "corsiAgainst": "48.6% (55.3) // 51.0% (56.3) // 49.8% (55.2) // 43.3% (47.0)",
        "fenwickAgainst": "47.2% (39.5) // 49.4% (40.3) // 48.6% (39.0) // 41.2% (31.5)",
        "shotsAgainst": "46.3% (27.6) // 48.2% (28.1) // 48.1% (28.2) // 38.4% (21.5)",
        "scoringAgainst": "48.2% (29.0) // 50.5% (28.0) // 50.0% (29.2) // 44.2% (26.5)",
        "oppCorsi": "43.3% (51.1) // 41.2% (47.3) // 43.8% (49.5) // 42.1% (48.8)",
        "oppFenwick": "42.2% (38.4) // 39.9% (35.8) // 41.7% (36.5) // 40.4% (36.0)",
        "oppShots": "42.0% (28.0) // 40.5% (26.3) // 42.8% (27.8) // 41.8% (27.7)",
        "oppScoring": "41.2% (25.4) // 38.5% (22.0) // 42.2% (24.9) // 42.2% (25.2)",
        "oppCorsiAgainst": "56.7% (67.0) // 58.8% (67.5) // 56.2% (63.6) // 57.9% (66.9)",
        "oppFenwickAgainst": "57.8% (52.6) // 60.1% (54.0) // 58.3% (51.0) // 59.6% (53.2)",
        "oppShotsAgainst": "58.0% (38.6) // 59.5% (38.7) // 57.2% (37.2) // 58.2% (38.6)",
        "oppScoringAgainst": "58.8% (36.2) // 61.5% (35.2) // 57.8% (34.1) // 57.8% (34.4)",
        "savesPerGame": 24.9,
        "savesPerGameLast1": 20.0,
        "savesPerGameLast3": 23.7,
        "savesPerGameLast5": 25.0,
        "savesPer60": 25.0,
        "savesPer60Last1": 20.0,
        "savesPer60Last3": 23.3,
        "savesPer60Last5": 24.8,
        "shotsPerGame": 32.4,
        "shotsPerGameLast5": 29.4,
        "shotsAgainstPerGame": 28.0,
        "shotsAgainstPerGameLast5": 27.6,
        "oppSavesAgainstPer60": 26.1,
        "oppSavesAgainstPer60Last1": 34.7,
        "oppSavesAgainstPer60Last3": 26.6,
        "oppSavesAgainstPer60Last5": 25.3,
        "oppShotsAgainstPerGame": 39.1,
        "oppShotsAgainstPerGameLast5": 39.0,
        "savesProj": 18.4,
        "savesProjLast5": 17.1,
        "savesProjLast3": 16.9,
        "oppSavesAgainstProj": 23.1,
        "oppSavesAgainstProjLast5": 22.3,
        "oppSavesAgainstProjLast3": 22.2,
        "totalOver": 61,
        "totalOverLast5": 100,
        "totalOverLast15": 60,
        "lastTotalOver": 0,
        "last5": "3,5,2,7,3,3,0,7,1,0",
        "overOdds": "-190",
        "underOdds": "+155",
        "overUnder": "-190 / +155"
    },
    {
        "player": "Alec Martinez",
        "team": "VGK",
        "opponent": "SEA",
        "propType": "bs",
        "line": 2.5,
        "ppLine": "",
        "avg": 3.17,
        "hit": false,
        "diffAvg": 0.27,
        "diffAbs": 1.0,
        "lastAvg": 0.0,
        "diff": 0,
        "avgMin": 19,
        "proj": 0.0,
        "lastAvgMin": 19.53,
        "oppOver": 0,
        "teamOver": 0,
        "gameLine": "-120",
        "+/-": "+27",
        "L5_+/-": "+7.0",
        "prevMatchup": "2023-04-11 1.0 bs 2022-11-25 7.0 bs 2022-10-15 3.0 bs",
        "winLossSplits": "65% - 50%",
        "awayHome": "A",
        "playedYesterday": "N",
        "awayHomeSplits": "59% - 59%",
        "savesAboveExp": -0.168,
        "gsaa": -8.82,
        "corsi": "48.8% (57.7) // 48.6% (57.9) // 51.9% (59.3) // 49.5% (51.9)",
        "fenwick": "49.9% (42.5) // 49.8% (42.3) // 51.5% (41.5) // 49.7% (36.5)",
        "shots": "50.6% (31.2) // 50.2% (30.1) // 52.4% (29.1) // 55.3% (27.4)",
        "scoring": "49.7% (29.4) // 49.5% (30.3) // 52.2% (27.8) // 55.1% (28.3)",
        "corsiAgainst": "51.2% (60.5) // 51.4% (61.2) // 48.1% (54.9) // 50.5% (52.8)",
        "fenwickAgainst": "50.1% (42.7) // 50.2% (42.6) // 48.5% (39.0) // 50.3% (37.0)",
        "shotsAgainst": "49.4% (30.4) // 49.8% (29.8) // 47.6% (26.4) // 44.7% (22.1)",
        "scoringAgainst": "50.3% (29.7) // 50.5% (30.8) // 47.8% (25.5) // 44.9% (23.0)",
        "oppCorsi": "52.0% (57.1) // 55.3% (57.2) // 51.1% (53.3) // 50.5% (55.7)",
        "oppFenwick": "52.3% (42.9) // 56.7% (44.2) // 52.9% (41.3) // 51.2% (41.7)",
        "oppShots": "52.9% (30.2) // 58.3% (32.3) // 53.8% (30.5) // 50.0% (29.7)",
        "oppScoring": "50.4% (27.3) // 55.2% (25.8) // 51.8% (26.5) // 51.2% (29.3)",
        "oppCorsiAgainst": "48.0% (52.7) // 44.7% (46.2) // 48.9% (51.0) // 49.5% (54.7)",
        "oppFenwickAgainst": "47.7% (39.1) // 43.3% (33.7) // 47.1% (36.8) // 48.8% (39.7)",
        "oppShotsAgainst": "47.1% (26.9) // 41.7% (23.1) // 46.2% (26.2) // 50.0% (29.7)",
        "oppScoringAgainst": "49.6% (26.9) // 44.8% (20.9) // 48.2% (24.7) // 48.8% (28.0)",
        "savesPerGame": 28.1,
        "savesPerGameLast1": 20.0,
        "savesPerGameLast3": 24.7,
        "savesPerGameLast5": 25.6,
        "savesPer60": 28.3,
        "savesPer60Last1": 20.0,
        "savesPer60Last3": 25.3,
        "savesPer60Last5": 26.5,
        "shotsPerGame": 31.7,
        "shotsPerGameLast5": 30.4,
        "shotsAgainstPerGame": 30.9,
        "shotsAgainstPerGameLast5": 27.6,
        "oppSavesAgainstPer60": 26.7,
        "oppSavesAgainstPer60Last1": 20.0,
        "oppSavesAgainstPer60Last3": 25.3,
        "oppSavesAgainstPer60Last5": 25.7,
        "oppShotsAgainstPerGame": 27.1,
        "oppShotsAgainstPerGameLast5": 27.2,
        "savesProj": 31.5,
        "savesProjLast5": 28.6,
        "savesProjLast3": 26.9,
        "oppSavesAgainstProj": 26.8,
        "oppSavesAgainstProjLast5": 23.5,
        "oppSavesAgainstProjLast3": 22.2,
        "totalOver": 59,
        "totalOverLast5": 20,
        "totalOverLast15": 47,
        "lastTotalOver": 0,
        "last5": "1,2,4,2,2,3,4,3,5,2",
        "overOdds": "+100",
        "underOdds": "-130",
        "overUnder": "+100 / -130"
    }
]