[
    {
        "player": "David Perron",
        "team": "DET",
        "opponent": "DAL",
        "propType": "pts",
        "line": 0.5,
        "ppLine": "PP1",
        "avg": 0.68,
        "hit": false,
        "diffAvg": 0.36,
        "diffAbs": 0.4,
        "lastAvg": 0.72,
        "diff": 0.44,
        "avgMin": 16,
        "proj": 0.7,
        "lastAvgMin": 16.98,
        "oppOver": 0,
        "teamOver": 0,
        "gameLine": "+155",
        "+/-": -3,
        "L5_+/-": "+4.0",
        "prevMatchup": "2022-12-10 1.0 pts",
        "winLossSplits": "60% - 39%",
        "awayHome": "H",
        "playedYesterday": "N",
        "awayHomeSplits": "56% - 40%",
        "savesAboveExp": 0.39,
        "gsaa": 23.58,
        "corsi": "47.2% (52.0) // 47.9% (50.5) // 47.2% (48.6) // 51.4% (47.4)",
        "fenwick": "47.7% (38.8) // 46.8% (36.2) // 45.9% (35.0) // 47.6% (32.8)",
        "shots": "48.1% (28.0) // 46.0% (25.2) // 43.0% (24.0) // 45.3% (23.7)",
        "scoring": "45.9% (25.4) // 46.2% (23.3) // 47.4% (23.6) // 53.9% (22.7)",
        "corsiAgainst": "52.8% (58.1) // 52.1% (54.8) // 52.8% (54.3) // 48.6% (44.8)",
        "fenwickAgainst": "52.3% (42.6) // 53.2% (41.2) // 54.1% (41.3) // 52.4% (36.0)",
        "shotsAgainst": "51.9% (30.2) // 54.0% (29.5) // 57.0% (31.9) // 54.7% (28.5)",
        "scoringAgainst": "54.1% (29.9) // 53.8% (27.1) // 52.6% (26.2) // 46.1% (19.5)",
        "oppCorsi": "51.7% (59.9) // 51.8% (54.3) // 53.6% (54.1) // 54.3% (54.3)",
        "oppFenwick": "51.1% (43.7) // 50.8% (39.6) // 54.0% (40.1) // 51.7% (37.0)",
        "oppShots": "51.4% (31.5) // 51.4% (28.2) // 53.4% (27.5) // 55.0% (26.4)",
        "oppScoring": "53.2% (31.4) // 54.6% (29.6) // 59.3% (29.5) // 57.0% (27.4)",
        "oppCorsiAgainst": "48.3% (55.9) // 48.2% (50.5) // 46.4% (46.8) // 45.7% (45.6)",
        "oppFenwickAgainst": "48.9% (41.9) // 49.2% (38.4) // 46.0% (34.2) // 48.3% (34.6)",
        "oppShotsAgainst": "48.6% (29.8) // 48.6% (26.6) // 46.6% (24.0) // 45.0% (21.6)",
        "oppScoringAgainst": "46.8% (27.6) // 45.4% (24.6) // 40.7% (20.3) // 43.0% (20.6)",
        "savesPerGame": 27.3,
        "savesPerGameLast1": 23.0,
        "savesPerGameLast3": 25.7,
        "savesPerGameLast5": 28.6,
        "savesPer60": 27.3,
        "savesPer60Last1": 22.9,
        "savesPer60Last3": 26.2,
        "savesPer60Last5": 28.9,
        "shotsPerGame": 28.3,
        "shotsPerGameLast5": 24.4,
        "shotsAgainstPerGame": 30.6,
        "shotsAgainstPerGameLast5": 32.4,
        "oppSavesAgainstPer60": 28.3,
        "oppSavesAgainstPer60Last1": 26.0,
        "oppSavesAgainstPer60Last3": 24.3,
        "oppSavesAgainstPer60Last5": 24.6,
        "oppShotsAgainstPerGame": 30.2,
        "oppShotsAgainstPerGameLast5": 24.4,
        "savesProj": 27.8,
        "savesProjLast5": 25.7,
        "savesProjLast3": 22.4,
        "oppSavesAgainstProj": 27.3,
        "oppSavesAgainstProjLast5": 25.1,
        "oppSavesAgainstProjLast3": 22.5,
        "totalOver": 48,
        "totalOverLast5": 60,
        "totalOverLast15": 53,
        "lastTotalOver": 57,
        "last5": "0,1,3,0,1,2,3,0,1,1",
        "overOdds": "-120",
        "underOdds": "-110",
        "overUnder": "-120 / -110"
    },
    {
        "player": "Dylan Larkin",
        "team": "DET",
        "opponent": "DAL",
        "propType": "pts",
        "line": 0.5,
        "ppLine": "PP1",
        "avg": 1.0,
        "hit": false,
        "diffAvg": 1.0,
        "diffAbs": 0.8,
        "lastAvg": 0.96,
        "diff": 0.92,
        "avgMin": 19,
        "proj": 0.9,
        "lastAvgMin": 19.65,
        "oppOver": 0,
        "teamOver": 0,
        "gameLine": "+155",
        "+/-": -2,
        "L5_+/-": "+3.0",
        "prevMatchup": "2022-12-10 1.0 pts",
        "winLossSplits": "83% - 56%",
        "awayHome": "H",
        "playedYesterday": "N",
        "awayHomeSplits": "61% - 75%",
        "savesAboveExp": 0.39,
        "gsaa": 23.58,
        "corsi": "47.2% (52.0) // 47.9% (50.5) // 47.2% (48.6) // 51.4% (47.4)",
        "fenwick": "47.7% (38.8) // 46.8% (36.2) // 45.9% (35.0) // 47.6% (32.8)",
        "shots": "48.1% (28.0) // 46.0% (25.2) // 43.0% (24.0) // 45.3% (23.7)",
        "scoring": "45.9% (25.4) // 46.2% (23.3) // 47.4% (23.6) // 53.9% (22.7)",
        "corsiAgainst": "52.8% (58.1) // 52.1% (54.8) // 52.8% (54.3) // 48.6% (44.8)",
        "fenwickAgainst": "52.3% (42.6) // 53.2% (41.2) // 54.1% (41.3) // 52.4% (36.0)",
        "shotsAgainst": "51.9% (30.2) // 54.0% (29.5) // 57.0% (31.9) // 54.7% (28.5)",
        "scoringAgainst": "54.1% (29.9) // 53.8% (27.1) // 52.6% (26.2) // 46.1% (19.5)",
        "oppCorsi": "51.7% (59.9) // 51.8% (54.3) // 53.6% (54.1) // 54.3% (54.3)",
        "oppFenwick": "51.1% (43.7) // 50.8% (39.6) // 54.0% (40.1) // 51.7% (37.0)",
        "oppShots": "51.4% (31.5) // 51.4% (28.2) // 53.4% (27.5) // 55.0% (26.4)",
        "oppScoring": "53.2% (31.4) // 54.6% (29.6) // 59.3% (29.5) // 57.0% (27.4)",
        "oppCorsiAgainst": "48.3% (55.9) // 48.2% (50.5) // 46.4% (46.8) // 45.7% (45.6)",
        "oppFenwickAgainst": "48.9% (41.9) // 49.2% (38.4) // 46.0% (34.2) // 48.3% (34.6)",
        "oppShotsAgainst": "48.6% (29.8) // 48.6% (26.6) // 46.6% (24.0) // 45.0% (21.6)",
        "oppScoringAgainst": "46.8% (27.6) // 45.4% (24.6) // 40.7% (20.3) // 43.0% (20.6)",
        "savesPerGame": 27.3,
        "savesPerGameLast1": 23.0,
        "savesPerGameLast3": 25.7,
        "savesPerGameLast5": 28.6,
        "savesPer60": 27.3,
        "savesPer60Last1": 22.9,
        "savesPer60Last3": 26.2,
        "savesPer60Last5": 28.9,
        "shotsPerGame": 28.3,
        "shotsPerGameLast5": 24.4,
        "shotsAgainstPerGame": 30.6,
        "shotsAgainstPerGameLast5": 32.4,
        "oppSavesAgainstPer60": 28.3,
        "oppSavesAgainstPer60Last1": 26.0,
        "oppSavesAgainstPer60Last3": 24.3,
        "oppSavesAgainstPer60Last5": 24.6,
        "oppShotsAgainstPerGame": 30.2,
        "oppShotsAgainstPerGameLast5": 24.4,
        "savesProj": 27.8,
        "savesProjLast5": 25.7,
        "savesProjLast3": 22.4,
        "oppSavesAgainstProj": 27.3,
        "oppSavesAgainstProjLast5": 25.1,
        "oppSavesAgainstProjLast3": 22.5,
        "totalOver": 68,
        "totalOverLast5": 60,
        "totalOverLast15": 67,
        "lastTotalOver": 63,
        "last5": "0,2,0,3,1,1,3,0,1,1",
        "overOdds": "-175",
        "underOdds": "+140",
        "overUnder": "-175 / +140"
    },
    {
        "player": "Jamie Benn",
        "team": "DAL",
        "opponent": "DET",
        "propType": "pts",
        "line": 0.5,
        "ppLine": "PP1",
        "avg": 0.94,
        "hit": false,
        "diffAvg": 0.88,
        "diffAbs": 0.0,
        "lastAvg": 0.52,
        "diff": 0.04,
        "avgMin": 15,
        "proj": 0.5,
        "lastAvgMin": 16.73,
        "oppOver": 0,
        "teamOver": 0,
        "gameLine": "-180",
        "+/-": "+20",
        "L5_+/-": -3.0,
        "prevMatchup": "2022-12-10 1.0 pts",
        "winLossSplits": "70% - 49%",
        "awayHome": "A",
        "playedYesterday": "N",
        "awayHomeSplits": "62% - 60%",
        "savesAboveExp": -0.011,
        "gsaa": -9.81,
        "corsi": "51.7% (59.9) // 51.8% (54.3) // 53.6% (54.1) // 54.3% (54.3)",
        "fenwick": "51.1% (43.7) // 50.8% (39.6) // 54.0% (40.1) // 51.7% (37.0)",
        "shots": "51.4% (31.5) // 51.4% (28.2) // 53.4% (27.5) // 55.0% (26.4)",
        "scoring": "53.2% (31.4) // 54.6% (29.6) // 59.3% (29.5) // 57.0% (27.4)",
        "corsiAgainst": "48.3% (55.9) // 48.2% (50.5) // 46.4% (46.8) // 45.7% (45.6)",
        "fenwickAgainst": "48.9% (41.9) // 49.2% (38.4) // 46.0% (34.2) // 48.3% (34.6)",
        "shotsAgainst": "48.6% (29.8) // 48.6% (26.6) // 46.6% (24.0) // 45.0% (21.6)",
        "scoringAgainst": "46.8% (27.6) // 45.4% (24.6) // 40.7% (20.3) // 43.0% (20.6)",
        "oppCorsi": "47.2% (52.0) // 47.9% (50.5) // 47.2% (48.6) // 51.4% (47.4)",
        "oppFenwick": "47.7% (38.8) // 46.8% (36.2) // 45.9% (35.0) // 47.6% (32.8)",
        "oppShots": "48.1% (28.0) // 46.0% (25.2) // 43.0% (24.0) // 45.3% (23.7)",
        "oppScoring": "45.9% (25.4) // 46.2% (23.3) // 47.4% (23.6) // 53.9% (22.7)",
        "oppCorsiAgainst": "52.8% (58.1) // 52.1% (54.8) // 52.8% (54.3) // 48.6% (44.8)",
        "oppFenwickAgainst": "52.3% (42.6) // 53.2% (41.2) // 54.1% (41.3) // 52.4% (36.0)",
        "oppShotsAgainst": "51.9% (30.2) // 54.0% (29.5) // 57.0% (31.9) // 54.7% (28.5)",
        "oppScoringAgainst": "54.1% (29.9) // 53.8% (27.1) // 52.6% (26.2) // 46.1% (19.5)",
        "savesPerGame": 27.6,
        "savesPerGameLast1": 19.0,
        "savesPerGameLast3": 23.0,
        "savesPerGameLast5": 22.4,
        "savesPer60": 27.7,
        "savesPer60Last1": 20.6,
        "savesPer60Last3": 23.5,
        "savesPer60Last5": 22.5,
        "shotsPerGame": 31.9,
        "shotsPerGameLast5": 28.0,
        "shotsAgainstPerGame": 30.2,
        "shotsAgainstPerGameLast5": 24.4,
        "oppSavesAgainstPer60": 25.5,
        "oppSavesAgainstPer60Last1": 19.9,
        "oppSavesAgainstPer60Last3": 21.2,
        "oppSavesAgainstPer60Last5": 21.2,
        "oppShotsAgainstPerGame": 30.6,
        "oppShotsAgainstPerGameLast5": 32.4,
        "savesProj": 25.7,
        "savesProjLast5": 17.0,
        "savesProjLast3": 17.5,
        "oppSavesAgainstProj": 25.1,
        "oppSavesAgainstProjLast5": 17.5,
        "oppSavesAgainstProjLast3": 18.0,
        "totalOver": 61,
        "totalOverLast5": 60,
        "totalOverLast15": 53,
        "lastTotalOver": 39,
        "last5": "0,1,1,0,1,0,0,1,3,2",
        "overOdds": "-135",
        "underOdds": "+105",
        "overUnder": "-135 / +105"
    },
    {
        "player": "Jason Robertson",
        "team": "DAL",
        "opponent": "DET",
        "propType": "pts",
        "line": 1.5,
        "ppLine": "PP1",
        "avg": 1.3,
        "hit": false,
        "diffAvg": -0.13,
        "diffAbs": 0.33,
        "lastAvg": 0.98,
        "diff": -0.35,
        "avgMin": 18,
        "proj": 1.0,
        "lastAvgMin": 18.1,
        "oppOver": 0,
        "teamOver": 0,
        "gameLine": "-180",
        "+/-": "+34",
        "L5_+/-": "+7.0",
        "prevMatchup": "2022-12-10 1.0 pts",
        "winLossSplits": "50% - 29%",
        "awayHome": "A",
        "playedYesterday": "N",
        "awayHomeSplits": "33% - 48%",
        "savesAboveExp": -0.011,
        "gsaa": -9.81,
        "corsi": "51.7% (59.9) // 51.8% (54.3) // 53.6% (54.1) // 54.3% (54.3)",
        "fenwick": "51.1% (43.7) // 50.8% (39.6) // 54.0% (40.1) // 51.7% (37.0)",
        "shots": "51.4% (31.5) // 51.4% (28.2) // 53.4% (27.5) // 55.0% (26.4)",
        "scoring": "53.2% (31.4) // 54.6% (29.6) // 59.3% (29.5) // 57.0% (27.4)",
        "corsiAgainst": "48.3% (55.9) // 48.2% (50.5) // 46.4% (46.8) // 45.7% (45.6)",
        "fenwickAgainst": "48.9% (41.9) // 49.2% (38.4) // 46.0% (34.2) // 48.3% (34.6)",
        "shotsAgainst": "48.6% (29.8) // 48.6% (26.6) // 46.6% (24.0) // 45.0% (21.6)",
        "scoringAgainst": "46.8% (27.6) // 45.4% (24.6) // 40.7% (20.3) // 43.0% (20.6)",
        "oppCorsi": "47.2% (52.0) // 47.9% (50.5) // 47.2% (48.6) // 51.4% (47.4)",
        "oppFenwick": "47.7% (38.8) // 46.8% (36.2) // 45.9% (35.0) // 47.6% (32.8)",
        "oppShots": "48.1% (28.0) // 46.0% (25.2) // 43.0% (24.0) // 45.3% (23.7)",
        "oppScoring": "45.9% (25.4) // 46.2% (23.3) // 47.4% (23.6) // 53.9% (22.7)",
        "oppCorsiAgainst": "52.8% (58.1) // 52.1% (54.8) // 52.8% (54.3) // 48.6% (44.8)",
        "oppFenwickAgainst": "52.3% (42.6) // 53.2% (41.2) // 54.1% (41.3) // 52.4% (36.0)",
        "oppShotsAgainst": "51.9% (30.2) // 54.0% (29.5) // 57.0% (31.9) // 54.7% (28.5)",
        "oppScoringAgainst": "54.1% (29.9) // 53.8% (27.1) // 52.6% (26.2) // 46.1% (19.5)",
        "savesPerGame": 27.6,
        "savesPerGameLast1": 19.0,
        "savesPerGameLast3": 23.0,
        "savesPerGameLast5": 22.4,
        "savesPer60": 27.7,
        "savesPer60Last1": 20.6,
        "savesPer60Last3": 23.5,
        "savesPer60Last5": 22.5,
        "shotsPerGame": 31.9,
        "shotsPerGameLast5": 28.0,
        "shotsAgainstPerGame": 30.2,
        "shotsAgainstPerGameLast5": 24.4,
        "oppSavesAgainstPer60": 25.5,
        "oppSavesAgainstPer60Last1": 19.9,
        "oppSavesAgainstPer60Last3": 21.2,
        "oppSavesAgainstPer60Last5": 21.2,
        "oppShotsAgainstPerGame": 30.6,
        "oppShotsAgainstPerGameLast5": 32.4,
        "savesProj": 25.7,
        "savesProjLast5": 17.0,
        "savesProjLast3": 17.5,
        "oppSavesAgainstProj": 25.1,
        "oppSavesAgainstProjLast5": 17.5,
        "oppSavesAgainstProjLast3": 18.0,
        "totalOver": 41,
        "totalOverLast5": 80,
        "totalOverLast15": 47,
        "lastTotalOver": 29,
        "last5": "0,2,4,2,4,0,0,2,1,3",
        "overOdds": "+180",
        "underOdds": "-220",
        "overUnder": "+180 / -220"
    },
    {
        "player": "Joe Pavelski",
        "team": "DAL",
        "opponent": "DET",
        "propType": "pts",
        "line": 0.5,
        "ppLine": "PP1",
        "avg": 0.95,
        "hit": false,
        "diffAvg": 0.9,
        "diffAbs": 0.6,
        "lastAvg": 0.89,
        "diff": 0.78,
        "avgMin": 17,
        "proj": 0.8,
        "lastAvgMin": 18.47,
        "oppOver": 0,
        "teamOver": 0,
        "gameLine": "-180",
        "+/-": "+39",
        "L5_+/-": "+9.0",
        "prevMatchup": "2022-12-10 0.0 pts",
        "winLossSplits": "68% - 49%",
        "awayHome": "A",
        "playedYesterday": "N",
        "awayHomeSplits": "56% - 62%",
        "savesAboveExp": -0.011,
        "gsaa": -9.81,
        "corsi": "51.7% (59.9) // 51.8% (54.3) // 53.6% (54.1) // 54.3% (54.3)",
        "fenwick": "51.1% (43.7) // 50.8% (39.6) // 54.0% (40.1) // 51.7% (37.0)",
        "shots": "51.4% (31.5) // 51.4% (28.2) // 53.4% (27.5) // 55.0% (26.4)",
        "scoring": "53.2% (31.4) // 54.6% (29.6) // 59.3% (29.5) // 57.0% (27.4)",
        "corsiAgainst": "48.3% (55.9) // 48.2% (50.5) // 46.4% (46.8) // 45.7% (45.6)",
        "fenwickAgainst": "48.9% (41.9) // 49.2% (38.4) // 46.0% (34.2) // 48.3% (34.6)",
        "shotsAgainst": "48.6% (29.8) // 48.6% (26.6) // 46.6% (24.0) // 45.0% (21.6)",
        "scoringAgainst": "46.8% (27.6) // 45.4% (24.6) // 40.7% (20.3) // 43.0% (20.6)",
        "oppCorsi": "47.2% (52.0) // 47.9% (50.5) // 47.2% (48.6) // 51.4% (47.4)",
        "oppFenwick": "47.7% (38.8) // 46.8% (36.2) // 45.9% (35.0) // 47.6% (32.8)",
        "oppShots": "48.1% (28.0) // 46.0% (25.2) // 43.0% (24.0) // 45.3% (23.7)",
        "oppScoring": "45.9% (25.4) // 46.2% (23.3) // 47.4% (23.6) // 53.9% (22.7)",
        "oppCorsiAgainst": "52.8% (58.1) // 52.1% (54.8) // 52.8% (54.3) // 48.6% (44.8)",
        "oppFenwickAgainst": "52.3% (42.6) // 53.2% (41.2) // 54.1% (41.3) // 52.4% (36.0)",
        "oppShotsAgainst": "51.9% (30.2) // 54.0% (29.5) // 57.0% (31.9) // 54.7% (28.5)",
        "oppScoringAgainst": "54.1% (29.9) // 53.8% (27.1) // 52.6% (26.2) // 46.1% (19.5)",
        "savesPerGame": 27.6,
        "savesPerGameLast1": 19.0,
        "savesPerGameLast3": 23.0,
        "savesPerGameLast5": 22.4,
        "savesPer60": 27.7,
        "savesPer60Last1": 20.6,
        "savesPer60Last3": 23.5,
        "savesPer60Last5": 22.5,
        "shotsPerGame": 31.9,
        "shotsPerGameLast5": 28.0,
        "shotsAgainstPerGame": 30.2,
        "shotsAgainstPerGameLast5": 24.4,
        "oppSavesAgainstPer60": 25.5,
        "oppSavesAgainstPer60Last1": 19.9,
        "oppSavesAgainstPer60Last3": 21.2,
        "oppSavesAgainstPer60Last5": 21.2,
        "oppShotsAgainstPerGame": 30.6,
        "oppShotsAgainstPerGameLast5": 32.4,
        "savesProj": 25.7,
        "savesProjLast5": 17.0,
        "savesProjLast3": 17.5,
        "oppSavesAgainstProj": 25.1,
        "oppSavesAgainstProjLast5": 17.5,
        "oppSavesAgainstProjLast3": 18.0,
        "totalOver": 59,
        "totalOverLast5": 80,
        "totalOverLast15": 67,
        "lastTotalOver": 64,
        "last5": "0,3,2,1,1,1,0,1,2,3",
        "overOdds": "-165",
        "underOdds": "+135",
        "overUnder": "-165 / +135"
    },
    {
        "player": "Lucas Raymond",
        "team": "DET",
        "opponent": "DAL",
        "propType": "pts",
        "line": 0.5,
        "ppLine": "PP1",
        "avg": 0.63,
        "hit": false,
        "diffAvg": 0.26,
        "diffAbs": 0.4,
        "lastAvg": 0.7,
        "diff": 0.4,
        "avgMin": 17,
        "proj": 0.7,
        "lastAvgMin": 18.15,
        "oppOver": 0,
        "teamOver": 0,
        "gameLine": "+155",
        "+/-": -16,
        "L5_+/-": 0.0,
        "prevMatchup": "2022-12-10 0.0 pts",
        "winLossSplits": "55% - 38%",
        "awayHome": "H",
        "playedYesterday": "N",
        "awayHomeSplits": "35% - 54%",
        "savesAboveExp": 0.39,
        "gsaa": 23.58,
        "corsi": "47.2% (52.0) // 47.9% (50.5) // 47.2% (48.6) // 51.4% (47.4)",
        "fenwick": "47.7% (38.8) // 46.8% (36.2) // 45.9% (35.0) // 47.6% (32.8)",
        "shots": "48.1% (28.0) // 46.0% (25.2) // 43.0% (24.0) // 45.3% (23.7)",
        "scoring": "45.9% (25.4) // 46.2% (23.3) // 47.4% (23.6) // 53.9% (22.7)",
        "corsiAgainst": "52.8% (58.1) // 52.1% (54.8) // 52.8% (54.3) // 48.6% (44.8)",
        "fenwickAgainst": "52.3% (42.6) // 53.2% (41.2) // 54.1% (41.3) // 52.4% (36.0)",
        "shotsAgainst": "51.9% (30.2) // 54.0% (29.5) // 57.0% (31.9) // 54.7% (28.5)",
        "scoringAgainst": "54.1% (29.9) // 53.8% (27.1) // 52.6% (26.2) // 46.1% (19.5)",
        "oppCorsi": "51.7% (59.9) // 51.8% (54.3) // 53.6% (54.1) // 54.3% (54.3)",
        "oppFenwick": "51.1% (43.7) // 50.8% (39.6) // 54.0% (40.1) // 51.7% (37.0)",
        "oppShots": "51.4% (31.5) // 51.4% (28.2) // 53.4% (27.5) // 55.0% (26.4)",
        "oppScoring": "53.2% (31.4) // 54.6% (29.6) // 59.3% (29.5) // 57.0% (27.4)",
        "oppCorsiAgainst": "48.3% (55.9) // 48.2% (50.5) // 46.4% (46.8) // 45.7% (45.6)",
        "oppFenwickAgainst": "48.9% (41.9) // 49.2% (38.4) // 46.0% (34.2) // 48.3% (34.6)",
        "oppShotsAgainst": "48.6% (29.8) // 48.6% (26.6) // 46.6% (24.0) // 45.0% (21.6)",
        "oppScoringAgainst": "46.8% (27.6) // 45.4% (24.6) // 40.7% (20.3) // 43.0% (20.6)",
        "savesPerGame": 27.3,
        "savesPerGameLast1": 23.0,
        "savesPerGameLast3": 25.7,
        "savesPerGameLast5": 28.6,
        "savesPer60": 27.3,
        "savesPer60Last1": 22.9,
        "savesPer60Last3": 26.2,
        "savesPer60Last5": 28.9,
        "shotsPerGame": 28.3,
        "shotsPerGameLast5": 24.4,
        "shotsAgainstPerGame": 30.6,
        "shotsAgainstPerGameLast5": 32.4,
        "oppSavesAgainstPer60": 28.3,
        "oppSavesAgainstPer60Last1": 26.0,
        "oppSavesAgainstPer60Last3": 24.3,
        "oppSavesAgainstPer60Last5": 24.6,
        "oppShotsAgainstPerGame": 30.2,
        "oppShotsAgainstPerGameLast5": 24.4,
        "savesProj": 27.8,
        "savesProjLast5": 25.7,
        "savesProjLast3": 22.4,
        "oppSavesAgainstProj": 27.3,
        "oppSavesAgainstProjLast5": 25.1,
        "oppSavesAgainstProjLast3": 22.5,
        "totalOver": 45,
        "totalOverLast5": 80,
        "totalOverLast15": 53,
        "lastTotalOver": 50,
        "last5": "1,3,1,1,0,0,0,0,1,0",
        "overOdds": "+105",
        "underOdds": "-135",
        "overUnder": "+105 / -135"
    },
    {
        "player": "Max Domi",
        "team": "DAL",
        "opponent": "DET",
        "propType": "pts",
        "line": 0.5,
        "ppLine": "PP2",
        "avg": 0.71,
        "hit": false,
        "diffAvg": 0.42,
        "diffAbs": 0.2,
        "lastAvg": 0.45,
        "diff": -0.1,
        "avgMin": 17,
        "proj": 0.6,
        "lastAvgMin": 13.03,
        "oppOver": 0,
        "teamOver": 0,
        "gameLine": "-180",
        "+/-": -6,
        "L5_+/-": -3.0,
        "prevMatchup": "2022-10-21 1.0 pts",
        "winLossSplits": "62% - 40%",
        "awayHome": "A",
        "playedYesterday": "N",
        "awayHomeSplits": "53% - 46%",
        "savesAboveExp": -0.011,
        "gsaa": -9.81,
        "corsi": "51.7% (59.9) // 51.8% (54.3) // 53.6% (54.1) // 54.3% (54.3)",
        "fenwick": "51.1% (43.7) // 50.8% (39.6) // 54.0% (40.1) // 51.7% (37.0)",
        "shots": "51.4% (31.5) // 51.4% (28.2) // 53.4% (27.5) // 55.0% (26.4)",
        "scoring": "53.2% (31.4) // 54.6% (29.6) // 59.3% (29.5) // 57.0% (27.4)",
        "corsiAgainst": "48.3% (55.9) // 48.2% (50.5) // 46.4% (46.8) // 45.7% (45.6)",
        "fenwickAgainst": "48.9% (41.9) // 49.2% (38.4) // 46.0% (34.2) // 48.3% (34.6)",
        "shotsAgainst": "48.6% (29.8) // 48.6% (26.6) // 46.6% (24.0) // 45.0% (21.6)",
        "scoringAgainst": "46.8% (27.6) // 45.4% (24.6) // 40.7% (20.3) // 43.0% (20.6)",
        "oppCorsi": "47.2% (52.0) // 47.9% (50.5) // 47.2% (48.6) // 51.4% (47.4)",
        "oppFenwick": "47.7% (38.8) // 46.8% (36.2) // 45.9% (35.0) // 47.6% (32.8)",
        "oppShots": "48.1% (28.0) // 46.0% (25.2) // 43.0% (24.0) // 45.3% (23.7)",
        "oppScoring": "45.9% (25.4) // 46.2% (23.3) // 47.4% (23.6) // 53.9% (22.7)",
        "oppCorsiAgainst": "52.8% (58.1) // 52.1% (54.8) // 52.8% (54.3) // 48.6% (44.8)",
        "oppFenwickAgainst": "52.3% (42.6) // 53.2% (41.2) // 54.1% (41.3) // 52.4% (36.0)",
        "oppShotsAgainst": "51.9% (30.2) // 54.0% (29.5) // 57.0% (31.9) // 54.7% (28.5)",
        "oppScoringAgainst": "54.1% (29.9) // 53.8% (27.1) // 52.6% (26.2) // 46.1% (19.5)",
        "savesPerGame": 27.6,
        "savesPerGameLast1": 19.0,
        "savesPerGameLast3": 23.0,
        "savesPerGameLast5": 22.4,
        "savesPer60": 27.7,
        "savesPer60Last1": 20.6,
        "savesPer60Last3": 23.5,
        "savesPer60Last5": 22.5,
        "shotsPerGame": 31.9,
        "shotsPerGameLast5": 28.0,
        "shotsAgainstPerGame": 30.2,
        "shotsAgainstPerGameLast5": 24.4,
        "oppSavesAgainstPer60": 25.5,
        "oppSavesAgainstPer60Last1": 19.9,
        "oppSavesAgainstPer60Last3": 21.2,
        "oppSavesAgainstPer60Last5": 21.2,
        "oppShotsAgainstPerGame": 30.6,
        "oppShotsAgainstPerGameLast5": 32.4,
        "savesProj": 25.7,
        "savesProjLast5": 17.0,
        "savesProjLast3": 17.5,
        "oppSavesAgainstProj": 25.1,
        "oppSavesAgainstProjLast5": 17.5,
        "oppSavesAgainstProjLast3": 18.0,
        "totalOver": 49,
        "totalOverLast5": 20,
        "totalOverLast15": 27,
        "lastTotalOver": 37,
        "last5": "0,0,0,0,1,1,0,1,0,0",
        "overOdds": "+115",
        "underOdds": "-145",
        "overUnder": "+115 / -145"
    },
    {
        "player": "Miro Heiskanen",
        "team": "DAL",
        "opponent": "DET",
        "propType": "pts",
        "line": 0.5,
        "ppLine": "PP1",
        "avg": 0.89,
        "hit": false,
        "diffAvg": 0.78,
        "diffAbs": 0.0,
        "lastAvg": 0.47,
        "diff": -0.06,
        "avgMin": 25,
        "proj": 0.5,
        "lastAvgMin": 24.88,
        "oppOver": 0,
        "teamOver": 0,
        "gameLine": "-180",
        "+/-": "+7",
        "L5_+/-": -3.0,
        "prevMatchup": "2022-12-10 1.0 pts",
        "winLossSplits": "65% - 48%",
        "awayHome": "A",
        "playedYesterday": "N",
        "awayHomeSplits": "61% - 55%",
        "savesAboveExp": -0.011,
        "gsaa": -9.81,
        "corsi": "51.7% (59.9) // 51.8% (54.3) // 53.6% (54.1) // 54.3% (54.3)",
        "fenwick": "51.1% (43.7) // 50.8% (39.6) // 54.0% (40.1) // 51.7% (37.0)",
        "shots": "51.4% (31.5) // 51.4% (28.2) // 53.4% (27.5) // 55.0% (26.4)",
        "scoring": "53.2% (31.4) // 54.6% (29.6) // 59.3% (29.5) // 57.0% (27.4)",
        "corsiAgainst": "48.3% (55.9) // 48.2% (50.5) // 46.4% (46.8) // 45.7% (45.6)",
        "fenwickAgainst": "48.9% (41.9) // 49.2% (38.4) // 46.0% (34.2) // 48.3% (34.6)",
        "shotsAgainst": "48.6% (29.8) // 48.6% (26.6) // 46.6% (24.0) // 45.0% (21.6)",
        "scoringAgainst": "46.8% (27.6) // 45.4% (24.6) // 40.7% (20.3) // 43.0% (20.6)",
        "oppCorsi": "47.2% (52.0) // 47.9% (50.5) // 47.2% (48.6) // 51.4% (47.4)",
        "oppFenwick": "47.7% (38.8) // 46.8% (36.2) // 45.9% (35.0) // 47.6% (32.8)",
        "oppShots": "48.1% (28.0) // 46.0% (25.2) // 43.0% (24.0) // 45.3% (23.7)",
        "oppScoring": "45.9% (25.4) // 46.2% (23.3) // 47.4% (23.6) // 53.9% (22.7)",
        "oppCorsiAgainst": "52.8% (58.1) // 52.1% (54.8) // 52.8% (54.3) // 48.6% (44.8)",
        "oppFenwickAgainst": "52.3% (42.6) // 53.2% (41.2) // 54.1% (41.3) // 52.4% (36.0)",
        "oppShotsAgainst": "51.9% (30.2) // 54.0% (29.5) // 57.0% (31.9) // 54.7% (28.5)",
        "oppScoringAgainst": "54.1% (29.9) // 53.8% (27.1) // 52.6% (26.2) // 46.1% (19.5)",
        "savesPerGame": 27.6,
        "savesPerGameLast1": 19.0,
        "savesPerGameLast3": 23.0,
        "savesPerGameLast5": 22.4,
        "savesPer60": 27.7,
        "savesPer60Last1": 20.6,
        "savesPer60Last3": 23.5,
        "savesPer60Last5": 22.5,
        "shotsPerGame": 31.9,
        "shotsPerGameLast5": 28.0,
        "shotsAgainstPerGame": 30.2,
        "shotsAgainstPerGameLast5": 24.4,
        "oppSavesAgainstPer60": 25.5,
        "oppSavesAgainstPer60Last1": 19.9,
        "oppSavesAgainstPer60Last3": 21.2,
        "oppSavesAgainstPer60Last5": 21.2,
        "oppShotsAgainstPerGame": 30.6,
        "oppShotsAgainstPerGameLast5": 32.4,
        "savesProj": 25.7,
        "savesProjLast5": 17.0,
        "savesProjLast3": 17.5,
        "oppSavesAgainstProj": 25.1,
        "oppSavesAgainstProjLast5": 17.5,
        "oppSavesAgainstProjLast3": 18.0,
        "totalOver": 58,
        "totalOverLast5": 80,
        "totalOverLast15": 73,
        "lastTotalOver": 40,
        "last5": "0,1,2,1,3,0,0,1,2,2",
        "overOdds": "-165",
        "underOdds": "+135",
        "overUnder": "-165 / +135"
    },
    {
        "player": "Moritz Seider",
        "team": "DET",
        "opponent": "DAL",
        "propType": "pts",
        "line": 0.5,
        "ppLine": "PP1",
        "avg": 0.53,
        "hit": false,
        "diffAvg": 0.06,
        "diffAbs": 0.2,
        "lastAvg": 0.61,
        "diff": 0.22,
        "avgMin": 23,
        "proj": 0.6,
        "lastAvgMin": 23.03,
        "oppOver": 0,
        "teamOver": 0,
        "gameLine": "+155",
        "+/-": -5,
        "L5_+/-": "+4.0",
        "prevMatchup": "2022-12-10 1.0 pts",
        "winLossSplits": "49% - 27%",
        "awayHome": "H",
        "playedYesterday": "N",
        "awayHomeSplits": "33% - 40%",
        "savesAboveExp": 0.39,
        "gsaa": 23.58,
        "corsi": "47.2% (52.0) // 47.9% (50.5) // 47.2% (48.6) // 51.4% (47.4)",
        "fenwick": "47.7% (38.8) // 46.8% (36.2) // 45.9% (35.0) // 47.6% (32.8)",
        "shots": "48.1% (28.0) // 46.0% (25.2) // 43.0% (24.0) // 45.3% (23.7)",
        "scoring": "45.9% (25.4) // 46.2% (23.3) // 47.4% (23.6) // 53.9% (22.7)",
        "corsiAgainst": "52.8% (58.1) // 52.1% (54.8) // 52.8% (54.3) // 48.6% (44.8)",
        "fenwickAgainst": "52.3% (42.6) // 53.2% (41.2) // 54.1% (41.3) // 52.4% (36.0)",
        "shotsAgainst": "51.9% (30.2) // 54.0% (29.5) // 57.0% (31.9) // 54.7% (28.5)",
        "scoringAgainst": "54.1% (29.9) // 53.8% (27.1) // 52.6% (26.2) // 46.1% (19.5)",
        "oppCorsi": "51.7% (59.9) // 51.8% (54.3) // 53.6% (54.1) // 54.3% (54.3)",
        "oppFenwick": "51.1% (43.7) // 50.8% (39.6) // 54.0% (40.1) // 51.7% (37.0)",
        "oppShots": "51.4% (31.5) // 51.4% (28.2) // 53.4% (27.5) // 55.0% (26.4)",
        "oppScoring": "53.2% (31.4) // 54.6% (29.6) // 59.3% (29.5) // 57.0% (27.4)",
        "oppCorsiAgainst": "48.3% (55.9) // 48.2% (50.5) // 46.4% (46.8) // 45.7% (45.6)",
        "oppFenwickAgainst": "48.9% (41.9) // 49.2% (38.4) // 46.0% (34.2) // 48.3% (34.6)",
        "oppShotsAgainst": "48.6% (29.8) // 48.6% (26.6) // 46.6% (24.0) // 45.0% (21.6)",
        "oppScoringAgainst": "46.8% (27.6) // 45.4% (24.6) // 40.7% (20.3) // 43.0% (20.6)",
        "savesPerGame": 27.3,
        "savesPerGameLast1": 23.0,
        "savesPerGameLast3": 25.7,
        "savesPerGameLast5": 28.6,
        "savesPer60": 27.3,
        "savesPer60Last1": 22.9,
        "savesPer60Last3": 26.2,
        "savesPer60Last5": 28.9,
        "shotsPerGame": 28.3,
        "shotsPerGameLast5": 24.4,
        "shotsAgainstPerGame": 30.6,
        "shotsAgainstPerGameLast5": 32.4,
        "oppSavesAgainstPer60": 28.3,
        "oppSavesAgainstPer60Last1": 26.0,
        "oppSavesAgainstPer60Last3": 24.3,
        "oppSavesAgainstPer60Last5": 24.6,
        "oppShotsAgainstPerGame": 30.2,
        "oppShotsAgainstPerGameLast5": 24.4,
        "savesProj": 27.8,
        "savesProjLast5": 25.7,
        "savesProjLast3": 22.4,
        "oppSavesAgainstProj": 27.3,
        "oppSavesAgainstProjLast5": 25.1,
        "oppSavesAgainstProjLast3": 22.5,
        "totalOver": 37,
        "totalOverLast5": 60,
        "totalOverLast15": 40,
        "lastTotalOver": 50,
        "last5": "0,2,0,1,1,1,2,0,0,0",
        "overOdds": "+120",
        "underOdds": "-150",
        "overUnder": "+120 / -150"
    },
    {
        "player": "Roope Hintz",
        "team": "DAL",
        "opponent": "DET",
        "propType": "pts",
        "line": 0.5,
        "ppLine": "PP1",
        "avg": 1.0,
        "hit": false,
        "diffAvg": 1.0,
        "diffAbs": 0.6,
        "lastAvg": 0.84,
        "diff": 0.68,
        "avgMin": 17,
        "proj": 0.8,
        "lastAvgMin": 18.03,
        "oppOver": 0,
        "teamOver": 0,
        "gameLine": "-180",
        "+/-": "+29",
        "L5_+/-": "+4.0",
        "prevMatchup": "2022-12-10 0.0 pts",
        "winLossSplits": "82% - 47%",
        "awayHome": "A",
        "playedYesterday": "N",
        "awayHomeSplits": "59% - 72%",
        "savesAboveExp": -0.011,
        "gsaa": -9.81,
        "corsi": "51.7% (59.9) // 51.8% (54.3) // 53.6% (54.1) // 54.3% (54.3)",
        "fenwick": "51.1% (43.7) // 50.8% (39.6) // 54.0% (40.1) // 51.7% (37.0)",
        "shots": "51.4% (31.5) // 51.4% (28.2) // 53.4% (27.5) // 55.0% (26.4)",
        "scoring": "53.2% (31.4) // 54.6% (29.6) // 59.3% (29.5) // 57.0% (27.4)",
        "corsiAgainst": "48.3% (55.9) // 48.2% (50.5) // 46.4% (46.8) // 45.7% (45.6)",
        "fenwickAgainst": "48.9% (41.9) // 49.2% (38.4) // 46.0% (34.2) // 48.3% (34.6)",
        "shotsAgainst": "48.6% (29.8) // 48.6% (26.6) // 46.6% (24.0) // 45.0% (21.6)",
        "scoringAgainst": "46.8% (27.6) // 45.4% (24.6) // 40.7% (20.3) // 43.0% (20.6)",
        "oppCorsi": "47.2% (52.0) // 47.9% (50.5) // 47.2% (48.6) // 51.4% (47.4)",
        "oppFenwick": "47.7% (38.8) // 46.8% (36.2) // 45.9% (35.0) // 47.6% (32.8)",
        "oppShots": "48.1% (28.0) // 46.0% (25.2) // 43.0% (24.0) // 45.3% (23.7)",
        "oppScoring": "45.9% (25.4) // 46.2% (23.3) // 47.4% (23.6) // 53.9% (22.7)",
        "oppCorsiAgainst": "52.8% (58.1) // 52.1% (54.8) // 52.8% (54.3) // 48.6% (44.8)",
        "oppFenwickAgainst": "52.3% (42.6) // 53.2% (41.2) // 54.1% (41.3) // 52.4% (36.0)",
        "oppShotsAgainst": "51.9% (30.2) // 54.0% (29.5) // 57.0% (31.9) // 54.7% (28.5)",
        "oppScoringAgainst": "54.1% (29.9) // 53.8% (27.1) // 52.6% (26.2) // 46.1% (19.5)",
        "savesPerGame": 27.6,
        "savesPerGameLast1": 19.0,
        "savesPerGameLast3": 23.0,
        "savesPerGameLast5": 22.4,
        "savesPer60": 27.7,
        "savesPer60Last1": 20.6,
        "savesPer60Last3": 23.5,
        "savesPer60Last5": 22.5,
        "shotsPerGame": 31.9,
        "shotsPerGameLast5": 28.0,
        "shotsAgainstPerGame": 30.2,
        "shotsAgainstPerGameLast5": 24.4,
        "oppSavesAgainstPer60": 25.5,
        "oppSavesAgainstPer60Last1": 19.9,
        "oppSavesAgainstPer60Last3": 21.2,
        "oppSavesAgainstPer60Last5": 21.2,
        "oppShotsAgainstPerGame": 30.6,
        "oppShotsAgainstPerGameLast5": 32.4,
        "savesProj": 25.7,
        "savesProjLast5": 17.0,
        "savesProjLast3": 17.5,
        "oppSavesAgainstProj": 25.1,
        "oppSavesAgainstProjLast5": 17.5,
        "oppSavesAgainstProjLast3": 18.0,
        "totalOver": 66,
        "totalOverLast5": 40,
        "totalOverLast15": 47,
        "lastTotalOver": 54,
        "last5": "0,1,0,2,0,0,1,1,3,0",
        "overOdds": "-140",
        "underOdds": "+110",
        "overUnder": "-140 / +110"
    },
    {
        "player": "Tyler Seguin",
        "team": "DAL",
        "opponent": "DET",
        "propType": "pts",
        "line": 0.5,
        "ppLine": "PP2",
        "avg": 0.64,
        "hit": false,
        "diffAvg": 0.28,
        "diffAbs": 0.0,
        "lastAvg": 0.56,
        "diff": 0.12,
        "avgMin": 16,
        "proj": 0.5,
        "lastAvgMin": 17.82,
        "oppOver": 0,
        "teamOver": 0,
        "gameLine": "-180",
        "+/-": "+2",
        "L5_+/-": -1.0,
        "prevMatchup": "2022-12-10 1.0 pts",
        "winLossSplits": "56% - 41%",
        "awayHome": "A",
        "playedYesterday": "N",
        "awayHomeSplits": "47% - 51%",
        "savesAboveExp": -0.011,
        "gsaa": -9.81,
        "corsi": "51.7% (59.9) // 51.8% (54.3) // 53.6% (54.1) // 54.3% (54.3)",
        "fenwick": "51.1% (43.7) // 50.8% (39.6) // 54.0% (40.1) // 51.7% (37.0)",
        "shots": "51.4% (31.5) // 51.4% (28.2) // 53.4% (27.5) // 55.0% (26.4)",
        "scoring": "53.2% (31.4) // 54.6% (29.6) // 59.3% (29.5) // 57.0% (27.4)",
        "corsiAgainst": "48.3% (55.9) // 48.2% (50.5) // 46.4% (46.8) // 45.7% (45.6)",
        "fenwickAgainst": "48.9% (41.9) // 49.2% (38.4) // 46.0% (34.2) // 48.3% (34.6)",
        "shotsAgainst": "48.6% (29.8) // 48.6% (26.6) // 46.6% (24.0) // 45.0% (21.6)",
        "scoringAgainst": "46.8% (27.6) // 45.4% (24.6) // 40.7% (20.3) // 43.0% (20.6)",
        "oppCorsi": "47.2% (52.0) // 47.9% (50.5) // 47.2% (48.6) // 51.4% (47.4)",
        "oppFenwick": "47.7% (38.8) // 46.8% (36.2) // 45.9% (35.0) // 47.6% (32.8)",
        "oppShots": "48.1% (28.0) // 46.0% (25.2) // 43.0% (24.0) // 45.3% (23.7)",
        "oppScoring": "45.9% (25.4) // 46.2% (23.3) // 47.4% (23.6) // 53.9% (22.7)",
        "oppCorsiAgainst": "52.8% (58.1) // 52.1% (54.8) // 52.8% (54.3) // 48.6% (44.8)",
        "oppFenwickAgainst": "52.3% (42.6) // 53.2% (41.2) // 54.1% (41.3) // 52.4% (36.0)",
        "oppShotsAgainst": "51.9% (30.2) // 54.0% (29.5) // 57.0% (31.9) // 54.7% (28.5)",
        "oppScoringAgainst": "54.1% (29.9) // 53.8% (27.1) // 52.6% (26.2) // 46.1% (19.5)",
        "savesPerGame": 27.6,
        "savesPerGameLast1": 19.0,
        "savesPerGameLast3": 23.0,
        "savesPerGameLast5": 22.4,
        "savesPer60": 27.7,
        "savesPer60Last1": 20.6,
        "savesPer60Last3": 23.5,
        "savesPer60Last5": 22.5,
        "shotsPerGame": 31.9,
        "shotsPerGameLast5": 28.0,
        "shotsAgainstPerGame": 30.2,
        "shotsAgainstPerGameLast5": 24.4,
        "oppSavesAgainstPer60": 25.5,
        "oppSavesAgainstPer60Last1": 19.9,
        "oppSavesAgainstPer60Last3": 21.2,
        "oppSavesAgainstPer60Last5": 21.2,
        "oppShotsAgainstPerGame": 30.6,
        "oppShotsAgainstPerGameLast5": 32.4,
        "savesProj": 25.7,
        "savesProjLast5": 17.0,
        "savesProjLast3": 17.5,
        "oppSavesAgainstProj": 25.1,
        "oppSavesAgainstProjLast5": 17.5,
        "oppSavesAgainstProjLast3": 18.0,
        "totalOver": 49,
        "totalOverLast5": 60,
        "totalOverLast15": 60,
        "lastTotalOver": 42,
        "last5": "0,1,1,1,0,1,1,0,0,1",
        "overOdds": "-115",
        "underOdds": "-115",
        "overUnder": "-115 / -115"
    },
    {
        "player": "Wyatt Johnston",
        "team": "DAL",
        "opponent": "DET",
        "propType": "pts",
        "line": 0.5,
        "ppLine": "",
        "avg": 0.47,
        "hit": false,
        "diffAvg": -0.06,
        "diffAbs": 1.0,
        "lastAvg": 0,
        "diff": 0,
        "avgMin": 15,
        "proj": 0.0,
        "lastAvgMin": 0,
        "oppOver": 0,
        "teamOver": 0,
        "gameLine": "-180",
        "+/-": "+3",
        "L5_+/-": -4.0,
        "prevMatchup": "2022-12-10 0.0 pts",
        "winLossSplits": "48% - 34%",
        "awayHome": "A",
        "playedYesterday": "N",
        "awayHomeSplits": "46% - 38%",
        "savesAboveExp": -0.011,
        "gsaa": -9.81,
        "corsi": "51.7% (59.9) // 51.8% (54.3) // 53.6% (54.1) // 54.3% (54.3)",
        "fenwick": "51.1% (43.7) // 50.8% (39.6) // 54.0% (40.1) // 51.7% (37.0)",
        "shots": "51.4% (31.5) // 51.4% (28.2) // 53.4% (27.5) // 55.0% (26.4)",
        "scoring": "53.2% (31.4) // 54.6% (29.6) // 59.3% (29.5) // 57.0% (27.4)",
        "corsiAgainst": "48.3% (55.9) // 48.2% (50.5) // 46.4% (46.8) // 45.7% (45.6)",
        "fenwickAgainst": "48.9% (41.9) // 49.2% (38.4) // 46.0% (34.2) // 48.3% (34.6)",
        "shotsAgainst": "48.6% (29.8) // 48.6% (26.6) // 46.6% (24.0) // 45.0% (21.6)",
        "scoringAgainst": "46.8% (27.6) // 45.4% (24.6) // 40.7% (20.3) // 43.0% (20.6)",
        "oppCorsi": "47.2% (52.0) // 47.9% (50.5) // 47.2% (48.6) // 51.4% (47.4)",
        "oppFenwick": "47.7% (38.8) // 46.8% (36.2) // 45.9% (35.0) // 47.6% (32.8)",
        "oppShots": "48.1% (28.0) // 46.0% (25.2) // 43.0% (24.0) // 45.3% (23.7)",
        "oppScoring": "45.9% (25.4) // 46.2% (23.3) // 47.4% (23.6) // 53.9% (22.7)",
        "oppCorsiAgainst": "52.8% (58.1) // 52.1% (54.8) // 52.8% (54.3) // 48.6% (44.8)",
        "oppFenwickAgainst": "52.3% (42.6) // 53.2% (41.2) // 54.1% (41.3) // 52.4% (36.0)",
        "oppShotsAgainst": "51.9% (30.2) // 54.0% (29.5) // 57.0% (31.9) // 54.7% (28.5)",
        "oppScoringAgainst": "54.1% (29.9) // 53.8% (27.1) // 52.6% (26.2) // 46.1% (19.5)",
        "savesPerGame": 27.6,
        "savesPerGameLast1": 19.0,
        "savesPerGameLast3": 23.0,
        "savesPerGameLast5": 22.4,
        "savesPer60": 27.7,
        "savesPer60Last1": 20.6,
        "savesPer60Last3": 23.5,
        "savesPer60Last5": 22.5,
        "shotsPerGame": 31.9,
        "shotsPerGameLast5": 28.0,
        "shotsAgainstPerGame": 30.2,
        "shotsAgainstPerGameLast5": 24.4,
        "oppSavesAgainstPer60": 25.5,
        "oppSavesAgainstPer60Last1": 19.9,
        "oppSavesAgainstPer60Last3": 21.2,
        "oppSavesAgainstPer60Last5": 21.2,
        "oppShotsAgainstPerGame": 30.6,
        "oppShotsAgainstPerGameLast5": 32.4,
        "savesProj": 25.7,
        "savesProjLast5": 17.0,
        "savesProjLast3": 17.5,
        "oppSavesAgainstProj": 25.1,
        "oppSavesAgainstProjLast5": 17.5,
        "oppSavesAgainstProjLast3": 18.0,
        "totalOver": 42,
        "totalOverLast5": 20,
        "totalOverLast15": 40,
        "lastTotalOver": 0,
        "last5": "0,1,0,0,0,0,0,0,1,1",
        "overOdds": "+140",
        "underOdds": "-175",
        "overUnder": "+140 / -175"
    },
    {
        "player": "Andrew Copp",
        "team": "DET",
        "opponent": "DAL",
        "propType": "pts",
        "line": 0.5,
        "ppLine": "PP2",
        "avg": 0.54,
        "hit": false,
        "diffAvg": 0.08,
        "diffAbs": 0.0,
        "lastAvg": 0.58,
        "diff": 0.16,
        "avgMin": 18,
        "proj": 0.5,
        "lastAvgMin": 19.17,
        "oppOver": 0,
        "teamOver": 0,
        "gameLine": "+155",
        "+/-": "+5",
        "L5_+/-": "+3.0",
        "prevMatchup": "2022-12-10 0.0 pts",
        "winLossSplits": "54% - 34%",
        "awayHome": "H",
        "playedYesterday": "N",
        "awayHomeSplits": "44% - 42%",
        "savesAboveExp": 0.39,
        "gsaa": 23.58,
        "corsi": "47.2% (52.0) // 47.9% (50.5) // 47.2% (48.6) // 51.4% (47.4)",
        "fenwick": "47.7% (38.8) // 46.8% (36.2) // 45.9% (35.0) // 47.6% (32.8)",
        "shots": "48.1% (28.0) // 46.0% (25.2) // 43.0% (24.0) // 45.3% (23.7)",
        "scoring": "45.9% (25.4) // 46.2% (23.3) // 47.4% (23.6) // 53.9% (22.7)",
