[
    {
        "player": "Adam Fox",
        "team": "NYR",
        "opponent": "NJ",
        "propType": "bs",
        "line": 1.5,
        "ppLine": "PP1",
        "avg": 1.52,
        "hit": false,
        "diffAvg": 0.01,
        "diffAbs": 1.0,
        "lastAvg": 0.0,
        "diff": 0,
        "avgMin": 24,
        "proj": 0.0,
        "lastAvgMin": 23.9,
        "oppOver": 0,
        "teamOver": 0,
        "gameLine": "+110",
        "+/-": "+28",
        "L5_+/-": "+4.0",
        "prevMatchup": "2023-03-30 2.0 bs 2023-01-07 4.0 bs 2022-12-12 1.0 bs 2022-11-28 2.0 bs",
        "winLossSplits": "45% - 54%",
        "awayHome": "A",
        "playedYesterday": "N",
        "awayHomeSplits": "49% - 49%",
        "savesAboveExp": 0.109,
        "gsaa": 8.64,
        "corsi": "51.4% (57.9) // 49.5% (54.5) // 51.3% (52.2) // 49.0% (50.0)",
        "fenwick": "52.0% (43.7) // 50.7% (42.3) // 51.5% (39.2) // 52.7% (39.0)",
        "shots": "51.8% (31.1) // 51.8% (30.7) // 50.0% (25.9) // 53.3% (24.0)",
        "scoring": "51.3% (30.8) // 48.9% (29.6) // 54.0% (30.5) // 51.9% (28.0)",
        "corsiAgainst": "48.6% (54.7) // 50.5% (55.5) // 48.7% (49.6) // 51.0% (52.0)",
        "fenwickAgainst": "48.0% (40.2) // 49.3% (41.1) // 48.5% (37.0) // 47.3% (35.0)",
        "shotsAgainst": "48.2% (28.9) // 48.2% (28.6) // 50.0% (25.9) // 46.7% (21.0)",
        "scoringAgainst": "48.7% (29.2) // 51.1% (30.9) // 46.0% (25.9) // 48.1% (26.0)",
        "oppCorsi": "53.7% (63.4) // 55.1% (64.9) // 47.2% (56.9) // 60.6% (71.6)",
        "oppFenwick": "53.9% (46.9) // 55.2% (48.2) // 47.8% (44.9) // 57.4% (53.9)",
        "oppShots": "54.9% (33.9) // 54.4% (33.3) // 46.3% (30.6) // 52.3% (31.6)",
        "oppScoring": "56.3% (35.0) // 60.7% (39.4) // 50.0% (34.8) // 65.8% (46.5)",
        "oppCorsiAgainst": "46.3% (54.8) // 44.9% (52.8) // 52.8% (63.7) // 39.4% (46.5)",
        "oppFenwickAgainst": "46.1% (40.1) // 44.8% (39.2) // 52.2% (49.1) // 42.6% (40.0)",
        "oppShotsAgainst": "45.1% (27.8) // 45.6% (28.0) // 53.7% (35.4) // 47.7% (28.8)",
        "oppScoringAgainst": "43.7% (27.1) // 39.3% (25.5) // 50.0% (34.8) // 34.2% (24.2)",
        "savesPerGame": 26.7,
        "savesPerGameLast1": 18.0,
        "savesPerGameLast3": 25.0,
        "savesPerGameLast5": 24.4,
        "savesPer60": 26.8,
        "savesPer60Last1": 17.0,
        "savesPer60Last3": 25.2,
        "savesPer60Last5": 24.6,
        "shotsPerGame": 31.5,
        "shotsPerGameLast5": 28.2,
        "shotsAgainstPerGame": 29.3,
        "shotsAgainstPerGameLast5": 26.6,
        "oppSavesAgainstPer60": 31.0,
        "oppSavesAgainstPer60Last1": 29.0,
        "oppSavesAgainstPer60Last3": 27.1,
        "oppSavesAgainstPer60Last5": 28.1,
        "oppShotsAgainstPerGame": 28.2,
        "oppShotsAgainstPerGameLast5": 29.8,
        "savesProj": 32.3,
        "savesProjLast5": 27.3,
        "savesProjLast3": 26.9,
        "oppSavesAgainstProj": 29.0,
        "oppSavesAgainstProjLast5": 24.5,
        "oppSavesAgainstProjLast3": 23.8,
        "totalOver": 49,
        "totalOverLast5": 40,
        "totalOverLast15": 47,
        "lastTotalOver": 0,
        "last5": "2,0,1,1,2,1,3,2,1,1",
        "overOdds": "-160",
        "underOdds": "+130",
        "overUnder": "-160 / +130"
    },
    {
        "player": "Jacob Trouba",
        "team": "NYR",
        "opponent": "NJ",
        "propType": "bs",
        "line": 2.5,
        "ppLine": "",
        "avg": 2.39,
        "hit": false,
        "diffAvg": -0.04,
        "diffAbs": 1.0,
        "lastAvg": 0.0,
        "diff": 0,
        "avgMin": 21,
        "proj": 0.0,
        "lastAvgMin": 22.42,
        "oppOver": 0,
        "teamOver": 0,
        "gameLine": "+110",
        "+/-": "+7",
        "L5_+/-": "+5.0",
        "prevMatchup": "2023-03-30 2.0 bs 2023-01-07 4.0 bs 2022-12-12 3.0 bs 2022-11-28 1.0 bs",
        "winLossSplits": "51% - 31%",
        "awayHome": "A",
        "playedYesterday": "N",
        "awayHomeSplits": "49% - 37%",
        "savesAboveExp": 0.109,
        "gsaa": 8.64,
        "corsi": "51.4% (57.9) // 49.5% (54.5) // 51.3% (52.2) // 49.0% (50.0)",
        "fenwick": "52.0% (43.7) // 50.7% (42.3) // 51.5% (39.2) // 52.7% (39.0)",
        "shots": "51.8% (31.1) // 51.8% (30.7) // 50.0% (25.9) // 53.3% (24.0)",
        "scoring": "51.3% (30.8) // 48.9% (29.6) // 54.0% (30.5) // 51.9% (28.0)",
        "corsiAgainst": "48.6% (54.7) // 50.5% (55.5) // 48.7% (49.6) // 51.0% (52.0)",
        "fenwickAgainst": "48.0% (40.2) // 49.3% (41.1) // 48.5% (37.0) // 47.3% (35.0)",
        "shotsAgainst": "48.2% (28.9) // 48.2% (28.6) // 50.0% (25.9) // 46.7% (21.0)",
        "scoringAgainst": "48.7% (29.2) // 51.1% (30.9) // 46.0% (25.9) // 48.1% (26.0)",
        "oppCorsi": "53.7% (63.4) // 55.1% (64.9) // 47.2% (56.9) // 60.6% (71.6)",
        "oppFenwick": "53.9% (46.9) // 55.2% (48.2) // 47.8% (44.9) // 57.4% (53.9)",
        "oppShots": "54.9% (33.9) // 54.4% (33.3) // 46.3% (30.6) // 52.3% (31.6)",
        "oppScoring": "56.3% (35.0) // 60.7% (39.4) // 50.0% (34.8) // 65.8% (46.5)",
        "oppCorsiAgainst": "46.3% (54.8) // 44.9% (52.8) // 52.8% (63.7) // 39.4% (46.5)",
        "oppFenwickAgainst": "46.1% (40.1) // 44.8% (39.2) // 52.2% (49.1) // 42.6% (40.0)",
        "oppShotsAgainst": "45.1% (27.8) // 45.6% (28.0) // 53.7% (35.4) // 47.7% (28.8)",
        "oppScoringAgainst": "43.7% (27.1) // 39.3% (25.5) // 50.0% (34.8) // 34.2% (24.2)",
        "savesPerGame": 26.7,
        "savesPerGameLast1": 18.0,
        "savesPerGameLast3": 25.0,
        "savesPerGameLast5": 24.4,
        "savesPer60": 26.8,
        "savesPer60Last1": 17.0,
        "savesPer60Last3": 25.2,
        "savesPer60Last5": 24.6,
        "shotsPerGame": 31.5,
        "shotsPerGameLast5": 28.2,
        "shotsAgainstPerGame": 29.3,
        "shotsAgainstPerGameLast5": 26.6,
        "oppSavesAgainstPer60": 31.0,
        "oppSavesAgainstPer60Last1": 29.0,
        "oppSavesAgainstPer60Last3": 27.1,
        "oppSavesAgainstPer60Last5": 28.1,
        "oppShotsAgainstPerGame": 28.2,
        "oppShotsAgainstPerGameLast5": 29.8,
        "savesProj": 32.3,
        "savesProjLast5": 27.3,
        "savesProjLast3": 26.9,
        "oppSavesAgainstProj": 29.0,
        "oppSavesAgainstProjLast5": 24.5,
        "oppSavesAgainstProjLast3": 23.8,
        "totalOver": 43,
        "totalOverLast5": 20,
        "totalOverLast15": 7,
        "lastTotalOver": 0,
        "last5": "6,0,1,1,0,2,2,2,0,2",
        "overOdds": "+125",
        "underOdds": "-155",
        "overUnder": "+125 / -155"
    },
    {
        "player": "Ryan Graves",
        "team": "NJ",
        "opponent": "NYR",
        "propType": "bs",
        "line": 1.5,
        "ppLine": "",
        "avg": 1.95,
        "hit": false,
        "diffAvg": 0.3,
        "diffAbs": 1.0,
        "lastAvg": 0.0,
        "diff": 0,
        "avgMin": 19,
        "proj": 0.0,
        "lastAvgMin": 20.72,
        "oppOver": 0,
        "teamOver": 0,
        "gameLine": "-130",
        "+/-": "+34",
        "L5_+/-": "+6.0",
        "prevMatchup": "2023-03-30 1.0 bs 2023-01-07 1.0 bs 2022-12-12 0.0 bs 2022-11-28 0.0 bs",
        "winLossSplits": "54% - 50%",
        "awayHome": "H",
        "playedYesterday": "N",
        "awayHomeSplits": "51% - 54%",
        "savesAboveExp": 0.388,
        "gsaa": 20.59,
        "corsi": "53.7% (63.4) // 55.1% (64.9) // 47.2% (56.9) // 60.6% (71.6)",
        "fenwick": "53.9% (46.9) // 55.2% (48.2) // 47.8% (44.9) // 57.4% (53.9)",
        "shots": "54.9% (33.9) // 54.4% (33.3) // 46.3% (30.6) // 52.3% (31.6)",
        "scoring": "56.3% (35.0) // 60.7% (39.4) // 50.0% (34.8) // 65.8% (46.5)",
        "corsiAgainst": "46.3% (54.8) // 44.9% (52.8) // 52.8% (63.7) // 39.4% (46.5)",
        "fenwickAgainst": "46.1% (40.1) // 44.8% (39.2) // 52.2% (49.1) // 42.6% (40.0)",
        "shotsAgainst": "45.1% (27.8) // 45.6% (28.0) // 53.7% (35.4) // 47.7% (28.8)",
        "scoringAgainst": "43.7% (27.1) // 39.3% (25.5) // 50.0% (34.8) // 34.2% (24.2)",
        "oppCorsi": "51.4% (57.9) // 49.5% (54.5) // 51.3% (52.2) // 49.0% (50.0)",
        "oppFenwick": "52.0% (43.7) // 50.7% (42.3) // 51.5% (39.2) // 52.7% (39.0)",
        "oppShots": "51.8% (31.1) // 51.8% (30.7) // 50.0% (25.9) // 53.3% (24.0)",
        "oppScoring": "51.3% (30.8) // 48.9% (29.6) // 54.0% (30.5) // 51.9% (28.0)",
        "oppCorsiAgainst": "48.6% (54.7) // 50.5% (55.5) // 48.7% (49.6) // 51.0% (52.0)",
        "oppFenwickAgainst": "48.0% (40.2) // 49.3% (41.1) // 48.5% (37.0) // 47.3% (35.0)",
        "oppShotsAgainst": "48.2% (28.9) // 48.2% (28.6) // 50.0% (25.9) // 46.7% (21.0)",
        "oppScoringAgainst": "48.7% (29.2) // 51.1% (30.9) // 46.0% (25.9) // 48.1% (26.0)",
        "savesPerGame": 25.5,
        "savesPerGameLast1": 27.0,
        "savesPerGameLast3": 33.7,
        "savesPerGameLast5": 27.8,
        "savesPer60": 25.6,
        "savesPer60Last1": 29.0,
        "savesPer60Last3": 34.1,
        "savesPer60Last5": 28.0,
        "shotsPerGame": 34.4,
        "shotsPerGameLast5": 33.4,
        "shotsAgainstPerGame": 28.2,
        "shotsAgainstPerGameLast5": 29.8,
        "oppSavesAgainstPer60": 28.3,
        "oppSavesAgainstPer60Last1": 22.0,
        "oppSavesAgainstPer60Last3": 23.9,
        "oppSavesAgainstPer60Last5": 24.9,
        "oppShotsAgainstPerGame": 29.3,
        "oppShotsAgainstPerGameLast5": 26.6,
        "savesProj": 26.9,
        "savesProjLast5": 26.1,
        "savesProjLast3": 30.6,
        "oppSavesAgainstProj": 25.5,
        "oppSavesAgainstProjLast5": 23.8,
        "oppSavesAgainstProjLast3": 27.7,
        "totalOver": 53,
        "totalOverLast5": 80,
        "totalOverLast15": 53,
        "lastTotalOver": 0,
        "last5": "4,0,4,2,3,1,1,1,4,1",
        "overOdds": "-165",
        "underOdds": "+135",
        "overUnder": "-165 / +135"
    },
    {
        "player": "Jonas Siegenthaler",
        "team": "NJ",
        "opponent": "NYR",
        "propType": "bs",
        "line": 1.5,
        "ppLine": "",
        "avg": 1.89,
        "hit": false,
        "diffAvg": 0.26,
        "diffAbs": 1.0,
        "lastAvg": 0.0,
        "diff": 0,
        "avgMin": 20,
        "proj": 0.0,
        "lastAvgMin": 20.57,
        "oppOver": 0,
        "teamOver": 0,
        "gameLine": "-130",
        "+/-": "+27",
        "L5_+/-": -2.0,
        "prevMatchup": "2023-03-30 1.0 bs 2023-01-07 2.0 bs 2022-12-12 3.0 bs 2022-11-28 1.0 bs",
        "winLossSplits": "60% - 53%",
        "awayHome": "H",
        "playedYesterday": "N",
        "awayHomeSplits": "58% - 58%",
        "savesAboveExp": 0.388,
        "gsaa": 20.59,
        "corsi": "53.7% (63.4) // 55.1% (64.9) // 47.2% (56.9) // 60.6% (71.6)",
        "fenwick": "53.9% (46.9) // 55.2% (48.2) // 47.8% (44.9) // 57.4% (53.9)",
        "shots": "54.9% (33.9) // 54.4% (33.3) // 46.3% (30.6) // 52.3% (31.6)",
        "scoring": "56.3% (35.0) // 60.7% (39.4) // 50.0% (34.8) // 65.8% (46.5)",
        "corsiAgainst": "46.3% (54.8) // 44.9% (52.8) // 52.8% (63.7) // 39.4% (46.5)",
        "fenwickAgainst": "46.1% (40.1) // 44.8% (39.2) // 52.2% (49.1) // 42.6% (40.0)",
        "shotsAgainst": "45.1% (27.8) // 45.6% (28.0) // 53.7% (35.4) // 47.7% (28.8)",
        "scoringAgainst": "43.7% (27.1) // 39.3% (25.5) // 50.0% (34.8) // 34.2% (24.2)",
        "oppCorsi": "51.4% (57.9) // 49.5% (54.5) // 51.3% (52.2) // 49.0% (50.0)",
        "oppFenwick": "52.0% (43.7) // 50.7% (42.3) // 51.5% (39.2) // 52.7% (39.0)",
        "oppShots": "51.8% (31.1) // 51.8% (30.7) // 50.0% (25.9) // 53.3% (24.0)",
        "oppScoring": "51.3% (30.8) // 48.9% (29.6) // 54.0% (30.5) // 51.9% (28.0)",
        "oppCorsiAgainst": "48.6% (54.7) // 50.5% (55.5) // 48.7% (49.6) // 51.0% (52.0)",
        "oppFenwickAgainst": "48.0% (40.2) // 49.3% (41.1) // 48.5% (37.0) // 47.3% (35.0)",
        "oppShotsAgainst": "48.2% (28.9) // 48.2% (28.6) // 50.0% (25.9) // 46.7% (21.0)",
        "oppScoringAgainst": "48.7% (29.2) // 51.1% (30.9) // 46.0% (25.9) // 48.1% (26.0)",
        "savesPerGame": 25.5,
        "savesPerGameLast1": 27.0,
        "savesPerGameLast3": 33.7,
        "savesPerGameLast5": 27.8,
        "savesPer60": 25.6,
        "savesPer60Last1": 29.0,
        "savesPer60Last3": 34.1,
        "savesPer60Last5": 28.0,
        "shotsPerGame": 34.4,
        "shotsPerGameLast5": 33.4,
        "shotsAgainstPerGame": 28.2,
        "shotsAgainstPerGameLast5": 29.8,
        "oppSavesAgainstPer60": 28.3,
        "oppSavesAgainstPer60Last1": 22.0,
        "oppSavesAgainstPer60Last3": 23.9,
        "oppSavesAgainstPer60Last5": 24.9,
        "oppShotsAgainstPerGame": 29.3,
        "oppShotsAgainstPerGameLast5": 26.6,
        "savesProj": 26.9,
        "savesProjLast5": 26.1,
        "savesProjLast3": 30.6,
        "oppSavesAgainstProj": 25.5,
        "oppSavesAgainstProjLast5": 23.8,
        "oppSavesAgainstProjLast3": 27.7,
        "totalOver": 57,
        "totalOverLast5": 40,
        "totalOverLast15": 47,
        "lastTotalOver": 0,
        "last5": "0,4,1,3,1,2,1,1,3,0",
        "overOdds": "-150",
        "underOdds": "+120",
        "overUnder": "-150 / +120"
    },
    {
        "player": "Mikhail Sergachev",
        "team": "TB",
        "opponent": "TOR",
        "propType": "bs",
        "line": 1.5,
        "ppLine": "PP1",
        "avg": 1.89,
        "hit": false,
        "diffAvg": 0.26,
        "diffAbs": 1.0,
        "lastAvg": 0.0,
        "diff": 0,
        "avgMin": 23,
        "proj": 0.0,
        "lastAvgMin": 22.47,
        "oppOver": 0,
        "teamOver": 0,
        "gameLine": "+135",
        "+/-": "+12",
        "L5_+/-": 0.0,
        "prevMatchup": "2023-04-11 0.0 bs 2022-12-20 0.0 bs 2022-12-03 1.0 bs",
        "winLossSplits": "48% - 66%",
        "awayHome": "A",
        "playedYesterday": "N",
        "awayHomeSplits": "64% - 48%",
        "savesAboveExp": 0.388,
        "gsaa": 17.37,
        "corsi": "51.4% (59.4) // 49.6% (57.4) // 53.4% (62.3) // 54.0% (61.0)",
        "fenwick": "51.3% (44.7) // 48.1% (42.5) // 50.9% (46.3) // 52.4% (44.0)",
        "shots": "50.4% (31.7) // 47.3% (30.9) // 52.0% (34.7) // 50.0% (32.0)",
        "scoring": "52.9% (33.9) // 49.5% (32.2) // 52.3% (34.3) // 58.5% (38.0)",
        "corsiAgainst": "48.6% (56.3) // 50.4% (58.3) // 46.6% (54.3) // 46.0% (52.0)",
        "fenwickAgainst": "48.7% (42.4) // 51.9% (45.9) // 49.1% (44.7) // 47.6% (40.0)",
        "shotsAgainst": "49.6% (31.2) // 52.7% (34.4) // 48.0% (32.0) // 50.0% (32.0)",
        "scoringAgainst": "47.1% (30.1) // 50.5% (32.8) // 47.7% (31.3) // 41.5% (27.0)",
        "oppCorsi": "50.8% (57.6) // 50.8% (59.1) // 45.9% (53.2) // 51.0% (52.0)",
        "oppFenwick": "51.7% (44.0) // 52.2% (46.4) // 47.5% (42.4) // 47.3% (35.0)",
        "oppShots": "52.1% (31.8) // 52.3% (33.2) // 45.5% (28.5) // 46.7% (21.0)",
        "oppScoring": "53.9% (33.4) // 55.3% (34.1) // 51.2% (30.4) // 48.1% (26.0)",
        "oppCorsiAgainst": "49.2% (55.8) // 49.2% (57.4) // 54.1% (62.8) // 49.0% (50.0)",
        "oppFenwickAgainst": "48.3% (41.1) // 47.8% (42.5) // 52.5% (46.8) // 52.7% (39.0)",
        "oppShotsAgainst": "47.9% (29.2) // 47.7% (30.3) // 54.5% (34.1) // 53.3% (24.0)",
        "oppScoringAgainst": "46.1% (28.5) // 44.7% (27.6) // 48.8% (28.9) // 51.9% (28.0)",
        "savesPerGame": 28.4,
        "savesPerGameLast1": 32.0,
        "savesPerGameLast3": 28.3,
        "savesPerGameLast5": 30.4,
        "savesPer60": 28.4,
        "savesPer60Last1": 32.0,
        "savesPer60Last3": 27.7,
        "savesPer60Last5": 30.0,
        "shotsPerGame": 32.0,
        "shotsPerGameLast5": 33.2,
        "shotsAgainstPerGame": 31.5,
        "shotsAgainstPerGameLast5": 35.0,
        "oppSavesAgainstPer60": 28.4,
        "oppSavesAgainstPer60Last1": 18.0,
        "oppSavesAgainstPer60Last3": 20.6,
        "oppSavesAgainstPer60Last5": 26.6,
        "oppShotsAgainstPerGame": 29.5,
        "oppShotsAgainstPerGameLast5": 34.4,
        "savesProj": 30.2,
        "savesProjLast5": 29.2,
        "savesProjLast3": 20.9,
        "oppSavesAgainstProj": 28.4,
        "oppSavesAgainstProjLast5": 28.8,
        "oppSavesAgainstProjLast3": 21.0,
        "totalOver": 56,
        "totalOverLast5": 20,
        "totalOverLast15": 33,
        "lastTotalOver": 0,
        "last5": "1,0,1,3,1,2,1,3,0,1",
        "overOdds": "-130",
        "underOdds": "+100",
        "overUnder": "-130 / +100"
    },
    {
        "player": "Victor Hedman",
        "team": "TB",
        "opponent": "TOR",
        "propType": "bs",
        "line": 1.5,
        "ppLine": "PP2",
        "avg": 1.79,
        "hit": false,
        "diffAvg": 0.19,
        "diffAbs": 1.0,
        "lastAvg": 0.0,
        "diff": 0,
        "avgMin": 23,
        "proj": 0.0,
        "lastAvgMin": 25.07,
        "oppOver": 0,
        "teamOver": 0,
        "gameLine": "+135",
        "+/-": "+10",
        "L5_+/-": -2.0,
        "prevMatchup": "2023-04-11 1.0 bs 2022-12-20 2.0 bs 2022-12-03 1.0 bs",
        "winLossSplits": "53% - 58%",
        "awayHome": "A",
        "playedYesterday": "N",
        "awayHomeSplits": "58% - 53%",
        "savesAboveExp": 0.388,
        "gsaa": 17.37,
        "corsi": "51.4% (59.4) // 49.6% (57.4) // 53.4% (62.3) // 54.0% (61.0)",
        "fenwick": "51.3% (44.7) // 48.1% (42.5) // 50.9% (46.3) // 52.4% (44.0)",
        "shots": "50.4% (31.7) // 47.3% (30.9) // 52.0% (34.7) // 50.0% (32.0)",
        "scoring": "52.9% (33.9) // 49.5% (32.2) // 52.3% (34.3) // 58.5% (38.0)",
        "corsiAgainst": "48.6% (56.3) // 50.4% (58.3) // 46.6% (54.3) // 46.0% (52.0)",
        "fenwickAgainst": "48.7% (42.4) // 51.9% (45.9) // 49.1% (44.7) // 47.6% (40.0)",
        "shotsAgainst": "49.6% (31.2) // 52.7% (34.4) // 48.0% (32.0) // 50.0% (32.0)",
        "scoringAgainst": "47.1% (30.1) // 50.5% (32.8) // 47.7% (31.3) // 41.5% (27.0)",
        "oppCorsi": "50.8% (57.6) // 50.8% (59.1) // 45.9% (53.2) // 51.0% (52.0)",
        "oppFenwick": "51.7% (44.0) // 52.2% (46.4) // 47.5% (42.4) // 47.3% (35.0)",
        "oppShots": "52.1% (31.8) // 52.3% (33.2) // 45.5% (28.5) // 46.7% (21.0)",
        "oppScoring": "53.9% (33.4) // 55.3% (34.1) // 51.2% (30.4) // 48.1% (26.0)",
        "oppCorsiAgainst": "49.2% (55.8) // 49.2% (57.4) // 54.1% (62.8) // 49.0% (50.0)",
        "oppFenwickAgainst": "48.3% (41.1) // 47.8% (42.5) // 52.5% (46.8) // 52.7% (39.0)",
        "oppShotsAgainst": "47.9% (29.2) // 47.7% (30.3) // 54.5% (34.1) // 53.3% (24.0)",
        "oppScoringAgainst": "46.1% (28.5) // 44.7% (27.6) // 48.8% (28.9) // 51.9% (28.0)",
        "savesPerGame": 28.4,
        "savesPerGameLast1": 32.0,
        "savesPerGameLast3": 28.3,
        "savesPerGameLast5": 30.4,
        "savesPer60": 28.4,
        "savesPer60Last1": 32.0,
        "savesPer60Last3": 27.7,
        "savesPer60Last5": 30.0,
        "shotsPerGame": 32.0,
        "shotsPerGameLast5": 33.2,
        "shotsAgainstPerGame": 31.5,
        "shotsAgainstPerGameLast5": 35.0,
        "oppSavesAgainstPer60": 28.4,
        "oppSavesAgainstPer60Last1": 18.0,
        "oppSavesAgainstPer60Last3": 20.6,
        "oppSavesAgainstPer60Last5": 26.6,
        "oppShotsAgainstPerGame": 29.5,
        "oppShotsAgainstPerGameLast5": 34.4,
        "savesProj": 30.2,
        "savesProjLast5": 29.2,
        "savesProjLast3": 20.9,
        "oppSavesAgainstProj": 28.4,
        "oppSavesAgainstProjLast5": 28.8,
        "oppSavesAgainstProjLast3": 21.0,
        "totalOver": 55,
        "totalOverLast5": 60,
        "totalOverLast15": 53,
        "lastTotalOver": 0,
        "last5": "1,2,3,1,3,2,0,3,0,0",
        "overOdds": "-185",
        "underOdds": "+150",
        "overUnder": "-185 / +150"
    },
    {
        "player": "Morgan Rielly",
        "team": "TOR",
        "opponent": "TB",
        "propType": "bs",
        "line": 1.5,
        "ppLine": "PP1",
        "avg": 1.31,
        "hit": false,
        "diffAvg": -0.13,
        "diffAbs": 1.0,
        "lastAvg": 0.0,
        "diff": 0,
        "avgMin": 21,
        "proj": 0.0,
        "lastAvgMin": 23.73,
        "oppOver": 0,
        "teamOver": 0,
        "gameLine": "-155",
        "+/-": -9,
        "L5_+/-": -4.0,
        "prevMatchup": "2023-04-11 0.0 bs",
        "winLossSplits": "31% - 38%",
        "awayHome": "H",
        "playedYesterday": "N",
        "awayHomeSplits": "45% - 24%",
        "savesAboveExp": 0.522,
        "gsaa": 20.53,
        "corsi": "50.8% (57.6) // 50.8% (59.1) // 45.9% (53.2) // 51.0% (52.0)",
        "fenwick": "51.7% (44.0) // 52.2% (46.4) // 47.5% (42.4) // 47.3% (35.0)",
        "shots": "52.1% (31.8) // 52.3% (33.2) // 45.5% (28.5) // 46.7% (21.0)",
        "scoring": "53.9% (33.4) // 55.3% (34.1) // 51.2% (30.4) // 48.1% (26.0)",
        "corsiAgainst": "49.2% (55.8) // 49.2% (57.4) // 54.1% (62.8) // 49.0% (50.0)",
        "fenwickAgainst": "48.3% (41.1) // 47.8% (42.5) // 52.5% (46.8) // 52.7% (39.0)",
        "shotsAgainst": "47.9% (29.2) // 47.7% (30.3) // 54.5% (34.1) // 53.3% (24.0)",
        "scoringAgainst": "46.1% (28.5) // 44.7% (27.6) // 48.8% (28.9) // 51.9% (28.0)",
        "oppCorsi": "51.4% (59.4) // 49.6% (57.4) // 53.4% (62.3) // 54.0% (61.0)",
        "oppFenwick": "51.3% (44.7) // 48.1% (42.5) // 50.9% (46.3) // 52.4% (44.0)",
        "oppShots": "50.4% (31.7) // 47.3% (30.9) // 52.0% (34.7) // 50.0% (32.0)",
        "oppScoring": "52.9% (33.9) // 49.5% (32.2) // 52.3% (34.3) // 58.5% (38.0)",
        "oppCorsiAgainst": "48.6% (56.3) // 50.4% (58.3) // 46.6% (54.3) // 46.0% (52.0)",
        "oppFenwickAgainst": "48.7% (42.4) // 51.9% (45.9) // 49.1% (44.7) // 47.6% (40.0)",
        "oppShotsAgainst": "49.6% (31.2) // 52.7% (34.4) // 48.0% (32.0) // 50.0% (32.0)",
        "oppScoringAgainst": "47.1% (30.1) // 50.5% (32.8) // 47.7% (31.3) // 41.5% (27.0)",
        "savesPerGame": 26.8,
        "savesPerGameLast1": 22.0,
        "savesPerGameLast3": 37.3,
        "savesPerGameLast5": 32.6,
        "savesPer60": 26.9,
        "savesPer60Last1": 22.0,
        "savesPer60Last3": 38.3,
        "savesPer60Last5": 33.2,
        "shotsPerGame": 32.0,
        "shotsPerGameLast5": 29.6,
        "shotsAgainstPerGame": 29.5,
        "shotsAgainstPerGameLast5": 34.4,
        "oppSavesAgainstPer60": 28.6,
        "oppSavesAgainstPer60Last1": 26.9,
        "oppSavesAgainstPer60Last3": 31.1,
        "oppSavesAgainstPer60Last5": 30.1,
        "oppShotsAgainstPerGame": 31.5,
        "oppShotsAgainstPerGameLast5": 35.0,
        "savesProj": 27.0,
        "savesProjLast5": 35.1,
        "savesProjLast3": 41.4,
        "oppSavesAgainstProj": 27.1,
        "oppSavesAgainstProjLast5": 33.5,
        "oppSavesAgainstProjLast3": 38.3,
        "totalOver": 34,
        "totalOverLast5": 20,
        "totalOverLast15": 33,
        "lastTotalOver": 0,
        "last5": "0,0,4,1,0,1,1,4,0,2",
        "overOdds": "+100",
        "underOdds": "-130",
        "overUnder": "+100 / -130"
    },
    {
        "player": "Tj Brodie",
        "team": "TOR",
        "opponent": "TB",
        "propType": "bs",
        "line": 2.5,
        "ppLine": "",
        "avg": 1.91,
        "hit": false,
        "diffAvg": -0.24,
        "diffAbs": 1.0,
        "lastAvg": 0.0,
        "diff": 0,
        "avgMin": 21,
        "proj": 0.0,
        "lastAvgMin": 21.3,
        "oppOver": 0,
        "teamOver": 0,
        "gameLine": "-155",
        "+/-": "+10",
        "L5_+/-": -1.0,
        "prevMatchup": "2023-04-11 1.0 bs 2022-12-20 3.0 bs",
        "winLossSplits": "38% - 17%",
        "awayHome": "H",
        "playedYesterday": "N",
        "awayHomeSplits": "21% - 38%",
        "savesAboveExp": 0.522,
        "gsaa": 20.53,
        "corsi": "50.8% (57.6) // 50.8% (59.1) // 45.9% (53.2) // 51.0% (52.0)",
        "fenwick": "51.7% (44.0) // 52.2% (46.4) // 47.5% (42.4) // 47.3% (35.0)",
        "shots": "52.1% (31.8) // 52.3% (33.2) // 45.5% (28.5) // 46.7% (21.0)",
        "scoring": "53.9% (33.4) // 55.3% (34.1) // 51.2% (30.4) // 48.1% (26.0)",
        "corsiAgainst": "49.2% (55.8) // 49.2% (57.4) // 54.1% (62.8) // 49.0% (50.0)",
        "fenwickAgainst": "48.3% (41.1) // 47.8% (42.5) // 52.5% (46.8) // 52.7% (39.0)",
        "shotsAgainst": "47.9% (29.2) // 47.7% (30.3) // 54.5% (34.1) // 53.3% (24.0)",
        "scoringAgainst": "46.1% (28.5) // 44.7% (27.6) // 48.8% (28.9) // 51.9% (28.0)",
        "oppCorsi": "51.4% (59.4) // 49.6% (57.4) // 53.4% (62.3) // 54.0% (61.0)",
        "oppFenwick": "51.3% (44.7) // 48.1% (42.5) // 50.9% (46.3) // 52.4% (44.0)",
        "oppShots": "50.4% (31.7) // 47.3% (30.9) // 52.0% (34.7) // 50.0% (32.0)",
        "oppScoring": "52.9% (33.9) // 49.5% (32.2) // 52.3% (34.3) // 58.5% (38.0)",
        "oppCorsiAgainst": "48.6% (56.3) // 50.4% (58.3) // 46.6% (54.3) // 46.0% (52.0)",
        "oppFenwickAgainst": "48.7% (42.4) // 51.9% (45.9) // 49.1% (44.7) // 47.6% (40.0)",
        "oppShotsAgainst": "49.6% (31.2) // 52.7% (34.4) // 48.0% (32.0) // 50.0% (32.0)",
        "oppScoringAgainst": "47.1% (30.1) // 50.5% (32.8) // 47.7% (31.3) // 41.5% (27.0)",
        "savesPerGame": 26.8,
        "savesPerGameLast1": 22.0,
        "savesPerGameLast3": 37.3,
        "savesPerGameLast5": 32.6,
        "savesPer60": 26.9,
        "savesPer60Last1": 22.0,
        "savesPer60Last3": 38.3,
        "savesPer60Last5": 33.2,
        "shotsPerGame": 32.0,
        "shotsPerGameLast5": 29.6,
        "shotsAgainstPerGame": 29.5,
        "shotsAgainstPerGameLast5": 34.4,
        "oppSavesAgainstPer60": 28.6,
        "oppSavesAgainstPer60Last1": 26.9,
        "oppSavesAgainstPer60Last3": 31.1,
        "oppSavesAgainstPer60Last5": 30.1,
        "oppShotsAgainstPerGame": 31.5,
        "oppShotsAgainstPerGameLast5": 35.0,
        "savesProj": 27.0,
        "savesProjLast5": 35.1,
        "savesProjLast3": 41.4,
        "oppSavesAgainstProj": 27.1,
        "oppSavesAgainstProjLast5": 33.5,
        "oppSavesAgainstProjLast3": 38.3,
        "totalOver": 29,
        "totalOverLast5": 40,
        "totalOverLast15": 33,
        "lastTotalOver": 0,
        "last5": "1,1,7,4,2,1,2,1,0,2",
        "overOdds": "+135",
        "underOdds": "-165",
        "overUnder": "+135 / -165"
    },
    {
        "player": "Josh Morrissey",
        "team": "WPG",
        "opponent": "VGK",
        "propType": "bs",
        "line": 1.5,
        "ppLine": "PP1",
        "avg": 1.53,
        "hit": false,
        "diffAvg": 0.02,
        "diffAbs": 1.0,
        "lastAvg": 0.0,
        "diff": 0,
        "avgMin": 24,
        "proj": 0.0,
        "lastAvgMin": 23.65,
        "oppOver": 0,
        "teamOver": 0,
        "gameLine": "+130",
        "+/-": "+2",
        "L5_+/-": "+2.0",
        "prevMatchup": "2022-12-13 1.0 bs 2022-10-30 0.0 bs 2022-10-20 2.0 bs",
        "winLossSplits": "45% - 59%",
        "awayHome": "A",
        "playedYesterday": "N",
        "awayHomeSplits": "42% - 60%",
        "savesAboveExp": "-",
        "gsaa": "-",
        "corsi": "51.5% (58.6) // 54.0% (61.3) // 53.5% (58.8) // 50.0% (43.0)",
        "fenwick": "51.3% (43.9) // 53.8% (45.7) // 52.8% (42.5) // 47.5% (29.0)",
        "shots": "50.0% (30.1) // 52.0% (30.2) // 50.7% (27.8) // 44.4% (20.0)",
        "scoring": "51.9% (30.3) // 55.2% (31.4) // 54.0% (32.0) // 51.1% (24.0)",
        "corsiAgainst": "48.5% (55.2) // 46.0% (52.2) // 46.5% (51.0) // 50.0% (43.0)",
        "fenwickAgainst": "48.7% (41.7) // 46.2% (39.2) // 47.2% (38.0) // 52.5% (32.0)",
        "shotsAgainst": "50.0% (30.1) // 48.0% (27.9) // 49.3% (27.0) // 55.6% (25.0)",
        "scoringAgainst": "48.1% (28.1) // 44.8% (25.5) // 46.0% (27.2) // 48.9% (23.0)",
        "oppCorsi": "48.6% (57.5) // 48.0% (56.0) // 44.0% (48.3) // 33.9% (41.0)",
        "oppFenwick": "49.7% (42.3) // 48.8% (40.5) // 44.0% (33.1) // 32.9% (26.0)",
        "oppShots": "50.5% (31.1) // 50.2% (28.8) // 49.7% (24.7) // 38.0% (19.0)",
        "oppScoring": "49.5% (29.2) // 49.0% (28.7) // 47.8% (25.0) // 33.3% (18.0)",
        "oppCorsiAgainst": "51.4% (60.7) // 52.0% (60.6) // 56.0% (61.6) // 66.1% (80.0)",
        "oppFenwickAgainst": "50.3% (42.8) // 51.2% (42.5) // 56.0% (42.2) // 67.1% (53.0)",
        "oppShotsAgainst": "49.5% (30.4) // 49.8% (28.5) // 50.3% (25.0) // 62.0% (31.0)",
        "oppScoringAgainst": "50.5% (29.8) // 51.0% (29.9) // 52.2% (27.2) // 66.7% (36.0)",
        "savesPerGame": 27.6,
        "savesPerGameLast1": 21.0,
        "savesPerGameLast3": 24.3,
        "savesPerGameLast5": 26.6,
        "savesPer60": 27.5,
        "savesPer60Last1": 20.8,
        "savesPer60Last3": 24.3,
        "savesPer60Last5": 26.5,
        "shotsPerGame": 30.3,
        "shotsPerGameLast5": 29.2,
        "shotsAgainstPerGame": 30.3,
        "shotsAgainstPerGameLast5": 28.6,
        "oppSavesAgainstPer60": 28.4,
        "oppSavesAgainstPer60Last1": 15.8,
        "oppSavesAgainstPer60Last3": 23.2,
        "oppSavesAgainstPer60Last5": 26.4,
        "oppShotsAgainstPerGame": 30.9,
        "oppShotsAgainstPerGameLast5": 27.2,
        "savesProj": 27.6,
        "savesProjLast5": 24.4,
        "savesProjLast3": 19.5,
        "oppSavesAgainstProj": 27.8,
        "oppSavesAgainstProjLast5": 23.9,
        "oppSavesAgainstProjLast3": 19.7,
        "totalOver": 51,
        "totalOverLast5": 40,
        "totalOverLast15": 47,
        "lastTotalOver": 0,
        "last5": "0,1,0,2,3,2,1,2,0,2",
        "overOdds": "-135",
        "underOdds": "+105",
        "overUnder": "-135 / +105"
    },
    {
        "player": "Alec Martinez",
        "team": "VGK",
        "opponent": "WPG",
        "propType": "bs",
        "line": 2.5,
        "ppLine": "",
        "avg": 3.16,
        "hit": false,
        "diffAvg": 0.26,
        "diffAbs": 1.0,
        "lastAvg": 0.0,
        "diff": 0,
        "avgMin": 19,
        "proj": 0.0,
        "lastAvgMin": 19.53,
        "oppOver": 0,
        "teamOver": 0,
        "gameLine": "-150",
        "+/-": "+30",
        "L5_+/-": "+9.0",
        "prevMatchup": "2022-12-13 1.0 bs 2022-10-30 6.0 bs 2022-10-20 3.0 bs",
        "winLossSplits": "64% - 50%",
        "awayHome": "H",
        "playedYesterday": "N",
        "awayHomeSplits": "58% - 59%",
        "savesAboveExp": 0.641,
        "gsaa": 31.05,
        "corsi": "48.6% (57.5) // 48.0% (56.0) // 44.0% (48.3) // 33.9% (41.0)",
        "fenwick": "49.7% (42.3) // 48.8% (40.5) // 44.0% (33.1) // 32.9% (26.0)",
        "shots": "50.5% (31.1) // 50.2% (28.8) // 49.7% (24.7) // 38.0% (19.0)",
        "scoring": "49.5% (29.2) // 49.0% (28.7) // 47.8% (25.0) // 33.3% (18.0)",
        "corsiAgainst": "51.4% (60.7) // 52.0% (60.6) // 56.0% (61.6) // 66.1% (80.0)",
        "fenwickAgainst": "50.3% (42.8) // 51.2% (42.5) // 56.0% (42.2) // 67.1% (53.0)",
        "shotsAgainst": "49.5% (30.4) // 49.8% (28.5) // 50.3% (25.0) // 62.0% (31.0)",
        "scoringAgainst": "50.5% (29.8) // 51.0% (29.9) // 52.2% (27.2) // 66.7% (36.0)",
        "oppCorsi": "51.5% (58.6) // 54.0% (61.3) // 53.5% (58.8) // 50.0% (43.0)",
        "oppFenwick": "51.3% (43.9) // 53.8% (45.7) // 52.8% (42.5) // 47.5% (29.0)",
        "oppShots": "50.0% (30.1) // 52.0% (30.2) // 50.7% (27.8) // 44.4% (20.0)",
        "oppScoring": "51.9% (30.3) // 55.2% (31.4) // 54.0% (32.0) // 51.1% (24.0)",
        "oppCorsiAgainst": "48.5% (55.2) // 46.0% (52.2) // 46.5% (51.0) // 50.0% (43.0)",
        "oppFenwickAgainst": "48.7% (41.7) // 46.2% (39.2) // 47.2% (38.0) // 52.5% (32.0)",
        "oppShotsAgainst": "50.0% (30.1) // 48.0% (27.9) // 49.3% (27.0) // 55.6% (25.0)",
        "oppScoringAgainst": "48.1% (28.1) // 44.8% (25.5) // 46.0% (27.2) // 48.9% (23.0)",
        "savesPerGame": 28.1,
        "savesPerGameLast1": 30.0,
        "savesPerGameLast3": 24.7,
        "savesPerGameLast5": 25.6,
        "savesPer60": 28.3,
        "savesPer60Last1": 29.8,
        "savesPer60Last3": 25.3,
        "savesPer60Last5": 26.3,
        "shotsPerGame": 31.5,
        "shotsPerGameLast5": 29.0,
        "shotsAgainstPerGame": 30.9,
        "shotsAgainstPerGameLast5": 27.2,
        "oppSavesAgainstPer60": 27.1,
        "oppSavesAgainstPer60Last1": 17.3,
        "oppSavesAgainstPer60Last3": 20.2,
        "oppSavesAgainstPer60Last5": 25.9,
        "oppShotsAgainstPerGame": 30.3,
        "oppShotsAgainstPerGameLast5": 28.6,
        "savesProj": 28.0,
        "savesProjLast5": 25.2,
        "savesProjLast3": 19.0,
        "oppSavesAgainstProj": 27.1,
        "oppSavesAgainstProjLast5": 23.8,
        "oppSavesAgainstProjLast3": 18.2,
        "totalOver": 58,
        "totalOverLast5": 20,
        "totalOverLast15": 47,
        "lastTotalOver": 0,
        "last5": "2,1,2,4,2,2,3,4,3,5",
        "overOdds": "-130",
        "underOdds": "+100",
        "overUnder": "-130 / +100"
    },
    {
        "player": "Dylan Demelo",
        "team": "WPG",
        "opponent": "VGK",
        "propType": "bs",
        "line": 1.5,
        "ppLine": "",
        "avg": 1.41,
        "hit": false,
        "diffAvg": -0.06,
        "diffAbs": 1.0,
        "lastAvg": 0.0,
        "diff": 0,
        "avgMin": 19,
        "proj": 0.0,
        "lastAvgMin": 18.48,
        "oppOver": 0,
        "teamOver": 0,
        "gameLine": "+130",
        "+/-": "+9",
        "L5_+/-": "+6.0",
        "prevMatchup": "2022-12-13 0.0 bs",
        "winLossSplits": "32% - 41%",
        "awayHome": "A",
        "playedYesterday": "N",
        "awayHomeSplits": "35% - 38%",
        "savesAboveExp": "-",
        "gsaa": "-",
        "corsi": "51.5% (58.6) // 54.0% (61.3) // 53.5% (58.8) // 50.0% (43.0)",
        "fenwick": "51.3% (43.9) // 53.8% (45.7) // 52.8% (42.5) // 47.5% (29.0)",
        "shots": "50.0% (30.1) // 52.0% (30.2) // 50.7% (27.8) // 44.4% (20.0)",
        "scoring": "51.9% (30.3) // 55.2% (31.4) // 54.0% (32.0) // 51.1% (24.0)",
        "corsiAgainst": "48.5% (55.2) // 46.0% (52.2) // 46.5% (51.0) // 50.0% (43.0)",
        "fenwickAgainst": "48.7% (41.7) // 46.2% (39.2) // 47.2% (38.0) // 52.5% (32.0)",
        "shotsAgainst": "50.0% (30.1) // 48.0% (27.9) // 49.3% (27.0) // 55.6% (25.0)",
        "scoringAgainst": "48.1% (28.1) // 44.8% (25.5) // 46.0% (27.2) // 48.9% (23.0)",
        "oppCorsi": "48.6% (57.5) // 48.0% (56.0) // 44.0% (48.3) // 33.9% (41.0)",
        "oppFenwick": "49.7% (42.3) // 48.8% (40.5) // 44.0% (33.1) // 32.9% (26.0)",
        "oppShots": "50.5% (31.1) // 50.2% (28.8) // 49.7% (24.7) // 38.0% (19.0)",
        "oppScoring": "49.5% (29.2) // 49.0% (28.7) // 47.8% (25.0) // 33.3% (18.0)",
        "oppCorsiAgainst": "51.4% (60.7) // 52.0% (60.6) // 56.0% (61.6) // 66.1% (80.0)",
        "oppFenwickAgainst": "50.3% (42.8) // 51.2% (42.5) // 56.0% (42.2) // 67.1% (53.0)",
        "oppShotsAgainst": "49.5% (30.4) // 49.8% (28.5) // 50.3% (25.0) // 62.0% (31.0)",
        "oppScoringAgainst": "50.5% (29.8) // 51.0% (29.9) // 52.2% (27.2) // 66.7% (36.0)",
        "savesPerGame": 27.6,
        "savesPerGameLast1": 21.0,
        "savesPerGameLast3": 24.3,
        "savesPerGameLast5": 26.6,
        "savesPer60": 27.5,
        "savesPer60Last1": 20.8,
        "savesPer60Last3": 24.3,
        "savesPer60Last5": 26.5,
        "shotsPerGame": 30.3,
        "shotsPerGameLast5": 29.2,
        "shotsAgainstPerGame": 30.3,
        "shotsAgainstPerGameLast5": 28.6,
        "oppSavesAgainstPer60": 28.4,
        "oppSavesAgainstPer60Last1": 15.8,
        "oppSavesAgainstPer60Last3": 23.2,
        "oppSavesAgainstPer60Last5": 26.4,
        "oppShotsAgainstPerGame": 30.9,
        "oppShotsAgainstPerGameLast5": 27.2,
        "savesProj": 27.6,
        "savesProjLast5": 24.4,
        "savesProjLast3": 19.5,
        "oppSavesAgainstProj": 27.8,
        "oppSavesAgainstProjLast5": 23.9,
        "oppSavesAgainstProjLast3": 19.7,
        "totalOver": 36,
        "totalOverLast5": 20,
        "totalOverLast15": 33,
        "lastTotalOver": 0,
        "last5": "0,4,1,1,0,2,2,3,1,1",
        "overOdds": "-130",
        "underOdds": "+100",
        "overUnder": "-130 / +100"
    },
    {
        "player": "Brayden Mcnabb",
        "team": "VGK",
        "opponent": "WPG",
        "propType": "bs",
        "line": 2.5,
        "ppLine": "",
        "avg": 2.42,
        "hit": false,
        "diffAvg": -0.03,
        "diffAbs": 1.0,
        "lastAvg": 0.0,
        "diff": 0,
        "avgMin": 19,
        "proj": 0.0,
        "lastAvgMin": 19.7,
        "oppOver": 0,
        "teamOver": 0,
        "gameLine": "-150",
        "+/-": "+10",
        "L5_+/-": "+2.0",
        "prevMatchup": "2022-12-13 2.0 bs",
        "winLossSplits": "49% - 34%",
        "awayHome": "H",
        "playedYesterday": "N",
        "awayHomeSplits": "46% - 40%",
        "savesAboveExp": 0.641,
        "gsaa": 31.05,
        "corsi": "48.6% (57.5) // 48.0% (56.0) // 44.0% (48.3) // 33.9% (41.0)",
        "fenwick": "49.7% (42.3) // 48.8% (40.5) // 44.0% (33.1) // 32.9% (26.0)",
        "shots": "50.5% (31.1) // 50.2% (28.8) // 49.7% (24.7) // 38.0% (19.0)",
        "scoring": "49.5% (29.2) // 49.0% (28.7) // 47.8% (25.0) // 33.3% (18.0)",
        "corsiAgainst": "51.4% (60.7) // 52.0% (60.6) // 56.0% (61.6) // 66.1% (80.0)",
        "fenwickAgainst": "50.3% (42.8) // 51.2% (42.5) // 56.0% (42.2) // 67.1% (53.0)",
        "shotsAgainst": "49.5% (30.4) // 49.8% (28.5) // 50.3% (25.0) // 62.0% (31.0)",
        "scoringAgainst": "50.5% (29.8) // 51.0% (29.9) // 52.2% (27.2) // 66.7% (36.0)",
        "oppCorsi": "51.5% (58.6) // 54.0% (61.3) // 53.5% (58.8) // 50.0% (43.0)",
        "oppFenwick": "51.3% (43.9) // 53.8% (45.7) // 52.8% (42.5) // 47.5% (29.0)",
        "oppShots": "50.0% (30.1) // 52.0% (30.2) // 50.7% (27.8) // 44.4% (20.0)",
        "oppScoring": "51.9% (30.3) // 55.2% (31.4) // 54.0% (32.0) // 51.1% (24.0)",
        "oppCorsiAgainst": "48.5% (55.2) // 46.0% (52.2) // 46.5% (51.0) // 50.0% (43.0)",
        "oppFenwickAgainst": "48.7% (41.7) // 46.2% (39.2) // 47.2% (38.0) // 52.5% (32.0)",
        "oppShotsAgainst": "50.0% (30.1) // 48.0% (27.9) // 49.3% (27.0) // 55.6% (25.0)",
        "oppScoringAgainst": "48.1% (28.1) // 44.8% (25.5) // 46.0% (27.2) // 48.9% (23.0)",
        "savesPerGame": 28.1,
        "savesPerGameLast1": 30.0,
        "savesPerGameLast3": 24.7,
        "savesPerGameLast5": 25.6,
        "savesPer60": 28.3,
        "savesPer60Last1": 29.8,
        "savesPer60Last3": 25.3,
        "savesPer60Last5": 26.3,
        "shotsPerGame": 31.5,
        "shotsPerGameLast5": 29.0,
        "shotsAgainstPerGame": 30.9,
        "shotsAgainstPerGameLast5": 27.2,
        "oppSavesAgainstPer60": 27.1,
        "oppSavesAgainstPer60Last1": 17.3,
        "oppSavesAgainstPer60Last3": 20.2,
        "oppSavesAgainstPer60Last5": 25.9,
        "oppShotsAgainstPerGame": 30.3,
        "oppShotsAgainstPerGameLast5": 28.6,
        "savesProj": 28.0,
        "savesProjLast5": 25.2,
        "savesProjLast3": 19.0,
        "oppSavesAgainstProj": 27.1,
        "oppSavesAgainstProjLast5": 23.8,
        "oppSavesAgainstProjLast3": 18.2,
        "totalOver": 43,
        "totalOverLast5": 40,
        "totalOverLast15": 40,
        "lastTotalOver": 0,
        "last5": "3,2,3,2,1,5,3,2,2,4",
        "overOdds": "-110",
        "underOdds": "-120",
        "overUnder": "-110 / -120"
    },
    {
        "player": "Devon Toews",
        "team": "COL",
        "opponent": "SEA",
        "propType": "bs",
        "line": 1.5,
        "ppLine": "PP2",
        "avg": 1.73,
        "hit": false,
        "diffAvg": 0.15,
        "diffAbs": 1.0,
        "lastAvg": 0.0,
        "diff": 0,
        "avgMin": 25,
        "proj": 0.0,
        "lastAvgMin": 25.37,
        "oppOver": 0,
        "teamOver": 0,
        "gameLine": "-200",
        "+/-": "+39",
        "L5_+/-": "+10.0",
        "prevMatchup": "2023-03-05 1.0 bs 2023-01-21 1.0 bs",
        "winLossSplits": "54% - 47%",
        "awayHome": "H",
        "playedYesterday": "N",
        "awayHomeSplits": "58% - 45%",
        "savesAboveExp": -0.168,
        "gsaa": -8.95,
