[
    {
        "player": "Auston Matthews",
        "team": "TOR",
        "opponent": "CBJ",
        "propType": "sog",
        "line": 4.5,
        "ppLine": "PP1",
        "avg": 4.41,
        "hit": false,
        "diffAvg": -0.02,
        "diffAbs": 0.07,
        "lastAvg": 4.3,
        "diff": -0.04,
        "avgMin": 20,
        "proj": 4.2,
        "lastAvgMin": 20.6,
        "oppOver": 0,
        "teamOver": 0,
        "gameLine": "-365",
        "+/-": "+30",
        "L5_+/-": "+4.0",
        "prevMatchup": "",
        "winLossSplits": "45% - 44%",
        "awayHome": "H",
        "playedYesterday": "N",
        "awayHomeSplits": "37% - 53%",
        "savesAboveExp": "-",
        "gsaa": "-",
        "corsi": "50.9% (57.5) // 48.6% (56.0) // 54.7% (63.4) // 50.7% (59.4)",
        "fenwick": "51.7% (43.8) // 48.4% (41.7) // 55.4% (49.1) // 51.5% (45.9)",
        "shots": "52.2% (31.7) // 49.4% (30.2) // 57.2% (36.4) // 55.6% (34.7)",
        "scoring": "53.9% (33.4) // 52.4% (31.9) // 59.2% (37.6) // 52.4% (32.7)",
        "corsiAgainst": "49.1% (55.5) // 51.4% (59.2) // 45.3% (52.5) // 49.3% (57.8)",
        "fenwickAgainst": "48.3% (40.9) // 51.6% (44.5) // 44.6% (39.6) // 48.5% (43.3)",
        "shotsAgainst": "47.8% (29.0) // 50.6% (31.0) // 42.8% (27.2) // 44.4% (27.7)",
        "scoringAgainst": "46.1% (28.6) // 47.6% (28.9) // 40.8% (25.9) // 47.6% (29.7)",
        "oppCorsi": "45.8% (55.3) // 45.3% (54.7) // 41.6% (46.7) // 39.9% (46.1)",
        "oppFenwick": "45.6% (41.1) // 44.0% (40.1) // 40.1% (34.3) // 38.0% (33.5)",
        "oppShots": "45.5% (29.2) // 44.9% (29.5) // 41.1% (24.3) // 39.2% (22.9)",
        "oppScoring": "45.0% (27.1) // 44.6% (28.3) // 41.3% (23.5) // 38.3% (22.9)",
        "oppCorsiAgainst": "54.2% (65.4) // 54.7% (66.1) // 58.4% (65.6) // 60.1% (69.3)",
        "oppFenwickAgainst": "54.4% (49.0) // 56.0% (51.1) // 59.9% (51.2) // 62.0% (54.7)",
        "oppShotsAgainst": "54.5% (35.0) // 55.1% (36.2) // 58.9% (34.9) // 60.8% (35.5)",
        "oppScoringAgainst": "55.0% (33.1) // 55.4% (35.1) // 58.7% (33.5) // 61.7% (36.8)",
        "savesPerGame": 26.5,
        "savesPerGameLast1": 19.0,
        "savesPerGameLast3": 25.3,
        "savesPerGameLast5": 24.4,
        "savesPer60": 26.5,
        "savesPer60Last1": 18.7,
        "savesPer60Last3": 25.4,
        "savesPer60Last5": 24.3,
        "shotsPerGame": 32.0,
        "shotsPerGameLast5": 36.6,
        "shotsAgainstPerGame": 29.2,
        "shotsAgainstPerGameLast5": 27.4,
        "oppSavesAgainstPer60": 26.8,
        "oppSavesAgainstPer60Last1": 17.9,
        "oppSavesAgainstPer60Last3": 21.5,
        "oppSavesAgainstPer60Last5": 22.8,
        "oppShotsAgainstPerGame": 35.3,
        "oppShotsAgainstPerGameLast5": 35.0,
        "savesProj": 22.8,
        "savesProjLast5": 17.6,
        "savesProjLast3": 17.4,
        "oppSavesAgainstProj": 25.2,
        "oppSavesAgainstProjLast5": 18.8,
        "oppSavesAgainstProjLast3": 18.3,
        "totalOver": 45,
        "totalOverLast5": 80,
        "totalOverLast15": 53,
        "lastTotalOver": 41,
        "last5": "6,3,5,5,15,4,3,4,5,5",
        "overOdds": "-125",
        "underOdds": "-105",
        "overUnder": "-125 / -105"
    },
    {
        "player": "Boone Jenner",
        "team": "CBJ",
        "opponent": "TOR",
        "propType": "sog",
        "line": 2.5,
        "ppLine": "PP1",
        "avg": 3.25,
        "hit": false,
        "diffAvg": 0.3,
        "diffAbs": 0.08,
        "lastAvg": 2.71,
        "diff": 0.08,
        "avgMin": 20,
        "proj": 2.7,
        "lastAvgMin": 20.45,
        "oppOver": 0,
        "teamOver": 0,
        "gameLine": "+300",
        "+/-": -27,
        "L5_+/-": -10.0,
        "prevMatchup": "2023-02-11 9.0 sog 2023-02-10 3.0 sog",
        "winLossSplits": "59% - 63%",
        "awayHome": "A",
        "playedYesterday": "N",
        "awayHomeSplits": "56% - 67%",
        "savesAboveExp": 0.388,
        "gsaa": 11.93,
        "corsi": "45.8% (55.3) // 45.3% (54.7) // 41.6% (46.7) // 39.9% (46.1)",
        "fenwick": "45.6% (41.1) // 44.0% (40.1) // 40.1% (34.3) // 38.0% (33.5)",
        "shots": "45.5% (29.2) // 44.9% (29.5) // 41.1% (24.3) // 39.2% (22.9)",
        "scoring": "45.0% (27.1) // 44.6% (28.3) // 41.3% (23.5) // 38.3% (22.9)",
        "corsiAgainst": "54.2% (65.4) // 54.7% (66.1) // 58.4% (65.6) // 60.1% (69.3)",
        "fenwickAgainst": "54.4% (49.0) // 56.0% (51.1) // 59.9% (51.2) // 62.0% (54.7)",
        "shotsAgainst": "54.5% (35.0) // 55.1% (36.2) // 58.9% (34.9) // 60.8% (35.5)",
        "scoringAgainst": "55.0% (33.1) // 55.4% (35.1) // 58.7% (33.5) // 61.7% (36.8)",
        "oppCorsi": "50.9% (57.5) // 48.6% (56.0) // 54.7% (63.4) // 50.7% (59.4)",
        "oppFenwick": "51.7% (43.8) // 48.4% (41.7) // 55.4% (49.1) // 51.5% (45.9)",
        "oppShots": "52.2% (31.7) // 49.4% (30.2) // 57.2% (36.4) // 55.6% (34.7)",
        "oppScoring": "53.9% (33.4) // 52.4% (31.9) // 59.2% (37.6) // 52.4% (32.7)",
        "oppCorsiAgainst": "49.1% (55.5) // 51.4% (59.2) // 45.3% (52.5) // 49.3% (57.8)",
        "oppFenwickAgainst": "48.3% (40.9) // 51.6% (44.5) // 44.6% (39.6) // 48.5% (43.3)",
        "oppShotsAgainst": "47.8% (29.0) // 50.6% (31.0) // 42.8% (27.2) // 44.4% (27.7)",
        "oppScoringAgainst": "46.1% (28.6) // 47.6% (28.9) // 40.8% (25.9) // 47.6% (29.7)",
        "savesPerGame": 31.3,
        "savesPerGameLast1": 24.0,
        "savesPerGameLast3": 31.7,
        "savesPerGameLast5": 29.8,
        "savesPer60": 31.2,
        "savesPer60Last1": 24.1,
        "savesPer60Last3": 31.8,
        "savesPer60Last5": 29.8,
        "shotsPerGame": 29.5,
        "shotsPerGameLast5": 24.4,
        "shotsAgainstPerGame": 35.3,
        "shotsAgainstPerGameLast5": 35.0,
        "oppSavesAgainstPer60": 28.4,
        "oppSavesAgainstPer60Last1": 43.0,
        "oppSavesAgainstPer60Last3": 33.1,
        "oppSavesAgainstPer60Last5": 34.3,
        "oppShotsAgainstPerGame": 29.2,
        "oppShotsAgainstPerGameLast5": 27.4,
        "savesProj": 33.6,
        "savesProjLast5": 38.2,
        "savesProjLast3": 39.2,
        "oppSavesAgainstProj": 31.4,
        "oppSavesAgainstProjLast5": 34.9,
        "oppSavesAgainstProjLast3": 33.7,
        "totalOver": 62,
        "totalOverLast5": 40,
        "totalOverLast15": 47,
        "lastTotalOver": 50,
        "last5": "2,4,3,2,1,2,3,1,6,4",
        "overOdds": "-165",
        "underOdds": "+135",
        "overUnder": "-165 / +135"
    },
    {
        "player": "John Tavares",
        "team": "TOR",
        "opponent": "CBJ",
        "propType": "sog",
        "line": 3.5,
        "ppLine": "PP1",
        "avg": 3.4,
        "hit": false,
        "diffAvg": -0.03,
        "diffAbs": 0.26,
        "lastAvg": 2.76,
        "diff": -0.21,
        "avgMin": 17,
        "proj": 2.6,
        "lastAvgMin": 18.07,
        "oppOver": 0,
        "teamOver": 0,
        "gameLine": "-365",
        "+/-": -7,
        "L5_+/-": -8.0,
        "prevMatchup": "2023-02-11 0.0 sog 2023-02-10 4.0 sog",
        "winLossSplits": "45% - 32%",
        "awayHome": "H",
        "playedYesterday": "N",
        "awayHomeSplits": "42% - 38%",
        "savesAboveExp": "-",
        "gsaa": "-",
        "corsi": "50.9% (57.5) // 48.6% (56.0) // 54.7% (63.4) // 50.7% (59.4)",
        "fenwick": "51.7% (43.8) // 48.4% (41.7) // 55.4% (49.1) // 51.5% (45.9)",
        "shots": "52.2% (31.7) // 49.4% (30.2) // 57.2% (36.4) // 55.6% (34.7)",
        "scoring": "53.9% (33.4) // 52.4% (31.9) // 59.2% (37.6) // 52.4% (32.7)",
        "corsiAgainst": "49.1% (55.5) // 51.4% (59.2) // 45.3% (52.5) // 49.3% (57.8)",
        "fenwickAgainst": "48.3% (40.9) // 51.6% (44.5) // 44.6% (39.6) // 48.5% (43.3)",
        "shotsAgainst": "47.8% (29.0) // 50.6% (31.0) // 42.8% (27.2) // 44.4% (27.7)",
        "scoringAgainst": "46.1% (28.6) // 47.6% (28.9) // 40.8% (25.9) // 47.6% (29.7)",
        "oppCorsi": "45.8% (55.3) // 45.3% (54.7) // 41.6% (46.7) // 39.9% (46.1)",
        "oppFenwick": "45.6% (41.1) // 44.0% (40.1) // 40.1% (34.3) // 38.0% (33.5)",
        "oppShots": "45.5% (29.2) // 44.9% (29.5) // 41.1% (24.3) // 39.2% (22.9)",
        "oppScoring": "45.0% (27.1) // 44.6% (28.3) // 41.3% (23.5) // 38.3% (22.9)",
        "oppCorsiAgainst": "54.2% (65.4) // 54.7% (66.1) // 58.4% (65.6) // 60.1% (69.3)",
        "oppFenwickAgainst": "54.4% (49.0) // 56.0% (51.1) // 59.9% (51.2) // 62.0% (54.7)",
        "oppShotsAgainst": "54.5% (35.0) // 55.1% (36.2) // 58.9% (34.9) // 60.8% (35.5)",
        "oppScoringAgainst": "55.0% (33.1) // 55.4% (35.1) // 58.7% (33.5) // 61.7% (36.8)",
        "savesPerGame": 26.5,
        "savesPerGameLast1": 19.0,
        "savesPerGameLast3": 25.3,
        "savesPerGameLast5": 24.4,
        "savesPer60": 26.5,
        "savesPer60Last1": 18.7,
        "savesPer60Last3": 25.4,
        "savesPer60Last5": 24.3,
        "shotsPerGame": 32.0,
        "shotsPerGameLast5": 36.6,
        "shotsAgainstPerGame": 29.2,
        "shotsAgainstPerGameLast5": 27.4,
        "oppSavesAgainstPer60": 26.8,
        "oppSavesAgainstPer60Last1": 17.9,
        "oppSavesAgainstPer60Last3": 21.5,
        "oppSavesAgainstPer60Last5": 22.8,
        "oppShotsAgainstPerGame": 35.3,
        "oppShotsAgainstPerGameLast5": 35.0,
        "savesProj": 22.8,
        "savesProjLast5": 17.6,
        "savesProjLast3": 17.4,
        "oppSavesAgainstProj": 25.2,
        "oppSavesAgainstProjLast5": 18.8,
        "oppSavesAgainstProjLast3": 18.3,
        "totalOver": 40,
        "totalOverLast5": 40,
        "totalOverLast15": 40,
        "lastTotalOver": 29,
        "last5": "4,0,1,3,9,2,4,0,0,1",
        "overOdds": "+105",
        "underOdds": "-135",
        "overUnder": "+105 / -135"
    },
    {
        "player": "Johnny Gaudreau",
        "team": "CBJ",
        "opponent": "TOR",
        "propType": "sog",
        "line": 3.5,
        "ppLine": "PP1",
        "avg": 2.72,
        "hit": false,
        "diffAvg": -0.22,
        "diffAbs": 0.2,
        "lastAvg": 2.76,
        "diff": -0.21,
        "avgMin": 19,
        "proj": 2.8,
        "lastAvgMin": 18.57,
        "oppOver": 0,
        "teamOver": 0,
        "gameLine": "+300",
        "+/-": -31,
        "L5_+/-": -7.0,
        "prevMatchup": "2023-02-11 3.0 sog 2023-02-10 2.0 sog",
        "winLossSplits": "17% - 27%",
        "awayHome": "A",
        "playedYesterday": "N",
        "awayHomeSplits": "19% - 29%",
        "savesAboveExp": 0.388,
        "gsaa": 11.93,
        "corsi": "45.8% (55.3) // 45.3% (54.7) // 41.6% (46.7) // 39.9% (46.1)",
        "fenwick": "45.6% (41.1) // 44.0% (40.1) // 40.1% (34.3) // 38.0% (33.5)",
        "shots": "45.5% (29.2) // 44.9% (29.5) // 41.1% (24.3) // 39.2% (22.9)",
        "scoring": "45.0% (27.1) // 44.6% (28.3) // 41.3% (23.5) // 38.3% (22.9)",
        "corsiAgainst": "54.2% (65.4) // 54.7% (66.1) // 58.4% (65.6) // 60.1% (69.3)",
        "fenwickAgainst": "54.4% (49.0) // 56.0% (51.1) // 59.9% (51.2) // 62.0% (54.7)",
        "shotsAgainst": "54.5% (35.0) // 55.1% (36.2) // 58.9% (34.9) // 60.8% (35.5)",
        "scoringAgainst": "55.0% (33.1) // 55.4% (35.1) // 58.7% (33.5) // 61.7% (36.8)",
        "oppCorsi": "50.9% (57.5) // 48.6% (56.0) // 54.7% (63.4) // 50.7% (59.4)",
        "oppFenwick": "51.7% (43.8) // 48.4% (41.7) // 55.4% (49.1) // 51.5% (45.9)",
        "oppShots": "52.2% (31.7) // 49.4% (30.2) // 57.2% (36.4) // 55.6% (34.7)",
        "oppScoring": "53.9% (33.4) // 52.4% (31.9) // 59.2% (37.6) // 52.4% (32.7)",
        "oppCorsiAgainst": "49.1% (55.5) // 51.4% (59.2) // 45.3% (52.5) // 49.3% (57.8)",
        "oppFenwickAgainst": "48.3% (40.9) // 51.6% (44.5) // 44.6% (39.6) // 48.5% (43.3)",
        "oppShotsAgainst": "47.8% (29.0) // 50.6% (31.0) // 42.8% (27.2) // 44.4% (27.7)",
        "oppScoringAgainst": "46.1% (28.6) // 47.6% (28.9) // 40.8% (25.9) // 47.6% (29.7)",
        "savesPerGame": 31.3,
        "savesPerGameLast1": 24.0,
        "savesPerGameLast3": 31.7,
        "savesPerGameLast5": 29.8,
        "savesPer60": 31.2,
        "savesPer60Last1": 24.1,
        "savesPer60Last3": 31.8,
        "savesPer60Last5": 29.8,
        "shotsPerGame": 29.5,
        "shotsPerGameLast5": 24.4,
        "shotsAgainstPerGame": 35.3,
        "shotsAgainstPerGameLast5": 35.0,
        "oppSavesAgainstPer60": 28.4,
        "oppSavesAgainstPer60Last1": 43.0,
        "oppSavesAgainstPer60Last3": 33.1,
        "oppSavesAgainstPer60Last5": 34.3,
        "oppShotsAgainstPerGame": 29.2,
        "oppShotsAgainstPerGameLast5": 27.4,
        "savesProj": 33.6,
        "savesProjLast5": 38.2,
        "savesProjLast3": 39.2,
        "oppSavesAgainstProj": 31.4,
        "oppSavesAgainstProjLast5": 34.9,
        "oppSavesAgainstProjLast3": 33.7,
        "totalOver": 24,
        "totalOverLast5": 60,
        "totalOverLast15": 47,
        "lastTotalOver": 45,
        "last5": "5,4,5,3,1,3,3,4,4,4",
        "overOdds": "+135",
        "underOdds": "-165",
        "overUnder": "+135 / -165"
    },
    {
        "player": "Kirill Marchenko",
        "team": "CBJ",
        "opponent": "TOR",
        "propType": "sog",
        "line": 2.5,
        "ppLine": "PP1",
        "avg": 2.17,
        "hit": false,
        "diffAvg": -0.13,
        "diffAbs": 1.0,
        "lastAvg": 0,
        "diff": 0,
        "avgMin": 15,
        "proj": 0.0,
        "lastAvgMin": 0,
        "oppOver": 0,
        "teamOver": 0,
        "gameLine": "+300",
        "+/-": -16,
        "L5_+/-": -4.0,
        "prevMatchup": "2023-02-11 2.0 sog 2023-02-10 2.0 sog",
        "winLossSplits": "31% - 35%",
        "awayHome": "A",
        "playedYesterday": "N",
        "awayHomeSplits": "39% - 27%",
        "savesAboveExp": 0.388,
        "gsaa": 11.93,
        "corsi": "45.8% (55.3) // 45.3% (54.7) // 41.6% (46.7) // 39.9% (46.1)",
        "fenwick": "45.6% (41.1) // 44.0% (40.1) // 40.1% (34.3) // 38.0% (33.5)",
        "shots": "45.5% (29.2) // 44.9% (29.5) // 41.1% (24.3) // 39.2% (22.9)",
        "scoring": "45.0% (27.1) // 44.6% (28.3) // 41.3% (23.5) // 38.3% (22.9)",
        "corsiAgainst": "54.2% (65.4) // 54.7% (66.1) // 58.4% (65.6) // 60.1% (69.3)",
        "fenwickAgainst": "54.4% (49.0) // 56.0% (51.1) // 59.9% (51.2) // 62.0% (54.7)",
        "shotsAgainst": "54.5% (35.0) // 55.1% (36.2) // 58.9% (34.9) // 60.8% (35.5)",
        "scoringAgainst": "55.0% (33.1) // 55.4% (35.1) // 58.7% (33.5) // 61.7% (36.8)",
        "oppCorsi": "50.9% (57.5) // 48.6% (56.0) // 54.7% (63.4) // 50.7% (59.4)",
        "oppFenwick": "51.7% (43.8) // 48.4% (41.7) // 55.4% (49.1) // 51.5% (45.9)",
        "oppShots": "52.2% (31.7) // 49.4% (30.2) // 57.2% (36.4) // 55.6% (34.7)",
        "oppScoring": "53.9% (33.4) // 52.4% (31.9) // 59.2% (37.6) // 52.4% (32.7)",
        "oppCorsiAgainst": "49.1% (55.5) // 51.4% (59.2) // 45.3% (52.5) // 49.3% (57.8)",
        "oppFenwickAgainst": "48.3% (40.9) // 51.6% (44.5) // 44.6% (39.6) // 48.5% (43.3)",
        "oppShotsAgainst": "47.8% (29.0) // 50.6% (31.0) // 42.8% (27.2) // 44.4% (27.7)",
        "oppScoringAgainst": "46.1% (28.6) // 47.6% (28.9) // 40.8% (25.9) // 47.6% (29.7)",
        "savesPerGame": 31.3,
        "savesPerGameLast1": 24.0,
        "savesPerGameLast3": 31.7,
        "savesPerGameLast5": 29.8,
        "savesPer60": 31.2,
        "savesPer60Last1": 24.1,
        "savesPer60Last3": 31.8,
        "savesPer60Last5": 29.8,
        "shotsPerGame": 29.5,
        "shotsPerGameLast5": 24.4,
        "shotsAgainstPerGame": 35.3,
        "shotsAgainstPerGameLast5": 35.0,
        "oppSavesAgainstPer60": 28.4,
        "oppSavesAgainstPer60Last1": 43.0,
        "oppSavesAgainstPer60Last3": 33.1,
        "oppSavesAgainstPer60Last5": 34.3,
        "oppShotsAgainstPerGame": 29.2,
        "oppShotsAgainstPerGameLast5": 27.4,
        "savesProj": 33.6,
        "savesProjLast5": 38.2,
        "savesProjLast3": 39.2,
        "oppSavesAgainstProj": 31.4,
        "oppSavesAgainstProjLast5": 34.9,
        "oppSavesAgainstProjLast3": 33.7,
        "totalOver": 34,
        "totalOverLast5": 60,
        "totalOverLast15": 47,
        "lastTotalOver": 0,
        "last5": "5,1,2,5,4,1,1,4,2,4",
        "overOdds": "-105",
        "underOdds": "-125",
        "overUnder": "-105 / -125"
    },
    {
        "player": "Michael Bunting",
        "team": "TOR",
        "opponent": "CBJ",
        "propType": "sog",
        "line": 1.5,
        "ppLine": "PP2",
        "avg": 2.04,
        "hit": false,
        "diffAvg": 0.36,
        "diffAbs": 0.33,
        "lastAvg": 2.06,
        "diff": 0.37,
        "avgMin": 15,
        "proj": 2.0,
        "lastAvgMin": 15.53,
        "oppOver": 0,
        "teamOver": 0,
        "gameLine": "-365",
        "+/-": "+23",
        "L5_+/-": 0.0,
        "prevMatchup": "2023-02-11 3.0 sog 2023-02-10 2.0 sog",
        "winLossSplits": "53% - 55%",
        "awayHome": "H",
        "playedYesterday": "N",
        "awayHomeSplits": "51% - 56%",
        "savesAboveExp": "-",
        "gsaa": "-",
        "corsi": "50.9% (57.5) // 48.6% (56.0) // 54.7% (63.4) // 50.7% (59.4)",
        "fenwick": "51.7% (43.8) // 48.4% (41.7) // 55.4% (49.1) // 51.5% (45.9)",
        "shots": "52.2% (31.7) // 49.4% (30.2) // 57.2% (36.4) // 55.6% (34.7)",
        "scoring": "53.9% (33.4) // 52.4% (31.9) // 59.2% (37.6) // 52.4% (32.7)",
        "corsiAgainst": "49.1% (55.5) // 51.4% (59.2) // 45.3% (52.5) // 49.3% (57.8)",
        "fenwickAgainst": "48.3% (40.9) // 51.6% (44.5) // 44.6% (39.6) // 48.5% (43.3)",
        "shotsAgainst": "47.8% (29.0) // 50.6% (31.0) // 42.8% (27.2) // 44.4% (27.7)",
        "scoringAgainst": "46.1% (28.6) // 47.6% (28.9) // 40.8% (25.9) // 47.6% (29.7)",
        "oppCorsi": "45.8% (55.3) // 45.3% (54.7) // 41.6% (46.7) // 39.9% (46.1)",
        "oppFenwick": "45.6% (41.1) // 44.0% (40.1) // 40.1% (34.3) // 38.0% (33.5)",
        "oppShots": "45.5% (29.2) // 44.9% (29.5) // 41.1% (24.3) // 39.2% (22.9)",
        "oppScoring": "45.0% (27.1) // 44.6% (28.3) // 41.3% (23.5) // 38.3% (22.9)",
        "oppCorsiAgainst": "54.2% (65.4) // 54.7% (66.1) // 58.4% (65.6) // 60.1% (69.3)",
        "oppFenwickAgainst": "54.4% (49.0) // 56.0% (51.1) // 59.9% (51.2) // 62.0% (54.7)",
        "oppShotsAgainst": "54.5% (35.0) // 55.1% (36.2) // 58.9% (34.9) // 60.8% (35.5)",
        "oppScoringAgainst": "55.0% (33.1) // 55.4% (35.1) // 58.7% (33.5) // 61.7% (36.8)",
        "savesPerGame": 26.5,
        "savesPerGameLast1": 19.0,
        "savesPerGameLast3": 25.3,
        "savesPerGameLast5": 24.4,
        "savesPer60": 26.5,
        "savesPer60Last1": 18.7,
        "savesPer60Last3": 25.4,
        "savesPer60Last5": 24.3,
        "shotsPerGame": 32.0,
        "shotsPerGameLast5": 36.6,
        "shotsAgainstPerGame": 29.2,
        "shotsAgainstPerGameLast5": 27.4,
        "oppSavesAgainstPer60": 26.8,
        "oppSavesAgainstPer60Last1": 17.9,
        "oppSavesAgainstPer60Last3": 21.5,
        "oppSavesAgainstPer60Last5": 22.8,
        "oppShotsAgainstPerGame": 35.3,
        "oppShotsAgainstPerGameLast5": 35.0,
        "savesProj": 22.8,
        "savesProjLast5": 17.6,
        "savesProjLast3": 17.4,
        "oppSavesAgainstProj": 25.2,
        "oppSavesAgainstProjLast5": 18.8,
        "oppSavesAgainstProjLast3": 18.3,
        "totalOver": 54,
        "totalOverLast5": 60,
        "totalOverLast15": 53,
        "lastTotalOver": 62,
        "last5": "5,1,3,1,4,4,2,3,1,0",
        "overOdds": "-160",
        "underOdds": "+130",
        "overUnder": "-160 / +130"
    },
    {
        "player": "Mitchell Marner",
        "team": "TOR",
        "opponent": "CBJ",
        "propType": "sog",
        "line": 2.5,
        "ppLine": "",
        "avg": 2.4,
        "hit": false,
        "diffAvg": -0.04,
        "diffAbs": 0.16,
        "lastAvg": 2.84,
        "diff": 0.14,
        "avgMin": 21,
        "proj": 2.9,
        "lastAvgMin": 20.87,
        "oppOver": 0,
        "teamOver": 0,
        "gameLine": "-365",
        "+/-": "+16",
        "L5_+/-": "+4.0",
        "prevMatchup": "2023-02-11 3.0 sog 2023-02-10 3.0 sog",
        "winLossSplits": "47% - 43%",
        "awayHome": "H",
        "playedYesterday": "N",
        "awayHomeSplits": "46% - 45%",
        "savesAboveExp": "-",
        "gsaa": "-",
        "corsi": "50.9% (57.5) // 48.6% (56.0) // 54.7% (63.4) // 50.7% (59.4)",
        "fenwick": "51.7% (43.8) // 48.4% (41.7) // 55.4% (49.1) // 51.5% (45.9)",
        "shots": "52.2% (31.7) // 49.4% (30.2) // 57.2% (36.4) // 55.6% (34.7)",
        "scoring": "53.9% (33.4) // 52.4% (31.9) // 59.2% (37.6) // 52.4% (32.7)",
        "corsiAgainst": "49.1% (55.5) // 51.4% (59.2) // 45.3% (52.5) // 49.3% (57.8)",
        "fenwickAgainst": "48.3% (40.9) // 51.6% (44.5) // 44.6% (39.6) // 48.5% (43.3)",
        "shotsAgainst": "47.8% (29.0) // 50.6% (31.0) // 42.8% (27.2) // 44.4% (27.7)",
        "scoringAgainst": "46.1% (28.6) // 47.6% (28.9) // 40.8% (25.9) // 47.6% (29.7)",
        "oppCorsi": "45.8% (55.3) // 45.3% (54.7) // 41.6% (46.7) // 39.9% (46.1)",
        "oppFenwick": "45.6% (41.1) // 44.0% (40.1) // 40.1% (34.3) // 38.0% (33.5)",
        "oppShots": "45.5% (29.2) // 44.9% (29.5) // 41.1% (24.3) // 39.2% (22.9)",
        "oppScoring": "45.0% (27.1) // 44.6% (28.3) // 41.3% (23.5) // 38.3% (22.9)",
        "oppCorsiAgainst": "54.2% (65.4) // 54.7% (66.1) // 58.4% (65.6) // 60.1% (69.3)",
        "oppFenwickAgainst": "54.4% (49.0) // 56.0% (51.1) // 59.9% (51.2) // 62.0% (54.7)",
        "oppShotsAgainst": "54.5% (35.0) // 55.1% (36.2) // 58.9% (34.9) // 60.8% (35.5)",
        "oppScoringAgainst": "55.0% (33.1) // 55.4% (35.1) // 58.7% (33.5) // 61.7% (36.8)",
        "savesPerGame": 26.5,
        "savesPerGameLast1": 19.0,
        "savesPerGameLast3": 25.3,
        "savesPerGameLast5": 24.4,
        "savesPer60": 26.5,
        "savesPer60Last1": 18.7,
        "savesPer60Last3": 25.4,
        "savesPer60Last5": 24.3,
        "shotsPerGame": 32.0,
        "shotsPerGameLast5": 36.6,
        "shotsAgainstPerGame": 29.2,
        "shotsAgainstPerGameLast5": 27.4,
        "oppSavesAgainstPer60": 26.8,
        "oppSavesAgainstPer60Last1": 17.9,
        "oppSavesAgainstPer60Last3": 21.5,
        "oppSavesAgainstPer60Last5": 22.8,
        "oppShotsAgainstPerGame": 35.3,
        "oppShotsAgainstPerGameLast5": 35.0,
        "savesProj": 22.8,
        "savesProjLast5": 17.6,
        "savesProjLast3": 17.4,
        "oppSavesAgainstProj": 25.2,
        "oppSavesAgainstProjLast5": 18.8,
        "oppSavesAgainstProjLast3": 18.3,
        "totalOver": 45,
        "totalOverLast5": 40,
        "totalOverLast15": 40,
        "lastTotalOver": 51,
        "last5": "0,3,2,2,3,2,4,1,1,1",
        "overOdds": "-145",
        "underOdds": "-105",
        "overUnder": "-145 / -105"
    },
    {
        "player": "Morgan Rielly",
        "team": "TOR",
        "opponent": "CBJ",
        "propType": "sog",
        "line": 2.5,
        "ppLine": "PP1",
        "avg": 1.93,
        "hit": false,
        "diffAvg": -0.23,
        "diffAbs": 0.12,
        "lastAvg": 2.48,
        "diff": -0.01,
        "avgMin": 21,
        "proj": 2.2,
        "lastAvgMin": 23.73,
        "oppOver": 0,
        "teamOver": 0,
        "gameLine": "-365",
        "+/-": -6,
        "L5_+/-": -2.0,
        "prevMatchup": "2023-02-11 6.0 sog 2023-02-10 3.0 sog",
        "winLossSplits": "41% - 29%",
        "awayHome": "H",
        "playedYesterday": "N",
        "awayHomeSplits": "26% - 42%",
        "savesAboveExp": "-",
        "gsaa": "-",
        "corsi": "50.9% (57.5) // 48.6% (56.0) // 54.7% (63.4) // 50.7% (59.4)",
        "fenwick": "51.7% (43.8) // 48.4% (41.7) // 55.4% (49.1) // 51.5% (45.9)",
        "shots": "52.2% (31.7) // 49.4% (30.2) // 57.2% (36.4) // 55.6% (34.7)",
        "scoring": "53.9% (33.4) // 52.4% (31.9) // 59.2% (37.6) // 52.4% (32.7)",
        "corsiAgainst": "49.1% (55.5) // 51.4% (59.2) // 45.3% (52.5) // 49.3% (57.8)",
        "fenwickAgainst": "48.3% (40.9) // 51.6% (44.5) // 44.6% (39.6) // 48.5% (43.3)",
        "shotsAgainst": "47.8% (29.0) // 50.6% (31.0) // 42.8% (27.2) // 44.4% (27.7)",
        "scoringAgainst": "46.1% (28.6) // 47.6% (28.9) // 40.8% (25.9) // 47.6% (29.7)",
        "oppCorsi": "45.8% (55.3) // 45.3% (54.7) // 41.6% (46.7) // 39.9% (46.1)",
        "oppFenwick": "45.6% (41.1) // 44.0% (40.1) // 40.1% (34.3) // 38.0% (33.5)",
        "oppShots": "45.5% (29.2) // 44.9% (29.5) // 41.1% (24.3) // 39.2% (22.9)",
        "oppScoring": "45.0% (27.1) // 44.6% (28.3) // 41.3% (23.5) // 38.3% (22.9)",
        "oppCorsiAgainst": "54.2% (65.4) // 54.7% (66.1) // 58.4% (65.6) // 60.1% (69.3)",
        "oppFenwickAgainst": "54.4% (49.0) // 56.0% (51.1) // 59.9% (51.2) // 62.0% (54.7)",
        "oppShotsAgainst": "54.5% (35.0) // 55.1% (36.2) // 58.9% (34.9) // 60.8% (35.5)",
        "oppScoringAgainst": "55.0% (33.1) // 55.4% (35.1) // 58.7% (33.5) // 61.7% (36.8)",
        "savesPerGame": 26.5,
        "savesPerGameLast1": 19.0,
        "savesPerGameLast3": 25.3,
        "savesPerGameLast5": 24.4,
        "savesPer60": 26.5,
        "savesPer60Last1": 18.7,
        "savesPer60Last3": 25.4,
        "savesPer60Last5": 24.3,
        "shotsPerGame": 32.0,
        "shotsPerGameLast5": 36.6,
        "shotsAgainstPerGame": 29.2,
        "shotsAgainstPerGameLast5": 27.4,
        "oppSavesAgainstPer60": 26.8,
        "oppSavesAgainstPer60Last1": 17.9,
        "oppSavesAgainstPer60Last3": 21.5,
        "oppSavesAgainstPer60Last5": 22.8,
        "oppShotsAgainstPerGame": 35.3,
        "oppShotsAgainstPerGameLast5": 35.0,
        "savesProj": 22.8,
        "savesProjLast5": 17.6,
        "savesProjLast3": 17.4,
        "oppSavesAgainstProj": 25.2,
        "oppSavesAgainstProjLast5": 18.8,
        "oppSavesAgainstProjLast3": 18.3,
        "totalOver": 35,
        "totalOverLast5": 0,
        "totalOverLast15": 20,
        "lastTotalOver": 49,
        "last5": "2,2,1,2,0,1,2,4,3,1",
        "overOdds": "+120",
        "underOdds": "-150",
        "overUnder": "+120 / -150"
    },
    {
        "player": "William Nylander",
        "team": "TOR",
        "opponent": "CBJ",
        "propType": "sog",
        "line": 3.5,
        "ppLine": "PP1",
        "avg": 3.47,
        "hit": false,
        "diffAvg": -0.01,
        "diffAbs": 0.17,
        "lastAvg": 2.91,
        "diff": -0.17,
        "avgMin": 18,
        "proj": 2.9,
        "lastAvgMin": 18.27,
        "oppOver": 0,
        "teamOver": 0,
        "gameLine": "-365",
        "+/-": "+10",
        "L5_+/-": -5.0,
        "prevMatchup": "2023-02-11 4.0 sog 2023-02-10 7.0 sog",
        "winLossSplits": "40% - 52%",
        "awayHome": "H",
        "playedYesterday": "N",
        "awayHomeSplits": "35% - 54%",
        "savesAboveExp": "-",
        "gsaa": "-",
        "corsi": "50.9% (57.5) // 48.6% (56.0) // 54.7% (63.4) // 50.7% (59.4)",
        "fenwick": "51.7% (43.8) // 48.4% (41.7) // 55.4% (49.1) // 51.5% (45.9)",
        "shots": "52.2% (31.7) // 49.4% (30.2) // 57.2% (36.4) // 55.6% (34.7)",
        "scoring": "53.9% (33.4) // 52.4% (31.9) // 59.2% (37.6) // 52.4% (32.7)",
        "corsiAgainst": "49.1% (55.5) // 51.4% (59.2) // 45.3% (52.5) // 49.3% (57.8)",
        "fenwickAgainst": "48.3% (40.9) // 51.6% (44.5) // 44.6% (39.6) // 48.5% (43.3)",
        "shotsAgainst": "47.8% (29.0) // 50.6% (31.0) // 42.8% (27.2) // 44.4% (27.7)",
        "scoringAgainst": "46.1% (28.6) // 47.6% (28.9) // 40.8% (25.9) // 47.6% (29.7)",
        "oppCorsi": "45.8% (55.3) // 45.3% (54.7) // 41.6% (46.7) // 39.9% (46.1)",
        "oppFenwick": "45.6% (41.1) // 44.0% (40.1) // 40.1% (34.3) // 38.0% (33.5)",
        "oppShots": "45.5% (29.2) // 44.9% (29.5) // 41.1% (24.3) // 39.2% (22.9)",
        "oppScoring": "45.0% (27.1) // 44.6% (28.3) // 41.3% (23.5) // 38.3% (22.9)",
        "oppCorsiAgainst": "54.2% (65.4) // 54.7% (66.1) // 58.4% (65.6) // 60.1% (69.3)",
        "oppFenwickAgainst": "54.4% (49.0) // 56.0% (51.1) // 59.9% (51.2) // 62.0% (54.7)",
        "oppShotsAgainst": "54.5% (35.0) // 55.1% (36.2) // 58.9% (34.9) // 60.8% (35.5)",
        "oppScoringAgainst": "55.0% (33.1) // 55.4% (35.1) // 58.7% (33.5) // 61.7% (36.8)",
        "savesPerGame": 26.5,
        "savesPerGameLast1": 19.0,
        "savesPerGameLast3": 25.3,
        "savesPerGameLast5": 24.4,
        "savesPer60": 26.5,
        "savesPer60Last1": 18.7,
        "savesPer60Last3": 25.4,
        "savesPer60Last5": 24.3,
        "shotsPerGame": 32.0,
        "shotsPerGameLast5": 36.6,
        "shotsAgainstPerGame": 29.2,
        "shotsAgainstPerGameLast5": 27.4,
        "oppSavesAgainstPer60": 26.8,
        "oppSavesAgainstPer60Last1": 17.9,
        "oppSavesAgainstPer60Last3": 21.5,
        "oppSavesAgainstPer60Last5": 22.8,
        "oppShotsAgainstPerGame": 35.3,
        "oppShotsAgainstPerGameLast5": 35.0,
        "savesProj": 22.8,
        "savesProjLast5": 17.6,
        "savesProjLast3": 17.4,
        "oppSavesAgainstProj": 25.2,
        "oppSavesAgainstProjLast5": 18.8,
        "oppSavesAgainstProjLast3": 18.3,
        "totalOver": 45,
        "totalOverLast5": 40,
        "totalOverLast15": 27,
        "lastTotalOver": 33,
        "last5": "4,2,4,3,1,3,3,2,2,3",
        "overOdds": "-120",
        "underOdds": "-110",
        "overUnder": "-120 / -110"
    },
    {
        "player": "Brendan Gallagher",
        "team": "MTL",
        "opponent": "DET",
        "propType": "sog",
        "line": 2.5,
        "ppLine": "PP1",
        "avg": 2.23,
        "hit": false,
        "diffAvg": -0.11,
        "diffAbs": 0.04,
        "lastAvg": 2.54,
        "diff": 0.02,
        "avgMin": 14,
        "proj": 2.4,
        "lastAvgMin": 15.02,
        "oppOver": 0,
        "teamOver": 0,
        "gameLine": "+100",
        "+/-": -4,
        "L5_+/-": -1.0,
        "prevMatchup": "2022-11-08 5.0 sog 2022-10-14 3.0 sog",
        "winLossSplits": "43% - 35%",
        "awayHome": "H",
        "playedYesterday": "N",
        "awayHomeSplits": "60% - 19%",
        "savesAboveExp": -0.011,
        "gsaa": -7.2,
        "corsi": "44.7% (50.9) // 43.6% (48.1) // 46.5% (50.4) // 34.6% (37.5)",
        "fenwick": "44.6% (37.0) // 44.1% (36.3) // 45.1% (35.4) // 31.0% (24.5)",
        "shots": "44.7% (27.0) // 43.1% (25.8) // 45.5% (26.8) // 29.8% (17.0)",
        "scoring": "42.7% (25.0) // 40.5% (21.6) // 44.9% (22.4) // 27.7% (13.0)",
        "corsiAgainst": "55.3% (62.9) // 56.4% (62.3) // 53.5% (58.0) // 65.4% (71.0)",
        "fenwickAgainst": "55.4% (45.8) // 55.9% (46.0) // 54.9% (43.1) // 69.0% (54.5)",
        "shotsAgainst": "55.3% (33.4) // 56.9% (34.0) // 54.5% (32.1) // 70.2% (40.0)",
        "scoringAgainst": "57.3% (33.6) // 59.5% (31.8) // 55.1% (27.5) // 72.3% (34.0)",
        "oppCorsi": "47.1% (52.2) // 49.1% (52.8) // 42.9% (50.4) // 37.7% (45.0)",
        "oppFenwick": "47.7% (39.1) // 49.1% (38.9) // 42.7% (37.0) // 39.9% (35.0)",
        "oppShots": "48.2% (28.1) // 49.3% (26.6) // 42.7% (25.0) // 39.9% (23.7)",
        "oppScoring": "45.7% (25.5) // 46.8% (24.7) // 39.4% (23.0) // 35.8% (21.3)",
        "oppCorsiAgainst": "52.9% (58.6) // 50.9% (54.6) // 57.1% (67.0) // 62.3% (74.3)",
        "oppFenwickAgainst": "52.3% (42.8) // 50.9% (40.4) // 57.3% (49.6) // 60.1% (52.7)",
        "oppShotsAgainst": "51.8% (30.2) // 50.7% (27.4) // 57.3% (33.6) // 60.1% (35.7)",
        "oppScoringAgainst": "54.3% (30.3) // 53.2% (28.1) // 60.6% (35.4) // 64.2% (38.3)",
        "savesPerGame": 30.2,
        "savesPerGameLast1": 47.0,
        "savesPerGameLast3": 32.0,
        "savesPerGameLast5": 29.4,
        "savesPer60": 29.8,
        "savesPer60Last1": 47.0,
        "savesPer60Last3": 32.7,
        "savesPer60Last5": 29.6,
        "shotsPerGame": 27.4,
        "shotsPerGameLast5": 27.2,
        "shotsAgainstPerGame": 33.8,
        "shotsAgainstPerGameLast5": 32.6,
        "oppSavesAgainstPer60": 25.6,
        "oppSavesAgainstPer60Last1": 19.9,
        "oppSavesAgainstPer60Last3": 21.2,
        "oppSavesAgainstPer60Last5": 22.2,
        "oppShotsAgainstPerGame": 30.6,
        "oppShotsAgainstPerGameLast5": 33.6,
        "savesProj": 27.8,
        "savesProjLast5": 23.3,
        "savesProjLast3": 24.3,
        "oppSavesAgainstProj": 27.2,
        "oppSavesAgainstProjLast5": 20.6,
        "oppSavesAgainstProjLast3": 23.2,
        "totalOver": 39,
        "totalOverLast5": 40,
        "totalOverLast15": 27,
        "lastTotalOver": 50,
        "last5": "0,2,4,2,3,1,1,2,3,2",
        "overOdds": "-120",
        "underOdds": "-110",
        "overUnder": "-120 / -110"
    },
    {
        "player": "David Perron",
        "team": "DET",
        "opponent": "MTL",
        "propType": "sog",
        "line": 2.5,
        "ppLine": "PP1",
        "avg": 2.34,
        "hit": false,
        "diffAvg": -0.06,
        "diffAbs": 0.16,
        "lastAvg": 2.24,
        "diff": -0.1,
        "avgMin": 16,
        "proj": 2.1,
        "lastAvgMin": 16.98,
        "oppOver": 0,
        "teamOver": 0,
        "gameLine": "-120",
        "+/-": -3,
        "L5_+/-": "+1.0",
        "prevMatchup": "2023-01-26 0.0 sog 2022-11-08 6.0 sog 2022-10-14 2.0 sog",
        "winLossSplits": "41% - 31%",
        "awayHome": "A",
        "playedYesterday": "N",
        "awayHomeSplits": "34% - 37%",
        "savesAboveExp": "-",
        "gsaa": "-",
        "corsi": "47.1% (52.2) // 49.1% (52.8) // 42.9% (50.4) // 37.7% (45.0)",
        "fenwick": "47.7% (39.1) // 49.1% (38.9) // 42.7% (37.0) // 39.9% (35.0)",
        "shots": "48.2% (28.1) // 49.3% (26.6) // 42.7% (25.0) // 39.9% (23.7)",
        "scoring": "45.7% (25.5) // 46.8% (24.7) // 39.4% (23.0) // 35.8% (21.3)",
        "corsiAgainst": "52.9% (58.6) // 50.9% (54.6) // 57.1% (67.0) // 62.3% (74.3)",
        "fenwickAgainst": "52.3% (42.8) // 50.9% (40.4) // 57.3% (49.6) // 60.1% (52.7)",
        "shotsAgainst": "51.8% (30.2) // 50.7% (27.4) // 57.3% (33.6) // 60.1% (35.7)",
        "scoringAgainst": "54.3% (30.3) // 53.2% (28.1) // 60.6% (35.4) // 64.2% (38.3)",
        "oppCorsi": "44.7% (50.9) // 43.6% (48.1) // 46.5% (50.4) // 34.6% (37.5)",
        "oppFenwick": "44.6% (37.0) // 44.1% (36.3) // 45.1% (35.4) // 31.0% (24.5)",
        "oppShots": "44.7% (27.0) // 43.1% (25.8) // 45.5% (26.8) // 29.8% (17.0)",
        "oppScoring": "42.7% (25.0) // 40.5% (21.6) // 44.9% (22.4) // 27.7% (13.0)",
        "oppCorsiAgainst": "55.3% (62.9) // 56.4% (62.3) // 53.5% (58.0) // 65.4% (71.0)",
        "oppFenwickAgainst": "55.4% (45.8) // 55.9% (46.0) // 54.9% (43.1) // 69.0% (54.5)",
        "oppShotsAgainst": "55.3% (33.4) // 56.9% (34.0) // 54.5% (32.1) // 70.2% (40.0)",
        "oppScoringAgainst": "57.3% (33.6) // 59.5% (31.8) // 55.1% (27.5) // 72.3% (34.0)",
        "savesPerGame": 27.3,
        "savesPerGameLast1": 43.0,
        "savesPerGameLast3": 32.3,
        "savesPerGameLast5": 30.2,
        "savesPer60": 27.4,
        "savesPer60Last1": 43.0,
        "savesPer60Last3": 32.3,
        "savesPer60Last5": 29.9,
        "shotsPerGame": 28.5,
        "shotsPerGameLast5": 25.0,
        "shotsAgainstPerGame": 30.6,
        "shotsAgainstPerGameLast5": 33.6,
        "oppSavesAgainstPer60": 24.4,
        "oppSavesAgainstPer60Last1": 14.0,
        "oppSavesAgainstPer60Last3": 19.7,
        "oppSavesAgainstPer60Last5": 24.2,
        "oppShotsAgainstPerGame": 33.8,
        "oppShotsAgainstPerGameLast5": 32.6,
        "savesProj": 22.6,
        "savesProjLast5": 24.7,
        "savesProjLast3": 25.3,
        "oppSavesAgainstProj": 23.6,
        "oppSavesAgainstProjLast5": 25.0,
        "oppSavesAgainstProjLast3": 21.9,
        "totalOver": 36,
        "totalOverLast5": 40,
        "totalOverLast15": 33,
        "lastTotalOver": 49,
        "last5": "1,3,2,4,1,0,2,0,1,1",
        "overOdds": "+135",
        "underOdds": "-165",
        "overUnder": "+135 / -165"
    },
    {
        "player": "Dominik Kubalik",
        "team": "DET",
        "opponent": "MTL",
        "propType": "sog",
        "line": 1.5,
        "ppLine": "PP2",
        "avg": 2.23,
        "hit": false,
        "diffAvg": 0.49,
        "diffAbs": 0.33,
        "lastAvg": 2.06,
        "diff": 0.37,
        "avgMin": 14,
        "proj": 2.0,
        "lastAvgMin": 14.52,
        "oppOver": 0,
        "teamOver": 0,
        "gameLine": "-120",
        "+/-": -8,
        "L5_+/-": "+2.0",
        "prevMatchup": "2023-01-26 0.0 sog 2022-11-08 5.0 sog 2022-10-14 0.0 sog",
        "winLossSplits": "58% - 60%",
        "awayHome": "A",
        "playedYesterday": "N",
        "awayHomeSplits": "55% - 62%",
        "savesAboveExp": "-",
        "gsaa": "-",
        "corsi": "47.1% (52.2) // 49.1% (52.8) // 42.9% (50.4) // 37.7% (45.0)",
        "fenwick": "47.7% (39.1) // 49.1% (38.9) // 42.7% (37.0) // 39.9% (35.0)",
        "shots": "48.2% (28.1) // 49.3% (26.6) // 42.7% (25.0) // 39.9% (23.7)",
        "scoring": "45.7% (25.5) // 46.8% (24.7) // 39.4% (23.0) // 35.8% (21.3)",
        "corsiAgainst": "52.9% (58.6) // 50.9% (54.6) // 57.1% (67.0) // 62.3% (74.3)",
        "fenwickAgainst": "52.3% (42.8) // 50.9% (40.4) // 57.3% (49.6) // 60.1% (52.7)",
        "shotsAgainst": "51.8% (30.2) // 50.7% (27.4) // 57.3% (33.6) // 60.1% (35.7)",
        "scoringAgainst": "54.3% (30.3) // 53.2% (28.1) // 60.6% (35.4) // 64.2% (38.3)",
        "oppCorsi": "44.7% (50.9) // 43.6% (48.1) // 46.5% (50.4) // 34.6% (37.5)",
        "oppFenwick": "44.6% (37.0) // 44.1% (36.3) // 45.1% (35.4) // 31.0% (24.5)",
        "oppShots": "44.7% (27.0) // 43.1% (25.8) // 45.5% (26.8) // 29.8% (17.0)",
        "oppScoring": "42.7% (25.0) // 40.5% (21.6) // 44.9% (22.4) // 27.7% (13.0)",
        "oppCorsiAgainst": "55.3% (62.9) // 56.4% (62.3) // 53.5% (58.0) // 65.4% (71.0)",
        "oppFenwickAgainst": "55.4% (45.8) // 55.9% (46.0) // 54.9% (43.1) // 69.0% (54.5)",
        "oppShotsAgainst": "55.3% (33.4) // 56.9% (34.0) // 54.5% (32.1) // 70.2% (40.0)",
        "oppScoringAgainst": "57.3% (33.6) // 59.5% (31.8) // 55.1% (27.5) // 72.3% (34.0)",
        "savesPerGame": 27.3,
        "savesPerGameLast1": 43.0,
        "savesPerGameLast3": 32.3,
        "savesPerGameLast5": 30.2,
        "savesPer60": 27.4,
        "savesPer60Last1": 43.0,
        "savesPer60Last3": 32.3,
        "savesPer60Last5": 29.9,
        "shotsPerGame": 28.5,
        "shotsPerGameLast5": 25.0,
        "shotsAgainstPerGame": 30.6,
        "shotsAgainstPerGameLast5": 33.6,
        "oppSavesAgainstPer60": 24.4,
        "oppSavesAgainstPer60Last1": 14.0,
        "oppSavesAgainstPer60Last3": 19.7,
        "oppSavesAgainstPer60Last5": 24.2,
        "oppShotsAgainstPerGame": 33.8,
        "oppShotsAgainstPerGameLast5": 32.6,
        "savesProj": 22.6,
        "savesProjLast5": 24.7,
        "savesProjLast3": 25.3,
        "oppSavesAgainstProj": 23.6,
        "oppSavesAgainstProjLast5": 25.0,
        "oppSavesAgainstProjLast3": 21.9,
        "totalOver": 59,
        "totalOverLast5": 60,
        "totalOverLast15": 67,
        "lastTotalOver": 61,
        "last5": "1,1,3,3,4,0,2,3,4,3",
        "overOdds": "-185",
        "underOdds": "+150",
        "overUnder": "-185 / +150"
    },
    {
        "player": "Dylan Larkin",
        "team": "DET",
        "opponent": "MTL",
        "propType": "sog",
        "line": 2.5,
        "ppLine": "PP1",
        "avg": 3.11,
        "hit": false,
        "diffAvg": 0.24,
        "diffAbs": 0.12,
        "lastAvg": 2.94,
        "diff": 0.18,
        "avgMin": 19,
        "proj": 2.8,
        "lastAvgMin": 19.65,
        "oppOver": 0,
        "teamOver": 0,
        "gameLine": "-120",
        "+/-": -1,
        "L5_+/-": "+4.0",
        "prevMatchup": "2023-01-26 5.0 sog 2022-11-08 7.0 sog 2022-10-14 4.0 sog",
        "winLossSplits": "74% - 49%",
        "awayHome": "A",
        "playedYesterday": "N",
        "awayHomeSplits": "62% - 58%",
        "savesAboveExp": "-",
        "gsaa": "-",
        "corsi": "47.1% (52.2) // 49.1% (52.8) // 42.9% (50.4) // 37.7% (45.0)",
