[
    {
        "player": "Brad Marchand",
        "team": "BOS",
        "opponent": "PHI",
        "propType": "g",
        "line": 0.5,
        "ppLine": "PP1",
        "avg": 0.29,
        "hit": false,
        "diffAvg": -0.42,
        "diffAbs": 0.2,
        "lastAvg": 0.42,
        "diff": -0.16,
        "avgMin": 18,
        "proj": 0.4,
        "lastAvgMin": 19.25,
        "oppOver": 0,
        "teamOver": 0,
        "gameLine": "-255",
        "+/-": "+25",
        "L5_+/-": "+2.0",
        "prevMatchup": "2023-01-16 1.0 g 2022-11-17 0.0 g",
        "winLossSplits": "24% - 38%",
        "awayHome": "A",
        "playedYesterday": "Y",
        "awayHomeSplits": "31% - 23%",
        "savesAboveExp": -0.431,
        "gsaa": -11.81,
        "corsi": "51.3% (58.0) // 50.6% (58.4) // 52.1% (59.2) // 54.6% (61.2)",
        "fenwick": "51.6% (43.8) // 50.1% (43.9) // 52.9% (45.2) // 53.6% (47.0)",
        "shots": "52.6% (32.5) // 51.9% (32.7) // 53.1% (33.1) // 54.1% (35.8)",
        "scoring": "53.0% (32.3) // 53.9% (33.5) // 52.3% (32.7) // 54.4% (30.4)",
        "corsiAgainst": "48.7% (55.0) // 49.4% (56.9) // 47.9% (54.3) // 45.4% (50.9)",
        "fenwickAgainst": "48.4% (41.1) // 49.9% (43.8) // 47.1% (40.3) // 46.4% (40.7)",
        "shotsAgainst": "47.4% (29.3) // 48.1% (30.2) // 46.9% (29.2) // 45.9% (30.4)",
        "scoringAgainst": "47.0% (28.6) // 46.1% (28.7) // 47.7% (29.8) // 45.6% (25.5)",
        "oppCorsi": "46.7% (53.7) // 47.1% (53.1) // 48.7% (55.9) // 48.4% (55.3)",
        "oppFenwick": "47.6% (40.1) // 47.6% (40.6) // 48.6% (43.0) // 51.6% (43.7)",
        "oppShots": "48.1% (28.9) // 47.0% (27.6) // 47.6% (28.5) // 50.9% (28.7)",
        "oppScoring": "44.7% (25.6) // 44.4% (26.0) // 43.0% (26.4) // 42.5% (25.3)",
        "oppCorsiAgainst": "53.3% (61.3) // 52.9% (59.6) // 51.3% (58.9) // 51.6% (59.0)",
        "oppFenwickAgainst": "52.4% (44.2) // 52.4% (44.6) // 51.4% (45.5) // 48.4% (41.0)",
        "oppShotsAgainst": "51.9% (31.1) // 53.0% (31.2) // 52.4% (31.4) // 49.1% (27.7)",
        "oppScoringAgainst": "55.3% (31.6) // 55.6% (32.6) // 57.0% (35.0) // 57.5% (34.3)",
        "savesPerGame": 27.6,
        "savesPerGameLast1": 29.0,
        "savesPerGameLast3": 31.7,
        "savesPerGameLast5": 28.2,
        "savesPer60": 27.8,
        "savesPer60Last1": 29.0,
        "savesPer60Last3": 32.9,
        "savesPer60Last5": 28.9,
        "shotsPerGame": 33.0,
        "shotsPerGameLast5": 34.0,
        "shotsAgainstPerGame": 29.7,
        "shotsAgainstPerGameLast5": 30.0,
        "oppSavesAgainstPer60": 26.2,
        "oppSavesAgainstPer60Last1": 26.9,
        "oppSavesAgainstPer60Last3": 27.6,
        "oppSavesAgainstPer60Last5": 31.0,
        "oppShotsAgainstPerGame": 31.4,
        "oppShotsAgainstPerGameLast5": 28.6,
        "savesProj": 26.9,
        "savesProjLast5": 32.2,
        "savesProjLast3": 33.1,
        "oppSavesAgainstProj": 25.5,
        "oppSavesAgainstProjLast5": 31.0,
        "oppSavesAgainstProjLast3": 31.1,
        "totalOver": 27,
        "totalOverLast5": 0,
        "totalOverLast15": 0,
        "lastTotalOver": 35,
        "last5": "0,0,0,0,0,0,0,0,0,0",
        "overOdds": "+145",
        "underOdds": "0",
        "overUnder": "+145 / 0"
    },
    {
        "player": "David Pastrnak",
        "team": "BOS",
        "opponent": "PHI",
        "propType": "g",
        "line": 0.5,
        "ppLine": "PP1",
        "avg": 0.72,
        "hit": false,
        "diffAvg": 0.44,
        "diffAbs": 0.0,
        "lastAvg": 0.51,
        "diff": 0.02,
        "avgMin": 19,
        "proj": 0.5,
        "lastAvgMin": 18.6,
        "oppOver": 0,
        "teamOver": 0,
        "gameLine": "-255",
        "+/-": "+32",
        "L5_+/-": "+1.0",
        "prevMatchup": "2023-01-16 2.0 g 2022-11-17 0.0 g",
        "winLossSplits": "58% - 53%",
        "awayHome": "A",
        "playedYesterday": "Y",
        "awayHomeSplits": "54% - 60%",
        "savesAboveExp": -0.431,
        "gsaa": -11.81,
        "corsi": "51.3% (58.0) // 50.6% (58.4) // 52.1% (59.2) // 54.6% (61.2)",
        "fenwick": "51.6% (43.8) // 50.1% (43.9) // 52.9% (45.2) // 53.6% (47.0)",
        "shots": "52.6% (32.5) // 51.9% (32.7) // 53.1% (33.1) // 54.1% (35.8)",
        "scoring": "53.0% (32.3) // 53.9% (33.5) // 52.3% (32.7) // 54.4% (30.4)",
        "corsiAgainst": "48.7% (55.0) // 49.4% (56.9) // 47.9% (54.3) // 45.4% (50.9)",
        "fenwickAgainst": "48.4% (41.1) // 49.9% (43.8) // 47.1% (40.3) // 46.4% (40.7)",
        "shotsAgainst": "47.4% (29.3) // 48.1% (30.2) // 46.9% (29.2) // 45.9% (30.4)",
        "scoringAgainst": "47.0% (28.6) // 46.1% (28.7) // 47.7% (29.8) // 45.6% (25.5)",
        "oppCorsi": "46.7% (53.7) // 47.1% (53.1) // 48.7% (55.9) // 48.4% (55.3)",
        "oppFenwick": "47.6% (40.1) // 47.6% (40.6) // 48.6% (43.0) // 51.6% (43.7)",
        "oppShots": "48.1% (28.9) // 47.0% (27.6) // 47.6% (28.5) // 50.9% (28.7)",
        "oppScoring": "44.7% (25.6) // 44.4% (26.0) // 43.0% (26.4) // 42.5% (25.3)",
        "oppCorsiAgainst": "53.3% (61.3) // 52.9% (59.6) // 51.3% (58.9) // 51.6% (59.0)",
        "oppFenwickAgainst": "52.4% (44.2) // 52.4% (44.6) // 51.4% (45.5) // 48.4% (41.0)",
        "oppShotsAgainst": "51.9% (31.1) // 53.0% (31.2) // 52.4% (31.4) // 49.1% (27.7)",
        "oppScoringAgainst": "55.3% (31.6) // 55.6% (32.6) // 57.0% (35.0) // 57.5% (34.3)",
        "savesPerGame": 27.6,
        "savesPerGameLast1": 29.0,
        "savesPerGameLast3": 31.7,
        "savesPerGameLast5": 28.2,
        "savesPer60": 27.8,
        "savesPer60Last1": 29.0,
        "savesPer60Last3": 32.9,
        "savesPer60Last5": 28.9,
        "shotsPerGame": 33.0,
        "shotsPerGameLast5": 34.0,
        "shotsAgainstPerGame": 29.7,
        "shotsAgainstPerGameLast5": 30.0,
        "oppSavesAgainstPer60": 26.2,
        "oppSavesAgainstPer60Last1": 26.9,
        "oppSavesAgainstPer60Last3": 27.6,
        "oppSavesAgainstPer60Last5": 31.0,
        "oppShotsAgainstPerGame": 31.4,
        "oppShotsAgainstPerGameLast5": 28.6,
        "savesProj": 26.9,
        "savesProjLast5": 32.2,
        "savesProjLast3": 33.1,
        "oppSavesAgainstProj": 25.5,
        "oppSavesAgainstProjLast5": 31.0,
        "oppSavesAgainstProjLast3": 31.1,
        "totalOver": 57,
        "totalOverLast5": 60,
        "totalOverLast15": 53,
        "lastTotalOver": 37,
        "last5": "0,1,0,3,1,1,2,0,1,0",
        "overOdds": "-125",
        "underOdds": "0",
        "overUnder": "-125 / 0"
    },
    {
        "player": "Jake Debrusk",
        "team": "BOS",
        "opponent": "PHI",
        "propType": "g",
        "line": 0.5,
        "ppLine": "PP1",
        "avg": 0.41,
        "hit": false,
        "diffAvg": -0.18,
        "diffAbs": 0.4,
        "lastAvg": 0.3,
        "diff": -0.4,
        "avgMin": 16,
        "proj": 0.3,
        "lastAvgMin": 15.03,
        "oppOver": 0,
        "teamOver": 0,
        "gameLine": "-255",
        "+/-": "+24",
        "L5_+/-": "+2.0",
        "prevMatchup": "2022-11-17 1.0 g",
        "winLossSplits": "41% - 17%",
        "awayHome": "A",
        "playedYesterday": "Y",
        "awayHomeSplits": "37% - 35%",
        "savesAboveExp": -0.431,
        "gsaa": -11.81,
        "corsi": "51.3% (58.0) // 50.6% (58.4) // 52.1% (59.2) // 54.6% (61.2)",
        "fenwick": "51.6% (43.8) // 50.1% (43.9) // 52.9% (45.2) // 53.6% (47.0)",
        "shots": "52.6% (32.5) // 51.9% (32.7) // 53.1% (33.1) // 54.1% (35.8)",
        "scoring": "53.0% (32.3) // 53.9% (33.5) // 52.3% (32.7) // 54.4% (30.4)",
        "corsiAgainst": "48.7% (55.0) // 49.4% (56.9) // 47.9% (54.3) // 45.4% (50.9)",
        "fenwickAgainst": "48.4% (41.1) // 49.9% (43.8) // 47.1% (40.3) // 46.4% (40.7)",
        "shotsAgainst": "47.4% (29.3) // 48.1% (30.2) // 46.9% (29.2) // 45.9% (30.4)",
        "scoringAgainst": "47.0% (28.6) // 46.1% (28.7) // 47.7% (29.8) // 45.6% (25.5)",
        "oppCorsi": "46.7% (53.7) // 47.1% (53.1) // 48.7% (55.9) // 48.4% (55.3)",
        "oppFenwick": "47.6% (40.1) // 47.6% (40.6) // 48.6% (43.0) // 51.6% (43.7)",
        "oppShots": "48.1% (28.9) // 47.0% (27.6) // 47.6% (28.5) // 50.9% (28.7)",
        "oppScoring": "44.7% (25.6) // 44.4% (26.0) // 43.0% (26.4) // 42.5% (25.3)",
        "oppCorsiAgainst": "53.3% (61.3) // 52.9% (59.6) // 51.3% (58.9) // 51.6% (59.0)",
        "oppFenwickAgainst": "52.4% (44.2) // 52.4% (44.6) // 51.4% (45.5) // 48.4% (41.0)",
        "oppShotsAgainst": "51.9% (31.1) // 53.0% (31.2) // 52.4% (31.4) // 49.1% (27.7)",
        "oppScoringAgainst": "55.3% (31.6) // 55.6% (32.6) // 57.0% (35.0) // 57.5% (34.3)",
        "savesPerGame": 27.6,
        "savesPerGameLast1": 29.0,
        "savesPerGameLast3": 31.7,
        "savesPerGameLast5": 28.2,
        "savesPer60": 27.8,
        "savesPer60Last1": 29.0,
        "savesPer60Last3": 32.9,
        "savesPer60Last5": 28.9,
        "shotsPerGame": 33.0,
        "shotsPerGameLast5": 34.0,
        "shotsAgainstPerGame": 29.7,
        "shotsAgainstPerGameLast5": 30.0,
        "oppSavesAgainstPer60": 26.2,
        "oppSavesAgainstPer60Last1": 26.9,
        "oppSavesAgainstPer60Last3": 27.6,
        "oppSavesAgainstPer60Last5": 31.0,
        "oppShotsAgainstPerGame": 31.4,
        "oppShotsAgainstPerGameLast5": 28.6,
        "savesProj": 26.9,
        "savesProjLast5": 32.2,
        "savesProjLast3": 33.1,
        "oppSavesAgainstProj": 25.5,
        "oppSavesAgainstProjLast5": 31.0,
        "oppSavesAgainstProjLast3": 31.1,
        "totalOver": 36,
        "totalOverLast5": 20,
        "totalOverLast15": 33,
        "lastTotalOver": 27,
        "last5": "0,0,1,0,0,0,0,0,1,1",
        "overOdds": "+145",
        "underOdds": "0",
        "overUnder": "+145 / 0"
    },
    {
        "player": "Kevin Hayes",
        "team": "PHI",
        "opponent": "BOS",
        "propType": "g",
        "line": 0.5,
        "ppLine": "PP2",
        "avg": 0.23,
        "hit": false,
        "diffAvg": -0.54,
        "diffAbs": 0.6,
        "lastAvg": 0.21,
        "diff": -0.58,
        "avgMin": 17,
        "proj": 0.2,
        "lastAvgMin": 17.92,
        "oppOver": 0,
        "teamOver": 0,
        "gameLine": "+215",
        "+/-": -21,
        "L5_+/-": -4.0,
        "prevMatchup": "2023-01-16 0.0 g 2022-11-17 0.0 g",
        "winLossSplits": "21% - 16%",
        "awayHome": "H",
        "playedYesterday": "Y",
        "awayHomeSplits": "12% - 24%",
        "savesAboveExp": 0.19,
        "gsaa": 14.92,
        "corsi": "46.7% (53.7) // 47.1% (53.1) // 48.7% (55.9) // 48.4% (55.3)",
        "fenwick": "47.6% (40.1) // 47.6% (40.6) // 48.6% (43.0) // 51.6% (43.7)",
        "shots": "48.1% (28.9) // 47.0% (27.6) // 47.6% (28.5) // 50.9% (28.7)",
        "scoring": "44.7% (25.6) // 44.4% (26.0) // 43.0% (26.4) // 42.5% (25.3)",
        "corsiAgainst": "53.3% (61.3) // 52.9% (59.6) // 51.3% (58.9) // 51.6% (59.0)",
        "fenwickAgainst": "52.4% (44.2) // 52.4% (44.6) // 51.4% (45.5) // 48.4% (41.0)",
        "shotsAgainst": "51.9% (31.1) // 53.0% (31.2) // 52.4% (31.4) // 49.1% (27.7)",
        "scoringAgainst": "55.3% (31.6) // 55.6% (32.6) // 57.0% (35.0) // 57.5% (34.3)",
        "oppCorsi": "51.3% (58.0) // 50.6% (58.4) // 52.1% (59.2) // 54.6% (61.2)",
        "oppFenwick": "51.6% (43.8) // 50.1% (43.9) // 52.9% (45.2) // 53.6% (47.0)",
        "oppShots": "52.6% (32.5) // 51.9% (32.7) // 53.1% (33.1) // 54.1% (35.8)",
        "oppScoring": "53.0% (32.3) // 53.9% (33.5) // 52.3% (32.7) // 54.4% (30.4)",
        "oppCorsiAgainst": "48.7% (55.0) // 49.4% (56.9) // 47.9% (54.3) // 45.4% (50.9)",
        "oppFenwickAgainst": "48.4% (41.1) // 49.9% (43.8) // 47.1% (40.3) // 46.4% (40.7)",
        "oppShotsAgainst": "47.4% (29.3) // 48.1% (30.2) // 46.9% (29.2) // 45.9% (30.4)",
        "oppScoringAgainst": "47.0% (28.6) // 46.1% (28.7) // 47.7% (29.8) // 45.6% (25.5)",
        "savesPerGame": 28.1,
        "savesPerGameLast1": 17.0,
        "savesPerGameLast3": 23.7,
        "savesPerGameLast5": 24.2,
        "savesPer60": 27.5,
        "savesPer60Last1": 17.0,
        "savesPer60Last3": 23.5,
        "savesPer60Last5": 23.9,
        "shotsPerGame": 29.2,
        "shotsPerGameLast5": 32.2,
        "shotsAgainstPerGame": 31.4,
        "shotsAgainstPerGameLast5": 28.6,
        "oppSavesAgainstPer60": 29.3,
        "oppSavesAgainstPer60Last1": 38.0,
        "oppSavesAgainstPer60Last3": 33.2,
        "oppSavesAgainstPer60Last5": 31.9,
        "oppShotsAgainstPerGame": 29.7,
        "oppShotsAgainstPerGameLast5": 30.0,
        "savesProj": 29.0,
        "savesProjLast5": 27.0,
        "savesProjLast3": 27.3,
        "oppSavesAgainstProj": 28.7,
        "oppSavesAgainstProjLast5": 27.4,
        "oppSavesAgainstProjLast3": 29.1,
        "totalOver": 18,
        "totalOverLast5": 20,
        "totalOverLast15": 7,
        "lastTotalOver": 19,
        "last5": "0,1,0,0,0,0,0,0,0,0",
        "overOdds": "+280",
        "underOdds": "0",
        "overUnder": "+280 / 0"
    },
    {
        "player": "Morgan Frost",
        "team": "PHI",
        "opponent": "BOS",
        "propType": "g",
        "line": 0.5,
        "ppLine": "PP1",
        "avg": 0.22,
        "hit": false,
        "diffAvg": -0.56,
        "diffAbs": 0.8,
        "lastAvg": 0.09,
        "diff": -0.82,
        "avgMin": 16,
        "proj": 0.1,
        "lastAvgMin": 13.92,
        "oppOver": 0,
        "teamOver": 0,
        "gameLine": "+215",
        "+/-": -14,
        "L5_+/-": "+1.0",
        "prevMatchup": "2023-01-16 0.0 g 2022-11-17 0.0 g",
        "winLossSplits": "18% - 20%",
        "awayHome": "H",
        "playedYesterday": "Y",
        "awayHomeSplits": "18% - 21%",
        "savesAboveExp": 0.19,
        "gsaa": 14.92,
        "corsi": "46.7% (53.7) // 47.1% (53.1) // 48.7% (55.9) // 48.4% (55.3)",
        "fenwick": "47.6% (40.1) // 47.6% (40.6) // 48.6% (43.0) // 51.6% (43.7)",
        "shots": "48.1% (28.9) // 47.0% (27.6) // 47.6% (28.5) // 50.9% (28.7)",
        "scoring": "44.7% (25.6) // 44.4% (26.0) // 43.0% (26.4) // 42.5% (25.3)",
        "corsiAgainst": "53.3% (61.3) // 52.9% (59.6) // 51.3% (58.9) // 51.6% (59.0)",
        "fenwickAgainst": "52.4% (44.2) // 52.4% (44.6) // 51.4% (45.5) // 48.4% (41.0)",
        "shotsAgainst": "51.9% (31.1) // 53.0% (31.2) // 52.4% (31.4) // 49.1% (27.7)",
        "scoringAgainst": "55.3% (31.6) // 55.6% (32.6) // 57.0% (35.0) // 57.5% (34.3)",
        "oppCorsi": "51.3% (58.0) // 50.6% (58.4) // 52.1% (59.2) // 54.6% (61.2)",
        "oppFenwick": "51.6% (43.8) // 50.1% (43.9) // 52.9% (45.2) // 53.6% (47.0)",
        "oppShots": "52.6% (32.5) // 51.9% (32.7) // 53.1% (33.1) // 54.1% (35.8)",
        "oppScoring": "53.0% (32.3) // 53.9% (33.5) // 52.3% (32.7) // 54.4% (30.4)",
        "oppCorsiAgainst": "48.7% (55.0) // 49.4% (56.9) // 47.9% (54.3) // 45.4% (50.9)",
        "oppFenwickAgainst": "48.4% (41.1) // 49.9% (43.8) // 47.1% (40.3) // 46.4% (40.7)",
        "oppShotsAgainst": "47.4% (29.3) // 48.1% (30.2) // 46.9% (29.2) // 45.9% (30.4)",
        "oppScoringAgainst": "47.0% (28.6) // 46.1% (28.7) // 47.7% (29.8) // 45.6% (25.5)",
        "savesPerGame": 28.1,
        "savesPerGameLast1": 17.0,
        "savesPerGameLast3": 23.7,
        "savesPerGameLast5": 24.2,
        "savesPer60": 27.5,
        "savesPer60Last1": 17.0,
        "savesPer60Last3": 23.5,
        "savesPer60Last5": 23.9,
        "shotsPerGame": 29.2,
        "shotsPerGameLast5": 32.2,
        "shotsAgainstPerGame": 31.4,
        "shotsAgainstPerGameLast5": 28.6,
        "oppSavesAgainstPer60": 29.3,
        "oppSavesAgainstPer60Last1": 38.0,
        "oppSavesAgainstPer60Last3": 33.2,
        "oppSavesAgainstPer60Last5": 31.9,
        "oppShotsAgainstPerGame": 29.7,
        "oppShotsAgainstPerGameLast5": 30.0,
        "savesProj": 29.0,
        "savesProjLast5": 27.0,
        "savesProjLast3": 27.3,
        "oppSavesAgainstProj": 28.7,
        "oppSavesAgainstProjLast5": 27.4,
        "oppSavesAgainstProjLast3": 29.1,
        "totalOver": 19,
        "totalOverLast5": 40,
        "totalOverLast15": 27,
        "lastTotalOver": 9,
        "last5": "0,0,1,0,2,0,0,0,1,0",
        "overOdds": "+280",
        "underOdds": "0",
        "overUnder": "+280 / 0"
    },
    {
        "player": "Owen Tippett",
        "team": "PHI",
        "opponent": "BOS",
        "propType": "g",
        "line": 0.5,
        "ppLine": "PP1",
        "avg": 0.3,
        "hit": false,
        "diffAvg": -0.4,
        "diffAbs": 0.6,
        "lastAvg": 0.16,
        "diff": -0.68,
        "avgMin": 17,
        "proj": 0.2,
        "lastAvgMin": 13.42,
        "oppOver": 0,
        "teamOver": 0,
        "gameLine": "+215",
        "+/-": -14,
        "L5_+/-": "+1.0",
        "prevMatchup": "2023-01-16 0.0 g 2022-11-17 1.0 g",
        "winLossSplits": "32% - 21%",
        "awayHome": "H",
        "playedYesterday": "Y",
        "awayHomeSplits": "24% - 25%",
        "savesAboveExp": 0.19,
        "gsaa": 14.92,
        "corsi": "46.7% (53.7) // 47.1% (53.1) // 48.7% (55.9) // 48.4% (55.3)",
        "fenwick": "47.6% (40.1) // 47.6% (40.6) // 48.6% (43.0) // 51.6% (43.7)",
        "shots": "48.1% (28.9) // 47.0% (27.6) // 47.6% (28.5) // 50.9% (28.7)",
        "scoring": "44.7% (25.6) // 44.4% (26.0) // 43.0% (26.4) // 42.5% (25.3)",
        "corsiAgainst": "53.3% (61.3) // 52.9% (59.6) // 51.3% (58.9) // 51.6% (59.0)",
        "fenwickAgainst": "52.4% (44.2) // 52.4% (44.6) // 51.4% (45.5) // 48.4% (41.0)",
        "shotsAgainst": "51.9% (31.1) // 53.0% (31.2) // 52.4% (31.4) // 49.1% (27.7)",
        "scoringAgainst": "55.3% (31.6) // 55.6% (32.6) // 57.0% (35.0) // 57.5% (34.3)",
        "oppCorsi": "51.3% (58.0) // 50.6% (58.4) // 52.1% (59.2) // 54.6% (61.2)",
        "oppFenwick": "51.6% (43.8) // 50.1% (43.9) // 52.9% (45.2) // 53.6% (47.0)",
        "oppShots": "52.6% (32.5) // 51.9% (32.7) // 53.1% (33.1) // 54.1% (35.8)",
        "oppScoring": "53.0% (32.3) // 53.9% (33.5) // 52.3% (32.7) // 54.4% (30.4)",
        "oppCorsiAgainst": "48.7% (55.0) // 49.4% (56.9) // 47.9% (54.3) // 45.4% (50.9)",
        "oppFenwickAgainst": "48.4% (41.1) // 49.9% (43.8) // 47.1% (40.3) // 46.4% (40.7)",
        "oppShotsAgainst": "47.4% (29.3) // 48.1% (30.2) // 46.9% (29.2) // 45.9% (30.4)",
        "oppScoringAgainst": "47.0% (28.6) // 46.1% (28.7) // 47.7% (29.8) // 45.6% (25.5)",
        "savesPerGame": 28.1,
        "savesPerGameLast1": 17.0,
        "savesPerGameLast3": 23.7,
        "savesPerGameLast5": 24.2,
        "savesPer60": 27.5,
        "savesPer60Last1": 17.0,
        "savesPer60Last3": 23.5,
        "savesPer60Last5": 23.9,
        "shotsPerGame": 29.2,
        "shotsPerGameLast5": 32.2,
        "shotsAgainstPerGame": 31.4,
        "shotsAgainstPerGameLast5": 28.6,
        "oppSavesAgainstPer60": 29.3,
        "oppSavesAgainstPer60Last1": 38.0,
        "oppSavesAgainstPer60Last3": 33.2,
        "oppSavesAgainstPer60Last5": 31.9,
        "oppShotsAgainstPerGame": 29.7,
        "oppShotsAgainstPerGameLast5": 30.0,
        "savesProj": 29.0,
        "savesProjLast5": 27.0,
        "savesProjLast3": 27.3,
        "oppSavesAgainstProj": 28.7,
        "oppSavesAgainstProjLast5": 27.4,
        "oppSavesAgainstProjLast3": 29.1,
        "totalOver": 25,
        "totalOverLast5": 0,
        "totalOverLast15": 13,
        "lastTotalOver": 16,
        "last5": "0,0,0,0,0,1,0,0,0,0",
        "overOdds": "+210",
        "underOdds": "0",
        "overUnder": "+210 / 0"
    },
    {
        "player": "Patrice Bergeron",
        "team": "BOS",
        "opponent": "PHI",
        "propType": "g",
        "line": 0.5,
        "ppLine": "PP1",
        "avg": 0.36,
        "hit": false,
        "diffAvg": -0.28,
        "diffAbs": 0.4,
        "lastAvg": 0.31,
        "diff": -0.38,
        "avgMin": 17,
        "proj": 0.3,
        "lastAvgMin": 18.17,
        "oppOver": 0,
        "teamOver": 0,
        "gameLine": "-255",
        "+/-": "+33",
        "L5_+/-": "+7.0",
        "prevMatchup": "2023-01-16 0.0 g 2022-11-17 0.0 g",
        "winLossSplits": "39% - 12%",
        "awayHome": "A",
        "playedYesterday": "Y",
        "awayHomeSplits": "33% - 32%",
        "savesAboveExp": -0.431,
        "gsaa": -11.81,
        "corsi": "51.3% (58.0) // 50.6% (58.4) // 52.1% (59.2) // 54.6% (61.2)",
        "fenwick": "51.6% (43.8) // 50.1% (43.9) // 52.9% (45.2) // 53.6% (47.0)",
        "shots": "52.6% (32.5) // 51.9% (32.7) // 53.1% (33.1) // 54.1% (35.8)",
        "scoring": "53.0% (32.3) // 53.9% (33.5) // 52.3% (32.7) // 54.4% (30.4)",
        "corsiAgainst": "48.7% (55.0) // 49.4% (56.9) // 47.9% (54.3) // 45.4% (50.9)",
        "fenwickAgainst": "48.4% (41.1) // 49.9% (43.8) // 47.1% (40.3) // 46.4% (40.7)",
        "shotsAgainst": "47.4% (29.3) // 48.1% (30.2) // 46.9% (29.2) // 45.9% (30.4)",
        "scoringAgainst": "47.0% (28.6) // 46.1% (28.7) // 47.7% (29.8) // 45.6% (25.5)",
        "oppCorsi": "46.7% (53.7) // 47.1% (53.1) // 48.7% (55.9) // 48.4% (55.3)",
        "oppFenwick": "47.6% (40.1) // 47.6% (40.6) // 48.6% (43.0) // 51.6% (43.7)",
        "oppShots": "48.1% (28.9) // 47.0% (27.6) // 47.6% (28.5) // 50.9% (28.7)",
        "oppScoring": "44.7% (25.6) // 44.4% (26.0) // 43.0% (26.4) // 42.5% (25.3)",
        "oppCorsiAgainst": "53.3% (61.3) // 52.9% (59.6) // 51.3% (58.9) // 51.6% (59.0)",
        "oppFenwickAgainst": "52.4% (44.2) // 52.4% (44.6) // 51.4% (45.5) // 48.4% (41.0)",
        "oppShotsAgainst": "51.9% (31.1) // 53.0% (31.2) // 52.4% (31.4) // 49.1% (27.7)",
        "oppScoringAgainst": "55.3% (31.6) // 55.6% (32.6) // 57.0% (35.0) // 57.5% (34.3)",
        "savesPerGame": 27.6,
        "savesPerGameLast1": 29.0,
        "savesPerGameLast3": 31.7,
        "savesPerGameLast5": 28.2,
        "savesPer60": 27.8,
        "savesPer60Last1": 29.0,
        "savesPer60Last3": 32.9,
        "savesPer60Last5": 28.9,
        "shotsPerGame": 33.0,
        "shotsPerGameLast5": 34.0,
        "shotsAgainstPerGame": 29.7,
        "shotsAgainstPerGameLast5": 30.0,
        "oppSavesAgainstPer60": 26.2,
        "oppSavesAgainstPer60Last1": 26.9,
        "oppSavesAgainstPer60Last3": 27.6,
        "oppSavesAgainstPer60Last5": 31.0,
        "oppShotsAgainstPerGame": 31.4,
        "oppShotsAgainstPerGameLast5": 28.6,
        "savesProj": 26.9,
        "savesProjLast5": 32.2,
        "savesProjLast3": 33.1,
        "oppSavesAgainstProj": 25.5,
        "oppSavesAgainstProjLast5": 31.0,
        "oppSavesAgainstProjLast3": 31.1,
        "totalOver": 33,
        "totalOverLast5": 20,
        "totalOverLast15": 27,
        "lastTotalOver": 31,
        "last5": "0,0,0,0,1,0,0,1,1,0",
        "overOdds": "+170",
        "underOdds": "0",
        "overUnder": "+170 / 0"
    },
    {
        "player": "Travis Konecny",
        "team": "PHI",
        "opponent": "BOS",
        "propType": "g",
        "line": 0.5,
        "ppLine": "PP1",
        "avg": 0.51,
        "hit": false,
        "diffAvg": 0.02,
        "diffAbs": 0.6,
        "lastAvg": 0.2,
        "diff": -0.6,
        "avgMin": 20,
        "proj": 0.2,
        "lastAvgMin": 17.6,
        "oppOver": 0,
        "teamOver": 0,
        "gameLine": "+215",
        "+/-": -14,
        "L5_+/-": -6.0,
        "prevMatchup": "2023-01-16 0.0 g 2022-11-17 0.0 g",
        "winLossSplits": "55% - 31%",
        "awayHome": "H",
        "playedYesterday": "Y",
        "awayHomeSplits": "35% - 46%",
        "savesAboveExp": 0.19,
        "gsaa": 14.92,
        "corsi": "46.7% (53.7) // 47.1% (53.1) // 48.7% (55.9) // 48.4% (55.3)",
        "fenwick": "47.6% (40.1) // 47.6% (40.6) // 48.6% (43.0) // 51.6% (43.7)",
        "shots": "48.1% (28.9) // 47.0% (27.6) // 47.6% (28.5) // 50.9% (28.7)",
        "scoring": "44.7% (25.6) // 44.4% (26.0) // 43.0% (26.4) // 42.5% (25.3)",
        "corsiAgainst": "53.3% (61.3) // 52.9% (59.6) // 51.3% (58.9) // 51.6% (59.0)",
        "fenwickAgainst": "52.4% (44.2) // 52.4% (44.6) // 51.4% (45.5) // 48.4% (41.0)",
        "shotsAgainst": "51.9% (31.1) // 53.0% (31.2) // 52.4% (31.4) // 49.1% (27.7)",
        "scoringAgainst": "55.3% (31.6) // 55.6% (32.6) // 57.0% (35.0) // 57.5% (34.3)",
        "oppCorsi": "51.3% (58.0) // 50.6% (58.4) // 52.1% (59.2) // 54.6% (61.2)",
        "oppFenwick": "51.6% (43.8) // 50.1% (43.9) // 52.9% (45.2) // 53.6% (47.0)",
        "oppShots": "52.6% (32.5) // 51.9% (32.7) // 53.1% (33.1) // 54.1% (35.8)",
        "oppScoring": "53.0% (32.3) // 53.9% (33.5) // 52.3% (32.7) // 54.4% (30.4)",
        "oppCorsiAgainst": "48.7% (55.0) // 49.4% (56.9) // 47.9% (54.3) // 45.4% (50.9)",
        "oppFenwickAgainst": "48.4% (41.1) // 49.9% (43.8) // 47.1% (40.3) // 46.4% (40.7)",
        "oppShotsAgainst": "47.4% (29.3) // 48.1% (30.2) // 46.9% (29.2) // 45.9% (30.4)",
        "oppScoringAgainst": "47.0% (28.6) // 46.1% (28.7) // 47.7% (29.8) // 45.6% (25.5)",
        "savesPerGame": 28.1,
        "savesPerGameLast1": 17.0,
        "savesPerGameLast3": 23.7,
        "savesPerGameLast5": 24.2,
        "savesPer60": 27.5,
        "savesPer60Last1": 17.0,
        "savesPer60Last3": 23.5,
        "savesPer60Last5": 23.9,
        "shotsPerGame": 29.2,
        "shotsPerGameLast5": 32.2,
        "shotsAgainstPerGame": 31.4,
        "shotsAgainstPerGameLast5": 28.6,
        "oppSavesAgainstPer60": 29.3,
        "oppSavesAgainstPer60Last1": 38.0,
        "oppSavesAgainstPer60Last3": 33.2,
        "oppSavesAgainstPer60Last5": 31.9,
        "oppShotsAgainstPerGame": 29.7,
        "oppShotsAgainstPerGameLast5": 30.0,
        "savesProj": 29.0,
        "savesProjLast5": 27.0,
        "savesProjLast3": 27.3,
        "oppSavesAgainstProj": 28.7,
        "oppSavesAgainstProjLast5": 27.4,
        "oppSavesAgainstProjLast3": 29.1,
        "totalOver": 40,
        "totalOverLast5": 40,
        "totalOverLast15": 27,
        "lastTotalOver": 18,
        "last5": "0,0,0,1,1,1,0,2,0,0",
        "overOdds": "+180",
        "underOdds": "0",
        "overUnder": "+180 / 0"
    },
    {
        "player": "Hampus Lindholm",
        "team": "BOS",
        "opponent": "PHI",
        "propType": "g",
        "line": 0.5,
        "ppLine": "PP1",
        "avg": 0.13,
        "hit": false,
        "diffAvg": -0.74,
        "diffAbs": 0.8,
        "lastAvg": 0.07,
        "diff": -0.86,
        "avgMin": 23,
        "proj": 0.1,
        "lastAvgMin": 22.5,
        "oppOver": 0,
        "teamOver": 0,
        "gameLine": "-255",
        "+/-": "+45",
        "L5_+/-": "+5.0",
        "prevMatchup": "2023-01-16 0.0 g 2022-11-17 0.0 g",
        "winLossSplits": "15% - 6%",
        "awayHome": "A",
        "playedYesterday": "Y",
        "awayHomeSplits": "19% - 8%",
        "savesAboveExp": -0.431,
        "gsaa": -11.81,
        "corsi": "51.3% (58.0) // 50.6% (58.4) // 52.1% (59.2) // 54.6% (61.2)",
        "fenwick": "51.6% (43.8) // 50.1% (43.9) // 52.9% (45.2) // 53.6% (47.0)",
        "shots": "52.6% (32.5) // 51.9% (32.7) // 53.1% (33.1) // 54.1% (35.8)",
        "scoring": "53.0% (32.3) // 53.9% (33.5) // 52.3% (32.7) // 54.4% (30.4)",
        "corsiAgainst": "48.7% (55.0) // 49.4% (56.9) // 47.9% (54.3) // 45.4% (50.9)",
        "fenwickAgainst": "48.4% (41.1) // 49.9% (43.8) // 47.1% (40.3) // 46.4% (40.7)",
        "shotsAgainst": "47.4% (29.3) // 48.1% (30.2) // 46.9% (29.2) // 45.9% (30.4)",
        "scoringAgainst": "47.0% (28.6) // 46.1% (28.7) // 47.7% (29.8) // 45.6% (25.5)",
        "oppCorsi": "46.7% (53.7) // 47.1% (53.1) // 48.7% (55.9) // 48.4% (55.3)",
        "oppFenwick": "47.6% (40.1) // 47.6% (40.6) // 48.6% (43.0) // 51.6% (43.7)",
        "oppShots": "48.1% (28.9) // 47.0% (27.6) // 47.6% (28.5) // 50.9% (28.7)",
        "oppScoring": "44.7% (25.6) // 44.4% (26.0) // 43.0% (26.4) // 42.5% (25.3)",
        "oppCorsiAgainst": "53.3% (61.3) // 52.9% (59.6) // 51.3% (58.9) // 51.6% (59.0)",
        "oppFenwickAgainst": "52.4% (44.2) // 52.4% (44.6) // 51.4% (45.5) // 48.4% (41.0)",
        "oppShotsAgainst": "51.9% (31.1) // 53.0% (31.2) // 52.4% (31.4) // 49.1% (27.7)",
        "oppScoringAgainst": "55.3% (31.6) // 55.6% (32.6) // 57.0% (35.0) // 57.5% (34.3)",
        "savesPerGame": 27.6,
        "savesPerGameLast1": 29.0,
        "savesPerGameLast3": 31.7,
        "savesPerGameLast5": 28.2,
        "savesPer60": 27.8,
        "savesPer60Last1": 29.0,
        "savesPer60Last3": 32.9,
        "savesPer60Last5": 28.9,
        "shotsPerGame": 33.0,
        "shotsPerGameLast5": 34.0,
        "shotsAgainstPerGame": 29.7,
        "shotsAgainstPerGameLast5": 30.0,
        "oppSavesAgainstPer60": 26.2,
        "oppSavesAgainstPer60Last1": 26.9,
        "oppSavesAgainstPer60Last3": 27.6,
        "oppSavesAgainstPer60Last5": 31.0,
        "oppShotsAgainstPerGame": 31.4,
        "oppShotsAgainstPerGameLast5": 28.6,
        "savesProj": 26.9,
        "savesProjLast5": 32.2,
        "savesProjLast3": 33.1,
        "oppSavesAgainstProj": 25.5,
        "oppSavesAgainstProjLast5": 31.0,
        "oppSavesAgainstProjLast3": 31.1,
        "totalOver": 13,
        "totalOverLast5": 0,
        "totalOverLast15": 20,
        "lastTotalOver": 6,
        "last5": "0,0,0,0,0,0,0,0,0,1",
        "overOdds": "+500",
        "underOdds": "0",
        "overUnder": "+500 / 0"
    },
    {
        "player": "Joel Farabee",
        "team": "PHI",
        "opponent": "BOS",
        "propType": "g",
        "line": 0.5,
        "ppLine": "PP2",
        "avg": 0.17,
        "hit": false,
        "diffAvg": -0.66,
        "diffAbs": 0.6,
        "lastAvg": 0.27,
        "diff": -0.46,
        "avgMin": 16,
        "proj": 0.2,
        "lastAvgMin": 17.58,
        "oppOver": 0,
        "teamOver": 0,
        "gameLine": "+215",
        "+/-": -2,
        "L5_+/-": 0.0,
        "prevMatchup": "2023-01-16 0.0 g 2022-11-17 0.0 g",
        "winLossSplits": "29% - 10%",
        "awayHome": "H",
        "playedYesterday": "Y",
        "awayHomeSplits": "15% - 18%",
        "savesAboveExp": 0.19,
        "gsaa": 14.92,
        "corsi": "46.7% (53.7) // 47.1% (53.1) // 48.7% (55.9) // 48.4% (55.3)",
        "fenwick": "47.6% (40.1) // 47.6% (40.6) // 48.6% (43.0) // 51.6% (43.7)",
        "shots": "48.1% (28.9) // 47.0% (27.6) // 47.6% (28.5) // 50.9% (28.7)",
        "scoring": "44.7% (25.6) // 44.4% (26.0) // 43.0% (26.4) // 42.5% (25.3)",
        "corsiAgainst": "53.3% (61.3) // 52.9% (59.6) // 51.3% (58.9) // 51.6% (59.0)",
        "fenwickAgainst": "52.4% (44.2) // 52.4% (44.6) // 51.4% (45.5) // 48.4% (41.0)",
        "shotsAgainst": "51.9% (31.1) // 53.0% (31.2) // 52.4% (31.4) // 49.1% (27.7)",
        "scoringAgainst": "55.3% (31.6) // 55.6% (32.6) // 57.0% (35.0) // 57.5% (34.3)",
        "oppCorsi": "51.3% (58.0) // 50.6% (58.4) // 52.1% (59.2) // 54.6% (61.2)",
        "oppFenwick": "51.6% (43.8) // 50.1% (43.9) // 52.9% (45.2) // 53.6% (47.0)",
        "oppShots": "52.6% (32.5) // 51.9% (32.7) // 53.1% (33.1) // 54.1% (35.8)",
        "oppScoring": "53.0% (32.3) // 53.9% (33.5) // 52.3% (32.7) // 54.4% (30.4)",
        "oppCorsiAgainst": "48.7% (55.0) // 49.4% (56.9) // 47.9% (54.3) // 45.4% (50.9)",
        "oppFenwickAgainst": "48.4% (41.1) // 49.9% (43.8) // 47.1% (40.3) // 46.4% (40.7)",
        "oppShotsAgainst": "47.4% (29.3) // 48.1% (30.2) // 46.9% (29.2) // 45.9% (30.4)",
        "oppScoringAgainst": "47.0% (28.6) // 46.1% (28.7) // 47.7% (29.8) // 45.6% (25.5)",
        "savesPerGame": 28.1,
        "savesPerGameLast1": 17.0,
        "savesPerGameLast3": 23.7,
        "savesPerGameLast5": 24.2,
        "savesPer60": 27.5,
        "savesPer60Last1": 17.0,
        "savesPer60Last3": 23.5,
        "savesPer60Last5": 23.9,
        "shotsPerGame": 29.2,
        "shotsPerGameLast5": 32.2,
        "shotsAgainstPerGame": 31.4,
        "shotsAgainstPerGameLast5": 28.6,
        "oppSavesAgainstPer60": 29.3,
        "oppSavesAgainstPer60Last1": 38.0,
        "oppSavesAgainstPer60Last3": 33.2,
        "oppSavesAgainstPer60Last5": 31.9,
        "oppShotsAgainstPerGame": 29.7,
        "oppShotsAgainstPerGameLast5": 30.0,
        "savesProj": 29.0,
        "savesProjLast5": 27.0,
        "savesProjLast3": 27.3,
        "oppSavesAgainstProj": 28.7,
        "oppSavesAgainstProjLast5": 27.4,
        "oppSavesAgainstProjLast3": 29.1,
        "totalOver": 17,
        "totalOverLast5": 0,
        "totalOverLast15": 27,
        "lastTotalOver": 28,
        "last5": "0,0,0,0,0,0,0,1,1,1",
        "overOdds": "+230",
        "underOdds": "0",
        "overUnder": "+230 / 0"
    },
    {
        "player": "Noah Cates",
        "team": "PHI",
        "opponent": "BOS",
        "propType": "g",
        "line": 0.5,
        "ppLine": "",
        "avg": 0.15,
        "hit": false,
        "diffAvg": -0.7,
        "diffAbs": 0.2,
        "lastAvg": 0.31,
        "diff": -0.38,
        "avgMin": 17,
        "proj": 0.4,
        "lastAvgMin": 13.23,
        "oppOver": 0,
        "teamOver": 0,
        "gameLine": "+215",
        "+/-": "+6",
        "L5_+/-": 0.0,
        "prevMatchup": "2023-01-16 0.0 g 2022-11-17 0.0 g",
        "winLossSplits": "25% - 10%",
        "awayHome": "H",
        "playedYesterday": "Y",
        "awayHomeSplits": "22% - 8%",
        "savesAboveExp": 0.19,
        "gsaa": 14.92,
        "corsi": "46.7% (53.7) // 47.1% (53.1) // 48.7% (55.9) // 48.4% (55.3)",
        "fenwick": "47.6% (40.1) // 47.6% (40.6) // 48.6% (43.0) // 51.6% (43.7)",
        "shots": "48.1% (28.9) // 47.0% (27.6) // 47.6% (28.5) // 50.9% (28.7)",
        "scoring": "44.7% (25.6) // 44.4% (26.0) // 43.0% (26.4) // 42.5% (25.3)",
        "corsiAgainst": "53.3% (61.3) // 52.9% (59.6) // 51.3% (58.9) // 51.6% (59.0)",
        "fenwickAgainst": "52.4% (44.2) // 52.4% (44.6) // 51.4% (45.5) // 48.4% (41.0)",
        "shotsAgainst": "51.9% (31.1) // 53.0% (31.2) // 52.4% (31.4) // 49.1% (27.7)",
        "scoringAgainst": "55.3% (31.6) // 55.6% (32.6) // 57.0% (35.0) // 57.5% (34.3)",
        "oppCorsi": "51.3% (58.0) // 50.6% (58.4) // 52.1% (59.2) // 54.6% (61.2)",
        "oppFenwick": "51.6% (43.8) // 50.1% (43.9) // 52.9% (45.2) // 53.6% (47.0)",
        "oppShots": "52.6% (32.5) // 51.9% (32.7) // 53.1% (33.1) // 54.1% (35.8)",
        "oppScoring": "53.0% (32.3) // 53.9% (33.5) // 52.3% (32.7) // 54.4% (30.4)",
        "oppCorsiAgainst": "48.7% (55.0) // 49.4% (56.9) // 47.9% (54.3) // 45.4% (50.9)",
        "oppFenwickAgainst": "48.4% (41.1) // 49.9% (43.8) // 47.1% (40.3) // 46.4% (40.7)",
        "oppShotsAgainst": "47.4% (29.3) // 48.1% (30.2) // 46.9% (29.2) // 45.9% (30.4)",
        "oppScoringAgainst": "47.0% (28.6) // 46.1% (28.7) // 47.7% (29.8) // 45.6% (25.5)",
        "savesPerGame": 28.1,
        "savesPerGameLast1": 17.0,
        "savesPerGameLast3": 23.7,
        "savesPerGameLast5": 24.2,
        "savesPer60": 27.5,
        "savesPer60Last1": 17.0,
        "savesPer60Last3": 23.5,
        "savesPer60Last5": 23.9,
        "shotsPerGame": 29.2,
        "shotsPerGameLast5": 32.2,
        "shotsAgainstPerGame": 31.4,
        "shotsAgainstPerGameLast5": 28.6,
        "oppSavesAgainstPer60": 29.3,
        "oppSavesAgainstPer60Last1": 38.0,
        "oppSavesAgainstPer60Last3": 33.2,
        "oppSavesAgainstPer60Last5": 31.9,
        "oppShotsAgainstPerGame": 29.7,
        "oppShotsAgainstPerGameLast5": 30.0,
        "savesProj": 29.0,
        "savesProjLast5": 27.0,
        "savesProjLast3": 27.3,
        "oppSavesAgainstProj": 28.7,
        "oppSavesAgainstProjLast5": 27.4,
        "oppSavesAgainstProjLast3": 29.1,
        "totalOver": 15,
        "totalOverLast5": 0,
        "totalOverLast15": 13,
        "lastTotalOver": 25,
        "last5": "0,0,0,0,0,1,0,0,0,1",
        "overOdds": "+280",
        "underOdds": "0",
        "overUnder": "+280 / 0"
    },
    {
        "player": "Scott Laughton",
        "team": "PHI",
        "opponent": "BOS",
        "propType": "g",
        "line": 0.5,
        "ppLine": "PP2",
        "avg": 0.24,
        "hit": false,
        "diffAvg": -0.52,
        "diffAbs": 0.6,
        "lastAvg": 0.16,
        "diff": -0.68,
        "avgMin": 18,
        "proj": 0.2,
        "lastAvgMin": 16.42,
        "oppOver": 0,
        "teamOver": 0,
        "gameLine": "+215",
        "+/-": -9,
        "L5_+/-": -2.0,
        "prevMatchup": "2023-01-16 0.0 g 2022-11-17 0.0 g",
        "winLossSplits": "46% - 11%",
        "awayHome": "H",
        "playedYesterday": "Y",
        "awayHomeSplits": "24% - 25%",
        "savesAboveExp": 0.19,
        "gsaa": 14.92,
        "corsi": "46.7% (53.7) // 47.1% (53.1) // 48.7% (55.9) // 48.4% (55.3)",
        "fenwick": "47.6% (40.1) // 47.6% (40.6) // 48.6% (43.0) // 51.6% (43.7)",
        "shots": "48.1% (28.9) // 47.0% (27.6) // 47.6% (28.5) // 50.9% (28.7)",
        "scoring": "44.7% (25.6) // 44.4% (26.0) // 43.0% (26.4) // 42.5% (25.3)",
        "corsiAgainst": "53.3% (61.3) // 52.9% (59.6) // 51.3% (58.9) // 51.6% (59.0)",
        "fenwickAgainst": "52.4% (44.2) // 52.4% (44.6) // 51.4% (45.5) // 48.4% (41.0)",
        "shotsAgainst": "51.9% (31.1) // 53.0% (31.2) // 52.4% (31.4) // 49.1% (27.7)",
        "scoringAgainst": "55.3% (31.6) // 55.6% (32.6) // 57.0% (35.0) // 57.5% (34.3)",
        "oppCorsi": "51.3% (58.0) // 50.6% (58.4) // 52.1% (59.2) // 54.6% (61.2)",
        "oppFenwick": "51.6% (43.8) // 50.1% (43.9) // 52.9% (45.2) // 53.6% (47.0)",
        "oppShots": "52.6% (32.5) // 51.9% (32.7) // 53.1% (33.1) // 54.1% (35.8)",
        "oppScoring": "53.0% (32.3) // 53.9% (33.5) // 52.3% (32.7) // 54.4% (30.4)",
        "oppCorsiAgainst": "48.7% (55.0) // 49.4% (56.9) // 47.9% (54.3) // 45.4% (50.9)",
        "oppFenwickAgainst": "48.4% (41.1) // 49.9% (43.8) // 47.1% (40.3) // 46.4% (40.7)",
        "oppShotsAgainst": "47.4% (29.3) // 48.1% (30.2) // 46.9% (29.2) // 45.9% (30.4)",
        "oppScoringAgainst": "47.0% (28.6) // 46.1% (28.7) // 47.7% (29.8) // 45.6% (25.5)",
        "savesPerGame": 28.1,
        "savesPerGameLast1": 17.0,
        "savesPerGameLast3": 23.7,
        "savesPerGameLast5": 24.2,
        "savesPer60": 27.5,
        "savesPer60Last1": 17.0,
        "savesPer60Last3": 23.5,
        "savesPer60Last5": 23.9,
        "shotsPerGame": 29.2,
        "shotsPerGameLast5": 32.2,
        "shotsAgainstPerGame": 31.4,
        "shotsAgainstPerGameLast5": 28.6,
        "oppSavesAgainstPer60": 29.3,
        "oppSavesAgainstPer60Last1": 38.0,
        "oppSavesAgainstPer60Last3": 33.2,
        "oppSavesAgainstPer60Last5": 31.9,
        "oppShotsAgainstPerGame": 29.7,
        "oppShotsAgainstPerGameLast5": 30.0,
        "savesProj": 29.0,
        "savesProjLast5": 27.0,
        "savesProjLast3": 27.3,
        "oppSavesAgainstProj": 28.7,
        "oppSavesAgainstProjLast5": 27.4,
        "oppSavesAgainstProjLast3": 29.1,
        "totalOver": 24,
        "totalOverLast5": 0,
        "totalOverLast15": 20,
        "lastTotalOver": 18,
        "last5": "0,0,0,0,0,0,1,1,1,0",
        "overOdds": "+350",
        "underOdds": "0",
        "overUnder": "+350 / 0"
    },
    {
        "player": "Tyler Bertuzzi",
        "team": "BOS",
        "opponent": "PHI",
        "propType": "g",
        "line": 0.5,
        "ppLine": "PP2",
        "avg": 0.15,
        "hit": false,
        "diffAvg": -0.7,
        "diffAbs": 0.2,
        "lastAvg": 0.44,
        "diff": -0.12,
        "avgMin": 16,
        "proj": 0.4,
        "lastAvgMin": 19.87,
        "oppOver": 0,
        "teamOver": 0,
        "gameLine": "-255",
        "+/-": 0,
        "L5_+/-": -2.0,
        "prevMatchup": "",
        "winLossSplits": "16% - 12%",
        "awayHome": "A",
        "playedYesterday": "Y",
        "awayHomeSplits": "17% - 13%",
        "savesAboveExp": -0.431,
        "gsaa": -11.81,
        "corsi": "51.3% (58.0) // 50.6% (58.4) // 52.1% (59.2) // 54.6% (61.2)",
        "fenwick": "51.6% (43.8) // 50.1% (43.9) // 52.9% (45.2) // 53.6% (47.0)",
        "shots": "52.6% (32.5) // 51.9% (32.7) // 53.1% (33.1) // 54.1% (35.8)",
