[
    {
        "player": "Antti Raanta",
        "team": "CAR",
        "opponent": "NYI",
        "propType": "sv",
        "line": 25.5,
        "ppLine": "",
        "avg": 21.67,
        "hit": false,
        "diffAvg": -0.15,
        "diffAbs": 0.35,
        "lastAvg": 15.71,
        "diff": -0.38,
        "avgMin": 57,
        "proj": 16.5,
        "lastAvgMin": 54.15,
        "oppOver": 61,
        "teamOver": 40,
        "gameLine": "-170",
        "+/-": 0,
        "L5_+/-": 0,
        "prevMatchup": "2022-10-28 nyi @ car 26.0 sv 2022-12-10 car @ nyi 16.0 sv 2023-01-21 car @ nyi 29.0 sv 2023-04-02 nyi @ car 21.0 sv",
        "winLossSplits": "33% - 50%",
        "awayHome": "H",
        "playedYesterday": "N",
        "awayHomeSplits": "33% - 42%",
        "savesAboveExp": -0.166,
        "gsaa": 3.66,
        "corsi": "59.9% (67.4) // 61.2% (68.8) // 57.4% (64.8) // 58.7% (67.5)",
        "fenwick": "59.1% (50.8) // 60.1% (51.8) // 55.9% (49.8) // 59.7% (54.0)",
        "shots": "57.2% (34.3) // 58.4% (34.4) // 52.0% (31.8) // 53.8% (32.0)",
        "scoring": "58.9% (33.3) // 62.3% (33.3) // 55.4% (30.7) // 54.5% (27.5)",
        "corsiAgainst": "40.1% (45.2) // 38.8% (43.6) // 42.6% (48.0) // 41.3% (47.5)",
        "fenwickAgainst": "40.9% (35.1) // 39.9% (34.4) // 44.1% (39.2) // 40.3% (36.5)",
        "shotsAgainst": "42.8% (25.6) // 41.6% (24.5) // 48.0% (29.2) // 46.2% (27.5)",
        "scoringAgainst": "41.1% (23.3) // 37.7% (20.2) // 44.6% (24.8) // 45.5% (23.0)",
        "oppCorsi": "49.6% (58.7) // 54.1% (65.8) // 58.6% (73.7) // 59.5% (72.0)",
        "oppFenwick": "49.5% (42.7) // 53.4% (47.0) // 58.7% (51.7) // 63.9% (53.0)",
        "oppShots": "49.8% (30.5) // 53.2% (32.4) // 57.5% (32.0) // 64.8% (35.0)",
        "oppScoring": "50.0% (30.4) // 52.7% (31.7) // 62.8% (38.3) // 65.1% (41.0)",
        "oppCorsiAgainst": "50.4% (59.6) // 45.9% (55.9) // 41.4% (52.0) // 40.5% (49.0)",
        "oppFenwickAgainst": "50.5% (43.6) // 46.6% (40.9) // 41.3% (36.3) // 36.1% (30.0)",
        "oppShotsAgainst": "50.2% (30.7) // 46.8% (28.5) // 42.5% (23.7) // 35.2% (19.0)",
        "oppScoringAgainst": "50.0% (30.4) // 47.3% (28.4) // 37.2% (22.7) // 34.9% (22.0)",
        "savesPerGame": 23.4,
        "savesPerGameLast1": 30.0,
        "savesPerGameLast3": 26.3,
        "savesPerGameLast5": 25.0,
        "savesPer60": 23.6,
        "savesPer60Last1": 30.0,
        "savesPer60Last3": 25.9,
        "savesPer60Last5": 24.5,
        "shotsPerGame": 34.8,
        "shotsPerGameLast5": 32.0,
        "shotsAgainstPerGame": 26.0,
        "shotsAgainstPerGameLast5": 28.0,
        "oppSavesAgainstPer60": 27.8,
        "oppSavesAgainstPer60Last1": 31.0,
        "oppSavesAgainstPer60Last3": 28.7,
        "oppSavesAgainstPer60Last5": 28.6,
        "oppShotsAgainstPerGame": 31.0,
        "oppShotsAgainstPerGameLast5": 27.4,
        "savesProj": 23.1,
        "savesProjLast5": 24.7,
        "savesProjLast3": 26.1,
        "oppSavesAgainstProj": 23.1,
        "oppSavesAgainstProjLast5": 24.4,
        "oppSavesAgainstProjLast3": 25.3,
        "totalOver": 37,
        "totalOverLast5": 40,
        "totalOverLast15": 33,
        "lastTotalOver": 46,
        "last5": "20,26,26,14,8,17,32,20,29,26",
        "overOdds": "-120",
        "underOdds": "-110",
        "overUnder": "-120 / -110"
    },
    {
        "player": "Ilya Sorokin",
        "team": "NYI",
        "opponent": "CAR",
        "propType": "sv",
        "line": 30.5,
        "ppLine": "",
        "avg": 27.4,
        "hit": false,
        "diffAvg": -0.1,
        "diffAbs": 0.08,
        "lastAvg": 29.23,
        "diff": -0.04,
        "avgMin": 57,
        "proj": 28.2,
        "lastAvgMin": 59.07,
        "oppOver": 55,
        "teamOver": 33,
        "gameLine": "+145",
        "+/-": 0,
        "L5_+/-": 0,
        "prevMatchup": "2022-10-28 nyi @ car 33.0 sv 2022-12-10 car @ nyi 26.0 sv 2023-01-21 car @ nyi 21.0 sv 2023-04-02 nyi @ car 33.0 sv",
        "winLossSplits": "28% - 37%",
        "awayHome": "A",
        "playedYesterday": "N",
        "awayHomeSplits": "38% - 27%",
        "savesAboveExp": 0.704,
        "gsaa": 35.99,
        "corsi": "49.6% (58.7) // 54.1% (65.8) // 58.6% (73.7) // 59.5% (72.0)",
        "fenwick": "49.5% (42.7) // 53.4% (47.0) // 58.7% (51.7) // 63.9% (53.0)",
        "shots": "49.8% (30.5) // 53.2% (32.4) // 57.5% (32.0) // 64.8% (35.0)",
        "scoring": "50.0% (30.4) // 52.7% (31.7) // 62.8% (38.3) // 65.1% (41.0)",
        "corsiAgainst": "50.4% (59.6) // 45.9% (55.9) // 41.4% (52.0) // 40.5% (49.0)",
        "fenwickAgainst": "50.5% (43.6) // 46.6% (40.9) // 41.3% (36.3) // 36.1% (30.0)",
        "shotsAgainst": "50.2% (30.7) // 46.8% (28.5) // 42.5% (23.7) // 35.2% (19.0)",
        "scoringAgainst": "50.0% (30.4) // 47.3% (28.4) // 37.2% (22.7) // 34.9% (22.0)",
        "oppCorsi": "59.9% (67.4) // 61.2% (68.8) // 57.4% (64.8) // 58.7% (67.5)",
        "oppFenwick": "59.1% (50.8) // 60.1% (51.8) // 55.9% (49.8) // 59.7% (54.0)",
        "oppShots": "57.2% (34.3) // 58.4% (34.4) // 52.0% (31.8) // 53.8% (32.0)",
        "oppScoring": "58.9% (33.3) // 62.3% (33.3) // 55.4% (30.7) // 54.5% (27.5)",
        "oppCorsiAgainst": "40.1% (45.2) // 38.8% (43.6) // 42.6% (48.0) // 41.3% (47.5)",
        "oppFenwickAgainst": "40.9% (35.1) // 39.9% (34.4) // 44.1% (39.2) // 40.3% (36.5)",
        "oppShotsAgainst": "42.8% (25.6) // 41.6% (24.5) // 48.0% (29.2) // 46.2% (27.5)",
        "oppScoringAgainst": "41.1% (23.3) // 37.7% (20.2) // 44.6% (24.8) // 45.5% (23.0)",
        "savesPerGame": 28.4,
        "savesPerGameLast1": 17.0,
        "savesPerGameLast3": 21.3,
        "savesPerGameLast5": 25.4,
        "savesPer60": 28.4,
        "savesPer60Last1": 17.0,
        "savesPer60Last3": 21.0,
        "savesPer60Last5": 25.0,
        "shotsPerGame": 30.8,
        "shotsPerGameLast5": 32.0,
        "shotsAgainstPerGame": 31.0,
        "shotsAgainstPerGameLast5": 27.4,
        "oppSavesAgainstPer60": 31.7,
        "oppSavesAgainstPer60Last1": 30.0,
        "oppSavesAgainstPer60Last3": 27.2,
        "oppSavesAgainstPer60Last5": 29.6,
        "oppShotsAgainstPerGame": 26.0,
        "oppShotsAgainstPerGameLast5": 28.0,
        "savesProj": 38.0,
        "savesProjLast5": 30.7,
        "savesProjLast3": 24.0,
        "oppSavesAgainstProj": 31.7,
        "oppSavesAgainstProjLast5": 26.8,
        "oppSavesAgainstProjLast3": 22.0,
        "totalOver": 32,
        "totalOverLast5": 20,
        "totalOverLast15": 20,
        "lastTotalOver": 38,
        "last5": "17,20,27,30,33,17,25,30,22,25",
        "overOdds": "-125",
        "underOdds": "-105",
        "overUnder": "-125 / -105"
    },
    {
        "player": "Filip Gustavsson",
        "team": "MIN",
        "opponent": "DAL",
        "propType": "sv",
        "line": 29.5,
        "ppLine": "",
        "avg": 28.0,
        "hit": false,
        "diffAvg": -0.05,
        "diffAbs": 0.02,
        "lastAvg": 28.44,
        "diff": -0.04,
        "avgMin": 59,
        "proj": 28.8,
        "lastAvgMin": 58.18,
        "oppOver": 38,
        "teamOver": 41,
        "gameLine": "+125",
        "+/-": 0,
        "L5_+/-": 0,
        "prevMatchup": "2022-12-04 min @ dal 30.0 sv 2022-12-29 dal @ min 39.0 sv 2023-02-08 min @ dal 33.0 sv 2023-02-17 dal @ min 29.0 sv",
        "winLossSplits": "55% - 29%",
        "awayHome": "A",
        "playedYesterday": "N",
        "awayHomeSplits": "56% - 35%",
        "savesAboveExp": 0.594,
        "gsaa": 31.32,
        "corsi": "49.9% (57.3) // 46.8% (54.2) // 46.0% (53.1) // 52.5% (55.7)",
        "fenwick": "50.8% (43.1) // 46.8% (39.4) // 48.2% (39.5) // 55.2% (41.6)",
        "shots": "49.8% (30.3) // 45.0% (27.2) // 45.3% (27.2) // 53.2% (28.4)",
        "scoring": "50.3% (28.1) // 45.1% (25.2) // 46.5% (27.7) // 50.9% (29.3)",
        "corsiAgainst": "50.1% (57.6) // 53.2% (61.7) // 54.0% (62.3) // 47.5% (50.4)",
        "fenwickAgainst": "49.2% (41.9) // 53.2% (44.8) // 51.8% (42.5) // 44.8% (33.7)",
        "shotsAgainst": "50.2% (30.5) // 55.0% (33.2) // 54.7% (32.9) // 46.8% (24.9)",
        "scoringAgainst": "49.7% (27.7) // 54.9% (30.6) // 53.5% (31.9) // 49.1% (28.4)",
        "oppCorsi": "52.0% (59.9) // 57.0% (56.0) // 59.5% (56.8) // 64.2% (64.5)",
        "oppFenwick": "51.3% (43.7) // 56.1% (40.6) // 58.2% (40.2) // 61.6% (45.0)",
        "oppShots": "51.6% (31.5) // 56.3% (29.0) // 58.7% (28.9) // 62.3% (35.5)",
        "oppScoring": "53.7% (31.5) // 61.3% (29.6) // 64.0% (29.6) // 74.0% (38.5)",
        "oppCorsiAgainst": "48.0% (55.3) // 43.0% (42.3) // 40.5% (38.7) // 35.8% (36.0)",
        "oppFenwickAgainst": "48.7% (41.4) // 43.9% (31.7) // 41.8% (28.9) // 38.4% (28.0)",
        "oppShotsAgainst": "48.4% (29.5) // 43.7% (22.5) // 41.3% (20.3) // 37.7% (21.5)",
        "oppScoringAgainst": "46.3% (27.2) // 38.7% (18.6) // 36.0% (16.7) // 26.0% (13.5)",
        "savesPerGame": 28.5,
        "savesPerGameLast1": 27.0,
        "savesPerGameLast3": 28.0,
        "savesPerGameLast5": 29.6,
        "savesPer60": 28.7,
        "savesPer60Last1": 28.2,
        "savesPer60Last3": 28.1,
        "savesPer60Last5": 29.6,
        "shotsPerGame": 30.9,
        "shotsPerGameLast5": 27.6,
        "shotsAgainstPerGame": 31.1,
        "shotsAgainstPerGameLast5": 32.8,
        "oppSavesAgainstPer60": 28.3,
        "oppSavesAgainstPer60Last1": 35.7,
        "oppSavesAgainstPer60Last3": 27.7,
        "oppSavesAgainstPer60Last5": 26.2,
        "oppShotsAgainstPerGame": 29.9,
        "oppShotsAgainstPerGameLast5": 21.6,
        "savesProj": 29.5,
        "savesProjLast5": 28.3,
        "savesProjLast3": 27.7,
        "oppSavesAgainstProj": 29.0,
        "oppSavesAgainstProjLast5": 29.2,
        "oppSavesAgainstProjLast3": 30.0,
        "totalOver": 44,
        "totalOverLast5": 60,
        "totalOverLast15": 53,
        "lastTotalOver": 61,
        "last5": "27,40,37,23,42,22,47,33,18,26",
        "overOdds": "-120",
        "underOdds": "-110",
        "overUnder": "-120 / -110"
    },
    {
        "player": "Jake Oettinger",
        "team": "DAL",
        "opponent": "MIN",
        "propType": "sv",
        "line": 26.5,
        "ppLine": "",
        "avg": 26.34,
        "hit": false,
        "diffAvg": -0.01,
        "diffAbs": 0.14,
        "lastAvg": 22.13,
        "diff": -0.16,
        "avgMin": 58,
        "proj": 22.8,
        "lastAvgMin": 56.4,
        "oppOver": 60,
        "teamOver": 56,
        "gameLine": "-145",
        "+/-": 0,
        "L5_+/-": 0,
        "prevMatchup": "2022-12-04 min @ dal 26.0 sv 2022-12-29 dal @ min 23.0 sv 2023-02-08 min @ dal 38.0 sv 2023-02-17 dal @ min 31.0 sv",
        "winLossSplits": "61% - 38%",
        "awayHome": "H",
        "playedYesterday": "N",
        "awayHomeSplits": "56% - 49%",
        "savesAboveExp": 0.39,
        "gsaa": 26.05,
        "corsi": "52.0% (59.9) // 57.0% (56.0) // 59.5% (56.8) // 64.2% (64.5)",
        "fenwick": "51.3% (43.7) // 56.1% (40.6) // 58.2% (40.2) // 61.6% (45.0)",
        "shots": "51.6% (31.5) // 56.3% (29.0) // 58.7% (28.9) // 62.3% (35.5)",
        "scoring": "53.7% (31.5) // 61.3% (29.6) // 64.0% (29.6) // 74.0% (38.5)",
        "corsiAgainst": "48.0% (55.3) // 43.0% (42.3) // 40.5% (38.7) // 35.8% (36.0)",
        "fenwickAgainst": "48.7% (41.4) // 43.9% (31.7) // 41.8% (28.9) // 38.4% (28.0)",
        "shotsAgainst": "48.4% (29.5) // 43.7% (22.5) // 41.3% (20.3) // 37.7% (21.5)",
        "scoringAgainst": "46.3% (27.2) // 38.7% (18.6) // 36.0% (16.7) // 26.0% (13.5)",
        "oppCorsi": "49.9% (57.3) // 46.8% (54.2) // 46.0% (53.1) // 52.5% (55.7)",
        "oppFenwick": "50.8% (43.1) // 46.8% (39.4) // 48.2% (39.5) // 55.2% (41.6)",
        "oppShots": "49.8% (30.3) // 45.0% (27.2) // 45.3% (27.2) // 53.2% (28.4)",
        "oppScoring": "50.3% (28.1) // 45.1% (25.2) // 46.5% (27.7) // 50.9% (29.3)",
        "oppCorsiAgainst": "50.1% (57.6) // 53.2% (61.7) // 54.0% (62.3) // 47.5% (50.4)",
        "oppFenwickAgainst": "49.2% (41.9) // 53.2% (44.8) // 51.8% (42.5) // 44.8% (33.7)",
        "oppShotsAgainst": "50.2% (30.5) // 55.0% (33.2) // 54.7% (32.9) // 46.8% (24.9)",
        "oppScoringAgainst": "49.7% (27.7) // 54.9% (30.6) // 53.5% (31.9) // 49.1% (28.4)",
        "savesPerGame": 27.3,
        "savesPerGameLast1": 25.0,
        "savesPerGameLast3": 20.0,
        "savesPerGameLast5": 20.6,
        "savesPer60": 27.4,
        "savesPer60Last1": 25.0,
        "savesPer60Last3": 20.0,
        "savesPer60Last5": 20.9,
        "shotsPerGame": 31.9,
        "shotsPerGameLast5": 29.6,
        "shotsAgainstPerGame": 29.9,
        "shotsAgainstPerGameLast5": 21.6,
        "oppSavesAgainstPer60": 28.3,
        "oppSavesAgainstPer60Last1": 20.8,
        "oppSavesAgainstPer60Last3": 24.5,
        "oppSavesAgainstPer60Last5": 25.4,
        "oppShotsAgainstPerGame": 31.1,
        "oppShotsAgainstPerGameLast5": 32.8,
        "savesProj": 26.7,
        "savesProjLast5": 18.1,
        "savesProjLast3": 16.7,
        "oppSavesAgainstProj": 27.6,
        "oppSavesAgainstProjLast5": 20.0,
        "oppSavesAgainstProjLast3": 19.3,
        "totalOver": 52,
        "totalOverLast5": 20,
        "totalOverLast15": 27,
        "lastTotalOver": 49,
        "last5": "25,12,19,24,27,16,17,40,22,33",
        "overOdds": "-125",
        "underOdds": "-105",
        "overUnder": "-125 / -105"
    },
    {
        "player": "Joonas Korpisalo",
        "team": "LA",
        "opponent": "EDM",
        "propType": "sv",
        "line": 28.5,
        "ppLine": "",
        "avg": 23.45,
        "hit": false,
        "diffAvg": -0.18,
        "diffAbs": 1.0,
        "lastAvg": 0,
        "diff": 0,
        "avgMin": 56,
        "proj": 0.0,
        "lastAvgMin": 0,
        "oppOver": 50,
        "teamOver": 23,
        "gameLine": "+165",
        "+/-": 0,
        "L5_+/-": 0,
        "prevMatchup": "2022-11-16 la @ edm 22.0 sv 2023-01-09 edm @ la 28.0 sv 2023-03-30 la @ edm 35.0 sv 2023-04-04 edm @ la 30.0 sv",
        "winLossSplits": "0% - 50%",
        "awayHome": "A",
        "playedYesterday": "N",
        "awayHomeSplits": "33% - 0%",
        "savesAboveExp": 0.427,
        "gsaa": 11.47,
        "corsi": "51.5% (58.6) // 51.1% (56.4) // 59.1% (63.7) // 64.2% (68.0)",
        "fenwick": "52.9% (44.1) // 52.5% (42.8) // 60.3% (46.0) // 63.2% (48.0)",
        "shots": "53.7% (32.0) // 52.5% (30.9) // 61.0% (35.0) // 60.0% (36.0)",
        "scoring": "52.0% (31.2) // 51.8% (28.6) // 60.1% (32.7) // 72.1% (31.0)",
        "corsiAgainst": "48.5% (55.1) // 48.9% (53.9) // 40.9% (44.0) // 35.8% (38.0)",
        "fenwickAgainst": "47.1% (39.3) // 47.5% (38.7) // 39.7% (30.3) // 36.8% (28.0)",
        "shotsAgainst": "46.3% (27.5) // 47.5% (27.9) // 39.0% (22.3) // 40.0% (24.0)",
        "scoringAgainst": "48.0% (28.8) // 48.2% (26.6) // 39.9% (21.7) // 27.9% (12.0)",
        "oppCorsi": "52.1% (59.2) // 54.3% (61.2) // 52.8% (60.1) // 54.5% (62.1)",
        "oppFenwick": "51.6% (44.8) // 54.4% (46.8) // 54.5% (47.5) // 54.5% (47.8)",
        "oppShots": "51.7% (33.3) // 54.4% (35.4) // 57.5% (36.6) // 56.3% (37.4)",
        "oppScoring": "53.5% (32.9) // 54.3% (35.5) // 51.7% (35.0) // 54.1% (35.5)",
        "oppCorsiAgainst": "47.9% (54.5) // 45.7% (51.4) // 47.2% (53.8) // 45.5% (51.7)",
        "oppFenwickAgainst": "48.4% (42.0) // 45.6% (39.2) // 45.5% (39.6) // 45.5% (39.9)",
        "oppShotsAgainst": "48.3% (31.1) // 45.6% (29.7) // 42.5% (27.1) // 43.7% (29.1)",
        "oppScoringAgainst": "46.5% (28.6) // 45.7% (29.9) // 48.3% (32.7) // 45.9% (30.0)",
        "savesPerGame": 24.8,
        "savesPerGameLast1": 21.0,
        "savesPerGameLast3": 20.0,
        "savesPerGameLast5": 24.4,
        "savesPer60": 25.0,
        "savesPer60Last1": 20.9,
        "savesPer60Last3": 19.7,
        "savesPer60Last5": 24.1,
        "shotsPerGame": 32.4,
        "shotsPerGameLast5": 31.6,
        "shotsAgainstPerGame": 27.9,
        "shotsAgainstPerGameLast5": 27.4,
        "oppSavesAgainstPer60": 29.6,
        "oppSavesAgainstPer60Last1": 30.9,
        "oppSavesAgainstPer60Last3": 32.6,
        "oppSavesAgainstPer60Last5": 31.3,
        "oppShotsAgainstPerGame": 31.4,
        "oppShotsAgainstPerGameLast5": 26.0,
        "savesProj": 26.2,
        "savesProjLast5": 26.9,
        "savesProjLast3": 22.7,
        "oppSavesAgainstProj": 26.2,
        "oppSavesAgainstProjLast5": 27.1,
        "oppSavesAgainstProjLast3": 23.7,
        "totalOver": 18,
        "totalOverLast5": 20,
        "totalOverLast15": 18,
        "lastTotalOver": 0,
        "last5": "21,20,10,24,35,30,25,15,26,28",
        "overOdds": "-120",
        "underOdds": "-110",
        "overUnder": "-120 / -110"
    },
    {
        "player": "Stuart Skinner",
        "team": "EDM",
        "opponent": "LA",
        "propType": "sv",
        "line": 27.5,
        "ppLine": "",
        "avg": 28.08,
        "hit": false,
        "diffAvg": 0.02,
        "diffAbs": 0.04,
        "lastAvg": 25.77,
        "diff": -0.06,
        "avgMin": 58,
        "proj": 26.5,
        "lastAvgMin": 56.47,
        "oppOver": 56,
        "teamOver": 51,
        "gameLine": "-195",
        "+/-": 0,
        "L5_+/-": 0,
        "prevMatchup": "2022-11-16 la @ edm 29.0 sv 2023-01-09 edm @ la 32.0 sv 2023-03-30 la @ edm 43.0 sv 2023-04-04 edm @ la 20.0 sv",
        "winLossSplits": "45% - 48%",
        "awayHome": "H",
        "playedYesterday": "N",
        "awayHomeSplits": "46% - 46%",
        "savesAboveExp": 0.118,
        "gsaa": 14.07,
        "corsi": "52.1% (59.2) // 54.3% (61.2) // 52.8% (60.1) // 54.5% (62.1)",
        "fenwick": "51.6% (44.8) // 54.4% (46.8) // 54.5% (47.5) // 54.5% (47.8)",
        "shots": "51.7% (33.3) // 54.4% (35.4) // 57.5% (36.6) // 56.3% (37.4)",
        "scoring": "53.5% (32.9) // 54.3% (35.5) // 51.7% (35.0) // 54.1% (35.5)",
        "corsiAgainst": "47.9% (54.5) // 45.7% (51.4) // 47.2% (53.8) // 45.5% (51.7)",
        "fenwickAgainst": "48.4% (42.0) // 45.6% (39.2) // 45.5% (39.6) // 45.5% (39.9)",
        "shotsAgainst": "48.3% (31.1) // 45.6% (29.7) // 42.5% (27.1) // 43.7% (29.1)",
        "scoringAgainst": "46.5% (28.6) // 45.7% (29.9) // 48.3% (32.7) // 45.9% (30.0)",
        "oppCorsi": "51.5% (58.6) // 51.1% (56.4) // 59.1% (63.7) // 64.2% (68.0)",
        "oppFenwick": "52.9% (44.1) // 52.5% (42.8) // 60.3% (46.0) // 63.2% (48.0)",
        "oppShots": "53.7% (32.0) // 52.5% (30.9) // 61.0% (35.0) // 60.0% (36.0)",
        "oppScoring": "52.0% (31.2) // 51.8% (28.6) // 60.1% (32.7) // 72.1% (31.0)",
        "oppCorsiAgainst": "48.5% (55.1) // 48.9% (53.9) // 40.9% (44.0) // 35.8% (38.0)",
        "oppFenwickAgainst": "47.1% (39.3) // 47.5% (38.7) // 39.7% (30.3) // 36.8% (28.0)",
        "oppShotsAgainst": "46.3% (27.5) // 47.5% (27.9) // 39.0% (22.3) // 40.0% (24.0)",
        "oppScoringAgainst": "48.0% (28.8) // 48.2% (26.6) // 39.9% (21.7) // 27.9% (12.0)",
        "savesPerGame": 28.2,
        "savesPerGameLast1": 27.0,
        "savesPerGameLast3": 25.7,
        "savesPerGameLast5": 24.8,
        "savesPer60": 28.3,
        "savesPer60Last1": 26.5,
        "savesPer60Last3": 25.8,
        "savesPer60Last5": 24.9,
        "shotsPerGame": 33.6,
        "shotsPerGameLast5": 35.4,
        "shotsAgainstPerGame": 31.4,
        "shotsAgainstPerGameLast5": 26.0,
        "oppSavesAgainstPer60": 29.1,
        "oppSavesAgainstPer60Last1": 30.8,
        "oppSavesAgainstPer60Last3": 30.9,
        "oppSavesAgainstPer60Last5": 29.5,
        "oppShotsAgainstPerGame": 27.9,
        "oppShotsAgainstPerGameLast5": 27.4,
        "savesProj": 32.9,
        "savesProjLast5": 28.7,
        "savesProjLast3": 32.3,
        "oppSavesAgainstProj": 29.4,
        "oppSavesAgainstProjLast5": 26.6,
        "oppSavesAgainstProjLast3": 28.6,
        "totalOver": 46,
        "totalOverLast5": 40,
        "totalOverLast15": 47,
        "lastTotalOver": 46,
        "last5": "27,29,22,20,43,18,30,14,33,25",
        "overOdds": "-120",
        "underOdds": "-110",
        "overUnder": "-120 / -110"
    }
]