[
    {
        "player": "Anders Lee",
        "team": "NYI",
        "opponent": "CAR",
        "propType": "ast",
        "line": 0.5,
        "ppLine": "PP1",
        "avg": 0.27,
        "hit": false,
        "diffAvg": -0.46,
        "diffAbs": 0.6,
        "lastAvg": 0.24,
        "diff": -0.52,
        "avgMin": 17,
        "proj": 0.2,
        "lastAvgMin": 16.62,
        "oppOver": 0,
        "teamOver": 0,
        "gameLine": "+145",
        "+/-": -3,
        "L5_+/-": -5.0,
        "prevMatchup": "2023-04-02 0.0 ast 2023-01-21 1.0 ast 2022-12-10 0.0 ast 2022-10-28 1.0 ast",
        "winLossSplits": "29% - 18%",
        "awayHome": "A",
        "playedYesterday": "N",
        "awayHomeSplits": "17% - 29%",
        "savesAboveExp": -0.166,
        "gsaa": 3.66,
        "corsi": "49.6% (58.7) // 54.1% (65.8) // 58.6% (73.7) // 59.5% (72.0)",
        "fenwick": "49.5% (42.7) // 53.4% (47.0) // 58.7% (51.7) // 63.9% (53.0)",
        "shots": "49.8% (30.5) // 53.2% (32.4) // 57.5% (32.0) // 64.8% (35.0)",
        "scoring": "50.0% (30.4) // 52.7% (31.7) // 62.8% (38.3) // 65.1% (41.0)",
        "corsiAgainst": "50.4% (59.6) // 45.9% (55.9) // 41.4% (52.0) // 40.5% (49.0)",
        "fenwickAgainst": "50.5% (43.6) // 46.6% (40.9) // 41.3% (36.3) // 36.1% (30.0)",
        "shotsAgainst": "50.2% (30.7) // 46.8% (28.5) // 42.5% (23.7) // 35.2% (19.0)",
        "scoringAgainst": "50.0% (30.4) // 47.3% (28.4) // 37.2% (22.7) // 34.9% (22.0)",
        "oppCorsi": "59.9% (67.4) // 61.2% (68.8) // 57.4% (64.8) // 58.7% (67.5)",
        "oppFenwick": "59.1% (50.8) // 60.1% (51.8) // 55.9% (49.8) // 59.7% (54.0)",
        "oppShots": "57.2% (34.3) // 58.4% (34.4) // 52.0% (31.8) // 53.8% (32.0)",
        "oppScoring": "58.9% (33.3) // 62.3% (33.3) // 55.4% (30.7) // 54.5% (27.5)",
        "oppCorsiAgainst": "40.1% (45.2) // 38.8% (43.6) // 42.6% (48.0) // 41.3% (47.5)",
        "oppFenwickAgainst": "40.9% (35.1) // 39.9% (34.4) // 44.1% (39.2) // 40.3% (36.5)",
        "oppShotsAgainst": "42.8% (25.6) // 41.6% (24.5) // 48.0% (29.2) // 46.2% (27.5)",
        "oppScoringAgainst": "41.1% (23.3) // 37.7% (20.2) // 44.6% (24.8) // 45.5% (23.0)",
        "savesPerGame": 28.4,
        "savesPerGameLast1": 17.0,
        "savesPerGameLast3": 21.3,
        "savesPerGameLast5": 25.4,
        "savesPer60": 28.4,
        "savesPer60Last1": 17.0,
        "savesPer60Last3": 21.0,
        "savesPer60Last5": 25.0,
        "shotsPerGame": 30.8,
        "shotsPerGameLast5": 32.0,
        "shotsAgainstPerGame": 31.0,
        "shotsAgainstPerGameLast5": 27.4,
        "oppSavesAgainstPer60": 31.7,
        "oppSavesAgainstPer60Last1": 30.0,
        "oppSavesAgainstPer60Last3": 27.2,
        "oppSavesAgainstPer60Last5": 29.6,
        "oppShotsAgainstPerGame": 26.0,
        "oppShotsAgainstPerGameLast5": 28.0,
        "savesProj": 38.0,
        "savesProjLast5": 30.7,
        "savesProjLast3": 24.0,
        "oppSavesAgainstProj": 31.7,
        "oppSavesAgainstProjLast5": 26.8,
        "oppSavesAgainstProjLast3": 22.0,
        "totalOver": 23,
        "totalOverLast5": 0,
        "totalOverLast15": 13,
        "lastTotalOver": 19,
        "last5": "0,0,0,0,0,0,0,1,0,0",
        "overOdds": "+285",
        "underOdds": "-375",
        "overUnder": "+285 / -375"
    },
    {
        "player": "Bo Horvat",
        "team": "NYI",
        "opponent": "CAR",
        "propType": "ast",
        "line": 0.5,
        "ppLine": "PP1",
        "avg": 0.3,
        "hit": false,
        "diffAvg": -0.4,
        "diffAbs": 1.0,
        "lastAvg": 0,
        "diff": 0,
        "avgMin": 20,
        "proj": 0.0,
        "lastAvgMin": 0,
        "oppOver": 0,
        "teamOver": 0,
        "gameLine": "+145",
        "+/-": -3,
        "L5_+/-": -2.0,
        "prevMatchup": "2023-04-02 0.0 ast",
        "winLossSplits": "29% - 23%",
        "awayHome": "A",
        "playedYesterday": "N",
        "awayHomeSplits": "27% - 27%",
        "savesAboveExp": -0.166,
        "gsaa": 3.66,
        "corsi": "49.6% (58.7) // 54.1% (65.8) // 58.6% (73.7) // 59.5% (72.0)",
        "fenwick": "49.5% (42.7) // 53.4% (47.0) // 58.7% (51.7) // 63.9% (53.0)",
        "shots": "49.8% (30.5) // 53.2% (32.4) // 57.5% (32.0) // 64.8% (35.0)",
        "scoring": "50.0% (30.4) // 52.7% (31.7) // 62.8% (38.3) // 65.1% (41.0)",
        "corsiAgainst": "50.4% (59.6) // 45.9% (55.9) // 41.4% (52.0) // 40.5% (49.0)",
        "fenwickAgainst": "50.5% (43.6) // 46.6% (40.9) // 41.3% (36.3) // 36.1% (30.0)",
        "shotsAgainst": "50.2% (30.7) // 46.8% (28.5) // 42.5% (23.7) // 35.2% (19.0)",
        "scoringAgainst": "50.0% (30.4) // 47.3% (28.4) // 37.2% (22.7) // 34.9% (22.0)",
        "oppCorsi": "59.9% (67.4) // 61.2% (68.8) // 57.4% (64.8) // 58.7% (67.5)",
        "oppFenwick": "59.1% (50.8) // 60.1% (51.8) // 55.9% (49.8) // 59.7% (54.0)",
        "oppShots": "57.2% (34.3) // 58.4% (34.4) // 52.0% (31.8) // 53.8% (32.0)",
        "oppScoring": "58.9% (33.3) // 62.3% (33.3) // 55.4% (30.7) // 54.5% (27.5)",
        "oppCorsiAgainst": "40.1% (45.2) // 38.8% (43.6) // 42.6% (48.0) // 41.3% (47.5)",
        "oppFenwickAgainst": "40.9% (35.1) // 39.9% (34.4) // 44.1% (39.2) // 40.3% (36.5)",
        "oppShotsAgainst": "42.8% (25.6) // 41.6% (24.5) // 48.0% (29.2) // 46.2% (27.5)",
        "oppScoringAgainst": "41.1% (23.3) // 37.7% (20.2) // 44.6% (24.8) // 45.5% (23.0)",
        "savesPerGame": 28.4,
        "savesPerGameLast1": 17.0,
        "savesPerGameLast3": 21.3,
        "savesPerGameLast5": 25.4,
        "savesPer60": 28.4,
        "savesPer60Last1": 17.0,
        "savesPer60Last3": 21.0,
        "savesPer60Last5": 25.0,
        "shotsPerGame": 30.8,
        "shotsPerGameLast5": 32.0,
        "shotsAgainstPerGame": 31.0,
        "shotsAgainstPerGameLast5": 27.4,
        "oppSavesAgainstPer60": 31.7,
        "oppSavesAgainstPer60Last1": 30.0,
        "oppSavesAgainstPer60Last3": 27.2,
        "oppSavesAgainstPer60Last5": 29.6,
        "oppShotsAgainstPerGame": 26.0,
        "oppShotsAgainstPerGameLast5": 28.0,
        "savesProj": 38.0,
        "savesProjLast5": 30.7,
        "savesProjLast3": 24.0,
        "oppSavesAgainstProj": 31.7,
        "oppSavesAgainstProjLast5": 26.8,
        "oppSavesAgainstProjLast3": 22.0,
        "totalOver": 27,
        "totalOverLast5": 60,
        "totalOverLast15": 27,
        "lastTotalOver": 0,
        "last5": "0,1,2,1,0,0,0,0,0,1",
        "overOdds": "+195",
        "underOdds": "-240",
        "overUnder": "+195 / -240"
    },
    {
        "player": "Brady Skjei",
        "team": "CAR",
        "opponent": "NYI",
        "propType": "ast",
        "line": 0.5,
        "ppLine": "PP2",
        "avg": 0.25,
        "hit": false,
        "diffAvg": -0.5,
        "diffAbs": 0.4,
        "lastAvg": 0.31,
        "diff": -0.38,
        "avgMin": 21,
        "proj": 0.3,
        "lastAvgMin": 21.13,
        "oppOver": 0,
        "teamOver": 0,
        "gameLine": "-170",
        "+/-": "+7",
        "L5_+/-": -7.0,
        "prevMatchup": "2023-04-02 0.0 ast 2023-01-21 0.0 ast 2022-12-10 1.0 ast 2022-10-28 1.0 ast",
        "winLossSplits": "31% - 13%",
        "awayHome": "H",
        "playedYesterday": "N",
        "awayHomeSplits": "22% - 27%",
        "savesAboveExp": 0.704,
        "gsaa": 35.99,
        "corsi": "59.9% (67.4) // 61.2% (68.8) // 57.4% (64.8) // 58.7% (67.5)",
        "fenwick": "59.1% (50.8) // 60.1% (51.8) // 55.9% (49.8) // 59.7% (54.0)",
        "shots": "57.2% (34.3) // 58.4% (34.4) // 52.0% (31.8) // 53.8% (32.0)",
        "scoring": "58.9% (33.3) // 62.3% (33.3) // 55.4% (30.7) // 54.5% (27.5)",
        "corsiAgainst": "40.1% (45.2) // 38.8% (43.6) // 42.6% (48.0) // 41.3% (47.5)",
        "fenwickAgainst": "40.9% (35.1) // 39.9% (34.4) // 44.1% (39.2) // 40.3% (36.5)",
        "shotsAgainst": "42.8% (25.6) // 41.6% (24.5) // 48.0% (29.2) // 46.2% (27.5)",
        "scoringAgainst": "41.1% (23.3) // 37.7% (20.2) // 44.6% (24.8) // 45.5% (23.0)",
        "oppCorsi": "49.6% (58.7) // 54.1% (65.8) // 58.6% (73.7) // 59.5% (72.0)",
        "oppFenwick": "49.5% (42.7) // 53.4% (47.0) // 58.7% (51.7) // 63.9% (53.0)",
        "oppShots": "49.8% (30.5) // 53.2% (32.4) // 57.5% (32.0) // 64.8% (35.0)",
        "oppScoring": "50.0% (30.4) // 52.7% (31.7) // 62.8% (38.3) // 65.1% (41.0)",
        "oppCorsiAgainst": "50.4% (59.6) // 45.9% (55.9) // 41.4% (52.0) // 40.5% (49.0)",
        "oppFenwickAgainst": "50.5% (43.6) // 46.6% (40.9) // 41.3% (36.3) // 36.1% (30.0)",
        "oppShotsAgainst": "50.2% (30.7) // 46.8% (28.5) // 42.5% (23.7) // 35.2% (19.0)",
        "oppScoringAgainst": "50.0% (30.4) // 47.3% (28.4) // 37.2% (22.7) // 34.9% (22.0)",
        "savesPerGame": 23.4,
        "savesPerGameLast1": 30.0,
        "savesPerGameLast3": 26.3,
        "savesPerGameLast5": 25.0,
        "savesPer60": 23.6,
        "savesPer60Last1": 30.0,
        "savesPer60Last3": 25.9,
        "savesPer60Last5": 24.5,
        "shotsPerGame": 34.8,
        "shotsPerGameLast5": 32.0,
        "shotsAgainstPerGame": 26.0,
        "shotsAgainstPerGameLast5": 28.0,
        "oppSavesAgainstPer60": 27.8,
        "oppSavesAgainstPer60Last1": 31.0,
        "oppSavesAgainstPer60Last3": 28.7,
        "oppSavesAgainstPer60Last5": 28.6,
        "oppShotsAgainstPerGame": 31.0,
        "oppShotsAgainstPerGameLast5": 27.4,
        "savesProj": 23.1,
        "savesProjLast5": 24.7,
        "savesProjLast3": 26.1,
        "oppSavesAgainstProj": 23.1,
        "oppSavesAgainstProjLast5": 24.4,
        "oppSavesAgainstProjLast3": 25.3,
        "totalOver": 25,
        "totalOverLast5": 40,
        "totalOverLast15": 20,
        "lastTotalOver": 30,
        "last5": "0,1,1,0,0,1,0,0,0,0",
        "overOdds": "+225",
        "underOdds": "-285",
        "overUnder": "+225 / -285"
    },
    {
        "player": "Brent Burns",
        "team": "CAR",
        "opponent": "NYI",
        "propType": "ast",
        "line": 0.5,
        "ppLine": "PP1",
        "avg": 0.52,
        "hit": false,
        "diffAvg": 0.04,
        "diffAbs": 0.0,
        "lastAvg": 0.54,
        "diff": 0.08,
        "avgMin": 23,
        "proj": 0.5,
        "lastAvgMin": 26.13,
        "oppOver": 0,
        "teamOver": 0,
        "gameLine": "-170",
        "+/-": "+19",
        "L5_+/-": "+4.0",
        "prevMatchup": "2023-04-02 0.0 ast 2023-01-21 1.0 ast 2022-12-10 1.0 ast 2022-10-28 0.0 ast",
        "winLossSplits": "54% - 17%",
        "awayHome": "H",
        "playedYesterday": "N",
        "awayHomeSplits": "44% - 37%",
        "savesAboveExp": 0.704,
        "gsaa": 35.99,
        "corsi": "59.9% (67.4) // 61.2% (68.8) // 57.4% (64.8) // 58.7% (67.5)",
        "fenwick": "59.1% (50.8) // 60.1% (51.8) // 55.9% (49.8) // 59.7% (54.0)",
        "shots": "57.2% (34.3) // 58.4% (34.4) // 52.0% (31.8) // 53.8% (32.0)",
        "scoring": "58.9% (33.3) // 62.3% (33.3) // 55.4% (30.7) // 54.5% (27.5)",
        "corsiAgainst": "40.1% (45.2) // 38.8% (43.6) // 42.6% (48.0) // 41.3% (47.5)",
        "fenwickAgainst": "40.9% (35.1) // 39.9% (34.4) // 44.1% (39.2) // 40.3% (36.5)",
        "shotsAgainst": "42.8% (25.6) // 41.6% (24.5) // 48.0% (29.2) // 46.2% (27.5)",
        "scoringAgainst": "41.1% (23.3) // 37.7% (20.2) // 44.6% (24.8) // 45.5% (23.0)",
        "oppCorsi": "49.6% (58.7) // 54.1% (65.8) // 58.6% (73.7) // 59.5% (72.0)",
        "oppFenwick": "49.5% (42.7) // 53.4% (47.0) // 58.7% (51.7) // 63.9% (53.0)",
        "oppShots": "49.8% (30.5) // 53.2% (32.4) // 57.5% (32.0) // 64.8% (35.0)",
        "oppScoring": "50.0% (30.4) // 52.7% (31.7) // 62.8% (38.3) // 65.1% (41.0)",
        "oppCorsiAgainst": "50.4% (59.6) // 45.9% (55.9) // 41.4% (52.0) // 40.5% (49.0)",
        "oppFenwickAgainst": "50.5% (43.6) // 46.6% (40.9) // 41.3% (36.3) // 36.1% (30.0)",
        "oppShotsAgainst": "50.2% (30.7) // 46.8% (28.5) // 42.5% (23.7) // 35.2% (19.0)",
        "oppScoringAgainst": "50.0% (30.4) // 47.3% (28.4) // 37.2% (22.7) // 34.9% (22.0)",
        "savesPerGame": 23.4,
        "savesPerGameLast1": 30.0,
        "savesPerGameLast3": 26.3,
        "savesPerGameLast5": 25.0,
        "savesPer60": 23.6,
        "savesPer60Last1": 30.0,
        "savesPer60Last3": 25.9,
        "savesPer60Last5": 24.5,
        "shotsPerGame": 34.8,
        "shotsPerGameLast5": 32.0,
        "shotsAgainstPerGame": 26.0,
        "shotsAgainstPerGameLast5": 28.0,
        "oppSavesAgainstPer60": 27.8,
        "oppSavesAgainstPer60Last1": 31.0,
        "oppSavesAgainstPer60Last3": 28.7,
        "oppSavesAgainstPer60Last5": 28.6,
        "oppShotsAgainstPerGame": 31.0,
        "oppShotsAgainstPerGameLast5": 27.4,
        "savesProj": 23.1,
        "savesProjLast5": 24.7,
        "savesProjLast3": 26.1,
        "oppSavesAgainstProj": 23.1,
        "oppSavesAgainstProjLast5": 24.4,
        "oppSavesAgainstProjLast3": 25.3,
        "totalOver": 40,
        "totalOverLast5": 0,
        "totalOverLast15": 20,
        "lastTotalOver": 44,
        "last5": "0,0,0,0,0,1,0,1,0,0",
        "overOdds": "+120",
        "underOdds": "-150",
        "overUnder": "+120 / -150"
    },
    {
        "player": "Brock Nelson",
        "team": "NYI",
        "opponent": "CAR",
        "propType": "ast",
        "line": 0.5,
        "ppLine": "PP1",
        "avg": 0.48,
        "hit": false,
        "diffAvg": -0.04,
        "diffAbs": 0.4,
        "lastAvg": 0.31,
        "diff": -0.38,
        "avgMin": 18,
        "proj": 0.3,
        "lastAvgMin": 17.67,
        "oppOver": 0,
        "teamOver": 0,
        "gameLine": "+145",
        "+/-": "+14",
        "L5_+/-": "+4.0",
        "prevMatchup": "2023-04-02 0.0 ast 2023-01-21 0.0 ast 2022-12-10 0.0 ast 2022-10-28 0.0 ast",
        "winLossSplits": "52% - 32%",
        "awayHome": "A",
        "playedYesterday": "N",
        "awayHomeSplits": "39% - 46%",
        "savesAboveExp": -0.166,
        "gsaa": 3.66,
        "corsi": "49.6% (58.7) // 54.1% (65.8) // 58.6% (73.7) // 59.5% (72.0)",
        "fenwick": "49.5% (42.7) // 53.4% (47.0) // 58.7% (51.7) // 63.9% (53.0)",
        "shots": "49.8% (30.5) // 53.2% (32.4) // 57.5% (32.0) // 64.8% (35.0)",
        "scoring": "50.0% (30.4) // 52.7% (31.7) // 62.8% (38.3) // 65.1% (41.0)",
        "corsiAgainst": "50.4% (59.6) // 45.9% (55.9) // 41.4% (52.0) // 40.5% (49.0)",
        "fenwickAgainst": "50.5% (43.6) // 46.6% (40.9) // 41.3% (36.3) // 36.1% (30.0)",
        "shotsAgainst": "50.2% (30.7) // 46.8% (28.5) // 42.5% (23.7) // 35.2% (19.0)",
        "scoringAgainst": "50.0% (30.4) // 47.3% (28.4) // 37.2% (22.7) // 34.9% (22.0)",
        "oppCorsi": "59.9% (67.4) // 61.2% (68.8) // 57.4% (64.8) // 58.7% (67.5)",
        "oppFenwick": "59.1% (50.8) // 60.1% (51.8) // 55.9% (49.8) // 59.7% (54.0)",
        "oppShots": "57.2% (34.3) // 58.4% (34.4) // 52.0% (31.8) // 53.8% (32.0)",
        "oppScoring": "58.9% (33.3) // 62.3% (33.3) // 55.4% (30.7) // 54.5% (27.5)",
        "oppCorsiAgainst": "40.1% (45.2) // 38.8% (43.6) // 42.6% (48.0) // 41.3% (47.5)",
        "oppFenwickAgainst": "40.9% (35.1) // 39.9% (34.4) // 44.1% (39.2) // 40.3% (36.5)",
        "oppShotsAgainst": "42.8% (25.6) // 41.6% (24.5) // 48.0% (29.2) // 46.2% (27.5)",
        "oppScoringAgainst": "41.1% (23.3) // 37.7% (20.2) // 44.6% (24.8) // 45.5% (23.0)",
        "savesPerGame": 28.4,
        "savesPerGameLast1": 17.0,
        "savesPerGameLast3": 21.3,
        "savesPerGameLast5": 25.4,
        "savesPer60": 28.4,
        "savesPer60Last1": 17.0,
        "savesPer60Last3": 21.0,
        "savesPer60Last5": 25.0,
        "shotsPerGame": 30.8,
        "shotsPerGameLast5": 32.0,
        "shotsAgainstPerGame": 31.0,
        "shotsAgainstPerGameLast5": 27.4,
        "oppSavesAgainstPer60": 31.7,
        "oppSavesAgainstPer60Last1": 30.0,
        "oppSavesAgainstPer60Last3": 27.2,
        "oppSavesAgainstPer60Last5": 29.6,
        "oppShotsAgainstPerGame": 26.0,
        "oppShotsAgainstPerGameLast5": 28.0,
        "savesProj": 38.0,
        "savesProjLast5": 30.7,
        "savesProjLast3": 24.0,
        "oppSavesAgainstProj": 31.7,
        "oppSavesAgainstProjLast5": 26.8,
        "oppSavesAgainstProjLast3": 22.0,
        "totalOver": 43,
        "totalOverLast5": 20,
        "totalOverLast15": 20,
        "lastTotalOver": 26,
        "last5": "0,0,0,2,0,0,1,1,0,0",
        "overOdds": "+180",
        "underOdds": "-220",
        "overUnder": "+180 / -220"
    },
    {
        "player": "Jesperi Kotkaniemi",
        "team": "CAR",
        "opponent": "NYI",
        "propType": "ast",
        "line": 0.5,
        "ppLine": "PP2",
        "avg": 0.3,
        "hit": false,
        "diffAvg": -0.4,
        "diffAbs": 0.6,
        "lastAvg": 0.21,
        "diff": -0.58,
        "avgMin": 14,
        "proj": 0.2,
        "lastAvgMin": 12.02,
        "oppOver": 0,
        "teamOver": 0,
        "gameLine": "-170",
        "+/-": "+10",
        "L5_+/-": 0.0,
        "prevMatchup": "2023-04-02 0.0 ast 2023-01-21 0.0 ast 2022-12-10 0.0 ast 2022-10-28 0.0 ast",
        "winLossSplits": "35% - 7%",
        "awayHome": "H",
        "playedYesterday": "N",
        "awayHomeSplits": "22% - 27%",
        "savesAboveExp": 0.704,
        "gsaa": 35.99,
        "corsi": "59.9% (67.4) // 61.2% (68.8) // 57.4% (64.8) // 58.7% (67.5)",
        "fenwick": "59.1% (50.8) // 60.1% (51.8) // 55.9% (49.8) // 59.7% (54.0)",
        "shots": "57.2% (34.3) // 58.4% (34.4) // 52.0% (31.8) // 53.8% (32.0)",
        "scoring": "58.9% (33.3) // 62.3% (33.3) // 55.4% (30.7) // 54.5% (27.5)",
        "corsiAgainst": "40.1% (45.2) // 38.8% (43.6) // 42.6% (48.0) // 41.3% (47.5)",
        "fenwickAgainst": "40.9% (35.1) // 39.9% (34.4) // 44.1% (39.2) // 40.3% (36.5)",
        "shotsAgainst": "42.8% (25.6) // 41.6% (24.5) // 48.0% (29.2) // 46.2% (27.5)",
        "scoringAgainst": "41.1% (23.3) // 37.7% (20.2) // 44.6% (24.8) // 45.5% (23.0)",
        "oppCorsi": "49.6% (58.7) // 54.1% (65.8) // 58.6% (73.7) // 59.5% (72.0)",
        "oppFenwick": "49.5% (42.7) // 53.4% (47.0) // 58.7% (51.7) // 63.9% (53.0)",
        "oppShots": "49.8% (30.5) // 53.2% (32.4) // 57.5% (32.0) // 64.8% (35.0)",
        "oppScoring": "50.0% (30.4) // 52.7% (31.7) // 62.8% (38.3) // 65.1% (41.0)",
        "oppCorsiAgainst": "50.4% (59.6) // 45.9% (55.9) // 41.4% (52.0) // 40.5% (49.0)",
        "oppFenwickAgainst": "50.5% (43.6) // 46.6% (40.9) // 41.3% (36.3) // 36.1% (30.0)",
        "oppShotsAgainst": "50.2% (30.7) // 46.8% (28.5) // 42.5% (23.7) // 35.2% (19.0)",
        "oppScoringAgainst": "50.0% (30.4) // 47.3% (28.4) // 37.2% (22.7) // 34.9% (22.0)",
        "savesPerGame": 23.4,
        "savesPerGameLast1": 30.0,
        "savesPerGameLast3": 26.3,
        "savesPerGameLast5": 25.0,
        "savesPer60": 23.6,
        "savesPer60Last1": 30.0,
        "savesPer60Last3": 25.9,
        "savesPer60Last5": 24.5,
        "shotsPerGame": 34.8,
        "shotsPerGameLast5": 32.0,
        "shotsAgainstPerGame": 26.0,
        "shotsAgainstPerGameLast5": 28.0,
        "oppSavesAgainstPer60": 27.8,
        "oppSavesAgainstPer60Last1": 31.0,
        "oppSavesAgainstPer60Last3": 28.7,
        "oppSavesAgainstPer60Last5": 28.6,
        "oppShotsAgainstPerGame": 31.0,
        "oppShotsAgainstPerGameLast5": 27.4,
        "savesProj": 23.1,
        "savesProjLast5": 24.7,
        "savesProjLast3": 26.1,
        "oppSavesAgainstProj": 23.1,
        "oppSavesAgainstProjLast5": 24.4,
        "oppSavesAgainstProjLast3": 25.3,
        "totalOver": 24,
        "totalOverLast5": 40,
        "totalOverLast15": 33,
        "lastTotalOver": 22,
        "last5": "0,1,0,1,0,1,0,0,0,0",
        "overOdds": "+195",
        "underOdds": "-240",
        "overUnder": "+195 / -240"
    },
    {
        "player": "Kyle Palmieri",
        "team": "NYI",
        "opponent": "CAR",
        "propType": "ast",
        "line": 0.5,
        "ppLine": "PP2",
        "avg": 0.31,
        "hit": false,
        "diffAvg": -0.38,
        "diffAbs": 0.4,
        "lastAvg": 0.26,
        "diff": -0.48,
        "avgMin": 17,
        "proj": 0.3,
        "lastAvgMin": 15.62,
        "oppOver": 0,
        "teamOver": 0,
        "gameLine": "+145",
        "+/-": "+13",
        "L5_+/-": "+5.0",
        "prevMatchup": "2023-04-02 0.0 ast 2022-10-28 0.0 ast",
        "winLossSplits": "32% - 17%",
        "awayHome": "A",
        "playedYesterday": "N",
        "awayHomeSplits": "24% - 27%",
        "savesAboveExp": -0.166,
        "gsaa": 3.66,
        "corsi": "49.6% (58.7) // 54.1% (65.8) // 58.6% (73.7) // 59.5% (72.0)",
        "fenwick": "49.5% (42.7) // 53.4% (47.0) // 58.7% (51.7) // 63.9% (53.0)",
        "shots": "49.8% (30.5) // 53.2% (32.4) // 57.5% (32.0) // 64.8% (35.0)",
        "scoring": "50.0% (30.4) // 52.7% (31.7) // 62.8% (38.3) // 65.1% (41.0)",
        "corsiAgainst": "50.4% (59.6) // 45.9% (55.9) // 41.4% (52.0) // 40.5% (49.0)",
        "fenwickAgainst": "50.5% (43.6) // 46.6% (40.9) // 41.3% (36.3) // 36.1% (30.0)",
        "shotsAgainst": "50.2% (30.7) // 46.8% (28.5) // 42.5% (23.7) // 35.2% (19.0)",
        "scoringAgainst": "50.0% (30.4) // 47.3% (28.4) // 37.2% (22.7) // 34.9% (22.0)",
        "oppCorsi": "59.9% (67.4) // 61.2% (68.8) // 57.4% (64.8) // 58.7% (67.5)",
        "oppFenwick": "59.1% (50.8) // 60.1% (51.8) // 55.9% (49.8) // 59.7% (54.0)",
        "oppShots": "57.2% (34.3) // 58.4% (34.4) // 52.0% (31.8) // 53.8% (32.0)",
        "oppScoring": "58.9% (33.3) // 62.3% (33.3) // 55.4% (30.7) // 54.5% (27.5)",
        "oppCorsiAgainst": "40.1% (45.2) // 38.8% (43.6) // 42.6% (48.0) // 41.3% (47.5)",
        "oppFenwickAgainst": "40.9% (35.1) // 39.9% (34.4) // 44.1% (39.2) // 40.3% (36.5)",
        "oppShotsAgainst": "42.8% (25.6) // 41.6% (24.5) // 48.0% (29.2) // 46.2% (27.5)",
        "oppScoringAgainst": "41.1% (23.3) // 37.7% (20.2) // 44.6% (24.8) // 45.5% (23.0)",
        "savesPerGame": 28.4,
        "savesPerGameLast1": 17.0,
        "savesPerGameLast3": 21.3,
        "savesPerGameLast5": 25.4,
        "savesPer60": 28.4,
        "savesPer60Last1": 17.0,
        "savesPer60Last3": 21.0,
        "savesPer60Last5": 25.0,
        "shotsPerGame": 30.8,
        "shotsPerGameLast5": 32.0,
        "shotsAgainstPerGame": 31.0,
        "shotsAgainstPerGameLast5": 27.4,
        "oppSavesAgainstPer60": 31.7,
        "oppSavesAgainstPer60Last1": 30.0,
        "oppSavesAgainstPer60Last3": 27.2,
        "oppSavesAgainstPer60Last5": 29.6,
        "oppShotsAgainstPerGame": 26.0,
        "oppShotsAgainstPerGameLast5": 28.0,
        "savesProj": 38.0,
        "savesProjLast5": 30.7,
        "savesProjLast3": 24.0,
        "oppSavesAgainstProj": 31.7,
        "oppSavesAgainstProjLast5": 26.8,
        "oppSavesAgainstProjLast3": 22.0,
        "totalOver": 25,
        "totalOverLast5": 20,
        "totalOverLast15": 27,
        "lastTotalOver": 24,
        "last5": "1,0,0,0,0,0,0,1,0,1",
        "overOdds": "+280",
        "underOdds": "-360",
        "overUnder": "+280 / -360"
    },
    {
        "player": "Martin Necas",
        "team": "CAR",
        "opponent": "NYI",
        "propType": "ast",
        "line": 0.5,
        "ppLine": "PP1",
        "avg": 0.52,
        "hit": false,
        "diffAvg": 0.04,
        "diffAbs": 0.4,
        "lastAvg": 0.28,
        "diff": -0.44,
        "avgMin": 18,
        "proj": 0.3,
        "lastAvgMin": 16.18,
        "oppOver": 0,
        "teamOver": 0,
        "gameLine": "-170",
        "+/-": "+5",
        "L5_+/-": -2.0,
        "prevMatchup": "2023-04-02 0.0 ast 2023-01-21 0.0 ast 2022-12-10 0.0 ast 2022-10-28 0.0 ast",
        "winLossSplits": "46% - 27%",
        "awayHome": "H",
        "playedYesterday": "N",
        "awayHomeSplits": "27% - 51%",
        "savesAboveExp": 0.704,
        "gsaa": 35.99,
        "corsi": "59.9% (67.4) // 61.2% (68.8) // 57.4% (64.8) // 58.7% (67.5)",
        "fenwick": "59.1% (50.8) // 60.1% (51.8) // 55.9% (49.8) // 59.7% (54.0)",
        "shots": "57.2% (34.3) // 58.4% (34.4) // 52.0% (31.8) // 53.8% (32.0)",
        "scoring": "58.9% (33.3) // 62.3% (33.3) // 55.4% (30.7) // 54.5% (27.5)",
        "corsiAgainst": "40.1% (45.2) // 38.8% (43.6) // 42.6% (48.0) // 41.3% (47.5)",
        "fenwickAgainst": "40.9% (35.1) // 39.9% (34.4) // 44.1% (39.2) // 40.3% (36.5)",
        "shotsAgainst": "42.8% (25.6) // 41.6% (24.5) // 48.0% (29.2) // 46.2% (27.5)",
        "scoringAgainst": "41.1% (23.3) // 37.7% (20.2) // 44.6% (24.8) // 45.5% (23.0)",
        "oppCorsi": "49.6% (58.7) // 54.1% (65.8) // 58.6% (73.7) // 59.5% (72.0)",
        "oppFenwick": "49.5% (42.7) // 53.4% (47.0) // 58.7% (51.7) // 63.9% (53.0)",
        "oppShots": "49.8% (30.5) // 53.2% (32.4) // 57.5% (32.0) // 64.8% (35.0)",
        "oppScoring": "50.0% (30.4) // 52.7% (31.7) // 62.8% (38.3) // 65.1% (41.0)",
        "oppCorsiAgainst": "50.4% (59.6) // 45.9% (55.9) // 41.4% (52.0) // 40.5% (49.0)",
        "oppFenwickAgainst": "50.5% (43.6) // 46.6% (40.9) // 41.3% (36.3) // 36.1% (30.0)",
        "oppShotsAgainst": "50.2% (30.7) // 46.8% (28.5) // 42.5% (23.7) // 35.2% (19.0)",
        "oppScoringAgainst": "50.0% (30.4) // 47.3% (28.4) // 37.2% (22.7) // 34.9% (22.0)",
        "savesPerGame": 23.4,
        "savesPerGameLast1": 30.0,
        "savesPerGameLast3": 26.3,
        "savesPerGameLast5": 25.0,
        "savesPer60": 23.6,
        "savesPer60Last1": 30.0,
        "savesPer60Last3": 25.9,
        "savesPer60Last5": 24.5,
        "shotsPerGame": 34.8,
        "shotsPerGameLast5": 32.0,
        "shotsAgainstPerGame": 26.0,
        "shotsAgainstPerGameLast5": 28.0,
        "oppSavesAgainstPer60": 27.8,
        "oppSavesAgainstPer60Last1": 31.0,
        "oppSavesAgainstPer60Last3": 28.7,
        "oppSavesAgainstPer60Last5": 28.6,
        "oppShotsAgainstPerGame": 31.0,
        "oppShotsAgainstPerGameLast5": 27.4,
        "savesProj": 23.1,
        "savesProjLast5": 24.7,
        "savesProjLast3": 26.1,
        "oppSavesAgainstProj": 23.1,
        "oppSavesAgainstProjLast5": 24.4,
        "oppSavesAgainstProjLast3": 25.3,
        "totalOver": 39,
        "totalOverLast5": 20,
        "totalOverLast15": 27,
        "lastTotalOver": 29,
        "last5": "0,0,2,0,0,0,0,0,0,0",
        "overOdds": "+110",
        "underOdds": "-140",
        "overUnder": "+110 / -140"
    },
    {
        "player": "Mathew Barzal",
        "team": "NYI",
        "opponent": "CAR",
        "propType": "ast",
        "line": 0.5,
        "ppLine": "PP1",
        "avg": 0.64,
        "hit": false,
        "diffAvg": 0.28,
        "diffAbs": 0.2,
        "lastAvg": 0.6,
        "diff": 0.2,
        "avgMin": 18,
        "proj": 0.6,
        "lastAvgMin": 18.02,
        "oppOver": 0,
        "teamOver": 0,
        "gameLine": "+145",
        "+/-": "+7",
        "L5_+/-": "+5.0",
        "prevMatchup": "2023-01-21 0.0 ast 2022-12-10 0.0 ast 2022-10-28 2.0 ast",
        "winLossSplits": "57% - 33%",
        "awayHome": "A",
        "playedYesterday": "N",
        "awayHomeSplits": "46% - 43%",
        "savesAboveExp": -0.166,
        "gsaa": 3.66,
        "corsi": "49.6% (58.7) // 54.1% (65.8) // 58.6% (73.7) // 59.5% (72.0)",
        "fenwick": "49.5% (42.7) // 53.4% (47.0) // 58.7% (51.7) // 63.9% (53.0)",
        "shots": "49.8% (30.5) // 53.2% (32.4) // 57.5% (32.0) // 64.8% (35.0)",
        "scoring": "50.0% (30.4) // 52.7% (31.7) // 62.8% (38.3) // 65.1% (41.0)",
        "corsiAgainst": "50.4% (59.6) // 45.9% (55.9) // 41.4% (52.0) // 40.5% (49.0)",
        "fenwickAgainst": "50.5% (43.6) // 46.6% (40.9) // 41.3% (36.3) // 36.1% (30.0)",
        "shotsAgainst": "50.2% (30.7) // 46.8% (28.5) // 42.5% (23.7) // 35.2% (19.0)",
        "scoringAgainst": "50.0% (30.4) // 47.3% (28.4) // 37.2% (22.7) // 34.9% (22.0)",
        "oppCorsi": "59.9% (67.4) // 61.2% (68.8) // 57.4% (64.8) // 58.7% (67.5)",
        "oppFenwick": "59.1% (50.8) // 60.1% (51.8) // 55.9% (49.8) // 59.7% (54.0)",
        "oppShots": "57.2% (34.3) // 58.4% (34.4) // 52.0% (31.8) // 53.8% (32.0)",
        "oppScoring": "58.9% (33.3) // 62.3% (33.3) // 55.4% (30.7) // 54.5% (27.5)",
        "oppCorsiAgainst": "40.1% (45.2) // 38.8% (43.6) // 42.6% (48.0) // 41.3% (47.5)",
        "oppFenwickAgainst": "40.9% (35.1) // 39.9% (34.4) // 44.1% (39.2) // 40.3% (36.5)",
        "oppShotsAgainst": "42.8% (25.6) // 41.6% (24.5) // 48.0% (29.2) // 46.2% (27.5)",
        "oppScoringAgainst": "41.1% (23.3) // 37.7% (20.2) // 44.6% (24.8) // 45.5% (23.0)",
        "savesPerGame": 28.4,
        "savesPerGameLast1": 17.0,
        "savesPerGameLast3": 21.3,
        "savesPerGameLast5": 25.4,
        "savesPer60": 28.4,
        "savesPer60Last1": 17.0,
        "savesPer60Last3": 21.0,
        "savesPer60Last5": 25.0,
        "shotsPerGame": 30.8,
        "shotsPerGameLast5": 32.0,
        "shotsAgainstPerGame": 31.0,
        "shotsAgainstPerGameLast5": 27.4,
        "oppSavesAgainstPer60": 31.7,
        "oppSavesAgainstPer60Last1": 30.0,
        "oppSavesAgainstPer60Last3": 27.2,
        "oppSavesAgainstPer60Last5": 29.6,
        "oppShotsAgainstPerGame": 26.0,
        "oppShotsAgainstPerGameLast5": 28.0,
        "savesProj": 38.0,
        "savesProjLast5": 30.7,
        "savesProjLast3": 24.0,
        "oppSavesAgainstProj": 31.7,
        "oppSavesAgainstProjLast5": 26.8,
        "oppSavesAgainstProjLast3": 22.0,
        "totalOver": 45,
        "totalOverLast5": 60,
        "totalOverLast15": 33,
        "lastTotalOver": 49,
        "last5": "0,2,1,0,2,1,0,0,0,0",
        "overOdds": "+140",
        "underOdds": "-175",
        "overUnder": "+140 / -175"
    },
    {
        "player": "Noah Dobson",
        "team": "NYI",
        "opponent": "CAR",
        "propType": "ast",
        "line": 0.5,
        "ppLine": "PP1",
        "avg": 0.46,
        "hit": false,
        "diffAvg": -0.08,
        "diffAbs": 0.0,
        "lastAvg": 0.49,
        "diff": -0.02,
        "avgMin": 20,
        "proj": 0.5,
        "lastAvgMin": 21.45,
        "oppOver": 0,
        "teamOver": 0,
        "gameLine": "+145",
        "+/-": "+5",
        "L5_+/-": "+3.0",
        "prevMatchup": "2023-04-02 0.0 ast 2023-01-21 0.0 ast 2022-12-10 0.0 ast 2022-10-28 0.0 ast",
        "winLossSplits": "48% - 32%",
        "awayHome": "A",
        "playedYesterday": "N",
        "awayHomeSplits": "41% - 38%",
        "savesAboveExp": -0.166,
        "gsaa": 3.66,
        "corsi": "49.6% (58.7) // 54.1% (65.8) // 58.6% (73.7) // 59.5% (72.0)",
        "fenwick": "49.5% (42.7) // 53.4% (47.0) // 58.7% (51.7) // 63.9% (53.0)",
        "shots": "49.8% (30.5) // 53.2% (32.4) // 57.5% (32.0) // 64.8% (35.0)",
        "scoring": "50.0% (30.4) // 52.7% (31.7) // 62.8% (38.3) // 65.1% (41.0)",
        "corsiAgainst": "50.4% (59.6) // 45.9% (55.9) // 41.4% (52.0) // 40.5% (49.0)",
        "fenwickAgainst": "50.5% (43.6) // 46.6% (40.9) // 41.3% (36.3) // 36.1% (30.0)",
        "shotsAgainst": "50.2% (30.7) // 46.8% (28.5) // 42.5% (23.7) // 35.2% (19.0)",
        "scoringAgainst": "50.0% (30.4) // 47.3% (28.4) // 37.2% (22.7) // 34.9% (22.0)",
        "oppCorsi": "59.9% (67.4) // 61.2% (68.8) // 57.4% (64.8) // 58.7% (67.5)",
        "oppFenwick": "59.1% (50.8) // 60.1% (51.8) // 55.9% (49.8) // 59.7% (54.0)",
        "oppShots": "57.2% (34.3) // 58.4% (34.4) // 52.0% (31.8) // 53.8% (32.0)",
        "oppScoring": "58.9% (33.3) // 62.3% (33.3) // 55.4% (30.7) // 54.5% (27.5)",
        "oppCorsiAgainst": "40.1% (45.2) // 38.8% (43.6) // 42.6% (48.0) // 41.3% (47.5)",
        "oppFenwickAgainst": "40.9% (35.1) // 39.9% (34.4) // 44.1% (39.2) // 40.3% (36.5)",
        "oppShotsAgainst": "42.8% (25.6) // 41.6% (24.5) // 48.0% (29.2) // 46.2% (27.5)",
        "oppScoringAgainst": "41.1% (23.3) // 37.7% (20.2) // 44.6% (24.8) // 45.5% (23.0)",
        "savesPerGame": 28.4,
        "savesPerGameLast1": 17.0,
        "savesPerGameLast3": 21.3,
        "savesPerGameLast5": 25.4,
        "savesPer60": 28.4,
        "savesPer60Last1": 17.0,
        "savesPer60Last3": 21.0,
        "savesPer60Last5": 25.0,
        "shotsPerGame": 30.8,
        "shotsPerGameLast5": 32.0,
        "shotsAgainstPerGame": 31.0,
        "shotsAgainstPerGameLast5": 27.4,
        "oppSavesAgainstPer60": 31.7,
        "oppSavesAgainstPer60Last1": 30.0,
        "oppSavesAgainstPer60Last3": 27.2,
        "oppSavesAgainstPer60Last5": 29.6,
        "oppShotsAgainstPerGame": 26.0,
        "oppShotsAgainstPerGameLast5": 28.0,
        "savesProj": 38.0,
        "savesProjLast5": 30.7,
        "savesProjLast3": 24.0,
        "oppSavesAgainstProj": 31.7,
        "oppSavesAgainstProjLast5": 26.8,
        "oppSavesAgainstProjLast3": 22.0,
        "totalOver": 40,
        "totalOverLast5": 80,
        "totalOverLast15": 53,
        "lastTotalOver": 41,
        "last5": "2,1,2,1,0,0,0,0,0,1",
        "overOdds": "+165",
        "underOdds": "-205",
        "overUnder": "+165 / -205"
    },
    {
        "player": "Seth Jarvis",
        "team": "CAR",
        "opponent": "NYI",
        "propType": "ast",
        "line": 0.5,
        "ppLine": "PP1",
        "avg": 0.3,
        "hit": false,
        "diffAvg": -0.4,
        "diffAbs": 0.4,
        "lastAvg": 0.28,
        "diff": -0.44,
        "avgMin": 16,
        "proj": 0.3,
        "lastAvgMin": 13.87,
        "oppOver": 0,
        "teamOver": 0,
        "gameLine": "-170",
        "+/-": "+10",
        "L5_+/-": -4.0,
        "prevMatchup": "2023-04-02 0.0 ast 2023-01-21 0.0 ast 2022-12-10 0.0 ast 2022-10-28 0.0 ast",
        "winLossSplits": "31% - 17%",
        "awayHome": "H",
        "playedYesterday": "N",
        "awayHomeSplits": "34% - 17%",
        "savesAboveExp": 0.704,
        "gsaa": 35.99,
        "corsi": "59.9% (67.4) // 61.2% (68.8) // 57.4% (64.8) // 58.7% (67.5)",
        "fenwick": "59.1% (50.8) // 60.1% (51.8) // 55.9% (49.8) // 59.7% (54.0)",
        "shots": "57.2% (34.3) // 58.4% (34.4) // 52.0% (31.8) // 53.8% (32.0)",
        "scoring": "58.9% (33.3) // 62.3% (33.3) // 55.4% (30.7) // 54.5% (27.5)",
        "corsiAgainst": "40.1% (45.2) // 38.8% (43.6) // 42.6% (48.0) // 41.3% (47.5)",
        "fenwickAgainst": "40.9% (35.1) // 39.9% (34.4) // 44.1% (39.2) // 40.3% (36.5)",
        "shotsAgainst": "42.8% (25.6) // 41.6% (24.5) // 48.0% (29.2) // 46.2% (27.5)",
        "scoringAgainst": "41.1% (23.3) // 37.7% (20.2) // 44.6% (24.8) // 45.5% (23.0)",
        "oppCorsi": "49.6% (58.7) // 54.1% (65.8) // 58.6% (73.7) // 59.5% (72.0)",
        "oppFenwick": "49.5% (42.7) // 53.4% (47.0) // 58.7% (51.7) // 63.9% (53.0)",
        "oppShots": "49.8% (30.5) // 53.2% (32.4) // 57.5% (32.0) // 64.8% (35.0)",
        "oppScoring": "50.0% (30.4) // 52.7% (31.7) // 62.8% (38.3) // 65.1% (41.0)",
        "oppCorsiAgainst": "50.4% (59.6) // 45.9% (55.9) // 41.4% (52.0) // 40.5% (49.0)",
        "oppFenwickAgainst": "50.5% (43.6) // 46.6% (40.9) // 41.3% (36.3) // 36.1% (30.0)",
        "oppShotsAgainst": "50.2% (30.7) // 46.8% (28.5) // 42.5% (23.7) // 35.2% (19.0)",
        "oppScoringAgainst": "50.0% (30.4) // 47.3% (28.4) // 37.2% (22.7) // 34.9% (22.0)",
        "savesPerGame": 23.4,
        "savesPerGameLast1": 30.0,
        "savesPerGameLast3": 26.3,
        "savesPerGameLast5": 25.0,
        "savesPer60": 23.6,
        "savesPer60Last1": 30.0,
        "savesPer60Last3": 25.9,
        "savesPer60Last5": 24.5,
        "shotsPerGame": 34.8,
        "shotsPerGameLast5": 32.0,
        "shotsAgainstPerGame": 26.0,
        "shotsAgainstPerGameLast5": 28.0,
        "oppSavesAgainstPer60": 27.8,
        "oppSavesAgainstPer60Last1": 31.0,
        "oppSavesAgainstPer60Last3": 28.7,
        "oppSavesAgainstPer60Last5": 28.6,
        "oppShotsAgainstPerGame": 31.0,
        "oppShotsAgainstPerGameLast5": 27.4,
        "savesProj": 23.1,
        "savesProjLast5": 24.7,
        "savesProjLast3": 26.1,
        "oppSavesAgainstProj": 23.1,
        "oppSavesAgainstProjLast5": 24.4,
        "oppSavesAgainstProjLast3": 25.3,
        "totalOver": 26,
        "totalOverLast5": 40,
        "totalOverLast15": 27,
        "lastTotalOver": 33,
        "last5": "2,0,1,0,0,1,0,1,0,0",
        "overOdds": "+195",
        "underOdds": "-240",
        "overUnder": "+195 / -240"
    },
    {
        "player": "Teuvo Teravainen",
        "team": "CAR",
        "opponent": "NYI",
        "propType": "ast",
        "line": 0.5,
        "ppLine": "PP2",
        "avg": 0.37,
        "hit": false,
        "diffAvg": -0.26,
        "diffAbs": 0.2,
        "lastAvg": 0.47,
        "diff": -0.06,
        "avgMin": 16,
        "proj": 0.4,
        "lastAvgMin": 17.68,
        "oppOver": 0,
        "teamOver": 0,
        "gameLine": "-170",
        "+/-": "+11",
        "L5_+/-": 0.0,
        "prevMatchup": "2023-01-21 2.0 ast 2022-12-10 1.0 ast 2022-10-28 0.0 ast",
        "winLossSplits": "31% - 35%",
        "awayHome": "H",
        "playedYesterday": "N",
        "awayHomeSplits": "41% - 25%",
        "savesAboveExp": 0.704,
        "gsaa": 35.99,
        "corsi": "59.9% (67.4) // 61.2% (68.8) // 57.4% (64.8) // 58.7% (67.5)",
        "fenwick": "59.1% (50.8) // 60.1% (51.8) // 55.9% (49.8) // 59.7% (54.0)",
        "shots": "57.2% (34.3) // 58.4% (34.4) // 52.0% (31.8) // 53.8% (32.0)",
        "scoring": "58.9% (33.3) // 62.3% (33.3) // 55.4% (30.7) // 54.5% (27.5)",
        "corsiAgainst": "40.1% (45.2) // 38.8% (43.6) // 42.6% (48.0) // 41.3% (47.5)",
        "fenwickAgainst": "40.9% (35.1) // 39.9% (34.4) // 44.1% (39.2) // 40.3% (36.5)",
        "shotsAgainst": "42.8% (25.6) // 41.6% (24.5) // 48.0% (29.2) // 46.2% (27.5)",
        "scoringAgainst": "41.1% (23.3) // 37.7% (20.2) // 44.6% (24.8) // 45.5% (23.0)",
        "oppCorsi": "49.6% (58.7) // 54.1% (65.8) // 58.6% (73.7) // 59.5% (72.0)",
        "oppFenwick": "49.5% (42.7) // 53.4% (47.0) // 58.7% (51.7) // 63.9% (53.0)",
        "oppShots": "49.8% (30.5) // 53.2% (32.4) // 57.5% (32.0) // 64.8% (35.0)",
        "oppScoring": "50.0% (30.4) // 52.7% (31.7) // 62.8% (38.3) // 65.1% (41.0)",
        "oppCorsiAgainst": "50.4% (59.6) // 45.9% (55.9) // 41.4% (52.0) // 40.5% (49.0)",
        "oppFenwickAgainst": "50.5% (43.6) // 46.6% (40.9) // 41.3% (36.3) // 36.1% (30.0)",
        "oppShotsAgainst": "50.2% (30.7) // 46.8% (28.5) // 42.5% (23.7) // 35.2% (19.0)",
        "oppScoringAgainst": "50.0% (30.4) // 47.3% (28.4) // 37.2% (22.7) // 34.9% (22.0)",
        "savesPerGame": 23.4,
        "savesPerGameLast1": 30.0,
        "savesPerGameLast3": 26.3,
        "savesPerGameLast5": 25.0,
        "savesPer60": 23.6,
        "savesPer60Last1": 30.0,
        "savesPer60Last3": 25.9,
        "savesPer60Last5": 24.5,
        "shotsPerGame": 34.8,
        "shotsPerGameLast5": 32.0,
        "shotsAgainstPerGame": 26.0,
        "shotsAgainstPerGameLast5": 28.0,
        "oppSavesAgainstPer60": 27.8,
        "oppSavesAgainstPer60Last1": 31.0,
        "oppSavesAgainstPer60Last3": 28.7,
        "oppSavesAgainstPer60Last5": 28.6,
        "oppShotsAgainstPerGame": 31.0,
        "oppShotsAgainstPerGameLast5": 27.4,
        "savesProj": 23.1,
        "savesProjLast5": 24.7,
        "savesProjLast3": 26.1,
        "oppSavesAgainstProj": 23.1,
        "oppSavesAgainstProjLast5": 24.4,
        "oppSavesAgainstProjLast3": 25.3,
        "totalOver": 32,
        "totalOverLast5": 20,
        "totalOverLast15": 13,
        "lastTotalOver": 43,
        "last5": "0,0,0,1,0,0,0,0,0,0",
        "overOdds": "+160",
        "underOdds": "-195",
        "overUnder": "+160 / -195"
    },
    {
        "player": "Jean-Gabriel Pageau",
        "team": "NYI",
        "opponent": "CAR",
        "propType": "ast",
        "line": 0.5,
        "ppLine": "",
        "avg": 0.39,
        "hit": false,
        "diffAvg": -0.22,
        "diffAbs": 0.4,
        "lastAvg": 0.27,
        "diff": -0.46,
        "avgMin": 17,
        "proj": 0.3,
        "lastAvgMin": 17.67,
        "oppOver": 0,
        "teamOver": 0,
        "gameLine": "+145",
        "+/-": -2,
        "L5_+/-": "+2.0",
