[
    {
        "player": "Aleksander Barkov",
        "team": "FLA",
        "opponent": "BOS",
        "propType": "pts",
        "line": 0.5,
        "ppLine": "PP1",
        "avg": 1.11,
        "hit": false,
        "diffAvg": 1.22,
        "diffAbs": 1.4,
        "lastAvg": 1.14,
        "diff": 1.28,
        "avgMin": 21,
        "proj": 1.2,
        "lastAvgMin": 20.3,
        "oppOver": 0,
        "teamOver": 0,
        "gameLine": "+205",
        "+/-": "+8",
        "L5_+/-": "+3.0",
        "prevMatchup": "2023-04-23 0.0 pts 2023-04-21 1.0 pts 2023-04-19 1.0 pts 2023-04-17 0.0 pts 2023-01-28 3.0 pts 2022-11-23 3.0 pts 2022-10-17 0.0 pts",
        "winLossSplits": "85% - 48%",
        "awayHome": "A",
        "playedYesterday": "N",
        "awayHomeSplits": "63% - 73%",
        "savesAboveExp": 0.892,
        "gsaa": 48.51,
        "corsi": "54.2% (66.3) // 52.5% (66.0) // 54.2% (66.3) // 54.2% (66.3)",
        "fenwick": "53.6% (49.9) // 52.0% (49.3) // 53.6% (49.9) // 53.6% (49.9)",
        "shots": "53.7% (36.5) // 51.9% (35.5) // 53.7% (36.5) // 53.7% (36.5)",
        "scoring": "54.6% (34.8) // 53.4% (34.0) // 54.6% (34.8) // 54.6% (34.8)",
        "corsiAgainst": "45.8% (56.1) // 47.5% (59.7) // 45.8% (56.1) // 45.8% (56.1)",
        "fenwickAgainst": "46.4% (43.2) // 48.0% (45.5) // 46.4% (43.2) // 46.4% (43.2)",
        "shotsAgainst": "46.3% (31.5) // 48.1% (33.0) // 46.3% (31.5) // 46.3% (31.5)",
        "scoringAgainst": "45.4% (28.9) // 46.6% (29.7) // 45.4% (28.9) // 45.4% (28.9)",
        "oppCorsi": "51.4% (58.2) // 52.6% (61.3) // 51.4% (58.2) // 51.4% (58.2)",
        "oppFenwick": "51.6% (44.0) // 52.5% (46.9) // 51.6% (44.0) // 51.6% (44.0)",
        "oppShots": "52.5% (32.6) // 52.7% (33.6) // 52.5% (32.6) // 52.5% (32.6)",
        "oppScoring": "53.0% (32.2) // 53.2% (32.5) // 53.0% (32.2) // 53.0% (32.2)",
        "oppCorsiAgainst": "48.6% (55.0) // 47.4% (55.1) // 48.6% (55.0) // 48.6% (55.0)",
        "oppFenwickAgainst": "48.4% (41.2) // 47.5% (42.4) // 48.4% (41.2) // 48.4% (41.2)",
        "oppShotsAgainst": "47.5% (29.5) // 47.3% (30.1) // 47.5% (29.5) // 47.5% (29.5)",
        "oppScoringAgainst": "47.0% (28.6) // 46.8% (28.6) // 47.0% (28.6) // 47.0% (28.6)",
        "savesPerGame": 28.4,
        "savesPerGameLast1": 25.0,
        "savesPerGameLast3": 30.0,
        "savesPerGameLast5": 29.2,
        "savesPer60": 29.6,
        "savesPer60Last1": 23.8,
        "savesPer60Last3": 28.9,
        "savesPer60Last5": 28.0,
        "shotsPerGame": 36.8,
        "shotsPerGameLast5": 34.2,
        "shotsAgainstPerGame": 31.7,
        "shotsAgainstPerGameLast5": 33.6,
        "oppSavesAgainstPer60": 30.6,
        "oppSavesAgainstPer60Last1": 25.0,
        "oppSavesAgainstPer60Last3": 30.8,
        "oppSavesAgainstPer60Last5": 26.8,
        "oppShotsAgainstPerGame": 29.8,
        "oppShotsAgainstPerGameLast5": 34.2,
        "savesProj": 29.6,
        "savesProjLast5": 25.2,
        "savesProjLast3": 29.6,
        "oppSavesAgainstProj": 30.2,
        "oppSavesAgainstProjLast5": 25.1,
        "oppSavesAgainstProjLast3": 30.2,
        "totalOver": 68,
        "totalOverLast5": 60,
        "totalOverLast15": 67,
        "lastTotalOver": 74,
        "last5": "0,1,1,0,1,0,2,3,1,3",
        "overOdds": "-195",
        "underOdds": "+160",
        "overUnder": "-195 / +160"
    },
    {
        "player": "Brad Marchand",
        "team": "BOS",
        "opponent": "FLA",
        "propType": "pts",
        "line": 0.5,
        "ppLine": "PP1",
        "avg": 0.92,
        "hit": false,
        "diffAvg": 0.84,
        "diffAbs": 1.0,
        "lastAvg": 1.04,
        "diff": 1.08,
        "avgMin": 18,
        "proj": 1.0,
        "lastAvgMin": 19.25,
        "oppOver": 0,
        "teamOver": 0,
        "gameLine": "-245",
        "+/-": "+25",
        "L5_+/-": -1.0,
        "prevMatchup": "2023-04-23 1.0 pts 2023-04-21 1.0 pts 2023-04-19 1.0 pts 2023-04-17 1.0 pts 2023-01-28 0.0 pts 2022-12-19 3.0 pts 2022-11-23 1.0 pts",
        "winLossSplits": "68% - 53%",
        "awayHome": "H",
        "playedYesterday": "N",
        "awayHomeSplits": "62% - 68%",
        "savesAboveExp": "-",
        "gsaa": 3.73,
        "corsi": "51.4% (58.2) // 52.6% (61.3) // 51.4% (58.2) // 51.4% (58.2)",
        "fenwick": "51.6% (44.0) // 52.5% (46.9) // 51.6% (44.0) // 51.6% (44.0)",
        "shots": "52.5% (32.6) // 52.7% (33.6) // 52.5% (32.6) // 52.5% (32.6)",
        "scoring": "53.0% (32.2) // 53.2% (32.5) // 53.0% (32.2) // 53.0% (32.2)",
        "corsiAgainst": "48.6% (55.0) // 47.4% (55.1) // 48.6% (55.0) // 48.6% (55.0)",
        "fenwickAgainst": "48.4% (41.2) // 47.5% (42.4) // 48.4% (41.2) // 48.4% (41.2)",
        "shotsAgainst": "47.5% (29.5) // 47.3% (30.1) // 47.5% (29.5) // 47.5% (29.5)",
        "scoringAgainst": "47.0% (28.6) // 46.8% (28.6) // 47.0% (28.6) // 47.0% (28.6)",
        "oppCorsi": "54.2% (66.3) // 52.5% (66.0) // 54.2% (66.3) // 54.2% (66.3)",
        "oppFenwick": "53.6% (49.9) // 52.0% (49.3) // 53.6% (49.9) // 53.6% (49.9)",
        "oppShots": "53.7% (36.5) // 51.9% (35.5) // 53.7% (36.5) // 53.7% (36.5)",
        "oppScoring": "54.6% (34.8) // 53.4% (34.0) // 54.6% (34.8) // 54.6% (34.8)",
        "oppCorsiAgainst": "45.8% (56.1) // 47.5% (59.7) // 45.8% (56.1) // 45.8% (56.1)",
        "oppFenwickAgainst": "46.4% (43.2) // 48.0% (45.5) // 46.4% (43.2) // 46.4% (43.2)",
        "oppShotsAgainst": "46.3% (31.5) // 48.1% (33.0) // 46.3% (31.5) // 46.3% (31.5)",
        "oppScoringAgainst": "45.4% (28.9) // 46.6% (29.7) // 45.4% (28.9) // 45.4% (28.9)",
        "savesPerGame": 27.7,
        "savesPerGameLast1": 42.0,
        "savesPerGameLast3": 31.7,
        "savesPerGameLast5": 31.2,
        "savesPer60": 29.3,
        "savesPer60Last1": 42.0,
        "savesPer60Last3": 31.4,
        "savesPer60Last5": 31.1,
        "shotsPerGame": 33.0,
        "shotsPerGameLast5": 30.6,
        "shotsAgainstPerGame": 29.8,
        "shotsAgainstPerGameLast5": 34.2,
        "oppSavesAgainstPer60": 34.8,
        "oppSavesAgainstPer60Last1": 43.2,
        "oppSavesAgainstPer60Last3": 31.4,
        "oppSavesAgainstPer60Last5": 31.1,
        "oppShotsAgainstPerGame": 31.7,
        "oppShotsAgainstPerGameLast5": 33.6,
        "savesProj": 33.0,
        "savesProjLast5": 32.8,
        "savesProjLast3": 33.6,
        "oppSavesAgainstProj": 33.1,
        "oppSavesAgainstProjLast5": 30.2,
        "oppSavesAgainstProjLast3": 28.6,
        "totalOver": 65,
        "totalOverLast5": 100,
        "totalOverLast15": 47,
        "lastTotalOver": 68,
        "last5": "1,1,1,1,1,3,0,0,0,0",
        "overOdds": "-180",
        "underOdds": "+145",
        "overUnder": "-180 / +145"
    },
    {
        "player": "Brandon Montour",
        "team": "FLA",
        "opponent": "BOS",
        "propType": "pts",
        "line": 0.5,
        "ppLine": "PP1",
        "avg": 0.92,
        "hit": false,
        "diffAvg": 0.84,
        "diffAbs": 0.0,
        "lastAvg": 0.41,
        "diff": -0.18,
        "avgMin": 24,
        "proj": 0.5,
        "lastAvgMin": 17.88,
        "oppOver": 0,
        "teamOver": 0,
        "gameLine": "+205",
        "+/-": "+9",
        "L5_+/-": "+4.0",
        "prevMatchup": "2023-04-23 2.0 pts 2023-04-21 0.0 pts 2023-04-19 2.0 pts 2023-04-17 0.0 pts 2023-01-28 1.0 pts 2022-12-19 1.0 pts 2022-11-23 1.0 pts",
        "winLossSplits": "71% - 55%",
        "awayHome": "A",
        "playedYesterday": "N",
        "awayHomeSplits": "64% - 62%",
        "savesAboveExp": 0.892,
        "gsaa": 48.51,
        "corsi": "54.2% (66.3) // 52.5% (66.0) // 54.2% (66.3) // 54.2% (66.3)",
        "fenwick": "53.6% (49.9) // 52.0% (49.3) // 53.6% (49.9) // 53.6% (49.9)",
        "shots": "53.7% (36.5) // 51.9% (35.5) // 53.7% (36.5) // 53.7% (36.5)",
        "scoring": "54.6% (34.8) // 53.4% (34.0) // 54.6% (34.8) // 54.6% (34.8)",
        "corsiAgainst": "45.8% (56.1) // 47.5% (59.7) // 45.8% (56.1) // 45.8% (56.1)",
        "fenwickAgainst": "46.4% (43.2) // 48.0% (45.5) // 46.4% (43.2) // 46.4% (43.2)",
        "shotsAgainst": "46.3% (31.5) // 48.1% (33.0) // 46.3% (31.5) // 46.3% (31.5)",
        "scoringAgainst": "45.4% (28.9) // 46.6% (29.7) // 45.4% (28.9) // 45.4% (28.9)",
        "oppCorsi": "51.4% (58.2) // 52.6% (61.3) // 51.4% (58.2) // 51.4% (58.2)",
        "oppFenwick": "51.6% (44.0) // 52.5% (46.9) // 51.6% (44.0) // 51.6% (44.0)",
        "oppShots": "52.5% (32.6) // 52.7% (33.6) // 52.5% (32.6) // 52.5% (32.6)",
        "oppScoring": "53.0% (32.2) // 53.2% (32.5) // 53.0% (32.2) // 53.0% (32.2)",
        "oppCorsiAgainst": "48.6% (55.0) // 47.4% (55.1) // 48.6% (55.0) // 48.6% (55.0)",
        "oppFenwickAgainst": "48.4% (41.2) // 47.5% (42.4) // 48.4% (41.2) // 48.4% (41.2)",
        "oppShotsAgainst": "47.5% (29.5) // 47.3% (30.1) // 47.5% (29.5) // 47.5% (29.5)",
        "oppScoringAgainst": "47.0% (28.6) // 46.8% (28.6) // 47.0% (28.6) // 47.0% (28.6)",
        "savesPerGame": 28.4,
        "savesPerGameLast1": 25.0,
        "savesPerGameLast3": 30.0,
        "savesPerGameLast5": 29.2,
        "savesPer60": 29.6,
        "savesPer60Last1": 23.8,
        "savesPer60Last3": 28.9,
        "savesPer60Last5": 28.0,
        "shotsPerGame": 36.8,
        "shotsPerGameLast5": 34.2,
        "shotsAgainstPerGame": 31.7,
        "shotsAgainstPerGameLast5": 33.6,
        "oppSavesAgainstPer60": 30.6,
        "oppSavesAgainstPer60Last1": 25.0,
        "oppSavesAgainstPer60Last3": 30.8,
        "oppSavesAgainstPer60Last5": 26.8,
        "oppShotsAgainstPerGame": 29.8,
        "oppShotsAgainstPerGameLast5": 34.2,
        "savesProj": 29.6,
        "savesProjLast5": 25.2,
        "savesProjLast3": 29.6,
        "oppSavesAgainstProj": 30.2,
        "oppSavesAgainstProjLast5": 25.1,
        "oppSavesAgainstProjLast3": 30.2,
        "totalOver": 63,
        "totalOverLast5": 40,
        "totalOverLast15": 60,
        "lastTotalOver": 33,
        "last5": "2,0,2,0,0,1,1,4,2,1",
        "overOdds": "-145",
        "underOdds": "+115",
        "overUnder": "-145 / +115"
    },
    {
        "player": "Carter Verhaeghe",
        "team": "FLA",
        "opponent": "BOS",
        "propType": "pts",
        "line": 0.5,
        "ppLine": "PP2",
        "avg": 0.88,
        "hit": false,
        "diffAvg": 0.76,
        "diffAbs": 0.4,
        "lastAvg": 0.62,
        "diff": 0.24,
        "avgMin": 17,
        "proj": 0.7,
        "lastAvgMin": 16.05,
        "oppOver": 0,
        "teamOver": 0,
        "gameLine": "+205",
        "+/-": "+11",
        "L5_+/-": "+1.0",
        "prevMatchup": "2023-04-23 1.0 pts 2023-04-21 0.0 pts 2023-04-19 1.0 pts 2023-04-17 0.0 pts 2023-01-28 0.0 pts 2022-12-19 2.0 pts 2022-11-23 0.0 pts 2022-10-17 0.0 pts",
        "winLossSplits": "62% - 53%",
        "awayHome": "A",
        "playedYesterday": "N",
        "awayHomeSplits": "56% - 60%",
        "savesAboveExp": 0.892,
        "gsaa": 48.51,
        "corsi": "54.2% (66.3) // 52.5% (66.0) // 54.2% (66.3) // 54.2% (66.3)",
        "fenwick": "53.6% (49.9) // 52.0% (49.3) // 53.6% (49.9) // 53.6% (49.9)",
        "shots": "53.7% (36.5) // 51.9% (35.5) // 53.7% (36.5) // 53.7% (36.5)",
        "scoring": "54.6% (34.8) // 53.4% (34.0) // 54.6% (34.8) // 54.6% (34.8)",
        "corsiAgainst": "45.8% (56.1) // 47.5% (59.7) // 45.8% (56.1) // 45.8% (56.1)",
        "fenwickAgainst": "46.4% (43.2) // 48.0% (45.5) // 46.4% (43.2) // 46.4% (43.2)",
        "shotsAgainst": "46.3% (31.5) // 48.1% (33.0) // 46.3% (31.5) // 46.3% (31.5)",
        "scoringAgainst": "45.4% (28.9) // 46.6% (29.7) // 45.4% (28.9) // 45.4% (28.9)",
        "oppCorsi": "51.4% (58.2) // 52.6% (61.3) // 51.4% (58.2) // 51.4% (58.2)",
        "oppFenwick": "51.6% (44.0) // 52.5% (46.9) // 51.6% (44.0) // 51.6% (44.0)",
        "oppShots": "52.5% (32.6) // 52.7% (33.6) // 52.5% (32.6) // 52.5% (32.6)",
        "oppScoring": "53.0% (32.2) // 53.2% (32.5) // 53.0% (32.2) // 53.0% (32.2)",
        "oppCorsiAgainst": "48.6% (55.0) // 47.4% (55.1) // 48.6% (55.0) // 48.6% (55.0)",
        "oppFenwickAgainst": "48.4% (41.2) // 47.5% (42.4) // 48.4% (41.2) // 48.4% (41.2)",
        "oppShotsAgainst": "47.5% (29.5) // 47.3% (30.1) // 47.5% (29.5) // 47.5% (29.5)",
        "oppScoringAgainst": "47.0% (28.6) // 46.8% (28.6) // 47.0% (28.6) // 47.0% (28.6)",
        "savesPerGame": 28.4,
        "savesPerGameLast1": 25.0,
        "savesPerGameLast3": 30.0,
        "savesPerGameLast5": 29.2,
        "savesPer60": 29.6,
        "savesPer60Last1": 23.8,
        "savesPer60Last3": 28.9,
        "savesPer60Last5": 28.0,
        "shotsPerGame": 36.8,
        "shotsPerGameLast5": 34.2,
        "shotsAgainstPerGame": 31.7,
        "shotsAgainstPerGameLast5": 33.6,
        "oppSavesAgainstPer60": 30.6,
        "oppSavesAgainstPer60Last1": 25.0,
        "oppSavesAgainstPer60Last3": 30.8,
        "oppSavesAgainstPer60Last5": 26.8,
        "oppShotsAgainstPerGame": 29.8,
        "oppShotsAgainstPerGameLast5": 34.2,
        "savesProj": 29.6,
        "savesProjLast5": 25.2,
        "savesProjLast3": 29.6,
        "oppSavesAgainstProj": 30.2,
        "oppSavesAgainstProjLast5": 25.1,
        "oppSavesAgainstProjLast3": 30.2,
        "totalOver": 58,
        "totalOverLast5": 60,
        "totalOverLast15": 47,
        "lastTotalOver": 53,
        "last5": "1,0,1,0,1,1,1,0,0,4",
        "overOdds": "-130",
        "underOdds": "+100",
        "overUnder": "-130 / +100"
    },
    {
        "player": "David Pastrnak",
        "team": "BOS",
        "opponent": "FLA",
        "propType": "pts",
        "line": 1.5,
        "ppLine": "PP1",
        "avg": 1.33,
        "hit": false,
        "diffAvg": -0.11,
        "diffAbs": 0.33,
        "lastAvg": 0.97,
        "diff": -0.35,
        "avgMin": 19,
        "proj": 1.0,
        "lastAvgMin": 18.6,
        "oppOver": 0,
        "teamOver": 0,
        "gameLine": "-245",
        "+/-": "+33",
        "L5_+/-": 0.0,
        "prevMatchup": "2023-04-23 0.0 pts 2023-04-21 1.0 pts 2023-04-19 0.0 pts 2023-04-17 1.0 pts 2023-01-28 1.0 pts 2022-12-19 1.0 pts 2022-11-23 1.0 pts 2022-10-17 1.0 pts",
        "winLossSplits": "43% - 22%",
        "awayHome": "H",
        "playedYesterday": "N",
        "awayHomeSplits": "35% - 42%",
        "savesAboveExp": "-",
        "gsaa": 3.73,
        "corsi": "51.4% (58.2) // 52.6% (61.3) // 51.4% (58.2) // 51.4% (58.2)",
        "fenwick": "51.6% (44.0) // 52.5% (46.9) // 51.6% (44.0) // 51.6% (44.0)",
        "shots": "52.5% (32.6) // 52.7% (33.6) // 52.5% (32.6) // 52.5% (32.6)",
        "scoring": "53.0% (32.2) // 53.2% (32.5) // 53.0% (32.2) // 53.0% (32.2)",
        "corsiAgainst": "48.6% (55.0) // 47.4% (55.1) // 48.6% (55.0) // 48.6% (55.0)",
        "fenwickAgainst": "48.4% (41.2) // 47.5% (42.4) // 48.4% (41.2) // 48.4% (41.2)",
        "shotsAgainst": "47.5% (29.5) // 47.3% (30.1) // 47.5% (29.5) // 47.5% (29.5)",
        "scoringAgainst": "47.0% (28.6) // 46.8% (28.6) // 47.0% (28.6) // 47.0% (28.6)",
        "oppCorsi": "54.2% (66.3) // 52.5% (66.0) // 54.2% (66.3) // 54.2% (66.3)",
        "oppFenwick": "53.6% (49.9) // 52.0% (49.3) // 53.6% (49.9) // 53.6% (49.9)",
        "oppShots": "53.7% (36.5) // 51.9% (35.5) // 53.7% (36.5) // 53.7% (36.5)",
        "oppScoring": "54.6% (34.8) // 53.4% (34.0) // 54.6% (34.8) // 54.6% (34.8)",
        "oppCorsiAgainst": "45.8% (56.1) // 47.5% (59.7) // 45.8% (56.1) // 45.8% (56.1)",
        "oppFenwickAgainst": "46.4% (43.2) // 48.0% (45.5) // 46.4% (43.2) // 46.4% (43.2)",
        "oppShotsAgainst": "46.3% (31.5) // 48.1% (33.0) // 46.3% (31.5) // 46.3% (31.5)",
        "oppScoringAgainst": "45.4% (28.9) // 46.6% (29.7) // 45.4% (28.9) // 45.4% (28.9)",
        "savesPerGame": 27.7,
        "savesPerGameLast1": 42.0,
        "savesPerGameLast3": 31.7,
        "savesPerGameLast5": 31.2,
        "savesPer60": 29.3,
        "savesPer60Last1": 42.0,
        "savesPer60Last3": 31.4,
        "savesPer60Last5": 31.1,
        "shotsPerGame": 33.0,
        "shotsPerGameLast5": 30.6,
        "shotsAgainstPerGame": 29.8,
        "shotsAgainstPerGameLast5": 34.2,
        "oppSavesAgainstPer60": 34.8,
        "oppSavesAgainstPer60Last1": 43.2,
        "oppSavesAgainstPer60Last3": 31.4,
        "oppSavesAgainstPer60Last5": 31.1,
        "oppShotsAgainstPerGame": 31.7,
        "oppShotsAgainstPerGameLast5": 33.6,
        "savesProj": 33.0,
        "savesProjLast5": 32.8,
        "savesProjLast3": 33.6,
        "oppSavesAgainstProj": 33.1,
        "oppSavesAgainstProjLast5": 30.2,
        "oppSavesAgainstProjLast3": 28.6,
        "totalOver": 38,
        "totalOverLast5": 20,
        "totalOverLast15": 33,
        "lastTotalOver": 31,
        "last5": "0,1,0,1,2,2,4,1,1,1",
        "overOdds": "+170",
        "underOdds": "-210",
        "overUnder": "+170 / -210"
    },
    {
        "player": "Gustav Forsling",
        "team": "FLA",
        "opponent": "BOS",
        "propType": "pts",
        "line": 0.5,
        "ppLine": "PP2",
        "avg": 0.5,
        "hit": false,
        "diffAvg": 0.0,
        "diffAbs": 0.0,
        "lastAvg": 0.46,
        "diff": -0.08,
        "avgMin": 23,
        "proj": 0.5,
        "lastAvgMin": 21.22,
        "oppOver": 0,
        "teamOver": 0,
        "gameLine": "+205",
        "+/-": "+18",
        "L5_+/-": -1.0,
        "prevMatchup": "2023-04-23 0.0 pts 2023-04-21 1.0 pts 2023-04-19 1.0 pts 2023-04-17 0.0 pts 2023-01-28 0.0 pts 2022-12-19 1.0 pts 2022-11-23 0.0 pts 2022-10-17 2.0 pts",
        "winLossSplits": "51% - 35%",
        "awayHome": "A",
        "playedYesterday": "N",
        "awayHomeSplits": "44% - 42%",
        "savesAboveExp": 0.892,
        "gsaa": 48.51,
        "corsi": "54.2% (66.3) // 52.5% (66.0) // 54.2% (66.3) // 54.2% (66.3)",
        "fenwick": "53.6% (49.9) // 52.0% (49.3) // 53.6% (49.9) // 53.6% (49.9)",
        "shots": "53.7% (36.5) // 51.9% (35.5) // 53.7% (36.5) // 53.7% (36.5)",
        "scoring": "54.6% (34.8) // 53.4% (34.0) // 54.6% (34.8) // 54.6% (34.8)",
        "corsiAgainst": "45.8% (56.1) // 47.5% (59.7) // 45.8% (56.1) // 45.8% (56.1)",
        "fenwickAgainst": "46.4% (43.2) // 48.0% (45.5) // 46.4% (43.2) // 46.4% (43.2)",
        "shotsAgainst": "46.3% (31.5) // 48.1% (33.0) // 46.3% (31.5) // 46.3% (31.5)",
        "scoringAgainst": "45.4% (28.9) // 46.6% (29.7) // 45.4% (28.9) // 45.4% (28.9)",
        "oppCorsi": "51.4% (58.2) // 52.6% (61.3) // 51.4% (58.2) // 51.4% (58.2)",
        "oppFenwick": "51.6% (44.0) // 52.5% (46.9) // 51.6% (44.0) // 51.6% (44.0)",
        "oppShots": "52.5% (32.6) // 52.7% (33.6) // 52.5% (32.6) // 52.5% (32.6)",
        "oppScoring": "53.0% (32.2) // 53.2% (32.5) // 53.0% (32.2) // 53.0% (32.2)",
        "oppCorsiAgainst": "48.6% (55.0) // 47.4% (55.1) // 48.6% (55.0) // 48.6% (55.0)",
        "oppFenwickAgainst": "48.4% (41.2) // 47.5% (42.4) // 48.4% (41.2) // 48.4% (41.2)",
        "oppShotsAgainst": "47.5% (29.5) // 47.3% (30.1) // 47.5% (29.5) // 47.5% (29.5)",
        "oppScoringAgainst": "47.0% (28.6) // 46.8% (28.6) // 47.0% (28.6) // 47.0% (28.6)",
        "savesPerGame": 28.4,
        "savesPerGameLast1": 25.0,
        "savesPerGameLast3": 30.0,
        "savesPerGameLast5": 29.2,
        "savesPer60": 29.6,
        "savesPer60Last1": 23.8,
        "savesPer60Last3": 28.9,
        "savesPer60Last5": 28.0,
        "shotsPerGame": 36.8,
        "shotsPerGameLast5": 34.2,
        "shotsAgainstPerGame": 31.7,
        "shotsAgainstPerGameLast5": 33.6,
        "oppSavesAgainstPer60": 30.6,
        "oppSavesAgainstPer60Last1": 25.0,
        "oppSavesAgainstPer60Last3": 30.8,
        "oppSavesAgainstPer60Last5": 26.8,
        "oppShotsAgainstPerGame": 29.8,
        "oppShotsAgainstPerGameLast5": 34.2,
        "savesProj": 29.6,
        "savesProjLast5": 25.2,
        "savesProjLast3": 29.6,
        "oppSavesAgainstProj": 30.2,
        "oppSavesAgainstProjLast5": 25.1,
        "oppSavesAgainstProjLast3": 30.2,
        "totalOver": 43,
        "totalOverLast5": 40,
        "totalOverLast15": 40,
        "lastTotalOver": 36,
        "last5": "0,1,1,0,0,0,0,2,0,1",
        "overOdds": "+155",
        "underOdds": "-190",
        "overUnder": "+155 / -190"
    },
    {
        "player": "Jake Debrusk",
        "team": "BOS",
        "opponent": "FLA",
        "propType": "pts",
        "line": 0.5,
        "ppLine": "PP2",
        "avg": 0.81,
        "hit": false,
        "diffAvg": 0.62,
        "diffAbs": 0.0,
        "lastAvg": 0.5,
        "diff": 0.0,
        "avgMin": 16,
        "proj": 0.5,
        "lastAvgMin": 15.03,
        "oppOver": 0,
        "teamOver": 0,
        "gameLine": "-245",
        "+/-": "+26",
        "L5_+/-": "+2.0",
        "prevMatchup": "2023-04-23 2.0 pts 2023-04-21 2.0 pts 2023-04-19 0.0 pts 2023-04-17 1.0 pts 2022-12-19 0.0 pts 2022-11-23 1.0 pts 2022-10-17 3.0 pts",
        "winLossSplits": "60% - 54%",
        "awayHome": "H",
        "playedYesterday": "N",
        "awayHomeSplits": "71% - 49%",
        "savesAboveExp": "-",
        "gsaa": 3.73,
        "corsi": "51.4% (58.2) // 52.6% (61.3) // 51.4% (58.2) // 51.4% (58.2)",
        "fenwick": "51.6% (44.0) // 52.5% (46.9) // 51.6% (44.0) // 51.6% (44.0)",
        "shots": "52.5% (32.6) // 52.7% (33.6) // 52.5% (32.6) // 52.5% (32.6)",
        "scoring": "53.0% (32.2) // 53.2% (32.5) // 53.0% (32.2) // 53.0% (32.2)",
        "corsiAgainst": "48.6% (55.0) // 47.4% (55.1) // 48.6% (55.0) // 48.6% (55.0)",
        "fenwickAgainst": "48.4% (41.2) // 47.5% (42.4) // 48.4% (41.2) // 48.4% (41.2)",
        "shotsAgainst": "47.5% (29.5) // 47.3% (30.1) // 47.5% (29.5) // 47.5% (29.5)",
        "scoringAgainst": "47.0% (28.6) // 46.8% (28.6) // 47.0% (28.6) // 47.0% (28.6)",
        "oppCorsi": "54.2% (66.3) // 52.5% (66.0) // 54.2% (66.3) // 54.2% (66.3)",
        "oppFenwick": "53.6% (49.9) // 52.0% (49.3) // 53.6% (49.9) // 53.6% (49.9)",
        "oppShots": "53.7% (36.5) // 51.9% (35.5) // 53.7% (36.5) // 53.7% (36.5)",
        "oppScoring": "54.6% (34.8) // 53.4% (34.0) // 54.6% (34.8) // 54.6% (34.8)",
        "oppCorsiAgainst": "45.8% (56.1) // 47.5% (59.7) // 45.8% (56.1) // 45.8% (56.1)",
        "oppFenwickAgainst": "46.4% (43.2) // 48.0% (45.5) // 46.4% (43.2) // 46.4% (43.2)",
        "oppShotsAgainst": "46.3% (31.5) // 48.1% (33.0) // 46.3% (31.5) // 46.3% (31.5)",
        "oppScoringAgainst": "45.4% (28.9) // 46.6% (29.7) // 45.4% (28.9) // 45.4% (28.9)",
        "savesPerGame": 27.7,
        "savesPerGameLast1": 42.0,
        "savesPerGameLast3": 31.7,
        "savesPerGameLast5": 31.2,
        "savesPer60": 29.3,
        "savesPer60Last1": 42.0,
        "savesPer60Last3": 31.4,
        "savesPer60Last5": 31.1,
        "shotsPerGame": 33.0,
        "shotsPerGameLast5": 30.6,
        "shotsAgainstPerGame": 29.8,
        "shotsAgainstPerGameLast5": 34.2,
        "oppSavesAgainstPer60": 34.8,
        "oppSavesAgainstPer60Last1": 43.2,
        "oppSavesAgainstPer60Last3": 31.4,
        "oppSavesAgainstPer60Last5": 31.1,
        "oppShotsAgainstPerGame": 31.7,
        "oppShotsAgainstPerGameLast5": 33.6,
        "savesProj": 33.0,
        "savesProjLast5": 32.8,
        "savesProjLast3": 33.6,
        "oppSavesAgainstProj": 33.1,
        "oppSavesAgainstProjLast5": 30.2,
        "oppSavesAgainstProjLast3": 28.6,
        "totalOver": 59,
        "totalOverLast5": 80,
        "totalOverLast15": 47,
        "lastTotalOver": 40,
        "last5": "2,2,0,1,1,1,0,0,0,1",
        "overOdds": "-125",
        "underOdds": "-105",
        "overUnder": "-125 / -105"
    },
    {
        "player": "Matthew Tkachuk",
        "team": "FLA",
        "opponent": "BOS",
        "propType": "pts",
        "line": 1.5,
        "ppLine": "PP1",
        "avg": 1.37,
        "hit": false,
        "diffAvg": -0.09,
        "diffAbs": 0.2,
        "lastAvg": 1.11,
        "diff": -0.26,
        "avgMin": 20,
        "proj": 1.2,
        "lastAvgMin": 17.88,
        "oppOver": 0,
        "teamOver": 0,
        "gameLine": "+205",
        "+/-": "+31",
        "L5_+/-": "+5.0",
        "prevMatchup": "2023-04-23 2.0 pts 2023-04-21 0.0 pts 2023-04-19 2.0 pts 2023-04-17 1.0 pts 2023-01-28 2.0 pts 2022-12-19 0.0 pts 2022-11-23 2.0 pts 2022-10-17 1.0 pts",
        "winLossSplits": "63% - 24%",
        "awayHome": "A",
        "playedYesterday": "N",
        "awayHomeSplits": "33% - 54%",
        "savesAboveExp": 0.892,
        "gsaa": 48.51,
        "corsi": "54.2% (66.3) // 52.5% (66.0) // 54.2% (66.3) // 54.2% (66.3)",
        "fenwick": "53.6% (49.9) // 52.0% (49.3) // 53.6% (49.9) // 53.6% (49.9)",
        "shots": "53.7% (36.5) // 51.9% (35.5) // 53.7% (36.5) // 53.7% (36.5)",
        "scoring": "54.6% (34.8) // 53.4% (34.0) // 54.6% (34.8) // 54.6% (34.8)",
        "corsiAgainst": "45.8% (56.1) // 47.5% (59.7) // 45.8% (56.1) // 45.8% (56.1)",
        "fenwickAgainst": "46.4% (43.2) // 48.0% (45.5) // 46.4% (43.2) // 46.4% (43.2)",
        "shotsAgainst": "46.3% (31.5) // 48.1% (33.0) // 46.3% (31.5) // 46.3% (31.5)",
        "scoringAgainst": "45.4% (28.9) // 46.6% (29.7) // 45.4% (28.9) // 45.4% (28.9)",
        "oppCorsi": "51.4% (58.2) // 52.6% (61.3) // 51.4% (58.2) // 51.4% (58.2)",
        "oppFenwick": "51.6% (44.0) // 52.5% (46.9) // 51.6% (44.0) // 51.6% (44.0)",
        "oppShots": "52.5% (32.6) // 52.7% (33.6) // 52.5% (32.6) // 52.5% (32.6)",
        "oppScoring": "53.0% (32.2) // 53.2% (32.5) // 53.0% (32.2) // 53.0% (32.2)",
        "oppCorsiAgainst": "48.6% (55.0) // 47.4% (55.1) // 48.6% (55.0) // 48.6% (55.0)",
        "oppFenwickAgainst": "48.4% (41.2) // 47.5% (42.4) // 48.4% (41.2) // 48.4% (41.2)",
        "oppShotsAgainst": "47.5% (29.5) // 47.3% (30.1) // 47.5% (29.5) // 47.5% (29.5)",
        "oppScoringAgainst": "47.0% (28.6) // 46.8% (28.6) // 47.0% (28.6) // 47.0% (28.6)",
        "savesPerGame": 28.4,
        "savesPerGameLast1": 25.0,
        "savesPerGameLast3": 30.0,
        "savesPerGameLast5": 29.2,
        "savesPer60": 29.6,
        "savesPer60Last1": 23.8,
        "savesPer60Last3": 28.9,
        "savesPer60Last5": 28.0,
        "shotsPerGame": 36.8,
        "shotsPerGameLast5": 34.2,
        "shotsAgainstPerGame": 31.7,
        "shotsAgainstPerGameLast5": 33.6,
        "oppSavesAgainstPer60": 30.6,
        "oppSavesAgainstPer60Last1": 25.0,
        "oppSavesAgainstPer60Last3": 30.8,
        "oppSavesAgainstPer60Last5": 26.8,
        "oppShotsAgainstPerGame": 29.8,
        "oppShotsAgainstPerGameLast5": 34.2,
        "savesProj": 29.6,
        "savesProjLast5": 25.2,
        "savesProjLast3": 29.6,
        "oppSavesAgainstProj": 30.2,
        "oppSavesAgainstProjLast5": 25.1,
        "oppSavesAgainstProjLast3": 30.2,
        "totalOver": 43,
        "totalOverLast5": 40,
        "totalOverLast15": 33,
        "lastTotalOver": 29,
        "last5": "2,0,2,1,1,0,3,2,1,1",
        "overOdds": "+185",
        "underOdds": "-230",
        "overUnder": "+185 / -230"
    },
    {
        "player": "Patrice Bergeron",
        "team": "BOS",
        "opponent": "FLA",
        "propType": "pts",
        "line": 0.5,
        "ppLine": "PP1",
        "avg": 0.74,
        "hit": false,
        "diffAvg": 0.48,
        "diffAbs": 0.6,
        "lastAvg": 0.8,
        "diff": 0.6,
        "avgMin": 17,
        "proj": 0.8,
        "lastAvgMin": 18.17,
        "oppOver": 0,
        "teamOver": 0,
        "gameLine": "-245",
        "+/-": "+35",
        "L5_+/-": "+6.0",
        "prevMatchup": "2023-01-28 0.0 pts 2022-12-19 4.0 pts 2022-11-23 0.0 pts 2022-10-17 2.0 pts",
        "winLossSplits": "64% - 24%",
        "awayHome": "H",
        "playedYesterday": "N",
        "awayHomeSplits": "54% - 56%",
        "savesAboveExp": "-",
        "gsaa": 3.73,
        "corsi": "51.4% (58.2) // 52.6% (61.3) // 51.4% (58.2) // 51.4% (58.2)",
        "fenwick": "51.6% (44.0) // 52.5% (46.9) // 51.6% (44.0) // 51.6% (44.0)",
        "shots": "52.5% (32.6) // 52.7% (33.6) // 52.5% (32.6) // 52.5% (32.6)",
        "scoring": "53.0% (32.2) // 53.2% (32.5) // 53.0% (32.2) // 53.0% (32.2)",
        "corsiAgainst": "48.6% (55.0) // 47.4% (55.1) // 48.6% (55.0) // 48.6% (55.0)",
        "fenwickAgainst": "48.4% (41.2) // 47.5% (42.4) // 48.4% (41.2) // 48.4% (41.2)",
        "shotsAgainst": "47.5% (29.5) // 47.3% (30.1) // 47.5% (29.5) // 47.5% (29.5)",
        "scoringAgainst": "47.0% (28.6) // 46.8% (28.6) // 47.0% (28.6) // 47.0% (28.6)",
        "oppCorsi": "54.2% (66.3) // 52.5% (66.0) // 54.2% (66.3) // 54.2% (66.3)",
        "oppFenwick": "53.6% (49.9) // 52.0% (49.3) // 53.6% (49.9) // 53.6% (49.9)",
        "oppShots": "53.7% (36.5) // 51.9% (35.5) // 53.7% (36.5) // 53.7% (36.5)",
        "oppScoring": "54.6% (34.8) // 53.4% (34.0) // 54.6% (34.8) // 54.6% (34.8)",
        "oppCorsiAgainst": "45.8% (56.1) // 47.5% (59.7) // 45.8% (56.1) // 45.8% (56.1)",
        "oppFenwickAgainst": "46.4% (43.2) // 48.0% (45.5) // 46.4% (43.2) // 46.4% (43.2)",
        "oppShotsAgainst": "46.3% (31.5) // 48.1% (33.0) // 46.3% (31.5) // 46.3% (31.5)",
        "oppScoringAgainst": "45.4% (28.9) // 46.6% (29.7) // 45.4% (28.9) // 45.4% (28.9)",
        "savesPerGame": 27.7,
        "savesPerGameLast1": 42.0,
        "savesPerGameLast3": 31.7,
        "savesPerGameLast5": 31.2,
        "savesPer60": 29.3,
        "savesPer60Last1": 42.0,
        "savesPer60Last3": 31.4,
        "savesPer60Last5": 31.1,
        "shotsPerGame": 33.0,
        "shotsPerGameLast5": 30.6,
        "shotsAgainstPerGame": 29.8,
        "shotsAgainstPerGameLast5": 34.2,
        "oppSavesAgainstPer60": 34.8,
        "oppSavesAgainstPer60Last1": 43.2,
        "oppSavesAgainstPer60Last3": 31.4,
        "oppSavesAgainstPer60Last5": 31.1,
        "oppShotsAgainstPerGame": 31.7,
        "oppShotsAgainstPerGameLast5": 33.6,
        "savesProj": 33.0,
        "savesProjLast5": 32.8,
        "savesProjLast3": 33.6,
        "oppSavesAgainstProj": 33.1,
        "oppSavesAgainstProjLast5": 30.2,
        "oppSavesAgainstProjLast3": 28.6,
        "totalOver": 55,
        "totalOverLast5": 20,
        "totalOverLast15": 40,
        "lastTotalOver": 57,
        "last5": "0,1,0,0,0,0,1,1,1,3",
        "overOdds": "-110",
        "underOdds": "-120",
        "overUnder": "-110 / -120"
    },
    {
        "player": "Sam Bennett",
        "team": "FLA",
        "opponent": "BOS",
        "propType": "pts",
        "line": 0.5,
        "ppLine": "PP2",
        "avg": 0.65,
        "hit": false,
        "diffAvg": 0.3,
        "diffAbs": 0.2,
        "lastAvg": 0.6,
        "diff": 0.2,
        "avgMin": 17,
        "proj": 0.6,
        "lastAvgMin": 16.93,
        "oppOver": 0,
        "teamOver": 0,
        "gameLine": "+205",
        "+/-": "+6",
        "L5_+/-": "+7.0",
        "prevMatchup": "2023-04-23 1.0 pts 2023-04-21 1.0 pts 2023-04-19 1.0 pts 2023-01-28 1.0 pts 2022-12-19 0.0 pts 2022-11-23 0.0 pts 2022-10-17 2.0 pts",
        "winLossSplits": "50% - 34%",
        "awayHome": "A",
        "playedYesterday": "N",
        "awayHomeSplits": "34% - 50%",
        "savesAboveExp": 0.892,
        "gsaa": 48.51,
        "corsi": "54.2% (66.3) // 52.5% (66.0) // 54.2% (66.3) // 54.2% (66.3)",
        "fenwick": "53.6% (49.9) // 52.0% (49.3) // 53.6% (49.9) // 53.6% (49.9)",
        "shots": "53.7% (36.5) // 51.9% (35.5) // 53.7% (36.5) // 53.7% (36.5)",
        "scoring": "54.6% (34.8) // 53.4% (34.0) // 54.6% (34.8) // 54.6% (34.8)",
        "corsiAgainst": "45.8% (56.1) // 47.5% (59.7) // 45.8% (56.1) // 45.8% (56.1)",
        "fenwickAgainst": "46.4% (43.2) // 48.0% (45.5) // 46.4% (43.2) // 46.4% (43.2)",
        "shotsAgainst": "46.3% (31.5) // 48.1% (33.0) // 46.3% (31.5) // 46.3% (31.5)",
        "scoringAgainst": "45.4% (28.9) // 46.6% (29.7) // 45.4% (28.9) // 45.4% (28.9)",
        "oppCorsi": "51.4% (58.2) // 52.6% (61.3) // 51.4% (58.2) // 51.4% (58.2)",
        "oppFenwick": "51.6% (44.0) // 52.5% (46.9) // 51.6% (44.0) // 51.6% (44.0)",
        "oppShots": "52.5% (32.6) // 52.7% (33.6) // 52.5% (32.6) // 52.5% (32.6)",
        "oppScoring": "53.0% (32.2) // 53.2% (32.5) // 53.0% (32.2) // 53.0% (32.2)",
        "oppCorsiAgainst": "48.6% (55.0) // 47.4% (55.1) // 48.6% (55.0) // 48.6% (55.0)",
        "oppFenwickAgainst": "48.4% (41.2) // 47.5% (42.4) // 48.4% (41.2) // 48.4% (41.2)",
        "oppShotsAgainst": "47.5% (29.5) // 47.3% (30.1) // 47.5% (29.5) // 47.5% (29.5)",
        "oppScoringAgainst": "47.0% (28.6) // 46.8% (28.6) // 47.0% (28.6) // 47.0% (28.6)",
        "savesPerGame": 28.4,
        "savesPerGameLast1": 25.0,
        "savesPerGameLast3": 30.0,
        "savesPerGameLast5": 29.2,
        "savesPer60": 29.6,
        "savesPer60Last1": 23.8,
        "savesPer60Last3": 28.9,
        "savesPer60Last5": 28.0,
        "shotsPerGame": 36.8,
        "shotsPerGameLast5": 34.2,
        "shotsAgainstPerGame": 31.7,
        "shotsAgainstPerGameLast5": 33.6,
        "oppSavesAgainstPer60": 30.6,
        "oppSavesAgainstPer60Last1": 25.0,
        "oppSavesAgainstPer60Last3": 30.8,
        "oppSavesAgainstPer60Last5": 26.8,
        "oppShotsAgainstPerGame": 29.8,
        "oppShotsAgainstPerGameLast5": 34.2,
        "savesProj": 29.6,
        "savesProjLast5": 25.2,
        "savesProjLast3": 29.6,
        "oppSavesAgainstProj": 30.2,
        "oppSavesAgainstProjLast5": 25.1,
        "oppSavesAgainstProjLast3": 30.2,
        "totalOver": 42,
        "totalOverLast5": 80,
        "totalOverLast15": 53,
        "lastTotalOver": 44,
        "last5": "1,1,1,2,0,1,0,1,0,1",
        "overOdds": "+110",
        "underOdds": "-140",
        "overUnder": "+110 / -140"
    },
    {
        "player": "Sam Reinhart",
        "team": "FLA",
        "opponent": "BOS",
        "propType": "pts",
        "line": 0.5,
        "ppLine": "PP1",
        "avg": 0.8,
        "hit": false,
        "diffAvg": 0.6,
        "diffAbs": 1.0,
        "lastAvg": 0.93,
        "diff": 0.86,
        "avgMin": 19,
        "proj": 1.0,
        "lastAvgMin": 17.75,
        "oppOver": 0,
        "teamOver": 0,
        "gameLine": "+205",
        "+/-": -12,
        "L5_+/-": "+4.0",
        "prevMatchup": "2023-04-23 0.0 pts 2023-04-21 1.0 pts 2023-04-19 1.0 pts 2023-04-17 0.0 pts 2023-01-28 1.0 pts 2022-12-19 2.0 pts 2022-11-23 2.0 pts 2022-10-17 0.0 pts",
        "winLossSplits": "65% - 44%",
        "awayHome": "A",
        "playedYesterday": "N",
        "awayHomeSplits": "58% - 51%",
        "savesAboveExp": 0.892,
        "gsaa": 48.51,
        "corsi": "54.2% (66.3) // 52.5% (66.0) // 54.2% (66.3) // 54.2% (66.3)",
        "fenwick": "53.6% (49.9) // 52.0% (49.3) // 53.6% (49.9) // 53.6% (49.9)",
        "shots": "53.7% (36.5) // 51.9% (35.5) // 53.7% (36.5) // 53.7% (36.5)",
        "scoring": "54.6% (34.8) // 53.4% (34.0) // 54.6% (34.8) // 54.6% (34.8)",
        "corsiAgainst": "45.8% (56.1) // 47.5% (59.7) // 45.8% (56.1) // 45.8% (56.1)",
        "fenwickAgainst": "46.4% (43.2) // 48.0% (45.5) // 46.4% (43.2) // 46.4% (43.2)",
        "shotsAgainst": "46.3% (31.5) // 48.1% (33.0) // 46.3% (31.5) // 46.3% (31.5)",
        "scoringAgainst": "45.4% (28.9) // 46.6% (29.7) // 45.4% (28.9) // 45.4% (28.9)",
        "oppCorsi": "51.4% (58.2) // 52.6% (61.3) // 51.4% (58.2) // 51.4% (58.2)",
        "oppFenwick": "51.6% (44.0) // 52.5% (46.9) // 51.6% (44.0) // 51.6% (44.0)",
        "oppShots": "52.5% (32.6) // 52.7% (33.6) // 52.5% (32.6) // 52.5% (32.6)",
        "oppScoring": "53.0% (32.2) // 53.2% (32.5) // 53.0% (32.2) // 53.0% (32.2)",
        "oppCorsiAgainst": "48.6% (55.0) // 47.4% (55.1) // 48.6% (55.0) // 48.6% (55.0)",
        "oppFenwickAgainst": "48.4% (41.2) // 47.5% (42.4) // 48.4% (41.2) // 48.4% (41.2)",
        "oppShotsAgainst": "47.5% (29.5) // 47.3% (30.1) // 47.5% (29.5) // 47.5% (29.5)",
        "oppScoringAgainst": "47.0% (28.6) // 46.8% (28.6) // 47.0% (28.6) // 47.0% (28.6)",
        "savesPerGame": 28.4,
        "savesPerGameLast1": 25.0,
        "savesPerGameLast3": 30.0,
        "savesPerGameLast5": 29.2,
        "savesPer60": 29.6,
        "savesPer60Last1": 23.8,
        "savesPer60Last3": 28.9,
        "savesPer60Last5": 28.0,
        "shotsPerGame": 36.8,
        "shotsPerGameLast5": 34.2,
        "shotsAgainstPerGame": 31.7,
        "shotsAgainstPerGameLast5": 33.6,
        "oppSavesAgainstPer60": 30.6,
        "oppSavesAgainstPer60Last1": 25.0,
        "oppSavesAgainstPer60Last3": 30.8,
        "oppSavesAgainstPer60Last5": 26.8,
        "oppShotsAgainstPerGame": 29.8,
        "oppShotsAgainstPerGameLast5": 34.2,
        "savesProj": 29.6,
        "savesProjLast5": 25.2,
        "savesProjLast3": 29.6,
        "oppSavesAgainstProj": 30.2,
        "oppSavesAgainstProjLast5": 25.1,
        "oppSavesAgainstProjLast3": 30.2,
        "totalOver": 55,
        "totalOverLast5": 60,
        "totalOverLast15": 60,
        "lastTotalOver": 64,
        "last5": "0,1,1,0,1,0,2,2,0,3",
        "overOdds": "-135",
        "underOdds": "+105",
        "overUnder": "-135 / +105"
    },
    {
        "player": "Taylor Hall",
        "team": "BOS",
        "opponent": "FLA",
        "propType": "pts",
        "line": 0.5,
        "ppLine": "PP2",
        "avg": 0.68,
        "hit": false,
        "diffAvg": 0.36,
        "diffAbs": 0.2,
        "lastAvg": 0.69,
        "diff": 0.38,
        "avgMin": 15,
        "proj": 0.6,
        "lastAvgMin": 16.4,
        "oppOver": 0,
        "teamOver": 0,
        "gameLine": "-245",
        "+/-": "+14",
        "L5_+/-": "+1.0",
        "prevMatchup": "2023-04-23 4.0 pts 2023-04-21 2.0 pts 2023-04-19 1.0 pts 2023-04-17 0.0 pts 2023-01-28 0.0 pts 2022-12-19 2.0 pts 2022-11-23 0.0 pts 2022-10-17 0.0 pts",
        "winLossSplits": "53% - 36%",
        "awayHome": "H",
        "playedYesterday": "N",
        "awayHomeSplits": "47% - 52%",
        "savesAboveExp": "-",
        "gsaa": 3.73,
        "corsi": "51.4% (58.2) // 52.6% (61.3) // 51.4% (58.2) // 51.4% (58.2)",
        "fenwick": "51.6% (44.0) // 52.5% (46.9) // 51.6% (44.0) // 51.6% (44.0)",
        "shots": "52.5% (32.6) // 52.7% (33.6) // 52.5% (32.6) // 52.5% (32.6)",
        "scoring": "53.0% (32.2) // 53.2% (32.5) // 53.0% (32.2) // 53.0% (32.2)",
        "corsiAgainst": "48.6% (55.0) // 47.4% (55.1) // 48.6% (55.0) // 48.6% (55.0)",
        "fenwickAgainst": "48.4% (41.2) // 47.5% (42.4) // 48.4% (41.2) // 48.4% (41.2)",
        "shotsAgainst": "47.5% (29.5) // 47.3% (30.1) // 47.5% (29.5) // 47.5% (29.5)",
        "scoringAgainst": "47.0% (28.6) // 46.8% (28.6) // 47.0% (28.6) // 47.0% (28.6)",
        "oppCorsi": "54.2% (66.3) // 52.5% (66.0) // 54.2% (66.3) // 54.2% (66.3)",
        "oppFenwick": "53.6% (49.9) // 52.0% (49.3) // 53.6% (49.9) // 53.6% (49.9)",
        "oppShots": "53.7% (36.5) // 51.9% (35.5) // 53.7% (36.5) // 53.7% (36.5)",
        "oppScoring": "54.6% (34.8) // 53.4% (34.0) // 54.6% (34.8) // 54.6% (34.8)",
        "oppCorsiAgainst": "45.8% (56.1) // 47.5% (59.7) // 45.8% (56.1) // 45.8% (56.1)",
        "oppFenwickAgainst": "46.4% (43.2) // 48.0% (45.5) // 46.4% (43.2) // 46.4% (43.2)",
        "oppShotsAgainst": "46.3% (31.5) // 48.1% (33.0) // 46.3% (31.5) // 46.3% (31.5)",
        "oppScoringAgainst": "45.4% (28.9) // 46.6% (29.7) // 45.4% (28.9) // 45.4% (28.9)",
        "savesPerGame": 27.7,
        "savesPerGameLast1": 42.0,
        "savesPerGameLast3": 31.7,
        "savesPerGameLast5": 31.2,
        "savesPer60": 29.3,
        "savesPer60Last1": 42.0,
        "savesPer60Last3": 31.4,
        "savesPer60Last5": 31.1,
        "shotsPerGame": 33.0,
        "shotsPerGameLast5": 30.6,
        "shotsAgainstPerGame": 29.8,
        "shotsAgainstPerGameLast5": 34.2,
        "oppSavesAgainstPer60": 34.8,
        "oppSavesAgainstPer60Last1": 43.2,
        "oppSavesAgainstPer60Last3": 31.4,
        "oppSavesAgainstPer60Last5": 31.1,
        "oppShotsAgainstPerGame": 31.7,
        "oppShotsAgainstPerGameLast5": 33.6,
        "savesProj": 33.0,
        "savesProjLast5": 32.8,
        "savesProjLast3": 33.6,
