[
    {
        "player": "Rasmus Dahlin",
        "team": "BUF",
        "opponent": "CBJ",
        "propType": "bs",
        "line": 1.5,
        "ppLine": "PP1",
        "avg": 1.7,
        "hit": false,
        "diffAvg": 0.13,
        "diffAbs": 1.0,
        "lastAvg": 0.0,
        "diff": 0,
        "avgMin": 25,
        "proj": 0.0,
        "lastAvgMin": 24.0,
        "oppOver": 0,
        "teamOver": 0,
        "gameLine": "-170",
        "+/-": "+12",
        "L5_+/-": "+3.0",
        "prevMatchup": "2022-12-07 1.0 bs",
        "winLossSplits": "52% - 49%",
        "awayHome": "A",
        "playedYesterday": "Y",
        "awayHomeSplits": "61% - 41%",
        "savesAboveExp": "-",
        "gsaa": "-",
        "corsi": "51.0% (57.5) // 50.1% (57.2) // 51.8% (59.0) // 52.0% (59.9)",
        "fenwick": "49.7% (43.7) // 50.2% (45.2) // 52.1% (47.5) // 52.3% (47.7)",
        "shots": "49.5% (32.1) // 51.1% (34.0) // 53.2% (35.4) // 53.4% (34.8)",
        "scoring": "49.9% (30.6) // 50.5% (31.2) // 51.0% (32.6) // 51.8% (32.4)",
        "corsiAgainst": "49.0% (55.3) // 49.9% (57.0) // 48.2% (54.9) // 48.0% (55.3)",
        "fenwickAgainst": "50.3% (44.2) // 49.8% (44.9) // 47.9% (43.6) // 47.7% (43.6)",
        "shotsAgainst": "50.5% (32.7) // 48.9% (32.5) // 46.8% (31.2) // 46.6% (30.5)",
        "scoringAgainst": "50.1% (30.7) // 49.5% (30.5) // 49.0% (31.3) // 48.2% (30.2)",
        "oppCorsi": "45.6% (54.9) // 42.2% (48.4) // 42.8% (50.0) // 46.3% (52.0)",
        "oppFenwick": "45.3% (40.8) // 40.2% (35.1) // 40.4% (35.9) // 45.7% (39.7)",
        "oppShots": "45.2% (29.0) // 40.7% (24.7) // 40.4% (25.1) // 45.2% (27.5)",
        "oppScoring": "44.7% (27.0) // 40.8% (24.9) // 40.5% (26.3) // 45.0% (26.5)",
        "oppCorsiAgainst": "54.4% (65.5) // 57.8% (66.3) // 57.2% (66.9) // 53.7% (60.4)",
        "oppFenwickAgainst": "54.7% (49.3) // 59.8% (52.1) // 59.6% (53.0) // 54.3% (47.2)",
        "oppShotsAgainst": "54.8% (35.1) // 59.3% (36.0) // 59.6% (37.1) // 54.8% (33.3)",
        "oppScoringAgainst": "55.3% (33.4) // 59.2% (36.1) // 59.5% (38.7) // 55.0% (32.3)",
        "savesPerGame": 29.4,
        "savesPerGameLast1": 30.0,
        "savesPerGameLast3": 26.7,
        "savesPerGameLast5": 27.4,
        "savesPer60": 29.6,
        "savesPer60Last1": 30.6,
        "savesPer60Last3": 27.3,
        "savesPer60Last5": 28.3,
        "shotsPerGame": 32.5,
        "shotsPerGameLast5": 35.8,
        "shotsAgainstPerGame": 33.1,
        "shotsAgainstPerGameLast5": 31.4,
        "oppSavesAgainstPer60": 26.7,
        "oppSavesAgainstPer60Last1": 30.9,
        "oppSavesAgainstPer60Last3": 26.6,
        "oppSavesAgainstPer60Last5": 24.0,
        "oppShotsAgainstPerGame": 35.4,
        "oppShotsAgainstPerGameLast5": 37.8,
        "savesProj": 25.1,
        "savesProjLast5": 21.5,
        "savesProjLast3": 22.9,
        "oppSavesAgainstProj": 27.8,
        "oppSavesAgainstProjLast5": 22.5,
        "oppSavesAgainstProjLast3": 23.8,
        "totalOver": 51,
        "totalOverLast5": 40,
        "totalOverLast15": 40,
        "lastTotalOver": 0,
        "last5": "1,2,1,4,0,4,1,1,2,2",
        "overOdds": "-125",
        "underOdds": "-105",
        "overUnder": "-125 / -105"
    },
    {
        "player": "Andrew Peeke",
        "team": "CBJ",
        "opponent": "BUF",
        "propType": "bs",
        "line": 2.5,
        "ppLine": "",
        "avg": 2.47,
        "hit": false,
        "diffAvg": -0.01,
        "diffAbs": 1.0,
        "lastAvg": 0.0,
        "diff": 0,
        "avgMin": 21,
        "proj": 0.0,
        "lastAvgMin": 21.47,
        "oppOver": 0,
        "teamOver": 0,
        "gameLine": "+145",
        "+/-": -40,
        "L5_+/-": -14.0,
        "prevMatchup": "2023-02-28 5.0 bs 2022-12-07 2.0 bs",
        "winLossSplits": "50% - 31%",
        "awayHome": "H",
        "playedYesterday": "Y",
        "awayHomeSplits": "35% - 38%",
        "savesAboveExp": "-",
        "gsaa": "-",
        "corsi": "45.6% (54.9) // 42.2% (48.4) // 42.8% (50.0) // 46.3% (52.0)",
        "fenwick": "45.3% (40.8) // 40.2% (35.1) // 40.4% (35.9) // 45.7% (39.7)",
        "shots": "45.2% (29.0) // 40.7% (24.7) // 40.4% (25.1) // 45.2% (27.5)",
        "scoring": "44.7% (27.0) // 40.8% (24.9) // 40.5% (26.3) // 45.0% (26.5)",
        "corsiAgainst": "54.4% (65.5) // 57.8% (66.3) // 57.2% (66.9) // 53.7% (60.4)",
        "fenwickAgainst": "54.7% (49.3) // 59.8% (52.1) // 59.6% (53.0) // 54.3% (47.2)",
        "shotsAgainst": "54.8% (35.1) // 59.3% (36.0) // 59.6% (37.1) // 54.8% (33.3)",
        "scoringAgainst": "55.3% (33.4) // 59.2% (36.1) // 59.5% (38.7) // 55.0% (32.3)",
        "oppCorsi": "51.0% (57.5) // 50.1% (57.2) // 51.8% (59.0) // 52.0% (59.9)",
        "oppFenwick": "49.7% (43.7) // 50.2% (45.2) // 52.1% (47.5) // 52.3% (47.7)",
        "oppShots": "49.5% (32.1) // 51.1% (34.0) // 53.2% (35.4) // 53.4% (34.8)",
        "oppScoring": "49.9% (30.6) // 50.5% (31.2) // 51.0% (32.6) // 51.8% (32.4)",
        "oppCorsiAgainst": "49.0% (55.3) // 49.9% (57.0) // 48.2% (54.9) // 48.0% (55.3)",
        "oppFenwickAgainst": "50.3% (44.2) // 49.8% (44.9) // 47.9% (43.6) // 47.7% (43.6)",
        "oppShotsAgainst": "50.5% (32.7) // 48.9% (32.5) // 46.8% (31.2) // 46.6% (30.5)",
        "oppScoringAgainst": "50.1% (30.7) // 49.5% (30.5) // 49.0% (31.3) // 48.2% (30.2)",
        "savesPerGame": 31.4,
        "savesPerGameLast1": 34.0,
        "savesPerGameLast3": 31.0,
        "savesPerGameLast5": 33.4,
        "savesPer60": 31.4,
        "savesPer60Last1": 34.5,
        "savesPer60Last3": 31.9,
        "savesPer60Last5": 33.9,
        "shotsPerGame": 29.2,
        "shotsPerGameLast5": 25.6,
        "shotsAgainstPerGame": 35.4,
        "shotsAgainstPerGameLast5": 37.8,
        "oppSavesAgainstPer60": 29.0,
        "oppSavesAgainstPer60Last1": 32.0,
        "oppSavesAgainstPer60Last3": 34.8,
        "oppSavesAgainstPer60Last5": 32.0,
        "oppShotsAgainstPerGame": 33.1,
        "oppShotsAgainstPerGameLast5": 31.4,
        "savesProj": 30.7,
        "savesProjLast5": 36.9,
        "savesProjLast3": 37.7,
        "oppSavesAgainstProj": 32.2,
        "oppSavesAgainstProjLast5": 37.0,
        "oppSavesAgainstProjLast3": 37.8,
        "totalOver": 37,
        "totalOverLast5": 40,
        "totalOverLast15": 47,
        "lastTotalOver": 0,
        "last5": "1,2,5,3,2,2,3,3,1,3",
        "overOdds": "-120",
        "underOdds": "-110",
        "overUnder": "-120 / -110"
    },
    {
        "player": "Gavin Bayreuther",
        "team": "CBJ",
        "opponent": "BUF",
        "propType": "bs",
        "line": 1.5,
        "ppLine": "PP2",
        "avg": 1.42,
        "hit": false,
        "diffAvg": -0.05,
        "diffAbs": 1.0,
        "lastAvg": 0.0,
        "diff": 0,
        "avgMin": 16,
        "proj": 0.0,
        "lastAvgMin": 13.05,
        "oppOver": 0,
        "teamOver": 0,
        "gameLine": "+145",
        "+/-": -19,
        "L5_+/-": -9.0,
        "prevMatchup": "2023-02-28 1.0 bs 2022-12-07 3.0 bs",
        "winLossSplits": "29% - 44%",
        "awayHome": "H",
        "playedYesterday": "Y",
        "awayHomeSplits": "40% - 40%",
        "savesAboveExp": "-",
        "gsaa": "-",
        "corsi": "45.6% (54.9) // 42.2% (48.4) // 42.8% (50.0) // 46.3% (52.0)",
        "fenwick": "45.3% (40.8) // 40.2% (35.1) // 40.4% (35.9) // 45.7% (39.7)",
        "shots": "45.2% (29.0) // 40.7% (24.7) // 40.4% (25.1) // 45.2% (27.5)",
        "scoring": "44.7% (27.0) // 40.8% (24.9) // 40.5% (26.3) // 45.0% (26.5)",
        "corsiAgainst": "54.4% (65.5) // 57.8% (66.3) // 57.2% (66.9) // 53.7% (60.4)",
        "fenwickAgainst": "54.7% (49.3) // 59.8% (52.1) // 59.6% (53.0) // 54.3% (47.2)",
        "shotsAgainst": "54.8% (35.1) // 59.3% (36.0) // 59.6% (37.1) // 54.8% (33.3)",
        "scoringAgainst": "55.3% (33.4) // 59.2% (36.1) // 59.5% (38.7) // 55.0% (32.3)",
        "oppCorsi": "51.0% (57.5) // 50.1% (57.2) // 51.8% (59.0) // 52.0% (59.9)",
        "oppFenwick": "49.7% (43.7) // 50.2% (45.2) // 52.1% (47.5) // 52.3% (47.7)",
        "oppShots": "49.5% (32.1) // 51.1% (34.0) // 53.2% (35.4) // 53.4% (34.8)",
        "oppScoring": "49.9% (30.6) // 50.5% (31.2) // 51.0% (32.6) // 51.8% (32.4)",
        "oppCorsiAgainst": "49.0% (55.3) // 49.9% (57.0) // 48.2% (54.9) // 48.0% (55.3)",
        "oppFenwickAgainst": "50.3% (44.2) // 49.8% (44.9) // 47.9% (43.6) // 47.7% (43.6)",
        "oppShotsAgainst": "50.5% (32.7) // 48.9% (32.5) // 46.8% (31.2) // 46.6% (30.5)",
        "oppScoringAgainst": "50.1% (30.7) // 49.5% (30.5) // 49.0% (31.3) // 48.2% (30.2)",
        "savesPerGame": 31.4,
        "savesPerGameLast1": 34.0,
        "savesPerGameLast3": 31.0,
        "savesPerGameLast5": 33.4,
        "savesPer60": 31.4,
        "savesPer60Last1": 34.5,
        "savesPer60Last3": 31.9,
        "savesPer60Last5": 33.9,
        "shotsPerGame": 29.2,
        "shotsPerGameLast5": 25.6,
        "shotsAgainstPerGame": 35.4,
        "shotsAgainstPerGameLast5": 37.8,
        "oppSavesAgainstPer60": 29.0,
        "oppSavesAgainstPer60Last1": 32.0,
        "oppSavesAgainstPer60Last3": 34.8,
        "oppSavesAgainstPer60Last5": 32.0,
        "oppShotsAgainstPerGame": 33.1,
        "oppShotsAgainstPerGameLast5": 31.4,
        "savesProj": 30.7,
        "savesProjLast5": 36.9,
        "savesProjLast3": 37.7,
        "oppSavesAgainstProj": 32.2,
        "oppSavesAgainstProjLast5": 37.0,
        "oppSavesAgainstProjLast3": 37.8,
        "totalOver": 40,
        "totalOverLast5": 20,
        "totalOverLast15": 33,
        "lastTotalOver": 0,
        "last5": "1,1,0,0,2,2,3,1,0,1",
        "overOdds": "-105",
        "underOdds": "-125",
        "overUnder": "-105 / -125"
    },
    {
        "player": "Ilya Lyubushkin",
        "team": "BUF",
        "opponent": "CBJ",
        "propType": "bs",
        "line": 1.5,
        "ppLine": "",
        "avg": 1.48,
        "hit": false,
        "diffAvg": -0.01,
        "diffAbs": 1.0,
        "lastAvg": 0.0,
        "diff": 0,
        "avgMin": 14,
        "proj": 0.0,
        "lastAvgMin": 17.45,
        "oppOver": 0,
        "teamOver": 0,
        "gameLine": "-170",
        "+/-": -3,
        "L5_+/-": "+1.0",
        "prevMatchup": "2023-02-28 3.0 bs",
        "winLossSplits": "45% - 42%",
        "awayHome": "A",
        "playedYesterday": "Y",
        "awayHomeSplits": "45% - 41%",
        "savesAboveExp": "-",
        "gsaa": "-",
        "corsi": "51.0% (57.5) // 50.1% (57.2) // 51.8% (59.0) // 52.0% (59.9)",
        "fenwick": "49.7% (43.7) // 50.2% (45.2) // 52.1% (47.5) // 52.3% (47.7)",
        "shots": "49.5% (32.1) // 51.1% (34.0) // 53.2% (35.4) // 53.4% (34.8)",
        "scoring": "49.9% (30.6) // 50.5% (31.2) // 51.0% (32.6) // 51.8% (32.4)",
        "corsiAgainst": "49.0% (55.3) // 49.9% (57.0) // 48.2% (54.9) // 48.0% (55.3)",
        "fenwickAgainst": "50.3% (44.2) // 49.8% (44.9) // 47.9% (43.6) // 47.7% (43.6)",
        "shotsAgainst": "50.5% (32.7) // 48.9% (32.5) // 46.8% (31.2) // 46.6% (30.5)",
        "scoringAgainst": "50.1% (30.7) // 49.5% (30.5) // 49.0% (31.3) // 48.2% (30.2)",
        "oppCorsi": "45.6% (54.9) // 42.2% (48.4) // 42.8% (50.0) // 46.3% (52.0)",
        "oppFenwick": "45.3% (40.8) // 40.2% (35.1) // 40.4% (35.9) // 45.7% (39.7)",
        "oppShots": "45.2% (29.0) // 40.7% (24.7) // 40.4% (25.1) // 45.2% (27.5)",
        "oppScoring": "44.7% (27.0) // 40.8% (24.9) // 40.5% (26.3) // 45.0% (26.5)",
        "oppCorsiAgainst": "54.4% (65.5) // 57.8% (66.3) // 57.2% (66.9) // 53.7% (60.4)",
        "oppFenwickAgainst": "54.7% (49.3) // 59.8% (52.1) // 59.6% (53.0) // 54.3% (47.2)",
        "oppShotsAgainst": "54.8% (35.1) // 59.3% (36.0) // 59.6% (37.1) // 54.8% (33.3)",
        "oppScoringAgainst": "55.3% (33.4) // 59.2% (36.1) // 59.5% (38.7) // 55.0% (32.3)",
        "savesPerGame": 29.4,
        "savesPerGameLast1": 30.0,
        "savesPerGameLast3": 26.7,
        "savesPerGameLast5": 27.4,
        "savesPer60": 29.6,
        "savesPer60Last1": 30.6,
        "savesPer60Last3": 27.3,
        "savesPer60Last5": 28.3,
        "shotsPerGame": 32.5,
        "shotsPerGameLast5": 35.8,
        "shotsAgainstPerGame": 33.1,
        "shotsAgainstPerGameLast5": 31.4,
        "oppSavesAgainstPer60": 26.7,
        "oppSavesAgainstPer60Last1": 30.9,
        "oppSavesAgainstPer60Last3": 26.6,
        "oppSavesAgainstPer60Last5": 24.0,
        "oppShotsAgainstPerGame": 35.4,
        "oppShotsAgainstPerGameLast5": 37.8,
        "savesProj": 25.1,
        "savesProjLast5": 21.5,
        "savesProjLast3": 22.9,
        "oppSavesAgainstProj": 27.8,
        "oppSavesAgainstProjLast5": 22.5,
        "oppSavesAgainstProjLast3": 23.8,
        "totalOver": 43,
        "totalOverLast5": 60,
        "totalOverLast15": 40,
        "lastTotalOver": 0,
        "last5": "2,3,0,0,2,0,3,1,5,0",
        "overOdds": "+125",
        "underOdds": "-155",
        "overUnder": "+125 / -155"
    },
    {
        "player": "Devon Toews",
        "team": "COL",
        "opponent": "NSH",
        "propType": "bs",
        "line": 1.5,
        "ppLine": "PP1",
        "avg": 1.73,
        "hit": false,
        "diffAvg": 0.15,
        "diffAbs": 1.0,
        "lastAvg": 0.0,
        "diff": 0,
        "avgMin": 25,
        "proj": 0.0,
        "lastAvgMin": 25.37,
        "oppOver": 0,
        "teamOver": 0,
        "gameLine": "-225",
        "+/-": "+37",
        "L5_+/-": "+6.0",
        "prevMatchup": "2022-12-23 2.0 bs 2022-12-17 1.0 bs 2022-11-10 2.0 bs",
        "winLossSplits": "55% - 47%",
        "awayHome": "A",
        "playedYesterday": "Y",
        "awayHomeSplits": "59% - 45%",
        "savesAboveExp": 0.383,
        "gsaa": 7.55,
        "corsi": "52.4% (60.0) // 53.7% (61.2) // 51.5% (58.0) // 51.2% (57.3)",
        "fenwick": "51.7% (44.1) // 54.0% (45.4) // 52.0% (42.9) // 52.2% (43.6)",
        "shots": "51.7% (32.8) // 54.2% (34.1) // 52.5% (32.0) // 50.0% (30.2)",
        "scoring": "53.3% (30.3) // 53.0% (32.2) // 50.3% (31.7) // 52.0% (31.9)",
        "corsiAgainst": "47.6% (54.5) // 46.3% (52.8) // 48.5% (54.6) // 48.8% (54.6)",
        "fenwickAgainst": "48.3% (41.1) // 46.0% (38.7) // 48.0% (39.6) // 47.8% (40.0)",
        "shotsAgainst": "48.3% (30.6) // 45.8% (28.8) // 47.5% (28.9) // 50.0% (30.2)",
        "scoringAgainst": "46.7% (26.6) // 47.0% (28.6) // 49.7% (31.4) // 48.0% (29.5)",
        "oppCorsi": "47.6% (56.4) // 41.6% (47.8) // 40.2% (46.5) // 42.1% (49.2)",
        "oppFenwick": "47.5% (41.6) // 43.0% (36.6) // 43.3% (37.0) // 44.7% (39.3)",
        "oppShots": "47.1% (29.2) // 45.2% (27.1) // 44.7% (26.6) // 45.4% (28.1)",
        "oppScoring": "46.7% (29.4) // 39.7% (24.3) // 42.2% (27.2) // 45.1% (31.0)",
        "oppCorsiAgainst": "52.4% (61.9) // 58.4% (67.1) // 59.8% (69.2) // 57.9% (67.8)",
        "oppFenwickAgainst": "52.5% (46.1) // 57.0% (48.6) // 56.7% (48.4) // 55.3% (48.6)",
        "oppShotsAgainst": "52.9% (32.8) // 54.8% (32.8) // 55.3% (33.0) // 54.6% (33.9)",
        "oppScoringAgainst": "53.3% (33.5) // 60.3% (36.9) // 57.8% (37.2) // 54.9% (37.7)",
        "savesPerGame": 28.4,
        "savesPerGameLast1": 18.0,
        "savesPerGameLast3": 25.0,
        "savesPerGameLast5": 26.8,
        "savesPer60": 28.4,
        "savesPer60Last1": 18.0,
        "savesPer60Last3": 25.8,
        "savesPer60Last5": 27.3,
        "shotsPerGame": 33.2,
        "shotsPerGameLast5": 30.8,
        "shotsAgainstPerGame": 31.1,
        "shotsAgainstPerGameLast5": 29.4,
        "oppSavesAgainstPer60": 27.0,
        "oppSavesAgainstPer60Last1": 26.7,
        "oppSavesAgainstPer60Last3": 27.8,
        "oppSavesAgainstPer60Last5": 25.5,
        "oppShotsAgainstPerGame": 33.3,
        "oppShotsAgainstPerGameLast5": 34.2,
        "savesProj": 25.0,
        "savesProjLast5": 22.5,
        "savesProjLast3": 23.1,
        "oppSavesAgainstProj": 27.4,
        "oppSavesAgainstProjLast5": 24.3,
        "oppSavesAgainstProjLast3": 24.8,
        "totalOver": 52,
        "totalOverLast5": 0,
        "totalOverLast15": 40,
        "lastTotalOver": 0,
        "last5": "1,1,1,0,1,2,3,1,1,2",
        "overOdds": "+105",
        "underOdds": "-135",
        "overUnder": "+105 / -135"
    },
    {
        "player": "Samuel Girard",
        "team": "COL",
        "opponent": "NSH",
        "propType": "bs",
        "line": 1.5,
        "ppLine": "PP2",
        "avg": 1.55,
        "hit": false,
        "diffAvg": 0.03,
        "diffAbs": 1.0,
        "lastAvg": 0.0,
        "diff": 0,
        "avgMin": 21,
        "proj": 0.0,
        "lastAvgMin": 21.63,
        "oppOver": 0,
        "teamOver": 0,
        "gameLine": "-225",
        "+/-": -14,
        "L5_+/-": 0.0,
        "prevMatchup": "2022-12-23 0.0 bs 2022-12-17 3.0 bs",
        "winLossSplits": "51% - 37%",
        "awayHome": "A",
        "playedYesterday": "Y",
        "awayHomeSplits": "43% - 47%",
        "savesAboveExp": 0.383,
        "gsaa": 7.55,
        "corsi": "52.4% (60.0) // 53.7% (61.2) // 51.5% (58.0) // 51.2% (57.3)",
        "fenwick": "51.7% (44.1) // 54.0% (45.4) // 52.0% (42.9) // 52.2% (43.6)",
        "shots": "51.7% (32.8) // 54.2% (34.1) // 52.5% (32.0) // 50.0% (30.2)",
        "scoring": "53.3% (30.3) // 53.0% (32.2) // 50.3% (31.7) // 52.0% (31.9)",
        "corsiAgainst": "47.6% (54.5) // 46.3% (52.8) // 48.5% (54.6) // 48.8% (54.6)",
        "fenwickAgainst": "48.3% (41.1) // 46.0% (38.7) // 48.0% (39.6) // 47.8% (40.0)",
        "shotsAgainst": "48.3% (30.6) // 45.8% (28.8) // 47.5% (28.9) // 50.0% (30.2)",
        "scoringAgainst": "46.7% (26.6) // 47.0% (28.6) // 49.7% (31.4) // 48.0% (29.5)",
        "oppCorsi": "47.6% (56.4) // 41.6% (47.8) // 40.2% (46.5) // 42.1% (49.2)",
        "oppFenwick": "47.5% (41.6) // 43.0% (36.6) // 43.3% (37.0) // 44.7% (39.3)",
        "oppShots": "47.1% (29.2) // 45.2% (27.1) // 44.7% (26.6) // 45.4% (28.1)",
        "oppScoring": "46.7% (29.4) // 39.7% (24.3) // 42.2% (27.2) // 45.1% (31.0)",
        "oppCorsiAgainst": "52.4% (61.9) // 58.4% (67.1) // 59.8% (69.2) // 57.9% (67.8)",
        "oppFenwickAgainst": "52.5% (46.1) // 57.0% (48.6) // 56.7% (48.4) // 55.3% (48.6)",
        "oppShotsAgainst": "52.9% (32.8) // 54.8% (32.8) // 55.3% (33.0) // 54.6% (33.9)",
        "oppScoringAgainst": "53.3% (33.5) // 60.3% (36.9) // 57.8% (37.2) // 54.9% (37.7)",
        "savesPerGame": 28.4,
        "savesPerGameLast1": 18.0,
        "savesPerGameLast3": 25.0,
        "savesPerGameLast5": 26.8,
        "savesPer60": 28.4,
        "savesPer60Last1": 18.0,
        "savesPer60Last3": 25.8,
        "savesPer60Last5": 27.3,
        "shotsPerGame": 33.2,
        "shotsPerGameLast5": 30.8,
        "shotsAgainstPerGame": 31.1,
        "shotsAgainstPerGameLast5": 29.4,
        "oppSavesAgainstPer60": 27.0,
        "oppSavesAgainstPer60Last1": 26.7,
        "oppSavesAgainstPer60Last3": 27.8,
        "oppSavesAgainstPer60Last5": 25.5,
        "oppShotsAgainstPerGame": 33.3,
        "oppShotsAgainstPerGameLast5": 34.2,
        "savesProj": 25.0,
        "savesProjLast5": 22.5,
        "savesProjLast3": 23.1,
        "oppSavesAgainstProj": 27.4,
        "oppSavesAgainstProjLast5": 24.3,
        "oppSavesAgainstProjLast3": 24.8,
        "totalOver": 45,
        "totalOverLast5": 40,
        "totalOverLast15": 40,
        "lastTotalOver": 0,
        "last5": "0,1,3,1,3,3,1,1,1,3",
        "overOdds": "+100",
        "underOdds": "-130",
        "overUnder": "+100 / -130"
    },
    {
        "player": "Dante Fabbro",
        "team": "NSH",
        "opponent": "COL",
        "propType": "bs",
        "line": 1.5,
        "ppLine": "PP2",
        "avg": 1.6,
        "hit": false,
        "diffAvg": 0.07,
        "diffAbs": 1.0,
        "lastAvg": 0.0,
        "diff": 0,
        "avgMin": 17,
        "proj": 0.0,
        "lastAvgMin": 19.05,
        "oppOver": 0,
        "teamOver": 0,
        "gameLine": "+190",
        "+/-": 0,
        "L5_+/-": "+2.0",
        "prevMatchup": "2022-12-23 1.0 bs 2022-12-17 4.0 bs 2022-11-10 2.0 bs",
        "winLossSplits": "36% - 56%",
        "awayHome": "H",
        "playedYesterday": "Y",
        "awayHomeSplits": "54% - 38%",
        "savesAboveExp": -0.066,
        "gsaa": 5.19,
        "corsi": "47.6% (56.4) // 41.6% (47.8) // 40.2% (46.5) // 42.1% (49.2)",
        "fenwick": "47.5% (41.6) // 43.0% (36.6) // 43.3% (37.0) // 44.7% (39.3)",
        "shots": "47.1% (29.2) // 45.2% (27.1) // 44.7% (26.6) // 45.4% (28.1)",
        "scoring": "46.7% (29.4) // 39.7% (24.3) // 42.2% (27.2) // 45.1% (31.0)",
        "corsiAgainst": "52.4% (61.9) // 58.4% (67.1) // 59.8% (69.2) // 57.9% (67.8)",
        "fenwickAgainst": "52.5% (46.1) // 57.0% (48.6) // 56.7% (48.4) // 55.3% (48.6)",
        "shotsAgainst": "52.9% (32.8) // 54.8% (32.8) // 55.3% (33.0) // 54.6% (33.9)",
        "scoringAgainst": "53.3% (33.5) // 60.3% (36.9) // 57.8% (37.2) // 54.9% (37.7)",
        "oppCorsi": "52.4% (60.0) // 53.7% (61.2) // 51.5% (58.0) // 51.2% (57.3)",
        "oppFenwick": "51.7% (44.1) // 54.0% (45.4) // 52.0% (42.9) // 52.2% (43.6)",
        "oppShots": "51.7% (32.8) // 54.2% (34.1) // 52.5% (32.0) // 50.0% (30.2)",
        "oppScoring": "53.3% (30.3) // 53.0% (32.2) // 50.3% (31.7) // 52.0% (31.9)",
        "oppCorsiAgainst": "47.6% (54.5) // 46.3% (52.8) // 48.5% (54.6) // 48.8% (54.6)",
        "oppFenwickAgainst": "48.3% (41.1) // 46.0% (38.7) // 48.0% (39.6) // 47.8% (40.0)",
        "oppShotsAgainst": "48.3% (30.6) // 45.8% (28.8) // 47.5% (28.9) // 50.0% (30.2)",
        "oppScoringAgainst": "46.7% (26.6) // 47.0% (28.6) // 49.7% (31.4) // 48.0% (29.5)",
        "savesPerGame": 30.4,
        "savesPerGameLast1": 21.0,
        "savesPerGameLast3": 33.0,
        "savesPerGameLast5": 32.4,
        "savesPer60": 30.5,
        "savesPer60Last1": 22.0,
        "savesPer60Last3": 34.0,
        "savesPer60Last5": 33.4,
        "shotsPerGame": 29.6,
        "shotsPerGameLast5": 27.6,
        "shotsAgainstPerGame": 33.3,
        "shotsAgainstPerGameLast5": 34.2,
        "oppSavesAgainstPer60": 30.1,
        "oppSavesAgainstPer60Last1": 22.5,
        "oppSavesAgainstPer60Last3": 30.7,
        "oppSavesAgainstPer60Last5": 27.5,
        "oppShotsAgainstPerGame": 31.1,
        "oppShotsAgainstPerGameLast5": 29.4,
        "savesProj": 32.1,
        "savesProjLast5": 31.8,
        "savesProjLast3": 36.3,
        "oppSavesAgainstProj": 32.7,
        "oppSavesAgainstProjLast5": 29.9,
        "oppSavesAgainstProjLast3": 34.2,
        "totalOver": 46,
        "totalOverLast5": 80,
        "totalOverLast15": 53,
        "lastTotalOver": 0,
        "last5": "0,4,4,3,4,1,2,2,1,1",
        "overOdds": "-185",
        "underOdds": "+150",
        "overUnder": "-185 / +150"
    },
    {
        "player": "Ryan Mcdonagh",
        "team": "NSH",
        "opponent": "COL",
        "propType": "bs",
        "line": 2.5,
        "ppLine": "",
        "avg": 2.32,
        "hit": false,
        "diffAvg": -0.07,
        "diffAbs": 1.0,
        "lastAvg": 0.0,
        "diff": 0,
        "avgMin": 21,
        "proj": 0.0,
        "lastAvgMin": 22.43,
        "oppOver": 0,
        "teamOver": 0,
        "gameLine": "+190",
        "+/-": "+11",
        "L5_+/-": "+4.0",
        "prevMatchup": "2022-12-23 5.0 bs 2022-11-10 2.0 bs",
        "winLossSplits": "51% - 24%",
        "awayHome": "H",
        "playedYesterday": "Y",
        "awayHomeSplits": "36% - 45%",
        "savesAboveExp": -0.066,
        "gsaa": 5.19,
        "corsi": "47.6% (56.4) // 41.6% (47.8) // 40.2% (46.5) // 42.1% (49.2)",
        "fenwick": "47.5% (41.6) // 43.0% (36.6) // 43.3% (37.0) // 44.7% (39.3)",
        "shots": "47.1% (29.2) // 45.2% (27.1) // 44.7% (26.6) // 45.4% (28.1)",
        "scoring": "46.7% (29.4) // 39.7% (24.3) // 42.2% (27.2) // 45.1% (31.0)",
        "corsiAgainst": "52.4% (61.9) // 58.4% (67.1) // 59.8% (69.2) // 57.9% (67.8)",
        "fenwickAgainst": "52.5% (46.1) // 57.0% (48.6) // 56.7% (48.4) // 55.3% (48.6)",
        "shotsAgainst": "52.9% (32.8) // 54.8% (32.8) // 55.3% (33.0) // 54.6% (33.9)",
        "scoringAgainst": "53.3% (33.5) // 60.3% (36.9) // 57.8% (37.2) // 54.9% (37.7)",
        "oppCorsi": "52.4% (60.0) // 53.7% (61.2) // 51.5% (58.0) // 51.2% (57.3)",
        "oppFenwick": "51.7% (44.1) // 54.0% (45.4) // 52.0% (42.9) // 52.2% (43.6)",
        "oppShots": "51.7% (32.8) // 54.2% (34.1) // 52.5% (32.0) // 50.0% (30.2)",
        "oppScoring": "53.3% (30.3) // 53.0% (32.2) // 50.3% (31.7) // 52.0% (31.9)",
        "oppCorsiAgainst": "47.6% (54.5) // 46.3% (52.8) // 48.5% (54.6) // 48.8% (54.6)",
        "oppFenwickAgainst": "48.3% (41.1) // 46.0% (38.7) // 48.0% (39.6) // 47.8% (40.0)",
        "oppShotsAgainst": "48.3% (30.6) // 45.8% (28.8) // 47.5% (28.9) // 50.0% (30.2)",
        "oppScoringAgainst": "46.7% (26.6) // 47.0% (28.6) // 49.7% (31.4) // 48.0% (29.5)",
        "savesPerGame": 30.4,
        "savesPerGameLast1": 21.0,
        "savesPerGameLast3": 33.0,
        "savesPerGameLast5": 32.4,
        "savesPer60": 30.5,
        "savesPer60Last1": 22.0,
        "savesPer60Last3": 34.0,
        "savesPer60Last5": 33.4,
        "shotsPerGame": 29.6,
        "shotsPerGameLast5": 27.6,
        "shotsAgainstPerGame": 33.3,
        "shotsAgainstPerGameLast5": 34.2,
        "oppSavesAgainstPer60": 30.1,
        "oppSavesAgainstPer60Last1": 22.5,
        "oppSavesAgainstPer60Last3": 30.7,
        "oppSavesAgainstPer60Last5": 27.5,
        "oppShotsAgainstPerGame": 31.1,
        "oppShotsAgainstPerGameLast5": 29.4,
        "savesProj": 32.1,
        "savesProjLast5": 31.8,
        "savesProjLast3": 36.3,
        "oppSavesAgainstProj": 32.7,
        "oppSavesAgainstProjLast5": 29.9,
        "oppSavesAgainstProjLast3": 34.2,
        "totalOver": 40,
        "totalOverLast5": 80,
        "totalOverLast15": 40,
        "lastTotalOver": 0,
        "last5": "4,5,3,2,3,2,5,1,1,2",
        "overOdds": "-105",
        "underOdds": "-125",
        "overUnder": "-105 / -125"
    }
]