[
    {
        "player": "Alex Pietrangelo",
        "team": "VGK",
        "opponent": "WPG",
        "propType": "sog",
        "line": 1.5,
        "ppLine": "PP1",
        "avg": 2.31,
        "hit": false,
        "diffAvg": 0.54,
        "diffAbs": 0.73,
        "lastAvg": 2.8,
        "diff": 0.87,
        "avgMin": 23,
        "proj": 2.6,
        "lastAvgMin": 24.63,
        "oppOver": 0,
        "teamOver": 0,
        "gameLine": "-105",
        "+/-": "+14",
        "L5_+/-": "+5.0",
        "prevMatchup": "2023-04-20 2.0 sog 2023-04-18 0.0 sog 2022-10-30 2.0 sog 2022-10-20 0.0 sog",
        "winLossSplits": "61% - 79%",
        "awayHome": "A",
        "playedYesterday": "N",
        "awayHomeSplits": "69% - 68%",
        "savesAboveExp": 0.641,
        "gsaa": 31.05,
        "corsi": "48.6% (57.5) // 48.0% (56.0) // 33.9% (41.0) // 48.6% (57.5)",
        "fenwick": "49.7% (42.3) // 48.8% (40.5) // 32.9% (26.0) // 49.7% (42.3)",
        "shots": "50.5% (31.1) // 50.2% (28.8) // 38.0% (19.0) // 50.5% (31.1)",
        "scoring": "49.5% (29.2) // 49.0% (28.7) // 33.3% (18.0) // 49.5% (29.2)",
        "corsiAgainst": "51.4% (60.7) // 52.0% (60.6) // 66.1% (80.0) // 51.4% (60.7)",
        "fenwickAgainst": "50.3% (42.8) // 51.2% (42.5) // 67.1% (53.0) // 50.3% (42.8)",
        "shotsAgainst": "49.5% (30.4) // 49.8% (28.5) // 62.0% (31.0) // 49.5% (30.4)",
        "scoringAgainst": "50.5% (29.8) // 51.0% (29.9) // 66.7% (36.0) // 50.5% (29.8)",
        "oppCorsi": "51.5% (58.6) // 54.0% (61.3) // 50.0% (43.0) // 51.5% (58.6)",
        "oppFenwick": "51.3% (43.9) // 53.8% (45.7) // 47.5% (29.0) // 51.3% (43.9)",
        "oppShots": "50.0% (30.1) // 52.0% (30.2) // 44.4% (20.0) // 50.0% (30.1)",
        "oppScoring": "51.9% (30.3) // 55.2% (31.4) // 51.1% (24.0) // 51.9% (30.3)",
        "oppCorsiAgainst": "48.5% (55.2) // 46.0% (52.2) // 50.0% (43.0) // 48.5% (55.2)",
        "oppFenwickAgainst": "48.7% (41.7) // 46.2% (39.2) // 52.5% (32.0) // 48.7% (41.7)",
        "oppShotsAgainst": "50.0% (30.1) // 48.0% (27.9) // 55.6% (25.0) // 50.0% (30.1)",
        "oppScoringAgainst": "48.1% (28.1) // 44.8% (25.5) // 48.9% (23.0) // 48.1% (28.1)",
        "savesPerGame": 28.1,
        "savesPerGameLast1": 31.0,
        "savesPerGameLast3": 29.0,
        "savesPerGameLast5": 26.2,
        "savesPer60": 29.0,
        "savesPer60Last1": 30.9,
        "savesPer60Last3": 28.7,
        "savesPer60Last5": 26.5,
        "shotsPerGame": 31.5,
        "shotsPerGameLast5": 26.4,
        "shotsAgainstPerGame": 30.9,
        "shotsAgainstPerGameLast5": 28.2,
        "oppSavesAgainstPer60": 27.8,
        "oppSavesAgainstPer60Last1": 29.7,
        "oppSavesAgainstPer60Last3": 24.4,
        "oppSavesAgainstPer60Last5": 23.3,
        "oppShotsAgainstPerGame": 30.3,
        "oppShotsAgainstPerGameLast5": 27.2,
        "savesProj": 28.0,
        "savesProjLast5": 22.4,
        "savesProjLast3": 25.5,
        "oppSavesAgainstProj": 27.5,
        "oppSavesAgainstProjLast5": 21.9,
        "oppSavesAgainstProjLast3": 25.6,
        "totalOver": 68,
        "totalOverLast5": 40,
        "totalOverLast15": 53,
        "lastTotalOver": 71,
        "last5": "2,0,0,0,2,4,9,5,3,0",
        "overOdds": "-190",
        "underOdds": "+155",
        "overUnder": "-190 / +155"
    },
    {
        "player": "Jack Eichel",
        "team": "VGK",
        "opponent": "WPG",
        "propType": "sog",
        "line": 2.5,
        "ppLine": "PP1",
        "avg": 3.3,
        "hit": false,
        "diffAvg": 0.32,
        "diffAbs": 0.44,
        "lastAvg": 3.91,
        "diff": 0.56,
        "avgMin": 18,
        "proj": 3.6,
        "lastAvgMin": 19.38,
        "oppOver": 0,
        "teamOver": 0,
        "gameLine": "-105",
        "+/-": "+24",
        "L5_+/-": "+4.0",
        "prevMatchup": "2023-04-20 3.0 sog 2023-04-18 2.0 sog 2022-10-30 5.0 sog 2022-10-20 3.0 sog",
        "winLossSplits": "68% - 40%",
        "awayHome": "A",
        "playedYesterday": "N",
        "awayHomeSplits": "59% - 57%",
        "savesAboveExp": 0.641,
        "gsaa": 31.05,
        "corsi": "48.6% (57.5) // 48.0% (56.0) // 33.9% (41.0) // 48.6% (57.5)",
        "fenwick": "49.7% (42.3) // 48.8% (40.5) // 32.9% (26.0) // 49.7% (42.3)",
        "shots": "50.5% (31.1) // 50.2% (28.8) // 38.0% (19.0) // 50.5% (31.1)",
        "scoring": "49.5% (29.2) // 49.0% (28.7) // 33.3% (18.0) // 49.5% (29.2)",
        "corsiAgainst": "51.4% (60.7) // 52.0% (60.6) // 66.1% (80.0) // 51.4% (60.7)",
        "fenwickAgainst": "50.3% (42.8) // 51.2% (42.5) // 67.1% (53.0) // 50.3% (42.8)",
        "shotsAgainst": "49.5% (30.4) // 49.8% (28.5) // 62.0% (31.0) // 49.5% (30.4)",
        "scoringAgainst": "50.5% (29.8) // 51.0% (29.9) // 66.7% (36.0) // 50.5% (29.8)",
        "oppCorsi": "51.5% (58.6) // 54.0% (61.3) // 50.0% (43.0) // 51.5% (58.6)",
        "oppFenwick": "51.3% (43.9) // 53.8% (45.7) // 47.5% (29.0) // 51.3% (43.9)",
        "oppShots": "50.0% (30.1) // 52.0% (30.2) // 44.4% (20.0) // 50.0% (30.1)",
        "oppScoring": "51.9% (30.3) // 55.2% (31.4) // 51.1% (24.0) // 51.9% (30.3)",
        "oppCorsiAgainst": "48.5% (55.2) // 46.0% (52.2) // 50.0% (43.0) // 48.5% (55.2)",
        "oppFenwickAgainst": "48.7% (41.7) // 46.2% (39.2) // 52.5% (32.0) // 48.7% (41.7)",
        "oppShotsAgainst": "50.0% (30.1) // 48.0% (27.9) // 55.6% (25.0) // 50.0% (30.1)",
        "oppScoringAgainst": "48.1% (28.1) // 44.8% (25.5) // 48.9% (23.0) // 48.1% (28.1)",
        "savesPerGame": 28.1,
        "savesPerGameLast1": 31.0,
        "savesPerGameLast3": 29.0,
        "savesPerGameLast5": 26.2,
        "savesPer60": 29.0,
        "savesPer60Last1": 30.9,
        "savesPer60Last3": 28.7,
        "savesPer60Last5": 26.5,
        "shotsPerGame": 31.5,
        "shotsPerGameLast5": 26.4,
        "shotsAgainstPerGame": 30.9,
        "shotsAgainstPerGameLast5": 28.2,
        "oppSavesAgainstPer60": 27.8,
        "oppSavesAgainstPer60Last1": 29.7,
        "oppSavesAgainstPer60Last3": 24.4,
        "oppSavesAgainstPer60Last5": 23.3,
        "oppShotsAgainstPerGame": 30.3,
        "oppShotsAgainstPerGameLast5": 27.2,
        "savesProj": 28.0,
        "savesProjLast5": 22.4,
        "savesProjLast3": 25.5,
        "oppSavesAgainstProj": 27.5,
        "oppSavesAgainstProjLast5": 21.9,
        "oppSavesAgainstProjLast3": 25.6,
        "totalOver": 58,
        "totalOverLast5": 60,
        "totalOverLast15": 40,
        "lastTotalOver": 76,
        "last5": "3,2,2,3,5,1,5,1,1,4",
        "overOdds": "-175",
        "underOdds": "+140",
        "overUnder": "-175 / +140"
    },
    {
        "player": "Jonathan Marchessault",
        "team": "VGK",
        "opponent": "WPG",
        "propType": "sog",
        "line": 2.5,
        "ppLine": "PP2",
        "avg": 3.08,
        "hit": false,
        "diffAvg": 0.23,
        "diffAbs": 0.28,
        "lastAvg": 3.26,
        "diff": 0.3,
        "avgMin": 17,
        "proj": 3.2,
        "lastAvgMin": 17.57,
        "oppOver": 0,
        "teamOver": 0,
        "gameLine": "-105",
        "+/-": "+3",
        "L5_+/-": "+4.0",
        "prevMatchup": "2023-04-20 2.0 sog 2023-04-18 0.0 sog 2022-12-13 4.0 sog 2022-10-30 3.0 sog 2022-10-20 3.0 sog",
        "winLossSplits": "60% - 70%",
        "awayHome": "A",
        "playedYesterday": "N",
        "awayHomeSplits": "58% - 70%",
        "savesAboveExp": 0.641,
        "gsaa": 31.05,
        "corsi": "48.6% (57.5) // 48.0% (56.0) // 33.9% (41.0) // 48.6% (57.5)",
        "fenwick": "49.7% (42.3) // 48.8% (40.5) // 32.9% (26.0) // 49.7% (42.3)",
        "shots": "50.5% (31.1) // 50.2% (28.8) // 38.0% (19.0) // 50.5% (31.1)",
        "scoring": "49.5% (29.2) // 49.0% (28.7) // 33.3% (18.0) // 49.5% (29.2)",
        "corsiAgainst": "51.4% (60.7) // 52.0% (60.6) // 66.1% (80.0) // 51.4% (60.7)",
        "fenwickAgainst": "50.3% (42.8) // 51.2% (42.5) // 67.1% (53.0) // 50.3% (42.8)",
        "shotsAgainst": "49.5% (30.4) // 49.8% (28.5) // 62.0% (31.0) // 49.5% (30.4)",
        "scoringAgainst": "50.5% (29.8) // 51.0% (29.9) // 66.7% (36.0) // 50.5% (29.8)",
        "oppCorsi": "51.5% (58.6) // 54.0% (61.3) // 50.0% (43.0) // 51.5% (58.6)",
        "oppFenwick": "51.3% (43.9) // 53.8% (45.7) // 47.5% (29.0) // 51.3% (43.9)",
        "oppShots": "50.0% (30.1) // 52.0% (30.2) // 44.4% (20.0) // 50.0% (30.1)",
        "oppScoring": "51.9% (30.3) // 55.2% (31.4) // 51.1% (24.0) // 51.9% (30.3)",
        "oppCorsiAgainst": "48.5% (55.2) // 46.0% (52.2) // 50.0% (43.0) // 48.5% (55.2)",
        "oppFenwickAgainst": "48.7% (41.7) // 46.2% (39.2) // 52.5% (32.0) // 48.7% (41.7)",
        "oppShotsAgainst": "50.0% (30.1) // 48.0% (27.9) // 55.6% (25.0) // 50.0% (30.1)",
        "oppScoringAgainst": "48.1% (28.1) // 44.8% (25.5) // 48.9% (23.0) // 48.1% (28.1)",
        "savesPerGame": 28.1,
        "savesPerGameLast1": 31.0,
        "savesPerGameLast3": 29.0,
        "savesPerGameLast5": 26.2,
        "savesPer60": 29.0,
        "savesPer60Last1": 30.9,
        "savesPer60Last3": 28.7,
        "savesPer60Last5": 26.5,
        "shotsPerGame": 31.5,
        "shotsPerGameLast5": 26.4,
        "shotsAgainstPerGame": 30.9,
        "shotsAgainstPerGameLast5": 28.2,
        "oppSavesAgainstPer60": 27.8,
        "oppSavesAgainstPer60Last1": 29.7,
        "oppSavesAgainstPer60Last3": 24.4,
        "oppSavesAgainstPer60Last5": 23.3,
        "oppShotsAgainstPerGame": 30.3,
        "oppShotsAgainstPerGameLast5": 27.2,
        "savesProj": 28.0,
        "savesProjLast5": 22.4,
        "savesProjLast3": 25.5,
        "oppSavesAgainstProj": 27.5,
        "oppSavesAgainstProjLast5": 21.9,
        "oppSavesAgainstProjLast3": 25.6,
        "totalOver": 64,
        "totalOverLast5": 60,
        "totalOverLast15": 53,
        "lastTotalOver": 60,
        "last5": "2,0,3,3,3,5,2,0,4,4",
        "overOdds": "-125",
        "underOdds": "-105",
        "overUnder": "-125 / -105"
    },
    {
        "player": "Josh Morrissey",
        "team": "WPG",
        "opponent": "VGK",
        "propType": "sog",
        "line": 2.5,
        "ppLine": "PP1",
        "avg": 2.21,
        "hit": false,
        "diffAvg": -0.12,
        "diffAbs": 0.12,
        "lastAvg": 2.19,
        "diff": -0.12,
        "avgMin": 24,
        "proj": 2.2,
        "lastAvgMin": 23.65,
        "oppOver": 0,
        "teamOver": 0,
        "gameLine": "-115",
        "+/-": "+3",
        "L5_+/-": "+5.0",
        "prevMatchup": "2023-04-20 5.0 sog 2023-04-18 0.0 sog 2022-12-13 1.0 sog 2022-10-30 2.0 sog 2022-10-20 2.0 sog",
        "winLossSplits": "24% - 43%",
        "awayHome": "H",
        "playedYesterday": "N",
        "awayHomeSplits": "28% - 38%",
        "savesAboveExp": "-",
        "gsaa": "-",
        "corsi": "51.5% (58.6) // 54.0% (61.3) // 50.0% (43.0) // 51.5% (58.6)",
        "fenwick": "51.3% (43.9) // 53.8% (45.7) // 47.5% (29.0) // 51.3% (43.9)",
        "shots": "50.0% (30.1) // 52.0% (30.2) // 44.4% (20.0) // 50.0% (30.1)",
        "scoring": "51.9% (30.3) // 55.2% (31.4) // 51.1% (24.0) // 51.9% (30.3)",
        "corsiAgainst": "48.5% (55.2) // 46.0% (52.2) // 50.0% (43.0) // 48.5% (55.2)",
        "fenwickAgainst": "48.7% (41.7) // 46.2% (39.2) // 52.5% (32.0) // 48.7% (41.7)",
        "shotsAgainst": "50.0% (30.1) // 48.0% (27.9) // 55.6% (25.0) // 50.0% (30.1)",
        "scoringAgainst": "48.1% (28.1) // 44.8% (25.5) // 48.9% (23.0) // 48.1% (28.1)",
        "oppCorsi": "48.6% (57.5) // 48.0% (56.0) // 33.9% (41.0) // 48.6% (57.5)",
        "oppFenwick": "49.7% (42.3) // 48.8% (40.5) // 32.9% (26.0) // 49.7% (42.3)",
        "oppShots": "50.5% (31.1) // 50.2% (28.8) // 38.0% (19.0) // 50.5% (31.1)",
        "oppScoring": "49.5% (29.2) // 49.0% (28.7) // 33.3% (18.0) // 49.5% (29.2)",
        "oppCorsiAgainst": "51.4% (60.7) // 52.0% (60.6) // 66.1% (80.0) // 51.4% (60.7)",
        "oppFenwickAgainst": "50.3% (42.8) // 51.2% (42.5) // 67.1% (53.0) // 50.3% (42.8)",
        "oppShotsAgainst": "49.5% (30.4) // 49.8% (28.5) // 62.0% (31.0) // 49.5% (30.4)",
        "oppScoringAgainst": "50.5% (29.8) // 51.0% (29.9) // 66.7% (36.0) // 50.5% (29.8)",
        "savesPerGame": 27.6,
        "savesPerGameLast1": 34.0,
        "savesPerGameLast3": 23.7,
        "savesPerGameLast5": 24.6,
        "savesPer60": 28.2,
        "savesPer60Last1": 34.0,
        "savesPer60Last3": 23.6,
        "savesPer60Last5": 24.6,
        "shotsPerGame": 30.3,
        "shotsPerGameLast5": 27.4,
        "shotsAgainstPerGame": 30.3,
        "shotsAgainstPerGameLast5": 27.2,
        "oppSavesAgainstPer60": 29.1,
        "oppSavesAgainstPer60Last1": 33.6,
        "oppSavesAgainstPer60Last3": 22.5,
        "oppSavesAgainstPer60Last5": 23.9,
        "oppShotsAgainstPerGame": 30.9,
        "oppShotsAgainstPerGameLast5": 28.2,
        "savesProj": 27.6,
        "savesProjLast5": 20.0,
        "savesProjLast3": 17.9,
        "oppSavesAgainstProj": 28.1,
        "oppSavesAgainstProjLast5": 20.2,
        "oppSavesAgainstProjLast3": 17.9,
        "totalOver": 32,
        "totalOverLast5": 40,
        "totalOverLast15": 47,
        "lastTotalOver": 46,
        "last5": "5,0,2,3,2,4,1,4,1,4",
        "overOdds": "+125",
        "underOdds": "-155",
        "overUnder": "+125 / -155"
    },
    {
        "player": "Kyle Connor",
        "team": "WPG",
        "opponent": "VGK",
        "propType": "sog",
        "line": 3.5,
        "ppLine": "PP1",
        "avg": 3.42,
        "hit": false,
        "diffAvg": -0.02,
        "diffAbs": 0.03,
        "lastAvg": 3.91,
        "diff": 0.12,
        "avgMin": 20,
        "proj": 3.6,
        "lastAvgMin": 21.77,
        "oppOver": 0,
        "teamOver": 0,
        "gameLine": "-115",
        "+/-": -11,
        "L5_+/-": "+3.0",
        "prevMatchup": "2023-04-20 8.0 sog 2023-04-18 5.0 sog 2022-12-13 5.0 sog 2022-10-30 3.0 sog 2022-10-20 3.0 sog",
        "winLossSplits": "40% - 41%",
        "awayHome": "H",
        "playedYesterday": "N",
        "awayHomeSplits": "30% - 51%",
        "savesAboveExp": "-",
        "gsaa": "-",
        "corsi": "51.5% (58.6) // 54.0% (61.3) // 50.0% (43.0) // 51.5% (58.6)",
        "fenwick": "51.3% (43.9) // 53.8% (45.7) // 47.5% (29.0) // 51.3% (43.9)",
        "shots": "50.0% (30.1) // 52.0% (30.2) // 44.4% (20.0) // 50.0% (30.1)",
        "scoring": "51.9% (30.3) // 55.2% (31.4) // 51.1% (24.0) // 51.9% (30.3)",
        "corsiAgainst": "48.5% (55.2) // 46.0% (52.2) // 50.0% (43.0) // 48.5% (55.2)",
        "fenwickAgainst": "48.7% (41.7) // 46.2% (39.2) // 52.5% (32.0) // 48.7% (41.7)",
        "shotsAgainst": "50.0% (30.1) // 48.0% (27.9) // 55.6% (25.0) // 50.0% (30.1)",
        "scoringAgainst": "48.1% (28.1) // 44.8% (25.5) // 48.9% (23.0) // 48.1% (28.1)",
        "oppCorsi": "48.6% (57.5) // 48.0% (56.0) // 33.9% (41.0) // 48.6% (57.5)",
        "oppFenwick": "49.7% (42.3) // 48.8% (40.5) // 32.9% (26.0) // 49.7% (42.3)",
        "oppShots": "50.5% (31.1) // 50.2% (28.8) // 38.0% (19.0) // 50.5% (31.1)",
        "oppScoring": "49.5% (29.2) // 49.0% (28.7) // 33.3% (18.0) // 49.5% (29.2)",
        "oppCorsiAgainst": "51.4% (60.7) // 52.0% (60.6) // 66.1% (80.0) // 51.4% (60.7)",
        "oppFenwickAgainst": "50.3% (42.8) // 51.2% (42.5) // 67.1% (53.0) // 50.3% (42.8)",
        "oppShotsAgainst": "49.5% (30.4) // 49.8% (28.5) // 62.0% (31.0) // 49.5% (30.4)",
        "oppScoringAgainst": "50.5% (29.8) // 51.0% (29.9) // 66.7% (36.0) // 50.5% (29.8)",
        "savesPerGame": 27.6,
        "savesPerGameLast1": 34.0,
        "savesPerGameLast3": 23.7,
        "savesPerGameLast5": 24.6,
        "savesPer60": 28.2,
        "savesPer60Last1": 34.0,
        "savesPer60Last3": 23.6,
        "savesPer60Last5": 24.6,
        "shotsPerGame": 30.3,
        "shotsPerGameLast5": 27.4,
        "shotsAgainstPerGame": 30.3,
        "shotsAgainstPerGameLast5": 27.2,
        "oppSavesAgainstPer60": 29.1,
        "oppSavesAgainstPer60Last1": 33.6,
        "oppSavesAgainstPer60Last3": 22.5,
        "oppSavesAgainstPer60Last5": 23.9,
        "oppShotsAgainstPerGame": 30.9,
        "oppShotsAgainstPerGameLast5": 28.2,
        "savesProj": 27.6,
        "savesProjLast5": 20.0,
        "savesProjLast3": 17.9,
        "oppSavesAgainstProj": 28.1,
        "oppSavesAgainstProjLast5": 20.2,
        "oppSavesAgainstProjLast3": 17.9,
        "totalOver": 40,
        "totalOverLast5": 60,
        "totalOverLast15": 40,
        "lastTotalOver": 54,
        "last5": "8,5,3,1,4,2,3,4,2,4",
        "overOdds": "+100",
        "underOdds": "-130",
        "overUnder": "+100 / -130"
    },
    {
        "player": "Mark Scheifele",
        "team": "WPG",
        "opponent": "VGK",
        "propType": "sog",
        "line": 2.5,
        "ppLine": "PP1",
        "avg": 2.55,
        "hit": false,
        "diffAvg": 0.02,
        "diffAbs": 0.12,
        "lastAvg": 2.37,
        "diff": -0.05,
        "avgMin": 20,
        "proj": 2.2,
        "lastAvgMin": 21.13,
        "oppOver": 0,
        "teamOver": 0,
        "gameLine": "-115",
        "+/-": -18,
        "L5_+/-": -2.0,
        "prevMatchup": "2023-04-20 2.0 sog 2023-04-18 4.0 sog 2022-12-13 3.0 sog 2022-10-30 1.0 sog 2022-10-20 3.0 sog",
        "winLossSplits": "51% - 47%",
        "awayHome": "H",
        "playedYesterday": "N",
        "awayHomeSplits": "43% - 56%",
        "savesAboveExp": "-",
        "gsaa": "-",
        "corsi": "51.5% (58.6) // 54.0% (61.3) // 50.0% (43.0) // 51.5% (58.6)",
        "fenwick": "51.3% (43.9) // 53.8% (45.7) // 47.5% (29.0) // 51.3% (43.9)",
        "shots": "50.0% (30.1) // 52.0% (30.2) // 44.4% (20.0) // 50.0% (30.1)",
        "scoring": "51.9% (30.3) // 55.2% (31.4) // 51.1% (24.0) // 51.9% (30.3)",
        "corsiAgainst": "48.5% (55.2) // 46.0% (52.2) // 50.0% (43.0) // 48.5% (55.2)",
        "fenwickAgainst": "48.7% (41.7) // 46.2% (39.2) // 52.5% (32.0) // 48.7% (41.7)",
        "shotsAgainst": "50.0% (30.1) // 48.0% (27.9) // 55.6% (25.0) // 50.0% (30.1)",
        "scoringAgainst": "48.1% (28.1) // 44.8% (25.5) // 48.9% (23.0) // 48.1% (28.1)",
        "oppCorsi": "48.6% (57.5) // 48.0% (56.0) // 33.9% (41.0) // 48.6% (57.5)",
        "oppFenwick": "49.7% (42.3) // 48.8% (40.5) // 32.9% (26.0) // 49.7% (42.3)",
        "oppShots": "50.5% (31.1) // 50.2% (28.8) // 38.0% (19.0) // 50.5% (31.1)",
        "oppScoring": "49.5% (29.2) // 49.0% (28.7) // 33.3% (18.0) // 49.5% (29.2)",
        "oppCorsiAgainst": "51.4% (60.7) // 52.0% (60.6) // 66.1% (80.0) // 51.4% (60.7)",
        "oppFenwickAgainst": "50.3% (42.8) // 51.2% (42.5) // 67.1% (53.0) // 50.3% (42.8)",
        "oppShotsAgainst": "49.5% (30.4) // 49.8% (28.5) // 62.0% (31.0) // 49.5% (30.4)",
        "oppScoringAgainst": "50.5% (29.8) // 51.0% (29.9) // 66.7% (36.0) // 50.5% (29.8)",
        "savesPerGame": 27.6,
        "savesPerGameLast1": 34.0,
        "savesPerGameLast3": 23.7,
        "savesPerGameLast5": 24.6,
        "savesPer60": 28.2,
        "savesPer60Last1": 34.0,
        "savesPer60Last3": 23.6,
        "savesPer60Last5": 24.6,
        "shotsPerGame": 30.3,
        "shotsPerGameLast5": 27.4,
        "shotsAgainstPerGame": 30.3,
        "shotsAgainstPerGameLast5": 27.2,
        "oppSavesAgainstPer60": 29.1,
        "oppSavesAgainstPer60Last1": 33.6,
        "oppSavesAgainstPer60Last3": 22.5,
        "oppSavesAgainstPer60Last5": 23.9,
        "oppShotsAgainstPerGame": 30.9,
        "oppShotsAgainstPerGameLast5": 28.2,
        "savesProj": 27.6,
        "savesProjLast5": 20.0,
        "savesProjLast3": 17.9,
        "oppSavesAgainstProj": 28.1,
        "oppSavesAgainstProjLast5": 20.2,
        "oppSavesAgainstProjLast3": 17.9,
        "totalOver": 49,
        "totalOverLast5": 80,
        "totalOverLast15": 47,
        "lastTotalOver": 40,
        "last5": "2,4,3,3,4,2,1,1,3,0",
        "overOdds": "+105",
        "underOdds": "-135",
        "overUnder": "+105 / -135"
    },
    {
        "player": "Mark Stone",
        "team": "VGK",
        "opponent": "WPG",
        "propType": "sog",
        "line": 2.5,
        "ppLine": "PP1",
        "avg": 2.62,
        "hit": false,
        "diffAvg": 0.05,
        "diffAbs": 0.24,
        "lastAvg": 1.87,
        "diff": -0.25,
        "avgMin": 19,
        "proj": 1.9,
        "lastAvgMin": 18.33,
        "oppOver": 0,
        "teamOver": 0,
        "gameLine": "-105",
        "+/-": "+10",
        "L5_+/-": "+2.0",
        "prevMatchup": "2023-04-20 5.0 sog 2023-04-18 0.0 sog 2022-12-13 4.0 sog 2022-10-30 7.0 sog 2022-10-20 3.0 sog",
        "winLossSplits": "66% - 38%",
        "awayHome": "A",
        "playedYesterday": "N",
        "awayHomeSplits": "65% - 48%",
        "savesAboveExp": 0.641,
        "gsaa": 31.05,
        "corsi": "48.6% (57.5) // 48.0% (56.0) // 33.9% (41.0) // 48.6% (57.5)",
        "fenwick": "49.7% (42.3) // 48.8% (40.5) // 32.9% (26.0) // 49.7% (42.3)",
        "shots": "50.5% (31.1) // 50.2% (28.8) // 38.0% (19.0) // 50.5% (31.1)",
        "scoring": "49.5% (29.2) // 49.0% (28.7) // 33.3% (18.0) // 49.5% (29.2)",
        "corsiAgainst": "51.4% (60.7) // 52.0% (60.6) // 66.1% (80.0) // 51.4% (60.7)",
        "fenwickAgainst": "50.3% (42.8) // 51.2% (42.5) // 67.1% (53.0) // 50.3% (42.8)",
        "shotsAgainst": "49.5% (30.4) // 49.8% (28.5) // 62.0% (31.0) // 49.5% (30.4)",
        "scoringAgainst": "50.5% (29.8) // 51.0% (29.9) // 66.7% (36.0) // 50.5% (29.8)",
        "oppCorsi": "51.5% (58.6) // 54.0% (61.3) // 50.0% (43.0) // 51.5% (58.6)",
        "oppFenwick": "51.3% (43.9) // 53.8% (45.7) // 47.5% (29.0) // 51.3% (43.9)",
        "oppShots": "50.0% (30.1) // 52.0% (30.2) // 44.4% (20.0) // 50.0% (30.1)",
        "oppScoring": "51.9% (30.3) // 55.2% (31.4) // 51.1% (24.0) // 51.9% (30.3)",
        "oppCorsiAgainst": "48.5% (55.2) // 46.0% (52.2) // 50.0% (43.0) // 48.5% (55.2)",
        "oppFenwickAgainst": "48.7% (41.7) // 46.2% (39.2) // 52.5% (32.0) // 48.7% (41.7)",
        "oppShotsAgainst": "50.0% (30.1) // 48.0% (27.9) // 55.6% (25.0) // 50.0% (30.1)",
        "oppScoringAgainst": "48.1% (28.1) // 44.8% (25.5) // 48.9% (23.0) // 48.1% (28.1)",
        "savesPerGame": 28.1,
        "savesPerGameLast1": 31.0,
        "savesPerGameLast3": 29.0,
        "savesPerGameLast5": 26.2,
        "savesPer60": 29.0,
        "savesPer60Last1": 30.9,
        "savesPer60Last3": 28.7,
        "savesPer60Last5": 26.5,
        "shotsPerGame": 31.5,
        "shotsPerGameLast5": 26.4,
        "shotsAgainstPerGame": 30.9,
        "shotsAgainstPerGameLast5": 28.2,
        "oppSavesAgainstPer60": 27.8,
        "oppSavesAgainstPer60Last1": 29.7,
        "oppSavesAgainstPer60Last3": 24.4,
        "oppSavesAgainstPer60Last5": 23.3,
        "oppShotsAgainstPerGame": 30.3,
        "oppShotsAgainstPerGameLast5": 27.2,
        "savesProj": 28.0,
        "savesProjLast5": 22.4,
        "savesProjLast3": 25.5,
        "oppSavesAgainstProj": 27.5,
        "oppSavesAgainstProjLast5": 21.9,
        "oppSavesAgainstProjLast3": 25.6,
        "totalOver": 56,
        "totalOverLast5": 20,
        "totalOverLast15": 47,
        "lastTotalOver": 32,
        "last5": "5,0,0,2,1,4,0,3,3,5",
        "overOdds": "+110",
        "underOdds": "-140",
        "overUnder": "+110 / -140"
    },
    {
        "player": "Nino Niederreiter",
        "team": "WPG",
        "opponent": "VGK",
        "propType": "sog",
        "line": 1.5,
        "ppLine": "PP2",
        "avg": 2.3,
        "hit": false,
        "diffAvg": 0.53,
        "diffAbs": 0.13,
        "lastAvg": 1.62,
        "diff": 0.08,
        "avgMin": 16,
        "proj": 1.7,
        "lastAvgMin": 14.83,
        "oppOver": 0,
        "teamOver": 0,
        "gameLine": "-115",
        "+/-": -6,
        "L5_+/-": "+2.0",
        "prevMatchup": "2023-04-20 2.0 sog 2023-04-18 1.0 sog 2023-02-07 2.0 sog 2022-12-31 4.0 sog",
        "winLossSplits": "60% - 65%",
        "awayHome": "H",
        "playedYesterday": "N",
        "awayHomeSplits": "62% - 62%",
        "savesAboveExp": "-",
        "gsaa": "-",
        "corsi": "51.5% (58.6) // 54.0% (61.3) // 50.0% (43.0) // 51.5% (58.6)",
        "fenwick": "51.3% (43.9) // 53.8% (45.7) // 47.5% (29.0) // 51.3% (43.9)",
        "shots": "50.0% (30.1) // 52.0% (30.2) // 44.4% (20.0) // 50.0% (30.1)",
        "scoring": "51.9% (30.3) // 55.2% (31.4) // 51.1% (24.0) // 51.9% (30.3)",
        "corsiAgainst": "48.5% (55.2) // 46.0% (52.2) // 50.0% (43.0) // 48.5% (55.2)",
        "fenwickAgainst": "48.7% (41.7) // 46.2% (39.2) // 52.5% (32.0) // 48.7% (41.7)",
        "shotsAgainst": "50.0% (30.1) // 48.0% (27.9) // 55.6% (25.0) // 50.0% (30.1)",
        "scoringAgainst": "48.1% (28.1) // 44.8% (25.5) // 48.9% (23.0) // 48.1% (28.1)",
        "oppCorsi": "48.6% (57.5) // 48.0% (56.0) // 33.9% (41.0) // 48.6% (57.5)",
        "oppFenwick": "49.7% (42.3) // 48.8% (40.5) // 32.9% (26.0) // 49.7% (42.3)",
        "oppShots": "50.5% (31.1) // 50.2% (28.8) // 38.0% (19.0) // 50.5% (31.1)",
        "oppScoring": "49.5% (29.2) // 49.0% (28.7) // 33.3% (18.0) // 49.5% (29.2)",
        "oppCorsiAgainst": "51.4% (60.7) // 52.0% (60.6) // 66.1% (80.0) // 51.4% (60.7)",
        "oppFenwickAgainst": "50.3% (42.8) // 51.2% (42.5) // 67.1% (53.0) // 50.3% (42.8)",
        "oppShotsAgainst": "49.5% (30.4) // 49.8% (28.5) // 62.0% (31.0) // 49.5% (30.4)",
        "oppScoringAgainst": "50.5% (29.8) // 51.0% (29.9) // 66.7% (36.0) // 50.5% (29.8)",
        "savesPerGame": 27.6,
        "savesPerGameLast1": 34.0,
        "savesPerGameLast3": 23.7,
        "savesPerGameLast5": 24.6,
        "savesPer60": 28.2,
        "savesPer60Last1": 34.0,
        "savesPer60Last3": 23.6,
        "savesPer60Last5": 24.6,
        "shotsPerGame": 30.3,
        "shotsPerGameLast5": 27.4,
        "shotsAgainstPerGame": 30.3,
        "shotsAgainstPerGameLast5": 27.2,
        "oppSavesAgainstPer60": 29.1,
        "oppSavesAgainstPer60Last1": 33.6,
        "oppSavesAgainstPer60Last3": 22.5,
        "oppSavesAgainstPer60Last5": 23.9,
        "oppShotsAgainstPerGame": 30.9,
        "oppShotsAgainstPerGameLast5": 28.2,
        "savesProj": 27.6,
        "savesProjLast5": 20.0,
        "savesProjLast3": 17.9,
        "oppSavesAgainstProj": 28.1,
        "oppSavesAgainstProjLast5": 20.2,
        "oppSavesAgainstProjLast3": 17.9,
        "totalOver": 62,
        "totalOverLast5": 60,
        "totalOverLast15": 53,
        "lastTotalOver": 63,
        "last5": "2,1,2,1,4,3,2,2,5,0",
        "overOdds": "-190",
        "underOdds": "+155",
        "overUnder": "-190 / +155"
    },
    {
        "player": "Pierre-Luc Dubois",
        "team": "WPG",
        "opponent": "VGK",
        "propType": "sog",
        "line": 2.5,
        "ppLine": "",
        "avg": 2.79,
        "hit": false,
        "diffAvg": 0.12,
        "diffAbs": 0.08,
        "lastAvg": 2.88,
        "diff": 0.15,
        "avgMin": 18,
        "proj": 2.7,
        "lastAvgMin": 18.92,
        "oppOver": 0,
        "teamOver": 0,
        "gameLine": "-115",
        "+/-": "+6",
        "L5_+/-": "+3.0",
        "prevMatchup": "2023-04-20 1.0 sog 2023-04-18 3.0 sog 2022-12-13 1.0 sog 2022-10-30 2.0 sog 2022-10-20 3.0 sog",
        "winLossSplits": "64% - 39%",
        "awayHome": "H",
        "playedYesterday": "N",
        "awayHomeSplits": "53% - 54%",
        "savesAboveExp": "-",
        "gsaa": "-",
        "corsi": "51.5% (58.6) // 54.0% (61.3) // 50.0% (43.0) // 51.5% (58.6)",
        "fenwick": "51.3% (43.9) // 53.8% (45.7) // 47.5% (29.0) // 51.3% (43.9)",
        "shots": "50.0% (30.1) // 52.0% (30.2) // 44.4% (20.0) // 50.0% (30.1)",
        "scoring": "51.9% (30.3) // 55.2% (31.4) // 51.1% (24.0) // 51.9% (30.3)",
        "corsiAgainst": "48.5% (55.2) // 46.0% (52.2) // 50.0% (43.0) // 48.5% (55.2)",
        "fenwickAgainst": "48.7% (41.7) // 46.2% (39.2) // 52.5% (32.0) // 48.7% (41.7)",
        "shotsAgainst": "50.0% (30.1) // 48.0% (27.9) // 55.6% (25.0) // 50.0% (30.1)",
        "scoringAgainst": "48.1% (28.1) // 44.8% (25.5) // 48.9% (23.0) // 48.1% (28.1)",
        "oppCorsi": "48.6% (57.5) // 48.0% (56.0) // 33.9% (41.0) // 48.6% (57.5)",
        "oppFenwick": "49.7% (42.3) // 48.8% (40.5) // 32.9% (26.0) // 49.7% (42.3)",
        "oppShots": "50.5% (31.1) // 50.2% (28.8) // 38.0% (19.0) // 50.5% (31.1)",
        "oppScoring": "49.5% (29.2) // 49.0% (28.7) // 33.3% (18.0) // 49.5% (29.2)",
        "oppCorsiAgainst": "51.4% (60.7) // 52.0% (60.6) // 66.1% (80.0) // 51.4% (60.7)",
        "oppFenwickAgainst": "50.3% (42.8) // 51.2% (42.5) // 67.1% (53.0) // 50.3% (42.8)",
        "oppShotsAgainst": "49.5% (30.4) // 49.8% (28.5) // 62.0% (31.0) // 49.5% (30.4)",
        "oppScoringAgainst": "50.5% (29.8) // 51.0% (29.9) // 66.7% (36.0) // 50.5% (29.8)",
        "savesPerGame": 27.6,
        "savesPerGameLast1": 34.0,
        "savesPerGameLast3": 23.7,
        "savesPerGameLast5": 24.6,
        "savesPer60": 28.2,
        "savesPer60Last1": 34.0,
        "savesPer60Last3": 23.6,
        "savesPer60Last5": 24.6,
        "shotsPerGame": 30.3,
        "shotsPerGameLast5": 27.4,
        "shotsAgainstPerGame": 30.3,
        "shotsAgainstPerGameLast5": 27.2,
        "oppSavesAgainstPer60": 29.1,
        "oppSavesAgainstPer60Last1": 33.6,
        "oppSavesAgainstPer60Last3": 22.5,
        "oppSavesAgainstPer60Last5": 23.9,
        "oppShotsAgainstPerGame": 30.9,
        "oppShotsAgainstPerGameLast5": 28.2,
        "savesProj": 27.6,
        "savesProjLast5": 20.0,
        "savesProjLast3": 17.9,
        "oppSavesAgainstProj": 28.1,
        "oppSavesAgainstProjLast5": 20.2,
        "oppSavesAgainstProjLast3": 17.9,
        "totalOver": 53,
        "totalOverLast5": 60,
        "totalOverLast15": 60,
        "lastTotalOver": 49,
        "last5": "1,3,0,4,5,5,2,3,0,3",
        "overOdds": "-130",
        "underOdds": "+100",
        "overUnder": "-130 / +100"
    },
    {
        "player": "Reilly Smith",
        "team": "VGK",
        "opponent": "WPG",
        "propType": "sog",
        "line": 1.5,
        "ppLine": "PP2",
        "avg": 2.36,
        "hit": false,
        "diffAvg": 0.57,
        "diffAbs": 0.6,
        "lastAvg": 2.68,
        "diff": 0.79,
        "avgMin": 16,
        "proj": 2.4,
        "lastAvgMin": 17.78,
        "oppOver": 0,
        "teamOver": 0,
        "gameLine": "-105",
        "+/-": "+11",
        "L5_+/-": "+5.0",
        "prevMatchup": "2023-04-20 2.0 sog 2023-04-18 5.0 sog 2022-12-13 2.0 sog 2022-10-30 4.0 sog 2022-10-20 3.0 sog",
        "winLossSplits": "66% - 63%",
        "awayHome": "A",
        "playedYesterday": "N",
        "awayHomeSplits": "69% - 61%",
        "savesAboveExp": 0.641,
        "gsaa": 31.05,
        "corsi": "48.6% (57.5) // 48.0% (56.0) // 33.9% (41.0) // 48.6% (57.5)",
        "fenwick": "49.7% (42.3) // 48.8% (40.5) // 32.9% (26.0) // 49.7% (42.3)",
        "shots": "50.5% (31.1) // 50.2% (28.8) // 38.0% (19.0) // 50.5% (31.1)",
        "scoring": "49.5% (29.2) // 49.0% (28.7) // 33.3% (18.0) // 49.5% (29.2)",
        "corsiAgainst": "51.4% (60.7) // 52.0% (60.6) // 66.1% (80.0) // 51.4% (60.7)",
        "fenwickAgainst": "50.3% (42.8) // 51.2% (42.5) // 67.1% (53.0) // 50.3% (42.8)",
        "shotsAgainst": "49.5% (30.4) // 49.8% (28.5) // 62.0% (31.0) // 49.5% (30.4)",
        "scoringAgainst": "50.5% (29.8) // 51.0% (29.9) // 66.7% (36.0) // 50.5% (29.8)",
        "oppCorsi": "51.5% (58.6) // 54.0% (61.3) // 50.0% (43.0) // 51.5% (58.6)",
        "oppFenwick": "51.3% (43.9) // 53.8% (45.7) // 47.5% (29.0) // 51.3% (43.9)",
        "oppShots": "50.0% (30.1) // 52.0% (30.2) // 44.4% (20.0) // 50.0% (30.1)",
        "oppScoring": "51.9% (30.3) // 55.2% (31.4) // 51.1% (24.0) // 51.9% (30.3)",
        "oppCorsiAgainst": "48.5% (55.2) // 46.0% (52.2) // 50.0% (43.0) // 48.5% (55.2)",
        "oppFenwickAgainst": "48.7% (41.7) // 46.2% (39.2) // 52.5% (32.0) // 48.7% (41.7)",
        "oppShotsAgainst": "50.0% (30.1) // 48.0% (27.9) // 55.6% (25.0) // 50.0% (30.1)",
        "oppScoringAgainst": "48.1% (28.1) // 44.8% (25.5) // 48.9% (23.0) // 48.1% (28.1)",
        "savesPerGame": 28.1,
        "savesPerGameLast1": 31.0,
        "savesPerGameLast3": 29.0,
        "savesPerGameLast5": 26.2,
        "savesPer60": 29.0,
        "savesPer60Last1": 30.9,
        "savesPer60Last3": 28.7,
        "savesPer60Last5": 26.5,
        "shotsPerGame": 31.5,
        "shotsPerGameLast5": 26.4,
        "shotsAgainstPerGame": 30.9,
        "shotsAgainstPerGameLast5": 28.2,
        "oppSavesAgainstPer60": 27.8,
        "oppSavesAgainstPer60Last1": 29.7,
        "oppSavesAgainstPer60Last3": 24.4,
        "oppSavesAgainstPer60Last5": 23.3,
        "oppShotsAgainstPerGame": 30.3,
        "oppShotsAgainstPerGameLast5": 27.2,
        "savesProj": 28.0,
        "savesProjLast5": 22.4,
        "savesProjLast3": 25.5,
        "oppSavesAgainstProj": 27.5,
        "oppSavesAgainstProjLast5": 21.9,
        "oppSavesAgainstProjLast3": 25.6,
        "totalOver": 65,
        "totalOverLast5": 80,
        "totalOverLast15": 47,
        "lastTotalOver": 72,
        "last5": "2,5,2,4,0,2,1,4,1,1",
        "overOdds": "-190",
        "underOdds": "+155",
        "overUnder": "-190 / +155"
    },
    {
        "player": "Shea Theodore",
        "team": "VGK",
        "opponent": "WPG",
        "propType": "sog",
        "line": 1.5,
        "ppLine": "PP2",
        "avg": 2.47,
        "hit": false,
        "diffAvg": 0.65,
        "diffAbs": 0.6,
        "lastAvg": 2.63,
        "diff": 0.75,
        "avgMin": 21,
        "proj": 2.4,
        "lastAvgMin": 23.13,
        "oppOver": 0,
        "teamOver": 0,
        "gameLine": "-105",
        "+/-": "+15",
        "L5_+/-": -3.0,
        "prevMatchup": "2023-04-20 2.0 sog 2023-04-18 1.0 sog 2022-10-30 2.0 sog 2022-10-20 1.0 sog",
        "winLossSplits": "59% - 89%",
        "awayHome": "A",
        "playedYesterday": "N",
        "awayHomeSplits": "67% - 70%",
        "savesAboveExp": 0.641,
        "gsaa": 31.05,
        "corsi": "48.6% (57.5) // 48.0% (56.0) // 33.9% (41.0) // 48.6% (57.5)",
        "fenwick": "49.7% (42.3) // 48.8% (40.5) // 32.9% (26.0) // 49.7% (42.3)",
        "shots": "50.5% (31.1) // 50.2% (28.8) // 38.0% (19.0) // 50.5% (31.1)",
        "scoring": "49.5% (29.2) // 49.0% (28.7) // 33.3% (18.0) // 49.5% (29.2)",
        "corsiAgainst": "51.4% (60.7) // 52.0% (60.6) // 66.1% (80.0) // 51.4% (60.7)",
        "fenwickAgainst": "50.3% (42.8) // 51.2% (42.5) // 67.1% (53.0) // 50.3% (42.8)",
        "shotsAgainst": "49.5% (30.4) // 49.8% (28.5) // 62.0% (31.0) // 49.5% (30.4)",
        "scoringAgainst": "50.5% (29.8) // 51.0% (29.9) // 66.7% (36.0) // 50.5% (29.8)",
        "oppCorsi": "51.5% (58.6) // 54.0% (61.3) // 50.0% (43.0) // 51.5% (58.6)",
        "oppFenwick": "51.3% (43.9) // 53.8% (45.7) // 47.5% (29.0) // 51.3% (43.9)",
        "oppShots": "50.0% (30.1) // 52.0% (30.2) // 44.4% (20.0) // 50.0% (30.1)",
        "oppScoring": "51.9% (30.3) // 55.2% (31.4) // 51.1% (24.0) // 51.9% (30.3)",
        "oppCorsiAgainst": "48.5% (55.2) // 46.0% (52.2) // 50.0% (43.0) // 48.5% (55.2)",
        "oppFenwickAgainst": "48.7% (41.7) // 46.2% (39.2) // 52.5% (32.0) // 48.7% (41.7)",
        "oppShotsAgainst": "50.0% (30.1) // 48.0% (27.9) // 55.6% (25.0) // 50.0% (30.1)",
        "oppScoringAgainst": "48.1% (28.1) // 44.8% (25.5) // 48.9% (23.0) // 48.1% (28.1)",
        "savesPerGame": 28.1,
        "savesPerGameLast1": 31.0,
        "savesPerGameLast3": 29.0,
        "savesPerGameLast5": 26.2,
        "savesPer60": 29.0,
        "savesPer60Last1": 30.9,
        "savesPer60Last3": 28.7,
        "savesPer60Last5": 26.5,
        "shotsPerGame": 31.5,
        "shotsPerGameLast5": 26.4,
        "shotsAgainstPerGame": 30.9,
        "shotsAgainstPerGameLast5": 28.2,
        "oppSavesAgainstPer60": 27.8,
        "oppSavesAgainstPer60Last1": 29.7,
        "oppSavesAgainstPer60Last3": 24.4,
        "oppSavesAgainstPer60Last5": 23.3,
        "oppShotsAgainstPerGame": 30.3,
        "oppShotsAgainstPerGameLast5": 27.2,
        "savesProj": 28.0,
        "savesProjLast5": 22.4,
        "savesProjLast3": 25.5,
        "oppSavesAgainstProj": 27.5,
        "oppSavesAgainstProjLast5": 21.9,
        "oppSavesAgainstProjLast3": 25.6,
        "totalOver": 68,
        "totalOverLast5": 60,
        "totalOverLast15": 47,
        "lastTotalOver": 73,
        "last5": "2,1,2,0,3,1,3,3,2,1",
        "overOdds": "-175",
        "underOdds": "+140",
        "overUnder": "-175 / +140"
    },
    {
        "player": "William Karlsson",
        "team": "VGK",
        "opponent": "WPG",
        "propType": "sog",
        "line": 1.5,
        "ppLine": "PP2",
        "avg": 1.96,
        "hit": false,
        "diffAvg": 0.31,
        "diffAbs": 0.27,
        "lastAvg": 2.01,
        "diff": 0.34,
        "avgMin": 17,
        "proj": 1.9,
        "lastAvgMin": 18.27,
        "oppOver": 0,
        "teamOver": 0,
        "gameLine": "-105",
        "+/-": "+16",
        "L5_+/-": "+9.0",
        "prevMatchup": "2023-04-20 3.0 sog 2023-04-18 2.0 sog 2022-12-13 1.0 sog 2022-10-30 6.0 sog 2022-10-20 2.0 sog",
        "winLossSplits": "69% - 53%",
        "awayHome": "A",
        "playedYesterday": "N",
        "awayHomeSplits": "59% - 67%",
        "savesAboveExp": 0.641,
        "gsaa": 31.05,
        "corsi": "48.6% (57.5) // 48.0% (56.0) // 33.9% (41.0) // 48.6% (57.5)",
        "fenwick": "49.7% (42.3) // 48.8% (40.5) // 32.9% (26.0) // 49.7% (42.3)",
        "shots": "50.5% (31.1) // 50.2% (28.8) // 38.0% (19.0) // 50.5% (31.1)",
        "scoring": "49.5% (29.2) // 49.0% (28.7) // 33.3% (18.0) // 49.5% (29.2)",
        "corsiAgainst": "51.4% (60.7) // 52.0% (60.6) // 66.1% (80.0) // 51.4% (60.7)",
        "fenwickAgainst": "50.3% (42.8) // 51.2% (42.5) // 67.1% (53.0) // 50.3% (42.8)",
        "shotsAgainst": "49.5% (30.4) // 49.8% (28.5) // 62.0% (31.0) // 49.5% (30.4)",
        "scoringAgainst": "50.5% (29.8) // 51.0% (29.9) // 66.7% (36.0) // 50.5% (29.8)",
        "oppCorsi": "51.5% (58.6) // 54.0% (61.3) // 50.0% (43.0) // 51.5% (58.6)",
        "oppFenwick": "51.3% (43.9) // 53.8% (45.7) // 47.5% (29.0) // 51.3% (43.9)",
        "oppShots": "50.0% (30.1) // 52.0% (30.2) // 44.4% (20.0) // 50.0% (30.1)",
        "oppScoring": "51.9% (30.3) // 55.2% (31.4) // 51.1% (24.0) // 51.9% (30.3)",
        "oppCorsiAgainst": "48.5% (55.2) // 46.0% (52.2) // 50.0% (43.0) // 48.5% (55.2)",
        "oppFenwickAgainst": "48.7% (41.7) // 46.2% (39.2) // 52.5% (32.0) // 48.7% (41.7)",
        "oppShotsAgainst": "50.0% (30.1) // 48.0% (27.9) // 55.6% (25.0) // 50.0% (30.1)",
        "oppScoringAgainst": "48.1% (28.1) // 44.8% (25.5) // 48.9% (23.0) // 48.1% (28.1)",
        "savesPerGame": 28.1,
        "savesPerGameLast1": 31.0,
        "savesPerGameLast3": 29.0,
        "savesPerGameLast5": 26.2,
        "savesPer60": 29.0,
        "savesPer60Last1": 30.9,
        "savesPer60Last3": 28.7,
        "savesPer60Last5": 26.5,
        "shotsPerGame": 31.5,
        "shotsPerGameLast5": 26.4,
        "shotsAgainstPerGame": 30.9,
        "shotsAgainstPerGameLast5": 28.2,
        "oppSavesAgainstPer60": 27.8,
        "oppSavesAgainstPer60Last1": 29.7,
        "oppSavesAgainstPer60Last3": 24.4,
        "oppSavesAgainstPer60Last5": 23.3,
        "oppShotsAgainstPerGame": 30.3,
        "oppShotsAgainstPerGameLast5": 27.2,
        "savesProj": 28.0,
        "savesProjLast5": 22.4,
        "savesProjLast3": 25.5,
        "oppSavesAgainstProj": 27.5,
        "oppSavesAgainstProjLast5": 21.9,
        "oppSavesAgainstProjLast3": 25.6,
        "totalOver": 63,
        "totalOverLast5": 60,
        "totalOverLast15": 53,
        "lastTotalOver": 55,
        "last5": "3,2,1,6,0,3,1,0,2,2",
        "overOdds": "-145",
        "underOdds": "+115",
        "overUnder": "-145 / +115"
    },
    {
        "player": "Auston Matthews",
        "team": "TOR",
        "opponent": "TB",
        "propType": "sog",
        "line": 4.5,
        "ppLine": "PP1",
        "avg": 4.37,
        "hit": false,
