[
    {
        "player": "Akira Schmid",
        "team": "NJ",
        "opponent": "NYR",
        "propType": "sv",
        "line": 24.5,
        "ppLine": "",
        "avg": 21.82,
        "hit": false,
        "diffAvg": -0.11,
        "diffAbs": 0.15,
        "lastAvg": 15.83,
        "diff": -0.35,
        "avgMin": 52,
        "proj": 20.9,
        "lastAvgMin": 39.32,
        "oppOver": 64,
        "teamOver": 53,
        "gameLine": "-115",
        "+/-": 0,
        "L5_+/-": 0,
        "prevMatchup": "2022-11-28 nj @ nyr 35.0 sv 2022-12-12 nj @ nyr 19.0 sv 2023-01-07 nyr @ nj 31.0 sv 2023-03-30 nyr @ nj 24.0 sv 2023-04-18 nyr @ nj 18.0 sv 2023-04-20 nyr @ nj 25.0 sv 2023-04-22 nj @ nyr 35.0 sv 2023-04-24 nj @ nyr 22.0 sv 2023-04-27 nyr @ nj 23.0 sv 2023-04-29 nj @ nyr 24.0 sv",
        "winLossSplits": "31% - 33%",
        "awayHome": "H",
        "playedYesterday": "N",
        "awayHomeSplits": "38% - 22%",
        "savesAboveExp": 0.922,
        "gsaa": 7.07,
        "corsi": "53.7% (63.4) // 55.1% (64.9) // 53.7% (63.4) // 53.7% (63.4)",
        "fenwick": "53.9% (46.9) // 55.2% (48.2) // 53.9% (46.9) // 53.9% (46.9)",
        "shots": "54.9% (33.9) // 54.4% (33.3) // 54.9% (33.9) // 54.9% (33.9)",
        "scoring": "56.3% (35.0) // 60.7% (39.4) // 56.3% (35.0) // 56.3% (35.0)",
        "corsiAgainst": "46.3% (54.8) // 44.9% (52.8) // 46.3% (54.8) // 46.3% (54.8)",
        "fenwickAgainst": "46.1% (40.1) // 44.8% (39.2) // 46.1% (40.1) // 46.1% (40.1)",
        "shotsAgainst": "45.1% (27.8) // 45.6% (28.0) // 45.1% (27.8) // 45.1% (27.8)",
        "scoringAgainst": "43.7% (27.1) // 39.3% (25.5) // 43.7% (27.1) // 43.7% (27.1)",
        "oppCorsi": "51.4% (57.9) // 49.5% (54.5) // 51.4% (57.9) // 51.4% (57.9)",
        "oppFenwick": "52.0% (43.7) // 50.7% (42.3) // 52.0% (43.7) // 52.0% (43.7)",
        "oppShots": "51.8% (31.1) // 51.8% (30.7) // 51.8% (31.1) // 51.8% (31.1)",
        "oppScoring": "51.3% (30.8) // 48.9% (29.6) // 51.3% (30.8) // 51.3% (30.8)",
        "oppCorsiAgainst": "48.6% (54.7) // 50.5% (55.5) // 48.6% (54.7) // 48.6% (54.7)",
        "oppFenwickAgainst": "48.0% (40.2) // 49.3% (41.1) // 48.0% (40.2) // 48.0% (40.2)",
        "oppShotsAgainst": "48.2% (28.9) // 48.2% (28.6) // 48.2% (28.9) // 48.2% (28.9)",
        "oppScoringAgainst": "48.7% (29.2) // 51.1% (30.9) // 48.7% (29.2) // 48.7% (29.2)",
        "savesPerGame": 25.5,
        "savesPerGameLast1": 24.0,
        "savesPerGameLast3": 23.0,
        "savesPerGameLast5": 25.8,
        "savesPer60": 27.5,
        "savesPer60Last1": 21.0,
        "savesPer60Last3": 22.0,
        "savesPer60Last5": 26.1,
        "shotsPerGame": 34.4,
        "shotsPerGameLast5": 30.8,
        "shotsAgainstPerGame": 28.2,
        "shotsAgainstPerGameLast5": 28.2,
        "oppSavesAgainstPer60": 30.4,
        "oppSavesAgainstPer60Last1": 24.0,
        "oppSavesAgainstPer60Last3": 22.9,
        "oppSavesAgainstPer60Last5": 25.6,
        "oppShotsAgainstPerGame": 29.3,
        "oppShotsAgainstPerGameLast5": 30.8,
        "savesProj": 26.6,
        "savesProjLast5": 23.4,
        "savesProjLast3": 17.6,
        "oppSavesAgainstProj": 26.4,
        "oppSavesAgainstProjLast5": 21.7,
        "oppSavesAgainstProjLast3": 17.3,
        "totalOver": 32,
        "totalOverLast5": 20,
        "totalOverLast15": 13,
        "lastTotalOver": 0,
        "last5": "24,23,22,35,20,4,37,21,23,20",
        "overOdds": "-120",
        "underOdds": "-110",
        "overUnder": "-120 / -110"
    },
    {
        "player": "Igor Shesterkin",
        "team": "NYR",
        "opponent": "NJ",
        "propType": "sv",
        "line": 29.5,
        "ppLine": "",
        "avg": 27.23,
        "hit": false,
        "diffAvg": -0.08,
        "diffAbs": 0.27,
        "lastAvg": 20.77,
        "diff": -0.3,
        "avgMin": 60,
        "proj": 21.5,
        "lastAvgMin": 57.93,
        "oppOver": 56,
        "teamOver": 32,
        "gameLine": "-105",
        "+/-": 0,
        "L5_+/-": 0,
        "prevMatchup": "2022-11-28 nj @ nyr 33.0 sv 2022-12-12 nj @ nyr 26.0 sv 2023-01-07 nyr @ nj 39.0 sv 2023-03-30 nyr @ nj 29.0 sv 2023-04-18 nyr @ nj 27.0 sv 2023-04-20 nyr @ nj 22.0 sv 2023-04-22 nj @ nyr 26.0 sv 2023-04-24 nj @ nyr 20.0 sv 2023-04-27 nyr @ nj 39.0 sv 2023-04-29 nj @ nyr 34.0 sv",
        "winLossSplits": "25% - 42%",
        "awayHome": "A",
        "playedYesterday": "N",
        "awayHomeSplits": "32% - 31%",
        "savesAboveExp": 0.388,
        "gsaa": 20.59,
        "corsi": "51.4% (57.9) // 49.5% (54.5) // 51.4% (57.9) // 51.4% (57.9)",
        "fenwick": "52.0% (43.7) // 50.7% (42.3) // 52.0% (43.7) // 52.0% (43.7)",
        "shots": "51.8% (31.1) // 51.8% (30.7) // 51.8% (31.1) // 51.8% (31.1)",
        "scoring": "51.3% (30.8) // 48.9% (29.6) // 51.3% (30.8) // 51.3% (30.8)",
        "corsiAgainst": "48.6% (54.7) // 50.5% (55.5) // 48.6% (54.7) // 48.6% (54.7)",
        "fenwickAgainst": "48.0% (40.2) // 49.3% (41.1) // 48.0% (40.2) // 48.0% (40.2)",
        "shotsAgainst": "48.2% (28.9) // 48.2% (28.6) // 48.2% (28.9) // 48.2% (28.9)",
        "scoringAgainst": "48.7% (29.2) // 51.1% (30.9) // 48.7% (29.2) // 48.7% (29.2)",
        "oppCorsi": "53.7% (63.4) // 55.1% (64.9) // 53.7% (63.4) // 53.7% (63.4)",
        "oppFenwick": "53.9% (46.9) // 55.2% (48.2) // 53.9% (46.9) // 53.9% (46.9)",
        "oppShots": "54.9% (33.9) // 54.4% (33.3) // 54.9% (33.9) // 54.9% (33.9)",
        "oppScoring": "56.3% (35.0) // 60.7% (39.4) // 56.3% (35.0) // 56.3% (35.0)",
        "oppCorsiAgainst": "46.3% (54.8) // 44.9% (52.8) // 46.3% (54.8) // 46.3% (54.8)",
        "oppFenwickAgainst": "46.1% (40.1) // 44.8% (39.2) // 46.1% (40.1) // 46.1% (40.1)",
        "oppShotsAgainst": "45.1% (27.8) // 45.6% (28.0) // 45.1% (27.8) // 45.1% (27.8)",
        "oppScoringAgainst": "43.7% (27.1) // 39.3% (25.5) // 43.7% (27.1) // 43.7% (27.1)",
        "savesPerGame": 26.7,
        "savesPerGameLast1": 34.0,
        "savesPerGameLast3": 31.0,
        "savesPerGameLast5": 28.4,
        "savesPer60": 28.8,
        "savesPer60Last1": 34.0,
        "savesPer60Last3": 30.6,
        "savesPer60Last5": 29.2,
        "shotsPerGame": 31.5,
        "shotsPerGameLast5": 28.2,
        "shotsAgainstPerGame": 29.3,
        "shotsAgainstPerGameLast5": 30.8,
        "oppSavesAgainstPer60": 33.3,
        "oppSavesAgainstPer60Last1": 34.0,
        "oppSavesAgainstPer60Last3": 30.8,
        "oppSavesAgainstPer60Last5": 28.1,
        "oppShotsAgainstPerGame": 28.2,
        "oppShotsAgainstPerGameLast5": 28.2,
        "savesProj": 32.1,
        "savesProjLast5": 29.9,
        "savesProjLast3": 34.5,
        "oppSavesAgainstProj": 30.0,
        "oppSavesAgainstProjLast5": 23.8,
        "oppSavesAgainstProjLast3": 28.7,
        "totalOver": 31,
        "totalOverLast5": 40,
        "totalOverLast15": 27,
        "lastTotalOver": 54,
        "last5": "34,39,20,26,22,27,37,20,28,26",
        "overOdds": "-125",
        "underOdds": "-105",
        "overUnder": "-125 / -105"
    }
]