[
    {
        "player": "Brett Pesce",
        "team": "CAR",
        "opponent": "NYI",
        "propType": "bs",
        "line": 1.5,
        "ppLine": "",
        "avg": 1.34,
        "hit": false,
        "diffAvg": -0.11,
        "diffAbs": 1.0,
        "lastAvg": 0.0,
        "diff": 0,
        "avgMin": 21,
        "proj": 0.0,
        "lastAvgMin": 21.7,
        "oppOver": 0,
        "teamOver": 0,
        "gameLine": "-165",
        "+/-": "+10",
        "L5_+/-": -3.0,
        "prevMatchup": "2023-04-17 1.0 bs 2023-04-02 0.0 bs 2023-01-21 1.0 bs 2022-12-10 2.0 bs 2022-10-28 0.0 bs",
        "winLossSplits": "45% - 40%",
        "awayHome": "H",
        "playedYesterday": "N",
        "awayHomeSplits": "39% - 48%",
        "savesAboveExp": 0.704,
        "gsaa": 35.99,
        "corsi": "59.9% (67.4) // 61.2% (68.8) // 56.4% (63.0) // 56.9% (83.0)",
        "fenwick": "59.1% (50.8) // 60.1% (51.8) // 55.4% (48.0) // 58.4% (66.0)",
        "shots": "57.2% (34.3) // 58.4% (34.4) // 51.7% (31.0) // 51.4% (36.0)",
        "scoring": "58.9% (33.3) // 62.3% (33.3) // 53.2% (28.0) // 54.5% (36.0)",
        "corsiAgainst": "40.1% (45.2) // 38.8% (43.6) // 43.6% (48.7) // 43.1% (63.0)",
        "fenwickAgainst": "40.9% (35.1) // 39.9% (34.4) // 44.6% (38.7) // 41.6% (47.0)",
        "shotsAgainst": "42.8% (25.6) // 41.6% (24.5) // 48.3% (29.0) // 48.6% (34.0)",
        "scoringAgainst": "41.1% (23.3) // 37.7% (20.2) // 46.8% (24.7) // 45.5% (30.0)",
        "oppCorsi": "49.6% (58.7) // 54.1% (65.8) // 62.9% (83.0) // -",
        "oppFenwick": "49.5% (42.7) // 53.4% (47.0) // 64.5% (60.0) // -",
        "oppShots": "49.8% (30.5) // 53.2% (32.4) // 63.0% (37.5) // -",
        "oppScoring": "50.0% (30.4) // 52.7% (31.7) // 66.1% (41.0) // -",
        "oppCorsiAgainst": "50.4% (59.6) // 45.9% (55.9) // 37.1% (49.0) // -",
        "oppFenwickAgainst": "50.5% (43.6) // 46.6% (40.9) // 35.5% (33.0) // -",
        "oppShotsAgainst": "50.2% (30.7) // 46.8% (28.5) // 37.0% (22.0) // -",
        "oppScoringAgainst": "50.0% (30.4) // 47.3% (28.4) // 33.9% (21.0) // -",
        "savesPerGame": 23.4,
        "savesPerGameLast1": 25.0,
        "savesPerGameLast3": 25.0,
        "savesPerGameLast5": 26.0,
        "savesPer60": 23.9,
        "savesPer60Last1": 25.0,
        "savesPer60Last3": 25.0,
        "savesPer60Last5": 25.6,
        "shotsPerGame": 34.8,
        "shotsPerGameLast5": 32.8,
        "shotsAgainstPerGame": 26.0,
        "shotsAgainstPerGameLast5": 28.6,
        "oppSavesAgainstPer60": 28.2,
        "oppSavesAgainstPer60Last1": 25.0,
        "oppSavesAgainstPer60Last3": 31.3,
        "oppSavesAgainstPer60Last5": 29.4,
        "oppShotsAgainstPerGame": 31.0,
        "oppShotsAgainstPerGameLast5": 27.8,
        "savesProj": 23.1,
        "savesProjLast5": 26.2,
        "savesProjLast3": 27.3,
        "oppSavesAgainstProj": 23.3,
        "oppSavesAgainstProjLast5": 25.9,
        "oppSavesAgainstProjLast3": 26.8,
        "totalOver": 43,
        "totalOverLast5": 40,
        "totalOverLast15": 47,
        "lastTotalOver": 0,
        "last5": "1,2,0,1,2,0,2,0,2,1",
        "overOdds": "+115",
        "underOdds": "-145",
        "overUnder": "+115 / -145"
    },
    {
        "player": "Jaccob Slavin",
        "team": "CAR",
        "opponent": "NYI",
        "propType": "bs",
        "line": 1.5,
        "ppLine": "",
        "avg": 1.39,
        "hit": false,
        "diffAvg": -0.07,
        "diffAbs": 1.0,
        "lastAvg": 0.0,
        "diff": 0,
        "avgMin": 22,
        "proj": 0.0,
        "lastAvgMin": 23.52,
        "oppOver": 0,
        "teamOver": 0,
        "gameLine": "-165",
        "+/-": "+18",
        "L5_+/-": "+5.0",
        "prevMatchup": "2023-04-17 4.0 bs 2023-04-02 2.0 bs 2022-12-10 3.0 bs 2022-10-28 1.0 bs",
        "winLossSplits": "36% - 37%",
        "awayHome": "H",
        "playedYesterday": "N",
        "awayHomeSplits": "29% - 44%",
        "savesAboveExp": 0.704,
        "gsaa": 35.99,
        "corsi": "59.9% (67.4) // 61.2% (68.8) // 56.4% (63.0) // 56.9% (83.0)",
        "fenwick": "59.1% (50.8) // 60.1% (51.8) // 55.4% (48.0) // 58.4% (66.0)",
        "shots": "57.2% (34.3) // 58.4% (34.4) // 51.7% (31.0) // 51.4% (36.0)",
        "scoring": "58.9% (33.3) // 62.3% (33.3) // 53.2% (28.0) // 54.5% (36.0)",
        "corsiAgainst": "40.1% (45.2) // 38.8% (43.6) // 43.6% (48.7) // 43.1% (63.0)",
        "fenwickAgainst": "40.9% (35.1) // 39.9% (34.4) // 44.6% (38.7) // 41.6% (47.0)",
        "shotsAgainst": "42.8% (25.6) // 41.6% (24.5) // 48.3% (29.0) // 48.6% (34.0)",
        "scoringAgainst": "41.1% (23.3) // 37.7% (20.2) // 46.8% (24.7) // 45.5% (30.0)",
        "oppCorsi": "49.6% (58.7) // 54.1% (65.8) // 62.9% (83.0) // -",
        "oppFenwick": "49.5% (42.7) // 53.4% (47.0) // 64.5% (60.0) // -",
        "oppShots": "49.8% (30.5) // 53.2% (32.4) // 63.0% (37.5) // -",
        "oppScoring": "50.0% (30.4) // 52.7% (31.7) // 66.1% (41.0) // -",
        "oppCorsiAgainst": "50.4% (59.6) // 45.9% (55.9) // 37.1% (49.0) // -",
        "oppFenwickAgainst": "50.5% (43.6) // 46.6% (40.9) // 35.5% (33.0) // -",
        "oppShotsAgainst": "50.2% (30.7) // 46.8% (28.5) // 37.0% (22.0) // -",
        "oppScoringAgainst": "50.0% (30.4) // 47.3% (28.4) // 33.9% (21.0) // -",
        "savesPerGame": 23.4,
        "savesPerGameLast1": 25.0,
        "savesPerGameLast3": 25.0,
        "savesPerGameLast5": 26.0,
        "savesPer60": 23.9,
        "savesPer60Last1": 25.0,
        "savesPer60Last3": 25.0,
        "savesPer60Last5": 25.6,
        "shotsPerGame": 34.8,
        "shotsPerGameLast5": 32.8,
        "shotsAgainstPerGame": 26.0,
        "shotsAgainstPerGameLast5": 28.6,
        "oppSavesAgainstPer60": 28.2,
        "oppSavesAgainstPer60Last1": 25.0,
        "oppSavesAgainstPer60Last3": 31.3,
        "oppSavesAgainstPer60Last5": 29.4,
        "oppShotsAgainstPerGame": 31.0,
        "oppShotsAgainstPerGameLast5": 27.8,
        "savesProj": 23.1,
        "savesProjLast5": 26.2,
        "savesProjLast3": 27.3,
        "oppSavesAgainstProj": 23.3,
        "oppSavesAgainstProjLast5": 25.9,
        "oppSavesAgainstProjLast3": 26.8,
        "totalOver": 36,
        "totalOverLast5": 20,
        "totalOverLast15": 20,
        "lastTotalOver": 0,
        "last5": "4,1,0,1,0,0,1,2,0,0",
        "overOdds": "+110",
        "underOdds": "-140",
        "overUnder": "+110 / -140"
    },
    {
        "player": "Adam Pelech",
        "team": "NYI",
        "opponent": "CAR",
        "propType": "bs",
        "line": 1.5,
        "ppLine": "",
        "avg": 1.81,
        "hit": false,
        "diffAvg": 0.21,
        "diffAbs": 1.0,
        "lastAvg": 0.0,
        "diff": 0,
        "avgMin": 21,
        "proj": 0.0,
        "lastAvgMin": 21.27,
        "oppOver": 0,
        "teamOver": 0,
        "gameLine": "+140",
        "+/-": "+16",
        "L5_+/-": 0.0,
        "prevMatchup": "2023-04-17 2.0 bs 2023-04-02 3.0 bs 2022-10-28 5.0 bs",
        "winLossSplits": "54% - 52%",
        "awayHome": "A",
        "playedYesterday": "N",
        "awayHomeSplits": "58% - 48%",
        "savesAboveExp": -0.166,
        "gsaa": 3.66,
        "corsi": "49.6% (58.7) // 54.1% (65.8) // 62.9% (83.0) // -",
        "fenwick": "49.5% (42.7) // 53.4% (47.0) // 64.5% (60.0) // -",
        "shots": "49.8% (30.5) // 53.2% (32.4) // 63.0% (37.5) // -",
        "scoring": "50.0% (30.4) // 52.7% (31.7) // 66.1% (41.0) // -",
        "corsiAgainst": "50.4% (59.6) // 45.9% (55.9) // 37.1% (49.0) // -",
        "fenwickAgainst": "50.5% (43.6) // 46.6% (40.9) // 35.5% (33.0) // -",
        "shotsAgainst": "50.2% (30.7) // 46.8% (28.5) // 37.0% (22.0) // -",
        "scoringAgainst": "50.0% (30.4) // 47.3% (28.4) // 33.9% (21.0) // -",
        "oppCorsi": "59.9% (67.4) // 61.2% (68.8) // 56.4% (63.0) // 56.9% (83.0)",
        "oppFenwick": "59.1% (50.8) // 60.1% (51.8) // 55.4% (48.0) // 58.4% (66.0)",
        "oppShots": "57.2% (34.3) // 58.4% (34.4) // 51.7% (31.0) // 51.4% (36.0)",
        "oppScoring": "58.9% (33.3) // 62.3% (33.3) // 53.2% (28.0) // 54.5% (36.0)",
        "oppCorsiAgainst": "40.1% (45.2) // 38.8% (43.6) // 43.6% (48.7) // 43.1% (63.0)",
        "oppFenwickAgainst": "40.9% (35.1) // 39.9% (34.4) // 44.6% (38.7) // 41.6% (47.0)",
        "oppShotsAgainst": "42.8% (25.6) // 41.6% (24.5) // 48.3% (29.0) // 48.6% (34.0)",
        "oppScoringAgainst": "41.1% (23.3) // 37.7% (20.2) // 46.8% (24.7) // 45.5% (30.0)",
        "savesPerGame": 28.4,
        "savesPerGameLast1": 35.0,
        "savesPerGameLast3": 24.0,
        "savesPerGameLast5": 25.8,
        "savesPer60": 28.7,
        "savesPer60Last1": 34.1,
        "savesPer60Last3": 23.4,
        "savesPer60Last5": 25.4,
        "shotsPerGame": 30.8,
        "shotsPerGameLast5": 32.8,
        "shotsAgainstPerGame": 31.0,
        "shotsAgainstPerGameLast5": 27.8,
        "oppSavesAgainstPer60": 32.1,
        "oppSavesAgainstPer60Last1": 35.0,
        "oppSavesAgainstPer60Last3": 29.8,
        "oppSavesAgainstPer60Last5": 30.0,
        "oppShotsAgainstPerGame": 26.0,
        "oppShotsAgainstPerGameLast5": 28.6,
        "savesProj": 38.0,
        "savesProjLast5": 31.2,
        "savesProjLast3": 29.0,
        "oppSavesAgainstProj": 32.0,
        "oppSavesAgainstProjLast5": 27.4,
        "oppSavesAgainstProjLast3": 24.9,
        "totalOver": 53,
        "totalOverLast5": 40,
        "totalOverLast15": 60,
        "lastTotalOver": 0,
        "last5": "2,1,1,2,0,3,2,2,4,4",
        "overOdds": "-155",
        "underOdds": "+125",
        "overUnder": "-155 / +125"
    },
    {
        "player": "Scott Mayfield",
        "team": "NYI",
        "opponent": "CAR",
        "propType": "bs",
        "line": 2.5,
        "ppLine": "",
        "avg": 2.07,
        "hit": false,
        "diffAvg": -0.17,
        "diffAbs": 1.0,
        "lastAvg": 0.0,
        "diff": 0,
        "avgMin": 20,
        "proj": 0.0,
        "lastAvgMin": 19.77,
        "oppOver": 0,
        "teamOver": 0,
        "gameLine": "+140",
        "+/-": "+9",
        "L5_+/-": "+4.0",
        "prevMatchup": "2023-04-17 4.0 bs 2023-04-02 4.0 bs 2023-01-21 1.0 bs 2022-12-10 6.0 bs 2022-10-28 4.0 bs",
        "winLossSplits": "36% - 41%",
        "awayHome": "A",
        "playedYesterday": "N",
        "awayHomeSplits": "43% - 34%",
        "savesAboveExp": -0.166,
        "gsaa": 3.66,
        "corsi": "49.6% (58.7) // 54.1% (65.8) // 62.9% (83.0) // -",
        "fenwick": "49.5% (42.7) // 53.4% (47.0) // 64.5% (60.0) // -",
        "shots": "49.8% (30.5) // 53.2% (32.4) // 63.0% (37.5) // -",
        "scoring": "50.0% (30.4) // 52.7% (31.7) // 66.1% (41.0) // -",
        "corsiAgainst": "50.4% (59.6) // 45.9% (55.9) // 37.1% (49.0) // -",
        "fenwickAgainst": "50.5% (43.6) // 46.6% (40.9) // 35.5% (33.0) // -",
        "shotsAgainst": "50.2% (30.7) // 46.8% (28.5) // 37.0% (22.0) // -",
        "scoringAgainst": "50.0% (30.4) // 47.3% (28.4) // 33.9% (21.0) // -",
        "oppCorsi": "59.9% (67.4) // 61.2% (68.8) // 56.4% (63.0) // 56.9% (83.0)",
        "oppFenwick": "59.1% (50.8) // 60.1% (51.8) // 55.4% (48.0) // 58.4% (66.0)",
        "oppShots": "57.2% (34.3) // 58.4% (34.4) // 51.7% (31.0) // 51.4% (36.0)",
        "oppScoring": "58.9% (33.3) // 62.3% (33.3) // 53.2% (28.0) // 54.5% (36.0)",
        "oppCorsiAgainst": "40.1% (45.2) // 38.8% (43.6) // 43.6% (48.7) // 43.1% (63.0)",
        "oppFenwickAgainst": "40.9% (35.1) // 39.9% (34.4) // 44.6% (38.7) // 41.6% (47.0)",
        "oppShotsAgainst": "42.8% (25.6) // 41.6% (24.5) // 48.3% (29.0) // 48.6% (34.0)",
        "oppScoringAgainst": "41.1% (23.3) // 37.7% (20.2) // 46.8% (24.7) // 45.5% (30.0)",
        "savesPerGame": 28.4,
        "savesPerGameLast1": 35.0,
        "savesPerGameLast3": 24.0,
        "savesPerGameLast5": 25.8,
        "savesPer60": 28.7,
        "savesPer60Last1": 34.1,
        "savesPer60Last3": 23.4,
        "savesPer60Last5": 25.4,
        "shotsPerGame": 30.8,
        "shotsPerGameLast5": 32.8,
        "shotsAgainstPerGame": 31.0,
        "shotsAgainstPerGameLast5": 27.8,
        "oppSavesAgainstPer60": 32.1,
        "oppSavesAgainstPer60Last1": 35.0,
        "oppSavesAgainstPer60Last3": 29.8,
        "oppSavesAgainstPer60Last5": 30.0,
        "oppShotsAgainstPerGame": 26.0,
        "oppShotsAgainstPerGameLast5": 28.6,
        "savesProj": 38.0,
        "savesProjLast5": 31.2,
        "savesProjLast3": 29.0,
        "oppSavesAgainstProj": 32.0,
        "oppSavesAgainstProjLast5": 27.4,
        "oppSavesAgainstProjLast3": 24.9,
        "totalOver": 39,
        "totalOverLast5": 60,
        "totalOverLast15": 27,
        "lastTotalOver": 0,
        "last5": "4,0,4,2,3,4,1,2,2,2",
        "overOdds": "+150",
        "underOdds": "-185",
        "overUnder": "+150 / -185"
    },
    {
        "player": "Gustav Forsling",
        "team": "FLA",
        "opponent": "BOS",
        "propType": "bs",
        "line": 1.5,
        "ppLine": "PP2",
        "avg": 1.31,
        "hit": false,
        "diffAvg": -0.13,
        "diffAbs": 1.0,
        "lastAvg": 0.0,
        "diff": 0,
        "avgMin": 23,
        "proj": 0.0,
        "lastAvgMin": 21.22,
        "oppOver": 0,
        "teamOver": 0,
        "gameLine": "+180",
        "+/-": "+16",
        "L5_+/-": 0.0,
        "prevMatchup": "2023-04-17 4.0 bs 2023-01-28 0.0 bs 2022-12-19 3.0 bs 2022-11-23 2.0 bs 2022-10-17 1.0 bs",
        "winLossSplits": "40% - 29%",
        "awayHome": "A",
        "playedYesterday": "N",
        "awayHomeSplits": "33% - 37%",
        "savesAboveExp": 0.892,
        "gsaa": 48.51,
        "corsi": "54.2% (66.3) // 52.5% (66.0) // 52.9% (70.8) // 43.1% (63.0)",
        "fenwick": "53.6% (49.9) // 52.0% (49.3) // 51.2% (52.0) // 41.6% (47.0)",
        "shots": "53.7% (36.5) // 51.9% (35.5) // 56.7% (38.5) // 48.6% (34.0)",
        "scoring": "54.6% (34.8) // 53.4% (34.0) // 52.9% (30.8) // 45.5% (30.0)",
        "corsiAgainst": "45.8% (56.1) // 47.5% (59.7) // 47.1% (63.1) // 56.9% (83.0)",
        "fenwickAgainst": "46.4% (43.2) // 48.0% (45.5) // 48.8% (49.6) // 58.4% (66.0)",
        "shotsAgainst": "46.3% (31.5) // 48.1% (33.0) // 43.3% (29.4) // 51.4% (36.0)",
        "scoringAgainst": "45.4% (28.9) // 46.6% (29.7) // 47.1% (27.4) // 54.5% (36.0)",
        "oppCorsi": "51.4% (58.2) // 52.6% (61.3) // 54.2% (64.7) // 50.0% (61.0)",
        "oppFenwick": "51.6% (44.0) // 52.5% (46.9) // 52.1% (49.0) // 46.1% (42.0)",
        "oppShots": "52.5% (32.6) // 52.7% (33.6) // 50.2% (33.0) // 38.2% (21.0)",
        "oppScoring": "53.0% (32.2) // 53.2% (32.5) // 51.7% (31.0) // 49.2% (33.0)",
        "oppCorsiAgainst": "48.6% (55.0) // 47.4% (55.1) // 45.8% (54.7) // 50.0% (61.0)",
        "oppFenwickAgainst": "48.4% (41.2) // 47.5% (42.4) // 47.9% (45.0) // 53.9% (49.0)",
        "oppShotsAgainst": "47.5% (29.5) // 47.3% (30.1) // 49.8% (32.7) // 61.8% (34.0)",
        "oppScoringAgainst": "47.0% (28.6) // 46.8% (28.6) // 48.3% (29.0) // 50.8% (34.0)",
        "savesPerGame": 28.4,
        "savesPerGameLast1": 26.0,
        "savesPerGameLast3": 26.3,
        "savesPerGameLast5": 31.4,
        "savesPer60": 28.6,
        "savesPer60Last1": 24.8,
        "savesPer60Last3": 26.1,
        "savesPer60Last5": 31.3,
        "shotsPerGame": 36.8,
        "shotsPerGameLast5": 35.8,
        "shotsAgainstPerGame": 31.7,
        "shotsAgainstPerGameLast5": 34.4,
        "oppSavesAgainstPer60": 29.6,
        "oppSavesAgainstPer60Last1": 26.0,
        "oppSavesAgainstPer60Last3": 27.7,
        "oppSavesAgainstPer60Last5": 30.0,
        "oppShotsAgainstPerGame": 29.8,
        "oppShotsAgainstPerGameLast5": 32.0,
        "savesProj": 29.6,
        "savesProjLast5": 32.7,
        "savesProjLast3": 24.9,
        "oppSavesAgainstProj": 29.8,
        "oppSavesAgainstProjLast5": 31.4,
        "oppSavesAgainstProjLast3": 24.1,
        "totalOver": 35,
        "totalOverLast5": 40,
        "totalOverLast15": 33,
        "lastTotalOver": 0,
        "last5": "4,0,1,0,2,2,1,1,1,1",
        "overOdds": "-145",
        "underOdds": "+115",
        "overUnder": "-145 / +115"
    },
    {
        "player": "Charlie Mcavoy",
        "team": "BOS",
        "opponent": "FLA",
        "propType": "bs",
        "line": 2.5,
        "ppLine": "PP2",
        "avg": 1.96,
        "hit": false,
        "diffAvg": -0.22,
        "diffAbs": 1.0,
        "lastAvg": 0.0,
        "diff": 0,
        "avgMin": 22,
        "proj": 0.0,
        "lastAvgMin": 24.65,
        "oppOver": 0,
        "teamOver": 0,
        "gameLine": "-210",
        "+/-": "+32",
        "L5_+/-": "+1.0",
        "prevMatchup": "2023-04-17 2.0 bs 2023-01-28 4.0 bs 2022-12-19 1.0 bs 2022-11-23 0.0 bs",
        "winLossSplits": "26% - 27%",
        "awayHome": "H",
        "playedYesterday": "N",
        "awayHomeSplits": "24% - 29%",
        "savesAboveExp": "-",
        "gsaa": 3.73,
        "corsi": "51.4% (58.2) // 52.6% (61.3) // 54.2% (64.7) // 50.0% (61.0)",
        "fenwick": "51.6% (44.0) // 52.5% (46.9) // 52.1% (49.0) // 46.1% (42.0)",
        "shots": "52.5% (32.6) // 52.7% (33.6) // 50.2% (33.0) // 38.2% (21.0)",
        "scoring": "53.0% (32.2) // 53.2% (32.5) // 51.7% (31.0) // 49.2% (33.0)",
        "corsiAgainst": "48.6% (55.0) // 47.4% (55.1) // 45.8% (54.7) // 50.0% (61.0)",
        "fenwickAgainst": "48.4% (41.2) // 47.5% (42.4) // 47.9% (45.0) // 53.9% (49.0)",
        "shotsAgainst": "47.5% (29.5) // 47.3% (30.1) // 49.8% (32.7) // 61.8% (34.0)",
        "scoringAgainst": "47.0% (28.6) // 46.8% (28.6) // 48.3% (29.0) // 50.8% (34.0)",
        "oppCorsi": "54.2% (66.3) // 52.5% (66.0) // 52.9% (70.8) // 43.1% (63.0)",
        "oppFenwick": "53.6% (49.9) // 52.0% (49.3) // 51.2% (52.0) // 41.6% (47.0)",
        "oppShots": "53.7% (36.5) // 51.9% (35.5) // 56.7% (38.5) // 48.6% (34.0)",
        "oppScoring": "54.6% (34.8) // 53.4% (34.0) // 52.9% (30.8) // 45.5% (30.0)",
        "oppCorsiAgainst": "45.8% (56.1) // 47.5% (59.7) // 47.1% (63.1) // 56.9% (83.0)",
        "oppFenwickAgainst": "46.4% (43.2) // 48.0% (45.5) // 48.8% (49.6) // 58.4% (66.0)",
        "oppShotsAgainst": "46.3% (31.5) // 48.1% (33.0) // 43.3% (29.4) // 51.4% (36.0)",
        "oppScoringAgainst": "45.4% (28.9) // 46.6% (29.7) // 47.1% (27.4) // 54.5% (36.0)",
        "savesPerGame": 27.7,
        "savesPerGameLast1": 31.0,
        "savesPerGameLast3": 28.7,
        "savesPerGameLast5": 29.8,
        "savesPer60": 28.3,
        "savesPer60Last1": 31.0,
        "savesPer60Last3": 28.7,
        "savesPer60Last5": 29.8,
        "shotsPerGame": 33.0,
        "shotsPerGameLast5": 33.6,
        "shotsAgainstPerGame": 29.8,
        "shotsAgainstPerGameLast5": 32.0,
        "oppSavesAgainstPer60": 33.6,
        "oppSavesAgainstPer60Last1": 31.9,
        "oppSavesAgainstPer60Last3": 35.1,
        "oppSavesAgainstPer60Last5": 32.3,
        "oppShotsAgainstPerGame": 31.7,
        "oppShotsAgainstPerGameLast5": 34.4,
        "savesProj": 33.0,
        "savesProjLast5": 33.8,
        "savesProjLast3": 35.4,
        "oppSavesAgainstProj": 32.6,
        "oppSavesAgainstProjLast5": 33.9,
        "oppSavesAgainstProjLast3": 35.7,
        "totalOver": 26,
        "totalOverLast5": 20,
        "totalOverLast15": 13,
        "lastTotalOver": 0,
        "last5": "2,0,0,3,2,2,4,2,2,1",
        "overOdds": "+130",
        "underOdds": "-160",
        "overUnder": "+130 / -160"
    },
    {
        "player": "Derek Forbort",
        "team": "BOS",
        "opponent": "FLA",
        "propType": "bs",
        "line": 1.5,
        "ppLine": "",
        "avg": 1.65,
        "hit": false,
        "diffAvg": 0.1,
        "diffAbs": 1.0,
        "lastAvg": 0.0,
        "diff": 0,
        "avgMin": 17,
        "proj": 0.0,
        "lastAvgMin": 18.1,
        "oppOver": 0,
        "teamOver": 0,
        "gameLine": "-210",
        "+/-": "+13",
        "L5_+/-": -2.0,
        "prevMatchup": "2023-04-17 3.0 bs 2023-01-28 1.0 bs 2022-12-19 1.0 bs 2022-10-17 3.0 bs",
        "winLossSplits": "44% - 14%",
        "awayHome": "H",
        "playedYesterday": "N",
        "awayHomeSplits": "45% - 27%",
        "savesAboveExp": "-",
        "gsaa": 3.73,
        "corsi": "51.4% (58.2) // 52.6% (61.3) // 54.2% (64.7) // 50.0% (61.0)",
        "fenwick": "51.6% (44.0) // 52.5% (46.9) // 52.1% (49.0) // 46.1% (42.0)",
        "shots": "52.5% (32.6) // 52.7% (33.6) // 50.2% (33.0) // 38.2% (21.0)",
        "scoring": "53.0% (32.2) // 53.2% (32.5) // 51.7% (31.0) // 49.2% (33.0)",
        "corsiAgainst": "48.6% (55.0) // 47.4% (55.1) // 45.8% (54.7) // 50.0% (61.0)",
        "fenwickAgainst": "48.4% (41.2) // 47.5% (42.4) // 47.9% (45.0) // 53.9% (49.0)",
        "shotsAgainst": "47.5% (29.5) // 47.3% (30.1) // 49.8% (32.7) // 61.8% (34.0)",
        "scoringAgainst": "47.0% (28.6) // 46.8% (28.6) // 48.3% (29.0) // 50.8% (34.0)",
        "oppCorsi": "54.2% (66.3) // 52.5% (66.0) // 52.9% (70.8) // 43.1% (63.0)",
        "oppFenwick": "53.6% (49.9) // 52.0% (49.3) // 51.2% (52.0) // 41.6% (47.0)",
        "oppShots": "53.7% (36.5) // 51.9% (35.5) // 56.7% (38.5) // 48.6% (34.0)",
        "oppScoring": "54.6% (34.8) // 53.4% (34.0) // 52.9% (30.8) // 45.5% (30.0)",
        "oppCorsiAgainst": "45.8% (56.1) // 47.5% (59.7) // 47.1% (63.1) // 56.9% (83.0)",
        "oppFenwickAgainst": "46.4% (43.2) // 48.0% (45.5) // 48.8% (49.6) // 58.4% (66.0)",
        "oppShotsAgainst": "46.3% (31.5) // 48.1% (33.0) // 43.3% (29.4) // 51.4% (36.0)",
        "oppScoringAgainst": "45.4% (28.9) // 46.6% (29.7) // 47.1% (27.4) // 54.5% (36.0)",
        "savesPerGame": 27.7,
        "savesPerGameLast1": 31.0,
        "savesPerGameLast3": 28.7,
        "savesPerGameLast5": 29.8,
        "savesPer60": 28.3,
        "savesPer60Last1": 31.0,
        "savesPer60Last3": 28.7,
        "savesPer60Last5": 29.8,
        "shotsPerGame": 33.0,
        "shotsPerGameLast5": 33.6,
        "shotsAgainstPerGame": 29.8,
        "shotsAgainstPerGameLast5": 32.0,
        "oppSavesAgainstPer60": 33.6,
        "oppSavesAgainstPer60Last1": 31.9,
        "oppSavesAgainstPer60Last3": 35.1,
        "oppSavesAgainstPer60Last5": 32.3,
        "oppShotsAgainstPerGame": 31.7,
        "oppShotsAgainstPerGameLast5": 34.4,
        "savesProj": 33.0,
        "savesProjLast5": 33.8,
        "savesProjLast3": 35.4,
        "oppSavesAgainstProj": 32.6,
        "oppSavesAgainstProjLast5": 33.9,
        "oppSavesAgainstProjLast3": 35.7,
        "totalOver": 36,
        "totalOverLast5": 40,
        "totalOverLast15": 27,
        "lastTotalOver": 0,
        "last5": "3,3,1,0,1,1,1,2,1,1",
        "overOdds": "-175",
        "underOdds": "+140",
        "overUnder": "-175 / +140"
    },
    {
        "player": "Radko Gudas",
        "team": "FLA",
        "opponent": "BOS",
        "propType": "bs",
        "line": 1.5,
        "ppLine": "",
        "avg": 1.78,
        "hit": false,
        "diffAvg": 0.19,
        "diffAbs": 1.0,
        "lastAvg": 0.0,
        "diff": 0,
        "avgMin": 17,
        "proj": 0.0,
        "lastAvgMin": 18.0,
        "oppOver": 0,
        "teamOver": 0,
        "gameLine": "+180",
        "+/-": "+12",
        "L5_+/-": "+3.0",
        "prevMatchup": "2023-04-17 1.0 bs 2023-01-28 1.0 bs 2022-11-23 4.0 bs 2022-10-17 2.0 bs",
        "winLossSplits": "44% - 56%",
        "awayHome": "A",
        "playedYesterday": "N",
        "awayHomeSplits": "43% - 56%",
        "savesAboveExp": 0.892,
        "gsaa": 48.51,
        "corsi": "54.2% (66.3) // 52.5% (66.0) // 52.9% (70.8) // 43.1% (63.0)",
        "fenwick": "53.6% (49.9) // 52.0% (49.3) // 51.2% (52.0) // 41.6% (47.0)",
        "shots": "53.7% (36.5) // 51.9% (35.5) // 56.7% (38.5) // 48.6% (34.0)",
        "scoring": "54.6% (34.8) // 53.4% (34.0) // 52.9% (30.8) // 45.5% (30.0)",
        "corsiAgainst": "45.8% (56.1) // 47.5% (59.7) // 47.1% (63.1) // 56.9% (83.0)",
        "fenwickAgainst": "46.4% (43.2) // 48.0% (45.5) // 48.8% (49.6) // 58.4% (66.0)",
        "shotsAgainst": "46.3% (31.5) // 48.1% (33.0) // 43.3% (29.4) // 51.4% (36.0)",
        "scoringAgainst": "45.4% (28.9) // 46.6% (29.7) // 47.1% (27.4) // 54.5% (36.0)",
        "oppCorsi": "51.4% (58.2) // 52.6% (61.3) // 54.2% (64.7) // 50.0% (61.0)",
        "oppFenwick": "51.6% (44.0) // 52.5% (46.9) // 52.1% (49.0) // 46.1% (42.0)",
        "oppShots": "52.5% (32.6) // 52.7% (33.6) // 50.2% (33.0) // 38.2% (21.0)",
        "oppScoring": "53.0% (32.2) // 53.2% (32.5) // 51.7% (31.0) // 49.2% (33.0)",
        "oppCorsiAgainst": "48.6% (55.0) // 47.4% (55.1) // 45.8% (54.7) // 50.0% (61.0)",
        "oppFenwickAgainst": "48.4% (41.2) // 47.5% (42.4) // 47.9% (45.0) // 53.9% (49.0)",
        "oppShotsAgainst": "47.5% (29.5) // 47.3% (30.1) // 49.8% (32.7) // 61.8% (34.0)",
        "oppScoringAgainst": "47.0% (28.6) // 46.8% (28.6) // 48.3% (29.0) // 50.8% (34.0)",
        "savesPerGame": 28.4,
        "savesPerGameLast1": 26.0,
        "savesPerGameLast3": 26.3,
        "savesPerGameLast5": 31.4,
        "savesPer60": 28.6,
        "savesPer60Last1": 24.8,
        "savesPer60Last3": 26.1,
        "savesPer60Last5": 31.3,
        "shotsPerGame": 36.8,
        "shotsPerGameLast5": 35.8,
        "shotsAgainstPerGame": 31.7,
        "shotsAgainstPerGameLast5": 34.4,
        "oppSavesAgainstPer60": 29.6,
        "oppSavesAgainstPer60Last1": 26.0,
        "oppSavesAgainstPer60Last3": 27.7,
        "oppSavesAgainstPer60Last5": 30.0,
        "oppShotsAgainstPerGame": 29.8,
        "oppShotsAgainstPerGameLast5": 32.0,
        "savesProj": 29.6,
        "savesProjLast5": 32.7,
        "savesProjLast3": 24.9,
        "oppSavesAgainstProj": 29.8,
        "oppSavesAgainstProjLast5": 31.4,
        "oppSavesAgainstProjLast3": 24.1,
        "totalOver": 49,
        "totalOverLast5": 40,
        "totalOverLast15": 40,
        "lastTotalOver": 0,
        "last5": "1,2,1,1,4,1,4,4,3,1",
        "overOdds": "-120",
        "underOdds": "-110",
        "overUnder": "-120 / -110"
    },
    {
        "player": "Esa Lindell",
        "team": "DAL",
        "opponent": "MIN",
        "propType": "bs",
        "line": 1.5,
        "ppLine": "",
        "avg": 1.82,
        "hit": false,
        "diffAvg": 0.21,
        "diffAbs": 1.0,
        "lastAvg": 0.0,
        "diff": 0,
        "avgMin": 20,
        "proj": 0.0,
        "lastAvgMin": 22.03,
        "oppOver": 0,
        "teamOver": 0,
        "gameLine": "-165",
        "+/-": "+30",
        "L5_+/-": "+2.0",
        "prevMatchup": "2023-04-17 4.0 bs 2023-02-17 5.0 bs 2023-02-08 4.0 bs 2022-12-29 2.0 bs 2022-12-04 3.0 bs",
        "winLossSplits": "57% - 47%",
        "awayHome": "H",
        "playedYesterday": "N",
        "awayHomeSplits": "54% - 52%",
        "savesAboveExp": 0.594,
        "gsaa": 31.32,
        "corsi": "52.0% (59.9) // 57.0% (56.0) // 61.3% (59.7) // 63.8% (67.0)",
        "fenwick": "51.3% (43.7) // 56.1% (40.6) // 59.6% (42.3) // 60.5% (49.0)",
        "shots": "51.6% (31.5) // 56.3% (29.0) // 59.6% (31.0) // 57.6% (34.0)",
        "scoring": "53.7% (31.5) // 61.3% (29.6) // 68.5% (32.7) // 77.5% (38.0)",
        "corsiAgainst": "48.0% (55.3) // 43.0% (42.3) // 38.7% (37.7) // 36.2% (38.0)",
        "fenwickAgainst": "48.7% (41.4) // 43.9% (31.7) // 40.4% (28.7) // 39.5% (32.0)",
        "shotsAgainst": "48.4% (29.5) // 43.7% (22.5) // 40.4% (21.0) // 42.4% (25.0)",
        "scoringAgainst": "46.3% (27.2) // 38.7% (18.6) // 31.5% (15.0) // 22.5% (11.0)",
        "oppCorsi": "49.9% (57.3) // 46.8% (54.2) // 45.6% (51.6) // 41.5% (42.1)",
        "oppFenwick": "50.8% (43.1) // 46.8% (39.4) // 48.7% (38.1) // 46.1% (34.4)",
        "oppShots": "49.8% (30.3) // 45.0% (27.2) // 46.2% (26.3) // 43.6% (23.0)",
        "oppScoring": "50.3% (28.1) // 45.1% (25.2) // 47.4% (26.9) // 39.1% (23.9)",
        "oppCorsiAgainst": "50.1% (57.6) // 53.2% (61.7) // 54.4% (61.4) // 58.5% (59.3)",
        "oppFenwickAgainst": "49.2% (41.9) // 53.2% (44.8) // 51.3% (40.1) // 53.9% (40.2)",
        "oppShotsAgainst": "50.2% (30.5) // 55.0% (33.2) // 53.8% (30.5) // 56.4% (29.6)",
        "oppScoringAgainst": "49.7% (27.7) // 54.9% (30.6) // 52.6% (29.9) // 60.9% (37.3)",
        "savesPerGame": 27.3,
        "savesPerGameLast1": 45.0,
        "savesPerGameLast3": 28.7,
        "savesPerGameLast5": 24.8,
        "savesPer60": 27.9,
        "savesPer60Last1": 69.1,
        "savesPer60Last3": 33.8,
        "savesPer60Last5": 27.9,
        "shotsPerGame": 31.9,
        "shotsPerGameLast5": 34.2,
        "shotsAgainstPerGame": 29.9,
        "shotsAgainstPerGameLast5": 26.2,
        "oppSavesAgainstPer60": 28.8,
        "oppSavesAgainstPer60Last1": 44.6,
        "oppSavesAgainstPer60Last3": 33.7,
        "oppSavesAgainstPer60Last5": 29.1,
        "oppShotsAgainstPerGame": 31.1,
        "oppShotsAgainstPerGameLast5": 37.2,
        "savesProj": 27.0,
        "savesProjLast5": 27.1,
        "savesProjLast3": 38.2,
        "oppSavesAgainstProj": 28.1,
        "oppSavesAgainstProjLast5": 26.7,
        "oppSavesAgainstProjLast3": 35.7,
        "totalOver": 53,
        "totalOverLast5": 20,
        "totalOverLast15": 33,
        "lastTotalOver": 0,
        "last5": "4,0,0,1,0,0,3,3,2,0",
        "overOdds": "-155",
        "underOdds": "+125",
        "overUnder": "-155 / +125"
    },
    {
        "player": "Ryan Suter",
        "team": "DAL",
        "opponent": "MIN",
        "propType": "bs",
        "line": 1.5,
        "ppLine": "PP2",
        "avg": 1.42,
        "hit": false,
        "diffAvg": -0.05,
        "diffAbs": 1.0,
        "lastAvg": 0.0,
        "diff": 0,
        "avgMin": 20,
        "proj": 0.0,
        "lastAvgMin": 23.65,
        "oppOver": 0,
        "teamOver": 0,
        "gameLine": "-165",
        "+/-": 0,
        "L5_+/-": "+4.0",
        "prevMatchup": "2023-04-17 3.0 bs 2023-02-17 0.0 bs 2023-02-08 3.0 bs 2022-12-29 1.0 bs 2022-12-04 1.0 bs",
        "winLossSplits": "38% - 36%",
        "awayHome": "H",
        "playedYesterday": "N",
        "awayHomeSplits": "32% - 43%",
        "savesAboveExp": 0.594,
        "gsaa": 31.32,
        "corsi": "52.0% (59.9) // 57.0% (56.0) // 61.3% (59.7) // 63.8% (67.0)",
        "fenwick": "51.3% (43.7) // 56.1% (40.6) // 59.6% (42.3) // 60.5% (49.0)",
        "shots": "51.6% (31.5) // 56.3% (29.0) // 59.6% (31.0) // 57.6% (34.0)",
        "scoring": "53.7% (31.5) // 61.3% (29.6) // 68.5% (32.7) // 77.5% (38.0)",
        "corsiAgainst": "48.0% (55.3) // 43.0% (42.3) // 38.7% (37.7) // 36.2% (38.0)",
        "fenwickAgainst": "48.7% (41.4) // 43.9% (31.7) // 40.4% (28.7) // 39.5% (32.0)",
        "shotsAgainst": "48.4% (29.5) // 43.7% (22.5) // 40.4% (21.0) // 42.4% (25.0)",
        "scoringAgainst": "46.3% (27.2) // 38.7% (18.6) // 31.5% (15.0) // 22.5% (11.0)",
        "oppCorsi": "49.9% (57.3) // 46.8% (54.2) // 45.6% (51.6) // 41.5% (42.1)",
        "oppFenwick": "50.8% (43.1) // 46.8% (39.4) // 48.7% (38.1) // 46.1% (34.4)",
        "oppShots": "49.8% (30.3) // 45.0% (27.2) // 46.2% (26.3) // 43.6% (23.0)",
        "oppScoring": "50.3% (28.1) // 45.1% (25.2) // 47.4% (26.9) // 39.1% (23.9)",
        "oppCorsiAgainst": "50.1% (57.6) // 53.2% (61.7) // 54.4% (61.4) // 58.5% (59.3)",
        "oppFenwickAgainst": "49.2% (41.9) // 53.2% (44.8) // 51.3% (40.1) // 53.9% (40.2)",
        "oppShotsAgainst": "50.2% (30.5) // 55.0% (33.2) // 53.8% (30.5) // 56.4% (29.6)",
        "oppScoringAgainst": "49.7% (27.7) // 54.9% (30.6) // 52.6% (29.9) // 60.9% (37.3)",
        "savesPerGame": 27.3,
        "savesPerGameLast1": 45.0,
        "savesPerGameLast3": 28.7,
        "savesPerGameLast5": 24.8,
        "savesPer60": 27.9,
        "savesPer60Last1": 69.1,
        "savesPer60Last3": 33.8,
        "savesPer60Last5": 27.9,
        "shotsPerGame": 31.9,
        "shotsPerGameLast5": 34.2,
        "shotsAgainstPerGame": 29.9,
        "shotsAgainstPerGameLast5": 26.2,
        "oppSavesAgainstPer60": 28.8,
        "oppSavesAgainstPer60Last1": 44.6,
        "oppSavesAgainstPer60Last3": 33.7,
        "oppSavesAgainstPer60Last5": 29.1,
        "oppShotsAgainstPerGame": 31.1,
        "oppShotsAgainstPerGameLast5": 37.2,
        "savesProj": 27.0,
        "savesProjLast5": 27.1,
        "savesProjLast3": 38.2,
        "oppSavesAgainstProj": 28.1,
        "oppSavesAgainstProjLast5": 26.7,
        "oppSavesAgainstProjLast3": 35.7,
        "totalOver": 37,
        "totalOverLast5": 80,
        "totalOverLast15": 40,
        "lastTotalOver": 0,
        "last5": "3,4,2,3,1,1,1,1,4,1",
        "overOdds": "-165",
        "underOdds": "+135",
        "overUnder": "-165 / +135"
    },
    {
        "player": "Jonas Brodin",
        "team": "MIN",
        "opponent": "DAL",
        "propType": "bs",
        "line": 2.5,
        "ppLine": "",
        "avg": 2.21,
        "hit": false,
        "diffAvg": -0.12,
        "diffAbs": 1.0,
        "lastAvg": 0.0,
        "diff": 0,
        "avgMin": 23,
        "proj": 0.0,
        "lastAvgMin": 23.43,
        "oppOver": 0,
        "teamOver": 0,
        "gameLine": "+140",
        "+/-": "+12",
        "L5_+/-": "+3.0",
        "prevMatchup": "2023-04-17 5.0 bs 2023-02-17 1.0 bs 2022-12-29 2.0 bs",
        "winLossSplits": "35% - 33%",
        "awayHome": "A",
        "playedYesterday": "N",
        "awayHomeSplits": "38% - 31%",
        "savesAboveExp": 0.39,
        "gsaa": 26.05,
        "corsi": "49.9% (57.3) // 46.8% (54.2) // 45.6% (51.6) // 41.5% (42.1)",
        "fenwick": "50.8% (43.1) // 46.8% (39.4) // 48.7% (38.1) // 46.1% (34.4)",
        "shots": "49.8% (30.3) // 45.0% (27.2) // 46.2% (26.3) // 43.6% (23.0)",
        "scoring": "50.3% (28.1) // 45.1% (25.2) // 47.4% (26.9) // 39.1% (23.9)",
        "corsiAgainst": "50.1% (57.6) // 53.2% (61.7) // 54.4% (61.4) // 58.5% (59.3)",
        "fenwickAgainst": "49.2% (41.9) // 53.2% (44.8) // 51.3% (40.1) // 53.9% (40.2)",
        "shotsAgainst": "50.2% (30.5) // 55.0% (33.2) // 53.8% (30.5) // 56.4% (29.6)",
        "scoringAgainst": "49.7% (27.7) // 54.9% (30.6) // 52.6% (29.9) // 60.9% (37.3)",
        "oppCorsi": "52.0% (59.9) // 57.0% (56.0) // 61.3% (59.7) // 63.8% (67.0)",
        "oppFenwick": "51.3% (43.7) // 56.1% (40.6) // 59.6% (42.3) // 60.5% (49.0)",
        "oppShots": "51.6% (31.5) // 56.3% (29.0) // 59.6% (31.0) // 57.6% (34.0)",
        "oppScoring": "53.7% (31.5) // 61.3% (29.6) // 68.5% (32.7) // 77.5% (38.0)",
        "oppCorsiAgainst": "48.0% (55.3) // 43.0% (42.3) // 38.7% (37.7) // 36.2% (38.0)",
        "oppFenwickAgainst": "48.7% (41.4) // 43.9% (31.7) // 40.4% (28.7) // 39.5% (32.0)",
        "oppShotsAgainst": "48.4% (29.5) // 43.7% (22.5) // 40.4% (21.0) // 42.4% (25.0)",
        "oppScoringAgainst": "46.3% (27.2) // 38.7% (18.6) // 31.5% (15.0) // 22.5% (11.0)",
        "savesPerGame": 28.5,
        "savesPerGameLast1": 51.0,
        "savesPerGameLast3": 31.7,
        "savesPerGameLast5": 34.4,
        "savesPer60": 29.2,
        "savesPer60Last1": 78.5,
        "savesPer60Last3": 37.5,
        "savesPer60Last5": 38.2,
        "shotsPerGame": 30.9,
        "shotsPerGameLast5": 31.6,
        "shotsAgainstPerGame": 31.1,
        "shotsAgainstPerGameLast5": 37.2,
        "oppSavesAgainstPer60": 28.8,
        "oppSavesAgainstPer60Last1": 55.2,
        "oppSavesAgainstPer60Last3": 39.6,
        "oppSavesAgainstPer60Last5": 31.2,
        "oppShotsAgainstPerGame": 29.9,
        "oppShotsAgainstPerGameLast5": 26.2,
        "savesProj": 29.8,
        "savesProjLast5": 42.7,
        "savesProjLast3": 52.0,
        "oppSavesAgainstProj": 29.6,
        "oppSavesAgainstProjLast5": 40.3,
        "oppSavesAgainstProjLast3": 44.6,
        "totalOver": 34,
        "totalOverLast5": 40,
        "totalOverLast15": 33,
        "lastTotalOver": 0,
        "last5": "5,2,4,1,0,2,7,3,1,3",
        "overOdds": "+105",
        "underOdds": "-135",
        "overUnder": "+105 / -135"
    },
    {
        "player": "Jacob Middleton",
        "team": "MIN",
        "opponent": "DAL",
        "propType": "bs",
        "line": 2.5,
        "ppLine": "",
        "avg": 2.0,
        "hit": false,
        "diffAvg": -0.2,
        "diffAbs": 1.0,
        "lastAvg": 0.0,
        "diff": 0,
        "avgMin": 19,
        "proj": 0.0,
        "lastAvgMin": 18.68,
        "oppOver": 0,
        "teamOver": 0,
        "gameLine": "+140",
        "+/-": "+17",
        "L5_+/-": "+1.0",
        "prevMatchup": "2023-04-17 5.0 bs 2023-02-17 2.0 bs 2023-02-08 2.0 bs 2022-12-29 6.0 bs 2022-12-04 1.0 bs",
        "winLossSplits": "33% - 37%",
        "awayHome": "A",
        "playedYesterday": "N",
        "awayHomeSplits": "45% - 25%",
        "savesAboveExp": 0.39,
        "gsaa": 26.05,
        "corsi": "49.9% (57.3) // 46.8% (54.2) // 45.6% (51.6) // 41.5% (42.1)",
        "fenwick": "50.8% (43.1) // 46.8% (39.4) // 48.7% (38.1) // 46.1% (34.4)",
        "shots": "49.8% (30.3) // 45.0% (27.2) // 46.2% (26.3) // 43.6% (23.0)",
        "scoring": "50.3% (28.1) // 45.1% (25.2) // 47.4% (26.9) // 39.1% (23.9)",
        "corsiAgainst": "50.1% (57.6) // 53.2% (61.7) // 54.4% (61.4) // 58.5% (59.3)",
        "fenwickAgainst": "49.2% (41.9) // 53.2% (44.8) // 51.3% (40.1) // 53.9% (40.2)",
        "shotsAgainst": "50.2% (30.5) // 55.0% (33.2) // 53.8% (30.5) // 56.4% (29.6)",
        "scoringAgainst": "49.7% (27.7) // 54.9% (30.6) // 52.6% (29.9) // 60.9% (37.3)",
        "oppCorsi": "52.0% (59.9) // 57.0% (56.0) // 61.3% (59.7) // 63.8% (67.0)",
        "oppFenwick": "51.3% (43.7) // 56.1% (40.6) // 59.6% (42.3) // 60.5% (49.0)",
        "oppShots": "51.6% (31.5) // 56.3% (29.0) // 59.6% (31.0) // 57.6% (34.0)",
        "oppScoring": "53.7% (31.5) // 61.3% (29.6) // 68.5% (32.7) // 77.5% (38.0)",
        "oppCorsiAgainst": "48.0% (55.3) // 43.0% (42.3) // 38.7% (37.7) // 36.2% (38.0)",
        "oppFenwickAgainst": "48.7% (41.4) // 43.9% (31.7) // 40.4% (28.7) // 39.5% (32.0)",
        "oppShotsAgainst": "48.4% (29.5) // 43.7% (22.5) // 40.4% (21.0) // 42.4% (25.0)",
        "oppScoringAgainst": "46.3% (27.2) // 38.7% (18.6) // 31.5% (15.0) // 22.5% (11.0)",
        "savesPerGame": 28.5,
        "savesPerGameLast1": 51.0,
        "savesPerGameLast3": 31.7,
        "savesPerGameLast5": 34.4,
        "savesPer60": 29.2,
        "savesPer60Last1": 78.5,
        "savesPer60Last3": 37.5,
        "savesPer60Last5": 38.2,
        "shotsPerGame": 30.9,
        "shotsPerGameLast5": 31.6,
        "shotsAgainstPerGame": 31.1,
        "shotsAgainstPerGameLast5": 37.2,
        "oppSavesAgainstPer60": 28.8,
        "oppSavesAgainstPer60Last1": 55.2,
        "oppSavesAgainstPer60Last3": 39.6,
        "oppSavesAgainstPer60Last5": 31.2,
        "oppShotsAgainstPerGame": 29.9,
        "oppShotsAgainstPerGameLast5": 26.2,
        "savesProj": 29.8,
        "savesProjLast5": 42.7,
        "savesProjLast3": 52.0,
        "oppSavesAgainstProj": 29.6,
        "oppSavesAgainstProjLast5": 40.3,
        "oppSavesAgainstProjLast3": 44.6,
        "totalOver": 35,
        "totalOverLast5": 80,
        "totalOverLast15": 47,
        "lastTotalOver": 0,
        "last5": "5,2,4,3,3,1,3,4,1,2",
        "overOdds": "+135",
        "underOdds": "-165",
        "overUnder": "+135 / -165"
    },
    {
        "player": "Darnell Nurse",
        "team": "EDM",
        "opponent": "LA",
        "propType": "bs",
        "line": 1.5,
        "ppLine": "PP2",
        "avg": 1.99,
        "hit": false,
        "diffAvg": 0.33,
        "diffAbs": 1.0,
        "lastAvg": 0.0,
        "diff": 0,
        "avgMin": 23,
        "proj": 0.0,
        "lastAvgMin": 25.03,
        "oppOver": 0,
        "teamOver": 0,
        "gameLine": "-230",
        "+/-": "+27",
        "L5_+/-": "+7.0",
        "prevMatchup": "2023-04-17 1.0 bs 2023-04-04 2.0 bs 2023-03-30 2.0 bs 2023-01-09 1.0 bs 2022-11-16 1.0 bs",
        "winLossSplits": "60% - 42%",
        "awayHome": "H",
        "playedYesterday": "N",
        "awayHomeSplits": "51% - 55%",
        "savesAboveExp": 0.427,
        "gsaa": 11.47,
