[
    {
        "player": "Alex Pietrangelo",
        "team": "VGK",
        "opponent": "MIN",
        "propType": "sog",
        "line": 2.5,
        "ppLine": "PP1",
        "avg": 2.25,
        "hit": false,
        "diffAvg": -0.1,
        "diffAbs": 0.04,
        "lastAvg": 2.8,
        "diff": 0.12,
        "avgMin": 23,
        "proj": 2.6,
        "lastAvgMin": 24.63,
        "oppOver": 0,
        "teamOver": 0,
        "gameLine": "+115",
        "+/-": "+7",
        "L5_+/-": "+5.0",
        "prevMatchup": "2023-04-01 3.0 sog 2023-02-09 3.0 sog",
        "winLossSplits": "1.84 - 2.64",
        "awayHome": "A",
        "playedYesterday": "N",
        "awayHomeSplits": "2.16 - 2.33",
        "savesAboveExp": 0.594,
        "gsaa": 30.07,
        "corsi": "48.6% (57.5) // 45.4% (53.7) // 45.5% (56.4) // 46.3% (54.4)",
        "fenwick": "49.8% (42.6) // 46.9% (40.6) // 48.2% (43.1) // 47.9% (42.1)",
        "shots": "50.5% (31.3) // 48.1% (30.6) // 48.3% (31.1) // 49.2% (30.2)",
        "scoring": "49.5% (29.5) // 45.9% (29.3) // 47.4% (32.8) // 49.0% (31.2)",
        "corsiAgainst": "51.4% (60.8) // 54.6% (64.6) // 54.5% (67.7) // 53.7% (63.0)",
        "fenwickAgainst": "50.2% (42.9) // 53.1% (45.9) // 51.8% (46.3) // 52.1% (45.8)",
        "shotsAgainst": "49.5% (30.7) // 51.9% (33.0) // 51.7% (33.2) // 50.8% (31.2)",
        "scoringAgainst": "50.5% (30.0) // 54.1% (34.6) // 52.6% (36.4) // 51.0% (32.5)",
        "oppCorsi": "49.9% (57.4) // 47.2% (54.2) // 43.7% (50.2) // 40.9% (50.3)",
        "oppFenwick": "50.8% (43.3) // 46.7% (41.2) // 43.1% (37.6) // 39.9% (37.0)",
        "oppShots": "50.0% (30.5) // 45.1% (29.0) // 41.6% (25.2) // 39.1% (26.3)",
        "oppScoring": "50.4% (28.1) // 45.9% (25.2) // 39.9% (21.8) // 37.5% (23.0)",
        "oppCorsiAgainst": "50.1% (57.5) // 52.8% (60.6) // 56.3% (64.5) // 59.1% (72.7)",
        "oppFenwickAgainst": "49.2% (42.0) // 53.3% (47.1) // 56.9% (49.6) // 60.1% (55.7)",
        "oppShotsAgainst": "50.0% (30.5) // 54.9% (35.3) // 58.4% (35.4) // 60.9% (41.0)",
        "oppScoringAgainst": "49.6% (27.7) // 54.1% (29.7) // 60.1% (32.9) // 62.5% (38.3)",
        "savesPerGame": 28.3,
        "savesPerGameLast1": 29.0,
        "savesPerGameLast3": 27.3,
        "savesPerGameLast5": 30.2,
        "savesPer60": 28.4,
        "savesPer60Last1": 29.0,
        "savesPer60Last3": 27.5,
        "savesPer60Last5": 30.5,
        "shotsPerGame": 31.8,
        "shotsPerGameLast5": 31.4,
        "shotsAgainstPerGame": 31.1,
        "shotsAgainstPerGameLast5": 33.6,
        "oppSavesAgainstPer60": 28.5,
        "oppSavesAgainstPer60Last1": 28.8,
        "oppSavesAgainstPer60Last3": 23.5,
        "oppSavesAgainstPer60Last5": 22.8,
        "oppShotsAgainstPerGame": 31.1,
        "oppShotsAgainstPerGameLast5": 36.0,
        "savesProj": 27.9,
        "savesProjLast5": 23.6,
        "savesProjLast3": 22.0,
        "oppSavesAgainstProj": 28.8,
        "oppSavesAgainstProjLast5": 23.2,
        "oppSavesAgainstProjLast3": 22.6,
        "totalOver": 43,
        "totalOverLast5": 40,
        "totalOverLast15": 33,
        "lastTotalOver": 46,
        "last5": "3,0,3,0,0,4,3,2,2,1",
        "overOdds": "+120",
        "underOdds": "-150",
        "overUnder": "+120 / -150"
    },
    {
        "player": "Jack Eichel",
        "team": "VGK",
        "opponent": "MIN",
        "propType": "sog",
        "line": 2.5,
        "ppLine": "PP1",
        "avg": 3.37,
        "hit": false,
        "diffAvg": 0.35,
        "diffAbs": 0.44,
        "lastAvg": 3.91,
        "diff": 0.56,
        "avgMin": 18,
        "proj": 3.6,
        "lastAvgMin": 19.38,
        "oppOver": 0,
        "teamOver": 0,
        "gameLine": "+115",
        "+/-": "+23",
        "L5_+/-": "+6.0",
        "prevMatchup": "2023-04-01 5.0 sog 2023-02-09 3.0 sog",
        "winLossSplits": "3.59 - 2.62",
        "awayHome": "A",
        "playedYesterday": "N",
        "awayHomeSplits": "3.61 - 3.12",
        "savesAboveExp": 0.594,
        "gsaa": 30.07,
        "corsi": "48.6% (57.5) // 45.4% (53.7) // 45.5% (56.4) // 46.3% (54.4)",
        "fenwick": "49.8% (42.6) // 46.9% (40.6) // 48.2% (43.1) // 47.9% (42.1)",
        "shots": "50.5% (31.3) // 48.1% (30.6) // 48.3% (31.1) // 49.2% (30.2)",
        "scoring": "49.5% (29.5) // 45.9% (29.3) // 47.4% (32.8) // 49.0% (31.2)",
        "corsiAgainst": "51.4% (60.8) // 54.6% (64.6) // 54.5% (67.7) // 53.7% (63.0)",
        "fenwickAgainst": "50.2% (42.9) // 53.1% (45.9) // 51.8% (46.3) // 52.1% (45.8)",
        "shotsAgainst": "49.5% (30.7) // 51.9% (33.0) // 51.7% (33.2) // 50.8% (31.2)",
        "scoringAgainst": "50.5% (30.0) // 54.1% (34.6) // 52.6% (36.4) // 51.0% (32.5)",
        "oppCorsi": "49.9% (57.4) // 47.2% (54.2) // 43.7% (50.2) // 40.9% (50.3)",
        "oppFenwick": "50.8% (43.3) // 46.7% (41.2) // 43.1% (37.6) // 39.9% (37.0)",
        "oppShots": "50.0% (30.5) // 45.1% (29.0) // 41.6% (25.2) // 39.1% (26.3)",
        "oppScoring": "50.4% (28.1) // 45.9% (25.2) // 39.9% (21.8) // 37.5% (23.0)",
        "oppCorsiAgainst": "50.1% (57.5) // 52.8% (60.6) // 56.3% (64.5) // 59.1% (72.7)",
        "oppFenwickAgainst": "49.2% (42.0) // 53.3% (47.1) // 56.9% (49.6) // 60.1% (55.7)",
        "oppShotsAgainst": "50.0% (30.5) // 54.9% (35.3) // 58.4% (35.4) // 60.9% (41.0)",
        "oppScoringAgainst": "49.6% (27.7) // 54.1% (29.7) // 60.1% (32.9) // 62.5% (38.3)",
        "savesPerGame": 28.3,
        "savesPerGameLast1": 29.0,
        "savesPerGameLast3": 27.3,
        "savesPerGameLast5": 30.2,
        "savesPer60": 28.4,
        "savesPer60Last1": 29.0,
        "savesPer60Last3": 27.5,
        "savesPer60Last5": 30.5,
        "shotsPerGame": 31.8,
        "shotsPerGameLast5": 31.4,
        "shotsAgainstPerGame": 31.1,
        "shotsAgainstPerGameLast5": 33.6,
        "oppSavesAgainstPer60": 28.5,
        "oppSavesAgainstPer60Last1": 28.8,
        "oppSavesAgainstPer60Last3": 23.5,
        "oppSavesAgainstPer60Last5": 22.8,
        "oppShotsAgainstPerGame": 31.1,
        "oppShotsAgainstPerGameLast5": 36.0,
        "savesProj": 27.9,
        "savesProjLast5": 23.6,
        "savesProjLast3": 22.0,
        "oppSavesAgainstProj": 28.8,
        "oppSavesAgainstProjLast5": 23.2,
        "oppSavesAgainstProjLast3": 22.6,
        "totalOver": 59,
        "totalOverLast5": 40,
        "totalOverLast15": 33,
        "lastTotalOver": 76,
        "last5": "5,1,1,4,1,2,4,1,4,2",
        "overOdds": "-165",
        "underOdds": "+135",
        "overUnder": "-165 / +135"
    },
    {
        "player": "Joel Eriksson Ek",
        "team": "MIN",
        "opponent": "VGK",
        "propType": "sog",
        "line": 2.5,
        "ppLine": "PP1",
        "avg": 3.21,
        "hit": false,
        "diffAvg": 0.28,
        "diffAbs": 0.08,
        "lastAvg": 2.69,
        "diff": 0.08,
        "avgMin": 19,
        "proj": 2.7,
        "lastAvgMin": 18.57,
        "oppOver": 0,
        "teamOver": 0,
        "gameLine": "-135",
        "+/-": "+5",
        "L5_+/-": "+8.0",
        "prevMatchup": "2023-04-01 4.0 sog 2023-02-09 5.0 sog",
        "winLossSplits": "3.13 - 3.36",
        "awayHome": "H",
        "playedYesterday": "N",
        "awayHomeSplits": "3.13 - 3.29",
        "savesAboveExp": -0.478,
        "gsaa": -24.51,
        "corsi": "49.9% (57.4) // 47.2% (54.2) // 43.7% (50.2) // 40.9% (50.3)",
        "fenwick": "50.8% (43.3) // 46.7% (41.2) // 43.1% (37.6) // 39.9% (37.0)",
        "shots": "50.0% (30.5) // 45.1% (29.0) // 41.6% (25.2) // 39.1% (26.3)",
        "scoring": "50.4% (28.1) // 45.9% (25.2) // 39.9% (21.8) // 37.5% (23.0)",
        "corsiAgainst": "50.1% (57.5) // 52.8% (60.6) // 56.3% (64.5) // 59.1% (72.7)",
        "fenwickAgainst": "49.2% (42.0) // 53.3% (47.1) // 56.9% (49.6) // 60.1% (55.7)",
        "shotsAgainst": "50.0% (30.5) // 54.9% (35.3) // 58.4% (35.4) // 60.9% (41.0)",
        "scoringAgainst": "49.6% (27.7) // 54.1% (29.7) // 60.1% (32.9) // 62.5% (38.3)",
        "oppCorsi": "48.6% (57.5) // 45.4% (53.7) // 45.5% (56.4) // 46.3% (54.4)",
        "oppFenwick": "49.8% (42.6) // 46.9% (40.6) // 48.2% (43.1) // 47.9% (42.1)",
        "oppShots": "50.5% (31.3) // 48.1% (30.6) // 48.3% (31.1) // 49.2% (30.2)",
        "oppScoring": "49.5% (29.5) // 45.9% (29.3) // 47.4% (32.8) // 49.0% (31.2)",
        "oppCorsiAgainst": "51.4% (60.8) // 54.6% (64.6) // 54.5% (67.7) // 53.7% (63.0)",
        "oppFenwickAgainst": "50.2% (42.9) // 53.1% (45.9) // 51.8% (46.3) // 52.1% (45.8)",
        "oppShotsAgainst": "49.5% (30.7) // 51.9% (33.0) // 51.7% (33.2) // 50.8% (31.2)",
        "oppScoringAgainst": "50.5% (30.0) // 54.1% (34.6) // 52.6% (36.4) // 51.0% (32.5)",
        "savesPerGame": 28.4,
        "savesPerGameLast1": 39.0,
        "savesPerGameLast3": 38.7,
        "savesPerGameLast5": 33.6,
        "savesPer60": 28.7,
        "savesPer60Last1": 37.5,
        "savesPer60Last3": 38.2,
        "savesPer60Last5": 33.8,
        "shotsPerGame": 31.1,
        "shotsPerGameLast5": 25.6,
        "shotsAgainstPerGame": 31.1,
        "shotsAgainstPerGameLast5": 36.0,
        "oppSavesAgainstPer60": 28.5,
        "oppSavesAgainstPer60Last1": 38.5,
        "oppSavesAgainstPer60Last3": 27.3,
        "oppSavesAgainstPer60Last5": 28.2,
        "oppShotsAgainstPerGame": 31.1,
        "oppShotsAgainstPerGameLast5": 33.6,
        "savesProj": 28.9,
        "savesProjLast5": 33.1,
        "savesProjLast3": 35.9,
        "oppSavesAgainstProj": 29.2,
        "oppSavesAgainstProjLast5": 34.5,
        "oppSavesAgainstProjLast3": 37.0,
        "totalOver": 59,
        "totalOverLast5": 80,
        "totalOverLast15": 60,
        "lastTotalOver": 64,
        "last5": "4,4,4,4,2,2,2,6,6,0",
        "overOdds": "-155",
        "underOdds": "+125",
        "overUnder": "-155 / +125"
    },
    {
        "player": "Jonathan Marchessault",
        "team": "VGK",
        "opponent": "MIN",
        "propType": "sog",
        "line": 2.5,
        "ppLine": "PP2",
        "avg": 3.17,
        "hit": false,
        "diffAvg": 0.27,
        "diffAbs": 0.28,
        "lastAvg": 3.26,
        "diff": 0.3,
        "avgMin": 17,
        "proj": 3.2,
        "lastAvgMin": 17.57,
        "oppOver": 0,
        "teamOver": 0,
        "gameLine": "+115",
        "+/-": 0,
        "L5_+/-": "+3.0",
        "prevMatchup": "2023-04-01 4.0 sog 2023-02-09 2.0 sog",
        "winLossSplits": "3.21 - 3.07",
        "awayHome": "A",
        "playedYesterday": "N",
        "awayHomeSplits": "3.06 - 3.28",
        "savesAboveExp": 0.594,
        "gsaa": 30.07,
        "corsi": "48.6% (57.5) // 45.4% (53.7) // 45.5% (56.4) // 46.3% (54.4)",
        "fenwick": "49.8% (42.6) // 46.9% (40.6) // 48.2% (43.1) // 47.9% (42.1)",
        "shots": "50.5% (31.3) // 48.1% (30.6) // 48.3% (31.1) // 49.2% (30.2)",
        "scoring": "49.5% (29.5) // 45.9% (29.3) // 47.4% (32.8) // 49.0% (31.2)",
        "corsiAgainst": "51.4% (60.8) // 54.6% (64.6) // 54.5% (67.7) // 53.7% (63.0)",
        "fenwickAgainst": "50.2% (42.9) // 53.1% (45.9) // 51.8% (46.3) // 52.1% (45.8)",
        "shotsAgainst": "49.5% (30.7) // 51.9% (33.0) // 51.7% (33.2) // 50.8% (31.2)",
        "scoringAgainst": "50.5% (30.0) // 54.1% (34.6) // 52.6% (36.4) // 51.0% (32.5)",
        "oppCorsi": "49.9% (57.4) // 47.2% (54.2) // 43.7% (50.2) // 40.9% (50.3)",
        "oppFenwick": "50.8% (43.3) // 46.7% (41.2) // 43.1% (37.6) // 39.9% (37.0)",
        "oppShots": "50.0% (30.5) // 45.1% (29.0) // 41.6% (25.2) // 39.1% (26.3)",
        "oppScoring": "50.4% (28.1) // 45.9% (25.2) // 39.9% (21.8) // 37.5% (23.0)",
        "oppCorsiAgainst": "50.1% (57.5) // 52.8% (60.6) // 56.3% (64.5) // 59.1% (72.7)",
        "oppFenwickAgainst": "49.2% (42.0) // 53.3% (47.1) // 56.9% (49.6) // 60.1% (55.7)",
        "oppShotsAgainst": "50.0% (30.5) // 54.9% (35.3) // 58.4% (35.4) // 60.9% (41.0)",
        "oppScoringAgainst": "49.6% (27.7) // 54.1% (29.7) // 60.1% (32.9) // 62.5% (38.3)",
        "savesPerGame": 28.3,
        "savesPerGameLast1": 29.0,
        "savesPerGameLast3": 27.3,
        "savesPerGameLast5": 30.2,
        "savesPer60": 28.4,
        "savesPer60Last1": 29.0,
        "savesPer60Last3": 27.5,
        "savesPer60Last5": 30.5,
        "shotsPerGame": 31.8,
        "shotsPerGameLast5": 31.4,
        "shotsAgainstPerGame": 31.1,
        "shotsAgainstPerGameLast5": 33.6,
        "oppSavesAgainstPer60": 28.5,
        "oppSavesAgainstPer60Last1": 28.8,
        "oppSavesAgainstPer60Last3": 23.5,
        "oppSavesAgainstPer60Last5": 22.8,
        "oppShotsAgainstPerGame": 31.1,
        "oppShotsAgainstPerGameLast5": 36.0,
        "savesProj": 27.9,
        "savesProjLast5": 23.6,
        "savesProjLast3": 22.0,
        "oppSavesAgainstProj": 28.8,
        "oppSavesAgainstProjLast5": 23.2,
        "oppSavesAgainstProjLast3": 22.6,
        "totalOver": 66,
        "totalOverLast5": 80,
        "totalOverLast15": 53,
        "lastTotalOver": 60,
        "last5": "4,4,4,2,5,2,3,0,4,2",
        "overOdds": "-160",
        "underOdds": "+130",
        "overUnder": "-160 / +130"
    },
    {
        "player": "Marcus Johansson",
        "team": "MIN",
        "opponent": "VGK",
        "propType": "sog",
        "line": 1.5,
        "ppLine": "PP2",
        "avg": 1.68,
        "hit": false,
        "diffAvg": 0.12,
        "diffAbs": 0.0,
        "lastAvg": 1.48,
        "diff": -0.01,
        "avgMin": 16,
        "proj": 1.5,
        "lastAvgMin": 16.12,
        "oppOver": 0,
        "teamOver": 0,
        "gameLine": "-135",
        "+/-": "+7",
        "L5_+/-": "+4.0",
        "prevMatchup": "2023-04-01 4.0 sog 2023-01-21 1.0 sog 2022-11-01 2.0 sog",
        "winLossSplits": "1.63 - 1.71",
        "awayHome": "H",
        "playedYesterday": "Y",
        "awayHomeSplits": "1.7 - 1.66",
        "savesAboveExp": -0.478,
        "gsaa": -24.51,
        "corsi": "49.9% (57.4) // 47.2% (54.2) // 43.7% (50.2) // 40.9% (50.3)",
        "fenwick": "50.8% (43.3) // 46.7% (41.2) // 43.1% (37.6) // 39.9% (37.0)",
        "shots": "50.0% (30.5) // 45.1% (29.0) // 41.6% (25.2) // 39.1% (26.3)",
        "scoring": "50.4% (28.1) // 45.9% (25.2) // 39.9% (21.8) // 37.5% (23.0)",
        "corsiAgainst": "50.1% (57.5) // 52.8% (60.6) // 56.3% (64.5) // 59.1% (72.7)",
        "fenwickAgainst": "49.2% (42.0) // 53.3% (47.1) // 56.9% (49.6) // 60.1% (55.7)",
        "shotsAgainst": "50.0% (30.5) // 54.9% (35.3) // 58.4% (35.4) // 60.9% (41.0)",
        "scoringAgainst": "49.6% (27.7) // 54.1% (29.7) // 60.1% (32.9) // 62.5% (38.3)",
        "oppCorsi": "48.6% (57.5) // 45.4% (53.7) // 45.5% (56.4) // 46.3% (54.4)",
        "oppFenwick": "49.8% (42.6) // 46.9% (40.6) // 48.2% (43.1) // 47.9% (42.1)",
        "oppShots": "50.5% (31.3) // 48.1% (30.6) // 48.3% (31.1) // 49.2% (30.2)",
        "oppScoring": "49.5% (29.5) // 45.9% (29.3) // 47.4% (32.8) // 49.0% (31.2)",
        "oppCorsiAgainst": "51.4% (60.8) // 54.6% (64.6) // 54.5% (67.7) // 53.7% (63.0)",
        "oppFenwickAgainst": "50.2% (42.9) // 53.1% (45.9) // 51.8% (46.3) // 52.1% (45.8)",
        "oppShotsAgainst": "49.5% (30.7) // 51.9% (33.0) // 51.7% (33.2) // 50.8% (31.2)",
        "oppScoringAgainst": "50.5% (30.0) // 54.1% (34.6) // 52.6% (36.4) // 51.0% (32.5)",
        "savesPerGame": 28.4,
        "savesPerGameLast1": 39.0,
        "savesPerGameLast3": 38.7,
        "savesPerGameLast5": 33.6,
        "savesPer60": 28.7,
        "savesPer60Last1": 37.5,
        "savesPer60Last3": 38.2,
        "savesPer60Last5": 33.8,
        "shotsPerGame": 31.1,
        "shotsPerGameLast5": 25.6,
        "shotsAgainstPerGame": 31.1,
        "shotsAgainstPerGameLast5": 36.0,
        "oppSavesAgainstPer60": 28.5,
        "oppSavesAgainstPer60Last1": 38.5,
        "oppSavesAgainstPer60Last3": 27.3,
        "oppSavesAgainstPer60Last5": 28.2,
        "oppShotsAgainstPerGame": 31.1,
        "oppShotsAgainstPerGameLast5": 33.6,
        "savesProj": 28.9,
        "savesProjLast5": 33.1,
        "savesProjLast3": 35.9,
        "oppSavesAgainstProj": 29.2,
        "oppSavesAgainstProjLast5": 34.5,
        "oppSavesAgainstProjLast3": 37.0,
        "totalOver": 49,
        "totalOverLast5": 60,
        "totalOverLast15": 60,
        "lastTotalOver": 53,
        "last5": "4,2,1,1,2,2,3,4,1,0",
        "overOdds": "-155",
        "underOdds": "+125",
        "overUnder": "-155 / +125"
    },
    {
        "player": "Mats Zuccarello",
        "team": "MIN",
        "opponent": "VGK",
        "propType": "sog",
        "line": 2.5,
        "ppLine": "PP1",
        "avg": 2.54,
        "hit": false,
        "diffAvg": 0.02,
        "diffAbs": 0.08,
        "lastAvg": 2.09,
        "diff": -0.16,
        "avgMin": 20,
        "proj": 2.3,
        "lastAvgMin": 18.58,
        "oppOver": 0,
        "teamOver": 0,
        "gameLine": "-135",
        "+/-": 0,
        "L5_+/-": -4.0,
        "prevMatchup": "2023-04-01 2.0 sog 2023-02-09 2.0 sog",
        "winLossSplits": "2.54 - 2.51",
        "awayHome": "H",
        "playedYesterday": "N",
        "awayHomeSplits": "2.68 - 2.41",
        "savesAboveExp": -0.478,
        "gsaa": -24.51,
        "corsi": "49.9% (57.4) // 47.2% (54.2) // 43.7% (50.2) // 40.9% (50.3)",
        "fenwick": "50.8% (43.3) // 46.7% (41.2) // 43.1% (37.6) // 39.9% (37.0)",
        "shots": "50.0% (30.5) // 45.1% (29.0) // 41.6% (25.2) // 39.1% (26.3)",
        "scoring": "50.4% (28.1) // 45.9% (25.2) // 39.9% (21.8) // 37.5% (23.0)",
        "corsiAgainst": "50.1% (57.5) // 52.8% (60.6) // 56.3% (64.5) // 59.1% (72.7)",
        "fenwickAgainst": "49.2% (42.0) // 53.3% (47.1) // 56.9% (49.6) // 60.1% (55.7)",
        "shotsAgainst": "50.0% (30.5) // 54.9% (35.3) // 58.4% (35.4) // 60.9% (41.0)",
        "scoringAgainst": "49.6% (27.7) // 54.1% (29.7) // 60.1% (32.9) // 62.5% (38.3)",
        "oppCorsi": "48.6% (57.5) // 45.4% (53.7) // 45.5% (56.4) // 46.3% (54.4)",
        "oppFenwick": "49.8% (42.6) // 46.9% (40.6) // 48.2% (43.1) // 47.9% (42.1)",
        "oppShots": "50.5% (31.3) // 48.1% (30.6) // 48.3% (31.1) // 49.2% (30.2)",
        "oppScoring": "49.5% (29.5) // 45.9% (29.3) // 47.4% (32.8) // 49.0% (31.2)",
        "oppCorsiAgainst": "51.4% (60.8) // 54.6% (64.6) // 54.5% (67.7) // 53.7% (63.0)",
        "oppFenwickAgainst": "50.2% (42.9) // 53.1% (45.9) // 51.8% (46.3) // 52.1% (45.8)",
        "oppShotsAgainst": "49.5% (30.7) // 51.9% (33.0) // 51.7% (33.2) // 50.8% (31.2)",
        "oppScoringAgainst": "50.5% (30.0) // 54.1% (34.6) // 52.6% (36.4) // 51.0% (32.5)",
        "savesPerGame": 28.4,
        "savesPerGameLast1": 39.0,
        "savesPerGameLast3": 38.7,
        "savesPerGameLast5": 33.6,
        "savesPer60": 28.7,
        "savesPer60Last1": 37.5,
        "savesPer60Last3": 38.2,
        "savesPer60Last5": 33.8,
        "shotsPerGame": 31.1,
        "shotsPerGameLast5": 25.6,
        "shotsAgainstPerGame": 31.1,
        "shotsAgainstPerGameLast5": 36.0,
        "oppSavesAgainstPer60": 28.5,
        "oppSavesAgainstPer60Last1": 38.5,
        "oppSavesAgainstPer60Last3": 27.3,
        "oppSavesAgainstPer60Last5": 28.2,
        "oppShotsAgainstPerGame": 31.1,
        "oppShotsAgainstPerGameLast5": 33.6,
        "savesProj": 28.9,
        "savesProjLast5": 33.1,
        "savesProjLast3": 35.9,
        "oppSavesAgainstProj": 29.2,
        "oppSavesAgainstProjLast5": 34.5,
        "oppSavesAgainstProjLast3": 37.0,
        "totalOver": 47,
        "totalOverLast5": 20,
        "totalOverLast15": 47,
        "lastTotalOver": 43,
        "last5": "2,2,1,0,3,4,4,4,1,3",
        "overOdds": "+110",
        "underOdds": "-140",
        "overUnder": "+110 / -140"
    },
    {
        "player": "Matthew Boldy",
        "team": "MIN",
        "opponent": "VGK",
        "propType": "sog",
        "line": 3.5,
        "ppLine": "PP1",
        "avg": 3.21,
        "hit": false,
        "diffAvg": -0.08,
        "diffAbs": 0.29,
        "lastAvg": 2.13,
        "diff": -0.39,
        "avgMin": 18,
        "proj": 2.5,
        "lastAvgMin": 15.38,
        "oppOver": 0,
        "teamOver": 0,
        "gameLine": "-135",
        "+/-": "+3",
        "L5_+/-": "+8.0",
        "prevMatchup": "2023-04-01 5.0 sog 2023-02-09 4.0 sog",
        "winLossSplits": "3.2 - 3.05",
        "awayHome": "H",
        "playedYesterday": "N",
        "awayHomeSplits": "3.53 - 2.89",
        "savesAboveExp": -0.478,
        "gsaa": -24.51,
        "corsi": "49.9% (57.4) // 47.2% (54.2) // 43.7% (50.2) // 40.9% (50.3)",
        "fenwick": "50.8% (43.3) // 46.7% (41.2) // 43.1% (37.6) // 39.9% (37.0)",
        "shots": "50.0% (30.5) // 45.1% (29.0) // 41.6% (25.2) // 39.1% (26.3)",
        "scoring": "50.4% (28.1) // 45.9% (25.2) // 39.9% (21.8) // 37.5% (23.0)",
        "corsiAgainst": "50.1% (57.5) // 52.8% (60.6) // 56.3% (64.5) // 59.1% (72.7)",
        "fenwickAgainst": "49.2% (42.0) // 53.3% (47.1) // 56.9% (49.6) // 60.1% (55.7)",
        "shotsAgainst": "50.0% (30.5) // 54.9% (35.3) // 58.4% (35.4) // 60.9% (41.0)",
        "scoringAgainst": "49.6% (27.7) // 54.1% (29.7) // 60.1% (32.9) // 62.5% (38.3)",
        "oppCorsi": "48.6% (57.5) // 45.4% (53.7) // 45.5% (56.4) // 46.3% (54.4)",
        "oppFenwick": "49.8% (42.6) // 46.9% (40.6) // 48.2% (43.1) // 47.9% (42.1)",
        "oppShots": "50.5% (31.3) // 48.1% (30.6) // 48.3% (31.1) // 49.2% (30.2)",
        "oppScoring": "49.5% (29.5) // 45.9% (29.3) // 47.4% (32.8) // 49.0% (31.2)",
        "oppCorsiAgainst": "51.4% (60.8) // 54.6% (64.6) // 54.5% (67.7) // 53.7% (63.0)",
        "oppFenwickAgainst": "50.2% (42.9) // 53.1% (45.9) // 51.8% (46.3) // 52.1% (45.8)",
        "oppShotsAgainst": "49.5% (30.7) // 51.9% (33.0) // 51.7% (33.2) // 50.8% (31.2)",
        "oppScoringAgainst": "50.5% (30.0) // 54.1% (34.6) // 52.6% (36.4) // 51.0% (32.5)",
        "savesPerGame": 28.4,
        "savesPerGameLast1": 39.0,
        "savesPerGameLast3": 38.7,
        "savesPerGameLast5": 33.6,
        "savesPer60": 28.7,
        "savesPer60Last1": 37.5,
        "savesPer60Last3": 38.2,
        "savesPer60Last5": 33.8,
        "shotsPerGame": 31.1,
        "shotsPerGameLast5": 25.6,
        "shotsAgainstPerGame": 31.1,
        "shotsAgainstPerGameLast5": 36.0,
        "oppSavesAgainstPer60": 28.5,
        "oppSavesAgainstPer60Last1": 38.5,
        "oppSavesAgainstPer60Last3": 27.3,
        "oppSavesAgainstPer60Last5": 28.2,
        "oppShotsAgainstPerGame": 31.1,
        "oppShotsAgainstPerGameLast5": 33.6,
        "savesProj": 28.9,
        "savesProjLast5": 33.1,
        "savesProjLast3": 35.9,
        "oppSavesAgainstProj": 29.2,
        "oppSavesAgainstProjLast5": 34.5,
        "oppSavesAgainstProjLast3": 37.0,
        "totalOver": 43,
        "totalOverLast5": 40,
        "totalOverLast15": 40,
        "lastTotalOver": 32,
        "last5": "5,2,3,2,7,5,6,2,1,2",
        "overOdds": "+110",
        "underOdds": "-140",
        "overUnder": "+110 / -140"
    },
    {
        "player": "Nicolas Roy",
        "team": "VGK",
        "opponent": "MIN",
        "propType": "sog",
        "line": 1.5,
        "ppLine": "PP1",
        "avg": 1.58,
        "hit": false,
        "diffAvg": 0.05,
        "diffAbs": 0.2,
        "lastAvg": 1.86,
        "diff": 0.24,
        "avgMin": 16,
        "proj": 1.8,
        "lastAvgMin": 16.25,
        "oppOver": 0,
        "teamOver": 0,
        "gameLine": "+115",
        "+/-": "+10",
        "L5_+/-": "+6.0",
        "prevMatchup": "2023-04-01 2.0 sog 2023-02-09 2.0 sog",
        "winLossSplits": "1.53 - 1.55",
        "awayHome": "A",
        "playedYesterday": "N",
        "awayHomeSplits": "1.57 - 1.58",
        "savesAboveExp": 0.594,
        "gsaa": 30.07,
        "corsi": "48.6% (57.5) // 45.4% (53.7) // 45.5% (56.4) // 46.3% (54.4)",
        "fenwick": "49.8% (42.6) // 46.9% (40.6) // 48.2% (43.1) // 47.9% (42.1)",
        "shots": "50.5% (31.3) // 48.1% (30.6) // 48.3% (31.1) // 49.2% (30.2)",
        "scoring": "49.5% (29.5) // 45.9% (29.3) // 47.4% (32.8) // 49.0% (31.2)",
        "corsiAgainst": "51.4% (60.8) // 54.6% (64.6) // 54.5% (67.7) // 53.7% (63.0)",
        "fenwickAgainst": "50.2% (42.9) // 53.1% (45.9) // 51.8% (46.3) // 52.1% (45.8)",
        "shotsAgainst": "49.5% (30.7) // 51.9% (33.0) // 51.7% (33.2) // 50.8% (31.2)",
        "scoringAgainst": "50.5% (30.0) // 54.1% (34.6) // 52.6% (36.4) // 51.0% (32.5)",
        "oppCorsi": "49.9% (57.4) // 47.2% (54.2) // 43.7% (50.2) // 40.9% (50.3)",
        "oppFenwick": "50.8% (43.3) // 46.7% (41.2) // 43.1% (37.6) // 39.9% (37.0)",
        "oppShots": "50.0% (30.5) // 45.1% (29.0) // 41.6% (25.2) // 39.1% (26.3)",
        "oppScoring": "50.4% (28.1) // 45.9% (25.2) // 39.9% (21.8) // 37.5% (23.0)",
        "oppCorsiAgainst": "50.1% (57.5) // 52.8% (60.6) // 56.3% (64.5) // 59.1% (72.7)",
        "oppFenwickAgainst": "49.2% (42.0) // 53.3% (47.1) // 56.9% (49.6) // 60.1% (55.7)",
        "oppShotsAgainst": "50.0% (30.5) // 54.9% (35.3) // 58.4% (35.4) // 60.9% (41.0)",
        "oppScoringAgainst": "49.6% (27.7) // 54.1% (29.7) // 60.1% (32.9) // 62.5% (38.3)",
        "savesPerGame": 28.3,
        "savesPerGameLast1": 29.0,
        "savesPerGameLast3": 27.3,
        "savesPerGameLast5": 30.2,
        "savesPer60": 28.4,
        "savesPer60Last1": 29.0,
        "savesPer60Last3": 27.5,
        "savesPer60Last5": 30.5,
        "shotsPerGame": 31.8,
        "shotsPerGameLast5": 31.4,
        "shotsAgainstPerGame": 31.1,
        "shotsAgainstPerGameLast5": 33.6,
        "oppSavesAgainstPer60": 28.5,
        "oppSavesAgainstPer60Last1": 28.8,
        "oppSavesAgainstPer60Last3": 23.5,
        "oppSavesAgainstPer60Last5": 22.8,
        "oppShotsAgainstPerGame": 31.1,
        "oppShotsAgainstPerGameLast5": 36.0,
        "savesProj": 27.9,
        "savesProjLast5": 23.6,
        "savesProjLast3": 22.0,
        "oppSavesAgainstProj": 28.8,
        "oppSavesAgainstProjLast5": 23.2,
        "oppSavesAgainstProjLast3": 22.6,
        "totalOver": 42,
        "totalOverLast5": 80,
        "totalOverLast15": 67,
        "lastTotalOver": 55,
        "last5": "2,1,5,7,2,3,2,3,4,2",
        "overOdds": "-160",
        "underOdds": "+130",
        "overUnder": "-160 / +130"
    },
    {
        "player": "Ryan Hartman",
        "team": "MIN",
        "opponent": "VGK",
        "propType": "sog",
        "line": 2.5,
        "ppLine": "PP1",
        "avg": 2.5,
        "hit": false,
        "diffAvg": 0.0,
        "diffAbs": 0.04,
        "lastAvg": 2.72,
        "diff": 0.09,
        "avgMin": 16,
        "proj": 2.4,
        "lastAvgMin": 18.17,
        "oppOver": 0,
        "teamOver": 0,
        "gameLine": "-135",
        "+/-": "+6",
        "L5_+/-": "+1.0",
        "prevMatchup": "2023-04-01 0.0 sog 2023-02-09 0.0 sog",
        "winLossSplits": "2.76 - 2.28",
        "awayHome": "H",
        "playedYesterday": "N",
        "awayHomeSplits": "2.7 - 2.25",
        "savesAboveExp": -0.478,
        "gsaa": -24.51,
        "corsi": "49.9% (57.4) // 47.2% (54.2) // 43.7% (50.2) // 40.9% (50.3)",
        "fenwick": "50.8% (43.3) // 46.7% (41.2) // 43.1% (37.6) // 39.9% (37.0)",
        "shots": "50.0% (30.5) // 45.1% (29.0) // 41.6% (25.2) // 39.1% (26.3)",
        "scoring": "50.4% (28.1) // 45.9% (25.2) // 39.9% (21.8) // 37.5% (23.0)",
        "corsiAgainst": "50.1% (57.5) // 52.8% (60.6) // 56.3% (64.5) // 59.1% (72.7)",
        "fenwickAgainst": "49.2% (42.0) // 53.3% (47.1) // 56.9% (49.6) // 60.1% (55.7)",
        "shotsAgainst": "50.0% (30.5) // 54.9% (35.3) // 58.4% (35.4) // 60.9% (41.0)",
        "scoringAgainst": "49.6% (27.7) // 54.1% (29.7) // 60.1% (32.9) // 62.5% (38.3)",
        "oppCorsi": "48.6% (57.5) // 45.4% (53.7) // 45.5% (56.4) // 46.3% (54.4)",
        "oppFenwick": "49.8% (42.6) // 46.9% (40.6) // 48.2% (43.1) // 47.9% (42.1)",
        "oppShots": "50.5% (31.3) // 48.1% (30.6) // 48.3% (31.1) // 49.2% (30.2)",
        "oppScoring": "49.5% (29.5) // 45.9% (29.3) // 47.4% (32.8) // 49.0% (31.2)",
        "oppCorsiAgainst": "51.4% (60.8) // 54.6% (64.6) // 54.5% (67.7) // 53.7% (63.0)",
        "oppFenwickAgainst": "50.2% (42.9) // 53.1% (45.9) // 51.8% (46.3) // 52.1% (45.8)",
        "oppShotsAgainst": "49.5% (30.7) // 51.9% (33.0) // 51.7% (33.2) // 50.8% (31.2)",
        "oppScoringAgainst": "50.5% (30.0) // 54.1% (34.6) // 52.6% (36.4) // 51.0% (32.5)",
        "savesPerGame": 28.4,
        "savesPerGameLast1": 39.0,
        "savesPerGameLast3": 38.7,
        "savesPerGameLast5": 33.6,
        "savesPer60": 28.7,
        "savesPer60Last1": 37.5,
        "savesPer60Last3": 38.2,
        "savesPer60Last5": 33.8,
        "shotsPerGame": 31.1,
        "shotsPerGameLast5": 25.6,
        "shotsAgainstPerGame": 31.1,
        "shotsAgainstPerGameLast5": 36.0,
        "oppSavesAgainstPer60": 28.5,
        "oppSavesAgainstPer60Last1": 38.5,
        "oppSavesAgainstPer60Last3": 27.3,
        "oppSavesAgainstPer60Last5": 28.2,
        "oppShotsAgainstPerGame": 31.1,
        "oppShotsAgainstPerGameLast5": 33.6,
        "savesProj": 28.9,
        "savesProjLast5": 33.1,
        "savesProjLast3": 35.9,
        "oppSavesAgainstProj": 29.2,
        "oppSavesAgainstProjLast5": 34.5,
        "oppSavesAgainstProjLast3": 37.0,
        "totalOver": 52,
        "totalOverLast5": 60,
        "totalOverLast15": 60,
        "lastTotalOver": 51,
        "last5": "0,4,3,4,0,0,3,2,5,3",
        "overOdds": "-110",
        "underOdds": "-120",
        "overUnder": "-110 / -120"
    },
    {
        "player": "William Karlsson",
        "team": "VGK",
        "opponent": "MIN",
        "propType": "sog",
        "line": 1.5,
        "ppLine": "PP2",
        "avg": 1.96,
        "hit": false,
        "diffAvg": 0.31,
        "diffAbs": 0.27,
        "lastAvg": 2.01,
        "diff": 0.34,
        "avgMin": 17,
        "proj": 1.9,
        "lastAvgMin": 18.27,
        "oppOver": 0,
        "teamOver": 0,
        "gameLine": "+115",
        "+/-": "+10",
        "L5_+/-": "+8.0",
        "prevMatchup": "2023-04-01 2.0 sog 2023-02-09 1.0 sog",
        "winLossSplits": "1.96 - 1.82",
        "awayHome": "A",
        "playedYesterday": "N",
        "awayHomeSplits": "1.92 - 2.0",
        "savesAboveExp": 0.594,
        "gsaa": 30.07,
        "corsi": "48.6% (57.5) // 45.4% (53.7) // 45.5% (56.4) // 46.3% (54.4)",
        "fenwick": "49.8% (42.6) // 46.9% (40.6) // 48.2% (43.1) // 47.9% (42.1)",
        "shots": "50.5% (31.3) // 48.1% (30.6) // 48.3% (31.1) // 49.2% (30.2)",
        "scoring": "49.5% (29.5) // 45.9% (29.3) // 47.4% (32.8) // 49.0% (31.2)",
        "corsiAgainst": "51.4% (60.8) // 54.6% (64.6) // 54.5% (67.7) // 53.7% (63.0)",
        "fenwickAgainst": "50.2% (42.9) // 53.1% (45.9) // 51.8% (46.3) // 52.1% (45.8)",
        "shotsAgainst": "49.5% (30.7) // 51.9% (33.0) // 51.7% (33.2) // 50.8% (31.2)",
        "scoringAgainst": "50.5% (30.0) // 54.1% (34.6) // 52.6% (36.4) // 51.0% (32.5)",
        "oppCorsi": "49.9% (57.4) // 47.2% (54.2) // 43.7% (50.2) // 40.9% (50.3)",
        "oppFenwick": "50.8% (43.3) // 46.7% (41.2) // 43.1% (37.6) // 39.9% (37.0)",
        "oppShots": "50.0% (30.5) // 45.1% (29.0) // 41.6% (25.2) // 39.1% (26.3)",
        "oppScoring": "50.4% (28.1) // 45.9% (25.2) // 39.9% (21.8) // 37.5% (23.0)",
        "oppCorsiAgainst": "50.1% (57.5) // 52.8% (60.6) // 56.3% (64.5) // 59.1% (72.7)",
        "oppFenwickAgainst": "49.2% (42.0) // 53.3% (47.1) // 56.9% (49.6) // 60.1% (55.7)",
        "oppShotsAgainst": "50.0% (30.5) // 54.9% (35.3) // 58.4% (35.4) // 60.9% (41.0)",
        "oppScoringAgainst": "49.6% (27.7) // 54.1% (29.7) // 60.1% (32.9) // 62.5% (38.3)",
        "savesPerGame": 28.3,
        "savesPerGameLast1": 29.0,
        "savesPerGameLast3": 27.3,
        "savesPerGameLast5": 30.2,
        "savesPer60": 28.4,
        "savesPer60Last1": 29.0,
        "savesPer60Last3": 27.5,
        "savesPer60Last5": 30.5,
        "shotsPerGame": 31.8,
        "shotsPerGameLast5": 31.4,
        "shotsAgainstPerGame": 31.1,
        "shotsAgainstPerGameLast5": 33.6,
        "oppSavesAgainstPer60": 28.5,
        "oppSavesAgainstPer60Last1": 28.8,
        "oppSavesAgainstPer60Last3": 23.5,
        "oppSavesAgainstPer60Last5": 22.8,
        "oppShotsAgainstPerGame": 31.1,
        "oppShotsAgainstPerGameLast5": 36.0,
        "savesProj": 27.9,
        "savesProjLast5": 23.6,
        "savesProjLast3": 22.0,
        "oppSavesAgainstProj": 28.8,
        "oppSavesAgainstProjLast5": 23.2,
        "oppSavesAgainstProjLast3": 22.6,
        "totalOver": 64,
        "totalOverLast5": 80,
        "totalOverLast15": 60,
        "lastTotalOver": 55,
        "last5": "2,2,1,2,3,1,0,3,0,4",
        "overOdds": "-160",
        "underOdds": "+130",
        "overUnder": "-160 / +130"
    },
    {
        "player": "Cody Glass",
        "team": "NSH",
        "opponent": "DAL",
        "propType": "sog",
        "line": 1.5,
        "ppLine": "PP1",
        "avg": 1.78,
        "hit": false,
        "diffAvg": 0.19,
        "diffAbs": 0.27,
        "lastAvg": 0.9,
        "diff": -0.4,
        "avgMin": 14,
        "proj": 1.1,
        "lastAvgMin": 11.4,
        "oppOver": 0,
        "teamOver": 0,
        "gameLine": "+165",
        "+/-": "+9",
        "L5_+/-": "+3.0",
        "prevMatchup": "2022-12-27 0.0 sog 2022-10-15 3.0 sog",
        "winLossSplits": "1.41 - 2.01",
        "awayHome": "A",
        "playedYesterday": "N",
        "awayHomeSplits": "1.88 - 1.7",
        "savesAboveExp": 0.39,
        "gsaa": 21.2,
        "corsi": "48.1% (57.2) // 44.9% (49.8) // 43.4% (49.0) // 42.2% (51.7)",
        "fenwick": "47.7% (42.0) // 43.6% (36.1) // 42.4% (35.8) // 42.1% (38.3)",
        "shots": "47.2% (29.4) // 44.1% (25.4) // 42.5% (24.8) // 45.5% (28.7)",
        "scoring": "47.1% (29.7) // 43.1% (24.3) // 37.9% (21.0) // 39.4% (23.7)",
        "corsiAgainst": "51.9% (61.6) // 55.1% (61.2) // 56.6% (63.8) // 57.8% (70.7)",
        "fenwickAgainst": "52.3% (46.0) // 56.4% (46.8) // 57.6% (48.7) // 57.9% (52.7)",
        "shotsAgainst": "52.8% (32.9) // 55.9% (32.1) // 57.5% (33.5) // 54.5% (34.3)",
        "scoringAgainst": "52.9% (33.3) // 56.9% (32.0) // 62.1% (34.5) // 60.6% (36.3)",
        "oppCorsi": "51.7% (60.2) // 51.6% (54.7) // 52.5% (55.8) // 56.8% (55.7)",
        "oppFenwick": "51.0% (44.0) // 50.7% (40.6) // 52.3% (41.4) // 58.9% (44.0)",
        "oppShots": "51.3% (31.7) // 51.3% (28.8) // 53.0% (30.2) // 57.5% (30.7)",
        "oppScoring": "53.0% (31.5) // 51.2% (28.6) // 52.6% (28.6) // 59.4% (28.3)",
        "oppCorsiAgainst": "48.3% (56.3) // 48.4% (51.2) // 47.5% (50.4) // 43.2% (42.3)",
        "oppFenwickAgainst": "49.0% (42.2) // 49.3% (39.4) // 47.7% (37.8) // 41.1% (30.7)",
        "oppShotsAgainst": "48.7% (30.1) // 48.7% (27.3) // 47.0% (26.8) // 42.5% (22.7)",
        "oppScoringAgainst": "47.0% (27.9) // 48.8% (27.2) // 47.4% (25.8) // 40.6% (19.3)",
        "savesPerGame": 30.4,
        "savesPerGameLast1": 21.0,
        "savesPerGameLast3": 33.0,
        "savesPerGameLast5": 32.4,
        "savesPer60": 30.5,
        "savesPer60Last1": 21.0,
        "savesPer60Last3": 32.9,
        "savesPer60Last5": 32.2,
        "shotsPerGame": 29.8,
        "shotsPerGameLast5": 25.4,
        "shotsAgainstPerGame": 33.3,
        "shotsAgainstPerGameLast5": 35.2,
        "oppSavesAgainstPer60": 28.5,
        "oppSavesAgainstPer60Last1": 28.1,
        "oppSavesAgainstPer60Last3": 27.7,
        "oppSavesAgainstPer60Last5": 27.2,
        "oppShotsAgainstPerGame": 30.5,
        "oppShotsAgainstPerGameLast5": 26.8,
        "savesProj": 31.0,
        "savesProjLast5": 31.4,
        "savesProjLast3": 31.8,
        "oppSavesAgainstProj": 31.1,
        "oppSavesAgainstProjLast5": 30.9,
        "oppSavesAgainstProjLast3": 31.4,
        "totalOver": 43,
        "totalOverLast5": 60,
        "totalOverLast15": 60,
        "lastTotalOver": 40,
        "last5": "3,2,1,4,0,0,1,5,3,5",
        "overOdds": "-145",
        "underOdds": "+115",
        "overUnder": "-145 / +115"
    },
    {
        "player": "Jamie Benn",
        "team": "DAL",
        "opponent": "NSH",
        "propType": "sog",
        "line": 2.5,
        "ppLine": "PP1",
        "avg": 2.36,
        "hit": false,
        "diffAvg": -0.06,
        "diffAbs": 0.28,
        "lastAvg": 2.04,
        "diff": -0.18,
        "avgMin": 15,
        "proj": 1.8,
        "lastAvgMin": 16.73,
        "oppOver": 0,
        "teamOver": 0,
        "gameLine": "-195",
        "+/-": "+19",
        "L5_+/-": -4.0,
        "prevMatchup": "2022-12-27 3.0 sog 2022-10-15 1.0 sog 2022-10-13 0.0 sog",
        "winLossSplits": "2.32 - 2.09",
        "awayHome": "H",
        "playedYesterday": "N",
        "awayHomeSplits": "2.08 - 2.65",
        "savesAboveExp": 0.483,
        "gsaa": 26.29,
        "corsi": "51.7% (60.2) // 51.6% (54.7) // 52.5% (55.8) // 56.8% (55.7)",
        "fenwick": "51.0% (44.0) // 50.7% (40.6) // 52.3% (41.4) // 58.9% (44.0)",
        "shots": "51.3% (31.7) // 51.3% (28.8) // 53.0% (30.2) // 57.5% (30.7)",
        "scoring": "53.0% (31.5) // 51.2% (28.6) // 52.6% (28.6) // 59.4% (28.3)",
        "corsiAgainst": "48.3% (56.3) // 48.4% (51.2) // 47.5% (50.4) // 43.2% (42.3)",
        "fenwickAgainst": "49.0% (42.2) // 49.3% (39.4) // 47.7% (37.8) // 41.1% (30.7)",
        "shotsAgainst": "48.7% (30.1) // 48.7% (27.3) // 47.0% (26.8) // 42.5% (22.7)",
        "scoringAgainst": "47.0% (27.9) // 48.8% (27.2) // 47.4% (25.8) // 40.6% (19.3)",
        "oppCorsi": "48.1% (57.2) // 44.9% (49.8) // 43.4% (49.0) // 42.2% (51.7)",
        "oppFenwick": "47.7% (42.0) // 43.6% (36.1) // 42.4% (35.8) // 42.1% (38.3)",
        "oppShots": "47.2% (29.4) // 44.1% (25.4) // 42.5% (24.8) // 45.5% (28.7)",
        "oppScoring": "47.1% (29.7) // 43.1% (24.3) // 37.9% (21.0) // 39.4% (23.7)",
        "oppCorsiAgainst": "51.9% (61.6) // 55.1% (61.2) // 56.6% (63.8) // 57.8% (70.7)",
        "oppFenwickAgainst": "52.3% (46.0) // 56.4% (46.8) // 57.6% (48.7) // 57.9% (52.7)",
        "oppShotsAgainst": "52.8% (32.9) // 55.9% (32.1) // 57.5% (33.5) // 54.5% (34.3)",
        "oppScoringAgainst": "52.9% (33.3) // 56.9% (32.0) // 62.1% (34.5) // 60.6% (36.3)",
        "savesPerGame": 27.7,
        "savesPerGameLast1": 27.0,
        "savesPerGameLast3": 20.0,
        "savesPerGameLast5": 24.2,
        "savesPer60": 27.9,
        "savesPer60Last1": 25.8,
        "savesPer60Last3": 19.6,
        "savesPer60Last5": 23.7,
        "shotsPerGame": 32.1,
        "shotsPerGameLast5": 30.2,
        "shotsAgainstPerGame": 30.5,
        "shotsAgainstPerGameLast5": 26.8,
        "oppSavesAgainstPer60": 27.0,
        "oppSavesAgainstPer60Last1": 28.7,
        "oppSavesAgainstPer60Last3": 26.5,
        "oppSavesAgainstPer60Last5": 23.2,
        "oppShotsAgainstPerGame": 33.3,
        "oppShotsAgainstPerGameLast5": 35.2,
        "savesProj": 24.7,
        "savesProjLast5": 17.9,
        "savesProjLast3": 16.7,
        "oppSavesAgainstProj": 26.7,
        "oppSavesAgainstProjLast5": 20.2,
        "oppSavesAgainstProjLast3": 20.2,
        "totalOver": 39,
        "totalOverLast5": 20,
        "totalOverLast15": 40,
        "lastTotalOver": 30,
        "last5": "1,2,1,1,5,5,3,2,4,4",
        "overOdds": "+135",
        "underOdds": "-165",
        "overUnder": "+135 / -165"
    },
    {
        "player": "Jason Robertson",
        "team": "DAL",
        "opponent": "NSH",
        "propType": "sog",
        "line": 3.5,
        "ppLine": "PP1",
        "avg": 3.86,
        "hit": false,
        "diffAvg": 0.1,
        "diffAbs": 0.23,
        "lastAvg": 2.72,
        "diff": -0.22,
        "avgMin": 18,
        "proj": 2.7,
        "lastAvgMin": 18.1,
        "oppOver": 0,
        "teamOver": 0,
        "gameLine": "-195",
        "+/-": "+31",
        "L5_+/-": "+2.0",
        "prevMatchup": "2022-12-27 1.0 sog 2022-10-15 4.0 sog 2022-10-13 6.0 sog",
        "winLossSplits": "4.24 - 3.02",
        "awayHome": "H",
        "playedYesterday": "N",
        "awayHomeSplits": "3.49 - 4.24",
