[
    {
        "player": "Linus Ullmark",
        "team": "BOS",
        "opponent": "WSH",
        "propType": "sv",
        "line": 26.5,
        "ppLine": "",
        "avg": 28.06,
        "hit": false,
        "diffAvg": 0.06,
        "diffAbs": 0.06,
        "lastAvg": 24.3,
        "diff": -0.08,
        "avgMin": 58,
        "proj": 24.8,
        "lastAvgMin": 56.83,
        "oppOver": 50,
        "teamOver": 56,
        "gameLine": "+265",
        "+/-": 0,
        "L5_+/-": 0,
        "prevMatchup": "2022-10-12 bos @ wsh 33.0 sv 2023-02-11 wsh @ bos 21.0 sv",
        "winLossSplits": "60% - 50%",
        "awayHome": "H",
        "playedYesterday": "N",
        "awayHomeSplits": "68% - 50%",
        "savesAboveExp": 0.892,
        "gsaa": 48.46,
        "corsi": "51.3% (57.9) // 50.7% (57.4) // 51.1% (58.1) // 53.1% (59.5)",
        "fenwick": "51.6% (43.8) // 50.3% (43.8) // 50.9% (44.7) // 51.8% (46.4)",
        "shots": "52.5% (32.6) // 52.2% (32.6) // 51.8% (33.8) // 51.9% (35.2)",
        "scoring": "52.9% (32.1) // 52.5% (31.4) // 50.2% (30.4) // 51.5% (27.9)",
        "corsiAgainst": "48.7% (55.0) // 49.3% (55.9) // 48.9% (55.6) // 46.9% (52.6)",
        "fenwickAgainst": "48.4% (41.1) // 49.7% (43.3) // 49.1% (43.1) // 48.2% (43.1)",
        "shotsAgainst": "47.5% (29.4) // 47.8% (29.8) // 48.2% (31.4) // 48.1% (32.5)",
        "scoringAgainst": "47.1% (28.6) // 47.5% (28.4) // 49.8% (30.2) // 48.5% (26.3)",
        "oppCorsi": "50.2% (58.9) // 45.5% (54.9) // 41.0% (51.5) // 38.6% (49.3)",
        "oppFenwick": "50.0% (43.2) // 46.0% (41.2) // 41.3% (37.8) // 38.9% (35.0)",
        "oppShots": "50.2% (30.8) // 45.5% (29.1) // 41.9% (25.8) // 40.8% (25.0)",
        "oppScoring": "50.2% (29.4) // 46.3% (27.6) // 40.3% (25.0) // 37.4% (22.3)",
        "oppCorsiAgainst": "49.8% (58.5) // 54.5% (65.8) // 59.0% (74.0) // 61.4% (78.3)",
        "oppFenwickAgainst": "50.0% (43.2) // 54.0% (48.3) // 58.7% (53.8) // 61.1% (55.0)",
        "oppShotsAgainst": "49.8% (30.6) // 54.5% (34.9) // 58.1% (35.8) // 59.2% (36.3)",
        "oppScoringAgainst": "49.8% (29.2) // 53.7% (32.1) // 59.7% (37.0) // 62.6% (37.3)",
        "savesPerGame": 27.7,
        "savesPerGameLast1": 34.0,
        "savesPerGameLast3": 31.3,
        "savesPerGameLast5": 30.0,
        "savesPer60": 27.9,
        "savesPer60Last1": 34.0,
        "savesPer60Last3": 31.8,
        "savesPer60Last5": 30.7,
        "shotsPerGame": 33.0,
        "shotsPerGameLast5": 34.6,
        "shotsAgainstPerGame": 29.8,
        "shotsAgainstPerGameLast5": 32.2,
        "oppSavesAgainstPer60": 28.2,
        "oppSavesAgainstPer60Last1": 20.4,
        "oppSavesAgainstPer60Last3": 22.1,
        "oppSavesAgainstPer60Last5": 24.3,
        "oppShotsAgainstPerGame": 30.9,
        "oppShotsAgainstPerGameLast5": 35.4,
        "savesProj": 28.3,
        "savesProjLast5": 27.0,
        "savesProjLast3": 25.2,
        "oppSavesAgainstProj": 27.5,
        "oppSavesAgainstProjLast5": 26.0,
        "oppSavesAgainstProjLast3": 24.4,
        "totalOver": 58,
        "totalOverLast5": 40,
        "totalOverLast15": 47,
        "lastTotalOver": 35,
        "last5": "29,35,25,21,26,40,29,23,29,24",
        "overOdds": "-105",
        "underOdds": "-125",
        "overUnder": "-105 / -125"
    },
    {
        "player": "Vitek Vanecek",
        "team": "NJ",
        "opponent": "BUF",
        "propType": "sv",
        "line": 25.5,
        "ppLine": "",
        "avg": 23.1,
        "hit": false,
        "diffAvg": -0.09,
        "diffAbs": 0.1,
        "lastAvg": 23.05,
        "diff": -0.1,
        "avgMin": 55,
        "proj": 23.0,
        "lastAvgMin": 55.17,
        "oppOver": 72,
        "teamOver": 41,
        "gameLine": "-240",
        "+/-": 0,
        "L5_+/-": 0,
        "prevMatchup": "2022-11-25 nj @ buf 33.0 sv 2023-03-24 nj @ buf 21.0 sv",
        "winLossSplits": "45% - 17%",
        "awayHome": "H",
        "playedYesterday": "N",
        "awayHomeSplits": "39% - 32%",
        "savesAboveExp": 0.109,
        "gsaa": 6.96,
        "corsi": "53.8% (63.5) // 56.8% (66.7) // 57.6% (64.6) // 51.1% (58.0)",
        "fenwick": "54.0% (46.9) // 56.2% (49.0) // 58.4% (48.2) // 54.3% (47.0)",
        "shots": "55.1% (34.0) // 56.7% (34.8) // 58.5% (35.0) // 53.7% (33.0)",
        "scoring": "56.4% (34.9) // 62.2% (39.0) // 62.3% (37.4) // 52.8% (33.0)",
        "corsiAgainst": "46.2% (54.6) // 43.2% (50.9) // 42.4% (47.6) // 48.9% (55.5)",
        "fenwickAgainst": "46.0% (39.9) // 43.8% (38.2) // 41.6% (34.4) // 45.7% (39.5)",
        "shotsAgainst": "44.9% (27.7) // 43.3% (26.6) // 41.5% (24.8) // 46.3% (28.5)",
        "scoringAgainst": "43.6% (26.9) // 37.8% (23.7) // 37.7% (22.6) // 47.2% (29.5)",
        "oppCorsi": "50.8% (57.1) // 47.7% (52.7) // 46.7% (51.7) // 47.4% (48.9)",
        "oppFenwick": "49.6% (43.4) // 48.9% (43.2) // 48.2% (43.7) // 50.7% (43.3)",
        "oppShots": "49.4% (32.0) // 50.2% (32.4) // 50.3% (33.7) // 52.8% (33.2)",
        "oppScoring": "49.6% (30.4) // 46.6% (28.3) // 48.0% (30.8) // 44.9% (26.5)",
        "oppCorsiAgainst": "49.2% (55.4) // 52.3% (57.8) // 53.3% (59.0) // 52.6% (54.3)",
        "oppFenwickAgainst": "50.4% (44.2) // 51.1% (45.1) // 51.8% (47.0) // 49.3% (42.0)",
        "oppShotsAgainst": "50.6% (32.7) // 49.8% (32.1) // 49.7% (33.3) // 47.2% (29.7)",
        "oppScoringAgainst": "50.4% (30.8) // 53.4% (32.5) // 52.0% (33.3) // 55.1% (32.5)",
        "savesPerGame": 25.4,
        "savesPerGameLast1": 38.0,
        "savesPerGameLast3": 25.3,
        "savesPerGameLast5": 22.2,
        "savesPer60": 25.5,
        "savesPer60Last1": 36.8,
        "savesPer60Last3": 25.1,
        "savesPer60Last5": 22.0,
        "shotsPerGame": 34.5,
        "shotsPerGameLast5": 35.0,
        "shotsAgainstPerGame": 28.1,
        "shotsAgainstPerGameLast5": 24.8,
        "oppSavesAgainstPer60": 28.8,
        "oppSavesAgainstPer60Last1": 37.0,
        "oppSavesAgainstPer60Last3": 30.8,
        "oppSavesAgainstPer60Last5": 30.8,
        "oppShotsAgainstPerGame": 33.1,
        "oppShotsAgainstPerGameLast5": 34.4,
        "savesProj": 24.8,
        "savesProjLast5": 23.0,
        "savesProjLast3": 26.3,
        "oppSavesAgainstProj": 25.9,
        "oppSavesAgainstProjLast5": 24.3,
        "oppSavesAgainstProjLast3": 26.8,
        "totalOver": 35,
        "totalOverLast5": 20,
        "totalOverLast15": 27,
        "lastTotalOver": 36,
        "last5": "16,22,17,24,31,17,27,22,26,32",
        "overOdds": "-120",
        "underOdds": "-110",
        "overUnder": "-120 / -110"
    },
    {
        "player": "Andrei Vasilevskiy",
        "team": "TB",
        "opponent": "TOR",
        "propType": "sv",
        "line": 29.5,
        "ppLine": "",
        "avg": 28.75,
        "hit": false,
        "diffAvg": -0.03,
        "diffAbs": 0.34,
        "lastAvg": 19.68,
        "diff": -0.33,
        "avgMin": 59,
        "proj": 19.5,
        "lastAvgMin": 59.68,
        "oppOver": 45,
        "teamOver": 42,
        "gameLine": "-225",
        "+/-": 0,
        "L5_+/-": 0,
        "prevMatchup": "2022-12-03 tor @ tb 36.0 sv 2022-12-20 tb @ tor 36.0 sv",
        "winLossSplits": "50% - 40%",
        "awayHome": "H",
        "playedYesterday": "N",
        "awayHomeSplits": "46% - 45%",
        "savesAboveExp": 0.522,
        "gsaa": 22.18,
        "corsi": "51.1% (59.1) // 48.0% (55.2) // 43.6% (52.2) // 42.7% (52.0)",
        "fenwick": "51.1% (44.5) // 46.2% (40.1) // 43.2% (39.8) // 41.9% (38.7)",
        "shots": "50.1% (31.5) // 45.2% (28.6) // 42.9% (29.5) // 42.0% (28.7)",
        "scoring": "52.8% (33.8) // 47.8% (30.2) // 45.5% (30.5) // 43.6% (30.7)",
        "corsiAgainst": "48.9% (56.5) // 52.0% (59.8) // 56.4% (67.5) // 57.3% (69.7)",
        "fenwickAgainst": "48.9% (42.5) // 53.8% (46.7) // 56.8% (52.2) // 58.1% (53.7)",
        "shotsAgainst": "49.9% (31.3) // 54.8% (34.7) // 57.1% (39.2) // 58.0% (39.7)",
        "scoringAgainst": "47.2% (30.2) // 52.2% (33.0) // 54.5% (36.5) // 56.4% (39.7)",
        "oppCorsi": "51.0% (57.9) // 53.7% (63.7) // 51.7% (61.9) // 50.0% (58.0)",
        "oppFenwick": "52.0% (44.2) // 55.2% (49.9) // 54.1% (49.0) // 52.9% (47.1)",
        "oppShots": "52.4% (32.0) // 54.9% (35.8) // 54.6% (35.6) // 50.7% (33.0)",
        "oppScoring": "54.2% (33.6) // 58.8% (37.0) // 57.0% (35.3) // 55.2% (30.5)",
        "oppCorsiAgainst": "49.0% (55.5) // 46.3% (54.8) // 48.3% (57.9) // 50.0% (58.0)",
        "oppFenwickAgainst": "48.0% (40.9) // 44.8% (40.5) // 45.9% (41.5) // 47.1% (42.0)",
        "oppShotsAgainst": "47.6% (29.1) // 45.1% (29.4) // 45.4% (29.6) // 49.3% (32.1)",
        "oppScoringAgainst": "45.8% (28.4) // 41.2% (25.9) // 43.0% (26.6) // 44.8% (24.7)",
        "savesPerGame": 28.5,
        "savesPerGameLast1": 33.0,
        "savesPerGameLast3": 33.3,
        "savesPerGameLast5": 33.6,
        "savesPer60": 28.5,
        "savesPer60Last1": 32.4,
        "savesPer60Last3": 33.1,
        "savesPer60Last5": 33.5,
        "shotsPerGame": 31.8,
        "shotsPerGameLast5": 30.4,
        "shotsAgainstPerGame": 31.6,
        "shotsAgainstPerGameLast5": 37.6,
        "oppSavesAgainstPer60": 28.7,
        "oppSavesAgainstPer60Last1": 23.0,
        "oppSavesAgainstPer60Last3": 31.4,
        "oppSavesAgainstPer60Last5": 37.0,
        "oppShotsAgainstPerGame": 29.4,
        "oppShotsAgainstPerGameLast5": 30.0,
        "savesProj": 30.8,
        "savesProjLast5": 45.7,
        "savesProjLast3": 38.4,
        "oppSavesAgainstProj": 28.8,
        "oppSavesAgainstProjLast5": 43.7,
        "oppSavesAgainstProjLast3": 36.3,
        "totalOver": 46,
        "totalOverLast5": 100,
        "totalOverLast15": 60,
        "lastTotalOver": 37,
        "last5": "31,38,30,31,32,17,34,32,22,19",
        "overOdds": "-105",
        "underOdds": "-125",
        "overUnder": "-105 / -125"
    },
    {
        "player": "Tristan Jarry",
        "team": "PIT",
        "opponent": "CHI",
        "propType": "sv",
        "line": 23.5,
        "ppLine": "",
        "avg": 27.4,
        "hit": false,
        "diffAvg": 0.17,
        "diffAbs": 0.04,
        "lastAvg": 25.79,
        "diff": 0.1,
        "avgMin": 56,
        "proj": 24.5,
        "lastAvgMin": 58.87,
        "oppOver": 52,
        "teamOver": 86,
        "gameLine": "-500",
        "+/-": 0,
        "L5_+/-": 0,
        "prevMatchup": "2022-11-20 pit @ chi 29.0 sv",
        "winLossSplits": "88% - 70%",
        "awayHome": "H",
        "playedYesterday": "N",
        "awayHomeSplits": "75% - 84%",
        "savesAboveExp": 0.033,
        "gsaa": 7.71,
        "corsi": "51.6% (62.7) // 50.9% (63.2) // 44.5% (50.6) // 45.2% (47.5)",
        "fenwick": "51.6% (46.9) // 52.5% (47.9) // 45.4% (36.8) // 47.5% (34.0)",
        "shots": "51.1% (34.0) // 53.5% (34.8) // 47.2% (27.4) // 55.1% (29.5)",
        "scoring": "52.4% (33.0) // 52.0% (33.3) // 46.5% (26.8) // 53.2% (21.0)",
        "corsiAgainst": "48.4% (58.9) // 49.1% (61.0) // 55.5% (63.2) // 54.8% (57.5)",
        "fenwickAgainst": "48.4% (43.9) // 47.5% (43.4) // 54.6% (44.2) // 52.5% (37.5)",
        "shotsAgainst": "48.9% (32.5) // 46.5% (30.3) // 52.8% (30.6) // 44.9% (24.0)",
        "scoringAgainst": "47.6% (30.0) // 48.0% (30.8) // 53.5% (30.8) // 46.8% (18.5)",
        "oppCorsi": "44.5% (49.0) // 48.1% (52.4) // 48.5% (54.2) // 58.7% (66.3)",
        "oppFenwick": "44.7% (36.8) // 48.3% (38.9) // 48.1% (39.0) // 56.3% (46.3)",
        "oppShots": "44.4% (26.6) // 47.7% (27.7) // 47.7% (28.8) // 55.9% (34.7)",
        "oppScoring": "41.9% (23.4) // 45.7% (24.1) // 43.7% (24.2) // 53.8% (30.7)",
        "oppCorsiAgainst": "55.5% (61.1) // 51.9% (56.5) // 51.5% (57.6) // 41.3% (46.7)",
        "oppFenwickAgainst": "55.3% (45.6) // 51.7% (41.6) // 51.9% (42.0) // 43.7% (36.0)",
        "oppShotsAgainst": "55.6% (33.2) // 52.3% (30.4) // 52.3% (31.6) // 44.1% (27.3)",
        "oppScoringAgainst": "58.1% (32.5) // 54.3% (28.6) // 56.3% (31.2) // 46.2% (26.3)",
        "savesPerGame": 29.6,
        "savesPerGameLast1": 19.0,
        "savesPerGameLast3": 26.0,
        "savesPerGameLast5": 28.0,
        "savesPer60": 29.7,
        "savesPer60Last1": 18.8,
        "savesPer60Last3": 25.9,
        "savesPer60Last5": 27.8,
        "shotsPerGame": 34.3,
        "shotsPerGameLast5": 27.4,
        "shotsAgainstPerGame": 32.8,
        "shotsAgainstPerGameLast5": 30.6,
        "oppSavesAgainstPer60": 24.4,
        "oppSavesAgainstPer60Last1": 39.9,
        "oppSavesAgainstPer60Last3": 33.1,
        "oppSavesAgainstPer60Last5": 26.4,
        "oppShotsAgainstPerGame": 33.5,
        "oppShotsAgainstPerGameLast5": 31.6,
        "savesProj": 24.7,
        "savesProjLast5": 25.0,
        "savesProjLast3": 29.1,
        "oppSavesAgainstProj": 25.6,
        "oppSavesAgainstProjLast5": 26.2,
        "oppSavesAgainstProjLast3": 30.1,
        "totalOver": 80,
        "totalOverLast5": 80,
        "totalOverLast15": 60,
        "lastTotalOver": 65,
        "last5": "19,27,32,31,28,28,19,13,31,3",
        "overOdds": "-120",
        "underOdds": "-110",
        "overUnder": "-120 / -110"
    },
    {
        "player": "Marc-Andre Fleury",
        "team": "MIN",
        "opponent": "WPG",
        "propType": "sv",
        "line": 28.5,
        "ppLine": "",
        "avg": 27.2,
        "hit": false,
        "diffAvg": -0.05,
        "diffAbs": 0.12,
        "lastAvg": 25.79,
        "diff": -0.1,
        "avgMin": 57,
        "proj": 25.1,
        "lastAvgMin": 58.65,
        "oppOver": 42,
        "teamOver": 50,
        "gameLine": "-120",
        "+/-": 0,
        "L5_+/-": 0,
        "prevMatchup": "2022-11-23 wpg @ min 28.0 sv 2022-12-27 min @ wpg 31.0 sv 2023-03-08 min @ wpg 46.0 sv",
        "winLossSplits": "44% - 50%",
        "awayHome": "H",
        "playedYesterday": "Y",
        "awayHomeSplits": "60% - 30%",
        "savesAboveExp": 0.141,
        "gsaa": 5.94,
        "corsi": "49.8% (57.4) // 45.3% (54.0) // 47.8% (58.8) // 46.3% (56.0)",
        "fenwick": "50.6% (43.2) // 45.2% (39.5) // 47.3% (41.3) // 46.3% (39.7)",
        "shots": "49.8% (30.4) // 42.4% (26.3) // 44.0% (28.1) // 41.5% (26.7)",
        "scoring": "50.3% (28.0) // 44.0% (24.5) // 48.1% (27.7) // 44.6% (25.0)",
        "corsiAgainst": "50.2% (57.8) // 54.7% (65.2) // 52.2% (64.3) // 53.7% (65.0)",
        "fenwickAgainst": "49.4% (42.1) // 54.8% (47.9) // 52.7% (46.0) // 53.7% (46.0)",
        "shotsAgainst": "50.2% (30.7) // 57.6% (35.8) // 56.0% (35.8) // 58.5% (37.7)",
        "scoringAgainst": "49.7% (27.7) // 56.0% (31.1) // 51.9% (29.9) // 55.4% (31.0)",
        "oppCorsi": "51.7% (59.0) // 57.0% (65.1) // 55.0% (64.5) // 60.2% (71.7)",
        "oppFenwick": "51.5% (44.3) // 56.9% (49.3) // 55.1% (50.2) // 58.7% (55.0)",
        "oppShots": "50.2% (30.4) // 54.6% (32.1) // 53.4% (33.2) // 55.8% (35.3)",
        "oppScoring": "52.1% (30.6) // 58.4% (34.1) // 55.2% (34.2) // 62.0% (38.0)",
        "oppCorsiAgainst": "48.3% (55.2) // 43.0% (49.2) // 45.0% (52.8) // 39.8% (47.3)",
        "oppFenwickAgainst": "48.5% (41.8) // 43.1% (37.4) // 44.9% (41.0) // 41.3% (38.7)",
        "oppShotsAgainst": "49.8% (30.2) // 45.4% (26.7) // 46.6% (29.0) // 44.2% (28.0)",
        "oppScoringAgainst": "47.9% (28.1) // 41.6% (24.3) // 44.8% (27.8) // 38.0% (23.3)",
        "savesPerGame": 28.6,
        "savesPerGameLast1": 40.0,
        "savesPerGameLast3": 34.7,
        "savesPerGameLast5": 33.2,
        "savesPer60": 28.9,
        "savesPer60Last1": 40.0,
        "savesPer60Last3": 34.6,
        "savesPer60Last5": 33.5,
        "shotsPerGame": 31.0,
        "shotsPerGameLast5": 28.6,
        "shotsAgainstPerGame": 31.3,
        "shotsAgainstPerGameLast5": 36.4,
        "oppSavesAgainstPer60": 27.4,
        "oppSavesAgainstPer60Last1": 25.9,
        "oppSavesAgainstPer60Last3": 31.6,
        "oppSavesAgainstPer60Last5": 27.6,
        "oppShotsAgainstPerGame": 30.4,
        "oppShotsAgainstPerGameLast5": 28.2,
        "savesProj": 28.8,
        "savesProjLast5": 34.3,
        "savesProjLast3": 40.7,
        "oppSavesAgainstProj": 28.3,
        "oppSavesAgainstProjLast5": 33.9,
        "oppSavesAgainstProjLast3": 41.7,
        "totalOver": 47,
        "totalOverLast5": 80,
        "totalOverLast15": 60,
        "lastTotalOver": 34,
        "last5": "27,39,35,30,33,31,35,46,21,22",
        "overOdds": "-125",
        "underOdds": "-105",
        "overUnder": "-125 / -105"
    },
    {
        "player": "Alexandar Georgiev",
        "team": "COL",
        "opponent": "EDM",
        "propType": "sv",
        "line": 27.5,
        "ppLine": "",
        "avg": 28.39,
        "hit": false,
        "diffAvg": 0.03,
        "diffAbs": 0.13,
        "lastAvg": 21.34,
        "diff": -0.22,
        "avgMin": 59,
        "proj": 23.8,
        "lastAvgMin": 52.9,
        "oppOver": 59,
        "teamOver": 49,
        "gameLine": "-110",
        "+/-": 0,
        "L5_+/-": 0,
        "prevMatchup": "2023-01-07 col @ edm 28.0 sv 2023-02-19 edm @ col 35.0 sv",
        "winLossSplits": "55% - 48%",
        "awayHome": "H",
        "playedYesterday": "N",
        "awayHomeSplits": "61% - 45%",
        "savesAboveExp": 0.16,
        "gsaa": 25.5,
        "corsi": "52.5% (60.3) // 54.8% (64.3) // 52.8% (60.5) // 51.5% (60.2)",
        "fenwick": "51.8% (44.3) // 54.5% (47.2) // 53.3% (44.7) // 52.9% (45.3)",
        "shots": "51.8% (32.9) // 54.3% (34.7) // 54.4% (34.0) // 53.5% (32.6)",
        "scoring": "53.4% (30.4) // 54.8% (33.5) // 50.3% (32.6) // 51.7% (35.5)",
        "corsiAgainst": "47.5% (54.5) // 45.2% (53.0) // 47.2% (54.1) // 48.5% (56.7)",
        "fenwickAgainst": "48.2% (41.2) // 45.5% (39.5) // 46.7% (39.2) // 47.1% (40.4)",
        "shotsAgainst": "48.2% (30.6) // 45.7% (29.2) // 45.6% (28.5) // 46.5% (28.3)",
        "scoringAgainst": "46.6% (26.6) // 45.2% (27.6) // 49.7% (32.2) // 48.3% (33.2)",
        "oppCorsi": "52.0% (59.2) // 56.3% (62.3) // 54.4% (59.0) // 49.8% (54.5)",
        "oppFenwick": "51.6% (44.7) // 56.7% (48.1) // 56.5% (47.8) // 54.2% (45.5)",
        "oppShots": "51.6% (33.2) // 55.7% (35.9) // 57.5% (36.5) // 57.1% (34.0)",
        "oppScoring": "53.5% (32.9) // 56.6% (36.9) // 57.4% (37.0) // 51.9% (33.5)",
        "oppCorsiAgainst": "48.0% (54.6) // 43.7% (48.3) // 45.6% (49.5) // 50.2% (55.0)",
        "oppFenwickAgainst": "48.4% (42.0) // 43.3% (36.7) // 43.5% (36.8) // 45.8% (38.5)",
        "oppShotsAgainst": "48.4% (31.2) // 44.3% (28.5) // 42.5% (27.0) // 42.9% (25.5)",
        "oppScoringAgainst": "46.5% (28.6) // 43.4% (28.3) // 42.6% (27.5) // 48.1% (31.0)",
        "savesPerGame": 28.4,
        "savesPerGameLast1": 19.0,
        "savesPerGameLast3": 26.0,
        "savesPerGameLast5": 26.4,
        "savesPer60": 28.4,
        "savesPer60Last1": 20.3,
        "savesPer60Last3": 26.6,
        "savesPer60Last5": 27.1,
        "shotsPerGame": 33.4,
        "shotsPerGameLast5": 34.8,
        "shotsAgainstPerGame": 31.1,
        "shotsAgainstPerGameLast5": 29.2,
        "oppSavesAgainstPer60": 29.5,
        "oppSavesAgainstPer60Last1": 28.9,
        "oppSavesAgainstPer60Last3": 29.6,
        "oppSavesAgainstPer60Last5": 32.3,
        "oppShotsAgainstPerGame": 31.4,
        "oppShotsAgainstPerGameLast5": 30.2,
        "savesProj": 29.6,
        "savesProjLast5": 31.2,
        "savesProjLast3": 27.9,
        "oppSavesAgainstProj": 30.0,
        "oppSavesAgainstProjLast5": 30.9,
        "oppSavesAgainstProjLast3": 27.8,
        "totalOver": 53,
        "totalOverLast5": 40,
        "totalOverLast15": 27,
        "lastTotalOver": 38,
        "last5": "38,21,28,26,25,27,17,40,27,33",
        "overOdds": "-120",
        "underOdds": "-110",
        "overUnder": "-120 / -110"
    },
    {
        "player": "Stuart Skinner",
        "team": "EDM",
        "opponent": "COL",
        "propType": "sv",
        "line": 28.5,
        "ppLine": "",
        "avg": 28.08,
        "hit": false,
        "diffAvg": -0.01,
        "diffAbs": 0.09,
        "lastAvg": 25.77,
        "diff": -0.1,
        "avgMin": 57,
        "proj": 26.0,
        "lastAvgMin": 56.47,
        "oppOver": 49,
        "teamOver": 46,
        "gameLine": "-110",
        "+/-": 0,
        "L5_+/-": 0,
        "prevMatchup": "2023-01-07 col @ edm 43.0 sv 2023-02-19 edm @ col 36.0 sv",
        "winLossSplits": "44% - 43%",
        "awayHome": "A",
        "playedYesterday": "N",
        "awayHomeSplits": "39% - 48%",
        "savesAboveExp": 0.118,
        "gsaa": 11.48,
        "corsi": "52.0% (59.2) // 56.3% (62.3) // 54.4% (59.0) // 49.8% (54.5)",
        "fenwick": "51.6% (44.7) // 56.7% (48.1) // 56.5% (47.8) // 54.2% (45.5)",
        "shots": "51.6% (33.2) // 55.7% (35.9) // 57.5% (36.5) // 57.1% (34.0)",
        "scoring": "53.5% (32.9) // 56.6% (36.9) // 57.4% (37.0) // 51.9% (33.5)",
        "corsiAgainst": "48.0% (54.6) // 43.7% (48.3) // 45.6% (49.5) // 50.2% (55.0)",
        "fenwickAgainst": "48.4% (42.0) // 43.3% (36.7) // 43.5% (36.8) // 45.8% (38.5)",
        "shotsAgainst": "48.4% (31.2) // 44.3% (28.5) // 42.5% (27.0) // 42.9% (25.5)",
        "scoringAgainst": "46.5% (28.6) // 43.4% (28.3) // 42.6% (27.5) // 48.1% (31.0)",
        "oppCorsi": "52.5% (60.3) // 54.8% (64.3) // 52.8% (60.5) // 51.5% (60.2)",
        "oppFenwick": "51.8% (44.3) // 54.5% (47.2) // 53.3% (44.7) // 52.9% (45.3)",
        "oppShots": "51.8% (32.9) // 54.3% (34.7) // 54.4% (34.0) // 53.5% (32.6)",
        "oppScoring": "53.4% (30.4) // 54.8% (33.5) // 50.3% (32.6) // 51.7% (35.5)",
        "oppCorsiAgainst": "47.5% (54.5) // 45.2% (53.0) // 47.2% (54.1) // 48.5% (56.7)",
        "oppFenwickAgainst": "48.2% (41.2) // 45.5% (39.5) // 46.7% (39.2) // 47.1% (40.4)",
        "oppShotsAgainst": "48.2% (30.6) // 45.7% (29.2) // 45.6% (28.5) // 46.5% (28.3)",
        "oppScoringAgainst": "46.6% (26.6) // 45.2% (27.6) // 49.7% (32.2) // 48.3% (33.2)",
        "savesPerGame": 28.3,
        "savesPerGameLast1": 22.0,
        "savesPerGameLast3": 23.0,
        "savesPerGameLast5": 29.6,
        "savesPer60": 28.3,
        "savesPer60Last1": 22.0,
        "savesPer60Last3": 23.0,
        "savesPer60Last5": 29.6,
        "shotsPerGame": 33.5,
        "shotsPerGameLast5": 36.6,
        "shotsAgainstPerGame": 31.4,
        "shotsAgainstPerGameLast5": 30.2,
        "oppSavesAgainstPer60": 30.3,
        "oppSavesAgainstPer60Last1": 43.9,
        "oppSavesAgainstPer60Last3": 29.0,
        "oppSavesAgainstPer60Last5": 30.8,
        "oppShotsAgainstPerGame": 31.1,
        "oppShotsAgainstPerGameLast5": 29.2,
        "savesProj": 30.0,
        "savesProjLast5": 31.3,
        "savesProjLast3": 23.0,
        "oppSavesAgainstProj": 30.6,
        "oppSavesAgainstProjLast5": 33.3,
        "oppSavesAgainstProjLast3": 24.6,
        "totalOver": 44,
        "totalOverLast5": 40,
        "totalOverLast15": 40,
        "lastTotalOver": 31,
        "last5": "22,20,43,18,30,14,33,25,29,31",
        "overOdds": "-120",
        "underOdds": "-110",
        "overUnder": "-120 / -110"
    },
    {
        "player": "Lukas Dostal",
        "team": "ANA",
        "opponent": "VAN",
        "propType": "sv",
        "line": 29.5,
        "ppLine": "",
        "avg": 30.47,
        "hit": false,
        "diffAvg": 0.03,
        "diffAbs": 0.14,
        "lastAvg": 24.5,
        "diff": -0.17,
        "avgMin": 52,
        "proj": 25.3,
        "lastAvgMin": 50.35,
        "oppOver": 31,
        "teamOver": 80,
        "gameLine": "+130",
        "+/-": 0,
        "L5_+/-": 0,
        "prevMatchup": "2022-11-03 ana @ van 39.0 sv 2023-03-08 ana @ van 31.0 sv 2023-03-19 van @ ana 38.0 sv",
        "winLossSplits": "40% - 86%",
        "awayHome": "H",
        "playedYesterday": "N",
        "awayHomeSplits": "70% - 78%",
        "savesAboveExp": 0.155,
        "gsaa": -2.45,
        "corsi": "43.2% (51.0) // 40.5% (46.0) // 40.5% (45.7) // 42.6% (47.2)",
        "fenwick": "42.2% (38.4) // 38.9% (34.7) // 38.6% (34.3) // 39.7% (33.8)",
        "shots": "42.0% (28.0) // 38.7% (24.9) // 40.4% (26.9) // 40.4% (25.5)",
        "scoring": "41.1% (25.4) // 37.2% (21.5) // 36.5% (22.8) // 39.6% (24.2)",
        "corsiAgainst": "56.8% (67.0) // 59.5% (67.5) // 59.5% (67.3) // 57.4% (63.4)",
        "fenwickAgainst": "57.8% (52.6) // 61.1% (54.6) // 61.4% (54.5) // 60.3% (51.3)",
        "shotsAgainst": "58.0% (38.7) // 61.3% (39.4) // 59.6% (39.7) // 59.6% (37.6)",
        "scoringAgainst": "58.9% (36.4) // 62.8% (36.3) // 63.5% (39.7) // 60.4% (37.0)",
        "oppCorsi": "49.2% (54.2) // 47.8% (49.9) // 46.5% (46.8) // 45.1% (46.4)",
        "oppFenwick": "49.1% (40.7) // 47.3% (36.7) // 46.1% (34.8) // 44.6% (34.7)",
        "oppShots": "49.1% (29.3) // 45.8% (25.4) // 44.3% (24.6) // 44.1% (26.6)",
        "oppScoring": "49.4% (28.8) // 50.3% (29.5) // 48.8% (28.1) // 46.0% (27.6)",
        "oppCorsiAgainst": "50.8% (56.0) // 52.2% (54.5) // 53.5% (53.9) // 54.9% (56.4)",
        "oppFenwickAgainst": "50.9% (42.2) // 52.7% (40.8) // 53.9% (40.7) // 55.4% (43.1)",
        "oppShotsAgainst": "50.9% (30.4) // 54.2% (30.1) // 55.7% (30.9) // 55.9% (33.7)",
        "oppScoringAgainst": "50.6% (29.5) // 49.7% (29.1) // 51.2% (29.5) // 54.0% (32.4)",
        "savesPerGame": 35.1,
        "savesPerGameLast1": 41.0,
        "savesPerGameLast3": 35.0,
        "savesPerGameLast5": 36.0,
        "savesPer60": 35.3,
        "savesPer60Last1": 43.9,
        "savesPer60Last3": 36.6,
        "savesPer60Last5": 36.8,
        "shotsPerGame": 28.3,
        "shotsPerGameLast5": 27.6,
        "shotsAgainstPerGame": 39.2,
        "shotsAgainstPerGameLast5": 40.8,
        "oppSavesAgainstPer60": 26.6,
        "oppSavesAgainstPer60Last1": 19.4,
        "oppSavesAgainstPer60Last3": 25.3,
        "oppSavesAgainstPer60Last5": 23.5,
        "oppShotsAgainstPerGame": 30.8,
        "oppShotsAgainstPerGameLast5": 31.4,
        "savesProj": 34.3,
        "savesProjLast5": 31.6,
        "savesProjLast3": 34.6,
        "oppSavesAgainstProj": 33.2,
        "oppSavesAgainstProjLast5": 29.4,
        "oppSavesAgainstProjLast3": 32.4,
        "totalOver": 74,
        "totalOverLast5": 80,
        "totalOverLast15": 73,
        "lastTotalOver": 25,
        "last5": "41,30,36,8,35,30,38,31,24,38",
        "overOdds": "-120",
        "underOdds": "-110",
        "overUnder": "-120 / -110"
    },
    {
        "player": "Thatcher Demko",
        "team": "VAN",
        "opponent": "ANA",
        "propType": "sv",
        "line": 26.5,
        "ppLine": "",
        "avg": 28.13,
        "hit": false,
        "diffAvg": 0.06,
        "diffAbs": 0.05,
        "lastAvg": 27.68,
        "diff": 0.04,
        "avgMin": 58,
        "proj": 27.8,
        "lastAvgMin": 57.82,
        "oppOver": 48,
        "teamOver": 52,
        "gameLine": "-150",
        "+/-": 0,
        "L5_+/-": 0,
        "prevMatchup": "2022-11-03 ana @ van 26.0 sv 2023-03-08 ana @ van 20.0 sv 2023-03-19 van @ ana 17.0 sv",
        "winLossSplits": "62% - 50%",
        "awayHome": "A",
        "playedYesterday": "Y",
        "awayHomeSplits": "54% - 56%",
        "savesAboveExp": -0.786,
        "gsaa": -4.15,
        "corsi": "49.2% (54.2) // 47.8% (49.9) // 46.5% (46.8) // 45.1% (46.4)",
        "fenwick": "49.1% (40.7) // 47.3% (36.7) // 46.1% (34.8) // 44.6% (34.7)",
        "shots": "49.1% (29.3) // 45.8% (25.4) // 44.3% (24.6) // 44.1% (26.6)",
        "scoring": "49.4% (28.8) // 50.3% (29.5) // 48.8% (28.1) // 46.0% (27.6)",
        "corsiAgainst": "50.8% (56.0) // 52.2% (54.5) // 53.5% (53.9) // 54.9% (56.4)",
        "fenwickAgainst": "50.9% (42.2) // 52.7% (40.8) // 53.9% (40.7) // 55.4% (43.1)",
        "shotsAgainst": "50.9% (30.4) // 54.2% (30.1) // 55.7% (30.9) // 55.9% (33.7)",
        "scoringAgainst": "50.6% (29.5) // 49.7% (29.1) // 51.2% (29.5) // 54.0% (32.4)",
        "oppCorsi": "43.2% (51.0) // 40.5% (46.0) // 40.5% (45.7) // 42.6% (47.2)",
        "oppFenwick": "42.2% (38.4) // 38.9% (34.7) // 38.6% (34.3) // 39.7% (33.8)",
        "oppShots": "42.0% (28.0) // 38.7% (24.9) // 40.4% (26.9) // 40.4% (25.5)",
        "oppScoring": "41.1% (25.4) // 37.2% (21.5) // 36.5% (22.8) // 39.6% (24.2)",
        "oppCorsiAgainst": "56.8% (67.0) // 59.5% (67.5) // 59.5% (67.3) // 57.4% (63.4)",
        "oppFenwickAgainst": "57.8% (52.6) // 61.1% (54.6) // 61.4% (54.5) // 60.3% (51.3)",
        "oppShotsAgainst": "58.0% (38.7) // 61.3% (39.4) // 59.6% (39.7) // 59.6% (37.6)",
        "oppScoringAgainst": "58.9% (36.4) // 62.8% (36.3) // 63.5% (39.7) // 60.4% (37.0)",
        "savesPerGame": 27.2,
        "savesPerGameLast1": 25.0,
        "savesPerGameLast3": 33.0,
        "savesPerGameLast5": 28.6,
        "savesPer60": 27.2,
        "savesPer60Last1": 24.7,
        "savesPer60Last3": 33.8,
        "savesPer60Last5": 28.6,
        "shotsPerGame": 29.7,
        "shotsPerGameLast5": 25.0,
        "shotsAgainstPerGame": 30.8,
        "shotsAgainstPerGameLast5": 31.4,
        "oppSavesAgainstPer60": 26.0,
        "oppSavesAgainstPer60Last1": 20.0,
        "oppSavesAgainstPer60Last3": 24.5,
        "oppSavesAgainstPer60Last5": 25.9,
        "oppShotsAgainstPerGame": 39.2,
        "oppShotsAgainstPerGameLast5": 40.8,
        "savesProj": 19.9,
        "savesProjLast5": 20.2,
        "savesProjLast3": 22.6,
        "oppSavesAgainstProj": 25.0,
        "oppSavesAgainstProjLast5": 26.1,
        "oppSavesAgainstProjLast3": 28.2,
        "totalOver": 55,
        "totalOverLast5": 60,
        "totalOverLast15": 33,
        "lastTotalOver": 64,
        "last5": "41,33,21,36,25,25,17,23,38,24",
        "overOdds": "-110",
        "underOdds": "-120",
        "overUnder": "-110 / -120"
    }
]