[
    {
        "player": "Brady Skjei",
        "team": "CAR",
        "opponent": "NJ",
        "propType": "sog",
        "line": 1.5,
        "ppLine": "",
        "avg": 2.28,
        "hit": false,
        "diffAvg": 0.52,
        "diffAbs": 0.27,
        "lastAvg": 1.92,
        "diff": 0.28,
        "avgMin": 21,
        "proj": 1.9,
        "lastAvgMin": 21.13,
        "oppOver": 0,
        "teamOver": 0,
        "gameLine": "+135",
        "+/-": "+3",
        "L5_+/-": -5.0,
        "prevMatchup": "2023-05-07 1.0 sog 2023-05-05 0.0 sog 2023-05-03 1.0 sog 2023-03-12 3.0 sog 2023-01-10 0.0 sog 2023-01-01 5.0 sog 2022-12-20 1.0 sog",
        "winLossSplits": "72% - 64%",
        "awayHome": "A",
        "playedYesterday": "N",
        "awayHomeSplits": "75% - 63%",
        "savesAboveExp": 0.109,
        "gsaa": 8.64,
        "corsi": "59.9% (67.4) // 61.2% (68.8) // 59.9% (67.4) // 59.9% (67.4)",
        "fenwick": "59.1% (50.8) // 60.1% (51.8) // 59.1% (50.8) // 59.1% (50.8)",
        "shots": "57.2% (34.3) // 58.4% (34.4) // 57.2% (34.3) // 57.2% (34.3)",
        "scoring": "58.9% (33.3) // 62.3% (33.3) // 58.9% (33.3) // 58.9% (33.3)",
        "corsiAgainst": "40.1% (45.2) // 38.8% (43.6) // 40.1% (45.2) // 40.1% (45.2)",
        "fenwickAgainst": "40.9% (35.1) // 39.9% (34.4) // 40.9% (35.1) // 40.9% (35.1)",
        "shotsAgainst": "42.8% (25.6) // 41.6% (24.5) // 42.8% (25.6) // 42.8% (25.6)",
        "scoringAgainst": "41.1% (23.3) // 37.7% (20.2) // 41.1% (23.3) // 41.1% (23.3)",
        "oppCorsi": "53.7% (63.4) // 55.1% (64.9) // 53.7% (63.4) // 53.7% (63.4)",
        "oppFenwick": "53.9% (46.9) // 55.2% (48.2) // 53.9% (46.9) // 53.9% (46.9)",
        "oppShots": "54.9% (33.9) // 54.4% (33.3) // 54.9% (33.9) // 54.9% (33.9)",
        "oppScoring": "56.3% (35.0) // 60.7% (39.4) // 56.3% (35.0) // 56.3% (35.0)",
        "oppCorsiAgainst": "46.3% (54.8) // 44.9% (52.8) // 46.3% (54.8) // 46.3% (54.8)",
        "oppFenwickAgainst": "46.1% (40.1) // 44.8% (39.2) // 46.1% (40.1) // 46.1% (40.1)",
        "oppShotsAgainst": "45.1% (27.8) // 45.6% (28.0) // 45.1% (27.8) // 45.1% (27.8)",
        "oppScoringAgainst": "43.7% (27.1) // 39.3% (25.5) // 43.7% (27.1) // 43.7% (27.1)",
        "savesPerGame": 23.4,
        "savesPerGameLast1": 26.0,
        "savesPerGameLast3": 24.0,
        "savesPerGameLast5": 24.8,
        "savesPer60": 26.2,
        "savesPer60Last1": 26.0,
        "savesPer60Last3": 24.0,
        "savesPer60Last5": 25.0,
        "shotsPerGame": 34.8,
        "shotsPerGameLast5": 33.2,
        "shotsAgainstPerGame": 26.0,
        "shotsAgainstPerGameLast5": 27.6,
        "oppSavesAgainstPer60": 34.8,
        "oppSavesAgainstPer60Last1": 26.0,
        "oppSavesAgainstPer60Last3": 23.8,
        "oppSavesAgainstPer60Last5": 24.9,
        "oppShotsAgainstPerGame": 28.2,
        "oppShotsAgainstPerGameLast5": 29.8,
        "savesProj": 27.6,
        "savesProjLast5": 21.7,
        "savesProjLast3": 19.7,
        "oppSavesAgainstProj": 27.8,
        "oppSavesAgainstProjLast5": 18.8,
        "oppSavesAgainstProjLast3": 16.2,
        "totalOver": 69,
        "totalOverLast5": 40,
        "totalOverLast15": 53,
        "lastTotalOver": 67,
        "last5": "1,0,1,3,2,1,2,3,4,4",
        "overOdds": "-155",
        "underOdds": "+125",
        "overUnder": "-155 / +125"
    },
    {
        "player": "Brent Burns",
        "team": "CAR",
        "opponent": "NJ",
        "propType": "sog",
        "line": 3.5,
        "ppLine": "PP1",
        "avg": 3.18,
        "hit": false,
        "diffAvg": -0.09,
        "diffAbs": 0.37,
        "lastAvg": 2.48,
        "diff": -0.29,
        "avgMin": 23,
        "proj": 2.2,
        "lastAvgMin": 26.13,
        "oppOver": 0,
        "teamOver": 0,
        "gameLine": "+135",
        "+/-": "+24",
        "L5_+/-": "+8.0",
        "prevMatchup": "2023-05-07 2.0 sog 2023-05-05 3.0 sog 2023-05-03 2.0 sog 2023-03-12 5.0 sog 2023-01-10 3.0 sog 2023-01-01 7.0 sog 2022-12-20 0.0 sog",
        "winLossSplits": "29% - 45%",
        "awayHome": "A",
        "playedYesterday": "N",
        "awayHomeSplits": "40% - 30%",
        "savesAboveExp": 0.109,
        "gsaa": 8.64,
        "corsi": "59.9% (67.4) // 61.2% (68.8) // 59.9% (67.4) // 59.9% (67.4)",
        "fenwick": "59.1% (50.8) // 60.1% (51.8) // 59.1% (50.8) // 59.1% (50.8)",
        "shots": "57.2% (34.3) // 58.4% (34.4) // 57.2% (34.3) // 57.2% (34.3)",
        "scoring": "58.9% (33.3) // 62.3% (33.3) // 58.9% (33.3) // 58.9% (33.3)",
        "corsiAgainst": "40.1% (45.2) // 38.8% (43.6) // 40.1% (45.2) // 40.1% (45.2)",
        "fenwickAgainst": "40.9% (35.1) // 39.9% (34.4) // 40.9% (35.1) // 40.9% (35.1)",
        "shotsAgainst": "42.8% (25.6) // 41.6% (24.5) // 42.8% (25.6) // 42.8% (25.6)",
        "scoringAgainst": "41.1% (23.3) // 37.7% (20.2) // 41.1% (23.3) // 41.1% (23.3)",
        "oppCorsi": "53.7% (63.4) // 55.1% (64.9) // 53.7% (63.4) // 53.7% (63.4)",
        "oppFenwick": "53.9% (46.9) // 55.2% (48.2) // 53.9% (46.9) // 53.9% (46.9)",
        "oppShots": "54.9% (33.9) // 54.4% (33.3) // 54.9% (33.9) // 54.9% (33.9)",
        "oppScoring": "56.3% (35.0) // 60.7% (39.4) // 56.3% (35.0) // 56.3% (35.0)",
        "oppCorsiAgainst": "46.3% (54.8) // 44.9% (52.8) // 46.3% (54.8) // 46.3% (54.8)",
        "oppFenwickAgainst": "46.1% (40.1) // 44.8% (39.2) // 46.1% (40.1) // 46.1% (40.1)",
        "oppShotsAgainst": "45.1% (27.8) // 45.6% (28.0) // 45.1% (27.8) // 45.1% (27.8)",
        "oppScoringAgainst": "43.7% (27.1) // 39.3% (25.5) // 43.7% (27.1) // 43.7% (27.1)",
        "savesPerGame": 23.4,
        "savesPerGameLast1": 26.0,
        "savesPerGameLast3": 24.0,
        "savesPerGameLast5": 24.8,
        "savesPer60": 26.2,
        "savesPer60Last1": 26.0,
        "savesPer60Last3": 24.0,
        "savesPer60Last5": 25.0,
        "shotsPerGame": 34.8,
        "shotsPerGameLast5": 33.2,
        "shotsAgainstPerGame": 26.0,
        "shotsAgainstPerGameLast5": 27.6,
        "oppSavesAgainstPer60": 34.8,
        "oppSavesAgainstPer60Last1": 26.0,
        "oppSavesAgainstPer60Last3": 23.8,
        "oppSavesAgainstPer60Last5": 24.9,
        "oppShotsAgainstPerGame": 28.2,
        "oppShotsAgainstPerGameLast5": 29.8,
        "savesProj": 27.6,
        "savesProjLast5": 21.7,
        "savesProjLast3": 19.7,
        "oppSavesAgainstProj": 27.8,
        "oppSavesAgainstProjLast5": 18.8,
        "oppSavesAgainstProjLast3": 16.2,
        "totalOver": 35,
        "totalOverLast5": 40,
        "totalOverLast15": 53,
        "lastTotalOver": 18,
        "last5": "2,3,2,5,6,5,1,4,6,5",
        "overOdds": "+100",
        "underOdds": "-130",
        "overUnder": "+100 / -130"
    },
    {
        "player": "Brett Pesce",
        "team": "CAR",
        "opponent": "NJ",
        "propType": "sog",
        "line": 1.5,
        "ppLine": "",
        "avg": 1.77,
        "hit": false,
        "diffAvg": 0.18,
        "diffAbs": 0.13,
        "lastAvg": 1.76,
        "diff": 0.17,
        "avgMin": 21,
        "proj": 1.7,
        "lastAvgMin": 21.7,
        "oppOver": 0,
        "teamOver": 0,
        "gameLine": "+135",
        "+/-": "+8",
        "L5_+/-": -4.0,
        "prevMatchup": "2023-05-07 2.0 sog 2023-05-05 0.0 sog 2023-05-03 1.0 sog 2023-03-12 4.0 sog 2023-01-10 1.0 sog 2023-01-01 1.0 sog 2022-12-20 0.0 sog",
        "winLossSplits": "55% - 42%",
        "awayHome": "A",
        "playedYesterday": "N",
        "awayHomeSplits": "47% - 54%",
        "savesAboveExp": 0.109,
        "gsaa": 8.64,
        "corsi": "59.9% (67.4) // 61.2% (68.8) // 59.9% (67.4) // 59.9% (67.4)",
        "fenwick": "59.1% (50.8) // 60.1% (51.8) // 59.1% (50.8) // 59.1% (50.8)",
        "shots": "57.2% (34.3) // 58.4% (34.4) // 57.2% (34.3) // 57.2% (34.3)",
        "scoring": "58.9% (33.3) // 62.3% (33.3) // 58.9% (33.3) // 58.9% (33.3)",
        "corsiAgainst": "40.1% (45.2) // 38.8% (43.6) // 40.1% (45.2) // 40.1% (45.2)",
        "fenwickAgainst": "40.9% (35.1) // 39.9% (34.4) // 40.9% (35.1) // 40.9% (35.1)",
        "shotsAgainst": "42.8% (25.6) // 41.6% (24.5) // 42.8% (25.6) // 42.8% (25.6)",
        "scoringAgainst": "41.1% (23.3) // 37.7% (20.2) // 41.1% (23.3) // 41.1% (23.3)",
        "oppCorsi": "53.7% (63.4) // 55.1% (64.9) // 53.7% (63.4) // 53.7% (63.4)",
        "oppFenwick": "53.9% (46.9) // 55.2% (48.2) // 53.9% (46.9) // 53.9% (46.9)",
        "oppShots": "54.9% (33.9) // 54.4% (33.3) // 54.9% (33.9) // 54.9% (33.9)",
        "oppScoring": "56.3% (35.0) // 60.7% (39.4) // 56.3% (35.0) // 56.3% (35.0)",
        "oppCorsiAgainst": "46.3% (54.8) // 44.9% (52.8) // 46.3% (54.8) // 46.3% (54.8)",
        "oppFenwickAgainst": "46.1% (40.1) // 44.8% (39.2) // 46.1% (40.1) // 46.1% (40.1)",
        "oppShotsAgainst": "45.1% (27.8) // 45.6% (28.0) // 45.1% (27.8) // 45.1% (27.8)",
        "oppScoringAgainst": "43.7% (27.1) // 39.3% (25.5) // 43.7% (27.1) // 43.7% (27.1)",
        "savesPerGame": 23.4,
        "savesPerGameLast1": 26.0,
        "savesPerGameLast3": 24.0,
        "savesPerGameLast5": 24.8,
        "savesPer60": 26.2,
        "savesPer60Last1": 26.0,
        "savesPer60Last3": 24.0,
        "savesPer60Last5": 25.0,
        "shotsPerGame": 34.8,
        "shotsPerGameLast5": 33.2,
        "shotsAgainstPerGame": 26.0,
        "shotsAgainstPerGameLast5": 27.6,
        "oppSavesAgainstPer60": 34.8,
        "oppSavesAgainstPer60Last1": 26.0,
        "oppSavesAgainstPer60Last3": 23.8,
        "oppSavesAgainstPer60Last5": 24.9,
        "oppShotsAgainstPerGame": 28.2,
        "oppShotsAgainstPerGameLast5": 29.8,
        "savesProj": 27.6,
        "savesProjLast5": 21.7,
        "savesProjLast3": 19.7,
        "oppSavesAgainstProj": 27.8,
        "oppSavesAgainstProjLast5": 18.8,
        "oppSavesAgainstProjLast3": 16.2,
        "totalOver": 51,
        "totalOverLast5": 40,
        "totalOverLast15": 47,
        "lastTotalOver": 59,
        "last5": "2,0,1,1,4,1,3,2,3,1",
        "overOdds": "+100",
        "underOdds": "-130",
        "overUnder": "+100 / -130"
    },
    {
        "player": "Dawson Mercer",
        "team": "NJ",
        "opponent": "CAR",
        "propType": "sog",
        "line": 1.5,
        "ppLine": "PP1",
        "avg": 1.89,
        "hit": false,
        "diffAvg": 0.26,
        "diffAbs": 0.2,
        "lastAvg": 1.88,
        "diff": 0.25,
        "avgMin": 16,
        "proj": 1.8,
        "lastAvgMin": 16.53,
        "oppOver": 0,
        "teamOver": 0,
        "gameLine": "-155",
        "+/-": "+20",
        "L5_+/-": -2.0,
        "prevMatchup": "2023-05-07 0.0 sog 2023-05-05 0.0 sog 2023-05-03 1.0 sog 2023-03-12 1.0 sog 2023-01-10 2.0 sog 2023-01-01 2.0 sog 2022-12-20 2.0 sog",
        "winLossSplits": "42% - 54%",
        "awayHome": "H",
        "playedYesterday": "N",
        "awayHomeSplits": "43% - 50%",
        "savesAboveExp": -0.44,
        "gsaa": -0.71,
        "corsi": "53.7% (63.4) // 55.1% (64.9) // 53.7% (63.4) // 53.7% (63.4)",
        "fenwick": "53.9% (46.9) // 55.2% (48.2) // 53.9% (46.9) // 53.9% (46.9)",
        "shots": "54.9% (33.9) // 54.4% (33.3) // 54.9% (33.9) // 54.9% (33.9)",
        "scoring": "56.3% (35.0) // 60.7% (39.4) // 56.3% (35.0) // 56.3% (35.0)",
        "corsiAgainst": "46.3% (54.8) // 44.9% (52.8) // 46.3% (54.8) // 46.3% (54.8)",
        "fenwickAgainst": "46.1% (40.1) // 44.8% (39.2) // 46.1% (40.1) // 46.1% (40.1)",
        "shotsAgainst": "45.1% (27.8) // 45.6% (28.0) // 45.1% (27.8) // 45.1% (27.8)",
        "scoringAgainst": "43.7% (27.1) // 39.3% (25.5) // 43.7% (27.1) // 43.7% (27.1)",
        "oppCorsi": "59.9% (67.4) // 61.2% (68.8) // 59.9% (67.4) // 59.9% (67.4)",
        "oppFenwick": "59.1% (50.8) // 60.1% (51.8) // 59.1% (50.8) // 59.1% (50.8)",
        "oppShots": "57.2% (34.3) // 58.4% (34.4) // 57.2% (34.3) // 57.2% (34.3)",
        "oppScoring": "58.9% (33.3) // 62.3% (33.3) // 58.9% (33.3) // 58.9% (33.3)",
        "oppCorsiAgainst": "40.1% (45.2) // 38.8% (43.6) // 40.1% (45.2) // 40.1% (45.2)",
        "oppFenwickAgainst": "40.9% (35.1) // 39.9% (34.4) // 40.9% (35.1) // 40.9% (35.1)",
        "oppShotsAgainst": "42.8% (25.6) // 41.6% (24.5) // 42.8% (25.6) // 42.8% (25.6)",
        "oppScoringAgainst": "41.1% (23.3) // 37.7% (20.2) // 41.1% (23.3) // 41.1% (23.3)",
        "savesPerGame": 25.5,
        "savesPerGameLast1": 26.0,
        "savesPerGameLast3": 24.7,
        "savesPerGameLast5": 25.8,
        "savesPer60": 28.8,
        "savesPer60Last1": 26.0,
        "savesPer60Last3": 24.5,
        "savesPer60Last5": 25.1,
        "shotsPerGame": 34.4,
        "shotsPerGameLast5": 28.4,
        "shotsAgainstPerGame": 28.2,
        "shotsAgainstPerGameLast5": 29.8,
        "oppSavesAgainstPer60": 35.2,
        "oppSavesAgainstPer60Last1": 26.0,
        "oppSavesAgainstPer60Last3": 24.8,
        "oppSavesAgainstPer60Last5": 30.0,
        "oppShotsAgainstPerGame": 26.0,
        "oppShotsAgainstPerGameLast5": 27.6,
        "savesProj": 34.5,
        "savesProjLast5": 28.0,
        "savesProjLast3": 22.8,
        "oppSavesAgainstProj": 30.1,
        "oppSavesAgainstProjLast5": 23.2,
        "oppSavesAgainstProjLast3": 17.1,
        "totalOver": 47,
        "totalOverLast5": 40,
        "totalOverLast15": 33,
        "lastTotalOver": 56,
        "last5": "0,0,1,3,5,2,0,1,0,1",
        "overOdds": "-120",
        "underOdds": "-110",
        "overUnder": "-120 / -110"
    },
    {
        "player": "Dougie Hamilton",
        "team": "NJ",
        "opponent": "CAR",
        "propType": "sog",
        "line": 2.5,
        "ppLine": "PP1",
        "avg": 3.2,
        "hit": false,
        "diffAvg": 0.28,
        "diffAbs": 0.24,
        "lastAvg": 3.18,
        "diff": 0.27,
        "avgMin": 21,
        "proj": 3.1,
        "lastAvgMin": 21.22,
        "oppOver": 0,
        "teamOver": 0,
        "gameLine": "-155",
        "+/-": "+17",
        "L5_+/-": -6.0,
        "prevMatchup": "2023-05-07 3.0 sog 2023-05-05 1.0 sog 2023-05-03 1.0 sog 2023-03-12 0.0 sog 2023-01-10 1.0 sog 2023-01-01 4.0 sog 2022-12-20 3.0 sog",
        "winLossSplits": "63% - 49%",
        "awayHome": "H",
        "playedYesterday": "N",
        "awayHomeSplits": "52% - 63%",
        "savesAboveExp": -0.44,
        "gsaa": -0.71,
        "corsi": "53.7% (63.4) // 55.1% (64.9) // 53.7% (63.4) // 53.7% (63.4)",
        "fenwick": "53.9% (46.9) // 55.2% (48.2) // 53.9% (46.9) // 53.9% (46.9)",
        "shots": "54.9% (33.9) // 54.4% (33.3) // 54.9% (33.9) // 54.9% (33.9)",
        "scoring": "56.3% (35.0) // 60.7% (39.4) // 56.3% (35.0) // 56.3% (35.0)",
        "corsiAgainst": "46.3% (54.8) // 44.9% (52.8) // 46.3% (54.8) // 46.3% (54.8)",
        "fenwickAgainst": "46.1% (40.1) // 44.8% (39.2) // 46.1% (40.1) // 46.1% (40.1)",
        "shotsAgainst": "45.1% (27.8) // 45.6% (28.0) // 45.1% (27.8) // 45.1% (27.8)",
        "scoringAgainst": "43.7% (27.1) // 39.3% (25.5) // 43.7% (27.1) // 43.7% (27.1)",
        "oppCorsi": "59.9% (67.4) // 61.2% (68.8) // 59.9% (67.4) // 59.9% (67.4)",
        "oppFenwick": "59.1% (50.8) // 60.1% (51.8) // 59.1% (50.8) // 59.1% (50.8)",
        "oppShots": "57.2% (34.3) // 58.4% (34.4) // 57.2% (34.3) // 57.2% (34.3)",
        "oppScoring": "58.9% (33.3) // 62.3% (33.3) // 58.9% (33.3) // 58.9% (33.3)",
        "oppCorsiAgainst": "40.1% (45.2) // 38.8% (43.6) // 40.1% (45.2) // 40.1% (45.2)",
        "oppFenwickAgainst": "40.9% (35.1) // 39.9% (34.4) // 40.9% (35.1) // 40.9% (35.1)",
        "oppShotsAgainst": "42.8% (25.6) // 41.6% (24.5) // 42.8% (25.6) // 42.8% (25.6)",
        "oppScoringAgainst": "41.1% (23.3) // 37.7% (20.2) // 41.1% (23.3) // 41.1% (23.3)",
        "savesPerGame": 25.5,
        "savesPerGameLast1": 26.0,
        "savesPerGameLast3": 24.7,
        "savesPerGameLast5": 25.8,
        "savesPer60": 28.8,
        "savesPer60Last1": 26.0,
        "savesPer60Last3": 24.5,
        "savesPer60Last5": 25.1,
        "shotsPerGame": 34.4,
        "shotsPerGameLast5": 28.4,
        "shotsAgainstPerGame": 28.2,
        "shotsAgainstPerGameLast5": 29.8,
        "oppSavesAgainstPer60": 35.2,
        "oppSavesAgainstPer60Last1": 26.0,
        "oppSavesAgainstPer60Last3": 24.8,
        "oppSavesAgainstPer60Last5": 30.0,
        "oppShotsAgainstPerGame": 26.0,
        "oppShotsAgainstPerGameLast5": 27.6,
        "savesProj": 34.5,
        "savesProjLast5": 28.0,
        "savesProjLast3": 22.8,
        "oppSavesAgainstProj": 30.1,
        "oppSavesAgainstProjLast5": 23.2,
        "oppSavesAgainstProjLast3": 17.1,
        "totalOver": 58,
        "totalOverLast5": 40,
        "totalOverLast15": 33,
        "lastTotalOver": 67,
        "last5": "3,1,1,5,1,2,1,3,1,1",
        "overOdds": "-120",
        "underOdds": "-110",
        "overUnder": "-120 / -110"
    },
    {
        "player": "Erik Haula",
        "team": "NJ",
        "opponent": "CAR",
        "propType": "sog",
        "line": 1.5,
        "ppLine": "PP2",
        "avg": 2.04,
        "hit": false,
        "diffAvg": 0.36,
        "diffAbs": 0.2,
        "lastAvg": 1.66,
        "diff": 0.11,
        "avgMin": 16,
        "proj": 1.8,
        "lastAvgMin": 15.08,
        "oppOver": 0,
        "teamOver": 0,
        "gameLine": "-155",
        "+/-": "+9",
        "L5_+/-": -4.0,
        "prevMatchup": "2023-05-07 2.0 sog 2023-05-05 2.0 sog 2023-05-03 0.0 sog 2023-03-12 2.0 sog 2023-01-10 0.0 sog 2023-01-01 0.0 sog 2022-12-20 2.0 sog",
        "winLossSplits": "68% - 59%",
        "awayHome": "H",
        "playedYesterday": "N",
        "awayHomeSplits": "64% - 64%",
        "savesAboveExp": -0.44,
        "gsaa": -0.71,
        "corsi": "53.7% (63.4) // 55.1% (64.9) // 53.7% (63.4) // 53.7% (63.4)",
        "fenwick": "53.9% (46.9) // 55.2% (48.2) // 53.9% (46.9) // 53.9% (46.9)",
        "shots": "54.9% (33.9) // 54.4% (33.3) // 54.9% (33.9) // 54.9% (33.9)",
        "scoring": "56.3% (35.0) // 60.7% (39.4) // 56.3% (35.0) // 56.3% (35.0)",
        "corsiAgainst": "46.3% (54.8) // 44.9% (52.8) // 46.3% (54.8) // 46.3% (54.8)",
        "fenwickAgainst": "46.1% (40.1) // 44.8% (39.2) // 46.1% (40.1) // 46.1% (40.1)",
        "shotsAgainst": "45.1% (27.8) // 45.6% (28.0) // 45.1% (27.8) // 45.1% (27.8)",
        "scoringAgainst": "43.7% (27.1) // 39.3% (25.5) // 43.7% (27.1) // 43.7% (27.1)",
        "oppCorsi": "59.9% (67.4) // 61.2% (68.8) // 59.9% (67.4) // 59.9% (67.4)",
        "oppFenwick": "59.1% (50.8) // 60.1% (51.8) // 59.1% (50.8) // 59.1% (50.8)",
        "oppShots": "57.2% (34.3) // 58.4% (34.4) // 57.2% (34.3) // 57.2% (34.3)",
        "oppScoring": "58.9% (33.3) // 62.3% (33.3) // 58.9% (33.3) // 58.9% (33.3)",
        "oppCorsiAgainst": "40.1% (45.2) // 38.8% (43.6) // 40.1% (45.2) // 40.1% (45.2)",
        "oppFenwickAgainst": "40.9% (35.1) // 39.9% (34.4) // 40.9% (35.1) // 40.9% (35.1)",
        "oppShotsAgainst": "42.8% (25.6) // 41.6% (24.5) // 42.8% (25.6) // 42.8% (25.6)",
        "oppScoringAgainst": "41.1% (23.3) // 37.7% (20.2) // 41.1% (23.3) // 41.1% (23.3)",
        "savesPerGame": 25.5,
        "savesPerGameLast1": 26.0,
        "savesPerGameLast3": 24.7,
        "savesPerGameLast5": 25.8,
        "savesPer60": 28.8,
        "savesPer60Last1": 26.0,
        "savesPer60Last3": 24.5,
        "savesPer60Last5": 25.1,
        "shotsPerGame": 34.4,
        "shotsPerGameLast5": 28.4,
        "shotsAgainstPerGame": 28.2,
        "shotsAgainstPerGameLast5": 29.8,
        "oppSavesAgainstPer60": 35.2,
        "oppSavesAgainstPer60Last1": 26.0,
        "oppSavesAgainstPer60Last3": 24.8,
        "oppSavesAgainstPer60Last5": 30.0,
        "oppShotsAgainstPerGame": 26.0,
        "oppShotsAgainstPerGameLast5": 27.6,
        "savesProj": 34.5,
        "savesProjLast5": 28.0,
        "savesProjLast3": 22.8,
        "oppSavesAgainstProj": 30.1,
        "oppSavesAgainstProjLast5": 23.2,
        "oppSavesAgainstProjLast3": 17.1,
        "totalOver": 64,
        "totalOverLast5": 60,
        "totalOverLast15": 73,
        "lastTotalOver": 59,
        "last5": "2,2,0,2,1,5,2,0,3,3",
        "overOdds": "-165",
        "underOdds": "+135",
        "overUnder": "-165 / +135"
    },
    {
        "player": "Jack Hughes",
        "team": "NJ",
        "opponent": "CAR",
        "propType": "sog",
        "line": 3.5,
        "ppLine": "PP1",
        "avg": 4.28,
        "hit": false,
        "diffAvg": 0.22,
        "diffAbs": 0.06,
        "lastAvg": 3.24,
        "diff": -0.07,
        "avgMin": 20,
        "proj": 3.3,
        "lastAvgMin": 19.55,
        "oppOver": 0,
        "teamOver": 0,
        "gameLine": "-155",
        "+/-": "+9",
        "L5_+/-": -2.0,
        "prevMatchup": "2023-05-07 4.0 sog 2023-05-05 4.0 sog 2023-05-03 2.0 sog 2023-03-12 4.0 sog 2023-01-10 3.0 sog 2023-01-01 6.0 sog 2022-12-20 7.0 sog",
        "winLossSplits": "58% - 70%",
        "awayHome": "H",
        "playedYesterday": "N",
        "awayHomeSplits": "60% - 64%",
        "savesAboveExp": -0.44,
        "gsaa": -0.71,
        "corsi": "53.7% (63.4) // 55.1% (64.9) // 53.7% (63.4) // 53.7% (63.4)",
        "fenwick": "53.9% (46.9) // 55.2% (48.2) // 53.9% (46.9) // 53.9% (46.9)",
        "shots": "54.9% (33.9) // 54.4% (33.3) // 54.9% (33.9) // 54.9% (33.9)",
        "scoring": "56.3% (35.0) // 60.7% (39.4) // 56.3% (35.0) // 56.3% (35.0)",
        "corsiAgainst": "46.3% (54.8) // 44.9% (52.8) // 46.3% (54.8) // 46.3% (54.8)",
        "fenwickAgainst": "46.1% (40.1) // 44.8% (39.2) // 46.1% (40.1) // 46.1% (40.1)",
        "shotsAgainst": "45.1% (27.8) // 45.6% (28.0) // 45.1% (27.8) // 45.1% (27.8)",
        "scoringAgainst": "43.7% (27.1) // 39.3% (25.5) // 43.7% (27.1) // 43.7% (27.1)",
        "oppCorsi": "59.9% (67.4) // 61.2% (68.8) // 59.9% (67.4) // 59.9% (67.4)",
        "oppFenwick": "59.1% (50.8) // 60.1% (51.8) // 59.1% (50.8) // 59.1% (50.8)",
        "oppShots": "57.2% (34.3) // 58.4% (34.4) // 57.2% (34.3) // 57.2% (34.3)",
        "oppScoring": "58.9% (33.3) // 62.3% (33.3) // 58.9% (33.3) // 58.9% (33.3)",
        "oppCorsiAgainst": "40.1% (45.2) // 38.8% (43.6) // 40.1% (45.2) // 40.1% (45.2)",
        "oppFenwickAgainst": "40.9% (35.1) // 39.9% (34.4) // 40.9% (35.1) // 40.9% (35.1)",
        "oppShotsAgainst": "42.8% (25.6) // 41.6% (24.5) // 42.8% (25.6) // 42.8% (25.6)",
        "oppScoringAgainst": "41.1% (23.3) // 37.7% (20.2) // 41.1% (23.3) // 41.1% (23.3)",
        "savesPerGame": 25.5,
        "savesPerGameLast1": 26.0,
        "savesPerGameLast3": 24.7,
        "savesPerGameLast5": 25.8,
        "savesPer60": 28.8,
        "savesPer60Last1": 26.0,
        "savesPer60Last3": 24.5,
        "savesPer60Last5": 25.1,
        "shotsPerGame": 34.4,
        "shotsPerGameLast5": 28.4,
        "shotsAgainstPerGame": 28.2,
        "shotsAgainstPerGameLast5": 29.8,
        "oppSavesAgainstPer60": 35.2,
        "oppSavesAgainstPer60Last1": 26.0,
        "oppSavesAgainstPer60Last3": 24.8,
        "oppSavesAgainstPer60Last5": 30.0,
        "oppShotsAgainstPerGame": 26.0,
        "oppShotsAgainstPerGameLast5": 27.6,
        "savesProj": 34.5,
        "savesProjLast5": 28.0,
        "savesProjLast3": 22.8,
        "oppSavesAgainstProj": 30.1,
        "oppSavesAgainstProjLast5": 23.2,
        "oppSavesAgainstProjLast3": 17.1,
        "totalOver": 62,
        "totalOverLast5": 60,
        "totalOverLast15": 47,
        "lastTotalOver": 46,
        "last5": "4,4,2,2,9,1,5,5,6,3",
        "overOdds": "-135",
        "underOdds": "+105",
        "overUnder": "-135 / +105"
    },
    {
        "player": "Jesper Bratt",
        "team": "NJ",
        "opponent": "CAR",
        "propType": "sog",
        "line": 2.5,
        "ppLine": "PP2",
        "avg": 2.53,
        "hit": false,
        "diffAvg": 0.01,
        "diffAbs": 0.0,
        "lastAvg": 2.59,
        "diff": 0.04,
        "avgMin": 17,
        "proj": 2.5,
        "lastAvgMin": 17.42,
        "oppOver": 0,
        "teamOver": 0,
        "gameLine": "-155",
        "+/-": "+14",
        "L5_+/-": 0.0,
        "prevMatchup": "2023-05-07 4.0 sog 2023-05-05 2.0 sog 2023-05-03 1.0 sog 2023-03-12 5.0 sog 2023-01-10 0.0 sog 2023-01-01 2.0 sog 2022-12-20 3.0 sog",
        "winLossSplits": "42% - 37%",
        "awayHome": "H",
        "playedYesterday": "N",
        "awayHomeSplits": "39% - 41%",
        "savesAboveExp": -0.44,
        "gsaa": -0.71,
        "corsi": "53.7% (63.4) // 55.1% (64.9) // 53.7% (63.4) // 53.7% (63.4)",
        "fenwick": "53.9% (46.9) // 55.2% (48.2) // 53.9% (46.9) // 53.9% (46.9)",
        "shots": "54.9% (33.9) // 54.4% (33.3) // 54.9% (33.9) // 54.9% (33.9)",
        "scoring": "56.3% (35.0) // 60.7% (39.4) // 56.3% (35.0) // 56.3% (35.0)",
        "corsiAgainst": "46.3% (54.8) // 44.9% (52.8) // 46.3% (54.8) // 46.3% (54.8)",
        "fenwickAgainst": "46.1% (40.1) // 44.8% (39.2) // 46.1% (40.1) // 46.1% (40.1)",
        "shotsAgainst": "45.1% (27.8) // 45.6% (28.0) // 45.1% (27.8) // 45.1% (27.8)",
        "scoringAgainst": "43.7% (27.1) // 39.3% (25.5) // 43.7% (27.1) // 43.7% (27.1)",
        "oppCorsi": "59.9% (67.4) // 61.2% (68.8) // 59.9% (67.4) // 59.9% (67.4)",
        "oppFenwick": "59.1% (50.8) // 60.1% (51.8) // 59.1% (50.8) // 59.1% (50.8)",
        "oppShots": "57.2% (34.3) // 58.4% (34.4) // 57.2% (34.3) // 57.2% (34.3)",
        "oppScoring": "58.9% (33.3) // 62.3% (33.3) // 58.9% (33.3) // 58.9% (33.3)",
        "oppCorsiAgainst": "40.1% (45.2) // 38.8% (43.6) // 40.1% (45.2) // 40.1% (45.2)",
        "oppFenwickAgainst": "40.9% (35.1) // 39.9% (34.4) // 40.9% (35.1) // 40.9% (35.1)",
        "oppShotsAgainst": "42.8% (25.6) // 41.6% (24.5) // 42.8% (25.6) // 42.8% (25.6)",
        "oppScoringAgainst": "41.1% (23.3) // 37.7% (20.2) // 41.1% (23.3) // 41.1% (23.3)",
        "savesPerGame": 25.5,
        "savesPerGameLast1": 26.0,
        "savesPerGameLast3": 24.7,
        "savesPerGameLast5": 25.8,
        "savesPer60": 28.8,
        "savesPer60Last1": 26.0,
        "savesPer60Last3": 24.5,
        "savesPer60Last5": 25.1,
        "shotsPerGame": 34.4,
        "shotsPerGameLast5": 28.4,
        "shotsAgainstPerGame": 28.2,
        "shotsAgainstPerGameLast5": 29.8,
        "oppSavesAgainstPer60": 35.2,
        "oppSavesAgainstPer60Last1": 26.0,
        "oppSavesAgainstPer60Last3": 24.8,
        "oppSavesAgainstPer60Last5": 30.0,
        "oppShotsAgainstPerGame": 26.0,
        "oppShotsAgainstPerGameLast5": 27.6,
        "savesProj": 34.5,
        "savesProjLast5": 28.0,
        "savesProjLast3": 22.8,
        "oppSavesAgainstProj": 30.1,
        "oppSavesAgainstProjLast5": 23.2,
        "oppSavesAgainstProjLast3": 17.1,
        "totalOver": 40,
        "totalOverLast5": 20,
        "totalOverLast15": 40,
        "lastTotalOver": 47,
        "last5": "4,2,1,2,0,3,0,5,4,0",
        "overOdds": "+135",
        "underOdds": "-165",
        "overUnder": "+135 / -165"
    },
    {
        "player": "Jesperi Kotkaniemi",
        "team": "CAR",
        "opponent": "NJ",
        "propType": "sog",
        "line": 1.5,
        "ppLine": "PP2",
        "avg": 1.58,
        "hit": false,
        "diffAvg": 0.05,
        "diffAbs": 0.2,
        "lastAvg": 1.01,
        "diff": -0.33,
        "avgMin": 14,
        "proj": 1.2,
        "lastAvgMin": 12.02,
        "oppOver": 0,
        "teamOver": 0,
        "gameLine": "+135",
        "+/-": "+4",
        "L5_+/-": -7.0,
        "prevMatchup": "2023-05-07 1.0 sog 2023-05-05 6.0 sog 2023-05-03 2.0 sog 2023-03-12 0.0 sog 2023-01-10 2.0 sog 2023-01-01 0.0 sog 2022-12-20 2.0 sog",
        "winLossSplits": "47% - 52%",
        "awayHome": "A",
        "playedYesterday": "N",
        "awayHomeSplits": "49% - 48%",
        "savesAboveExp": 0.109,
        "gsaa": 8.64,
        "corsi": "59.9% (67.4) // 61.2% (68.8) // 59.9% (67.4) // 59.9% (67.4)",
        "fenwick": "59.1% (50.8) // 60.1% (51.8) // 59.1% (50.8) // 59.1% (50.8)",
        "shots": "57.2% (34.3) // 58.4% (34.4) // 57.2% (34.3) // 57.2% (34.3)",
        "scoring": "58.9% (33.3) // 62.3% (33.3) // 58.9% (33.3) // 58.9% (33.3)",
        "corsiAgainst": "40.1% (45.2) // 38.8% (43.6) // 40.1% (45.2) // 40.1% (45.2)",
        "fenwickAgainst": "40.9% (35.1) // 39.9% (34.4) // 40.9% (35.1) // 40.9% (35.1)",
        "shotsAgainst": "42.8% (25.6) // 41.6% (24.5) // 42.8% (25.6) // 42.8% (25.6)",
        "scoringAgainst": "41.1% (23.3) // 37.7% (20.2) // 41.1% (23.3) // 41.1% (23.3)",
        "oppCorsi": "53.7% (63.4) // 55.1% (64.9) // 53.7% (63.4) // 53.7% (63.4)",
        "oppFenwick": "53.9% (46.9) // 55.2% (48.2) // 53.9% (46.9) // 53.9% (46.9)",
        "oppShots": "54.9% (33.9) // 54.4% (33.3) // 54.9% (33.9) // 54.9% (33.9)",
        "oppScoring": "56.3% (35.0) // 60.7% (39.4) // 56.3% (35.0) // 56.3% (35.0)",
        "oppCorsiAgainst": "46.3% (54.8) // 44.9% (52.8) // 46.3% (54.8) // 46.3% (54.8)",
        "oppFenwickAgainst": "46.1% (40.1) // 44.8% (39.2) // 46.1% (40.1) // 46.1% (40.1)",
        "oppShotsAgainst": "45.1% (27.8) // 45.6% (28.0) // 45.1% (27.8) // 45.1% (27.8)",
        "oppScoringAgainst": "43.7% (27.1) // 39.3% (25.5) // 43.7% (27.1) // 43.7% (27.1)",
        "savesPerGame": 23.4,
        "savesPerGameLast1": 26.0,
        "savesPerGameLast3": 24.0,
        "savesPerGameLast5": 24.8,
        "savesPer60": 26.2,
        "savesPer60Last1": 26.0,
        "savesPer60Last3": 24.0,
        "savesPer60Last5": 25.0,
        "shotsPerGame": 34.8,
        "shotsPerGameLast5": 33.2,
        "shotsAgainstPerGame": 26.0,
        "shotsAgainstPerGameLast5": 27.6,
        "oppSavesAgainstPer60": 34.8,
        "oppSavesAgainstPer60Last1": 26.0,
        "oppSavesAgainstPer60Last3": 23.8,
        "oppSavesAgainstPer60Last5": 24.9,
        "oppShotsAgainstPerGame": 28.2,
        "oppShotsAgainstPerGameLast5": 29.8,
        "savesProj": 27.6,
        "savesProjLast5": 21.7,
        "savesProjLast3": 19.7,
        "oppSavesAgainstProj": 27.8,
        "oppSavesAgainstProjLast5": 18.8,
        "oppSavesAgainstProjLast3": 16.2,
        "totalOver": 48,
        "totalOverLast5": 60,
        "totalOverLast15": 53,
        "lastTotalOver": 47,
        "last5": "1,6,2,2,1,0,0,1,2,4",
        "overOdds": "-140",
        "underOdds": "+110",
        "overUnder": "-140 / +110"
    },
    {
        "player": "Jordan Martinook",
        "team": "CAR",
        "opponent": "NJ",
        "propType": "sog",
        "line": 1.5,
        "ppLine": "",
        "avg": 2.05,
        "hit": false,
        "diffAvg": 0.37,
        "diffAbs": 0.07,
        "lastAvg": 1.18,
        "diff": -0.21,
        "avgMin": 15,
        "proj": 1.6,
        "lastAvgMin": 11.2,
        "oppOver": 0,
        "teamOver": 0,
        "gameLine": "+135",
        "+/-": "+9",
        "L5_+/-": "+2.0",
        "prevMatchup": "2023-05-07 2.0 sog 2023-05-05 4.0 sog 2023-05-03 0.0 sog 2023-03-12 1.0 sog 2023-01-10 2.0 sog 2023-01-01 1.0 sog 2022-12-20 1.0 sog",
        "winLossSplits": "66% - 64%",
        "awayHome": "A",
        "playedYesterday": "N",
        "awayHomeSplits": "60% - 70%",
        "savesAboveExp": 0.109,
        "gsaa": 8.64,
        "corsi": "59.9% (67.4) // 61.2% (68.8) // 59.9% (67.4) // 59.9% (67.4)",
        "fenwick": "59.1% (50.8) // 60.1% (51.8) // 59.1% (50.8) // 59.1% (50.8)",
        "shots": "57.2% (34.3) // 58.4% (34.4) // 57.2% (34.3) // 57.2% (34.3)",
        "scoring": "58.9% (33.3) // 62.3% (33.3) // 58.9% (33.3) // 58.9% (33.3)",
        "corsiAgainst": "40.1% (45.2) // 38.8% (43.6) // 40.1% (45.2) // 40.1% (45.2)",
        "fenwickAgainst": "40.9% (35.1) // 39.9% (34.4) // 40.9% (35.1) // 40.9% (35.1)",
        "shotsAgainst": "42.8% (25.6) // 41.6% (24.5) // 42.8% (25.6) // 42.8% (25.6)",
        "scoringAgainst": "41.1% (23.3) // 37.7% (20.2) // 41.1% (23.3) // 41.1% (23.3)",
        "oppCorsi": "53.7% (63.4) // 55.1% (64.9) // 53.7% (63.4) // 53.7% (63.4)",
        "oppFenwick": "53.9% (46.9) // 55.2% (48.2) // 53.9% (46.9) // 53.9% (46.9)",
        "oppShots": "54.9% (33.9) // 54.4% (33.3) // 54.9% (33.9) // 54.9% (33.9)",
        "oppScoring": "56.3% (35.0) // 60.7% (39.4) // 56.3% (35.0) // 56.3% (35.0)",
        "oppCorsiAgainst": "46.3% (54.8) // 44.9% (52.8) // 46.3% (54.8) // 46.3% (54.8)",
        "oppFenwickAgainst": "46.1% (40.1) // 44.8% (39.2) // 46.1% (40.1) // 46.1% (40.1)",
        "oppShotsAgainst": "45.1% (27.8) // 45.6% (28.0) // 45.1% (27.8) // 45.1% (27.8)",
        "oppScoringAgainst": "43.7% (27.1) // 39.3% (25.5) // 43.7% (27.1) // 43.7% (27.1)",
        "savesPerGame": 23.4,
        "savesPerGameLast1": 26.0,
        "savesPerGameLast3": 24.0,
        "savesPerGameLast5": 24.8,
        "savesPer60": 26.2,
        "savesPer60Last1": 26.0,
        "savesPer60Last3": 24.0,
        "savesPer60Last5": 25.0,
        "shotsPerGame": 34.8,
        "shotsPerGameLast5": 33.2,
        "shotsAgainstPerGame": 26.0,
        "shotsAgainstPerGameLast5": 27.6,
        "oppSavesAgainstPer60": 34.8,
        "oppSavesAgainstPer60Last1": 26.0,
        "oppSavesAgainstPer60Last3": 23.8,
        "oppSavesAgainstPer60Last5": 24.9,
        "oppShotsAgainstPerGame": 28.2,
        "oppShotsAgainstPerGameLast5": 29.8,
        "savesProj": 27.6,
        "savesProjLast5": 21.7,
        "savesProjLast3": 19.7,
        "oppSavesAgainstProj": 27.8,
        "oppSavesAgainstProjLast5": 18.8,
        "oppSavesAgainstProjLast3": 16.2,
        "totalOver": 65,
        "totalOverLast5": 60,
        "totalOverLast15": 67,
        "lastTotalOver": 51,
        "last5": "2,4,0,7,1,2,4,2,3,1",
        "overOdds": "-175",
        "underOdds": "+140",
        "overUnder": "-175 / +140"
    },
    {
        "player": "Martin Necas",
        "team": "CAR",
        "opponent": "NJ",
        "propType": "sog",
        "line": 2.5,
        "ppLine": "PP1",
        "avg": 2.9,
        "hit": false,
        "diffAvg": 0.16,
        "diffAbs": 0.24,
        "lastAvg": 1.73,
        "diff": -0.31,
        "avgMin": 18,
        "proj": 1.9,
        "lastAvgMin": 16.18,
        "oppOver": 0,
        "teamOver": 0,
        "gameLine": "+135",
        "+/-": 0,
        "L5_+/-": -6.0,
        "prevMatchup": "2023-05-07 2.0 sog 2023-05-05 4.0 sog 2023-05-03 3.0 sog 2023-03-12 1.0 sog 2023-01-10 2.0 sog 2023-01-01 3.0 sog 2022-12-20 3.0 sog",
        "winLossSplits": "62% - 42%",
        "awayHome": "A",
        "playedYesterday": "N",
        "awayHomeSplits": "62% - 48%",
        "savesAboveExp": 0.109,
        "gsaa": 8.64,
        "corsi": "59.9% (67.4) // 61.2% (68.8) // 59.9% (67.4) // 59.9% (67.4)",
        "fenwick": "59.1% (50.8) // 60.1% (51.8) // 59.1% (50.8) // 59.1% (50.8)",
        "shots": "57.2% (34.3) // 58.4% (34.4) // 57.2% (34.3) // 57.2% (34.3)",
        "scoring": "58.9% (33.3) // 62.3% (33.3) // 58.9% (33.3) // 58.9% (33.3)",
        "corsiAgainst": "40.1% (45.2) // 38.8% (43.6) // 40.1% (45.2) // 40.1% (45.2)",
        "fenwickAgainst": "40.9% (35.1) // 39.9% (34.4) // 40.9% (35.1) // 40.9% (35.1)",
        "shotsAgainst": "42.8% (25.6) // 41.6% (24.5) // 42.8% (25.6) // 42.8% (25.6)",
        "scoringAgainst": "41.1% (23.3) // 37.7% (20.2) // 41.1% (23.3) // 41.1% (23.3)",
        "oppCorsi": "53.7% (63.4) // 55.1% (64.9) // 53.7% (63.4) // 53.7% (63.4)",
        "oppFenwick": "53.9% (46.9) // 55.2% (48.2) // 53.9% (46.9) // 53.9% (46.9)",
        "oppShots": "54.9% (33.9) // 54.4% (33.3) // 54.9% (33.9) // 54.9% (33.9)",
        "oppScoring": "56.3% (35.0) // 60.7% (39.4) // 56.3% (35.0) // 56.3% (35.0)",
        "oppCorsiAgainst": "46.3% (54.8) // 44.9% (52.8) // 46.3% (54.8) // 46.3% (54.8)",
        "oppFenwickAgainst": "46.1% (40.1) // 44.8% (39.2) // 46.1% (40.1) // 46.1% (40.1)",
        "oppShotsAgainst": "45.1% (27.8) // 45.6% (28.0) // 45.1% (27.8) // 45.1% (27.8)",
        "oppScoringAgainst": "43.7% (27.1) // 39.3% (25.5) // 43.7% (27.1) // 43.7% (27.1)",
        "savesPerGame": 23.4,
        "savesPerGameLast1": 26.0,
        "savesPerGameLast3": 24.0,
        "savesPerGameLast5": 24.8,
        "savesPer60": 26.2,
        "savesPer60Last1": 26.0,
        "savesPer60Last3": 24.0,
        "savesPer60Last5": 25.0,
        "shotsPerGame": 34.8,
        "shotsPerGameLast5": 33.2,
        "shotsAgainstPerGame": 26.0,
        "shotsAgainstPerGameLast5": 27.6,
        "oppSavesAgainstPer60": 34.8,
        "oppSavesAgainstPer60Last1": 26.0,
        "oppSavesAgainstPer60Last3": 23.8,
        "oppSavesAgainstPer60Last5": 24.9,
        "oppShotsAgainstPerGame": 28.2,
        "oppShotsAgainstPerGameLast5": 29.8,
        "savesProj": 27.6,
        "savesProjLast5": 21.7,
        "savesProjLast3": 19.7,
        "oppSavesAgainstProj": 27.8,
        "oppSavesAgainstProjLast5": 18.8,
        "oppSavesAgainstProjLast3": 16.2,
        "totalOver": 55,
        "totalOverLast5": 40,
        "totalOverLast15": 40,
        "lastTotalOver": 37,
        "last5": "2,4,3,2,1,3,3,3,3,2",
        "overOdds": "-125",
        "underOdds": "-105",
        "overUnder": "-125 / -105"
    },
    {
        "player": "Nico Hischier",
        "team": "NJ",
        "opponent": "CAR",
        "propType": "sog",
        "line": 2.5,
        "ppLine": "PP1",
        "avg": 3.13,
        "hit": false,
        "diffAvg": 0.25,
        "diffAbs": 0.16,
        "lastAvg": 2.19,
        "diff": -0.12,
        "avgMin": 19,
        "proj": 2.1,
        "lastAvgMin": 19.33,
        "oppOver": 0,
        "teamOver": 0,
        "gameLine": "-155",
        "+/-": "+29",
        "L5_+/-": -2.0,
        "prevMatchup": "2023-05-07 5.0 sog 2023-05-05 1.0 sog 2023-05-03 1.0 sog 2023-03-12 1.0 sog 2023-01-10 2.0 sog 2023-01-01 4.0 sog 2022-12-20 7.0 sog",
        "winLossSplits": "54% - 71%",
        "awayHome": "H",
        "playedYesterday": "N",
        "awayHomeSplits": "49% - 72%",
        "savesAboveExp": -0.44,
        "gsaa": -0.71,
        "corsi": "53.7% (63.4) // 55.1% (64.9) // 53.7% (63.4) // 53.7% (63.4)",
        "fenwick": "53.9% (46.9) // 55.2% (48.2) // 53.9% (46.9) // 53.9% (46.9)",
        "shots": "54.9% (33.9) // 54.4% (33.3) // 54.9% (33.9) // 54.9% (33.9)",
        "scoring": "56.3% (35.0) // 60.7% (39.4) // 56.3% (35.0) // 56.3% (35.0)",
        "corsiAgainst": "46.3% (54.8) // 44.9% (52.8) // 46.3% (54.8) // 46.3% (54.8)",
        "fenwickAgainst": "46.1% (40.1) // 44.8% (39.2) // 46.1% (40.1) // 46.1% (40.1)",
        "shotsAgainst": "45.1% (27.8) // 45.6% (28.0) // 45.1% (27.8) // 45.1% (27.8)",
        "scoringAgainst": "43.7% (27.1) // 39.3% (25.5) // 43.7% (27.1) // 43.7% (27.1)",
        "oppCorsi": "59.9% (67.4) // 61.2% (68.8) // 59.9% (67.4) // 59.9% (67.4)",
        "oppFenwick": "59.1% (50.8) // 60.1% (51.8) // 59.1% (50.8) // 59.1% (50.8)",
        "oppShots": "57.2% (34.3) // 58.4% (34.4) // 57.2% (34.3) // 57.2% (34.3)",
        "oppScoring": "58.9% (33.3) // 62.3% (33.3) // 58.9% (33.3) // 58.9% (33.3)",
        "oppCorsiAgainst": "40.1% (45.2) // 38.8% (43.6) // 40.1% (45.2) // 40.1% (45.2)",
        "oppFenwickAgainst": "40.9% (35.1) // 39.9% (34.4) // 40.9% (35.1) // 40.9% (35.1)",
        "oppShotsAgainst": "42.8% (25.6) // 41.6% (24.5) // 42.8% (25.6) // 42.8% (25.6)",
        "oppScoringAgainst": "41.1% (23.3) // 37.7% (20.2) // 41.1% (23.3) // 41.1% (23.3)",
        "savesPerGame": 25.5,
        "savesPerGameLast1": 26.0,
        "savesPerGameLast3": 24.7,
        "savesPerGameLast5": 25.8,
        "savesPer60": 28.8,
        "savesPer60Last1": 26.0,
        "savesPer60Last3": 24.5,
        "savesPer60Last5": 25.1,
        "shotsPerGame": 34.4,
        "shotsPerGameLast5": 28.4,
        "shotsAgainstPerGame": 28.2,
        "shotsAgainstPerGameLast5": 29.8,
        "oppSavesAgainstPer60": 35.2,
        "oppSavesAgainstPer60Last1": 26.0,
        "oppSavesAgainstPer60Last3": 24.8,
        "oppSavesAgainstPer60Last5": 30.0,
        "oppShotsAgainstPerGame": 26.0,
        "oppShotsAgainstPerGameLast5": 27.6,
        "savesProj": 34.5,
        "savesProjLast5": 28.0,
        "savesProjLast3": 22.8,
        "oppSavesAgainstProj": 30.1,
        "oppSavesAgainstProjLast5": 23.2,
