[
    {
        "player": "John Carlson",
        "team": "WSH",
        "opponent": "BOS",
        "propType": "bs",
        "line": 1.5,
        "ppLine": "PP1",
        "avg": 2.18,
        "hit": false,
        "diffAvg": 0.45,
        "diffAbs": 1.0,
        "lastAvg": 0.0,
        "diff": 0,
        "avgMin": 23,
        "proj": 0.0,
        "lastAvgMin": 23.8,
        "oppOver": 0,
        "teamOver": 0,
        "gameLine": "-275",
        "+/-": -4,
        "L5_+/-": -2.0,
        "prevMatchup": "2022-10-12 4.0 bs",
        "winLossSplits": "55% - 67%",
        "awayHome": "A",
        "playedYesterday": "Y",
        "awayHomeSplits": "70% - 50%",
        "savesAboveExp": 0.892,
        "gsaa": 48.46,
        "corsi": "50.2% (58.9) // 45.5% (54.9) // 41.0% (51.5) // 38.6% (49.3)",
        "fenwick": "50.0% (43.2) // 46.0% (41.2) // 41.3% (37.8) // 38.9% (35.0)",
        "shots": "50.2% (30.8) // 45.5% (29.1) // 41.9% (25.8) // 40.8% (25.0)",
        "scoring": "50.2% (29.4) // 46.3% (27.6) // 40.3% (25.0) // 37.4% (22.3)",
        "corsiAgainst": "49.8% (58.5) // 54.5% (65.8) // 59.0% (74.0) // 61.4% (78.3)",
        "fenwickAgainst": "50.0% (43.2) // 54.0% (48.3) // 58.7% (53.8) // 61.1% (55.0)",
        "shotsAgainst": "49.8% (30.6) // 54.5% (34.9) // 58.1% (35.8) // 59.2% (36.3)",
        "scoringAgainst": "49.8% (29.2) // 53.7% (32.1) // 59.7% (37.0) // 62.6% (37.3)",
        "oppCorsi": "51.3% (57.9) // 50.7% (57.4) // 51.1% (58.1) // 53.1% (59.5)",
        "oppFenwick": "51.6% (43.8) // 50.3% (43.8) // 50.9% (44.7) // 51.8% (46.4)",
        "oppShots": "52.5% (32.6) // 52.2% (32.6) // 51.8% (33.8) // 51.9% (35.2)",
        "oppScoring": "52.9% (32.1) // 52.5% (31.4) // 50.2% (30.4) // 51.5% (27.9)",
        "oppCorsiAgainst": "48.7% (55.0) // 49.3% (55.9) // 48.9% (55.6) // 46.9% (52.6)",
        "oppFenwickAgainst": "48.4% (41.1) // 49.7% (43.3) // 49.1% (43.1) // 48.2% (43.1)",
        "oppShotsAgainst": "47.5% (29.4) // 47.8% (29.8) // 48.2% (31.4) // 48.1% (32.5)",
        "oppScoringAgainst": "47.1% (28.6) // 47.5% (28.4) // 49.8% (30.2) // 48.5% (26.3)",
        "savesPerGame": 27.7,
        "savesPerGameLast1": 38.0,
        "savesPerGameLast3": 32.3,
        "savesPerGameLast5": 31.0,
        "savesPer60": 27.7,
        "savesPer60Last1": 38.0,
        "savesPer60Last3": 31.8,
        "savesPer60Last5": 30.6,
        "shotsPerGame": 31.1,
        "shotsPerGameLast5": 26.8,
        "shotsAgainstPerGame": 30.9,
        "shotsAgainstPerGameLast5": 35.4,
        "oppSavesAgainstPer60": 29.3,
        "oppSavesAgainstPer60Last1": 29.0,
        "oppSavesAgainstPer60Last3": 33.5,
        "oppSavesAgainstPer60Last5": 31.9,
        "oppShotsAgainstPerGame": 29.8,
        "oppShotsAgainstPerGameLast5": 32.2,
        "savesProj": 29.1,
        "savesProjLast5": 34.4,
        "savesProjLast3": 37.2,
        "oppSavesAgainstProj": 28.8,
        "oppSavesAgainstProjLast5": 34.9,
        "oppSavesAgainstProjLast3": 38.3,
        "totalOver": 61,
        "totalOverLast5": 80,
        "totalOverLast15": 40,
        "lastTotalOver": 0,
        "last5": "2,2,3,3,1,1,1,0,1,3",
        "overOdds": "-175",
        "underOdds": "+140",
        "overUnder": "-175 / +140"
    },
    {
        "player": "Martin Fehervary",
        "team": "WSH",
        "opponent": "BOS",
        "propType": "bs",
        "line": 1.5,
        "ppLine": "PP2",
        "avg": 1.83,
        "hit": false,
        "diffAvg": 0.22,
        "diffAbs": 1.0,
        "lastAvg": 0.0,
        "diff": 0,
        "avgMin": 19,
        "proj": 0.0,
        "lastAvgMin": 19.65,
        "oppOver": 0,
        "teamOver": 0,
        "gameLine": "-275",
        "+/-": -9,
        "L5_+/-": -4.0,
        "prevMatchup": "2023-02-11 1.0 bs 2022-10-12 2.0 bs",
        "winLossSplits": "42% - 51%",
        "awayHome": "A",
        "playedYesterday": "Y",
        "awayHomeSplits": "41% - 55%",
        "savesAboveExp": 0.892,
        "gsaa": 48.46,
        "corsi": "50.2% (58.9) // 45.5% (54.9) // 41.0% (51.5) // 38.6% (49.3)",
        "fenwick": "50.0% (43.2) // 46.0% (41.2) // 41.3% (37.8) // 38.9% (35.0)",
        "shots": "50.2% (30.8) // 45.5% (29.1) // 41.9% (25.8) // 40.8% (25.0)",
        "scoring": "50.2% (29.4) // 46.3% (27.6) // 40.3% (25.0) // 37.4% (22.3)",
        "corsiAgainst": "49.8% (58.5) // 54.5% (65.8) // 59.0% (74.0) // 61.4% (78.3)",
        "fenwickAgainst": "50.0% (43.2) // 54.0% (48.3) // 58.7% (53.8) // 61.1% (55.0)",
        "shotsAgainst": "49.8% (30.6) // 54.5% (34.9) // 58.1% (35.8) // 59.2% (36.3)",
        "scoringAgainst": "49.8% (29.2) // 53.7% (32.1) // 59.7% (37.0) // 62.6% (37.3)",
        "oppCorsi": "51.3% (57.9) // 50.7% (57.4) // 51.1% (58.1) // 53.1% (59.5)",
        "oppFenwick": "51.6% (43.8) // 50.3% (43.8) // 50.9% (44.7) // 51.8% (46.4)",
        "oppShots": "52.5% (32.6) // 52.2% (32.6) // 51.8% (33.8) // 51.9% (35.2)",
        "oppScoring": "52.9% (32.1) // 52.5% (31.4) // 50.2% (30.4) // 51.5% (27.9)",
        "oppCorsiAgainst": "48.7% (55.0) // 49.3% (55.9) // 48.9% (55.6) // 46.9% (52.6)",
        "oppFenwickAgainst": "48.4% (41.1) // 49.7% (43.3) // 49.1% (43.1) // 48.2% (43.1)",
        "oppShotsAgainst": "47.5% (29.4) // 47.8% (29.8) // 48.2% (31.4) // 48.1% (32.5)",
        "oppScoringAgainst": "47.1% (28.6) // 47.5% (28.4) // 49.8% (30.2) // 48.5% (26.3)",
        "savesPerGame": 27.7,
        "savesPerGameLast1": 38.0,
        "savesPerGameLast3": 32.3,
        "savesPerGameLast5": 31.0,
        "savesPer60": 27.7,
        "savesPer60Last1": 38.0,
        "savesPer60Last3": 31.8,
        "savesPer60Last5": 30.6,
        "shotsPerGame": 31.1,
        "shotsPerGameLast5": 26.8,
        "shotsAgainstPerGame": 30.9,
        "shotsAgainstPerGameLast5": 35.4,
        "oppSavesAgainstPer60": 29.3,
        "oppSavesAgainstPer60Last1": 29.0,
        "oppSavesAgainstPer60Last3": 33.5,
        "oppSavesAgainstPer60Last5": 31.9,
        "oppShotsAgainstPerGame": 29.8,
        "oppShotsAgainstPerGameLast5": 32.2,
        "savesProj": 29.1,
        "savesProjLast5": 34.4,
        "savesProjLast3": 37.2,
        "oppSavesAgainstProj": 28.8,
        "oppSavesAgainstProjLast5": 34.9,
        "oppSavesAgainstProjLast3": 38.3,
        "totalOver": 48,
        "totalOverLast5": 60,
        "totalOverLast15": 47,
        "lastTotalOver": 0,
        "last5": "4,3,5,1,1,2,2,1,0,2",
        "overOdds": "-165",
        "underOdds": "+135",
        "overUnder": "-165 / +135"
    },
    {
        "player": "Moritz Seider",
        "team": "DET",
        "opponent": "CAR",
        "propType": "bs",
        "line": 2.5,
        "ppLine": "PP1",
        "avg": 2.35,
        "hit": false,
        "diffAvg": -0.06,
        "diffAbs": 1.0,
        "lastAvg": 0.0,
        "diff": 0,
        "avgMin": 23,
        "proj": 0.0,
        "lastAvgMin": 23.03,
        "oppOver": 0,
        "teamOver": 0,
        "gameLine": "+215",
        "+/-": -7,
        "L5_+/-": "+3.0",
        "prevMatchup": "2023-03-30 1.0 bs 2022-12-13 2.0 bs",
        "winLossSplits": "46% - 40%",
        "awayHome": "A",
        "playedYesterday": "Y",
        "awayHomeSplits": "33% - 51%",
        "savesAboveExp": -0.166,
        "gsaa": 2.64,
        "corsi": "47.2% (51.9) // 46.8% (49.1) // 47.3% (46.2) // 48.1% (45.7)",
        "fenwick": "47.7% (38.7) // 45.5% (35.1) // 45.2% (33.2) // 46.1% (32.8)",
        "shots": "48.1% (27.9) // 45.0% (24.4) // 43.0% (23.0) // 45.6% (23.4)",
        "scoring": "45.9% (25.3) // 45.4% (22.5) // 48.8% (23.0) // 48.5% (20.8)",
        "corsiAgainst": "52.8% (58.0) // 53.2% (55.7) // 52.7% (51.5) // 51.9% (49.3)",
        "fenwickAgainst": "52.3% (42.5) // 54.5% (42.0) // 54.8% (40.3) // 53.9% (38.3)",
        "shotsAgainst": "51.9% (30.1) // 55.0% (29.8) // 57.0% (30.5) // 54.4% (27.9)",
        "scoringAgainst": "54.1% (29.8) // 54.6% (27.1) // 51.2% (24.2) // 51.5% (22.1)",
        "oppCorsi": "59.9% (67.4) // 58.9% (67.2) // 61.6% (69.2) // 60.0% (66.0)",
        "oppFenwick": "59.1% (50.7) // 57.4% (50.3) // 59.0% (50.9) // 54.5% (46.3)",
        "oppShots": "57.3% (34.3) // 55.9% (34.2) // 59.4% (35.9) // 53.0% (32.0)",
        "oppScoring": "59.0% (33.5) // 58.5% (33.3) // 63.1% (34.6) // 59.4% (34.7)",
        "oppCorsiAgainst": "40.1% (45.1) // 41.1% (46.9) // 38.4% (43.1) // 40.0% (44.0)",
        "oppFenwickAgainst": "40.9% (35.1) // 42.6% (37.3) // 41.0% (35.4) // 45.5% (38.7)",
        "oppShotsAgainst": "42.7% (25.6) // 44.1% (27.0) // 40.6% (24.5) // 47.0% (28.3)",
        "oppScoringAgainst": "41.0% (23.3) // 41.5% (23.6) // 36.9% (20.3) // 40.6% (23.7)",
        "savesPerGame": 27.1,
        "savesPerGameLast1": 16.0,
        "savesPerGameLast3": 23.0,
        "savesPerGameLast5": 27.2,
        "savesPer60": 27.2,
        "savesPer60Last1": 16.0,
        "savesPer60Last3": 23.5,
        "savesPer60Last5": 27.5,
        "shotsPerGame": 28.2,
        "shotsPerGameLast5": 23.4,
        "shotsAgainstPerGame": 30.4,
        "shotsAgainstPerGameLast5": 31.0,
        "oppSavesAgainstPer60": 31.9,
        "oppSavesAgainstPer60Last1": 27.0,
        "oppSavesAgainstPer60Last3": 30.5,
        "oppSavesAgainstPer60Last5": 32.2,
        "oppShotsAgainstPerGame": 26.0,
        "oppShotsAgainstPerGameLast5": 27.0,
        "savesProj": 36.7,
        "savesProjLast5": 37.0,
        "savesProjLast3": 30.3,
        "oppSavesAgainstProj": 30.6,
        "oppSavesAgainstProjLast5": 31.1,
        "oppSavesAgainstProjLast3": 23.9,
        "totalOver": 42,
        "totalOverLast5": 40,
        "totalOverLast15": 27,
        "lastTotalOver": 0,
        "last5": "3,4,0,0,2,1,1,1,0,2",
        "overOdds": "+150",
        "underOdds": "-185",
        "overUnder": "+150 / -185"
    },
    {
        "player": "Ben Chiarot",
        "team": "DET",
        "opponent": "CAR",
        "propType": "bs",
        "line": 1.5,
        "ppLine": "",
        "avg": 2.19,
        "hit": false,
        "diffAvg": 0.46,
        "diffAbs": 1.0,
        "lastAvg": 0.0,
        "diff": 0,
        "avgMin": 20,
        "proj": 0.0,
        "lastAvgMin": 22.83,
        "oppOver": 0,
        "teamOver": 0,
        "gameLine": "+215",
        "+/-": -25,
        "L5_+/-": -1.0,
        "prevMatchup": "2023-03-30 1.0 bs 2022-12-13 1.0 bs",
        "winLossSplits": "73% - 41%",
        "awayHome": "A",
        "playedYesterday": "Y",
        "awayHomeSplits": "59% - 51%",
        "savesAboveExp": -0.166,
        "gsaa": 2.64,
        "corsi": "47.2% (51.9) // 46.8% (49.1) // 47.3% (46.2) // 48.1% (45.7)",
        "fenwick": "47.7% (38.7) // 45.5% (35.1) // 45.2% (33.2) // 46.1% (32.8)",
        "shots": "48.1% (27.9) // 45.0% (24.4) // 43.0% (23.0) // 45.6% (23.4)",
        "scoring": "45.9% (25.3) // 45.4% (22.5) // 48.8% (23.0) // 48.5% (20.8)",
        "corsiAgainst": "52.8% (58.0) // 53.2% (55.7) // 52.7% (51.5) // 51.9% (49.3)",
        "fenwickAgainst": "52.3% (42.5) // 54.5% (42.0) // 54.8% (40.3) // 53.9% (38.3)",
        "shotsAgainst": "51.9% (30.1) // 55.0% (29.8) // 57.0% (30.5) // 54.4% (27.9)",
        "scoringAgainst": "54.1% (29.8) // 54.6% (27.1) // 51.2% (24.2) // 51.5% (22.1)",
        "oppCorsi": "59.9% (67.4) // 58.9% (67.2) // 61.6% (69.2) // 60.0% (66.0)",
        "oppFenwick": "59.1% (50.7) // 57.4% (50.3) // 59.0% (50.9) // 54.5% (46.3)",
        "oppShots": "57.3% (34.3) // 55.9% (34.2) // 59.4% (35.9) // 53.0% (32.0)",
        "oppScoring": "59.0% (33.5) // 58.5% (33.3) // 63.1% (34.6) // 59.4% (34.7)",
        "oppCorsiAgainst": "40.1% (45.1) // 41.1% (46.9) // 38.4% (43.1) // 40.0% (44.0)",
        "oppFenwickAgainst": "40.9% (35.1) // 42.6% (37.3) // 41.0% (35.4) // 45.5% (38.7)",
        "oppShotsAgainst": "42.7% (25.6) // 44.1% (27.0) // 40.6% (24.5) // 47.0% (28.3)",
        "oppScoringAgainst": "41.0% (23.3) // 41.5% (23.6) // 36.9% (20.3) // 40.6% (23.7)",
        "savesPerGame": 27.1,
        "savesPerGameLast1": 16.0,
        "savesPerGameLast3": 23.0,
        "savesPerGameLast5": 27.2,
        "savesPer60": 27.2,
        "savesPer60Last1": 16.0,
        "savesPer60Last3": 23.5,
        "savesPer60Last5": 27.5,
        "shotsPerGame": 28.2,
        "shotsPerGameLast5": 23.4,
        "shotsAgainstPerGame": 30.4,
        "shotsAgainstPerGameLast5": 31.0,
        "oppSavesAgainstPer60": 31.9,
        "oppSavesAgainstPer60Last1": 27.0,
        "oppSavesAgainstPer60Last3": 30.5,
        "oppSavesAgainstPer60Last5": 32.2,
        "oppShotsAgainstPerGame": 26.0,
        "oppShotsAgainstPerGameLast5": 27.0,
        "savesProj": 36.7,
        "savesProjLast5": 37.0,
        "savesProjLast3": 30.3,
        "oppSavesAgainstProj": 30.6,
        "oppSavesAgainstProjLast5": 31.1,
        "oppSavesAgainstProjLast3": 23.9,
        "totalOver": 55,
        "totalOverLast5": 20,
        "totalOverLast15": 53,
        "lastTotalOver": 0,
        "last5": "1,1,0,0,2,5,1,2,4,4",
        "overOdds": "-150",
        "underOdds": "+120",
        "overUnder": "-150 / +120"
    },
    {
        "player": "Rasmus Dahlin",
        "team": "BUF",
        "opponent": "NJ",
        "propType": "bs",
        "line": 1.5,
        "ppLine": "PP1",
        "avg": 1.71,
        "hit": false,
        "diffAvg": 0.14,
        "diffAbs": 1.0,
        "lastAvg": 0.0,
        "diff": 0,
        "avgMin": 25,
        "proj": 0.0,
        "lastAvgMin": 24.0,
        "oppOver": 0,
        "teamOver": 0,
        "gameLine": "+165",
        "+/-": "+12",
        "L5_+/-": "+2.0",
        "prevMatchup": "2023-03-24 1.0 bs 2022-11-25 1.0 bs",
        "winLossSplits": "54% - 47%",
        "awayHome": "A",
        "playedYesterday": "Y",
        "awayHomeSplits": "59% - 42%",
        "savesAboveExp": 0.109,
        "gsaa": 6.96,
        "corsi": "50.8% (57.1) // 47.7% (52.7) // 46.7% (51.7) // 47.4% (48.9)",
        "fenwick": "49.6% (43.4) // 48.9% (43.2) // 48.2% (43.7) // 50.7% (43.3)",
        "shots": "49.4% (32.0) // 50.2% (32.4) // 50.3% (33.7) // 52.8% (33.2)",
        "scoring": "49.6% (30.4) // 46.6% (28.3) // 48.0% (30.8) // 44.9% (26.5)",
        "corsiAgainst": "49.2% (55.4) // 52.3% (57.8) // 53.3% (59.0) // 52.6% (54.3)",
        "fenwickAgainst": "50.4% (44.2) // 51.1% (45.1) // 51.8% (47.0) // 49.3% (42.0)",
        "shotsAgainst": "50.6% (32.7) // 49.8% (32.1) // 49.7% (33.3) // 47.2% (29.7)",
        "scoringAgainst": "50.4% (30.8) // 53.4% (32.5) // 52.0% (33.3) // 55.1% (32.5)",
        "oppCorsi": "53.8% (63.5) // 56.8% (66.7) // 57.6% (64.6) // 51.1% (58.0)",
        "oppFenwick": "54.0% (46.9) // 56.2% (49.0) // 58.4% (48.2) // 54.3% (47.0)",
        "oppShots": "55.1% (34.0) // 56.7% (34.8) // 58.5% (35.0) // 53.7% (33.0)",
        "oppScoring": "56.4% (34.9) // 62.2% (39.0) // 62.3% (37.4) // 52.8% (33.0)",
        "oppCorsiAgainst": "46.2% (54.6) // 43.2% (50.9) // 42.4% (47.6) // 48.9% (55.5)",
        "oppFenwickAgainst": "46.0% (39.9) // 43.8% (38.2) // 41.6% (34.4) // 45.7% (39.5)",
        "oppShotsAgainst": "44.9% (27.7) // 43.3% (26.6) // 41.5% (24.8) // 46.3% (28.5)",
        "oppScoringAgainst": "43.6% (26.9) // 37.8% (23.7) // 37.7% (22.6) // 47.2% (29.5)",
        "savesPerGame": 29.5,
        "savesPerGameLast1": 26.0,
        "savesPerGameLast3": 27.7,
        "savesPerGameLast5": 31.2,
        "savesPer60": 29.6,
        "savesPer60Last1": 28.2,
        "savesPer60Last3": 29.2,
        "savesPer60Last5": 32.1,
        "shotsPerGame": 32.4,
        "shotsPerGameLast5": 34.8,
        "shotsAgainstPerGame": 33.1,
        "shotsAgainstPerGameLast5": 34.4,
        "oppSavesAgainstPer60": 31.1,
        "oppSavesAgainstPer60Last1": 29.0,
        "oppSavesAgainstPer60Last3": 29.4,
        "oppSavesAgainstPer60Last5": 30.5,
        "oppShotsAgainstPerGame": 28.1,
        "oppShotsAgainstPerGameLast5": 24.8,
        "savesProj": 36.0,
        "savesProjLast5": 38.8,
        "savesProjLast3": 34.0,
        "oppSavesAgainstProj": 32.5,
        "oppSavesAgainstProjLast5": 33.0,
        "oppSavesAgainstProjLast3": 28.5,
        "totalOver": 51,
        "totalOverLast5": 40,
        "totalOverLast15": 47,
        "lastTotalOver": 0,
        "last5": "1,4,0,4,1,1,2,2,1,2",
        "overOdds": "-155",
        "underOdds": "+125",
        "overUnder": "-155 / +125"
    },
    {
        "player": "Ryan Graves",
        "team": "NJ",
        "opponent": "BUF",
        "propType": "bs",
        "line": 1.5,
        "ppLine": "",
        "avg": 1.92,
        "hit": false,
        "diffAvg": 0.28,
        "diffAbs": 1.0,
        "lastAvg": 0.0,
        "diff": 0,
        "avgMin": 19,
        "proj": 0.0,
        "lastAvgMin": 20.72,
        "oppOver": 0,
        "teamOver": 0,
        "gameLine": "-195",
        "+/-": "+32",
        "L5_+/-": "+5.0",
        "prevMatchup": "2023-03-24 1.0 bs 2022-11-25 1.0 bs",
        "winLossSplits": "53% - 50%",
        "awayHome": "H",
        "playedYesterday": "N",
        "awayHomeSplits": "51% - 53%",
        "savesAboveExp": -0.339,
        "gsaa": -11.14,
        "corsi": "53.8% (63.5) // 56.8% (66.7) // 57.6% (64.6) // 51.1% (58.0)",
        "fenwick": "54.0% (46.9) // 56.2% (49.0) // 58.4% (48.2) // 54.3% (47.0)",
        "shots": "55.1% (34.0) // 56.7% (34.8) // 58.5% (35.0) // 53.7% (33.0)",
        "scoring": "56.4% (34.9) // 62.2% (39.0) // 62.3% (37.4) // 52.8% (33.0)",
        "corsiAgainst": "46.2% (54.6) // 43.2% (50.9) // 42.4% (47.6) // 48.9% (55.5)",
        "fenwickAgainst": "46.0% (39.9) // 43.8% (38.2) // 41.6% (34.4) // 45.7% (39.5)",
        "shotsAgainst": "44.9% (27.7) // 43.3% (26.6) // 41.5% (24.8) // 46.3% (28.5)",
        "scoringAgainst": "43.6% (26.9) // 37.8% (23.7) // 37.7% (22.6) // 47.2% (29.5)",
        "oppCorsi": "50.8% (57.1) // 47.7% (52.7) // 46.7% (51.7) // 47.4% (48.9)",
        "oppFenwick": "49.6% (43.4) // 48.9% (43.2) // 48.2% (43.7) // 50.7% (43.3)",
        "oppShots": "49.4% (32.0) // 50.2% (32.4) // 50.3% (33.7) // 52.8% (33.2)",
        "oppScoring": "49.6% (30.4) // 46.6% (28.3) // 48.0% (30.8) // 44.9% (26.5)",
        "oppCorsiAgainst": "49.2% (55.4) // 52.3% (57.8) // 53.3% (59.0) // 52.6% (54.3)",
        "oppFenwickAgainst": "50.4% (44.2) // 51.1% (45.1) // 51.8% (47.0) // 49.3% (42.0)",
        "oppShotsAgainst": "50.6% (32.7) // 49.8% (32.1) // 49.7% (33.3) // 47.2% (29.7)",
        "oppScoringAgainst": "50.4% (30.8) // 53.4% (32.5) // 52.0% (33.3) // 55.1% (32.5)",
        "savesPerGame": 25.4,
        "savesPerGameLast1": 38.0,
        "savesPerGameLast3": 25.3,
        "savesPerGameLast5": 22.2,
        "savesPer60": 25.5,
        "savesPer60Last1": 36.8,
        "savesPer60Last3": 25.1,
        "savesPer60Last5": 22.0,
        "shotsPerGame": 34.5,
        "shotsPerGameLast5": 35.0,
        "shotsAgainstPerGame": 28.1,
        "shotsAgainstPerGameLast5": 24.8,
        "oppSavesAgainstPer60": 28.8,
        "oppSavesAgainstPer60Last1": 37.0,
        "oppSavesAgainstPer60Last3": 30.8,
        "oppSavesAgainstPer60Last5": 30.8,
        "oppShotsAgainstPerGame": 33.1,
        "oppShotsAgainstPerGameLast5": 34.4,
        "savesProj": 24.8,
        "savesProjLast5": 23.0,
        "savesProjLast3": 26.3,
        "oppSavesAgainstProj": 25.9,
        "oppSavesAgainstProjLast5": 24.3,
        "oppSavesAgainstProjLast3": 26.8,
        "totalOver": 52,
        "totalOverLast5": 60,
        "totalOverLast15": 47,
        "lastTotalOver": 0,
        "last5": "0,4,2,3,1,1,1,4,1,2",
        "overOdds": "-150",
        "underOdds": "+120",
        "overUnder": "-150 / +120"
    },
    {
        "player": "Mattias Samuelsson",
        "team": "BUF",
        "opponent": "NJ",
        "propType": "bs",
        "line": 1.5,
        "ppLine": "",
        "avg": 1.69,
        "hit": false,
        "diffAvg": 0.13,
        "diffAbs": 1.0,
        "lastAvg": 0.0,
        "diff": 0,
        "avgMin": 22,
        "proj": 0.0,
        "lastAvgMin": 19.98,
        "oppOver": 0,
        "teamOver": 0,
        "gameLine": "+165",
        "+/-": "+14",
        "L5_+/-": "+3.0",
        "prevMatchup": "2022-11-25 5.0 bs",
        "winLossSplits": "48% - 33%",
        "awayHome": "A",
        "playedYesterday": "Y",
        "awayHomeSplits": "48% - 37%",
        "savesAboveExp": 0.109,
        "gsaa": 6.96,
        "corsi": "50.8% (57.1) // 47.7% (52.7) // 46.7% (51.7) // 47.4% (48.9)",
        "fenwick": "49.6% (43.4) // 48.9% (43.2) // 48.2% (43.7) // 50.7% (43.3)",
        "shots": "49.4% (32.0) // 50.2% (32.4) // 50.3% (33.7) // 52.8% (33.2)",
        "scoring": "49.6% (30.4) // 46.6% (28.3) // 48.0% (30.8) // 44.9% (26.5)",
        "corsiAgainst": "49.2% (55.4) // 52.3% (57.8) // 53.3% (59.0) // 52.6% (54.3)",
        "fenwickAgainst": "50.4% (44.2) // 51.1% (45.1) // 51.8% (47.0) // 49.3% (42.0)",
        "shotsAgainst": "50.6% (32.7) // 49.8% (32.1) // 49.7% (33.3) // 47.2% (29.7)",
        "scoringAgainst": "50.4% (30.8) // 53.4% (32.5) // 52.0% (33.3) // 55.1% (32.5)",
        "oppCorsi": "53.8% (63.5) // 56.8% (66.7) // 57.6% (64.6) // 51.1% (58.0)",
        "oppFenwick": "54.0% (46.9) // 56.2% (49.0) // 58.4% (48.2) // 54.3% (47.0)",
        "oppShots": "55.1% (34.0) // 56.7% (34.8) // 58.5% (35.0) // 53.7% (33.0)",
        "oppScoring": "56.4% (34.9) // 62.2% (39.0) // 62.3% (37.4) // 52.8% (33.0)",
        "oppCorsiAgainst": "46.2% (54.6) // 43.2% (50.9) // 42.4% (47.6) // 48.9% (55.5)",
        "oppFenwickAgainst": "46.0% (39.9) // 43.8% (38.2) // 41.6% (34.4) // 45.7% (39.5)",
        "oppShotsAgainst": "44.9% (27.7) // 43.3% (26.6) // 41.5% (24.8) // 46.3% (28.5)",
        "oppScoringAgainst": "43.6% (26.9) // 37.8% (23.7) // 37.7% (22.6) // 47.2% (29.5)",
        "savesPerGame": 29.5,
        "savesPerGameLast1": 26.0,
        "savesPerGameLast3": 27.7,
        "savesPerGameLast5": 31.2,
        "savesPer60": 29.6,
        "savesPer60Last1": 28.2,
        "savesPer60Last3": 29.2,
        "savesPer60Last5": 32.1,
        "shotsPerGame": 32.4,
        "shotsPerGameLast5": 34.8,
        "shotsAgainstPerGame": 33.1,
        "shotsAgainstPerGameLast5": 34.4,
        "oppSavesAgainstPer60": 31.1,
        "oppSavesAgainstPer60Last1": 29.0,
        "oppSavesAgainstPer60Last3": 29.4,
        "oppSavesAgainstPer60Last5": 30.5,
        "oppShotsAgainstPerGame": 28.1,
        "oppShotsAgainstPerGameLast5": 24.8,
        "savesProj": 36.0,
        "savesProjLast5": 38.8,
        "savesProjLast3": 34.0,
        "oppSavesAgainstProj": 32.5,
        "oppSavesAgainstProjLast5": 33.0,
        "oppSavesAgainstProjLast3": 28.5,
        "totalOver": 43,
        "totalOverLast5": 40,
        "totalOverLast15": 53,
        "lastTotalOver": 0,
        "last5": "1,4,3,0,1,2,5,3,4,0",
        "overOdds": "-135",
        "underOdds": "+105",
        "overUnder": "-135 / +105"
    },
    {
        "player": "Jonas Siegenthaler",
        "team": "NJ",
        "opponent": "BUF",
        "propType": "bs",
        "line": 1.5,
        "ppLine": "",
        "avg": 1.88,
        "hit": false,
        "diffAvg": 0.25,
        "diffAbs": 1.0,
        "lastAvg": 0.0,
        "diff": 0,
        "avgMin": 20,
        "proj": 0.0,
        "lastAvgMin": 20.57,
        "oppOver": 0,
        "teamOver": 0,
        "gameLine": "-195",
        "+/-": "+26",
        "L5_+/-": -1.0,
        "prevMatchup": "2023-03-24 0.0 bs 2022-11-25 1.0 bs",
        "winLossSplits": "60% - 53%",
        "awayHome": "H",
        "playedYesterday": "N",
        "awayHomeSplits": "59% - 56%",
        "savesAboveExp": -0.339,
        "gsaa": -11.14,
        "corsi": "53.8% (63.5) // 56.8% (66.7) // 57.6% (64.6) // 51.1% (58.0)",
        "fenwick": "54.0% (46.9) // 56.2% (49.0) // 58.4% (48.2) // 54.3% (47.0)",
        "shots": "55.1% (34.0) // 56.7% (34.8) // 58.5% (35.0) // 53.7% (33.0)",
        "scoring": "56.4% (34.9) // 62.2% (39.0) // 62.3% (37.4) // 52.8% (33.0)",
        "corsiAgainst": "46.2% (54.6) // 43.2% (50.9) // 42.4% (47.6) // 48.9% (55.5)",
        "fenwickAgainst": "46.0% (39.9) // 43.8% (38.2) // 41.6% (34.4) // 45.7% (39.5)",
        "shotsAgainst": "44.9% (27.7) // 43.3% (26.6) // 41.5% (24.8) // 46.3% (28.5)",
        "scoringAgainst": "43.6% (26.9) // 37.8% (23.7) // 37.7% (22.6) // 47.2% (29.5)",
        "oppCorsi": "50.8% (57.1) // 47.7% (52.7) // 46.7% (51.7) // 47.4% (48.9)",
        "oppFenwick": "49.6% (43.4) // 48.9% (43.2) // 48.2% (43.7) // 50.7% (43.3)",
        "oppShots": "49.4% (32.0) // 50.2% (32.4) // 50.3% (33.7) // 52.8% (33.2)",
        "oppScoring": "49.6% (30.4) // 46.6% (28.3) // 48.0% (30.8) // 44.9% (26.5)",
        "oppCorsiAgainst": "49.2% (55.4) // 52.3% (57.8) // 53.3% (59.0) // 52.6% (54.3)",
        "oppFenwickAgainst": "50.4% (44.2) // 51.1% (45.1) // 51.8% (47.0) // 49.3% (42.0)",
        "oppShotsAgainst": "50.6% (32.7) // 49.8% (32.1) // 49.7% (33.3) // 47.2% (29.7)",
        "oppScoringAgainst": "50.4% (30.8) // 53.4% (32.5) // 52.0% (33.3) // 55.1% (32.5)",
        "savesPerGame": 25.4,
        "savesPerGameLast1": 38.0,
        "savesPerGameLast3": 25.3,
        "savesPerGameLast5": 22.2,
        "savesPer60": 25.5,
        "savesPer60Last1": 36.8,
        "savesPer60Last3": 25.1,
        "savesPer60Last5": 22.0,
        "shotsPerGame": 34.5,
        "shotsPerGameLast5": 35.0,
        "shotsAgainstPerGame": 28.1,
        "shotsAgainstPerGameLast5": 24.8,
        "oppSavesAgainstPer60": 28.8,
        "oppSavesAgainstPer60Last1": 37.0,
        "oppSavesAgainstPer60Last3": 30.8,
        "oppSavesAgainstPer60Last5": 30.8,
        "oppShotsAgainstPerGame": 33.1,
        "oppShotsAgainstPerGameLast5": 34.4,
        "savesProj": 24.8,
        "savesProjLast5": 23.0,
        "savesProjLast3": 26.3,
        "oppSavesAgainstProj": 25.9,
        "oppSavesAgainstProjLast5": 24.3,
        "oppSavesAgainstProjLast3": 26.8,
        "totalOver": 58,
        "totalOverLast5": 40,
        "totalOverLast15": 53,
        "lastTotalOver": 0,
        "last5": "1,3,1,2,1,1,3,0,3,5",
        "overOdds": "-140",
        "underOdds": "+110",
        "overUnder": "-140 / +110"
    },
    {
        "player": "Victor Hedman",
        "team": "TB",
        "opponent": "TOR",
        "propType": "bs",
        "line": 1.5,
        "ppLine": "PP2",
        "avg": 1.8,
        "hit": false,
        "diffAvg": 0.2,
        "diffAbs": 1.0,
        "lastAvg": 0.0,
        "diff": 0,
        "avgMin": 23,
        "proj": 0.0,
        "lastAvgMin": 25.07,
        "oppOver": 0,
        "teamOver": 0,
        "gameLine": "-140",
        "+/-": "+10",
        "L5_+/-": -4.0,
        "prevMatchup": "2022-12-20 2.0 bs 2022-12-03 1.0 bs",
        "winLossSplits": "53% - 59%",
        "awayHome": "H",
        "playedYesterday": "N",
        "awayHomeSplits": "58% - 54%",
        "savesAboveExp": 0.388,
        "gsaa": 17.34,
        "corsi": "51.1% (59.1) // 48.0% (55.2) // 43.6% (52.2) // 42.7% (52.0)",
        "fenwick": "51.1% (44.5) // 46.2% (40.1) // 43.2% (39.8) // 41.9% (38.7)",
        "shots": "50.1% (31.5) // 45.2% (28.6) // 42.9% (29.5) // 42.0% (28.7)",
        "scoring": "52.8% (33.8) // 47.8% (30.2) // 45.5% (30.5) // 43.6% (30.7)",
        "corsiAgainst": "48.9% (56.5) // 52.0% (59.8) // 56.4% (67.5) // 57.3% (69.7)",
        "fenwickAgainst": "48.9% (42.5) // 53.8% (46.7) // 56.8% (52.2) // 58.1% (53.7)",
        "shotsAgainst": "49.9% (31.3) // 54.8% (34.7) // 57.1% (39.2) // 58.0% (39.7)",
        "scoringAgainst": "47.2% (30.2) // 52.2% (33.0) // 54.5% (36.5) // 56.4% (39.7)",
        "oppCorsi": "51.0% (57.9) // 53.7% (63.7) // 51.7% (61.9) // 50.0% (58.0)",
        "oppFenwick": "52.0% (44.2) // 55.2% (49.9) // 54.1% (49.0) // 52.9% (47.1)",
        "oppShots": "52.4% (32.0) // 54.9% (35.8) // 54.6% (35.6) // 50.7% (33.0)",
        "oppScoring": "54.2% (33.6) // 58.8% (37.0) // 57.0% (35.3) // 55.2% (30.5)",
        "oppCorsiAgainst": "49.0% (55.5) // 46.3% (54.8) // 48.3% (57.9) // 50.0% (58.0)",
        "oppFenwickAgainst": "48.0% (40.9) // 44.8% (40.5) // 45.9% (41.5) // 47.1% (42.0)",
        "oppShotsAgainst": "47.6% (29.1) // 45.1% (29.4) // 45.4% (29.6) // 49.3% (32.1)",
        "oppScoringAgainst": "45.8% (28.4) // 41.2% (25.9) // 43.0% (26.6) // 44.8% (24.7)",
        "savesPerGame": 28.5,
        "savesPerGameLast1": 33.0,
        "savesPerGameLast3": 33.3,
        "savesPerGameLast5": 33.6,
        "savesPer60": 28.5,
        "savesPer60Last1": 32.4,
        "savesPer60Last3": 33.1,
        "savesPer60Last5": 33.5,
        "shotsPerGame": 31.8,
        "shotsPerGameLast5": 30.4,
        "shotsAgainstPerGame": 31.6,
        "shotsAgainstPerGameLast5": 37.6,
        "oppSavesAgainstPer60": 28.7,
        "oppSavesAgainstPer60Last1": 23.0,
        "oppSavesAgainstPer60Last3": 31.4,
        "oppSavesAgainstPer60Last5": 37.0,
        "oppShotsAgainstPerGame": 29.4,
        "oppShotsAgainstPerGameLast5": 30.0,
        "savesProj": 30.8,
        "savesProjLast5": 45.7,
        "savesProjLast3": 38.4,
        "oppSavesAgainstProj": 28.8,
        "oppSavesAgainstProjLast5": 43.7,
        "oppSavesAgainstProjLast3": 36.3,
        "totalOver": 56,
        "totalOverLast5": 80,
        "totalOverLast15": 60,
        "lastTotalOver": 0,
        "last5": "2,3,1,3,2,0,3,0,0,5",
        "overOdds": "-145",
        "underOdds": "+115",
        "overUnder": "-145 / +115"
    },
    {
        "player": "Mikhail Sergachev",
        "team": "TB",
        "opponent": "TOR",
        "propType": "bs",
        "line": 1.5,
        "ppLine": "PP1",
        "avg": 1.92,
        "hit": false,
        "diffAvg": 0.28,
        "diffAbs": 1.0,
        "lastAvg": 0.0,
        "diff": 0,
        "avgMin": 23,
        "proj": 0.0,
        "lastAvgMin": 22.47,
        "oppOver": 0,
        "teamOver": 0,
        "gameLine": "-140",
        "+/-": "+9",
        "L5_+/-": -2.0,
        "prevMatchup": "2022-12-20 0.0 bs 2022-12-03 1.0 bs",
        "winLossSplits": "49% - 68%",
        "awayHome": "H",
        "playedYesterday": "N",
        "awayHomeSplits": "64% - 50%",
        "savesAboveExp": 0.388,
        "gsaa": 17.34,
        "corsi": "51.1% (59.1) // 48.0% (55.2) // 43.6% (52.2) // 42.7% (52.0)",
        "fenwick": "51.1% (44.5) // 46.2% (40.1) // 43.2% (39.8) // 41.9% (38.7)",
        "shots": "50.1% (31.5) // 45.2% (28.6) // 42.9% (29.5) // 42.0% (28.7)",
        "scoring": "52.8% (33.8) // 47.8% (30.2) // 45.5% (30.5) // 43.6% (30.7)",
        "corsiAgainst": "48.9% (56.5) // 52.0% (59.8) // 56.4% (67.5) // 57.3% (69.7)",
        "fenwickAgainst": "48.9% (42.5) // 53.8% (46.7) // 56.8% (52.2) // 58.1% (53.7)",
        "shotsAgainst": "49.9% (31.3) // 54.8% (34.7) // 57.1% (39.2) // 58.0% (39.7)",
        "scoringAgainst": "47.2% (30.2) // 52.2% (33.0) // 54.5% (36.5) // 56.4% (39.7)",
        "oppCorsi": "51.0% (57.9) // 53.7% (63.7) // 51.7% (61.9) // 50.0% (58.0)",
        "oppFenwick": "52.0% (44.2) // 55.2% (49.9) // 54.1% (49.0) // 52.9% (47.1)",
        "oppShots": "52.4% (32.0) // 54.9% (35.8) // 54.6% (35.6) // 50.7% (33.0)",
        "oppScoring": "54.2% (33.6) // 58.8% (37.0) // 57.0% (35.3) // 55.2% (30.5)",
        "oppCorsiAgainst": "49.0% (55.5) // 46.3% (54.8) // 48.3% (57.9) // 50.0% (58.0)",
        "oppFenwickAgainst": "48.0% (40.9) // 44.8% (40.5) // 45.9% (41.5) // 47.1% (42.0)",
        "oppShotsAgainst": "47.6% (29.1) // 45.1% (29.4) // 45.4% (29.6) // 49.3% (32.1)",
        "oppScoringAgainst": "45.8% (28.4) // 41.2% (25.9) // 43.0% (26.6) // 44.8% (24.7)",
        "savesPerGame": 28.5,
        "savesPerGameLast1": 33.0,
        "savesPerGameLast3": 33.3,
        "savesPerGameLast5": 33.6,
        "savesPer60": 28.5,
        "savesPer60Last1": 32.4,
        "savesPer60Last3": 33.1,
        "savesPer60Last5": 33.5,
        "shotsPerGame": 31.8,
        "shotsPerGameLast5": 30.4,
        "shotsAgainstPerGame": 31.6,
        "shotsAgainstPerGameLast5": 37.6,
        "oppSavesAgainstPer60": 28.7,
        "oppSavesAgainstPer60Last1": 23.0,
        "oppSavesAgainstPer60Last3": 31.4,
        "oppSavesAgainstPer60Last5": 37.0,
        "oppShotsAgainstPerGame": 29.4,
        "oppShotsAgainstPerGameLast5": 30.0,
        "savesProj": 30.8,
        "savesProjLast5": 45.7,
        "savesProjLast3": 38.4,
        "oppSavesAgainstProj": 28.8,
        "oppSavesAgainstProjLast5": 43.7,
        "oppSavesAgainstProjLast3": 36.3,
        "totalOver": 57,
        "totalOverLast5": 40,
        "totalOverLast15": 33,
        "lastTotalOver": 0,
        "last5": "1,3,1,2,1,3,0,1,2,0",
        "overOdds": "-105",
        "underOdds": "-125",
        "overUnder": "-105 / -125"
    },
    {
        "player": "Tj Brodie",
        "team": "TOR",
        "opponent": "TB",
        "propType": "bs",
        "line": 2.5,
        "ppLine": "",
        "avg": 1.95,
        "hit": false,
        "diffAvg": -0.22,
        "diffAbs": 1.0,
        "lastAvg": 0.0,
        "diff": 0,
        "avgMin": 21,
        "proj": 0.0,
        "lastAvgMin": 21.3,
        "oppOver": 0,
        "teamOver": 0,
        "gameLine": "+120",
        "+/-": "+11",
        "L5_+/-": "+1.0",
        "prevMatchup": "2022-12-20 3.0 bs",
        "winLossSplits": "41% - 17%",
        "awayHome": "A",
        "playedYesterday": "Y",
        "awayHomeSplits": "22% - 38%",
        "savesAboveExp": 0.522,
        "gsaa": 22.18,
        "corsi": "51.0% (57.9) // 53.7% (63.7) // 51.7% (61.9) // 50.0% (58.0)",
        "fenwick": "52.0% (44.2) // 55.2% (49.9) // 54.1% (49.0) // 52.9% (47.1)",
        "shots": "52.4% (32.0) // 54.9% (35.8) // 54.6% (35.6) // 50.7% (33.0)",
        "scoring": "54.2% (33.6) // 58.8% (37.0) // 57.0% (35.3) // 55.2% (30.5)",
        "corsiAgainst": "49.0% (55.5) // 46.3% (54.8) // 48.3% (57.9) // 50.0% (58.0)",
        "fenwickAgainst": "48.0% (40.9) // 44.8% (40.5) // 45.9% (41.5) // 47.1% (42.0)",
        "shotsAgainst": "47.6% (29.1) // 45.1% (29.4) // 45.4% (29.6) // 49.3% (32.1)",
        "scoringAgainst": "45.8% (28.4) // 41.2% (25.9) // 43.0% (26.6) // 44.8% (24.7)",
        "oppCorsi": "51.1% (59.1) // 48.0% (55.2) // 43.6% (52.2) // 42.7% (52.0)",
        "oppFenwick": "51.1% (44.5) // 46.2% (40.1) // 43.2% (39.8) // 41.9% (38.7)",
        "oppShots": "50.1% (31.5) // 45.2% (28.6) // 42.9% (29.5) // 42.0% (28.7)",
        "oppScoring": "52.8% (33.8) // 47.8% (30.2) // 45.5% (30.5) // 43.6% (30.7)",
        "oppCorsiAgainst": "48.9% (56.5) // 52.0% (59.8) // 56.4% (67.5) // 57.3% (69.7)",
        "oppFenwickAgainst": "48.9% (42.5) // 53.8% (46.7) // 56.8% (52.2) // 58.1% (53.7)",
        "oppShotsAgainst": "49.9% (31.3) // 54.8% (34.7) // 57.1% (39.2) // 58.0% (39.7)",
        "oppScoringAgainst": "47.2% (30.2) // 52.2% (33.0) // 54.5% (36.5) // 56.4% (39.7)",
        "savesPerGame": 26.7,
        "savesPerGameLast1": 45.0,
        "savesPerGameLast3": 32.0,
        "savesPerGameLast5": 27.8,
        "savesPer60": 26.7,
        "savesPer60Last1": 48.5,
        "savesPer60Last3": 33.0,
        "savesPer60Last5": 28.2,
        "shotsPerGame": 32.3,
        "shotsPerGameLast5": 39.6,
        "shotsAgainstPerGame": 29.4,
        "shotsAgainstPerGameLast5": 30.0,
        "oppSavesAgainstPer60": 28.4,
        "oppSavesAgainstPer60Last1": 19.9,
        "oppSavesAgainstPer60Last3": 26.4,
        "oppSavesAgainstPer60Last5": 26.9,
        "oppShotsAgainstPerGame": 31.6,
        "oppShotsAgainstPerGameLast5": 37.6,
        "savesProj": 26.6,
        "savesProjLast5": 26.5,
        "savesProjLast3": 30.1,
        "oppSavesAgainstProj": 26.9,
        "oppSavesAgainstProjLast5": 26.3,
        "oppSavesAgainstProjLast3": 28.4,
        "totalOver": 30,
        "totalOverLast5": 40,
        "totalOverLast15": 40,
        "lastTotalOver": 0,
        "last5": "7,4,2,1,2,1,0,2,1,3",
        "overOdds": "+120",
        "underOdds": "-150",
        "overUnder": "+120 / -150"
    },
    {
        "player": "Mark Giordano",
        "team": "TOR",
        "opponent": "TB",
        "propType": "bs",
        "line": 1.5,
        "ppLine": "PP2",
        "avg": 1.88,
        "hit": false,
        "diffAvg": 0.25,
        "diffAbs": 1.0,
        "lastAvg": 0.0,
        "diff": 0,
        "avgMin": 18,
        "proj": 0.0,
        "lastAvgMin": 20.87,
        "oppOver": 0,
        "teamOver": 0,
        "gameLine": "+120",
        "+/-": "+26",
        "L5_+/-": "+3.0",
        "prevMatchup": "2022-12-20 1.0 bs 2022-12-03 3.0 bs",
        "winLossSplits": "62% - 39%",
        "awayHome": "A",
        "playedYesterday": "Y",
        "awayHomeSplits": "58% - 48%",
        "savesAboveExp": 0.522,
        "gsaa": 22.18,
        "corsi": "51.0% (57.9) // 53.7% (63.7) // 51.7% (61.9) // 50.0% (58.0)",
        "fenwick": "52.0% (44.2) // 55.2% (49.9) // 54.1% (49.0) // 52.9% (47.1)",
        "shots": "52.4% (32.0) // 54.9% (35.8) // 54.6% (35.6) // 50.7% (33.0)",
        "scoring": "54.2% (33.6) // 58.8% (37.0) // 57.0% (35.3) // 55.2% (30.5)",
        "corsiAgainst": "49.0% (55.5) // 46.3% (54.8) // 48.3% (57.9) // 50.0% (58.0)",
        "fenwickAgainst": "48.0% (40.9) // 44.8% (40.5) // 45.9% (41.5) // 47.1% (42.0)",
        "shotsAgainst": "47.6% (29.1) // 45.1% (29.4) // 45.4% (29.6) // 49.3% (32.1)",
        "scoringAgainst": "45.8% (28.4) // 41.2% (25.9) // 43.0% (26.6) // 44.8% (24.7)",
        "oppCorsi": "51.1% (59.1) // 48.0% (55.2) // 43.6% (52.2) // 42.7% (52.0)",
        "oppFenwick": "51.1% (44.5) // 46.2% (40.1) // 43.2% (39.8) // 41.9% (38.7)",
        "oppShots": "50.1% (31.5) // 45.2% (28.6) // 42.9% (29.5) // 42.0% (28.7)",
        "oppScoring": "52.8% (33.8) // 47.8% (30.2) // 45.5% (30.5) // 43.6% (30.7)",
        "oppCorsiAgainst": "48.9% (56.5) // 52.0% (59.8) // 56.4% (67.5) // 57.3% (69.7)",
        "oppFenwickAgainst": "48.9% (42.5) // 53.8% (46.7) // 56.8% (52.2) // 58.1% (53.7)",
        "oppShotsAgainst": "49.9% (31.3) // 54.8% (34.7) // 57.1% (39.2) // 58.0% (39.7)",
        "oppScoringAgainst": "47.2% (30.2) // 52.2% (33.0) // 54.5% (36.5) // 56.4% (39.7)",
        "savesPerGame": 26.7,
        "savesPerGameLast1": 45.0,
        "savesPerGameLast3": 32.0,
        "savesPerGameLast5": 27.8,
        "savesPer60": 26.7,
        "savesPer60Last1": 48.5,
        "savesPer60Last3": 33.0,
        "savesPer60Last5": 28.2,
        "shotsPerGame": 32.3,
        "shotsPerGameLast5": 39.6,
        "shotsAgainstPerGame": 29.4,
        "shotsAgainstPerGameLast5": 30.0,
        "oppSavesAgainstPer60": 28.4,
        "oppSavesAgainstPer60Last1": 19.9,
        "oppSavesAgainstPer60Last3": 26.4,
        "oppSavesAgainstPer60Last5": 26.9,
        "oppShotsAgainstPerGame": 31.6,
        "oppShotsAgainstPerGameLast5": 37.6,
        "savesProj": 26.6,
        "savesProjLast5": 26.5,
        "savesProjLast3": 30.1,
        "oppSavesAgainstProj": 26.9,
        "oppSavesAgainstProjLast5": 26.3,
        "oppSavesAgainstProjLast3": 28.4,
        "totalOver": 53,
        "totalOverLast5": 80,
        "totalOverLast15": 40,
        "lastTotalOver": 0,
        "last5": "2,3,0,3,6,1,1,1,1,3",
        "overOdds": "-145",
        "underOdds": "+115",
        "overUnder": "-145 / +115"
    },
    {
        "player": "Andrew Peeke",
        "team": "CBJ",
        "opponent": "PHI",
        "propType": "bs",
        "line": 2.5,
        "ppLine": "",
        "avg": 2.49,
        "hit": false,
        "diffAvg": -0.0,
        "diffAbs": 1.0,
        "lastAvg": 0.0,
        "diff": 0,
        "avgMin": 21,
        "proj": 0.0,
        "lastAvgMin": 21.47,
        "oppOver": 0,
        "teamOver": 0,
        "gameLine": "+160",
        "+/-": -40,
        "L5_+/-": -15.0,
        "prevMatchup": "2022-12-20 1.0 bs 2022-11-15 4.0 bs 2022-11-10 1.0 bs",
        "winLossSplits": "52% - 31%",
        "awayHome": "A",
        "playedYesterday": "N",
        "awayHomeSplits": "36% - 39%",
        "savesAboveExp": 0.493,
        "gsaa": 4.41,
        "corsi": "45.5% (54.9) // 41.6% (49.0) // 38.6% (45.6) // 39.8% (43.0)",
        "fenwick": "45.2% (40.7) // 39.5% (34.9) // 35.7% (31.6) // 36.1% (28.0)",
        "shots": "45.2% (28.9) // 40.8% (24.9) // 35.8% (21.2) // 36.6% (18.5)",
