[
    {
        "player": "Brady Skjei",
        "team": "CAR",
        "opponent": "NJ",
        "propType": "g",
        "line": 0.5,
        "ppLine": "",
        "avg": 0.21,
        "hit": false,
        "diffAvg": -0.58,
        "diffAbs": 0.8,
        "lastAvg": 0.09,
        "diff": -0.82,
        "avgMin": 21,
        "proj": 0.1,
        "lastAvgMin": 21.13,
        "oppOver": 0,
        "teamOver": 0,
        "gameLine": "-120",
        "+/-": "+4",
        "L5_+/-": -7.0,
        "prevMatchup": "2023-03-12 0.0 g 2023-01-10 0.0 g 2023-01-01 0.0 g 2022-12-20 0.0 g",
        "winLossSplits": "24% - 16%",
        "awayHome": "H",
        "playedYesterday": "N",
        "awayHomeSplits": "21% - 20%",
        "savesAboveExp": 0.922,
        "gsaa": 7.07,
        "corsi": "59.9% (67.4) // 61.2% (68.8) // 59.9% (67.4) // 59.9% (67.4)",
        "fenwick": "59.1% (50.8) // 60.1% (51.8) // 59.1% (50.8) // 59.1% (50.8)",
        "shots": "57.2% (34.3) // 58.4% (34.4) // 57.2% (34.3) // 57.2% (34.3)",
        "scoring": "58.9% (33.3) // 62.3% (33.3) // 58.9% (33.3) // 58.9% (33.3)",
        "corsiAgainst": "40.1% (45.2) // 38.8% (43.6) // 40.1% (45.2) // 40.1% (45.2)",
        "fenwickAgainst": "40.9% (35.1) // 39.9% (34.4) // 40.9% (35.1) // 40.9% (35.1)",
        "shotsAgainst": "42.8% (25.6) // 41.6% (24.5) // 42.8% (25.6) // 42.8% (25.6)",
        "scoringAgainst": "41.1% (23.3) // 37.7% (20.2) // 41.1% (23.3) // 41.1% (23.3)",
        "oppCorsi": "53.7% (63.4) // 55.1% (64.9) // 53.7% (63.4) // 53.7% (63.4)",
        "oppFenwick": "53.9% (46.9) // 55.2% (48.2) // 53.9% (46.9) // 53.9% (46.9)",
        "oppShots": "54.9% (33.9) // 54.4% (33.3) // 54.9% (33.9) // 54.9% (33.9)",
        "oppScoring": "56.3% (35.0) // 60.7% (39.4) // 56.3% (35.0) // 56.3% (35.0)",
        "oppCorsiAgainst": "46.3% (54.8) // 44.9% (52.8) // 46.3% (54.8) // 46.3% (54.8)",
        "oppFenwickAgainst": "46.1% (40.1) // 44.8% (39.2) // 46.1% (40.1) // 46.1% (40.1)",
        "oppShotsAgainst": "45.1% (27.8) // 45.6% (28.0) // 45.1% (27.8) // 45.1% (27.8)",
        "oppScoringAgainst": "43.7% (27.1) // 39.3% (25.5) // 43.7% (27.1) // 43.7% (27.1)",
        "savesPerGame": 23.4,
        "savesPerGameLast1": 33.0,
        "savesPerGameLast3": 26.3,
        "savesPerGameLast5": 26.8,
        "savesPer60": 25.3,
        "savesPer60Last1": 36.3,
        "savesPer60Last3": 26.8,
        "savesPer60Last5": 27.5,
        "shotsPerGame": 34.8,
        "shotsPerGameLast5": 34.6,
        "shotsAgainstPerGame": 26.0,
        "shotsAgainstPerGameLast5": 29.6,
        "oppSavesAgainstPer60": 33.7,
        "oppSavesAgainstPer60Last1": 20.0,
        "oppSavesAgainstPer60Last3": 30.8,
        "oppSavesAgainstPer60Last5": 27.5,
        "oppShotsAgainstPerGame": 28.2,
        "oppShotsAgainstPerGameLast5": 28.4,
        "savesProj": 27.8,
        "savesProjLast5": 27.5,
        "savesProjLast3": 29.9,
        "oppSavesAgainstProj": 27.2,
        "oppSavesAgainstProjLast5": 24.6,
        "oppSavesAgainstProjLast3": 27.1,
        "totalOver": 21,
        "totalOverLast5": 0,
        "totalOverLast15": 13,
        "lastTotalOver": 8,
        "last5": "0,0,0,0,0,0,0,0,0,0",
        "overOdds": "+400",
        "underOdds": "0",
        "overUnder": "+400 / 0"
    },
    {
        "player": "Brent Burns",
        "team": "CAR",
        "opponent": "NJ",
        "propType": "g",
        "line": 0.5,
        "ppLine": "PP1",
        "avg": 0.2,
        "hit": false,
        "diffAvg": -0.6,
        "diffAbs": 0.8,
        "lastAvg": 0.12,
        "diff": -0.76,
        "avgMin": 23,
        "proj": 0.1,
        "lastAvgMin": 26.13,
        "oppOver": 0,
        "teamOver": 0,
        "gameLine": "-120",
        "+/-": "+18",
        "L5_+/-": "+4.0",
        "prevMatchup": "2023-03-12 0.0 g 2023-01-10 0.0 g 2023-01-01 0.0 g 2022-12-20 0.0 g",
        "winLossSplits": "23% - 12%",
        "awayHome": "H",
        "playedYesterday": "N",
        "awayHomeSplits": "23% - 16%",
        "savesAboveExp": 0.922,
        "gsaa": 7.07,
        "corsi": "59.9% (67.4) // 61.2% (68.8) // 59.9% (67.4) // 59.9% (67.4)",
        "fenwick": "59.1% (50.8) // 60.1% (51.8) // 59.1% (50.8) // 59.1% (50.8)",
        "shots": "57.2% (34.3) // 58.4% (34.4) // 57.2% (34.3) // 57.2% (34.3)",
        "scoring": "58.9% (33.3) // 62.3% (33.3) // 58.9% (33.3) // 58.9% (33.3)",
        "corsiAgainst": "40.1% (45.2) // 38.8% (43.6) // 40.1% (45.2) // 40.1% (45.2)",
        "fenwickAgainst": "40.9% (35.1) // 39.9% (34.4) // 40.9% (35.1) // 40.9% (35.1)",
        "shotsAgainst": "42.8% (25.6) // 41.6% (24.5) // 42.8% (25.6) // 42.8% (25.6)",
        "scoringAgainst": "41.1% (23.3) // 37.7% (20.2) // 41.1% (23.3) // 41.1% (23.3)",
        "oppCorsi": "53.7% (63.4) // 55.1% (64.9) // 53.7% (63.4) // 53.7% (63.4)",
        "oppFenwick": "53.9% (46.9) // 55.2% (48.2) // 53.9% (46.9) // 53.9% (46.9)",
        "oppShots": "54.9% (33.9) // 54.4% (33.3) // 54.9% (33.9) // 54.9% (33.9)",
        "oppScoring": "56.3% (35.0) // 60.7% (39.4) // 56.3% (35.0) // 56.3% (35.0)",
        "oppCorsiAgainst": "46.3% (54.8) // 44.9% (52.8) // 46.3% (54.8) // 46.3% (54.8)",
        "oppFenwickAgainst": "46.1% (40.1) // 44.8% (39.2) // 46.1% (40.1) // 46.1% (40.1)",
        "oppShotsAgainst": "45.1% (27.8) // 45.6% (28.0) // 45.1% (27.8) // 45.1% (27.8)",
        "oppScoringAgainst": "43.7% (27.1) // 39.3% (25.5) // 43.7% (27.1) // 43.7% (27.1)",
        "savesPerGame": 23.4,
        "savesPerGameLast1": 33.0,
        "savesPerGameLast3": 26.3,
        "savesPerGameLast5": 26.8,
        "savesPer60": 25.3,
        "savesPer60Last1": 36.3,
        "savesPer60Last3": 26.8,
        "savesPer60Last5": 27.5,
        "shotsPerGame": 34.8,
        "shotsPerGameLast5": 34.6,
        "shotsAgainstPerGame": 26.0,
        "shotsAgainstPerGameLast5": 29.6,
        "oppSavesAgainstPer60": 33.7,
        "oppSavesAgainstPer60Last1": 20.0,
        "oppSavesAgainstPer60Last3": 30.8,
        "oppSavesAgainstPer60Last5": 27.5,
        "oppShotsAgainstPerGame": 28.2,
        "oppShotsAgainstPerGameLast5": 28.4,
        "savesProj": 27.8,
        "savesProjLast5": 27.5,
        "savesProjLast3": 29.9,
        "oppSavesAgainstProj": 27.2,
        "oppSavesAgainstProjLast5": 24.6,
        "oppSavesAgainstProjLast3": 27.1,
        "totalOver": 19,
        "totalOverLast5": 0,
        "totalOverLast15": 20,
        "lastTotalOver": 12,
        "last5": "0,0,0,0,0,0,2,1,1,0",
        "overOdds": "+380",
        "underOdds": "0",
        "overUnder": "+380 / 0"
    },
    {
        "player": "Brett Pesce",
        "team": "CAR",
        "opponent": "NJ",
        "propType": "g",
        "line": 0.5,
        "ppLine": "",
        "avg": 0.06,
        "hit": false,
        "diffAvg": -0.88,
        "diffAbs": 0.8,
        "lastAvg": 0.08,
        "diff": -0.84,
        "avgMin": 21,
        "proj": 0.1,
        "lastAvgMin": 21.7,
        "oppOver": 0,
        "teamOver": 0,
        "gameLine": "-120",
        "+/-": "+10",
        "L5_+/-": -3.0,
        "prevMatchup": "2023-03-12 0.0 g 2023-01-10 0.0 g 2023-01-01 0.0 g 2022-12-20 0.0 g",
        "winLossSplits": "5% - 3%",
        "awayHome": "H",
        "playedYesterday": "N",
        "awayHomeSplits": "7% - 2%",
        "savesAboveExp": 0.922,
        "gsaa": 7.07,
        "corsi": "59.9% (67.4) // 61.2% (68.8) // 59.9% (67.4) // 59.9% (67.4)",
        "fenwick": "59.1% (50.8) // 60.1% (51.8) // 59.1% (50.8) // 59.1% (50.8)",
        "shots": "57.2% (34.3) // 58.4% (34.4) // 57.2% (34.3) // 57.2% (34.3)",
        "scoring": "58.9% (33.3) // 62.3% (33.3) // 58.9% (33.3) // 58.9% (33.3)",
        "corsiAgainst": "40.1% (45.2) // 38.8% (43.6) // 40.1% (45.2) // 40.1% (45.2)",
        "fenwickAgainst": "40.9% (35.1) // 39.9% (34.4) // 40.9% (35.1) // 40.9% (35.1)",
        "shotsAgainst": "42.8% (25.6) // 41.6% (24.5) // 42.8% (25.6) // 42.8% (25.6)",
        "scoringAgainst": "41.1% (23.3) // 37.7% (20.2) // 41.1% (23.3) // 41.1% (23.3)",
        "oppCorsi": "53.7% (63.4) // 55.1% (64.9) // 53.7% (63.4) // 53.7% (63.4)",
        "oppFenwick": "53.9% (46.9) // 55.2% (48.2) // 53.9% (46.9) // 53.9% (46.9)",
        "oppShots": "54.9% (33.9) // 54.4% (33.3) // 54.9% (33.9) // 54.9% (33.9)",
        "oppScoring": "56.3% (35.0) // 60.7% (39.4) // 56.3% (35.0) // 56.3% (35.0)",
        "oppCorsiAgainst": "46.3% (54.8) // 44.9% (52.8) // 46.3% (54.8) // 46.3% (54.8)",
        "oppFenwickAgainst": "46.1% (40.1) // 44.8% (39.2) // 46.1% (40.1) // 46.1% (40.1)",
        "oppShotsAgainst": "45.1% (27.8) // 45.6% (28.0) // 45.1% (27.8) // 45.1% (27.8)",
        "oppScoringAgainst": "43.7% (27.1) // 39.3% (25.5) // 43.7% (27.1) // 43.7% (27.1)",
        "savesPerGame": 23.4,
        "savesPerGameLast1": 33.0,
        "savesPerGameLast3": 26.3,
        "savesPerGameLast5": 26.8,
        "savesPer60": 25.3,
        "savesPer60Last1": 36.3,
        "savesPer60Last3": 26.8,
        "savesPer60Last5": 27.5,
        "shotsPerGame": 34.8,
        "shotsPerGameLast5": 34.6,
        "shotsAgainstPerGame": 26.0,
        "shotsAgainstPerGameLast5": 29.6,
        "oppSavesAgainstPer60": 33.7,
        "oppSavesAgainstPer60Last1": 20.0,
        "oppSavesAgainstPer60Last3": 30.8,
        "oppSavesAgainstPer60Last5": 27.5,
        "oppShotsAgainstPerGame": 28.2,
        "oppShotsAgainstPerGameLast5": 28.4,
        "savesProj": 27.8,
        "savesProjLast5": 27.5,
        "savesProjLast3": 29.9,
        "oppSavesAgainstProj": 27.2,
        "oppSavesAgainstProjLast5": 24.6,
        "oppSavesAgainstProjLast3": 27.1,
        "totalOver": 5,
        "totalOverLast5": 0,
        "totalOverLast15": 7,
        "lastTotalOver": 10,
        "last5": "0,0,0,0,0,0,0,0,1,0",
        "overOdds": "+850",
        "underOdds": "0",
        "overUnder": "+850 / 0"
    },
    {
        "player": "Dawson Mercer",
        "team": "NJ",
        "opponent": "CAR",
        "propType": "g",
        "line": 0.5,
        "ppLine": "PP2",
        "avg": 0.33,
        "hit": false,
        "diffAvg": -0.34,
        "diffAbs": 0.6,
        "lastAvg": 0.21,
        "diff": -0.58,
        "avgMin": 16,
        "proj": 0.2,
        "lastAvgMin": 16.53,
        "oppOver": 0,
        "teamOver": 0,
        "gameLine": "+100",
        "+/-": "+20",
        "L5_+/-": -2.0,
        "prevMatchup": "2023-03-12 0.0 g 2023-01-10 2.0 g 2023-01-01 0.0 g 2022-12-20 0.0 g",
        "winLossSplits": "30% - 21%",
        "awayHome": "A",
        "playedYesterday": "N",
        "awayHomeSplits": "30% - 24%",
        "savesAboveExp": -0.44,
        "gsaa": -0.71,
        "corsi": "53.7% (63.4) // 55.1% (64.9) // 53.7% (63.4) // 53.7% (63.4)",
        "fenwick": "53.9% (46.9) // 55.2% (48.2) // 53.9% (46.9) // 53.9% (46.9)",
        "shots": "54.9% (33.9) // 54.4% (33.3) // 54.9% (33.9) // 54.9% (33.9)",
        "scoring": "56.3% (35.0) // 60.7% (39.4) // 56.3% (35.0) // 56.3% (35.0)",
        "corsiAgainst": "46.3% (54.8) // 44.9% (52.8) // 46.3% (54.8) // 46.3% (54.8)",
        "fenwickAgainst": "46.1% (40.1) // 44.8% (39.2) // 46.1% (40.1) // 46.1% (40.1)",
        "shotsAgainst": "45.1% (27.8) // 45.6% (28.0) // 45.1% (27.8) // 45.1% (27.8)",
        "scoringAgainst": "43.7% (27.1) // 39.3% (25.5) // 43.7% (27.1) // 43.7% (27.1)",
        "oppCorsi": "59.9% (67.4) // 61.2% (68.8) // 59.9% (67.4) // 59.9% (67.4)",
        "oppFenwick": "59.1% (50.8) // 60.1% (51.8) // 59.1% (50.8) // 59.1% (50.8)",
        "oppShots": "57.2% (34.3) // 58.4% (34.4) // 57.2% (34.3) // 57.2% (34.3)",
        "oppScoring": "58.9% (33.3) // 62.3% (33.3) // 58.9% (33.3) // 58.9% (33.3)",
        "oppCorsiAgainst": "40.1% (45.2) // 38.8% (43.6) // 40.1% (45.2) // 40.1% (45.2)",
        "oppFenwickAgainst": "40.9% (35.1) // 39.9% (34.4) // 40.9% (35.1) // 40.9% (35.1)",
        "oppShotsAgainst": "42.8% (25.6) // 41.6% (24.5) // 42.8% (25.6) // 42.8% (25.6)",
        "oppScoringAgainst": "41.1% (23.3) // 37.7% (20.2) // 41.1% (23.3) // 41.1% (23.3)",
        "savesPerGame": 25.5,
        "savesPerGameLast1": 31.0,
        "savesPerGameLast3": 26.0,
        "savesPerGameLast5": 27.0,
        "savesPer60": 27.8,
        "savesPer60Last1": 31.0,
        "savesPer60Last3": 24.9,
        "savesPer60Last5": 27.3,
        "shotsPerGame": 34.4,
        "shotsPerGameLast5": 30.8,
        "shotsAgainstPerGame": 28.2,
        "shotsAgainstPerGameLast5": 28.4,
        "oppSavesAgainstPer60": 34.1,
        "oppSavesAgainstPer60Last1": 39.0,
        "oppSavesAgainstPer60Last3": 32.5,
        "oppSavesAgainstPer60Last5": 32.4,
        "oppShotsAgainstPerGame": 26.0,
        "oppShotsAgainstPerGameLast5": 29.6,
        "savesProj": 34.8,
        "savesProjLast5": 34.5,
        "savesProjLast3": 31.8,
        "oppSavesAgainstProj": 29.5,
        "oppSavesAgainstProjLast5": 28.5,
        "oppSavesAgainstProjLast3": 27.5,
        "totalOver": 27,
        "totalOverLast5": 40,
        "totalOverLast15": 27,
        "lastTotalOver": 21,
        "last5": "0,1,1,0,0,0,0,0,0,0",
        "overOdds": "+280",
        "underOdds": "0",
        "overUnder": "+280 / 0"
    },
    {
        "player": "Dougie Hamilton",
        "team": "NJ",
        "opponent": "CAR",
        "propType": "g",
        "line": 0.5,
        "ppLine": "PP1",
        "avg": 0.26,
        "hit": false,
        "diffAvg": -0.48,
        "diffAbs": 0.8,
        "lastAvg": 0.15,
        "diff": -0.7,
        "avgMin": 21,
        "proj": 0.1,
        "lastAvgMin": 21.22,
        "oppOver": 0,
        "teamOver": 0,
        "gameLine": "+100",
        "+/-": "+22",
        "L5_+/-": -1.0,
        "prevMatchup": "2023-03-12 0.0 g 2023-01-10 0.0 g 2023-01-01 0.0 g 2022-12-20 0.0 g",
        "winLossSplits": "34% - 6%",
        "awayHome": "A",
        "playedYesterday": "N",
        "awayHomeSplits": "20% - 27%",
        "savesAboveExp": -0.44,
        "gsaa": -0.71,
        "corsi": "53.7% (63.4) // 55.1% (64.9) // 53.7% (63.4) // 53.7% (63.4)",
        "fenwick": "53.9% (46.9) // 55.2% (48.2) // 53.9% (46.9) // 53.9% (46.9)",
        "shots": "54.9% (33.9) // 54.4% (33.3) // 54.9% (33.9) // 54.9% (33.9)",
        "scoring": "56.3% (35.0) // 60.7% (39.4) // 56.3% (35.0) // 56.3% (35.0)",
        "corsiAgainst": "46.3% (54.8) // 44.9% (52.8) // 46.3% (54.8) // 46.3% (54.8)",
        "fenwickAgainst": "46.1% (40.1) // 44.8% (39.2) // 46.1% (40.1) // 46.1% (40.1)",
        "shotsAgainst": "45.1% (27.8) // 45.6% (28.0) // 45.1% (27.8) // 45.1% (27.8)",
        "scoringAgainst": "43.7% (27.1) // 39.3% (25.5) // 43.7% (27.1) // 43.7% (27.1)",
        "oppCorsi": "59.9% (67.4) // 61.2% (68.8) // 59.9% (67.4) // 59.9% (67.4)",
        "oppFenwick": "59.1% (50.8) // 60.1% (51.8) // 59.1% (50.8) // 59.1% (50.8)",
        "oppShots": "57.2% (34.3) // 58.4% (34.4) // 57.2% (34.3) // 57.2% (34.3)",
        "oppScoring": "58.9% (33.3) // 62.3% (33.3) // 58.9% (33.3) // 58.9% (33.3)",
        "oppCorsiAgainst": "40.1% (45.2) // 38.8% (43.6) // 40.1% (45.2) // 40.1% (45.2)",
        "oppFenwickAgainst": "40.9% (35.1) // 39.9% (34.4) // 40.9% (35.1) // 40.9% (35.1)",
        "oppShotsAgainst": "42.8% (25.6) // 41.6% (24.5) // 42.8% (25.6) // 42.8% (25.6)",
        "oppScoringAgainst": "41.1% (23.3) // 37.7% (20.2) // 41.1% (23.3) // 41.1% (23.3)",
        "savesPerGame": 25.5,
        "savesPerGameLast1": 31.0,
        "savesPerGameLast3": 26.0,
        "savesPerGameLast5": 27.0,
        "savesPer60": 27.8,
        "savesPer60Last1": 31.0,
        "savesPer60Last3": 24.9,
        "savesPer60Last5": 27.3,
        "shotsPerGame": 34.4,
        "shotsPerGameLast5": 30.8,
        "shotsAgainstPerGame": 28.2,
        "shotsAgainstPerGameLast5": 28.4,
        "oppSavesAgainstPer60": 34.1,
        "oppSavesAgainstPer60Last1": 39.0,
        "oppSavesAgainstPer60Last3": 32.5,
        "oppSavesAgainstPer60Last5": 32.4,
        "oppShotsAgainstPerGame": 26.0,
        "oppShotsAgainstPerGameLast5": 29.6,
        "savesProj": 34.8,
        "savesProjLast5": 34.5,
        "savesProjLast3": 31.8,
        "oppSavesAgainstProj": 29.5,
        "oppSavesAgainstProjLast5": 28.5,
        "oppSavesAgainstProjLast3": 27.5,
        "totalOver": 24,
        "totalOverLast5": 20,
        "totalOverLast15": 27,
        "lastTotalOver": 15,
        "last5": "0,0,0,0,1,0,0,1,0,0",
        "overOdds": "+330",
        "underOdds": "0",
        "overUnder": "+330 / 0"
    },
    {
        "player": "Erik Haula",
        "team": "NJ",
        "opponent": "CAR",
        "propType": "g",
        "line": 0.5,
        "ppLine": "PP2",
        "avg": 0.21,
        "hit": false,
        "diffAvg": -0.58,
        "diffAbs": 0.6,
        "lastAvg": 0.21,
        "diff": -0.58,
        "avgMin": 16,
        "proj": 0.2,
        "lastAvgMin": 15.08,
        "oppOver": 0,
        "teamOver": 0,
        "gameLine": "+100",
        "+/-": "+14",
        "L5_+/-": "+5.0",
        "prevMatchup": "2023-03-12 0.0 g 2023-01-10 0.0 g 2023-01-01 0.0 g 2022-12-20 0.0 g",
        "winLossSplits": "16% - 19%",
        "awayHome": "A",
        "playedYesterday": "N",
        "awayHomeSplits": "19% - 16%",
        "savesAboveExp": -0.44,
        "gsaa": -0.71,
        "corsi": "53.7% (63.4) // 55.1% (64.9) // 53.7% (63.4) // 53.7% (63.4)",
        "fenwick": "53.9% (46.9) // 55.2% (48.2) // 53.9% (46.9) // 53.9% (46.9)",
        "shots": "54.9% (33.9) // 54.4% (33.3) // 54.9% (33.9) // 54.9% (33.9)",
        "scoring": "56.3% (35.0) // 60.7% (39.4) // 56.3% (35.0) // 56.3% (35.0)",
        "corsiAgainst": "46.3% (54.8) // 44.9% (52.8) // 46.3% (54.8) // 46.3% (54.8)",
        "fenwickAgainst": "46.1% (40.1) // 44.8% (39.2) // 46.1% (40.1) // 46.1% (40.1)",
        "shotsAgainst": "45.1% (27.8) // 45.6% (28.0) // 45.1% (27.8) // 45.1% (27.8)",
        "scoringAgainst": "43.7% (27.1) // 39.3% (25.5) // 43.7% (27.1) // 43.7% (27.1)",
        "oppCorsi": "59.9% (67.4) // 61.2% (68.8) // 59.9% (67.4) // 59.9% (67.4)",
        "oppFenwick": "59.1% (50.8) // 60.1% (51.8) // 59.1% (50.8) // 59.1% (50.8)",
        "oppShots": "57.2% (34.3) // 58.4% (34.4) // 57.2% (34.3) // 57.2% (34.3)",
        "oppScoring": "58.9% (33.3) // 62.3% (33.3) // 58.9% (33.3) // 58.9% (33.3)",
        "oppCorsiAgainst": "40.1% (45.2) // 38.8% (43.6) // 40.1% (45.2) // 40.1% (45.2)",
        "oppFenwickAgainst": "40.9% (35.1) // 39.9% (34.4) // 40.9% (35.1) // 40.9% (35.1)",
        "oppShotsAgainst": "42.8% (25.6) // 41.6% (24.5) // 42.8% (25.6) // 42.8% (25.6)",
        "oppScoringAgainst": "41.1% (23.3) // 37.7% (20.2) // 41.1% (23.3) // 41.1% (23.3)",
        "savesPerGame": 25.5,
        "savesPerGameLast1": 31.0,
        "savesPerGameLast3": 26.0,
        "savesPerGameLast5": 27.0,
        "savesPer60": 27.8,
        "savesPer60Last1": 31.0,
        "savesPer60Last3": 24.9,
        "savesPer60Last5": 27.3,
        "shotsPerGame": 34.4,
        "shotsPerGameLast5": 30.8,
        "shotsAgainstPerGame": 28.2,
        "shotsAgainstPerGameLast5": 28.4,
        "oppSavesAgainstPer60": 34.1,
        "oppSavesAgainstPer60Last1": 39.0,
        "oppSavesAgainstPer60Last3": 32.5,
        "oppSavesAgainstPer60Last5": 32.4,
        "oppShotsAgainstPerGame": 26.0,
        "oppShotsAgainstPerGameLast5": 29.6,
        "savesProj": 34.8,
        "savesProjLast5": 34.5,
        "savesProjLast3": 31.8,
        "oppSavesAgainstProj": 29.5,
        "oppSavesAgainstProjLast5": 28.5,
        "oppSavesAgainstProjLast3": 27.5,
        "totalOver": 17,
        "totalOverLast5": 40,
        "totalOverLast15": 53,
        "lastTotalOver": 19,
        "last5": "1,0,2,0,0,1,0,2,1,0",
        "overOdds": "+295",
        "underOdds": "0",
        "overUnder": "+295 / 0"
    },
    {
        "player": "Jack Hughes",
        "team": "NJ",
        "opponent": "CAR",
        "propType": "g",
        "line": 0.5,
        "ppLine": "PP1",
        "avg": 0.54,
        "hit": false,
        "diffAvg": 0.08,
        "diffAbs": 0.0,
        "lastAvg": 0.51,
        "diff": 0.02,
        "avgMin": 20,
        "proj": 0.5,
        "lastAvgMin": 19.55,
        "oppOver": 0,
        "teamOver": 0,
        "gameLine": "+100",
        "+/-": "+11",
        "L5_+/-": "+1.0",
        "prevMatchup": "2023-03-12 1.0 g 2023-01-10 0.0 g 2023-01-01 1.0 g 2022-12-20 1.0 g",
        "winLossSplits": "46% - 32%",
        "awayHome": "A",
        "playedYesterday": "N",
        "awayHomeSplits": "44% - 39%",
        "savesAboveExp": -0.44,
        "gsaa": -0.71,
        "corsi": "53.7% (63.4) // 55.1% (64.9) // 53.7% (63.4) // 53.7% (63.4)",
        "fenwick": "53.9% (46.9) // 55.2% (48.2) // 53.9% (46.9) // 53.9% (46.9)",
        "shots": "54.9% (33.9) // 54.4% (33.3) // 54.9% (33.9) // 54.9% (33.9)",
        "scoring": "56.3% (35.0) // 60.7% (39.4) // 56.3% (35.0) // 56.3% (35.0)",
        "corsiAgainst": "46.3% (54.8) // 44.9% (52.8) // 46.3% (54.8) // 46.3% (54.8)",
        "fenwickAgainst": "46.1% (40.1) // 44.8% (39.2) // 46.1% (40.1) // 46.1% (40.1)",
        "shotsAgainst": "45.1% (27.8) // 45.6% (28.0) // 45.1% (27.8) // 45.1% (27.8)",
        "scoringAgainst": "43.7% (27.1) // 39.3% (25.5) // 43.7% (27.1) // 43.7% (27.1)",
        "oppCorsi": "59.9% (67.4) // 61.2% (68.8) // 59.9% (67.4) // 59.9% (67.4)",
        "oppFenwick": "59.1% (50.8) // 60.1% (51.8) // 59.1% (50.8) // 59.1% (50.8)",
        "oppShots": "57.2% (34.3) // 58.4% (34.4) // 57.2% (34.3) // 57.2% (34.3)",
        "oppScoring": "58.9% (33.3) // 62.3% (33.3) // 58.9% (33.3) // 58.9% (33.3)",
        "oppCorsiAgainst": "40.1% (45.2) // 38.8% (43.6) // 40.1% (45.2) // 40.1% (45.2)",
        "oppFenwickAgainst": "40.9% (35.1) // 39.9% (34.4) // 40.9% (35.1) // 40.9% (35.1)",
        "oppShotsAgainst": "42.8% (25.6) // 41.6% (24.5) // 42.8% (25.6) // 42.8% (25.6)",
        "oppScoringAgainst": "41.1% (23.3) // 37.7% (20.2) // 41.1% (23.3) // 41.1% (23.3)",
        "savesPerGame": 25.5,
        "savesPerGameLast1": 31.0,
        "savesPerGameLast3": 26.0,
        "savesPerGameLast5": 27.0,
        "savesPer60": 27.8,
        "savesPer60Last1": 31.0,
        "savesPer60Last3": 24.9,
        "savesPer60Last5": 27.3,
        "shotsPerGame": 34.4,
        "shotsPerGameLast5": 30.8,
        "shotsAgainstPerGame": 28.2,
        "shotsAgainstPerGameLast5": 28.4,
        "oppSavesAgainstPer60": 34.1,
        "oppSavesAgainstPer60Last1": 39.0,
        "oppSavesAgainstPer60Last3": 32.5,
        "oppSavesAgainstPer60Last5": 32.4,
        "oppShotsAgainstPerGame": 26.0,
        "oppShotsAgainstPerGameLast5": 29.6,
        "savesProj": 34.8,
        "savesProjLast5": 34.5,
        "savesProjLast3": 31.8,
        "oppSavesAgainstProj": 29.5,
        "oppSavesAgainstProjLast5": 28.5,
        "oppSavesAgainstProjLast3": 27.5,
        "totalOver": 41,
        "totalOverLast5": 40,
        "totalOverLast15": 33,
        "lastTotalOver": 46,
        "last5": "0,0,0,1,1,0,1,0,1,0",
        "overOdds": "+145",
        "underOdds": "0",
        "overUnder": "+145 / 0"
    },
    {
        "player": "Jesper Bratt",
        "team": "NJ",
        "opponent": "CAR",
        "propType": "g",
        "line": 0.5,
        "ppLine": "PP1",
        "avg": 0.37,
        "hit": false,
        "diffAvg": -0.26,
        "diffAbs": 0.4,
        "lastAvg": 0.34,
        "diff": -0.32,
        "avgMin": 17,
        "proj": 0.3,
        "lastAvgMin": 17.42,
        "oppOver": 0,
        "teamOver": 0,
        "gameLine": "+100",
        "+/-": "+17",
        "L5_+/-": "+4.0",
        "prevMatchup": "2023-03-12 2.0 g 2023-01-10 0.0 g 2023-01-01 2.0 g 2022-12-20 0.0 g",
        "winLossSplits": "34% - 21%",
        "awayHome": "A",
        "playedYesterday": "N",
        "awayHomeSplits": "30% - 29%",
        "savesAboveExp": -0.44,
        "gsaa": -0.71,
        "corsi": "53.7% (63.4) // 55.1% (64.9) // 53.7% (63.4) // 53.7% (63.4)",
        "fenwick": "53.9% (46.9) // 55.2% (48.2) // 53.9% (46.9) // 53.9% (46.9)",
        "shots": "54.9% (33.9) // 54.4% (33.3) // 54.9% (33.9) // 54.9% (33.9)",
        "scoring": "56.3% (35.0) // 60.7% (39.4) // 56.3% (35.0) // 56.3% (35.0)",
        "corsiAgainst": "46.3% (54.8) // 44.9% (52.8) // 46.3% (54.8) // 46.3% (54.8)",
        "fenwickAgainst": "46.1% (40.1) // 44.8% (39.2) // 46.1% (40.1) // 46.1% (40.1)",
        "shotsAgainst": "45.1% (27.8) // 45.6% (28.0) // 45.1% (27.8) // 45.1% (27.8)",
        "scoringAgainst": "43.7% (27.1) // 39.3% (25.5) // 43.7% (27.1) // 43.7% (27.1)",
        "oppCorsi": "59.9% (67.4) // 61.2% (68.8) // 59.9% (67.4) // 59.9% (67.4)",
        "oppFenwick": "59.1% (50.8) // 60.1% (51.8) // 59.1% (50.8) // 59.1% (50.8)",
        "oppShots": "57.2% (34.3) // 58.4% (34.4) // 57.2% (34.3) // 57.2% (34.3)",
        "oppScoring": "58.9% (33.3) // 62.3% (33.3) // 58.9% (33.3) // 58.9% (33.3)",
        "oppCorsiAgainst": "40.1% (45.2) // 38.8% (43.6) // 40.1% (45.2) // 40.1% (45.2)",
        "oppFenwickAgainst": "40.9% (35.1) // 39.9% (34.4) // 40.9% (35.1) // 40.9% (35.1)",
        "oppShotsAgainst": "42.8% (25.6) // 41.6% (24.5) // 42.8% (25.6) // 42.8% (25.6)",
        "oppScoringAgainst": "41.1% (23.3) // 37.7% (20.2) // 41.1% (23.3) // 41.1% (23.3)",
        "savesPerGame": 25.5,
        "savesPerGameLast1": 31.0,
        "savesPerGameLast3": 26.0,
        "savesPerGameLast5": 27.0,
        "savesPer60": 27.8,
        "savesPer60Last1": 31.0,
        "savesPer60Last3": 24.9,
        "savesPer60Last5": 27.3,
        "shotsPerGame": 34.4,
        "shotsPerGameLast5": 30.8,
        "shotsAgainstPerGame": 28.2,
        "shotsAgainstPerGameLast5": 28.4,
        "oppSavesAgainstPer60": 34.1,
        "oppSavesAgainstPer60Last1": 39.0,
        "oppSavesAgainstPer60Last3": 32.5,
        "oppSavesAgainstPer60Last5": 32.4,
        "oppShotsAgainstPerGame": 26.0,
        "oppShotsAgainstPerGameLast5": 29.6,
        "savesProj": 34.8,
        "savesProjLast5": 34.5,
        "savesProjLast3": 31.8,
        "oppSavesAgainstProj": 29.5,
        "oppSavesAgainstProjLast5": 28.5,
        "oppSavesAgainstProjLast3": 27.5,
        "totalOver": 29,
        "totalOverLast5": 20,
        "totalOverLast15": 13,
        "lastTotalOver": 29,
        "last5": "1,0,0,0,0,0,0,0,0,1",
        "overOdds": "+225",
        "underOdds": "0",
        "overUnder": "+225 / 0"
    },
    {
        "player": "Jordan Martinook",
        "team": "CAR",
        "opponent": "NJ",
        "propType": "g",
        "line": 0.5,
        "ppLine": "",
        "avg": 0.15,
        "hit": false,
        "diffAvg": -0.7,
        "diffAbs": 0.8,
        "lastAvg": 0.09,
        "diff": -0.82,
        "avgMin": 15,
        "proj": 0.1,
        "lastAvgMin": 11.2,
        "oppOver": 0,
        "teamOver": 0,
        "gameLine": "-120",
        "+/-": "+7",
        "L5_+/-": "+2.0",
        "prevMatchup": "2023-03-12 0.0 g 2023-01-10 0.0 g 2023-01-01 0.0 g 2022-12-20 0.0 g",
        "winLossSplits": "18% - 3%",
        "awayHome": "H",
        "playedYesterday": "N",
        "awayHomeSplits": "11% - 14%",
        "savesAboveExp": 0.922,
        "gsaa": 7.07,
        "corsi": "59.9% (67.4) // 61.2% (68.8) // 59.9% (67.4) // 59.9% (67.4)",
        "fenwick": "59.1% (50.8) // 60.1% (51.8) // 59.1% (50.8) // 59.1% (50.8)",
        "shots": "57.2% (34.3) // 58.4% (34.4) // 57.2% (34.3) // 57.2% (34.3)",
        "scoring": "58.9% (33.3) // 62.3% (33.3) // 58.9% (33.3) // 58.9% (33.3)",
        "corsiAgainst": "40.1% (45.2) // 38.8% (43.6) // 40.1% (45.2) // 40.1% (45.2)",
        "fenwickAgainst": "40.9% (35.1) // 39.9% (34.4) // 40.9% (35.1) // 40.9% (35.1)",
        "shotsAgainst": "42.8% (25.6) // 41.6% (24.5) // 42.8% (25.6) // 42.8% (25.6)",
        "scoringAgainst": "41.1% (23.3) // 37.7% (20.2) // 41.1% (23.3) // 41.1% (23.3)",
        "oppCorsi": "53.7% (63.4) // 55.1% (64.9) // 53.7% (63.4) // 53.7% (63.4)",
        "oppFenwick": "53.9% (46.9) // 55.2% (48.2) // 53.9% (46.9) // 53.9% (46.9)",
        "oppShots": "54.9% (33.9) // 54.4% (33.3) // 54.9% (33.9) // 54.9% (33.9)",
        "oppScoring": "56.3% (35.0) // 60.7% (39.4) // 56.3% (35.0) // 56.3% (35.0)",
        "oppCorsiAgainst": "46.3% (54.8) // 44.9% (52.8) // 46.3% (54.8) // 46.3% (54.8)",
        "oppFenwickAgainst": "46.1% (40.1) // 44.8% (39.2) // 46.1% (40.1) // 46.1% (40.1)",
        "oppShotsAgainst": "45.1% (27.8) // 45.6% (28.0) // 45.1% (27.8) // 45.1% (27.8)",
        "oppScoringAgainst": "43.7% (27.1) // 39.3% (25.5) // 43.7% (27.1) // 43.7% (27.1)",
        "savesPerGame": 23.4,
        "savesPerGameLast1": 33.0,
        "savesPerGameLast3": 26.3,
        "savesPerGameLast5": 26.8,
        "savesPer60": 25.3,
        "savesPer60Last1": 36.3,
        "savesPer60Last3": 26.8,
        "savesPer60Last5": 27.5,
        "shotsPerGame": 34.8,
        "shotsPerGameLast5": 34.6,
        "shotsAgainstPerGame": 26.0,
        "shotsAgainstPerGameLast5": 29.6,
        "oppSavesAgainstPer60": 33.7,
        "oppSavesAgainstPer60Last1": 20.0,
        "oppSavesAgainstPer60Last3": 30.8,
        "oppSavesAgainstPer60Last5": 27.5,
        "oppShotsAgainstPerGame": 28.2,
        "oppShotsAgainstPerGameLast5": 28.4,
        "savesProj": 27.8,
        "savesProjLast5": 27.5,
        "savesProjLast3": 29.9,
        "oppSavesAgainstProj": 27.2,
        "oppSavesAgainstProjLast5": 24.6,
        "oppSavesAgainstProjLast3": 27.1,
        "totalOver": 12,
        "totalOverLast5": 0,
        "totalOverLast15": 13,
        "lastTotalOver": 10,
        "last5": "0,0,0,0,0,0,0,1,0,0",
        "overOdds": "+360",
        "underOdds": "0",
        "overUnder": "+360 / 0"
    },
    {
        "player": "Martin Necas",
        "team": "CAR",
        "opponent": "NJ",
        "propType": "g",
        "line": 0.5,
        "ppLine": "PP1",
        "avg": 0.33,
        "hit": false,
        "diffAvg": -0.34,
        "diffAbs": 0.6,
        "lastAvg": 0.15,
        "diff": -0.7,
        "avgMin": 18,
        "proj": 0.2,
        "lastAvgMin": 16.18,
        "oppOver": 0,
        "teamOver": 0,
        "gameLine": "-120",
        "+/-": 0,
        "L5_+/-": -4.0,
        "prevMatchup": "2023-03-12 0.0 g 2023-01-10 0.0 g 2023-01-01 1.0 g 2022-12-20 0.0 g",
        "winLossSplits": "38% - 22%",
        "awayHome": "H",
        "playedYesterday": "N",
        "awayHomeSplits": "36% - 27%",
        "savesAboveExp": 0.922,
        "gsaa": 7.07,
        "corsi": "59.9% (67.4) // 61.2% (68.8) // 59.9% (67.4) // 59.9% (67.4)",
        "fenwick": "59.1% (50.8) // 60.1% (51.8) // 59.1% (50.8) // 59.1% (50.8)",
        "shots": "57.2% (34.3) // 58.4% (34.4) // 57.2% (34.3) // 57.2% (34.3)",
        "scoring": "58.9% (33.3) // 62.3% (33.3) // 58.9% (33.3) // 58.9% (33.3)",
        "corsiAgainst": "40.1% (45.2) // 38.8% (43.6) // 40.1% (45.2) // 40.1% (45.2)",
        "fenwickAgainst": "40.9% (35.1) // 39.9% (34.4) // 40.9% (35.1) // 40.9% (35.1)",
        "shotsAgainst": "42.8% (25.6) // 41.6% (24.5) // 42.8% (25.6) // 42.8% (25.6)",
        "scoringAgainst": "41.1% (23.3) // 37.7% (20.2) // 41.1% (23.3) // 41.1% (23.3)",
        "oppCorsi": "53.7% (63.4) // 55.1% (64.9) // 53.7% (63.4) // 53.7% (63.4)",
        "oppFenwick": "53.9% (46.9) // 55.2% (48.2) // 53.9% (46.9) // 53.9% (46.9)",
        "oppShots": "54.9% (33.9) // 54.4% (33.3) // 54.9% (33.9) // 54.9% (33.9)",
        "oppScoring": "56.3% (35.0) // 60.7% (39.4) // 56.3% (35.0) // 56.3% (35.0)",
        "oppCorsiAgainst": "46.3% (54.8) // 44.9% (52.8) // 46.3% (54.8) // 46.3% (54.8)",
        "oppFenwickAgainst": "46.1% (40.1) // 44.8% (39.2) // 46.1% (40.1) // 46.1% (40.1)",
        "oppShotsAgainst": "45.1% (27.8) // 45.6% (28.0) // 45.1% (27.8) // 45.1% (27.8)",
        "oppScoringAgainst": "43.7% (27.1) // 39.3% (25.5) // 43.7% (27.1) // 43.7% (27.1)",
        "savesPerGame": 23.4,
        "savesPerGameLast1": 33.0,
        "savesPerGameLast3": 26.3,
        "savesPerGameLast5": 26.8,
        "savesPer60": 25.3,
        "savesPer60Last1": 36.3,
        "savesPer60Last3": 26.8,
        "savesPer60Last5": 27.5,
        "shotsPerGame": 34.8,
        "shotsPerGameLast5": 34.6,
        "shotsAgainstPerGame": 26.0,
        "shotsAgainstPerGameLast5": 29.6,
        "oppSavesAgainstPer60": 33.7,
        "oppSavesAgainstPer60Last1": 20.0,
        "oppSavesAgainstPer60Last3": 30.8,
        "oppSavesAgainstPer60Last5": 27.5,
        "oppShotsAgainstPerGame": 28.2,
        "oppShotsAgainstPerGameLast5": 28.4,
        "savesProj": 27.8,
        "savesProjLast5": 27.5,
        "savesProjLast3": 29.9,
        "oppSavesAgainstProj": 27.2,
        "oppSavesAgainstProjLast5": 24.6,
        "oppSavesAgainstProjLast3": 27.1,
        "totalOver": 32,
        "totalOverLast5": 20,
        "totalOverLast15": 13,
        "lastTotalOver": 15,
        "last5": "0,0,1,0,0,0,0,0,0,0",
        "overOdds": "+195",
        "underOdds": "0",
        "overUnder": "+195 / 0"
    },
    {
        "player": "Nico Hischier",
        "team": "NJ",
        "opponent": "CAR",
        "propType": "g",
        "line": 0.5,
        "ppLine": "PP1",
        "avg": 0.35,
        "hit": false,
        "diffAvg": -0.3,
        "diffAbs": 0.4,
        "lastAvg": 0.3,
        "diff": -0.4,
        "avgMin": 19,
        "proj": 0.3,
        "lastAvgMin": 19.33,
        "oppOver": 0,
        "teamOver": 0,
        "gameLine": "+100",
        "+/-": "+32",
        "L5_+/-": "+1.0",
        "prevMatchup": "2023-03-12 0.0 g 2023-01-10 1.0 g 2023-01-01 1.0 g 2022-12-20 0.0 g",
        "winLossSplits": "38% - 25%",
        "awayHome": "A",
        "playedYesterday": "N",
        "awayHomeSplits": "40% - 27%",
        "savesAboveExp": -0.44,
        "gsaa": -0.71,
        "corsi": "53.7% (63.4) // 55.1% (64.9) // 53.7% (63.4) // 53.7% (63.4)",
        "fenwick": "53.9% (46.9) // 55.2% (48.2) // 53.9% (46.9) // 53.9% (46.9)",
        "shots": "54.9% (33.9) // 54.4% (33.3) // 54.9% (33.9) // 54.9% (33.9)",
        "scoring": "56.3% (35.0) // 60.7% (39.4) // 56.3% (35.0) // 56.3% (35.0)",
        "corsiAgainst": "46.3% (54.8) // 44.9% (52.8) // 46.3% (54.8) // 46.3% (54.8)",
        "fenwickAgainst": "46.1% (40.1) // 44.8% (39.2) // 46.1% (40.1) // 46.1% (40.1)",
        "shotsAgainst": "45.1% (27.8) // 45.6% (28.0) // 45.1% (27.8) // 45.1% (27.8)",
        "scoringAgainst": "43.7% (27.1) // 39.3% (25.5) // 43.7% (27.1) // 43.7% (27.1)",
        "oppCorsi": "59.9% (67.4) // 61.2% (68.8) // 59.9% (67.4) // 59.9% (67.4)",
        "oppFenwick": "59.1% (50.8) // 60.1% (51.8) // 59.1% (50.8) // 59.1% (50.8)",
        "oppShots": "57.2% (34.3) // 58.4% (34.4) // 57.2% (34.3) // 57.2% (34.3)",
        "oppScoring": "58.9% (33.3) // 62.3% (33.3) // 58.9% (33.3) // 58.9% (33.3)",
        "oppCorsiAgainst": "40.1% (45.2) // 38.8% (43.6) // 40.1% (45.2) // 40.1% (45.2)",
        "oppFenwickAgainst": "40.9% (35.1) // 39.9% (34.4) // 40.9% (35.1) // 40.9% (35.1)",
        "oppShotsAgainst": "42.8% (25.6) // 41.6% (24.5) // 42.8% (25.6) // 42.8% (25.6)",
        "oppScoringAgainst": "41.1% (23.3) // 37.7% (20.2) // 41.1% (23.3) // 41.1% (23.3)",
        "savesPerGame": 25.5,
        "savesPerGameLast1": 31.0,
        "savesPerGameLast3": 26.0,
        "savesPerGameLast5": 27.0,
        "savesPer60": 27.8,
        "savesPer60Last1": 31.0,
        "savesPer60Last3": 24.9,
        "savesPer60Last5": 27.3,
        "shotsPerGame": 34.4,
        "shotsPerGameLast5": 30.8,
        "shotsAgainstPerGame": 28.2,
        "shotsAgainstPerGameLast5": 28.4,
        "oppSavesAgainstPer60": 34.1,
        "oppSavesAgainstPer60Last1": 39.0,
        "oppSavesAgainstPer60Last3": 32.5,
        "oppSavesAgainstPer60Last5": 32.4,
        "oppShotsAgainstPerGame": 26.0,
        "oppShotsAgainstPerGameLast5": 29.6,
        "savesProj": 34.8,
        "savesProjLast5": 34.5,
        "savesProjLast3": 31.8,
        "oppSavesAgainstProj": 29.5,
        "oppSavesAgainstProjLast5": 28.5,
        "oppSavesAgainstProjLast3": 27.5,
        "totalOver": 33,
        "totalOverLast5": 0,
        "totalOverLast15": 7,
        "lastTotalOver": 25,
        "last5": "0,0,0,0,0,0,0,0,0,0",
        "overOdds": "+250",
        "underOdds": "0",
        "overUnder": "+250 / 0"
    },
    {
        "player": "Seth Jarvis",
        "team": "CAR",
        "opponent": "NJ",
        "propType": "g",
        "line": 0.5,
        "ppLine": "PP1",
        "avg": 0.18,
        "hit": false,
        "diffAvg": -0.64,
        "diffAbs": 0.6,
        "lastAvg": 0.21,
        "diff": -0.58,
        "avgMin": 16,
        "proj": 0.2,
        "lastAvgMin": 13.87,
        "oppOver": 0,
        "teamOver": 0,
        "gameLine": "-120",
        "+/-": "+13",
        "L5_+/-": "+3.0",
        "prevMatchup": "2023-03-12 0.0 g 2023-01-10 0.0 g 2023-01-01 0.0 g 2022-12-20 0.0 g",
        "winLossSplits": "21% - 3%",
        "awayHome": "H",
        "playedYesterday": "N",
        "awayHomeSplits": "14% - 16%",
        "savesAboveExp": 0.922,
        "gsaa": 7.07,
        "corsi": "59.9% (67.4) // 61.2% (68.8) // 59.9% (67.4) // 59.9% (67.4)",
        "fenwick": "59.1% (50.8) // 60.1% (51.8) // 59.1% (50.8) // 59.1% (50.8)",
        "shots": "57.2% (34.3) // 58.4% (34.4) // 57.2% (34.3) // 57.2% (34.3)",
        "scoring": "58.9% (33.3) // 62.3% (33.3) // 58.9% (33.3) // 58.9% (33.3)",
        "corsiAgainst": "40.1% (45.2) // 38.8% (43.6) // 40.1% (45.2) // 40.1% (45.2)",
        "fenwickAgainst": "40.9% (35.1) // 39.9% (34.4) // 40.9% (35.1) // 40.9% (35.1)",
        "shotsAgainst": "42.8% (25.6) // 41.6% (24.5) // 42.8% (25.6) // 42.8% (25.6)",
        "scoringAgainst": "41.1% (23.3) // 37.7% (20.2) // 41.1% (23.3) // 41.1% (23.3)",
        "oppCorsi": "53.7% (63.4) // 55.1% (64.9) // 53.7% (63.4) // 53.7% (63.4)",
        "oppFenwick": "53.9% (46.9) // 55.2% (48.2) // 53.9% (46.9) // 53.9% (46.9)",
        "oppShots": "54.9% (33.9) // 54.4% (33.3) // 54.9% (33.9) // 54.9% (33.9)",
        "oppScoring": "56.3% (35.0) // 60.7% (39.4) // 56.3% (35.0) // 56.3% (35.0)",
        "oppCorsiAgainst": "46.3% (54.8) // 44.9% (52.8) // 46.3% (54.8) // 46.3% (54.8)",
        "oppFenwickAgainst": "46.1% (40.1) // 44.8% (39.2) // 46.1% (40.1) // 46.1% (40.1)",
        "oppShotsAgainst": "45.1% (27.8) // 45.6% (28.0) // 45.1% (27.8) // 45.1% (27.8)",
        "oppScoringAgainst": "43.7% (27.1) // 39.3% (25.5) // 43.7% (27.1) // 43.7% (27.1)",
        "savesPerGame": 23.4,
        "savesPerGameLast1": 33.0,
        "savesPerGameLast3": 26.3,
        "savesPerGameLast5": 26.8,
        "savesPer60": 25.3,
        "savesPer60Last1": 36.3,
        "savesPer60Last3": 26.8,
        "savesPer60Last5": 27.5,
        "shotsPerGame": 34.8,
        "shotsPerGameLast5": 34.6,
        "shotsAgainstPerGame": 26.0,
        "shotsAgainstPerGameLast5": 29.6,
        "oppSavesAgainstPer60": 33.7,
        "oppSavesAgainstPer60Last1": 20.0,
        "oppSavesAgainstPer60Last3": 30.8,
        "oppSavesAgainstPer60Last5": 27.5,
        "oppShotsAgainstPerGame": 28.2,
        "oppShotsAgainstPerGameLast5": 28.4,
        "savesProj": 27.8,
        "savesProjLast5": 27.5,
        "savesProjLast3": 29.9,
        "oppSavesAgainstProj": 27.2,
        "oppSavesAgainstProjLast5": 24.6,
        "oppSavesAgainstProjLast3": 27.1,
        "totalOver": 15,
        "totalOverLast5": 20,
        "totalOverLast15": 13,
        "lastTotalOver": 21,
        "last5": "0,0,2,0,0,0,0,0,0,1",
        "overOdds": "+225",
        "underOdds": "0",
        "overUnder": "+225 / 0"
    },
    {
        "player": "Stefan Noesen",
        "team": "CAR",
        "opponent": "NJ",
        "propType": "g",
        "line": 0.5,
        "ppLine": "PP1",
        "avg": 0.18,
        "hit": false,
        "diffAvg": -0.64,
        "diffAbs": 1.0,
        "lastAvg": 0,
        "diff": 0,
        "avgMin": 12,
        "proj": 0.0,
        "lastAvgMin": 0,
        "oppOver": 0,
        "teamOver": 0,
        "gameLine": "-120",
        "+/-": "+5",
        "L5_+/-": -9.0,
        "prevMatchup": "2023-03-12 0.0 g 2023-01-10 0.0 g 2023-01-01 0.0 g 2022-12-20 1.0 g",
