[
    {
        "player": "Artemi Panarin",
        "team": "NYR",
        "opponent": "NJ",
        "propType": "sog",
        "line": 2.5,
        "ppLine": "PP1",
        "avg": 2.49,
        "hit": false,
        "diffAvg": -0.0,
        "diffAbs": 0.28,
        "lastAvg": 1.86,
        "diff": -0.26,
        "avgMin": 19,
        "proj": 1.8,
        "lastAvgMin": 19.22,
        "oppOver": 0,
        "teamOver": 0,
        "gameLine": "+110",
        "+/-": "+4",
        "L5_+/-": -1.0,
        "prevMatchup": "2023-03-30 4.0 sog 2023-01-07 3.0 sog 2022-12-12 1.0 sog 2022-11-28 5.0 sog",
        "winLossSplits": "47% - 51%",
        "awayHome": "A",
        "playedYesterday": "N",
        "awayHomeSplits": "49% - 49%",
        "savesAboveExp": 0.109,
        "gsaa": 8.64,
        "corsi": "51.4% (57.9) // 49.5% (54.5) // 51.3% (52.2) // 49.0% (50.0)",
        "fenwick": "52.0% (43.7) // 50.7% (42.3) // 51.5% (39.2) // 52.7% (39.0)",
        "shots": "51.8% (31.1) // 51.8% (30.7) // 50.0% (25.9) // 53.3% (24.0)",
        "scoring": "51.3% (30.8) // 48.9% (29.6) // 54.0% (30.5) // 51.9% (28.0)",
        "corsiAgainst": "48.6% (54.7) // 50.5% (55.5) // 48.7% (49.6) // 51.0% (52.0)",
        "fenwickAgainst": "48.0% (40.2) // 49.3% (41.1) // 48.5% (37.0) // 47.3% (35.0)",
        "shotsAgainst": "48.2% (28.9) // 48.2% (28.6) // 50.0% (25.9) // 46.7% (21.0)",
        "scoringAgainst": "48.7% (29.2) // 51.1% (30.9) // 46.0% (25.9) // 48.1% (26.0)",
        "oppCorsi": "53.7% (63.4) // 55.1% (64.9) // 47.2% (56.9) // 60.6% (71.6)",
        "oppFenwick": "53.9% (46.9) // 55.2% (48.2) // 47.8% (44.9) // 57.4% (53.9)",
        "oppShots": "54.9% (33.9) // 54.4% (33.3) // 46.3% (30.6) // 52.3% (31.6)",
        "oppScoring": "56.3% (35.0) // 60.7% (39.4) // 50.0% (34.8) // 65.8% (46.5)",
        "oppCorsiAgainst": "46.3% (54.8) // 44.9% (52.8) // 52.8% (63.7) // 39.4% (46.5)",
        "oppFenwickAgainst": "46.1% (40.1) // 44.8% (39.2) // 52.2% (49.1) // 42.6% (40.0)",
        "oppShotsAgainst": "45.1% (27.8) // 45.6% (28.0) // 53.7% (35.4) // 47.7% (28.8)",
        "oppScoringAgainst": "43.7% (27.1) // 39.3% (25.5) // 50.0% (34.8) // 34.2% (24.2)",
        "savesPerGame": 26.7,
        "savesPerGameLast1": 18.0,
        "savesPerGameLast3": 25.0,
        "savesPerGameLast5": 24.4,
        "savesPer60": 26.8,
        "savesPer60Last1": 17.0,
        "savesPer60Last3": 25.2,
        "savesPer60Last5": 24.6,
        "shotsPerGame": 31.5,
        "shotsPerGameLast5": 28.2,
        "shotsAgainstPerGame": 29.3,
        "shotsAgainstPerGameLast5": 26.6,
        "oppSavesAgainstPer60": 31.0,
        "oppSavesAgainstPer60Last1": 29.0,
        "oppSavesAgainstPer60Last3": 27.1,
        "oppSavesAgainstPer60Last5": 28.1,
        "oppShotsAgainstPerGame": 28.2,
        "oppShotsAgainstPerGameLast5": 29.8,
        "savesProj": 32.3,
        "savesProjLast5": 27.3,
        "savesProjLast3": 26.9,
        "oppSavesAgainstProj": 29.0,
        "oppSavesAgainstProjLast5": 24.5,
        "oppSavesAgainstProjLast3": 23.8,
        "totalOver": 49,
        "totalOverLast5": 60,
        "totalOverLast15": 53,
        "lastTotalOver": 37,
        "last5": "3,2,3,1,3,3,3,4,4,2",
        "overOdds": "+115",
        "underOdds": "-145",
        "overUnder": "+115 / -145"
    },
    {
        "player": "Chris Kreider",
        "team": "NYR",
        "opponent": "NJ",
        "propType": "sog",
        "line": 2.5,
        "ppLine": "PP1",
        "avg": 2.9,
        "hit": false,
        "diffAvg": 0.16,
        "diffAbs": 0.04,
        "lastAvg": 2.5,
        "diff": 0.0,
        "avgMin": 18,
        "proj": 2.4,
        "lastAvgMin": 18.72,
        "oppOver": 0,
        "teamOver": 0,
        "gameLine": "+110",
        "+/-": "+21",
        "L5_+/-": 0.0,
        "prevMatchup": "2023-03-30 3.0 sog 2023-01-07 1.0 sog 2022-12-12 6.0 sog 2022-11-28 1.0 sog",
        "winLossSplits": "56% - 44%",
        "awayHome": "A",
        "playedYesterday": "N",
        "awayHomeSplits": "50% - 51%",
        "savesAboveExp": 0.109,
        "gsaa": 8.64,
        "corsi": "51.4% (57.9) // 49.5% (54.5) // 51.3% (52.2) // 49.0% (50.0)",
        "fenwick": "52.0% (43.7) // 50.7% (42.3) // 51.5% (39.2) // 52.7% (39.0)",
        "shots": "51.8% (31.1) // 51.8% (30.7) // 50.0% (25.9) // 53.3% (24.0)",
        "scoring": "51.3% (30.8) // 48.9% (29.6) // 54.0% (30.5) // 51.9% (28.0)",
        "corsiAgainst": "48.6% (54.7) // 50.5% (55.5) // 48.7% (49.6) // 51.0% (52.0)",
        "fenwickAgainst": "48.0% (40.2) // 49.3% (41.1) // 48.5% (37.0) // 47.3% (35.0)",
        "shotsAgainst": "48.2% (28.9) // 48.2% (28.6) // 50.0% (25.9) // 46.7% (21.0)",
        "scoringAgainst": "48.7% (29.2) // 51.1% (30.9) // 46.0% (25.9) // 48.1% (26.0)",
        "oppCorsi": "53.7% (63.4) // 55.1% (64.9) // 47.2% (56.9) // 60.6% (71.6)",
        "oppFenwick": "53.9% (46.9) // 55.2% (48.2) // 47.8% (44.9) // 57.4% (53.9)",
        "oppShots": "54.9% (33.9) // 54.4% (33.3) // 46.3% (30.6) // 52.3% (31.6)",
        "oppScoring": "56.3% (35.0) // 60.7% (39.4) // 50.0% (34.8) // 65.8% (46.5)",
        "oppCorsiAgainst": "46.3% (54.8) // 44.9% (52.8) // 52.8% (63.7) // 39.4% (46.5)",
        "oppFenwickAgainst": "46.1% (40.1) // 44.8% (39.2) // 52.2% (49.1) // 42.6% (40.0)",
        "oppShotsAgainst": "45.1% (27.8) // 45.6% (28.0) // 53.7% (35.4) // 47.7% (28.8)",
        "oppScoringAgainst": "43.7% (27.1) // 39.3% (25.5) // 50.0% (34.8) // 34.2% (24.2)",
        "savesPerGame": 26.7,
        "savesPerGameLast1": 18.0,
        "savesPerGameLast3": 25.0,
        "savesPerGameLast5": 24.4,
        "savesPer60": 26.8,
        "savesPer60Last1": 17.0,
        "savesPer60Last3": 25.2,
        "savesPer60Last5": 24.6,
        "shotsPerGame": 31.5,
        "shotsPerGameLast5": 28.2,
        "shotsAgainstPerGame": 29.3,
        "shotsAgainstPerGameLast5": 26.6,
        "oppSavesAgainstPer60": 31.0,
        "oppSavesAgainstPer60Last1": 29.0,
        "oppSavesAgainstPer60Last3": 27.1,
        "oppSavesAgainstPer60Last5": 28.1,
        "oppShotsAgainstPerGame": 28.2,
        "oppShotsAgainstPerGameLast5": 29.8,
        "savesProj": 32.3,
        "savesProjLast5": 27.3,
        "savesProjLast3": 26.9,
        "oppSavesAgainstProj": 29.0,
        "oppSavesAgainstProjLast5": 24.5,
        "oppSavesAgainstProjLast3": 23.8,
        "totalOver": 51,
        "totalOverLast5": 20,
        "totalOverLast15": 33,
        "lastTotalOver": 56,
        "last5": "1,1,1,2,5,0,1,3,4,4",
        "overOdds": "+120",
        "underOdds": "-150",
        "overUnder": "+120 / -150"
    },
    {
        "player": "Dawson Mercer",
        "team": "NJ",
        "opponent": "NYR",
        "propType": "sog",
        "line": 1.5,
        "ppLine": "PP2",
        "avg": 1.96,
        "hit": false,
        "diffAvg": 0.31,
        "diffAbs": 0.2,
        "lastAvg": 1.88,
        "diff": 0.25,
        "avgMin": 16,
        "proj": 1.8,
        "lastAvgMin": 16.53,
        "oppOver": 0,
        "teamOver": 0,
        "gameLine": "-130",
        "+/-": "+22",
        "L5_+/-": "+5.0",
        "prevMatchup": "2023-03-30 3.0 sog 2023-01-07 1.0 sog 2022-12-12 3.0 sog 2022-11-28 1.0 sog",
        "winLossSplits": "42% - 60%",
        "awayHome": "H",
        "playedYesterday": "N",
        "awayHomeSplits": "46% - 51%",
        "savesAboveExp": 0.388,
        "gsaa": 20.59,
        "corsi": "53.7% (63.4) // 55.1% (64.9) // 47.2% (56.9) // 60.6% (71.6)",
        "fenwick": "53.9% (46.9) // 55.2% (48.2) // 47.8% (44.9) // 57.4% (53.9)",
        "shots": "54.9% (33.9) // 54.4% (33.3) // 46.3% (30.6) // 52.3% (31.6)",
        "scoring": "56.3% (35.0) // 60.7% (39.4) // 50.0% (34.8) // 65.8% (46.5)",
        "corsiAgainst": "46.3% (54.8) // 44.9% (52.8) // 52.8% (63.7) // 39.4% (46.5)",
        "fenwickAgainst": "46.1% (40.1) // 44.8% (39.2) // 52.2% (49.1) // 42.6% (40.0)",
        "shotsAgainst": "45.1% (27.8) // 45.6% (28.0) // 53.7% (35.4) // 47.7% (28.8)",
        "scoringAgainst": "43.7% (27.1) // 39.3% (25.5) // 50.0% (34.8) // 34.2% (24.2)",
        "oppCorsi": "51.4% (57.9) // 49.5% (54.5) // 51.3% (52.2) // 49.0% (50.0)",
        "oppFenwick": "52.0% (43.7) // 50.7% (42.3) // 51.5% (39.2) // 52.7% (39.0)",
        "oppShots": "51.8% (31.1) // 51.8% (30.7) // 50.0% (25.9) // 53.3% (24.0)",
        "oppScoring": "51.3% (30.8) // 48.9% (29.6) // 54.0% (30.5) // 51.9% (28.0)",
        "oppCorsiAgainst": "48.6% (54.7) // 50.5% (55.5) // 48.7% (49.6) // 51.0% (52.0)",
        "oppFenwickAgainst": "48.0% (40.2) // 49.3% (41.1) // 48.5% (37.0) // 47.3% (35.0)",
        "oppShotsAgainst": "48.2% (28.9) // 48.2% (28.6) // 50.0% (25.9) // 46.7% (21.0)",
        "oppScoringAgainst": "48.7% (29.2) // 51.1% (30.9) // 46.0% (25.9) // 48.1% (26.0)",
        "savesPerGame": 25.5,
        "savesPerGameLast1": 27.0,
        "savesPerGameLast3": 33.7,
        "savesPerGameLast5": 27.8,
        "savesPer60": 25.6,
        "savesPer60Last1": 29.0,
        "savesPer60Last3": 34.1,
        "savesPer60Last5": 28.0,
        "shotsPerGame": 34.4,
        "shotsPerGameLast5": 33.4,
        "shotsAgainstPerGame": 28.2,
        "shotsAgainstPerGameLast5": 29.8,
        "oppSavesAgainstPer60": 28.3,
        "oppSavesAgainstPer60Last1": 22.0,
        "oppSavesAgainstPer60Last3": 23.9,
        "oppSavesAgainstPer60Last5": 24.9,
        "oppShotsAgainstPerGame": 29.3,
        "oppShotsAgainstPerGameLast5": 26.6,
        "savesProj": 26.9,
        "savesProjLast5": 26.1,
        "savesProjLast3": 30.6,
        "oppSavesAgainstProj": 25.5,
        "oppSavesAgainstProjLast5": 23.8,
        "oppSavesAgainstProjLast3": 27.7,
        "totalOver": 49,
        "totalOverLast5": 60,
        "totalOverLast15": 47,
        "lastTotalOver": 56,
        "last5": "3,0,1,2,3,0,4,3,2,1",
        "overOdds": "-160",
        "underOdds": "+130",
        "overUnder": "-160 / +130"
    },
    {
        "player": "Dougie Hamilton",
        "team": "NJ",
        "opponent": "NYR",
        "propType": "sog",
        "line": 3.5,
        "ppLine": "PP1",
        "avg": 3.35,
        "hit": false,
        "diffAvg": -0.04,
        "diffAbs": 0.11,
        "lastAvg": 3.18,
        "diff": -0.09,
        "avgMin": 21,
        "proj": 3.1,
        "lastAvgMin": 21.22,
        "oppOver": 0,
        "teamOver": 0,
        "gameLine": "-130",
        "+/-": "+23",
        "L5_+/-": "+1.0",
        "prevMatchup": "2023-03-30 5.0 sog 2023-01-07 3.0 sog 2022-12-12 2.0 sog 2022-11-28 3.0 sog",
        "winLossSplits": "44% - 47%",
        "awayHome": "H",
        "playedYesterday": "N",
        "awayHomeSplits": "44% - 46%",
        "savesAboveExp": 0.388,
        "gsaa": 20.59,
        "corsi": "53.7% (63.4) // 55.1% (64.9) // 47.2% (56.9) // 60.6% (71.6)",
        "fenwick": "53.9% (46.9) // 55.2% (48.2) // 47.8% (44.9) // 57.4% (53.9)",
        "shots": "54.9% (33.9) // 54.4% (33.3) // 46.3% (30.6) // 52.3% (31.6)",
        "scoring": "56.3% (35.0) // 60.7% (39.4) // 50.0% (34.8) // 65.8% (46.5)",
        "corsiAgainst": "46.3% (54.8) // 44.9% (52.8) // 52.8% (63.7) // 39.4% (46.5)",
        "fenwickAgainst": "46.1% (40.1) // 44.8% (39.2) // 52.2% (49.1) // 42.6% (40.0)",
        "shotsAgainst": "45.1% (27.8) // 45.6% (28.0) // 53.7% (35.4) // 47.7% (28.8)",
        "scoringAgainst": "43.7% (27.1) // 39.3% (25.5) // 50.0% (34.8) // 34.2% (24.2)",
        "oppCorsi": "51.4% (57.9) // 49.5% (54.5) // 51.3% (52.2) // 49.0% (50.0)",
        "oppFenwick": "52.0% (43.7) // 50.7% (42.3) // 51.5% (39.2) // 52.7% (39.0)",
        "oppShots": "51.8% (31.1) // 51.8% (30.7) // 50.0% (25.9) // 53.3% (24.0)",
        "oppScoring": "51.3% (30.8) // 48.9% (29.6) // 54.0% (30.5) // 51.9% (28.0)",
        "oppCorsiAgainst": "48.6% (54.7) // 50.5% (55.5) // 48.7% (49.6) // 51.0% (52.0)",
        "oppFenwickAgainst": "48.0% (40.2) // 49.3% (41.1) // 48.5% (37.0) // 47.3% (35.0)",
        "oppShotsAgainst": "48.2% (28.9) // 48.2% (28.6) // 50.0% (25.9) // 46.7% (21.0)",
        "oppScoringAgainst": "48.7% (29.2) // 51.1% (30.9) // 46.0% (25.9) // 48.1% (26.0)",
        "savesPerGame": 25.5,
        "savesPerGameLast1": 27.0,
        "savesPerGameLast3": 33.7,
        "savesPerGameLast5": 27.8,
        "savesPer60": 25.6,
        "savesPer60Last1": 29.0,
        "savesPer60Last3": 34.1,
        "savesPer60Last5": 28.0,
        "shotsPerGame": 34.4,
        "shotsPerGameLast5": 33.4,
        "shotsAgainstPerGame": 28.2,
        "shotsAgainstPerGameLast5": 29.8,
        "oppSavesAgainstPer60": 28.3,
        "oppSavesAgainstPer60Last1": 22.0,
        "oppSavesAgainstPer60Last3": 23.9,
        "oppSavesAgainstPer60Last5": 24.9,
        "oppShotsAgainstPerGame": 29.3,
        "oppShotsAgainstPerGameLast5": 26.6,
        "savesProj": 26.9,
        "savesProjLast5": 26.1,
        "savesProjLast3": 30.6,
        "oppSavesAgainstProj": 25.5,
        "oppSavesAgainstProjLast5": 23.8,
        "oppSavesAgainstProjLast3": 27.7,
        "totalOver": 45,
        "totalOverLast5": 40,
        "totalOverLast15": 47,
        "lastTotalOver": 39,
        "last5": "3,2,4,0,4,1,4,5,5,1",
        "overOdds": "+120",
        "underOdds": "-150",
        "overUnder": "+120 / -150"
    },
    {
        "player": "Erik Haula",
        "team": "NJ",
        "opponent": "NYR",
        "propType": "sog",
        "line": 1.5,
        "ppLine": "PP2",
        "avg": 2.05,
        "hit": false,
        "diffAvg": 0.37,
        "diffAbs": 0.2,
        "lastAvg": 1.66,
        "diff": 0.11,
        "avgMin": 16,
        "proj": 1.8,
        "lastAvgMin": 15.08,
        "oppOver": 0,
        "teamOver": 0,
        "gameLine": "-130",
        "+/-": "+13",
        "L5_+/-": "+1.0",
        "prevMatchup": "2023-03-30 2.0 sog 2023-01-07 2.0 sog 2022-12-12 1.0 sog 2022-11-28 2.0 sog",
        "winLossSplits": "67% - 59%",
        "awayHome": "H",
        "playedYesterday": "N",
        "awayHomeSplits": "68% - 60%",
        "savesAboveExp": 0.388,
        "gsaa": 20.59,
        "corsi": "53.7% (63.4) // 55.1% (64.9) // 47.2% (56.9) // 60.6% (71.6)",
        "fenwick": "53.9% (46.9) // 55.2% (48.2) // 47.8% (44.9) // 57.4% (53.9)",
        "shots": "54.9% (33.9) // 54.4% (33.3) // 46.3% (30.6) // 52.3% (31.6)",
        "scoring": "56.3% (35.0) // 60.7% (39.4) // 50.0% (34.8) // 65.8% (46.5)",
        "corsiAgainst": "46.3% (54.8) // 44.9% (52.8) // 52.8% (63.7) // 39.4% (46.5)",
        "fenwickAgainst": "46.1% (40.1) // 44.8% (39.2) // 52.2% (49.1) // 42.6% (40.0)",
        "shotsAgainst": "45.1% (27.8) // 45.6% (28.0) // 53.7% (35.4) // 47.7% (28.8)",
        "scoringAgainst": "43.7% (27.1) // 39.3% (25.5) // 50.0% (34.8) // 34.2% (24.2)",
        "oppCorsi": "51.4% (57.9) // 49.5% (54.5) // 51.3% (52.2) // 49.0% (50.0)",
        "oppFenwick": "52.0% (43.7) // 50.7% (42.3) // 51.5% (39.2) // 52.7% (39.0)",
        "oppShots": "51.8% (31.1) // 51.8% (30.7) // 50.0% (25.9) // 53.3% (24.0)",
        "oppScoring": "51.3% (30.8) // 48.9% (29.6) // 54.0% (30.5) // 51.9% (28.0)",
        "oppCorsiAgainst": "48.6% (54.7) // 50.5% (55.5) // 48.7% (49.6) // 51.0% (52.0)",
        "oppFenwickAgainst": "48.0% (40.2) // 49.3% (41.1) // 48.5% (37.0) // 47.3% (35.0)",
        "oppShotsAgainst": "48.2% (28.9) // 48.2% (28.6) // 50.0% (25.9) // 46.7% (21.0)",
        "oppScoringAgainst": "48.7% (29.2) // 51.1% (30.9) // 46.0% (25.9) // 48.1% (26.0)",
        "savesPerGame": 25.5,
        "savesPerGameLast1": 27.0,
        "savesPerGameLast3": 33.7,
        "savesPerGameLast5": 27.8,
        "savesPer60": 25.6,
        "savesPer60Last1": 29.0,
        "savesPer60Last3": 34.1,
        "savesPer60Last5": 28.0,
        "shotsPerGame": 34.4,
        "shotsPerGameLast5": 33.4,
        "shotsAgainstPerGame": 28.2,
        "shotsAgainstPerGameLast5": 29.8,
        "oppSavesAgainstPer60": 28.3,
        "oppSavesAgainstPer60Last1": 22.0,
        "oppSavesAgainstPer60Last3": 23.9,
        "oppSavesAgainstPer60Last5": 24.9,
        "oppShotsAgainstPerGame": 29.3,
        "oppShotsAgainstPerGameLast5": 26.6,
        "savesProj": 26.9,
        "savesProjLast5": 26.1,
        "savesProjLast3": 30.6,
        "oppSavesAgainstProj": 25.5,
        "oppSavesAgainstProjLast5": 23.8,
        "oppSavesAgainstProjLast3": 27.7,
        "totalOver": 64,
        "totalOverLast5": 100,
        "totalOverLast15": 67,
        "lastTotalOver": 59,
        "last5": "4,2,3,3,2,2,4,2,1,1",
        "overOdds": "-165",
        "underOdds": "+135",
        "overUnder": "-165 / +135"
    },
    {
        "player": "Jack Hughes",
        "team": "NJ",
        "opponent": "NYR",
        "propType": "sog",
        "line": 3.5,
        "ppLine": "PP1",
        "avg": 4.31,
        "hit": false,
        "diffAvg": 0.23,
        "diffAbs": 0.11,
        "lastAvg": 3.24,
        "diff": -0.07,
        "avgMin": 19,
        "proj": 3.1,
        "lastAvgMin": 19.55,
        "oppOver": 0,
        "teamOver": 0,
        "gameLine": "-130",
        "+/-": "+11",
        "L5_+/-": "+4.0",
        "prevMatchup": "2023-03-30 3.0 sog 2023-01-07 10.0 sog 2022-12-12 7.0 sog 2022-11-28 8.0 sog",
        "winLossSplits": "58% - 71%",
        "awayHome": "H",
        "playedYesterday": "N",
        "awayHomeSplits": "58% - 68%",
        "savesAboveExp": 0.388,
        "gsaa": 20.59,
        "corsi": "53.7% (63.4) // 55.1% (64.9) // 47.2% (56.9) // 60.6% (71.6)",
        "fenwick": "53.9% (46.9) // 55.2% (48.2) // 47.8% (44.9) // 57.4% (53.9)",
        "shots": "54.9% (33.9) // 54.4% (33.3) // 46.3% (30.6) // 52.3% (31.6)",
        "scoring": "56.3% (35.0) // 60.7% (39.4) // 50.0% (34.8) // 65.8% (46.5)",
        "corsiAgainst": "46.3% (54.8) // 44.9% (52.8) // 52.8% (63.7) // 39.4% (46.5)",
        "fenwickAgainst": "46.1% (40.1) // 44.8% (39.2) // 52.2% (49.1) // 42.6% (40.0)",
        "shotsAgainst": "45.1% (27.8) // 45.6% (28.0) // 53.7% (35.4) // 47.7% (28.8)",
        "scoringAgainst": "43.7% (27.1) // 39.3% (25.5) // 50.0% (34.8) // 34.2% (24.2)",
        "oppCorsi": "51.4% (57.9) // 49.5% (54.5) // 51.3% (52.2) // 49.0% (50.0)",
        "oppFenwick": "52.0% (43.7) // 50.7% (42.3) // 51.5% (39.2) // 52.7% (39.0)",
        "oppShots": "51.8% (31.1) // 51.8% (30.7) // 50.0% (25.9) // 53.3% (24.0)",
        "oppScoring": "51.3% (30.8) // 48.9% (29.6) // 54.0% (30.5) // 51.9% (28.0)",
        "oppCorsiAgainst": "48.6% (54.7) // 50.5% (55.5) // 48.7% (49.6) // 51.0% (52.0)",
        "oppFenwickAgainst": "48.0% (40.2) // 49.3% (41.1) // 48.5% (37.0) // 47.3% (35.0)",
        "oppShotsAgainst": "48.2% (28.9) // 48.2% (28.6) // 50.0% (25.9) // 46.7% (21.0)",
        "oppScoringAgainst": "48.7% (29.2) // 51.1% (30.9) // 46.0% (25.9) // 48.1% (26.0)",
        "savesPerGame": 25.5,
        "savesPerGameLast1": 27.0,
        "savesPerGameLast3": 33.7,
        "savesPerGameLast5": 27.8,
        "savesPer60": 25.6,
        "savesPer60Last1": 29.0,
        "savesPer60Last3": 34.1,
        "savesPer60Last5": 28.0,
        "shotsPerGame": 34.4,
        "shotsPerGameLast5": 33.4,
        "shotsAgainstPerGame": 28.2,
        "shotsAgainstPerGameLast5": 29.8,
        "oppSavesAgainstPer60": 28.3,
        "oppSavesAgainstPer60Last1": 22.0,
        "oppSavesAgainstPer60Last3": 23.9,
        "oppSavesAgainstPer60Last5": 24.9,
        "oppShotsAgainstPerGame": 29.3,
        "oppShotsAgainstPerGameLast5": 26.6,
        "savesProj": 26.9,
        "savesProjLast5": 26.1,
        "savesProjLast3": 30.6,
        "oppSavesAgainstProj": 25.5,
        "oppSavesAgainstProjLast5": 23.8,
        "oppSavesAgainstProjLast3": 27.7,
        "totalOver": 63,
        "totalOverLast5": 40,
        "totalOverLast15": 47,
        "lastTotalOver": 46,
        "last5": "5,2,1,3,4,2,2,3,4,6",
        "overOdds": "-155",
        "underOdds": "+125",
        "overUnder": "-155 / +125"
    },
    {
        "player": "Jesper Bratt",
        "team": "NJ",
        "opponent": "NYR",
        "propType": "sog",
        "line": 2.5,
        "ppLine": "PP1",
        "avg": 2.59,
        "hit": false,
        "diffAvg": 0.04,
        "diffAbs": 0.0,
        "lastAvg": 2.59,
        "diff": 0.04,
        "avgMin": 17,
        "proj": 2.5,
        "lastAvgMin": 17.42,
        "oppOver": 0,
        "teamOver": 0,
        "gameLine": "-130",
        "+/-": "+14",
        "L5_+/-": "+1.0",
        "prevMatchup": "2023-03-30 1.0 sog 2023-01-07 6.0 sog 2022-12-12 2.0 sog 2022-11-28 1.0 sog",
        "winLossSplits": "40% - 40%",
        "awayHome": "H",
        "playedYesterday": "N",
        "awayHomeSplits": "41% - 39%",
        "savesAboveExp": 0.388,
        "gsaa": 20.59,
        "corsi": "53.7% (63.4) // 55.1% (64.9) // 47.2% (56.9) // 60.6% (71.6)",
        "fenwick": "53.9% (46.9) // 55.2% (48.2) // 47.8% (44.9) // 57.4% (53.9)",
        "shots": "54.9% (33.9) // 54.4% (33.3) // 46.3% (30.6) // 52.3% (31.6)",
        "scoring": "56.3% (35.0) // 60.7% (39.4) // 50.0% (34.8) // 65.8% (46.5)",
        "corsiAgainst": "46.3% (54.8) // 44.9% (52.8) // 52.8% (63.7) // 39.4% (46.5)",
        "fenwickAgainst": "46.1% (40.1) // 44.8% (39.2) // 52.2% (49.1) // 42.6% (40.0)",
        "shotsAgainst": "45.1% (27.8) // 45.6% (28.0) // 53.7% (35.4) // 47.7% (28.8)",
        "scoringAgainst": "43.7% (27.1) // 39.3% (25.5) // 50.0% (34.8) // 34.2% (24.2)",
        "oppCorsi": "51.4% (57.9) // 49.5% (54.5) // 51.3% (52.2) // 49.0% (50.0)",
        "oppFenwick": "52.0% (43.7) // 50.7% (42.3) // 51.5% (39.2) // 52.7% (39.0)",
        "oppShots": "51.8% (31.1) // 51.8% (30.7) // 50.0% (25.9) // 53.3% (24.0)",
        "oppScoring": "51.3% (30.8) // 48.9% (29.6) // 54.0% (30.5) // 51.9% (28.0)",
        "oppCorsiAgainst": "48.6% (54.7) // 50.5% (55.5) // 48.7% (49.6) // 51.0% (52.0)",
        "oppFenwickAgainst": "48.0% (40.2) // 49.3% (41.1) // 48.5% (37.0) // 47.3% (35.0)",
        "oppShotsAgainst": "48.2% (28.9) // 48.2% (28.6) // 50.0% (25.9) // 46.7% (21.0)",
        "oppScoringAgainst": "48.7% (29.2) // 51.1% (30.9) // 46.0% (25.9) // 48.1% (26.0)",
        "savesPerGame": 25.5,
        "savesPerGameLast1": 27.0,
        "savesPerGameLast3": 33.7,
        "savesPerGameLast5": 27.8,
        "savesPer60": 25.6,
        "savesPer60Last1": 29.0,
        "savesPer60Last3": 34.1,
        "savesPer60Last5": 28.0,
        "shotsPerGame": 34.4,
        "shotsPerGameLast5": 33.4,
        "shotsAgainstPerGame": 28.2,
        "shotsAgainstPerGameLast5": 29.8,
        "oppSavesAgainstPer60": 28.3,
        "oppSavesAgainstPer60Last1": 22.0,
        "oppSavesAgainstPer60Last3": 23.9,
        "oppSavesAgainstPer60Last5": 24.9,
        "oppShotsAgainstPerGame": 29.3,
        "oppShotsAgainstPerGameLast5": 26.6,
        "savesProj": 26.9,
        "savesProjLast5": 26.1,
        "savesProjLast3": 30.6,
        "oppSavesAgainstProj": 25.5,
        "oppSavesAgainstProjLast5": 23.8,
        "oppSavesAgainstProjLast3": 27.7,
        "totalOver": 40,
        "totalOverLast5": 40,
        "totalOverLast15": 33,
        "lastTotalOver": 47,
        "last5": "2,5,5,0,1,2,2,1,2,2",
        "overOdds": "+110",
        "underOdds": "-140",
        "overUnder": "+110 / -140"
    },
    {
        "player": "Mika Zibanejad",
        "team": "NYR",
        "opponent": "NJ",
        "propType": "sog",
        "line": 2.5,
        "ppLine": "PP1",
        "avg": 3.06,
        "hit": false,
        "diffAvg": 0.22,
        "diffAbs": 0.16,
        "lastAvg": 2.17,
        "diff": -0.13,
        "avgMin": 19,
        "proj": 2.1,
        "lastAvgMin": 19.62,
        "oppOver": 0,
        "teamOver": 0,
        "gameLine": "+110",
        "+/-": "+25",
        "L5_+/-": "+1.0",
        "prevMatchup": "2023-03-30 0.0 sog 2023-01-07 2.0 sog 2022-12-12 3.0 sog 2022-11-28 4.0 sog",
        "winLossSplits": "62% - 63%",
        "awayHome": "A",
        "playedYesterday": "N",
        "awayHomeSplits": "56% - 68%",
        "savesAboveExp": 0.109,
        "gsaa": 8.64,
        "corsi": "51.4% (57.9) // 49.5% (54.5) // 51.3% (52.2) // 49.0% (50.0)",
        "fenwick": "52.0% (43.7) // 50.7% (42.3) // 51.5% (39.2) // 52.7% (39.0)",
        "shots": "51.8% (31.1) // 51.8% (30.7) // 50.0% (25.9) // 53.3% (24.0)",
        "scoring": "51.3% (30.8) // 48.9% (29.6) // 54.0% (30.5) // 51.9% (28.0)",
        "corsiAgainst": "48.6% (54.7) // 50.5% (55.5) // 48.7% (49.6) // 51.0% (52.0)",
        "fenwickAgainst": "48.0% (40.2) // 49.3% (41.1) // 48.5% (37.0) // 47.3% (35.0)",
        "shotsAgainst": "48.2% (28.9) // 48.2% (28.6) // 50.0% (25.9) // 46.7% (21.0)",
        "scoringAgainst": "48.7% (29.2) // 51.1% (30.9) // 46.0% (25.9) // 48.1% (26.0)",
        "oppCorsi": "53.7% (63.4) // 55.1% (64.9) // 47.2% (56.9) // 60.6% (71.6)",
        "oppFenwick": "53.9% (46.9) // 55.2% (48.2) // 47.8% (44.9) // 57.4% (53.9)",
        "oppShots": "54.9% (33.9) // 54.4% (33.3) // 46.3% (30.6) // 52.3% (31.6)",
        "oppScoring": "56.3% (35.0) // 60.7% (39.4) // 50.0% (34.8) // 65.8% (46.5)",
        "oppCorsiAgainst": "46.3% (54.8) // 44.9% (52.8) // 52.8% (63.7) // 39.4% (46.5)",
        "oppFenwickAgainst": "46.1% (40.1) // 44.8% (39.2) // 52.2% (49.1) // 42.6% (40.0)",
        "oppShotsAgainst": "45.1% (27.8) // 45.6% (28.0) // 53.7% (35.4) // 47.7% (28.8)",
        "oppScoringAgainst": "43.7% (27.1) // 39.3% (25.5) // 50.0% (34.8) // 34.2% (24.2)",
        "savesPerGame": 26.7,
        "savesPerGameLast1": 18.0,
        "savesPerGameLast3": 25.0,
        "savesPerGameLast5": 24.4,
        "savesPer60": 26.8,
        "savesPer60Last1": 17.0,
        "savesPer60Last3": 25.2,
        "savesPer60Last5": 24.6,
        "shotsPerGame": 31.5,
        "shotsPerGameLast5": 28.2,
        "shotsAgainstPerGame": 29.3,
        "shotsAgainstPerGameLast5": 26.6,
        "oppSavesAgainstPer60": 31.0,
        "oppSavesAgainstPer60Last1": 29.0,
        "oppSavesAgainstPer60Last3": 27.1,
        "oppSavesAgainstPer60Last5": 28.1,
        "oppShotsAgainstPerGame": 28.2,
        "oppShotsAgainstPerGameLast5": 29.8,
        "savesProj": 32.3,
        "savesProjLast5": 27.3,
        "savesProjLast3": 26.9,
        "oppSavesAgainstProj": 29.0,
        "oppSavesAgainstProjLast5": 24.5,
        "oppSavesAgainstProjLast3": 23.8,
        "totalOver": 62,
        "totalOverLast5": 60,
        "totalOverLast15": 47,
        "lastTotalOver": 43,
        "last5": "3,4,2,0,3,3,0,0,3,4",
        "overOdds": "-125",
        "underOdds": "-105",
        "overUnder": "-125 / -105"
    },
    {
        "player": "Nico Hischier",
        "team": "NJ",
        "opponent": "NYR",
        "propType": "sog",
        "line": 2.5,
        "ppLine": "PP1",
        "avg": 3.16,
        "hit": false,
        "diffAvg": 0.26,
        "diffAbs": 0.16,
        "lastAvg": 2.19,
        "diff": -0.12,
        "avgMin": 19,
        "proj": 2.1,
        "lastAvgMin": 19.33,
        "oppOver": 0,
        "teamOver": 0,
        "gameLine": "-130",
        "+/-": "+31",
        "L5_+/-": "+1.0",
        "prevMatchup": "2023-03-30 2.0 sog 2023-01-07 4.0 sog 2022-12-12 1.0 sog 2022-11-28 6.0 sog",
        "winLossSplits": "50% - 76%",
        "awayHome": "H",
        "playedYesterday": "N",
        "awayHomeSplits": "48% - 71%",
        "savesAboveExp": 0.388,
        "gsaa": 20.59,
        "corsi": "53.7% (63.4) // 55.1% (64.9) // 47.2% (56.9) // 60.6% (71.6)",
        "fenwick": "53.9% (46.9) // 55.2% (48.2) // 47.8% (44.9) // 57.4% (53.9)",
        "shots": "54.9% (33.9) // 54.4% (33.3) // 46.3% (30.6) // 52.3% (31.6)",
        "scoring": "56.3% (35.0) // 60.7% (39.4) // 50.0% (34.8) // 65.8% (46.5)",
        "corsiAgainst": "46.3% (54.8) // 44.9% (52.8) // 52.8% (63.7) // 39.4% (46.5)",
        "fenwickAgainst": "46.1% (40.1) // 44.8% (39.2) // 52.2% (49.1) // 42.6% (40.0)",
        "shotsAgainst": "45.1% (27.8) // 45.6% (28.0) // 53.7% (35.4) // 47.7% (28.8)",
        "scoringAgainst": "43.7% (27.1) // 39.3% (25.5) // 50.0% (34.8) // 34.2% (24.2)",
        "oppCorsi": "51.4% (57.9) // 49.5% (54.5) // 51.3% (52.2) // 49.0% (50.0)",
        "oppFenwick": "52.0% (43.7) // 50.7% (42.3) // 51.5% (39.2) // 52.7% (39.0)",
        "oppShots": "51.8% (31.1) // 51.8% (30.7) // 50.0% (25.9) // 53.3% (24.0)",
        "oppScoring": "51.3% (30.8) // 48.9% (29.6) // 54.0% (30.5) // 51.9% (28.0)",
        "oppCorsiAgainst": "48.6% (54.7) // 50.5% (55.5) // 48.7% (49.6) // 51.0% (52.0)",
        "oppFenwickAgainst": "48.0% (40.2) // 49.3% (41.1) // 48.5% (37.0) // 47.3% (35.0)",
        "oppShotsAgainst": "48.2% (28.9) // 48.2% (28.6) // 50.0% (25.9) // 46.7% (21.0)",
        "oppScoringAgainst": "48.7% (29.2) // 51.1% (30.9) // 46.0% (25.9) // 48.1% (26.0)",
        "savesPerGame": 25.5,
        "savesPerGameLast1": 27.0,
        "savesPerGameLast3": 33.7,
        "savesPerGameLast5": 27.8,
        "savesPer60": 25.6,
        "savesPer60Last1": 29.0,
        "savesPer60Last3": 34.1,
        "savesPer60Last5": 28.0,
        "shotsPerGame": 34.4,
        "shotsPerGameLast5": 33.4,
        "shotsAgainstPerGame": 28.2,
        "shotsAgainstPerGameLast5": 29.8,
        "oppSavesAgainstPer60": 28.3,
        "oppSavesAgainstPer60Last1": 22.0,
        "oppSavesAgainstPer60Last3": 23.9,
        "oppSavesAgainstPer60Last5": 24.9,
        "oppShotsAgainstPerGame": 29.3,
        "oppShotsAgainstPerGameLast5": 26.6,
        "savesProj": 26.9,
        "savesProjLast5": 26.1,
        "savesProjLast3": 30.6,
        "oppSavesAgainstProj": 25.5,
        "oppSavesAgainstProjLast5": 23.8,
        "oppSavesAgainstProjLast3": 27.7,
        "totalOver": 59,
        "totalOverLast5": 40,
        "totalOverLast15": 47,
        "lastTotalOver": 37,
        "last5": "3,2,1,2,4,8,1,2,1,4",
        "overOdds": "-130",
        "underOdds": "+100",
        "overUnder": "-130 / +100"
    },
    {
        "player": "Patrick Kane",
        "team": "NYR",
        "opponent": "NJ",
        "propType": "sog",
        "line": 2.5,
        "ppLine": "PP1",
        "avg": 3.11,
        "hit": false,
        "diffAvg": 0.24,
        "diffAbs": 0.28,
        "lastAvg": 3.68,
        "diff": 0.47,
        "avgMin": 19,
        "proj": 3.2,
        "lastAvgMin": 21.82,
        "oppOver": 0,
        "teamOver": 0,
        "gameLine": "+110",
        "+/-": "+1",
        "L5_+/-": 0.0,
        "prevMatchup": "2023-03-30 3.0 sog 2022-12-06 7.0 sog",
        "winLossSplits": "46% - 62%",
        "awayHome": "A",
        "playedYesterday": "N",
        "awayHomeSplits": "61% - 51%",
        "savesAboveExp": 0.109,
        "gsaa": 8.64,
        "corsi": "51.4% (57.9) // 49.5% (54.5) // 51.3% (52.2) // 49.0% (50.0)",
        "fenwick": "52.0% (43.7) // 50.7% (42.3) // 51.5% (39.2) // 52.7% (39.0)",
        "shots": "51.8% (31.1) // 51.8% (30.7) // 50.0% (25.9) // 53.3% (24.0)",
        "scoring": "51.3% (30.8) // 48.9% (29.6) // 54.0% (30.5) // 51.9% (28.0)",
        "corsiAgainst": "48.6% (54.7) // 50.5% (55.5) // 48.7% (49.6) // 51.0% (52.0)",
        "fenwickAgainst": "48.0% (40.2) // 49.3% (41.1) // 48.5% (37.0) // 47.3% (35.0)",
        "shotsAgainst": "48.2% (28.9) // 48.2% (28.6) // 50.0% (25.9) // 46.7% (21.0)",
        "scoringAgainst": "48.7% (29.2) // 51.1% (30.9) // 46.0% (25.9) // 48.1% (26.0)",
        "oppCorsi": "53.7% (63.4) // 55.1% (64.9) // 47.2% (56.9) // 60.6% (71.6)",
        "oppFenwick": "53.9% (46.9) // 55.2% (48.2) // 47.8% (44.9) // 57.4% (53.9)",
        "oppShots": "54.9% (33.9) // 54.4% (33.3) // 46.3% (30.6) // 52.3% (31.6)",
        "oppScoring": "56.3% (35.0) // 60.7% (39.4) // 50.0% (34.8) // 65.8% (46.5)",
        "oppCorsiAgainst": "46.3% (54.8) // 44.9% (52.8) // 52.8% (63.7) // 39.4% (46.5)",
        "oppFenwickAgainst": "46.1% (40.1) // 44.8% (39.2) // 52.2% (49.1) // 42.6% (40.0)",
        "oppShotsAgainst": "45.1% (27.8) // 45.6% (28.0) // 53.7% (35.4) // 47.7% (28.8)",
        "oppScoringAgainst": "43.7% (27.1) // 39.3% (25.5) // 50.0% (34.8) // 34.2% (24.2)",
        "savesPerGame": 26.7,
        "savesPerGameLast1": 18.0,
        "savesPerGameLast3": 25.0,
        "savesPerGameLast5": 24.4,
        "savesPer60": 26.8,
        "savesPer60Last1": 17.0,
        "savesPer60Last3": 25.2,
        "savesPer60Last5": 24.6,
        "shotsPerGame": 31.5,
        "shotsPerGameLast5": 28.2,
        "shotsAgainstPerGame": 29.3,
        "shotsAgainstPerGameLast5": 26.6,
        "oppSavesAgainstPer60": 31.0,
        "oppSavesAgainstPer60Last1": 29.0,
        "oppSavesAgainstPer60Last3": 27.1,
        "oppSavesAgainstPer60Last5": 28.1,
        "oppShotsAgainstPerGame": 28.2,
        "oppShotsAgainstPerGameLast5": 29.8,
        "savesProj": 32.3,
        "savesProjLast5": 27.3,
        "savesProjLast3": 26.9,
        "oppSavesAgainstProj": 29.0,
        "oppSavesAgainstProjLast5": 24.5,
        "oppSavesAgainstProjLast3": 23.8,
        "totalOver": 56,
        "totalOverLast5": 20,
        "totalOverLast15": 27,
        "lastTotalOver": 62,
        "last5": "2,1,3,1,1,3,1,5,1,2",
        "overOdds": "-120",
        "underOdds": "-110",
        "overUnder": "-120 / -110"
    },
    {
        "player": "Timo Meier",
        "team": "NJ",
        "opponent": "NYR",
        "propType": "sog",
        "line": 3.5,
        "ppLine": "PP1",
        "avg": 4.18,
        "hit": false,
        "diffAvg": 0.19,
        "diffAbs": 0.17,
        "lastAvg": 4.18,
        "diff": 0.19,
        "avgMin": 19,
        "proj": 4.1,
        "lastAvgMin": 19.15,
        "oppOver": 0,
        "teamOver": 0,
        "gameLine": "-130",
        "+/-": 0,
        "L5_+/-": "+1.0",
        "prevMatchup": "2023-03-30 2.0 sog 2022-11-19 3.0 sog 2022-10-20 5.0 sog",
        "winLossSplits": "52% - 65%",
        "awayHome": "H",
        "playedYesterday": "N",
        "awayHomeSplits": "52% - 69%",
        "savesAboveExp": 0.388,
        "gsaa": 20.59,
        "corsi": "53.7% (63.4) // 55.1% (64.9) // 47.2% (56.9) // 60.6% (71.6)",
        "fenwick": "53.9% (46.9) // 55.2% (48.2) // 47.8% (44.9) // 57.4% (53.9)",
        "shots": "54.9% (33.9) // 54.4% (33.3) // 46.3% (30.6) // 52.3% (31.6)",
        "scoring": "56.3% (35.0) // 60.7% (39.4) // 50.0% (34.8) // 65.8% (46.5)",
        "corsiAgainst": "46.3% (54.8) // 44.9% (52.8) // 52.8% (63.7) // 39.4% (46.5)",
        "fenwickAgainst": "46.1% (40.1) // 44.8% (39.2) // 52.2% (49.1) // 42.6% (40.0)",
        "shotsAgainst": "45.1% (27.8) // 45.6% (28.0) // 53.7% (35.4) // 47.7% (28.8)",
        "scoringAgainst": "43.7% (27.1) // 39.3% (25.5) // 50.0% (34.8) // 34.2% (24.2)",
        "oppCorsi": "51.4% (57.9) // 49.5% (54.5) // 51.3% (52.2) // 49.0% (50.0)",
        "oppFenwick": "52.0% (43.7) // 50.7% (42.3) // 51.5% (39.2) // 52.7% (39.0)",
        "oppShots": "51.8% (31.1) // 51.8% (30.7) // 50.0% (25.9) // 53.3% (24.0)",
        "oppScoring": "51.3% (30.8) // 48.9% (29.6) // 54.0% (30.5) // 51.9% (28.0)",
        "oppCorsiAgainst": "48.6% (54.7) // 50.5% (55.5) // 48.7% (49.6) // 51.0% (52.0)",
        "oppFenwickAgainst": "48.0% (40.2) // 49.3% (41.1) // 48.5% (37.0) // 47.3% (35.0)",
        "oppShotsAgainst": "48.2% (28.9) // 48.2% (28.6) // 50.0% (25.9) // 46.7% (21.0)",
        "oppScoringAgainst": "48.7% (29.2) // 51.1% (30.9) // 46.0% (25.9) // 48.1% (26.0)",
        "savesPerGame": 25.5,
        "savesPerGameLast1": 27.0,
        "savesPerGameLast3": 33.7,
        "savesPerGameLast5": 27.8,
        "savesPer60": 25.6,
        "savesPer60Last1": 29.0,
        "savesPer60Last3": 34.1,
        "savesPer60Last5": 28.0,
        "shotsPerGame": 34.4,
        "shotsPerGameLast5": 33.4,
        "shotsAgainstPerGame": 28.2,
        "shotsAgainstPerGameLast5": 29.8,
        "oppSavesAgainstPer60": 28.3,
        "oppSavesAgainstPer60Last1": 22.0,
        "oppSavesAgainstPer60Last3": 23.9,
        "oppSavesAgainstPer60Last5": 24.9,
        "oppShotsAgainstPerGame": 29.3,
        "oppShotsAgainstPerGameLast5": 26.6,
        "savesProj": 26.9,
        "savesProjLast5": 26.1,
        "savesProjLast3": 30.6,
        "oppSavesAgainstProj": 25.5,
        "oppSavesAgainstProjLast5": 23.8,
        "oppSavesAgainstProjLast3": 27.7,
        "totalOver": 60,
        "totalOverLast5": 20,
        "totalOverLast15": 40,
        "lastTotalOver": 62,
        "last5": "3,0,5,3,2,2,5,2,3,5",
        "overOdds": "-115",
        "underOdds": "-115",
        "overUnder": "-115 / -115"
    },
    {
        "player": "Vincent Trocheck",
        "team": "NYR",
        "opponent": "NJ",
        "propType": "sog",
        "line": 2.5,
        "ppLine": "PP2",
        "avg": 2.74,
        "hit": false,
        "diffAvg": 0.1,
        "diffAbs": 0.24,
        "lastAvg": 1.77,
        "diff": -0.29,
        "avgMin": 19,
        "proj": 1.9,
        "lastAvgMin": 17.87,
        "oppOver": 0,
        "teamOver": 0,
        "gameLine": "+110",
        "+/-": "+3",
        "L5_+/-": "+1.0",
        "prevMatchup": "2023-03-30 2.0 sog 2023-01-07 5.0 sog 2022-12-12 1.0 sog 2022-11-28 5.0 sog",
        "winLossSplits": "43% - 43%",
        "awayHome": "A",
        "playedYesterday": "N",
        "awayHomeSplits": "44% - 41%",
        "savesAboveExp": 0.109,
        "gsaa": 8.64,
        "corsi": "51.4% (57.9) // 49.5% (54.5) // 51.3% (52.2) // 49.0% (50.0)",
        "fenwick": "52.0% (43.7) // 50.7% (42.3) // 51.5% (39.2) // 52.7% (39.0)",
        "shots": "51.8% (31.1) // 51.8% (30.7) // 50.0% (25.9) // 53.3% (24.0)",
        "scoring": "51.3% (30.8) // 48.9% (29.6) // 54.0% (30.5) // 51.9% (28.0)",
        "corsiAgainst": "48.6% (54.7) // 50.5% (55.5) // 48.7% (49.6) // 51.0% (52.0)",
        "fenwickAgainst": "48.0% (40.2) // 49.3% (41.1) // 48.5% (37.0) // 47.3% (35.0)",
        "shotsAgainst": "48.2% (28.9) // 48.2% (28.6) // 50.0% (25.9) // 46.7% (21.0)",
        "scoringAgainst": "48.7% (29.2) // 51.1% (30.9) // 46.0% (25.9) // 48.1% (26.0)",
        "oppCorsi": "53.7% (63.4) // 55.1% (64.9) // 47.2% (56.9) // 60.6% (71.6)",
        "oppFenwick": "53.9% (46.9) // 55.2% (48.2) // 47.8% (44.9) // 57.4% (53.9)",
        "oppShots": "54.9% (33.9) // 54.4% (33.3) // 46.3% (30.6) // 52.3% (31.6)",
        "oppScoring": "56.3% (35.0) // 60.7% (39.4) // 50.0% (34.8) // 65.8% (46.5)",
        "oppCorsiAgainst": "46.3% (54.8) // 44.9% (52.8) // 52.8% (63.7) // 39.4% (46.5)",
        "oppFenwickAgainst": "46.1% (40.1) // 44.8% (39.2) // 52.2% (49.1) // 42.6% (40.0)",
        "oppShotsAgainst": "45.1% (27.8) // 45.6% (28.0) // 53.7% (35.4) // 47.7% (28.8)",
        "oppScoringAgainst": "43.7% (27.1) // 39.3% (25.5) // 50.0% (34.8) // 34.2% (24.2)",
        "savesPerGame": 26.7,
        "savesPerGameLast1": 18.0,
        "savesPerGameLast3": 25.0,
        "savesPerGameLast5": 24.4,
        "savesPer60": 26.8,
        "savesPer60Last1": 17.0,
        "savesPer60Last3": 25.2,
        "savesPer60Last5": 24.6,
        "shotsPerGame": 31.5,
        "shotsPerGameLast5": 28.2,
        "shotsAgainstPerGame": 29.3,
        "shotsAgainstPerGameLast5": 26.6,
        "oppSavesAgainstPer60": 31.0,
        "oppSavesAgainstPer60Last1": 29.0,
        "oppSavesAgainstPer60Last3": 27.1,
        "oppSavesAgainstPer60Last5": 28.1,
        "oppShotsAgainstPerGame": 28.2,
        "oppShotsAgainstPerGameLast5": 29.8,
        "savesProj": 32.3,
        "savesProjLast5": 27.3,
        "savesProjLast3": 26.9,
        "oppSavesAgainstProj": 29.0,
        "oppSavesAgainstProjLast5": 24.5,
        "oppSavesAgainstProjLast3": 23.8,
        "totalOver": 43,
        "totalOverLast5": 20,
        "totalOverLast15": 20,
        "lastTotalOver": 40,
        "last5": "2,1,3,2,2,4,2,2,1,4",
        "overOdds": "+150",
        "underOdds": "-185",
        "overUnder": "+150 / -185"
    },
    {
        "player": "Vladimir Tarasenko",
        "team": "NYR",
        "opponent": "NJ",
        "propType": "sog",
        "line": 2.5,
        "ppLine": "PP2",
        "avg": 2.13,
        "hit": false,
        "diffAvg": -0.15,
        "diffAbs": 1.0,
        "lastAvg": 0,
        "diff": 0,
        "avgMin": 15,
        "proj": 0.0,
        "lastAvgMin": 0,
        "oppOver": 0,
        "teamOver": 0,
