[
    {
        "player": "Vitek Vanecek",
        "team": "NJ",
        "opponent": "CBJ",
        "propType": "sv",
        "line": 23.5,
        "ppLine": "",
        "avg": 23.24,
        "hit": false,
        "diffAvg": -0.01,
        "diffAbs": 0.02,
        "lastAvg": 23.05,
        "diff": -0.02,
        "avgMin": 55,
        "proj": 23.0,
        "lastAvgMin": 55.17,
        "oppOver": 66,
        "teamOver": 60,
        "gameLine": "-410",
        "+/-": 0,
        "L5_+/-": 0,
        "prevMatchup": "2022-10-30 cbj @ nj 20.0 sv 2023-02-14 nj @ cbj 31.0 sv",
        "winLossSplits": "75% - 22%",
        "awayHome": "H",
        "playedYesterday": "N",
        "awayHomeSplits": "61% - 52%",
        "savesAboveExp": 0.109,
        "gsaa": 6.35,
        "corsi": "53.8% (63.6) // 56.2% (66.9) // 58.7% (68.0) // 62.0% (69.0)",
        "fenwick": "54.0% (46.9) // 55.4% (49.1) // 57.2% (48.4) // 61.2% (49.0)",
        "shots": "55.1% (34.1) // 56.5% (35.6) // 57.2% (34.2) // 61.9% (36.3)",
        "scoring": "56.5% (34.9) // 61.6% (38.7) // 66.2% (41.2) // 69.1% (40.3)",
        "corsiAgainst": "46.2% (54.6) // 43.8% (52.3) // 41.3% (47.8) // 38.0% (42.3)",
        "fenwickAgainst": "46.0% (39.9) // 44.6% (39.6) // 42.8% (36.2) // 38.8% (31.0)",
        "shotsAgainst": "44.9% (27.7) // 43.5% (27.4) // 42.8% (25.6) // 38.1% (22.3)",
        "scoringAgainst": "43.5% (26.9) // 38.4% (24.1) // 33.8% (21.0) // 30.9% (18.0)",
        "oppCorsi": "45.7% (55.2) // 44.4% (54.5) // 40.8% (48.4) // 38.0% (47.3)",
        "oppFenwick": "45.5% (41.0) // 42.5% (39.5) // 38.6% (35.3) // 35.4% (33.9)",
        "oppShots": "45.4% (29.2) // 43.6% (29.1) // 39.3% (24.9) // 35.4% (23.0)",
        "oppScoring": "44.8% (27.1) // 43.1% (28.5) // 38.8% (25.3) // 35.0% (24.0)",
        "oppCorsiAgainst": "54.3% (65.6) // 55.6% (68.3) // 59.2% (70.2) // 62.0% (77.2)",
        "oppFenwickAgainst": "54.5% (49.3) // 57.5% (53.5) // 61.4% (56.0) // 64.6% (61.9)",
        "oppShotsAgainst": "54.6% (35.2) // 56.4% (37.6) // 60.7% (38.5) // 64.6% (41.9)",
        "oppScoringAgainst": "55.2% (33.4) // 56.9% (37.6) // 61.2% (39.9) // 65.0% (44.6)",
        "savesPerGame": 25.3,
        "savesPerGameLast1": 22.0,
        "savesPerGameLast3": 19.0,
        "savesPerGameLast5": 22.4,
        "savesPer60": 25.4,
        "savesPer60Last1": 22.0,
        "savesPer60Last3": 18.9,
        "savesPer60Last5": 22.2,
        "shotsPerGame": 34.5,
        "shotsPerGameLast5": 34.2,
        "shotsAgainstPerGame": 28.1,
        "shotsAgainstPerGameLast5": 25.6,
        "oppSavesAgainstPer60": 26.8,
        "oppSavesAgainstPer60Last1": 23.9,
        "oppSavesAgainstPer60Last3": 21.2,
        "oppSavesAgainstPer60Last5": 23.4,
        "oppShotsAgainstPerGame": 35.5,
        "oppShotsAgainstPerGameLast5": 38.6,
        "savesProj": 21.7,
        "savesProjLast5": 16.4,
        "savesProjLast3": 12.6,
        "oppSavesAgainstProj": 24.1,
        "oppSavesAgainstProjLast5": 18.8,
        "oppSavesAgainstProjLast3": 14.5,
        "totalOver": 56,
        "totalOverLast5": 40,
        "totalOverLast15": 40,
        "lastTotalOver": 48,
        "last5": "22,17,24,31,17,27,22,26,32,21",
        "overOdds": "+100",
        "underOdds": "-130",
        "overUnder": "+100 / -130"
    },
    {
        "player": "Marc-Andre Fleury",
        "team": "MIN",
        "opponent": "PIT",
        "propType": "sv",
        "line": 31.5,
        "ppLine": "",
        "avg": 27.2,
        "hit": false,
        "diffAvg": -0.14,
        "diffAbs": 0.2,
        "lastAvg": 25.79,
        "diff": -0.18,
        "avgMin": 57,
        "proj": 25.1,
        "lastAvgMin": 58.65,
        "oppOver": 47,
        "teamOver": 31,
        "gameLine": "+110",
        "+/-": 0,
        "L5_+/-": 0,
        "prevMatchup": "2022-11-17 pit @ min 26.0 sv",
        "winLossSplits": "20% - 37%",
        "awayHome": "A",
        "playedYesterday": "N",
        "awayHomeSplits": "33% - 20%",
        "savesAboveExp": 0.141,
        "gsaa": 6.99,
        "corsi": "50.0% (57.4) // 46.4% (54.1) // 43.4% (52.7) // 49.8% (62.9)",
        "fenwick": "50.8% (43.3) // 46.5% (41.6) // 42.9% (38.2) // 48.7% (43.7)",
        "shots": "50.1% (30.5) // 44.9% (28.9) // 42.9% (27.4) // 47.7% (30.2)",
        "scoring": "50.5% (28.2) // 46.1% (25.3) // 43.3% (25.2) // 52.8% (31.7)",
        "corsiAgainst": "50.0% (57.5) // 53.6% (62.5) // 56.6% (68.8) // 50.2% (63.4)",
        "fenwickAgainst": "49.2% (41.9) // 53.5% (47.9) // 57.1% (50.9) // 51.3% (46.1)",
        "shotsAgainst": "49.9% (30.4) // 55.1% (35.5) // 57.1% (36.5) // 52.3% (33.1)",
        "scoringAgainst": "49.5% (27.6) // 53.9% (29.6) // 56.7% (33.1) // 47.2% (28.3)",
        "oppCorsi": "51.7% (63.1) // 54.0% (69.2) // 50.6% (63.0) // 44.0% (52.7)",
        "oppFenwick": "51.7% (47.2) // 55.1% (52.1) // 52.2% (48.0) // 44.3% (38.7)",
        "oppShots": "51.0% (34.1) // 55.3% (37.1) // 50.6% (32.4) // 42.6% (26.0)",
        "oppScoring": "52.3% (33.3) // 54.8% (37.7) // 51.7% (35.6) // 44.0% (30.7)",
        "oppCorsiAgainst": "48.3% (58.9) // 46.0% (59.0) // 49.4% (61.4) // 56.0% (67.0)",
        "oppFenwickAgainst": "48.3% (44.1) // 44.9% (42.5) // 47.8% (44.0) // 55.7% (48.7)",
        "oppShotsAgainst": "49.0% (32.7) // 44.7% (30.0) // 49.4% (31.6) // 57.4% (35.0)",
        "oppScoringAgainst": "47.7% (30.3) // 45.2% (31.1) // 48.3% (33.2) // 56.0% (39.0)",
        "savesPerGame": 28.4,
        "savesPerGameLast1": 23.0,
        "savesPerGameLast3": 34.7,
        "savesPerGameLast5": 32.2,
        "savesPer60": 28.6,
        "savesPer60Last1": 24.9,
        "savesPer60Last3": 35.2,
        "savesPer60Last5": 32.5,
        "shotsPerGame": 31.1,
        "shotsPerGameLast5": 27.4,
        "shotsAgainstPerGame": 31.0,
        "shotsAgainstPerGameLast5": 34.4,
        "oppSavesAgainstPer60": 31.3,
        "oppSavesAgainstPer60Last1": 22.0,
        "oppSavesAgainstPer60Last3": 23.1,
        "oppSavesAgainstPer60Last5": 29.4,
        "oppShotsAgainstPerGame": 33.1,
        "oppShotsAgainstPerGameLast5": 31.6,
        "savesProj": 29.9,
        "savesProjLast5": 32.2,
        "savesProjLast3": 27.5,
        "oppSavesAgainstProj": 32.0,
        "oppSavesAgainstProjLast5": 34.0,
        "oppSavesAgainstProjLast3": 27.4,
        "totalOver": 27,
        "totalOverLast5": 60,
        "totalOverLast15": 40,
        "lastTotalOver": 16,
        "last5": "39,35,30,33,31,35,46,21,22,30",
        "overOdds": "-110",
        "underOdds": "-120",
        "overUnder": "-110 / -120"
    },
    {
        "player": "Tristan Jarry",
        "team": "PIT",
        "opponent": "MIN",
        "propType": "sv",
        "line": 27.5,
        "ppLine": "",
        "avg": 27.6,
        "hit": false,
        "diffAvg": 0.0,
        "diffAbs": 0.11,
        "lastAvg": 25.79,
        "diff": -0.06,
        "avgMin": 56,
        "proj": 24.5,
        "lastAvgMin": 58.87,
        "oppOver": 53,
        "teamOver": 59,
        "gameLine": "-130",
        "+/-": 0,
        "L5_+/-": 0,
        "prevMatchup": "2022-11-17 pit @ min 19.0 sv",
        "winLossSplits": "57% - 50%",
        "awayHome": "H",
        "playedYesterday": "N",
        "awayHomeSplits": "58% - 50%",
        "savesAboveExp": 0.033,
        "gsaa": 5.13,
        "corsi": "51.7% (63.1) // 54.0% (69.2) // 50.6% (63.0) // 44.0% (52.7)",
        "fenwick": "51.7% (47.2) // 55.1% (52.1) // 52.2% (48.0) // 44.3% (38.7)",
        "shots": "51.0% (34.1) // 55.3% (37.1) // 50.6% (32.4) // 42.6% (26.0)",
        "scoring": "52.3% (33.3) // 54.8% (37.7) // 51.7% (35.6) // 44.0% (30.7)",
        "corsiAgainst": "48.3% (58.9) // 46.0% (59.0) // 49.4% (61.4) // 56.0% (67.0)",
        "fenwickAgainst": "48.3% (44.1) // 44.9% (42.5) // 47.8% (44.0) // 55.7% (48.7)",
        "shotsAgainst": "49.0% (32.7) // 44.7% (30.0) // 49.4% (31.6) // 57.4% (35.0)",
        "scoringAgainst": "47.7% (30.3) // 45.2% (31.1) // 48.3% (33.2) // 56.0% (39.0)",
        "oppCorsi": "50.0% (57.4) // 46.4% (54.1) // 43.4% (52.7) // 49.8% (62.9)",
        "oppFenwick": "50.8% (43.3) // 46.5% (41.6) // 42.9% (38.2) // 48.7% (43.7)",
        "oppShots": "50.1% (30.5) // 44.9% (28.9) // 42.9% (27.4) // 47.7% (30.2)",
        "oppScoring": "50.5% (28.2) // 46.1% (25.3) // 43.3% (25.2) // 52.8% (31.7)",
        "oppCorsiAgainst": "50.0% (57.5) // 53.6% (62.5) // 56.6% (68.8) // 50.2% (63.4)",
        "oppFenwickAgainst": "49.2% (41.9) // 53.5% (47.9) // 57.1% (50.9) // 51.3% (46.1)",
        "oppShotsAgainst": "49.9% (30.4) // 55.1% (35.5) // 57.1% (36.5) // 52.3% (33.1)",
        "oppScoringAgainst": "49.5% (27.6) // 53.9% (29.6) // 56.7% (33.1) // 47.2% (28.3)",
        "savesPerGame": 29.8,
        "savesPerGameLast1": 32.0,
        "savesPerGameLast3": 31.3,
        "savesPerGameLast5": 28.0,
        "savesPer60": 29.9,
        "savesPer60Last1": 32.0,
        "savesPer60Last3": 31.1,
        "savesPer60Last5": 27.6,
        "shotsPerGame": 34.4,
        "shotsPerGameLast5": 32.4,
        "shotsAgainstPerGame": 33.1,
        "shotsAgainstPerGameLast5": 31.6,
        "oppSavesAgainstPer60": 28.5,
        "oppSavesAgainstPer60Last1": 29.8,
        "oppSavesAgainstPer60Last3": 28.6,
        "oppSavesAgainstPer60Last5": 24.8,
        "oppShotsAgainstPerGame": 31.0,
        "oppShotsAgainstPerGameLast5": 34.4,
        "savesProj": 29.5,
        "savesProjLast5": 23.3,
        "savesProjLast3": 30.4,
        "oppSavesAgainstProj": 30.1,
        "oppSavesAgainstProjLast5": 24.9,
        "oppSavesAgainstProjLast3": 31.2,
        "totalOver": 53,
        "totalOverLast5": 80,
        "totalOverLast15": 33,
        "lastTotalOver": 33,
        "last5": "32,31,28,28,19,13,31,3,27,24",
        "overOdds": "-105",
        "underOdds": "-125",
        "overUnder": "-105 / -125"
    },
    {
        "player": "Darcy Kuemper",
        "team": "WSH",
        "opponent": "MTL",
        "propType": "sv",
        "line": 25.5,
        "ppLine": "",
        "avg": 26.83,
        "hit": false,
        "diffAvg": 0.05,
        "diffAbs": 0.13,
        "lastAvg": 22.14,
        "diff": -0.13,
        "avgMin": 57,
        "proj": 22.1,
        "lastAvgMin": 57.17,
        "oppOver": 40,
        "teamOver": 57,
        "gameLine": "+135",
        "+/-": 0,
        "L5_+/-": 0,
        "prevMatchup": "2022-10-15 mtl @ wsh 21.0 sv 2022-12-31 mtl @ wsh 31.0 sv",
        "winLossSplits": "62% - 47%",
        "awayHome": "A",
        "playedYesterday": "N",
        "awayHomeSplits": "55% - 50%",
        "savesAboveExp": 0.193,
        "gsaa": 8.54,
        "corsi": "50.6% (59.3) // 51.0% (59.6) // 45.8% (51.2) // 48.7% (58.0)",
        "fenwick": "50.5% (43.6) // 50.3% (44.1) // 47.2% (38.9) // 47.9% (46.0)",
        "shots": "50.6% (31.0) // 49.6% (31.7) // 46.7% (27.6) // 45.2% (28.0)",
        "scoring": "50.7% (29.7) // 51.2% (30.1) // 43.1% (25.3) // 47.8% (33.0)",
        "corsiAgainst": "49.4% (57.7) // 49.0% (57.4) // 54.2% (60.6) // 51.3% (61.0)",
        "fenwickAgainst": "49.5% (42.7) // 49.7% (43.6) // 52.8% (43.5) // 52.1% (50.0)",
        "shotsAgainst": "49.4% (30.3) // 50.4% (32.2) // 53.3% (31.5) // 54.8% (34.0)",
        "scoringAgainst": "49.3% (28.8) // 48.8% (28.7) // 56.9% (33.4) // 52.2% (36.0)",
        "oppCorsi": "44.7% (50.7) // 44.7% (47.3) // 43.6% (45.2) // 32.1% (30.5)",
        "oppFenwick": "44.7% (36.9) // 45.9% (36.3) // 43.0% (32.5) // 34.3% (24.5)",
        "oppShots": "44.8% (27.0) // 44.9% (26.0) // 44.3% (25.2) // 34.9% (19.0)",
        "oppScoring": "42.7% (24.9) // 42.3% (21.1) // 41.2% (19.9) // 27.2% (11.0)",
        "oppCorsiAgainst": "55.3% (62.7) // 55.3% (58.5) // 56.4% (58.4) // 67.9% (64.5)",
        "oppFenwickAgainst": "55.3% (45.6) // 54.1% (42.8) // 57.0% (43.1) // 65.7% (47.0)",
        "oppShotsAgainst": "55.2% (33.3) // 55.1% (31.8) // 55.7% (31.7) // 65.1% (35.5)",
        "oppScoringAgainst": "57.3% (33.5) // 57.7% (28.9) // 58.8% (28.3) // 72.8% (29.5)",
        "savesPerGame": 27.6,
        "savesPerGameLast1": 29.0,
        "savesPerGameLast3": 28.7,
        "savesPerGameLast5": 29.8,
        "savesPer60": 27.5,
        "savesPer60Last1": 29.0,
        "savesPer60Last3": 29.4,
        "savesPer60Last5": 30.1,
        "shotsPerGame": 31.4,
        "shotsPerGameLast5": 29.4,
        "shotsAgainstPerGame": 30.7,
        "shotsAgainstPerGameLast5": 33.0,
        "oppSavesAgainstPer60": 24.4,
        "oppSavesAgainstPer60Last1": 24.0,
        "oppSavesAgainstPer60Last3": 18.7,
        "oppSavesAgainstPer60Last5": 24.2,
        "oppShotsAgainstPerGame": 33.7,
        "oppShotsAgainstPerGameLast5": 32.2,
        "savesProj": 22.8,
        "savesProjLast5": 24.0,
        "savesProjLast3": 18.6,
        "oppSavesAgainstProj": 23.9,
        "oppSavesAgainstProjLast5": 25.7,
        "oppSavesAgainstProjLast3": 19.0,
        "totalOver": 53,
        "totalOverLast5": 100,
        "totalOverLast15": 60,
        "lastTotalOver": 52,
        "last5": "29,29,28,36,27,17,31,18,38,37",
        "overOdds": "-115",
        "underOdds": "-115",
        "overUnder": "-115 / -115"
    },
    {
        "player": "Sam Montembeault",
        "team": "MTL",
        "opponent": "WSH",
        "propType": "sv",
        "line": 29.5,
        "ppLine": "",
        "avg": 30.61,
        "hit": false,
        "diffAvg": 0.04,
        "diffAbs": 0.01,
        "lastAvg": 26.37,
        "diff": -0.11,
        "avgMin": 58,
        "proj": 29.9,
        "lastAvgMin": 51.12,
        "oppOver": 42,
        "teamOver": 56,
        "gameLine": "-155",
        "+/-": 0,
        "L5_+/-": 0,
        "prevMatchup": "2022-10-15 mtl @ wsh 26.0 sv 2022-12-31 mtl @ wsh 31.0 sv",
        "winLossSplits": "73% - 48%",
        "awayHome": "H",
        "playedYesterday": "N",
        "awayHomeSplits": "70% - 44%",
        "savesAboveExp": 0.061,
        "gsaa": 1.51,
        "corsi": "44.7% (50.7) // 44.7% (47.3) // 43.6% (45.2) // 32.1% (30.5)",
        "fenwick": "44.7% (36.9) // 45.9% (36.3) // 43.0% (32.5) // 34.3% (24.5)",
        "shots": "44.8% (27.0) // 44.9% (26.0) // 44.3% (25.2) // 34.9% (19.0)",
        "scoring": "42.7% (24.9) // 42.3% (21.1) // 41.2% (19.9) // 27.2% (11.0)",
        "corsiAgainst": "55.3% (62.7) // 55.3% (58.5) // 56.4% (58.4) // 67.9% (64.5)",
        "fenwickAgainst": "55.3% (45.6) // 54.1% (42.8) // 57.0% (43.1) // 65.7% (47.0)",
        "shotsAgainst": "55.2% (33.3) // 55.1% (31.8) // 55.7% (31.7) // 65.1% (35.5)",
        "scoringAgainst": "57.3% (33.5) // 57.7% (28.9) // 58.8% (28.3) // 72.8% (29.5)",
        "oppCorsi": "50.6% (59.3) // 51.0% (59.6) // 45.8% (51.2) // 48.7% (58.0)",
        "oppFenwick": "50.5% (43.6) // 50.3% (44.1) // 47.2% (38.9) // 47.9% (46.0)",
        "oppShots": "50.6% (31.0) // 49.6% (31.7) // 46.7% (27.6) // 45.2% (28.0)",
        "oppScoring": "50.7% (29.7) // 51.2% (30.1) // 43.1% (25.3) // 47.8% (33.0)",
        "oppCorsiAgainst": "49.4% (57.7) // 49.0% (57.4) // 54.2% (60.6) // 51.3% (61.0)",
        "oppFenwickAgainst": "49.5% (42.7) // 49.7% (43.6) // 52.8% (43.5) // 52.1% (50.0)",
        "oppShotsAgainst": "49.4% (30.3) // 50.4% (32.2) // 53.3% (31.5) // 54.8% (34.0)",
        "oppScoringAgainst": "49.3% (28.8) // 48.8% (28.7) // 56.9% (33.4) // 52.2% (36.0)",
        "savesPerGame": 30.0,
        "savesPerGameLast1": 16.0,
        "savesPerGameLast3": 29.3,
        "savesPerGameLast5": 28.4,
        "savesPer60": 29.6,
        "savesPer60Last1": 15.9,
        "savesPer60Last3": 29.1,
        "savesPer60Last5": 28.8,
        "shotsPerGame": 27.3,
        "shotsPerGameLast5": 25.6,
        "shotsAgainstPerGame": 33.7,
        "shotsAgainstPerGameLast5": 32.2,
        "oppSavesAgainstPer60": 28.4,
        "oppSavesAgainstPer60Last1": 26.5,
        "oppSavesAgainstPer60Last3": 27.1,
        "oppSavesAgainstPer60Last5": 26.7,
        "oppShotsAgainstPerGame": 30.7,
        "oppShotsAgainstPerGameLast5": 33.0,
        "savesProj": 30.5,
        "savesProjLast5": 28.1,
        "savesProjLast3": 28.6,
        "oppSavesAgainstProj": 30.0,
        "oppSavesAgainstProjLast5": 25.0,
        "oppSavesAgainstProjLast3": 25.8,
        "totalOver": 58,
        "totalOverLast5": 60,
        "totalOverLast15": 53,
        "lastTotalOver": 51,
        "last5": "47,25,21,31,36,21,39,16,30,30",
        "overOdds": "-120",
        "underOdds": "-110",
        "overUnder": "-120 / -110"
    },
    {
        "player": "Ilya Samsonov",
        "team": "TOR",
        "opponent": "BOS",
        "propType": "sv",
        "line": 26.5,
        "ppLine": "",
        "avg": 25.44,
        "hit": false,
        "diffAvg": -0.04,
        "diffAbs": 0.15,
        "lastAvg": 20.94,
        "diff": -0.21,
        "avgMin": 58,
        "proj": 22.6,
        "lastAvgMin": 53.65,
        "oppOver": 64,
        "teamOver": 48,
        "gameLine": "+130",
        "+/-": 0,
        "L5_+/-": 0,
        "prevMatchup": "2022-11-05 bos @ tor 20.0 sv 2023-01-14 tor @ bos 30.0 sv 2023-02-01 bos @ tor 24.0 sv",
        "winLossSplits": "52% - 43%",
        "awayHome": "A",
        "playedYesterday": "N",
        "awayHomeSplits": "60% - 42%",
        "savesAboveExp": 0.388,
        "gsaa": 11.78,
        "corsi": "51.1% (57.9) // 51.1% (61.0) // 53.8% (65.8) // 53.4% (66.0)",
        "fenwick": "51.9% (44.1) // 51.2% (46.2) // 55.6% (51.6) // 55.4% (51.0)",
        "shots": "52.5% (32.0) // 52.1% (33.6) // 58.5% (38.5) // 58.7% (38.3)",
        "scoring": "54.1% (33.7) // 55.6% (35.8) // 56.9% (39.0) // 58.5% (40.3)",
        "corsiAgainst": "48.9% (55.4) // 48.9% (58.4) // 46.2% (56.6) // 46.6% (57.7)",
        "fenwickAgainst": "48.1% (40.8) // 48.8% (44.0) // 44.4% (41.2) // 44.6% (41.0)",
        "shotsAgainst": "47.5% (29.0) // 47.9% (31.0) // 41.5% (27.3) // 41.3% (27.0)",
        "scoringAgainst": "45.9% (28.6) // 44.4% (28.6) // 43.1% (29.5) // 41.5% (28.7)",
        "oppCorsi": "51.2% (57.9) // 49.1% (56.0) // 53.8% (61.8) // 48.4% (56.2)",
        "oppFenwick": "51.6% (43.7) // 49.1% (43.0) // 55.5% (46.9) // 49.4% (42.2)",
        "oppShots": "52.5% (32.5) // 51.6% (31.8) // 54.5% (32.5) // 51.6% (31.7)",
        "oppScoring": "53.0% (32.3) // 52.6% (32.9) // 55.0% (35.2) // 48.6% (34.1)",
        "oppCorsiAgainst": "48.8% (55.1) // 50.9% (58.0) // 46.2% (53.0) // 51.6% (60.0)",
        "oppFenwickAgainst": "48.4% (41.1) // 50.9% (44.6) // 44.5% (37.6) // 50.6% (43.2)",
        "oppShotsAgainst": "47.5% (29.3) // 48.4% (29.9) // 45.5% (27.1) // 48.4% (29.8)",
        "oppScoringAgainst": "47.0% (28.7) // 47.4% (29.7) // 45.0% (28.8) // 51.4% (36.0)",
        "savesPerGame": 26.5,
        "savesPerGameLast1": 24.0,
        "savesPerGameLast3": 24.7,
        "savesPerGameLast5": 24.6,
        "savesPer60": 26.5,
        "savesPer60Last1": 24.0,
        "savesPer60Last3": 24.5,
        "savesPer60Last5": 24.6,
        "shotsPerGame": 32.2,
        "shotsPerGameLast5": 37.8,
        "shotsAgainstPerGame": 29.2,
        "shotsAgainstPerGameLast5": 27.0,
        "oppSavesAgainstPer60": 29.2,
        "oppSavesAgainstPer60Last1": 28.0,
        "oppSavesAgainstPer60Last3": 30.1,
        "oppSavesAgainstPer60Last5": 32.1,
        "oppShotsAgainstPerGame": 29.7,
        "oppShotsAgainstPerGameLast5": 29.6,
        "savesProj": 27.9,
        "savesProjLast5": 28.0,
        "savesProjLast3": 25.8,
        "oppSavesAgainstProj": 27.5,
        "oppSavesAgainstProjLast5": 27.6,
        "oppSavesAgainstProjLast3": 26.8,
        "totalOver": 49,
        "totalOverLast5": 40,
        "totalOverLast15": 53,
        "lastTotalOver": 39,
        "last5": "14,31,26,22,32,28,30,27,26,24",
        "overOdds": "-125",
        "underOdds": "-105",
        "overUnder": "-125 / -105"
    },
    {
        "player": "Jeremy Swayman",
        "team": "BOS",
        "opponent": "TOR",
        "propType": "sv",
        "line": 27.5,
        "ppLine": "",
        "avg": 23.52,
        "hit": false,
        "diffAvg": -0.14,
        "diffAbs": 0.24,
        "lastAvg": 22.07,
        "diff": -0.2,
        "avgMin": 55,
        "proj": 20.8,
        "lastAvgMin": 58.28,
        "oppOver": 57,
        "teamOver": 52,
        "gameLine": "-150",
        "+/-": 0,
        "L5_+/-": 0,
        "prevMatchup": "2022-11-05 bos @ tor 26.0 sv 2023-01-14 tor @ bos 18.0 sv 2023-02-01 bos @ tor 33.0 sv",
        "winLossSplits": "43% - 20%",
        "awayHome": "H",
        "playedYesterday": "N",
        "awayHomeSplits": "44% - 27%",
        "savesAboveExp": 0.19,
        "gsaa": 12.8,
        "corsi": "51.2% (57.9) // 49.1% (56.0) // 53.8% (61.8) // 48.4% (56.2)",
        "fenwick": "51.6% (43.7) // 49.1% (43.0) // 55.5% (46.9) // 49.4% (42.2)",
        "shots": "52.5% (32.5) // 51.6% (31.8) // 54.5% (32.5) // 51.6% (31.7)",
        "scoring": "53.0% (32.3) // 52.6% (32.9) // 55.0% (35.2) // 48.6% (34.1)",
        "corsiAgainst": "48.8% (55.1) // 50.9% (58.0) // 46.2% (53.0) // 51.6% (60.0)",
        "fenwickAgainst": "48.4% (41.1) // 50.9% (44.6) // 44.5% (37.6) // 50.6% (43.2)",
        "shotsAgainst": "47.5% (29.3) // 48.4% (29.9) // 45.5% (27.1) // 48.4% (29.8)",
        "scoringAgainst": "47.0% (28.7) // 47.4% (29.7) // 45.0% (28.8) // 51.4% (36.0)",
        "oppCorsi": "51.1% (57.9) // 51.1% (61.0) // 53.8% (65.8) // 53.4% (66.0)",
        "oppFenwick": "51.9% (44.1) // 51.2% (46.2) // 55.6% (51.6) // 55.4% (51.0)",
        "oppShots": "52.5% (32.0) // 52.1% (33.6) // 58.5% (38.5) // 58.7% (38.3)",
        "oppScoring": "54.1% (33.7) // 55.6% (35.8) // 56.9% (39.0) // 58.5% (40.3)",
        "oppCorsiAgainst": "48.9% (55.4) // 48.9% (58.4) // 46.2% (56.6) // 46.6% (57.7)",
        "oppFenwickAgainst": "48.1% (40.8) // 48.8% (44.0) // 44.4% (41.2) // 44.6% (41.0)",
        "oppShotsAgainst": "47.5% (29.0) // 47.9% (31.0) // 41.5% (27.3) // 41.3% (27.0)",
        "oppScoringAgainst": "45.9% (28.6) // 44.4% (28.6) // 43.1% (29.5) // 41.5% (28.7)",
        "savesPerGame": 27.6,
        "savesPerGameLast1": 35.0,
        "savesPerGameLast3": 27.0,
        "savesPerGameLast5": 27.2,
        "savesPer60": 27.8,
        "savesPer60Last1": 37.5,
        "savesPer60Last3": 27.7,
        "savesPer60Last5": 27.9,
        "shotsPerGame": 32.9,
        "shotsPerGameLast5": 34.2,
        "shotsAgainstPerGame": 29.7,
        "shotsAgainstPerGameLast5": 29.6,
        "oppSavesAgainstPer60": 28.6,
        "oppSavesAgainstPer60Last1": 46.0,
        "oppSavesAgainstPer60Last3": 35.8,
        "oppSavesAgainstPer60Last5": 35.3,
        "oppShotsAgainstPerGame": 29.2,
        "oppShotsAgainstPerGameLast5": 27.0,
        "savesProj": 30.2,
        "savesProjLast5": 36.9,
        "savesProjLast3": 36.9,
        "oppSavesAgainstProj": 27.8,
        "oppSavesAgainstProjLast5": 34.1,
        "oppSavesAgainstProjLast3": 35.6,
        "totalOver": 36,
        "totalOverLast5": 60,
        "totalOverLast15": 40,
        "lastTotalOver": 18,
        "last5": "21,34,29,26,36,21,19,26,22,36",
        "overOdds": "-115",
        "underOdds": "-115",
        "overUnder": "-115 / -115"
    },
    {
        "player": "Ville Husso",
        "team": "DET",
        "opponent": "BUF",
        "propType": "sv",
        "line": 26.5,
        "ppLine": "",
        "avg": 25.55,
        "hit": false,
        "diffAvg": -0.04,
        "diffAbs": 0.11,
        "lastAvg": 24.17,
        "diff": -0.09,
        "avgMin": 57,
        "proj": 23.5,
        "lastAvgMin": 58.52,
        "oppOver": 64,
        "teamOver": 55,
        "gameLine": "-115",
        "+/-": 0,
        "L5_+/-": 0,
        "prevMatchup": "2022-10-31 det @ buf 38.0 sv 2022-11-30 buf @ det 30.0 sv 2022-12-29 det @ buf 29.0 sv",
        "winLossSplits": "67% - 31%",
        "awayHome": "H",
        "playedYesterday": "N",
        "awayHomeSplits": "55% - 45%",
        "savesAboveExp": -0.011,
        "gsaa": -5.11,
        "corsi": "47.2% (52.1) // 48.2% (51.0) // 42.2% (48.0) // 45.8% (49.0)",
        "fenwick": "47.7% (38.9) // 47.5% (37.3) // 42.0% (35.4) // 45.3% (35.7)",
        "shots": "48.2% (28.0) // 47.8% (25.8) // 40.8% (23.4) // 41.7% (23.3)",
        "scoring": "45.9% (25.5) // 46.2% (23.5) // 41.0% (23.2) // 46.2% (24.7)",
        "corsiAgainst": "52.8% (58.3) // 51.8% (54.8) // 57.8% (65.8) // 54.2% (58.0)",
        "fenwickAgainst": "52.3% (42.7) // 52.5% (41.2) // 58.0% (48.8) // 54.7% (43.0)",
        "shotsAgainst": "51.8% (30.1) // 52.2% (28.2) // 59.2% (34.0) // 58.3% (32.7)",
        "scoringAgainst": "54.1% (30.1) // 53.8% (27.4) // 59.0% (33.4) // 53.8% (28.7)",
        "oppCorsi": "50.9% (57.5) // 49.7% (55.7) // 46.7% (55.4) // 47.1% (57.4)",
        "oppFenwick": "49.5% (43.4) // 50.0% (43.8) // 45.7% (43.0) // 46.0% (44.9)",
        "oppShots": "49.3% (31.9) // 49.8% (31.3) // 47.2% (33.1) // 48.1% (34.0)",
        "oppScoring": "49.8% (30.6) // 48.5% (29.2) // 49.2% (32.1) // 51.9% (35.6)",
        "oppCorsiAgainst": "49.1% (55.4) // 50.3% (56.3) // 53.3% (63.2) // 52.9% (64.3)",
        "oppFenwickAgainst": "50.5% (44.3) // 50.0% (43.8) // 54.3% (51.0) // 54.0% (52.8)",
        "oppShotsAgainst": "50.7% (32.9) // 50.2% (31.6) // 52.8% (36.9) // 51.9% (36.6)",
        "oppScoringAgainst": "50.2% (30.8) // 51.5% (31.0) // 50.8% (33.1) // 48.1% (33.0)",
        "savesPerGame": 27.3,
        "savesPerGameLast1": 24.0,
        "savesPerGameLast3": 30.0,
        "savesPerGameLast5": 31.2,
        "savesPer60": 27.3,
        "savesPer60Last1": 23.9,
        "savesPer60Last3": 30.0,
        "savesPer60Last5": 31.1,
        "shotsPerGame": 28.4,
        "shotsPerGameLast5": 23.4,
        "shotsAgainstPerGame": 30.5,
        "shotsAgainstPerGameLast5": 34.0,
        "oppSavesAgainstPer60": 28.7,
        "oppSavesAgainstPer60Last1": 39.0,
        "oppSavesAgainstPer60Last3": 30.8,
        "oppSavesAgainstPer60Last5": 31.0,
        "oppShotsAgainstPerGame": 33.2,
        "oppShotsAgainstPerGameLast5": 35.6,
        "savesProj": 26.5,
        "savesProjLast5": 32.8,
        "savesProjLast3": 31.4,
        "oppSavesAgainstProj": 27.8,
        "oppSavesAgainstProjLast5": 33.6,
        "oppSavesAgainstProjLast3": 34.2,
        "totalOver": 49,
        "totalOverLast5": 20,
        "totalOverLast15": 33,
        "lastTotalOver": 58,
        "last5": "24,20,16,14,30,17,34,32,21,15",
        "overOdds": "-140",
        "underOdds": "+110",
        "overUnder": "-140 / +110"
    },
    {
        "player": "Brian Elliott",
        "team": "TB",
        "opponent": "NYI",
        "propType": "sv",
        "line": 27.5,
        "ppLine": "",
        "avg": 27.0,
        "hit": false,
        "diffAvg": -0.02,
        "diffAbs": 0.08,
        "lastAvg": 23.47,
        "diff": -0.15,
        "avgMin": 60,
        "proj": 25.2,
        "lastAvgMin": 55.97,
        "oppOver": 44,
        "teamOver": 53,
        "gameLine": "+135",
        "+/-": 0,
        "L5_+/-": 0,
        "prevMatchup": "2022-10-22 nyi @ tb 32.0 sv 2023-04-01 nyi @ tb 38.0 sv",
        "winLossSplits": "45% - 62%",
        "awayHome": "A",
        "playedYesterday": "Y",
        "awayHomeSplits": "64% - 38%",
        "savesAboveExp": 0.005,
        "gsaa": -7.86,
        "corsi": "51.5% (59.4) // 51.3% (58.0) // 50.2% (55.5) // 48.7% (56.0)",
        "fenwick": "51.5% (44.7) // 49.2% (41.8) // 47.8% (40.8) // 48.1% (43.5)",
        "shots": "50.4% (31.6) // 48.0% (29.4) // 46.3% (29.5) // 45.6% (31.5)",
        "scoring": "53.2% (34.0) // 50.4% (30.9) // 54.2% (33.8) // 53.0% (35.5)",
        "corsiAgainst": "48.5% (56.0) // 48.7% (55.0) // 49.8% (55.0) // 51.3% (59.0)",
        "fenwickAgainst": "48.5% (42.1) // 50.8% (43.1) // 52.2% (44.5) // 51.9% (47.0)",
        "shotsAgainst": "49.6% (31.0) // 52.0% (31.8) // 53.7% (34.2) // 54.4% (37.5)",
        "scoringAgainst": "46.8% (29.9) // 49.6% (30.4) // 45.8% (28.5) // 47.0% (31.5)",
        "oppCorsi": "49.1% (57.8) // 50.0% (57.8) // 50.0% (58.0) // 47.4% (54.0)",
        "oppFenwick": "49.0% (42.2) // 49.6% (41.9) // 49.1% (41.6) // 46.9% (41.0)",
        "oppShots": "49.4% (30.3) // 50.7% (30.9) // 50.2% (30.6) // 47.2% (30.0)",
        "oppScoring": "49.3% (29.9) // 47.0% (27.1) // 42.1% (23.5) // 38.3% (20.5)",
        "oppCorsiAgainst": "50.9% (60.0) // 50.0% (57.8) // 50.0% (58.0) // 52.6% (60.0)",
        "oppFenwickAgainst": "51.0% (44.0) // 50.4% (42.5) // 50.9% (43.1) // 53.1% (46.5)",
        "oppShotsAgainst": "50.6% (31.0) // 49.3% (30.0) // 49.8% (30.4) // 52.8% (33.5)",
        "oppScoringAgainst": "50.7% (30.8) // 53.0% (30.6) // 57.9% (32.3) // 61.7% (33.0)",
        "savesPerGame": 28.3,
        "savesPerGameLast1": 31.0,
        "savesPerGameLast3": 33.0,
        "savesPerGameLast5": 32.4,
        "savesPer60": 28.4,
        "savesPer60Last1": 31.0,
        "savesPer60Last3": 33.0,
        "savesPer60Last5": 32.3,
        "shotsPerGame": 31.9,
        "shotsPerGameLast5": 29.0,
        "shotsAgainstPerGame": 31.3,
        "shotsAgainstPerGameLast5": 34.2,
        "oppSavesAgainstPer60": 27.7,
        "oppSavesAgainstPer60Last1": 21.0,
        "oppSavesAgainstPer60Last3": 29.0,
        "oppSavesAgainstPer60Last5": 28.8,
        "oppShotsAgainstPerGame": 31.3,
        "oppShotsAgainstPerGameLast5": 31.8,
        "savesProj": 27.4,
        "savesProjLast5": 32.4,
        "savesProjLast3": 33.3,
        "oppSavesAgainstProj": 27.7,
        "oppSavesAgainstProjLast5": 32.2,
        "oppSavesAgainstProjLast3": 34.0,
        "totalOver": 53,
        "totalOverLast5": 60,
        "totalOverLast15": 47,
        "lastTotalOver": 28,
        "last5": "28,18,22,29,29,26,18,37,28,25",
        "overOdds": "-115",
        "underOdds": "-115",
        "overUnder": "-115 / -115"
    },
    {
        "player": "Ilya Sorokin",
        "team": "NYI",
        "opponent": "TB",
        "propType": "sv",
        "line": 26.5,
        "ppLine": "",
        "avg": 27.67,
        "hit": false,
        "diffAvg": 0.04,
        "diffAbs": 0.06,
        "lastAvg": 29.23,
        "diff": 0.1,
        "avgMin": 57,
        "proj": 28.2,
        "lastAvgMin": 59.07,
        "oppOver": 62,
        "teamOver": 50,
        "gameLine": "-155",
        "+/-": 0,
        "L5_+/-": 0,
        "prevMatchup": "2022-10-22 nyi @ tb 21.0 sv 2023-04-01 nyi @ tb 27.0 sv",
        "winLossSplits": "41% - 52%",
        "awayHome": "H",
        "playedYesterday": "N",
        "awayHomeSplits": "57% - 37%",
        "savesAboveExp": 0.704,
        "gsaa": 32.39,
        "corsi": "49.1% (57.8) // 50.0% (57.8) // 50.0% (58.0) // 47.4% (54.0)",
        "fenwick": "49.0% (42.2) // 49.6% (41.9) // 49.1% (41.6) // 46.9% (41.0)",
        "shots": "49.4% (30.3) // 50.7% (30.9) // 50.2% (30.6) // 47.2% (30.0)",
        "scoring": "49.3% (29.9) // 47.0% (27.1) // 42.1% (23.5) // 38.3% (20.5)",
        "corsiAgainst": "50.9% (60.0) // 50.0% (57.8) // 50.0% (58.0) // 52.6% (60.0)",
        "fenwickAgainst": "51.0% (44.0) // 50.4% (42.5) // 50.9% (43.1) // 53.1% (46.5)",
        "shotsAgainst": "50.6% (31.0) // 49.3% (30.0) // 49.8% (30.4) // 52.8% (33.5)",
        "scoringAgainst": "50.7% (30.8) // 53.0% (30.6) // 57.9% (32.3) // 61.7% (33.0)",
        "oppCorsi": "51.5% (59.4) // 51.3% (58.0) // 50.2% (55.5) // 48.7% (56.0)",
        "oppFenwick": "51.5% (44.7) // 49.2% (41.8) // 47.8% (40.8) // 48.1% (43.5)",
        "oppShots": "50.4% (31.6) // 48.0% (29.4) // 46.3% (29.5) // 45.6% (31.5)",
        "oppScoring": "53.2% (34.0) // 50.4% (30.9) // 54.2% (33.8) // 53.0% (35.5)",
        "oppCorsiAgainst": "48.5% (56.0) // 48.7% (55.0) // 49.8% (55.0) // 51.3% (59.0)",
        "oppFenwickAgainst": "48.5% (42.1) // 50.8% (43.1) // 52.2% (44.5) // 51.9% (47.0)",
        "oppShotsAgainst": "49.6% (31.0) // 52.0% (31.8) // 53.7% (34.2) // 54.4% (37.5)",
        "oppScoringAgainst": "46.8% (29.9) // 49.6% (30.4) // 45.8% (28.5) // 47.0% (31.5)",
        "savesPerGame": 28.6,
        "savesPerGameLast1": 33.0,
        "savesPerGameLast3": 28.3,
        "savesPerGameLast5": 29.6,
        "savesPer60": 28.7,
        "savesPer60Last1": 32.5,
        "savesPer60Last3": 29.0,
        "savesPer60Last5": 29.8,
        "shotsPerGame": 30.6,
        "shotsPerGameLast5": 30.2,
        "shotsAgainstPerGame": 31.3,
        "shotsAgainstPerGameLast5": 31.8,
        "oppSavesAgainstPer60": 28.5,
        "oppSavesAgainstPer60Last1": 27.9,
        "oppSavesAgainstPer60Last3": 28.4,
        "oppSavesAgainstPer60Last5": 25.5,
        "oppShotsAgainstPerGame": 31.3,
        "oppShotsAgainstPerGameLast5": 34.2,
        "savesProj": 28.7,
        "savesProjLast5": 26.6,
        "savesProjLast3": 28.6,
        "oppSavesAgainstProj": 28.7,
        "oppSavesAgainstProjLast5": 25.4,
        "oppSavesAgainstProjLast3": 27.1,
        "totalOver": 47,
        "totalOverLast5": 40,
        "totalOverLast15": 40,
        "lastTotalOver": 62,
        "last5": "33,17,25,30,22,25,29,20,32,33",
        "overOdds": "-110",
        "underOdds": "-120",
        "overUnder": "-110 / -120"
    },
    {
        "player": "Frederik Andersen",
        "team": "CAR",
        "opponent": "NSH",
        "propType": "sv",
        "line": 22.5,
        "ppLine": "",
        "avg": 22.19,
        "hit": false,
        "diffAvg": -0.01,
        "diffAbs": 0.07,
        "lastAvg": 24.44,
        "diff": 0.09,
        "avgMin": 58,
        "proj": 24.0,
        "lastAvgMin": 59.05,
        "oppOver": 77,
        "teamOver": 51,
        "gameLine": "-205",
        "+/-": 0,
        "L5_+/-": 0,
        "prevMatchup": "2023-01-05 nsh @ car 20.0 sv",
        "winLossSplits": "52% - 30%",
        "awayHome": "A",
        "playedYesterday": "N",
        "awayHomeSplits": "46% - 44%",
        "savesAboveExp": -0.44,
        "gsaa": -0.14,
        "corsi": "59.9% (67.5) // 59.2% (67.1) // 62.9% (71.0) // 63.1% (72.3)",
        "fenwick": "59.3% (50.9) // 58.4% (50.9) // 63.7% (54.2) // 63.2% (55.3)",
        "shots": "57.5% (34.4) // 56.8% (34.8) // 63.5% (36.7) // 65.6% (39.7)",
        "scoring": "58.9% (33.4) // 56.6% (31.3) // 67.2% (34.7) // 67.1% (34.5)",
        "corsiAgainst": "40.1% (45.2) // 40.8% (46.1) // 37.1% (41.8) // 36.9% (42.3)",
        "fenwickAgainst": "40.7% (35.0) // 41.6% (36.2) // 36.3% (31.0) // 36.8% (32.2)",
        "shotsAgainst": "42.5% (25.5) // 43.2% (26.5) // 36.5% (21.1) // 34.4% (20.8)",
        "scoringAgainst": "41.1% (23.3) // 43.4% (24.0) // 32.8% (17.0) // 32.9% (16.9)",
        "oppCorsi": "48.0% (56.9) // 44.2% (48.7) // 43.1% (50.4) // 48.5% (54.3)",
        "oppFenwick": "47.6% (41.8) // 42.8% (35.2) // 42.8% (36.8) // 49.8% (40.5)",
        "oppShots": "47.2% (29.3) // 43.7% (25.0) // 46.5% (27.7) // 52.7% (29.1)",
        "oppScoring": "46.9% (29.4) // 41.0% (23.6) // 38.9% (22.9) // 44.6% (25.5)",
        "oppCorsiAgainst": "52.0% (61.5) // 55.8% (61.5) // 56.9% (66.6) // 51.5% (57.5)",
        "oppFenwickAgainst": "52.4% (46.0) // 57.2% (47.1) // 57.2% (49.2) // 50.2% (40.9)",
        "oppShotsAgainst": "52.8% (32.8) // 56.3% (32.2) // 53.5% (31.8) // 47.3% (26.2)",
        "oppScoringAgainst": "53.1% (33.3) // 59.0% (33.9) // 61.1% (36.0) // 55.4% (31.7)",
        "savesPerGame": 23.3,
        "savesPerGameLast1": 26.0,
        "savesPerGameLast3": 20.3,
        "savesPerGameLast5": 19.4,
        "savesPer60": 23.5,
        "savesPer60Last1": 27.9,
        "savesPer60Last3": 20.8,
        "savesPer60Last5": 19.5,
        "shotsPerGame": 35.0,
        "shotsPerGameLast5": 37.2,
        "shotsAgainstPerGame": 25.9,
        "shotsAgainstPerGameLast5": 21.4,
        "oppSavesAgainstPer60": 27.0,
        "oppSavesAgainstPer60Last1": 23.7,
        "oppSavesAgainstPer60Last3": 26.8,
        "oppSavesAgainstPer60Last5": 25.9,
        "oppShotsAgainstPerGame": 33.2,
        "oppShotsAgainstPerGameLast5": 32.2,
        "savesProj": 20.8,
        "savesProjLast5": 16.4,
        "savesProjLast3": 18.0,
        "oppSavesAgainstProj": 22.5,
        "oppSavesAgainstProjLast5": 18.3,
        "oppSavesAgainstProjLast3": 19.6,
        "totalOver": 45,
        "totalOverLast5": 40,
        "totalOverLast15": 33,
        "lastTotalOver": 62,
        "last5": "21,19,35,14,29,29,21,20,13,14",
        "overOdds": "-105",
        "underOdds": "-125",
        "overUnder": "-105 / -125"
    },
    {
        "player": "Juuse Saros",
        "team": "NSH",
        "opponent": "CAR",
        "propType": "sv",
        "line": 32.5,
        "ppLine": "",
        "avg": 29.92,
        "hit": false,
        "diffAvg": -0.08,
        "diffAbs": 0.13,
        "lastAvg": 28.03,
        "diff": -0.14,
        "avgMin": 59,
        "proj": 28.2,
        "lastAvgMin": 58.67,
        "oppOver": 42,
        "teamOver": 27,
        "gameLine": "+175",
        "+/-": 0,
        "L5_+/-": 0,
        "prevMatchup": "2023-01-05 nsh @ car 64.0 sv",
        "winLossSplits": "40% - 20%",
        "awayHome": "H",
        "playedYesterday": "N",
        "awayHomeSplits": "36% - 25%",
        "savesAboveExp": 0.483,
        "gsaa": 23.64,
        "corsi": "48.0% (56.9) // 44.2% (48.7) // 43.1% (50.4) // 48.5% (54.3)",
        "fenwick": "47.6% (41.8) // 42.8% (35.2) // 42.8% (36.8) // 49.8% (40.5)",
        "shots": "47.2% (29.3) // 43.7% (25.0) // 46.5% (27.7) // 52.7% (29.1)",
        "scoring": "46.9% (29.4) // 41.0% (23.6) // 38.9% (22.9) // 44.6% (25.5)",
        "corsiAgainst": "52.0% (61.5) // 55.8% (61.5) // 56.9% (66.6) // 51.5% (57.5)",
        "fenwickAgainst": "52.4% (46.0) // 57.2% (47.1) // 57.2% (49.2) // 50.2% (40.9)",
        "shotsAgainst": "52.8% (32.8) // 56.3% (32.2) // 53.5% (31.8) // 47.3% (26.2)",
        "scoringAgainst": "53.1% (33.3) // 59.0% (33.9) // 61.1% (36.0) // 55.4% (31.7)",
        "oppCorsi": "59.9% (67.5) // 59.2% (67.1) // 62.9% (71.0) // 63.1% (72.3)",
        "oppFenwick": "59.3% (50.9) // 58.4% (50.9) // 63.7% (54.2) // 63.2% (55.3)",
        "oppShots": "57.5% (34.4) // 56.8% (34.8) // 63.5% (36.7) // 65.6% (39.7)",
        "oppScoring": "58.9% (33.4) // 56.6% (31.3) // 67.2% (34.7) // 67.1% (34.5)",
        "oppCorsiAgainst": "40.1% (45.2) // 40.8% (46.1) // 37.1% (41.8) // 36.9% (42.3)",
        "oppFenwickAgainst": "40.7% (35.0) // 41.6% (36.2) // 36.3% (31.0) // 36.8% (32.2)",
        "oppShotsAgainst": "42.5% (25.5) // 43.2% (26.5) // 36.5% (21.1) // 34.4% (20.8)",
        "oppScoringAgainst": "41.1% (23.3) // 43.4% (24.0) // 32.8% (17.0) // 32.9% (16.9)",
        "savesPerGame": 30.3,
        "savesPerGameLast1": 30.0,
        "savesPerGameLast3": 24.0,
        "savesPerGameLast5": 30.0,
        "savesPer60": 30.4,
        "savesPer60Last1": 31.7,
        "savesPer60Last3": 24.4,
        "savesPer60Last5": 30.3,
        "shotsPerGame": 29.7,
        "shotsPerGameLast5": 28.0,
        "shotsAgainstPerGame": 33.2,
        "shotsAgainstPerGameLast5": 32.2,
        "oppSavesAgainstPer60": 31.9,
        "oppSavesAgainstPer60Last1": 34.0,
        "oppSavesAgainstPer60Last3": 38.2,
        "oppSavesAgainstPer60Last5": 35.9,
        "oppShotsAgainstPerGame": 25.9,
        "oppShotsAgainstPerGameLast5": 21.4,
        "savesProj": 41.1,
        "savesProjLast5": 45.4,
        "savesProjLast3": 39.5,
        "oppSavesAgainstProj": 34.7,
        "oppSavesAgainstProjLast5": 37.3,
        "oppSavesAgainstProjLast3": 33.3,
        "totalOver": 30,
        "totalOverLast5": 40,
        "totalOverLast15": 27,
        "lastTotalOver": 27,
        "last5": "21,21,43,35,32,27,28,26,31,19",
        "overOdds": "-115",
        "underOdds": "-115",
        "overUnder": "-115 / -115"
    },
    {
        "player": "Jaroslav Halak",
        "team": "NYR",
        "opponent": "STL",
        "propType": "sv",
        "line": 25.5,
        "ppLine": "",
        "avg": 25.09,
        "hit": false,
        "diffAvg": -0.02,
        "diffAbs": 0.03,
        "lastAvg": 21.24,
        "diff": -0.17,
        "avgMin": 58,
        "proj": 26.3,
        "lastAvgMin": 46.85,
        "oppOver": 46,
        "teamOver": 60,
        "gameLine": "-165",
        "+/-": 0,
        "L5_+/-": 0,
        "prevMatchup": "2022-12-05 stl @ nyr 25.0 sv",
