[
    {
        "player": "Brett Pesce",
        "team": "CAR",
        "opponent": "NYI",
        "propType": "bs",
        "line": 1.5,
        "ppLine": "",
        "avg": 1.38,
        "hit": false,
        "diffAvg": -0.08,
        "diffAbs": 1.0,
        "lastAvg": 0.0,
        "diff": 0,
        "avgMin": 21,
        "proj": 0.0,
        "lastAvgMin": 21.7,
        "oppOver": 0,
        "teamOver": 0,
        "gameLine": "-155",
        "+/-": "+9",
        "L5_+/-": -5.0,
        "prevMatchup": "2023-04-23 3.0 bs 2023-04-21 2.0 bs 2023-04-19 3.0 bs 2023-04-17 1.0 bs 2023-04-02 0.0 bs 2023-01-21 1.0 bs 2022-12-10 2.0 bs 2022-10-28 0.0 bs",
        "winLossSplits": "47% - 42%",
        "awayHome": "H",
        "playedYesterday": "N",
        "awayHomeSplits": "42% - 49%",
        "savesAboveExp": 0.704,
        "gsaa": 35.99,
        "corsi": "59.9% (67.4) // 61.2% (68.8) // 59.9% (67.4) // 59.9% (67.4)",
        "fenwick": "59.1% (50.8) // 60.1% (51.8) // 59.1% (50.8) // 59.1% (50.8)",
        "shots": "57.2% (34.3) // 58.4% (34.4) // 57.2% (34.3) // 57.2% (34.3)",
        "scoring": "58.9% (33.3) // 62.3% (33.3) // 58.9% (33.3) // 58.9% (33.3)",
        "corsiAgainst": "40.1% (45.2) // 38.8% (43.6) // 40.1% (45.2) // 40.1% (45.2)",
        "fenwickAgainst": "40.9% (35.1) // 39.9% (34.4) // 40.9% (35.1) // 40.9% (35.1)",
        "shotsAgainst": "42.8% (25.6) // 41.6% (24.5) // 42.8% (25.6) // 42.8% (25.6)",
        "scoringAgainst": "41.1% (23.3) // 37.7% (20.2) // 41.1% (23.3) // 41.1% (23.3)",
        "oppCorsi": "49.6% (58.7) // 54.1% (65.8) // 49.6% (58.7) // 49.6% (58.7)",
        "oppFenwick": "49.5% (42.7) // 53.4% (47.0) // 49.5% (42.7) // 49.5% (42.7)",
        "oppShots": "49.8% (30.5) // 53.2% (32.4) // 49.8% (30.5) // 49.8% (30.5)",
        "oppScoring": "50.0% (30.4) // 52.7% (31.7) // 50.0% (30.4) // 50.0% (30.4)",
        "oppCorsiAgainst": "50.4% (59.6) // 45.9% (55.9) // 50.4% (59.6) // 50.4% (59.6)",
        "oppFenwickAgainst": "50.5% (43.6) // 46.6% (40.9) // 50.5% (43.6) // 50.5% (43.6)",
        "oppShotsAgainst": "50.2% (30.7) // 46.8% (28.5) // 50.2% (30.7) // 50.2% (30.7)",
        "oppScoringAgainst": "50.0% (30.4) // 47.3% (28.4) // 50.0% (30.4) // 50.0% (30.4)",
        "savesPerGame": 23.4,
        "savesPerGameLast1": 27.0,
        "savesPerGameLast3": 27.3,
        "savesPerGameLast5": 27.4,
        "savesPer60": 24.7,
        "savesPer60Last1": 27.0,
        "savesPer60Last3": 28.0,
        "savesPer60Last5": 27.8,
        "shotsPerGame": 34.8,
        "shotsPerGameLast5": 33.8,
        "shotsAgainstPerGame": 26.0,
        "shotsAgainstPerGameLast5": 30.4,
        "oppSavesAgainstPer60": 29.2,
        "oppSavesAgainstPer60Last1": 27.0,
        "oppSavesAgainstPer60Last3": 27.3,
        "oppSavesAgainstPer60Last5": 27.6,
        "oppShotsAgainstPerGame": 31.0,
        "oppShotsAgainstPerGameLast5": 30.4,
        "savesProj": 23.0,
        "savesProjLast5": 25.7,
        "savesProjLast3": 25.7,
        "oppSavesAgainstProj": 23.9,
        "oppSavesAgainstProjLast5": 25.0,
        "oppSavesAgainstProjLast3": 25.6,
        "totalOver": 45,
        "totalOverLast5": 80,
        "totalOverLast15": 53,
        "lastTotalOver": 0,
        "last5": "3,2,3,1,2,0,1,2,0,2",
        "overOdds": "-120",
        "underOdds": "-110",
        "overUnder": "-120 / -110"
    },
    {
        "player": "Jaccob Slavin",
        "team": "CAR",
        "opponent": "NYI",
        "propType": "bs",
        "line": 1.5,
        "ppLine": "",
        "avg": 1.41,
        "hit": false,
        "diffAvg": -0.06,
        "diffAbs": 1.0,
        "lastAvg": 0.0,
        "diff": 0,
        "avgMin": 21,
        "proj": 0.0,
        "lastAvgMin": 23.52,
        "oppOver": 0,
        "teamOver": 0,
        "gameLine": "-155",
        "+/-": "+21",
        "L5_+/-": "+7.0",
        "prevMatchup": "2023-04-23 2.0 bs 2023-04-21 2.0 bs 2023-04-19 2.0 bs 2023-04-17 4.0 bs 2023-04-02 2.0 bs 2022-12-10 3.0 bs 2022-10-28 1.0 bs",
        "winLossSplits": "39% - 39%",
        "awayHome": "H",
        "playedYesterday": "N",
        "awayHomeSplits": "32% - 45%",
        "savesAboveExp": 0.704,
        "gsaa": 35.99,
        "corsi": "59.9% (67.4) // 61.2% (68.8) // 59.9% (67.4) // 59.9% (67.4)",
        "fenwick": "59.1% (50.8) // 60.1% (51.8) // 59.1% (50.8) // 59.1% (50.8)",
        "shots": "57.2% (34.3) // 58.4% (34.4) // 57.2% (34.3) // 57.2% (34.3)",
        "scoring": "58.9% (33.3) // 62.3% (33.3) // 58.9% (33.3) // 58.9% (33.3)",
        "corsiAgainst": "40.1% (45.2) // 38.8% (43.6) // 40.1% (45.2) // 40.1% (45.2)",
        "fenwickAgainst": "40.9% (35.1) // 39.9% (34.4) // 40.9% (35.1) // 40.9% (35.1)",
        "shotsAgainst": "42.8% (25.6) // 41.6% (24.5) // 42.8% (25.6) // 42.8% (25.6)",
        "scoringAgainst": "41.1% (23.3) // 37.7% (20.2) // 41.1% (23.3) // 41.1% (23.3)",
        "oppCorsi": "49.6% (58.7) // 54.1% (65.8) // 49.6% (58.7) // 49.6% (58.7)",
        "oppFenwick": "49.5% (42.7) // 53.4% (47.0) // 49.5% (42.7) // 49.5% (42.7)",
        "oppShots": "49.8% (30.5) // 53.2% (32.4) // 49.8% (30.5) // 49.8% (30.5)",
        "oppScoring": "50.0% (30.4) // 52.7% (31.7) // 50.0% (30.4) // 50.0% (30.4)",
        "oppCorsiAgainst": "50.4% (59.6) // 45.9% (55.9) // 50.4% (59.6) // 50.4% (59.6)",
        "oppFenwickAgainst": "50.5% (43.6) // 46.6% (40.9) // 50.5% (43.6) // 50.5% (43.6)",
        "oppShotsAgainst": "50.2% (30.7) // 46.8% (28.5) // 50.2% (30.7) // 50.2% (30.7)",
        "oppScoringAgainst": "50.0% (30.4) // 47.3% (28.4) // 50.0% (30.4) // 50.0% (30.4)",
        "savesPerGame": 23.4,
        "savesPerGameLast1": 27.0,
        "savesPerGameLast3": 27.3,
        "savesPerGameLast5": 27.4,
        "savesPer60": 24.7,
        "savesPer60Last1": 27.0,
        "savesPer60Last3": 28.0,
        "savesPer60Last5": 27.8,
        "shotsPerGame": 34.8,
        "shotsPerGameLast5": 33.8,
        "shotsAgainstPerGame": 26.0,
        "shotsAgainstPerGameLast5": 30.4,
        "oppSavesAgainstPer60": 29.2,
        "oppSavesAgainstPer60Last1": 27.0,
        "oppSavesAgainstPer60Last3": 27.3,
        "oppSavesAgainstPer60Last5": 27.6,
        "oppShotsAgainstPerGame": 31.0,
        "oppShotsAgainstPerGameLast5": 30.4,
        "savesProj": 23.0,
        "savesProjLast5": 25.7,
        "savesProjLast3": 25.7,
        "oppSavesAgainstProj": 23.9,
        "oppSavesAgainstProjLast5": 25.0,
        "oppSavesAgainstProjLast3": 25.6,
        "totalOver": 39,
        "totalOverLast5": 80,
        "totalOverLast15": 33,
        "lastTotalOver": 0,
        "last5": "2,2,2,4,1,0,1,0,0,1",
        "overOdds": "+115",
        "underOdds": "-145",
        "overUnder": "+115 / -145"
    },
    {
        "player": "Adam Pelech",
        "team": "NYI",
        "opponent": "CAR",
        "propType": "bs",
        "line": 1.5,
        "ppLine": "",
        "avg": 1.77,
        "hit": false,
        "diffAvg": 0.18,
        "diffAbs": 1.0,
        "lastAvg": 0.0,
        "diff": 0,
        "avgMin": 21,
        "proj": 0.0,
        "lastAvgMin": 21.27,
        "oppOver": 0,
        "teamOver": 0,
        "gameLine": "+135",
        "+/-": "+19",
        "L5_+/-": "+1.0",
        "prevMatchup": "2023-04-23 1.0 bs 2023-04-21 0.0 bs 2023-04-19 2.0 bs 2023-04-17 2.0 bs 2023-04-02 3.0 bs 2022-10-28 5.0 bs",
        "winLossSplits": "53% - 52%",
        "awayHome": "A",
        "playedYesterday": "N",
        "awayHomeSplits": "59% - 45%",
        "savesAboveExp": -0.166,
        "gsaa": 3.66,
        "corsi": "49.6% (58.7) // 54.1% (65.8) // 49.6% (58.7) // 49.6% (58.7)",
        "fenwick": "49.5% (42.7) // 53.4% (47.0) // 49.5% (42.7) // 49.5% (42.7)",
        "shots": "49.8% (30.5) // 53.2% (32.4) // 49.8% (30.5) // 49.8% (30.5)",
        "scoring": "50.0% (30.4) // 52.7% (31.7) // 50.0% (30.4) // 50.0% (30.4)",
        "corsiAgainst": "50.4% (59.6) // 45.9% (55.9) // 50.4% (59.6) // 50.4% (59.6)",
        "fenwickAgainst": "50.5% (43.6) // 46.6% (40.9) // 50.5% (43.6) // 50.5% (43.6)",
        "shotsAgainst": "50.2% (30.7) // 46.8% (28.5) // 50.2% (30.7) // 50.2% (30.7)",
        "scoringAgainst": "50.0% (30.4) // 47.3% (28.4) // 50.0% (30.4) // 50.0% (30.4)",
        "oppCorsi": "59.9% (67.4) // 61.2% (68.8) // 59.9% (67.4) // 59.9% (67.4)",
        "oppFenwick": "59.1% (50.8) // 60.1% (51.8) // 59.1% (50.8) // 59.1% (50.8)",
        "oppShots": "57.2% (34.3) // 58.4% (34.4) // 57.2% (34.3) // 57.2% (34.3)",
        "oppScoring": "58.9% (33.3) // 62.3% (33.3) // 58.9% (33.3) // 58.9% (33.3)",
        "oppCorsiAgainst": "40.1% (45.2) // 38.8% (43.6) // 40.1% (45.2) // 40.1% (45.2)",
        "oppFenwickAgainst": "40.9% (35.1) // 39.9% (34.4) // 40.9% (35.1) // 40.9% (35.1)",
        "oppShotsAgainst": "42.8% (25.6) // 41.6% (24.5) // 42.8% (25.6) // 42.8% (25.6)",
        "oppScoringAgainst": "41.1% (23.3) // 37.7% (20.2) // 41.1% (23.3) // 41.1% (23.3)",
        "savesPerGame": 28.4,
        "savesPerGameLast1": 24.0,
        "savesPerGameLast3": 28.7,
        "savesPerGameLast5": 27.6,
        "savesPer60": 29.8,
        "savesPer60Last1": 24.0,
        "savesPer60Last3": 29.5,
        "savesPer60Last5": 27.9,
        "shotsPerGame": 30.8,
        "shotsPerGameLast5": 30.6,
        "shotsAgainstPerGame": 31.0,
        "shotsAgainstPerGameLast5": 30.4,
        "oppSavesAgainstPer60": 33.3,
        "oppSavesAgainstPer60Last1": 24.0,
        "oppSavesAgainstPer60Last3": 28.8,
        "oppSavesAgainstPer60Last5": 30.8,
        "oppShotsAgainstPerGame": 26.0,
        "oppShotsAgainstPerGameLast5": 30.4,
        "savesProj": 38.1,
        "savesProjLast5": 34.3,
        "savesProjLast3": 34.6,
        "oppSavesAgainstProj": 32.4,
        "oppSavesAgainstProjLast5": 26.9,
        "oppSavesAgainstProjLast3": 25.1,
        "totalOver": 52,
        "totalOverLast5": 40,
        "totalOverLast15": 60,
        "lastTotalOver": 0,
        "last5": "1,0,2,2,1,1,2,0,3,2",
        "overOdds": "-130",
        "underOdds": "+100",
        "overUnder": "-130 / +100"
    },
    {
        "player": "Jonas Brodin",
        "team": "MIN",
        "opponent": "DAL",
        "propType": "bs",
        "line": 2.5,
        "ppLine": "",
        "avg": 2.19,
        "hit": false,
        "diffAvg": -0.12,
        "diffAbs": 1.0,
        "lastAvg": 0.0,
        "diff": 0,
        "avgMin": 23,
        "proj": 0.0,
        "lastAvgMin": 23.43,
        "oppOver": 0,
        "teamOver": 0,
        "gameLine": "+125",
        "+/-": "+13",
        "L5_+/-": 0.0,
        "prevMatchup": "2023-04-23 1.0 bs 2023-04-21 1.0 bs 2023-04-19 3.0 bs 2023-04-17 5.0 bs 2023-02-17 1.0 bs 2022-12-29 2.0 bs",
        "winLossSplits": "34% - 34%",
        "awayHome": "A",
        "playedYesterday": "N",
        "awayHomeSplits": "40% - 29%",
        "savesAboveExp": 0.39,
        "gsaa": 26.05,
        "corsi": "49.9% (57.3) // 46.8% (54.2) // 49.9% (57.3) // 49.9% (57.3)",
        "fenwick": "50.8% (43.1) // 46.8% (39.4) // 50.8% (43.1) // 50.8% (43.1)",
        "shots": "49.8% (30.3) // 45.0% (27.2) // 49.8% (30.3) // 49.8% (30.3)",
        "scoring": "50.3% (28.1) // 45.1% (25.2) // 50.3% (28.1) // 50.3% (28.1)",
        "corsiAgainst": "50.1% (57.6) // 53.2% (61.7) // 50.1% (57.6) // 50.1% (57.6)",
        "fenwickAgainst": "49.2% (41.9) // 53.2% (44.8) // 49.2% (41.9) // 49.2% (41.9)",
        "shotsAgainst": "50.2% (30.5) // 55.0% (33.2) // 50.2% (30.5) // 50.2% (30.5)",
        "scoringAgainst": "49.7% (27.7) // 54.9% (30.6) // 49.7% (27.7) // 49.7% (27.7)",
        "oppCorsi": "52.0% (59.9) // 57.0% (56.0) // 52.0% (59.9) // 52.0% (59.9)",
        "oppFenwick": "51.3% (43.7) // 56.1% (40.6) // 51.3% (43.7) // 51.3% (43.7)",
        "oppShots": "51.6% (31.5) // 56.3% (29.0) // 51.6% (31.5) // 51.6% (31.5)",
        "oppScoring": "53.7% (31.5) // 61.3% (29.6) // 53.7% (31.5) // 53.7% (31.5)",
        "oppCorsiAgainst": "48.0% (55.3) // 43.0% (42.3) // 48.0% (55.3) // 48.0% (55.3)",
        "oppFenwickAgainst": "48.7% (41.4) // 43.9% (31.7) // 48.7% (41.4) // 48.7% (41.4)",
        "oppShotsAgainst": "48.4% (29.5) // 43.7% (22.5) // 48.4% (29.5) // 48.4% (29.5)",
        "oppScoringAgainst": "46.3% (27.2) // 38.7% (18.6) // 46.3% (27.2) // 46.3% (27.2)",
        "savesPerGame": 28.5,
        "savesPerGameLast1": 21.0,
        "savesPerGameLast3": 22.7,
        "savesPerGameLast5": 29.2,
        "savesPer60": 30.3,
        "savesPer60Last1": 19.9,
        "savesPer60Last3": 22.3,
        "savesPer60Last5": 32.3,
        "shotsPerGame": 30.9,
        "shotsPerGameLast5": 31.4,
        "shotsAgainstPerGame": 31.1,
        "shotsAgainstPerGameLast5": 32.6,
        "oppSavesAgainstPer60": 29.8,
        "oppSavesAgainstPer60Last1": 22.7,
        "oppSavesAgainstPer60Last3": 23.2,
        "oppSavesAgainstPer60Last5": 30.4,
        "oppShotsAgainstPerGame": 29.9,
        "oppShotsAgainstPerGameLast5": 31.6,
        "savesProj": 29.6,
        "savesProjLast5": 34.0,
        "savesProjLast3": 17.5,
        "oppSavesAgainstProj": 29.9,
        "oppSavesAgainstProjLast5": 30.3,
        "oppSavesAgainstProjLast3": 17.7,
        "totalOver": 34,
        "totalOverLast5": 40,
        "totalOverLast15": 40,
        "lastTotalOver": 0,
        "last5": "1,1,3,5,2,4,1,0,2,7",
        "overOdds": "+120",
        "underOdds": "-150",
        "overUnder": "+120 / -150"
    },
    {
        "player": "Esa Lindell",
        "team": "DAL",
        "opponent": "MIN",
        "propType": "bs",
        "line": 1.5,
        "ppLine": "",
        "avg": 1.84,
        "hit": false,
        "diffAvg": 0.23,
        "diffAbs": 1.0,
        "lastAvg": 0.0,
        "diff": 0,
        "avgMin": 20,
        "proj": 0.0,
        "lastAvgMin": 22.03,
        "oppOver": 0,
        "teamOver": 0,
        "gameLine": "-145",
        "+/-": "+28",
        "L5_+/-": -2.0,
        "prevMatchup": "2023-04-23 2.0 bs 2023-04-21 3.0 bs 2023-04-19 2.0 bs 2023-04-17 4.0 bs 2023-02-17 5.0 bs 2023-02-08 4.0 bs 2022-12-29 2.0 bs 2022-12-04 3.0 bs",
        "winLossSplits": "59% - 49%",
        "awayHome": "H",
        "playedYesterday": "N",
        "awayHomeSplits": "56% - 53%",
        "savesAboveExp": 0.594,
        "gsaa": 31.32,
        "corsi": "52.0% (59.9) // 57.0% (56.0) // 52.0% (59.9) // 52.0% (59.9)",
        "fenwick": "51.3% (43.7) // 56.1% (40.6) // 51.3% (43.7) // 51.3% (43.7)",
        "shots": "51.6% (31.5) // 56.3% (29.0) // 51.6% (31.5) // 51.6% (31.5)",
        "scoring": "53.7% (31.5) // 61.3% (29.6) // 53.7% (31.5) // 53.7% (31.5)",
        "corsiAgainst": "48.0% (55.3) // 43.0% (42.3) // 48.0% (55.3) // 48.0% (55.3)",
        "fenwickAgainst": "48.7% (41.4) // 43.9% (31.7) // 48.7% (41.4) // 48.7% (41.4)",
        "shotsAgainst": "48.4% (29.5) // 43.7% (22.5) // 48.4% (29.5) // 48.4% (29.5)",
        "scoringAgainst": "46.3% (27.2) // 38.7% (18.6) // 46.3% (27.2) // 46.3% (27.2)",
        "oppCorsi": "49.9% (57.3) // 46.8% (54.2) // 49.9% (57.3) // 49.9% (57.3)",
        "oppFenwick": "50.8% (43.1) // 46.8% (39.4) // 50.8% (43.1) // 50.8% (43.1)",
        "oppShots": "49.8% (30.3) // 45.0% (27.2) // 49.8% (30.3) // 49.8% (30.3)",
        "oppScoring": "50.3% (28.1) // 45.1% (25.2) // 50.3% (28.1) // 50.3% (28.1)",
        "oppCorsiAgainst": "50.1% (57.6) // 53.2% (61.7) // 50.1% (57.6) // 50.1% (57.6)",
        "oppFenwickAgainst": "49.2% (41.9) // 53.2% (44.8) // 49.2% (41.9) // 49.2% (41.9)",
        "oppShotsAgainst": "50.2% (30.5) // 55.0% (33.2) // 50.2% (30.5) // 50.2% (30.5)",
        "oppScoringAgainst": "49.7% (27.7) // 54.9% (30.6) // 49.7% (27.7) // 49.7% (27.7)",
        "savesPerGame": 27.3,
        "savesPerGameLast1": 32.0,
        "savesPerGameLast3": 25.0,
        "savesPerGameLast5": 29.0,
        "savesPer60": 28.9,
        "savesPer60Last1": 31.7,
        "savesPer60Last3": 24.5,
        "savesPer60Last5": 31.7,
        "shotsPerGame": 31.9,
        "shotsPerGameLast5": 33.2,
        "shotsAgainstPerGame": 29.9,
        "shotsAgainstPerGameLast5": 31.6,
        "oppSavesAgainstPer60": 29.8,
        "oppSavesAgainstPer60Last1": 31.7,
        "oppSavesAgainstPer60Last3": 25.5,
        "oppSavesAgainstPer60Last5": 28.9,
        "oppShotsAgainstPerGame": 31.1,
        "oppShotsAgainstPerGameLast5": 32.6,
        "savesProj": 26.8,
        "savesProjLast5": 29.5,
        "savesProjLast3": 20.2,
        "oppSavesAgainstProj": 28.5,
        "oppSavesAgainstProjLast5": 29.0,
        "oppSavesAgainstProjLast3": 21.4,
        "totalOver": 55,
        "totalOverLast5": 80,
        "totalOverLast15": 47,
        "lastTotalOver": 0,
        "last5": "2,3,2,4,0,0,1,0,0,3",
        "overOdds": "-140",
        "underOdds": "+110",
        "overUnder": "-140 / +110"
    },
    {
        "player": "Jani Hakanpaa",
        "team": "DAL",
        "opponent": "MIN",
        "propType": "bs",
        "line": 1.5,
        "ppLine": "",
        "avg": 1.62,
        "hit": false,
        "diffAvg": 0.08,
        "diffAbs": 1.0,
        "lastAvg": 0.0,
        "diff": 0,
        "avgMin": 19,
        "proj": 0.0,
        "lastAvgMin": 16.2,
        "oppOver": 0,
        "teamOver": 0,
        "gameLine": "-145",
        "+/-": "+16",
        "L5_+/-": -3.0,
        "prevMatchup": "2023-04-23 3.0 bs 2023-04-21 3.0 bs 2023-04-19 2.0 bs 2023-04-17 3.0 bs 2023-02-17 0.0 bs 2023-02-08 1.0 bs 2022-12-29 1.0 bs 2022-12-04 1.0 bs",
        "winLossSplits": "45% - 57%",
        "awayHome": "H",
        "playedYesterday": "N",
        "awayHomeSplits": "49% - 51%",
        "savesAboveExp": 0.594,
        "gsaa": 31.32,
        "corsi": "52.0% (59.9) // 57.0% (56.0) // 52.0% (59.9) // 52.0% (59.9)",
        "fenwick": "51.3% (43.7) // 56.1% (40.6) // 51.3% (43.7) // 51.3% (43.7)",
        "shots": "51.6% (31.5) // 56.3% (29.0) // 51.6% (31.5) // 51.6% (31.5)",
        "scoring": "53.7% (31.5) // 61.3% (29.6) // 53.7% (31.5) // 53.7% (31.5)",
        "corsiAgainst": "48.0% (55.3) // 43.0% (42.3) // 48.0% (55.3) // 48.0% (55.3)",
        "fenwickAgainst": "48.7% (41.4) // 43.9% (31.7) // 48.7% (41.4) // 48.7% (41.4)",
        "shotsAgainst": "48.4% (29.5) // 43.7% (22.5) // 48.4% (29.5) // 48.4% (29.5)",
        "scoringAgainst": "46.3% (27.2) // 38.7% (18.6) // 46.3% (27.2) // 46.3% (27.2)",
        "oppCorsi": "49.9% (57.3) // 46.8% (54.2) // 49.9% (57.3) // 49.9% (57.3)",
        "oppFenwick": "50.8% (43.1) // 46.8% (39.4) // 50.8% (43.1) // 50.8% (43.1)",
        "oppShots": "49.8% (30.3) // 45.0% (27.2) // 49.8% (30.3) // 49.8% (30.3)",
        "oppScoring": "50.3% (28.1) // 45.1% (25.2) // 50.3% (28.1) // 50.3% (28.1)",
        "oppCorsiAgainst": "50.1% (57.6) // 53.2% (61.7) // 50.1% (57.6) // 50.1% (57.6)",
        "oppFenwickAgainst": "49.2% (41.9) // 53.2% (44.8) // 49.2% (41.9) // 49.2% (41.9)",
        "oppShotsAgainst": "50.2% (30.5) // 55.0% (33.2) // 50.2% (30.5) // 50.2% (30.5)",
        "oppScoringAgainst": "49.7% (27.7) // 54.9% (30.6) // 49.7% (27.7) // 49.7% (27.7)",
        "savesPerGame": 27.3,
        "savesPerGameLast1": 32.0,
        "savesPerGameLast3": 25.0,
        "savesPerGameLast5": 29.0,
        "savesPer60": 28.9,
        "savesPer60Last1": 31.7,
        "savesPer60Last3": 24.5,
        "savesPer60Last5": 31.7,
        "shotsPerGame": 31.9,
        "shotsPerGameLast5": 33.2,
        "shotsAgainstPerGame": 29.9,
        "shotsAgainstPerGameLast5": 31.6,
        "oppSavesAgainstPer60": 29.8,
        "oppSavesAgainstPer60Last1": 31.7,
        "oppSavesAgainstPer60Last3": 25.5,
        "oppSavesAgainstPer60Last5": 28.9,
        "oppShotsAgainstPerGame": 31.1,
        "oppShotsAgainstPerGameLast5": 32.6,
        "savesProj": 26.8,
        "savesProjLast5": 29.5,
        "savesProjLast3": 20.2,
        "oppSavesAgainstProj": 28.5,
        "oppSavesAgainstProjLast5": 29.0,
        "oppSavesAgainstProjLast3": 21.4,
        "totalOver": 50,
        "totalOverLast5": 80,
        "totalOverLast15": 40,
        "lastTotalOver": 0,
        "last5": "3,3,2,3,0,1,1,1,1,2",
        "overOdds": "-135",
        "underOdds": "+105",
        "overUnder": "-135 / +105"
    },
    {
        "player": "Darnell Nurse",
        "team": "EDM",
        "opponent": "LA",
        "propType": "bs",
        "line": 2.5,
        "ppLine": "PP2",
        "avg": 2.07,
        "hit": false,
        "diffAvg": -0.17,
        "diffAbs": 1.0,
        "lastAvg": 0.0,
        "diff": 0,
        "avgMin": 23,
        "proj": 0.0,
        "lastAvgMin": 25.03,
        "oppOver": 0,
        "teamOver": 0,
        "gameLine": "-230",
        "+/-": "+28",
        "L5_+/-": "+9.0",
        "prevMatchup": "2023-04-23 2.0 bs 2023-04-21 5.0 bs 2023-04-19 6.0 bs 2023-04-17 1.0 bs 2023-04-04 2.0 bs 2023-03-30 2.0 bs 2023-01-09 1.0 bs 2022-11-16 1.0 bs",
        "winLossSplits": "31% - 35%",
        "awayHome": "H",
        "playedYesterday": "N",
        "awayHomeSplits": "35% - 30%",
        "savesAboveExp": 0.427,
        "gsaa": 11.47,
        "corsi": "52.1% (59.2) // 54.3% (61.2) // 52.1% (59.2) // 52.1% (59.2)",
        "fenwick": "51.6% (44.8) // 54.4% (46.8) // 51.6% (44.8) // 51.6% (44.8)",
        "shots": "51.7% (33.3) // 54.4% (35.4) // 51.7% (33.3) // 51.7% (33.3)",
        "scoring": "53.5% (32.9) // 54.3% (35.5) // 53.5% (32.9) // 53.5% (32.9)",
        "corsiAgainst": "47.9% (54.5) // 45.7% (51.4) // 47.9% (54.5) // 47.9% (54.5)",
        "fenwickAgainst": "48.4% (42.0) // 45.6% (39.2) // 48.4% (42.0) // 48.4% (42.0)",
        "shotsAgainst": "48.3% (31.1) // 45.6% (29.7) // 48.3% (31.1) // 48.3% (31.1)",
        "scoringAgainst": "46.5% (28.6) // 45.7% (29.9) // 46.5% (28.6) // 46.5% (28.6)",
        "oppCorsi": "51.5% (58.6) // 51.1% (56.4) // 51.5% (58.6) // 51.5% (58.6)",
        "oppFenwick": "52.9% (44.1) // 52.5% (42.8) // 52.9% (44.1) // 52.9% (44.1)",
        "oppShots": "53.7% (32.0) // 52.5% (30.9) // 53.7% (32.0) // 53.7% (32.0)",
        "oppScoring": "52.0% (31.2) // 51.8% (28.6) // 52.0% (31.2) // 52.0% (31.2)",
        "oppCorsiAgainst": "48.5% (55.1) // 48.9% (53.9) // 48.5% (55.1) // 48.5% (55.1)",
        "oppFenwickAgainst": "47.1% (39.3) // 47.5% (38.7) // 47.1% (39.3) // 47.1% (39.3)",
        "oppShotsAgainst": "46.3% (27.5) // 47.5% (27.9) // 46.3% (27.5) // 46.3% (27.5)",
        "oppScoringAgainst": "48.0% (28.8) // 48.2% (26.6) // 48.0% (28.8) // 48.0% (28.8)",
        "savesPerGame": 28.2,
        "savesPerGameLast1": 35.0,
        "savesPerGameLast3": 28.3,
        "savesPerGameLast5": 28.6,
        "savesPer60": 29.8,
        "savesPer60Last1": 41.2,
        "savesPer60Last3": 30.5,
        "savesPer60Last5": 30.7,
        "shotsPerGame": 33.6,
        "shotsPerGameLast5": 39.0,
        "shotsAgainstPerGame": 31.4,
        "shotsAgainstPerGameLast5": 31.6,
        "oppSavesAgainstPer60": 30.7,
        "oppSavesAgainstPer60Last1": 34.8,
        "oppSavesAgainstPer60Last3": 28.0,
        "oppSavesAgainstPer60Last5": 30.1,
        "oppShotsAgainstPerGame": 27.9,
        "oppShotsAgainstPerGameLast5": 36.6,
        "savesProj": 33.0,
        "savesProjLast5": 34.3,
        "savesProjLast3": 32.8,
        "oppSavesAgainstProj": 30.2,
        "oppSavesAgainstProjLast5": 28.8,
        "oppSavesAgainstProjLast3": 25.8,
        "totalOver": 33,
        "totalOverLast5": 40,
        "totalOverLast15": 20,
        "lastTotalOver": 0,
        "last5": "2,5,6,1,2,5,1,1,2,2",
        "overOdds": "+110",
        "underOdds": "-140",
        "overUnder": "+110 / -140"
    },
    {
        "player": "Sean Durzi",
        "team": "LA",
        "opponent": "EDM",
        "propType": "bs",
        "line": 1.5,
        "ppLine": "PP2",
        "avg": 1.99,
        "hit": false,
        "diffAvg": 0.33,
        "diffAbs": 1.0,
        "lastAvg": 0.0,
        "diff": 0,
        "avgMin": 19,
        "proj": 0.0,
        "lastAvgMin": 19.58,
        "oppOver": 0,
        "teamOver": 0,
        "gameLine": "+195",
        "+/-": -15,
        "L5_+/-": -6.0,
        "prevMatchup": "2023-04-23 1.0 bs 2023-04-21 1.0 bs 2023-04-19 4.0 bs 2023-04-17 3.0 bs 2023-04-04 7.0 bs 2023-03-30 0.0 bs 2023-01-09 5.0 bs 2022-11-16 3.0 bs",
        "winLossSplits": "59% - 59%",
        "awayHome": "A",
        "playedYesterday": "N",
        "awayHomeSplits": "56% - 63%",
        "savesAboveExp": 0.118,
        "gsaa": 14.07,
        "corsi": "51.5% (58.6) // 51.1% (56.4) // 51.5% (58.6) // 51.5% (58.6)",
        "fenwick": "52.9% (44.1) // 52.5% (42.8) // 52.9% (44.1) // 52.9% (44.1)",
        "shots": "53.7% (32.0) // 52.5% (30.9) // 53.7% (32.0) // 53.7% (32.0)",
        "scoring": "52.0% (31.2) // 51.8% (28.6) // 52.0% (31.2) // 52.0% (31.2)",
        "corsiAgainst": "48.5% (55.1) // 48.9% (53.9) // 48.5% (55.1) // 48.5% (55.1)",
        "fenwickAgainst": "47.1% (39.3) // 47.5% (38.7) // 47.1% (39.3) // 47.1% (39.3)",
        "shotsAgainst": "46.3% (27.5) // 47.5% (27.9) // 46.3% (27.5) // 46.3% (27.5)",
        "scoringAgainst": "48.0% (28.8) // 48.2% (26.6) // 48.0% (28.8) // 48.0% (28.8)",
        "oppCorsi": "52.1% (59.2) // 54.3% (61.2) // 52.1% (59.2) // 52.1% (59.2)",
        "oppFenwick": "51.6% (44.8) // 54.4% (46.8) // 51.6% (44.8) // 51.6% (44.8)",
        "oppShots": "51.7% (33.3) // 54.4% (35.4) // 51.7% (33.3) // 51.7% (33.3)",
        "oppScoring": "53.5% (32.9) // 54.3% (35.5) // 53.5% (32.9) // 53.5% (32.9)",
        "oppCorsiAgainst": "47.9% (54.5) // 45.7% (51.4) // 47.9% (54.5) // 47.9% (54.5)",
        "oppFenwickAgainst": "48.4% (42.0) // 45.6% (39.2) // 48.4% (42.0) // 48.4% (42.0)",
        "oppShotsAgainst": "48.3% (31.1) // 45.6% (29.7) // 48.3% (31.1) // 48.3% (31.1)",
        "oppScoringAgainst": "46.5% (28.6) // 45.7% (29.9) // 46.5% (28.6) // 46.5% (28.6)",
        "savesPerGame": 24.8,
        "savesPerGameLast1": 37.0,
        "savesPerGameLast3": 36.0,
        "savesPerGameLast5": 33.2,
        "savesPer60": 26.3,
        "savesPer60Last1": 43.2,
        "savesPer60Last3": 38.4,
        "savesPer60Last5": 35.4,
        "shotsPerGame": 32.4,
        "shotsPerGameLast5": 33.0,
        "shotsAgainstPerGame": 27.9,
        "shotsAgainstPerGameLast5": 36.6,
        "oppSavesAgainstPer60": 31.2,
        "oppSavesAgainstPer60Last1": 36.9,
        "oppSavesAgainstPer60Last3": 36.0,
        "oppSavesAgainstPer60Last5": 34.9,
        "oppShotsAgainstPerGame": 31.4,
        "oppShotsAgainstPerGameLast5": 31.6,
        "savesProj": 26.4,
        "savesProjLast5": 41.8,
        "savesProjLast3": 46.4,
        "oppSavesAgainstProj": 27.4,
        "oppSavesAgainstProjLast5": 38.1,
        "oppSavesAgainstProjLast3": 41.5,
        "totalOver": 59,
        "totalOverLast5": 40,
        "totalOverLast15": 60,
        "lastTotalOver": 0,
        "last5": "1,1,4,3,1,3,5,2,7,3",
        "overOdds": "-155",
        "underOdds": "+125",
        "overUnder": "-155 / +125"
    },
    {
        "player": "Matt Roy",
        "team": "LA",
        "opponent": "EDM",
        "propType": "bs",
        "line": 1.5,
        "ppLine": "",
        "avg": 1.88,
        "hit": false,
        "diffAvg": 0.25,
        "diffAbs": 1.0,
        "lastAvg": 0.0,
        "diff": 0,
        "avgMin": 18,
        "proj": 0.0,
        "lastAvgMin": 20.98,
        "oppOver": 0,
        "teamOver": 0,
        "gameLine": "+195",
        "+/-": "+11",
        "L5_+/-": "+3.0",
        "prevMatchup": "2023-04-23 1.0 bs 2023-04-21 2.0 bs 2023-04-19 5.0 bs 2023-04-17 2.0 bs 2023-04-04 2.0 bs 2023-03-30 2.0 bs 2023-01-09 3.0 bs 2022-11-16 2.0 bs",
        "winLossSplits": "65% - 59%",
        "awayHome": "A",
        "playedYesterday": "N",
        "awayHomeSplits": "63% - 63%",
        "savesAboveExp": 0.118,
        "gsaa": 14.07,
        "corsi": "51.5% (58.6) // 51.1% (56.4) // 51.5% (58.6) // 51.5% (58.6)",
        "fenwick": "52.9% (44.1) // 52.5% (42.8) // 52.9% (44.1) // 52.9% (44.1)",
        "shots": "53.7% (32.0) // 52.5% (30.9) // 53.7% (32.0) // 53.7% (32.0)",
        "scoring": "52.0% (31.2) // 51.8% (28.6) // 52.0% (31.2) // 52.0% (31.2)",
        "corsiAgainst": "48.5% (55.1) // 48.9% (53.9) // 48.5% (55.1) // 48.5% (55.1)",
        "fenwickAgainst": "47.1% (39.3) // 47.5% (38.7) // 47.1% (39.3) // 47.1% (39.3)",
        "shotsAgainst": "46.3% (27.5) // 47.5% (27.9) // 46.3% (27.5) // 46.3% (27.5)",
        "scoringAgainst": "48.0% (28.8) // 48.2% (26.6) // 48.0% (28.8) // 48.0% (28.8)",
        "oppCorsi": "52.1% (59.2) // 54.3% (61.2) // 52.1% (59.2) // 52.1% (59.2)",
        "oppFenwick": "51.6% (44.8) // 54.4% (46.8) // 51.6% (44.8) // 51.6% (44.8)",
        "oppShots": "51.7% (33.3) // 54.4% (35.4) // 51.7% (33.3) // 51.7% (33.3)",
        "oppScoring": "53.5% (32.9) // 54.3% (35.5) // 53.5% (32.9) // 53.5% (32.9)",
        "oppCorsiAgainst": "47.9% (54.5) // 45.7% (51.4) // 47.9% (54.5) // 47.9% (54.5)",
        "oppFenwickAgainst": "48.4% (42.0) // 45.6% (39.2) // 48.4% (42.0) // 48.4% (42.0)",
        "oppShotsAgainst": "48.3% (31.1) // 45.6% (29.7) // 48.3% (31.1) // 48.3% (31.1)",
        "oppScoringAgainst": "46.5% (28.6) // 45.7% (29.9) // 46.5% (28.6) // 46.5% (28.6)",
        "savesPerGame": 24.8,
        "savesPerGameLast1": 37.0,
        "savesPerGameLast3": 36.0,
        "savesPerGameLast5": 33.2,
        "savesPer60": 26.3,
        "savesPer60Last1": 43.2,
        "savesPer60Last3": 38.4,
        "savesPer60Last5": 35.4,
        "shotsPerGame": 32.4,
        "shotsPerGameLast5": 33.0,
        "shotsAgainstPerGame": 27.9,
        "shotsAgainstPerGameLast5": 36.6,
        "oppSavesAgainstPer60": 31.2,
        "oppSavesAgainstPer60Last1": 36.9,
        "oppSavesAgainstPer60Last3": 36.0,
        "oppSavesAgainstPer60Last5": 34.9,
        "oppShotsAgainstPerGame": 31.4,
        "oppShotsAgainstPerGameLast5": 31.6,
        "savesProj": 26.4,
        "savesProjLast5": 41.8,
        "savesProjLast3": 46.4,
        "oppSavesAgainstProj": 27.4,
        "oppSavesAgainstProjLast5": 38.1,
        "oppSavesAgainstProjLast3": 41.5,
        "totalOver": 63,
        "totalOverLast5": 60,
        "totalOverLast15": 60,
        "lastTotalOver": 0,
        "last5": "1,2,5,2,1,0,2,1,2,3",
        "overOdds": "-180",
        "underOdds": "+145",
        "overUnder": "-180 / +145"
    }
]