[
    {
        "player": "Aaron Ekblad",
        "team": "FLA",
        "opponent": "BOS",
        "propType": "sog",
        "line": 2.5,
        "ppLine": "PP2",
        "avg": 2.97,
        "hit": false,
        "diffAvg": 0.19,
        "diffAbs": 0.08,
        "lastAvg": 2.54,
        "diff": 0.02,
        "avgMin": 23,
        "proj": 2.3,
        "lastAvgMin": 24.92,
        "oppOver": 0,
        "teamOver": 0,
        "gameLine": "+190",
        "+/-": -10,
        "L5_+/-": "+3.0",
        "prevMatchup": "2023-04-28 2.0 sog 2023-04-26 0.0 sog 2023-04-21 0.0 sog 2023-04-19 2.0 sog 2023-04-17 4.0 sog 2023-01-28 5.0 sog 2022-12-19 6.0 sog 2022-11-23 2.0 sog 2022-10-17 2.0 sog",
        "winLossSplits": "54% - 57%",
        "awayHome": "A",
        "playedYesterday": "N",
        "awayHomeSplits": "42% - 68%",
        "savesAboveExp": 0.19,
        "gsaa": 15.25,
        "corsi": "54.2% (66.3) // 52.5% (66.0) // 54.2% (66.3) // 54.2% (66.3)",
        "fenwick": "53.6% (49.9) // 52.0% (49.3) // 53.6% (49.9) // 53.6% (49.9)",
        "shots": "53.7% (36.5) // 51.9% (35.5) // 53.7% (36.5) // 53.7% (36.5)",
        "scoring": "54.6% (34.8) // 53.4% (34.0) // 54.6% (34.8) // 54.6% (34.8)",
        "corsiAgainst": "45.8% (56.1) // 47.5% (59.7) // 45.8% (56.1) // 45.8% (56.1)",
        "fenwickAgainst": "46.4% (43.2) // 48.0% (45.5) // 46.4% (43.2) // 46.4% (43.2)",
        "shotsAgainst": "46.3% (31.5) // 48.1% (33.0) // 46.3% (31.5) // 46.3% (31.5)",
        "scoringAgainst": "45.4% (28.9) // 46.6% (29.7) // 45.4% (28.9) // 45.4% (28.9)",
        "oppCorsi": "51.4% (58.2) // 52.6% (61.3) // 51.4% (58.2) // 51.4% (58.2)",
        "oppFenwick": "51.6% (44.0) // 52.5% (46.9) // 51.6% (44.0) // 51.6% (44.0)",
        "oppShots": "52.5% (32.6) // 52.7% (33.6) // 52.5% (32.6) // 52.5% (32.6)",
        "oppScoring": "53.0% (32.2) // 53.2% (32.5) // 53.0% (32.2) // 53.0% (32.2)",
        "oppCorsiAgainst": "48.6% (55.0) // 47.4% (55.1) // 48.6% (55.0) // 48.6% (55.0)",
        "oppFenwickAgainst": "48.4% (41.2) // 47.5% (42.4) // 48.4% (41.2) // 48.4% (41.2)",
        "oppShotsAgainst": "47.5% (29.5) // 47.3% (30.1) // 47.5% (29.5) // 47.5% (29.5)",
        "oppScoringAgainst": "47.0% (28.6) // 46.8% (28.6) // 47.0% (28.6) // 47.0% (28.6)",
        "savesPerGame": 28.4,
        "savesPerGameLast1": 29.0,
        "savesPerGameLast3": 32.7,
        "savesPerGameLast5": 32.6,
        "savesPer60": 30.3,
        "savesPer60Last1": 29.0,
        "savesPer60Last3": 33.2,
        "savesPer60Last5": 32.6,
        "shotsPerGame": 36.8,
        "shotsPerGameLast5": 32.6,
        "shotsAgainstPerGame": 31.7,
        "shotsAgainstPerGameLast5": 36.8,
        "oppSavesAgainstPer60": 31.4,
        "oppSavesAgainstPer60Last1": 29.0,
        "oppSavesAgainstPer60Last3": 33.5,
        "oppSavesAgainstPer60Last5": 33.1,
        "oppShotsAgainstPerGame": 29.8,
        "oppShotsAgainstPerGameLast5": 32.6,
        "savesProj": 29.7,
        "savesProjLast5": 35.4,
        "savesProjLast3": 36.2,
        "oppSavesAgainstProj": 30.8,
        "oppSavesAgainstProjLast5": 34.4,
        "oppSavesAgainstProjLast3": 34.8,
        "totalOver": 55,
        "totalOverLast5": 20,
        "totalOverLast15": 53,
        "lastTotalOver": 56,
        "last5": "2,0,0,2,4,4,3,3,1,4",
        "overOdds": "+105",
        "underOdds": "-135",
        "overUnder": "+105 / -135"
    },
    {
        "player": "Aleksander Barkov",
        "team": "FLA",
        "opponent": "BOS",
        "propType": "sog",
        "line": 2.5,
        "ppLine": "PP1",
        "avg": 3.04,
        "hit": false,
        "diffAvg": 0.22,
        "diffAbs": 0.16,
        "lastAvg": 2.78,
        "diff": 0.11,
        "avgMin": 21,
        "proj": 2.9,
        "lastAvgMin": 20.3,
        "oppOver": 0,
        "teamOver": 0,
        "gameLine": "+190",
        "+/-": "+10",
        "L5_+/-": "+1.0",
        "prevMatchup": "2023-04-28 2.0 sog 2023-04-26 2.0 sog 2023-04-23 7.0 sog 2023-04-21 3.0 sog 2023-04-19 1.0 sog 2023-04-17 0.0 sog 2023-01-28 4.0 sog 2022-11-23 5.0 sog 2022-10-17 2.0 sog",
        "winLossSplits": "56% - 52%",
        "awayHome": "A",
        "playedYesterday": "N",
        "awayHomeSplits": "39% - 68%",
        "savesAboveExp": 0.19,
        "gsaa": 15.25,
        "corsi": "54.2% (66.3) // 52.5% (66.0) // 54.2% (66.3) // 54.2% (66.3)",
        "fenwick": "53.6% (49.9) // 52.0% (49.3) // 53.6% (49.9) // 53.6% (49.9)",
        "shots": "53.7% (36.5) // 51.9% (35.5) // 53.7% (36.5) // 53.7% (36.5)",
        "scoring": "54.6% (34.8) // 53.4% (34.0) // 54.6% (34.8) // 54.6% (34.8)",
        "corsiAgainst": "45.8% (56.1) // 47.5% (59.7) // 45.8% (56.1) // 45.8% (56.1)",
        "fenwickAgainst": "46.4% (43.2) // 48.0% (45.5) // 46.4% (43.2) // 46.4% (43.2)",
        "shotsAgainst": "46.3% (31.5) // 48.1% (33.0) // 46.3% (31.5) // 46.3% (31.5)",
        "scoringAgainst": "45.4% (28.9) // 46.6% (29.7) // 45.4% (28.9) // 45.4% (28.9)",
        "oppCorsi": "51.4% (58.2) // 52.6% (61.3) // 51.4% (58.2) // 51.4% (58.2)",
        "oppFenwick": "51.6% (44.0) // 52.5% (46.9) // 51.6% (44.0) // 51.6% (44.0)",
        "oppShots": "52.5% (32.6) // 52.7% (33.6) // 52.5% (32.6) // 52.5% (32.6)",
        "oppScoring": "53.0% (32.2) // 53.2% (32.5) // 53.0% (32.2) // 53.0% (32.2)",
        "oppCorsiAgainst": "48.6% (55.0) // 47.4% (55.1) // 48.6% (55.0) // 48.6% (55.0)",
        "oppFenwickAgainst": "48.4% (41.2) // 47.5% (42.4) // 48.4% (41.2) // 48.4% (41.2)",
        "oppShotsAgainst": "47.5% (29.5) // 47.3% (30.1) // 47.5% (29.5) // 47.5% (29.5)",
        "oppScoringAgainst": "47.0% (28.6) // 46.8% (28.6) // 47.0% (28.6) // 47.0% (28.6)",
        "savesPerGame": 28.4,
        "savesPerGameLast1": 29.0,
        "savesPerGameLast3": 32.7,
        "savesPerGameLast5": 32.6,
        "savesPer60": 30.3,
        "savesPer60Last1": 29.0,
        "savesPer60Last3": 33.2,
        "savesPer60Last5": 32.6,
        "shotsPerGame": 36.8,
        "shotsPerGameLast5": 32.6,
        "shotsAgainstPerGame": 31.7,
        "shotsAgainstPerGameLast5": 36.8,
        "oppSavesAgainstPer60": 31.4,
        "oppSavesAgainstPer60Last1": 29.0,
        "oppSavesAgainstPer60Last3": 33.5,
        "oppSavesAgainstPer60Last5": 33.1,
        "oppShotsAgainstPerGame": 29.8,
        "oppShotsAgainstPerGameLast5": 32.6,
        "savesProj": 29.7,
        "savesProjLast5": 35.4,
        "savesProjLast3": 36.2,
        "oppSavesAgainstProj": 30.8,
        "oppSavesAgainstProjLast5": 34.4,
        "oppSavesAgainstProjLast3": 34.8,
        "totalOver": 54,
        "totalOverLast5": 40,
        "totalOverLast15": 40,
        "lastTotalOver": 66,
        "last5": "2,2,7,3,1,0,5,2,3,4",
        "overOdds": "-135",
        "underOdds": "+105",
        "overUnder": "-135 / +105"
    },
    {
        "player": "Brad Marchand",
        "team": "BOS",
        "opponent": "FLA",
        "propType": "sog",
        "line": 2.5,
        "ppLine": "PP1",
        "avg": 2.59,
        "hit": false,
        "diffAvg": 0.04,
        "diffAbs": 0.16,
        "lastAvg": 3.14,
        "diff": 0.26,
        "avgMin": 18,
        "proj": 2.9,
        "lastAvgMin": 19.25,
        "oppOver": 0,
        "teamOver": 0,
        "gameLine": "-225",
        "+/-": "+23",
        "L5_+/-": -2.0,
        "prevMatchup": "2023-04-28 2.0 sog 2023-04-26 5.0 sog 2023-04-23 3.0 sog 2023-04-21 4.0 sog 2023-04-19 4.0 sog 2023-04-17 4.0 sog 2023-01-28 4.0 sog 2022-12-19 1.0 sog 2022-11-23 5.0 sog",
        "winLossSplits": "42% - 63%",
        "awayHome": "H",
        "playedYesterday": "N",
        "awayHomeSplits": "48% - 46%",
        "savesAboveExp": -0.102,
        "gsaa": -4.63,
        "corsi": "51.4% (58.2) // 52.6% (61.3) // 51.4% (58.2) // 51.4% (58.2)",
        "fenwick": "51.6% (44.0) // 52.5% (46.9) // 51.6% (44.0) // 51.6% (44.0)",
        "shots": "52.5% (32.6) // 52.7% (33.6) // 52.5% (32.6) // 52.5% (32.6)",
        "scoring": "53.0% (32.2) // 53.2% (32.5) // 53.0% (32.2) // 53.0% (32.2)",
        "corsiAgainst": "48.6% (55.0) // 47.4% (55.1) // 48.6% (55.0) // 48.6% (55.0)",
        "fenwickAgainst": "48.4% (41.2) // 47.5% (42.4) // 48.4% (41.2) // 48.4% (41.2)",
        "shotsAgainst": "47.5% (29.5) // 47.3% (30.1) // 47.5% (29.5) // 47.5% (29.5)",
        "scoringAgainst": "47.0% (28.6) // 46.8% (28.6) // 47.0% (28.6) // 47.0% (28.6)",
        "oppCorsi": "54.2% (66.3) // 52.5% (66.0) // 54.2% (66.3) // 54.2% (66.3)",
        "oppFenwick": "53.6% (49.9) // 52.0% (49.3) // 53.6% (49.9) // 53.6% (49.9)",
        "oppShots": "53.7% (36.5) // 51.9% (35.5) // 53.7% (36.5) // 53.7% (36.5)",
        "oppScoring": "54.6% (34.8) // 53.4% (34.0) // 54.6% (34.8) // 54.6% (34.8)",
        "oppCorsiAgainst": "45.8% (56.1) // 47.5% (59.7) // 45.8% (56.1) // 45.8% (56.1)",
        "oppFenwickAgainst": "46.4% (43.2) // 48.0% (45.5) // 46.4% (43.2) // 46.4% (43.2)",
        "oppShotsAgainst": "46.3% (31.5) // 48.1% (33.0) // 46.3% (31.5) // 46.3% (31.5)",
        "oppScoringAgainst": "45.4% (28.9) // 46.6% (29.7) // 45.4% (28.9) // 45.4% (28.9)",
        "savesPerGame": 27.7,
        "savesPerGameLast1": 26.0,
        "savesPerGameLast3": 29.7,
        "savesPerGameLast5": 28.4,
        "savesPer60": 30.0,
        "savesPer60Last1": 25.4,
        "savesPer60Last3": 30.4,
        "savesPer60Last5": 28.7,
        "shotsPerGame": 33.0,
        "shotsPerGameLast5": 36.8,
        "shotsAgainstPerGame": 29.8,
        "shotsAgainstPerGameLast5": 32.6,
        "oppSavesAgainstPer60": 35.7,
        "oppSavesAgainstPer60Last1": 26.7,
        "oppSavesAgainstPer60Last3": 29.5,
        "oppSavesAgainstPer60Last5": 28.2,
        "oppShotsAgainstPerGame": 31.7,
        "oppShotsAgainstPerGameLast5": 36.8,
        "savesProj": 32.8,
        "savesProjLast5": 26.9,
        "savesProjLast3": 29.8,
        "oppSavesAgainstProj": 33.4,
        "oppSavesAgainstProjLast5": 22.4,
        "oppSavesAgainstProjLast3": 24.5,
        "totalOver": 47,
        "totalOverLast5": 80,
        "totalOverLast15": 60,
        "lastTotalOver": 61,
        "last5": "2,5,3,4,4,4,3,3,0,5",
        "overOdds": "-175",
        "underOdds": "+140",
        "overUnder": "-175 / +140"
    },
    {
        "player": "Brandon Montour",
        "team": "FLA",
        "opponent": "BOS",
        "propType": "sog",
        "line": 2.5,
        "ppLine": "PP1",
        "avg": 3.0,
        "hit": false,
        "diffAvg": 0.2,
        "diffAbs": 0.08,
        "lastAvg": 1.68,
        "diff": -0.33,
        "avgMin": 24,
        "proj": 2.3,
        "lastAvgMin": 17.88,
        "oppOver": 0,
        "teamOver": 0,
        "gameLine": "+190",
        "+/-": "+8",
        "L5_+/-": -1.0,
        "prevMatchup": "2023-04-28 2.0 sog 2023-04-26 0.0 sog 2023-04-23 6.0 sog 2023-04-21 4.0 sog 2023-04-19 2.0 sog 2023-04-17 2.0 sog 2023-01-28 3.0 sog 2022-12-19 2.0 sog 2022-11-23 3.0 sog",
        "winLossSplits": "52% - 62%",
        "awayHome": "A",
        "playedYesterday": "N",
        "awayHomeSplits": "44% - 70%",
        "savesAboveExp": 0.19,
        "gsaa": 15.25,
        "corsi": "54.2% (66.3) // 52.5% (66.0) // 54.2% (66.3) // 54.2% (66.3)",
        "fenwick": "53.6% (49.9) // 52.0% (49.3) // 53.6% (49.9) // 53.6% (49.9)",
        "shots": "53.7% (36.5) // 51.9% (35.5) // 53.7% (36.5) // 53.7% (36.5)",
        "scoring": "54.6% (34.8) // 53.4% (34.0) // 54.6% (34.8) // 54.6% (34.8)",
        "corsiAgainst": "45.8% (56.1) // 47.5% (59.7) // 45.8% (56.1) // 45.8% (56.1)",
        "fenwickAgainst": "46.4% (43.2) // 48.0% (45.5) // 46.4% (43.2) // 46.4% (43.2)",
        "shotsAgainst": "46.3% (31.5) // 48.1% (33.0) // 46.3% (31.5) // 46.3% (31.5)",
        "scoringAgainst": "45.4% (28.9) // 46.6% (29.7) // 45.4% (28.9) // 45.4% (28.9)",
        "oppCorsi": "51.4% (58.2) // 52.6% (61.3) // 51.4% (58.2) // 51.4% (58.2)",
        "oppFenwick": "51.6% (44.0) // 52.5% (46.9) // 51.6% (44.0) // 51.6% (44.0)",
        "oppShots": "52.5% (32.6) // 52.7% (33.6) // 52.5% (32.6) // 52.5% (32.6)",
        "oppScoring": "53.0% (32.2) // 53.2% (32.5) // 53.0% (32.2) // 53.0% (32.2)",
        "oppCorsiAgainst": "48.6% (55.0) // 47.4% (55.1) // 48.6% (55.0) // 48.6% (55.0)",
        "oppFenwickAgainst": "48.4% (41.2) // 47.5% (42.4) // 48.4% (41.2) // 48.4% (41.2)",
        "oppShotsAgainst": "47.5% (29.5) // 47.3% (30.1) // 47.5% (29.5) // 47.5% (29.5)",
        "oppScoringAgainst": "47.0% (28.6) // 46.8% (28.6) // 47.0% (28.6) // 47.0% (28.6)",
        "savesPerGame": 28.4,
        "savesPerGameLast1": 29.0,
        "savesPerGameLast3": 32.7,
        "savesPerGameLast5": 32.6,
        "savesPer60": 30.3,
        "savesPer60Last1": 29.0,
        "savesPer60Last3": 33.2,
        "savesPer60Last5": 32.6,
        "shotsPerGame": 36.8,
        "shotsPerGameLast5": 32.6,
        "shotsAgainstPerGame": 31.7,
        "shotsAgainstPerGameLast5": 36.8,
        "oppSavesAgainstPer60": 31.4,
        "oppSavesAgainstPer60Last1": 29.0,
        "oppSavesAgainstPer60Last3": 33.5,
        "oppSavesAgainstPer60Last5": 33.1,
        "oppShotsAgainstPerGame": 29.8,
        "oppShotsAgainstPerGameLast5": 32.6,
        "savesProj": 29.7,
        "savesProjLast5": 35.4,
        "savesProjLast3": 36.2,
        "oppSavesAgainstProj": 30.8,
        "oppSavesAgainstProjLast5": 34.4,
        "oppSavesAgainstProjLast3": 34.8,
        "totalOver": 57,
        "totalOverLast5": 40,
        "totalOverLast15": 40,
        "lastTotalOver": 48,
        "last5": "2,0,6,4,2,2,6,4,2,4",
        "overOdds": "-125",
        "underOdds": "-105",
        "overUnder": "-125 / -105"
    },
    {
        "player": "Carter Verhaeghe",
        "team": "FLA",
        "opponent": "BOS",
        "propType": "sog",
        "line": 2.5,
        "ppLine": "PP2",
        "avg": 3.34,
        "hit": false,
        "diffAvg": 0.34,
        "diffAbs": 0.2,
        "lastAvg": 1.9,
        "diff": -0.24,
        "avgMin": 17,
        "proj": 2.0,
        "lastAvgMin": 16.05,
        "oppOver": 0,
        "teamOver": 0,
        "gameLine": "+190",
        "+/-": "+13",
        "L5_+/-": -1.0,
        "prevMatchup": "2023-04-28 2.0 sog 2023-04-26 3.0 sog 2023-04-23 2.0 sog 2023-04-21 3.0 sog 2023-04-19 2.0 sog 2023-04-17 2.0 sog 2023-01-28 4.0 sog 2022-12-19 4.0 sog 2022-11-23 4.0 sog 2022-10-17 3.0 sog",
        "winLossSplits": "75% - 51%",
        "awayHome": "A",
        "playedYesterday": "N",
        "awayHomeSplits": "55% - 72%",
        "savesAboveExp": 0.19,
        "gsaa": 15.25,
        "corsi": "54.2% (66.3) // 52.5% (66.0) // 54.2% (66.3) // 54.2% (66.3)",
        "fenwick": "53.6% (49.9) // 52.0% (49.3) // 53.6% (49.9) // 53.6% (49.9)",
        "shots": "53.7% (36.5) // 51.9% (35.5) // 53.7% (36.5) // 53.7% (36.5)",
        "scoring": "54.6% (34.8) // 53.4% (34.0) // 54.6% (34.8) // 54.6% (34.8)",
        "corsiAgainst": "45.8% (56.1) // 47.5% (59.7) // 45.8% (56.1) // 45.8% (56.1)",
        "fenwickAgainst": "46.4% (43.2) // 48.0% (45.5) // 46.4% (43.2) // 46.4% (43.2)",
        "shotsAgainst": "46.3% (31.5) // 48.1% (33.0) // 46.3% (31.5) // 46.3% (31.5)",
        "scoringAgainst": "45.4% (28.9) // 46.6% (29.7) // 45.4% (28.9) // 45.4% (28.9)",
        "oppCorsi": "51.4% (58.2) // 52.6% (61.3) // 51.4% (58.2) // 51.4% (58.2)",
        "oppFenwick": "51.6% (44.0) // 52.5% (46.9) // 51.6% (44.0) // 51.6% (44.0)",
        "oppShots": "52.5% (32.6) // 52.7% (33.6) // 52.5% (32.6) // 52.5% (32.6)",
        "oppScoring": "53.0% (32.2) // 53.2% (32.5) // 53.0% (32.2) // 53.0% (32.2)",
        "oppCorsiAgainst": "48.6% (55.0) // 47.4% (55.1) // 48.6% (55.0) // 48.6% (55.0)",
        "oppFenwickAgainst": "48.4% (41.2) // 47.5% (42.4) // 48.4% (41.2) // 48.4% (41.2)",
        "oppShotsAgainst": "47.5% (29.5) // 47.3% (30.1) // 47.5% (29.5) // 47.5% (29.5)",
        "oppScoringAgainst": "47.0% (28.6) // 46.8% (28.6) // 47.0% (28.6) // 47.0% (28.6)",
        "savesPerGame": 28.4,
        "savesPerGameLast1": 29.0,
        "savesPerGameLast3": 32.7,
        "savesPerGameLast5": 32.6,
        "savesPer60": 30.3,
        "savesPer60Last1": 29.0,
        "savesPer60Last3": 33.2,
        "savesPer60Last5": 32.6,
        "shotsPerGame": 36.8,
        "shotsPerGameLast5": 32.6,
        "shotsAgainstPerGame": 31.7,
        "shotsAgainstPerGameLast5": 36.8,
        "oppSavesAgainstPer60": 31.4,
        "oppSavesAgainstPer60Last1": 29.0,
        "oppSavesAgainstPer60Last3": 33.5,
        "oppSavesAgainstPer60Last5": 33.1,
        "oppShotsAgainstPerGame": 29.8,
        "oppShotsAgainstPerGameLast5": 32.6,
        "savesProj": 29.7,
        "savesProjLast5": 35.4,
        "savesProjLast3": 36.2,
        "oppSavesAgainstProj": 30.8,
        "oppSavesAgainstProjLast5": 34.4,
        "oppSavesAgainstProjLast3": 34.8,
        "totalOver": 63,
        "totalOverLast5": 40,
        "totalOverLast15": 40,
        "lastTotalOver": 35,
        "last5": "2,3,2,3,2,2,2,2,3,0",
        "overOdds": "-155",
        "underOdds": "+125",
        "overUnder": "-155 / +125"
    },
    {
        "player": "David Pastrnak",
        "team": "BOS",
        "opponent": "FLA",
        "propType": "sog",
        "line": 4.5,
        "ppLine": "PP1",
        "avg": 4.91,
        "hit": false,
        "diffAvg": 0.09,
        "diffAbs": 0.11,
        "lastAvg": 3.95,
        "diff": -0.12,
        "avgMin": 19,
        "proj": 4.0,
        "lastAvgMin": 18.6,
        "oppOver": 0,
        "teamOver": 0,
        "gameLine": "-225",
        "+/-": "+31",
        "L5_+/-": -1.0,
        "prevMatchup": "2023-04-28 7.0 sog 2023-04-26 4.0 sog 2023-04-23 3.0 sog 2023-04-21 7.0 sog 2023-04-19 2.0 sog 2023-04-17 2.0 sog 2023-01-28 7.0 sog 2022-12-19 3.0 sog 2022-11-23 4.0 sog 2022-10-17 8.0 sog",
        "winLossSplits": "59% - 60%",
        "awayHome": "H",
        "playedYesterday": "N",
        "awayHomeSplits": "57% - 61%",
        "savesAboveExp": -0.102,
        "gsaa": -4.63,
        "corsi": "51.4% (58.2) // 52.6% (61.3) // 51.4% (58.2) // 51.4% (58.2)",
        "fenwick": "51.6% (44.0) // 52.5% (46.9) // 51.6% (44.0) // 51.6% (44.0)",
        "shots": "52.5% (32.6) // 52.7% (33.6) // 52.5% (32.6) // 52.5% (32.6)",
        "scoring": "53.0% (32.2) // 53.2% (32.5) // 53.0% (32.2) // 53.0% (32.2)",
        "corsiAgainst": "48.6% (55.0) // 47.4% (55.1) // 48.6% (55.0) // 48.6% (55.0)",
        "fenwickAgainst": "48.4% (41.2) // 47.5% (42.4) // 48.4% (41.2) // 48.4% (41.2)",
        "shotsAgainst": "47.5% (29.5) // 47.3% (30.1) // 47.5% (29.5) // 47.5% (29.5)",
        "scoringAgainst": "47.0% (28.6) // 46.8% (28.6) // 47.0% (28.6) // 47.0% (28.6)",
        "oppCorsi": "54.2% (66.3) // 52.5% (66.0) // 54.2% (66.3) // 54.2% (66.3)",
        "oppFenwick": "53.6% (49.9) // 52.0% (49.3) // 53.6% (49.9) // 53.6% (49.9)",
        "oppShots": "53.7% (36.5) // 51.9% (35.5) // 53.7% (36.5) // 53.7% (36.5)",
        "oppScoring": "54.6% (34.8) // 53.4% (34.0) // 54.6% (34.8) // 54.6% (34.8)",
        "oppCorsiAgainst": "45.8% (56.1) // 47.5% (59.7) // 45.8% (56.1) // 45.8% (56.1)",
        "oppFenwickAgainst": "46.4% (43.2) // 48.0% (45.5) // 46.4% (43.2) // 46.4% (43.2)",
        "oppShotsAgainst": "46.3% (31.5) // 48.1% (33.0) // 46.3% (31.5) // 46.3% (31.5)",
        "oppScoringAgainst": "45.4% (28.9) // 46.6% (29.7) // 45.4% (28.9) // 45.4% (28.9)",
        "savesPerGame": 27.7,
        "savesPerGameLast1": 26.0,
        "savesPerGameLast3": 29.7,
        "savesPerGameLast5": 28.4,
        "savesPer60": 30.0,
        "savesPer60Last1": 25.4,
        "savesPer60Last3": 30.4,
        "savesPer60Last5": 28.7,
        "shotsPerGame": 33.0,
        "shotsPerGameLast5": 36.8,
        "shotsAgainstPerGame": 29.8,
        "shotsAgainstPerGameLast5": 32.6,
        "oppSavesAgainstPer60": 35.7,
        "oppSavesAgainstPer60Last1": 26.7,
        "oppSavesAgainstPer60Last3": 29.5,
        "oppSavesAgainstPer60Last5": 28.2,
        "oppShotsAgainstPerGame": 31.7,
        "oppShotsAgainstPerGameLast5": 36.8,
        "savesProj": 32.8,
        "savesProjLast5": 26.9,
        "savesProjLast3": 29.8,
        "oppSavesAgainstProj": 33.4,
        "oppSavesAgainstProjLast5": 22.4,
        "oppSavesAgainstProjLast3": 24.5,
        "totalOver": 59,
        "totalOverLast5": 40,
        "totalOverLast15": 53,
        "lastTotalOver": 46,
        "last5": "7,4,3,7,2,2,3,8,10,7",
        "overOdds": "-135",
        "underOdds": "+105",
        "overUnder": "-135 / +105"
    },
    {
        "player": "Gustav Forsling",
        "team": "FLA",
        "opponent": "BOS",
        "propType": "sog",
        "line": 2.5,
        "ppLine": "PP2",
        "avg": 2.55,
        "hit": false,
        "diffAvg": 0.02,
        "diffAbs": 0.24,
        "lastAvg": 1.79,
        "diff": -0.28,
        "avgMin": 23,
        "proj": 1.9,
        "lastAvgMin": 21.22,
        "oppOver": 0,
        "teamOver": 0,
        "gameLine": "+190",
        "+/-": "+23",
        "L5_+/-": "+2.0",
        "prevMatchup": "2023-04-28 0.0 sog 2023-04-26 3.0 sog 2023-04-23 4.0 sog 2023-04-21 2.0 sog 2023-04-19 1.0 sog 2023-04-17 3.0 sog 2023-01-28 3.0 sog 2022-12-19 2.0 sog 2022-11-23 2.0 sog 2022-10-17 5.0 sog",
        "winLossSplits": "58% - 51%",
        "awayHome": "A",
        "playedYesterday": "N",
        "awayHomeSplits": "55% - 55%",
        "savesAboveExp": 0.19,
        "gsaa": 15.25,
        "corsi": "54.2% (66.3) // 52.5% (66.0) // 54.2% (66.3) // 54.2% (66.3)",
        "fenwick": "53.6% (49.9) // 52.0% (49.3) // 53.6% (49.9) // 53.6% (49.9)",
        "shots": "53.7% (36.5) // 51.9% (35.5) // 53.7% (36.5) // 53.7% (36.5)",
        "scoring": "54.6% (34.8) // 53.4% (34.0) // 54.6% (34.8) // 54.6% (34.8)",
        "corsiAgainst": "45.8% (56.1) // 47.5% (59.7) // 45.8% (56.1) // 45.8% (56.1)",
        "fenwickAgainst": "46.4% (43.2) // 48.0% (45.5) // 46.4% (43.2) // 46.4% (43.2)",
        "shotsAgainst": "46.3% (31.5) // 48.1% (33.0) // 46.3% (31.5) // 46.3% (31.5)",
        "scoringAgainst": "45.4% (28.9) // 46.6% (29.7) // 45.4% (28.9) // 45.4% (28.9)",
        "oppCorsi": "51.4% (58.2) // 52.6% (61.3) // 51.4% (58.2) // 51.4% (58.2)",
        "oppFenwick": "51.6% (44.0) // 52.5% (46.9) // 51.6% (44.0) // 51.6% (44.0)",
        "oppShots": "52.5% (32.6) // 52.7% (33.6) // 52.5% (32.6) // 52.5% (32.6)",
        "oppScoring": "53.0% (32.2) // 53.2% (32.5) // 53.0% (32.2) // 53.0% (32.2)",
        "oppCorsiAgainst": "48.6% (55.0) // 47.4% (55.1) // 48.6% (55.0) // 48.6% (55.0)",
        "oppFenwickAgainst": "48.4% (41.2) // 47.5% (42.4) // 48.4% (41.2) // 48.4% (41.2)",
        "oppShotsAgainst": "47.5% (29.5) // 47.3% (30.1) // 47.5% (29.5) // 47.5% (29.5)",
        "oppScoringAgainst": "47.0% (28.6) // 46.8% (28.6) // 47.0% (28.6) // 47.0% (28.6)",
        "savesPerGame": 28.4,
        "savesPerGameLast1": 29.0,
        "savesPerGameLast3": 32.7,
        "savesPerGameLast5": 32.6,
        "savesPer60": 30.3,
        "savesPer60Last1": 29.0,
        "savesPer60Last3": 33.2,
        "savesPer60Last5": 32.6,
        "shotsPerGame": 36.8,
        "shotsPerGameLast5": 32.6,
        "shotsAgainstPerGame": 31.7,
        "shotsAgainstPerGameLast5": 36.8,
        "oppSavesAgainstPer60": 31.4,
        "oppSavesAgainstPer60Last1": 29.0,
        "oppSavesAgainstPer60Last3": 33.5,
        "oppSavesAgainstPer60Last5": 33.1,
        "oppShotsAgainstPerGame": 29.8,
        "oppShotsAgainstPerGameLast5": 32.6,
        "savesProj": 29.7,
        "savesProjLast5": 35.4,
        "savesProjLast3": 36.2,
        "oppSavesAgainstProj": 30.8,
        "oppSavesAgainstProjLast5": 34.4,
        "oppSavesAgainstProjLast3": 34.8,
        "totalOver": 55,
        "totalOverLast5": 40,
        "totalOverLast15": 60,
        "lastTotalOver": 32,
        "last5": "0,3,4,2,1,3,2,3,5,5",
        "overOdds": "+105",
        "underOdds": "-135",
        "overUnder": "+105 / -135"
    },
    {
        "player": "Jake Debrusk",
        "team": "BOS",
        "opponent": "FLA",
        "propType": "sog",
        "line": 2.5,
        "ppLine": "PP2",
        "avg": 2.86,
        "hit": false,
        "diffAvg": 0.14,
        "diffAbs": 0.08,
        "lastAvg": 2.19,
        "diff": -0.12,
        "avgMin": 16,
        "proj": 2.3,
        "lastAvgMin": 15.03,
        "oppOver": 0,
        "teamOver": 0,
        "gameLine": "-225",
        "+/-": "+25",
        "L5_+/-": "+1.0",
        "prevMatchup": "2023-04-28 1.0 sog 2023-04-26 0.0 sog 2023-04-23 2.0 sog 2023-04-21 2.0 sog 2023-04-19 3.0 sog 2023-04-17 1.0 sog 2022-12-19 1.0 sog 2022-11-23 3.0 sog 2022-10-17 5.0 sog",
        "winLossSplits": "55% - 33%",
        "awayHome": "H",
        "playedYesterday": "N",
        "awayHomeSplits": "50% - 50%",
        "savesAboveExp": -0.102,
        "gsaa": -4.63,
        "corsi": "51.4% (58.2) // 52.6% (61.3) // 51.4% (58.2) // 51.4% (58.2)",
        "fenwick": "51.6% (44.0) // 52.5% (46.9) // 51.6% (44.0) // 51.6% (44.0)",
        "shots": "52.5% (32.6) // 52.7% (33.6) // 52.5% (32.6) // 52.5% (32.6)",
        "scoring": "53.0% (32.2) // 53.2% (32.5) // 53.0% (32.2) // 53.0% (32.2)",
        "corsiAgainst": "48.6% (55.0) // 47.4% (55.1) // 48.6% (55.0) // 48.6% (55.0)",
        "fenwickAgainst": "48.4% (41.2) // 47.5% (42.4) // 48.4% (41.2) // 48.4% (41.2)",
        "shotsAgainst": "47.5% (29.5) // 47.3% (30.1) // 47.5% (29.5) // 47.5% (29.5)",
        "scoringAgainst": "47.0% (28.6) // 46.8% (28.6) // 47.0% (28.6) // 47.0% (28.6)",
        "oppCorsi": "54.2% (66.3) // 52.5% (66.0) // 54.2% (66.3) // 54.2% (66.3)",
        "oppFenwick": "53.6% (49.9) // 52.0% (49.3) // 53.6% (49.9) // 53.6% (49.9)",
        "oppShots": "53.7% (36.5) // 51.9% (35.5) // 53.7% (36.5) // 53.7% (36.5)",
        "oppScoring": "54.6% (34.8) // 53.4% (34.0) // 54.6% (34.8) // 54.6% (34.8)",
        "oppCorsiAgainst": "45.8% (56.1) // 47.5% (59.7) // 45.8% (56.1) // 45.8% (56.1)",
        "oppFenwickAgainst": "46.4% (43.2) // 48.0% (45.5) // 46.4% (43.2) // 46.4% (43.2)",
        "oppShotsAgainst": "46.3% (31.5) // 48.1% (33.0) // 46.3% (31.5) // 46.3% (31.5)",
        "oppScoringAgainst": "45.4% (28.9) // 46.6% (29.7) // 45.4% (28.9) // 45.4% (28.9)",
        "savesPerGame": 27.7,
        "savesPerGameLast1": 26.0,
        "savesPerGameLast3": 29.7,
        "savesPerGameLast5": 28.4,
        "savesPer60": 30.0,
        "savesPer60Last1": 25.4,
        "savesPer60Last3": 30.4,
        "savesPer60Last5": 28.7,
        "shotsPerGame": 33.0,
        "shotsPerGameLast5": 36.8,
        "shotsAgainstPerGame": 29.8,
        "shotsAgainstPerGameLast5": 32.6,
        "oppSavesAgainstPer60": 35.7,
        "oppSavesAgainstPer60Last1": 26.7,
        "oppSavesAgainstPer60Last3": 29.5,
        "oppSavesAgainstPer60Last5": 28.2,
        "oppShotsAgainstPerGame": 31.7,
        "oppShotsAgainstPerGameLast5": 36.8,
        "savesProj": 32.8,
        "savesProjLast5": 26.9,
        "savesProjLast3": 29.8,
        "oppSavesAgainstProj": 33.4,
        "oppSavesAgainstProjLast5": 22.4,
        "oppSavesAgainstProjLast3": 24.5,
        "totalOver": 50,
        "totalOverLast5": 20,
        "totalOverLast15": 33,
        "lastTotalOver": 40,
        "last5": "1,0,2,2,3,1,2,4,1,2",
        "overOdds": "+130",
        "underOdds": "-160",
        "overUnder": "+130 / -160"
    },
    {
        "player": "Matthew Tkachuk",
        "team": "FLA",
        "opponent": "BOS",
        "propType": "sog",
        "line": 3.5,
        "ppLine": "PP1",
        "avg": 4.05,
        "hit": false,
        "diffAvg": 0.16,
        "diffAbs": 0.14,
        "lastAvg": 2.69,
        "diff": -0.23,
        "avgMin": 20,
        "proj": 3.0,
        "lastAvgMin": 17.88,
        "oppOver": 0,
        "teamOver": 0,
        "gameLine": "+190",
        "+/-": "+32",
        "L5_+/-": "+5.0",
        "prevMatchup": "2023-04-28 4.0 sog 2023-04-26 2.0 sog 2023-04-23 6.0 sog 2023-04-21 4.0 sog 2023-04-19 2.0 sog 2023-04-17 3.0 sog 2023-01-28 5.0 sog 2022-12-19 3.0 sog 2022-11-23 6.0 sog 2022-10-17 6.0 sog",
        "winLossSplits": "58% - 50%",
        "awayHome": "A",
        "playedYesterday": "N",
        "awayHomeSplits": "40% - 69%",
        "savesAboveExp": 0.19,
        "gsaa": 15.25,
        "corsi": "54.2% (66.3) // 52.5% (66.0) // 54.2% (66.3) // 54.2% (66.3)",
        "fenwick": "53.6% (49.9) // 52.0% (49.3) // 53.6% (49.9) // 53.6% (49.9)",
        "shots": "53.7% (36.5) // 51.9% (35.5) // 53.7% (36.5) // 53.7% (36.5)",
        "scoring": "54.6% (34.8) // 53.4% (34.0) // 54.6% (34.8) // 54.6% (34.8)",
        "corsiAgainst": "45.8% (56.1) // 47.5% (59.7) // 45.8% (56.1) // 45.8% (56.1)",
        "fenwickAgainst": "46.4% (43.2) // 48.0% (45.5) // 46.4% (43.2) // 46.4% (43.2)",
        "shotsAgainst": "46.3% (31.5) // 48.1% (33.0) // 46.3% (31.5) // 46.3% (31.5)",
        "scoringAgainst": "45.4% (28.9) // 46.6% (29.7) // 45.4% (28.9) // 45.4% (28.9)",
        "oppCorsi": "51.4% (58.2) // 52.6% (61.3) // 51.4% (58.2) // 51.4% (58.2)",
        "oppFenwick": "51.6% (44.0) // 52.5% (46.9) // 51.6% (44.0) // 51.6% (44.0)",
        "oppShots": "52.5% (32.6) // 52.7% (33.6) // 52.5% (32.6) // 52.5% (32.6)",
        "oppScoring": "53.0% (32.2) // 53.2% (32.5) // 53.0% (32.2) // 53.0% (32.2)",
        "oppCorsiAgainst": "48.6% (55.0) // 47.4% (55.1) // 48.6% (55.0) // 48.6% (55.0)",
        "oppFenwickAgainst": "48.4% (41.2) // 47.5% (42.4) // 48.4% (41.2) // 48.4% (41.2)",
        "oppShotsAgainst": "47.5% (29.5) // 47.3% (30.1) // 47.5% (29.5) // 47.5% (29.5)",
        "oppScoringAgainst": "47.0% (28.6) // 46.8% (28.6) // 47.0% (28.6) // 47.0% (28.6)",
        "savesPerGame": 28.4,
        "savesPerGameLast1": 29.0,
        "savesPerGameLast3": 32.7,
        "savesPerGameLast5": 32.6,
        "savesPer60": 30.3,
        "savesPer60Last1": 29.0,
        "savesPer60Last3": 33.2,
        "savesPer60Last5": 32.6,
        "shotsPerGame": 36.8,
        "shotsPerGameLast5": 32.6,
        "shotsAgainstPerGame": 31.7,
        "shotsAgainstPerGameLast5": 36.8,
        "oppSavesAgainstPer60": 31.4,
        "oppSavesAgainstPer60Last1": 29.0,
        "oppSavesAgainstPer60Last3": 33.5,
        "oppSavesAgainstPer60Last5": 33.1,
        "oppShotsAgainstPerGame": 29.8,
        "oppShotsAgainstPerGameLast5": 32.6,
        "savesProj": 29.7,
        "savesProjLast5": 35.4,
        "savesProjLast3": 36.2,
        "oppSavesAgainstProj": 30.8,
        "oppSavesAgainstProjLast5": 34.4,
        "oppSavesAgainstProjLast3": 34.8,
        "totalOver": 54,
        "totalOverLast5": 60,
        "totalOverLast15": 47,
        "lastTotalOver": 44,
        "last5": "4,2,6,4,2,3,3,8,7,2",
        "overOdds": "-130",
        "underOdds": "+100",
        "overUnder": "-130 / +100"
    },
    {
        "player": "Patrice Bergeron",
        "team": "BOS",
        "opponent": "FLA",
        "propType": "sog",
        "line": 3.5,
        "ppLine": "PP1",
        "avg": 3.23,
        "hit": false,
        "diffAvg": -0.08,
        "diffAbs": 0.03,
        "lastAvg": 3.62,
        "diff": 0.03,
        "avgMin": 17,
        "proj": 3.4,
        "lastAvgMin": 18.17,
        "oppOver": 0,
        "teamOver": 0,
        "gameLine": "-225",
        "+/-": "+31",
        "L5_+/-": -1.0,
        "prevMatchup": "2023-04-28 4.0 sog 2023-04-26 6.0 sog 2023-01-28 4.0 sog 2022-12-19 5.0 sog 2022-11-23 4.0 sog 2022-10-17 1.0 sog",
        "winLossSplits": "38% - 63%",
        "awayHome": "H",
        "playedYesterday": "N",
        "awayHomeSplits": "47% - 40%",
        "savesAboveExp": -0.102,
        "gsaa": -4.63,
        "corsi": "51.4% (58.2) // 52.6% (61.3) // 51.4% (58.2) // 51.4% (58.2)",
        "fenwick": "51.6% (44.0) // 52.5% (46.9) // 51.6% (44.0) // 51.6% (44.0)",
        "shots": "52.5% (32.6) // 52.7% (33.6) // 52.5% (32.6) // 52.5% (32.6)",
        "scoring": "53.0% (32.2) // 53.2% (32.5) // 53.0% (32.2) // 53.0% (32.2)",
        "corsiAgainst": "48.6% (55.0) // 47.4% (55.1) // 48.6% (55.0) // 48.6% (55.0)",
        "fenwickAgainst": "48.4% (41.2) // 47.5% (42.4) // 48.4% (41.2) // 48.4% (41.2)",
        "shotsAgainst": "47.5% (29.5) // 47.3% (30.1) // 47.5% (29.5) // 47.5% (29.5)",
        "scoringAgainst": "47.0% (28.6) // 46.8% (28.6) // 47.0% (28.6) // 47.0% (28.6)",
        "oppCorsi": "54.2% (66.3) // 52.5% (66.0) // 54.2% (66.3) // 54.2% (66.3)",
        "oppFenwick": "53.6% (49.9) // 52.0% (49.3) // 53.6% (49.9) // 53.6% (49.9)",
        "oppShots": "53.7% (36.5) // 51.9% (35.5) // 53.7% (36.5) // 53.7% (36.5)",
        "oppScoring": "54.6% (34.8) // 53.4% (34.0) // 54.6% (34.8) // 54.6% (34.8)",
        "oppCorsiAgainst": "45.8% (56.1) // 47.5% (59.7) // 45.8% (56.1) // 45.8% (56.1)",
        "oppFenwickAgainst": "46.4% (43.2) // 48.0% (45.5) // 46.4% (43.2) // 46.4% (43.2)",
        "oppShotsAgainst": "46.3% (31.5) // 48.1% (33.0) // 46.3% (31.5) // 46.3% (31.5)",
        "oppScoringAgainst": "45.4% (28.9) // 46.6% (29.7) // 45.4% (28.9) // 45.4% (28.9)",
        "savesPerGame": 27.7,
        "savesPerGameLast1": 26.0,
        "savesPerGameLast3": 29.7,
        "savesPerGameLast5": 28.4,
        "savesPer60": 30.0,
        "savesPer60Last1": 25.4,
        "savesPer60Last3": 30.4,
        "savesPer60Last5": 28.7,
        "shotsPerGame": 33.0,
        "shotsPerGameLast5": 36.8,
        "shotsAgainstPerGame": 29.8,
        "shotsAgainstPerGameLast5": 32.6,
        "oppSavesAgainstPer60": 35.7,
        "oppSavesAgainstPer60Last1": 26.7,
        "oppSavesAgainstPer60Last3": 29.5,
        "oppSavesAgainstPer60Last5": 28.2,
        "oppShotsAgainstPerGame": 31.7,
        "oppShotsAgainstPerGameLast5": 36.8,
        "savesProj": 32.8,
        "savesProjLast5": 26.9,
        "savesProjLast3": 29.8,
        "oppSavesAgainstProj": 33.4,
        "oppSavesAgainstProjLast5": 22.4,
        "oppSavesAgainstProjLast3": 24.5,
        "totalOver": 44,
        "totalOverLast5": 60,
        "totalOverLast15": 40,
        "lastTotalOver": 56,
        "last5": "4,6,0,4,2,2,5,4,3,0",
        "overOdds": "+105",
        "underOdds": "-135",
        "overUnder": "+105 / -135"
    },
    {
        "player": "Sam Bennett",
        "team": "FLA",
        "opponent": "BOS",
        "propType": "sog",
        "line": 2.5,
        "ppLine": "PP1",
        "avg": 3.1,
        "hit": false,
        "diffAvg": 0.24,
        "diffAbs": 0.2,
        "lastAvg": 2.98,
        "diff": 0.19,
        "avgMin": 17,
        "proj": 3.0,
        "lastAvgMin": 16.93,
        "oppOver": 0,
        "teamOver": 0,
        "gameLine": "+190",
        "+/-": "+8",
        "L5_+/-": "+7.0",
        "prevMatchup": "2023-04-28 1.0 sog 2023-04-26 3.0 sog 2023-04-23 5.0 sog 2023-04-21 3.0 sog 2023-04-19 7.0 sog 2023-01-28 3.0 sog 2022-12-19 2.0 sog 2022-11-23 0.0 sog 2022-10-17 5.0 sog",
        "winLossSplits": "58% - 66%",
        "awayHome": "A",
        "playedYesterday": "N",
        "awayHomeSplits": "61% - 63%",
        "savesAboveExp": 0.19,
        "gsaa": 15.25,
        "corsi": "54.2% (66.3) // 52.5% (66.0) // 54.2% (66.3) // 54.2% (66.3)",
        "fenwick": "53.6% (49.9) // 52.0% (49.3) // 53.6% (49.9) // 53.6% (49.9)",
        "shots": "53.7% (36.5) // 51.9% (35.5) // 53.7% (36.5) // 53.7% (36.5)",
        "scoring": "54.6% (34.8) // 53.4% (34.0) // 54.6% (34.8) // 54.6% (34.8)",
        "corsiAgainst": "45.8% (56.1) // 47.5% (59.7) // 45.8% (56.1) // 45.8% (56.1)",
        "fenwickAgainst": "46.4% (43.2) // 48.0% (45.5) // 46.4% (43.2) // 46.4% (43.2)",
        "shotsAgainst": "46.3% (31.5) // 48.1% (33.0) // 46.3% (31.5) // 46.3% (31.5)",
        "scoringAgainst": "45.4% (28.9) // 46.6% (29.7) // 45.4% (28.9) // 45.4% (28.9)",
        "oppCorsi": "51.4% (58.2) // 52.6% (61.3) // 51.4% (58.2) // 51.4% (58.2)",
        "oppFenwick": "51.6% (44.0) // 52.5% (46.9) // 51.6% (44.0) // 51.6% (44.0)",
        "oppShots": "52.5% (32.6) // 52.7% (33.6) // 52.5% (32.6) // 52.5% (32.6)",
        "oppScoring": "53.0% (32.2) // 53.2% (32.5) // 53.0% (32.2) // 53.0% (32.2)",
        "oppCorsiAgainst": "48.6% (55.0) // 47.4% (55.1) // 48.6% (55.0) // 48.6% (55.0)",
        "oppFenwickAgainst": "48.4% (41.2) // 47.5% (42.4) // 48.4% (41.2) // 48.4% (41.2)",
        "oppShotsAgainst": "47.5% (29.5) // 47.3% (30.1) // 47.5% (29.5) // 47.5% (29.5)",
        "oppScoringAgainst": "47.0% (28.6) // 46.8% (28.6) // 47.0% (28.6) // 47.0% (28.6)",
        "savesPerGame": 28.4,
        "savesPerGameLast1": 29.0,
        "savesPerGameLast3": 32.7,
        "savesPerGameLast5": 32.6,
        "savesPer60": 30.3,
        "savesPer60Last1": 29.0,
        "savesPer60Last3": 33.2,
        "savesPer60Last5": 32.6,
        "shotsPerGame": 36.8,
        "shotsPerGameLast5": 32.6,
        "shotsAgainstPerGame": 31.7,
        "shotsAgainstPerGameLast5": 36.8,
        "oppSavesAgainstPer60": 31.4,
        "oppSavesAgainstPer60Last1": 29.0,
        "oppSavesAgainstPer60Last3": 33.5,
        "oppSavesAgainstPer60Last5": 33.1,
        "oppShotsAgainstPerGame": 29.8,
        "oppShotsAgainstPerGameLast5": 32.6,
        "savesProj": 29.7,
        "savesProjLast5": 35.4,
        "savesProjLast3": 36.2,
        "oppSavesAgainstProj": 30.8,
        "oppSavesAgainstProjLast5": 34.4,
        "oppSavesAgainstProjLast3": 34.8,
        "totalOver": 62,
        "totalOverLast5": 80,
        "totalOverLast15": 53,
        "lastTotalOver": 64,
        "last5": "1,3,5,3,7,2,2,1,4,6",
        "overOdds": "-150",
        "underOdds": "+120",
        "overUnder": "-150 / +120"
    },
    {
        "player": "Sam Reinhart",
        "team": "FLA",
        "opponent": "BOS",
        "propType": "sog",
        "line": 2.5,
        "ppLine": "PP1",
        "avg": 2.72,
        "hit": false,
        "diffAvg": 0.09,
        "diffAbs": 0.08,
        "lastAvg": 2.11,
        "diff": -0.16,
        "avgMin": 19,
        "proj": 2.3,
        "lastAvgMin": 17.75,
        "oppOver": 0,
        "teamOver": 0,
        "gameLine": "+190",
        "+/-": -12,
        "L5_+/-": "+2.0",
        "prevMatchup": "2023-04-28 4.0 sog 2023-04-26 2.0 sog 2023-04-23 2.0 sog 2023-04-21 3.0 sog 2023-04-19 0.0 sog 2023-04-17 1.0 sog 2023-01-28 4.0 sog 2022-12-19 5.0 sog 2022-11-23 3.0 sog 2022-10-17 2.0 sog",
        "winLossSplits": "51% - 49%",
        "awayHome": "A",
        "playedYesterday": "N",
        "awayHomeSplits": "41% - 59%",
        "savesAboveExp": 0.19,
        "gsaa": 15.25,
        "corsi": "54.2% (66.3) // 52.5% (66.0) // 54.2% (66.3) // 54.2% (66.3)",
        "fenwick": "53.6% (49.9) // 52.0% (49.3) // 53.6% (49.9) // 53.6% (49.9)",
        "shots": "53.7% (36.5) // 51.9% (35.5) // 53.7% (36.5) // 53.7% (36.5)",
        "scoring": "54.6% (34.8) // 53.4% (34.0) // 54.6% (34.8) // 54.6% (34.8)",
        "corsiAgainst": "45.8% (56.1) // 47.5% (59.7) // 45.8% (56.1) // 45.8% (56.1)",
        "fenwickAgainst": "46.4% (43.2) // 48.0% (45.5) // 46.4% (43.2) // 46.4% (43.2)",
        "shotsAgainst": "46.3% (31.5) // 48.1% (33.0) // 46.3% (31.5) // 46.3% (31.5)",
        "scoringAgainst": "45.4% (28.9) // 46.6% (29.7) // 45.4% (28.9) // 45.4% (28.9)",
        "oppCorsi": "51.4% (58.2) // 52.6% (61.3) // 51.4% (58.2) // 51.4% (58.2)",
        "oppFenwick": "51.6% (44.0) // 52.5% (46.9) // 51.6% (44.0) // 51.6% (44.0)",
        "oppShots": "52.5% (32.6) // 52.7% (33.6) // 52.5% (32.6) // 52.5% (32.6)",
        "oppScoring": "53.0% (32.2) // 53.2% (32.5) // 53.0% (32.2) // 53.0% (32.2)",
        "oppCorsiAgainst": "48.6% (55.0) // 47.4% (55.1) // 48.6% (55.0) // 48.6% (55.0)",
        "oppFenwickAgainst": "48.4% (41.2) // 47.5% (42.4) // 48.4% (41.2) // 48.4% (41.2)",
        "oppShotsAgainst": "47.5% (29.5) // 47.3% (30.1) // 47.5% (29.5) // 47.5% (29.5)",
        "oppScoringAgainst": "47.0% (28.6) // 46.8% (28.6) // 47.0% (28.6) // 47.0% (28.6)",
        "savesPerGame": 28.4,
        "savesPerGameLast1": 29.0,
        "savesPerGameLast3": 32.7,
        "savesPerGameLast5": 32.6,
        "savesPer60": 30.3,
        "savesPer60Last1": 29.0,
        "savesPer60Last3": 33.2,
        "savesPer60Last5": 32.6,
        "shotsPerGame": 36.8,
