[
    {
        "player": "Adam Larsson",
        "team": "SEA",
        "opponent": "DAL",
        "propType": "bs",
        "line": 2.5,
        "ppLine": "",
        "avg": 2.07,
        "hit": false,
        "diffAvg": -0.17,
        "diffAbs": 1.0,
        "lastAvg": 0.0,
        "diff": 0,
        "avgMin": 23,
        "proj": 0.0,
        "lastAvgMin": 22.27,
        "oppOver": 0,
        "teamOver": 0,
        "gameLine": "+135",
        "+/-": "+27",
        "L5_+/-": "+1.0",
        "prevMatchup": "2023-05-11 0.0 bs 2023-05-09 1.0 bs 2023-05-07 2.0 bs 2023-05-04 2.0 bs 2023-05-02 0.0 bs 2023-03-21 7.0 bs 2023-03-13 2.0 bs 2023-03-11 4.0 bs",
        "winLossSplits": "44% - 29%",
        "awayHome": "H",
        "playedYesterday": "N",
        "awayHomeSplits": "31% - 43%",
        "savesAboveExp": 0.39,
        "gsaa": 26.05,
        "corsi": "52.2% (57.4) // 56.1% (59.4) // 52.2% (57.4) // 52.2% (57.4)",
        "fenwick": "52.5% (43.0) // 57.1% (44.7) // 52.5% (43.0) // 52.5% (43.0)",
        "shots": "53.0% (30.2) // 57.4% (31.5) // 53.0% (30.2) // 53.0% (30.2)",
        "scoring": "50.6% (27.4) // 55.4% (26.5) // 50.6% (27.4) // 50.6% (27.4)",
        "corsiAgainst": "47.8% (52.6) // 43.9% (46.4) // 47.8% (52.6) // 47.8% (52.6)",
        "fenwickAgainst": "47.5% (39.0) // 42.9% (33.6) // 47.5% (39.0) // 47.5% (39.0)",
        "shotsAgainst": "47.0% (26.8) // 42.6% (23.4) // 47.0% (26.8) // 47.0% (26.8)",
        "scoringAgainst": "49.4% (26.8) // 44.6% (21.3) // 49.4% (26.8) // 49.4% (26.8)",
        "oppCorsi": "52.0% (59.9) // 57.0% (56.0) // 52.0% (59.9) // 52.0% (59.9)",
        "oppFenwick": "51.3% (43.7) // 56.1% (40.6) // 51.3% (43.7) // 51.3% (43.7)",
        "oppShots": "51.6% (31.5) // 56.3% (29.0) // 51.6% (31.5) // 51.6% (31.5)",
        "oppScoring": "53.7% (31.5) // 61.3% (29.6) // 53.7% (31.5) // 53.7% (31.5)",
        "oppCorsiAgainst": "48.0% (55.3) // 43.0% (42.3) // 48.0% (55.3) // 48.0% (55.3)",
        "oppFenwickAgainst": "48.7% (41.4) // 43.9% (31.7) // 48.7% (41.4) // 48.7% (41.4)",
        "oppShotsAgainst": "48.4% (29.5) // 43.7% (22.5) // 48.4% (29.5) // 48.4% (29.5)",
        "oppScoringAgainst": "46.3% (27.2) // 38.7% (18.6) // 46.3% (27.2) // 46.3% (27.2)",
        "savesPerGame": 23.9,
        "savesPerGameLast1": 16.0,
        "savesPerGameLast3": 19.7,
        "savesPerGameLast5": 24.6,
        "savesPer60": 27.6,
        "savesPer60Last1": 15.9,
        "savesPer60Last3": 19.4,
        "savesPer60Last5": 25.2,
        "shotsPerGame": 30.5,
        "shotsPerGameLast5": 29.2,
        "shotsAgainstPerGame": 27.0,
        "shotsAgainstPerGameLast5": 28.8,
        "oppSavesAgainstPer60": 32.3,
        "oppSavesAgainstPer60Last1": 17.3,
        "oppSavesAgainstPer60Last3": 20.2,
        "oppSavesAgainstPer60Last5": 24.6,
        "oppShotsAgainstPerGame": 29.9,
        "oppShotsAgainstPerGameLast5": 29.2,
        "savesProj": 24.6,
        "savesProjLast5": 19.8,
        "savesProjLast3": 12.2,
        "oppSavesAgainstProj": 26.4,
        "oppSavesAgainstProjLast5": 18.7,
        "oppSavesAgainstProjLast3": 12.3,
        "totalOver": 37,
        "totalOverLast5": 0,
        "totalOverLast15": 33,
        "lastTotalOver": 0,
        "last5": "0,1,2,2,0,3,1,1,4,3",
        "overOdds": "+150",
        "underOdds": "-185",
        "overUnder": "+150 / -185"
    },
    {
        "player": "Miro Heiskanen",
        "team": "DAL",
        "opponent": "SEA",
        "propType": "bs",
        "line": 1.5,
        "ppLine": "PP1",
        "avg": 1.3,
        "hit": false,
        "diffAvg": -0.13,
        "diffAbs": 1.0,
        "lastAvg": 0.0,
        "diff": 0,
        "avgMin": 25,
        "proj": 0.0,
        "lastAvgMin": 24.88,
        "oppOver": 0,
        "teamOver": 0,
        "gameLine": "-155",
        "+/-": "+13",
        "L5_+/-": "+1.0",
        "prevMatchup": "2023-05-11 3.0 bs 2023-05-09 1.0 bs 2023-05-07 0.0 bs 2023-05-04 0.0 bs 2023-05-02 3.0 bs 2023-03-21 0.0 bs 2023-03-13 0.0 bs 2023-03-11 1.0 bs",
        "winLossSplits": "38% - 38%",
        "awayHome": "A",
        "playedYesterday": "N",
        "awayHomeSplits": "33% - 42%",
        "savesAboveExp": -0.168,
        "gsaa": -8.95,
        "corsi": "52.0% (59.9) // 57.0% (56.0) // 52.0% (59.9) // 52.0% (59.9)",
        "fenwick": "51.3% (43.7) // 56.1% (40.6) // 51.3% (43.7) // 51.3% (43.7)",
        "shots": "51.6% (31.5) // 56.3% (29.0) // 51.6% (31.5) // 51.6% (31.5)",
        "scoring": "53.7% (31.5) // 61.3% (29.6) // 53.7% (31.5) // 53.7% (31.5)",
        "corsiAgainst": "48.0% (55.3) // 43.0% (42.3) // 48.0% (55.3) // 48.0% (55.3)",
        "fenwickAgainst": "48.7% (41.4) // 43.9% (31.7) // 48.7% (41.4) // 48.7% (41.4)",
        "shotsAgainst": "48.4% (29.5) // 43.7% (22.5) // 48.4% (29.5) // 48.4% (29.5)",
        "scoringAgainst": "46.3% (27.2) // 38.7% (18.6) // 46.3% (27.2) // 46.3% (27.2)",
        "oppCorsi": "52.2% (57.4) // 56.1% (59.4) // 52.2% (57.4) // 52.2% (57.4)",
        "oppFenwick": "52.5% (43.0) // 57.1% (44.7) // 52.5% (43.0) // 52.5% (43.0)",
        "oppShots": "53.0% (30.2) // 57.4% (31.5) // 53.0% (30.2) // 53.0% (30.2)",
        "oppScoring": "50.6% (27.4) // 55.4% (26.5) // 50.6% (27.4) // 50.6% (27.4)",
        "oppCorsiAgainst": "47.8% (52.6) // 43.9% (46.4) // 47.8% (52.6) // 47.8% (52.6)",
        "oppFenwickAgainst": "47.5% (39.0) // 42.9% (33.6) // 47.5% (39.0) // 47.5% (39.0)",
        "oppShotsAgainst": "47.0% (26.8) // 42.6% (23.4) // 47.0% (26.8) // 47.0% (26.8)",
        "oppScoringAgainst": "49.4% (26.8) // 44.6% (21.3) // 49.4% (26.8) // 49.4% (26.8)",
        "savesPerGame": 27.3,
        "savesPerGameLast1": 29.0,
        "savesPerGameLast3": 21.0,
        "savesPerGameLast5": 25.4,
        "savesPer60": 31.3,
        "savesPer60Last1": 29.0,
        "savesPer60Last3": 21.0,
        "savesPer60Last5": 26.4,
        "shotsPerGame": 31.9,
        "shotsPerGameLast5": 28.8,
        "shotsAgainstPerGame": 29.9,
        "shotsAgainstPerGameLast5": 29.2,
        "oppSavesAgainstPer60": 30.7,
        "oppSavesAgainstPer60Last1": 29.0,
        "oppSavesAgainstPer60Last3": 20.7,
        "oppSavesAgainstPer60Last5": 25.3,
        "oppShotsAgainstPerGame": 27.0,
        "oppShotsAgainstPerGameLast5": 28.8,
        "savesProj": 30.4,
        "savesProjLast5": 24.3,
        "savesProjLast3": 16.0,
        "oppSavesAgainstProj": 28.4,
        "oppSavesAgainstProjLast5": 20.9,
        "oppSavesAgainstProjLast3": 14.2,
        "totalOver": 38,
        "totalOverLast5": 40,
        "totalOverLast15": 47,
        "lastTotalOver": 0,
        "last5": "3,1,0,0,3,2,3,5,0,2",
        "overOdds": "-130",
        "underOdds": "+100",
        "overUnder": "-130 / +100"
    },
    {
        "player": "Esa Lindell",
        "team": "DAL",
        "opponent": "SEA",
        "propType": "bs",
        "line": 1.5,
        "ppLine": "",
        "avg": 1.77,
        "hit": false,
        "diffAvg": 0.18,
        "diffAbs": 1.0,
        "lastAvg": 0.0,
        "diff": 0,
        "avgMin": 20,
        "proj": 0.0,
        "lastAvgMin": 22.03,
        "oppOver": 0,
        "teamOver": 0,
        "gameLine": "-155",
        "+/-": "+29",
        "L5_+/-": -1.0,
        "prevMatchup": "2023-05-11 2.0 bs 2023-05-09 2.0 bs 2023-05-07 1.0 bs 2023-05-04 0.0 bs 2023-05-02 0.0 bs 2023-03-21 1.0 bs 2023-03-13 2.0 bs 2023-03-11 1.0 bs",
        "winLossSplits": "57% - 46%",
        "awayHome": "A",
        "playedYesterday": "N",
        "awayHomeSplits": "54% - 51%",
        "savesAboveExp": -0.168,
        "gsaa": -8.95,
        "corsi": "52.0% (59.9) // 57.0% (56.0) // 52.0% (59.9) // 52.0% (59.9)",
        "fenwick": "51.3% (43.7) // 56.1% (40.6) // 51.3% (43.7) // 51.3% (43.7)",
        "shots": "51.6% (31.5) // 56.3% (29.0) // 51.6% (31.5) // 51.6% (31.5)",
        "scoring": "53.7% (31.5) // 61.3% (29.6) // 53.7% (31.5) // 53.7% (31.5)",
        "corsiAgainst": "48.0% (55.3) // 43.0% (42.3) // 48.0% (55.3) // 48.0% (55.3)",
        "fenwickAgainst": "48.7% (41.4) // 43.9% (31.7) // 48.7% (41.4) // 48.7% (41.4)",
        "shotsAgainst": "48.4% (29.5) // 43.7% (22.5) // 48.4% (29.5) // 48.4% (29.5)",
        "scoringAgainst": "46.3% (27.2) // 38.7% (18.6) // 46.3% (27.2) // 46.3% (27.2)",
        "oppCorsi": "52.2% (57.4) // 56.1% (59.4) // 52.2% (57.4) // 52.2% (57.4)",
        "oppFenwick": "52.5% (43.0) // 57.1% (44.7) // 52.5% (43.0) // 52.5% (43.0)",
        "oppShots": "53.0% (30.2) // 57.4% (31.5) // 53.0% (30.2) // 53.0% (30.2)",
        "oppScoring": "50.6% (27.4) // 55.4% (26.5) // 50.6% (27.4) // 50.6% (27.4)",
        "oppCorsiAgainst": "47.8% (52.6) // 43.9% (46.4) // 47.8% (52.6) // 47.8% (52.6)",
        "oppFenwickAgainst": "47.5% (39.0) // 42.9% (33.6) // 47.5% (39.0) // 47.5% (39.0)",
        "oppShotsAgainst": "47.0% (26.8) // 42.6% (23.4) // 47.0% (26.8) // 47.0% (26.8)",
        "oppScoringAgainst": "49.4% (26.8) // 44.6% (21.3) // 49.4% (26.8) // 49.4% (26.8)",
        "savesPerGame": 27.3,
        "savesPerGameLast1": 29.0,
        "savesPerGameLast3": 21.0,
        "savesPerGameLast5": 25.4,
        "savesPer60": 31.3,
        "savesPer60Last1": 29.0,
        "savesPer60Last3": 21.0,
        "savesPer60Last5": 26.4,
        "shotsPerGame": 31.9,
        "shotsPerGameLast5": 28.8,
        "shotsAgainstPerGame": 29.9,
        "shotsAgainstPerGameLast5": 29.2,
        "oppSavesAgainstPer60": 30.7,
        "oppSavesAgainstPer60Last1": 29.0,
        "oppSavesAgainstPer60Last3": 20.7,
        "oppSavesAgainstPer60Last5": 25.3,
        "oppShotsAgainstPerGame": 27.0,
        "oppShotsAgainstPerGameLast5": 28.8,
        "savesProj": 30.4,
        "savesProjLast5": 24.3,
        "savesProjLast3": 16.0,
        "oppSavesAgainstProj": 28.4,
        "oppSavesAgainstProjLast5": 20.9,
        "oppSavesAgainstProjLast3": 14.2,
        "totalOver": 53,
        "totalOverLast5": 40,
        "totalOverLast15": 40,
        "lastTotalOver": 0,
        "last5": "2,2,1,0,0,1,1,2,3,2",
        "overOdds": "+105",
        "underOdds": "-135",
        "overUnder": "+105 / -135"
    },
    {
        "player": "Jamie Oleksiak",
        "team": "SEA",
        "opponent": "DAL",
        "propType": "bs",
        "line": 2.5,
        "ppLine": "",
        "avg": 1.79,
        "hit": false,
        "diffAvg": -0.28,
        "diffAbs": 1.0,
        "lastAvg": 0.0,
        "diff": 0,
        "avgMin": 19,
        "proj": 0.0,
        "lastAvgMin": 19.32,
        "oppOver": 0,
        "teamOver": 0,
        "gameLine": "+135",
        "+/-": "+8",
        "L5_+/-": -5.0,
        "prevMatchup": "2023-05-11 2.0 bs 2023-05-09 4.0 bs 2023-05-07 4.0 bs 2023-05-04 3.0 bs 2023-05-02 1.0 bs 2023-03-21 1.0 bs 2023-03-13 1.0 bs 2023-03-11 3.0 bs",
        "winLossSplits": "31% - 26%",
        "awayHome": "H",
        "playedYesterday": "N",
        "awayHomeSplits": "31% - 26%",
        "savesAboveExp": 0.39,
        "gsaa": 26.05,
        "corsi": "52.2% (57.4) // 56.1% (59.4) // 52.2% (57.4) // 52.2% (57.4)",
        "fenwick": "52.5% (43.0) // 57.1% (44.7) // 52.5% (43.0) // 52.5% (43.0)",
        "shots": "53.0% (30.2) // 57.4% (31.5) // 53.0% (30.2) // 53.0% (30.2)",
        "scoring": "50.6% (27.4) // 55.4% (26.5) // 50.6% (27.4) // 50.6% (27.4)",
        "corsiAgainst": "47.8% (52.6) // 43.9% (46.4) // 47.8% (52.6) // 47.8% (52.6)",
        "fenwickAgainst": "47.5% (39.0) // 42.9% (33.6) // 47.5% (39.0) // 47.5% (39.0)",
        "shotsAgainst": "47.0% (26.8) // 42.6% (23.4) // 47.0% (26.8) // 47.0% (26.8)",
        "scoringAgainst": "49.4% (26.8) // 44.6% (21.3) // 49.4% (26.8) // 49.4% (26.8)",
        "oppCorsi": "52.0% (59.9) // 57.0% (56.0) // 52.0% (59.9) // 52.0% (59.9)",
        "oppFenwick": "51.3% (43.7) // 56.1% (40.6) // 51.3% (43.7) // 51.3% (43.7)",
        "oppShots": "51.6% (31.5) // 56.3% (29.0) // 51.6% (31.5) // 51.6% (31.5)",
        "oppScoring": "53.7% (31.5) // 61.3% (29.6) // 53.7% (31.5) // 53.7% (31.5)",
        "oppCorsiAgainst": "48.0% (55.3) // 43.0% (42.3) // 48.0% (55.3) // 48.0% (55.3)",
        "oppFenwickAgainst": "48.7% (41.4) // 43.9% (31.7) // 48.7% (41.4) // 48.7% (41.4)",
        "oppShotsAgainst": "48.4% (29.5) // 43.7% (22.5) // 48.4% (29.5) // 48.4% (29.5)",
        "oppScoringAgainst": "46.3% (27.2) // 38.7% (18.6) // 46.3% (27.2) // 46.3% (27.2)",
        "savesPerGame": 23.9,
        "savesPerGameLast1": 16.0,
        "savesPerGameLast3": 19.7,
        "savesPerGameLast5": 24.6,
        "savesPer60": 27.6,
        "savesPer60Last1": 15.9,
        "savesPer60Last3": 19.4,
        "savesPer60Last5": 25.2,
        "shotsPerGame": 30.5,
        "shotsPerGameLast5": 29.2,
        "shotsAgainstPerGame": 27.0,
        "shotsAgainstPerGameLast5": 28.8,
        "oppSavesAgainstPer60": 32.3,
        "oppSavesAgainstPer60Last1": 17.3,
        "oppSavesAgainstPer60Last3": 20.2,
        "oppSavesAgainstPer60Last5": 24.6,
        "oppShotsAgainstPerGame": 29.9,
        "oppShotsAgainstPerGameLast5": 29.2,
        "savesProj": 24.6,
        "savesProjLast5": 19.8,
        "savesProjLast3": 12.2,
        "oppSavesAgainstProj": 26.4,
        "oppSavesAgainstProjLast5": 18.7,
        "oppSavesAgainstProjLast3": 12.3,
        "totalOver": 29,
        "totalOverLast5": 60,
        "totalOverLast15": 60,
        "lastTotalOver": 0,
        "last5": "2,4,4,3,1,4,1,5,7,5",
        "overOdds": "-135",
        "underOdds": "+105",
        "overUnder": "-135 / +105"
    },
    {
        "player": "Ryan Suter",
        "team": "DAL",
        "opponent": "SEA",
        "propType": "bs",
        "line": 1.5,
        "ppLine": "PP2",
        "avg": 1.42,
        "hit": false,
        "diffAvg": -0.05,
        "diffAbs": 1.0,
        "lastAvg": 0.0,
        "diff": 0,
        "avgMin": 20,
        "proj": 0.0,
        "lastAvgMin": 23.65,
        "oppOver": 0,
        "teamOver": 0,
        "gameLine": "-155",
        "+/-": "+1",
        "L5_+/-": "+1.0",
        "prevMatchup": "2023-05-11 1.0 bs 2023-05-09 0.0 bs 2023-05-07 3.0 bs 2023-05-04 2.0 bs 2023-05-02 2.0 bs 2023-03-21 1.0 bs 2023-03-13 0.0 bs 2023-03-11 1.0 bs",
        "winLossSplits": "37% - 41%",
        "awayHome": "A",
        "playedYesterday": "N",
        "awayHomeSplits": "33% - 45%",
        "savesAboveExp": -0.168,
        "gsaa": -8.95,
        "corsi": "52.0% (59.9) // 57.0% (56.0) // 52.0% (59.9) // 52.0% (59.9)",
        "fenwick": "51.3% (43.7) // 56.1% (40.6) // 51.3% (43.7) // 51.3% (43.7)",
        "shots": "51.6% (31.5) // 56.3% (29.0) // 51.6% (31.5) // 51.6% (31.5)",
        "scoring": "53.7% (31.5) // 61.3% (29.6) // 53.7% (31.5) // 53.7% (31.5)",
        "corsiAgainst": "48.0% (55.3) // 43.0% (42.3) // 48.0% (55.3) // 48.0% (55.3)",
        "fenwickAgainst": "48.7% (41.4) // 43.9% (31.7) // 48.7% (41.4) // 48.7% (41.4)",
        "shotsAgainst": "48.4% (29.5) // 43.7% (22.5) // 48.4% (29.5) // 48.4% (29.5)",
        "scoringAgainst": "46.3% (27.2) // 38.7% (18.6) // 46.3% (27.2) // 46.3% (27.2)",
        "oppCorsi": "52.2% (57.4) // 56.1% (59.4) // 52.2% (57.4) // 52.2% (57.4)",
        "oppFenwick": "52.5% (43.0) // 57.1% (44.7) // 52.5% (43.0) // 52.5% (43.0)",
        "oppShots": "53.0% (30.2) // 57.4% (31.5) // 53.0% (30.2) // 53.0% (30.2)",
        "oppScoring": "50.6% (27.4) // 55.4% (26.5) // 50.6% (27.4) // 50.6% (27.4)",
        "oppCorsiAgainst": "47.8% (52.6) // 43.9% (46.4) // 47.8% (52.6) // 47.8% (52.6)",
        "oppFenwickAgainst": "47.5% (39.0) // 42.9% (33.6) // 47.5% (39.0) // 47.5% (39.0)",
        "oppShotsAgainst": "47.0% (26.8) // 42.6% (23.4) // 47.0% (26.8) // 47.0% (26.8)",
        "oppScoringAgainst": "49.4% (26.8) // 44.6% (21.3) // 49.4% (26.8) // 49.4% (26.8)",
        "savesPerGame": 27.3,
        "savesPerGameLast1": 29.0,
        "savesPerGameLast3": 21.0,
        "savesPerGameLast5": 25.4,
        "savesPer60": 31.3,
        "savesPer60Last1": 29.0,
        "savesPer60Last3": 21.0,
        "savesPer60Last5": 26.4,
        "shotsPerGame": 31.9,
        "shotsPerGameLast5": 28.8,
        "shotsAgainstPerGame": 29.9,
        "shotsAgainstPerGameLast5": 29.2,
        "oppSavesAgainstPer60": 30.7,
        "oppSavesAgainstPer60Last1": 29.0,
        "oppSavesAgainstPer60Last3": 20.7,
        "oppSavesAgainstPer60Last5": 25.3,
        "oppShotsAgainstPerGame": 27.0,
        "oppShotsAgainstPerGameLast5": 28.8,
        "savesProj": 30.4,
        "savesProjLast5": 24.3,
        "savesProjLast3": 16.0,
        "oppSavesAgainstProj": 28.4,
        "oppSavesAgainstProjLast5": 20.9,
        "oppSavesAgainstProjLast3": 14.2,
        "totalOver": 39,
        "totalOverLast5": 60,
        "totalOverLast15": 60,
        "lastTotalOver": 0,
        "last5": "1,0,3,2,2,0,3,0,3,0",
        "overOdds": "-140",
        "underOdds": "+110",
        "overUnder": "-140 / +110"
    },
    {
        "player": "Jani Hakanpaa",
        "team": "DAL",
        "opponent": "SEA",
        "propType": "bs",
        "line": 1.5,
        "ppLine": "",
        "avg": 1.71,
        "hit": false,
        "diffAvg": 0.14,
        "diffAbs": 1.0,
        "lastAvg": 0.0,
        "diff": 0,
        "avgMin": 19,
        "proj": 0.0,
        "lastAvgMin": 16.2,
        "oppOver": 0,
        "teamOver": 0,
        "gameLine": "-155",
        "+/-": "+17",
        "L5_+/-": -1.0,
        "prevMatchup": "2023-05-11 3.0 bs 2023-05-07 1.0 bs 2023-05-04 4.0 bs 2023-05-02 7.0 bs 2023-03-21 2.0 bs 2023-03-13 1.0 bs 2023-03-11 2.0 bs",
        "winLossSplits": "47% - 56%",
        "awayHome": "A",
        "playedYesterday": "N",
        "awayHomeSplits": "47% - 55%",
        "savesAboveExp": -0.168,
        "gsaa": -8.95,
        "corsi": "52.0% (59.9) // 57.0% (56.0) // 52.0% (59.9) // 52.0% (59.9)",
        "fenwick": "51.3% (43.7) // 56.1% (40.6) // 51.3% (43.7) // 51.3% (43.7)",
        "shots": "51.6% (31.5) // 56.3% (29.0) // 51.6% (31.5) // 51.6% (31.5)",
        "scoring": "53.7% (31.5) // 61.3% (29.6) // 53.7% (31.5) // 53.7% (31.5)",
        "corsiAgainst": "48.0% (55.3) // 43.0% (42.3) // 48.0% (55.3) // 48.0% (55.3)",
        "fenwickAgainst": "48.7% (41.4) // 43.9% (31.7) // 48.7% (41.4) // 48.7% (41.4)",
        "shotsAgainst": "48.4% (29.5) // 43.7% (22.5) // 48.4% (29.5) // 48.4% (29.5)",
        "scoringAgainst": "46.3% (27.2) // 38.7% (18.6) // 46.3% (27.2) // 46.3% (27.2)",
        "oppCorsi": "52.2% (57.4) // 56.1% (59.4) // 52.2% (57.4) // 52.2% (57.4)",
        "oppFenwick": "52.5% (43.0) // 57.1% (44.7) // 52.5% (43.0) // 52.5% (43.0)",
        "oppShots": "53.0% (30.2) // 57.4% (31.5) // 53.0% (30.2) // 53.0% (30.2)",
        "oppScoring": "50.6% (27.4) // 55.4% (26.5) // 50.6% (27.4) // 50.6% (27.4)",
        "oppCorsiAgainst": "47.8% (52.6) // 43.9% (46.4) // 47.8% (52.6) // 47.8% (52.6)",
        "oppFenwickAgainst": "47.5% (39.0) // 42.9% (33.6) // 47.5% (39.0) // 47.5% (39.0)",
        "oppShotsAgainst": "47.0% (26.8) // 42.6% (23.4) // 47.0% (26.8) // 47.0% (26.8)",
        "oppScoringAgainst": "49.4% (26.8) // 44.6% (21.3) // 49.4% (26.8) // 49.4% (26.8)",
        "savesPerGame": 27.3,
        "savesPerGameLast1": 29.0,
        "savesPerGameLast3": 21.0,
        "savesPerGameLast5": 25.4,
        "savesPer60": 31.3,
        "savesPer60Last1": 29.0,
        "savesPer60Last3": 21.0,
        "savesPer60Last5": 26.4,
        "shotsPerGame": 31.9,
        "shotsPerGameLast5": 28.8,
        "shotsAgainstPerGame": 29.9,
        "shotsAgainstPerGameLast5": 29.2,
        "oppSavesAgainstPer60": 30.7,
        "oppSavesAgainstPer60Last1": 29.0,
        "oppSavesAgainstPer60Last3": 20.7,
        "oppSavesAgainstPer60Last5": 25.3,
        "oppShotsAgainstPerGame": 27.0,
        "oppShotsAgainstPerGameLast5": 28.8,
        "savesProj": 30.4,
        "savesProjLast5": 24.3,
        "savesProjLast3": 16.0,
        "oppSavesAgainstProj": 28.4,
        "oppSavesAgainstProjLast5": 20.9,
        "oppSavesAgainstProjLast3": 14.2,
        "totalOver": 51,
        "totalOverLast5": 60,
        "totalOverLast15": 53,
        "lastTotalOver": 0,
        "last5": "3,1,4,7,1,2,3,3,2,3",
        "overOdds": "-180",
        "underOdds": "+145",
        "overUnder": "-180 / +145"
    }
]