[
    {
        "player": "Anders Lee",
        "team": "NYI",
        "opponent": "CAR",
        "propType": "pts",
        "line": 0.5,
        "ppLine": "PP1",
        "avg": 0.59,
        "hit": false,
        "diffAvg": 0.18,
        "diffAbs": 0.2,
        "lastAvg": 0.61,
        "diff": 0.22,
        "avgMin": 17,
        "proj": 0.6,
        "lastAvgMin": 16.62,
        "oppOver": 0,
        "teamOver": 0,
        "gameLine": "+135",
        "+/-": -3,
        "L5_+/-": -2.0,
        "prevMatchup": "2023-04-23 0.0 pts 2023-04-21 1.0 pts 2023-04-19 0.0 pts 2023-04-17 0.0 pts 2023-04-02 0.0 pts 2023-01-21 1.0 pts 2022-12-10 0.0 pts 2022-10-28 1.0 pts",
        "winLossSplits": "63% - 28%",
        "awayHome": "A",
        "playedYesterday": "N",
        "awayHomeSplits": "40% - 51%",
        "savesAboveExp": -0.166,
        "gsaa": 3.66,
        "corsi": "49.6% (58.7) // 54.1% (65.8) // 49.6% (58.7) // 49.6% (58.7)",
        "fenwick": "49.5% (42.7) // 53.4% (47.0) // 49.5% (42.7) // 49.5% (42.7)",
        "shots": "49.8% (30.5) // 53.2% (32.4) // 49.8% (30.5) // 49.8% (30.5)",
        "scoring": "50.0% (30.4) // 52.7% (31.7) // 50.0% (30.4) // 50.0% (30.4)",
        "corsiAgainst": "50.4% (59.6) // 45.9% (55.9) // 50.4% (59.6) // 50.4% (59.6)",
        "fenwickAgainst": "50.5% (43.6) // 46.6% (40.9) // 50.5% (43.6) // 50.5% (43.6)",
        "shotsAgainst": "50.2% (30.7) // 46.8% (28.5) // 50.2% (30.7) // 50.2% (30.7)",
        "scoringAgainst": "50.0% (30.4) // 47.3% (28.4) // 50.0% (30.4) // 50.0% (30.4)",
        "oppCorsi": "59.9% (67.4) // 61.2% (68.8) // 59.9% (67.4) // 59.9% (67.4)",
        "oppFenwick": "59.1% (50.8) // 60.1% (51.8) // 59.1% (50.8) // 59.1% (50.8)",
        "oppShots": "57.2% (34.3) // 58.4% (34.4) // 57.2% (34.3) // 57.2% (34.3)",
        "oppScoring": "58.9% (33.3) // 62.3% (33.3) // 58.9% (33.3) // 58.9% (33.3)",
        "oppCorsiAgainst": "40.1% (45.2) // 38.8% (43.6) // 40.1% (45.2) // 40.1% (45.2)",
        "oppFenwickAgainst": "40.9% (35.1) // 39.9% (34.4) // 40.9% (35.1) // 40.9% (35.1)",
        "oppShotsAgainst": "42.8% (25.6) // 41.6% (24.5) // 42.8% (25.6) // 42.8% (25.6)",
        "oppScoringAgainst": "41.1% (23.3) // 37.7% (20.2) // 41.1% (23.3) // 41.1% (23.3)",
        "savesPerGame": 28.4,
        "savesPerGameLast1": 24.0,
        "savesPerGameLast3": 28.7,
        "savesPerGameLast5": 27.6,
        "savesPer60": 29.8,
        "savesPer60Last1": 24.0,
        "savesPer60Last3": 29.5,
        "savesPer60Last5": 27.9,
        "shotsPerGame": 30.8,
        "shotsPerGameLast5": 30.6,
        "shotsAgainstPerGame": 31.0,
        "shotsAgainstPerGameLast5": 30.4,
        "oppSavesAgainstPer60": 33.3,
        "oppSavesAgainstPer60Last1": 24.0,
        "oppSavesAgainstPer60Last3": 28.8,
        "oppSavesAgainstPer60Last5": 30.8,
        "oppShotsAgainstPerGame": 26.0,
        "oppShotsAgainstPerGameLast5": 30.4,
        "savesProj": 38.1,
        "savesProjLast5": 34.3,
        "savesProjLast3": 34.6,
        "oppSavesAgainstProj": 32.4,
        "oppSavesAgainstProjLast5": 26.9,
        "oppSavesAgainstProjLast3": 25.1,
        "totalOver": 45,
        "totalOverLast5": 40,
        "totalOverLast15": 20,
        "lastTotalOver": 44,
        "last5": "0,1,0,0,1,0,0,0,0,0",
        "overOdds": "+125",
        "underOdds": "-155",
        "overUnder": "+125 / -155"
    },
    {
        "player": "Bo Horvat",
        "team": "NYI",
        "opponent": "CAR",
        "propType": "pts",
        "line": 0.5,
        "ppLine": "PP1",
        "avg": 0.5,
        "hit": false,
        "diffAvg": 0.0,
        "diffAbs": 1.0,
        "lastAvg": 0,
        "diff": 0,
        "avgMin": 20,
        "proj": 0.0,
        "lastAvgMin": 0,
        "oppOver": 0,
        "teamOver": 0,
        "gameLine": "+135",
        "+/-": -1,
        "L5_+/-": "+3.0",
        "prevMatchup": "2023-04-23 1.0 pts 2023-04-21 0.0 pts 2023-04-19 0.0 pts 2023-04-17 0.0 pts 2023-04-02 0.0 pts",
        "winLossSplits": "44% - 31%",
        "awayHome": "A",
        "playedYesterday": "N",
        "awayHomeSplits": "35% - 41%",
        "savesAboveExp": -0.166,
        "gsaa": 3.66,
        "corsi": "49.6% (58.7) // 54.1% (65.8) // 49.6% (58.7) // 49.6% (58.7)",
        "fenwick": "49.5% (42.7) // 53.4% (47.0) // 49.5% (42.7) // 49.5% (42.7)",
        "shots": "49.8% (30.5) // 53.2% (32.4) // 49.8% (30.5) // 49.8% (30.5)",
        "scoring": "50.0% (30.4) // 52.7% (31.7) // 50.0% (30.4) // 50.0% (30.4)",
        "corsiAgainst": "50.4% (59.6) // 45.9% (55.9) // 50.4% (59.6) // 50.4% (59.6)",
        "fenwickAgainst": "50.5% (43.6) // 46.6% (40.9) // 50.5% (43.6) // 50.5% (43.6)",
        "shotsAgainst": "50.2% (30.7) // 46.8% (28.5) // 50.2% (30.7) // 50.2% (30.7)",
        "scoringAgainst": "50.0% (30.4) // 47.3% (28.4) // 50.0% (30.4) // 50.0% (30.4)",
        "oppCorsi": "59.9% (67.4) // 61.2% (68.8) // 59.9% (67.4) // 59.9% (67.4)",
        "oppFenwick": "59.1% (50.8) // 60.1% (51.8) // 59.1% (50.8) // 59.1% (50.8)",
        "oppShots": "57.2% (34.3) // 58.4% (34.4) // 57.2% (34.3) // 57.2% (34.3)",
        "oppScoring": "58.9% (33.3) // 62.3% (33.3) // 58.9% (33.3) // 58.9% (33.3)",
        "oppCorsiAgainst": "40.1% (45.2) // 38.8% (43.6) // 40.1% (45.2) // 40.1% (45.2)",
        "oppFenwickAgainst": "40.9% (35.1) // 39.9% (34.4) // 40.9% (35.1) // 40.9% (35.1)",
        "oppShotsAgainst": "42.8% (25.6) // 41.6% (24.5) // 42.8% (25.6) // 42.8% (25.6)",
        "oppScoringAgainst": "41.1% (23.3) // 37.7% (20.2) // 41.1% (23.3) // 41.1% (23.3)",
        "savesPerGame": 28.4,
        "savesPerGameLast1": 24.0,
        "savesPerGameLast3": 28.7,
        "savesPerGameLast5": 27.6,
        "savesPer60": 29.8,
        "savesPer60Last1": 24.0,
        "savesPer60Last3": 29.5,
        "savesPer60Last5": 27.9,
        "shotsPerGame": 30.8,
        "shotsPerGameLast5": 30.6,
        "shotsAgainstPerGame": 31.0,
        "shotsAgainstPerGameLast5": 30.4,
        "oppSavesAgainstPer60": 33.3,
        "oppSavesAgainstPer60Last1": 24.0,
        "oppSavesAgainstPer60Last3": 28.8,
        "oppSavesAgainstPer60Last5": 30.8,
        "oppShotsAgainstPerGame": 26.0,
        "oppShotsAgainstPerGameLast5": 30.4,
        "savesProj": 38.1,
        "savesProjLast5": 34.3,
        "savesProjLast3": 34.6,
        "oppSavesAgainstProj": 32.4,
        "oppSavesAgainstProjLast5": 26.9,
        "oppSavesAgainstProjLast3": 25.1,
        "totalOver": 38,
        "totalOverLast5": 20,
        "totalOverLast15": 40,
        "lastTotalOver": 0,
        "last5": "1,0,0,0,0,1,2,2,0,0",
        "overOdds": "+100",
        "underOdds": "-130",
        "overUnder": "+100 / -130"
    },
    {
        "player": "Brady Skjei",
        "team": "CAR",
        "opponent": "NYI",
        "propType": "pts",
        "line": 0.5,
        "ppLine": "PP2",
        "avg": 0.46,
        "hit": false,
        "diffAvg": -0.08,
        "diffAbs": 0.2,
        "lastAvg": 0.41,
        "diff": -0.18,
        "avgMin": 21,
        "proj": 0.4,
        "lastAvgMin": 21.13,
        "oppOver": 0,
        "teamOver": 0,
        "gameLine": "-155",
        "+/-": "+4",
        "L5_+/-": -9.0,
        "prevMatchup": "2023-04-23 1.0 pts 2023-04-21 0.0 pts 2023-04-19 0.0 pts 2023-04-17 0.0 pts 2023-04-02 0.0 pts 2023-01-21 0.0 pts 2022-12-10 1.0 pts 2022-10-28 1.0 pts",
        "winLossSplits": "46% - 26%",
        "awayHome": "H",
        "playedYesterday": "N",
        "awayHomeSplits": "40% - 37%",
        "savesAboveExp": 0.704,
        "gsaa": 35.99,
        "corsi": "59.9% (67.4) // 61.2% (68.8) // 59.9% (67.4) // 59.9% (67.4)",
        "fenwick": "59.1% (50.8) // 60.1% (51.8) // 59.1% (50.8) // 59.1% (50.8)",
        "shots": "57.2% (34.3) // 58.4% (34.4) // 57.2% (34.3) // 57.2% (34.3)",
        "scoring": "58.9% (33.3) // 62.3% (33.3) // 58.9% (33.3) // 58.9% (33.3)",
        "corsiAgainst": "40.1% (45.2) // 38.8% (43.6) // 40.1% (45.2) // 40.1% (45.2)",
        "fenwickAgainst": "40.9% (35.1) // 39.9% (34.4) // 40.9% (35.1) // 40.9% (35.1)",
        "shotsAgainst": "42.8% (25.6) // 41.6% (24.5) // 42.8% (25.6) // 42.8% (25.6)",
        "scoringAgainst": "41.1% (23.3) // 37.7% (20.2) // 41.1% (23.3) // 41.1% (23.3)",
        "oppCorsi": "49.6% (58.7) // 54.1% (65.8) // 49.6% (58.7) // 49.6% (58.7)",
        "oppFenwick": "49.5% (42.7) // 53.4% (47.0) // 49.5% (42.7) // 49.5% (42.7)",
        "oppShots": "49.8% (30.5) // 53.2% (32.4) // 49.8% (30.5) // 49.8% (30.5)",
        "oppScoring": "50.0% (30.4) // 52.7% (31.7) // 50.0% (30.4) // 50.0% (30.4)",
        "oppCorsiAgainst": "50.4% (59.6) // 45.9% (55.9) // 50.4% (59.6) // 50.4% (59.6)",
        "oppFenwickAgainst": "50.5% (43.6) // 46.6% (40.9) // 50.5% (43.6) // 50.5% (43.6)",
        "oppShotsAgainst": "50.2% (30.7) // 46.8% (28.5) // 50.2% (30.7) // 50.2% (30.7)",
        "oppScoringAgainst": "50.0% (30.4) // 47.3% (28.4) // 50.0% (30.4) // 50.0% (30.4)",
        "savesPerGame": 23.4,
        "savesPerGameLast1": 27.0,
        "savesPerGameLast3": 27.3,
        "savesPerGameLast5": 27.4,
        "savesPer60": 24.7,
        "savesPer60Last1": 27.0,
        "savesPer60Last3": 28.0,
        "savesPer60Last5": 27.8,
        "shotsPerGame": 34.8,
        "shotsPerGameLast5": 33.8,
        "shotsAgainstPerGame": 26.0,
        "shotsAgainstPerGameLast5": 30.4,
        "oppSavesAgainstPer60": 29.2,
        "oppSavesAgainstPer60Last1": 27.0,
        "oppSavesAgainstPer60Last3": 27.3,
        "oppSavesAgainstPer60Last5": 27.6,
        "oppShotsAgainstPerGame": 31.0,
        "oppShotsAgainstPerGameLast5": 30.4,
        "savesProj": 23.0,
        "savesProjLast5": 25.7,
        "savesProjLast3": 25.7,
        "oppSavesAgainstProj": 23.9,
        "oppSavesAgainstProjLast5": 25.0,
        "oppSavesAgainstProjLast3": 25.6,
        "totalOver": 39,
        "totalOverLast5": 20,
        "totalOverLast15": 33,
        "lastTotalOver": 34,
        "last5": "1,0,0,0,0,1,1,0,0,2",
        "overOdds": "+135",
        "underOdds": "-165",
        "overUnder": "+135 / -165"
    },
    {
        "player": "Brent Burns",
        "team": "CAR",
        "opponent": "NYI",
        "propType": "pts",
        "line": 0.5,
        "ppLine": "PP1",
        "avg": 0.77,
        "hit": false,
        "diffAvg": 0.54,
        "diffAbs": 0.2,
        "lastAvg": 0.66,
        "diff": 0.32,
        "avgMin": 23,
        "proj": 0.6,
        "lastAvgMin": 26.13,
        "oppOver": 0,
        "teamOver": 0,
        "gameLine": "-155",
        "+/-": "+20",
        "L5_+/-": "+5.0",
        "prevMatchup": "2023-04-23 1.0 pts 2023-04-21 0.0 pts 2023-04-19 2.0 pts 2023-04-17 2.0 pts 2023-04-02 0.0 pts 2023-01-21 1.0 pts 2022-12-10 1.0 pts 2022-10-28 1.0 pts",
        "winLossSplits": "76% - 29%",
        "awayHome": "H",
        "playedYesterday": "N",
        "awayHomeSplits": "65% - 53%",
        "savesAboveExp": 0.704,
        "gsaa": 35.99,
        "corsi": "59.9% (67.4) // 61.2% (68.8) // 59.9% (67.4) // 59.9% (67.4)",
        "fenwick": "59.1% (50.8) // 60.1% (51.8) // 59.1% (50.8) // 59.1% (50.8)",
        "shots": "57.2% (34.3) // 58.4% (34.4) // 57.2% (34.3) // 57.2% (34.3)",
        "scoring": "58.9% (33.3) // 62.3% (33.3) // 58.9% (33.3) // 58.9% (33.3)",
        "corsiAgainst": "40.1% (45.2) // 38.8% (43.6) // 40.1% (45.2) // 40.1% (45.2)",
        "fenwickAgainst": "40.9% (35.1) // 39.9% (34.4) // 40.9% (35.1) // 40.9% (35.1)",
        "shotsAgainst": "42.8% (25.6) // 41.6% (24.5) // 42.8% (25.6) // 42.8% (25.6)",
        "scoringAgainst": "41.1% (23.3) // 37.7% (20.2) // 41.1% (23.3) // 41.1% (23.3)",
        "oppCorsi": "49.6% (58.7) // 54.1% (65.8) // 49.6% (58.7) // 49.6% (58.7)",
        "oppFenwick": "49.5% (42.7) // 53.4% (47.0) // 49.5% (42.7) // 49.5% (42.7)",
        "oppShots": "49.8% (30.5) // 53.2% (32.4) // 49.8% (30.5) // 49.8% (30.5)",
        "oppScoring": "50.0% (30.4) // 52.7% (31.7) // 50.0% (30.4) // 50.0% (30.4)",
        "oppCorsiAgainst": "50.4% (59.6) // 45.9% (55.9) // 50.4% (59.6) // 50.4% (59.6)",
        "oppFenwickAgainst": "50.5% (43.6) // 46.6% (40.9) // 50.5% (43.6) // 50.5% (43.6)",
        "oppShotsAgainst": "50.2% (30.7) // 46.8% (28.5) // 50.2% (30.7) // 50.2% (30.7)",
        "oppScoringAgainst": "50.0% (30.4) // 47.3% (28.4) // 50.0% (30.4) // 50.0% (30.4)",
        "savesPerGame": 23.4,
        "savesPerGameLast1": 27.0,
        "savesPerGameLast3": 27.3,
        "savesPerGameLast5": 27.4,
        "savesPer60": 24.7,
        "savesPer60Last1": 27.0,
        "savesPer60Last3": 28.0,
        "savesPer60Last5": 27.8,
        "shotsPerGame": 34.8,
        "shotsPerGameLast5": 33.8,
        "shotsAgainstPerGame": 26.0,
        "shotsAgainstPerGameLast5": 30.4,
        "oppSavesAgainstPer60": 29.2,
        "oppSavesAgainstPer60Last1": 27.0,
        "oppSavesAgainstPer60Last3": 27.3,
        "oppSavesAgainstPer60Last5": 27.6,
        "oppShotsAgainstPerGame": 31.0,
        "oppShotsAgainstPerGameLast5": 30.4,
        "savesProj": 23.0,
        "savesProjLast5": 25.7,
        "savesProjLast3": 25.7,
        "oppSavesAgainstProj": 23.9,
        "oppSavesAgainstProjLast5": 25.0,
        "oppSavesAgainstProjLast3": 25.6,
        "totalOver": 59,
        "totalOverLast5": 80,
        "totalOverLast15": 60,
        "lastTotalOver": 53,
        "last5": "1,0,2,2,2,1,1,0,0,1",
        "overOdds": "-155",
        "underOdds": "+125",
        "overUnder": "-155 / +125"
    },
    {
        "player": "Brock Nelson",
        "team": "NYI",
        "opponent": "CAR",
        "propType": "pts",
        "line": 0.5,
        "ppLine": "PP1",
        "avg": 0.91,
        "hit": false,
        "diffAvg": 0.82,
        "diffAbs": 0.6,
        "lastAvg": 0.82,
        "diff": 0.64,
        "avgMin": 18,
        "proj": 0.8,
        "lastAvgMin": 17.67,
        "oppOver": 0,
        "teamOver": 0,
        "gameLine": "+135",
        "+/-": "+17",
        "L5_+/-": "+6.0",
        "prevMatchup": "2023-04-23 1.0 pts 2023-04-21 0.0 pts 2023-04-19 2.0 pts 2023-04-17 0.0 pts 2023-04-02 0.0 pts 2023-01-21 1.0 pts 2022-12-10 0.0 pts 2022-10-28 2.0 pts",
        "winLossSplits": "84% - 49%",
        "awayHome": "A",
        "playedYesterday": "N",
        "awayHomeSplits": "65% - 67%",
        "savesAboveExp": -0.166,
        "gsaa": 3.66,
        "corsi": "49.6% (58.7) // 54.1% (65.8) // 49.6% (58.7) // 49.6% (58.7)",
        "fenwick": "49.5% (42.7) // 53.4% (47.0) // 49.5% (42.7) // 49.5% (42.7)",
        "shots": "49.8% (30.5) // 53.2% (32.4) // 49.8% (30.5) // 49.8% (30.5)",
        "scoring": "50.0% (30.4) // 52.7% (31.7) // 50.0% (30.4) // 50.0% (30.4)",
        "corsiAgainst": "50.4% (59.6) // 45.9% (55.9) // 50.4% (59.6) // 50.4% (59.6)",
        "fenwickAgainst": "50.5% (43.6) // 46.6% (40.9) // 50.5% (43.6) // 50.5% (43.6)",
        "shotsAgainst": "50.2% (30.7) // 46.8% (28.5) // 50.2% (30.7) // 50.2% (30.7)",
        "scoringAgainst": "50.0% (30.4) // 47.3% (28.4) // 50.0% (30.4) // 50.0% (30.4)",
        "oppCorsi": "59.9% (67.4) // 61.2% (68.8) // 59.9% (67.4) // 59.9% (67.4)",
        "oppFenwick": "59.1% (50.8) // 60.1% (51.8) // 59.1% (50.8) // 59.1% (50.8)",
        "oppShots": "57.2% (34.3) // 58.4% (34.4) // 57.2% (34.3) // 57.2% (34.3)",
        "oppScoring": "58.9% (33.3) // 62.3% (33.3) // 58.9% (33.3) // 58.9% (33.3)",
        "oppCorsiAgainst": "40.1% (45.2) // 38.8% (43.6) // 40.1% (45.2) // 40.1% (45.2)",
        "oppFenwickAgainst": "40.9% (35.1) // 39.9% (34.4) // 40.9% (35.1) // 40.9% (35.1)",
        "oppShotsAgainst": "42.8% (25.6) // 41.6% (24.5) // 42.8% (25.6) // 42.8% (25.6)",
        "oppScoringAgainst": "41.1% (23.3) // 37.7% (20.2) // 41.1% (23.3) // 41.1% (23.3)",
        "savesPerGame": 28.4,
        "savesPerGameLast1": 24.0,
        "savesPerGameLast3": 28.7,
        "savesPerGameLast5": 27.6,
        "savesPer60": 29.8,
        "savesPer60Last1": 24.0,
        "savesPer60Last3": 29.5,
        "savesPer60Last5": 27.9,
        "shotsPerGame": 30.8,
        "shotsPerGameLast5": 30.6,
        "shotsAgainstPerGame": 31.0,
        "shotsAgainstPerGameLast5": 30.4,
        "oppSavesAgainstPer60": 33.3,
        "oppSavesAgainstPer60Last1": 24.0,
        "oppSavesAgainstPer60Last3": 28.8,
        "oppSavesAgainstPer60Last5": 30.8,
        "oppShotsAgainstPerGame": 26.0,
        "oppShotsAgainstPerGameLast5": 30.4,
        "savesProj": 38.1,
        "savesProjLast5": 34.3,
        "savesProjLast3": 34.6,
        "oppSavesAgainstProj": 32.4,
        "oppSavesAgainstProjLast5": 26.9,
        "oppSavesAgainstProjLast3": 25.1,
        "totalOver": 66,
        "totalOverLast5": 60,
        "totalOverLast15": 53,
        "lastTotalOver": 55,
        "last5": "1,0,2,0,2,0,1,3,0,0",
        "overOdds": "-115",
        "underOdds": "-115",
        "overUnder": "-115 / -115"
    },
    {
        "player": "Jesperi Kotkaniemi",
        "team": "CAR",
        "opponent": "NYI",
        "propType": "pts",
        "line": 0.5,
        "ppLine": "PP2",
        "avg": 0.5,
        "hit": false,
        "diffAvg": 0.0,
        "diffAbs": 0.2,
        "lastAvg": 0.36,
        "diff": -0.28,
        "avgMin": 14,
        "proj": 0.4,
        "lastAvgMin": 12.02,
        "oppOver": 0,
        "teamOver": 0,
        "gameLine": "-155",
        "+/-": "+7",
        "L5_+/-": -4.0,
        "prevMatchup": "2023-04-23 0.0 pts 2023-04-21 0.0 pts 2023-04-19 0.0 pts 2023-04-17 0.0 pts 2023-04-02 1.0 pts 2023-01-21 0.0 pts 2022-12-10 1.0 pts 2022-10-28 0.0 pts",
        "winLossSplits": "45% - 19%",
        "awayHome": "H",
        "playedYesterday": "N",
        "awayHomeSplits": "28% - 44%",
        "savesAboveExp": 0.704,
        "gsaa": 35.99,
        "corsi": "59.9% (67.4) // 61.2% (68.8) // 59.9% (67.4) // 59.9% (67.4)",
        "fenwick": "59.1% (50.8) // 60.1% (51.8) // 59.1% (50.8) // 59.1% (50.8)",
        "shots": "57.2% (34.3) // 58.4% (34.4) // 57.2% (34.3) // 57.2% (34.3)",
        "scoring": "58.9% (33.3) // 62.3% (33.3) // 58.9% (33.3) // 58.9% (33.3)",
        "corsiAgainst": "40.1% (45.2) // 38.8% (43.6) // 40.1% (45.2) // 40.1% (45.2)",
        "fenwickAgainst": "40.9% (35.1) // 39.9% (34.4) // 40.9% (35.1) // 40.9% (35.1)",
        "shotsAgainst": "42.8% (25.6) // 41.6% (24.5) // 42.8% (25.6) // 42.8% (25.6)",
        "scoringAgainst": "41.1% (23.3) // 37.7% (20.2) // 41.1% (23.3) // 41.1% (23.3)",
        "oppCorsi": "49.6% (58.7) // 54.1% (65.8) // 49.6% (58.7) // 49.6% (58.7)",
        "oppFenwick": "49.5% (42.7) // 53.4% (47.0) // 49.5% (42.7) // 49.5% (42.7)",
        "oppShots": "49.8% (30.5) // 53.2% (32.4) // 49.8% (30.5) // 49.8% (30.5)",
        "oppScoring": "50.0% (30.4) // 52.7% (31.7) // 50.0% (30.4) // 50.0% (30.4)",
        "oppCorsiAgainst": "50.4% (59.6) // 45.9% (55.9) // 50.4% (59.6) // 50.4% (59.6)",
        "oppFenwickAgainst": "50.5% (43.6) // 46.6% (40.9) // 50.5% (43.6) // 50.5% (43.6)",
        "oppShotsAgainst": "50.2% (30.7) // 46.8% (28.5) // 50.2% (30.7) // 50.2% (30.7)",
        "oppScoringAgainst": "50.0% (30.4) // 47.3% (28.4) // 50.0% (30.4) // 50.0% (30.4)",
        "savesPerGame": 23.4,
        "savesPerGameLast1": 27.0,
        "savesPerGameLast3": 27.3,
        "savesPerGameLast5": 27.4,
        "savesPer60": 24.7,
        "savesPer60Last1": 27.0,
        "savesPer60Last3": 28.0,
        "savesPer60Last5": 27.8,
        "shotsPerGame": 34.8,
        "shotsPerGameLast5": 33.8,
        "shotsAgainstPerGame": 26.0,
        "shotsAgainstPerGameLast5": 30.4,
        "oppSavesAgainstPer60": 29.2,
        "oppSavesAgainstPer60Last1": 27.0,
        "oppSavesAgainstPer60Last3": 27.3,
        "oppSavesAgainstPer60Last5": 27.6,
        "oppShotsAgainstPerGame": 31.0,
        "oppShotsAgainstPerGameLast5": 30.4,
        "savesProj": 23.0,
        "savesProjLast5": 25.7,
        "savesProjLast3": 25.7,
        "oppSavesAgainstProj": 23.9,
        "oppSavesAgainstProjLast5": 25.0,
        "oppSavesAgainstProjLast3": 25.6,
        "totalOver": 36,
        "totalOverLast5": 20,
        "totalOverLast15": 33,
        "lastTotalOver": 30,
        "last5": "0,0,0,0,1,2,0,1,0,2",
        "overOdds": "+105",
        "underOdds": "-135",
        "overUnder": "+105 / -135"
    },
    {
        "player": "Jordan Martinook",
        "team": "CAR",
        "opponent": "NYI",
        "propType": "pts",
        "line": 0.5,
        "ppLine": "",
        "avg": 0.4,
        "hit": false,
        "diffAvg": -0.2,
        "diffAbs": 0.4,
        "lastAvg": 0.23,
        "diff": -0.54,
        "avgMin": 15,
        "proj": 0.3,
        "lastAvgMin": 11.2,
        "oppOver": 0,
        "teamOver": 0,
        "gameLine": "-155",
        "+/-": "+7",
        "L5_+/-": "+2.0",
        "prevMatchup": "2023-04-23 0.0 pts 2023-04-21 0.0 pts 2023-04-19 0.0 pts 2023-04-17 0.0 pts 2023-04-02 1.0 pts 2023-01-21 0.0 pts 2022-12-10 1.0 pts 2022-10-28 1.0 pts",
        "winLossSplits": "38% - 23%",
        "awayHome": "H",
        "playedYesterday": "N",
        "awayHomeSplits": "28% - 37%",
        "savesAboveExp": 0.704,
        "gsaa": 35.99,
        "corsi": "59.9% (67.4) // 61.2% (68.8) // 59.9% (67.4) // 59.9% (67.4)",
        "fenwick": "59.1% (50.8) // 60.1% (51.8) // 59.1% (50.8) // 59.1% (50.8)",
        "shots": "57.2% (34.3) // 58.4% (34.4) // 57.2% (34.3) // 57.2% (34.3)",
        "scoring": "58.9% (33.3) // 62.3% (33.3) // 58.9% (33.3) // 58.9% (33.3)",
        "corsiAgainst": "40.1% (45.2) // 38.8% (43.6) // 40.1% (45.2) // 40.1% (45.2)",
        "fenwickAgainst": "40.9% (35.1) // 39.9% (34.4) // 40.9% (35.1) // 40.9% (35.1)",
        "shotsAgainst": "42.8% (25.6) // 41.6% (24.5) // 42.8% (25.6) // 42.8% (25.6)",
        "scoringAgainst": "41.1% (23.3) // 37.7% (20.2) // 41.1% (23.3) // 41.1% (23.3)",
        "oppCorsi": "49.6% (58.7) // 54.1% (65.8) // 49.6% (58.7) // 49.6% (58.7)",
        "oppFenwick": "49.5% (42.7) // 53.4% (47.0) // 49.5% (42.7) // 49.5% (42.7)",
        "oppShots": "49.8% (30.5) // 53.2% (32.4) // 49.8% (30.5) // 49.8% (30.5)",
        "oppScoring": "50.0% (30.4) // 52.7% (31.7) // 50.0% (30.4) // 50.0% (30.4)",
        "oppCorsiAgainst": "50.4% (59.6) // 45.9% (55.9) // 50.4% (59.6) // 50.4% (59.6)",
        "oppFenwickAgainst": "50.5% (43.6) // 46.6% (40.9) // 50.5% (43.6) // 50.5% (43.6)",
        "oppShotsAgainst": "50.2% (30.7) // 46.8% (28.5) // 50.2% (30.7) // 50.2% (30.7)",
        "oppScoringAgainst": "50.0% (30.4) // 47.3% (28.4) // 50.0% (30.4) // 50.0% (30.4)",
        "savesPerGame": 23.4,
        "savesPerGameLast1": 27.0,
        "savesPerGameLast3": 27.3,
        "savesPerGameLast5": 27.4,
        "savesPer60": 24.7,
        "savesPer60Last1": 27.0,
        "savesPer60Last3": 28.0,
        "savesPer60Last5": 27.8,
        "shotsPerGame": 34.8,
        "shotsPerGameLast5": 33.8,
        "shotsAgainstPerGame": 26.0,
        "shotsAgainstPerGameLast5": 30.4,
        "oppSavesAgainstPer60": 29.2,
        "oppSavesAgainstPer60Last1": 27.0,
        "oppSavesAgainstPer60Last3": 27.3,
        "oppSavesAgainstPer60Last5": 27.6,
        "oppShotsAgainstPerGame": 31.0,
        "oppShotsAgainstPerGameLast5": 30.4,
        "savesProj": 23.0,
        "savesProjLast5": 25.7,
        "savesProjLast3": 25.7,
        "oppSavesAgainstProj": 23.9,
        "oppSavesAgainstProjLast5": 25.0,
        "oppSavesAgainstProjLast3": 25.6,
        "totalOver": 33,
        "totalOverLast5": 0,
        "totalOverLast15": 20,
        "lastTotalOver": 24,
        "last5": "0,0,0,0,0,1,0,1,0,0",
        "overOdds": "+140",
        "underOdds": "-175",
        "overUnder": "+140 / -175"
    },
    {
        "player": "Kyle Palmieri",
        "team": "NYI",
        "opponent": "CAR",
        "propType": "pts",
        "line": 0.5,
        "ppLine": "PP2",
        "avg": 0.63,
        "hit": false,
        "diffAvg": 0.26,
        "diffAbs": 0.0,
        "lastAvg": 0.48,
        "diff": -0.04,
        "avgMin": 17,
        "proj": 0.5,
        "lastAvgMin": 15.62,
        "oppOver": 0,
        "teamOver": 0,
        "gameLine": "+135",
        "+/-": "+16",
        "L5_+/-": "+6.0",
        "prevMatchup": "2023-04-23 0.0 pts 2023-04-21 2.0 pts 2023-04-19 2.0 pts 2023-04-17 0.0 pts 2023-04-02 0.0 pts 2022-10-28 0.0 pts",
        "winLossSplits": "53% - 30%",
        "awayHome": "A",
        "playedYesterday": "N",
        "awayHomeSplits": "42% - 43%",
        "savesAboveExp": -0.166,
        "gsaa": 3.66,
        "corsi": "49.6% (58.7) // 54.1% (65.8) // 49.6% (58.7) // 49.6% (58.7)",
        "fenwick": "49.5% (42.7) // 53.4% (47.0) // 49.5% (42.7) // 49.5% (42.7)",
        "shots": "49.8% (30.5) // 53.2% (32.4) // 49.8% (30.5) // 49.8% (30.5)",
        "scoring": "50.0% (30.4) // 52.7% (31.7) // 50.0% (30.4) // 50.0% (30.4)",
        "corsiAgainst": "50.4% (59.6) // 45.9% (55.9) // 50.4% (59.6) // 50.4% (59.6)",
        "fenwickAgainst": "50.5% (43.6) // 46.6% (40.9) // 50.5% (43.6) // 50.5% (43.6)",
        "shotsAgainst": "50.2% (30.7) // 46.8% (28.5) // 50.2% (30.7) // 50.2% (30.7)",
        "scoringAgainst": "50.0% (30.4) // 47.3% (28.4) // 50.0% (30.4) // 50.0% (30.4)",
        "oppCorsi": "59.9% (67.4) // 61.2% (68.8) // 59.9% (67.4) // 59.9% (67.4)",
        "oppFenwick": "59.1% (50.8) // 60.1% (51.8) // 59.1% (50.8) // 59.1% (50.8)",
        "oppShots": "57.2% (34.3) // 58.4% (34.4) // 57.2% (34.3) // 57.2% (34.3)",
        "oppScoring": "58.9% (33.3) // 62.3% (33.3) // 58.9% (33.3) // 58.9% (33.3)",
        "oppCorsiAgainst": "40.1% (45.2) // 38.8% (43.6) // 40.1% (45.2) // 40.1% (45.2)",
        "oppFenwickAgainst": "40.9% (35.1) // 39.9% (34.4) // 40.9% (35.1) // 40.9% (35.1)",
        "oppShotsAgainst": "42.8% (25.6) // 41.6% (24.5) // 42.8% (25.6) // 42.8% (25.6)",
        "oppScoringAgainst": "41.1% (23.3) // 37.7% (20.2) // 41.1% (23.3) // 41.1% (23.3)",
        "savesPerGame": 28.4,
        "savesPerGameLast1": 24.0,
        "savesPerGameLast3": 28.7,
        "savesPerGameLast5": 27.6,
        "savesPer60": 29.8,
        "savesPer60Last1": 24.0,
        "savesPer60Last3": 29.5,
        "savesPer60Last5": 27.9,
        "shotsPerGame": 30.8,
        "shotsPerGameLast5": 30.6,
        "shotsAgainstPerGame": 31.0,
        "shotsAgainstPerGameLast5": 30.4,
        "oppSavesAgainstPer60": 33.3,
        "oppSavesAgainstPer60Last1": 24.0,
        "oppSavesAgainstPer60Last3": 28.8,
        "oppSavesAgainstPer60Last5": 30.8,
        "oppShotsAgainstPerGame": 26.0,
        "oppShotsAgainstPerGameLast5": 30.4,
        "savesProj": 38.1,
        "savesProjLast5": 34.3,
        "savesProjLast3": 34.6,
        "oppSavesAgainstProj": 32.4,
        "oppSavesAgainstProjLast5": 26.9,
        "oppSavesAgainstProjLast3": 25.1,
        "totalOver": 42,
        "totalOverLast5": 60,
        "totalOverLast15": 40,
        "lastTotalOver": 40,
        "last5": "0,2,2,0,1,0,0,1,0,0",
        "overOdds": "+135",
        "underOdds": "-165",
        "overUnder": "+135 / -165"
    },
    {
        "player": "Martin Necas",
        "team": "CAR",
        "opponent": "NYI",
        "propType": "pts",
        "line": 0.5,
        "ppLine": "PP1",
        "avg": 0.86,
        "hit": false,
        "diffAvg": 0.72,
        "diffAbs": 0.0,
        "lastAvg": 0.43,
        "diff": -0.14,
        "avgMin": 18,
        "proj": 0.5,
        "lastAvgMin": 16.18,
        "oppOver": 0,
        "teamOver": 0,
        "gameLine": "-155",
        "+/-": "+2",
        "L5_+/-": -1.0,
        "prevMatchup": "2023-04-23 1.0 pts 2023-04-21 0.0 pts 2023-04-19 0.0 pts 2023-04-17 2.0 pts 2023-04-02 0.0 pts 2023-01-21 0.0 pts 2022-12-10 0.0 pts 2022-10-28 1.0 pts",
        "winLossSplits": "67% - 42%",
        "awayHome": "H",
        "playedYesterday": "N",
        "awayHomeSplits": "51% - 65%",
        "savesAboveExp": 0.704,
        "gsaa": 35.99,
        "corsi": "59.9% (67.4) // 61.2% (68.8) // 59.9% (67.4) // 59.9% (67.4)",
        "fenwick": "59.1% (50.8) // 60.1% (51.8) // 59.1% (50.8) // 59.1% (50.8)",
        "shots": "57.2% (34.3) // 58.4% (34.4) // 57.2% (34.3) // 57.2% (34.3)",
        "scoring": "58.9% (33.3) // 62.3% (33.3) // 58.9% (33.3) // 58.9% (33.3)",
        "corsiAgainst": "40.1% (45.2) // 38.8% (43.6) // 40.1% (45.2) // 40.1% (45.2)",
        "fenwickAgainst": "40.9% (35.1) // 39.9% (34.4) // 40.9% (35.1) // 40.9% (35.1)",
        "shotsAgainst": "42.8% (25.6) // 41.6% (24.5) // 42.8% (25.6) // 42.8% (25.6)",
        "scoringAgainst": "41.1% (23.3) // 37.7% (20.2) // 41.1% (23.3) // 41.1% (23.3)",
        "oppCorsi": "49.6% (58.7) // 54.1% (65.8) // 49.6% (58.7) // 49.6% (58.7)",
        "oppFenwick": "49.5% (42.7) // 53.4% (47.0) // 49.5% (42.7) // 49.5% (42.7)",
        "oppShots": "49.8% (30.5) // 53.2% (32.4) // 49.8% (30.5) // 49.8% (30.5)",
        "oppScoring": "50.0% (30.4) // 52.7% (31.7) // 50.0% (30.4) // 50.0% (30.4)",
        "oppCorsiAgainst": "50.4% (59.6) // 45.9% (55.9) // 50.4% (59.6) // 50.4% (59.6)",
        "oppFenwickAgainst": "50.5% (43.6) // 46.6% (40.9) // 50.5% (43.6) // 50.5% (43.6)",
        "oppShotsAgainst": "50.2% (30.7) // 46.8% (28.5) // 50.2% (30.7) // 50.2% (30.7)",
        "oppScoringAgainst": "50.0% (30.4) // 47.3% (28.4) // 50.0% (30.4) // 50.0% (30.4)",
        "savesPerGame": 23.4,
        "savesPerGameLast1": 27.0,
        "savesPerGameLast3": 27.3,
        "savesPerGameLast5": 27.4,
        "savesPer60": 24.7,
        "savesPer60Last1": 27.0,
        "savesPer60Last3": 28.0,
        "savesPer60Last5": 27.8,
        "shotsPerGame": 34.8,
        "shotsPerGameLast5": 33.8,
        "shotsAgainstPerGame": 26.0,
        "shotsAgainstPerGameLast5": 30.4,
        "oppSavesAgainstPer60": 29.2,
        "oppSavesAgainstPer60Last1": 27.0,
        "oppSavesAgainstPer60Last3": 27.3,
        "oppSavesAgainstPer60Last5": 27.6,
        "oppShotsAgainstPerGame": 31.0,
        "oppShotsAgainstPerGameLast5": 30.4,
        "savesProj": 23.0,
        "savesProjLast5": 25.7,
        "savesProjLast3": 25.7,
        "oppSavesAgainstProj": 23.9,
        "oppSavesAgainstProjLast5": 25.0,
        "oppSavesAgainstProjLast3": 25.6,
        "totalOver": 58,
        "totalOverLast5": 40,
        "totalOverLast15": 27,
        "lastTotalOver": 38,
        "last5": "1,0,0,2,0,0,2,0,0,1",
        "overOdds": "-165",
        "underOdds": "+135",
        "overUnder": "-165 / +135"
    },
    {
        "player": "Mathew Barzal",
        "team": "NYI",
        "opponent": "CAR",
        "propType": "pts",
        "line": 0.5,
        "ppLine": "PP1",
        "avg": 0.84,
        "hit": false,
        "diffAvg": 0.68,
        "diffAbs": 0.6,
        "lastAvg": 0.81,
        "diff": 0.62,
        "avgMin": 18,
        "proj": 0.8,
        "lastAvgMin": 18.02,
        "oppOver": 0,
        "teamOver": 0,
        "gameLine": "+135",
        "+/-": "+5",
        "L5_+/-": "+2.0",
        "prevMatchup": "2023-04-23 0.0 pts 2023-04-21 0.0 pts 2023-04-19 1.0 pts 2023-04-17 0.0 pts 2023-01-21 0.0 pts 2022-12-10 0.0 pts 2022-10-28 2.0 pts",
        "winLossSplits": "69% - 48%",
        "awayHome": "A",
        "playedYesterday": "N",
        "awayHomeSplits": "63% - 53%",
        "savesAboveExp": -0.166,
        "gsaa": 3.66,
        "corsi": "49.6% (58.7) // 54.1% (65.8) // 49.6% (58.7) // 49.6% (58.7)",
        "fenwick": "49.5% (42.7) // 53.4% (47.0) // 49.5% (42.7) // 49.5% (42.7)",
        "shots": "49.8% (30.5) // 53.2% (32.4) // 49.8% (30.5) // 49.8% (30.5)",
        "scoring": "50.0% (30.4) // 52.7% (31.7) // 50.0% (30.4) // 50.0% (30.4)",
        "corsiAgainst": "50.4% (59.6) // 45.9% (55.9) // 50.4% (59.6) // 50.4% (59.6)",
        "fenwickAgainst": "50.5% (43.6) // 46.6% (40.9) // 50.5% (43.6) // 50.5% (43.6)",
        "shotsAgainst": "50.2% (30.7) // 46.8% (28.5) // 50.2% (30.7) // 50.2% (30.7)",
        "scoringAgainst": "50.0% (30.4) // 47.3% (28.4) // 50.0% (30.4) // 50.0% (30.4)",
        "oppCorsi": "59.9% (67.4) // 61.2% (68.8) // 59.9% (67.4) // 59.9% (67.4)",
        "oppFenwick": "59.1% (50.8) // 60.1% (51.8) // 59.1% (50.8) // 59.1% (50.8)",
        "oppShots": "57.2% (34.3) // 58.4% (34.4) // 57.2% (34.3) // 57.2% (34.3)",
        "oppScoring": "58.9% (33.3) // 62.3% (33.3) // 58.9% (33.3) // 58.9% (33.3)",
        "oppCorsiAgainst": "40.1% (45.2) // 38.8% (43.6) // 40.1% (45.2) // 40.1% (45.2)",
        "oppFenwickAgainst": "40.9% (35.1) // 39.9% (34.4) // 40.9% (35.1) // 40.9% (35.1)",
        "oppShotsAgainst": "42.8% (25.6) // 41.6% (24.5) // 42.8% (25.6) // 42.8% (25.6)",
        "oppScoringAgainst": "41.1% (23.3) // 37.7% (20.2) // 41.1% (23.3) // 41.1% (23.3)",
        "savesPerGame": 28.4,
        "savesPerGameLast1": 24.0,
        "savesPerGameLast3": 28.7,
        "savesPerGameLast5": 27.6,
        "savesPer60": 29.8,
        "savesPer60Last1": 24.0,
        "savesPer60Last3": 29.5,
        "savesPer60Last5": 27.9,
        "shotsPerGame": 30.8,
        "shotsPerGameLast5": 30.6,
        "shotsAgainstPerGame": 31.0,
        "shotsAgainstPerGameLast5": 30.4,
        "oppSavesAgainstPer60": 33.3,
        "oppSavesAgainstPer60Last1": 24.0,
        "oppSavesAgainstPer60Last3": 28.8,
        "oppSavesAgainstPer60Last5": 30.8,
        "oppShotsAgainstPerGame": 26.0,
        "oppShotsAgainstPerGameLast5": 30.4,
        "savesProj": 38.1,
        "savesProjLast5": 34.3,
        "savesProjLast3": 34.6,
        "oppSavesAgainstProj": 32.4,
        "oppSavesAgainstProjLast5": 26.9,
        "oppSavesAgainstProjLast3": 25.1,
        "totalOver": 58,
        "totalOverLast5": 20,
        "totalOverLast15": 47,
        "lastTotalOver": 62,
        "last5": "0,0,1,0,0,2,1,0,3,1",
        "overOdds": "-105",
        "underOdds": "-125",
        "overUnder": "-105 / -125"
    },
    {
        "player": "Noah Dobson",
        "team": "NYI",
        "opponent": "CAR",
        "propType": "pts",
        "line": 0.5,
        "ppLine": "PP1",
        "avg": 0.62,
        "hit": false,
        "diffAvg": 0.24,
        "diffAbs": 0.2,
        "lastAvg": 0.65,
        "diff": 0.3,
        "avgMin": 20,
        "proj": 0.6,
        "lastAvgMin": 21.45,
        "oppOver": 0,
        "teamOver": 0,
        "gameLine": "+135",
        "+/-": "+8",
        "L5_+/-": "+6.0",
        "prevMatchup": "2023-04-23 0.0 pts 2023-04-21 0.0 pts 2023-04-19 2.0 pts 2023-04-17 0.0 pts 2023-04-02 0.0 pts 2023-01-21 0.0 pts 2022-12-10 0.0 pts 2022-10-28 0.0 pts",
        "winLossSplits": "54% - 41%",
        "awayHome": "A",
        "playedYesterday": "N",
        "awayHomeSplits": "46% - 49%",
        "savesAboveExp": -0.166,
        "gsaa": 3.66,
        "corsi": "49.6% (58.7) // 54.1% (65.8) // 49.6% (58.7) // 49.6% (58.7)",
        "fenwick": "49.5% (42.7) // 53.4% (47.0) // 49.5% (42.7) // 49.5% (42.7)",
        "shots": "49.8% (30.5) // 53.2% (32.4) // 49.8% (30.5) // 49.8% (30.5)",
        "scoring": "50.0% (30.4) // 52.7% (31.7) // 50.0% (30.4) // 50.0% (30.4)",
        "corsiAgainst": "50.4% (59.6) // 45.9% (55.9) // 50.4% (59.6) // 50.4% (59.6)",
        "fenwickAgainst": "50.5% (43.6) // 46.6% (40.9) // 50.5% (43.6) // 50.5% (43.6)",
        "shotsAgainst": "50.2% (30.7) // 46.8% (28.5) // 50.2% (30.7) // 50.2% (30.7)",
        "scoringAgainst": "50.0% (30.4) // 47.3% (28.4) // 50.0% (30.4) // 50.0% (30.4)",
        "oppCorsi": "59.9% (67.4) // 61.2% (68.8) // 59.9% (67.4) // 59.9% (67.4)",
        "oppFenwick": "59.1% (50.8) // 60.1% (51.8) // 59.1% (50.8) // 59.1% (50.8)",
        "oppShots": "57.2% (34.3) // 58.4% (34.4) // 57.2% (34.3) // 57.2% (34.3)",
        "oppScoring": "58.9% (33.3) // 62.3% (33.3) // 58.9% (33.3) // 58.9% (33.3)",
        "oppCorsiAgainst": "40.1% (45.2) // 38.8% (43.6) // 40.1% (45.2) // 40.1% (45.2)",
        "oppFenwickAgainst": "40.9% (35.1) // 39.9% (34.4) // 40.9% (35.1) // 40.9% (35.1)",
        "oppShotsAgainst": "42.8% (25.6) // 41.6% (24.5) // 42.8% (25.6) // 42.8% (25.6)",
        "oppScoringAgainst": "41.1% (23.3) // 37.7% (20.2) // 41.1% (23.3) // 41.1% (23.3)",
        "savesPerGame": 28.4,
        "savesPerGameLast1": 24.0,
        "savesPerGameLast3": 28.7,
        "savesPerGameLast5": 27.6,
        "savesPer60": 29.8,
        "savesPer60Last1": 24.0,
        "savesPer60Last3": 29.5,
        "savesPer60Last5": 27.9,
        "shotsPerGame": 30.8,
        "shotsPerGameLast5": 30.6,
        "shotsAgainstPerGame": 31.0,
        "shotsAgainstPerGameLast5": 30.4,
        "oppSavesAgainstPer60": 33.3,
        "oppSavesAgainstPer60Last1": 24.0,
        "oppSavesAgainstPer60Last3": 28.8,
        "oppSavesAgainstPer60Last5": 30.8,
        "oppShotsAgainstPerGame": 26.0,
        "oppShotsAgainstPerGameLast5": 30.4,
        "savesProj": 38.1,
        "savesProjLast5": 34.3,
        "savesProjLast3": 34.6,
        "oppSavesAgainstProj": 32.4,
        "oppSavesAgainstProjLast5": 26.9,
        "oppSavesAgainstProjLast3": 25.1,
        "totalOver": 48,
        "totalOverLast5": 40,
        "totalOverLast15": 40,
        "lastTotalOver": 53,
        "last5": "0,0,2,0,2,1,2,1,0,0",
        "overOdds": "+120",
        "underOdds": "-150",
        "overUnder": "+120 / -150"
    },
    {
        "player": "Seth Jarvis",
        "team": "CAR",
        "opponent": "NYI",
        "propType": "pts",
        "line": 0.5,
        "ppLine": "PP1",
        "avg": 0.49,
        "hit": false,
        "diffAvg": -0.02,
        "diffAbs": 0.2,
        "lastAvg": 0.49,
        "diff": -0.02,
        "avgMin": 16,
        "proj": 0.6,
        "lastAvgMin": 13.87,
        "oppOver": 0,
        "teamOver": 0,
        "gameLine": "-155",
        "+/-": "+12",
        "L5_+/-": 0.0,
        "prevMatchup": "2023-04-23 2.0 pts 2023-04-21 0.0 pts 2023-04-19 1.0 pts 2023-04-17 0.0 pts 2023-04-02 0.0 pts 2023-01-21 0.0 pts 2022-12-10 0.0 pts 2022-10-28 0.0 pts",
        "winLossSplits": "49% - 19%",
        "awayHome": "H",
        "playedYesterday": "N",
        "awayHomeSplits": "44% - 33%",
        "savesAboveExp": 0.704,
        "gsaa": 35.99,
        "corsi": "59.9% (67.4) // 61.2% (68.8) // 59.9% (67.4) // 59.9% (67.4)",
        "fenwick": "59.1% (50.8) // 60.1% (51.8) // 59.1% (50.8) // 59.1% (50.8)",
        "shots": "57.2% (34.3) // 58.4% (34.4) // 57.2% (34.3) // 57.2% (34.3)",
        "scoring": "58.9% (33.3) // 62.3% (33.3) // 58.9% (33.3) // 58.9% (33.3)",
        "corsiAgainst": "40.1% (45.2) // 38.8% (43.6) // 40.1% (45.2) // 40.1% (45.2)",
        "fenwickAgainst": "40.9% (35.1) // 39.9% (34.4) // 40.9% (35.1) // 40.9% (35.1)",
        "shotsAgainst": "42.8% (25.6) // 41.6% (24.5) // 42.8% (25.6) // 42.8% (25.6)",
        "scoringAgainst": "41.1% (23.3) // 37.7% (20.2) // 41.1% (23.3) // 41.1% (23.3)",
        "oppCorsi": "49.6% (58.7) // 54.1% (65.8) // 49.6% (58.7) // 49.6% (58.7)",
        "oppFenwick": "49.5% (42.7) // 53.4% (47.0) // 49.5% (42.7) // 49.5% (42.7)",
        "oppShots": "49.8% (30.5) // 53.2% (32.4) // 49.8% (30.5) // 49.8% (30.5)",
        "oppScoring": "50.0% (30.4) // 52.7% (31.7) // 50.0% (30.4) // 50.0% (30.4)",
        "oppCorsiAgainst": "50.4% (59.6) // 45.9% (55.9) // 50.4% (59.6) // 50.4% (59.6)",
        "oppFenwickAgainst": "50.5% (43.6) // 46.6% (40.9) // 50.5% (43.6) // 50.5% (43.6)",
        "oppShotsAgainst": "50.2% (30.7) // 46.8% (28.5) // 50.2% (30.7) // 50.2% (30.7)",
        "oppScoringAgainst": "50.0% (30.4) // 47.3% (28.4) // 50.0% (30.4) // 50.0% (30.4)",
        "savesPerGame": 23.4,
        "savesPerGameLast1": 27.0,
        "savesPerGameLast3": 27.3,
        "savesPerGameLast5": 27.4,
        "savesPer60": 24.7,
        "savesPer60Last1": 27.0,
        "savesPer60Last3": 28.0,
        "savesPer60Last5": 27.8,
        "shotsPerGame": 34.8,
        "shotsPerGameLast5": 33.8,
        "shotsAgainstPerGame": 26.0,
        "shotsAgainstPerGameLast5": 30.4,
        "oppSavesAgainstPer60": 29.2,
        "oppSavesAgainstPer60Last1": 27.0,
        "oppSavesAgainstPer60Last3": 27.3,
        "oppSavesAgainstPer60Last5": 27.6,
        "oppShotsAgainstPerGame": 31.0,
        "oppShotsAgainstPerGameLast5": 30.4,
        "savesProj": 23.0,
        "savesProjLast5": 25.7,
