[
    {
        "player": "Adam Boqvist",
        "team": "CBJ",
        "opponent": "BOS",
        "propType": "sog",
        "line": 1.5,
        "ppLine": "",
        "avg": 1.57,
        "hit": false,
        "diffAvg": 0.05,
        "diffAbs": 0.13,
        "lastAvg": 1.23,
        "diff": -0.18,
        "avgMin": 18,
        "proj": 1.3,
        "lastAvgMin": 17.03,
        "oppOver": 0,
        "teamOver": 0,
        "gameLine": "+360",
        "+/-": -7,
        "L5_+/-": -3.0,
        "prevMatchup": "",
        "winLossSplits": "2.4 - 1.17",
        "awayHome": "A",
        "playedYesterday": "N",
        "awayHomeSplits": "1.92 - 1.06",
        "savesAboveExp": 0.892,
        "gsaa": 44.65,
        "corsi": "46.0% (55.6) // 47.7% (60.1) // 44.5% (53.2) // 43.8% (50.8)",
        "fenwick": "45.9% (41.4) // 47.8% (45.3) // 43.7% (39.4) // 43.0% (37.9)",
        "shots": "45.8% (29.5) // 48.6% (33.6) // 45.4% (29.3) // 43.0% (26.6)",
        "scoring": "45.3% (27.2) // 46.9% (32.1) // 44.5% (27.1) // 45.0% (27.2)",
        "corsiAgainst": "54.0% (65.2) // 52.3% (66.0) // 55.5% (66.3) // 56.2% (65.1)",
        "fenwickAgainst": "54.1% (48.8) // 52.2% (49.4) // 56.3% (50.8) // 57.0% (50.1)",
        "shotsAgainst": "54.2% (34.9) // 51.4% (35.5) // 54.6% (35.3) // 57.0% (35.2)",
        "scoringAgainst": "54.7% (32.9) // 53.1% (36.5) // 55.5% (33.8) // 55.0% (33.2)",
        "oppCorsi": "51.2% (57.9) // 50.6% (57.8) // 49.2% (57.6) // 51.9% (60.6)",
        "oppFenwick": "51.5% (43.7) // 49.5% (43.7) // 47.4% (42.7) // 51.1% (45.7)",
        "oppShots": "52.5% (32.5) // 51.5% (32.3) // 50.8% (32.3) // 55.4% (35.0)",
        "oppScoring": "53.0% (32.2) // 54.0% (33.7) // 55.4% (34.2) // 57.7% (34.1)",
        "oppCorsiAgainst": "48.8% (55.1) // 49.4% (56.5) // 50.8% (59.6) // 48.1% (56.1)",
        "oppFenwickAgainst": "48.5% (41.1) // 50.5% (44.5) // 52.6% (47.4) // 48.9% (43.8)",
        "oppShotsAgainst": "47.5% (29.4) // 48.5% (30.4) // 49.2% (31.3) // 44.6% (28.2)",
        "oppScoringAgainst": "47.0% (28.5) // 46.0% (28.7) // 44.6% (27.5) // 42.3% (25.0)",
        "savesPerGame": 31.3,
        "savesPerGameLast1": 30.0,
        "savesPerGameLast3": 29.3,
        "savesPerGameLast5": 30.6,
        "savesPer60": 31.2,
        "savesPer60Last1": 29.5,
        "savesPer60Last3": 29.3,
        "savesPer60Last5": 30.8,
        "shotsPerGame": 29.7,
        "shotsPerGameLast5": 31.2,
        "shotsAgainstPerGame": 35.2,
        "shotsAgainstPerGameLast5": 36.8,
        "oppSavesAgainstPer60": 29.1,
        "oppSavesAgainstPer60Last1": 35.0,
        "oppSavesAgainstPer60Last3": 34.9,
        "oppSavesAgainstPer60Last5": 30.8,
        "oppShotsAgainstPerGame": 29.7,
        "oppShotsAgainstPerGameLast5": 31.8,
        "savesProj": 32.8,
        "savesProjLast5": 33.7,
        "savesProjLast3": 35.8,
        "oppSavesAgainstProj": 32.2,
        "oppSavesAgainstProjLast5": 34.2,
        "oppSavesAgainstProjLast3": 37.9,
        "totalOver": 50,
        "totalOverLast5": 100,
        "totalOverLast15": 67,
        "lastTotalOver": 44,
        "last5": "3,2,2,4,2,3,2,4,0,1",
        "overOdds": "-160",
        "underOdds": "+130",
        "overUnder": "-160 / +130"
    },
    {
        "player": "Boone Jenner",
        "team": "CBJ",
        "opponent": "BOS",
        "propType": "sog",
        "line": 2.5,
        "ppLine": "PP1",
        "avg": 3.26,
        "hit": false,
        "diffAvg": 0.3,
        "diffAbs": 0.08,
        "lastAvg": 2.71,
        "diff": 0.08,
        "avgMin": 20,
        "proj": 2.7,
        "lastAvgMin": 20.45,
        "oppOver": 0,
        "teamOver": 0,
        "gameLine": "+360",
        "+/-": -27,
        "L5_+/-": -11.0,
        "prevMatchup": "2022-12-17 4.0 sog 2022-10-28 5.0 sog",
        "winLossSplits": "3.32 - 3.13",
        "awayHome": "A",
        "playedYesterday": "N",
        "awayHomeSplits": "3.13 - 3.39",
        "savesAboveExp": 0.892,
        "gsaa": 44.65,
        "corsi": "46.0% (55.6) // 47.7% (60.1) // 44.5% (53.2) // 43.8% (50.8)",
        "fenwick": "45.9% (41.4) // 47.8% (45.3) // 43.7% (39.4) // 43.0% (37.9)",
        "shots": "45.8% (29.5) // 48.6% (33.6) // 45.4% (29.3) // 43.0% (26.6)",
        "scoring": "45.3% (27.2) // 46.9% (32.1) // 44.5% (27.1) // 45.0% (27.2)",
        "corsiAgainst": "54.0% (65.2) // 52.3% (66.0) // 55.5% (66.3) // 56.2% (65.1)",
        "fenwickAgainst": "54.1% (48.8) // 52.2% (49.4) // 56.3% (50.8) // 57.0% (50.1)",
        "shotsAgainst": "54.2% (34.9) // 51.4% (35.5) // 54.6% (35.3) // 57.0% (35.2)",
        "scoringAgainst": "54.7% (32.9) // 53.1% (36.5) // 55.5% (33.8) // 55.0% (33.2)",
        "oppCorsi": "51.2% (57.9) // 50.6% (57.8) // 49.2% (57.6) // 51.9% (60.6)",
        "oppFenwick": "51.5% (43.7) // 49.5% (43.7) // 47.4% (42.7) // 51.1% (45.7)",
        "oppShots": "52.5% (32.5) // 51.5% (32.3) // 50.8% (32.3) // 55.4% (35.0)",
        "oppScoring": "53.0% (32.2) // 54.0% (33.7) // 55.4% (34.2) // 57.7% (34.1)",
        "oppCorsiAgainst": "48.8% (55.1) // 49.4% (56.5) // 50.8% (59.6) // 48.1% (56.1)",
        "oppFenwickAgainst": "48.5% (41.1) // 50.5% (44.5) // 52.6% (47.4) // 48.9% (43.8)",
        "oppShotsAgainst": "47.5% (29.4) // 48.5% (30.4) // 49.2% (31.3) // 44.6% (28.2)",
        "oppScoringAgainst": "47.0% (28.5) // 46.0% (28.7) // 44.6% (27.5) // 42.3% (25.0)",
        "savesPerGame": 31.3,
        "savesPerGameLast1": 30.0,
        "savesPerGameLast3": 29.3,
        "savesPerGameLast5": 30.6,
        "savesPer60": 31.2,
        "savesPer60Last1": 29.5,
        "savesPer60Last3": 29.3,
        "savesPer60Last5": 30.8,
        "shotsPerGame": 29.7,
        "shotsPerGameLast5": 31.2,
        "shotsAgainstPerGame": 35.2,
        "shotsAgainstPerGameLast5": 36.8,
        "oppSavesAgainstPer60": 29.1,
        "oppSavesAgainstPer60Last1": 35.0,
        "oppSavesAgainstPer60Last3": 34.9,
        "oppSavesAgainstPer60Last5": 30.8,
        "oppShotsAgainstPerGame": 29.7,
        "oppShotsAgainstPerGameLast5": 31.8,
        "savesProj": 32.8,
        "savesProjLast5": 33.7,
        "savesProjLast3": 35.8,
        "oppSavesAgainstProj": 32.2,
        "oppSavesAgainstProjLast5": 34.2,
        "oppSavesAgainstProjLast3": 37.9,
        "totalOver": 61,
        "totalOverLast5": 20,
        "totalOverLast15": 47,
        "lastTotalOver": 50,
        "last5": "2,1,2,3,1,6,4,6,6,2",
        "overOdds": "-155",
        "underOdds": "+125",
        "overUnder": "-155 / +125"
    },
    {
        "player": "Brad Marchand",
        "team": "BOS",
        "opponent": "CBJ",
        "propType": "sog",
        "line": 2.5,
        "ppLine": "PP1",
        "avg": 2.52,
        "hit": false,
        "diffAvg": 0.01,
        "diffAbs": 0.16,
        "lastAvg": 3.14,
        "diff": 0.26,
        "avgMin": 18,
        "proj": 2.9,
        "lastAvgMin": 19.25,
        "oppOver": 0,
        "teamOver": 0,
        "gameLine": "-450",
        "+/-": "+26",
        "L5_+/-": "+2.0",
        "prevMatchup": "2022-12-17 1.0 sog",
        "winLossSplits": "2.17 - 3.23",
        "awayHome": "H",
        "playedYesterday": "N",
        "awayHomeSplits": "2.85 - 2.19",
        "savesAboveExp": "-",
        "gsaa": "-",
        "corsi": "51.2% (57.9) // 50.6% (57.8) // 49.2% (57.6) // 51.9% (60.6)",
        "fenwick": "51.5% (43.7) // 49.5% (43.7) // 47.4% (42.7) // 51.1% (45.7)",
        "shots": "52.5% (32.5) // 51.5% (32.3) // 50.8% (32.3) // 55.4% (35.0)",
        "scoring": "53.0% (32.2) // 54.0% (33.7) // 55.4% (34.2) // 57.7% (34.1)",
        "corsiAgainst": "48.8% (55.1) // 49.4% (56.5) // 50.8% (59.6) // 48.1% (56.1)",
        "fenwickAgainst": "48.5% (41.1) // 50.5% (44.5) // 52.6% (47.4) // 48.9% (43.8)",
        "shotsAgainst": "47.5% (29.4) // 48.5% (30.4) // 49.2% (31.3) // 44.6% (28.2)",
        "scoringAgainst": "47.0% (28.5) // 46.0% (28.7) // 44.6% (27.5) // 42.3% (25.0)",
        "oppCorsi": "46.0% (55.6) // 47.7% (60.1) // 44.5% (53.2) // 43.8% (50.8)",
        "oppFenwick": "45.9% (41.4) // 47.8% (45.3) // 43.7% (39.4) // 43.0% (37.9)",
        "oppShots": "45.8% (29.5) // 48.6% (33.6) // 45.4% (29.3) // 43.0% (26.6)",
        "oppScoring": "45.3% (27.2) // 46.9% (32.1) // 44.5% (27.1) // 45.0% (27.2)",
        "oppCorsiAgainst": "54.0% (65.2) // 52.3% (66.0) // 55.5% (66.3) // 56.2% (65.1)",
        "oppFenwickAgainst": "54.1% (48.8) // 52.2% (49.4) // 56.3% (50.8) // 57.0% (50.1)",
        "oppShotsAgainst": "54.2% (34.9) // 51.4% (35.5) // 54.6% (35.3) // 57.0% (35.2)",
        "oppScoringAgainst": "54.7% (32.9) // 53.1% (36.5) // 55.5% (33.8) // 55.0% (33.2)",
        "savesPerGame": 27.6,
        "savesPerGameLast1": 21.0,
        "savesPerGameLast3": 27.0,
        "savesPerGameLast5": 30.0,
        "savesPer60": 27.8,
        "savesPer60Last1": 20.3,
        "savesPer60Last3": 27.4,
        "savesPer60Last5": 30.3,
        "shotsPerGame": 32.9,
        "shotsPerGameLast5": 32.8,
        "shotsAgainstPerGame": 29.7,
        "shotsAgainstPerGameLast5": 31.8,
        "oppSavesAgainstPer60": 27.1,
        "oppSavesAgainstPer60Last1": 27.9,
        "oppSavesAgainstPer60Last3": 23.9,
        "oppSavesAgainstPer60Last5": 27.7,
        "oppShotsAgainstPerGame": 35.2,
        "oppShotsAgainstPerGameLast5": 36.8,
        "savesProj": 24.1,
        "savesProjLast5": 26.8,
        "savesProjLast3": 20.8,
        "oppSavesAgainstProj": 26.3,
        "oppSavesAgainstProjLast5": 29.2,
        "oppSavesAgainstProjLast3": 22.0,
        "totalOver": 43,
        "totalOverLast5": 20,
        "totalOverLast15": 27,
        "lastTotalOver": 61,
        "last5": "1,3,1,2,0,1,1,6,4,0",
        "overOdds": "-110",
        "underOdds": "-120",
        "overUnder": "-110 / -120"
    },
    {
        "player": "David Pastrnak",
        "team": "BOS",
        "opponent": "CBJ",
        "propType": "sog",
        "line": 4.5,
        "ppLine": "PP1",
        "avg": 4.84,
        "hit": false,
        "diffAvg": 0.08,
        "diffAbs": 0.11,
        "lastAvg": 3.95,
        "diff": -0.12,
        "avgMin": 19,
        "proj": 4.0,
        "lastAvgMin": 18.6,
        "oppOver": 0,
        "teamOver": 0,
        "gameLine": "-450",
        "+/-": "+32",
        "L5_+/-": "+2.0",
        "prevMatchup": "2022-12-17 5.0 sog 2022-10-28 6.0 sog",
        "winLossSplits": "4.73 - 4.48",
        "awayHome": "H",
        "playedYesterday": "N",
        "awayHomeSplits": "4.68 - 5.0",
        "savesAboveExp": "-",
        "gsaa": "-",
        "corsi": "51.2% (57.9) // 50.6% (57.8) // 49.2% (57.6) // 51.9% (60.6)",
        "fenwick": "51.5% (43.7) // 49.5% (43.7) // 47.4% (42.7) // 51.1% (45.7)",
        "shots": "52.5% (32.5) // 51.5% (32.3) // 50.8% (32.3) // 55.4% (35.0)",
        "scoring": "53.0% (32.2) // 54.0% (33.7) // 55.4% (34.2) // 57.7% (34.1)",
        "corsiAgainst": "48.8% (55.1) // 49.4% (56.5) // 50.8% (59.6) // 48.1% (56.1)",
        "fenwickAgainst": "48.5% (41.1) // 50.5% (44.5) // 52.6% (47.4) // 48.9% (43.8)",
        "shotsAgainst": "47.5% (29.4) // 48.5% (30.4) // 49.2% (31.3) // 44.6% (28.2)",
        "scoringAgainst": "47.0% (28.5) // 46.0% (28.7) // 44.6% (27.5) // 42.3% (25.0)",
        "oppCorsi": "46.0% (55.6) // 47.7% (60.1) // 44.5% (53.2) // 43.8% (50.8)",
        "oppFenwick": "45.9% (41.4) // 47.8% (45.3) // 43.7% (39.4) // 43.0% (37.9)",
        "oppShots": "45.8% (29.5) // 48.6% (33.6) // 45.4% (29.3) // 43.0% (26.6)",
        "oppScoring": "45.3% (27.2) // 46.9% (32.1) // 44.5% (27.1) // 45.0% (27.2)",
        "oppCorsiAgainst": "54.0% (65.2) // 52.3% (66.0) // 55.5% (66.3) // 56.2% (65.1)",
        "oppFenwickAgainst": "54.1% (48.8) // 52.2% (49.4) // 56.3% (50.8) // 57.0% (50.1)",
        "oppShotsAgainst": "54.2% (34.9) // 51.4% (35.5) // 54.6% (35.3) // 57.0% (35.2)",
        "oppScoringAgainst": "54.7% (32.9) // 53.1% (36.5) // 55.5% (33.8) // 55.0% (33.2)",
        "savesPerGame": 27.6,
        "savesPerGameLast1": 21.0,
        "savesPerGameLast3": 27.0,
        "savesPerGameLast5": 30.0,
        "savesPer60": 27.8,
        "savesPer60Last1": 20.3,
        "savesPer60Last3": 27.4,
        "savesPer60Last5": 30.3,
        "shotsPerGame": 32.9,
        "shotsPerGameLast5": 32.8,
        "shotsAgainstPerGame": 29.7,
        "shotsAgainstPerGameLast5": 31.8,
        "oppSavesAgainstPer60": 27.1,
        "oppSavesAgainstPer60Last1": 27.9,
        "oppSavesAgainstPer60Last3": 23.9,
        "oppSavesAgainstPer60Last5": 27.7,
        "oppShotsAgainstPerGame": 35.2,
        "oppShotsAgainstPerGameLast5": 36.8,
        "savesProj": 24.1,
        "savesProjLast5": 26.8,
        "savesProjLast3": 20.8,
        "oppSavesAgainstProj": 26.3,
        "oppSavesAgainstProjLast5": 29.2,
        "oppSavesAgainstProjLast3": 22.0,
        "totalOver": 59,
        "totalOverLast5": 100,
        "totalOverLast15": 67,
        "lastTotalOver": 46,
        "last5": "8,7,5,5,7,5,6,5,3,2",
        "overOdds": "-155",
        "underOdds": "+125",
        "overUnder": "-155 / +125"
    },
    {
        "player": "Jake Debrusk",
        "team": "BOS",
        "opponent": "CBJ",
        "propType": "sog",
        "line": 2.5,
        "ppLine": "PP1",
        "avg": 3.04,
        "hit": false,
        "diffAvg": 0.22,
        "diffAbs": 0.08,
        "lastAvg": 2.19,
        "diff": -0.12,
        "avgMin": 16,
        "proj": 2.3,
        "lastAvgMin": 15.03,
        "oppOver": 0,
        "teamOver": 0,
        "gameLine": "-450",
        "+/-": "+24",
        "L5_+/-": "+5.0",
        "prevMatchup": "2022-12-17 1.0 sog 2022-10-28 6.0 sog",
        "winLossSplits": "3.11 - 2.08",
        "awayHome": "H",
        "playedYesterday": "N",
        "awayHomeSplits": "3.0 - 3.06",
        "savesAboveExp": "-",
        "gsaa": "-",
        "corsi": "51.2% (57.9) // 50.6% (57.8) // 49.2% (57.6) // 51.9% (60.6)",
        "fenwick": "51.5% (43.7) // 49.5% (43.7) // 47.4% (42.7) // 51.1% (45.7)",
        "shots": "52.5% (32.5) // 51.5% (32.3) // 50.8% (32.3) // 55.4% (35.0)",
        "scoring": "53.0% (32.2) // 54.0% (33.7) // 55.4% (34.2) // 57.7% (34.1)",
        "corsiAgainst": "48.8% (55.1) // 49.4% (56.5) // 50.8% (59.6) // 48.1% (56.1)",
        "fenwickAgainst": "48.5% (41.1) // 50.5% (44.5) // 52.6% (47.4) // 48.9% (43.8)",
        "shotsAgainst": "47.5% (29.4) // 48.5% (30.4) // 49.2% (31.3) // 44.6% (28.2)",
        "scoringAgainst": "47.0% (28.5) // 46.0% (28.7) // 44.6% (27.5) // 42.3% (25.0)",
        "oppCorsi": "46.0% (55.6) // 47.7% (60.1) // 44.5% (53.2) // 43.8% (50.8)",
        "oppFenwick": "45.9% (41.4) // 47.8% (45.3) // 43.7% (39.4) // 43.0% (37.9)",
        "oppShots": "45.8% (29.5) // 48.6% (33.6) // 45.4% (29.3) // 43.0% (26.6)",
        "oppScoring": "45.3% (27.2) // 46.9% (32.1) // 44.5% (27.1) // 45.0% (27.2)",
        "oppCorsiAgainst": "54.0% (65.2) // 52.3% (66.0) // 55.5% (66.3) // 56.2% (65.1)",
        "oppFenwickAgainst": "54.1% (48.8) // 52.2% (49.4) // 56.3% (50.8) // 57.0% (50.1)",
        "oppShotsAgainst": "54.2% (34.9) // 51.4% (35.5) // 54.6% (35.3) // 57.0% (35.2)",
        "oppScoringAgainst": "54.7% (32.9) // 53.1% (36.5) // 55.5% (33.8) // 55.0% (33.2)",
        "savesPerGame": 27.6,
        "savesPerGameLast1": 21.0,
        "savesPerGameLast3": 27.0,
        "savesPerGameLast5": 30.0,
        "savesPer60": 27.8,
        "savesPer60Last1": 20.3,
        "savesPer60Last3": 27.4,
        "savesPer60Last5": 30.3,
        "shotsPerGame": 32.9,
        "shotsPerGameLast5": 32.8,
        "shotsAgainstPerGame": 29.7,
        "shotsAgainstPerGameLast5": 31.8,
        "oppSavesAgainstPer60": 27.1,
        "oppSavesAgainstPer60Last1": 27.9,
        "oppSavesAgainstPer60Last3": 23.9,
        "oppSavesAgainstPer60Last5": 27.7,
        "oppShotsAgainstPerGame": 35.2,
        "oppShotsAgainstPerGameLast5": 36.8,
        "savesProj": 24.1,
        "savesProjLast5": 26.8,
        "savesProjLast3": 20.8,
        "oppSavesAgainstProj": 26.3,
        "oppSavesAgainstProjLast5": 29.2,
        "oppSavesAgainstProjLast3": 22.0,
        "totalOver": 54,
        "totalOverLast5": 60,
        "totalOverLast15": 40,
        "lastTotalOver": 40,
        "last5": "1,5,2,5,5,4,3,2,3,2",
        "overOdds": "-140",
        "underOdds": "+110",
        "overUnder": "-140 / +110"
    },
    {
        "player": "Johnny Gaudreau",
        "team": "CBJ",
        "opponent": "BOS",
        "propType": "sog",
        "line": 2.5,
        "ppLine": "PP1",
        "avg": 2.63,
        "hit": false,
        "diffAvg": 0.05,
        "diffAbs": 0.12,
        "lastAvg": 2.76,
        "diff": 0.1,
        "avgMin": 19,
        "proj": 2.8,
        "lastAvgMin": 18.57,
        "oppOver": 0,
        "teamOver": 0,
        "gameLine": "+360",
        "+/-": -31,
        "L5_+/-": -6.0,
        "prevMatchup": "2022-12-17 2.0 sog 2022-10-28 2.0 sog",
        "winLossSplits": "2.69 - 2.51",
        "awayHome": "A",
        "playedYesterday": "N",
        "awayHomeSplits": "2.37 - 2.89",
        "savesAboveExp": 0.892,
        "gsaa": 44.65,
        "corsi": "46.0% (55.6) // 47.7% (60.1) // 44.5% (53.2) // 43.8% (50.8)",
        "fenwick": "45.9% (41.4) // 47.8% (45.3) // 43.7% (39.4) // 43.0% (37.9)",
        "shots": "45.8% (29.5) // 48.6% (33.6) // 45.4% (29.3) // 43.0% (26.6)",
        "scoring": "45.3% (27.2) // 46.9% (32.1) // 44.5% (27.1) // 45.0% (27.2)",
        "corsiAgainst": "54.0% (65.2) // 52.3% (66.0) // 55.5% (66.3) // 56.2% (65.1)",
        "fenwickAgainst": "54.1% (48.8) // 52.2% (49.4) // 56.3% (50.8) // 57.0% (50.1)",
        "shotsAgainst": "54.2% (34.9) // 51.4% (35.5) // 54.6% (35.3) // 57.0% (35.2)",
        "scoringAgainst": "54.7% (32.9) // 53.1% (36.5) // 55.5% (33.8) // 55.0% (33.2)",
        "oppCorsi": "51.2% (57.9) // 50.6% (57.8) // 49.2% (57.6) // 51.9% (60.6)",
        "oppFenwick": "51.5% (43.7) // 49.5% (43.7) // 47.4% (42.7) // 51.1% (45.7)",
        "oppShots": "52.5% (32.5) // 51.5% (32.3) // 50.8% (32.3) // 55.4% (35.0)",
        "oppScoring": "53.0% (32.2) // 54.0% (33.7) // 55.4% (34.2) // 57.7% (34.1)",
        "oppCorsiAgainst": "48.8% (55.1) // 49.4% (56.5) // 50.8% (59.6) // 48.1% (56.1)",
        "oppFenwickAgainst": "48.5% (41.1) // 50.5% (44.5) // 52.6% (47.4) // 48.9% (43.8)",
        "oppShotsAgainst": "47.5% (29.4) // 48.5% (30.4) // 49.2% (31.3) // 44.6% (28.2)",
        "oppScoringAgainst": "47.0% (28.5) // 46.0% (28.7) // 44.6% (27.5) // 42.3% (25.0)",
        "savesPerGame": 31.3,
        "savesPerGameLast1": 30.0,
        "savesPerGameLast3": 29.3,
        "savesPerGameLast5": 30.6,
        "savesPer60": 31.2,
        "savesPer60Last1": 29.5,
        "savesPer60Last3": 29.3,
        "savesPer60Last5": 30.8,
        "shotsPerGame": 29.7,
        "shotsPerGameLast5": 31.2,
        "shotsAgainstPerGame": 35.2,
        "shotsAgainstPerGameLast5": 36.8,
        "oppSavesAgainstPer60": 29.1,
        "oppSavesAgainstPer60Last1": 35.0,
        "oppSavesAgainstPer60Last3": 34.9,
        "oppSavesAgainstPer60Last5": 30.8,
        "oppShotsAgainstPerGame": 29.7,
        "oppShotsAgainstPerGameLast5": 31.8,
        "savesProj": 32.8,
        "savesProjLast5": 33.7,
        "savesProjLast3": 35.8,
        "oppSavesAgainstProj": 32.2,
        "oppSavesAgainstProjLast5": 34.2,
        "oppSavesAgainstProjLast3": 37.9,
        "totalOver": 49,
        "totalOverLast5": 80,
        "totalOverLast15": 53,
        "lastTotalOver": 67,
        "last5": "3,1,3,3,4,4,4,6,1,2",
        "overOdds": "-130",
        "underOdds": "+100",
        "overUnder": "-130 / +100"
    },
    {
        "player": "Kirill Marchenko",
        "team": "CBJ",
        "opponent": "BOS",
        "propType": "sog",
        "line": 2.5,
        "ppLine": "PP1",
        "avg": 2.14,
        "hit": false,
        "diffAvg": -0.14,
        "diffAbs": 1.0,
        "lastAvg": 0,
        "diff": 0,
        "avgMin": 15,
        "proj": 0.0,
        "lastAvgMin": 0,
        "oppOver": 0,
        "teamOver": 0,
        "gameLine": "+360",
        "+/-": -17,
        "L5_+/-": -7.0,
        "prevMatchup": "2022-12-17 0.0 sog",
        "winLossSplits": "2.13 - 1.93",
        "awayHome": "A",
        "playedYesterday": "N",
        "awayHomeSplits": "2.27 - 1.95",
        "savesAboveExp": 0.892,
        "gsaa": 44.65,
        "corsi": "46.0% (55.6) // 47.7% (60.1) // 44.5% (53.2) // 43.8% (50.8)",
        "fenwick": "45.9% (41.4) // 47.8% (45.3) // 43.7% (39.4) // 43.0% (37.9)",
        "shots": "45.8% (29.5) // 48.6% (33.6) // 45.4% (29.3) // 43.0% (26.6)",
        "scoring": "45.3% (27.2) // 46.9% (32.1) // 44.5% (27.1) // 45.0% (27.2)",
        "corsiAgainst": "54.0% (65.2) // 52.3% (66.0) // 55.5% (66.3) // 56.2% (65.1)",
        "fenwickAgainst": "54.1% (48.8) // 52.2% (49.4) // 56.3% (50.8) // 57.0% (50.1)",
        "shotsAgainst": "54.2% (34.9) // 51.4% (35.5) // 54.6% (35.3) // 57.0% (35.2)",
        "scoringAgainst": "54.7% (32.9) // 53.1% (36.5) // 55.5% (33.8) // 55.0% (33.2)",
        "oppCorsi": "51.2% (57.9) // 50.6% (57.8) // 49.2% (57.6) // 51.9% (60.6)",
        "oppFenwick": "51.5% (43.7) // 49.5% (43.7) // 47.4% (42.7) // 51.1% (45.7)",
        "oppShots": "52.5% (32.5) // 51.5% (32.3) // 50.8% (32.3) // 55.4% (35.0)",
        "oppScoring": "53.0% (32.2) // 54.0% (33.7) // 55.4% (34.2) // 57.7% (34.1)",
        "oppCorsiAgainst": "48.8% (55.1) // 49.4% (56.5) // 50.8% (59.6) // 48.1% (56.1)",
        "oppFenwickAgainst": "48.5% (41.1) // 50.5% (44.5) // 52.6% (47.4) // 48.9% (43.8)",
        "oppShotsAgainst": "47.5% (29.4) // 48.5% (30.4) // 49.2% (31.3) // 44.6% (28.2)",
        "oppScoringAgainst": "47.0% (28.5) // 46.0% (28.7) // 44.6% (27.5) // 42.3% (25.0)",
        "savesPerGame": 31.3,
        "savesPerGameLast1": 30.0,
        "savesPerGameLast3": 29.3,
        "savesPerGameLast5": 30.6,
        "savesPer60": 31.2,
        "savesPer60Last1": 29.5,
        "savesPer60Last3": 29.3,
        "savesPer60Last5": 30.8,
        "shotsPerGame": 29.7,
        "shotsPerGameLast5": 31.2,
        "shotsAgainstPerGame": 35.2,
        "shotsAgainstPerGameLast5": 36.8,
        "oppSavesAgainstPer60": 29.1,
        "oppSavesAgainstPer60Last1": 35.0,
        "oppSavesAgainstPer60Last3": 34.9,
        "oppSavesAgainstPer60Last5": 30.8,
        "oppShotsAgainstPerGame": 29.7,
        "oppShotsAgainstPerGameLast5": 31.8,
        "savesProj": 32.8,
        "savesProjLast5": 33.7,
        "savesProjLast3": 35.8,
        "oppSavesAgainstProj": 32.2,
        "oppSavesAgainstProjLast5": 34.2,
        "oppSavesAgainstProjLast3": 37.9,
        "totalOver": 34,
        "totalOverLast5": 60,
        "totalOverLast15": 40,
        "lastTotalOver": 0,
        "last5": "5,4,1,1,4,2,4,4,5,1",
        "overOdds": "-105",
        "underOdds": "-125",
        "overUnder": "-105 / -125"
    },
    {
        "player": "Patrice Bergeron",
        "team": "BOS",
        "opponent": "CBJ",
        "propType": "sog",
        "line": 3.5,
        "ppLine": "PP1",
        "avg": 3.22,
        "hit": false,
        "diffAvg": -0.08,
        "diffAbs": 0.03,
        "lastAvg": 3.62,
        "diff": 0.03,
        "avgMin": 17,
        "proj": 3.4,
        "lastAvgMin": 18.17,
        "oppOver": 0,
        "teamOver": 0,
        "gameLine": "-450",
        "+/-": "+33",
        "L5_+/-": "+4.0",
        "prevMatchup": "2022-12-17 3.0 sog 2022-10-28 1.0 sog",
        "winLossSplits": "2.99 - 3.7",
        "awayHome": "H",
        "playedYesterday": "N",
        "awayHomeSplits": "3.14 - 3.3",
        "savesAboveExp": "-",
        "gsaa": "-",
        "corsi": "51.2% (57.9) // 50.6% (57.8) // 49.2% (57.6) // 51.9% (60.6)",
        "fenwick": "51.5% (43.7) // 49.5% (43.7) // 47.4% (42.7) // 51.1% (45.7)",
        "shots": "52.5% (32.5) // 51.5% (32.3) // 50.8% (32.3) // 55.4% (35.0)",
        "scoring": "53.0% (32.2) // 54.0% (33.7) // 55.4% (34.2) // 57.7% (34.1)",
        "corsiAgainst": "48.8% (55.1) // 49.4% (56.5) // 50.8% (59.6) // 48.1% (56.1)",
        "fenwickAgainst": "48.5% (41.1) // 50.5% (44.5) // 52.6% (47.4) // 48.9% (43.8)",
        "shotsAgainst": "47.5% (29.4) // 48.5% (30.4) // 49.2% (31.3) // 44.6% (28.2)",
        "scoringAgainst": "47.0% (28.5) // 46.0% (28.7) // 44.6% (27.5) // 42.3% (25.0)",
        "oppCorsi": "46.0% (55.6) // 47.7% (60.1) // 44.5% (53.2) // 43.8% (50.8)",
        "oppFenwick": "45.9% (41.4) // 47.8% (45.3) // 43.7% (39.4) // 43.0% (37.9)",
        "oppShots": "45.8% (29.5) // 48.6% (33.6) // 45.4% (29.3) // 43.0% (26.6)",
        "oppScoring": "45.3% (27.2) // 46.9% (32.1) // 44.5% (27.1) // 45.0% (27.2)",
        "oppCorsiAgainst": "54.0% (65.2) // 52.3% (66.0) // 55.5% (66.3) // 56.2% (65.1)",
        "oppFenwickAgainst": "54.1% (48.8) // 52.2% (49.4) // 56.3% (50.8) // 57.0% (50.1)",
        "oppShotsAgainst": "54.2% (34.9) // 51.4% (35.5) // 54.6% (35.3) // 57.0% (35.2)",
        "oppScoringAgainst": "54.7% (32.9) // 53.1% (36.5) // 55.5% (33.8) // 55.0% (33.2)",
        "savesPerGame": 27.6,
        "savesPerGameLast1": 21.0,
        "savesPerGameLast3": 27.0,
        "savesPerGameLast5": 30.0,
        "savesPer60": 27.8,
        "savesPer60Last1": 20.3,
        "savesPer60Last3": 27.4,
        "savesPer60Last5": 30.3,
        "shotsPerGame": 32.9,
        "shotsPerGameLast5": 32.8,
        "shotsAgainstPerGame": 29.7,
        "shotsAgainstPerGameLast5": 31.8,
        "oppSavesAgainstPer60": 27.1,
        "oppSavesAgainstPer60Last1": 27.9,
        "oppSavesAgainstPer60Last3": 23.9,
        "oppSavesAgainstPer60Last5": 27.7,
        "oppShotsAgainstPerGame": 35.2,
        "oppShotsAgainstPerGameLast5": 36.8,
        "savesProj": 24.1,
        "savesProjLast5": 26.8,
        "savesProjLast3": 20.8,
        "oppSavesAgainstProj": 26.3,
        "oppSavesAgainstProjLast5": 29.2,
        "oppSavesAgainstProjLast3": 22.0,
        "totalOver": 42,
        "totalOverLast5": 40,
        "totalOverLast15": 40,
        "lastTotalOver": 56,
        "last5": "4,3,0,2,4,2,2,5,3,4",
        "overOdds": "+105",
        "underOdds": "-135",
        "overUnder": "+105 / -135"
    },
    {
        "player": "Tyler Bertuzzi",
        "team": "BOS",
        "opponent": "CBJ",
        "propType": "sog",
        "line": 2.5,
        "ppLine": "PP2",
        "avg": 2.19,
        "hit": false,
        "diffAvg": -0.12,
        "diffAbs": 0.16,
        "lastAvg": 2.65,
        "diff": 0.06,
        "avgMin": 16,
        "proj": 2.1,
        "lastAvgMin": 19.87,
        "oppOver": 0,
        "teamOver": 0,
        "gameLine": "-450",
        "+/-": "+2",
        "L5_+/-": "+2.0",
        "prevMatchup": "2023-01-14 0.0 sog 2022-11-19 3.0 sog",
        "winLossSplits": "2.25 - 1.96",
        "awayHome": "H",
        "playedYesterday": "N",
        "awayHomeSplits": "2.27 - 2.1",
        "savesAboveExp": "-",
        "gsaa": "-",
        "corsi": "51.2% (57.9) // 50.6% (57.8) // 49.2% (57.6) // 51.9% (60.6)",
        "fenwick": "51.5% (43.7) // 49.5% (43.7) // 47.4% (42.7) // 51.1% (45.7)",
        "shots": "52.5% (32.5) // 51.5% (32.3) // 50.8% (32.3) // 55.4% (35.0)",
        "scoring": "53.0% (32.2) // 54.0% (33.7) // 55.4% (34.2) // 57.7% (34.1)",
        "corsiAgainst": "48.8% (55.1) // 49.4% (56.5) // 50.8% (59.6) // 48.1% (56.1)",
        "fenwickAgainst": "48.5% (41.1) // 50.5% (44.5) // 52.6% (47.4) // 48.9% (43.8)",
        "shotsAgainst": "47.5% (29.4) // 48.5% (30.4) // 49.2% (31.3) // 44.6% (28.2)",
        "scoringAgainst": "47.0% (28.5) // 46.0% (28.7) // 44.6% (27.5) // 42.3% (25.0)",
        "oppCorsi": "46.0% (55.6) // 47.7% (60.1) // 44.5% (53.2) // 43.8% (50.8)",
        "oppFenwick": "45.9% (41.4) // 47.8% (45.3) // 43.7% (39.4) // 43.0% (37.9)",
        "oppShots": "45.8% (29.5) // 48.6% (33.6) // 45.4% (29.3) // 43.0% (26.6)",
        "oppScoring": "45.3% (27.2) // 46.9% (32.1) // 44.5% (27.1) // 45.0% (27.2)",
        "oppCorsiAgainst": "54.0% (65.2) // 52.3% (66.0) // 55.5% (66.3) // 56.2% (65.1)",
        "oppFenwickAgainst": "54.1% (48.8) // 52.2% (49.4) // 56.3% (50.8) // 57.0% (50.1)",
        "oppShotsAgainst": "54.2% (34.9) // 51.4% (35.5) // 54.6% (35.3) // 57.0% (35.2)",
        "oppScoringAgainst": "54.7% (32.9) // 53.1% (36.5) // 55.5% (33.8) // 55.0% (33.2)",
        "savesPerGame": 27.6,
        "savesPerGameLast1": 21.0,
        "savesPerGameLast3": 27.0,
        "savesPerGameLast5": 30.0,
        "savesPer60": 27.8,
        "savesPer60Last1": 20.3,
        "savesPer60Last3": 27.4,
        "savesPer60Last5": 30.3,
        "shotsPerGame": 32.9,
        "shotsPerGameLast5": 32.8,
        "shotsAgainstPerGame": 29.7,
        "shotsAgainstPerGameLast5": 31.8,
        "oppSavesAgainstPer60": 27.1,
        "oppSavesAgainstPer60Last1": 27.9,
        "oppSavesAgainstPer60Last3": 23.9,
        "oppSavesAgainstPer60Last5": 27.7,
        "oppShotsAgainstPerGame": 35.2,
        "oppShotsAgainstPerGameLast5": 36.8,
        "savesProj": 24.1,
        "savesProjLast5": 26.8,
        "savesProjLast3": 20.8,
        "oppSavesAgainstProj": 26.3,
        "oppSavesAgainstProjLast5": 29.2,
        "oppSavesAgainstProjLast3": 22.0,
        "totalOver": 40,
        "totalOverLast5": 80,
        "totalOverLast15": 47,
        "lastTotalOver": 37,
        "last5": "3,3,0,3,6,1,3,4,2,1",
        "overOdds": "+105",
        "underOdds": "-135",
        "overUnder": "+105 / -135"
    },
    {
        "player": "Artemi Panarin",
        "team": "NYR",
        "opponent": "NJ",
        "propType": "sog",
        "line": 2.5,
        "ppLine": "PP1",
        "avg": 2.46,
        "hit": false,
        "diffAvg": -0.02,
        "diffAbs": 0.28,
        "lastAvg": 1.86,
        "diff": -0.26,
        "avgMin": 19,
        "proj": 1.8,
        "lastAvgMin": 19.22,
        "oppOver": 0,
        "teamOver": 0,
        "gameLine": "+115",
        "+/-": "+6",
        "L5_+/-": "+9.0",
        "prevMatchup": "2023-01-07 3.0 sog 2022-12-12 1.0 sog 2022-11-28 5.0 sog",
        "winLossSplits": "2.24 - 2.52",
        "awayHome": "A",
        "playedYesterday": "N",
        "awayHomeSplits": "2.19 - 2.71",
        "savesAboveExp": 0.109,
        "gsaa": 5.9,
        "corsi": "51.6% (58.3) // 46.6% (52.7) // 44.2% (48.5) // 49.4% (57.5)",
        "fenwick": "52.2% (43.9) // 48.4% (40.2) // 46.6% (39.2) // 52.2% (46.5)",
        "shots": "51.9% (31.3) // 49.2% (30.7) // 48.5% (31.3) // 54.9% (39.0)",
        "scoring": "51.6% (30.9) // 49.8% (29.3) // 49.3% (27.0) // 50.4% (30.5)",
        "corsiAgainst": "48.4% (54.8) // 53.4% (60.2) // 55.8% (61.2) // 50.6% (59.0)",
        "fenwickAgainst": "47.8% (40.2) // 51.6% (42.8) // 53.4% (45.0) // 47.8% (42.5)",
        "shotsAgainst": "48.1% (29.0) // 50.8% (31.7) // 51.5% (33.2) // 45.1% (32.0)",
        "scoringAgainst": "48.4% (29.0) // 50.2% (29.6) // 50.7% (27.8) // 49.6% (30.0)",
        "oppCorsi": "53.5% (63.4) // 52.8% (64.4) // 55.4% (69.3) // 55.4% (67.0)",
        "oppFenwick": "53.7% (46.8) // 52.6% (46.8) // 54.0% (50.2) // 53.7% (48.3)",
        "oppShots": "54.9% (34.0) // 53.4% (33.1) // 54.9% (35.5) // 51.9% (32.3)",
        "oppScoring": "55.9% (34.6) // 57.7% (36.3) // 60.7% (40.4) // 62.4% (42.0)",
        "oppCorsiAgainst": "46.5% (55.2) // 47.2% (57.6) // 44.6% (55.8) // 44.6% (54.0)",
        "oppFenwickAgainst": "46.3% (40.3) // 47.4% (42.2) // 46.0% (42.9) // 46.3% (41.7)",
        "oppShotsAgainst": "45.1% (27.9) // 46.6% (28.9) // 45.1% (29.1) // 48.1% (30.0)",
        "oppScoringAgainst": "44.1% (27.3) // 42.3% (26.7) // 39.3% (26.2) // 37.6% (25.3)",
        "savesPerGame": 26.8,
        "savesPerGameLast1": 28.0,
        "savesPerGameLast3": 29.3,
        "savesPerGameLast5": 29.2,
        "savesPer60": 26.9,
        "savesPer60Last1": 28.0,
        "savesPer60Last3": 29.2,
        "savesPer60Last5": 29.0,
        "shotsPerGame": 31.7,
        "shotsPerGameLast5": 31.8,
        "shotsAgainstPerGame": 29.4,
        "shotsAgainstPerGameLast5": 31.0,
        "oppSavesAgainstPer60": 31.1,
        "oppSavesAgainstPer60Last1": 30.0,
        "oppSavesAgainstPer60Last3": 28.8,
        "oppSavesAgainstPer60Last5": 33.2,
        "oppShotsAgainstPerGame": 28.3,
        "oppShotsAgainstPerGameLast5": 28.6,
        "savesProj": 32.5,
        "savesProjLast5": 37.9,
        "savesProjLast3": 32.9,
        "oppSavesAgainstProj": 29.3,
        "oppSavesAgainstProjLast5": 32.1,
        "oppSavesAgainstProjLast3": 27.7,
        "totalOver": 46,
        "totalOverLast5": 40,
        "totalOverLast15": 27,
        "lastTotalOver": 37,
        "last5": "4,2,4,2,1,2,2,1,1,5",
        "overOdds": "+130",
        "underOdds": "-160",
        "overUnder": "+130 / -160"
    },
    {
        "player": "Chris Kreider",
        "team": "NYR",
        "opponent": "NJ",
        "propType": "sog",
        "line": 2.5,
        "ppLine": "PP1",
        "avg": 3.03,
        "hit": false,
        "diffAvg": 0.21,
        "diffAbs": 0.04,
        "lastAvg": 2.5,
        "diff": 0.0,
        "avgMin": 18,
        "proj": 2.4,
        "lastAvgMin": 18.72,
        "oppOver": 0,
        "teamOver": 0,
        "gameLine": "+115",
        "+/-": "+22",
        "L5_+/-": "+5.0",
        "prevMatchup": "2023-01-07 1.0 sog 2022-12-12 6.0 sog 2022-11-28 1.0 sog",
        "winLossSplits": "3.27 - 2.5",
        "awayHome": "A",
        "playedYesterday": "N",
        "awayHomeSplits": "2.94 - 3.11",
        "savesAboveExp": 0.109,
        "gsaa": 5.9,
        "corsi": "51.6% (58.3) // 46.6% (52.7) // 44.2% (48.5) // 49.4% (57.5)",
        "fenwick": "52.2% (43.9) // 48.4% (40.2) // 46.6% (39.2) // 52.2% (46.5)",
        "shots": "51.9% (31.3) // 49.2% (30.7) // 48.5% (31.3) // 54.9% (39.0)",
        "scoring": "51.6% (30.9) // 49.8% (29.3) // 49.3% (27.0) // 50.4% (30.5)",
        "corsiAgainst": "48.4% (54.8) // 53.4% (60.2) // 55.8% (61.2) // 50.6% (59.0)",
        "fenwickAgainst": "47.8% (40.2) // 51.6% (42.8) // 53.4% (45.0) // 47.8% (42.5)",
        "shotsAgainst": "48.1% (29.0) // 50.8% (31.7) // 51.5% (33.2) // 45.1% (32.0)",
        "scoringAgainst": "48.4% (29.0) // 50.2% (29.6) // 50.7% (27.8) // 49.6% (30.0)",
        "oppCorsi": "53.5% (63.4) // 52.8% (64.4) // 55.4% (69.3) // 55.4% (67.0)",
        "oppFenwick": "53.7% (46.8) // 52.6% (46.8) // 54.0% (50.2) // 53.7% (48.3)",
        "oppShots": "54.9% (34.0) // 53.4% (33.1) // 54.9% (35.5) // 51.9% (32.3)",
        "oppScoring": "55.9% (34.6) // 57.7% (36.3) // 60.7% (40.4) // 62.4% (42.0)",
        "oppCorsiAgainst": "46.5% (55.2) // 47.2% (57.6) // 44.6% (55.8) // 44.6% (54.0)",
        "oppFenwickAgainst": "46.3% (40.3) // 47.4% (42.2) // 46.0% (42.9) // 46.3% (41.7)",
        "oppShotsAgainst": "45.1% (27.9) // 46.6% (28.9) // 45.1% (29.1) // 48.1% (30.0)",
        "oppScoringAgainst": "44.1% (27.3) // 42.3% (26.7) // 39.3% (26.2) // 37.6% (25.3)",
        "savesPerGame": 26.8,
        "savesPerGameLast1": 28.0,
        "savesPerGameLast3": 29.3,
        "savesPerGameLast5": 29.2,
        "savesPer60": 26.9,
        "savesPer60Last1": 28.0,
        "savesPer60Last3": 29.2,
        "savesPer60Last5": 29.0,
        "shotsPerGame": 31.7,
        "shotsPerGameLast5": 31.8,
        "shotsAgainstPerGame": 29.4,
        "shotsAgainstPerGameLast5": 31.0,
        "oppSavesAgainstPer60": 31.1,
        "oppSavesAgainstPer60Last1": 30.0,
        "oppSavesAgainstPer60Last3": 28.8,
        "oppSavesAgainstPer60Last5": 33.2,
        "oppShotsAgainstPerGame": 28.3,
        "oppShotsAgainstPerGameLast5": 28.6,
        "savesProj": 32.5,
        "savesProjLast5": 37.9,
        "savesProjLast3": 32.9,
        "oppSavesAgainstProj": 29.3,
        "oppSavesAgainstProjLast5": 32.1,
        "oppSavesAgainstProjLast3": 27.7,
        "totalOver": 54,
        "totalOverLast5": 60,
        "totalOverLast15": 40,
        "lastTotalOver": 56,
        "last5": "4,4,0,4,1,2,4,5,2,2",
        "overOdds": "-105",
        "underOdds": "-125",
        "overUnder": "-105 / -125"
    },
    {
        "player": "Dawson Mercer",
        "team": "NJ",
        "opponent": "NYR",
        "propType": "sog",
        "line": 1.5,
        "ppLine": "PP1",
        "avg": 1.96,
        "hit": false,
        "diffAvg": 0.31,
        "diffAbs": 0.2,
        "lastAvg": 1.88,
        "diff": 0.25,
        "avgMin": 16,
        "proj": 1.8,
        "lastAvgMin": 16.53,
        "oppOver": 0,
        "teamOver": 0,
        "gameLine": "-135",
        "+/-": "+16",
        "L5_+/-": -2.0,
        "prevMatchup": "2023-01-07 1.0 sog 2022-12-12 3.0 sog 2022-11-28 1.0 sog",
        "winLossSplits": "1.72 - 2.15",
        "awayHome": "H",
        "playedYesterday": "N",
        "awayHomeSplits": "2.27 - 1.65",
        "savesAboveExp": 0.388,
        "gsaa": 15.5,
        "corsi": "53.5% (63.4) // 52.8% (64.4) // 55.4% (69.3) // 55.4% (67.0)",
        "fenwick": "53.7% (46.8) // 52.6% (46.8) // 54.0% (50.2) // 53.7% (48.3)",
        "shots": "54.9% (34.0) // 53.4% (33.1) // 54.9% (35.5) // 51.9% (32.3)",
        "scoring": "55.9% (34.6) // 57.7% (36.3) // 60.7% (40.4) // 62.4% (42.0)",
        "corsiAgainst": "46.5% (55.2) // 47.2% (57.6) // 44.6% (55.8) // 44.6% (54.0)",
        "fenwickAgainst": "46.3% (40.3) // 47.4% (42.2) // 46.0% (42.9) // 46.3% (41.7)",
        "shotsAgainst": "45.1% (27.9) // 46.6% (28.9) // 45.1% (29.1) // 48.1% (30.0)",
        "scoringAgainst": "44.1% (27.3) // 42.3% (26.7) // 39.3% (26.2) // 37.6% (25.3)",
        "oppCorsi": "51.6% (58.3) // 46.6% (52.7) // 44.2% (48.5) // 49.4% (57.5)",
        "oppFenwick": "52.2% (43.9) // 48.4% (40.2) // 46.6% (39.2) // 52.2% (46.5)",
        "oppShots": "51.9% (31.3) // 49.2% (30.7) // 48.5% (31.3) // 54.9% (39.0)",
        "oppScoring": "51.6% (30.9) // 49.8% (29.3) // 49.3% (27.0) // 50.4% (30.5)",
        "oppCorsiAgainst": "48.4% (54.8) // 53.4% (60.2) // 55.8% (61.2) // 50.6% (59.0)",
        "oppFenwickAgainst": "47.8% (40.2) // 51.6% (42.8) // 53.4% (45.0) // 47.8% (42.5)",
        "oppShotsAgainst": "48.1% (29.0) // 50.8% (31.7) // 51.5% (33.2) // 45.1% (32.0)",
        "oppScoringAgainst": "48.4% (29.0) // 50.2% (29.6) // 50.7% (27.8) // 49.6% (30.0)",
        "savesPerGame": 25.6,
        "savesPerGameLast1": 31.0,
        "savesPerGameLast3": 25.7,
        "savesPerGameLast5": 25.2,
        "savesPer60": 25.7,
        "savesPer60Last1": 29.6,
        "savesPer60Last3": 25.1,
        "savesPer60Last5": 25.3,
        "shotsPerGame": 34.5,
        "shotsPerGameLast5": 36.8,
        "shotsAgainstPerGame": 28.3,
        "shotsAgainstPerGameLast5": 28.6,
        "oppSavesAgainstPer60": 28.5,
        "oppSavesAgainstPer60Last1": 30.0,
        "oppSavesAgainstPer60Last3": 27.2,
        "oppSavesAgainstPer60Last5": 27.4,
        "oppShotsAgainstPerGame": 29.4,
        "oppShotsAgainstPerGameLast5": 31.0,
        "savesProj": 27.1,
        "savesProjLast5": 26.0,
        "savesProjLast3": 25.5,
        "oppSavesAgainstProj": 25.8,
        "oppSavesAgainstProjLast5": 24.2,
        "oppSavesAgainstProjLast3": 24.4,
        "totalOver": 47,
        "totalOverLast5": 20,
        "totalOverLast15": 53,
        "lastTotalOver": 56,
        "last5": "2,1,1,1,1,3,2,2,1,4",
        "overOdds": "-175",
        "underOdds": "+140",
        "overUnder": "-175 / +140"
    },
    {
        "player": "Dougie Hamilton",
        "team": "NJ",
        "opponent": "NYR",
        "propType": "sog",
        "line": 3.5,
        "ppLine": "PP1",
        "avg": 3.41,
        "hit": false,
        "diffAvg": -0.03,
        "diffAbs": 0.06,
        "lastAvg": 3.18,
        "diff": -0.09,
        "avgMin": 22,
        "proj": 3.3,
        "lastAvgMin": 21.22,
        "oppOver": 0,
        "teamOver": 0,
        "gameLine": "-135",
        "+/-": "+21",
        "L5_+/-": -1.0,
        "prevMatchup": "2023-01-07 3.0 sog 2022-12-12 2.0 sog 2022-11-28 3.0 sog",
        "winLossSplits": "3.5 - 3.26",
        "awayHome": "H",
        "playedYesterday": "N",
        "awayHomeSplits": "3.22 - 3.59",
        "savesAboveExp": 0.388,
        "gsaa": 15.5,
