[
    {
        "player": "Artemi Panarin",
        "team": "NYR",
        "opponent": "NJ",
        "propType": "pts",
        "line": 0.5,
        "ppLine": "PP1",
        "avg": 1.09,
        "hit": false,
        "diffAvg": 1.18,
        "diffAbs": 1.0,
        "lastAvg": 1.01,
        "diff": 1.02,
        "avgMin": 19,
        "proj": 1.0,
        "lastAvgMin": 19.22,
        "oppOver": 0,
        "teamOver": 0,
        "gameLine": "-150",
        "+/-": "+5",
        "L5_+/-": -1.0,
        "prevMatchup": "2023-04-22 0.0 pts 2023-04-20 0.0 pts 2023-04-18 2.0 pts 2023-03-30 0.0 pts 2023-01-07 0.0 pts 2022-12-12 1.0 pts 2022-11-28 1.0 pts",
        "winLossSplits": "76% - 44%",
        "awayHome": "H",
        "playedYesterday": "N",
        "awayHomeSplits": "51% - 74%",
        "savesAboveExp": 0.922,
        "gsaa": 7.07,
        "corsi": "51.4% (57.9) // 49.5% (54.5) // - // 51.4% (57.9)",
        "fenwick": "52.0% (43.7) // 50.7% (42.3) // - // 52.0% (43.7)",
        "shots": "51.8% (31.1) // 51.8% (30.7) // - // 51.8% (31.1)",
        "scoring": "51.3% (30.8) // 48.9% (29.6) // - // 51.3% (30.8)",
        "corsiAgainst": "48.6% (54.7) // 50.5% (55.5) // - // 48.6% (54.7)",
        "fenwickAgainst": "48.0% (40.2) // 49.3% (41.1) // - // 48.0% (40.2)",
        "shotsAgainst": "48.2% (28.9) // 48.2% (28.6) // - // 48.2% (28.9)",
        "scoringAgainst": "48.7% (29.2) // 51.1% (30.9) // - // 48.7% (29.2)",
        "oppCorsi": "53.7% (63.4) // 55.1% (64.9) // - // 53.7% (63.4)",
        "oppFenwick": "53.9% (46.9) // 55.2% (48.2) // - // 53.9% (46.9)",
        "oppShots": "54.9% (33.9) // 54.4% (33.3) // - // 54.9% (33.9)",
        "oppScoring": "56.3% (35.0) // 60.7% (39.4) // - // 56.3% (35.0)",
        "oppCorsiAgainst": "46.3% (54.8) // 44.9% (52.8) // - // 46.3% (54.8)",
        "oppFenwickAgainst": "46.1% (40.1) // 44.8% (39.2) // - // 46.1% (40.1)",
        "oppShotsAgainst": "45.1% (27.8) // 45.6% (28.0) // - // 45.1% (27.8)",
        "oppScoringAgainst": "43.7% (27.1) // 39.3% (25.5) // - // 43.7% (27.1)",
        "savesPerGame": 26.7,
        "savesPerGameLast1": 26.0,
        "savesPerGameLast3": 25.3,
        "savesPerGameLast5": 26.2,
        "savesPer60": 27.9,
        "savesPer60Last1": 30.8,
        "savesPer60Last3": 26.9,
        "savesPer60Last5": 27.3,
        "shotsPerGame": 31.5,
        "shotsPerGameLast5": 28.2,
        "shotsAgainstPerGame": 29.3,
        "shotsAgainstPerGameLast5": 28.0,
        "oppSavesAgainstPer60": 32.2,
        "oppSavesAgainstPer60Last1": 26.0,
        "oppSavesAgainstPer60Last3": 25.1,
        "oppSavesAgainstPer60Last5": 25.5,
        "oppShotsAgainstPerGame": 28.2,
        "oppShotsAgainstPerGameLast5": 31.6,
        "savesProj": 32.2,
        "savesProjLast5": 26.3,
        "savesProjLast3": 25.3,
        "oppSavesAgainstProj": 29.4,
        "oppSavesAgainstProjLast5": 21.4,
        "oppSavesAgainstProjLast3": 19.5,
        "totalOver": 62,
        "totalOverLast5": 60,
        "totalOverLast15": 53,
        "lastTotalOver": 68,
        "last5": "0,0,2,1,2,0,1,1,3,0",
        "overOdds": "-215",
        "underOdds": "+175",
        "overUnder": "-215 / +175"
    },
    {
        "player": "Chris Kreider",
        "team": "NYR",
        "opponent": "NJ",
        "propType": "pts",
        "line": 0.5,
        "ppLine": "PP1",
        "avg": 0.72,
        "hit": false,
        "diffAvg": 0.44,
        "diffAbs": 0.4,
        "lastAvg": 0.75,
        "diff": 0.5,
        "avgMin": 18,
        "proj": 0.7,
        "lastAvgMin": 18.72,
        "oppOver": 0,
        "teamOver": 0,
        "gameLine": "-150",
        "+/-": "+23",
        "L5_+/-": "+1.0",
        "prevMatchup": "2023-04-22 1.0 pts 2023-04-20 2.0 pts 2023-04-18 2.0 pts 2023-03-30 1.0 pts 2023-01-07 1.0 pts 2022-12-12 1.0 pts 2022-11-28 2.0 pts",
        "winLossSplits": "62% - 46%",
        "awayHome": "H",
        "playedYesterday": "N",
        "awayHomeSplits": "48% - 62%",
        "savesAboveExp": 0.922,
        "gsaa": 7.07,
        "corsi": "51.4% (57.9) // 49.5% (54.5) // - // 51.4% (57.9)",
        "fenwick": "52.0% (43.7) // 50.7% (42.3) // - // 52.0% (43.7)",
        "shots": "51.8% (31.1) // 51.8% (30.7) // - // 51.8% (31.1)",
        "scoring": "51.3% (30.8) // 48.9% (29.6) // - // 51.3% (30.8)",
        "corsiAgainst": "48.6% (54.7) // 50.5% (55.5) // - // 48.6% (54.7)",
        "fenwickAgainst": "48.0% (40.2) // 49.3% (41.1) // - // 48.0% (40.2)",
        "shotsAgainst": "48.2% (28.9) // 48.2% (28.6) // - // 48.2% (28.9)",
        "scoringAgainst": "48.7% (29.2) // 51.1% (30.9) // - // 48.7% (29.2)",
        "oppCorsi": "53.7% (63.4) // 55.1% (64.9) // - // 53.7% (63.4)",
        "oppFenwick": "53.9% (46.9) // 55.2% (48.2) // - // 53.9% (46.9)",
        "oppShots": "54.9% (33.9) // 54.4% (33.3) // - // 54.9% (33.9)",
        "oppScoring": "56.3% (35.0) // 60.7% (39.4) // - // 56.3% (35.0)",
        "oppCorsiAgainst": "46.3% (54.8) // 44.9% (52.8) // - // 46.3% (54.8)",
        "oppFenwickAgainst": "46.1% (40.1) // 44.8% (39.2) // - // 46.1% (40.1)",
        "oppShotsAgainst": "45.1% (27.8) // 45.6% (28.0) // - // 45.1% (27.8)",
        "oppScoringAgainst": "43.7% (27.1) // 39.3% (25.5) // - // 43.7% (27.1)",
        "savesPerGame": 26.7,
        "savesPerGameLast1": 26.0,
        "savesPerGameLast3": 25.3,
        "savesPerGameLast5": 26.2,
        "savesPer60": 27.9,
        "savesPer60Last1": 30.8,
        "savesPer60Last3": 26.9,
        "savesPer60Last5": 27.3,
        "shotsPerGame": 31.5,
        "shotsPerGameLast5": 28.2,
        "shotsAgainstPerGame": 29.3,
        "shotsAgainstPerGameLast5": 28.0,
        "oppSavesAgainstPer60": 32.2,
        "oppSavesAgainstPer60Last1": 26.0,
        "oppSavesAgainstPer60Last3": 25.1,
        "oppSavesAgainstPer60Last5": 25.5,
        "oppShotsAgainstPerGame": 28.2,
        "oppShotsAgainstPerGameLast5": 31.6,
        "savesProj": 32.2,
        "savesProjLast5": 26.3,
        "savesProjLast3": 25.3,
        "oppSavesAgainstProj": 29.4,
        "oppSavesAgainstProjLast5": 21.4,
        "oppSavesAgainstProjLast3": 19.5,
        "totalOver": 55,
        "totalOverLast5": 60,
        "totalOverLast15": 47,
        "lastTotalOver": 60,
        "last5": "1,2,2,0,0,1,0,2,0,0",
        "overOdds": "-140",
        "underOdds": "+110",
        "overUnder": "-140 / +110"
    },
    {
        "player": "Dawson Mercer",
        "team": "NJ",
        "opponent": "NYR",
        "propType": "pts",
        "line": 0.5,
        "ppLine": "PP2",
        "avg": 0.66,
        "hit": false,
        "diffAvg": 0.32,
        "diffAbs": 0.0,
        "lastAvg": 0.51,
        "diff": 0.02,
        "avgMin": 16,
        "proj": 0.5,
        "lastAvgMin": 16.53,
        "oppOver": 0,
        "teamOver": 0,
        "gameLine": "+130",
        "+/-": "+21",
        "L5_+/-": "+5.0",
        "prevMatchup": "2023-04-22 0.0 pts 2023-04-20 0.0 pts 2023-04-18 0.0 pts 2023-03-30 0.0 pts 2023-01-07 1.0 pts 2022-12-12 2.0 pts 2022-11-28 1.0 pts",
        "winLossSplits": "53% - 34%",
        "awayHome": "A",
        "playedYesterday": "N",
        "awayHomeSplits": "55% - 37%",
        "savesAboveExp": 0.388,
        "gsaa": 20.59,
        "corsi": "53.7% (63.4) // 55.1% (64.9) // - // 53.7% (63.4)",
        "fenwick": "53.9% (46.9) // 55.2% (48.2) // - // 53.9% (46.9)",
        "shots": "54.9% (33.9) // 54.4% (33.3) // - // 54.9% (33.9)",
        "scoring": "56.3% (35.0) // 60.7% (39.4) // - // 56.3% (35.0)",
        "corsiAgainst": "46.3% (54.8) // 44.9% (52.8) // - // 46.3% (54.8)",
        "fenwickAgainst": "46.1% (40.1) // 44.8% (39.2) // - // 46.1% (40.1)",
        "shotsAgainst": "45.1% (27.8) // 45.6% (28.0) // - // 45.1% (27.8)",
        "scoringAgainst": "43.7% (27.1) // 39.3% (25.5) // - // 43.7% (27.1)",
        "oppCorsi": "51.4% (57.9) // 49.5% (54.5) // - // 51.4% (57.9)",
        "oppFenwick": "52.0% (43.7) // 50.7% (42.3) // - // 52.0% (43.7)",
        "oppShots": "51.8% (31.1) // 51.8% (30.7) // - // 51.8% (31.1)",
        "oppScoring": "51.3% (30.8) // 48.9% (29.6) // - // 51.3% (30.8)",
        "oppCorsiAgainst": "48.6% (54.7) // 50.5% (55.5) // - // 48.6% (54.7)",
        "oppFenwickAgainst": "48.0% (40.2) // 49.3% (41.1) // - // 48.0% (40.2)",
        "oppShotsAgainst": "48.2% (28.9) // 48.2% (28.6) // - // 48.2% (28.9)",
        "oppScoringAgainst": "48.7% (29.2) // 51.1% (30.9) // - // 48.7% (29.2)",
        "savesPerGame": 25.5,
        "savesPerGameLast1": 35.0,
        "savesPerGameLast3": 26.0,
        "savesPerGameLast5": 28.2,
        "savesPer60": 26.6,
        "savesPer60Last1": 41.8,
        "savesPer60Last3": 27.6,
        "savesPer60Last5": 29.7,
        "shotsPerGame": 34.4,
        "shotsPerGameLast5": 28.8,
        "shotsAgainstPerGame": 28.2,
        "shotsAgainstPerGameLast5": 31.6,
        "oppSavesAgainstPer60": 29.4,
        "oppSavesAgainstPer60Last1": 35.0,
        "oppSavesAgainstPer60Last3": 25.9,
        "oppSavesAgainstPer60Last5": 25.1,
        "oppShotsAgainstPerGame": 29.3,
        "oppShotsAgainstPerGameLast5": 28.0,
        "savesProj": 26.8,
        "savesProjLast5": 26.8,
        "savesProjLast3": 25.7,
        "oppSavesAgainstProj": 26.0,
        "oppSavesAgainstProjLast5": 24.3,
        "oppSavesAgainstProjLast3": 22.9,
        "totalOver": 46,
        "totalOverLast5": 20,
        "totalOverLast15": 27,
        "lastTotalOver": 39,
        "last5": "0,0,0,1,0,0,0,3,0,1",
        "overOdds": "-105",
        "underOdds": "-125",
        "overUnder": "-105 / -125"
    },
    {
        "player": "Dougie Hamilton",
        "team": "NJ",
        "opponent": "NYR",
        "propType": "pts",
        "line": 0.5,
        "ppLine": "PP1",
        "avg": 0.89,
        "hit": false,
        "diffAvg": 0.78,
        "diffAbs": 0.0,
        "lastAvg": 0.48,
        "diff": -0.04,
        "avgMin": 21,
        "proj": 0.5,
        "lastAvgMin": 21.22,
        "oppOver": 0,
        "teamOver": 0,
        "gameLine": "+130",
        "+/-": "+19",
        "L5_+/-": -3.0,
        "prevMatchup": "2023-04-22 2.0 pts 2023-04-20 0.0 pts 2023-04-18 0.0 pts 2023-03-30 1.0 pts 2023-01-07 0.0 pts 2022-12-12 1.0 pts 2022-11-28 0.0 pts",
        "winLossSplits": "68% - 47%",
        "awayHome": "A",
        "playedYesterday": "N",
        "awayHomeSplits": "55% - 65%",
        "savesAboveExp": 0.388,
        "gsaa": 20.59,
        "corsi": "53.7% (63.4) // 55.1% (64.9) // - // 53.7% (63.4)",
        "fenwick": "53.9% (46.9) // 55.2% (48.2) // - // 53.9% (46.9)",
        "shots": "54.9% (33.9) // 54.4% (33.3) // - // 54.9% (33.9)",
        "scoring": "56.3% (35.0) // 60.7% (39.4) // - // 56.3% (35.0)",
        "corsiAgainst": "46.3% (54.8) // 44.9% (52.8) // - // 46.3% (54.8)",
        "fenwickAgainst": "46.1% (40.1) // 44.8% (39.2) // - // 46.1% (40.1)",
        "shotsAgainst": "45.1% (27.8) // 45.6% (28.0) // - // 45.1% (27.8)",
        "scoringAgainst": "43.7% (27.1) // 39.3% (25.5) // - // 43.7% (27.1)",
        "oppCorsi": "51.4% (57.9) // 49.5% (54.5) // - // 51.4% (57.9)",
        "oppFenwick": "52.0% (43.7) // 50.7% (42.3) // - // 52.0% (43.7)",
        "oppShots": "51.8% (31.1) // 51.8% (30.7) // - // 51.8% (31.1)",
        "oppScoring": "51.3% (30.8) // 48.9% (29.6) // - // 51.3% (30.8)",
        "oppCorsiAgainst": "48.6% (54.7) // 50.5% (55.5) // - // 48.6% (54.7)",
        "oppFenwickAgainst": "48.0% (40.2) // 49.3% (41.1) // - // 48.0% (40.2)",
        "oppShotsAgainst": "48.2% (28.9) // 48.2% (28.6) // - // 48.2% (28.9)",
        "oppScoringAgainst": "48.7% (29.2) // 51.1% (30.9) // - // 48.7% (29.2)",
        "savesPerGame": 25.5,
        "savesPerGameLast1": 35.0,
        "savesPerGameLast3": 26.0,
        "savesPerGameLast5": 28.2,
        "savesPer60": 26.6,
        "savesPer60Last1": 41.8,
        "savesPer60Last3": 27.6,
        "savesPer60Last5": 29.7,
        "shotsPerGame": 34.4,
        "shotsPerGameLast5": 28.8,
        "shotsAgainstPerGame": 28.2,
        "shotsAgainstPerGameLast5": 31.6,
        "oppSavesAgainstPer60": 29.4,
        "oppSavesAgainstPer60Last1": 35.0,
        "oppSavesAgainstPer60Last3": 25.9,
        "oppSavesAgainstPer60Last5": 25.1,
        "oppShotsAgainstPerGame": 29.3,
        "oppShotsAgainstPerGameLast5": 28.0,
        "savesProj": 26.8,
        "savesProjLast5": 26.8,
        "savesProjLast3": 25.7,
        "oppSavesAgainstProj": 26.0,
        "oppSavesAgainstProjLast5": 24.3,
        "oppSavesAgainstProjLast3": 22.9,
        "totalOver": 60,
        "totalOverLast5": 40,
        "totalOverLast15": 47,
        "lastTotalOver": 41,
        "last5": "2,0,0,1,0,0,0,2,0,2",
        "overOdds": "-130",
        "underOdds": "+100",
        "overUnder": "-130 / +100"
    },
    {
        "player": "Erik Haula",
        "team": "NJ",
        "opponent": "NYR",
        "propType": "pts",
        "line": 0.5,
        "ppLine": "PP2",
        "avg": 0.48,
        "hit": false,
        "diffAvg": -0.04,
        "diffAbs": 0.0,
        "lastAvg": 0.52,
        "diff": 0.04,
        "avgMin": 16,
        "proj": 0.5,
        "lastAvgMin": 15.08,
        "oppOver": 0,
        "teamOver": 0,
        "gameLine": "+130",
        "+/-": "+9",
        "L5_+/-": -1.0,
        "prevMatchup": "2023-04-22 0.0 pts 2023-04-20 1.0 pts 2023-04-18 0.0 pts 2023-03-30 1.0 pts 2023-01-07 0.0 pts 2022-12-12 0.0 pts 2022-11-28 0.0 pts",
        "winLossSplits": "42% - 29%",
        "awayHome": "A",
        "playedYesterday": "N",
        "awayHomeSplits": "44% - 31%",
        "savesAboveExp": 0.388,
        "gsaa": 20.59,
        "corsi": "53.7% (63.4) // 55.1% (64.9) // - // 53.7% (63.4)",
        "fenwick": "53.9% (46.9) // 55.2% (48.2) // - // 53.9% (46.9)",
        "shots": "54.9% (33.9) // 54.4% (33.3) // - // 54.9% (33.9)",
        "scoring": "56.3% (35.0) // 60.7% (39.4) // - // 56.3% (35.0)",
        "corsiAgainst": "46.3% (54.8) // 44.9% (52.8) // - // 46.3% (54.8)",
        "fenwickAgainst": "46.1% (40.1) // 44.8% (39.2) // - // 46.1% (40.1)",
        "shotsAgainst": "45.1% (27.8) // 45.6% (28.0) // - // 45.1% (27.8)",
        "scoringAgainst": "43.7% (27.1) // 39.3% (25.5) // - // 43.7% (27.1)",
        "oppCorsi": "51.4% (57.9) // 49.5% (54.5) // - // 51.4% (57.9)",
        "oppFenwick": "52.0% (43.7) // 50.7% (42.3) // - // 52.0% (43.7)",
        "oppShots": "51.8% (31.1) // 51.8% (30.7) // - // 51.8% (31.1)",
        "oppScoring": "51.3% (30.8) // 48.9% (29.6) // - // 51.3% (30.8)",
        "oppCorsiAgainst": "48.6% (54.7) // 50.5% (55.5) // - // 48.6% (54.7)",
        "oppFenwickAgainst": "48.0% (40.2) // 49.3% (41.1) // - // 48.0% (40.2)",
        "oppShotsAgainst": "48.2% (28.9) // 48.2% (28.6) // - // 48.2% (28.9)",
        "oppScoringAgainst": "48.7% (29.2) // 51.1% (30.9) // - // 48.7% (29.2)",
        "savesPerGame": 25.5,
        "savesPerGameLast1": 35.0,
        "savesPerGameLast3": 26.0,
        "savesPerGameLast5": 28.2,
        "savesPer60": 26.6,
        "savesPer60Last1": 41.8,
        "savesPer60Last3": 27.6,
        "savesPer60Last5": 29.7,
        "shotsPerGame": 34.4,
        "shotsPerGameLast5": 28.8,
        "shotsAgainstPerGame": 28.2,
        "shotsAgainstPerGameLast5": 31.6,
        "oppSavesAgainstPer60": 29.4,
        "oppSavesAgainstPer60Last1": 35.0,
        "oppSavesAgainstPer60Last3": 25.9,
        "oppSavesAgainstPer60Last5": 25.1,
        "oppShotsAgainstPerGame": 29.3,
        "oppShotsAgainstPerGameLast5": 28.0,
        "savesProj": 26.8,
        "savesProjLast5": 26.8,
        "savesProjLast3": 25.7,
        "oppSavesAgainstProj": 26.0,
        "oppSavesAgainstProjLast5": 24.3,
        "oppSavesAgainstProjLast3": 22.9,
        "totalOver": 37,
        "totalOverLast5": 60,
        "totalOverLast15": 40,
        "lastTotalOver": 41,
        "last5": "0,1,0,2,2,0,0,2,1,1",
        "overOdds": "+115",
        "underOdds": "-145",
        "overUnder": "+115 / -145"
    },
    {
        "player": "Filip Chytil",
        "team": "NYR",
        "opponent": "NJ",
        "propType": "pts",
        "line": 0.5,
        "ppLine": "PP2",
        "avg": 0.6,
        "hit": false,
        "diffAvg": 0.2,
        "diffAbs": 0.4,
        "lastAvg": 0.25,
        "diff": -0.5,
        "avgMin": 14,
        "proj": 0.3,
        "lastAvgMin": 13.17,
        "oppOver": 0,
        "teamOver": 0,
        "gameLine": "-150",
        "+/-": "+18",
        "L5_+/-": "+3.0",
        "prevMatchup": "2023-04-22 0.0 pts 2023-04-20 1.0 pts 2023-04-18 2.0 pts 2023-03-30 0.0 pts 2023-01-07 0.0 pts 2022-12-12 2.0 pts 2022-11-28 1.0 pts",
        "winLossSplits": "62% - 25%",
        "awayHome": "H",
        "playedYesterday": "N",
        "awayHomeSplits": "40% - 54%",
        "savesAboveExp": 0.922,
        "gsaa": 7.07,
        "corsi": "51.4% (57.9) // 49.5% (54.5) // - // 51.4% (57.9)",
        "fenwick": "52.0% (43.7) // 50.7% (42.3) // - // 52.0% (43.7)",
        "shots": "51.8% (31.1) // 51.8% (30.7) // - // 51.8% (31.1)",
        "scoring": "51.3% (30.8) // 48.9% (29.6) // - // 51.3% (30.8)",
        "corsiAgainst": "48.6% (54.7) // 50.5% (55.5) // - // 48.6% (54.7)",
        "fenwickAgainst": "48.0% (40.2) // 49.3% (41.1) // - // 48.0% (40.2)",
        "shotsAgainst": "48.2% (28.9) // 48.2% (28.6) // - // 48.2% (28.9)",
        "scoringAgainst": "48.7% (29.2) // 51.1% (30.9) // - // 48.7% (29.2)",
        "oppCorsi": "53.7% (63.4) // 55.1% (64.9) // - // 53.7% (63.4)",
        "oppFenwick": "53.9% (46.9) // 55.2% (48.2) // - // 53.9% (46.9)",
        "oppShots": "54.9% (33.9) // 54.4% (33.3) // - // 54.9% (33.9)",
        "oppScoring": "56.3% (35.0) // 60.7% (39.4) // - // 56.3% (35.0)",
        "oppCorsiAgainst": "46.3% (54.8) // 44.9% (52.8) // - // 46.3% (54.8)",
        "oppFenwickAgainst": "46.1% (40.1) // 44.8% (39.2) // - // 46.1% (40.1)",
        "oppShotsAgainst": "45.1% (27.8) // 45.6% (28.0) // - // 45.1% (27.8)",
        "oppScoringAgainst": "43.7% (27.1) // 39.3% (25.5) // - // 43.7% (27.1)",
        "savesPerGame": 26.7,
        "savesPerGameLast1": 26.0,
        "savesPerGameLast3": 25.3,
        "savesPerGameLast5": 26.2,
        "savesPer60": 27.9,
        "savesPer60Last1": 30.8,
        "savesPer60Last3": 26.9,
        "savesPer60Last5": 27.3,
        "shotsPerGame": 31.5,
        "shotsPerGameLast5": 28.2,
        "shotsAgainstPerGame": 29.3,
        "shotsAgainstPerGameLast5": 28.0,
        "oppSavesAgainstPer60": 32.2,
        "oppSavesAgainstPer60Last1": 26.0,
        "oppSavesAgainstPer60Last3": 25.1,
        "oppSavesAgainstPer60Last5": 25.5,
        "oppShotsAgainstPerGame": 28.2,
        "oppShotsAgainstPerGameLast5": 31.6,
        "savesProj": 32.2,
        "savesProjLast5": 26.3,
        "savesProjLast3": 25.3,
        "oppSavesAgainstProj": 29.4,
        "oppSavesAgainstProjLast5": 21.4,
        "oppSavesAgainstProjLast3": 19.5,
        "totalOver": 47,
        "totalOverLast5": 40,
        "totalOverLast15": 47,
        "lastTotalOver": 33,
        "last5": "0,1,2,0,0,0,0,1,1,1",
        "overOdds": "+120",
        "underOdds": "-150",
        "overUnder": "+120 / -150"
    },
    {
        "player": "Jack Hughes",
        "team": "NJ",
        "opponent": "NYR",
        "propType": "pts",
        "line": 1.5,
        "ppLine": "PP1",
        "avg": 1.25,
        "hit": false,
        "diffAvg": -0.17,
        "diffAbs": 0.27,
        "lastAvg": 1.1,
        "diff": -0.27,
        "avgMin": 20,
        "proj": 1.1,
        "lastAvgMin": 19.55,
        "oppOver": 0,
        "teamOver": 0,
        "gameLine": "+130",
        "+/-": "+9",
        "L5_+/-": "+3.0",
        "prevMatchup": "2023-04-22 1.0 pts 2023-04-20 0.0 pts 2023-04-18 1.0 pts 2023-03-30 1.0 pts 2023-01-07 3.0 pts 2022-12-12 1.0 pts 2022-11-28 1.0 pts",
        "winLossSplits": "51% - 20%",
        "awayHome": "A",
        "playedYesterday": "N",
        "awayHomeSplits": "36% - 43%",
        "savesAboveExp": 0.388,
        "gsaa": 20.59,
        "corsi": "53.7% (63.4) // 55.1% (64.9) // - // 53.7% (63.4)",
        "fenwick": "53.9% (46.9) // 55.2% (48.2) // - // 53.9% (46.9)",
        "shots": "54.9% (33.9) // 54.4% (33.3) // - // 54.9% (33.9)",
        "scoring": "56.3% (35.0) // 60.7% (39.4) // - // 56.3% (35.0)",
        "corsiAgainst": "46.3% (54.8) // 44.9% (52.8) // - // 46.3% (54.8)",
        "fenwickAgainst": "46.1% (40.1) // 44.8% (39.2) // - // 46.1% (40.1)",
        "shotsAgainst": "45.1% (27.8) // 45.6% (28.0) // - // 45.1% (27.8)",
        "scoringAgainst": "43.7% (27.1) // 39.3% (25.5) // - // 43.7% (27.1)",
        "oppCorsi": "51.4% (57.9) // 49.5% (54.5) // - // 51.4% (57.9)",
        "oppFenwick": "52.0% (43.7) // 50.7% (42.3) // - // 52.0% (43.7)",
        "oppShots": "51.8% (31.1) // 51.8% (30.7) // - // 51.8% (31.1)",
        "oppScoring": "51.3% (30.8) // 48.9% (29.6) // - // 51.3% (30.8)",
        "oppCorsiAgainst": "48.6% (54.7) // 50.5% (55.5) // - // 48.6% (54.7)",
        "oppFenwickAgainst": "48.0% (40.2) // 49.3% (41.1) // - // 48.0% (40.2)",
        "oppShotsAgainst": "48.2% (28.9) // 48.2% (28.6) // - // 48.2% (28.9)",
        "oppScoringAgainst": "48.7% (29.2) // 51.1% (30.9) // - // 48.7% (29.2)",
        "savesPerGame": 25.5,
        "savesPerGameLast1": 35.0,
        "savesPerGameLast3": 26.0,
        "savesPerGameLast5": 28.2,
        "savesPer60": 26.6,
        "savesPer60Last1": 41.8,
        "savesPer60Last3": 27.6,
        "savesPer60Last5": 29.7,
        "shotsPerGame": 34.4,
        "shotsPerGameLast5": 28.8,
        "shotsAgainstPerGame": 28.2,
        "shotsAgainstPerGameLast5": 31.6,
        "oppSavesAgainstPer60": 29.4,
        "oppSavesAgainstPer60Last1": 35.0,
        "oppSavesAgainstPer60Last3": 25.9,
        "oppSavesAgainstPer60Last5": 25.1,
        "oppShotsAgainstPerGame": 29.3,
        "oppShotsAgainstPerGameLast5": 28.0,
        "savesProj": 26.8,
        "savesProjLast5": 26.8,
        "savesProjLast3": 25.7,
        "oppSavesAgainstProj": 26.0,
        "oppSavesAgainstProjLast5": 24.3,
        "oppSavesAgainstProjLast3": 22.9,
        "totalOver": 40,
        "totalOverLast5": 20,
        "totalOverLast15": 33,
        "lastTotalOver": 34,
        "last5": "1,0,1,2,1,1,4,1,1,2",
        "overOdds": "+170",
        "underOdds": "-210",
        "overUnder": "+170 / -210"
    },
    {
        "player": "Jesper Bratt",
        "team": "NJ",
        "opponent": "NYR",
        "propType": "pts",
        "line": 0.5,
        "ppLine": "PP1",
        "avg": 0.88,
        "hit": false,
        "diffAvg": 0.76,
        "diffAbs": 0.8,
        "lastAvg": 0.96,
        "diff": 0.92,
        "avgMin": 17,
        "proj": 0.9,
        "lastAvgMin": 17.42,
        "oppOver": 0,
        "teamOver": 0,
        "gameLine": "+130",
        "+/-": "+14",
        "L5_+/-": "+3.0",
        "prevMatchup": "2023-04-22 2.0 pts 2023-04-20 0.0 pts 2023-04-18 0.0 pts 2023-03-30 0.0 pts 2023-01-07 1.0 pts 2022-12-12 0.0 pts 2022-11-28 1.0 pts",
        "winLossSplits": "75% - 50%",
        "awayHome": "A",
        "playedYesterday": "N",
        "awayHomeSplits": "71% - 60%",
        "savesAboveExp": 0.388,
        "gsaa": 20.59,
        "corsi": "53.7% (63.4) // 55.1% (64.9) // - // 53.7% (63.4)",
        "fenwick": "53.9% (46.9) // 55.2% (48.2) // - // 53.9% (46.9)",
        "shots": "54.9% (33.9) // 54.4% (33.3) // - // 54.9% (33.9)",
        "scoring": "56.3% (35.0) // 60.7% (39.4) // - // 56.3% (35.0)",
        "corsiAgainst": "46.3% (54.8) // 44.9% (52.8) // - // 46.3% (54.8)",
        "fenwickAgainst": "46.1% (40.1) // 44.8% (39.2) // - // 46.1% (40.1)",
        "shotsAgainst": "45.1% (27.8) // 45.6% (28.0) // - // 45.1% (27.8)",
        "scoringAgainst": "43.7% (27.1) // 39.3% (25.5) // - // 43.7% (27.1)",
        "oppCorsi": "51.4% (57.9) // 49.5% (54.5) // - // 51.4% (57.9)",
        "oppFenwick": "52.0% (43.7) // 50.7% (42.3) // - // 52.0% (43.7)",
        "oppShots": "51.8% (31.1) // 51.8% (30.7) // - // 51.8% (31.1)",
        "oppScoring": "51.3% (30.8) // 48.9% (29.6) // - // 51.3% (30.8)",
        "oppCorsiAgainst": "48.6% (54.7) // 50.5% (55.5) // - // 48.6% (54.7)",
        "oppFenwickAgainst": "48.0% (40.2) // 49.3% (41.1) // - // 48.0% (40.2)",
        "oppShotsAgainst": "48.2% (28.9) // 48.2% (28.6) // - // 48.2% (28.9)",
        "oppScoringAgainst": "48.7% (29.2) // 51.1% (30.9) // - // 48.7% (29.2)",
        "savesPerGame": 25.5,
        "savesPerGameLast1": 35.0,
        "savesPerGameLast3": 26.0,
        "savesPerGameLast5": 28.2,
        "savesPer60": 26.6,
        "savesPer60Last1": 41.8,
        "savesPer60Last3": 27.6,
        "savesPer60Last5": 29.7,
        "shotsPerGame": 34.4,
        "shotsPerGameLast5": 28.8,
        "shotsAgainstPerGame": 28.2,
        "shotsAgainstPerGameLast5": 31.6,
        "oppSavesAgainstPer60": 29.4,
        "oppSavesAgainstPer60Last1": 35.0,
        "oppSavesAgainstPer60Last3": 25.9,
        "oppSavesAgainstPer60Last5": 25.1,
        "oppShotsAgainstPerGame": 29.3,
        "oppShotsAgainstPerGameLast5": 28.0,
        "savesProj": 26.8,
        "savesProjLast5": 26.8,
        "savesProjLast3": 25.7,
        "oppSavesAgainstProj": 26.0,
        "oppSavesAgainstProjLast5": 24.3,
        "oppSavesAgainstProjLast3": 22.9,
        "totalOver": 66,
        "totalOverLast5": 60,
        "totalOverLast15": 67,
        "lastTotalOver": 67,
        "last5": "2,0,0,1,1,1,1,1,1,1",
        "overOdds": "-145",
        "underOdds": "+115",
        "overUnder": "-145 / +115"
    },
    {
        "player": "Mika Zibanejad",
        "team": "NYR",
        "opponent": "NJ",
        "propType": "pts",
        "line": 0.5,
        "ppLine": "PP1",
        "avg": 1.09,
        "hit": false,
        "diffAvg": 1.18,
        "diffAbs": 0.6,
        "lastAvg": 0.8,
        "diff": 0.6,
        "avgMin": 19,
        "proj": 0.8,
        "lastAvgMin": 19.62,
        "oppOver": 0,
        "teamOver": 0,
        "gameLine": "-150",
        "+/-": "+27",
        "L5_+/-": "+2.0",
        "prevMatchup": "2023-04-22 1.0 pts 2023-04-20 1.0 pts 2023-04-18 0.0 pts 2023-03-30 1.0 pts 2023-01-07 1.0 pts 2022-12-12 1.0 pts 2022-11-28 1.0 pts",
        "winLossSplits": "84% - 47%",
        "awayHome": "H",
        "playedYesterday": "N",
        "awayHomeSplits": "65% - 71%",
        "savesAboveExp": 0.922,
        "gsaa": 7.07,
        "corsi": "51.4% (57.9) // 49.5% (54.5) // - // 51.4% (57.9)",
        "fenwick": "52.0% (43.7) // 50.7% (42.3) // - // 52.0% (43.7)",
        "shots": "51.8% (31.1) // 51.8% (30.7) // - // 51.8% (31.1)",
        "scoring": "51.3% (30.8) // 48.9% (29.6) // - // 51.3% (30.8)",
        "corsiAgainst": "48.6% (54.7) // 50.5% (55.5) // - // 48.6% (54.7)",
        "fenwickAgainst": "48.0% (40.2) // 49.3% (41.1) // - // 48.0% (40.2)",
        "shotsAgainst": "48.2% (28.9) // 48.2% (28.6) // - // 48.2% (28.9)",
        "scoringAgainst": "48.7% (29.2) // 51.1% (30.9) // - // 48.7% (29.2)",
        "oppCorsi": "53.7% (63.4) // 55.1% (64.9) // - // 53.7% (63.4)",
        "oppFenwick": "53.9% (46.9) // 55.2% (48.2) // - // 53.9% (46.9)",
        "oppShots": "54.9% (33.9) // 54.4% (33.3) // - // 54.9% (33.9)",
        "oppScoring": "56.3% (35.0) // 60.7% (39.4) // - // 56.3% (35.0)",
        "oppCorsiAgainst": "46.3% (54.8) // 44.9% (52.8) // - // 46.3% (54.8)",
        "oppFenwickAgainst": "46.1% (40.1) // 44.8% (39.2) // - // 46.1% (40.1)",
        "oppShotsAgainst": "45.1% (27.8) // 45.6% (28.0) // - // 45.1% (27.8)",
        "oppScoringAgainst": "43.7% (27.1) // 39.3% (25.5) // - // 43.7% (27.1)",
        "savesPerGame": 26.7,
        "savesPerGameLast1": 26.0,
        "savesPerGameLast3": 25.3,
        "savesPerGameLast5": 26.2,
        "savesPer60": 27.9,
        "savesPer60Last1": 30.8,
        "savesPer60Last3": 26.9,
        "savesPer60Last5": 27.3,
        "shotsPerGame": 31.5,
        "shotsPerGameLast5": 28.2,
        "shotsAgainstPerGame": 29.3,
        "shotsAgainstPerGameLast5": 28.0,
        "oppSavesAgainstPer60": 32.2,
        "oppSavesAgainstPer60Last1": 26.0,
        "oppSavesAgainstPer60Last3": 25.1,
        "oppSavesAgainstPer60Last5": 25.5,
        "oppShotsAgainstPerGame": 28.2,
        "oppShotsAgainstPerGameLast5": 31.6,
        "savesProj": 32.2,
        "savesProjLast5": 26.3,
        "savesProjLast3": 25.3,
        "oppSavesAgainstProj": 29.4,
        "oppSavesAgainstProjLast5": 21.4,
        "oppSavesAgainstProjLast3": 19.5,
        "totalOver": 68,
        "totalOverLast5": 80,
        "totalOverLast15": 73,
        "lastTotalOver": 67,
        "last5": "1,1,0,1,1,2,1,3,1,0",
        "overOdds": "-215",
        "underOdds": "+175",
        "overUnder": "-215 / +175"
    },
    {
        "player": "Nico Hischier",
        "team": "NJ",
        "opponent": "NYR",
        "propType": "pts",
        "line": 0.5,
        "ppLine": "PP1",
        "avg": 0.96,
        "hit": false,
        "diffAvg": 0.92,
        "diffAbs": 0.6,
        "lastAvg": 0.86,
        "diff": 0.72,
        "avgMin": 19,
        "proj": 0.8,
        "lastAvgMin": 19.33,
        "oppOver": 0,
        "teamOver": 0,
        "gameLine": "+130",
        "+/-": "+29",
        "L5_+/-": 0.0,
        "prevMatchup": "2023-04-22 1.0 pts 2023-04-20 0.0 pts 2023-04-18 0.0 pts 2023-03-30 1.0 pts 2023-01-07 1.0 pts 2022-12-12 1.0 pts 2022-11-28 1.0 pts",
        "winLossSplits": "83% - 42%",
        "awayHome": "A",
        "playedYesterday": "N",
        "awayHomeSplits": "68% - 67%",
        "savesAboveExp": 0.388,
        "gsaa": 20.59,
        "corsi": "53.7% (63.4) // 55.1% (64.9) // - // 53.7% (63.4)",
        "fenwick": "53.9% (46.9) // 55.2% (48.2) // - // 53.9% (46.9)",
        "shots": "54.9% (33.9) // 54.4% (33.3) // - // 54.9% (33.9)",
        "scoring": "56.3% (35.0) // 60.7% (39.4) // - // 56.3% (35.0)",
        "corsiAgainst": "46.3% (54.8) // 44.9% (52.8) // - // 46.3% (54.8)",
        "fenwickAgainst": "46.1% (40.1) // 44.8% (39.2) // - // 46.1% (40.1)",
        "shotsAgainst": "45.1% (27.8) // 45.6% (28.0) // - // 45.1% (27.8)",
        "scoringAgainst": "43.7% (27.1) // 39.3% (25.5) // - // 43.7% (27.1)",
        "oppCorsi": "51.4% (57.9) // 49.5% (54.5) // - // 51.4% (57.9)",
        "oppFenwick": "52.0% (43.7) // 50.7% (42.3) // - // 52.0% (43.7)",
        "oppShots": "51.8% (31.1) // 51.8% (30.7) // - // 51.8% (31.1)",
        "oppScoring": "51.3% (30.8) // 48.9% (29.6) // - // 51.3% (30.8)",
        "oppCorsiAgainst": "48.6% (54.7) // 50.5% (55.5) // - // 48.6% (54.7)",
        "oppFenwickAgainst": "48.0% (40.2) // 49.3% (41.1) // - // 48.0% (40.2)",
        "oppShotsAgainst": "48.2% (28.9) // 48.2% (28.6) // - // 48.2% (28.9)",
        "oppScoringAgainst": "48.7% (29.2) // 51.1% (30.9) // - // 48.7% (29.2)",
        "savesPerGame": 25.5,
        "savesPerGameLast1": 35.0,
        "savesPerGameLast3": 26.0,
        "savesPerGameLast5": 28.2,
        "savesPer60": 26.6,
        "savesPer60Last1": 41.8,
        "savesPer60Last3": 27.6,
        "savesPer60Last5": 29.7,
        "shotsPerGame": 34.4,
        "shotsPerGameLast5": 28.8,
        "shotsAgainstPerGame": 28.2,
        "shotsAgainstPerGameLast5": 31.6,
        "oppSavesAgainstPer60": 29.4,
        "oppSavesAgainstPer60Last1": 35.0,
        "oppSavesAgainstPer60Last3": 25.9,
        "oppSavesAgainstPer60Last5": 25.1,
        "oppShotsAgainstPerGame": 29.3,
        "oppShotsAgainstPerGameLast5": 28.0,
        "savesProj": 26.8,
        "savesProjLast5": 26.8,
        "savesProjLast3": 25.7,
        "oppSavesAgainstProj": 26.0,
        "oppSavesAgainstProjLast5": 24.3,
        "oppSavesAgainstProjLast3": 22.9,
        "totalOver": 68,
        "totalOverLast5": 60,
        "totalOverLast15": 67,
        "lastTotalOver": 62,
        "last5": "1,0,0,1,2,0,2,2,1,1",
        "overOdds": "-175",
        "underOdds": "+140",
        "overUnder": "-175 / +140"
    },
    {
        "player": "Patrick Kane",
        "team": "NYR",
        "opponent": "NJ",
        "propType": "pts",
        "line": 0.5,
        "ppLine": "PP1",
        "avg": 0.82,
        "hit": false,
        "diffAvg": 0.64,
        "diffAbs": 1.0,
        "lastAvg": 1.18,
        "diff": 1.36,
        "avgMin": 19,
        "proj": 1.0,
        "lastAvgMin": 21.82,
        "oppOver": 0,
        "teamOver": 0,
        "gameLine": "-150",
        "+/-": "+3",
        "L5_+/-": "+2.0",
        "prevMatchup": "2023-04-22 1.0 pts 2023-04-20 3.0 pts 2023-04-18 1.0 pts 2023-03-30 0.0 pts 2022-12-06 0.0 pts",
        "winLossSplits": "73% - 41%",
        "awayHome": "H",
        "playedYesterday": "N",
        "awayHomeSplits": "53% - 55%",
        "savesAboveExp": 0.922,
        "gsaa": 7.07,
        "corsi": "51.4% (57.9) // 49.5% (54.5) // - // 51.4% (57.9)",
        "fenwick": "52.0% (43.7) // 50.7% (42.3) // - // 52.0% (43.7)",
        "shots": "51.8% (31.1) // 51.8% (30.7) // - // 51.8% (31.1)",
        "scoring": "51.3% (30.8) // 48.9% (29.6) // - // 51.3% (30.8)",
        "corsiAgainst": "48.6% (54.7) // 50.5% (55.5) // - // 48.6% (54.7)",
        "fenwickAgainst": "48.0% (40.2) // 49.3% (41.1) // - // 48.0% (40.2)",
        "shotsAgainst": "48.2% (28.9) // 48.2% (28.6) // - // 48.2% (28.9)",
        "scoringAgainst": "48.7% (29.2) // 51.1% (30.9) // - // 48.7% (29.2)",
        "oppCorsi": "53.7% (63.4) // 55.1% (64.9) // - // 53.7% (63.4)",
        "oppFenwick": "53.9% (46.9) // 55.2% (48.2) // - // 53.9% (46.9)",
        "oppShots": "54.9% (33.9) // 54.4% (33.3) // - // 54.9% (33.9)",
        "oppScoring": "56.3% (35.0) // 60.7% (39.4) // - // 56.3% (35.0)",
        "oppCorsiAgainst": "46.3% (54.8) // 44.9% (52.8) // - // 46.3% (54.8)",
        "oppFenwickAgainst": "46.1% (40.1) // 44.8% (39.2) // - // 46.1% (40.1)",
        "oppShotsAgainst": "45.1% (27.8) // 45.6% (28.0) // - // 45.1% (27.8)",
        "oppScoringAgainst": "43.7% (27.1) // 39.3% (25.5) // - // 43.7% (27.1)",
        "savesPerGame": 26.7,
        "savesPerGameLast1": 26.0,
        "savesPerGameLast3": 25.3,
        "savesPerGameLast5": 26.2,
        "savesPer60": 27.9,
        "savesPer60Last1": 30.8,
        "savesPer60Last3": 26.9,
        "savesPer60Last5": 27.3,
        "shotsPerGame": 31.5,
        "shotsPerGameLast5": 28.2,
        "shotsAgainstPerGame": 29.3,
        "shotsAgainstPerGameLast5": 28.0,
        "oppSavesAgainstPer60": 32.2,
        "oppSavesAgainstPer60Last1": 26.0,
        "oppSavesAgainstPer60Last3": 25.1,
        "oppSavesAgainstPer60Last5": 25.5,
        "oppShotsAgainstPerGame": 28.2,
        "oppShotsAgainstPerGameLast5": 31.6,
        "savesProj": 32.2,
        "savesProjLast5": 26.3,
        "savesProjLast3": 25.3,
        "oppSavesAgainstProj": 29.4,
        "oppSavesAgainstProjLast5": 21.4,
        "oppSavesAgainstProjLast3": 19.5,
        "totalOver": 54,
        "totalOverLast5": 80,
        "totalOverLast15": 53,
        "lastTotalOver": 68,
        "last5": "1,3,1,0,1,1,1,0,0,1",
        "overOdds": "-165",
        "underOdds": "+135",
        "overUnder": "-165 / +135"
    },
    {
        "player": "Timo Meier",
        "team": "NJ",
        "opponent": "NYR",
        "propType": "pts",
        "line": 0.5,
        "ppLine": "PP1",
        "avg": 0.81,
        "hit": false,
        "diffAvg": 0.62,
        "diffAbs": 1.0,
        "lastAvg": 0.97,
        "diff": 0.94,
        "avgMin": 19,
        "proj": 1.0,
        "lastAvgMin": 19.15,
        "oppOver": 0,
        "teamOver": 0,
        "gameLine": "+130",
        "+/-": -2,
        "L5_+/-": "+2.0",
        "prevMatchup": "2023-04-22 0.0 pts 2023-04-20 0.0 pts 2023-04-18 0.0 pts 2023-03-30 1.0 pts 2022-11-19 1.0 pts 2022-10-20 1.0 pts",
        "winLossSplits": "63% - 51%",
        "awayHome": "A",
        "playedYesterday": "N",
        "awayHomeSplits": "49% - 63%",
        "savesAboveExp": 0.388,
        "gsaa": 20.59,
        "corsi": "53.7% (63.4) // 55.1% (64.9) // - // 53.7% (63.4)",
        "fenwick": "53.9% (46.9) // 55.2% (48.2) // - // 53.9% (46.9)",
        "shots": "54.9% (33.9) // 54.4% (33.3) // - // 54.9% (33.9)",
        "scoring": "56.3% (35.0) // 60.7% (39.4) // - // 56.3% (35.0)",
        "corsiAgainst": "46.3% (54.8) // 44.9% (52.8) // - // 46.3% (54.8)",
        "fenwickAgainst": "46.1% (40.1) // 44.8% (39.2) // - // 46.1% (40.1)",
        "shotsAgainst": "45.1% (27.8) // 45.6% (28.0) // - // 45.1% (27.8)",
        "scoringAgainst": "43.7% (27.1) // 39.3% (25.5) // - // 43.7% (27.1)",
        "oppCorsi": "51.4% (57.9) // 49.5% (54.5) // - // 51.4% (57.9)",
        "oppFenwick": "52.0% (43.7) // 50.7% (42.3) // - // 52.0% (43.7)",
        "oppShots": "51.8% (31.1) // 51.8% (30.7) // - // 51.8% (31.1)",
        "oppScoring": "51.3% (30.8) // 48.9% (29.6) // - // 51.3% (30.8)",
        "oppCorsiAgainst": "48.6% (54.7) // 50.5% (55.5) // - // 48.6% (54.7)",
        "oppFenwickAgainst": "48.0% (40.2) // 49.3% (41.1) // - // 48.0% (40.2)",
        "oppShotsAgainst": "48.2% (28.9) // 48.2% (28.6) // - // 48.2% (28.9)",
        "oppScoringAgainst": "48.7% (29.2) // 51.1% (30.9) // - // 48.7% (29.2)",
        "savesPerGame": 25.5,
        "savesPerGameLast1": 35.0,
        "savesPerGameLast3": 26.0,
        "savesPerGameLast5": 28.2,
        "savesPer60": 26.6,
        "savesPer60Last1": 41.8,
        "savesPer60Last3": 27.6,
        "savesPer60Last5": 29.7,
        "shotsPerGame": 34.4,
        "shotsPerGameLast5": 28.8,
        "shotsAgainstPerGame": 28.2,
        "shotsAgainstPerGameLast5": 31.6,
        "oppSavesAgainstPer60": 29.4,
        "oppSavesAgainstPer60Last1": 35.0,
        "oppSavesAgainstPer60Last3": 25.9,
        "oppSavesAgainstPer60Last5": 25.1,
        "oppShotsAgainstPerGame": 29.3,
        "oppShotsAgainstPerGameLast5": 28.0,
        "savesProj": 26.8,
        "savesProjLast5": 26.8,
        "savesProjLast3": 25.7,
        "oppSavesAgainstProj": 26.0,
        "oppSavesAgainstProjLast5": 24.3,
        "oppSavesAgainstProjLast3": 22.9,
        "totalOver": 56,
        "totalOverLast5": 20,
        "totalOverLast15": 33,
        "lastTotalOver": 62,
        "last5": "0,0,0,0,1,0,3,1,0,2",
        "overOdds": "-135",
        "underOdds": "+105",
        "overUnder": "-135 / +105"
    },
    {
        "player": "Vincent Trocheck",
        "team": "NYR",
        "opponent": "NJ",
        "propType": "pts",
        "line": 0.5,
        "ppLine": "PP2",
        "avg": 0.75,
        "hit": false,
        "diffAvg": 0.5,
        "diffAbs": 0.2,
        "lastAvg": 0.54,
        "diff": 0.08,
        "avgMin": 19,
        "proj": 0.6,
        "lastAvgMin": 17.87,
        "oppOver": 0,
        "teamOver": 0,
        "gameLine": "-150",
        "+/-": "+5",
        "L5_+/-": 0.0,
        "prevMatchup": "2023-04-22 0.0 pts 2023-04-20 0.0 pts 2023-04-18 0.0 pts 2023-03-30 0.0 pts 2023-01-07 0.0 pts 2022-12-12 2.0 pts 2022-11-28 1.0 pts",
        "winLossSplits": "57% - 36%",
        "awayHome": "H",
        "playedYesterday": "N",
        "awayHomeSplits": "44% - 52%",
        "savesAboveExp": 0.922,
        "gsaa": 7.07,
        "corsi": "51.4% (57.9) // 49.5% (54.5) // - // 51.4% (57.9)",
        "fenwick": "52.0% (43.7) // 50.7% (42.3) // - // 52.0% (43.7)",
        "shots": "51.8% (31.1) // 51.8% (30.7) // - // 51.8% (31.1)",
        "scoring": "51.3% (30.8) // 48.9% (29.6) // - // 51.3% (30.8)",
        "corsiAgainst": "48.6% (54.7) // 50.5% (55.5) // - // 48.6% (54.7)",
        "fenwickAgainst": "48.0% (40.2) // 49.3% (41.1) // - // 48.0% (40.2)",
        "shotsAgainst": "48.2% (28.9) // 48.2% (28.6) // - // 48.2% (28.9)",
        "scoringAgainst": "48.7% (29.2) // 51.1% (30.9) // - // 48.7% (29.2)",
        "oppCorsi": "53.7% (63.4) // 55.1% (64.9) // - // 53.7% (63.4)",
        "oppFenwick": "53.9% (46.9) // 55.2% (48.2) // - // 53.9% (46.9)",
        "oppShots": "54.9% (33.9) // 54.4% (33.3) // - // 54.9% (33.9)",
        "oppScoring": "56.3% (35.0) // 60.7% (39.4) // - // 56.3% (35.0)",
        "oppCorsiAgainst": "46.3% (54.8) // 44.9% (52.8) // - // 46.3% (54.8)",
