[
    {
        "player": "Brad Marchand",
        "team": "BOS",
        "opponent": "PHI",
        "propType": "sog",
        "line": 2.5,
        "ppLine": "PP1",
        "avg": 2.53,
        "hit": false,
        "diffAvg": 0.01,
        "diffAbs": 0.16,
        "lastAvg": 3.14,
        "diff": 0.26,
        "avgMin": 18,
        "proj": 2.9,
        "lastAvgMin": 19.25,
        "oppOver": 0,
        "teamOver": 0,
        "gameLine": "-255",
        "+/-": "+25",
        "L5_+/-": "+2.0",
        "prevMatchup": "2023-01-16 1.0 sog 2022-11-17 3.0 sog",
        "winLossSplits": "37% - 62%",
        "awayHome": "A",
        "playedYesterday": "Y",
        "awayHomeSplits": "46% - 40%",
        "savesAboveExp": -0.431,
        "gsaa": -11.81,
        "corsi": "51.3% (58.0) // 50.6% (58.4) // 52.1% (59.2) // 54.6% (61.2)",
        "fenwick": "51.6% (43.8) // 50.1% (43.9) // 52.9% (45.2) // 53.6% (47.0)",
        "shots": "52.6% (32.5) // 51.9% (32.7) // 53.1% (33.1) // 54.1% (35.8)",
        "scoring": "53.0% (32.3) // 53.9% (33.5) // 52.3% (32.7) // 54.4% (30.4)",
        "corsiAgainst": "48.7% (55.0) // 49.4% (56.9) // 47.9% (54.3) // 45.4% (50.9)",
        "fenwickAgainst": "48.4% (41.1) // 49.9% (43.8) // 47.1% (40.3) // 46.4% (40.7)",
        "shotsAgainst": "47.4% (29.3) // 48.1% (30.2) // 46.9% (29.2) // 45.9% (30.4)",
        "scoringAgainst": "47.0% (28.6) // 46.1% (28.7) // 47.7% (29.8) // 45.6% (25.5)",
        "oppCorsi": "46.7% (53.7) // 47.1% (53.1) // 48.7% (55.9) // 48.4% (55.3)",
        "oppFenwick": "47.6% (40.1) // 47.6% (40.6) // 48.6% (43.0) // 51.6% (43.7)",
        "oppShots": "48.1% (28.9) // 47.0% (27.6) // 47.6% (28.5) // 50.9% (28.7)",
        "oppScoring": "44.7% (25.6) // 44.4% (26.0) // 43.0% (26.4) // 42.5% (25.3)",
        "oppCorsiAgainst": "53.3% (61.3) // 52.9% (59.6) // 51.3% (58.9) // 51.6% (59.0)",
        "oppFenwickAgainst": "52.4% (44.2) // 52.4% (44.6) // 51.4% (45.5) // 48.4% (41.0)",
        "oppShotsAgainst": "51.9% (31.1) // 53.0% (31.2) // 52.4% (31.4) // 49.1% (27.7)",
        "oppScoringAgainst": "55.3% (31.6) // 55.6% (32.6) // 57.0% (35.0) // 57.5% (34.3)",
        "savesPerGame": 27.6,
        "savesPerGameLast1": 29.0,
        "savesPerGameLast3": 31.7,
        "savesPerGameLast5": 28.2,
        "savesPer60": 27.8,
        "savesPer60Last1": 29.0,
        "savesPer60Last3": 32.9,
        "savesPer60Last5": 28.9,
        "shotsPerGame": 33.0,
        "shotsPerGameLast5": 34.0,
        "shotsAgainstPerGame": 29.7,
        "shotsAgainstPerGameLast5": 30.0,
        "oppSavesAgainstPer60": 26.2,
        "oppSavesAgainstPer60Last1": 26.9,
        "oppSavesAgainstPer60Last3": 27.6,
        "oppSavesAgainstPer60Last5": 31.0,
        "oppShotsAgainstPerGame": 31.4,
        "oppShotsAgainstPerGameLast5": 28.6,
        "savesProj": 26.9,
        "savesProjLast5": 32.2,
        "savesProjLast3": 33.1,
        "oppSavesAgainstProj": 25.5,
        "oppSavesAgainstProjLast5": 31.0,
        "oppSavesAgainstProjLast3": 31.1,
        "totalOver": 43,
        "totalOverLast5": 40,
        "totalOverLast15": 33,
        "lastTotalOver": 61,
        "last5": "5,1,2,2,3,1,3,1,2,0",
        "overOdds": "-115",
        "underOdds": "-115",
        "overUnder": "-115 / -115"
    },
    {
        "player": "David Pastrnak",
        "team": "BOS",
        "opponent": "PHI",
        "propType": "sog",
        "line": 4.5,
        "ppLine": "PP1",
        "avg": 4.89,
        "hit": false,
        "diffAvg": 0.09,
        "diffAbs": 0.11,
        "lastAvg": 3.95,
        "diff": -0.12,
        "avgMin": 19,
        "proj": 4.0,
        "lastAvgMin": 18.6,
        "oppOver": 0,
        "teamOver": 0,
        "gameLine": "-255",
        "+/-": "+32",
        "L5_+/-": "+1.0",
        "prevMatchup": "2023-01-16 4.0 sog 2022-11-17 2.0 sog",
        "winLossSplits": "60% - 65%",
        "awayHome": "A",
        "playedYesterday": "Y",
        "awayHomeSplits": "56% - 65%",
        "savesAboveExp": -0.431,
        "gsaa": -11.81,
        "corsi": "51.3% (58.0) // 50.6% (58.4) // 52.1% (59.2) // 54.6% (61.2)",
        "fenwick": "51.6% (43.8) // 50.1% (43.9) // 52.9% (45.2) // 53.6% (47.0)",
        "shots": "52.6% (32.5) // 51.9% (32.7) // 53.1% (33.1) // 54.1% (35.8)",
        "scoring": "53.0% (32.3) // 53.9% (33.5) // 52.3% (32.7) // 54.4% (30.4)",
        "corsiAgainst": "48.7% (55.0) // 49.4% (56.9) // 47.9% (54.3) // 45.4% (50.9)",
        "fenwickAgainst": "48.4% (41.1) // 49.9% (43.8) // 47.1% (40.3) // 46.4% (40.7)",
        "shotsAgainst": "47.4% (29.3) // 48.1% (30.2) // 46.9% (29.2) // 45.9% (30.4)",
        "scoringAgainst": "47.0% (28.6) // 46.1% (28.7) // 47.7% (29.8) // 45.6% (25.5)",
        "oppCorsi": "46.7% (53.7) // 47.1% (53.1) // 48.7% (55.9) // 48.4% (55.3)",
        "oppFenwick": "47.6% (40.1) // 47.6% (40.6) // 48.6% (43.0) // 51.6% (43.7)",
        "oppShots": "48.1% (28.9) // 47.0% (27.6) // 47.6% (28.5) // 50.9% (28.7)",
        "oppScoring": "44.7% (25.6) // 44.4% (26.0) // 43.0% (26.4) // 42.5% (25.3)",
        "oppCorsiAgainst": "53.3% (61.3) // 52.9% (59.6) // 51.3% (58.9) // 51.6% (59.0)",
        "oppFenwickAgainst": "52.4% (44.2) // 52.4% (44.6) // 51.4% (45.5) // 48.4% (41.0)",
        "oppShotsAgainst": "51.9% (31.1) // 53.0% (31.2) // 52.4% (31.4) // 49.1% (27.7)",
        "oppScoringAgainst": "55.3% (31.6) // 55.6% (32.6) // 57.0% (35.0) // 57.5% (34.3)",
        "savesPerGame": 27.6,
        "savesPerGameLast1": 29.0,
        "savesPerGameLast3": 31.7,
        "savesPerGameLast5": 28.2,
        "savesPer60": 27.8,
        "savesPer60Last1": 29.0,
        "savesPer60Last3": 32.9,
        "savesPer60Last5": 28.9,
        "shotsPerGame": 33.0,
        "shotsPerGameLast5": 34.0,
        "shotsAgainstPerGame": 29.7,
        "shotsAgainstPerGameLast5": 30.0,
        "oppSavesAgainstPer60": 26.2,
        "oppSavesAgainstPer60Last1": 26.9,
        "oppSavesAgainstPer60Last3": 27.6,
        "oppSavesAgainstPer60Last5": 31.0,
        "oppShotsAgainstPerGame": 31.4,
        "oppShotsAgainstPerGameLast5": 28.6,
        "savesProj": 26.9,
        "savesProjLast5": 32.2,
        "savesProjLast3": 33.1,
        "oppSavesAgainstProj": 25.5,
        "oppSavesAgainstProjLast5": 31.0,
        "oppSavesAgainstProjLast3": 31.1,
        "totalOver": 61,
        "totalOverLast5": 80,
        "totalOverLast15": 80,
        "lastTotalOver": 46,
        "last5": "7,5,3,8,5,8,7,5,5,7",
        "overOdds": "-150",
        "underOdds": "+120",
        "overUnder": "-150 / +120"
    },
    {
        "player": "Jake Debrusk",
        "team": "BOS",
        "opponent": "PHI",
        "propType": "sog",
        "line": 2.5,
        "ppLine": "PP1",
        "avg": 3.02,
        "hit": false,
        "diffAvg": 0.21,
        "diffAbs": 0.08,
        "lastAvg": 2.19,
        "diff": -0.12,
        "avgMin": 16,
        "proj": 2.3,
        "lastAvgMin": 15.03,
        "oppOver": 0,
        "teamOver": 0,
        "gameLine": "-255",
        "+/-": "+24",
        "L5_+/-": "+2.0",
        "prevMatchup": "2022-11-17 2.0 sog",
        "winLossSplits": "59% - 33%",
        "awayHome": "A",
        "playedYesterday": "Y",
        "awayHomeSplits": "59% - 50%",
        "savesAboveExp": -0.431,
        "gsaa": -11.81,
        "corsi": "51.3% (58.0) // 50.6% (58.4) // 52.1% (59.2) // 54.6% (61.2)",
        "fenwick": "51.6% (43.8) // 50.1% (43.9) // 52.9% (45.2) // 53.6% (47.0)",
        "shots": "52.6% (32.5) // 51.9% (32.7) // 53.1% (33.1) // 54.1% (35.8)",
        "scoring": "53.0% (32.3) // 53.9% (33.5) // 52.3% (32.7) // 54.4% (30.4)",
        "corsiAgainst": "48.7% (55.0) // 49.4% (56.9) // 47.9% (54.3) // 45.4% (50.9)",
        "fenwickAgainst": "48.4% (41.1) // 49.9% (43.8) // 47.1% (40.3) // 46.4% (40.7)",
        "shotsAgainst": "47.4% (29.3) // 48.1% (30.2) // 46.9% (29.2) // 45.9% (30.4)",
        "scoringAgainst": "47.0% (28.6) // 46.1% (28.7) // 47.7% (29.8) // 45.6% (25.5)",
        "oppCorsi": "46.7% (53.7) // 47.1% (53.1) // 48.7% (55.9) // 48.4% (55.3)",
        "oppFenwick": "47.6% (40.1) // 47.6% (40.6) // 48.6% (43.0) // 51.6% (43.7)",
        "oppShots": "48.1% (28.9) // 47.0% (27.6) // 47.6% (28.5) // 50.9% (28.7)",
        "oppScoring": "44.7% (25.6) // 44.4% (26.0) // 43.0% (26.4) // 42.5% (25.3)",
        "oppCorsiAgainst": "53.3% (61.3) // 52.9% (59.6) // 51.3% (58.9) // 51.6% (59.0)",
        "oppFenwickAgainst": "52.4% (44.2) // 52.4% (44.6) // 51.4% (45.5) // 48.4% (41.0)",
        "oppShotsAgainst": "51.9% (31.1) // 53.0% (31.2) // 52.4% (31.4) // 49.1% (27.7)",
        "oppScoringAgainst": "55.3% (31.6) // 55.6% (32.6) // 57.0% (35.0) // 57.5% (34.3)",
        "savesPerGame": 27.6,
        "savesPerGameLast1": 29.0,
        "savesPerGameLast3": 31.7,
        "savesPerGameLast5": 28.2,
        "savesPer60": 27.8,
        "savesPer60Last1": 29.0,
        "savesPer60Last3": 32.9,
        "savesPer60Last5": 28.9,
        "shotsPerGame": 33.0,
        "shotsPerGameLast5": 34.0,
        "shotsAgainstPerGame": 29.7,
        "shotsAgainstPerGameLast5": 30.0,
        "oppSavesAgainstPer60": 26.2,
        "oppSavesAgainstPer60Last1": 26.9,
        "oppSavesAgainstPer60Last3": 27.6,
        "oppSavesAgainstPer60Last5": 31.0,
        "oppShotsAgainstPerGame": 31.4,
        "oppShotsAgainstPerGameLast5": 28.6,
        "savesProj": 26.9,
        "savesProjLast5": 32.2,
        "savesProjLast3": 33.1,
        "oppSavesAgainstProj": 25.5,
        "oppSavesAgainstProjLast5": 31.0,
        "oppSavesAgainstProjLast3": 31.1,
        "totalOver": 54,
        "totalOverLast5": 60,
        "totalOverLast15": 60,
        "lastTotalOver": 40,
        "last5": "2,3,4,3,2,1,5,2,5,5",
        "overOdds": "-130",
        "underOdds": "+100",
        "overUnder": "-130 / +100"
    },
    {
        "player": "Kevin Hayes",
        "team": "PHI",
        "opponent": "BOS",
        "propType": "sog",
        "line": 2.5,
        "ppLine": "PP2",
        "avg": 2.6,
        "hit": false,
        "diffAvg": 0.04,
        "diffAbs": 0.0,
        "lastAvg": 2.62,
        "diff": 0.05,
        "avgMin": 17,
        "proj": 2.5,
        "lastAvgMin": 17.92,
        "oppOver": 0,
        "teamOver": 0,
        "gameLine": "+215",
        "+/-": -21,
        "L5_+/-": -4.0,
        "prevMatchup": "2023-01-16 1.0 sog 2022-11-17 4.0 sog",
        "winLossSplits": "46% - 43%",
        "awayHome": "H",
        "playedYesterday": "Y",
        "awayHomeSplits": "38% - 51%",
        "savesAboveExp": 0.19,
        "gsaa": 14.92,
        "corsi": "46.7% (53.7) // 47.1% (53.1) // 48.7% (55.9) // 48.4% (55.3)",
        "fenwick": "47.6% (40.1) // 47.6% (40.6) // 48.6% (43.0) // 51.6% (43.7)",
        "shots": "48.1% (28.9) // 47.0% (27.6) // 47.6% (28.5) // 50.9% (28.7)",
        "scoring": "44.7% (25.6) // 44.4% (26.0) // 43.0% (26.4) // 42.5% (25.3)",
        "corsiAgainst": "53.3% (61.3) // 52.9% (59.6) // 51.3% (58.9) // 51.6% (59.0)",
        "fenwickAgainst": "52.4% (44.2) // 52.4% (44.6) // 51.4% (45.5) // 48.4% (41.0)",
        "shotsAgainst": "51.9% (31.1) // 53.0% (31.2) // 52.4% (31.4) // 49.1% (27.7)",
        "scoringAgainst": "55.3% (31.6) // 55.6% (32.6) // 57.0% (35.0) // 57.5% (34.3)",
        "oppCorsi": "51.3% (58.0) // 50.6% (58.4) // 52.1% (59.2) // 54.6% (61.2)",
        "oppFenwick": "51.6% (43.8) // 50.1% (43.9) // 52.9% (45.2) // 53.6% (47.0)",
        "oppShots": "52.6% (32.5) // 51.9% (32.7) // 53.1% (33.1) // 54.1% (35.8)",
        "oppScoring": "53.0% (32.3) // 53.9% (33.5) // 52.3% (32.7) // 54.4% (30.4)",
        "oppCorsiAgainst": "48.7% (55.0) // 49.4% (56.9) // 47.9% (54.3) // 45.4% (50.9)",
        "oppFenwickAgainst": "48.4% (41.1) // 49.9% (43.8) // 47.1% (40.3) // 46.4% (40.7)",
        "oppShotsAgainst": "47.4% (29.3) // 48.1% (30.2) // 46.9% (29.2) // 45.9% (30.4)",
        "oppScoringAgainst": "47.0% (28.6) // 46.1% (28.7) // 47.7% (29.8) // 45.6% (25.5)",
        "savesPerGame": 28.1,
        "savesPerGameLast1": 17.0,
        "savesPerGameLast3": 23.7,
        "savesPerGameLast5": 24.2,
        "savesPer60": 27.5,
        "savesPer60Last1": 17.0,
        "savesPer60Last3": 23.5,
        "savesPer60Last5": 23.9,
        "shotsPerGame": 29.2,
        "shotsPerGameLast5": 32.2,
        "shotsAgainstPerGame": 31.4,
        "shotsAgainstPerGameLast5": 28.6,
        "oppSavesAgainstPer60": 29.3,
        "oppSavesAgainstPer60Last1": 38.0,
        "oppSavesAgainstPer60Last3": 33.2,
        "oppSavesAgainstPer60Last5": 31.9,
        "oppShotsAgainstPerGame": 29.7,
        "oppShotsAgainstPerGameLast5": 30.0,
        "savesProj": 29.0,
        "savesProjLast5": 27.0,
        "savesProjLast3": 27.3,
        "oppSavesAgainstProj": 28.7,
        "oppSavesAgainstProjLast5": 27.4,
        "oppSavesAgainstProjLast3": 29.1,
        "totalOver": 44,
        "totalOverLast5": 20,
        "totalOverLast15": 27,
        "lastTotalOver": 51,
        "last5": "2,2,1,2,5,0,1,2,1,3",
        "overOdds": "+110",
        "underOdds": "-140",
        "overUnder": "+110 / -140"
    },
    {
        "player": "Morgan Frost",
        "team": "PHI",
        "opponent": "BOS",
        "propType": "sog",
        "line": 1.5,
        "ppLine": "PP1",
        "avg": 1.83,
        "hit": false,
        "diffAvg": 0.22,
        "diffAbs": 0.2,
        "lastAvg": 1.55,
        "diff": 0.03,
        "avgMin": 16,
        "proj": 1.8,
        "lastAvgMin": 13.92,
        "oppOver": 0,
        "teamOver": 0,
        "gameLine": "+215",
        "+/-": -14,
        "L5_+/-": "+1.0",
        "prevMatchup": "2023-01-16 1.0 sog 2022-11-17 4.0 sog",
        "winLossSplits": "54% - 55%",
        "awayHome": "H",
        "playedYesterday": "Y",
        "awayHomeSplits": "49% - 61%",
        "savesAboveExp": 0.19,
        "gsaa": 14.92,
        "corsi": "46.7% (53.7) // 47.1% (53.1) // 48.7% (55.9) // 48.4% (55.3)",
        "fenwick": "47.6% (40.1) // 47.6% (40.6) // 48.6% (43.0) // 51.6% (43.7)",
        "shots": "48.1% (28.9) // 47.0% (27.6) // 47.6% (28.5) // 50.9% (28.7)",
        "scoring": "44.7% (25.6) // 44.4% (26.0) // 43.0% (26.4) // 42.5% (25.3)",
        "corsiAgainst": "53.3% (61.3) // 52.9% (59.6) // 51.3% (58.9) // 51.6% (59.0)",
        "fenwickAgainst": "52.4% (44.2) // 52.4% (44.6) // 51.4% (45.5) // 48.4% (41.0)",
        "shotsAgainst": "51.9% (31.1) // 53.0% (31.2) // 52.4% (31.4) // 49.1% (27.7)",
        "scoringAgainst": "55.3% (31.6) // 55.6% (32.6) // 57.0% (35.0) // 57.5% (34.3)",
        "oppCorsi": "51.3% (58.0) // 50.6% (58.4) // 52.1% (59.2) // 54.6% (61.2)",
        "oppFenwick": "51.6% (43.8) // 50.1% (43.9) // 52.9% (45.2) // 53.6% (47.0)",
        "oppShots": "52.6% (32.5) // 51.9% (32.7) // 53.1% (33.1) // 54.1% (35.8)",
        "oppScoring": "53.0% (32.3) // 53.9% (33.5) // 52.3% (32.7) // 54.4% (30.4)",
        "oppCorsiAgainst": "48.7% (55.0) // 49.4% (56.9) // 47.9% (54.3) // 45.4% (50.9)",
        "oppFenwickAgainst": "48.4% (41.1) // 49.9% (43.8) // 47.1% (40.3) // 46.4% (40.7)",
        "oppShotsAgainst": "47.4% (29.3) // 48.1% (30.2) // 46.9% (29.2) // 45.9% (30.4)",
        "oppScoringAgainst": "47.0% (28.6) // 46.1% (28.7) // 47.7% (29.8) // 45.6% (25.5)",
        "savesPerGame": 28.1,
        "savesPerGameLast1": 17.0,
        "savesPerGameLast3": 23.7,
        "savesPerGameLast5": 24.2,
        "savesPer60": 27.5,
        "savesPer60Last1": 17.0,
        "savesPer60Last3": 23.5,
        "savesPer60Last5": 23.9,
        "shotsPerGame": 29.2,
        "shotsPerGameLast5": 32.2,
        "shotsAgainstPerGame": 31.4,
        "shotsAgainstPerGameLast5": 28.6,
        "oppSavesAgainstPer60": 29.3,
        "oppSavesAgainstPer60Last1": 38.0,
        "oppSavesAgainstPer60Last3": 33.2,
        "oppSavesAgainstPer60Last5": 31.9,
        "oppShotsAgainstPerGame": 29.7,
        "oppShotsAgainstPerGameLast5": 30.0,
        "savesProj": 29.0,
        "savesProjLast5": 27.0,
        "savesProjLast3": 27.3,
        "oppSavesAgainstProj": 28.7,
        "oppSavesAgainstProjLast5": 27.4,
        "oppSavesAgainstProjLast3": 29.1,
        "totalOver": 55,
        "totalOverLast5": 40,
        "totalOverLast15": 40,
        "lastTotalOver": 49,
        "last5": "2,1,1,1,5,1,1,2,2,4",
        "overOdds": "-190",
        "underOdds": "+155",
        "overUnder": "-190 / +155"
    },
    {
        "player": "Owen Tippett",
        "team": "PHI",
        "opponent": "BOS",
        "propType": "sog",
        "line": 3.5,
        "ppLine": "PP1",
        "avg": 2.97,
        "hit": false,
        "diffAvg": -0.15,
        "diffAbs": 0.29,
        "lastAvg": 2.0,
        "diff": -0.43,
        "avgMin": 17,
        "proj": 2.5,
        "lastAvgMin": 13.42,
        "oppOver": 0,
        "teamOver": 0,
        "gameLine": "+215",
        "+/-": -14,
        "L5_+/-": "+1.0",
        "prevMatchup": "2023-01-16 6.0 sog 2022-11-17 2.0 sog",
        "winLossSplits": "20% - 31%",
        "awayHome": "H",
        "playedYesterday": "Y",
        "awayHomeSplits": "32% - 22%",
        "savesAboveExp": 0.19,
        "gsaa": 14.92,
        "corsi": "46.7% (53.7) // 47.1% (53.1) // 48.7% (55.9) // 48.4% (55.3)",
        "fenwick": "47.6% (40.1) // 47.6% (40.6) // 48.6% (43.0) // 51.6% (43.7)",
        "shots": "48.1% (28.9) // 47.0% (27.6) // 47.6% (28.5) // 50.9% (28.7)",
        "scoring": "44.7% (25.6) // 44.4% (26.0) // 43.0% (26.4) // 42.5% (25.3)",
        "corsiAgainst": "53.3% (61.3) // 52.9% (59.6) // 51.3% (58.9) // 51.6% (59.0)",
        "fenwickAgainst": "52.4% (44.2) // 52.4% (44.6) // 51.4% (45.5) // 48.4% (41.0)",
        "shotsAgainst": "51.9% (31.1) // 53.0% (31.2) // 52.4% (31.4) // 49.1% (27.7)",
        "scoringAgainst": "55.3% (31.6) // 55.6% (32.6) // 57.0% (35.0) // 57.5% (34.3)",
        "oppCorsi": "51.3% (58.0) // 50.6% (58.4) // 52.1% (59.2) // 54.6% (61.2)",
        "oppFenwick": "51.6% (43.8) // 50.1% (43.9) // 52.9% (45.2) // 53.6% (47.0)",
        "oppShots": "52.6% (32.5) // 51.9% (32.7) // 53.1% (33.1) // 54.1% (35.8)",
        "oppScoring": "53.0% (32.3) // 53.9% (33.5) // 52.3% (32.7) // 54.4% (30.4)",
        "oppCorsiAgainst": "48.7% (55.0) // 49.4% (56.9) // 47.9% (54.3) // 45.4% (50.9)",
        "oppFenwickAgainst": "48.4% (41.1) // 49.9% (43.8) // 47.1% (40.3) // 46.4% (40.7)",
        "oppShotsAgainst": "47.4% (29.3) // 48.1% (30.2) // 46.9% (29.2) // 45.9% (30.4)",
        "oppScoringAgainst": "47.0% (28.6) // 46.1% (28.7) // 47.7% (29.8) // 45.6% (25.5)",
        "savesPerGame": 28.1,
        "savesPerGameLast1": 17.0,
        "savesPerGameLast3": 23.7,
        "savesPerGameLast5": 24.2,
        "savesPer60": 27.5,
        "savesPer60Last1": 17.0,
        "savesPer60Last3": 23.5,
        "savesPer60Last5": 23.9,
        "shotsPerGame": 29.2,
        "shotsPerGameLast5": 32.2,
        "shotsAgainstPerGame": 31.4,
        "shotsAgainstPerGameLast5": 28.6,
        "oppSavesAgainstPer60": 29.3,
        "oppSavesAgainstPer60Last1": 38.0,
        "oppSavesAgainstPer60Last3": 33.2,
        "oppSavesAgainstPer60Last5": 31.9,
        "oppShotsAgainstPerGame": 29.7,
        "oppShotsAgainstPerGameLast5": 30.0,
        "savesProj": 29.0,
        "savesProjLast5": 27.0,
        "savesProjLast3": 27.3,
        "oppSavesAgainstProj": 28.7,
        "oppSavesAgainstProjLast5": 27.4,
        "oppSavesAgainstProjLast3": 29.1,
        "totalOver": 27,
        "totalOverLast5": 40,
        "totalOverLast15": 27,
        "lastTotalOver": 21,
        "last5": "4,3,3,8,3,1,1,3,2,3",
        "overOdds": "+110",
        "underOdds": "-140",
        "overUnder": "+110 / -140"
    },
    {
        "player": "Patrice Bergeron",
        "team": "BOS",
        "opponent": "PHI",
        "propType": "sog",
        "line": 3.5,
        "ppLine": "PP1",
        "avg": 3.21,
        "hit": false,
        "diffAvg": -0.08,
        "diffAbs": 0.03,
        "lastAvg": 3.62,
        "diff": 0.03,
        "avgMin": 17,
        "proj": 3.4,
        "lastAvgMin": 18.17,
        "oppOver": 0,
        "teamOver": 0,
        "gameLine": "-255",
        "+/-": "+33",
        "L5_+/-": "+7.0",
        "prevMatchup": "2023-01-16 1.0 sog 2022-11-17 1.0 sog",
        "winLossSplits": "37% - 59%",
        "awayHome": "A",
        "playedYesterday": "Y",
        "awayHomeSplits": "47% - 38%",
        "savesAboveExp": -0.431,
        "gsaa": -11.81,
        "corsi": "51.3% (58.0) // 50.6% (58.4) // 52.1% (59.2) // 54.6% (61.2)",
        "fenwick": "51.6% (43.8) // 50.1% (43.9) // 52.9% (45.2) // 53.6% (47.0)",
        "shots": "52.6% (32.5) // 51.9% (32.7) // 53.1% (33.1) // 54.1% (35.8)",
        "scoring": "53.0% (32.3) // 53.9% (33.5) // 52.3% (32.7) // 54.4% (30.4)",
        "corsiAgainst": "48.7% (55.0) // 49.4% (56.9) // 47.9% (54.3) // 45.4% (50.9)",
        "fenwickAgainst": "48.4% (41.1) // 49.9% (43.8) // 47.1% (40.3) // 46.4% (40.7)",
        "shotsAgainst": "47.4% (29.3) // 48.1% (30.2) // 46.9% (29.2) // 45.9% (30.4)",
        "scoringAgainst": "47.0% (28.6) // 46.1% (28.7) // 47.7% (29.8) // 45.6% (25.5)",
        "oppCorsi": "46.7% (53.7) // 47.1% (53.1) // 48.7% (55.9) // 48.4% (55.3)",
        "oppFenwick": "47.6% (40.1) // 47.6% (40.6) // 48.6% (43.0) // 51.6% (43.7)",
        "oppShots": "48.1% (28.9) // 47.0% (27.6) // 47.6% (28.5) // 50.9% (28.7)",
        "oppScoring": "44.7% (25.6) // 44.4% (26.0) // 43.0% (26.4) // 42.5% (25.3)",
        "oppCorsiAgainst": "53.3% (61.3) // 52.9% (59.6) // 51.3% (58.9) // 51.6% (59.0)",
        "oppFenwickAgainst": "52.4% (44.2) // 52.4% (44.6) // 51.4% (45.5) // 48.4% (41.0)",
        "oppShotsAgainst": "51.9% (31.1) // 53.0% (31.2) // 52.4% (31.4) // 49.1% (27.7)",
        "oppScoringAgainst": "55.3% (31.6) // 55.6% (32.6) // 57.0% (35.0) // 57.5% (34.3)",
        "savesPerGame": 27.6,
        "savesPerGameLast1": 29.0,
        "savesPerGameLast3": 31.7,
        "savesPerGameLast5": 28.2,
        "savesPer60": 27.8,
        "savesPer60Last1": 29.0,
        "savesPer60Last3": 32.9,
        "savesPer60Last5": 28.9,
        "shotsPerGame": 33.0,
        "shotsPerGameLast5": 34.0,
        "shotsAgainstPerGame": 29.7,
        "shotsAgainstPerGameLast5": 30.0,
        "oppSavesAgainstPer60": 26.2,
        "oppSavesAgainstPer60Last1": 26.9,
        "oppSavesAgainstPer60Last3": 27.6,
        "oppSavesAgainstPer60Last5": 31.0,
        "oppShotsAgainstPerGame": 31.4,
        "oppShotsAgainstPerGameLast5": 28.6,
        "savesProj": 26.9,
        "savesProjLast5": 32.2,
        "savesProjLast3": 33.1,
        "oppSavesAgainstProj": 25.5,
        "oppSavesAgainstProjLast5": 31.0,
        "oppSavesAgainstProjLast3": 31.1,
        "totalOver": 42,
        "totalOverLast5": 40,
        "totalOverLast15": 40,
        "lastTotalOver": 56,
        "last5": "2,2,5,4,3,0,2,4,2,2",
        "overOdds": "+110",
        "underOdds": "-140",
        "overUnder": "+110 / -140"
    },
    {
        "player": "Travis Konecny",
        "team": "PHI",
        "opponent": "BOS",
        "propType": "sog",
        "line": 2.5,
        "ppLine": "PP1",
        "avg": 3.16,
        "hit": false,
        "diffAvg": 0.26,
        "diffAbs": 0.28,
        "lastAvg": 2.78,
        "diff": 0.11,
        "avgMin": 20,
        "proj": 3.2,
        "lastAvgMin": 17.6,
        "oppOver": 0,
        "teamOver": 0,
        "gameLine": "+215",
        "+/-": -14,
        "L5_+/-": -6.0,
        "prevMatchup": "2023-01-16 2.0 sog 2022-11-17 1.0 sog",
        "winLossSplits": "64% - 63%",
        "awayHome": "H",
        "playedYesterday": "Y",
        "awayHomeSplits": "65% - 62%",
        "savesAboveExp": 0.19,
        "gsaa": 14.92,
        "corsi": "46.7% (53.7) // 47.1% (53.1) // 48.7% (55.9) // 48.4% (55.3)",
        "fenwick": "47.6% (40.1) // 47.6% (40.6) // 48.6% (43.0) // 51.6% (43.7)",
        "shots": "48.1% (28.9) // 47.0% (27.6) // 47.6% (28.5) // 50.9% (28.7)",
        "scoring": "44.7% (25.6) // 44.4% (26.0) // 43.0% (26.4) // 42.5% (25.3)",
        "corsiAgainst": "53.3% (61.3) // 52.9% (59.6) // 51.3% (58.9) // 51.6% (59.0)",
        "fenwickAgainst": "52.4% (44.2) // 52.4% (44.6) // 51.4% (45.5) // 48.4% (41.0)",
        "shotsAgainst": "51.9% (31.1) // 53.0% (31.2) // 52.4% (31.4) // 49.1% (27.7)",
        "scoringAgainst": "55.3% (31.6) // 55.6% (32.6) // 57.0% (35.0) // 57.5% (34.3)",
        "oppCorsi": "51.3% (58.0) // 50.6% (58.4) // 52.1% (59.2) // 54.6% (61.2)",
        "oppFenwick": "51.6% (43.8) // 50.1% (43.9) // 52.9% (45.2) // 53.6% (47.0)",
        "oppShots": "52.6% (32.5) // 51.9% (32.7) // 53.1% (33.1) // 54.1% (35.8)",
        "oppScoring": "53.0% (32.3) // 53.9% (33.5) // 52.3% (32.7) // 54.4% (30.4)",
        "oppCorsiAgainst": "48.7% (55.0) // 49.4% (56.9) // 47.9% (54.3) // 45.4% (50.9)",
        "oppFenwickAgainst": "48.4% (41.1) // 49.9% (43.8) // 47.1% (40.3) // 46.4% (40.7)",
        "oppShotsAgainst": "47.4% (29.3) // 48.1% (30.2) // 46.9% (29.2) // 45.9% (30.4)",
        "oppScoringAgainst": "47.0% (28.6) // 46.1% (28.7) // 47.7% (29.8) // 45.6% (25.5)",
        "savesPerGame": 28.1,
        "savesPerGameLast1": 17.0,
        "savesPerGameLast3": 23.7,
        "savesPerGameLast5": 24.2,
        "savesPer60": 27.5,
        "savesPer60Last1": 17.0,
        "savesPer60Last3": 23.5,
        "savesPer60Last5": 23.9,
        "shotsPerGame": 29.2,
        "shotsPerGameLast5": 32.2,
        "shotsAgainstPerGame": 31.4,
        "shotsAgainstPerGameLast5": 28.6,
        "oppSavesAgainstPer60": 29.3,
        "oppSavesAgainstPer60Last1": 38.0,
        "oppSavesAgainstPer60Last3": 33.2,
        "oppSavesAgainstPer60Last5": 31.9,
        "oppShotsAgainstPerGame": 29.7,
        "oppShotsAgainstPerGameLast5": 30.0,
        "savesProj": 29.0,
        "savesProjLast5": 27.0,
        "savesProjLast3": 27.3,
        "oppSavesAgainstProj": 28.7,
        "oppSavesAgainstProjLast5": 27.4,
        "oppSavesAgainstProjLast3": 29.1,
        "totalOver": 63,
        "totalOverLast5": 40,
        "totalOverLast15": 47,
        "lastTotalOver": 60,
        "last5": "0,2,1,5,5,2,7,3,0,2",
        "overOdds": "-160",
        "underOdds": "+130",
        "overUnder": "-160 / +130"
    },
    {
        "player": "Adam Henrique",
        "team": "ANA",
        "opponent": "COL",
        "propType": "sog",
        "line": 1.5,
        "ppLine": "PP1",
        "avg": 2.14,
        "hit": false,
        "diffAvg": 0.43,
        "diffAbs": 0.67,
        "lastAvg": 2.43,
        "diff": 0.62,
        "avgMin": 18,
        "proj": 2.5,
        "lastAvgMin": 17.42,
        "oppOver": 0,
        "teamOver": 0,
        "gameLine": "+250",
        "+/-": -9,
        "L5_+/-": -8.0,
        "prevMatchup": "2023-01-26 3.0 sog",
        "winLossSplits": "65% - 50%",
        "awayHome": "H",
        "playedYesterday": "Y",
        "awayHomeSplits": "67% - 38%",
        "savesAboveExp": -0.066,
        "gsaa": 7.03,
        "corsi": "43.4% (51.2) // 40.9% (45.9) // 39.9% (44.8) // 46.9% (50.8)",
        "fenwick": "42.3% (38.5) // 39.3% (34.9) // 38.3% (33.6) // 44.5% (37.3)",
        "shots": "42.1% (28.0) // 38.6% (24.5) // 40.5% (26.4) // 44.2% (27.6)",
        "scoring": "41.2% (25.4) // 37.8% (20.9) // 37.0% (21.1) // 44.5% (25.6)",
        "corsiAgainst": "56.6% (66.9) // 59.1% (66.4) // 60.1% (67.5) // 53.1% (57.6)",
        "fenwickAgainst": "57.7% (52.5) // 60.7% (53.8) // 61.7% (54.1) // 55.5% (46.5)",
        "shotsAgainst": "57.9% (38.6) // 61.4% (39.0) // 59.5% (38.9) // 55.8% (34.8)",
        "scoringAgainst": "58.8% (36.2) // 62.2% (34.3) // 63.0% (35.9) // 55.5% (31.9)",
        "oppCorsi": "52.3% (60.1) // 53.6% (62.7) // 49.6% (56.7) // 49.2% (58.3)",
        "oppFenwick": "51.6% (44.0) // 52.8% (45.5) // 48.8% (40.5) // 48.3% (40.9)",
        "oppShots": "51.6% (32.8) // 53.0% (33.5) // 51.0% (31.6) // 50.3% (31.4)",
        "oppScoring": "53.1% (30.2) // 54.1% (32.7) // 45.2% (28.9) // 44.7% (30.5)",
        "oppCorsiAgainst": "47.7% (54.7) // 46.4% (54.3) // 50.4% (57.7) // 50.8% (60.3)",
        "oppFenwickAgainst": "48.4% (41.3) // 47.2% (40.6) // 51.2% (42.4) // 51.7% (43.9)",
        "oppShotsAgainst": "48.4% (30.8) // 47.0% (29.8) // 49.0% (30.3) // 49.7% (31.1)",
        "oppScoringAgainst": "46.9% (26.6) // 45.9% (27.7) // 54.8% (35.0) // 55.3% (37.7)",
        "savesPerGame": 35.0,
        "savesPerGameLast1": 34.0,
        "savesPerGameLast3": 33.3,
        "savesPerGameLast5": 34.8,
        "savesPer60": 35.2,
        "savesPer60Last1": 36.3,
        "savesPer60Last3": 33.8,
        "savesPer60Last5": 35.1,
        "shotsPerGame": 28.4,
        "shotsPerGameLast5": 26.8,
        "shotsAgainstPerGame": 39.1,
        "shotsAgainstPerGameLast5": 39.4,
        "oppSavesAgainstPer60": 30.1,
        "oppSavesAgainstPer60Last1": 19.0,
        "oppSavesAgainstPer60Last3": 28.1,
        "oppSavesAgainstPer60Last5": 30.8,
        "oppShotsAgainstPerGame": 31.2,
        "oppShotsAgainstPerGameLast5": 30.4,
        "savesProj": 37.0,
        "savesProjLast5": 37.2,
        "savesProjLast3": 32.4,
        "oppSavesAgainstProj": 37.5,
        "oppSavesAgainstProjLast5": 38.2,
        "oppSavesAgainstProjLast3": 33.5,
        "totalOver": 54,
        "totalOverLast5": 80,
        "totalOverLast15": 67,
        "lastTotalOver": 62,
        "last5": "4,0,4,5,2,1,5,1,0,4",
        "overOdds": "-180",
        "underOdds": "+145",
        "overUnder": "-180 / +145"
    },
    {
        "player": "Devon Toews",
        "team": "COL",
        "opponent": "ANA",
        "propType": "sog",
        "line": 1.5,
        "ppLine": "PP1",
        "avg": 2.01,
        "hit": false,
        "diffAvg": 0.34,
        "diffAbs": 0.2,
        "lastAvg": 1.84,
        "diff": 0.23,
        "avgMin": 25,
        "proj": 1.8,
        "lastAvgMin": 25.37,
        "oppOver": 0,
        "teamOver": 0,
        "gameLine": "-300",
        "+/-": "+40",
        "L5_+/-": "+12.0",
        "prevMatchup": "2023-03-27 2.0 sog 2023-01-26 5.0 sog",
        "winLossSplits": "60% - 59%",
        "awayHome": "A",
        "playedYesterday": "Y",
        "awayHomeSplits": "53% - 66%",
        "savesAboveExp": 0.155,
        "gsaa": -1.81,
        "corsi": "52.3% (60.1) // 53.6% (62.7) // 49.6% (56.7) // 49.2% (58.3)",
        "fenwick": "51.6% (44.0) // 52.8% (45.5) // 48.8% (40.5) // 48.3% (40.9)",
        "shots": "51.6% (32.8) // 53.0% (33.5) // 51.0% (31.6) // 50.3% (31.4)",
        "scoring": "53.1% (30.2) // 54.1% (32.7) // 45.2% (28.9) // 44.7% (30.5)",
        "corsiAgainst": "47.7% (54.7) // 46.4% (54.3) // 50.4% (57.7) // 50.8% (60.3)",
        "fenwickAgainst": "48.4% (41.3) // 47.2% (40.6) // 51.2% (42.4) // 51.7% (43.9)",
        "shotsAgainst": "48.4% (30.8) // 47.0% (29.8) // 49.0% (30.3) // 49.7% (31.1)",
        "scoringAgainst": "46.9% (26.6) // 45.9% (27.7) // 54.8% (35.0) // 55.3% (37.7)",
        "oppCorsi": "43.4% (51.2) // 40.9% (45.9) // 39.9% (44.8) // 46.9% (50.8)",
        "oppFenwick": "42.3% (38.5) // 39.3% (34.9) // 38.3% (33.6) // 44.5% (37.3)",
        "oppShots": "42.1% (28.0) // 38.6% (24.5) // 40.5% (26.4) // 44.2% (27.6)",
        "oppScoring": "41.2% (25.4) // 37.8% (20.9) // 37.0% (21.1) // 44.5% (25.6)",
        "oppCorsiAgainst": "56.6% (66.9) // 59.1% (66.4) // 60.1% (67.5) // 53.1% (57.6)",
        "oppFenwickAgainst": "57.7% (52.5) // 60.7% (53.8) // 61.7% (54.1) // 55.5% (46.5)",
        "oppShotsAgainst": "57.9% (38.6) // 61.4% (39.0) // 59.5% (38.9) // 55.8% (34.8)",
        "oppScoringAgainst": "58.8% (36.2) // 62.2% (34.3) // 63.0% (35.9) // 55.5% (31.9)",
        "savesPerGame": 28.5,
        "savesPerGameLast1": 38.0,
        "savesPerGameLast3": 29.0,
        "savesPerGameLast5": 27.6,
        "savesPer60": 28.5,
        "savesPer60Last1": 38.0,
        "savesPer60Last3": 29.5,
        "savesPer60Last5": 27.7,
        "shotsPerGame": 33.2,
        "shotsPerGameLast5": 34.4,
        "shotsAgainstPerGame": 31.2,
        "shotsAgainstPerGameLast5": 30.4,
        "oppSavesAgainstPer60": 26.1,
        "oppSavesAgainstPer60Last1": 26.3,
        "oppSavesAgainstPer60Last3": 24.1,
        "oppSavesAgainstPer60Last5": 25.7,
        "oppShotsAgainstPerGame": 39.1,
        "oppShotsAgainstPerGameLast5": 39.4,
        "savesProj": 21.0,
        "savesProjLast5": 19.5,
        "savesProjLast3": 19.6,
        "oppSavesAgainstProj": 26.6,
        "oppSavesAgainstProjLast5": 25.3,
        "oppSavesAgainstProjLast3": 25.1,
        "totalOver": 59,
        "totalOverLast5": 40,
        "totalOverLast15": 60,
        "lastTotalOver": 66,
        "last5": "2,1,0,2,1,2,2,2,3,2",
        "overOdds": "-190",
        "underOdds": "+155",
        "overUnder": "-190 / +155"
    },
    {
        "player": "Evan Rodrigues",
        "team": "COL",
        "opponent": "ANA",
        "propType": "sog",
        "line": 2.5,
        "ppLine": "PP2",
        "avg": 2.72,
        "hit": false,
        "diffAvg": 0.09,
        "diffAbs": 0.16,
        "lastAvg": 2.73,
        "diff": 0.09,
        "avgMin": 17,
        "proj": 2.9,
        "lastAvgMin": 15.83,
        "oppOver": 0,
        "teamOver": 0,
        "gameLine": "-300",
        "+/-": "+6",
        "L5_+/-": "+6.0",
        "prevMatchup": "2023-03-27 0.0 sog 2023-01-26 3.0 sog",
        "winLossSplits": "40% - 50%",
        "awayHome": "A",
        "playedYesterday": "Y",
        "awayHomeSplits": "39% - 47%",
        "savesAboveExp": 0.155,
        "gsaa": -1.81,
        "corsi": "52.3% (60.1) // 53.6% (62.7) // 49.6% (56.7) // 49.2% (58.3)",
        "fenwick": "51.6% (44.0) // 52.8% (45.5) // 48.8% (40.5) // 48.3% (40.9)",
        "shots": "51.6% (32.8) // 53.0% (33.5) // 51.0% (31.6) // 50.3% (31.4)",
        "scoring": "53.1% (30.2) // 54.1% (32.7) // 45.2% (28.9) // 44.7% (30.5)",
        "corsiAgainst": "47.7% (54.7) // 46.4% (54.3) // 50.4% (57.7) // 50.8% (60.3)",
        "fenwickAgainst": "48.4% (41.3) // 47.2% (40.6) // 51.2% (42.4) // 51.7% (43.9)",
        "shotsAgainst": "48.4% (30.8) // 47.0% (29.8) // 49.0% (30.3) // 49.7% (31.1)",
        "scoringAgainst": "46.9% (26.6) // 45.9% (27.7) // 54.8% (35.0) // 55.3% (37.7)",
        "oppCorsi": "43.4% (51.2) // 40.9% (45.9) // 39.9% (44.8) // 46.9% (50.8)",
        "oppFenwick": "42.3% (38.5) // 39.3% (34.9) // 38.3% (33.6) // 44.5% (37.3)",
        "oppShots": "42.1% (28.0) // 38.6% (24.5) // 40.5% (26.4) // 44.2% (27.6)",
        "oppScoring": "41.2% (25.4) // 37.8% (20.9) // 37.0% (21.1) // 44.5% (25.6)",
        "oppCorsiAgainst": "56.6% (66.9) // 59.1% (66.4) // 60.1% (67.5) // 53.1% (57.6)",
        "oppFenwickAgainst": "57.7% (52.5) // 60.7% (53.8) // 61.7% (54.1) // 55.5% (46.5)",
        "oppShotsAgainst": "57.9% (38.6) // 61.4% (39.0) // 59.5% (38.9) // 55.8% (34.8)",
        "oppScoringAgainst": "58.8% (36.2) // 62.2% (34.3) // 63.0% (35.9) // 55.5% (31.9)",
        "savesPerGame": 28.5,
        "savesPerGameLast1": 38.0,
        "savesPerGameLast3": 29.0,
        "savesPerGameLast5": 27.6,
        "savesPer60": 28.5,
        "savesPer60Last1": 38.0,
        "savesPer60Last3": 29.5,
        "savesPer60Last5": 27.7,
        "shotsPerGame": 33.2,
        "shotsPerGameLast5": 34.4,
        "shotsAgainstPerGame": 31.2,
        "shotsAgainstPerGameLast5": 30.4,
        "oppSavesAgainstPer60": 26.1,
        "oppSavesAgainstPer60Last1": 26.3,
        "oppSavesAgainstPer60Last3": 24.1,
        "oppSavesAgainstPer60Last5": 25.7,
        "oppShotsAgainstPerGame": 39.1,
        "oppShotsAgainstPerGameLast5": 39.4,
        "savesProj": 21.0,
        "savesProjLast5": 19.5,
        "savesProjLast3": 19.6,
        "oppSavesAgainstProj": 26.6,
        "oppSavesAgainstProjLast5": 25.3,
        "oppSavesAgainstProjLast3": 25.1,
        "totalOver": 43,
        "totalOverLast5": 20,
        "totalOverLast15": 20,
        "lastTotalOver": 60,
        "last5": "1,0,3,1,2,0,2,1,1,4",
        "overOdds": "-130",
        "underOdds": "+100",
        "overUnder": "-130 / +100"
    },
    {
        "player": "Frank Vatrano",
        "team": "ANA",
        "opponent": "COL",
        "propType": "sog",
        "line": 2.5,
        "ppLine": "PP2",
        "avg": 2.83,
        "hit": false,
        "diffAvg": 0.13,
        "diffAbs": 0.12,
        "lastAvg": 1.77,
        "diff": -0.29,
        "avgMin": 16,
        "proj": 2.2,
        "lastAvgMin": 13.15,
        "oppOver": 0,
        "teamOver": 0,
        "gameLine": "+250",
        "+/-": -28,
        "L5_+/-": -2.0,
        "prevMatchup": "2023-03-27 1.0 sog 2023-01-26 8.0 sog",
        "winLossSplits": "57% - 53%",
        "awayHome": "H",
        "playedYesterday": "Y",
        "awayHomeSplits": "54% - 54%",
        "savesAboveExp": -0.066,
        "gsaa": 7.03,
        "corsi": "43.4% (51.2) // 40.9% (45.9) // 39.9% (44.8) // 46.9% (50.8)",
        "fenwick": "42.3% (38.5) // 39.3% (34.9) // 38.3% (33.6) // 44.5% (37.3)",
        "shots": "42.1% (28.0) // 38.6% (24.5) // 40.5% (26.4) // 44.2% (27.6)",
        "scoring": "41.2% (25.4) // 37.8% (20.9) // 37.0% (21.1) // 44.5% (25.6)",
        "corsiAgainst": "56.6% (66.9) // 59.1% (66.4) // 60.1% (67.5) // 53.1% (57.6)",
        "fenwickAgainst": "57.7% (52.5) // 60.7% (53.8) // 61.7% (54.1) // 55.5% (46.5)",
        "shotsAgainst": "57.9% (38.6) // 61.4% (39.0) // 59.5% (38.9) // 55.8% (34.8)",
        "scoringAgainst": "58.8% (36.2) // 62.2% (34.3) // 63.0% (35.9) // 55.5% (31.9)",
        "oppCorsi": "52.3% (60.1) // 53.6% (62.7) // 49.6% (56.7) // 49.2% (58.3)",
        "oppFenwick": "51.6% (44.0) // 52.8% (45.5) // 48.8% (40.5) // 48.3% (40.9)",
        "oppShots": "51.6% (32.8) // 53.0% (33.5) // 51.0% (31.6) // 50.3% (31.4)",
        "oppScoring": "53.1% (30.2) // 54.1% (32.7) // 45.2% (28.9) // 44.7% (30.5)",
        "oppCorsiAgainst": "47.7% (54.7) // 46.4% (54.3) // 50.4% (57.7) // 50.8% (60.3)",
        "oppFenwickAgainst": "48.4% (41.3) // 47.2% (40.6) // 51.2% (42.4) // 51.7% (43.9)",
        "oppShotsAgainst": "48.4% (30.8) // 47.0% (29.8) // 49.0% (30.3) // 49.7% (31.1)",
        "oppScoringAgainst": "46.9% (26.6) // 45.9% (27.7) // 54.8% (35.0) // 55.3% (37.7)",
        "savesPerGame": 35.0,
        "savesPerGameLast1": 34.0,
        "savesPerGameLast3": 33.3,
        "savesPerGameLast5": 34.8,
        "savesPer60": 35.2,
        "savesPer60Last1": 36.3,
        "savesPer60Last3": 33.8,
        "savesPer60Last5": 35.1,
        "shotsPerGame": 28.4,
        "shotsPerGameLast5": 26.8,
        "shotsAgainstPerGame": 39.1,
        "shotsAgainstPerGameLast5": 39.4,
        "oppSavesAgainstPer60": 30.1,
        "oppSavesAgainstPer60Last1": 19.0,
        "oppSavesAgainstPer60Last3": 28.1,
        "oppSavesAgainstPer60Last5": 30.8,
        "oppShotsAgainstPerGame": 31.2,
        "oppShotsAgainstPerGameLast5": 30.4,
        "savesProj": 37.0,
        "savesProjLast5": 37.2,
        "savesProjLast3": 32.4,
        "oppSavesAgainstProj": 37.5,
        "oppSavesAgainstProjLast5": 38.2,
        "oppSavesAgainstProjLast3": 33.5,
        "totalOver": 54,
        "totalOverLast5": 100,
        "totalOverLast15": 60,
        "lastTotalOver": 49,
        "last5": "3,3,3,6,4,1,3,4,2,4",
        "overOdds": "-135",
        "underOdds": "+105",
        "overUnder": "-135 / +105"
    },
    {
        "player": "Jt Compher",
        "team": "COL",
        "opponent": "ANA",
        "propType": "sog",
        "line": 1.5,
        "ppLine": "PP1",
        "avg": 1.9,
        "hit": false,
        "diffAvg": 0.27,
        "diffAbs": 0.07,
        "lastAvg": 1.13,
        "diff": -0.25,
        "avgMin": 20,
        "proj": 1.4,
        "lastAvgMin": 16.32,
        "oppOver": 0,
        "teamOver": 0,
        "gameLine": "-300",
        "+/-": "+10",
        "L5_+/-": "+2.0",
        "prevMatchup": "2023-03-27 1.0 sog 2023-01-26 2.0 sog",
        "winLossSplits": "48% - 67%",
        "awayHome": "A",
        "playedYesterday": "Y",
        "awayHomeSplits": "49% - 62%",
        "savesAboveExp": 0.155,
        "gsaa": -1.81,
        "corsi": "52.3% (60.1) // 53.6% (62.7) // 49.6% (56.7) // 49.2% (58.3)",
