[
    {
        "player": "Adin Hill",
        "team": "VGK",
        "opponent": "DAL",
        "propType": "sv",
        "line": 27.5,
        "ppLine": "",
        "avg": 25.37,
        "hit": false,
        "diffAvg": -0.08,
        "diffAbs": 0.16,
        "lastAvg": 23.48,
        "diff": -0.15,
        "avgMin": 54,
        "proj": 23.0,
        "lastAvgMin": 55.03,
        "oppOver": 53,
        "teamOver": 48,
        "gameLine": "-145",
        "+/-": 0,
        "L5_+/-": 0,
        "prevMatchup": "2023-01-16 dal @ vgk 32.0 sv 2023-02-25 dal @ vgk 41.0 sv 2023-04-08 vgk @ dal 24.0 sv 2023-05-19 dal @ vgk 33.0 sv 2023-05-21 dal @ vgk 26.0 sv 2023-05-23 vgk @ dal 34.0 sv",
        "winLossSplits": "43% - 33%",
        "awayHome": "H",
        "playedYesterday": "N",
        "awayHomeSplits": "56% - 26%",
        "savesAboveExp": -0.478,
        "gsaa": 8.04,
        "corsi": "48.6% (57.5) // 48.0% (56.0) // 48.6% (57.5) // 48.6% (57.5)",
        "fenwick": "49.7% (42.3) // 48.8% (40.5) // 49.7% (42.3) // 49.7% (42.3)",
        "shots": "50.5% (31.1) // 50.2% (28.8) // 50.5% (31.1) // 50.5% (31.1)",
        "scoring": "49.5% (29.2) // 49.0% (28.7) // 49.5% (29.2) // 49.5% (29.2)",
        "corsiAgainst": "51.4% (60.7) // 52.0% (60.6) // 51.4% (60.7) // 51.4% (60.7)",
        "fenwickAgainst": "50.3% (42.8) // 51.2% (42.5) // 50.3% (42.8) // 50.3% (42.8)",
        "shotsAgainst": "49.5% (30.4) // 49.8% (28.5) // 49.5% (30.4) // 49.5% (30.4)",
        "scoringAgainst": "50.5% (29.8) // 51.0% (29.9) // 50.5% (29.8) // 50.5% (29.8)",
        "oppCorsi": "52.0% (59.9) // 57.0% (56.0) // 52.0% (59.9) // 52.0% (59.9)",
        "oppFenwick": "51.3% (43.7) // 56.1% (40.6) // 51.3% (43.7) // 51.3% (43.7)",
        "oppShots": "51.6% (31.5) // 56.3% (29.0) // 51.6% (31.5) // 51.6% (31.5)",
        "oppScoring": "53.7% (31.5) // 61.3% (29.6) // 53.7% (31.5) // 53.7% (31.5)",
        "oppCorsiAgainst": "48.0% (55.3) // 43.0% (42.3) // 48.0% (55.3) // 48.0% (55.3)",
        "oppFenwickAgainst": "48.7% (41.4) // 43.9% (31.7) // 48.7% (41.4) // 48.7% (41.4)",
        "oppShotsAgainst": "48.4% (29.5) // 43.7% (22.5) // 48.4% (29.5) // 48.4% (29.5)",
        "oppScoringAgainst": "46.3% (27.2) // 38.7% (18.6) // 46.3% (27.2) // 46.3% (27.2)",
        "savesPerGame": 28.1,
        "savesPerGameLast1": 39.0,
        "savesPerGameLast3": 33.0,
        "savesPerGameLast5": 34.2,
        "savesPer60": 33.3,
        "savesPer60Last1": 38.9,
        "savesPer60Last3": 33.4,
        "savesPer60Last5": 34.5,
        "shotsPerGame": 31.5,
        "shotsPerGameLast5": 27.6,
        "shotsAgainstPerGame": 30.9,
        "shotsAgainstPerGameLast5": 36.2,
        "oppSavesAgainstPer60": 34.0,
        "oppSavesAgainstPer60Last1": 42.2,
        "oppSavesAgainstPer60Last3": 33.8,
        "oppSavesAgainstPer60Last5": 31.6,
        "oppShotsAgainstPerGame": 29.9,
        "oppShotsAgainstPerGameLast5": 27.8,
        "savesProj": 28.2,
        "savesProjLast5": 29.0,
        "savesProjLast3": 31.4,
        "oppSavesAgainstProj": 32.2,
        "oppSavesAgainstProjLast5": 30.3,
        "oppSavesAgainstProjLast3": 30.8,
        "totalOver": 40,
        "totalOverLast5": 80,
        "totalOverLast15": 53,
        "lastTotalOver": 18,
        "last5": "34,26,33,38,32,29,24,4,40,47",
        "overOdds": "-120",
        "underOdds": "-110",
        "overUnder": "-120 / -110"
    },
    {
        "player": "Jake Oettinger",
        "team": "DAL",
        "opponent": "VGK",
        "propType": "sv",
        "line": 27.5,
        "ppLine": "",
        "avg": 25.85,
        "hit": false,
        "diffAvg": -0.06,
        "diffAbs": 0.17,
        "lastAvg": 22.13,
        "diff": -0.2,
        "avgMin": 58,
        "proj": 22.8,
        "lastAvgMin": 56.4,
        "oppOver": 50,
        "teamOver": 44,
        "gameLine": "+125",
        "+/-": 0,
        "L5_+/-": 0,
        "prevMatchup": "2023-01-16 dal @ vgk 27.0 sv 2023-02-25 dal @ vgk 41.0 sv 2023-04-08 vgk @ dal 19.0 sv 2023-05-19 dal @ vgk 33.0 sv 2023-05-21 dal @ vgk 21.0 sv 2023-05-23 vgk @ dal 12.0 sv",
        "winLossSplits": "39% - 34%",
        "awayHome": "A",
        "playedYesterday": "N",
        "awayHomeSplits": "37% - 37%",
        "savesAboveExp": 0.39,
        "gsaa": 26.05,
        "corsi": "52.0% (59.9) // 57.0% (56.0) // 52.0% (59.9) // 52.0% (59.9)",
        "fenwick": "51.3% (43.7) // 56.1% (40.6) // 51.3% (43.7) // 51.3% (43.7)",
        "shots": "51.6% (31.5) // 56.3% (29.0) // 51.6% (31.5) // 51.6% (31.5)",
        "scoring": "53.7% (31.5) // 61.3% (29.6) // 53.7% (31.5) // 53.7% (31.5)",
        "corsiAgainst": "48.0% (55.3) // 43.0% (42.3) // 48.0% (55.3) // 48.0% (55.3)",
        "fenwickAgainst": "48.7% (41.4) // 43.9% (31.7) // 48.7% (41.4) // 48.7% (41.4)",
        "shotsAgainst": "48.4% (29.5) // 43.7% (22.5) // 48.4% (29.5) // 48.4% (29.5)",
        "scoringAgainst": "46.3% (27.2) // 38.7% (18.6) // 46.3% (27.2) // 46.3% (27.2)",
        "oppCorsi": "48.6% (57.5) // 48.0% (56.0) // 48.6% (57.5) // 48.6% (57.5)",
        "oppFenwick": "49.7% (42.3) // 48.8% (40.5) // 49.7% (42.3) // 49.7% (42.3)",
        "oppShots": "50.5% (31.1) // 50.2% (28.8) // 50.5% (31.1) // 50.5% (31.1)",
        "oppScoring": "49.5% (29.2) // 49.0% (28.7) // 49.5% (29.2) // 49.5% (29.2)",
        "oppCorsiAgainst": "51.4% (60.7) // 52.0% (60.6) // 51.4% (60.7) // 51.4% (60.7)",
        "oppFenwickAgainst": "50.3% (42.8) // 51.2% (42.5) // 50.3% (42.8) // 50.3% (42.8)",
        "oppShotsAgainst": "49.5% (30.4) // 49.8% (28.5) // 49.5% (30.4) // 49.5% (30.4)",
        "oppScoringAgainst": "50.5% (29.8) // 51.0% (29.9) // 50.5% (29.8) // 50.5% (29.8)",
        "savesPerGame": 27.3,
        "savesPerGameLast1": 37.0,
        "savesPerGameLast3": 23.3,
        "savesPerGameLast5": 25.0,
        "savesPer60": 33.0,
        "savesPer60Last1": 36.8,
        "savesPer60Last3": 23.6,
        "savesPer60Last5": 25.0,
        "shotsPerGame": 31.9,
        "shotsPerGameLast5": 33.6,
        "shotsAgainstPerGame": 29.9,
        "shotsAgainstPerGameLast5": 27.8,
        "oppSavesAgainstPer60": 33.3,
        "oppSavesAgainstPer60Last1": 36.6,
        "oppSavesAgainstPer60Last3": 23.9,
        "oppSavesAgainstPer60Last5": 24.3,
        "oppShotsAgainstPerGame": 30.9,
        "oppShotsAgainstPerGameLast5": 36.2,
        "savesProj": 27.8,
        "savesProjLast5": 16.5,
        "savesProjLast3": 15.6,
        "oppSavesAgainstProj": 30.2,
        "oppSavesAgainstProjLast5": 16.6,
        "oppSavesAgainstProjLast3": 15.8,
        "totalOver": 37,
        "totalOverLast5": 20,
        "totalOverLast15": 27,
        "lastTotalOver": 45,
        "last5": "2,21,33,22,14,29,16,12,25,39",
        "overOdds": "+100",
        "underOdds": "-130",
        "overUnder": "+100 / -130"
    }
]