[
    {
        "player": "Adam Fox",
        "team": "NYR",
        "opponent": "TB",
        "propType": "ast",
        "line": 0.5,
        "ppLine": "PP1",
        "avg": 0.71,
        "hit": false,
        "diffAvg": 0.42,
        "diffAbs": 0.2,
        "lastAvg": 0.64,
        "diff": 0.28,
        "avgMin": 24,
        "proj": 0.6,
        "lastAvgMin": 23.9,
        "oppOver": 0,
        "teamOver": 0,
        "gameLine": "-120",
        "+/-": "+28",
        "L5_+/-": "+8.0",
        "prevMatchup": "2022-12-29 0.0 ast 2022-10-11 0.0 ast",
        "winLossSplits": "64% - 41%",
        "awayHome": "H",
        "playedYesterday": "N",
        "awayHomeSplits": "44% - 66%",
        "savesAboveExp": 0.522,
        "gsaa": 24.74,
        "corsi": "51.4% (58.2) // 46.4% (52.2) // 48.9% (56.6) // 47.6% (56.1)",
        "fenwick": "52.1% (44.0) // 48.4% (41.4) // 50.4% (45.9) // 49.5% (45.5)",
        "shots": "51.8% (31.3) // 49.8% (30.9) // 51.0% (31.8) // 49.7% (30.4)",
        "scoring": "51.3% (30.8) // 47.7% (28.7) // 46.2% (29.0) // 44.6% (28.4)",
        "corsiAgainst": "48.6% (55.0) // 53.6% (60.3) // 51.1% (59.0) // 52.4% (61.7)",
        "fenwickAgainst": "47.9% (40.4) // 51.6% (44.1) // 49.6% (45.2) // 50.5% (46.5)",
        "shotsAgainst": "48.2% (29.1) // 50.2% (31.2) // 49.0% (30.5) // 50.3% (30.7)",
        "scoringAgainst": "48.7% (29.3) // 52.3% (31.5) // 53.8% (33.7) // 55.4% (35.3)",
        "oppCorsi": "51.5% (59.4) // 51.1% (57.7) // 50.0% (54.3) // 51.1% (57.5)",
        "oppFenwick": "51.5% (44.7) // 49.2% (41.3) // 47.4% (39.7) // 50.9% (44.5)",
        "oppShots": "50.5% (31.6) // 49.0% (29.3) // 46.5% (29.0) // 48.9% (33.0)",
        "oppScoring": "53.2% (33.9) // 49.9% (29.5) // 54.6% (31.3) // 59.7% (37.0)",
        "oppCorsiAgainst": "48.5% (56.0) // 48.9% (55.2) // 50.0% (54.3) // 48.9% (55.0)",
        "oppFenwickAgainst": "48.5% (42.1) // 50.8% (42.5) // 52.6% (44.0) // 49.1% (43.0)",
        "oppShotsAgainst": "49.5% (31.0) // 51.0% (30.4) // 53.5% (33.3) // 51.1% (34.5)",
        "oppScoringAgainst": "46.8% (29.8) // 50.1% (29.6) // 45.4% (26.0) // 40.3% (25.0)",
        "savesPerGame": 26.8,
        "savesPerGameLast1": 26.0,
        "savesPerGameLast3": 28.7,
        "savesPerGameLast5": 29.0,
        "savesPer60": 27.0,
        "savesPer60Last1": 26.0,
        "savesPer60Last3": 28.7,
        "savesPer60Last5": 29.0,
        "shotsPerGame": 31.7,
        "shotsPerGameLast5": 34.0,
        "shotsAgainstPerGame": 29.5,
        "shotsAgainstPerGameLast5": 31.4,
        "oppSavesAgainstPer60": 28.5,
        "oppSavesAgainstPer60Last1": 26.9,
        "oppSavesAgainstPer60Last3": 24.7,
        "oppSavesAgainstPer60Last5": 25.3,
        "oppShotsAgainstPerGame": 31.3,
        "oppShotsAgainstPerGameLast5": 33.8,
        "savesProj": 27.1,
        "savesProjLast5": 25.8,
        "savesProjLast3": 24.7,
        "oppSavesAgainstProj": 26.9,
        "oppSavesAgainstProjLast5": 24.8,
        "oppSavesAgainstProjLast3": 24.1,
        "totalOver": 55,
        "totalOverLast5": 20,
        "totalOverLast15": 53,
        "lastTotalOver": 57,
        "last5": "0,0,0,2,0,0,1,1,1,1",
        "overOdds": "-120",
        "underOdds": "-110",
        "overUnder": "-120 / -110"
    },
    {
        "player": "Artemi Panarin",
        "team": "NYR",
        "opponent": "TB",
        "propType": "ast",
        "line": 0.5,
        "ppLine": "PP1",
        "avg": 0.79,
        "hit": false,
        "diffAvg": 0.58,
        "diffAbs": 0.6,
        "lastAvg": 0.78,
        "diff": 0.56,
        "avgMin": 19,
        "proj": 0.8,
        "lastAvgMin": 19.22,
        "oppOver": 0,
        "teamOver": 0,
        "gameLine": "-120",
        "+/-": "+5",
        "L5_+/-": "+6.0",
        "prevMatchup": "2022-12-29 0.0 ast 2022-10-11 1.0 ast",
        "winLossSplits": "69% - 28%",
        "awayHome": "H",
        "playedYesterday": "N",
        "awayHomeSplits": "49% - 55%",
        "savesAboveExp": 0.522,
        "gsaa": 24.74,
        "corsi": "51.4% (58.2) // 46.4% (52.2) // 48.9% (56.6) // 47.6% (56.1)",
        "fenwick": "52.1% (44.0) // 48.4% (41.4) // 50.4% (45.9) // 49.5% (45.5)",
        "shots": "51.8% (31.3) // 49.8% (30.9) // 51.0% (31.8) // 49.7% (30.4)",
        "scoring": "51.3% (30.8) // 47.7% (28.7) // 46.2% (29.0) // 44.6% (28.4)",
        "corsiAgainst": "48.6% (55.0) // 53.6% (60.3) // 51.1% (59.0) // 52.4% (61.7)",
        "fenwickAgainst": "47.9% (40.4) // 51.6% (44.1) // 49.6% (45.2) // 50.5% (46.5)",
        "shotsAgainst": "48.2% (29.1) // 50.2% (31.2) // 49.0% (30.5) // 50.3% (30.7)",
        "scoringAgainst": "48.7% (29.3) // 52.3% (31.5) // 53.8% (33.7) // 55.4% (35.3)",
        "oppCorsi": "51.5% (59.4) // 51.1% (57.7) // 50.0% (54.3) // 51.1% (57.5)",
        "oppFenwick": "51.5% (44.7) // 49.2% (41.3) // 47.4% (39.7) // 50.9% (44.5)",
        "oppShots": "50.5% (31.6) // 49.0% (29.3) // 46.5% (29.0) // 48.9% (33.0)",
        "oppScoring": "53.2% (33.9) // 49.9% (29.5) // 54.6% (31.3) // 59.7% (37.0)",
        "oppCorsiAgainst": "48.5% (56.0) // 48.9% (55.2) // 50.0% (54.3) // 48.9% (55.0)",
        "oppFenwickAgainst": "48.5% (42.1) // 50.8% (42.5) // 52.6% (44.0) // 49.1% (43.0)",
        "oppShotsAgainst": "49.5% (31.0) // 51.0% (30.4) // 53.5% (33.3) // 51.1% (34.5)",
        "oppScoringAgainst": "46.8% (29.8) // 50.1% (29.6) // 45.4% (26.0) // 40.3% (25.0)",
        "savesPerGame": 26.8,
        "savesPerGameLast1": 26.0,
        "savesPerGameLast3": 28.7,
        "savesPerGameLast5": 29.0,
        "savesPer60": 27.0,
        "savesPer60Last1": 26.0,
        "savesPer60Last3": 28.7,
        "savesPer60Last5": 29.0,
        "shotsPerGame": 31.7,
        "shotsPerGameLast5": 34.0,
        "shotsAgainstPerGame": 29.5,
        "shotsAgainstPerGameLast5": 31.4,
        "oppSavesAgainstPer60": 28.5,
        "oppSavesAgainstPer60Last1": 26.9,
        "oppSavesAgainstPer60Last3": 24.7,
        "oppSavesAgainstPer60Last5": 25.3,
        "oppShotsAgainstPerGame": 31.3,
        "oppShotsAgainstPerGameLast5": 33.8,
        "savesProj": 27.1,
        "savesProjLast5": 25.8,
        "savesProjLast3": 24.7,
        "oppSavesAgainstProj": 26.9,
        "oppSavesAgainstProjLast5": 24.8,
        "oppSavesAgainstProjLast3": 24.1,
        "totalOver": 52,
        "totalOverLast5": 40,
        "totalOverLast15": 47,
        "lastTotalOver": 58,
        "last5": "3,0,0,1,0,1,0,2,0,1",
        "overOdds": "-135",
        "underOdds": "+105",
        "overUnder": "-135 / +105"
    },
    {
        "player": "Brandon Hagel",
        "team": "TB",
        "opponent": "NYR",
        "propType": "ast",
        "line": 0.5,
        "ppLine": "PP2",
        "avg": 0.42,
        "hit": false,
        "diffAvg": -0.16,
        "diffAbs": 0.6,
        "lastAvg": 0.19,
        "diff": -0.62,
        "avgMin": 18,
        "proj": 0.2,
        "lastAvgMin": 16.35,
        "oppOver": 0,
        "teamOver": 0,
        "gameLine": "+100",
        "+/-": "+19",
        "L5_+/-": "+5.0",
        "prevMatchup": "2022-12-29 0.0 ast 2022-10-11 0.0 ast",
        "winLossSplits": "53% - 12%",
        "awayHome": "A",
        "playedYesterday": "N",
        "awayHomeSplits": "29% - 44%",
        "savesAboveExp": 0.388,
        "gsaa": 17.02,
        "corsi": "51.5% (59.4) // 51.1% (57.7) // 50.0% (54.3) // 51.1% (57.5)",
        "fenwick": "51.5% (44.7) // 49.2% (41.3) // 47.4% (39.7) // 50.9% (44.5)",
        "shots": "50.5% (31.6) // 49.0% (29.3) // 46.5% (29.0) // 48.9% (33.0)",
        "scoring": "53.2% (33.9) // 49.9% (29.5) // 54.6% (31.3) // 59.7% (37.0)",
        "corsiAgainst": "48.5% (56.0) // 48.9% (55.2) // 50.0% (54.3) // 48.9% (55.0)",
        "fenwickAgainst": "48.5% (42.1) // 50.8% (42.5) // 52.6% (44.0) // 49.1% (43.0)",
        "shotsAgainst": "49.5% (31.0) // 51.0% (30.4) // 53.5% (33.3) // 51.1% (34.5)",
        "scoringAgainst": "46.8% (29.8) // 50.1% (29.6) // 45.4% (26.0) // 40.3% (25.0)",
        "oppCorsi": "51.4% (58.2) // 46.4% (52.2) // 48.9% (56.6) // 47.6% (56.1)",
        "oppFenwick": "52.1% (44.0) // 48.4% (41.4) // 50.4% (45.9) // 49.5% (45.5)",
        "oppShots": "51.8% (31.3) // 49.8% (30.9) // 51.0% (31.8) // 49.7% (30.4)",
        "oppScoring": "51.3% (30.8) // 47.7% (28.7) // 46.2% (29.0) // 44.6% (28.4)",
        "oppCorsiAgainst": "48.6% (55.0) // 53.6% (60.3) // 51.1% (59.0) // 52.4% (61.7)",
        "oppFenwickAgainst": "47.9% (40.4) // 51.6% (44.1) // 49.6% (45.2) // 50.5% (46.5)",
        "oppShotsAgainst": "48.2% (29.1) // 50.2% (31.2) // 49.0% (30.5) // 50.3% (30.7)",
        "oppScoringAgainst": "48.7% (29.3) // 52.3% (31.5) // 53.8% (33.7) // 55.4% (35.3)",
        "savesPerGame": 28.3,
        "savesPerGameLast1": 38.0,
        "savesPerGameLast3": 33.0,
        "savesPerGameLast5": 31.8,
        "savesPer60": 28.3,
        "savesPer60Last1": 38.0,
        "savesPer60Last3": 32.9,
        "savesPer60Last5": 31.6,
        "shotsPerGame": 31.9,
        "shotsPerGameLast5": 28.6,
        "shotsAgainstPerGame": 31.3,
        "shotsAgainstPerGameLast5": 33.8,
        "oppSavesAgainstPer60": 28.5,
        "oppSavesAgainstPer60Last1": 29.0,
        "oppSavesAgainstPer60Last3": 27.9,
        "oppSavesAgainstPer60Last5": 30.2,
        "oppShotsAgainstPerGame": 29.5,
        "oppShotsAgainstPerGameLast5": 31.4,
        "savesProj": 29.7,
        "savesProjLast5": 35.6,
        "savesProjLast3": 34.1,
        "oppSavesAgainstProj": 28.5,
        "oppSavesAgainstProjLast5": 32.8,
        "oppSavesAgainstProjLast3": 31.6,
        "totalOver": 36,
        "totalOverLast5": 0,
        "totalOverLast15": 20,
        "lastTotalOver": 16,
        "last5": "0,0,0,0,0,0,0,0,0,2",
        "overOdds": "+210",
        "underOdds": "-265",
        "overUnder": "+210 / -265"
    },
    {
        "player": "Brayden Point",
        "team": "TB",
        "opponent": "NYR",
        "propType": "ast",
        "line": 0.5,
        "ppLine": "PP1",
        "avg": 0.53,
        "hit": false,
        "diffAvg": 0.06,
        "diffAbs": 0.2,
        "lastAvg": 0.4,
        "diff": -0.2,
        "avgMin": 19,
        "proj": 0.4,
        "lastAvgMin": 19.45,
        "oppOver": 0,
        "teamOver": 0,
        "gameLine": "+100",
        "+/-": "+5",
        "L5_+/-": "+7.0",
        "prevMatchup": "2022-12-29 0.0 ast 2022-10-11 1.0 ast",
        "winLossSplits": "51% - 31%",
        "awayHome": "A",
        "playedYesterday": "N",
        "awayHomeSplits": "37% - 49%",
        "savesAboveExp": 0.388,
        "gsaa": 17.02,
        "corsi": "51.5% (59.4) // 51.1% (57.7) // 50.0% (54.3) // 51.1% (57.5)",
        "fenwick": "51.5% (44.7) // 49.2% (41.3) // 47.4% (39.7) // 50.9% (44.5)",
        "shots": "50.5% (31.6) // 49.0% (29.3) // 46.5% (29.0) // 48.9% (33.0)",
        "scoring": "53.2% (33.9) // 49.9% (29.5) // 54.6% (31.3) // 59.7% (37.0)",
        "corsiAgainst": "48.5% (56.0) // 48.9% (55.2) // 50.0% (54.3) // 48.9% (55.0)",
        "fenwickAgainst": "48.5% (42.1) // 50.8% (42.5) // 52.6% (44.0) // 49.1% (43.0)",
        "shotsAgainst": "49.5% (31.0) // 51.0% (30.4) // 53.5% (33.3) // 51.1% (34.5)",
        "scoringAgainst": "46.8% (29.8) // 50.1% (29.6) // 45.4% (26.0) // 40.3% (25.0)",
        "oppCorsi": "51.4% (58.2) // 46.4% (52.2) // 48.9% (56.6) // 47.6% (56.1)",
        "oppFenwick": "52.1% (44.0) // 48.4% (41.4) // 50.4% (45.9) // 49.5% (45.5)",
        "oppShots": "51.8% (31.3) // 49.8% (30.9) // 51.0% (31.8) // 49.7% (30.4)",
        "oppScoring": "51.3% (30.8) // 47.7% (28.7) // 46.2% (29.0) // 44.6% (28.4)",
        "oppCorsiAgainst": "48.6% (55.0) // 53.6% (60.3) // 51.1% (59.0) // 52.4% (61.7)",
        "oppFenwickAgainst": "47.9% (40.4) // 51.6% (44.1) // 49.6% (45.2) // 50.5% (46.5)",
        "oppShotsAgainst": "48.2% (29.1) // 50.2% (31.2) // 49.0% (30.5) // 50.3% (30.7)",
        "oppScoringAgainst": "48.7% (29.3) // 52.3% (31.5) // 53.8% (33.7) // 55.4% (35.3)",
        "savesPerGame": 28.3,
        "savesPerGameLast1": 38.0,
        "savesPerGameLast3": 33.0,
        "savesPerGameLast5": 31.8,
        "savesPer60": 28.3,
        "savesPer60Last1": 38.0,
        "savesPer60Last3": 32.9,
        "savesPer60Last5": 31.6,
        "shotsPerGame": 31.9,
        "shotsPerGameLast5": 28.6,
        "shotsAgainstPerGame": 31.3,
        "shotsAgainstPerGameLast5": 33.8,
        "oppSavesAgainstPer60": 28.5,
        "oppSavesAgainstPer60Last1": 29.0,
        "oppSavesAgainstPer60Last3": 27.9,
        "oppSavesAgainstPer60Last5": 30.2,
        "oppShotsAgainstPerGame": 29.5,
        "oppShotsAgainstPerGameLast5": 31.4,
        "savesProj": 29.7,
        "savesProjLast5": 35.6,
        "savesProjLast3": 34.1,
        "oppSavesAgainstProj": 28.5,
        "oppSavesAgainstProjLast5": 32.8,
        "oppSavesAgainstProjLast3": 31.6,
        "totalOver": 43,
        "totalOverLast5": 40,
        "totalOverLast15": 40,
        "lastTotalOver": 36,
        "last5": "2,0,1,0,0,0,0,1,0,1",
        "overOdds": "+140",
        "underOdds": "-175",
        "overUnder": "+140 / -175"
    },
    {
        "player": "Chris Kreider",
        "team": "NYR",
        "opponent": "TB",
        "propType": "ast",
        "line": 0.5,
        "ppLine": "PP1",
        "avg": 0.26,
        "hit": false,
        "diffAvg": -0.48,
        "diffAbs": 0.6,
        "lastAvg": 0.24,
        "diff": -0.52,
        "avgMin": 18,
        "proj": 0.2,
        "lastAvgMin": 18.72,
        "oppOver": 0,
        "teamOver": 0,
        "gameLine": "-120",
        "+/-": "+22",
        "L5_+/-": "+4.0",
        "prevMatchup": "2022-12-29 0.0 ast 2022-10-11 1.0 ast",
        "winLossSplits": "23% - 23%",
        "awayHome": "H",
        "playedYesterday": "N",
        "awayHomeSplits": "18% - 28%",
        "savesAboveExp": 0.522,
        "gsaa": 24.74,
        "corsi": "51.4% (58.2) // 46.4% (52.2) // 48.9% (56.6) // 47.6% (56.1)",
        "fenwick": "52.1% (44.0) // 48.4% (41.4) // 50.4% (45.9) // 49.5% (45.5)",
        "shots": "51.8% (31.3) // 49.8% (30.9) // 51.0% (31.8) // 49.7% (30.4)",
        "scoring": "51.3% (30.8) // 47.7% (28.7) // 46.2% (29.0) // 44.6% (28.4)",
        "corsiAgainst": "48.6% (55.0) // 53.6% (60.3) // 51.1% (59.0) // 52.4% (61.7)",
        "fenwickAgainst": "47.9% (40.4) // 51.6% (44.1) // 49.6% (45.2) // 50.5% (46.5)",
        "shotsAgainst": "48.2% (29.1) // 50.2% (31.2) // 49.0% (30.5) // 50.3% (30.7)",
        "scoringAgainst": "48.7% (29.3) // 52.3% (31.5) // 53.8% (33.7) // 55.4% (35.3)",
        "oppCorsi": "51.5% (59.4) // 51.1% (57.7) // 50.0% (54.3) // 51.1% (57.5)",
        "oppFenwick": "51.5% (44.7) // 49.2% (41.3) // 47.4% (39.7) // 50.9% (44.5)",
        "oppShots": "50.5% (31.6) // 49.0% (29.3) // 46.5% (29.0) // 48.9% (33.0)",
        "oppScoring": "53.2% (33.9) // 49.9% (29.5) // 54.6% (31.3) // 59.7% (37.0)",
        "oppCorsiAgainst": "48.5% (56.0) // 48.9% (55.2) // 50.0% (54.3) // 48.9% (55.0)",
        "oppFenwickAgainst": "48.5% (42.1) // 50.8% (42.5) // 52.6% (44.0) // 49.1% (43.0)",
        "oppShotsAgainst": "49.5% (31.0) // 51.0% (30.4) // 53.5% (33.3) // 51.1% (34.5)",
        "oppScoringAgainst": "46.8% (29.8) // 50.1% (29.6) // 45.4% (26.0) // 40.3% (25.0)",
        "savesPerGame": 26.8,
        "savesPerGameLast1": 26.0,
        "savesPerGameLast3": 28.7,
        "savesPerGameLast5": 29.0,
        "savesPer60": 27.0,
        "savesPer60Last1": 26.0,
        "savesPer60Last3": 28.7,
        "savesPer60Last5": 29.0,
        "shotsPerGame": 31.7,
        "shotsPerGameLast5": 34.0,
        "shotsAgainstPerGame": 29.5,
        "shotsAgainstPerGameLast5": 31.4,
        "oppSavesAgainstPer60": 28.5,
        "oppSavesAgainstPer60Last1": 26.9,
        "oppSavesAgainstPer60Last3": 24.7,
        "oppSavesAgainstPer60Last5": 25.3,
        "oppShotsAgainstPerGame": 31.3,
        "oppShotsAgainstPerGameLast5": 33.8,
        "savesProj": 27.1,
        "savesProjLast5": 25.8,
        "savesProjLast3": 24.7,
        "oppSavesAgainstProj": 26.9,
        "oppSavesAgainstProjLast5": 24.8,
        "oppSavesAgainstProjLast3": 24.1,
        "totalOver": 23,
        "totalOverLast5": 20,
        "totalOverLast15": 7,
        "lastTotalOver": 26,
        "last5": "0,0,0,1,0,0,0,0,0,0",
        "overOdds": "+215",
        "underOdds": "-270",
        "overUnder": "+215 / -270"
    },
    {
        "player": "Filip Chytil",
        "team": "NYR",
        "opponent": "TB",
        "propType": "ast",
        "line": 0.5,
        "ppLine": "PP2",
        "avg": 0.32,
        "hit": false,
        "diffAvg": -0.36,
        "diffAbs": 0.6,
        "lastAvg": 0.16,
        "diff": -0.68,
        "avgMin": 14,
        "proj": 0.2,
        "lastAvgMin": 13.17,
        "oppOver": 0,
        "teamOver": 0,
        "gameLine": "-120",
        "+/-": "+18",
        "L5_+/-": "+9.0",
        "prevMatchup": "2022-12-29 0.0 ast 2022-10-11 0.0 ast",
        "winLossSplits": "39% - 14%",
        "awayHome": "H",
        "playedYesterday": "N",
        "awayHomeSplits": "28% - 30%",
        "savesAboveExp": 0.522,
        "gsaa": 24.74,
        "corsi": "51.4% (58.2) // 46.4% (52.2) // 48.9% (56.6) // 47.6% (56.1)",
        "fenwick": "52.1% (44.0) // 48.4% (41.4) // 50.4% (45.9) // 49.5% (45.5)",
        "shots": "51.8% (31.3) // 49.8% (30.9) // 51.0% (31.8) // 49.7% (30.4)",
        "scoring": "51.3% (30.8) // 47.7% (28.7) // 46.2% (29.0) // 44.6% (28.4)",
        "corsiAgainst": "48.6% (55.0) // 53.6% (60.3) // 51.1% (59.0) // 52.4% (61.7)",
        "fenwickAgainst": "47.9% (40.4) // 51.6% (44.1) // 49.6% (45.2) // 50.5% (46.5)",
        "shotsAgainst": "48.2% (29.1) // 50.2% (31.2) // 49.0% (30.5) // 50.3% (30.7)",
        "scoringAgainst": "48.7% (29.3) // 52.3% (31.5) // 53.8% (33.7) // 55.4% (35.3)",
        "oppCorsi": "51.5% (59.4) // 51.1% (57.7) // 50.0% (54.3) // 51.1% (57.5)",
        "oppFenwick": "51.5% (44.7) // 49.2% (41.3) // 47.4% (39.7) // 50.9% (44.5)",
        "oppShots": "50.5% (31.6) // 49.0% (29.3) // 46.5% (29.0) // 48.9% (33.0)",
        "oppScoring": "53.2% (33.9) // 49.9% (29.5) // 54.6% (31.3) // 59.7% (37.0)",
        "oppCorsiAgainst": "48.5% (56.0) // 48.9% (55.2) // 50.0% (54.3) // 48.9% (55.0)",
        "oppFenwickAgainst": "48.5% (42.1) // 50.8% (42.5) // 52.6% (44.0) // 49.1% (43.0)",
        "oppShotsAgainst": "49.5% (31.0) // 51.0% (30.4) // 53.5% (33.3) // 51.1% (34.5)",
        "oppScoringAgainst": "46.8% (29.8) // 50.1% (29.6) // 45.4% (26.0) // 40.3% (25.0)",
        "savesPerGame": 26.8,
        "savesPerGameLast1": 26.0,
        "savesPerGameLast3": 28.7,
        "savesPerGameLast5": 29.0,
        "savesPer60": 27.0,
        "savesPer60Last1": 26.0,
        "savesPer60Last3": 28.7,
        "savesPer60Last5": 29.0,
        "shotsPerGame": 31.7,
        "shotsPerGameLast5": 34.0,
        "shotsAgainstPerGame": 29.5,
        "shotsAgainstPerGameLast5": 31.4,
        "oppSavesAgainstPer60": 28.5,
        "oppSavesAgainstPer60Last1": 26.9,
        "oppSavesAgainstPer60Last3": 24.7,
        "oppSavesAgainstPer60Last5": 25.3,
        "oppShotsAgainstPerGame": 31.3,
        "oppShotsAgainstPerGameLast5": 33.8,
        "savesProj": 27.1,
        "savesProjLast5": 25.8,
        "savesProjLast3": 24.7,
        "oppSavesAgainstProj": 26.9,
        "oppSavesAgainstProjLast5": 24.8,
        "oppSavesAgainstProjLast3": 24.1,
        "totalOver": 29,
        "totalOverLast5": 60,
        "totalOverLast15": 27,
        "lastTotalOver": 19,
        "last5": "1,1,0,0,1,0,0,0,1,0",
        "overOdds": "+235",
        "underOdds": "-300",
        "overUnder": "+235 / -300"
    },
    {
        "player": "Mika Zibanejad",
        "team": "NYR",
        "opponent": "TB",
        "propType": "ast",
        "line": 0.5,
        "ppLine": "PP1",
        "avg": 0.57,
        "hit": false,
        "diffAvg": 0.14,
        "diffAbs": 0.0,
        "lastAvg": 0.51,
        "diff": 0.02,
        "avgMin": 20,
        "proj": 0.5,
        "lastAvgMin": 19.62,
        "oppOver": 0,
        "teamOver": 0,
        "gameLine": "-120",
        "+/-": "+23",
        "L5_+/-": "+4.0",
        "prevMatchup": "2022-12-29 0.0 ast 2022-10-11 0.0 ast",
        "winLossSplits": "60% - 25%",
        "awayHome": "H",
        "playedYesterday": "N",
        "awayHomeSplits": "41% - 50%",
        "savesAboveExp": 0.522,
        "gsaa": 24.74,
        "corsi": "51.4% (58.2) // 46.4% (52.2) // 48.9% (56.6) // 47.6% (56.1)",
        "fenwick": "52.1% (44.0) // 48.4% (41.4) // 50.4% (45.9) // 49.5% (45.5)",
        "shots": "51.8% (31.3) // 49.8% (30.9) // 51.0% (31.8) // 49.7% (30.4)",
        "scoring": "51.3% (30.8) // 47.7% (28.7) // 46.2% (29.0) // 44.6% (28.4)",
        "corsiAgainst": "48.6% (55.0) // 53.6% (60.3) // 51.1% (59.0) // 52.4% (61.7)",
        "fenwickAgainst": "47.9% (40.4) // 51.6% (44.1) // 49.6% (45.2) // 50.5% (46.5)",
        "shotsAgainst": "48.2% (29.1) // 50.2% (31.2) // 49.0% (30.5) // 50.3% (30.7)",
        "scoringAgainst": "48.7% (29.3) // 52.3% (31.5) // 53.8% (33.7) // 55.4% (35.3)",
        "oppCorsi": "51.5% (59.4) // 51.1% (57.7) // 50.0% (54.3) // 51.1% (57.5)",
        "oppFenwick": "51.5% (44.7) // 49.2% (41.3) // 47.4% (39.7) // 50.9% (44.5)",
        "oppShots": "50.5% (31.6) // 49.0% (29.3) // 46.5% (29.0) // 48.9% (33.0)",
        "oppScoring": "53.2% (33.9) // 49.9% (29.5) // 54.6% (31.3) // 59.7% (37.0)",
        "oppCorsiAgainst": "48.5% (56.0) // 48.9% (55.2) // 50.0% (54.3) // 48.9% (55.0)",
        "oppFenwickAgainst": "48.5% (42.1) // 50.8% (42.5) // 52.6% (44.0) // 49.1% (43.0)",
        "oppShotsAgainst": "49.5% (31.0) // 51.0% (30.4) // 53.5% (33.3) // 51.1% (34.5)",
        "oppScoringAgainst": "46.8% (29.8) // 50.1% (29.6) // 45.4% (26.0) // 40.3% (25.0)",
        "savesPerGame": 26.8,
        "savesPerGameLast1": 26.0,
        "savesPerGameLast3": 28.7,
        "savesPerGameLast5": 29.0,
        "savesPer60": 27.0,
        "savesPer60Last1": 26.0,
        "savesPer60Last3": 28.7,
        "savesPer60Last5": 29.0,
        "shotsPerGame": 31.7,
        "shotsPerGameLast5": 34.0,
        "shotsAgainstPerGame": 29.5,
        "shotsAgainstPerGameLast5": 31.4,
        "oppSavesAgainstPer60": 28.5,
        "oppSavesAgainstPer60Last1": 26.9,
        "oppSavesAgainstPer60Last3": 24.7,
        "oppSavesAgainstPer60Last5": 25.3,
        "oppShotsAgainstPerGame": 31.3,
        "oppShotsAgainstPerGameLast5": 33.8,
        "savesProj": 27.1,
        "savesProjLast5": 25.8,
        "savesProjLast3": 24.7,
        "oppSavesAgainstProj": 26.9,
        "oppSavesAgainstProjLast5": 24.8,
        "oppSavesAgainstProjLast3": 24.1,
        "totalOver": 45,
        "totalOverLast5": 40,
        "totalOverLast15": 47,
        "lastTotalOver": 51,
        "last5": "0,0,1,1,0,2,0,1,2,1",
        "overOdds": "+135",
        "underOdds": "-165",
        "overUnder": "+135 / -165"
    },
    {
        "player": "Mikhail Sergachev",
        "team": "TB",
        "opponent": "NYR",
        "propType": "ast",
        "line": 0.5,
        "ppLine": "PP1",
        "avg": 0.65,
        "hit": false,
        "diffAvg": 0.3,
        "diffAbs": 0.4,
        "lastAvg": 0.31,
        "diff": -0.38,
        "avgMin": 23,
        "proj": 0.3,
        "lastAvgMin": 22.47,
        "oppOver": 0,
        "teamOver": 0,
        "gameLine": "+100",
        "+/-": "+13",
        "L5_+/-": "+3.0",
        "prevMatchup": "2022-12-29 0.0 ast 2022-10-11 0.0 ast",
        "winLossSplits": "63% - 25%",
        "awayHome": "A",
        "playedYesterday": "N",
        "awayHomeSplits": "35% - 58%",
        "savesAboveExp": 0.388,
        "gsaa": 17.02,
        "corsi": "51.5% (59.4) // 51.1% (57.7) // 50.0% (54.3) // 51.1% (57.5)",
        "fenwick": "51.5% (44.7) // 49.2% (41.3) // 47.4% (39.7) // 50.9% (44.5)",
        "shots": "50.5% (31.6) // 49.0% (29.3) // 46.5% (29.0) // 48.9% (33.0)",
        "scoring": "53.2% (33.9) // 49.9% (29.5) // 54.6% (31.3) // 59.7% (37.0)",
        "corsiAgainst": "48.5% (56.0) // 48.9% (55.2) // 50.0% (54.3) // 48.9% (55.0)",
        "fenwickAgainst": "48.5% (42.1) // 50.8% (42.5) // 52.6% (44.0) // 49.1% (43.0)",
        "shotsAgainst": "49.5% (31.0) // 51.0% (30.4) // 53.5% (33.3) // 51.1% (34.5)",
        "scoringAgainst": "46.8% (29.8) // 50.1% (29.6) // 45.4% (26.0) // 40.3% (25.0)",
        "oppCorsi": "51.4% (58.2) // 46.4% (52.2) // 48.9% (56.6) // 47.6% (56.1)",
        "oppFenwick": "52.1% (44.0) // 48.4% (41.4) // 50.4% (45.9) // 49.5% (45.5)",
        "oppShots": "51.8% (31.3) // 49.8% (30.9) // 51.0% (31.8) // 49.7% (30.4)",
        "oppScoring": "51.3% (30.8) // 47.7% (28.7) // 46.2% (29.0) // 44.6% (28.4)",
        "oppCorsiAgainst": "48.6% (55.0) // 53.6% (60.3) // 51.1% (59.0) // 52.4% (61.7)",
        "oppFenwickAgainst": "47.9% (40.4) // 51.6% (44.1) // 49.6% (45.2) // 50.5% (46.5)",
        "oppShotsAgainst": "48.2% (29.1) // 50.2% (31.2) // 49.0% (30.5) // 50.3% (30.7)",
        "oppScoringAgainst": "48.7% (29.3) // 52.3% (31.5) // 53.8% (33.7) // 55.4% (35.3)",
        "savesPerGame": 28.3,
        "savesPerGameLast1": 38.0,
        "savesPerGameLast3": 33.0,
        "savesPerGameLast5": 31.8,
        "savesPer60": 28.3,
        "savesPer60Last1": 38.0,
        "savesPer60Last3": 32.9,
        "savesPer60Last5": 31.6,
        "shotsPerGame": 31.9,
        "shotsPerGameLast5": 28.6,
        "shotsAgainstPerGame": 31.3,
        "shotsAgainstPerGameLast5": 33.8,
        "oppSavesAgainstPer60": 28.5,
        "oppSavesAgainstPer60Last1": 29.0,
        "oppSavesAgainstPer60Last3": 27.9,
        "oppSavesAgainstPer60Last5": 30.2,
        "oppShotsAgainstPerGame": 29.5,
        "oppShotsAgainstPerGameLast5": 31.4,
        "savesProj": 29.7,
        "savesProjLast5": 35.6,
        "savesProjLast3": 34.1,
        "oppSavesAgainstProj": 28.5,
        "oppSavesAgainstProjLast5": 32.8,
        "oppSavesAgainstProjLast3": 31.6,
        "totalOver": 47,
        "totalOverLast5": 60,
        "totalOverLast15": 67,
        "lastTotalOver": 29,
        "last5": "1,1,1,0,0,1,0,2,2,1",
        "overOdds": "+105",
        "underOdds": "-135",
        "overUnder": "+105 / -135"
    },
    {
        "player": "Nikita Kucherov",
        "team": "TB",
        "opponent": "NYR",
        "propType": "ast",
        "line": 0.5,
        "ppLine": "PP1",
        "avg": 0.99,
        "hit": false,
        "diffAvg": 0.98,
        "diffAbs": 0.2,
        "lastAvg": 0.63,
        "diff": 0.26,
        "avgMin": 20,
        "proj": 0.6,
        "lastAvgMin": 19.97,
        "oppOver": 0,
        "teamOver": 0,
        "gameLine": "+100",
        "+/-": "+3",
        "L5_+/-": "+7.0",
        "prevMatchup": "2022-12-29 1.0 ast 2022-10-11 1.0 ast",
        "winLossSplits": "73% - 59%",
        "awayHome": "A",
        "playedYesterday": "N",
        "awayHomeSplits": "55% - 79%",
        "savesAboveExp": 0.388,
        "gsaa": 17.02,
        "corsi": "51.5% (59.4) // 51.1% (57.7) // 50.0% (54.3) // 51.1% (57.5)",
        "fenwick": "51.5% (44.7) // 49.2% (41.3) // 47.4% (39.7) // 50.9% (44.5)",
        "shots": "50.5% (31.6) // 49.0% (29.3) // 46.5% (29.0) // 48.9% (33.0)",
        "scoring": "53.2% (33.9) // 49.9% (29.5) // 54.6% (31.3) // 59.7% (37.0)",
        "corsiAgainst": "48.5% (56.0) // 48.9% (55.2) // 50.0% (54.3) // 48.9% (55.0)",
        "fenwickAgainst": "48.5% (42.1) // 50.8% (42.5) // 52.6% (44.0) // 49.1% (43.0)",
        "shotsAgainst": "49.5% (31.0) // 51.0% (30.4) // 53.5% (33.3) // 51.1% (34.5)",
        "scoringAgainst": "46.8% (29.8) // 50.1% (29.6) // 45.4% (26.0) // 40.3% (25.0)",
        "oppCorsi": "51.4% (58.2) // 46.4% (52.2) // 48.9% (56.6) // 47.6% (56.1)",
        "oppFenwick": "52.1% (44.0) // 48.4% (41.4) // 50.4% (45.9) // 49.5% (45.5)",
        "oppShots": "51.8% (31.3) // 49.8% (30.9) // 51.0% (31.8) // 49.7% (30.4)",
        "oppScoring": "51.3% (30.8) // 47.7% (28.7) // 46.2% (29.0) // 44.6% (28.4)",
        "oppCorsiAgainst": "48.6% (55.0) // 53.6% (60.3) // 51.1% (59.0) // 52.4% (61.7)",
        "oppFenwickAgainst": "47.9% (40.4) // 51.6% (44.1) // 49.6% (45.2) // 50.5% (46.5)",
        "oppShotsAgainst": "48.2% (29.1) // 50.2% (31.2) // 49.0% (30.5) // 50.3% (30.7)",
        "oppScoringAgainst": "48.7% (29.3) // 52.3% (31.5) // 53.8% (33.7) // 55.4% (35.3)",
        "savesPerGame": 28.3,
        "savesPerGameLast1": 38.0,
        "savesPerGameLast3": 33.0,
        "savesPerGameLast5": 31.8,
        "savesPer60": 28.3,
        "savesPer60Last1": 38.0,
        "savesPer60Last3": 32.9,
        "savesPer60Last5": 31.6,
        "shotsPerGame": 31.9,
        "shotsPerGameLast5": 28.6,
        "shotsAgainstPerGame": 31.3,
        "shotsAgainstPerGameLast5": 33.8,
        "oppSavesAgainstPer60": 28.5,
        "oppSavesAgainstPer60Last1": 29.0,
        "oppSavesAgainstPer60Last3": 27.9,
        "oppSavesAgainstPer60Last5": 30.2,
        "oppShotsAgainstPerGame": 29.5,
        "oppShotsAgainstPerGameLast5": 31.4,
        "savesProj": 29.7,
        "savesProjLast5": 35.6,
        "savesProjLast3": 34.1,
        "oppSavesAgainstProj": 28.5,
        "oppSavesAgainstProjLast5": 32.8,
        "oppSavesAgainstProjLast3": 31.6,
        "totalOver": 68,
        "totalOverLast5": 60,
        "totalOverLast15": 53,
        "lastTotalOver": 54,
        "last5": "1,0,2,0,2,0,0,2,1,0",
        "overOdds": "-160",
        "underOdds": "+130",
        "overUnder": "-160 / +130"
    },
    {
        "player": "Patrick Kane",
        "team": "NYR",
        "opponent": "TB",
        "propType": "ast",
        "line": 0.5,
        "ppLine": "PP1",
        "avg": 0.49,
        "hit": false,
        "diffAvg": -0.02,
        "diffAbs": 0.4,
        "lastAvg": 0.85,
        "diff": 0.7,
        "avgMin": 19,
        "proj": 0.7,
        "lastAvgMin": 21.82,
        "oppOver": 0,
        "teamOver": 0,
        "gameLine": "-120",
        "+/-": "+1",
        "L5_+/-": "+4.0",
        "prevMatchup": "2023-01-03 0.0 ast",
        "winLossSplits": "56% - 28%",
        "awayHome": "H",
        "playedYesterday": "Y",
        "awayHomeSplits": "34% - 43%",
        "savesAboveExp": 0.522,
        "gsaa": 24.74,
        "corsi": "51.4% (58.2) // 46.4% (52.2) // 48.9% (56.6) // 47.6% (56.1)",
        "fenwick": "52.1% (44.0) // 48.4% (41.4) // 50.4% (45.9) // 49.5% (45.5)",
        "shots": "51.8% (31.3) // 49.8% (30.9) // 51.0% (31.8) // 49.7% (30.4)",
        "scoring": "51.3% (30.8) // 47.7% (28.7) // 46.2% (29.0) // 44.6% (28.4)",
        "corsiAgainst": "48.6% (55.0) // 53.6% (60.3) // 51.1% (59.0) // 52.4% (61.7)",
        "fenwickAgainst": "47.9% (40.4) // 51.6% (44.1) // 49.6% (45.2) // 50.5% (46.5)",
        "shotsAgainst": "48.2% (29.1) // 50.2% (31.2) // 49.0% (30.5) // 50.3% (30.7)",
        "scoringAgainst": "48.7% (29.3) // 52.3% (31.5) // 53.8% (33.7) // 55.4% (35.3)",
        "oppCorsi": "51.5% (59.4) // 51.1% (57.7) // 50.0% (54.3) // 51.1% (57.5)",
        "oppFenwick": "51.5% (44.7) // 49.2% (41.3) // 47.4% (39.7) // 50.9% (44.5)",
        "oppShots": "50.5% (31.6) // 49.0% (29.3) // 46.5% (29.0) // 48.9% (33.0)",
        "oppScoring": "53.2% (33.9) // 49.9% (29.5) // 54.6% (31.3) // 59.7% (37.0)",
        "oppCorsiAgainst": "48.5% (56.0) // 48.9% (55.2) // 50.0% (54.3) // 48.9% (55.0)",
        "oppFenwickAgainst": "48.5% (42.1) // 50.8% (42.5) // 52.6% (44.0) // 49.1% (43.0)",
        "oppShotsAgainst": "49.5% (31.0) // 51.0% (30.4) // 53.5% (33.3) // 51.1% (34.5)",
        "oppScoringAgainst": "46.8% (29.8) // 50.1% (29.6) // 45.4% (26.0) // 40.3% (25.0)",
        "savesPerGame": 26.8,
        "savesPerGameLast1": 26.0,
        "savesPerGameLast3": 28.7,
        "savesPerGameLast5": 29.0,
        "savesPer60": 27.0,
        "savesPer60Last1": 26.0,
        "savesPer60Last3": 28.7,
        "savesPer60Last5": 29.0,
        "shotsPerGame": 31.7,
        "shotsPerGameLast5": 34.0,
        "shotsAgainstPerGame": 29.5,
        "shotsAgainstPerGameLast5": 31.4,
        "oppSavesAgainstPer60": 28.5,
        "oppSavesAgainstPer60Last1": 26.9,
        "oppSavesAgainstPer60Last3": 24.7,
        "oppSavesAgainstPer60Last5": 25.3,
        "oppShotsAgainstPerGame": 31.3,
        "oppShotsAgainstPerGameLast5": 33.8,
        "savesProj": 27.1,
        "savesProjLast5": 25.8,
        "savesProjLast3": 24.7,
        "oppSavesAgainstProj": 26.9,
        "oppSavesAgainstProjLast5": 24.8,
        "oppSavesAgainstProjLast3": 24.1,
        "totalOver": 39,
        "totalOverLast5": 20,
        "totalOverLast15": 27,
        "lastTotalOver": 61,
        "last5": "1,0,0,0,0,0,0,0,2,0",
        "overOdds": "+140",
        "underOdds": "-175",
        "overUnder": "+140 / -175"
    },
    {
        "player": "Steven Stamkos",
        "team": "TB",
        "opponent": "NYR",
        "propType": "ast",
        "line": 0.5,
        "ppLine": "PP1",
        "avg": 0.62,
        "hit": false,
        "diffAvg": 0.24,
        "diffAbs": 0.2,
        "lastAvg": 0.61,
        "diff": 0.22,
        "avgMin": 18,
        "proj": 0.6,
        "lastAvgMin": 18.47,
        "oppOver": 0,
        "teamOver": 0,
        "gameLine": "+100",
        "+/-": -2,
        "L5_+/-": "+2.0",
        "prevMatchup": "2022-12-29 1.0 ast 2022-10-11 0.0 ast",
        "winLossSplits": "57% - 44%",
        "awayHome": "A",
        "playedYesterday": "N",
        "awayHomeSplits": "46% - 56%",
        "savesAboveExp": 0.388,
        "gsaa": 17.02,
        "corsi": "51.5% (59.4) // 51.1% (57.7) // 50.0% (54.3) // 51.1% (57.5)",
        "fenwick": "51.5% (44.7) // 49.2% (41.3) // 47.4% (39.7) // 50.9% (44.5)",
        "shots": "50.5% (31.6) // 49.0% (29.3) // 46.5% (29.0) // 48.9% (33.0)",
        "scoring": "53.2% (33.9) // 49.9% (29.5) // 54.6% (31.3) // 59.7% (37.0)",
        "corsiAgainst": "48.5% (56.0) // 48.9% (55.2) // 50.0% (54.3) // 48.9% (55.0)",
        "fenwickAgainst": "48.5% (42.1) // 50.8% (42.5) // 52.6% (44.0) // 49.1% (43.0)",
        "shotsAgainst": "49.5% (31.0) // 51.0% (30.4) // 53.5% (33.3) // 51.1% (34.5)",
        "scoringAgainst": "46.8% (29.8) // 50.1% (29.6) // 45.4% (26.0) // 40.3% (25.0)",
        "oppCorsi": "51.4% (58.2) // 46.4% (52.2) // 48.9% (56.6) // 47.6% (56.1)",
        "oppFenwick": "52.1% (44.0) // 48.4% (41.4) // 50.4% (45.9) // 49.5% (45.5)",
        "oppShots": "51.8% (31.3) // 49.8% (30.9) // 51.0% (31.8) // 49.7% (30.4)",
        "oppScoring": "51.3% (30.8) // 47.7% (28.7) // 46.2% (29.0) // 44.6% (28.4)",
        "oppCorsiAgainst": "48.6% (55.0) // 53.6% (60.3) // 51.1% (59.0) // 52.4% (61.7)",
        "oppFenwickAgainst": "47.9% (40.4) // 51.6% (44.1) // 49.6% (45.2) // 50.5% (46.5)",
        "oppShotsAgainst": "48.2% (29.1) // 50.2% (31.2) // 49.0% (30.5) // 50.3% (30.7)",
        "oppScoringAgainst": "48.7% (29.3) // 52.3% (31.5) // 53.8% (33.7) // 55.4% (35.3)",
        "savesPerGame": 28.3,
        "savesPerGameLast1": 38.0,
        "savesPerGameLast3": 33.0,
        "savesPerGameLast5": 31.8,
        "savesPer60": 28.3,
        "savesPer60Last1": 38.0,
        "savesPer60Last3": 32.9,
        "savesPer60Last5": 31.6,
        "shotsPerGame": 31.9,
        "shotsPerGameLast5": 28.6,
        "shotsAgainstPerGame": 31.3,
        "shotsAgainstPerGameLast5": 33.8,
        "oppSavesAgainstPer60": 28.5,
        "oppSavesAgainstPer60Last1": 29.0,
        "oppSavesAgainstPer60Last3": 27.9,
        "oppSavesAgainstPer60Last5": 30.2,
        "oppShotsAgainstPerGame": 29.5,
        "oppShotsAgainstPerGameLast5": 31.4,
        "savesProj": 29.7,
        "savesProjLast5": 35.6,
        "savesProjLast3": 34.1,
        "oppSavesAgainstProj": 28.5,
        "oppSavesAgainstProjLast5": 32.8,
        "oppSavesAgainstProjLast3": 31.6,
        "totalOver": 51,
        "totalOverLast5": 60,
        "totalOverLast15": 47,
        "lastTotalOver": 52,
        "last5": "0,1,2,0,2,1,1,0,1,0",
        "overOdds": "+125",
        "underOdds": "-155",
        "overUnder": "+125 / -155"
    },
    {
        "player": "Victor Hedman",
        "team": "TB",
        "opponent": "NYR",
        "propType": "ast",
        "line": 0.5,
        "ppLine": "PP2",
        "avg": 0.51,
        "hit": false,
        "diffAvg": 0.02,
        "diffAbs": 0.2,
        "lastAvg": 0.61,
        "diff": 0.22,
        "avgMin": 23,
        "proj": 0.6,
        "lastAvgMin": 25.07,
        "oppOver": 0,
        "teamOver": 0,
        "gameLine": "+100",
        "+/-": "+15",
        "L5_+/-": "+3.0",
        "prevMatchup": "2022-12-29 0.0 ast 2022-10-11 0.0 ast",
        "winLossSplits": "37% - 38%",
        "awayHome": "A",
        "playedYesterday": "N",
        "awayHomeSplits": "35% - 40%",
        "savesAboveExp": 0.388,
        "gsaa": 17.02,
        "corsi": "51.5% (59.4) // 51.1% (57.7) // 50.0% (54.3) // 51.1% (57.5)",
        "fenwick": "51.5% (44.7) // 49.2% (41.3) // 47.4% (39.7) // 50.9% (44.5)",
        "shots": "50.5% (31.6) // 49.0% (29.3) // 46.5% (29.0) // 48.9% (33.0)",
        "scoring": "53.2% (33.9) // 49.9% (29.5) // 54.6% (31.3) // 59.7% (37.0)",
        "corsiAgainst": "48.5% (56.0) // 48.9% (55.2) // 50.0% (54.3) // 48.9% (55.0)",
        "fenwickAgainst": "48.5% (42.1) // 50.8% (42.5) // 52.6% (44.0) // 49.1% (43.0)",
        "shotsAgainst": "49.5% (31.0) // 51.0% (30.4) // 53.5% (33.3) // 51.1% (34.5)",
        "scoringAgainst": "46.8% (29.8) // 50.1% (29.6) // 45.4% (26.0) // 40.3% (25.0)",
        "oppCorsi": "51.4% (58.2) // 46.4% (52.2) // 48.9% (56.6) // 47.6% (56.1)",
        "oppFenwick": "52.1% (44.0) // 48.4% (41.4) // 50.4% (45.9) // 49.5% (45.5)",
        "oppShots": "51.8% (31.3) // 49.8% (30.9) // 51.0% (31.8) // 49.7% (30.4)",
        "oppScoring": "51.3% (30.8) // 47.7% (28.7) // 46.2% (29.0) // 44.6% (28.4)",
        "oppCorsiAgainst": "48.6% (55.0) // 53.6% (60.3) // 51.1% (59.0) // 52.4% (61.7)",
        "oppFenwickAgainst": "47.9% (40.4) // 51.6% (44.1) // 49.6% (45.2) // 50.5% (46.5)",
        "oppShotsAgainst": "48.2% (29.1) // 50.2% (31.2) // 49.0% (30.5) // 50.3% (30.7)",
        "oppScoringAgainst": "48.7% (29.3) // 52.3% (31.5) // 53.8% (33.7) // 55.4% (35.3)",
        "savesPerGame": 28.3,
        "savesPerGameLast1": 38.0,
        "savesPerGameLast3": 33.0,
        "savesPerGameLast5": 31.8,
        "savesPer60": 28.3,
        "savesPer60Last1": 38.0,
        "savesPer60Last3": 32.9,
        "savesPer60Last5": 31.6,
        "shotsPerGame": 31.9,
        "shotsPerGameLast5": 28.6,
        "shotsAgainstPerGame": 31.3,
        "shotsAgainstPerGameLast5": 33.8,
        "oppSavesAgainstPer60": 28.5,
        "oppSavesAgainstPer60Last1": 29.0,
        "oppSavesAgainstPer60Last3": 27.9,
        "oppSavesAgainstPer60Last5": 30.2,
        "oppShotsAgainstPerGame": 29.5,
        "oppShotsAgainstPerGameLast5": 31.4,
        "savesProj": 29.7,
        "savesProjLast5": 35.6,
        "savesProjLast3": 34.1,
        "oppSavesAgainstProj": 28.5,
        "oppSavesAgainstProjLast5": 32.8,
        "oppSavesAgainstProjLast3": 31.6,
        "totalOver": 38,
        "totalOverLast5": 0,
        "totalOverLast15": 13,
        "lastTotalOver": 51,
        "last5": "0,0,0,0,0,0,0,0,0,0",
        "overOdds": "+205",
        "underOdds": "-255",
        "overUnder": "+205 / -255"
    },
    {
        "player": "Vincent Trocheck",
        "team": "NYR",
        "opponent": "TB",
        "propType": "ast",
        "line": 0.5,
        "ppLine": "PP2",
        "avg": 0.53,
        "hit": false,
        "diffAvg": 0.06,
        "diffAbs": 0.4,
        "lastAvg": 0.32,
        "diff": -0.36,
        "avgMin": 19,
        "proj": 0.3,
        "lastAvgMin": 17.87,
        "oppOver": 0,
        "teamOver": 0,
        "gameLine": "-120",
        "+/-": "+5",
        "L5_+/-": "+7.0",
        "prevMatchup": "2022-12-29 0.0 ast 2022-10-11 0.0 ast",
        "winLossSplits": "56% - 25%",
        "awayHome": "H",
        "playedYesterday": "N",
        "awayHomeSplits": "38% - 47%",
        "savesAboveExp": 0.522,
        "gsaa": 24.74,
        "corsi": "51.4% (58.2) // 46.4% (52.2) // 48.9% (56.6) // 47.6% (56.1)",
