[
    {
        "player": "Anders Lee",
        "team": "NYI",
        "opponent": "CAR",
        "propType": "sog",
        "line": 2.5,
        "ppLine": "PP1",
        "avg": 2.6,
        "hit": false,
        "diffAvg": 0.04,
        "diffAbs": 0.16,
        "lastAvg": 2.09,
        "diff": -0.16,
        "avgMin": 17,
        "proj": 2.1,
        "lastAvgMin": 16.62,
        "oppOver": 0,
        "teamOver": 0,
        "gameLine": "+145",
        "+/-": -3,
        "L5_+/-": -5.0,
        "prevMatchup": "2023-04-02 0.0 sog 2023-01-21 1.0 sog 2022-12-10 0.0 sog 2022-10-28 0.0 sog",
        "winLossSplits": "57% - 40%",
        "awayHome": "A",
        "playedYesterday": "N",
        "awayHomeSplits": "51% - 46%",
        "savesAboveExp": -0.44,
        "gsaa": -0.71,
        "corsi": "49.6% (58.7) // 54.1% (65.8) // 58.6% (73.7) // 59.5% (72.0)",
        "fenwick": "49.5% (42.7) // 53.4% (47.0) // 58.7% (51.7) // 63.9% (53.0)",
        "shots": "49.8% (30.5) // 53.2% (32.4) // 57.5% (32.0) // 64.8% (35.0)",
        "scoring": "50.0% (30.4) // 52.7% (31.7) // 62.8% (38.3) // 65.1% (41.0)",
        "corsiAgainst": "50.4% (59.6) // 45.9% (55.9) // 41.4% (52.0) // 40.5% (49.0)",
        "fenwickAgainst": "50.5% (43.6) // 46.6% (40.9) // 41.3% (36.3) // 36.1% (30.0)",
        "shotsAgainst": "50.2% (30.7) // 46.8% (28.5) // 42.5% (23.7) // 35.2% (19.0)",
        "scoringAgainst": "50.0% (30.4) // 47.3% (28.4) // 37.2% (22.7) // 34.9% (22.0)",
        "oppCorsi": "59.9% (67.4) // 61.2% (68.8) // 57.4% (64.8) // 58.7% (67.5)",
        "oppFenwick": "59.1% (50.8) // 60.1% (51.8) // 55.9% (49.8) // 59.7% (54.0)",
        "oppShots": "57.2% (34.3) // 58.4% (34.4) // 52.0% (31.8) // 53.8% (32.0)",
        "oppScoring": "58.9% (33.3) // 62.3% (33.3) // 55.4% (30.7) // 54.5% (27.5)",
        "oppCorsiAgainst": "40.1% (45.2) // 38.8% (43.6) // 42.6% (48.0) // 41.3% (47.5)",
        "oppFenwickAgainst": "40.9% (35.1) // 39.9% (34.4) // 44.1% (39.2) // 40.3% (36.5)",
        "oppShotsAgainst": "42.8% (25.6) // 41.6% (24.5) // 48.0% (29.2) // 46.2% (27.5)",
        "oppScoringAgainst": "41.1% (23.3) // 37.7% (20.2) // 44.6% (24.8) // 45.5% (23.0)",
        "savesPerGame": 28.4,
        "savesPerGameLast1": 17.0,
        "savesPerGameLast3": 21.3,
        "savesPerGameLast5": 25.4,
        "savesPer60": 28.4,
        "savesPer60Last1": 17.0,
        "savesPer60Last3": 21.0,
        "savesPer60Last5": 25.0,
        "shotsPerGame": 30.8,
        "shotsPerGameLast5": 32.0,
        "shotsAgainstPerGame": 31.0,
        "shotsAgainstPerGameLast5": 27.4,
        "oppSavesAgainstPer60": 31.7,
        "oppSavesAgainstPer60Last1": 30.0,
        "oppSavesAgainstPer60Last3": 27.2,
        "oppSavesAgainstPer60Last5": 29.6,
        "oppShotsAgainstPerGame": 26.0,
        "oppShotsAgainstPerGameLast5": 28.0,
        "savesProj": 38.0,
        "savesProjLast5": 30.7,
        "savesProjLast3": 24.0,
        "oppSavesAgainstProj": 31.7,
        "oppSavesAgainstProjLast5": 26.8,
        "oppSavesAgainstProjLast3": 22.0,
        "totalOver": 49,
        "totalOverLast5": 60,
        "totalOverLast15": 33,
        "lastTotalOver": 33,
        "last5": "2,4,4,4,0,2,2,1,1,2",
        "overOdds": "+145",
        "underOdds": "-180",
        "overUnder": "+145 / -180"
    },
    {
        "player": "Bo Horvat",
        "team": "NYI",
        "opponent": "CAR",
        "propType": "sog",
        "line": 2.5,
        "ppLine": "PP1",
        "avg": 2.87,
        "hit": false,
        "diffAvg": 0.15,
        "diffAbs": 1.0,
        "lastAvg": 0,
        "diff": 0,
        "avgMin": 20,
        "proj": 0.0,
        "lastAvgMin": 0,
        "oppOver": 0,
        "teamOver": 0,
        "gameLine": "+145",
        "+/-": -3,
        "L5_+/-": -2.0,
        "prevMatchup": "2023-04-02 2.0 sog",
        "winLossSplits": "59% - 54%",
        "awayHome": "A",
        "playedYesterday": "N",
        "awayHomeSplits": "60% - 53%",
        "savesAboveExp": -0.44,
        "gsaa": -0.71,
        "corsi": "49.6% (58.7) // 54.1% (65.8) // 58.6% (73.7) // 59.5% (72.0)",
        "fenwick": "49.5% (42.7) // 53.4% (47.0) // 58.7% (51.7) // 63.9% (53.0)",
        "shots": "49.8% (30.5) // 53.2% (32.4) // 57.5% (32.0) // 64.8% (35.0)",
        "scoring": "50.0% (30.4) // 52.7% (31.7) // 62.8% (38.3) // 65.1% (41.0)",
        "corsiAgainst": "50.4% (59.6) // 45.9% (55.9) // 41.4% (52.0) // 40.5% (49.0)",
        "fenwickAgainst": "50.5% (43.6) // 46.6% (40.9) // 41.3% (36.3) // 36.1% (30.0)",
        "shotsAgainst": "50.2% (30.7) // 46.8% (28.5) // 42.5% (23.7) // 35.2% (19.0)",
        "scoringAgainst": "50.0% (30.4) // 47.3% (28.4) // 37.2% (22.7) // 34.9% (22.0)",
        "oppCorsi": "59.9% (67.4) // 61.2% (68.8) // 57.4% (64.8) // 58.7% (67.5)",
        "oppFenwick": "59.1% (50.8) // 60.1% (51.8) // 55.9% (49.8) // 59.7% (54.0)",
        "oppShots": "57.2% (34.3) // 58.4% (34.4) // 52.0% (31.8) // 53.8% (32.0)",
        "oppScoring": "58.9% (33.3) // 62.3% (33.3) // 55.4% (30.7) // 54.5% (27.5)",
        "oppCorsiAgainst": "40.1% (45.2) // 38.8% (43.6) // 42.6% (48.0) // 41.3% (47.5)",
        "oppFenwickAgainst": "40.9% (35.1) // 39.9% (34.4) // 44.1% (39.2) // 40.3% (36.5)",
        "oppShotsAgainst": "42.8% (25.6) // 41.6% (24.5) // 48.0% (29.2) // 46.2% (27.5)",
        "oppScoringAgainst": "41.1% (23.3) // 37.7% (20.2) // 44.6% (24.8) // 45.5% (23.0)",
        "savesPerGame": 28.4,
        "savesPerGameLast1": 17.0,
        "savesPerGameLast3": 21.3,
        "savesPerGameLast5": 25.4,
        "savesPer60": 28.4,
        "savesPer60Last1": 17.0,
        "savesPer60Last3": 21.0,
        "savesPer60Last5": 25.0,
        "shotsPerGame": 30.8,
        "shotsPerGameLast5": 32.0,
        "shotsAgainstPerGame": 31.0,
        "shotsAgainstPerGameLast5": 27.4,
        "oppSavesAgainstPer60": 31.7,
        "oppSavesAgainstPer60Last1": 30.0,
        "oppSavesAgainstPer60Last3": 27.2,
        "oppSavesAgainstPer60Last5": 29.6,
        "oppShotsAgainstPerGame": 26.0,
        "oppShotsAgainstPerGameLast5": 28.0,
        "savesProj": 38.0,
        "savesProjLast5": 30.7,
        "savesProjLast3": 24.0,
        "oppSavesAgainstProj": 31.7,
        "oppSavesAgainstProjLast5": 26.8,
        "oppSavesAgainstProjLast3": 22.0,
        "totalOver": 57,
        "totalOverLast5": 60,
        "totalOverLast15": 53,
        "lastTotalOver": 0,
        "last5": "4,5,0,3,2,1,2,2,5,3",
        "overOdds": "+135",
        "underOdds": "-165",
        "overUnder": "+135 / -165"
    },
    {
        "player": "Brady Skjei",
        "team": "CAR",
        "opponent": "NYI",
        "propType": "sog",
        "line": 2.5,
        "ppLine": "PP2",
        "avg": 2.32,
        "hit": false,
        "diffAvg": -0.07,
        "diffAbs": 0.24,
        "lastAvg": 1.92,
        "diff": -0.23,
        "avgMin": 21,
        "proj": 1.9,
        "lastAvgMin": 21.13,
        "oppOver": 0,
        "teamOver": 0,
        "gameLine": "-170",
        "+/-": "+7",
        "L5_+/-": -7.0,
        "prevMatchup": "2023-04-02 3.0 sog 2023-01-21 0.0 sog 2022-12-10 5.0 sog 2022-10-28 2.0 sog",
        "winLossSplits": "51% - 33%",
        "awayHome": "H",
        "playedYesterday": "N",
        "awayHomeSplits": "45% - 44%",
        "savesAboveExp": 0.704,
        "gsaa": 35.99,
        "corsi": "59.9% (67.4) // 61.2% (68.8) // 57.4% (64.8) // 58.7% (67.5)",
        "fenwick": "59.1% (50.8) // 60.1% (51.8) // 55.9% (49.8) // 59.7% (54.0)",
        "shots": "57.2% (34.3) // 58.4% (34.4) // 52.0% (31.8) // 53.8% (32.0)",
        "scoring": "58.9% (33.3) // 62.3% (33.3) // 55.4% (30.7) // 54.5% (27.5)",
        "corsiAgainst": "40.1% (45.2) // 38.8% (43.6) // 42.6% (48.0) // 41.3% (47.5)",
        "fenwickAgainst": "40.9% (35.1) // 39.9% (34.4) // 44.1% (39.2) // 40.3% (36.5)",
        "shotsAgainst": "42.8% (25.6) // 41.6% (24.5) // 48.0% (29.2) // 46.2% (27.5)",
        "scoringAgainst": "41.1% (23.3) // 37.7% (20.2) // 44.6% (24.8) // 45.5% (23.0)",
        "oppCorsi": "49.6% (58.7) // 54.1% (65.8) // 58.6% (73.7) // 59.5% (72.0)",
        "oppFenwick": "49.5% (42.7) // 53.4% (47.0) // 58.7% (51.7) // 63.9% (53.0)",
        "oppShots": "49.8% (30.5) // 53.2% (32.4) // 57.5% (32.0) // 64.8% (35.0)",
        "oppScoring": "50.0% (30.4) // 52.7% (31.7) // 62.8% (38.3) // 65.1% (41.0)",
        "oppCorsiAgainst": "50.4% (59.6) // 45.9% (55.9) // 41.4% (52.0) // 40.5% (49.0)",
        "oppFenwickAgainst": "50.5% (43.6) // 46.6% (40.9) // 41.3% (36.3) // 36.1% (30.0)",
        "oppShotsAgainst": "50.2% (30.7) // 46.8% (28.5) // 42.5% (23.7) // 35.2% (19.0)",
        "oppScoringAgainst": "50.0% (30.4) // 47.3% (28.4) // 37.2% (22.7) // 34.9% (22.0)",
        "savesPerGame": 23.4,
        "savesPerGameLast1": 30.0,
        "savesPerGameLast3": 26.3,
        "savesPerGameLast5": 25.0,
        "savesPer60": 23.6,
        "savesPer60Last1": 30.0,
        "savesPer60Last3": 25.9,
        "savesPer60Last5": 24.5,
        "shotsPerGame": 34.8,
        "shotsPerGameLast5": 32.0,
        "shotsAgainstPerGame": 26.0,
        "shotsAgainstPerGameLast5": 28.0,
        "oppSavesAgainstPer60": 27.8,
        "oppSavesAgainstPer60Last1": 31.0,
        "oppSavesAgainstPer60Last3": 28.7,
        "oppSavesAgainstPer60Last5": 28.6,
        "oppShotsAgainstPerGame": 31.0,
        "oppShotsAgainstPerGameLast5": 27.4,
        "savesProj": 23.1,
        "savesProjLast5": 24.7,
        "savesProjLast3": 26.1,
        "oppSavesAgainstProj": 23.1,
        "oppSavesAgainstProjLast5": 24.4,
        "oppSavesAgainstProjLast3": 25.3,
        "totalOver": 44,
        "totalOverLast5": 40,
        "totalOverLast15": 53,
        "lastTotalOver": 35,
        "last5": "4,1,1,2,5,3,3,2,1,3",
        "overOdds": "+105",
        "underOdds": "-135",
        "overUnder": "+105 / -135"
    },
    {
        "player": "Brent Burns",
        "team": "CAR",
        "opponent": "NYI",
        "propType": "sog",
        "line": 2.5,
        "ppLine": "PP1",
        "avg": 3.11,
        "hit": false,
        "diffAvg": 0.24,
        "diffAbs": 0.12,
        "lastAvg": 2.48,
        "diff": -0.01,
        "avgMin": 23,
        "proj": 2.2,
        "lastAvgMin": 26.13,
        "oppOver": 0,
        "teamOver": 0,
        "gameLine": "-170",
        "+/-": "+19",
        "L5_+/-": "+4.0",
        "prevMatchup": "2023-04-02 3.0 sog 2023-01-21 3.0 sog 2022-12-10 2.0 sog 2022-10-28 5.0 sog",
        "winLossSplits": "54% - 67%",
        "awayHome": "H",
        "playedYesterday": "N",
        "awayHomeSplits": "56% - 61%",
        "savesAboveExp": 0.704,
        "gsaa": 35.99,
        "corsi": "59.9% (67.4) // 61.2% (68.8) // 57.4% (64.8) // 58.7% (67.5)",
        "fenwick": "59.1% (50.8) // 60.1% (51.8) // 55.9% (49.8) // 59.7% (54.0)",
        "shots": "57.2% (34.3) // 58.4% (34.4) // 52.0% (31.8) // 53.8% (32.0)",
        "scoring": "58.9% (33.3) // 62.3% (33.3) // 55.4% (30.7) // 54.5% (27.5)",
        "corsiAgainst": "40.1% (45.2) // 38.8% (43.6) // 42.6% (48.0) // 41.3% (47.5)",
        "fenwickAgainst": "40.9% (35.1) // 39.9% (34.4) // 44.1% (39.2) // 40.3% (36.5)",
        "shotsAgainst": "42.8% (25.6) // 41.6% (24.5) // 48.0% (29.2) // 46.2% (27.5)",
        "scoringAgainst": "41.1% (23.3) // 37.7% (20.2) // 44.6% (24.8) // 45.5% (23.0)",
        "oppCorsi": "49.6% (58.7) // 54.1% (65.8) // 58.6% (73.7) // 59.5% (72.0)",
        "oppFenwick": "49.5% (42.7) // 53.4% (47.0) // 58.7% (51.7) // 63.9% (53.0)",
        "oppShots": "49.8% (30.5) // 53.2% (32.4) // 57.5% (32.0) // 64.8% (35.0)",
        "oppScoring": "50.0% (30.4) // 52.7% (31.7) // 62.8% (38.3) // 65.1% (41.0)",
        "oppCorsiAgainst": "50.4% (59.6) // 45.9% (55.9) // 41.4% (52.0) // 40.5% (49.0)",
        "oppFenwickAgainst": "50.5% (43.6) // 46.6% (40.9) // 41.3% (36.3) // 36.1% (30.0)",
        "oppShotsAgainst": "50.2% (30.7) // 46.8% (28.5) // 42.5% (23.7) // 35.2% (19.0)",
        "oppScoringAgainst": "50.0% (30.4) // 47.3% (28.4) // 37.2% (22.7) // 34.9% (22.0)",
        "savesPerGame": 23.4,
        "savesPerGameLast1": 30.0,
        "savesPerGameLast3": 26.3,
        "savesPerGameLast5": 25.0,
        "savesPer60": 23.6,
        "savesPer60Last1": 30.0,
        "savesPer60Last3": 25.9,
        "savesPer60Last5": 24.5,
        "shotsPerGame": 34.8,
        "shotsPerGameLast5": 32.0,
        "shotsAgainstPerGame": 26.0,
        "shotsAgainstPerGameLast5": 28.0,
        "oppSavesAgainstPer60": 27.8,
        "oppSavesAgainstPer60Last1": 31.0,
        "oppSavesAgainstPer60Last3": 28.7,
        "oppSavesAgainstPer60Last5": 28.6,
        "oppShotsAgainstPerGame": 31.0,
        "oppShotsAgainstPerGameLast5": 27.4,
        "savesProj": 23.1,
        "savesProjLast5": 24.7,
        "savesProjLast3": 26.1,
        "oppSavesAgainstProj": 23.1,
        "oppSavesAgainstProjLast5": 24.4,
        "oppSavesAgainstProjLast3": 25.3,
        "totalOver": 59,
        "totalOverLast5": 100,
        "totalOverLast15": 67,
        "lastTotalOver": 43,
        "last5": "5,3,5,3,7,1,3,8,3,2",
        "overOdds": "-165",
        "underOdds": "+135",
        "overUnder": "-165 / +135"
    },
    {
        "player": "Brock Nelson",
        "team": "NYI",
        "opponent": "CAR",
        "propType": "sog",
        "line": 1.5,
        "ppLine": "PP1",
        "avg": 2.71,
        "hit": false,
        "diffAvg": 0.81,
        "diffAbs": 0.6,
        "lastAvg": 2.38,
        "diff": 0.59,
        "avgMin": 18,
        "proj": 2.4,
        "lastAvgMin": 17.67,
        "oppOver": 0,
        "teamOver": 0,
        "gameLine": "+145",
        "+/-": "+14",
        "L5_+/-": "+4.0",
        "prevMatchup": "2023-04-02 0.0 sog 2023-01-21 4.0 sog 2022-12-10 3.0 sog 2022-10-28 3.0 sog",
        "winLossSplits": "81% - 58%",
        "awayHome": "A",
        "playedYesterday": "N",
        "awayHomeSplits": "63% - 76%",
        "savesAboveExp": -0.44,
        "gsaa": -0.71,
        "corsi": "49.6% (58.7) // 54.1% (65.8) // 58.6% (73.7) // 59.5% (72.0)",
        "fenwick": "49.5% (42.7) // 53.4% (47.0) // 58.7% (51.7) // 63.9% (53.0)",
        "shots": "49.8% (30.5) // 53.2% (32.4) // 57.5% (32.0) // 64.8% (35.0)",
        "scoring": "50.0% (30.4) // 52.7% (31.7) // 62.8% (38.3) // 65.1% (41.0)",
        "corsiAgainst": "50.4% (59.6) // 45.9% (55.9) // 41.4% (52.0) // 40.5% (49.0)",
        "fenwickAgainst": "50.5% (43.6) // 46.6% (40.9) // 41.3% (36.3) // 36.1% (30.0)",
        "shotsAgainst": "50.2% (30.7) // 46.8% (28.5) // 42.5% (23.7) // 35.2% (19.0)",
        "scoringAgainst": "50.0% (30.4) // 47.3% (28.4) // 37.2% (22.7) // 34.9% (22.0)",
        "oppCorsi": "59.9% (67.4) // 61.2% (68.8) // 57.4% (64.8) // 58.7% (67.5)",
        "oppFenwick": "59.1% (50.8) // 60.1% (51.8) // 55.9% (49.8) // 59.7% (54.0)",
        "oppShots": "57.2% (34.3) // 58.4% (34.4) // 52.0% (31.8) // 53.8% (32.0)",
        "oppScoring": "58.9% (33.3) // 62.3% (33.3) // 55.4% (30.7) // 54.5% (27.5)",
        "oppCorsiAgainst": "40.1% (45.2) // 38.8% (43.6) // 42.6% (48.0) // 41.3% (47.5)",
        "oppFenwickAgainst": "40.9% (35.1) // 39.9% (34.4) // 44.1% (39.2) // 40.3% (36.5)",
        "oppShotsAgainst": "42.8% (25.6) // 41.6% (24.5) // 48.0% (29.2) // 46.2% (27.5)",
        "oppScoringAgainst": "41.1% (23.3) // 37.7% (20.2) // 44.6% (24.8) // 45.5% (23.0)",
        "savesPerGame": 28.4,
        "savesPerGameLast1": 17.0,
        "savesPerGameLast3": 21.3,
        "savesPerGameLast5": 25.4,
        "savesPer60": 28.4,
        "savesPer60Last1": 17.0,
        "savesPer60Last3": 21.0,
        "savesPer60Last5": 25.0,
        "shotsPerGame": 30.8,
        "shotsPerGameLast5": 32.0,
        "shotsAgainstPerGame": 31.0,
        "shotsAgainstPerGameLast5": 27.4,
        "oppSavesAgainstPer60": 31.7,
        "oppSavesAgainstPer60Last1": 30.0,
        "oppSavesAgainstPer60Last3": 27.2,
        "oppSavesAgainstPer60Last5": 29.6,
        "oppShotsAgainstPerGame": 26.0,
        "oppShotsAgainstPerGameLast5": 28.0,
        "savesProj": 38.0,
        "savesProjLast5": 30.7,
        "savesProjLast3": 24.0,
        "oppSavesAgainstProj": 31.7,
        "oppSavesAgainstProjLast5": 26.8,
        "oppSavesAgainstProjLast3": 22.0,
        "totalOver": 70,
        "totalOverLast5": 40,
        "totalOverLast15": 47,
        "lastTotalOver": 68,
        "last5": "4,1,1,4,0,1,1,2,0,6",
        "overOdds": "-190",
        "underOdds": "+155",
        "overUnder": "-190 / +155"
    },
    {
        "player": "Jesperi Kotkaniemi",
        "team": "CAR",
        "opponent": "NYI",
        "propType": "sog",
        "line": 1.5,
        "ppLine": "PP2",
        "avg": 1.57,
        "hit": false,
        "diffAvg": 0.05,
        "diffAbs": 0.2,
        "lastAvg": 1.01,
        "diff": -0.33,
        "avgMin": 14,
        "proj": 1.2,
        "lastAvgMin": 12.02,
        "oppOver": 0,
        "teamOver": 0,
        "gameLine": "-170",
        "+/-": "+10",
        "L5_+/-": 0.0,
        "prevMatchup": "2023-04-02 4.0 sog 2023-01-21 1.0 sog 2022-12-10 2.0 sog 2022-10-28 2.0 sog",
        "winLossSplits": "44% - 57%",
        "awayHome": "H",
        "playedYesterday": "N",
        "awayHomeSplits": "51% - 46%",
        "savesAboveExp": 0.704,
        "gsaa": 35.99,
        "corsi": "59.9% (67.4) // 61.2% (68.8) // 57.4% (64.8) // 58.7% (67.5)",
        "fenwick": "59.1% (50.8) // 60.1% (51.8) // 55.9% (49.8) // 59.7% (54.0)",
        "shots": "57.2% (34.3) // 58.4% (34.4) // 52.0% (31.8) // 53.8% (32.0)",
        "scoring": "58.9% (33.3) // 62.3% (33.3) // 55.4% (30.7) // 54.5% (27.5)",
        "corsiAgainst": "40.1% (45.2) // 38.8% (43.6) // 42.6% (48.0) // 41.3% (47.5)",
        "fenwickAgainst": "40.9% (35.1) // 39.9% (34.4) // 44.1% (39.2) // 40.3% (36.5)",
        "shotsAgainst": "42.8% (25.6) // 41.6% (24.5) // 48.0% (29.2) // 46.2% (27.5)",
        "scoringAgainst": "41.1% (23.3) // 37.7% (20.2) // 44.6% (24.8) // 45.5% (23.0)",
        "oppCorsi": "49.6% (58.7) // 54.1% (65.8) // 58.6% (73.7) // 59.5% (72.0)",
        "oppFenwick": "49.5% (42.7) // 53.4% (47.0) // 58.7% (51.7) // 63.9% (53.0)",
        "oppShots": "49.8% (30.5) // 53.2% (32.4) // 57.5% (32.0) // 64.8% (35.0)",
        "oppScoring": "50.0% (30.4) // 52.7% (31.7) // 62.8% (38.3) // 65.1% (41.0)",
        "oppCorsiAgainst": "50.4% (59.6) // 45.9% (55.9) // 41.4% (52.0) // 40.5% (49.0)",
        "oppFenwickAgainst": "50.5% (43.6) // 46.6% (40.9) // 41.3% (36.3) // 36.1% (30.0)",
        "oppShotsAgainst": "50.2% (30.7) // 46.8% (28.5) // 42.5% (23.7) // 35.2% (19.0)",
        "oppScoringAgainst": "50.0% (30.4) // 47.3% (28.4) // 37.2% (22.7) // 34.9% (22.0)",
        "savesPerGame": 23.4,
        "savesPerGameLast1": 30.0,
        "savesPerGameLast3": 26.3,
        "savesPerGameLast5": 25.0,
        "savesPer60": 23.6,
        "savesPer60Last1": 30.0,
        "savesPer60Last3": 25.9,
        "savesPer60Last5": 24.5,
        "shotsPerGame": 34.8,
        "shotsPerGameLast5": 32.0,
        "shotsAgainstPerGame": 26.0,
        "shotsAgainstPerGameLast5": 28.0,
        "oppSavesAgainstPer60": 27.8,
        "oppSavesAgainstPer60Last1": 31.0,
        "oppSavesAgainstPer60Last3": 28.7,
        "oppSavesAgainstPer60Last5": 28.6,
        "oppShotsAgainstPerGame": 31.0,
        "oppShotsAgainstPerGameLast5": 27.4,
        "savesProj": 23.1,
        "savesProjLast5": 24.7,
        "savesProjLast3": 26.1,
        "oppSavesAgainstProj": 23.1,
        "oppSavesAgainstProjLast5": 24.4,
        "oppSavesAgainstProjLast3": 25.3,
        "totalOver": 49,
        "totalOverLast5": 80,
        "totalOverLast15": 53,
        "lastTotalOver": 47,
        "last5": "4,3,0,5,3,2,4,4,1,1",
        "overOdds": "-150",
        "underOdds": "+120",
        "overUnder": "-150 / +120"
    },
    {
        "player": "Kyle Palmieri",
        "team": "NYI",
        "opponent": "CAR",
        "propType": "sog",
        "line": 1.5,
        "ppLine": "PP2",
        "avg": 2.22,
        "hit": false,
        "diffAvg": 0.48,
        "diffAbs": 0.67,
        "lastAvg": 2.26,
        "diff": 0.51,
        "avgMin": 17,
        "proj": 2.5,
        "lastAvgMin": 15.62,
        "oppOver": 0,
        "teamOver": 0,
        "gameLine": "+145",
        "+/-": "+13",
        "L5_+/-": "+5.0",
        "prevMatchup": "2023-04-02 2.0 sog 2022-10-28 3.0 sog",
        "winLossSplits": "74% - 58%",
        "awayHome": "A",
        "playedYesterday": "N",
        "awayHomeSplits": "66% - 69%",
        "savesAboveExp": -0.44,
        "gsaa": -0.71,
        "corsi": "49.6% (58.7) // 54.1% (65.8) // 58.6% (73.7) // 59.5% (72.0)",
        "fenwick": "49.5% (42.7) // 53.4% (47.0) // 58.7% (51.7) // 63.9% (53.0)",
        "shots": "49.8% (30.5) // 53.2% (32.4) // 57.5% (32.0) // 64.8% (35.0)",
        "scoring": "50.0% (30.4) // 52.7% (31.7) // 62.8% (38.3) // 65.1% (41.0)",
        "corsiAgainst": "50.4% (59.6) // 45.9% (55.9) // 41.4% (52.0) // 40.5% (49.0)",
        "fenwickAgainst": "50.5% (43.6) // 46.6% (40.9) // 41.3% (36.3) // 36.1% (30.0)",
        "shotsAgainst": "50.2% (30.7) // 46.8% (28.5) // 42.5% (23.7) // 35.2% (19.0)",
        "scoringAgainst": "50.0% (30.4) // 47.3% (28.4) // 37.2% (22.7) // 34.9% (22.0)",
        "oppCorsi": "59.9% (67.4) // 61.2% (68.8) // 57.4% (64.8) // 58.7% (67.5)",
        "oppFenwick": "59.1% (50.8) // 60.1% (51.8) // 55.9% (49.8) // 59.7% (54.0)",
        "oppShots": "57.2% (34.3) // 58.4% (34.4) // 52.0% (31.8) // 53.8% (32.0)",
        "oppScoring": "58.9% (33.3) // 62.3% (33.3) // 55.4% (30.7) // 54.5% (27.5)",
        "oppCorsiAgainst": "40.1% (45.2) // 38.8% (43.6) // 42.6% (48.0) // 41.3% (47.5)",
        "oppFenwickAgainst": "40.9% (35.1) // 39.9% (34.4) // 44.1% (39.2) // 40.3% (36.5)",
        "oppShotsAgainst": "42.8% (25.6) // 41.6% (24.5) // 48.0% (29.2) // 46.2% (27.5)",
        "oppScoringAgainst": "41.1% (23.3) // 37.7% (20.2) // 44.6% (24.8) // 45.5% (23.0)",
        "savesPerGame": 28.4,
        "savesPerGameLast1": 17.0,
        "savesPerGameLast3": 21.3,
        "savesPerGameLast5": 25.4,
        "savesPer60": 28.4,
        "savesPer60Last1": 17.0,
        "savesPer60Last3": 21.0,
        "savesPer60Last5": 25.0,
        "shotsPerGame": 30.8,
        "shotsPerGameLast5": 32.0,
        "shotsAgainstPerGame": 31.0,
        "shotsAgainstPerGameLast5": 27.4,
        "oppSavesAgainstPer60": 31.7,
        "oppSavesAgainstPer60Last1": 30.0,
        "oppSavesAgainstPer60Last3": 27.2,
        "oppSavesAgainstPer60Last5": 29.6,
        "oppShotsAgainstPerGame": 26.0,
        "oppShotsAgainstPerGameLast5": 28.0,
        "savesProj": 38.0,
        "savesProjLast5": 30.7,
        "savesProjLast3": 24.0,
        "oppSavesAgainstProj": 31.7,
        "oppSavesAgainstProjLast5": 26.8,
        "oppSavesAgainstProjLast3": 22.0,
        "totalOver": 67,
        "totalOverLast5": 100,
        "totalOverLast15": 60,
        "lastTotalOver": 69,
        "last5": "3,3,2,3,2,4,0,7,4,1",
        "overOdds": "-185",
        "underOdds": "+150",
        "overUnder": "-185 / +150"
    },
    {
        "player": "Martin Necas",
        "team": "CAR",
        "opponent": "NYI",
        "propType": "sog",
        "line": 2.5,
        "ppLine": "PP1",
        "avg": 2.93,
        "hit": false,
        "diffAvg": 0.17,
        "diffAbs": 0.24,
        "lastAvg": 1.73,
        "diff": -0.31,
        "avgMin": 18,
        "proj": 1.9,
        "lastAvgMin": 16.18,
        "oppOver": 0,
        "teamOver": 0,
        "gameLine": "-170",
        "+/-": "+5",
        "L5_+/-": -2.0,
        "prevMatchup": "2023-04-02 4.0 sog 2023-01-21 0.0 sog 2022-12-10 3.0 sog 2022-10-28 2.0 sog",
        "winLossSplits": "60% - 43%",
        "awayHome": "H",
        "playedYesterday": "N",
        "awayHomeSplits": "63% - 44%",
        "savesAboveExp": 0.704,
        "gsaa": 35.99,
        "corsi": "59.9% (67.4) // 61.2% (68.8) // 57.4% (64.8) // 58.7% (67.5)",
        "fenwick": "59.1% (50.8) // 60.1% (51.8) // 55.9% (49.8) // 59.7% (54.0)",
        "shots": "57.2% (34.3) // 58.4% (34.4) // 52.0% (31.8) // 53.8% (32.0)",
        "scoring": "58.9% (33.3) // 62.3% (33.3) // 55.4% (30.7) // 54.5% (27.5)",
        "corsiAgainst": "40.1% (45.2) // 38.8% (43.6) // 42.6% (48.0) // 41.3% (47.5)",
        "fenwickAgainst": "40.9% (35.1) // 39.9% (34.4) // 44.1% (39.2) // 40.3% (36.5)",
        "shotsAgainst": "42.8% (25.6) // 41.6% (24.5) // 48.0% (29.2) // 46.2% (27.5)",
        "scoringAgainst": "41.1% (23.3) // 37.7% (20.2) // 44.6% (24.8) // 45.5% (23.0)",
        "oppCorsi": "49.6% (58.7) // 54.1% (65.8) // 58.6% (73.7) // 59.5% (72.0)",
        "oppFenwick": "49.5% (42.7) // 53.4% (47.0) // 58.7% (51.7) // 63.9% (53.0)",
        "oppShots": "49.8% (30.5) // 53.2% (32.4) // 57.5% (32.0) // 64.8% (35.0)",
        "oppScoring": "50.0% (30.4) // 52.7% (31.7) // 62.8% (38.3) // 65.1% (41.0)",
        "oppCorsiAgainst": "50.4% (59.6) // 45.9% (55.9) // 41.4% (52.0) // 40.5% (49.0)",
        "oppFenwickAgainst": "50.5% (43.6) // 46.6% (40.9) // 41.3% (36.3) // 36.1% (30.0)",
        "oppShotsAgainst": "50.2% (30.7) // 46.8% (28.5) // 42.5% (23.7) // 35.2% (19.0)",
        "oppScoringAgainst": "50.0% (30.4) // 47.3% (28.4) // 37.2% (22.7) // 34.9% (22.0)",
        "savesPerGame": 23.4,
        "savesPerGameLast1": 30.0,
        "savesPerGameLast3": 26.3,
        "savesPerGameLast5": 25.0,
        "savesPer60": 23.6,
        "savesPer60Last1": 30.0,
        "savesPer60Last3": 25.9,
        "savesPer60Last5": 24.5,
        "shotsPerGame": 34.8,
        "shotsPerGameLast5": 32.0,
        "shotsAgainstPerGame": 26.0,
        "shotsAgainstPerGameLast5": 28.0,
        "oppSavesAgainstPer60": 27.8,
        "oppSavesAgainstPer60Last1": 31.0,
        "oppSavesAgainstPer60Last3": 28.7,
        "oppSavesAgainstPer60Last5": 28.6,
        "oppShotsAgainstPerGame": 31.0,
        "oppShotsAgainstPerGameLast5": 27.4,
        "savesProj": 23.1,
        "savesProjLast5": 24.7,
        "savesProjLast3": 26.1,
        "oppSavesAgainstProj": 23.1,
        "oppSavesAgainstProjLast5": 24.4,
        "oppSavesAgainstProjLast3": 25.3,
        "totalOver": 54,
        "totalOverLast5": 0,
        "totalOverLast15": 27,
        "lastTotalOver": 37,
        "last5": "2,2,2,0,2,5,4,1,4,2",
        "overOdds": "-125",
        "underOdds": "-105",
        "overUnder": "-125 / -105"
    },
    {
        "player": "Mathew Barzal",
        "team": "NYI",
        "opponent": "CAR",
        "propType": "sog",
        "line": 1.5,
        "ppLine": "PP1",
        "avg": 2.4,
        "hit": false,
        "diffAvg": 0.6,
        "diffAbs": 0.47,
        "lastAvg": 2.21,
        "diff": 0.47,
        "avgMin": 18,
        "proj": 2.2,
        "lastAvgMin": 18.02,
        "oppOver": 0,
        "teamOver": 0,
        "gameLine": "+145",
        "+/-": "+7",
        "L5_+/-": "+5.0",
        "prevMatchup": "2023-01-21 6.0 sog 2022-12-10 1.0 sog 2022-10-28 3.0 sog",
        "winLossSplits": "64% - 67%",
        "awayHome": "A",
        "playedYesterday": "N",
        "awayHomeSplits": "64% - 67%",
        "savesAboveExp": -0.44,
        "gsaa": -0.71,
        "corsi": "49.6% (58.7) // 54.1% (65.8) // 58.6% (73.7) // 59.5% (72.0)",
        "fenwick": "49.5% (42.7) // 53.4% (47.0) // 58.7% (51.7) // 63.9% (53.0)",
        "shots": "49.8% (30.5) // 53.2% (32.4) // 57.5% (32.0) // 64.8% (35.0)",
        "scoring": "50.0% (30.4) // 52.7% (31.7) // 62.8% (38.3) // 65.1% (41.0)",
        "corsiAgainst": "50.4% (59.6) // 45.9% (55.9) // 41.4% (52.0) // 40.5% (49.0)",
        "fenwickAgainst": "50.5% (43.6) // 46.6% (40.9) // 41.3% (36.3) // 36.1% (30.0)",
        "shotsAgainst": "50.2% (30.7) // 46.8% (28.5) // 42.5% (23.7) // 35.2% (19.0)",
        "scoringAgainst": "50.0% (30.4) // 47.3% (28.4) // 37.2% (22.7) // 34.9% (22.0)",
        "oppCorsi": "59.9% (67.4) // 61.2% (68.8) // 57.4% (64.8) // 58.7% (67.5)",
        "oppFenwick": "59.1% (50.8) // 60.1% (51.8) // 55.9% (49.8) // 59.7% (54.0)",
        "oppShots": "57.2% (34.3) // 58.4% (34.4) // 52.0% (31.8) // 53.8% (32.0)",
        "oppScoring": "58.9% (33.3) // 62.3% (33.3) // 55.4% (30.7) // 54.5% (27.5)",
        "oppCorsiAgainst": "40.1% (45.2) // 38.8% (43.6) // 42.6% (48.0) // 41.3% (47.5)",
        "oppFenwickAgainst": "40.9% (35.1) // 39.9% (34.4) // 44.1% (39.2) // 40.3% (36.5)",
        "oppShotsAgainst": "42.8% (25.6) // 41.6% (24.5) // 48.0% (29.2) // 46.2% (27.5)",
        "oppScoringAgainst": "41.1% (23.3) // 37.7% (20.2) // 44.6% (24.8) // 45.5% (23.0)",
        "savesPerGame": 28.4,
        "savesPerGameLast1": 17.0,
        "savesPerGameLast3": 21.3,
        "savesPerGameLast5": 25.4,
        "savesPer60": 28.4,
        "savesPer60Last1": 17.0,
        "savesPer60Last3": 21.0,
        "savesPer60Last5": 25.0,
        "shotsPerGame": 30.8,
        "shotsPerGameLast5": 32.0,
        "shotsAgainstPerGame": 31.0,
        "shotsAgainstPerGameLast5": 27.4,
        "oppSavesAgainstPer60": 31.7,
        "oppSavesAgainstPer60Last1": 30.0,
        "oppSavesAgainstPer60Last3": 27.2,
        "oppSavesAgainstPer60Last5": 29.6,
        "oppShotsAgainstPerGame": 26.0,
        "oppShotsAgainstPerGameLast5": 28.0,
        "savesProj": 38.0,
        "savesProjLast5": 30.7,
        "savesProjLast3": 24.0,
        "oppSavesAgainstProj": 31.7,
        "oppSavesAgainstProjLast5": 26.8,
        "oppSavesAgainstProjLast3": 22.0,
        "totalOver": 66,
        "totalOverLast5": 40,
        "totalOverLast15": 47,
        "lastTotalOver": 59,
        "last5": "0,1,7,3,1,1,2,6,3,1",
        "overOdds": "-155",
        "underOdds": "+125",
        "overUnder": "-155 / +125"
    },
    {
        "player": "Noah Dobson",
        "team": "NYI",
        "opponent": "CAR",
        "propType": "sog",
        "line": 2.5,
        "ppLine": "PP1",
        "avg": 2.64,
        "hit": false,
        "diffAvg": 0.06,
        "diffAbs": 0.12,
        "lastAvg": 2.38,
        "diff": -0.05,
        "avgMin": 20,
        "proj": 2.2,
        "lastAvgMin": 21.45,
        "oppOver": 0,
        "teamOver": 0,
        "gameLine": "+145",
        "+/-": "+5",
        "L5_+/-": "+3.0",
        "prevMatchup": "2023-04-02 1.0 sog 2023-01-21 5.0 sog 2022-12-10 1.0 sog 2022-10-28 1.0 sog",
        "winLossSplits": "45% - 50%",
        "awayHome": "A",
        "playedYesterday": "N",
        "awayHomeSplits": "38% - 56%",
        "savesAboveExp": -0.44,
        "gsaa": -0.71,
        "corsi": "49.6% (58.7) // 54.1% (65.8) // 58.6% (73.7) // 59.5% (72.0)",
        "fenwick": "49.5% (42.7) // 53.4% (47.0) // 58.7% (51.7) // 63.9% (53.0)",
        "shots": "49.8% (30.5) // 53.2% (32.4) // 57.5% (32.0) // 64.8% (35.0)",
        "scoring": "50.0% (30.4) // 52.7% (31.7) // 62.8% (38.3) // 65.1% (41.0)",
        "corsiAgainst": "50.4% (59.6) // 45.9% (55.9) // 41.4% (52.0) // 40.5% (49.0)",
        "fenwickAgainst": "50.5% (43.6) // 46.6% (40.9) // 41.3% (36.3) // 36.1% (30.0)",
        "shotsAgainst": "50.2% (30.7) // 46.8% (28.5) // 42.5% (23.7) // 35.2% (19.0)",
        "scoringAgainst": "50.0% (30.4) // 47.3% (28.4) // 37.2% (22.7) // 34.9% (22.0)",
        "oppCorsi": "59.9% (67.4) // 61.2% (68.8) // 57.4% (64.8) // 58.7% (67.5)",
        "oppFenwick": "59.1% (50.8) // 60.1% (51.8) // 55.9% (49.8) // 59.7% (54.0)",
        "oppShots": "57.2% (34.3) // 58.4% (34.4) // 52.0% (31.8) // 53.8% (32.0)",
        "oppScoring": "58.9% (33.3) // 62.3% (33.3) // 55.4% (30.7) // 54.5% (27.5)",
        "oppCorsiAgainst": "40.1% (45.2) // 38.8% (43.6) // 42.6% (48.0) // 41.3% (47.5)",
        "oppFenwickAgainst": "40.9% (35.1) // 39.9% (34.4) // 44.1% (39.2) // 40.3% (36.5)",
        "oppShotsAgainst": "42.8% (25.6) // 41.6% (24.5) // 48.0% (29.2) // 46.2% (27.5)",
        "oppScoringAgainst": "41.1% (23.3) // 37.7% (20.2) // 44.6% (24.8) // 45.5% (23.0)",
        "savesPerGame": 28.4,
        "savesPerGameLast1": 17.0,
        "savesPerGameLast3": 21.3,
        "savesPerGameLast5": 25.4,
        "savesPer60": 28.4,
        "savesPer60Last1": 17.0,
        "savesPer60Last3": 21.0,
        "savesPer60Last5": 25.0,
        "shotsPerGame": 30.8,
        "shotsPerGameLast5": 32.0,
        "shotsAgainstPerGame": 31.0,
        "shotsAgainstPerGameLast5": 27.4,
        "oppSavesAgainstPer60": 31.7,
        "oppSavesAgainstPer60Last1": 30.0,
        "oppSavesAgainstPer60Last3": 27.2,
        "oppSavesAgainstPer60Last5": 29.6,
        "oppShotsAgainstPerGame": 26.0,
        "oppShotsAgainstPerGameLast5": 28.0,
        "savesProj": 38.0,
        "savesProjLast5": 30.7,
        "savesProjLast3": 24.0,
        "oppSavesAgainstProj": 31.7,
        "oppSavesAgainstProjLast5": 26.8,
        "oppSavesAgainstProjLast3": 22.0,
        "totalOver": 47,
        "totalOverLast5": 40,
        "totalOverLast15": 40,
        "lastTotalOver": 37,
        "last5": "3,3,1,0,1,4,1,4,2,0",
        "overOdds": "+135",
        "underOdds": "-165",
        "overUnder": "+135 / -165"
    },
    {
        "player": "Seth Jarvis",
        "team": "CAR",
        "opponent": "NYI",
        "propType": "sog",
        "line": 2.5,
        "ppLine": "PP1",
        "avg": 2.28,
        "hit": false,
        "diffAvg": -0.09,
        "diffAbs": 0.4,
        "lastAvg": 1.34,
        "diff": -0.46,
        "avgMin": 16,
        "proj": 1.5,
        "lastAvgMin": 13.87,
        "oppOver": 0,
        "teamOver": 0,
        "gameLine": "-170",
        "+/-": "+10",
        "L5_+/-": -4.0,
        "prevMatchup": "2023-04-02 1.0 sog 2023-01-21 2.0 sog 2022-12-10 1.0 sog 2022-10-28 0.0 sog",
        "winLossSplits": "35% - 50%",
        "awayHome": "H",
        "playedYesterday": "N",
        "awayHomeSplits": "41% - 39%",
        "savesAboveExp": 0.704,
        "gsaa": 35.99,
        "corsi": "59.9% (67.4) // 61.2% (68.8) // 57.4% (64.8) // 58.7% (67.5)",
        "fenwick": "59.1% (50.8) // 60.1% (51.8) // 55.9% (49.8) // 59.7% (54.0)",
        "shots": "57.2% (34.3) // 58.4% (34.4) // 52.0% (31.8) // 53.8% (32.0)",
        "scoring": "58.9% (33.3) // 62.3% (33.3) // 55.4% (30.7) // 54.5% (27.5)",
        "corsiAgainst": "40.1% (45.2) // 38.8% (43.6) // 42.6% (48.0) // 41.3% (47.5)",
        "fenwickAgainst": "40.9% (35.1) // 39.9% (34.4) // 44.1% (39.2) // 40.3% (36.5)",
        "shotsAgainst": "42.8% (25.6) // 41.6% (24.5) // 48.0% (29.2) // 46.2% (27.5)",
        "scoringAgainst": "41.1% (23.3) // 37.7% (20.2) // 44.6% (24.8) // 45.5% (23.0)",
        "oppCorsi": "49.6% (58.7) // 54.1% (65.8) // 58.6% (73.7) // 59.5% (72.0)",
        "oppFenwick": "49.5% (42.7) // 53.4% (47.0) // 58.7% (51.7) // 63.9% (53.0)",
        "oppShots": "49.8% (30.5) // 53.2% (32.4) // 57.5% (32.0) // 64.8% (35.0)",
        "oppScoring": "50.0% (30.4) // 52.7% (31.7) // 62.8% (38.3) // 65.1% (41.0)",
        "oppCorsiAgainst": "50.4% (59.6) // 45.9% (55.9) // 41.4% (52.0) // 40.5% (49.0)",
        "oppFenwickAgainst": "50.5% (43.6) // 46.6% (40.9) // 41.3% (36.3) // 36.1% (30.0)",
        "oppShotsAgainst": "50.2% (30.7) // 46.8% (28.5) // 42.5% (23.7) // 35.2% (19.0)",
        "oppScoringAgainst": "50.0% (30.4) // 47.3% (28.4) // 37.2% (22.7) // 34.9% (22.0)",
        "savesPerGame": 23.4,
        "savesPerGameLast1": 30.0,
        "savesPerGameLast3": 26.3,
        "savesPerGameLast5": 25.0,
        "savesPer60": 23.6,
        "savesPer60Last1": 30.0,
        "savesPer60Last3": 25.9,
        "savesPer60Last5": 24.5,
        "shotsPerGame": 34.8,
        "shotsPerGameLast5": 32.0,
        "shotsAgainstPerGame": 26.0,
        "shotsAgainstPerGameLast5": 28.0,
        "oppSavesAgainstPer60": 27.8,
        "oppSavesAgainstPer60Last1": 31.0,
        "oppSavesAgainstPer60Last3": 28.7,
        "oppSavesAgainstPer60Last5": 28.6,
        "oppShotsAgainstPerGame": 31.0,
        "oppShotsAgainstPerGameLast5": 27.4,
        "savesProj": 23.1,
        "savesProjLast5": 24.7,
        "savesProjLast3": 26.1,
        "oppSavesAgainstProj": 23.1,
        "oppSavesAgainstProjLast5": 24.4,
        "oppSavesAgainstProjLast3": 25.3,
        "totalOver": 40,
        "totalOverLast5": 40,
        "totalOverLast15": 33,
        "lastTotalOver": 30,
        "last5": "1,2,5,4,2,1,1,4,2,2",
        "overOdds": "+105",
        "underOdds": "-135",
        "overUnder": "+105 / -135"
    },
    {
        "player": "Teuvo Teravainen",
        "team": "CAR",
        "opponent": "NYI",
        "propType": "sog",
        "line": 1.5,
        "ppLine": "PP2",
        "avg": 2.12,
        "hit": false,
        "diffAvg": 0.41,
        "diffAbs": 0.33,
        "lastAvg": 2.22,
        "diff": 0.48,
        "avgMin": 16,
        "proj": 2.0,
        "lastAvgMin": 17.68,
        "oppOver": 0,
        "teamOver": 0,
        "gameLine": "-170",
        "+/-": "+11",
        "L5_+/-": 0.0,
        "prevMatchup": "2023-01-21 0.0 sog 2022-12-10 5.0 sog 2022-10-28 2.0 sog",
        "winLossSplits": "58% - 57%",
        "awayHome": "H",
        "playedYesterday": "N",
        "awayHomeSplits": "59% - 56%",
        "savesAboveExp": 0.704,
        "gsaa": 35.99,
        "corsi": "59.9% (67.4) // 61.2% (68.8) // 57.4% (64.8) // 58.7% (67.5)",
        "fenwick": "59.1% (50.8) // 60.1% (51.8) // 55.9% (49.8) // 59.7% (54.0)",
        "shots": "57.2% (34.3) // 58.4% (34.4) // 52.0% (31.8) // 53.8% (32.0)",
        "scoring": "58.9% (33.3) // 62.3% (33.3) // 55.4% (30.7) // 54.5% (27.5)",
        "corsiAgainst": "40.1% (45.2) // 38.8% (43.6) // 42.6% (48.0) // 41.3% (47.5)",
        "fenwickAgainst": "40.9% (35.1) // 39.9% (34.4) // 44.1% (39.2) // 40.3% (36.5)",
        "shotsAgainst": "42.8% (25.6) // 41.6% (24.5) // 48.0% (29.2) // 46.2% (27.5)",
        "scoringAgainst": "41.1% (23.3) // 37.7% (20.2) // 44.6% (24.8) // 45.5% (23.0)",
        "oppCorsi": "49.6% (58.7) // 54.1% (65.8) // 58.6% (73.7) // 59.5% (72.0)",
        "oppFenwick": "49.5% (42.7) // 53.4% (47.0) // 58.7% (51.7) // 63.9% (53.0)",
        "oppShots": "49.8% (30.5) // 53.2% (32.4) // 57.5% (32.0) // 64.8% (35.0)",
        "oppScoring": "50.0% (30.4) // 52.7% (31.7) // 62.8% (38.3) // 65.1% (41.0)",
        "oppCorsiAgainst": "50.4% (59.6) // 45.9% (55.9) // 41.4% (52.0) // 40.5% (49.0)",
        "oppFenwickAgainst": "50.5% (43.6) // 46.6% (40.9) // 41.3% (36.3) // 36.1% (30.0)",
        "oppShotsAgainst": "50.2% (30.7) // 46.8% (28.5) // 42.5% (23.7) // 35.2% (19.0)",
        "oppScoringAgainst": "50.0% (30.4) // 47.3% (28.4) // 37.2% (22.7) // 34.9% (22.0)",
        "savesPerGame": 23.4,
        "savesPerGameLast1": 30.0,
        "savesPerGameLast3": 26.3,
        "savesPerGameLast5": 25.0,
        "savesPer60": 23.6,
        "savesPer60Last1": 30.0,
        "savesPer60Last3": 25.9,
        "savesPer60Last5": 24.5,
        "shotsPerGame": 34.8,
        "shotsPerGameLast5": 32.0,
        "shotsAgainstPerGame": 26.0,
        "shotsAgainstPerGameLast5": 28.0,
        "oppSavesAgainstPer60": 27.8,
        "oppSavesAgainstPer60Last1": 31.0,
        "oppSavesAgainstPer60Last3": 28.7,
        "oppSavesAgainstPer60Last5": 28.6,
        "oppShotsAgainstPerGame": 31.0,
        "oppShotsAgainstPerGameLast5": 27.4,
        "savesProj": 23.1,
        "savesProjLast5": 24.7,
        "savesProjLast3": 26.1,
        "oppSavesAgainstProj": 23.1,
        "oppSavesAgainstProjLast5": 24.4,
        "oppSavesAgainstProjLast3": 25.3,
        "totalOver": 57,
        "totalOverLast5": 60,
        "totalOverLast15": 47,
        "lastTotalOver": 72,
        "last5": "1,3,1,3,2,1,1,2,1,2",
        "overOdds": "-185",
        "underOdds": "+150",
        "overUnder": "-185 / +150"
    },
    {
        "player": "Aaron Ekblad",
        "team": "FLA",
        "opponent": "BOS",
        "propType": "sog",
        "line": 2.5,
        "ppLine": "PP1",
        "avg": 3.07,
        "hit": false,
        "diffAvg": 0.23,
        "diffAbs": 0.08,
        "lastAvg": 2.54,
        "diff": 0.02,
        "avgMin": 23,
        "proj": 2.3,
        "lastAvgMin": 24.92,
        "oppOver": 0,
        "teamOver": 0,
        "gameLine": "+190",
        "+/-": -15,
        "L5_+/-": "+1.0",
