[
    {
        "player": "Brady Skjei",
        "team": "CAR",
        "opponent": "NJ",
        "propType": "sog",
        "line": 2.5,
        "ppLine": "",
        "avg": 2.33,
        "hit": false,
        "diffAvg": -0.07,
        "diffAbs": 0.24,
        "lastAvg": 1.92,
        "diff": -0.23,
        "avgMin": 21,
        "proj": 1.9,
        "lastAvgMin": 21.13,
        "oppOver": 0,
        "teamOver": 0,
        "gameLine": "-120",
        "+/-": "+4",
        "L5_+/-": -7.0,
        "prevMatchup": "2023-03-12 3.0 sog 2023-01-10 0.0 sog 2023-01-01 5.0 sog 2022-12-20 1.0 sog",
        "winLossSplits": "53% - 31%",
        "awayHome": "H",
        "playedYesterday": "N",
        "awayHomeSplits": "44% - 45%",
        "savesAboveExp": 0.922,
        "gsaa": 7.07,
        "corsi": "59.9% (67.4) // 61.2% (68.8) // 59.9% (67.4) // 59.9% (67.4)",
        "fenwick": "59.1% (50.8) // 60.1% (51.8) // 59.1% (50.8) // 59.1% (50.8)",
        "shots": "57.2% (34.3) // 58.4% (34.4) // 57.2% (34.3) // 57.2% (34.3)",
        "scoring": "58.9% (33.3) // 62.3% (33.3) // 58.9% (33.3) // 58.9% (33.3)",
        "corsiAgainst": "40.1% (45.2) // 38.8% (43.6) // 40.1% (45.2) // 40.1% (45.2)",
        "fenwickAgainst": "40.9% (35.1) // 39.9% (34.4) // 40.9% (35.1) // 40.9% (35.1)",
        "shotsAgainst": "42.8% (25.6) // 41.6% (24.5) // 42.8% (25.6) // 42.8% (25.6)",
        "scoringAgainst": "41.1% (23.3) // 37.7% (20.2) // 41.1% (23.3) // 41.1% (23.3)",
        "oppCorsi": "53.7% (63.4) // 55.1% (64.9) // 53.7% (63.4) // 53.7% (63.4)",
        "oppFenwick": "53.9% (46.9) // 55.2% (48.2) // 53.9% (46.9) // 53.9% (46.9)",
        "oppShots": "54.9% (33.9) // 54.4% (33.3) // 54.9% (33.9) // 54.9% (33.9)",
        "oppScoring": "56.3% (35.0) // 60.7% (39.4) // 56.3% (35.0) // 56.3% (35.0)",
        "oppCorsiAgainst": "46.3% (54.8) // 44.9% (52.8) // 46.3% (54.8) // 46.3% (54.8)",
        "oppFenwickAgainst": "46.1% (40.1) // 44.8% (39.2) // 46.1% (40.1) // 46.1% (40.1)",
        "oppShotsAgainst": "45.1% (27.8) // 45.6% (28.0) // 45.1% (27.8) // 45.1% (27.8)",
        "oppScoringAgainst": "43.7% (27.1) // 39.3% (25.5) // 43.7% (27.1) // 43.7% (27.1)",
        "savesPerGame": 23.4,
        "savesPerGameLast1": 33.0,
        "savesPerGameLast3": 26.3,
        "savesPerGameLast5": 26.8,
        "savesPer60": 25.3,
        "savesPer60Last1": 36.3,
        "savesPer60Last3": 26.8,
        "savesPer60Last5": 27.5,
        "shotsPerGame": 34.8,
        "shotsPerGameLast5": 34.6,
        "shotsAgainstPerGame": 26.0,
        "shotsAgainstPerGameLast5": 29.6,
        "oppSavesAgainstPer60": 33.7,
        "oppSavesAgainstPer60Last1": 20.0,
        "oppSavesAgainstPer60Last3": 30.8,
        "oppSavesAgainstPer60Last5": 27.5,
        "oppShotsAgainstPerGame": 28.2,
        "oppShotsAgainstPerGameLast5": 28.4,
        "savesProj": 27.8,
        "savesProjLast5": 27.5,
        "savesProjLast3": 29.9,
        "oppSavesAgainstProj": 27.2,
        "oppSavesAgainstProjLast5": 24.6,
        "oppSavesAgainstProjLast3": 27.1,
        "totalOver": 45,
        "totalOverLast5": 40,
        "totalOverLast15": 47,
        "lastTotalOver": 35,
        "last5": "3,2,1,2,3,4,4,1,1,2",
        "overOdds": "+135",
        "underOdds": "-165",
        "overUnder": "+135 / -165"
    },
    {
        "player": "Brent Burns",
        "team": "CAR",
        "opponent": "NJ",
        "propType": "sog",
        "line": 3.5,
        "ppLine": "PP1",
        "avg": 3.2,
        "hit": false,
        "diffAvg": -0.09,
        "diffAbs": 0.37,
        "lastAvg": 2.48,
        "diff": -0.29,
        "avgMin": 23,
        "proj": 2.2,
        "lastAvgMin": 26.13,
        "oppOver": 0,
        "teamOver": 0,
        "gameLine": "-120",
        "+/-": "+18",
        "L5_+/-": "+4.0",
        "prevMatchup": "2023-03-12 5.0 sog 2023-01-10 3.0 sog 2023-01-01 7.0 sog 2022-12-20 0.0 sog",
        "winLossSplits": "30% - 47%",
        "awayHome": "H",
        "playedYesterday": "N",
        "awayHomeSplits": "41% - 32%",
        "savesAboveExp": 0.922,
        "gsaa": 7.07,
        "corsi": "59.9% (67.4) // 61.2% (68.8) // 59.9% (67.4) // 59.9% (67.4)",
        "fenwick": "59.1% (50.8) // 60.1% (51.8) // 59.1% (50.8) // 59.1% (50.8)",
        "shots": "57.2% (34.3) // 58.4% (34.4) // 57.2% (34.3) // 57.2% (34.3)",
        "scoring": "58.9% (33.3) // 62.3% (33.3) // 58.9% (33.3) // 58.9% (33.3)",
        "corsiAgainst": "40.1% (45.2) // 38.8% (43.6) // 40.1% (45.2) // 40.1% (45.2)",
        "fenwickAgainst": "40.9% (35.1) // 39.9% (34.4) // 40.9% (35.1) // 40.9% (35.1)",
        "shotsAgainst": "42.8% (25.6) // 41.6% (24.5) // 42.8% (25.6) // 42.8% (25.6)",
        "scoringAgainst": "41.1% (23.3) // 37.7% (20.2) // 41.1% (23.3) // 41.1% (23.3)",
        "oppCorsi": "53.7% (63.4) // 55.1% (64.9) // 53.7% (63.4) // 53.7% (63.4)",
        "oppFenwick": "53.9% (46.9) // 55.2% (48.2) // 53.9% (46.9) // 53.9% (46.9)",
        "oppShots": "54.9% (33.9) // 54.4% (33.3) // 54.9% (33.9) // 54.9% (33.9)",
        "oppScoring": "56.3% (35.0) // 60.7% (39.4) // 56.3% (35.0) // 56.3% (35.0)",
        "oppCorsiAgainst": "46.3% (54.8) // 44.9% (52.8) // 46.3% (54.8) // 46.3% (54.8)",
        "oppFenwickAgainst": "46.1% (40.1) // 44.8% (39.2) // 46.1% (40.1) // 46.1% (40.1)",
        "oppShotsAgainst": "45.1% (27.8) // 45.6% (28.0) // 45.1% (27.8) // 45.1% (27.8)",
        "oppScoringAgainst": "43.7% (27.1) // 39.3% (25.5) // 43.7% (27.1) // 43.7% (27.1)",
        "savesPerGame": 23.4,
        "savesPerGameLast1": 33.0,
        "savesPerGameLast3": 26.3,
        "savesPerGameLast5": 26.8,
        "savesPer60": 25.3,
        "savesPer60Last1": 36.3,
        "savesPer60Last3": 26.8,
        "savesPer60Last5": 27.5,
        "shotsPerGame": 34.8,
        "shotsPerGameLast5": 34.6,
        "shotsAgainstPerGame": 26.0,
        "shotsAgainstPerGameLast5": 29.6,
        "oppSavesAgainstPer60": 33.7,
        "oppSavesAgainstPer60Last1": 20.0,
        "oppSavesAgainstPer60Last3": 30.8,
        "oppSavesAgainstPer60Last5": 27.5,
        "oppShotsAgainstPerGame": 28.2,
        "oppShotsAgainstPerGameLast5": 28.4,
        "savesProj": 27.8,
        "savesProjLast5": 27.5,
        "savesProjLast3": 29.9,
        "oppSavesAgainstProj": 27.2,
        "oppSavesAgainstProjLast5": 24.6,
        "oppSavesAgainstProjLast3": 27.1,
        "totalOver": 36,
        "totalOverLast5": 80,
        "totalOverLast15": 60,
        "lastTotalOver": 18,
        "last5": "5,6,5,1,4,6,5,3,5,3",
        "overOdds": "-110",
        "underOdds": "-120",
        "overUnder": "-110 / -120"
    },
    {
        "player": "Brett Pesce",
        "team": "CAR",
        "opponent": "NJ",
        "propType": "sog",
        "line": 1.5,
        "ppLine": "",
        "avg": 1.8,
        "hit": false,
        "diffAvg": 0.2,
        "diffAbs": 0.13,
        "lastAvg": 1.76,
        "diff": 0.17,
        "avgMin": 21,
        "proj": 1.7,
        "lastAvgMin": 21.7,
        "oppOver": 0,
        "teamOver": 0,
        "gameLine": "-120",
        "+/-": "+10",
        "L5_+/-": -3.0,
        "prevMatchup": "2023-03-12 4.0 sog 2023-01-10 1.0 sog 2023-01-01 1.0 sog 2022-12-20 0.0 sog",
        "winLossSplits": "57% - 41%",
        "awayHome": "H",
        "playedYesterday": "N",
        "awayHomeSplits": "45% - 57%",
        "savesAboveExp": 0.922,
        "gsaa": 7.07,
        "corsi": "59.9% (67.4) // 61.2% (68.8) // 59.9% (67.4) // 59.9% (67.4)",
        "fenwick": "59.1% (50.8) // 60.1% (51.8) // 59.1% (50.8) // 59.1% (50.8)",
        "shots": "57.2% (34.3) // 58.4% (34.4) // 57.2% (34.3) // 57.2% (34.3)",
        "scoring": "58.9% (33.3) // 62.3% (33.3) // 58.9% (33.3) // 58.9% (33.3)",
        "corsiAgainst": "40.1% (45.2) // 38.8% (43.6) // 40.1% (45.2) // 40.1% (45.2)",
        "fenwickAgainst": "40.9% (35.1) // 39.9% (34.4) // 40.9% (35.1) // 40.9% (35.1)",
        "shotsAgainst": "42.8% (25.6) // 41.6% (24.5) // 42.8% (25.6) // 42.8% (25.6)",
        "scoringAgainst": "41.1% (23.3) // 37.7% (20.2) // 41.1% (23.3) // 41.1% (23.3)",
        "oppCorsi": "53.7% (63.4) // 55.1% (64.9) // 53.7% (63.4) // 53.7% (63.4)",
        "oppFenwick": "53.9% (46.9) // 55.2% (48.2) // 53.9% (46.9) // 53.9% (46.9)",
        "oppShots": "54.9% (33.9) // 54.4% (33.3) // 54.9% (33.9) // 54.9% (33.9)",
        "oppScoring": "56.3% (35.0) // 60.7% (39.4) // 56.3% (35.0) // 56.3% (35.0)",
        "oppCorsiAgainst": "46.3% (54.8) // 44.9% (52.8) // 46.3% (54.8) // 46.3% (54.8)",
        "oppFenwickAgainst": "46.1% (40.1) // 44.8% (39.2) // 46.1% (40.1) // 46.1% (40.1)",
        "oppShotsAgainst": "45.1% (27.8) // 45.6% (28.0) // 45.1% (27.8) // 45.1% (27.8)",
        "oppScoringAgainst": "43.7% (27.1) // 39.3% (25.5) // 43.7% (27.1) // 43.7% (27.1)",
        "savesPerGame": 23.4,
        "savesPerGameLast1": 33.0,
        "savesPerGameLast3": 26.3,
        "savesPerGameLast5": 26.8,
        "savesPer60": 25.3,
        "savesPer60Last1": 36.3,
        "savesPer60Last3": 26.8,
        "savesPer60Last5": 27.5,
        "shotsPerGame": 34.8,
        "shotsPerGameLast5": 34.6,
        "shotsAgainstPerGame": 26.0,
        "shotsAgainstPerGameLast5": 29.6,
        "oppSavesAgainstPer60": 33.7,
        "oppSavesAgainstPer60Last1": 20.0,
        "oppSavesAgainstPer60Last3": 30.8,
        "oppSavesAgainstPer60Last5": 27.5,
        "oppShotsAgainstPerGame": 28.2,
        "oppShotsAgainstPerGameLast5": 28.4,
        "savesProj": 27.8,
        "savesProjLast5": 27.5,
        "savesProjLast3": 29.9,
        "oppSavesAgainstProj": 27.2,
        "oppSavesAgainstProjLast5": 24.6,
        "oppSavesAgainstProjLast3": 27.1,
        "totalOver": 51,
        "totalOverLast5": 60,
        "totalOverLast15": 53,
        "lastTotalOver": 59,
        "last5": "1,4,1,3,2,3,1,2,1,0",
        "overOdds": "-145",
        "underOdds": "+115",
        "overUnder": "-145 / +115"
    },
    {
        "player": "Dawson Mercer",
        "team": "NJ",
        "opponent": "CAR",
        "propType": "sog",
        "line": 1.5,
        "ppLine": "PP2",
        "avg": 1.94,
        "hit": false,
        "diffAvg": 0.29,
        "diffAbs": 0.2,
        "lastAvg": 1.88,
        "diff": 0.25,
        "avgMin": 16,
        "proj": 1.8,
        "lastAvgMin": 16.53,
        "oppOver": 0,
        "teamOver": 0,
        "gameLine": "+100",
        "+/-": "+20",
        "L5_+/-": -2.0,
        "prevMatchup": "2023-03-12 1.0 sog 2023-01-10 2.0 sog 2023-01-01 2.0 sog 2022-12-20 2.0 sog",
        "winLossSplits": "43% - 58%",
        "awayHome": "A",
        "playedYesterday": "N",
        "awayHomeSplits": "45% - 51%",
        "savesAboveExp": -0.44,
        "gsaa": -0.71,
        "corsi": "53.7% (63.4) // 55.1% (64.9) // 53.7% (63.4) // 53.7% (63.4)",
        "fenwick": "53.9% (46.9) // 55.2% (48.2) // 53.9% (46.9) // 53.9% (46.9)",
        "shots": "54.9% (33.9) // 54.4% (33.3) // 54.9% (33.9) // 54.9% (33.9)",
        "scoring": "56.3% (35.0) // 60.7% (39.4) // 56.3% (35.0) // 56.3% (35.0)",
        "corsiAgainst": "46.3% (54.8) // 44.9% (52.8) // 46.3% (54.8) // 46.3% (54.8)",
        "fenwickAgainst": "46.1% (40.1) // 44.8% (39.2) // 46.1% (40.1) // 46.1% (40.1)",
        "shotsAgainst": "45.1% (27.8) // 45.6% (28.0) // 45.1% (27.8) // 45.1% (27.8)",
        "scoringAgainst": "43.7% (27.1) // 39.3% (25.5) // 43.7% (27.1) // 43.7% (27.1)",
        "oppCorsi": "59.9% (67.4) // 61.2% (68.8) // 59.9% (67.4) // 59.9% (67.4)",
        "oppFenwick": "59.1% (50.8) // 60.1% (51.8) // 59.1% (50.8) // 59.1% (50.8)",
        "oppShots": "57.2% (34.3) // 58.4% (34.4) // 57.2% (34.3) // 57.2% (34.3)",
        "oppScoring": "58.9% (33.3) // 62.3% (33.3) // 58.9% (33.3) // 58.9% (33.3)",
        "oppCorsiAgainst": "40.1% (45.2) // 38.8% (43.6) // 40.1% (45.2) // 40.1% (45.2)",
        "oppFenwickAgainst": "40.9% (35.1) // 39.9% (34.4) // 40.9% (35.1) // 40.9% (35.1)",
        "oppShotsAgainst": "42.8% (25.6) // 41.6% (24.5) // 42.8% (25.6) // 42.8% (25.6)",
        "oppScoringAgainst": "41.1% (23.3) // 37.7% (20.2) // 41.1% (23.3) // 41.1% (23.3)",
        "savesPerGame": 25.5,
        "savesPerGameLast1": 31.0,
        "savesPerGameLast3": 26.0,
        "savesPerGameLast5": 27.0,
        "savesPer60": 27.8,
        "savesPer60Last1": 31.0,
        "savesPer60Last3": 24.9,
        "savesPer60Last5": 27.3,
        "shotsPerGame": 34.4,
        "shotsPerGameLast5": 30.8,
        "shotsAgainstPerGame": 28.2,
        "shotsAgainstPerGameLast5": 28.4,
        "oppSavesAgainstPer60": 34.1,
        "oppSavesAgainstPer60Last1": 39.0,
        "oppSavesAgainstPer60Last3": 32.5,
        "oppSavesAgainstPer60Last5": 32.4,
        "oppShotsAgainstPerGame": 26.0,
        "oppShotsAgainstPerGameLast5": 29.6,
        "savesProj": 34.8,
        "savesProjLast5": 34.5,
        "savesProjLast3": 31.8,
        "oppSavesAgainstProj": 29.5,
        "oppSavesAgainstProjLast5": 28.5,
        "oppSavesAgainstProjLast3": 27.5,
        "totalOver": 48,
        "totalOverLast5": 60,
        "totalOverLast15": 47,
        "lastTotalOver": 56,
        "last5": "3,5,2,0,1,0,1,3,0,1",
        "overOdds": "-125",
        "underOdds": "-105",
        "overUnder": "-125 / -105"
    },
    {
        "player": "Dougie Hamilton",
        "team": "NJ",
        "opponent": "CAR",
        "propType": "sog",
        "line": 2.5,
        "ppLine": "PP1",
        "avg": 3.25,
        "hit": false,
        "diffAvg": 0.3,
        "diffAbs": 0.24,
        "lastAvg": 3.18,
        "diff": 0.27,
        "avgMin": 21,
        "proj": 3.1,
        "lastAvgMin": 21.22,
        "oppOver": 0,
        "teamOver": 0,
        "gameLine": "+100",
        "+/-": "+22",
        "L5_+/-": -1.0,
        "prevMatchup": "2023-03-12 0.0 sog 2023-01-10 1.0 sog 2023-01-01 4.0 sog 2022-12-20 3.0 sog",
        "winLossSplits": "62% - 52%",
        "awayHome": "A",
        "playedYesterday": "N",
        "awayHomeSplits": "55% - 62%",
        "savesAboveExp": -0.44,
        "gsaa": -0.71,
        "corsi": "53.7% (63.4) // 55.1% (64.9) // 53.7% (63.4) // 53.7% (63.4)",
        "fenwick": "53.9% (46.9) // 55.2% (48.2) // 53.9% (46.9) // 53.9% (46.9)",
        "shots": "54.9% (33.9) // 54.4% (33.3) // 54.9% (33.9) // 54.9% (33.9)",
        "scoring": "56.3% (35.0) // 60.7% (39.4) // 56.3% (35.0) // 56.3% (35.0)",
        "corsiAgainst": "46.3% (54.8) // 44.9% (52.8) // 46.3% (54.8) // 46.3% (54.8)",
        "fenwickAgainst": "46.1% (40.1) // 44.8% (39.2) // 46.1% (40.1) // 46.1% (40.1)",
        "shotsAgainst": "45.1% (27.8) // 45.6% (28.0) // 45.1% (27.8) // 45.1% (27.8)",
        "scoringAgainst": "43.7% (27.1) // 39.3% (25.5) // 43.7% (27.1) // 43.7% (27.1)",
        "oppCorsi": "59.9% (67.4) // 61.2% (68.8) // 59.9% (67.4) // 59.9% (67.4)",
        "oppFenwick": "59.1% (50.8) // 60.1% (51.8) // 59.1% (50.8) // 59.1% (50.8)",
        "oppShots": "57.2% (34.3) // 58.4% (34.4) // 57.2% (34.3) // 57.2% (34.3)",
        "oppScoring": "58.9% (33.3) // 62.3% (33.3) // 58.9% (33.3) // 58.9% (33.3)",
        "oppCorsiAgainst": "40.1% (45.2) // 38.8% (43.6) // 40.1% (45.2) // 40.1% (45.2)",
        "oppFenwickAgainst": "40.9% (35.1) // 39.9% (34.4) // 40.9% (35.1) // 40.9% (35.1)",
        "oppShotsAgainst": "42.8% (25.6) // 41.6% (24.5) // 42.8% (25.6) // 42.8% (25.6)",
        "oppScoringAgainst": "41.1% (23.3) // 37.7% (20.2) // 41.1% (23.3) // 41.1% (23.3)",
        "savesPerGame": 25.5,
        "savesPerGameLast1": 31.0,
        "savesPerGameLast3": 26.0,
        "savesPerGameLast5": 27.0,
        "savesPer60": 27.8,
        "savesPer60Last1": 31.0,
        "savesPer60Last3": 24.9,
        "savesPer60Last5": 27.3,
        "shotsPerGame": 34.4,
        "shotsPerGameLast5": 30.8,
        "shotsAgainstPerGame": 28.2,
        "shotsAgainstPerGameLast5": 28.4,
        "oppSavesAgainstPer60": 34.1,
        "oppSavesAgainstPer60Last1": 39.0,
        "oppSavesAgainstPer60Last3": 32.5,
        "oppSavesAgainstPer60Last5": 32.4,
        "oppShotsAgainstPerGame": 26.0,
        "oppShotsAgainstPerGameLast5": 29.6,
        "savesProj": 34.8,
        "savesProjLast5": 34.5,
        "savesProjLast3": 31.8,
        "oppSavesAgainstProj": 29.5,
        "oppSavesAgainstProjLast5": 28.5,
        "oppSavesAgainstProjLast3": 27.5,
        "totalOver": 58,
        "totalOverLast5": 40,
        "totalOverLast15": 40,
        "lastTotalOver": 67,
        "last5": "5,1,2,1,3,1,1,3,2,4",
        "overOdds": "-125",
        "underOdds": "-105",
        "overUnder": "-125 / -105"
    },
    {
        "player": "Erik Haula",
        "team": "NJ",
        "opponent": "CAR",
        "propType": "sog",
        "line": 1.5,
        "ppLine": "PP2",
        "avg": 2.07,
        "hit": false,
        "diffAvg": 0.38,
        "diffAbs": 0.2,
        "lastAvg": 1.66,
        "diff": 0.11,
        "avgMin": 16,
        "proj": 1.8,
        "lastAvgMin": 15.08,
        "oppOver": 0,
        "teamOver": 0,
        "gameLine": "+100",
        "+/-": "+14",
        "L5_+/-": "+5.0",
        "prevMatchup": "2023-03-12 2.0 sog 2023-01-10 0.0 sog 2023-01-01 0.0 sog 2022-12-20 2.0 sog",
        "winLossSplits": "67% - 59%",
        "awayHome": "A",
        "playedYesterday": "N",
        "awayHomeSplits": "65% - 64%",
        "savesAboveExp": -0.44,
        "gsaa": -0.71,
        "corsi": "53.7% (63.4) // 55.1% (64.9) // 53.7% (63.4) // 53.7% (63.4)",
        "fenwick": "53.9% (46.9) // 55.2% (48.2) // 53.9% (46.9) // 53.9% (46.9)",
        "shots": "54.9% (33.9) // 54.4% (33.3) // 54.9% (33.9) // 54.9% (33.9)",
        "scoring": "56.3% (35.0) // 60.7% (39.4) // 56.3% (35.0) // 56.3% (35.0)",
        "corsiAgainst": "46.3% (54.8) // 44.9% (52.8) // 46.3% (54.8) // 46.3% (54.8)",
        "fenwickAgainst": "46.1% (40.1) // 44.8% (39.2) // 46.1% (40.1) // 46.1% (40.1)",
        "shotsAgainst": "45.1% (27.8) // 45.6% (28.0) // 45.1% (27.8) // 45.1% (27.8)",
        "scoringAgainst": "43.7% (27.1) // 39.3% (25.5) // 43.7% (27.1) // 43.7% (27.1)",
        "oppCorsi": "59.9% (67.4) // 61.2% (68.8) // 59.9% (67.4) // 59.9% (67.4)",
        "oppFenwick": "59.1% (50.8) // 60.1% (51.8) // 59.1% (50.8) // 59.1% (50.8)",
        "oppShots": "57.2% (34.3) // 58.4% (34.4) // 57.2% (34.3) // 57.2% (34.3)",
        "oppScoring": "58.9% (33.3) // 62.3% (33.3) // 58.9% (33.3) // 58.9% (33.3)",
        "oppCorsiAgainst": "40.1% (45.2) // 38.8% (43.6) // 40.1% (45.2) // 40.1% (45.2)",
        "oppFenwickAgainst": "40.9% (35.1) // 39.9% (34.4) // 40.9% (35.1) // 40.9% (35.1)",
        "oppShotsAgainst": "42.8% (25.6) // 41.6% (24.5) // 42.8% (25.6) // 42.8% (25.6)",
        "oppScoringAgainst": "41.1% (23.3) // 37.7% (20.2) // 41.1% (23.3) // 41.1% (23.3)",
        "savesPerGame": 25.5,
        "savesPerGameLast1": 31.0,
        "savesPerGameLast3": 26.0,
        "savesPerGameLast5": 27.0,
        "savesPer60": 27.8,
        "savesPer60Last1": 31.0,
        "savesPer60Last3": 24.9,
        "savesPer60Last5": 27.3,
        "shotsPerGame": 34.4,
        "shotsPerGameLast5": 30.8,
        "shotsAgainstPerGame": 28.2,
        "shotsAgainstPerGameLast5": 28.4,
        "oppSavesAgainstPer60": 34.1,
        "oppSavesAgainstPer60Last1": 39.0,
        "oppSavesAgainstPer60Last3": 32.5,
        "oppSavesAgainstPer60Last5": 32.4,
        "oppShotsAgainstPerGame": 26.0,
        "oppShotsAgainstPerGameLast5": 29.6,
        "savesProj": 34.8,
        "savesProjLast5": 34.5,
        "savesProjLast3": 31.8,
        "oppSavesAgainstProj": 29.5,
        "oppSavesAgainstProjLast5": 28.5,
        "oppSavesAgainstProjLast3": 27.5,
        "totalOver": 64,
        "totalOverLast5": 60,
        "totalOverLast15": 80,
        "lastTotalOver": 59,
        "last5": "2,1,5,2,0,3,3,4,2,3",
        "overOdds": "-165",
        "underOdds": "+135",
        "overUnder": "-165 / +135"
    },
    {
        "player": "Jack Hughes",
        "team": "NJ",
        "opponent": "CAR",
        "propType": "sog",
        "line": 3.5,
        "ppLine": "PP1",
        "avg": 4.32,
        "hit": false,
        "diffAvg": 0.23,
        "diffAbs": 0.06,
        "lastAvg": 3.24,
        "diff": -0.07,
        "avgMin": 20,
        "proj": 3.3,
        "lastAvgMin": 19.55,
        "oppOver": 0,
        "teamOver": 0,
        "gameLine": "+100",
        "+/-": "+11",
        "L5_+/-": "+1.0",
        "prevMatchup": "2023-03-12 4.0 sog 2023-01-10 3.0 sog 2023-01-01 6.0 sog 2022-12-20 7.0 sog",
        "winLossSplits": "57% - 71%",
        "awayHome": "A",
        "playedYesterday": "N",
        "awayHomeSplits": "61% - 64%",
        "savesAboveExp": -0.44,
        "gsaa": -0.71,
        "corsi": "53.7% (63.4) // 55.1% (64.9) // 53.7% (63.4) // 53.7% (63.4)",
        "fenwick": "53.9% (46.9) // 55.2% (48.2) // 53.9% (46.9) // 53.9% (46.9)",
        "shots": "54.9% (33.9) // 54.4% (33.3) // 54.9% (33.9) // 54.9% (33.9)",
        "scoring": "56.3% (35.0) // 60.7% (39.4) // 56.3% (35.0) // 56.3% (35.0)",
        "corsiAgainst": "46.3% (54.8) // 44.9% (52.8) // 46.3% (54.8) // 46.3% (54.8)",
        "fenwickAgainst": "46.1% (40.1) // 44.8% (39.2) // 46.1% (40.1) // 46.1% (40.1)",
        "shotsAgainst": "45.1% (27.8) // 45.6% (28.0) // 45.1% (27.8) // 45.1% (27.8)",
        "scoringAgainst": "43.7% (27.1) // 39.3% (25.5) // 43.7% (27.1) // 43.7% (27.1)",
        "oppCorsi": "59.9% (67.4) // 61.2% (68.8) // 59.9% (67.4) // 59.9% (67.4)",
        "oppFenwick": "59.1% (50.8) // 60.1% (51.8) // 59.1% (50.8) // 59.1% (50.8)",
        "oppShots": "57.2% (34.3) // 58.4% (34.4) // 57.2% (34.3) // 57.2% (34.3)",
        "oppScoring": "58.9% (33.3) // 62.3% (33.3) // 58.9% (33.3) // 58.9% (33.3)",
        "oppCorsiAgainst": "40.1% (45.2) // 38.8% (43.6) // 40.1% (45.2) // 40.1% (45.2)",
        "oppFenwickAgainst": "40.9% (35.1) // 39.9% (34.4) // 40.9% (35.1) // 40.9% (35.1)",
        "oppShotsAgainst": "42.8% (25.6) // 41.6% (24.5) // 42.8% (25.6) // 42.8% (25.6)",
        "oppScoringAgainst": "41.1% (23.3) // 37.7% (20.2) // 41.1% (23.3) // 41.1% (23.3)",
        "savesPerGame": 25.5,
        "savesPerGameLast1": 31.0,
        "savesPerGameLast3": 26.0,
        "savesPerGameLast5": 27.0,
        "savesPer60": 27.8,
        "savesPer60Last1": 31.0,
        "savesPer60Last3": 24.9,
        "savesPer60Last5": 27.3,
        "shotsPerGame": 34.4,
        "shotsPerGameLast5": 30.8,
        "shotsAgainstPerGame": 28.2,
        "shotsAgainstPerGameLast5": 28.4,
        "oppSavesAgainstPer60": 34.1,
        "oppSavesAgainstPer60Last1": 39.0,
        "oppSavesAgainstPer60Last3": 32.5,
        "oppSavesAgainstPer60Last5": 32.4,
        "oppShotsAgainstPerGame": 26.0,
        "oppShotsAgainstPerGameLast5": 29.6,
        "savesProj": 34.8,
        "savesProjLast5": 34.5,
        "savesProjLast3": 31.8,
        "oppSavesAgainstProj": 29.5,
        "oppSavesAgainstProjLast5": 28.5,
        "oppSavesAgainstProjLast3": 27.5,
        "totalOver": 62,
        "totalOverLast5": 60,
        "totalOverLast15": 40,
        "lastTotalOver": 46,
        "last5": "2,9,1,5,5,6,3,5,2,1",
        "overOdds": "-115",
        "underOdds": "-115",
        "overUnder": "-115 / -115"
    },
    {
        "player": "Jesper Bratt",
        "team": "NJ",
        "opponent": "CAR",
        "propType": "sog",
        "line": 2.5,
        "ppLine": "PP1",
        "avg": 2.54,
        "hit": false,
        "diffAvg": 0.02,
        "diffAbs": 0.0,
        "lastAvg": 2.59,
        "diff": 0.04,
        "avgMin": 17,
        "proj": 2.5,
        "lastAvgMin": 17.42,
        "oppOver": 0,
        "teamOver": 0,
        "gameLine": "+100",
        "+/-": "+17",
        "L5_+/-": "+4.0",
        "prevMatchup": "2023-03-12 5.0 sog 2023-01-10 0.0 sog 2023-01-01 2.0 sog 2022-12-20 3.0 sog",
        "winLossSplits": "41% - 39%",
        "awayHome": "A",
        "playedYesterday": "N",
        "awayHomeSplits": "41% - 40%",
        "savesAboveExp": -0.44,
        "gsaa": -0.71,
        "corsi": "53.7% (63.4) // 55.1% (64.9) // 53.7% (63.4) // 53.7% (63.4)",
        "fenwick": "53.9% (46.9) // 55.2% (48.2) // 53.9% (46.9) // 53.9% (46.9)",
        "shots": "54.9% (33.9) // 54.4% (33.3) // 54.9% (33.9) // 54.9% (33.9)",
        "scoring": "56.3% (35.0) // 60.7% (39.4) // 56.3% (35.0) // 56.3% (35.0)",
        "corsiAgainst": "46.3% (54.8) // 44.9% (52.8) // 46.3% (54.8) // 46.3% (54.8)",
        "fenwickAgainst": "46.1% (40.1) // 44.8% (39.2) // 46.1% (40.1) // 46.1% (40.1)",
        "shotsAgainst": "45.1% (27.8) // 45.6% (28.0) // 45.1% (27.8) // 45.1% (27.8)",
        "scoringAgainst": "43.7% (27.1) // 39.3% (25.5) // 43.7% (27.1) // 43.7% (27.1)",
        "oppCorsi": "59.9% (67.4) // 61.2% (68.8) // 59.9% (67.4) // 59.9% (67.4)",
        "oppFenwick": "59.1% (50.8) // 60.1% (51.8) // 59.1% (50.8) // 59.1% (50.8)",
        "oppShots": "57.2% (34.3) // 58.4% (34.4) // 57.2% (34.3) // 57.2% (34.3)",
        "oppScoring": "58.9% (33.3) // 62.3% (33.3) // 58.9% (33.3) // 58.9% (33.3)",
        "oppCorsiAgainst": "40.1% (45.2) // 38.8% (43.6) // 40.1% (45.2) // 40.1% (45.2)",
        "oppFenwickAgainst": "40.9% (35.1) // 39.9% (34.4) // 40.9% (35.1) // 40.9% (35.1)",
        "oppShotsAgainst": "42.8% (25.6) // 41.6% (24.5) // 42.8% (25.6) // 42.8% (25.6)",
        "oppScoringAgainst": "41.1% (23.3) // 37.7% (20.2) // 41.1% (23.3) // 41.1% (23.3)",
        "savesPerGame": 25.5,
        "savesPerGameLast1": 31.0,
        "savesPerGameLast3": 26.0,
        "savesPerGameLast5": 27.0,
        "savesPer60": 27.8,
        "savesPer60Last1": 31.0,
        "savesPer60Last3": 24.9,
        "savesPer60Last5": 27.3,
        "shotsPerGame": 34.4,
        "shotsPerGameLast5": 30.8,
        "shotsAgainstPerGame": 28.2,
        "shotsAgainstPerGameLast5": 28.4,
        "oppSavesAgainstPer60": 34.1,
        "oppSavesAgainstPer60Last1": 39.0,
        "oppSavesAgainstPer60Last3": 32.5,
        "oppSavesAgainstPer60Last5": 32.4,
        "oppShotsAgainstPerGame": 26.0,
        "oppShotsAgainstPerGameLast5": 29.6,
        "savesProj": 34.8,
        "savesProjLast5": 34.5,
        "savesProjLast3": 31.8,
        "oppSavesAgainstProj": 29.5,
        "oppSavesAgainstProjLast5": 28.5,
        "oppSavesAgainstProjLast3": 27.5,
        "totalOver": 40,
        "totalOverLast5": 40,
        "totalOverLast15": 33,
        "lastTotalOver": 47,
        "last5": "2,0,3,0,5,4,0,2,5,5",
        "overOdds": "+150",
        "underOdds": "-185",
        "overUnder": "+150 / -185"
    },
    {
        "player": "Jordan Martinook",
        "team": "CAR",
        "opponent": "NJ",
        "propType": "sog",
        "line": 2.5,
        "ppLine": "",
        "avg": 2.06,
        "hit": false,
        "diffAvg": -0.18,
        "diffAbs": 0.36,
        "lastAvg": 1.18,
        "diff": -0.53,
        "avgMin": 15,
        "proj": 1.6,
        "lastAvgMin": 11.2,
        "oppOver": 0,
        "teamOver": 0,
        "gameLine": "-120",
        "+/-": "+7",
        "L5_+/-": "+2.0",
        "prevMatchup": "2023-03-12 1.0 sog 2023-01-10 2.0 sog 2023-01-01 1.0 sog 2022-12-20 1.0 sog",
        "winLossSplits": "25% - 34%",
        "awayHome": "H",
        "playedYesterday": "N",
        "awayHomeSplits": "20% - 36%",
        "savesAboveExp": 0.922,
        "gsaa": 7.07,
        "corsi": "59.9% (67.4) // 61.2% (68.8) // 59.9% (67.4) // 59.9% (67.4)",
        "fenwick": "59.1% (50.8) // 60.1% (51.8) // 59.1% (50.8) // 59.1% (50.8)",
        "shots": "57.2% (34.3) // 58.4% (34.4) // 57.2% (34.3) // 57.2% (34.3)",
        "scoring": "58.9% (33.3) // 62.3% (33.3) // 58.9% (33.3) // 58.9% (33.3)",
        "corsiAgainst": "40.1% (45.2) // 38.8% (43.6) // 40.1% (45.2) // 40.1% (45.2)",
        "fenwickAgainst": "40.9% (35.1) // 39.9% (34.4) // 40.9% (35.1) // 40.9% (35.1)",
        "shotsAgainst": "42.8% (25.6) // 41.6% (24.5) // 42.8% (25.6) // 42.8% (25.6)",
        "scoringAgainst": "41.1% (23.3) // 37.7% (20.2) // 41.1% (23.3) // 41.1% (23.3)",
        "oppCorsi": "53.7% (63.4) // 55.1% (64.9) // 53.7% (63.4) // 53.7% (63.4)",
        "oppFenwick": "53.9% (46.9) // 55.2% (48.2) // 53.9% (46.9) // 53.9% (46.9)",
        "oppShots": "54.9% (33.9) // 54.4% (33.3) // 54.9% (33.9) // 54.9% (33.9)",
        "oppScoring": "56.3% (35.0) // 60.7% (39.4) // 56.3% (35.0) // 56.3% (35.0)",
        "oppCorsiAgainst": "46.3% (54.8) // 44.9% (52.8) // 46.3% (54.8) // 46.3% (54.8)",
        "oppFenwickAgainst": "46.1% (40.1) // 44.8% (39.2) // 46.1% (40.1) // 46.1% (40.1)",
        "oppShotsAgainst": "45.1% (27.8) // 45.6% (28.0) // 45.1% (27.8) // 45.1% (27.8)",
        "oppScoringAgainst": "43.7% (27.1) // 39.3% (25.5) // 43.7% (27.1) // 43.7% (27.1)",
        "savesPerGame": 23.4,
        "savesPerGameLast1": 33.0,
        "savesPerGameLast3": 26.3,
        "savesPerGameLast5": 26.8,
        "savesPer60": 25.3,
        "savesPer60Last1": 36.3,
        "savesPer60Last3": 26.8,
        "savesPer60Last5": 27.5,
        "shotsPerGame": 34.8,
        "shotsPerGameLast5": 34.6,
        "shotsAgainstPerGame": 26.0,
        "shotsAgainstPerGameLast5": 29.6,
        "oppSavesAgainstPer60": 33.7,
        "oppSavesAgainstPer60Last1": 20.0,
        "oppSavesAgainstPer60Last3": 30.8,
        "oppSavesAgainstPer60Last5": 27.5,
        "oppShotsAgainstPerGame": 28.2,
        "oppShotsAgainstPerGameLast5": 28.4,
        "savesProj": 27.8,
        "savesProjLast5": 27.5,
        "savesProjLast3": 29.9,
        "oppSavesAgainstProj": 27.2,
        "oppSavesAgainstProjLast5": 24.6,
        "oppSavesAgainstProjLast3": 27.1,
        "totalOver": 28,
        "totalOverLast5": 40,
        "totalOverLast15": 33,
        "lastTotalOver": 33,
        "last5": "7,1,2,4,2,3,1,2,0,2",
        "overOdds": "+140",
        "underOdds": "-175",
        "overUnder": "+140 / -175"
    },
    {
        "player": "Martin Necas",
        "team": "CAR",
        "opponent": "NJ",
        "propType": "sog",
        "line": 2.5,
        "ppLine": "PP1",
        "avg": 2.9,
        "hit": false,
        "diffAvg": 0.16,
        "diffAbs": 0.24,
        "lastAvg": 1.73,
        "diff": -0.31,
        "avgMin": 18,
        "proj": 1.9,
        "lastAvgMin": 16.18,
        "oppOver": 0,
        "teamOver": 0,
        "gameLine": "-120",
        "+/-": 0,
        "L5_+/-": -4.0,
        "prevMatchup": "2023-03-12 1.0 sog 2023-01-10 2.0 sog 2023-01-01 3.0 sog 2022-12-20 3.0 sog",
        "winLossSplits": "61% - 44%",
        "awayHome": "H",
        "playedYesterday": "N",
        "awayHomeSplits": "64% - 45%",
        "savesAboveExp": 0.922,
        "gsaa": 7.07,
        "corsi": "59.9% (67.4) // 61.2% (68.8) // 59.9% (67.4) // 59.9% (67.4)",
        "fenwick": "59.1% (50.8) // 60.1% (51.8) // 59.1% (50.8) // 59.1% (50.8)",
        "shots": "57.2% (34.3) // 58.4% (34.4) // 57.2% (34.3) // 57.2% (34.3)",
        "scoring": "58.9% (33.3) // 62.3% (33.3) // 58.9% (33.3) // 58.9% (33.3)",
        "corsiAgainst": "40.1% (45.2) // 38.8% (43.6) // 40.1% (45.2) // 40.1% (45.2)",
        "fenwickAgainst": "40.9% (35.1) // 39.9% (34.4) // 40.9% (35.1) // 40.9% (35.1)",
        "shotsAgainst": "42.8% (25.6) // 41.6% (24.5) // 42.8% (25.6) // 42.8% (25.6)",
        "scoringAgainst": "41.1% (23.3) // 37.7% (20.2) // 41.1% (23.3) // 41.1% (23.3)",
        "oppCorsi": "53.7% (63.4) // 55.1% (64.9) // 53.7% (63.4) // 53.7% (63.4)",
        "oppFenwick": "53.9% (46.9) // 55.2% (48.2) // 53.9% (46.9) // 53.9% (46.9)",
        "oppShots": "54.9% (33.9) // 54.4% (33.3) // 54.9% (33.9) // 54.9% (33.9)",
        "oppScoring": "56.3% (35.0) // 60.7% (39.4) // 56.3% (35.0) // 56.3% (35.0)",
        "oppCorsiAgainst": "46.3% (54.8) // 44.9% (52.8) // 46.3% (54.8) // 46.3% (54.8)",
        "oppFenwickAgainst": "46.1% (40.1) // 44.8% (39.2) // 46.1% (40.1) // 46.1% (40.1)",
        "oppShotsAgainst": "45.1% (27.8) // 45.6% (28.0) // 45.1% (27.8) // 45.1% (27.8)",
        "oppScoringAgainst": "43.7% (27.1) // 39.3% (25.5) // 43.7% (27.1) // 43.7% (27.1)",
        "savesPerGame": 23.4,
        "savesPerGameLast1": 33.0,
        "savesPerGameLast3": 26.3,
        "savesPerGameLast5": 26.8,
        "savesPer60": 25.3,
        "savesPer60Last1": 36.3,
        "savesPer60Last3": 26.8,
        "savesPer60Last5": 27.5,
        "shotsPerGame": 34.8,
        "shotsPerGameLast5": 34.6,
        "shotsAgainstPerGame": 26.0,
        "shotsAgainstPerGameLast5": 29.6,
        "oppSavesAgainstPer60": 33.7,
        "oppSavesAgainstPer60Last1": 20.0,
        "oppSavesAgainstPer60Last3": 30.8,
        "oppSavesAgainstPer60Last5": 27.5,
        "oppShotsAgainstPerGame": 28.2,
        "oppShotsAgainstPerGameLast5": 28.4,
        "savesProj": 27.8,
        "savesProjLast5": 27.5,
        "savesProjLast3": 29.9,
        "oppSavesAgainstProj": 27.2,
        "oppSavesAgainstProjLast5": 24.6,
        "oppSavesAgainstProjLast3": 27.1,
        "totalOver": 55,
        "totalOverLast5": 60,
        "totalOverLast15": 40,
        "lastTotalOver": 37,
        "last5": "2,1,3,3,3,3,2,2,2,0",
        "overOdds": "-115",
        "underOdds": "-115",
        "overUnder": "-115 / -115"
    },
    {
        "player": "Nico Hischier",
        "team": "NJ",
        "opponent": "CAR",
        "propType": "sog",
        "line": 2.5,
        "ppLine": "PP1",
        "avg": 3.16,
        "hit": false,
        "diffAvg": 0.26,
        "diffAbs": 0.16,
        "lastAvg": 2.19,
        "diff": -0.12,
        "avgMin": 19,
        "proj": 2.1,
        "lastAvgMin": 19.33,
        "oppOver": 0,
        "teamOver": 0,
        "gameLine": "+100",
        "+/-": "+32",
        "L5_+/-": "+1.0",
        "prevMatchup": "2023-03-12 1.0 sog 2023-01-10 2.0 sog 2023-01-01 4.0 sog 2022-12-20 7.0 sog",
        "winLossSplits": "54% - 75%",
        "awayHome": "A",
        "playedYesterday": "N",
        "awayHomeSplits": "51% - 71%",
        "savesAboveExp": -0.44,
        "gsaa": -0.71,
        "corsi": "53.7% (63.4) // 55.1% (64.9) // 53.7% (63.4) // 53.7% (63.4)",
        "fenwick": "53.9% (46.9) // 55.2% (48.2) // 53.9% (46.9) // 53.9% (46.9)",
        "shots": "54.9% (33.9) // 54.4% (33.3) // 54.9% (33.9) // 54.9% (33.9)",
        "scoring": "56.3% (35.0) // 60.7% (39.4) // 56.3% (35.0) // 56.3% (35.0)",
        "corsiAgainst": "46.3% (54.8) // 44.9% (52.8) // 46.3% (54.8) // 46.3% (54.8)",
        "fenwickAgainst": "46.1% (40.1) // 44.8% (39.2) // 46.1% (40.1) // 46.1% (40.1)",
        "shotsAgainst": "45.1% (27.8) // 45.6% (28.0) // 45.1% (27.8) // 45.1% (27.8)",
        "scoringAgainst": "43.7% (27.1) // 39.3% (25.5) // 43.7% (27.1) // 43.7% (27.1)",
        "oppCorsi": "59.9% (67.4) // 61.2% (68.8) // 59.9% (67.4) // 59.9% (67.4)",
        "oppFenwick": "59.1% (50.8) // 60.1% (51.8) // 59.1% (50.8) // 59.1% (50.8)",
        "oppShots": "57.2% (34.3) // 58.4% (34.4) // 57.2% (34.3) // 57.2% (34.3)",
        "oppScoring": "58.9% (33.3) // 62.3% (33.3) // 58.9% (33.3) // 58.9% (33.3)",
        "oppCorsiAgainst": "40.1% (45.2) // 38.8% (43.6) // 40.1% (45.2) // 40.1% (45.2)",
        "oppFenwickAgainst": "40.9% (35.1) // 39.9% (34.4) // 40.9% (35.1) // 40.9% (35.1)",
        "oppShotsAgainst": "42.8% (25.6) // 41.6% (24.5) // 42.8% (25.6) // 42.8% (25.6)",
        "oppScoringAgainst": "41.1% (23.3) // 37.7% (20.2) // 41.1% (23.3) // 41.1% (23.3)",
        "savesPerGame": 25.5,
        "savesPerGameLast1": 31.0,
        "savesPerGameLast3": 26.0,
        "savesPerGameLast5": 27.0,
        "savesPer60": 27.8,
        "savesPer60Last1": 31.0,
        "savesPer60Last3": 24.9,
        "savesPer60Last5": 27.3,
        "shotsPerGame": 34.4,
        "shotsPerGameLast5": 30.8,
        "shotsAgainstPerGame": 28.2,
        "shotsAgainstPerGameLast5": 28.4,
        "oppSavesAgainstPer60": 34.1,
        "oppSavesAgainstPer60Last1": 39.0,
        "oppSavesAgainstPer60Last3": 32.5,
        "oppSavesAgainstPer60Last5": 32.4,
        "oppShotsAgainstPerGame": 26.0,
        "oppShotsAgainstPerGameLast5": 29.6,
        "savesProj": 34.8,
        "savesProjLast5": 34.5,
        "savesProjLast3": 31.8,
        "oppSavesAgainstProj": 29.5,
        "oppSavesAgainstProjLast5": 28.5,
        "oppSavesAgainstProjLast3": 27.5,
        "totalOver": 61,
        "totalOverLast5": 100,
        "totalOverLast15": 60,
        "lastTotalOver": 37,
        "last5": "3,3,4,3,4,0,5,3,2,1",
        "overOdds": "-140",
        "underOdds": "+110",
        "overUnder": "-140 / +110"
    },
    {
        "player": "Seth Jarvis",
        "team": "CAR",
        "opponent": "NJ",
        "propType": "sog",
        "line": 2.5,
        "ppLine": "PP1",
        "avg": 2.33,
        "hit": false,
        "diffAvg": -0.07,
        "diffAbs": 0.4,
        "lastAvg": 1.34,
        "diff": -0.46,
        "avgMin": 16,
        "proj": 1.5,
        "lastAvgMin": 13.87,
        "oppOver": 0,
        "teamOver": 0,
        "gameLine": "-120",
        "+/-": "+13",
        "L5_+/-": "+3.0",
        "prevMatchup": "2023-03-12 3.0 sog 2023-01-10 1.0 sog 2023-01-01 4.0 sog 2022-12-20 2.0 sog",
        "winLossSplits": "38% - 50%",
        "awayHome": "H",
        "playedYesterday": "N",
        "awayHomeSplits": "43% - 41%",
        "savesAboveExp": 0.922,
        "gsaa": 7.07,
        "corsi": "59.9% (67.4) // 61.2% (68.8) // 59.9% (67.4) // 59.9% (67.4)",
        "fenwick": "59.1% (50.8) // 60.1% (51.8) // 59.1% (50.8) // 59.1% (50.8)",
        "shots": "57.2% (34.3) // 58.4% (34.4) // 57.2% (34.3) // 57.2% (34.3)",
        "scoring": "58.9% (33.3) // 62.3% (33.3) // 58.9% (33.3) // 58.9% (33.3)",
        "corsiAgainst": "40.1% (45.2) // 38.8% (43.6) // 40.1% (45.2) // 40.1% (45.2)",
        "fenwickAgainst": "40.9% (35.1) // 39.9% (34.4) // 40.9% (35.1) // 40.9% (35.1)",
        "shotsAgainst": "42.8% (25.6) // 41.6% (24.5) // 42.8% (25.6) // 42.8% (25.6)",
        "scoringAgainst": "41.1% (23.3) // 37.7% (20.2) // 41.1% (23.3) // 41.1% (23.3)",
        "oppCorsi": "53.7% (63.4) // 55.1% (64.9) // 53.7% (63.4) // 53.7% (63.4)",
        "oppFenwick": "53.9% (46.9) // 55.2% (48.2) // 53.9% (46.9) // 53.9% (46.9)",
        "oppShots": "54.9% (33.9) // 54.4% (33.3) // 54.9% (33.9) // 54.9% (33.9)",
        "oppScoring": "56.3% (35.0) // 60.7% (39.4) // 56.3% (35.0) // 56.3% (35.0)",
        "oppCorsiAgainst": "46.3% (54.8) // 44.9% (52.8) // 46.3% (54.8) // 46.3% (54.8)",
        "oppFenwickAgainst": "46.1% (40.1) // 44.8% (39.2) // 46.1% (40.1) // 46.1% (40.1)",
        "oppShotsAgainst": "45.1% (27.8) // 45.6% (28.0) // 45.1% (27.8) // 45.1% (27.8)",
        "oppScoringAgainst": "43.7% (27.1) // 39.3% (25.5) // 43.7% (27.1) // 43.7% (27.1)",
        "savesPerGame": 23.4,
        "savesPerGameLast1": 33.0,
        "savesPerGameLast3": 26.3,
        "savesPerGameLast5": 26.8,
        "savesPer60": 25.3,
        "savesPer60Last1": 36.3,
        "savesPer60Last3": 26.8,
        "savesPer60Last5": 27.5,
        "shotsPerGame": 34.8,
        "shotsPerGameLast5": 34.6,
        "shotsAgainstPerGame": 26.0,
        "shotsAgainstPerGameLast5": 29.6,
        "oppSavesAgainstPer60": 33.7,
        "oppSavesAgainstPer60Last1": 20.0,
        "oppSavesAgainstPer60Last3": 30.8,
        "oppSavesAgainstPer60Last5": 27.5,
        "oppShotsAgainstPerGame": 28.2,
        "oppShotsAgainstPerGameLast5": 28.4,
        "savesProj": 27.8,
        "savesProjLast5": 27.5,
        "savesProjLast3": 29.9,
        "oppSavesAgainstProj": 27.2,
        "oppSavesAgainstProjLast5": 24.6,
        "oppSavesAgainstProjLast3": 27.1,
        "totalOver": 42,
        "totalOverLast5": 60,
        "totalOverLast15": 47,
        "lastTotalOver": 30,
        "last5": "5,3,5,1,1,3,1,2,5,4",
        "overOdds": "+100",
        "underOdds": "-130",
        "overUnder": "+100 / -130"
    },
    {
        "player": "Stefan Noesen",
        "team": "CAR",
        "opponent": "NJ",
        "propType": "sog",
        "line": 1.5,
        "ppLine": "PP1",
        "avg": 1.68,
        "hit": false,
        "diffAvg": 0.12,
        "diffAbs": 1.0,
        "lastAvg": 0,
        "diff": 0,
        "avgMin": 12,
        "proj": 0.0,
        "lastAvgMin": 0,
        "oppOver": 0,
