[
    {
        "player": "Aaron Ekblad",
        "team": "FLA",
        "opponent": "VGK",
        "propType": "sog",
        "line": 2.5,
        "ppLine": "PP2",
        "avg": 2.72,
        "hit": false,
        "diffAvg": 0.09,
        "diffAbs": 0.08,
        "lastAvg": 2.54,
        "diff": 0.02,
        "avgMin": 23,
        "proj": 2.3,
        "lastAvgMin": 24.92,
        "oppOver": 0,
        "teamOver": 0,
        "gameLine": "-115",
        "+/-": -6,
        "L5_+/-": "+2.0",
        "prevMatchup": "2023-06-08 1.0 sog 2023-06-05 0.0 sog 2023-06-03 2.0 sog 2023-03-07 4.0 sog 2023-01-12 2.0 sog",
        "winLossSplits": "45% - 52%",
        "awayHome": "H",
        "playedYesterday": "N",
        "awayHomeSplits": "37% - 60%",
        "savesAboveExp": -0.478,
        "gsaa": 8.04,
        "corsi": "54.2% (66.3) // 52.5% (66.0) // 54.2% (66.3) // 54.2% (66.3)",
        "fenwick": "53.6% (49.9) // 52.0% (49.3) // 53.6% (49.9) // 53.6% (49.9)",
        "shots": "53.7% (36.5) // 51.9% (35.5) // 53.7% (36.5) // 53.7% (36.5)",
        "scoring": "54.6% (34.8) // 53.4% (34.0) // 54.6% (34.8) // 54.6% (34.8)",
        "corsiAgainst": "45.8% (56.1) // 47.5% (59.7) // 45.8% (56.1) // 45.8% (56.1)",
        "fenwickAgainst": "46.4% (43.2) // 48.0% (45.5) // 46.4% (43.2) // 46.4% (43.2)",
        "shotsAgainst": "46.3% (31.5) // 48.1% (33.0) // 46.3% (31.5) // 46.3% (31.5)",
        "scoringAgainst": "45.4% (28.9) // 46.6% (29.7) // 45.4% (28.9) // 45.4% (28.9)",
        "oppCorsi": "48.6% (57.5) // 48.0% (56.0) // 48.6% (57.5) // 48.6% (57.5)",
        "oppFenwick": "49.7% (42.3) // 48.8% (40.5) // 49.7% (42.3) // 49.7% (42.3)",
        "oppShots": "50.5% (31.1) // 50.2% (28.8) // 50.5% (31.1) // 50.5% (31.1)",
        "oppScoring": "49.5% (29.2) // 49.0% (28.7) // 49.5% (29.2) // 49.5% (29.2)",
        "oppCorsiAgainst": "51.4% (60.7) // 52.0% (60.6) // 51.4% (60.7) // 51.4% (60.7)",
        "oppFenwickAgainst": "50.3% (42.8) // 51.2% (42.5) // 50.3% (42.8) // 50.3% (42.8)",
        "oppShotsAgainst": "49.5% (30.4) // 49.8% (28.5) // 49.5% (30.4) // 49.5% (30.4)",
        "oppScoringAgainst": "50.5% (29.8) // 51.0% (29.9) // 50.5% (29.8) // 50.5% (29.8)",
        "savesPerGame": 28.4,
        "savesPerGameLast1": 21.0,
        "savesPerGameLast3": 28.7,
        "savesPerGameLast5": 31.0,
        "savesPer60": 35.5,
        "savesPer60Last1": 22.5,
        "savesPer60Last3": 29.3,
        "savesPer60Last5": 31.4,
        "shotsPerGame": 36.8,
        "shotsPerGameLast5": 26.8,
        "shotsAgainstPerGame": 31.7,
        "shotsAgainstPerGameLast5": 34.2,
        "oppSavesAgainstPer60": 35.0,
        "oppSavesAgainstPer60Last1": 20.7,
        "oppSavesAgainstPer60Last3": 24.9,
        "oppSavesAgainstPer60Last5": 27.8,
        "oppShotsAgainstPerGame": 30.9,
        "oppShotsAgainstPerGameLast5": 33.2,
        "savesProj": 28.3,
        "savesProjLast5": 22.4,
        "savesProjLast3": 20.9,
        "oppSavesAgainstProj": 33.7,
        "oppSavesAgainstProjLast5": 21.9,
        "oppSavesAgainstProjLast3": 17.8,
        "totalOver": 48,
        "totalOverLast5": 0,
        "totalOverLast15": 7,
        "lastTotalOver": 56,
        "last5": "1,0,2,0,0,2,2,1,1,0",
        "overOdds": "+150",
        "underOdds": "-185",
        "overUnder": "+150 / -185"
    },
    {
        "player": "Aleksander Barkov",
        "team": "FLA",
        "opponent": "VGK",
        "propType": "sog",
        "line": 2.5,
        "ppLine": "PP1",
        "avg": 2.97,
        "hit": false,
        "diffAvg": 0.19,
        "diffAbs": 0.16,
        "lastAvg": 2.78,
        "diff": 0.11,
        "avgMin": 21,
        "proj": 2.9,
        "lastAvgMin": 20.3,
        "oppOver": 0,
        "teamOver": 0,
        "gameLine": "-115",
        "+/-": "+18",
        "L5_+/-": "+5.0",
        "prevMatchup": "2023-06-08 1.0 sog 2023-06-05 3.0 sog 2023-06-03 2.0 sog 2023-03-07 5.0 sog 2023-01-12 1.0 sog",
        "winLossSplits": "55% - 53%",
        "awayHome": "H",
        "playedYesterday": "N",
        "awayHomeSplits": "45% - 63%",
        "savesAboveExp": -0.478,
        "gsaa": 8.04,
        "corsi": "54.2% (66.3) // 52.5% (66.0) // 54.2% (66.3) // 54.2% (66.3)",
        "fenwick": "53.6% (49.9) // 52.0% (49.3) // 53.6% (49.9) // 53.6% (49.9)",
        "shots": "53.7% (36.5) // 51.9% (35.5) // 53.7% (36.5) // 53.7% (36.5)",
        "scoring": "54.6% (34.8) // 53.4% (34.0) // 54.6% (34.8) // 54.6% (34.8)",
        "corsiAgainst": "45.8% (56.1) // 47.5% (59.7) // 45.8% (56.1) // 45.8% (56.1)",
        "fenwickAgainst": "46.4% (43.2) // 48.0% (45.5) // 46.4% (43.2) // 46.4% (43.2)",
        "shotsAgainst": "46.3% (31.5) // 48.1% (33.0) // 46.3% (31.5) // 46.3% (31.5)",
        "scoringAgainst": "45.4% (28.9) // 46.6% (29.7) // 45.4% (28.9) // 45.4% (28.9)",
        "oppCorsi": "48.6% (57.5) // 48.0% (56.0) // 48.6% (57.5) // 48.6% (57.5)",
        "oppFenwick": "49.7% (42.3) // 48.8% (40.5) // 49.7% (42.3) // 49.7% (42.3)",
        "oppShots": "50.5% (31.1) // 50.2% (28.8) // 50.5% (31.1) // 50.5% (31.1)",
        "oppScoring": "49.5% (29.2) // 49.0% (28.7) // 49.5% (29.2) // 49.5% (29.2)",
        "oppCorsiAgainst": "51.4% (60.7) // 52.0% (60.6) // 51.4% (60.7) // 51.4% (60.7)",
        "oppFenwickAgainst": "50.3% (42.8) // 51.2% (42.5) // 50.3% (42.8) // 50.3% (42.8)",
        "oppShotsAgainst": "49.5% (30.4) // 49.8% (28.5) // 49.5% (30.4) // 49.5% (30.4)",
        "oppScoringAgainst": "50.5% (29.8) // 51.0% (29.9) // 50.5% (29.8) // 50.5% (29.8)",
        "savesPerGame": 28.4,
        "savesPerGameLast1": 21.0,
        "savesPerGameLast3": 28.7,
        "savesPerGameLast5": 31.0,
        "savesPer60": 35.5,
        "savesPer60Last1": 22.5,
        "savesPer60Last3": 29.3,
        "savesPer60Last5": 31.4,
        "shotsPerGame": 36.8,
        "shotsPerGameLast5": 26.8,
        "shotsAgainstPerGame": 31.7,
        "shotsAgainstPerGameLast5": 34.2,
        "oppSavesAgainstPer60": 35.0,
        "oppSavesAgainstPer60Last1": 20.7,
        "oppSavesAgainstPer60Last3": 24.9,
        "oppSavesAgainstPer60Last5": 27.8,
        "oppShotsAgainstPerGame": 30.9,
        "oppShotsAgainstPerGameLast5": 33.2,
        "savesProj": 28.3,
        "savesProjLast5": 22.4,
        "savesProjLast3": 20.9,
        "oppSavesAgainstProj": 33.7,
        "oppSavesAgainstProjLast5": 21.9,
        "oppSavesAgainstProjLast3": 17.8,
        "totalOver": 54,
        "totalOverLast5": 20,
        "totalOverLast15": 47,
        "lastTotalOver": 66,
        "last5": "1,3,2,2,0,3,3,3,6,1",
        "overOdds": "-130",
        "underOdds": "+100",
        "overUnder": "-130 / +100"
    },
    {
        "player": "Alex Pietrangelo",
        "team": "VGK",
        "opponent": "FLA",
        "propType": "sog",
        "line": 2.5,
        "ppLine": "PP2",
        "avg": 2.24,
        "hit": false,
        "diffAvg": -0.1,
        "diffAbs": 0.04,
        "lastAvg": 2.8,
        "diff": 0.12,
        "avgMin": 23,
        "proj": 2.6,
        "lastAvgMin": 24.63,
        "oppOver": 0,
        "teamOver": 0,
        "gameLine": "-105",
        "+/-": "+22",
        "L5_+/-": "+6.0",
        "prevMatchup": "2023-06-08 1.0 sog 2023-06-05 0.0 sog 2023-06-03 3.0 sog 2023-03-07 4.0 sog 2023-01-12 3.0 sog",
        "winLossSplits": "33% - 58%",
        "awayHome": "A",
        "playedYesterday": "N",
        "awayHomeSplits": "40% - 44%",
        "savesAboveExp": -0.102,
        "gsaa": -4.63,
        "corsi": "48.6% (57.5) // 48.0% (56.0) // 48.6% (57.5) // 48.6% (57.5)",
        "fenwick": "49.7% (42.3) // 48.8% (40.5) // 49.7% (42.3) // 49.7% (42.3)",
        "shots": "50.5% (31.1) // 50.2% (28.8) // 50.5% (31.1) // 50.5% (31.1)",
        "scoring": "49.5% (29.2) // 49.0% (28.7) // 49.5% (29.2) // 49.5% (29.2)",
        "corsiAgainst": "51.4% (60.7) // 52.0% (60.6) // 51.4% (60.7) // 51.4% (60.7)",
        "fenwickAgainst": "50.3% (42.8) // 51.2% (42.5) // 50.3% (42.8) // 50.3% (42.8)",
        "shotsAgainst": "49.5% (30.4) // 49.8% (28.5) // 49.5% (30.4) // 49.5% (30.4)",
        "scoringAgainst": "50.5% (29.8) // 51.0% (29.9) // 50.5% (29.8) // 50.5% (29.8)",
        "oppCorsi": "54.2% (66.3) // 52.5% (66.0) // 54.2% (66.3) // 54.2% (66.3)",
        "oppFenwick": "53.6% (49.9) // 52.0% (49.3) // 53.6% (49.9) // 53.6% (49.9)",
        "oppShots": "53.7% (36.5) // 51.9% (35.5) // 53.7% (36.5) // 53.7% (36.5)",
        "oppScoring": "54.6% (34.8) // 53.4% (34.0) // 54.6% (34.8) // 54.6% (34.8)",
        "oppCorsiAgainst": "45.8% (56.1) // 47.5% (59.7) // 45.8% (56.1) // 45.8% (56.1)",
        "oppFenwickAgainst": "46.4% (43.2) // 48.0% (45.5) // 46.4% (43.2) // 46.4% (43.2)",
        "oppShotsAgainst": "46.3% (31.5) // 48.1% (33.0) // 46.3% (31.5) // 46.3% (31.5)",
        "oppScoringAgainst": "45.4% (28.9) // 46.6% (29.7) // 45.4% (28.9) // 45.4% (28.9)",
        "savesPerGame": 28.1,
        "savesPerGameLast1": 29.0,
        "savesPerGameLast3": 28.7,
        "savesPerGameLast5": 31.0,
        "savesPer60": 35.0,
        "savesPer60Last1": 31.2,
        "savesPer60Last3": 29.4,
        "savesPer60Last5": 31.1,
        "shotsPerGame": 31.5,
        "shotsPerGameLast5": 31.8,
        "shotsAgainstPerGame": 30.9,
        "shotsAgainstPerGameLast5": 33.2,
        "oppSavesAgainstPer60": 41.7,
        "oppSavesAgainstPer60Last1": 29.8,
        "oppSavesAgainstPer60Last3": 27.5,
        "oppSavesAgainstPer60Last5": 25.2,
        "oppShotsAgainstPerGame": 31.7,
        "oppShotsAgainstPerGameLast5": 34.2,
        "savesProj": 32.0,
        "savesProjLast5": 20.7,
        "savesProjLast3": 22.6,
        "oppSavesAgainstProj": 38.9,
        "oppSavesAgainstProjLast5": 17.6,
        "oppSavesAgainstProjLast3": 18.0,
        "totalOver": 42,
        "totalOverLast5": 40,
        "totalOverLast15": 27,
        "lastTotalOver": 46,
        "last5": "1,0,3,2,4,1,2,2,1,1",
        "overOdds": "+145",
        "underOdds": "-180",
        "overUnder": "+145 / -180"
    },
    {
        "player": "Anthony Duclair",
        "team": "FLA",
        "opponent": "VGK",
        "propType": "sog",
        "line": 1.5,
        "ppLine": "PP2",
        "avg": 2.08,
        "hit": false,
        "diffAvg": 0.39,
        "diffAbs": 1.0,
        "lastAvg": 0,
        "diff": 0,
        "avgMin": 15,
        "proj": 0.0,
        "lastAvgMin": 0,
        "oppOver": 0,
        "teamOver": 0,
        "gameLine": "-115",
        "+/-": "+1",
        "L5_+/-": "+1.0",
        "prevMatchup": "2023-06-08 1.0 sog 2023-06-05 2.0 sog 2023-06-03 1.0 sog 2023-03-07 2.0 sog",
        "winLossSplits": "52% - 69%",
        "awayHome": "H",
        "playedYesterday": "N",
        "awayHomeSplits": "56% - 60%",
        "savesAboveExp": -0.478,
        "gsaa": 8.04,
        "corsi": "54.2% (66.3) // 52.5% (66.0) // 54.2% (66.3) // 54.2% (66.3)",
        "fenwick": "53.6% (49.9) // 52.0% (49.3) // 53.6% (49.9) // 53.6% (49.9)",
        "shots": "53.7% (36.5) // 51.9% (35.5) // 53.7% (36.5) // 53.7% (36.5)",
        "scoring": "54.6% (34.8) // 53.4% (34.0) // 54.6% (34.8) // 54.6% (34.8)",
        "corsiAgainst": "45.8% (56.1) // 47.5% (59.7) // 45.8% (56.1) // 45.8% (56.1)",
        "fenwickAgainst": "46.4% (43.2) // 48.0% (45.5) // 46.4% (43.2) // 46.4% (43.2)",
        "shotsAgainst": "46.3% (31.5) // 48.1% (33.0) // 46.3% (31.5) // 46.3% (31.5)",
        "scoringAgainst": "45.4% (28.9) // 46.6% (29.7) // 45.4% (28.9) // 45.4% (28.9)",
        "oppCorsi": "48.6% (57.5) // 48.0% (56.0) // 48.6% (57.5) // 48.6% (57.5)",
        "oppFenwick": "49.7% (42.3) // 48.8% (40.5) // 49.7% (42.3) // 49.7% (42.3)",
        "oppShots": "50.5% (31.1) // 50.2% (28.8) // 50.5% (31.1) // 50.5% (31.1)",
        "oppScoring": "49.5% (29.2) // 49.0% (28.7) // 49.5% (29.2) // 49.5% (29.2)",
        "oppCorsiAgainst": "51.4% (60.7) // 52.0% (60.6) // 51.4% (60.7) // 51.4% (60.7)",
        "oppFenwickAgainst": "50.3% (42.8) // 51.2% (42.5) // 50.3% (42.8) // 50.3% (42.8)",
        "oppShotsAgainst": "49.5% (30.4) // 49.8% (28.5) // 49.5% (30.4) // 49.5% (30.4)",
        "oppScoringAgainst": "50.5% (29.8) // 51.0% (29.9) // 50.5% (29.8) // 50.5% (29.8)",
        "savesPerGame": 28.4,
        "savesPerGameLast1": 21.0,
        "savesPerGameLast3": 28.7,
        "savesPerGameLast5": 31.0,
        "savesPer60": 35.5,
        "savesPer60Last1": 22.5,
        "savesPer60Last3": 29.3,
        "savesPer60Last5": 31.4,
        "shotsPerGame": 36.8,
        "shotsPerGameLast5": 26.8,
        "shotsAgainstPerGame": 31.7,
        "shotsAgainstPerGameLast5": 34.2,
        "oppSavesAgainstPer60": 35.0,
        "oppSavesAgainstPer60Last1": 20.7,
        "oppSavesAgainstPer60Last3": 24.9,
        "oppSavesAgainstPer60Last5": 27.8,
        "oppShotsAgainstPerGame": 30.9,
        "oppShotsAgainstPerGameLast5": 33.2,
        "savesProj": 28.3,
        "savesProjLast5": 22.4,
        "savesProjLast3": 20.9,
        "oppSavesAgainstProj": 33.7,
        "oppSavesAgainstProjLast5": 21.9,
        "oppSavesAgainstProjLast3": 17.8,
        "totalOver": 58,
        "totalOverLast5": 40,
        "totalOverLast15": 47,
        "lastTotalOver": 0,
        "last5": "1,2,1,2,0,3,8,1,0,5",
        "overOdds": "-165",
        "underOdds": "+135",
        "overUnder": "-165 / +135"
    },
    {
        "player": "Anton Lundell",
        "team": "FLA",
        "opponent": "VGK",
        "propType": "sog",
        "line": 1.5,
        "ppLine": "PP2",
        "avg": 2.05,
        "hit": false,
        "diffAvg": 0.37,
        "diffAbs": 0.13,
        "lastAvg": 1.69,
        "diff": 0.13,
        "avgMin": 16,
        "proj": 1.7,
        "lastAvgMin": 15.73,
        "oppOver": 0,
        "teamOver": 0,
        "gameLine": "-115",
        "+/-": "+3",
        "L5_+/-": -1.0,
        "prevMatchup": "2023-06-08 1.0 sog 2023-06-05 3.0 sog 2023-06-03 4.0 sog 2023-03-07 0.0 sog 2023-01-12 4.0 sog",
        "winLossSplits": "49% - 76%",
        "awayHome": "H",
        "playedYesterday": "N",
        "awayHomeSplits": "72% - 49%",
        "savesAboveExp": -0.478,
        "gsaa": 8.04,
        "corsi": "54.2% (66.3) // 52.5% (66.0) // 54.2% (66.3) // 54.2% (66.3)",
        "fenwick": "53.6% (49.9) // 52.0% (49.3) // 53.6% (49.9) // 53.6% (49.9)",
        "shots": "53.7% (36.5) // 51.9% (35.5) // 53.7% (36.5) // 53.7% (36.5)",
        "scoring": "54.6% (34.8) // 53.4% (34.0) // 54.6% (34.8) // 54.6% (34.8)",
        "corsiAgainst": "45.8% (56.1) // 47.5% (59.7) // 45.8% (56.1) // 45.8% (56.1)",
        "fenwickAgainst": "46.4% (43.2) // 48.0% (45.5) // 46.4% (43.2) // 46.4% (43.2)",
        "shotsAgainst": "46.3% (31.5) // 48.1% (33.0) // 46.3% (31.5) // 46.3% (31.5)",
        "scoringAgainst": "45.4% (28.9) // 46.6% (29.7) // 45.4% (28.9) // 45.4% (28.9)",
        "oppCorsi": "48.6% (57.5) // 48.0% (56.0) // 48.6% (57.5) // 48.6% (57.5)",
        "oppFenwick": "49.7% (42.3) // 48.8% (40.5) // 49.7% (42.3) // 49.7% (42.3)",
        "oppShots": "50.5% (31.1) // 50.2% (28.8) // 50.5% (31.1) // 50.5% (31.1)",
        "oppScoring": "49.5% (29.2) // 49.0% (28.7) // 49.5% (29.2) // 49.5% (29.2)",
        "oppCorsiAgainst": "51.4% (60.7) // 52.0% (60.6) // 51.4% (60.7) // 51.4% (60.7)",
        "oppFenwickAgainst": "50.3% (42.8) // 51.2% (42.5) // 50.3% (42.8) // 50.3% (42.8)",
        "oppShotsAgainst": "49.5% (30.4) // 49.8% (28.5) // 49.5% (30.4) // 49.5% (30.4)",
        "oppScoringAgainst": "50.5% (29.8) // 51.0% (29.9) // 50.5% (29.8) // 50.5% (29.8)",
        "savesPerGame": 28.4,
        "savesPerGameLast1": 21.0,
        "savesPerGameLast3": 28.7,
        "savesPerGameLast5": 31.0,
        "savesPer60": 35.5,
        "savesPer60Last1": 22.5,
        "savesPer60Last3": 29.3,
        "savesPer60Last5": 31.4,
        "shotsPerGame": 36.8,
        "shotsPerGameLast5": 26.8,
        "shotsAgainstPerGame": 31.7,
        "shotsAgainstPerGameLast5": 34.2,
        "oppSavesAgainstPer60": 35.0,
        "oppSavesAgainstPer60Last1": 20.7,
        "oppSavesAgainstPer60Last3": 24.9,
        "oppSavesAgainstPer60Last5": 27.8,
        "oppShotsAgainstPerGame": 30.9,
        "oppShotsAgainstPerGameLast5": 33.2,
        "savesProj": 28.3,
        "savesProjLast5": 22.4,
        "savesProjLast3": 20.9,
        "oppSavesAgainstProj": 33.7,
        "oppSavesAgainstProjLast5": 21.9,
        "oppSavesAgainstProjLast3": 17.8,
        "totalOver": 61,
        "totalOverLast5": 60,
        "totalOverLast15": 60,
        "lastTotalOver": 55,
        "last5": "1,3,4,2,0,0,2,4,1,2",
        "overOdds": "-165",
        "underOdds": "+135",
        "overUnder": "-165 / +135"
    },
    {
        "player": "Brandon Montour",
        "team": "FLA",
        "opponent": "VGK",
        "propType": "sog",
        "line": 3.5,
        "ppLine": "PP1",
        "avg": 3.15,
        "hit": false,
        "diffAvg": -0.1,
        "diffAbs": 0.34,
        "lastAvg": 1.68,
        "diff": -0.52,
        "avgMin": 24,
        "proj": 2.3,
        "lastAvgMin": 17.88,
        "oppOver": 0,
        "teamOver": 0,
        "gameLine": "-115",
        "+/-": "+13",
        "L5_+/-": 0.0,
        "prevMatchup": "2023-06-08 3.0 sog 2023-06-05 5.0 sog 2023-06-03 3.0 sog 2023-03-07 3.0 sog 2023-01-12 6.0 sog",
        "winLossSplits": "31% - 42%",
        "awayHome": "H",
        "playedYesterday": "N",
        "awayHomeSplits": "35% - 38%",
        "savesAboveExp": -0.478,
        "gsaa": 8.04,
        "corsi": "54.2% (66.3) // 52.5% (66.0) // 54.2% (66.3) // 54.2% (66.3)",
        "fenwick": "53.6% (49.9) // 52.0% (49.3) // 53.6% (49.9) // 53.6% (49.9)",
        "shots": "53.7% (36.5) // 51.9% (35.5) // 53.7% (36.5) // 53.7% (36.5)",
        "scoring": "54.6% (34.8) // 53.4% (34.0) // 54.6% (34.8) // 54.6% (34.8)",
        "corsiAgainst": "45.8% (56.1) // 47.5% (59.7) // 45.8% (56.1) // 45.8% (56.1)",
        "fenwickAgainst": "46.4% (43.2) // 48.0% (45.5) // 46.4% (43.2) // 46.4% (43.2)",
        "shotsAgainst": "46.3% (31.5) // 48.1% (33.0) // 46.3% (31.5) // 46.3% (31.5)",
        "scoringAgainst": "45.4% (28.9) // 46.6% (29.7) // 45.4% (28.9) // 45.4% (28.9)",
        "oppCorsi": "48.6% (57.5) // 48.0% (56.0) // 48.6% (57.5) // 48.6% (57.5)",
        "oppFenwick": "49.7% (42.3) // 48.8% (40.5) // 49.7% (42.3) // 49.7% (42.3)",
        "oppShots": "50.5% (31.1) // 50.2% (28.8) // 50.5% (31.1) // 50.5% (31.1)",
        "oppScoring": "49.5% (29.2) // 49.0% (28.7) // 49.5% (29.2) // 49.5% (29.2)",
        "oppCorsiAgainst": "51.4% (60.7) // 52.0% (60.6) // 51.4% (60.7) // 51.4% (60.7)",
        "oppFenwickAgainst": "50.3% (42.8) // 51.2% (42.5) // 50.3% (42.8) // 50.3% (42.8)",
        "oppShotsAgainst": "49.5% (30.4) // 49.8% (28.5) // 49.5% (30.4) // 49.5% (30.4)",
        "oppScoringAgainst": "50.5% (29.8) // 51.0% (29.9) // 50.5% (29.8) // 50.5% (29.8)",
        "savesPerGame": 28.4,
        "savesPerGameLast1": 21.0,
        "savesPerGameLast3": 28.7,
        "savesPerGameLast5": 31.0,
        "savesPer60": 35.5,
        "savesPer60Last1": 22.5,
        "savesPer60Last3": 29.3,
        "savesPer60Last5": 31.4,
        "shotsPerGame": 36.8,
        "shotsPerGameLast5": 26.8,
        "shotsAgainstPerGame": 31.7,
        "shotsAgainstPerGameLast5": 34.2,
        "oppSavesAgainstPer60": 35.0,
        "oppSavesAgainstPer60Last1": 20.7,
        "oppSavesAgainstPer60Last3": 24.9,
        "oppSavesAgainstPer60Last5": 27.8,
        "oppShotsAgainstPerGame": 30.9,
        "oppShotsAgainstPerGameLast5": 33.2,
        "savesProj": 28.3,
        "savesProjLast5": 22.4,
        "savesProjLast3": 20.9,
        "oppSavesAgainstProj": 33.7,
        "oppSavesAgainstProjLast5": 21.9,
        "oppSavesAgainstProjLast3": 17.8,
        "totalOver": 36,
        "totalOverLast5": 20,
        "totalOverLast15": 40,
        "lastTotalOver": 33,
        "last5": "3,5,3,1,2,3,8,9,2,3",
        "overOdds": "+135",
        "underOdds": "-165",
        "overUnder": "+135 / -165"
    },
    {
        "player": "Carter Verhaeghe",
        "team": "FLA",
        "opponent": "VGK",
        "propType": "sog",
        "line": 3.5,
        "ppLine": "PP2",
        "avg": 3.29,
        "hit": false,
        "diffAvg": -0.06,
        "diffAbs": 0.43,
        "lastAvg": 1.9,
        "diff": -0.46,
        "avgMin": 17,
        "proj": 2.0,
        "lastAvgMin": 16.05,
        "oppOver": 0,
        "teamOver": 0,
        "gameLine": "-115",
        "+/-": "+20",
        "L5_+/-": "+3.0",
        "prevMatchup": "2023-06-08 3.0 sog 2023-06-05 3.0 sog 2023-06-03 3.0 sog 2023-03-07 5.0 sog 2023-01-12 2.0 sog",
        "winLossSplits": "52% - 41%",
        "awayHome": "H",
        "playedYesterday": "N",
        "awayHomeSplits": "40% - 54%",
        "savesAboveExp": -0.478,
        "gsaa": 8.04,
        "corsi": "54.2% (66.3) // 52.5% (66.0) // 54.2% (66.3) // 54.2% (66.3)",
        "fenwick": "53.6% (49.9) // 52.0% (49.3) // 53.6% (49.9) // 53.6% (49.9)",
        "shots": "53.7% (36.5) // 51.9% (35.5) // 53.7% (36.5) // 53.7% (36.5)",
        "scoring": "54.6% (34.8) // 53.4% (34.0) // 54.6% (34.8) // 54.6% (34.8)",
        "corsiAgainst": "45.8% (56.1) // 47.5% (59.7) // 45.8% (56.1) // 45.8% (56.1)",
        "fenwickAgainst": "46.4% (43.2) // 48.0% (45.5) // 46.4% (43.2) // 46.4% (43.2)",
        "shotsAgainst": "46.3% (31.5) // 48.1% (33.0) // 46.3% (31.5) // 46.3% (31.5)",
        "scoringAgainst": "45.4% (28.9) // 46.6% (29.7) // 45.4% (28.9) // 45.4% (28.9)",
        "oppCorsi": "48.6% (57.5) // 48.0% (56.0) // 48.6% (57.5) // 48.6% (57.5)",
        "oppFenwick": "49.7% (42.3) // 48.8% (40.5) // 49.7% (42.3) // 49.7% (42.3)",
        "oppShots": "50.5% (31.1) // 50.2% (28.8) // 50.5% (31.1) // 50.5% (31.1)",
        "oppScoring": "49.5% (29.2) // 49.0% (28.7) // 49.5% (29.2) // 49.5% (29.2)",
        "oppCorsiAgainst": "51.4% (60.7) // 52.0% (60.6) // 51.4% (60.7) // 51.4% (60.7)",
        "oppFenwickAgainst": "50.3% (42.8) // 51.2% (42.5) // 50.3% (42.8) // 50.3% (42.8)",
        "oppShotsAgainst": "49.5% (30.4) // 49.8% (28.5) // 49.5% (30.4) // 49.5% (30.4)",
        "oppScoringAgainst": "50.5% (29.8) // 51.0% (29.9) // 50.5% (29.8) // 50.5% (29.8)",
        "savesPerGame": 28.4,
        "savesPerGameLast1": 21.0,
        "savesPerGameLast3": 28.7,
        "savesPerGameLast5": 31.0,
        "savesPer60": 35.5,
        "savesPer60Last1": 22.5,
        "savesPer60Last3": 29.3,
        "savesPer60Last5": 31.4,
        "shotsPerGame": 36.8,
        "shotsPerGameLast5": 26.8,
        "shotsAgainstPerGame": 31.7,
        "shotsAgainstPerGameLast5": 34.2,
        "oppSavesAgainstPer60": 35.0,
        "oppSavesAgainstPer60Last1": 20.7,
        "oppSavesAgainstPer60Last3": 24.9,
        "oppSavesAgainstPer60Last5": 27.8,
        "oppShotsAgainstPerGame": 30.9,
        "oppShotsAgainstPerGameLast5": 33.2,
        "savesProj": 28.3,
        "savesProjLast5": 22.4,
        "savesProjLast3": 20.9,
        "oppSavesAgainstProj": 33.7,
        "oppSavesAgainstProjLast5": 21.9,
        "oppSavesAgainstProjLast3": 17.8,
        "totalOver": 47,
        "totalOverLast5": 20,
        "totalOverLast15": 33,
        "lastTotalOver": 16,
        "last5": "3,3,3,2,4,0,6,4,2,2",
        "overOdds": "+135",
        "underOdds": "-165",
        "overUnder": "+135 / -165"
    },
    {
        "player": "Chandler Stephenson",
        "team": "VGK",
        "opponent": "FLA",
        "propType": "sog",
        "line": 1.5,
        "ppLine": "PP1",
        "avg": 1.51,
        "hit": false,
        "diffAvg": 0.01,
        "diffAbs": 0.0,
        "lastAvg": 1.58,
        "diff": 0.05,
        "avgMin": 18,
        "proj": 1.5,
        "lastAvgMin": 19.3,
        "oppOver": 0,
        "teamOver": 0,
        "gameLine": "-105",
        "+/-": "+12",
        "L5_+/-": -2.0,
        "prevMatchup": "2023-06-08 4.0 sog 2023-06-05 4.0 sog 2023-06-03 1.0 sog 2023-03-07 1.0 sog 2023-01-12 0.0 sog",
        "winLossSplits": "48% - 42%",
        "awayHome": "A",
        "playedYesterday": "N",
        "awayHomeSplits": "46% - 46%",
        "savesAboveExp": -0.102,
        "gsaa": -4.63,
        "corsi": "48.6% (57.5) // 48.0% (56.0) // 48.6% (57.5) // 48.6% (57.5)",
        "fenwick": "49.7% (42.3) // 48.8% (40.5) // 49.7% (42.3) // 49.7% (42.3)",
        "shots": "50.5% (31.1) // 50.2% (28.8) // 50.5% (31.1) // 50.5% (31.1)",
        "scoring": "49.5% (29.2) // 49.0% (28.7) // 49.5% (29.2) // 49.5% (29.2)",
        "corsiAgainst": "51.4% (60.7) // 52.0% (60.6) // 51.4% (60.7) // 51.4% (60.7)",
        "fenwickAgainst": "50.3% (42.8) // 51.2% (42.5) // 50.3% (42.8) // 50.3% (42.8)",
        "shotsAgainst": "49.5% (30.4) // 49.8% (28.5) // 49.5% (30.4) // 49.5% (30.4)",
        "scoringAgainst": "50.5% (29.8) // 51.0% (29.9) // 50.5% (29.8) // 50.5% (29.8)",
        "oppCorsi": "54.2% (66.3) // 52.5% (66.0) // 54.2% (66.3) // 54.2% (66.3)",
        "oppFenwick": "53.6% (49.9) // 52.0% (49.3) // 53.6% (49.9) // 53.6% (49.9)",
        "oppShots": "53.7% (36.5) // 51.9% (35.5) // 53.7% (36.5) // 53.7% (36.5)",
        "oppScoring": "54.6% (34.8) // 53.4% (34.0) // 54.6% (34.8) // 54.6% (34.8)",
        "oppCorsiAgainst": "45.8% (56.1) // 47.5% (59.7) // 45.8% (56.1) // 45.8% (56.1)",
        "oppFenwickAgainst": "46.4% (43.2) // 48.0% (45.5) // 46.4% (43.2) // 46.4% (43.2)",
        "oppShotsAgainst": "46.3% (31.5) // 48.1% (33.0) // 46.3% (31.5) // 46.3% (31.5)",
        "oppScoringAgainst": "45.4% (28.9) // 46.6% (29.7) // 45.4% (28.9) // 45.4% (28.9)",
        "savesPerGame": 28.1,
        "savesPerGameLast1": 29.0,
        "savesPerGameLast3": 28.7,
        "savesPerGameLast5": 31.0,
        "savesPer60": 35.0,
        "savesPer60Last1": 31.2,
        "savesPer60Last3": 29.4,
        "savesPer60Last5": 31.1,
        "shotsPerGame": 31.5,
        "shotsPerGameLast5": 31.8,
        "shotsAgainstPerGame": 30.9,
        "shotsAgainstPerGameLast5": 33.2,
        "oppSavesAgainstPer60": 41.7,
        "oppSavesAgainstPer60Last1": 29.8,
        "oppSavesAgainstPer60Last3": 27.5,
        "oppSavesAgainstPer60Last5": 25.2,
        "oppShotsAgainstPerGame": 31.7,
        "oppShotsAgainstPerGameLast5": 34.2,
        "savesProj": 32.0,
        "savesProjLast5": 20.7,
        "savesProjLast3": 22.6,
        "oppSavesAgainstProj": 38.9,
        "oppSavesAgainstProjLast5": 17.6,
        "oppSavesAgainstProjLast3": 18.0,
        "totalOver": 46,
        "totalOverLast5": 60,
        "totalOverLast15": 47,
        "lastTotalOver": 49,
        "last5": "4,4,1,0,3,0,1,2,0,0",
        "overOdds": "-120",
        "underOdds": "-110",
        "overUnder": "-120 / -110"
    },
    {
        "player": "Gustav Forsling",
        "team": "FLA",
        "opponent": "VGK",
        "propType": "sog",
        "line": 2.5,
        "ppLine": "PP2",
        "avg": 2.43,
        "hit": false,
        "diffAvg": -0.03,
        "diffAbs": 0.24,
        "lastAvg": 1.79,
        "diff": -0.28,
        "avgMin": 23,
        "proj": 1.9,
        "lastAvgMin": 21.22,
        "oppOver": 0,
        "teamOver": 0,
        "gameLine": "-115",
        "+/-": "+27",
        "L5_+/-": "+1.0",
        "prevMatchup": "2023-06-08 0.0 sog 2023-06-05 3.0 sog 2023-06-03 1.0 sog 2023-03-07 3.0 sog 2023-01-12 3.0 sog",
        "winLossSplits": "51% - 50%",
        "awayHome": "H",
        "playedYesterday": "N",
        "awayHomeSplits": "52% - 49%",
        "savesAboveExp": -0.478,
        "gsaa": 8.04,
        "corsi": "54.2% (66.3) // 52.5% (66.0) // 54.2% (66.3) // 54.2% (66.3)",
        "fenwick": "53.6% (49.9) // 52.0% (49.3) // 53.6% (49.9) // 53.6% (49.9)",
        "shots": "53.7% (36.5) // 51.9% (35.5) // 53.7% (36.5) // 53.7% (36.5)",
        "scoring": "54.6% (34.8) // 53.4% (34.0) // 54.6% (34.8) // 54.6% (34.8)",
        "corsiAgainst": "45.8% (56.1) // 47.5% (59.7) // 45.8% (56.1) // 45.8% (56.1)",
        "fenwickAgainst": "46.4% (43.2) // 48.0% (45.5) // 46.4% (43.2) // 46.4% (43.2)",
        "shotsAgainst": "46.3% (31.5) // 48.1% (33.0) // 46.3% (31.5) // 46.3% (31.5)",
        "scoringAgainst": "45.4% (28.9) // 46.6% (29.7) // 45.4% (28.9) // 45.4% (28.9)",
        "oppCorsi": "48.6% (57.5) // 48.0% (56.0) // 48.6% (57.5) // 48.6% (57.5)",
        "oppFenwick": "49.7% (42.3) // 48.8% (40.5) // 49.7% (42.3) // 49.7% (42.3)",
        "oppShots": "50.5% (31.1) // 50.2% (28.8) // 50.5% (31.1) // 50.5% (31.1)",
        "oppScoring": "49.5% (29.2) // 49.0% (28.7) // 49.5% (29.2) // 49.5% (29.2)",
        "oppCorsiAgainst": "51.4% (60.7) // 52.0% (60.6) // 51.4% (60.7) // 51.4% (60.7)",
        "oppFenwickAgainst": "50.3% (42.8) // 51.2% (42.5) // 50.3% (42.8) // 50.3% (42.8)",
        "oppShotsAgainst": "49.5% (30.4) // 49.8% (28.5) // 49.5% (30.4) // 49.5% (30.4)",
        "oppScoringAgainst": "50.5% (29.8) // 51.0% (29.9) // 50.5% (29.8) // 50.5% (29.8)",
        "savesPerGame": 28.4,
        "savesPerGameLast1": 21.0,
        "savesPerGameLast3": 28.7,
        "savesPerGameLast5": 31.0,
        "savesPer60": 35.5,
        "savesPer60Last1": 22.5,
        "savesPer60Last3": 29.3,
        "savesPer60Last5": 31.4,
        "shotsPerGame": 36.8,
        "shotsPerGameLast5": 26.8,
        "shotsAgainstPerGame": 31.7,
        "shotsAgainstPerGameLast5": 34.2,
        "oppSavesAgainstPer60": 35.0,
        "oppSavesAgainstPer60Last1": 20.7,
        "oppSavesAgainstPer60Last3": 24.9,
        "oppSavesAgainstPer60Last5": 27.8,
        "oppShotsAgainstPerGame": 30.9,
        "oppShotsAgainstPerGameLast5": 33.2,
        "savesProj": 28.3,
        "savesProjLast5": 22.4,
        "savesProjLast3": 20.9,
        "oppSavesAgainstProj": 33.7,
        "oppSavesAgainstProjLast5": 21.9,
        "oppSavesAgainstProjLast3": 17.8,
        "totalOver": 50,
        "totalOverLast5": 20,
        "totalOverLast15": 20,
        "lastTotalOver": 32,
        "last5": "0,3,1,0,2,1,6,1,1,2",
        "overOdds": "+150",
        "underOdds": "-185",
        "overUnder": "+150 / -185"
    },
    {
        "player": "Ivan Barbashev",
        "team": "VGK",
        "opponent": "FLA",
        "propType": "sog",
        "line": 1.5,
        "ppLine": "PP2",
        "avg": 1.5,
        "hit": false,
        "diffAvg": 0.0,
        "diffAbs": 0.2,
        "lastAvg": 1.19,
        "diff": -0.21,
        "avgMin": 16,
        "proj": 1.2,
        "lastAvgMin": 16.43,
        "oppOver": 0,
        "teamOver": 0,
        "gameLine": "-105",
        "+/-": "+23",
        "L5_+/-": "+9.0",
        "prevMatchup": "2023-06-08 1.0 sog 2023-06-05 0.0 sog 2023-06-03 2.0 sog 2023-03-07 2.0 sog 2023-02-14 3.0 sog 2022-11-26 0.0 sog",
        "winLossSplits": "48% - 38%",
        "awayHome": "A",
        "playedYesterday": "N",
        "awayHomeSplits": "41% - 46%",
        "savesAboveExp": -0.102,
        "gsaa": -4.63,
        "corsi": "48.6% (57.5) // 48.0% (56.0) // 48.6% (57.5) // 48.6% (57.5)",
        "fenwick": "49.7% (42.3) // 48.8% (40.5) // 49.7% (42.3) // 49.7% (42.3)",
        "shots": "50.5% (31.1) // 50.2% (28.8) // 50.5% (31.1) // 50.5% (31.1)",
        "scoring": "49.5% (29.2) // 49.0% (28.7) // 49.5% (29.2) // 49.5% (29.2)",
        "corsiAgainst": "51.4% (60.7) // 52.0% (60.6) // 51.4% (60.7) // 51.4% (60.7)",
        "fenwickAgainst": "50.3% (42.8) // 51.2% (42.5) // 50.3% (42.8) // 50.3% (42.8)",
        "shotsAgainst": "49.5% (30.4) // 49.8% (28.5) // 49.5% (30.4) // 49.5% (30.4)",
        "scoringAgainst": "50.5% (29.8) // 51.0% (29.9) // 50.5% (29.8) // 50.5% (29.8)",
        "oppCorsi": "54.2% (66.3) // 52.5% (66.0) // 54.2% (66.3) // 54.2% (66.3)",
        "oppFenwick": "53.6% (49.9) // 52.0% (49.3) // 53.6% (49.9) // 53.6% (49.9)",
        "oppShots": "53.7% (36.5) // 51.9% (35.5) // 53.7% (36.5) // 53.7% (36.5)",
        "oppScoring": "54.6% (34.8) // 53.4% (34.0) // 54.6% (34.8) // 54.6% (34.8)",
        "oppCorsiAgainst": "45.8% (56.1) // 47.5% (59.7) // 45.8% (56.1) // 45.8% (56.1)",
        "oppFenwickAgainst": "46.4% (43.2) // 48.0% (45.5) // 46.4% (43.2) // 46.4% (43.2)",
        "oppShotsAgainst": "46.3% (31.5) // 48.1% (33.0) // 46.3% (31.5) // 46.3% (31.5)",
        "oppScoringAgainst": "45.4% (28.9) // 46.6% (29.7) // 45.4% (28.9) // 45.4% (28.9)",
        "savesPerGame": 28.1,
        "savesPerGameLast1": 29.0,
        "savesPerGameLast3": 28.7,
        "savesPerGameLast5": 31.0,
        "savesPer60": 35.0,
        "savesPer60Last1": 31.2,
        "savesPer60Last3": 29.4,
        "savesPer60Last5": 31.1,
        "shotsPerGame": 31.5,
        "shotsPerGameLast5": 31.8,
        "shotsAgainstPerGame": 30.9,
        "shotsAgainstPerGameLast5": 33.2,
        "oppSavesAgainstPer60": 41.7,
        "oppSavesAgainstPer60Last1": 29.8,
        "oppSavesAgainstPer60Last3": 27.5,
        "oppSavesAgainstPer60Last5": 25.2,
        "oppShotsAgainstPerGame": 31.7,
        "oppShotsAgainstPerGameLast5": 34.2,
        "savesProj": 32.0,
        "savesProjLast5": 20.7,
        "savesProjLast3": 22.6,
        "oppSavesAgainstProj": 38.9,
        "oppSavesAgainstProjLast5": 17.6,
        "oppSavesAgainstProjLast3": 18.0,
        "totalOver": 44,
        "totalOverLast5": 20,
        "totalOverLast15": 27,
        "lastTotalOver": 36,
        "last5": "1,0,2,1,1,1,0,1,1,1",
        "overOdds": "+130",
        "underOdds": "-160",
        "overUnder": "+130 / -160"
    },
    {
        "player": "Jack Eichel",
        "team": "VGK",
        "opponent": "FLA",
        "propType": "sog",
        "line": 3.5,
        "ppLine": "PP1",
        "avg": 3.27,
        "hit": false,
        "diffAvg": -0.07,
        "diffAbs": 0.03,
        "lastAvg": 3.91,
        "diff": 0.12,
        "avgMin": 18,
        "proj": 3.6,
        "lastAvgMin": 19.38,
        "oppOver": 0,
        "teamOver": 0,
        "gameLine": "-105",
        "+/-": "+38",
        "L5_+/-": "+11.0",
        "prevMatchup": "2023-06-08 3.0 sog 2023-06-05 1.0 sog 2023-06-03 2.0 sog 2023-03-07 1.0 sog 2023-01-12 10.0 sog",
        "winLossSplits": "44% - 38%",
        "awayHome": "A",
        "playedYesterday": "N",
        "awayHomeSplits": "48% - 36%",
        "savesAboveExp": -0.102,
        "gsaa": -4.63,
        "corsi": "48.6% (57.5) // 48.0% (56.0) // 48.6% (57.5) // 48.6% (57.5)",
        "fenwick": "49.7% (42.3) // 48.8% (40.5) // 49.7% (42.3) // 49.7% (42.3)",
        "shots": "50.5% (31.1) // 50.2% (28.8) // 50.5% (31.1) // 50.5% (31.1)",
        "scoring": "49.5% (29.2) // 49.0% (28.7) // 49.5% (29.2) // 49.5% (29.2)",
        "corsiAgainst": "51.4% (60.7) // 52.0% (60.6) // 51.4% (60.7) // 51.4% (60.7)",
        "fenwickAgainst": "50.3% (42.8) // 51.2% (42.5) // 50.3% (42.8) // 50.3% (42.8)",
        "shotsAgainst": "49.5% (30.4) // 49.8% (28.5) // 49.5% (30.4) // 49.5% (30.4)",
        "scoringAgainst": "50.5% (29.8) // 51.0% (29.9) // 50.5% (29.8) // 50.5% (29.8)",
        "oppCorsi": "54.2% (66.3) // 52.5% (66.0) // 54.2% (66.3) // 54.2% (66.3)",
        "oppFenwick": "53.6% (49.9) // 52.0% (49.3) // 53.6% (49.9) // 53.6% (49.9)",
        "oppShots": "53.7% (36.5) // 51.9% (35.5) // 53.7% (36.5) // 53.7% (36.5)",
        "oppScoring": "54.6% (34.8) // 53.4% (34.0) // 54.6% (34.8) // 54.6% (34.8)",
        "oppCorsiAgainst": "45.8% (56.1) // 47.5% (59.7) // 45.8% (56.1) // 45.8% (56.1)",
        "oppFenwickAgainst": "46.4% (43.2) // 48.0% (45.5) // 46.4% (43.2) // 46.4% (43.2)",
        "oppShotsAgainst": "46.3% (31.5) // 48.1% (33.0) // 46.3% (31.5) // 46.3% (31.5)",
        "oppScoringAgainst": "45.4% (28.9) // 46.6% (29.7) // 45.4% (28.9) // 45.4% (28.9)",
        "savesPerGame": 28.1,
        "savesPerGameLast1": 29.0,
        "savesPerGameLast3": 28.7,
        "savesPerGameLast5": 31.0,
        "savesPer60": 35.0,
        "savesPer60Last1": 31.2,
        "savesPer60Last3": 29.4,
        "savesPer60Last5": 31.1,
        "shotsPerGame": 31.5,
        "shotsPerGameLast5": 31.8,
        "shotsAgainstPerGame": 30.9,
        "shotsAgainstPerGameLast5": 33.2,
        "oppSavesAgainstPer60": 41.7,
        "oppSavesAgainstPer60Last1": 29.8,
        "oppSavesAgainstPer60Last3": 27.5,
        "oppSavesAgainstPer60Last5": 25.2,
        "oppShotsAgainstPerGame": 31.7,
        "oppShotsAgainstPerGameLast5": 34.2,
        "savesProj": 32.0,
        "savesProjLast5": 20.7,
        "savesProjLast3": 22.6,
        "oppSavesAgainstProj": 38.9,
        "oppSavesAgainstProjLast5": 17.6,
        "oppSavesAgainstProjLast3": 18.0,
        "totalOver": 42,
        "totalOverLast5": 0,
        "totalOverLast15": 33,
        "lastTotalOver": 50,
        "last5": "3,1,2,3,3,0,3,4,0,4",
        "overOdds": "+145",
        "underOdds": "-180",
        "overUnder": "+145 / -180"
    },
    {
        "player": "Jonathan Marchessault",
        "team": "VGK",
        "opponent": "FLA",
        "propType": "sog",
        "line": 3.5,
        "ppLine": "PP1",
        "avg": 3.22,
        "hit": false,
        "diffAvg": -0.08,
        "diffAbs": 0.09,
        "lastAvg": 3.26,
        "diff": -0.07,
        "avgMin": 17,
        "proj": 3.2,
        "lastAvgMin": 17.57,
        "oppOver": 0,
        "teamOver": 0,
        "gameLine": "-105",
        "+/-": "+17",
        "L5_+/-": "+11.0",
        "prevMatchup": "2023-06-08 2.0 sog 2023-06-05 4.0 sog 2023-06-03 3.0 sog 2023-03-07 5.0 sog 2023-01-12 4.0 sog",
        "winLossSplits": "36% - 38%",
        "awayHome": "A",
        "playedYesterday": "N",
        "awayHomeSplits": "37% - 37%",
        "savesAboveExp": -0.102,
        "gsaa": -4.63,
        "corsi": "48.6% (57.5) // 48.0% (56.0) // 48.6% (57.5) // 48.6% (57.5)",
        "fenwick": "49.7% (42.3) // 48.8% (40.5) // 49.7% (42.3) // 49.7% (42.3)",
        "shots": "50.5% (31.1) // 50.2% (28.8) // 50.5% (31.1) // 50.5% (31.1)",
        "scoring": "49.5% (29.2) // 49.0% (28.7) // 49.5% (29.2) // 49.5% (29.2)",
        "corsiAgainst": "51.4% (60.7) // 52.0% (60.6) // 51.4% (60.7) // 51.4% (60.7)",
        "fenwickAgainst": "50.3% (42.8) // 51.2% (42.5) // 50.3% (42.8) // 50.3% (42.8)",
        "shotsAgainst": "49.5% (30.4) // 49.8% (28.5) // 49.5% (30.4) // 49.5% (30.4)",
        "scoringAgainst": "50.5% (29.8) // 51.0% (29.9) // 50.5% (29.8) // 50.5% (29.8)",
        "oppCorsi": "54.2% (66.3) // 52.5% (66.0) // 54.2% (66.3) // 54.2% (66.3)",
        "oppFenwick": "53.6% (49.9) // 52.0% (49.3) // 53.6% (49.9) // 53.6% (49.9)",
        "oppShots": "53.7% (36.5) // 51.9% (35.5) // 53.7% (36.5) // 53.7% (36.5)",
        "oppScoring": "54.6% (34.8) // 53.4% (34.0) // 54.6% (34.8) // 54.6% (34.8)",
        "oppCorsiAgainst": "45.8% (56.1) // 47.5% (59.7) // 45.8% (56.1) // 45.8% (56.1)",
        "oppFenwickAgainst": "46.4% (43.2) // 48.0% (45.5) // 46.4% (43.2) // 46.4% (43.2)",
        "oppShotsAgainst": "46.3% (31.5) // 48.1% (33.0) // 46.3% (31.5) // 46.3% (31.5)",
        "oppScoringAgainst": "45.4% (28.9) // 46.6% (29.7) // 45.4% (28.9) // 45.4% (28.9)",
        "savesPerGame": 28.1,
        "savesPerGameLast1": 29.0,
        "savesPerGameLast3": 28.7,
        "savesPerGameLast5": 31.0,
        "savesPer60": 35.0,
        "savesPer60Last1": 31.2,
        "savesPer60Last3": 29.4,
        "savesPer60Last5": 31.1,
        "shotsPerGame": 31.5,
        "shotsPerGameLast5": 31.8,
        "shotsAgainstPerGame": 30.9,
        "shotsAgainstPerGameLast5": 33.2,
        "oppSavesAgainstPer60": 41.7,
        "oppSavesAgainstPer60Last1": 29.8,
        "oppSavesAgainstPer60Last3": 27.5,
        "oppSavesAgainstPer60Last5": 25.2,
        "oppShotsAgainstPerGame": 31.7,
        "oppShotsAgainstPerGameLast5": 34.2,
        "savesProj": 32.0,
        "savesProjLast5": 20.7,
        "savesProjLast3": 22.6,
        "oppSavesAgainstProj": 38.9,
        "oppSavesAgainstProjLast5": 17.6,
        "oppSavesAgainstProjLast3": 18.0,
        "totalOver": 37,
        "totalOverLast5": 20,
        "totalOverLast15": 47,
        "lastTotalOver": 41,
        "last5": "2,4,3,2,3,3,3,2,6,5",
        "overOdds": "+135",
        "underOdds": "-165",
        "overUnder": "+135 / -165"
    },
    {
        "player": "Mark Stone",
        "team": "VGK",
        "opponent": "FLA",
