[
    {
        "player": "Alex Pietrangelo",
        "team": "VGK",
        "opponent": "DAL",
        "propType": "bs",
        "line": 2.5,
        "ppLine": "PP2",
        "avg": 2.47,
        "hit": false,
        "diffAvg": -0.01,
        "diffAbs": 1.0,
        "lastAvg": 0.0,
        "diff": 0,
        "avgMin": 24,
        "proj": 0.0,
        "lastAvgMin": 24.63,
        "oppOver": 0,
        "teamOver": 0,
        "gameLine": "+120",
        "+/-": "+19",
        "L5_+/-": "+5.0",
        "prevMatchup": "2023-05-21 1.0 bs 2023-05-19 2.0 bs 2023-04-08 3.0 bs 2023-02-25 2.0 bs 2023-01-16 2.0 bs",
        "winLossSplits": "33% - 48%",
        "awayHome": "A",
        "playedYesterday": "N",
        "awayHomeSplits": "48% - 31%",
        "savesAboveExp": 0.39,
        "gsaa": 26.05,
        "corsi": "48.6% (57.5) // 48.0% (56.0) // 48.6% (57.5) // 48.6% (57.5)",
        "fenwick": "49.7% (42.3) // 48.8% (40.5) // 49.7% (42.3) // 49.7% (42.3)",
        "shots": "50.5% (31.1) // 50.2% (28.8) // 50.5% (31.1) // 50.5% (31.1)",
        "scoring": "49.5% (29.2) // 49.0% (28.7) // 49.5% (29.2) // 49.5% (29.2)",
        "corsiAgainst": "51.4% (60.7) // 52.0% (60.6) // 51.4% (60.7) // 51.4% (60.7)",
        "fenwickAgainst": "50.3% (42.8) // 51.2% (42.5) // 50.3% (42.8) // 50.3% (42.8)",
        "shotsAgainst": "49.5% (30.4) // 49.8% (28.5) // 49.5% (30.4) // 49.5% (30.4)",
        "scoringAgainst": "50.5% (29.8) // 51.0% (29.9) // 50.5% (29.8) // 50.5% (29.8)",
        "oppCorsi": "52.0% (59.9) // 57.0% (56.0) // 52.0% (59.9) // 52.0% (59.9)",
        "oppFenwick": "51.3% (43.7) // 56.1% (40.6) // 51.3% (43.7) // 51.3% (43.7)",
        "oppShots": "51.6% (31.5) // 56.3% (29.0) // 51.6% (31.5) // 51.6% (31.5)",
        "oppScoring": "53.7% (31.5) // 61.3% (29.6) // 53.7% (31.5) // 53.7% (31.5)",
        "oppCorsiAgainst": "48.0% (55.3) // 43.0% (42.3) // 48.0% (55.3) // 48.0% (55.3)",
        "oppFenwickAgainst": "48.7% (41.4) // 43.9% (31.7) // 48.7% (41.4) // 48.7% (41.4)",
        "oppShotsAgainst": "48.4% (29.5) // 43.7% (22.5) // 48.4% (29.5) // 48.4% (29.5)",
        "oppScoringAgainst": "46.3% (27.2) // 38.7% (18.6) // 46.3% (27.2) // 46.3% (27.2)",
        "savesPerGame": 28.1,
        "savesPerGameLast1": 26.0,
        "savesPerGameLast3": 32.7,
        "savesPerGameLast5": 31.6,
        "savesPer60": 32.9,
        "savesPer60Last1": 26.5,
        "savesPer60Last3": 33.1,
        "savesPer60Last5": 31.7,
        "shotsPerGame": 31.5,
        "shotsPerGameLast5": 28.0,
        "shotsAgainstPerGame": 30.9,
        "shotsAgainstPerGameLast5": 34.4,
        "oppSavesAgainstPer60": 33.7,
        "oppSavesAgainstPer60Last1": 28.1,
        "oppSavesAgainstPer60Last3": 29.0,
        "oppSavesAgainstPer60Last5": 24.2,
        "oppShotsAgainstPerGame": 29.9,
        "oppShotsAgainstPerGameLast5": 28.8,
        "savesProj": 28.1,
        "savesProjLast5": 23.5,
        "savesProjLast3": 28.7,
        "oppSavesAgainstProj": 31.9,
        "oppSavesAgainstProjLast5": 22.6,
        "oppSavesAgainstProjLast3": 27.7,
        "totalOver": 39,
        "totalOverLast5": 20,
        "totalOverLast15": 33,
        "lastTotalOver": 0,
        "last5": "1,2,2,1,5,2,7,5,1,5",
        "overOdds": "-120",
        "underOdds": "-110",
        "overUnder": "-120 / -110"
    },
    {
        "player": "Miro Heiskanen",
        "team": "DAL",
        "opponent": "VGK",
        "propType": "bs",
        "line": 1.5,
        "ppLine": "PP1",
        "avg": 1.31,
        "hit": false,
        "diffAvg": -0.13,
        "diffAbs": 1.0,
        "lastAvg": 0.0,
        "diff": 0,
        "avgMin": 25,
        "proj": 0.0,
        "lastAvgMin": 24.88,
        "oppOver": 0,
        "teamOver": 0,
        "gameLine": "-140",
        "+/-": "+12",
        "L5_+/-": -3.0,
        "prevMatchup": "2023-05-21 2.0 bs 2023-05-19 1.0 bs 2023-04-08 3.0 bs 2023-02-25 1.0 bs 2023-01-16 1.0 bs",
        "winLossSplits": "39% - 38%",
        "awayHome": "H",
        "playedYesterday": "N",
        "awayHomeSplits": "33% - 43%",
        "savesAboveExp": -0.478,
        "gsaa": 8.04,
        "corsi": "52.0% (59.9) // 57.0% (56.0) // 52.0% (59.9) // 52.0% (59.9)",
        "fenwick": "51.3% (43.7) // 56.1% (40.6) // 51.3% (43.7) // 51.3% (43.7)",
        "shots": "51.6% (31.5) // 56.3% (29.0) // 51.6% (31.5) // 51.6% (31.5)",
        "scoring": "53.7% (31.5) // 61.3% (29.6) // 53.7% (31.5) // 53.7% (31.5)",
        "corsiAgainst": "48.0% (55.3) // 43.0% (42.3) // 48.0% (55.3) // 48.0% (55.3)",
        "fenwickAgainst": "48.7% (41.4) // 43.9% (31.7) // 48.7% (41.4) // 48.7% (41.4)",
        "shotsAgainst": "48.4% (29.5) // 43.7% (22.5) // 48.4% (29.5) // 48.4% (29.5)",
        "scoringAgainst": "46.3% (27.2) // 38.7% (18.6) // 46.3% (27.2) // 46.3% (27.2)",
        "oppCorsi": "48.6% (57.5) // 48.0% (56.0) // 48.6% (57.5) // 48.6% (57.5)",
        "oppFenwick": "49.7% (42.3) // 48.8% (40.5) // 49.7% (42.3) // 49.7% (42.3)",
        "oppShots": "50.5% (31.1) // 50.2% (28.8) // 50.5% (31.1) // 50.5% (31.1)",
        "oppScoring": "49.5% (29.2) // 49.0% (28.7) // 49.5% (29.2) // 49.5% (29.2)",
        "oppCorsiAgainst": "51.4% (60.7) // 52.0% (60.6) // 51.4% (60.7) // 51.4% (60.7)",
        "oppFenwickAgainst": "50.3% (42.8) // 51.2% (42.5) // 50.3% (42.8) // 50.3% (42.8)",
        "oppShotsAgainst": "49.5% (30.4) // 49.8% (28.5) // 49.5% (30.4) // 49.5% (30.4)",
        "oppScoringAgainst": "50.5% (29.8) // 51.0% (29.9) // 50.5% (29.8) // 50.5% (29.8)",
        "savesPerGame": 27.3,
        "savesPerGameLast1": 21.0,
        "savesPerGameLast3": 25.3,
        "savesPerGameLast5": 25.6,
        "savesPer60": 32.7,
        "savesPer60Last1": 21.4,
        "savesPer60Last3": 25.7,
        "savesPer60Last5": 25.6,
        "shotsPerGame": 31.9,
        "shotsPerGameLast5": 27.2,
        "shotsAgainstPerGame": 29.9,
        "shotsAgainstPerGameLast5": 28.8,
        "oppSavesAgainstPer60": 32.9,
        "oppSavesAgainstPer60Last1": 20.7,
        "oppSavesAgainstPer60Last3": 24.2,
        "oppSavesAgainstPer60Last5": 24.9,
        "oppShotsAgainstPerGame": 30.9,
        "oppShotsAgainstPerGameLast5": 34.4,
        "savesProj": 28.0,
        "savesProjLast5": 19.1,
        "savesProjLast3": 18.5,
        "oppSavesAgainstProj": 30.1,
        "oppSavesAgainstProjLast5": 19.9,
        "oppSavesAgainstProjLast3": 18.9,
        "totalOver": 38,
        "totalOverLast5": 60,
        "totalOverLast15": 53,
        "lastTotalOver": 0,
        "last5": "2,1,2,1,3,1,0,0,3,2",
        "overOdds": "-155",
        "underOdds": "+125",
        "overUnder": "-155 / +125"
    },
    {
        "player": "Shea Theodore",
        "team": "VGK",
        "opponent": "DAL",
        "propType": "bs",
        "line": 1.5,
        "ppLine": "PP1",
        "avg": 1.55,
        "hit": false,
        "diffAvg": 0.03,
        "diffAbs": 1.0,
        "lastAvg": 0.0,
        "diff": 0,
        "avgMin": 21,
        "proj": 0.0,
        "lastAvgMin": 23.13,
        "oppOver": 0,
        "teamOver": 0,
        "gameLine": "+120",
        "+/-": "+19",
        "L5_+/-": "+4.0",
        "prevMatchup": "2023-05-21 3.0 bs 2023-05-19 1.0 bs 2023-02-25 0.0 bs",
        "winLossSplits": "53% - 35%",
        "awayHome": "A",
        "playedYesterday": "N",
        "awayHomeSplits": "54% - 41%",
        "savesAboveExp": 0.39,
        "gsaa": 26.05,
        "corsi": "48.6% (57.5) // 48.0% (56.0) // 48.6% (57.5) // 48.6% (57.5)",
        "fenwick": "49.7% (42.3) // 48.8% (40.5) // 49.7% (42.3) // 49.7% (42.3)",
        "shots": "50.5% (31.1) // 50.2% (28.8) // 50.5% (31.1) // 50.5% (31.1)",
        "scoring": "49.5% (29.2) // 49.0% (28.7) // 49.5% (29.2) // 49.5% (29.2)",
        "corsiAgainst": "51.4% (60.7) // 52.0% (60.6) // 51.4% (60.7) // 51.4% (60.7)",
        "fenwickAgainst": "50.3% (42.8) // 51.2% (42.5) // 50.3% (42.8) // 50.3% (42.8)",
        "shotsAgainst": "49.5% (30.4) // 49.8% (28.5) // 49.5% (30.4) // 49.5% (30.4)",
        "scoringAgainst": "50.5% (29.8) // 51.0% (29.9) // 50.5% (29.8) // 50.5% (29.8)",
        "oppCorsi": "52.0% (59.9) // 57.0% (56.0) // 52.0% (59.9) // 52.0% (59.9)",
        "oppFenwick": "51.3% (43.7) // 56.1% (40.6) // 51.3% (43.7) // 51.3% (43.7)",
        "oppShots": "51.6% (31.5) // 56.3% (29.0) // 51.6% (31.5) // 51.6% (31.5)",
        "oppScoring": "53.7% (31.5) // 61.3% (29.6) // 53.7% (31.5) // 53.7% (31.5)",
        "oppCorsiAgainst": "48.0% (55.3) // 43.0% (42.3) // 48.0% (55.3) // 48.0% (55.3)",
        "oppFenwickAgainst": "48.7% (41.4) // 43.9% (31.7) // 48.7% (41.4) // 48.7% (41.4)",
        "oppShotsAgainst": "48.4% (29.5) // 43.7% (22.5) // 48.4% (29.5) // 48.4% (29.5)",
        "oppScoringAgainst": "46.3% (27.2) // 38.7% (18.6) // 46.3% (27.2) // 46.3% (27.2)",
        "savesPerGame": 28.1,
        "savesPerGameLast1": 26.0,
        "savesPerGameLast3": 32.7,
        "savesPerGameLast5": 31.6,
        "savesPer60": 32.9,
        "savesPer60Last1": 26.5,
        "savesPer60Last3": 33.1,
        "savesPer60Last5": 31.7,
        "shotsPerGame": 31.5,
        "shotsPerGameLast5": 28.0,
        "shotsAgainstPerGame": 30.9,
        "shotsAgainstPerGameLast5": 34.4,
        "oppSavesAgainstPer60": 33.7,
        "oppSavesAgainstPer60Last1": 28.1,
        "oppSavesAgainstPer60Last3": 29.0,
        "oppSavesAgainstPer60Last5": 24.2,
        "oppShotsAgainstPerGame": 29.9,
        "oppShotsAgainstPerGameLast5": 28.8,
        "savesProj": 28.1,
        "savesProjLast5": 23.5,
        "savesProjLast3": 28.7,
        "oppSavesAgainstProj": 31.9,
        "oppSavesAgainstProjLast5": 22.6,
        "oppSavesAgainstProjLast3": 27.7,
        "totalOver": 48,
        "totalOverLast5": 40,
        "totalOverLast15": 47,
        "lastTotalOver": 0,
        "last5": "3,1,1,1,2,3,0,0,1,2",
        "overOdds": "-125",
        "underOdds": "-105",
        "overUnder": "-125 / -105"
    },
    {
        "player": "Esa Lindell",
        "team": "DAL",
        "opponent": "VGK",
        "propType": "bs",
        "line": 1.5,
        "ppLine": "",
        "avg": 1.76,
        "hit": false,
        "diffAvg": 0.17,
        "diffAbs": 1.0,
        "lastAvg": 0.0,
        "diff": 0,
        "avgMin": 20,
        "proj": 0.0,
        "lastAvgMin": 22.03,
        "oppOver": 0,
        "teamOver": 0,
        "gameLine": "-140",
        "+/-": "+22",
        "L5_+/-": -6.0,
        "prevMatchup": "2023-05-21 2.0 bs 2023-05-19 0.0 bs 2023-04-08 0.0 bs 2023-02-25 3.0 bs 2023-01-16 2.0 bs",
        "winLossSplits": "58% - 45%",
        "awayHome": "H",
        "playedYesterday": "N",
        "awayHomeSplits": "53% - 52%",
        "savesAboveExp": -0.478,
        "gsaa": 8.04,
        "corsi": "52.0% (59.9) // 57.0% (56.0) // 52.0% (59.9) // 52.0% (59.9)",
        "fenwick": "51.3% (43.7) // 56.1% (40.6) // 51.3% (43.7) // 51.3% (43.7)",
        "shots": "51.6% (31.5) // 56.3% (29.0) // 51.6% (31.5) // 51.6% (31.5)",
        "scoring": "53.7% (31.5) // 61.3% (29.6) // 53.7% (31.5) // 53.7% (31.5)",
        "corsiAgainst": "48.0% (55.3) // 43.0% (42.3) // 48.0% (55.3) // 48.0% (55.3)",
        "fenwickAgainst": "48.7% (41.4) // 43.9% (31.7) // 48.7% (41.4) // 48.7% (41.4)",
        "shotsAgainst": "48.4% (29.5) // 43.7% (22.5) // 48.4% (29.5) // 48.4% (29.5)",
        "scoringAgainst": "46.3% (27.2) // 38.7% (18.6) // 46.3% (27.2) // 46.3% (27.2)",
        "oppCorsi": "48.6% (57.5) // 48.0% (56.0) // 48.6% (57.5) // 48.6% (57.5)",
        "oppFenwick": "49.7% (42.3) // 48.8% (40.5) // 49.7% (42.3) // 49.7% (42.3)",
        "oppShots": "50.5% (31.1) // 50.2% (28.8) // 50.5% (31.1) // 50.5% (31.1)",
        "oppScoring": "49.5% (29.2) // 49.0% (28.7) // 49.5% (29.2) // 49.5% (29.2)",
        "oppCorsiAgainst": "51.4% (60.7) // 52.0% (60.6) // 51.4% (60.7) // 51.4% (60.7)",
        "oppFenwickAgainst": "50.3% (42.8) // 51.2% (42.5) // 50.3% (42.8) // 50.3% (42.8)",
        "oppShotsAgainst": "49.5% (30.4) // 49.8% (28.5) // 49.5% (30.4) // 49.5% (30.4)",
        "oppScoringAgainst": "50.5% (29.8) // 51.0% (29.9) // 50.5% (29.8) // 50.5% (29.8)",
        "savesPerGame": 27.3,
        "savesPerGameLast1": 21.0,
        "savesPerGameLast3": 25.3,
        "savesPerGameLast5": 25.6,
        "savesPer60": 32.7,
        "savesPer60Last1": 21.4,
        "savesPer60Last3": 25.7,
        "savesPer60Last5": 25.6,
        "shotsPerGame": 31.9,
        "shotsPerGameLast5": 27.2,
        "shotsAgainstPerGame": 29.9,
        "shotsAgainstPerGameLast5": 28.8,
        "oppSavesAgainstPer60": 32.9,
        "oppSavesAgainstPer60Last1": 20.7,
        "oppSavesAgainstPer60Last3": 24.2,
        "oppSavesAgainstPer60Last5": 24.9,
        "oppShotsAgainstPerGame": 30.9,
        "oppShotsAgainstPerGameLast5": 34.4,
        "savesProj": 28.0,
        "savesProjLast5": 19.1,
        "savesProjLast3": 18.5,
        "oppSavesAgainstProj": 30.1,
        "oppSavesAgainstProjLast5": 19.9,
        "oppSavesAgainstProjLast3": 18.9,
        "totalOver": 53,
        "totalOverLast5": 60,
        "totalOverLast15": 47,
        "lastTotalOver": 0,
        "last5": "2,0,4,0,2,2,1,0,0,1",
        "overOdds": "-110",
        "underOdds": "-120",
        "overUnder": "-110 / -120"
    },
    {
        "player": "Ryan Suter",
        "team": "DAL",
        "opponent": "VGK",
        "propType": "bs",
        "line": 1.5,
        "ppLine": "PP2",
        "avg": 1.45,
        "hit": false,
        "diffAvg": -0.03,
        "diffAbs": 1.0,
        "lastAvg": 0.0,
        "diff": 0,
        "avgMin": 20,
        "proj": 0.0,
        "lastAvgMin": 23.65,
        "oppOver": 0,
        "teamOver": 0,
        "gameLine": "-140",
        "+/-": -1,
        "L5_+/-": -5.0,
        "prevMatchup": "2023-05-21 1.0 bs 2023-05-19 5.0 bs 2023-04-08 1.0 bs 2023-02-25 4.0 bs 2023-01-16 0.0 bs",
        "winLossSplits": "36% - 43%",
        "awayHome": "H",
        "playedYesterday": "N",
        "awayHomeSplits": "35% - 44%",
        "savesAboveExp": -0.478,
        "gsaa": 8.04,
        "corsi": "52.0% (59.9) // 57.0% (56.0) // 52.0% (59.9) // 52.0% (59.9)",
        "fenwick": "51.3% (43.7) // 56.1% (40.6) // 51.3% (43.7) // 51.3% (43.7)",
        "shots": "51.6% (31.5) // 56.3% (29.0) // 51.6% (31.5) // 51.6% (31.5)",
        "scoring": "53.7% (31.5) // 61.3% (29.6) // 53.7% (31.5) // 53.7% (31.5)",
        "corsiAgainst": "48.0% (55.3) // 43.0% (42.3) // 48.0% (55.3) // 48.0% (55.3)",
        "fenwickAgainst": "48.7% (41.4) // 43.9% (31.7) // 48.7% (41.4) // 48.7% (41.4)",
        "shotsAgainst": "48.4% (29.5) // 43.7% (22.5) // 48.4% (29.5) // 48.4% (29.5)",
        "scoringAgainst": "46.3% (27.2) // 38.7% (18.6) // 46.3% (27.2) // 46.3% (27.2)",
        "oppCorsi": "48.6% (57.5) // 48.0% (56.0) // 48.6% (57.5) // 48.6% (57.5)",
        "oppFenwick": "49.7% (42.3) // 48.8% (40.5) // 49.7% (42.3) // 49.7% (42.3)",
        "oppShots": "50.5% (31.1) // 50.2% (28.8) // 50.5% (31.1) // 50.5% (31.1)",
        "oppScoring": "49.5% (29.2) // 49.0% (28.7) // 49.5% (29.2) // 49.5% (29.2)",
        "oppCorsiAgainst": "51.4% (60.7) // 52.0% (60.6) // 51.4% (60.7) // 51.4% (60.7)",
        "oppFenwickAgainst": "50.3% (42.8) // 51.2% (42.5) // 50.3% (42.8) // 50.3% (42.8)",
        "oppShotsAgainst": "49.5% (30.4) // 49.8% (28.5) // 49.5% (30.4) // 49.5% (30.4)",
        "oppScoringAgainst": "50.5% (29.8) // 51.0% (29.9) // 50.5% (29.8) // 50.5% (29.8)",
        "savesPerGame": 27.3,
        "savesPerGameLast1": 21.0,
        "savesPerGameLast3": 25.3,
        "savesPerGameLast5": 25.6,
        "savesPer60": 32.7,
        "savesPer60Last1": 21.4,
        "savesPer60Last3": 25.7,
        "savesPer60Last5": 25.6,
        "shotsPerGame": 31.9,
        "shotsPerGameLast5": 27.2,
        "shotsAgainstPerGame": 29.9,
        "shotsAgainstPerGameLast5": 28.8,
        "oppSavesAgainstPer60": 32.9,
        "oppSavesAgainstPer60Last1": 20.7,
        "oppSavesAgainstPer60Last3": 24.2,
        "oppSavesAgainstPer60Last5": 24.9,
        "oppShotsAgainstPerGame": 30.9,
        "oppShotsAgainstPerGameLast5": 34.4,
        "savesProj": 28.0,
        "savesProjLast5": 19.1,
        "savesProjLast3": 18.5,
        "oppSavesAgainstProj": 30.1,
        "oppSavesAgainstProjLast5": 19.9,
        "oppSavesAgainstProjLast3": 18.9,
        "totalOver": 39,
        "totalOverLast5": 40,
        "totalOverLast15": 47,
        "lastTotalOver": 0,
        "last5": "1,5,0,3,1,0,3,2,2,0",
        "overOdds": "-145",
        "underOdds": "+115",
        "overUnder": "-145 / +115"
    },
    {
        "player": "Zach Whitecloud",
        "team": "VGK",
        "opponent": "DAL",
        "propType": "bs",
        "line": 1.5,
        "ppLine": "",
        "avg": 1.62,
        "hit": false,
        "diffAvg": 0.08,
        "diffAbs": 1.0,
        "lastAvg": 0.0,
        "diff": 0,
        "avgMin": 17,
        "proj": 0.0,
        "lastAvgMin": 18.78,
        "oppOver": 0,
        "teamOver": 0,
        "gameLine": "+120",
        "+/-": "+17",
        "L5_+/-": "+7.0",
        "prevMatchup": "2023-05-21 2.0 bs 2023-05-19 3.0 bs 2023-04-08 1.0 bs 2023-02-25 0.0 bs",
        "winLossSplits": "50% - 50%",
        "awayHome": "A",
        "playedYesterday": "N",
        "awayHomeSplits": "50% - 50%",
        "savesAboveExp": 0.39,
        "gsaa": 26.05,
        "corsi": "48.6% (57.5) // 48.0% (56.0) // 48.6% (57.5) // 48.6% (57.5)",
        "fenwick": "49.7% (42.3) // 48.8% (40.5) // 49.7% (42.3) // 49.7% (42.3)",
        "shots": "50.5% (31.1) // 50.2% (28.8) // 50.5% (31.1) // 50.5% (31.1)",
        "scoring": "49.5% (29.2) // 49.0% (28.7) // 49.5% (29.2) // 49.5% (29.2)",
        "corsiAgainst": "51.4% (60.7) // 52.0% (60.6) // 51.4% (60.7) // 51.4% (60.7)",
        "fenwickAgainst": "50.3% (42.8) // 51.2% (42.5) // 50.3% (42.8) // 50.3% (42.8)",
        "shotsAgainst": "49.5% (30.4) // 49.8% (28.5) // 49.5% (30.4) // 49.5% (30.4)",
        "scoringAgainst": "50.5% (29.8) // 51.0% (29.9) // 50.5% (29.8) // 50.5% (29.8)",
        "oppCorsi": "52.0% (59.9) // 57.0% (56.0) // 52.0% (59.9) // 52.0% (59.9)",
        "oppFenwick": "51.3% (43.7) // 56.1% (40.6) // 51.3% (43.7) // 51.3% (43.7)",
        "oppShots": "51.6% (31.5) // 56.3% (29.0) // 51.6% (31.5) // 51.6% (31.5)",
        "oppScoring": "53.7% (31.5) // 61.3% (29.6) // 53.7% (31.5) // 53.7% (31.5)",
        "oppCorsiAgainst": "48.0% (55.3) // 43.0% (42.3) // 48.0% (55.3) // 48.0% (55.3)",
        "oppFenwickAgainst": "48.7% (41.4) // 43.9% (31.7) // 48.7% (41.4) // 48.7% (41.4)",
        "oppShotsAgainst": "48.4% (29.5) // 43.7% (22.5) // 48.4% (29.5) // 48.4% (29.5)",
        "oppScoringAgainst": "46.3% (27.2) // 38.7% (18.6) // 46.3% (27.2) // 46.3% (27.2)",
        "savesPerGame": 28.1,
        "savesPerGameLast1": 26.0,
        "savesPerGameLast3": 32.7,
        "savesPerGameLast5": 31.6,
        "savesPer60": 32.9,
        "savesPer60Last1": 26.5,
        "savesPer60Last3": 33.1,
        "savesPer60Last5": 31.7,
        "shotsPerGame": 31.5,
        "shotsPerGameLast5": 28.0,
        "shotsAgainstPerGame": 30.9,
        "shotsAgainstPerGameLast5": 34.4,
        "oppSavesAgainstPer60": 33.7,
        "oppSavesAgainstPer60Last1": 28.1,
        "oppSavesAgainstPer60Last3": 29.0,
        "oppSavesAgainstPer60Last5": 24.2,
        "oppShotsAgainstPerGame": 29.9,
        "oppShotsAgainstPerGameLast5": 28.8,
        "savesProj": 28.1,
        "savesProjLast5": 23.5,
        "savesProjLast3": 28.7,
        "oppSavesAgainstProj": 31.9,
        "oppSavesAgainstProjLast5": 22.6,
        "oppSavesAgainstProjLast3": 27.7,
        "totalOver": 50,
        "totalOverLast5": 40,
        "totalOverLast15": 47,
        "lastTotalOver": 0,
        "last5": "2,3,1,0,0,1,2,3,2,2",
        "overOdds": "-140",
        "underOdds": "+110",
        "overUnder": "-140 / +110"
    },
    {
        "player": "Alec Martinez",
        "team": "VGK",
        "opponent": "DAL",
        "propType": "bs",
        "line": 2.5,
        "ppLine": "",
        "avg": 3.09,
        "hit": false,
        "diffAvg": 0.24,
        "diffAbs": 1.0,
        "lastAvg": 0.0,
        "diff": 0,
        "avgMin": 19,
        "proj": 0.0,
        "lastAvgMin": 19.53,
        "oppOver": 0,
        "teamOver": 0,
        "gameLine": "+120",
        "+/-": "+38",
        "L5_+/-": "+7.0",
        "prevMatchup": "2023-05-21 1.0 bs 2023-05-19 1.0 bs 2023-04-08 2.0 bs 2023-02-25 4.0 bs 2023-01-16 0.0 bs",
        "winLossSplits": "58% - 48%",
        "awayHome": "A",
        "playedYesterday": "N",
        "awayHomeSplits": "56% - 53%",
        "savesAboveExp": 0.39,
        "gsaa": 26.05,
        "corsi": "48.6% (57.5) // 48.0% (56.0) // 48.6% (57.5) // 48.6% (57.5)",
        "fenwick": "49.7% (42.3) // 48.8% (40.5) // 49.7% (42.3) // 49.7% (42.3)",
        "shots": "50.5% (31.1) // 50.2% (28.8) // 50.5% (31.1) // 50.5% (31.1)",
        "scoring": "49.5% (29.2) // 49.0% (28.7) // 49.5% (29.2) // 49.5% (29.2)",
        "corsiAgainst": "51.4% (60.7) // 52.0% (60.6) // 51.4% (60.7) // 51.4% (60.7)",
        "fenwickAgainst": "50.3% (42.8) // 51.2% (42.5) // 50.3% (42.8) // 50.3% (42.8)",
        "shotsAgainst": "49.5% (30.4) // 49.8% (28.5) // 49.5% (30.4) // 49.5% (30.4)",
        "scoringAgainst": "50.5% (29.8) // 51.0% (29.9) // 50.5% (29.8) // 50.5% (29.8)",
        "oppCorsi": "52.0% (59.9) // 57.0% (56.0) // 52.0% (59.9) // 52.0% (59.9)",
        "oppFenwick": "51.3% (43.7) // 56.1% (40.6) // 51.3% (43.7) // 51.3% (43.7)",
        "oppShots": "51.6% (31.5) // 56.3% (29.0) // 51.6% (31.5) // 51.6% (31.5)",
        "oppScoring": "53.7% (31.5) // 61.3% (29.6) // 53.7% (31.5) // 53.7% (31.5)",
        "oppCorsiAgainst": "48.0% (55.3) // 43.0% (42.3) // 48.0% (55.3) // 48.0% (55.3)",
        "oppFenwickAgainst": "48.7% (41.4) // 43.9% (31.7) // 48.7% (41.4) // 48.7% (41.4)",
        "oppShotsAgainst": "48.4% (29.5) // 43.7% (22.5) // 48.4% (29.5) // 48.4% (29.5)",
        "oppScoringAgainst": "46.3% (27.2) // 38.7% (18.6) // 46.3% (27.2) // 46.3% (27.2)",
        "savesPerGame": 28.1,
        "savesPerGameLast1": 26.0,
        "savesPerGameLast3": 32.7,
        "savesPerGameLast5": 31.6,
        "savesPer60": 32.9,
        "savesPer60Last1": 26.5,
        "savesPer60Last3": 33.1,
        "savesPer60Last5": 31.7,
        "shotsPerGame": 31.5,
        "shotsPerGameLast5": 28.0,
        "shotsAgainstPerGame": 30.9,
        "shotsAgainstPerGameLast5": 34.4,
        "oppSavesAgainstPer60": 33.7,
        "oppSavesAgainstPer60Last1": 28.1,
        "oppSavesAgainstPer60Last3": 29.0,
        "oppSavesAgainstPer60Last5": 24.2,
        "oppShotsAgainstPerGame": 29.9,
        "oppShotsAgainstPerGameLast5": 28.8,
        "savesProj": 28.1,
        "savesProjLast5": 23.5,
        "savesProjLast3": 28.7,
        "oppSavesAgainstProj": 31.9,
        "oppSavesAgainstProjLast5": 22.6,
        "oppSavesAgainstProjLast3": 27.7,
        "totalOver": 54,
        "totalOverLast5": 40,
        "totalOverLast15": 27,
        "lastTotalOver": 0,
        "last5": "1,1,5,5,1,2,4,2,1,2",
        "overOdds": "-135",
        "underOdds": "+105",
        "overUnder": "-135 / +105"
    },
    {
        "player": "Brayden Mcnabb",
        "team": "VGK",
        "opponent": "DAL",
        "propType": "bs",
        "line": 2.5,
        "ppLine": "",
        "avg": 2.42,
        "hit": false,
        "diffAvg": -0.03,
        "diffAbs": 1.0,
        "lastAvg": 0.0,
        "diff": 0,
        "avgMin": 19,
        "proj": 0.0,
        "lastAvgMin": 19.7,
        "oppOver": 0,
        "teamOver": 0,
        "gameLine": "+120",
        "+/-": "+13",
        "L5_+/-": "+4.0",
        "prevMatchup": "2023-05-21 2.0 bs 2023-05-19 3.0 bs 2023-04-08 3.0 bs 2023-02-25 5.0 bs 2023-01-16 5.0 bs",
        "winLossSplits": "50% - 31%",
        "awayHome": "A",
        "playedYesterday": "N",
        "awayHomeSplits": "43% - 43%",
        "savesAboveExp": 0.39,
        "gsaa": 26.05,
        "corsi": "48.6% (57.5) // 48.0% (56.0) // 48.6% (57.5) // 48.6% (57.5)",
        "fenwick": "49.7% (42.3) // 48.8% (40.5) // 49.7% (42.3) // 49.7% (42.3)",
        "shots": "50.5% (31.1) // 50.2% (28.8) // 50.5% (31.1) // 50.5% (31.1)",
        "scoring": "49.5% (29.2) // 49.0% (28.7) // 49.5% (29.2) // 49.5% (29.2)",
        "corsiAgainst": "51.4% (60.7) // 52.0% (60.6) // 51.4% (60.7) // 51.4% (60.7)",
        "fenwickAgainst": "50.3% (42.8) // 51.2% (42.5) // 50.3% (42.8) // 50.3% (42.8)",
        "shotsAgainst": "49.5% (30.4) // 49.8% (28.5) // 49.5% (30.4) // 49.5% (30.4)",
        "scoringAgainst": "50.5% (29.8) // 51.0% (29.9) // 50.5% (29.8) // 50.5% (29.8)",
        "oppCorsi": "52.0% (59.9) // 57.0% (56.0) // 52.0% (59.9) // 52.0% (59.9)",
        "oppFenwick": "51.3% (43.7) // 56.1% (40.6) // 51.3% (43.7) // 51.3% (43.7)",
        "oppShots": "51.6% (31.5) // 56.3% (29.0) // 51.6% (31.5) // 51.6% (31.5)",
        "oppScoring": "53.7% (31.5) // 61.3% (29.6) // 53.7% (31.5) // 53.7% (31.5)",
        "oppCorsiAgainst": "48.0% (55.3) // 43.0% (42.3) // 48.0% (55.3) // 48.0% (55.3)",
        "oppFenwickAgainst": "48.7% (41.4) // 43.9% (31.7) // 48.7% (41.4) // 48.7% (41.4)",
        "oppShotsAgainst": "48.4% (29.5) // 43.7% (22.5) // 48.4% (29.5) // 48.4% (29.5)",
        "oppScoringAgainst": "46.3% (27.2) // 38.7% (18.6) // 46.3% (27.2) // 46.3% (27.2)",
        "savesPerGame": 28.1,
        "savesPerGameLast1": 26.0,
        "savesPerGameLast3": 32.7,
        "savesPerGameLast5": 31.6,
        "savesPer60": 32.9,
        "savesPer60Last1": 26.5,
        "savesPer60Last3": 33.1,
        "savesPer60Last5": 31.7,
        "shotsPerGame": 31.5,
        "shotsPerGameLast5": 28.0,
        "shotsAgainstPerGame": 30.9,
        "shotsAgainstPerGameLast5": 34.4,
        "oppSavesAgainstPer60": 33.7,
        "oppSavesAgainstPer60Last1": 28.1,
        "oppSavesAgainstPer60Last3": 29.0,
        "oppSavesAgainstPer60Last5": 24.2,
        "oppShotsAgainstPerGame": 29.9,
        "oppShotsAgainstPerGameLast5": 28.8,
        "savesProj": 28.1,
        "savesProjLast5": 23.5,
        "savesProjLast3": 28.7,
        "oppSavesAgainstProj": 31.9,
        "oppSavesAgainstProjLast5": 22.6,
        "oppSavesAgainstProjLast3": 27.7,
        "totalOver": 43,
        "totalOverLast5": 40,
        "totalOverLast15": 40,
        "lastTotalOver": 0,
        "last5": "2,3,2,4,2,5,1,3,2,1",
        "overOdds": "-105",
        "underOdds": "-125",
        "overUnder": "-105 / -125"
    }
]