[
    {
        "player": "Adin Hill",
        "team": "VGK",
        "opponent": "DAL",
        "propType": "sv",
        "line": 29.5,
        "ppLine": "",
        "avg": 25.5,
        "hit": false,
        "diffAvg": -0.14,
        "diffAbs": 0.22,
        "lastAvg": 23.48,
        "diff": -0.2,
        "avgMin": 54,
        "proj": 23.0,
        "lastAvgMin": 55.03,
        "oppOver": 37,
        "teamOver": 41,
        "gameLine": "+110",
        "+/-": 0,
        "L5_+/-": 0,
        "prevMatchup": "2023-01-16 dal @ vgk 32.0 sv 2023-02-25 dal @ vgk 41.0 sv 2023-04-08 vgk @ dal 24.0 sv 2023-05-19 dal @ vgk 33.0 sv 2023-05-21 dal @ vgk 26.0 sv 2023-05-23 vgk @ dal 34.0 sv 2023-05-27 dal @ vgk 30.0 sv",
        "winLossSplits": "35% - 31%",
        "awayHome": "A",
        "playedYesterday": "N",
        "awayHomeSplits": "38% - 30%",
        "savesAboveExp": -0.478,
        "gsaa": 8.04,
        "corsi": "48.6% (57.5) // 48.0% (56.0) // 48.6% (57.5) // 48.6% (57.5)",
        "fenwick": "49.7% (42.3) // 48.8% (40.5) // 49.7% (42.3) // 49.7% (42.3)",
        "shots": "50.5% (31.1) // 50.2% (28.8) // 50.5% (31.1) // 50.5% (31.1)",
        "scoring": "49.5% (29.2) // 49.0% (28.7) // 49.5% (29.2) // 49.5% (29.2)",
        "corsiAgainst": "51.4% (60.7) // 52.0% (60.6) // 51.4% (60.7) // 51.4% (60.7)",
        "fenwickAgainst": "50.3% (42.8) // 51.2% (42.5) // 50.3% (42.8) // 50.3% (42.8)",
        "shotsAgainst": "49.5% (30.4) // 49.8% (28.5) // 49.5% (30.4) // 49.5% (30.4)",
        "scoringAgainst": "50.5% (29.8) // 51.0% (29.9) // 50.5% (29.8) // 50.5% (29.8)",
        "oppCorsi": "52.0% (59.9) // 57.0% (56.0) // 52.0% (59.9) // 52.0% (59.9)",
        "oppFenwick": "51.3% (43.7) // 56.1% (40.6) // 51.3% (43.7) // 51.3% (43.7)",
        "oppShots": "51.6% (31.5) // 56.3% (29.0) // 51.6% (31.5) // 51.6% (31.5)",
        "oppScoring": "53.7% (31.5) // 61.3% (29.6) // 53.7% (31.5) // 53.7% (31.5)",
        "oppCorsiAgainst": "48.0% (55.3) // 43.0% (42.3) // 48.0% (55.3) // 48.0% (55.3)",
        "oppFenwickAgainst": "48.7% (41.4) // 43.9% (31.7) // 48.7% (41.4) // 48.7% (41.4)",
        "oppShotsAgainst": "48.4% (29.5) // 43.7% (22.5) // 48.4% (29.5) // 48.4% (29.5)",
        "oppScoringAgainst": "46.3% (27.2) // 38.7% (18.6) // 46.3% (27.2) // 46.3% (27.2)",
        "savesPerGame": 28.1,
        "savesPerGameLast1": 30.0,
        "savesPerGameLast3": 34.3,
        "savesPerGameLast5": 32.4,
        "savesPer60": 33.6,
        "savesPer60Last1": 28.4,
        "savesPer60Last3": 33.9,
        "savesPer60Last5": 32.3,
        "shotsPerGame": 31.5,
        "shotsPerGameLast5": 29.0,
        "shotsAgainstPerGame": 30.9,
        "shotsAgainstPerGameLast5": 34.8,
        "oppSavesAgainstPer60": 34.3,
        "oppSavesAgainstPer60Last1": 32.5,
        "oppSavesAgainstPer60Last3": 35.2,
        "oppSavesAgainstPer60Last5": 32.4,
        "oppShotsAgainstPerGame": 29.9,
        "oppShotsAgainstPerGameLast5": 29.0,
        "savesProj": 28.2,
        "savesProjLast5": 28.9,
        "savesProjLast3": 30.5,
        "oppSavesAgainstProj": 32.4,
        "oppSavesAgainstProjLast5": 30.5,
        "oppSavesAgainstProjLast3": 30.8,
        "totalOver": 33,
        "totalOverLast5": 80,
        "totalOverLast15": 53,
        "lastTotalOver": 18,
        "last5": "30,34,26,33,38,32,29,24,4,40",
        "overOdds": "-110",
        "underOdds": "-120",
        "overUnder": "-110 / -120"
    },
    {
        "player": "Jake Oettinger",
        "team": "DAL",
        "opponent": "VGK",
        "propType": "sv",
        "line": 26.5,
        "ppLine": "",
        "avg": 25.86,
        "hit": false,
        "diffAvg": -0.02,
        "diffAbs": 0.14,
        "lastAvg": 22.13,
        "diff": -0.16,
        "avgMin": 58,
        "proj": 22.8,
        "lastAvgMin": 56.4,
        "oppOver": 59,
        "teamOver": 54,
        "gameLine": "-130",
        "+/-": 0,
        "L5_+/-": 0,
        "prevMatchup": "2023-01-16 dal @ vgk 27.0 sv 2023-02-25 dal @ vgk 41.0 sv 2023-04-08 vgk @ dal 19.0 sv 2023-05-19 dal @ vgk 33.0 sv 2023-05-21 dal @ vgk 21.0 sv 2023-05-23 vgk @ dal 12.0 sv 2023-05-27 dal @ vgk 27.0 sv",
        "winLossSplits": "57% - 38%",
        "awayHome": "H",
        "playedYesterday": "N",
        "awayHomeSplits": "50% - 49%",
        "savesAboveExp": 0.39,
        "gsaa": 26.05,
        "corsi": "52.0% (59.9) // 57.0% (56.0) // 52.0% (59.9) // 52.0% (59.9)",
        "fenwick": "51.3% (43.7) // 56.1% (40.6) // 51.3% (43.7) // 51.3% (43.7)",
        "shots": "51.6% (31.5) // 56.3% (29.0) // 51.6% (31.5) // 51.6% (31.5)",
        "scoring": "53.7% (31.5) // 61.3% (29.6) // 53.7% (31.5) // 53.7% (31.5)",
        "corsiAgainst": "48.0% (55.3) // 43.0% (42.3) // 48.0% (55.3) // 48.0% (55.3)",
        "fenwickAgainst": "48.7% (41.4) // 43.9% (31.7) // 48.7% (41.4) // 48.7% (41.4)",
        "shotsAgainst": "48.4% (29.5) // 43.7% (22.5) // 48.4% (29.5) // 48.4% (29.5)",
        "scoringAgainst": "46.3% (27.2) // 38.7% (18.6) // 46.3% (27.2) // 46.3% (27.2)",
        "oppCorsi": "48.6% (57.5) // 48.0% (56.0) // 48.6% (57.5) // 48.6% (57.5)",
        "oppFenwick": "49.7% (42.3) // 48.8% (40.5) // 49.7% (42.3) // 49.7% (42.3)",
        "oppShots": "50.5% (31.1) // 50.2% (28.8) // 50.5% (31.1) // 50.5% (31.1)",
        "oppScoring": "49.5% (29.2) // 49.0% (28.7) // 49.5% (29.2) // 49.5% (29.2)",
        "oppCorsiAgainst": "51.4% (60.7) // 52.0% (60.6) // 51.4% (60.7) // 51.4% (60.7)",
        "oppFenwickAgainst": "50.3% (42.8) // 51.2% (42.5) // 50.3% (42.8) // 50.3% (42.8)",
        "oppShotsAgainst": "49.5% (30.4) // 49.8% (28.5) // 49.5% (30.4) // 49.5% (30.4)",
        "oppScoringAgainst": "50.5% (29.8) // 51.0% (29.9) // 50.5% (29.8) // 50.5% (29.8)",
        "savesPerGame": 27.3,
        "savesPerGameLast1": 27.0,
        "savesPerGameLast3": 25.3,
        "savesPerGameLast5": 26.0,
        "savesPer60": 33.3,
        "savesPer60Last1": 27.0,
        "savesPer60Last3": 25.5,
        "savesPer60Last5": 26.2,
        "shotsPerGame": 31.9,
        "shotsPerGameLast5": 34.8,
        "shotsAgainstPerGame": 29.9,
        "shotsAgainstPerGameLast5": 29.0,
        "oppSavesAgainstPer60": 33.6,
        "oppSavesAgainstPer60Last1": 26.7,
        "oppSavesAgainstPer60Last3": 25.9,
        "oppSavesAgainstPer60Last5": 26.4,
        "oppShotsAgainstPerGame": 30.9,
        "oppShotsAgainstPerGameLast5": 34.8,
        "savesProj": 27.8,
        "savesProjLast5": 17.2,
        "savesProjLast3": 15.2,
        "oppSavesAgainstProj": 30.5,
        "oppSavesAgainstProjLast5": 18.3,
        "oppSavesAgainstProjLast3": 15.4,
        "totalOver": 49,
        "totalOverLast5": 40,
        "totalOverLast15": 40,
        "lastTotalOver": 49,
        "last5": "27,2,21,33,22,14,29,16,12,25",
        "overOdds": "-105",
        "underOdds": "-125",
        "overUnder": "-105 / -125"
    }
]