[
    {
        "player": "Anders Lee",
        "team": "NYI",
        "opponent": "CAR",
        "propType": "g",
        "line": 0.5,
        "ppLine": "PP1",
        "avg": 0.33,
        "hit": false,
        "diffAvg": -0.34,
        "diffAbs": 0.2,
        "lastAvg": 0.37,
        "diff": -0.26,
        "avgMin": 17,
        "proj": 0.4,
        "lastAvgMin": 16.62,
        "oppOver": 0,
        "teamOver": 0,
        "gameLine": "-110",
        "+/-": -3,
        "L5_+/-": -2.0,
        "prevMatchup": "2023-04-19 0.0 g 2023-04-17 0.0 g 2023-04-02 0.0 g 2023-01-21 0.0 g 2022-12-10 0.0 g 2022-10-28 0.0 g",
        "winLossSplits": "40% - 12%",
        "awayHome": "H",
        "playedYesterday": "N",
        "awayHomeSplits": "26% - 27%",
        "savesAboveExp": -0.166,
        "gsaa": 3.66,
        "corsi": "49.6% (58.7) // 54.1% (65.8) // 59.5% (72.0) // 49.6% (58.7)",
        "fenwick": "49.5% (42.7) // 53.4% (47.0) // 63.9% (53.0) // 49.5% (42.7)",
        "shots": "49.8% (30.5) // 53.2% (32.4) // 64.8% (35.0) // 49.8% (30.5)",
        "scoring": "50.0% (30.4) // 52.7% (31.7) // 65.1% (41.0) // 50.0% (30.4)",
        "corsiAgainst": "50.4% (59.6) // 45.9% (55.9) // 40.5% (49.0) // 50.4% (59.6)",
        "fenwickAgainst": "50.5% (43.6) // 46.6% (40.9) // 36.1% (30.0) // 50.5% (43.6)",
        "shotsAgainst": "50.2% (30.7) // 46.8% (28.5) // 35.2% (19.0) // 50.2% (30.7)",
        "scoringAgainst": "50.0% (30.4) // 47.3% (28.4) // 34.9% (22.0) // 50.0% (30.4)",
        "oppCorsi": "59.9% (67.4) // 61.2% (68.8) // 58.7% (67.5) // 59.9% (67.4)",
        "oppFenwick": "59.1% (50.8) // 60.1% (51.8) // 59.7% (54.0) // 59.1% (50.8)",
        "oppShots": "57.2% (34.3) // 58.4% (34.4) // 53.8% (32.0) // 57.2% (34.3)",
        "oppScoring": "58.9% (33.3) // 62.3% (33.3) // 54.5% (27.5) // 58.9% (33.3)",
        "oppCorsiAgainst": "40.1% (45.2) // 38.8% (43.6) // 41.3% (47.5) // 40.1% (45.2)",
        "oppFenwickAgainst": "40.9% (35.1) // 39.9% (34.4) // 40.3% (36.5) // 40.9% (35.1)",
        "oppShotsAgainst": "42.8% (25.6) // 41.6% (24.5) // 46.2% (27.5) // 42.8% (25.6)",
        "oppScoringAgainst": "41.1% (23.3) // 37.7% (20.2) // 45.5% (23.0) // 41.1% (23.3)",
        "savesPerGame": 28.4,
        "savesPerGameLast1": 32.0,
        "savesPerGameLast3": 28.0,
        "savesPerGameLast5": 26.2,
        "savesPer60": 29.1,
        "savesPer60Last1": 34.7,
        "savesPer60Last3": 28.5,
        "savesPer60Last5": 26.2,
        "shotsPerGame": 30.8,
        "shotsPerGameLast5": 29.6,
        "shotsAgainstPerGame": 31.0,
        "shotsAgainstPerGameLast5": 28.8,
        "oppSavesAgainstPer60": 32.5,
        "oppSavesAgainstPer60Last1": 32.0,
        "oppSavesAgainstPer60Last3": 32.5,
        "oppSavesAgainstPer60Last5": 30.2,
        "oppShotsAgainstPerGame": 26.0,
        "oppShotsAgainstPerGameLast5": 27.8,
        "savesProj": 38.1,
        "savesProjLast5": 32.3,
        "savesProjLast3": 38.5,
        "oppSavesAgainstProj": 32.3,
        "oppSavesAgainstProjLast5": 27.3,
        "oppSavesAgainstProjLast3": 30.3,
        "totalOver": 26,
        "totalOverLast5": 20,
        "totalOverLast15": 13,
        "lastTotalOver": 31,
        "last5": "0,0,1,0,0,0,0,0,0,0",
        "overOdds": "+220",
        "underOdds": "0",
        "overUnder": "+220 / 0"
    },
    {
        "player": "Bo Horvat",
        "team": "NYI",
        "opponent": "CAR",
        "propType": "g",
        "line": 0.5,
        "ppLine": "PP1",
        "avg": 0.22,
        "hit": false,
        "diffAvg": -0.56,
        "diffAbs": 1.0,
        "lastAvg": 0,
        "diff": 0,
        "avgMin": 20,
        "proj": 0.0,
        "lastAvgMin": 0,
        "oppOver": 0,
        "teamOver": 0,
        "gameLine": "-110",
        "+/-": -3,
        "L5_+/-": "+1.0",
        "prevMatchup": "2023-04-19 0.0 g 2023-04-17 0.0 g 2023-04-02 0.0 g",
        "winLossSplits": "29% - 13%",
        "awayHome": "H",
        "playedYesterday": "N",
        "awayHomeSplits": "18% - 27%",
        "savesAboveExp": -0.166,
        "gsaa": 3.66,
        "corsi": "49.6% (58.7) // 54.1% (65.8) // 59.5% (72.0) // 49.6% (58.7)",
        "fenwick": "49.5% (42.7) // 53.4% (47.0) // 63.9% (53.0) // 49.5% (42.7)",
        "shots": "49.8% (30.5) // 53.2% (32.4) // 64.8% (35.0) // 49.8% (30.5)",
        "scoring": "50.0% (30.4) // 52.7% (31.7) // 65.1% (41.0) // 50.0% (30.4)",
        "corsiAgainst": "50.4% (59.6) // 45.9% (55.9) // 40.5% (49.0) // 50.4% (59.6)",
        "fenwickAgainst": "50.5% (43.6) // 46.6% (40.9) // 36.1% (30.0) // 50.5% (43.6)",
        "shotsAgainst": "50.2% (30.7) // 46.8% (28.5) // 35.2% (19.0) // 50.2% (30.7)",
        "scoringAgainst": "50.0% (30.4) // 47.3% (28.4) // 34.9% (22.0) // 50.0% (30.4)",
        "oppCorsi": "59.9% (67.4) // 61.2% (68.8) // 58.7% (67.5) // 59.9% (67.4)",
        "oppFenwick": "59.1% (50.8) // 60.1% (51.8) // 59.7% (54.0) // 59.1% (50.8)",
        "oppShots": "57.2% (34.3) // 58.4% (34.4) // 53.8% (32.0) // 57.2% (34.3)",
        "oppScoring": "58.9% (33.3) // 62.3% (33.3) // 54.5% (27.5) // 58.9% (33.3)",
        "oppCorsiAgainst": "40.1% (45.2) // 38.8% (43.6) // 41.3% (47.5) // 40.1% (45.2)",
        "oppFenwickAgainst": "40.9% (35.1) // 39.9% (34.4) // 40.3% (36.5) // 40.9% (35.1)",
        "oppShotsAgainst": "42.8% (25.6) // 41.6% (24.5) // 46.2% (27.5) // 42.8% (25.6)",
        "oppScoringAgainst": "41.1% (23.3) // 37.7% (20.2) // 45.5% (23.0) // 41.1% (23.3)",
        "savesPerGame": 28.4,
        "savesPerGameLast1": 32.0,
        "savesPerGameLast3": 28.0,
        "savesPerGameLast5": 26.2,
        "savesPer60": 29.1,
        "savesPer60Last1": 34.7,
        "savesPer60Last3": 28.5,
        "savesPer60Last5": 26.2,
        "shotsPerGame": 30.8,
        "shotsPerGameLast5": 29.6,
        "shotsAgainstPerGame": 31.0,
        "shotsAgainstPerGameLast5": 28.8,
        "oppSavesAgainstPer60": 32.5,
        "oppSavesAgainstPer60Last1": 32.0,
        "oppSavesAgainstPer60Last3": 32.5,
        "oppSavesAgainstPer60Last5": 30.2,
        "oppShotsAgainstPerGame": 26.0,
        "oppShotsAgainstPerGameLast5": 27.8,
        "savesProj": 38.1,
        "savesProjLast5": 32.3,
        "savesProjLast3": 38.5,
        "oppSavesAgainstProj": 32.3,
        "oppSavesAgainstProjLast5": 27.3,
        "oppSavesAgainstProjLast3": 30.3,
        "totalOver": 22,
        "totalOverLast5": 0,
        "totalOverLast15": 13,
        "lastTotalOver": 0,
        "last5": "0,0,0,0,0,1,0,0,0,1",
        "overOdds": "+185",
        "underOdds": "0",
        "overUnder": "+185 / 0"
    },
    {
        "player": "Brady Skjei",
        "team": "CAR",
        "opponent": "NYI",
        "propType": "g",
        "line": 0.5,
        "ppLine": "PP2",
        "avg": 0.22,
        "hit": false,
        "diffAvg": -0.56,
        "diffAbs": 0.8,
        "lastAvg": 0.09,
        "diff": -0.82,
        "avgMin": 21,
        "proj": 0.1,
        "lastAvgMin": 21.13,
        "oppOver": 0,
        "teamOver": 0,
        "gameLine": "-110",
        "+/-": "+4",
        "L5_+/-": -8.0,
        "prevMatchup": "2023-04-19 0.0 g 2023-04-17 0.0 g 2023-04-02 0.0 g 2023-01-21 0.0 g 2022-12-10 0.0 g 2022-10-28 0.0 g",
        "winLossSplits": "25% - 17%",
        "awayHome": "A",
        "playedYesterday": "N",
        "awayHomeSplits": "22% - 21%",
        "savesAboveExp": 0.704,
        "gsaa": 35.99,
        "corsi": "59.9% (67.4) // 61.2% (68.8) // 58.7% (67.5) // 59.9% (67.4)",
        "fenwick": "59.1% (50.8) // 60.1% (51.8) // 59.7% (54.0) // 59.1% (50.8)",
        "shots": "57.2% (34.3) // 58.4% (34.4) // 53.8% (32.0) // 57.2% (34.3)",
        "scoring": "58.9% (33.3) // 62.3% (33.3) // 54.5% (27.5) // 58.9% (33.3)",
        "corsiAgainst": "40.1% (45.2) // 38.8% (43.6) // 41.3% (47.5) // 40.1% (45.2)",
        "fenwickAgainst": "40.9% (35.1) // 39.9% (34.4) // 40.3% (36.5) // 40.9% (35.1)",
        "shotsAgainst": "42.8% (25.6) // 41.6% (24.5) // 46.2% (27.5) // 42.8% (25.6)",
        "scoringAgainst": "41.1% (23.3) // 37.7% (20.2) // 45.5% (23.0) // 41.1% (23.3)",
        "oppCorsi": "49.6% (58.7) // 54.1% (65.8) // 59.5% (72.0) // 49.6% (58.7)",
        "oppFenwick": "49.5% (42.7) // 53.4% (47.0) // 63.9% (53.0) // 49.5% (42.7)",
        "oppShots": "49.8% (30.5) // 53.2% (32.4) // 64.8% (35.0) // 49.8% (30.5)",
        "oppScoring": "50.0% (30.4) // 52.7% (31.7) // 65.1% (41.0) // 50.0% (30.4)",
        "oppCorsiAgainst": "50.4% (59.6) // 45.9% (55.9) // 40.5% (49.0) // 50.4% (59.6)",
        "oppFenwickAgainst": "50.5% (43.6) // 46.6% (40.9) // 36.1% (30.0) // 50.5% (43.6)",
        "oppShotsAgainst": "50.2% (30.7) // 46.8% (28.5) // 35.2% (19.0) // 50.2% (30.7)",
        "oppScoringAgainst": "50.0% (30.4) // 47.3% (28.4) // 34.9% (22.0) // 50.0% (30.4)",
        "savesPerGame": 23.4,
        "savesPerGameLast1": 23.0,
        "savesPerGameLast3": 26.0,
        "savesPerGameLast5": 25.4,
        "savesPer60": 24.2,
        "savesPer60Last1": 24.9,
        "savesPer60Last3": 26.7,
        "savesPer60Last5": 25.6,
        "shotsPerGame": 34.8,
        "shotsPerGameLast5": 33.2,
        "shotsAgainstPerGame": 26.0,
        "shotsAgainstPerGameLast5": 27.8,
        "oppSavesAgainstPer60": 28.5,
        "oppSavesAgainstPer60Last1": 23.0,
        "oppSavesAgainstPer60Last3": 26.3,
        "oppSavesAgainstPer60Last5": 26.8,
        "oppShotsAgainstPerGame": 31.0,
        "oppShotsAgainstPerGameLast5": 28.8,
        "savesProj": 23.1,
        "savesProjLast5": 23.6,
        "savesProjLast3": 24.2,
        "oppSavesAgainstProj": 23.5,
        "oppSavesAgainstProjLast5": 23.1,
        "oppSavesAgainstProjLast3": 22.5,
        "totalOver": 22,
        "totalOverLast5": 0,
        "totalOverLast15": 20,
        "lastTotalOver": 8,
        "last5": "0,0,0,0,0,0,0,1,0,1",
        "overOdds": "+450",
        "underOdds": "0",
        "overUnder": "+450 / 0"
    },
    {
        "player": "Brent Burns",
        "team": "CAR",
        "opponent": "NYI",
        "propType": "g",
        "line": 0.5,
        "ppLine": "PP1",
        "avg": 0.21,
        "hit": false,
        "diffAvg": -0.58,
        "diffAbs": 0.8,
        "lastAvg": 0.12,
        "diff": -0.76,
        "avgMin": 23,
        "proj": 0.1,
        "lastAvgMin": 26.13,
        "oppOver": 0,
        "teamOver": 0,
        "gameLine": "-110",
        "+/-": "+21",
        "L5_+/-": "+7.0",
        "prevMatchup": "2023-04-19 0.0 g 2023-04-17 0.0 g 2023-04-02 0.0 g 2023-01-21 0.0 g 2022-12-10 0.0 g 2022-10-28 1.0 g",
        "winLossSplits": "24% - 13%",
        "awayHome": "A",
        "playedYesterday": "N",
        "awayHomeSplits": "24% - 16%",
        "savesAboveExp": 0.704,
        "gsaa": 35.99,
        "corsi": "59.9% (67.4) // 61.2% (68.8) // 58.7% (67.5) // 59.9% (67.4)",
        "fenwick": "59.1% (50.8) // 60.1% (51.8) // 59.7% (54.0) // 59.1% (50.8)",
        "shots": "57.2% (34.3) // 58.4% (34.4) // 53.8% (32.0) // 57.2% (34.3)",
        "scoring": "58.9% (33.3) // 62.3% (33.3) // 54.5% (27.5) // 58.9% (33.3)",
        "corsiAgainst": "40.1% (45.2) // 38.8% (43.6) // 41.3% (47.5) // 40.1% (45.2)",
        "fenwickAgainst": "40.9% (35.1) // 39.9% (34.4) // 40.3% (36.5) // 40.9% (35.1)",
        "shotsAgainst": "42.8% (25.6) // 41.6% (24.5) // 46.2% (27.5) // 42.8% (25.6)",
        "scoringAgainst": "41.1% (23.3) // 37.7% (20.2) // 45.5% (23.0) // 41.1% (23.3)",
        "oppCorsi": "49.6% (58.7) // 54.1% (65.8) // 59.5% (72.0) // 49.6% (58.7)",
        "oppFenwick": "49.5% (42.7) // 53.4% (47.0) // 63.9% (53.0) // 49.5% (42.7)",
        "oppShots": "49.8% (30.5) // 53.2% (32.4) // 64.8% (35.0) // 49.8% (30.5)",
        "oppScoring": "50.0% (30.4) // 52.7% (31.7) // 65.1% (41.0) // 50.0% (30.4)",
        "oppCorsiAgainst": "50.4% (59.6) // 45.9% (55.9) // 40.5% (49.0) // 50.4% (59.6)",
        "oppFenwickAgainst": "50.5% (43.6) // 46.6% (40.9) // 36.1% (30.0) // 50.5% (43.6)",
        "oppShotsAgainst": "50.2% (30.7) // 46.8% (28.5) // 35.2% (19.0) // 50.2% (30.7)",
        "oppScoringAgainst": "50.0% (30.4) // 47.3% (28.4) // 34.9% (22.0) // 50.0% (30.4)",
        "savesPerGame": 23.4,
        "savesPerGameLast1": 23.0,
        "savesPerGameLast3": 26.0,
        "savesPerGameLast5": 25.4,
        "savesPer60": 24.2,
        "savesPer60Last1": 24.9,
        "savesPer60Last3": 26.7,
        "savesPer60Last5": 25.6,
        "shotsPerGame": 34.8,
        "shotsPerGameLast5": 33.2,
        "shotsAgainstPerGame": 26.0,
        "shotsAgainstPerGameLast5": 27.8,
        "oppSavesAgainstPer60": 28.5,
        "oppSavesAgainstPer60Last1": 23.0,
        "oppSavesAgainstPer60Last3": 26.3,
        "oppSavesAgainstPer60Last5": 26.8,
        "oppShotsAgainstPerGame": 31.0,
        "oppShotsAgainstPerGameLast5": 28.8,
        "savesProj": 23.1,
        "savesProjLast5": 23.6,
        "savesProjLast3": 24.2,
        "oppSavesAgainstProj": 23.5,
        "oppSavesAgainstProjLast5": 23.1,
        "oppSavesAgainstProjLast3": 22.5,
        "totalOver": 20,
        "totalOverLast5": 60,
        "totalOverLast15": 33,
        "lastTotalOver": 12,
        "last5": "0,0,2,1,1,0,0,0,0,0",
        "overOdds": "+400",
        "underOdds": "0",
        "overUnder": "+400 / 0"
    },
    {
        "player": "Brock Nelson",
        "team": "NYI",
        "opponent": "CAR",
        "propType": "g",
        "line": 0.5,
        "ppLine": "PP1",
        "avg": 0.44,
        "hit": false,
        "diffAvg": -0.12,
        "diffAbs": 0.0,
        "lastAvg": 0.51,
        "diff": 0.02,
        "avgMin": 18,
        "proj": 0.5,
        "lastAvgMin": 17.67,
        "oppOver": 0,
        "teamOver": 0,
        "gameLine": "-110",
        "+/-": "+17",
        "L5_+/-": "+7.0",
        "prevMatchup": "2023-04-19 1.0 g 2023-04-17 0.0 g 2023-04-02 0.0 g 2023-01-21 1.0 g 2022-12-10 0.0 g 2022-10-28 2.0 g",
        "winLossSplits": "50% - 19%",
        "awayHome": "H",
        "playedYesterday": "N",
        "awayHomeSplits": "40% - 29%",
        "savesAboveExp": -0.166,
        "gsaa": 3.66,
        "corsi": "49.6% (58.7) // 54.1% (65.8) // 59.5% (72.0) // 49.6% (58.7)",
        "fenwick": "49.5% (42.7) // 53.4% (47.0) // 63.9% (53.0) // 49.5% (42.7)",
        "shots": "49.8% (30.5) // 53.2% (32.4) // 64.8% (35.0) // 49.8% (30.5)",
        "scoring": "50.0% (30.4) // 52.7% (31.7) // 65.1% (41.0) // 50.0% (30.4)",
        "corsiAgainst": "50.4% (59.6) // 45.9% (55.9) // 40.5% (49.0) // 50.4% (59.6)",
        "fenwickAgainst": "50.5% (43.6) // 46.6% (40.9) // 36.1% (30.0) // 50.5% (43.6)",
        "shotsAgainst": "50.2% (30.7) // 46.8% (28.5) // 35.2% (19.0) // 50.2% (30.7)",
        "scoringAgainst": "50.0% (30.4) // 47.3% (28.4) // 34.9% (22.0) // 50.0% (30.4)",
        "oppCorsi": "59.9% (67.4) // 61.2% (68.8) // 58.7% (67.5) // 59.9% (67.4)",
        "oppFenwick": "59.1% (50.8) // 60.1% (51.8) // 59.7% (54.0) // 59.1% (50.8)",
        "oppShots": "57.2% (34.3) // 58.4% (34.4) // 53.8% (32.0) // 57.2% (34.3)",
        "oppScoring": "58.9% (33.3) // 62.3% (33.3) // 54.5% (27.5) // 58.9% (33.3)",
        "oppCorsiAgainst": "40.1% (45.2) // 38.8% (43.6) // 41.3% (47.5) // 40.1% (45.2)",
        "oppFenwickAgainst": "40.9% (35.1) // 39.9% (34.4) // 40.3% (36.5) // 40.9% (35.1)",
        "oppShotsAgainst": "42.8% (25.6) // 41.6% (24.5) // 46.2% (27.5) // 42.8% (25.6)",
        "oppScoringAgainst": "41.1% (23.3) // 37.7% (20.2) // 45.5% (23.0) // 41.1% (23.3)",
        "savesPerGame": 28.4,
        "savesPerGameLast1": 32.0,
        "savesPerGameLast3": 28.0,
        "savesPerGameLast5": 26.2,
        "savesPer60": 29.1,
        "savesPer60Last1": 34.7,
        "savesPer60Last3": 28.5,
        "savesPer60Last5": 26.2,
        "shotsPerGame": 30.8,
        "shotsPerGameLast5": 29.6,
        "shotsAgainstPerGame": 31.0,
        "shotsAgainstPerGameLast5": 28.8,
        "oppSavesAgainstPer60": 32.5,
        "oppSavesAgainstPer60Last1": 32.0,
        "oppSavesAgainstPer60Last3": 32.5,
        "oppSavesAgainstPer60Last5": 30.2,
        "oppShotsAgainstPerGame": 26.0,
        "oppShotsAgainstPerGameLast5": 27.8,
        "savesProj": 38.1,
        "savesProjLast5": 32.3,
        "savesProjLast3": 38.5,
        "oppSavesAgainstProj": 32.3,
        "oppSavesAgainstProjLast5": 27.3,
        "oppSavesAgainstProjLast3": 30.3,
        "totalOver": 35,
        "totalOverLast5": 60,
        "totalOverLast15": 33,
        "lastTotalOver": 39,
        "last5": "1,0,2,0,1,1,0,0,0,0",
        "overOdds": "+170",
        "underOdds": "0",
        "overUnder": "+170 / 0"
    },
    {
        "player": "Jesperi Kotkaniemi",
        "team": "CAR",
        "opponent": "NYI",
        "propType": "g",
        "line": 0.5,
        "ppLine": "PP2",
        "avg": 0.21,
        "hit": false,
        "diffAvg": -0.58,
        "diffAbs": 0.6,
        "lastAvg": 0.15,
        "diff": -0.7,
        "avgMin": 14,
        "proj": 0.2,
        "lastAvgMin": 12.02,
        "oppOver": 0,
        "teamOver": 0,
        "gameLine": "-110",
        "+/-": "+7",
        "L5_+/-": -3.0,
        "prevMatchup": "2023-04-19 0.0 g 2023-04-17 0.0 g 2023-04-02 1.0 g 2023-01-21 0.0 g 2022-12-10 1.0 g 2022-10-28 0.0 g",
        "winLossSplits": "24% - 13%",
        "awayHome": "A",
        "playedYesterday": "N",
        "awayHomeSplits": "7% - 33%",
        "savesAboveExp": 0.704,
        "gsaa": 35.99,
        "corsi": "59.9% (67.4) // 61.2% (68.8) // 58.7% (67.5) // 59.9% (67.4)",
        "fenwick": "59.1% (50.8) // 60.1% (51.8) // 59.7% (54.0) // 59.1% (50.8)",
        "shots": "57.2% (34.3) // 58.4% (34.4) // 53.8% (32.0) // 57.2% (34.3)",
        "scoring": "58.9% (33.3) // 62.3% (33.3) // 54.5% (27.5) // 58.9% (33.3)",
        "corsiAgainst": "40.1% (45.2) // 38.8% (43.6) // 41.3% (47.5) // 40.1% (45.2)",
        "fenwickAgainst": "40.9% (35.1) // 39.9% (34.4) // 40.3% (36.5) // 40.9% (35.1)",
        "shotsAgainst": "42.8% (25.6) // 41.6% (24.5) // 46.2% (27.5) // 42.8% (25.6)",
        "scoringAgainst": "41.1% (23.3) // 37.7% (20.2) // 45.5% (23.0) // 41.1% (23.3)",
        "oppCorsi": "49.6% (58.7) // 54.1% (65.8) // 59.5% (72.0) // 49.6% (58.7)",
        "oppFenwick": "49.5% (42.7) // 53.4% (47.0) // 63.9% (53.0) // 49.5% (42.7)",
        "oppShots": "49.8% (30.5) // 53.2% (32.4) // 64.8% (35.0) // 49.8% (30.5)",
        "oppScoring": "50.0% (30.4) // 52.7% (31.7) // 65.1% (41.0) // 50.0% (30.4)",
        "oppCorsiAgainst": "50.4% (59.6) // 45.9% (55.9) // 40.5% (49.0) // 50.4% (59.6)",
        "oppFenwickAgainst": "50.5% (43.6) // 46.6% (40.9) // 36.1% (30.0) // 50.5% (43.6)",
        "oppShotsAgainst": "50.2% (30.7) // 46.8% (28.5) // 35.2% (19.0) // 50.2% (30.7)",
        "oppScoringAgainst": "50.0% (30.4) // 47.3% (28.4) // 34.9% (22.0) // 50.0% (30.4)",
        "savesPerGame": 23.4,
        "savesPerGameLast1": 23.0,
        "savesPerGameLast3": 26.0,
        "savesPerGameLast5": 25.4,
        "savesPer60": 24.2,
        "savesPer60Last1": 24.9,
        "savesPer60Last3": 26.7,
        "savesPer60Last5": 25.6,
        "shotsPerGame": 34.8,
        "shotsPerGameLast5": 33.2,
        "shotsAgainstPerGame": 26.0,
        "shotsAgainstPerGameLast5": 27.8,
        "oppSavesAgainstPer60": 28.5,
        "oppSavesAgainstPer60Last1": 23.0,
        "oppSavesAgainstPer60Last3": 26.3,
        "oppSavesAgainstPer60Last5": 26.8,
        "oppShotsAgainstPerGame": 31.0,
        "oppShotsAgainstPerGameLast5": 28.8,
        "savesProj": 23.1,
        "savesProjLast5": 23.6,
        "savesProjLast3": 24.2,
        "oppSavesAgainstProj": 23.5,
        "oppSavesAgainstProjLast5": 23.1,
        "oppSavesAgainstProjLast3": 22.5,
        "totalOver": 20,
        "totalOverLast5": 40,
        "totalOverLast15": 27,
        "lastTotalOver": 12,
        "last5": "0,0,1,1,0,0,0,1,1,0",
        "overOdds": "+310",
        "underOdds": "0",
        "overUnder": "+310 / 0"
    },
    {
        "player": "Jordan Martinook",
        "team": "CAR",
        "opponent": "NYI",
        "propType": "g",
        "line": 0.5,
        "ppLine": "",
        "avg": 0.15,
        "hit": false,
        "diffAvg": -0.7,
        "diffAbs": 0.8,
        "lastAvg": 0.09,
        "diff": -0.82,
        "avgMin": 15,
        "proj": 0.1,
        "lastAvgMin": 11.2,
        "oppOver": 0,
        "teamOver": 0,
        "gameLine": "-110",
        "+/-": "+7",
        "L5_+/-": "+2.0",
        "prevMatchup": "2023-04-19 0.0 g 2023-04-17 0.0 g 2023-04-02 1.0 g 2023-01-21 0.0 g 2022-12-10 0.0 g 2022-10-28 0.0 g",
        "winLossSplits": "19% - 3%",
        "awayHome": "A",
        "playedYesterday": "N",
        "awayHomeSplits": "12% - 14%",
        "savesAboveExp": 0.704,
        "gsaa": 35.99,
        "corsi": "59.9% (67.4) // 61.2% (68.8) // 58.7% (67.5) // 59.9% (67.4)",
        "fenwick": "59.1% (50.8) // 60.1% (51.8) // 59.7% (54.0) // 59.1% (50.8)",
        "shots": "57.2% (34.3) // 58.4% (34.4) // 53.8% (32.0) // 57.2% (34.3)",
        "scoring": "58.9% (33.3) // 62.3% (33.3) // 54.5% (27.5) // 58.9% (33.3)",
        "corsiAgainst": "40.1% (45.2) // 38.8% (43.6) // 41.3% (47.5) // 40.1% (45.2)",
        "fenwickAgainst": "40.9% (35.1) // 39.9% (34.4) // 40.3% (36.5) // 40.9% (35.1)",
        "shotsAgainst": "42.8% (25.6) // 41.6% (24.5) // 46.2% (27.5) // 42.8% (25.6)",
        "scoringAgainst": "41.1% (23.3) // 37.7% (20.2) // 45.5% (23.0) // 41.1% (23.3)",
        "oppCorsi": "49.6% (58.7) // 54.1% (65.8) // 59.5% (72.0) // 49.6% (58.7)",
        "oppFenwick": "49.5% (42.7) // 53.4% (47.0) // 63.9% (53.0) // 49.5% (42.7)",
        "oppShots": "49.8% (30.5) // 53.2% (32.4) // 64.8% (35.0) // 49.8% (30.5)",
        "oppScoring": "50.0% (30.4) // 52.7% (31.7) // 65.1% (41.0) // 50.0% (30.4)",
        "oppCorsiAgainst": "50.4% (59.6) // 45.9% (55.9) // 40.5% (49.0) // 50.4% (59.6)",
        "oppFenwickAgainst": "50.5% (43.6) // 46.6% (40.9) // 36.1% (30.0) // 50.5% (43.6)",
        "oppShotsAgainst": "50.2% (30.7) // 46.8% (28.5) // 35.2% (19.0) // 50.2% (30.7)",
        "oppScoringAgainst": "50.0% (30.4) // 47.3% (28.4) // 34.9% (22.0) // 50.0% (30.4)",
        "savesPerGame": 23.4,
        "savesPerGameLast1": 23.0,
        "savesPerGameLast3": 26.0,
        "savesPerGameLast5": 25.4,
        "savesPer60": 24.2,
        "savesPer60Last1": 24.9,
        "savesPer60Last3": 26.7,
        "savesPer60Last5": 25.6,
        "shotsPerGame": 34.8,
        "shotsPerGameLast5": 33.2,
        "shotsAgainstPerGame": 26.0,
        "shotsAgainstPerGameLast5": 27.8,
        "oppSavesAgainstPer60": 28.5,
        "oppSavesAgainstPer60Last1": 23.0,
        "oppSavesAgainstPer60Last3": 26.3,
        "oppSavesAgainstPer60Last5": 26.8,
        "oppShotsAgainstPerGame": 31.0,
        "oppShotsAgainstPerGameLast5": 28.8,
        "savesProj": 23.1,
        "savesProjLast5": 23.6,
        "savesProjLast3": 24.2,
        "oppSavesAgainstProj": 23.5,
        "oppSavesAgainstProjLast5": 23.1,
        "oppSavesAgainstProjLast3": 22.5,
        "totalOver": 13,
        "totalOverLast5": 20,
        "totalOverLast15": 13,
        "lastTotalOver": 10,
        "last5": "0,0,0,1,0,0,0,0,1,0",
        "overOdds": "+380",
        "underOdds": "0",
        "overUnder": "+380 / 0"
    },
    {
        "player": "Kyle Palmieri",
        "team": "NYI",
        "opponent": "CAR",
        "propType": "g",
        "line": 0.5,
        "ppLine": "PP2",
        "avg": 0.3,
        "hit": false,
        "diffAvg": -0.4,
        "diffAbs": 0.6,
        "lastAvg": 0.22,
        "diff": -0.56,
        "avgMin": 17,
        "proj": 0.2,
        "lastAvgMin": 15.62,
        "oppOver": 0,
        "teamOver": 0,
        "gameLine": "-110",
        "+/-": "+16",
        "L5_+/-": "+8.0",
        "prevMatchup": "2023-04-19 1.0 g 2023-04-17 0.0 g 2023-04-02 0.0 g 2022-10-28 0.0 g",
        "winLossSplits": "32% - 19%",
        "awayHome": "H",
        "playedYesterday": "N",
        "awayHomeSplits": "29% - 23%",
        "savesAboveExp": -0.166,
        "gsaa": 3.66,
        "corsi": "49.6% (58.7) // 54.1% (65.8) // 59.5% (72.0) // 49.6% (58.7)",
        "fenwick": "49.5% (42.7) // 53.4% (47.0) // 63.9% (53.0) // 49.5% (42.7)",
        "shots": "49.8% (30.5) // 53.2% (32.4) // 64.8% (35.0) // 49.8% (30.5)",
        "scoring": "50.0% (30.4) // 52.7% (31.7) // 65.1% (41.0) // 50.0% (30.4)",
        "corsiAgainst": "50.4% (59.6) // 45.9% (55.9) // 40.5% (49.0) // 50.4% (59.6)",
        "fenwickAgainst": "50.5% (43.6) // 46.6% (40.9) // 36.1% (30.0) // 50.5% (43.6)",
        "shotsAgainst": "50.2% (30.7) // 46.8% (28.5) // 35.2% (19.0) // 50.2% (30.7)",
        "scoringAgainst": "50.0% (30.4) // 47.3% (28.4) // 34.9% (22.0) // 50.0% (30.4)",
        "oppCorsi": "59.9% (67.4) // 61.2% (68.8) // 58.7% (67.5) // 59.9% (67.4)",
        "oppFenwick": "59.1% (50.8) // 60.1% (51.8) // 59.7% (54.0) // 59.1% (50.8)",
        "oppShots": "57.2% (34.3) // 58.4% (34.4) // 53.8% (32.0) // 57.2% (34.3)",
        "oppScoring": "58.9% (33.3) // 62.3% (33.3) // 54.5% (27.5) // 58.9% (33.3)",
        "oppCorsiAgainst": "40.1% (45.2) // 38.8% (43.6) // 41.3% (47.5) // 40.1% (45.2)",
        "oppFenwickAgainst": "40.9% (35.1) // 39.9% (34.4) // 40.3% (36.5) // 40.9% (35.1)",
        "oppShotsAgainst": "42.8% (25.6) // 41.6% (24.5) // 46.2% (27.5) // 42.8% (25.6)",
        "oppScoringAgainst": "41.1% (23.3) // 37.7% (20.2) // 45.5% (23.0) // 41.1% (23.3)",
        "savesPerGame": 28.4,
        "savesPerGameLast1": 32.0,
        "savesPerGameLast3": 28.0,
        "savesPerGameLast5": 26.2,
        "savesPer60": 29.1,
        "savesPer60Last1": 34.7,
        "savesPer60Last3": 28.5,
        "savesPer60Last5": 26.2,
        "shotsPerGame": 30.8,
        "shotsPerGameLast5": 29.6,
        "shotsAgainstPerGame": 31.0,
        "shotsAgainstPerGameLast5": 28.8,
        "oppSavesAgainstPer60": 32.5,
        "oppSavesAgainstPer60Last1": 32.0,
        "oppSavesAgainstPer60Last3": 32.5,
        "oppSavesAgainstPer60Last5": 30.2,
        "oppShotsAgainstPerGame": 26.0,
        "oppShotsAgainstPerGameLast5": 27.8,
        "savesProj": 38.1,
        "savesProjLast5": 32.3,
        "savesProjLast3": 38.5,
        "oppSavesAgainstProj": 32.3,
        "oppSavesAgainstProjLast5": 27.3,
        "oppSavesAgainstProjLast3": 30.3,
        "totalOver": 26,
        "totalOverLast5": 20,
        "totalOverLast15": 33,
        "lastTotalOver": 19,
        "last5": "1,0,0,0,0,1,0,0,0,2",
        "overOdds": "+270",
        "underOdds": "0",
        "overUnder": "+270 / 0"
    },
    {
        "player": "Martin Necas",
        "team": "CAR",
        "opponent": "NYI",
        "propType": "g",
        "line": 0.5,
        "ppLine": "PP1",
        "avg": 0.33,
        "hit": false,
        "diffAvg": -0.34,
        "diffAbs": 0.6,
        "lastAvg": 0.15,
        "diff": -0.7,
        "avgMin": 18,
        "proj": 0.2,
        "lastAvgMin": 16.18,
        "oppOver": 0,
        "teamOver": 0,
        "gameLine": "-110",
        "+/-": "+2",
        "L5_+/-": -1.0,
        "prevMatchup": "2023-04-19 0.0 g 2023-04-17 0.0 g 2023-04-02 0.0 g 2023-01-21 0.0 g 2022-12-10 0.0 g 2022-10-28 1.0 g",
        "winLossSplits": "37% - 23%",
        "awayHome": "A",
        "playedYesterday": "N",
        "awayHomeSplits": "37% - 28%",
        "savesAboveExp": 0.704,
        "gsaa": 35.99,
        "corsi": "59.9% (67.4) // 61.2% (68.8) // 58.7% (67.5) // 59.9% (67.4)",
        "fenwick": "59.1% (50.8) // 60.1% (51.8) // 59.7% (54.0) // 59.1% (50.8)",
        "shots": "57.2% (34.3) // 58.4% (34.4) // 53.8% (32.0) // 57.2% (34.3)",
        "scoring": "58.9% (33.3) // 62.3% (33.3) // 54.5% (27.5) // 58.9% (33.3)",
        "corsiAgainst": "40.1% (45.2) // 38.8% (43.6) // 41.3% (47.5) // 40.1% (45.2)",
        "fenwickAgainst": "40.9% (35.1) // 39.9% (34.4) // 40.3% (36.5) // 40.9% (35.1)",
        "shotsAgainst": "42.8% (25.6) // 41.6% (24.5) // 46.2% (27.5) // 42.8% (25.6)",
        "scoringAgainst": "41.1% (23.3) // 37.7% (20.2) // 45.5% (23.0) // 41.1% (23.3)",
        "oppCorsi": "49.6% (58.7) // 54.1% (65.8) // 59.5% (72.0) // 49.6% (58.7)",
        "oppFenwick": "49.5% (42.7) // 53.4% (47.0) // 63.9% (53.0) // 49.5% (42.7)",
        "oppShots": "49.8% (30.5) // 53.2% (32.4) // 64.8% (35.0) // 49.8% (30.5)",
        "oppScoring": "50.0% (30.4) // 52.7% (31.7) // 65.1% (41.0) // 50.0% (30.4)",
        "oppCorsiAgainst": "50.4% (59.6) // 45.9% (55.9) // 40.5% (49.0) // 50.4% (59.6)",
        "oppFenwickAgainst": "50.5% (43.6) // 46.6% (40.9) // 36.1% (30.0) // 50.5% (43.6)",
        "oppShotsAgainst": "50.2% (30.7) // 46.8% (28.5) // 35.2% (19.0) // 50.2% (30.7)",
        "oppScoringAgainst": "50.0% (30.4) // 47.3% (28.4) // 34.9% (22.0) // 50.0% (30.4)",
        "savesPerGame": 23.4,
        "savesPerGameLast1": 23.0,
        "savesPerGameLast3": 26.0,
        "savesPerGameLast5": 25.4,
        "savesPer60": 24.2,
        "savesPer60Last1": 24.9,
        "savesPer60Last3": 26.7,
        "savesPer60Last5": 25.6,
        "shotsPerGame": 34.8,
        "shotsPerGameLast5": 33.2,
        "shotsAgainstPerGame": 26.0,
        "shotsAgainstPerGameLast5": 27.8,
        "oppSavesAgainstPer60": 28.5,
        "oppSavesAgainstPer60Last1": 23.0,
        "oppSavesAgainstPer60Last3": 26.3,
        "oppSavesAgainstPer60Last5": 26.8,
        "oppShotsAgainstPerGame": 31.0,
        "oppShotsAgainstPerGameLast5": 28.8,
        "savesProj": 23.1,
        "savesProjLast5": 23.6,
        "savesProjLast3": 24.2,
        "oppSavesAgainstProj": 23.5,
        "oppSavesAgainstProjLast5": 23.1,
        "oppSavesAgainstProjLast3": 22.5,
        "totalOver": 32,
        "totalOverLast5": 0,
        "totalOverLast15": 7,
        "lastTotalOver": 15,
        "last5": "0,0,0,0,0,0,0,1,0,0",
        "overOdds": "+215",
        "underOdds": "0",
        "overUnder": "+215 / 0"
    },
    {
        "player": "Mathew Barzal",
        "team": "NYI",
        "opponent": "CAR",
        "propType": "g",
        "line": 0.5,
        "ppLine": "PP1",
        "avg": 0.25,
        "hit": false,
        "diffAvg": -0.5,
        "diffAbs": 0.6,
        "lastAvg": 0.21,
        "diff": -0.58,
        "avgMin": 18,
        "proj": 0.2,
        "lastAvgMin": 18.02,
        "oppOver": 0,
        "teamOver": 0,
        "gameLine": "-110",
        "+/-": "+7",
        "L5_+/-": "+5.0",
        "prevMatchup": "2023-04-19 1.0 g 2023-04-17 0.0 g 2023-01-21 0.0 g 2022-12-10 0.0 g 2022-10-28 0.0 g",
        "winLossSplits": "18% - 25%",
        "awayHome": "H",
        "playedYesterday": "N",
        "awayHomeSplits": "27% - 17%",
        "savesAboveExp": -0.166,
        "gsaa": 3.66,
        "corsi": "49.6% (58.7) // 54.1% (65.8) // 59.5% (72.0) // 49.6% (58.7)",
        "fenwick": "49.5% (42.7) // 53.4% (47.0) // 63.9% (53.0) // 49.5% (42.7)",
        "shots": "49.8% (30.5) // 53.2% (32.4) // 64.8% (35.0) // 49.8% (30.5)",
        "scoring": "50.0% (30.4) // 52.7% (31.7) // 65.1% (41.0) // 50.0% (30.4)",
        "corsiAgainst": "50.4% (59.6) // 45.9% (55.9) // 40.5% (49.0) // 50.4% (59.6)",
        "fenwickAgainst": "50.5% (43.6) // 46.6% (40.9) // 36.1% (30.0) // 50.5% (43.6)",
        "shotsAgainst": "50.2% (30.7) // 46.8% (28.5) // 35.2% (19.0) // 50.2% (30.7)",
        "scoringAgainst": "50.0% (30.4) // 47.3% (28.4) // 34.9% (22.0) // 50.0% (30.4)",
        "oppCorsi": "59.9% (67.4) // 61.2% (68.8) // 58.7% (67.5) // 59.9% (67.4)",
        "oppFenwick": "59.1% (50.8) // 60.1% (51.8) // 59.7% (54.0) // 59.1% (50.8)",
        "oppShots": "57.2% (34.3) // 58.4% (34.4) // 53.8% (32.0) // 57.2% (34.3)",
        "oppScoring": "58.9% (33.3) // 62.3% (33.3) // 54.5% (27.5) // 58.9% (33.3)",
        "oppCorsiAgainst": "40.1% (45.2) // 38.8% (43.6) // 41.3% (47.5) // 40.1% (45.2)",
        "oppFenwickAgainst": "40.9% (35.1) // 39.9% (34.4) // 40.3% (36.5) // 40.9% (35.1)",
        "oppShotsAgainst": "42.8% (25.6) // 41.6% (24.5) // 46.2% (27.5) // 42.8% (25.6)",
        "oppScoringAgainst": "41.1% (23.3) // 37.7% (20.2) // 45.5% (23.0) // 41.1% (23.3)",
        "savesPerGame": 28.4,
        "savesPerGameLast1": 32.0,
        "savesPerGameLast3": 28.0,
        "savesPerGameLast5": 26.2,
        "savesPer60": 29.1,
        "savesPer60Last1": 34.7,
        "savesPer60Last3": 28.5,
        "savesPer60Last5": 26.2,
        "shotsPerGame": 30.8,
        "shotsPerGameLast5": 29.6,
        "shotsAgainstPerGame": 31.0,
        "shotsAgainstPerGameLast5": 28.8,
        "oppSavesAgainstPer60": 32.5,
        "oppSavesAgainstPer60Last1": 32.0,
        "oppSavesAgainstPer60Last3": 32.5,
        "oppSavesAgainstPer60Last5": 30.2,
        "oppShotsAgainstPerGame": 26.0,
        "oppShotsAgainstPerGameLast5": 27.8,
        "savesProj": 38.1,
        "savesProjLast5": 32.3,
        "savesProjLast3": 38.5,
        "oppSavesAgainstProj": 32.3,
        "oppSavesAgainstProjLast5": 27.3,
        "oppSavesAgainstProjLast3": 30.3,
        "totalOver": 22,
        "totalOverLast5": 20,
        "totalOverLast15": 27,
        "lastTotalOver": 21,
        "last5": "1,0,0,0,0,0,1,0,1,1",
        "overOdds": "+300",
        "underOdds": "0",
        "overUnder": "+300 / 0"
    },
    {
        "player": "Noah Dobson",
        "team": "NYI",
        "opponent": "CAR",
        "propType": "g",
        "line": 0.5,
        "ppLine": "PP1",
        "avg": 0.16,
        "hit": false,
        "diffAvg": -0.68,
        "diffAbs": 0.6,
        "lastAvg": 0.16,
        "diff": -0.68,
        "avgMin": 20,
        "proj": 0.2,
        "lastAvgMin": 21.45,
        "oppOver": 0,
        "teamOver": 0,
        "gameLine": "-110",
        "+/-": "+8",
        "L5_+/-": "+7.0",
        "prevMatchup": "2023-04-19 0.0 g 2023-04-17 0.0 g 2023-04-02 0.0 g 2023-01-21 0.0 g 2022-12-10 0.0 g 2022-10-28 0.0 g",
        "winLossSplits": "15% - 18%",
        "awayHome": "H",
        "playedYesterday": "N",
        "awayHomeSplits": "12% - 21%",
        "savesAboveExp": -0.166,
        "gsaa": 3.66,
        "corsi": "49.6% (58.7) // 54.1% (65.8) // 59.5% (72.0) // 49.6% (58.7)",
        "fenwick": "49.5% (42.7) // 53.4% (47.0) // 63.9% (53.0) // 49.5% (42.7)",
        "shots": "49.8% (30.5) // 53.2% (32.4) // 64.8% (35.0) // 49.8% (30.5)",
        "scoring": "50.0% (30.4) // 52.7% (31.7) // 65.1% (41.0) // 50.0% (30.4)",
        "corsiAgainst": "50.4% (59.6) // 45.9% (55.9) // 40.5% (49.0) // 50.4% (59.6)",
        "fenwickAgainst": "50.5% (43.6) // 46.6% (40.9) // 36.1% (30.0) // 50.5% (43.6)",
        "shotsAgainst": "50.2% (30.7) // 46.8% (28.5) // 35.2% (19.0) // 50.2% (30.7)",
        "scoringAgainst": "50.0% (30.4) // 47.3% (28.4) // 34.9% (22.0) // 50.0% (30.4)",
        "oppCorsi": "59.9% (67.4) // 61.2% (68.8) // 58.7% (67.5) // 59.9% (67.4)",
        "oppFenwick": "59.1% (50.8) // 60.1% (51.8) // 59.7% (54.0) // 59.1% (50.8)",
        "oppShots": "57.2% (34.3) // 58.4% (34.4) // 53.8% (32.0) // 57.2% (34.3)",
        "oppScoring": "58.9% (33.3) // 62.3% (33.3) // 54.5% (27.5) // 58.9% (33.3)",
        "oppCorsiAgainst": "40.1% (45.2) // 38.8% (43.6) // 41.3% (47.5) // 40.1% (45.2)",
        "oppFenwickAgainst": "40.9% (35.1) // 39.9% (34.4) // 40.3% (36.5) // 40.9% (35.1)",
        "oppShotsAgainst": "42.8% (25.6) // 41.6% (24.5) // 46.2% (27.5) // 42.8% (25.6)",
        "oppScoringAgainst": "41.1% (23.3) // 37.7% (20.2) // 45.5% (23.0) // 41.1% (23.3)",
        "savesPerGame": 28.4,
        "savesPerGameLast1": 32.0,
        "savesPerGameLast3": 28.0,
        "savesPerGameLast5": 26.2,
        "savesPer60": 29.1,
        "savesPer60Last1": 34.7,
        "savesPer60Last3": 28.5,
        "savesPer60Last5": 26.2,
        "shotsPerGame": 30.8,
        "shotsPerGameLast5": 29.6,
        "shotsAgainstPerGame": 31.0,
        "shotsAgainstPerGameLast5": 28.8,
        "oppSavesAgainstPer60": 32.5,
        "oppSavesAgainstPer60Last1": 32.0,
        "oppSavesAgainstPer60Last3": 32.5,
        "oppSavesAgainstPer60Last5": 30.2,
        "oppShotsAgainstPerGame": 26.0,
        "oppShotsAgainstPerGameLast5": 27.8,
        "savesProj": 38.1,
        "savesProjLast5": 32.3,
        "savesProjLast3": 38.5,
        "oppSavesAgainstProj": 32.3,
        "oppSavesAgainstProjLast5": 27.3,
        "oppSavesAgainstProjLast3": 30.3,
        "totalOver": 16,
        "totalOverLast5": 0,
        "totalOverLast15": 7,
        "lastTotalOver": 17,
        "last5": "0,0,0,0,0,0,0,0,0,0",
        "overOdds": "+425",
        "underOdds": "0",
        "overUnder": "+425 / 0"
    },
    {
        "player": "Seth Jarvis",
        "team": "CAR",
        "opponent": "NYI",
        "propType": "g",
        "line": 0.5,
        "ppLine": "PP1",
        "avg": 0.17,
        "hit": false,
        "diffAvg": -0.66,
        "diffAbs": 0.6,
        "lastAvg": 0.21,
        "diff": -0.58,
        "avgMin": 16,
        "proj": 0.2,
        "lastAvgMin": 13.87,
        "oppOver": 0,
        "teamOver": 0,
        "gameLine": "-110",
        "+/-": "+12",
        "L5_+/-": "+2.0",
        "prevMatchup": "2023-04-19 0.0 g 2023-04-17 0.0 g 2023-04-02 0.0 g 2023-01-21 0.0 g 2022-12-10 0.0 g 2022-10-28 0.0 g",
        "winLossSplits": "20% - 3%",
        "awayHome": "A",
        "playedYesterday": "N",
        "awayHomeSplits": "12% - 16%",
        "savesAboveExp": 0.704,
        "gsaa": 35.99,
        "corsi": "59.9% (67.4) // 61.2% (68.8) // 58.7% (67.5) // 59.9% (67.4)",
        "fenwick": "59.1% (50.8) // 60.1% (51.8) // 59.7% (54.0) // 59.1% (50.8)",
        "shots": "57.2% (34.3) // 58.4% (34.4) // 53.8% (32.0) // 57.2% (34.3)",
        "scoring": "58.9% (33.3) // 62.3% (33.3) // 54.5% (27.5) // 58.9% (33.3)",
        "corsiAgainst": "40.1% (45.2) // 38.8% (43.6) // 41.3% (47.5) // 40.1% (45.2)",
        "fenwickAgainst": "40.9% (35.1) // 39.9% (34.4) // 40.3% (36.5) // 40.9% (35.1)",
        "shotsAgainst": "42.8% (25.6) // 41.6% (24.5) // 46.2% (27.5) // 42.8% (25.6)",
        "scoringAgainst": "41.1% (23.3) // 37.7% (20.2) // 45.5% (23.0) // 41.1% (23.3)",
        "oppCorsi": "49.6% (58.7) // 54.1% (65.8) // 59.5% (72.0) // 49.6% (58.7)",
        "oppFenwick": "49.5% (42.7) // 53.4% (47.0) // 63.9% (53.0) // 49.5% (42.7)",
        "oppShots": "49.8% (30.5) // 53.2% (32.4) // 64.8% (35.0) // 49.8% (30.5)",
        "oppScoring": "50.0% (30.4) // 52.7% (31.7) // 65.1% (41.0) // 50.0% (30.4)",
        "oppCorsiAgainst": "50.4% (59.6) // 45.9% (55.9) // 40.5% (49.0) // 50.4% (59.6)",
        "oppFenwickAgainst": "50.5% (43.6) // 46.6% (40.9) // 36.1% (30.0) // 50.5% (43.6)",
        "oppShotsAgainst": "50.2% (30.7) // 46.8% (28.5) // 35.2% (19.0) // 50.2% (30.7)",
        "oppScoringAgainst": "50.0% (30.4) // 47.3% (28.4) // 34.9% (22.0) // 50.0% (30.4)",
        "savesPerGame": 23.4,
        "savesPerGameLast1": 23.0,
        "savesPerGameLast3": 26.0,
        "savesPerGameLast5": 25.4,
        "savesPer60": 24.2,
        "savesPer60Last1": 24.9,
        "savesPer60Last3": 26.7,
        "savesPer60Last5": 25.6,
        "shotsPerGame": 34.8,
        "shotsPerGameLast5": 33.2,
        "shotsAgainstPerGame": 26.0,
        "shotsAgainstPerGameLast5": 27.8,
        "oppSavesAgainstPer60": 28.5,
        "oppSavesAgainstPer60Last1": 23.0,
        "oppSavesAgainstPer60Last3": 26.3,
        "oppSavesAgainstPer60Last5": 26.8,
        "oppShotsAgainstPerGame": 31.0,
        "oppShotsAgainstPerGameLast5": 28.8,
        "savesProj": 23.1,
        "savesProjLast5": 23.6,
        "savesProjLast3": 24.2,
        "oppSavesAgainstProj": 23.5,
        "oppSavesAgainstProjLast5": 23.1,
        "oppSavesAgainstProjLast3": 22.5,
        "totalOver": 14,
        "totalOverLast5": 0,
        "totalOverLast15": 7,
        "lastTotalOver": 21,
        "last5": "0,0,0,0,0,1,0,0,0,0",
        "overOdds": "+265",
        "underOdds": "0",
        "overUnder": "+265 / 0"
    },
    {
        "player": "Stefan Noesen",
        "team": "CAR",
        "opponent": "NYI",
        "propType": "g",
        "line": 0.5,
        "ppLine": "PP1",
        "avg": 0.19,
        "hit": false,
        "diffAvg": -0.62,
        "diffAbs": 1.0,
        "lastAvg": 0,
