[
    {
        "player": "Alex Pietrangelo",
        "team": "VGK",
        "opponent": "DAL",
        "propType": "sog",
        "line": 1.5,
        "ppLine": "PP2",
        "avg": 2.26,
        "hit": false,
        "diffAvg": 0.51,
        "diffAbs": 0.73,
        "lastAvg": 2.8,
        "diff": 0.87,
        "avgMin": 23,
        "proj": 2.6,
        "lastAvgMin": 24.63,
        "oppOver": 0,
        "teamOver": 0,
        "gameLine": "-105",
        "+/-": "+20",
        "L5_+/-": "+7.0",
        "prevMatchup": "2023-05-23 1.0 sog 2023-05-21 2.0 sog 2023-05-19 2.0 sog 2023-04-08 2.0 sog 2023-02-25 2.0 sog 2023-01-16 5.0 sog",
        "winLossSplits": "60% - 77%",
        "awayHome": "A",
        "playedYesterday": "N",
        "awayHomeSplits": "63% - 69%",
        "savesAboveExp": 0.39,
        "gsaa": 26.05,
        "corsi": "48.6% (57.5) // 48.0% (56.0) // 48.6% (57.5) // 48.6% (57.5)",
        "fenwick": "49.7% (42.3) // 48.8% (40.5) // 49.7% (42.3) // 49.7% (42.3)",
        "shots": "50.5% (31.1) // 50.2% (28.8) // 50.5% (31.1) // 50.5% (31.1)",
        "scoring": "49.5% (29.2) // 49.0% (28.7) // 49.5% (29.2) // 49.5% (29.2)",
        "corsiAgainst": "51.4% (60.7) // 52.0% (60.6) // 51.4% (60.7) // 51.4% (60.7)",
        "fenwickAgainst": "50.3% (42.8) // 51.2% (42.5) // 50.3% (42.8) // 50.3% (42.8)",
        "shotsAgainst": "49.5% (30.4) // 49.8% (28.5) // 49.5% (30.4) // 49.5% (30.4)",
        "scoringAgainst": "50.5% (29.8) // 51.0% (29.9) // 50.5% (29.8) // 50.5% (29.8)",
        "oppCorsi": "52.0% (59.9) // 57.0% (56.0) // 52.0% (59.9) // 52.0% (59.9)",
        "oppFenwick": "51.3% (43.7) // 56.1% (40.6) // 51.3% (43.7) // 51.3% (43.7)",
        "oppShots": "51.6% (31.5) // 56.3% (29.0) // 51.6% (31.5) // 51.6% (31.5)",
        "oppScoring": "53.7% (31.5) // 61.3% (29.6) // 53.7% (31.5) // 53.7% (31.5)",
        "oppCorsiAgainst": "48.0% (55.3) // 43.0% (42.3) // 48.0% (55.3) // 48.0% (55.3)",
        "oppFenwickAgainst": "48.7% (41.4) // 43.9% (31.7) // 48.7% (41.4) // 48.7% (41.4)",
        "oppShotsAgainst": "48.4% (29.5) // 43.7% (22.5) // 48.4% (29.5) // 48.4% (29.5)",
        "oppScoringAgainst": "46.3% (27.2) // 38.7% (18.6) // 46.3% (27.2) // 46.3% (27.2)",
        "savesPerGame": 28.1,
        "savesPerGameLast1": 34.0,
        "savesPerGameLast3": 31.0,
        "savesPerGameLast5": 32.6,
        "savesPer60": 33.3,
        "savesPer60Last1": 33.9,
        "savesPer60Last3": 31.4,
        "savesPer60Last5": 32.9,
        "shotsPerGame": 31.5,
        "shotsPerGameLast5": 26.0,
        "shotsAgainstPerGame": 30.9,
        "shotsAgainstPerGameLast5": 34.6,
        "oppSavesAgainstPer60": 34.0,
        "oppSavesAgainstPer60Last1": 36.8,
        "oppSavesAgainstPer60Last3": 31.8,
        "oppSavesAgainstPer60Last5": 27.8,
        "oppShotsAgainstPerGame": 29.9,
        "oppShotsAgainstPerGameLast5": 25.8,
        "savesProj": 28.2,
        "savesProjLast5": 27.7,
        "savesProjLast3": 29.5,
        "oppSavesAgainstProj": 32.2,
        "oppSavesAgainstProjLast5": 26.7,
        "oppSavesAgainstProjLast3": 29.0,
        "totalOver": 66,
        "totalOverLast5": 40,
        "totalOverLast15": 47,
        "lastTotalOver": 71,
        "last5": "1,2,2,1,1,0,3,4,1,3",
        "overOdds": "-165",
        "underOdds": "+135",
        "overUnder": "-165 / +135"
    },
    {
        "player": "Jack Eichel",
        "team": "VGK",
        "opponent": "DAL",
        "propType": "sog",
        "line": 3.5,
        "ppLine": "PP1",
        "avg": 3.32,
        "hit": false,
        "diffAvg": -0.05,
        "diffAbs": 0.03,
        "lastAvg": 3.91,
        "diff": 0.12,
        "avgMin": 18,
        "proj": 3.6,
        "lastAvgMin": 19.38,
        "oppOver": 0,
        "teamOver": 0,
        "gameLine": "-105",
        "+/-": "+35",
        "L5_+/-": "+11.0",
        "prevMatchup": "2023-05-23 0.0 sog 2023-05-21 3.0 sog 2023-05-19 4.0 sog 2023-02-25 7.0 sog 2023-01-16 2.0 sog",
        "winLossSplits": "46% - 41%",
        "awayHome": "A",
        "playedYesterday": "N",
        "awayHomeSplits": "50% - 39%",
        "savesAboveExp": 0.39,
        "gsaa": 26.05,
        "corsi": "48.6% (57.5) // 48.0% (56.0) // 48.6% (57.5) // 48.6% (57.5)",
        "fenwick": "49.7% (42.3) // 48.8% (40.5) // 49.7% (42.3) // 49.7% (42.3)",
        "shots": "50.5% (31.1) // 50.2% (28.8) // 50.5% (31.1) // 50.5% (31.1)",
        "scoring": "49.5% (29.2) // 49.0% (28.7) // 49.5% (29.2) // 49.5% (29.2)",
        "corsiAgainst": "51.4% (60.7) // 52.0% (60.6) // 51.4% (60.7) // 51.4% (60.7)",
        "fenwickAgainst": "50.3% (42.8) // 51.2% (42.5) // 50.3% (42.8) // 50.3% (42.8)",
        "shotsAgainst": "49.5% (30.4) // 49.8% (28.5) // 49.5% (30.4) // 49.5% (30.4)",
        "scoringAgainst": "50.5% (29.8) // 51.0% (29.9) // 50.5% (29.8) // 50.5% (29.8)",
        "oppCorsi": "52.0% (59.9) // 57.0% (56.0) // 52.0% (59.9) // 52.0% (59.9)",
        "oppFenwick": "51.3% (43.7) // 56.1% (40.6) // 51.3% (43.7) // 51.3% (43.7)",
        "oppShots": "51.6% (31.5) // 56.3% (29.0) // 51.6% (31.5) // 51.6% (31.5)",
        "oppScoring": "53.7% (31.5) // 61.3% (29.6) // 53.7% (31.5) // 53.7% (31.5)",
        "oppCorsiAgainst": "48.0% (55.3) // 43.0% (42.3) // 48.0% (55.3) // 48.0% (55.3)",
        "oppFenwickAgainst": "48.7% (41.4) // 43.9% (31.7) // 48.7% (41.4) // 48.7% (41.4)",
        "oppShotsAgainst": "48.4% (29.5) // 43.7% (22.5) // 48.4% (29.5) // 48.4% (29.5)",
        "oppScoringAgainst": "46.3% (27.2) // 38.7% (18.6) // 46.3% (27.2) // 46.3% (27.2)",
        "savesPerGame": 28.1,
        "savesPerGameLast1": 34.0,
        "savesPerGameLast3": 31.0,
        "savesPerGameLast5": 32.6,
        "savesPer60": 33.3,
        "savesPer60Last1": 33.9,
        "savesPer60Last3": 31.4,
        "savesPer60Last5": 32.9,
        "shotsPerGame": 31.5,
        "shotsPerGameLast5": 26.0,
        "shotsAgainstPerGame": 30.9,
        "shotsAgainstPerGameLast5": 34.6,
        "oppSavesAgainstPer60": 34.0,
        "oppSavesAgainstPer60Last1": 36.8,
        "oppSavesAgainstPer60Last3": 31.8,
        "oppSavesAgainstPer60Last5": 27.8,
        "oppShotsAgainstPerGame": 29.9,
        "oppShotsAgainstPerGameLast5": 25.8,
        "savesProj": 28.2,
        "savesProjLast5": 27.7,
        "savesProjLast3": 29.5,
        "oppSavesAgainstProj": 32.2,
        "oppSavesAgainstProjLast5": 26.7,
        "oppSavesAgainstProjLast3": 29.0,
        "totalOver": 44,
        "totalOverLast5": 40,
        "totalOverLast15": 47,
        "lastTotalOver": 50,
        "last5": "0,3,4,0,4,5,3,5,5,1",
        "overOdds": "+110",
        "underOdds": "-140",
        "overUnder": "+110 / -140"
    },
    {
        "player": "Jason Robertson",
        "team": "DAL",
        "opponent": "VGK",
        "propType": "sog",
        "line": 3.5,
        "ppLine": "PP1",
        "avg": 3.62,
        "hit": false,
        "diffAvg": 0.03,
        "diffAbs": 0.23,
        "lastAvg": 2.72,
        "diff": -0.22,
        "avgMin": 18,
        "proj": 2.7,
        "lastAvgMin": 18.1,
        "oppOver": 0,
        "teamOver": 0,
        "gameLine": "-115",
        "+/-": "+38",
        "L5_+/-": "+1.0",
        "prevMatchup": "2023-05-23 1.0 sog 2023-05-21 2.0 sog 2023-05-19 2.0 sog 2023-04-08 3.0 sog 2023-02-25 5.0 sog 2023-01-16 3.0 sog",
        "winLossSplits": "56% - 44%",
        "awayHome": "H",
        "playedYesterday": "N",
        "awayHomeSplits": "43% - 59%",
        "savesAboveExp": -0.478,
        "gsaa": 8.04,
        "corsi": "52.0% (59.9) // 57.0% (56.0) // 52.0% (59.9) // 52.0% (59.9)",
        "fenwick": "51.3% (43.7) // 56.1% (40.6) // 51.3% (43.7) // 51.3% (43.7)",
        "shots": "51.6% (31.5) // 56.3% (29.0) // 51.6% (31.5) // 51.6% (31.5)",
        "scoring": "53.7% (31.5) // 61.3% (29.6) // 53.7% (31.5) // 53.7% (31.5)",
        "corsiAgainst": "48.0% (55.3) // 43.0% (42.3) // 48.0% (55.3) // 48.0% (55.3)",
        "fenwickAgainst": "48.7% (41.4) // 43.9% (31.7) // 48.7% (41.4) // 48.7% (41.4)",
        "shotsAgainst": "48.4% (29.5) // 43.7% (22.5) // 48.4% (29.5) // 48.4% (29.5)",
        "scoringAgainst": "46.3% (27.2) // 38.7% (18.6) // 46.3% (27.2) // 46.3% (27.2)",
        "oppCorsi": "48.6% (57.5) // 48.0% (56.0) // 48.6% (57.5) // 48.6% (57.5)",
        "oppFenwick": "49.7% (42.3) // 48.8% (40.5) // 49.7% (42.3) // 49.7% (42.3)",
        "oppShots": "50.5% (31.1) // 50.2% (28.8) // 50.5% (31.1) // 50.5% (31.1)",
        "oppScoring": "49.5% (29.2) // 49.0% (28.7) // 49.5% (29.2) // 49.5% (29.2)",
        "oppCorsiAgainst": "51.4% (60.7) // 52.0% (60.6) // 51.4% (60.7) // 51.4% (60.7)",
        "oppFenwickAgainst": "50.3% (42.8) // 51.2% (42.5) // 50.3% (42.8) // 50.3% (42.8)",
        "oppShotsAgainst": "49.5% (30.4) // 49.8% (28.5) // 49.5% (30.4) // 49.5% (30.4)",
        "oppScoringAgainst": "50.5% (29.8) // 51.0% (29.9) // 50.5% (29.8) // 50.5% (29.8)",
        "savesPerGame": 27.3,
        "savesPerGameLast1": 12.0,
        "savesPerGameLast3": 22.0,
        "savesPerGameLast5": 22.2,
        "savesPer60": 33.0,
        "savesPer60Last1": 11.9,
        "savesPer60Last3": 22.3,
        "savesPer60Last5": 22.2,
        "shotsPerGame": 31.9,
        "shotsPerGameLast5": 29.8,
        "shotsAgainstPerGame": 29.9,
        "shotsAgainstPerGameLast5": 25.8,
        "oppSavesAgainstPer60": 33.3,
        "oppSavesAgainstPer60Last1": 11.9,
        "oppSavesAgainstPer60Last3": 22.5,
        "oppSavesAgainstPer60Last5": 22.3,
        "oppShotsAgainstPerGame": 30.9,
        "oppShotsAgainstPerGameLast5": 34.6,
        "savesProj": 27.8,
        "savesProjLast5": 14.7,
        "savesProjLast3": 14.7,
        "oppSavesAgainstProj": 30.2,
        "oppSavesAgainstProjLast5": 15.2,
        "oppSavesAgainstProjLast3": 14.9,
        "totalOver": 51,
        "totalOverLast5": 0,
        "totalOverLast15": 13,
        "lastTotalOver": 31,
        "last5": "1,2,2,1,2,2,3,3,1,3",
        "overOdds": "+110",
        "underOdds": "-140",
        "overUnder": "+110 / -140"
    },
    {
        "player": "Joe Pavelski",
        "team": "DAL",
        "opponent": "VGK",
        "propType": "sog",
        "line": 2.5,
        "ppLine": "PP1",
        "avg": 2.23,
        "hit": false,
        "diffAvg": -0.11,
        "diffAbs": 0.12,
        "lastAvg": 2.37,
        "diff": -0.05,
        "avgMin": 17,
        "proj": 2.2,
        "lastAvgMin": 18.47,
        "oppOver": 0,
        "teamOver": 0,
        "gameLine": "-115",
        "+/-": "+43",
        "L5_+/-": "+1.0",
        "prevMatchup": "2023-05-23 1.0 sog 2023-05-21 1.0 sog 2023-05-19 2.0 sog 2023-04-08 0.0 sog 2023-02-25 3.0 sog 2023-01-16 2.0 sog",
        "winLossSplits": "39% - 36%",
        "awayHome": "H",
        "playedYesterday": "N",
        "awayHomeSplits": "37% - 38%",
        "savesAboveExp": -0.478,
        "gsaa": 8.04,
        "corsi": "52.0% (59.9) // 57.0% (56.0) // 52.0% (59.9) // 52.0% (59.9)",
        "fenwick": "51.3% (43.7) // 56.1% (40.6) // 51.3% (43.7) // 51.3% (43.7)",
        "shots": "51.6% (31.5) // 56.3% (29.0) // 51.6% (31.5) // 51.6% (31.5)",
        "scoring": "53.7% (31.5) // 61.3% (29.6) // 53.7% (31.5) // 53.7% (31.5)",
        "corsiAgainst": "48.0% (55.3) // 43.0% (42.3) // 48.0% (55.3) // 48.0% (55.3)",
        "fenwickAgainst": "48.7% (41.4) // 43.9% (31.7) // 48.7% (41.4) // 48.7% (41.4)",
        "shotsAgainst": "48.4% (29.5) // 43.7% (22.5) // 48.4% (29.5) // 48.4% (29.5)",
        "scoringAgainst": "46.3% (27.2) // 38.7% (18.6) // 46.3% (27.2) // 46.3% (27.2)",
        "oppCorsi": "48.6% (57.5) // 48.0% (56.0) // 48.6% (57.5) // 48.6% (57.5)",
        "oppFenwick": "49.7% (42.3) // 48.8% (40.5) // 49.7% (42.3) // 49.7% (42.3)",
        "oppShots": "50.5% (31.1) // 50.2% (28.8) // 50.5% (31.1) // 50.5% (31.1)",
        "oppScoring": "49.5% (29.2) // 49.0% (28.7) // 49.5% (29.2) // 49.5% (29.2)",
        "oppCorsiAgainst": "51.4% (60.7) // 52.0% (60.6) // 51.4% (60.7) // 51.4% (60.7)",
        "oppFenwickAgainst": "50.3% (42.8) // 51.2% (42.5) // 50.3% (42.8) // 50.3% (42.8)",
        "oppShotsAgainst": "49.5% (30.4) // 49.8% (28.5) // 49.5% (30.4) // 49.5% (30.4)",
        "oppScoringAgainst": "50.5% (29.8) // 51.0% (29.9) // 50.5% (29.8) // 50.5% (29.8)",
        "savesPerGame": 27.3,
        "savesPerGameLast1": 12.0,
        "savesPerGameLast3": 22.0,
        "savesPerGameLast5": 22.2,
        "savesPer60": 33.0,
        "savesPer60Last1": 11.9,
        "savesPer60Last3": 22.3,
        "savesPer60Last5": 22.2,
        "shotsPerGame": 31.9,
        "shotsPerGameLast5": 29.8,
        "shotsAgainstPerGame": 29.9,
        "shotsAgainstPerGameLast5": 25.8,
        "oppSavesAgainstPer60": 33.3,
        "oppSavesAgainstPer60Last1": 11.9,
        "oppSavesAgainstPer60Last3": 22.5,
        "oppSavesAgainstPer60Last5": 22.3,
        "oppShotsAgainstPerGame": 30.9,
        "oppShotsAgainstPerGameLast5": 34.6,
        "savesProj": 27.8,
        "savesProjLast5": 14.7,
        "savesProjLast3": 14.7,
        "oppSavesAgainstProj": 30.2,
        "oppSavesAgainstProjLast5": 15.2,
        "oppSavesAgainstProjLast3": 14.9,
        "totalOver": 38,
        "totalOverLast5": 0,
        "totalOverLast15": 20,
        "lastTotalOver": 46,
        "last5": "1,1,2,1,1,2,4,2,3,6",
        "overOdds": "+135",
        "underOdds": "-165",
        "overUnder": "+135 / -165"
    },
    {
        "player": "Jonathan Marchessault",
        "team": "VGK",
        "opponent": "DAL",
        "propType": "sog",
        "line": 3.5,
        "ppLine": "PP1",
        "avg": 3.24,
        "hit": false,
        "diffAvg": -0.07,
        "diffAbs": 0.09,
        "lastAvg": 3.26,
        "diff": -0.07,
        "avgMin": 17,
        "proj": 3.2,
        "lastAvgMin": 17.57,
        "oppOver": 0,
        "teamOver": 0,
        "gameLine": "-105",
        "+/-": "+13",
        "L5_+/-": "+9.0",
        "prevMatchup": "2023-05-23 3.0 sog 2023-05-21 3.0 sog 2023-05-19 2.0 sog 2023-04-08 3.0 sog 2023-02-25 3.0 sog 2023-01-16 3.0 sog",
        "winLossSplits": "36% - 41%",
        "awayHome": "A",
        "playedYesterday": "N",
        "awayHomeSplits": "39% - 37%",
        "savesAboveExp": 0.39,
        "gsaa": 26.05,
        "corsi": "48.6% (57.5) // 48.0% (56.0) // 48.6% (57.5) // 48.6% (57.5)",
        "fenwick": "49.7% (42.3) // 48.8% (40.5) // 49.7% (42.3) // 49.7% (42.3)",
        "shots": "50.5% (31.1) // 50.2% (28.8) // 50.5% (31.1) // 50.5% (31.1)",
        "scoring": "49.5% (29.2) // 49.0% (28.7) // 49.5% (29.2) // 49.5% (29.2)",
        "corsiAgainst": "51.4% (60.7) // 52.0% (60.6) // 51.4% (60.7) // 51.4% (60.7)",
        "fenwickAgainst": "50.3% (42.8) // 51.2% (42.5) // 50.3% (42.8) // 50.3% (42.8)",
        "shotsAgainst": "49.5% (30.4) // 49.8% (28.5) // 49.5% (30.4) // 49.5% (30.4)",
        "scoringAgainst": "50.5% (29.8) // 51.0% (29.9) // 50.5% (29.8) // 50.5% (29.8)",
        "oppCorsi": "52.0% (59.9) // 57.0% (56.0) // 52.0% (59.9) // 52.0% (59.9)",
        "oppFenwick": "51.3% (43.7) // 56.1% (40.6) // 51.3% (43.7) // 51.3% (43.7)",
        "oppShots": "51.6% (31.5) // 56.3% (29.0) // 51.6% (31.5) // 51.6% (31.5)",
        "oppScoring": "53.7% (31.5) // 61.3% (29.6) // 53.7% (31.5) // 53.7% (31.5)",
        "oppCorsiAgainst": "48.0% (55.3) // 43.0% (42.3) // 48.0% (55.3) // 48.0% (55.3)",
        "oppFenwickAgainst": "48.7% (41.4) // 43.9% (31.7) // 48.7% (41.4) // 48.7% (41.4)",
        "oppShotsAgainst": "48.4% (29.5) // 43.7% (22.5) // 48.4% (29.5) // 48.4% (29.5)",
        "oppScoringAgainst": "46.3% (27.2) // 38.7% (18.6) // 46.3% (27.2) // 46.3% (27.2)",
        "savesPerGame": 28.1,
        "savesPerGameLast1": 34.0,
        "savesPerGameLast3": 31.0,
        "savesPerGameLast5": 32.6,
        "savesPer60": 33.3,
        "savesPer60Last1": 33.9,
        "savesPer60Last3": 31.4,
        "savesPer60Last5": 32.9,
        "shotsPerGame": 31.5,
        "shotsPerGameLast5": 26.0,
        "shotsAgainstPerGame": 30.9,
        "shotsAgainstPerGameLast5": 34.6,
        "oppSavesAgainstPer60": 34.0,
        "oppSavesAgainstPer60Last1": 36.8,
        "oppSavesAgainstPer60Last3": 31.8,
        "oppSavesAgainstPer60Last5": 27.8,
        "oppShotsAgainstPerGame": 29.9,
        "oppShotsAgainstPerGameLast5": 25.8,
        "savesProj": 28.2,
        "savesProjLast5": 27.7,
        "savesProjLast3": 29.5,
        "oppSavesAgainstProj": 32.2,
        "oppSavesAgainstProjLast5": 26.7,
        "oppSavesAgainstProjLast3": 29.0,
        "totalOver": 38,
        "totalOverLast5": 40,
        "totalOverLast15": 47,
        "lastTotalOver": 41,
        "last5": "3,3,2,6,5,6,6,7,4,2",
        "overOdds": "+120",
        "underOdds": "-150",
        "overUnder": "+120 / -150"
    },
    {
        "player": "Mark Stone",
        "team": "VGK",
        "opponent": "DAL",
        "propType": "sog",
        "line": 1.5,
        "ppLine": "PP1",
        "avg": 2.42,
        "hit": false,
        "diffAvg": 0.61,
        "diffAbs": 0.27,
        "lastAvg": 1.87,
        "diff": 0.25,
        "avgMin": 19,
        "proj": 1.9,
        "lastAvgMin": 18.33,
        "oppOver": 0,
        "teamOver": 0,
        "gameLine": "-105",
        "+/-": "+15",
        "L5_+/-": "+1.0",
        "prevMatchup": "2023-05-23 1.0 sog 2023-05-21 2.0 sog 2023-05-19 1.0 sog",
        "winLossSplits": "69% - 50%",
        "awayHome": "A",
        "playedYesterday": "N",
        "awayHomeSplits": "69% - 58%",
        "savesAboveExp": 0.39,
        "gsaa": 26.05,
        "corsi": "48.6% (57.5) // 48.0% (56.0) // 48.6% (57.5) // 48.6% (57.5)",
        "fenwick": "49.7% (42.3) // 48.8% (40.5) // 49.7% (42.3) // 49.7% (42.3)",
        "shots": "50.5% (31.1) // 50.2% (28.8) // 50.5% (31.1) // 50.5% (31.1)",
        "scoring": "49.5% (29.2) // 49.0% (28.7) // 49.5% (29.2) // 49.5% (29.2)",
        "corsiAgainst": "51.4% (60.7) // 52.0% (60.6) // 51.4% (60.7) // 51.4% (60.7)",
        "fenwickAgainst": "50.3% (42.8) // 51.2% (42.5) // 50.3% (42.8) // 50.3% (42.8)",
        "shotsAgainst": "49.5% (30.4) // 49.8% (28.5) // 49.5% (30.4) // 49.5% (30.4)",
        "scoringAgainst": "50.5% (29.8) // 51.0% (29.9) // 50.5% (29.8) // 50.5% (29.8)",
        "oppCorsi": "52.0% (59.9) // 57.0% (56.0) // 52.0% (59.9) // 52.0% (59.9)",
        "oppFenwick": "51.3% (43.7) // 56.1% (40.6) // 51.3% (43.7) // 51.3% (43.7)",
        "oppShots": "51.6% (31.5) // 56.3% (29.0) // 51.6% (31.5) // 51.6% (31.5)",
        "oppScoring": "53.7% (31.5) // 61.3% (29.6) // 53.7% (31.5) // 53.7% (31.5)",
        "oppCorsiAgainst": "48.0% (55.3) // 43.0% (42.3) // 48.0% (55.3) // 48.0% (55.3)",
        "oppFenwickAgainst": "48.7% (41.4) // 43.9% (31.7) // 48.7% (41.4) // 48.7% (41.4)",
        "oppShotsAgainst": "48.4% (29.5) // 43.7% (22.5) // 48.4% (29.5) // 48.4% (29.5)",
        "oppScoringAgainst": "46.3% (27.2) // 38.7% (18.6) // 46.3% (27.2) // 46.3% (27.2)",
        "savesPerGame": 28.1,
        "savesPerGameLast1": 34.0,
        "savesPerGameLast3": 31.0,
        "savesPerGameLast5": 32.6,
        "savesPer60": 33.3,
        "savesPer60Last1": 33.9,
        "savesPer60Last3": 31.4,
        "savesPer60Last5": 32.9,
        "shotsPerGame": 31.5,
        "shotsPerGameLast5": 26.0,
        "shotsAgainstPerGame": 30.9,
        "shotsAgainstPerGameLast5": 34.6,
        "oppSavesAgainstPer60": 34.0,
        "oppSavesAgainstPer60Last1": 36.8,
        "oppSavesAgainstPer60Last3": 31.8,
        "oppSavesAgainstPer60Last5": 27.8,
        "oppShotsAgainstPerGame": 29.9,
        "oppShotsAgainstPerGameLast5": 25.8,
        "savesProj": 28.2,
        "savesProjLast5": 27.7,
        "savesProjLast3": 29.5,
        "oppSavesAgainstProj": 32.2,
        "oppSavesAgainstProjLast5": 26.7,
        "oppSavesAgainstProjLast3": 29.0,
        "totalOver": 63,
        "totalOverLast5": 40,
        "totalOverLast15": 47,
        "lastTotalOver": 59,
        "last5": "1,2,1,0,3,1,2,1,3,1",
        "overOdds": "-160",
        "underOdds": "+130",
        "overUnder": "-160 / +130"
    },
    {
        "player": "Mason Marchment",
        "team": "DAL",
        "opponent": "VGK",
        "propType": "sog",
        "line": 1.5,
        "ppLine": "PP2",
        "avg": 1.96,
        "hit": false,
        "diffAvg": 0.31,
        "diffAbs": 0.47,
        "lastAvg": 2.09,
        "diff": 0.39,
        "avgMin": 15,
        "proj": 2.2,
        "lastAvgMin": 14.12,
        "oppOver": 0,
        "teamOver": 0,
        "gameLine": "-115",
        "+/-": -13,
        "L5_+/-": -5.0,
        "prevMatchup": "2023-05-23 1.0 sog 2023-05-21 1.0 sog 2023-05-19 1.0 sog 2023-02-25 1.0 sog 2023-01-16 2.0 sog",
        "winLossSplits": "62% - 50%",
        "awayHome": "H",
        "playedYesterday": "N",
        "awayHomeSplits": "59% - 55%",
        "savesAboveExp": -0.478,
        "gsaa": 8.04,
        "corsi": "52.0% (59.9) // 57.0% (56.0) // 52.0% (59.9) // 52.0% (59.9)",
        "fenwick": "51.3% (43.7) // 56.1% (40.6) // 51.3% (43.7) // 51.3% (43.7)",
        "shots": "51.6% (31.5) // 56.3% (29.0) // 51.6% (31.5) // 51.6% (31.5)",
        "scoring": "53.7% (31.5) // 61.3% (29.6) // 53.7% (31.5) // 53.7% (31.5)",
        "corsiAgainst": "48.0% (55.3) // 43.0% (42.3) // 48.0% (55.3) // 48.0% (55.3)",
        "fenwickAgainst": "48.7% (41.4) // 43.9% (31.7) // 48.7% (41.4) // 48.7% (41.4)",
        "shotsAgainst": "48.4% (29.5) // 43.7% (22.5) // 48.4% (29.5) // 48.4% (29.5)",
        "scoringAgainst": "46.3% (27.2) // 38.7% (18.6) // 46.3% (27.2) // 46.3% (27.2)",
        "oppCorsi": "48.6% (57.5) // 48.0% (56.0) // 48.6% (57.5) // 48.6% (57.5)",
        "oppFenwick": "49.7% (42.3) // 48.8% (40.5) // 49.7% (42.3) // 49.7% (42.3)",
        "oppShots": "50.5% (31.1) // 50.2% (28.8) // 50.5% (31.1) // 50.5% (31.1)",
        "oppScoring": "49.5% (29.2) // 49.0% (28.7) // 49.5% (29.2) // 49.5% (29.2)",
        "oppCorsiAgainst": "51.4% (60.7) // 52.0% (60.6) // 51.4% (60.7) // 51.4% (60.7)",
        "oppFenwickAgainst": "50.3% (42.8) // 51.2% (42.5) // 50.3% (42.8) // 50.3% (42.8)",
        "oppShotsAgainst": "49.5% (30.4) // 49.8% (28.5) // 49.5% (30.4) // 49.5% (30.4)",
        "oppScoringAgainst": "50.5% (29.8) // 51.0% (29.9) // 50.5% (29.8) // 50.5% (29.8)",
        "savesPerGame": 27.3,
        "savesPerGameLast1": 12.0,
        "savesPerGameLast3": 22.0,
        "savesPerGameLast5": 22.2,
        "savesPer60": 33.0,
        "savesPer60Last1": 11.9,
        "savesPer60Last3": 22.3,
        "savesPer60Last5": 22.2,
        "shotsPerGame": 31.9,
        "shotsPerGameLast5": 29.8,
        "shotsAgainstPerGame": 29.9,
        "shotsAgainstPerGameLast5": 25.8,
        "oppSavesAgainstPer60": 33.3,
        "oppSavesAgainstPer60Last1": 11.9,
        "oppSavesAgainstPer60Last3": 22.5,
        "oppSavesAgainstPer60Last5": 22.3,
        "oppShotsAgainstPerGame": 30.9,
        "oppShotsAgainstPerGameLast5": 34.6,
        "savesProj": 27.8,
        "savesProjLast5": 14.7,
        "savesProjLast3": 14.7,
        "oppSavesAgainstProj": 30.2,
        "oppSavesAgainstProjLast5": 15.2,
        "oppSavesAgainstProjLast3": 14.9,
        "totalOver": 57,
        "totalOverLast5": 20,
        "totalOverLast15": 20,
        "lastTotalOver": 60,
        "last5": "1,1,1,1,2,0,1,1,2,1",
        "overOdds": "-125",
        "underOdds": "-105",
        "overUnder": "-125 / -105"
    },
    {
        "player": "Max Domi",
        "team": "DAL",
        "opponent": "VGK",
        "propType": "sog",
        "line": 1.5,
        "ppLine": "PP1",
        "avg": 2.14,
        "hit": false,
        "diffAvg": 0.43,
        "diffAbs": 0.07,
        "lastAvg": 1.21,
        "diff": -0.19,
        "avgMin": 17,
        "proj": 1.6,
        "lastAvgMin": 13.03,
        "oppOver": 0,
        "teamOver": 0,
        "gameLine": "-115",
        "+/-": -11,
        "L5_+/-": -4.0,
        "prevMatchup": "2023-05-23 2.0 sog 2023-05-21 2.0 sog 2023-05-19 1.0 sog 2023-04-08 1.0 sog 2023-02-21 2.0 sog 2022-12-15 2.0 sog 2022-10-13 0.0 sog",
        "winLossSplits": "74% - 57%",
        "awayHome": "H",
        "playedYesterday": "N",
        "awayHomeSplits": "65% - 65%",
        "savesAboveExp": -0.478,
        "gsaa": 8.04,
        "corsi": "52.0% (59.9) // 57.0% (56.0) // 52.0% (59.9) // 52.0% (59.9)",
        "fenwick": "51.3% (43.7) // 56.1% (40.6) // 51.3% (43.7) // 51.3% (43.7)",
        "shots": "51.6% (31.5) // 56.3% (29.0) // 51.6% (31.5) // 51.6% (31.5)",
        "scoring": "53.7% (31.5) // 61.3% (29.6) // 53.7% (31.5) // 53.7% (31.5)",
        "corsiAgainst": "48.0% (55.3) // 43.0% (42.3) // 48.0% (55.3) // 48.0% (55.3)",
        "fenwickAgainst": "48.7% (41.4) // 43.9% (31.7) // 48.7% (41.4) // 48.7% (41.4)",
        "shotsAgainst": "48.4% (29.5) // 43.7% (22.5) // 48.4% (29.5) // 48.4% (29.5)",
        "scoringAgainst": "46.3% (27.2) // 38.7% (18.6) // 46.3% (27.2) // 46.3% (27.2)",
        "oppCorsi": "48.6% (57.5) // 48.0% (56.0) // 48.6% (57.5) // 48.6% (57.5)",
        "oppFenwick": "49.7% (42.3) // 48.8% (40.5) // 49.7% (42.3) // 49.7% (42.3)",
        "oppShots": "50.5% (31.1) // 50.2% (28.8) // 50.5% (31.1) // 50.5% (31.1)",
        "oppScoring": "49.5% (29.2) // 49.0% (28.7) // 49.5% (29.2) // 49.5% (29.2)",
        "oppCorsiAgainst": "51.4% (60.7) // 52.0% (60.6) // 51.4% (60.7) // 51.4% (60.7)",
        "oppFenwickAgainst": "50.3% (42.8) // 51.2% (42.5) // 50.3% (42.8) // 50.3% (42.8)",
        "oppShotsAgainst": "49.5% (30.4) // 49.8% (28.5) // 49.5% (30.4) // 49.5% (30.4)",
        "oppScoringAgainst": "50.5% (29.8) // 51.0% (29.9) // 50.5% (29.8) // 50.5% (29.8)",
        "savesPerGame": 27.3,
        "savesPerGameLast1": 12.0,
        "savesPerGameLast3": 22.0,
        "savesPerGameLast5": 22.2,
        "savesPer60": 33.0,
        "savesPer60Last1": 11.9,
        "savesPer60Last3": 22.3,
        "savesPer60Last5": 22.2,
        "shotsPerGame": 31.9,
        "shotsPerGameLast5": 29.8,
        "shotsAgainstPerGame": 29.9,
        "shotsAgainstPerGameLast5": 25.8,
        "oppSavesAgainstPer60": 33.3,
        "oppSavesAgainstPer60Last1": 11.9,
        "oppSavesAgainstPer60Last3": 22.5,
        "oppSavesAgainstPer60Last5": 22.3,
        "oppShotsAgainstPerGame": 30.9,
        "oppShotsAgainstPerGameLast5": 34.6,
        "savesProj": 27.8,
        "savesProjLast5": 14.7,
        "savesProjLast3": 14.7,
        "oppSavesAgainstProj": 30.2,
        "oppSavesAgainstProjLast5": 15.2,
        "oppSavesAgainstProjLast3": 14.9,
        "totalOver": 65,
        "totalOverLast5": 40,
        "totalOverLast15": 47,
        "lastTotalOver": 52,
        "last5": "2,2,1,1,0,2,2,1,3,1",
        "overOdds": "-130",
        "underOdds": "+100",
        "overUnder": "-130 / +100"
    },
    {
        "player": "Miro Heiskanen",
        "team": "DAL",
        "opponent": "VGK",
        "propType": "sog",
        "line": 2.5,
        "ppLine": "PP1",
        "avg": 2.45,
        "hit": false,
        "diffAvg": -0.02,
        "diffAbs": 0.2,
        "lastAvg": 2.03,
        "diff": -0.19,
        "avgMin": 25,
        "proj": 2.0,
        "lastAvgMin": 24.88,
        "oppOver": 0,
        "teamOver": 0,
        "gameLine": "-115",
        "+/-": "+10",
        "L5_+/-": -6.0,
        "prevMatchup": "2023-05-23 1.0 sog 2023-05-21 3.0 sog 2023-05-19 1.0 sog 2023-04-08 0.0 sog 2023-02-25 1.0 sog 2023-01-16 3.0 sog",
        "winLossSplits": "46% - 61%",
        "awayHome": "H",
        "playedYesterday": "N",
        "awayHomeSplits": "48% - 57%",
        "savesAboveExp": -0.478,
        "gsaa": 8.04,
        "corsi": "52.0% (59.9) // 57.0% (56.0) // 52.0% (59.9) // 52.0% (59.9)",
        "fenwick": "51.3% (43.7) // 56.1% (40.6) // 51.3% (43.7) // 51.3% (43.7)",
        "shots": "51.6% (31.5) // 56.3% (29.0) // 51.6% (31.5) // 51.6% (31.5)",
        "scoring": "53.7% (31.5) // 61.3% (29.6) // 53.7% (31.5) // 53.7% (31.5)",
        "corsiAgainst": "48.0% (55.3) // 43.0% (42.3) // 48.0% (55.3) // 48.0% (55.3)",
        "fenwickAgainst": "48.7% (41.4) // 43.9% (31.7) // 48.7% (41.4) // 48.7% (41.4)",
        "shotsAgainst": "48.4% (29.5) // 43.7% (22.5) // 48.4% (29.5) // 48.4% (29.5)",
        "scoringAgainst": "46.3% (27.2) // 38.7% (18.6) // 46.3% (27.2) // 46.3% (27.2)",
        "oppCorsi": "48.6% (57.5) // 48.0% (56.0) // 48.6% (57.5) // 48.6% (57.5)",
        "oppFenwick": "49.7% (42.3) // 48.8% (40.5) // 49.7% (42.3) // 49.7% (42.3)",
        "oppShots": "50.5% (31.1) // 50.2% (28.8) // 50.5% (31.1) // 50.5% (31.1)",
        "oppScoring": "49.5% (29.2) // 49.0% (28.7) // 49.5% (29.2) // 49.5% (29.2)",
        "oppCorsiAgainst": "51.4% (60.7) // 52.0% (60.6) // 51.4% (60.7) // 51.4% (60.7)",
        "oppFenwickAgainst": "50.3% (42.8) // 51.2% (42.5) // 50.3% (42.8) // 50.3% (42.8)",
        "oppShotsAgainst": "49.5% (30.4) // 49.8% (28.5) // 49.5% (30.4) // 49.5% (30.4)",
        "oppScoringAgainst": "50.5% (29.8) // 51.0% (29.9) // 50.5% (29.8) // 50.5% (29.8)",
        "savesPerGame": 27.3,
        "savesPerGameLast1": 12.0,
        "savesPerGameLast3": 22.0,
        "savesPerGameLast5": 22.2,
        "savesPer60": 33.0,
        "savesPer60Last1": 11.9,
        "savesPer60Last3": 22.3,
        "savesPer60Last5": 22.2,
        "shotsPerGame": 31.9,
        "shotsPerGameLast5": 29.8,
        "shotsAgainstPerGame": 29.9,
        "shotsAgainstPerGameLast5": 25.8,
        "oppSavesAgainstPer60": 33.3,
        "oppSavesAgainstPer60Last1": 11.9,
        "oppSavesAgainstPer60Last3": 22.5,
        "oppSavesAgainstPer60Last5": 22.3,
        "oppShotsAgainstPerGame": 30.9,
        "oppShotsAgainstPerGameLast5": 34.6,
        "savesProj": 27.8,
        "savesProjLast5": 14.7,
        "savesProjLast3": 14.7,
        "oppSavesAgainstProj": 30.2,
        "oppSavesAgainstProjLast5": 15.2,
        "oppSavesAgainstProjLast3": 14.9,
        "totalOver": 53,
        "totalOverLast5": 20,
        "totalOverLast15": 20,
        "lastTotalOver": 44,
        "last5": "1,3,1,0,2,1,3,0,1,0",
        "overOdds": "+105",
        "underOdds": "-135",
        "overUnder": "+105 / -135"
    },
    {
        "player": "Reilly Smith",
        "team": "VGK",
        "opponent": "DAL",
        "propType": "sog",
        "line": 2.5,
        "ppLine": "PP2",
        "avg": 2.36,
        "hit": false,
        "diffAvg": -0.06,
        "diffAbs": 0.04,
        "lastAvg": 2.68,
        "diff": 0.07,
        "avgMin": 16,
        "proj": 2.4,
        "lastAvgMin": 17.78,
        "oppOver": 0,
        "teamOver": 0,
        "gameLine": "-105",
        "+/-": "+15",
        "L5_+/-": "+5.0",
        "prevMatchup": "2023-05-23 1.0 sog 2023-05-21 1.0 sog 2023-05-19 6.0 sog 2023-04-08 0.0 sog 2023-02-25 8.0 sog 2023-01-16 4.0 sog",
        "winLossSplits": "37% - 38%",
        "awayHome": "A",
        "playedYesterday": "N",
        "awayHomeSplits": "36% - 38%",
        "savesAboveExp": 0.39,
        "gsaa": 26.05,
        "corsi": "48.6% (57.5) // 48.0% (56.0) // 48.6% (57.5) // 48.6% (57.5)",
        "fenwick": "49.7% (42.3) // 48.8% (40.5) // 49.7% (42.3) // 49.7% (42.3)",
        "shots": "50.5% (31.1) // 50.2% (28.8) // 50.5% (31.1) // 50.5% (31.1)",
        "scoring": "49.5% (29.2) // 49.0% (28.7) // 49.5% (29.2) // 49.5% (29.2)",
        "corsiAgainst": "51.4% (60.7) // 52.0% (60.6) // 51.4% (60.7) // 51.4% (60.7)",
        "fenwickAgainst": "50.3% (42.8) // 51.2% (42.5) // 50.3% (42.8) // 50.3% (42.8)",
        "shotsAgainst": "49.5% (30.4) // 49.8% (28.5) // 49.5% (30.4) // 49.5% (30.4)",
        "scoringAgainst": "50.5% (29.8) // 51.0% (29.9) // 50.5% (29.8) // 50.5% (29.8)",
        "oppCorsi": "52.0% (59.9) // 57.0% (56.0) // 52.0% (59.9) // 52.0% (59.9)",
        "oppFenwick": "51.3% (43.7) // 56.1% (40.6) // 51.3% (43.7) // 51.3% (43.7)",
        "oppShots": "51.6% (31.5) // 56.3% (29.0) // 51.6% (31.5) // 51.6% (31.5)",
        "oppScoring": "53.7% (31.5) // 61.3% (29.6) // 53.7% (31.5) // 53.7% (31.5)",
        "oppCorsiAgainst": "48.0% (55.3) // 43.0% (42.3) // 48.0% (55.3) // 48.0% (55.3)",
        "oppFenwickAgainst": "48.7% (41.4) // 43.9% (31.7) // 48.7% (41.4) // 48.7% (41.4)",
        "oppShotsAgainst": "48.4% (29.5) // 43.7% (22.5) // 48.4% (29.5) // 48.4% (29.5)",
        "oppScoringAgainst": "46.3% (27.2) // 38.7% (18.6) // 46.3% (27.2) // 46.3% (27.2)",
        "savesPerGame": 28.1,
        "savesPerGameLast1": 34.0,
        "savesPerGameLast3": 31.0,
        "savesPerGameLast5": 32.6,
        "savesPer60": 33.3,
        "savesPer60Last1": 33.9,
        "savesPer60Last3": 31.4,
        "savesPer60Last5": 32.9,
        "shotsPerGame": 31.5,
        "shotsPerGameLast5": 26.0,
        "shotsAgainstPerGame": 30.9,
        "shotsAgainstPerGameLast5": 34.6,
        "oppSavesAgainstPer60": 34.0,
        "oppSavesAgainstPer60Last1": 36.8,
        "oppSavesAgainstPer60Last3": 31.8,
        "oppSavesAgainstPer60Last5": 27.8,
        "oppShotsAgainstPerGame": 29.9,
        "oppShotsAgainstPerGameLast5": 25.8,
        "savesProj": 28.2,
        "savesProjLast5": 27.7,
        "savesProjLast3": 29.5,
        "oppSavesAgainstProj": 32.2,
        "oppSavesAgainstProjLast5": 26.7,
        "oppSavesAgainstProjLast3": 29.0,
        "totalOver": 37,
        "totalOverLast5": 40,
        "totalOverLast15": 33,
        "lastTotalOver": 45,
        "last5": "1,1,6,2,5,1,2,1,1,2",
        "overOdds": "+155",
        "underOdds": "-190",
        "overUnder": "+155 / -190"
    },
    {
        "player": "Roope Hintz",
        "team": "DAL",
        "opponent": "VGK",
        "propType": "sog",
        "line": 2.5,
        "ppLine": "PP1",
        "avg": 2.62,
        "hit": false,
        "diffAvg": 0.05,
        "diffAbs": 0.08,
        "lastAvg": 2.48,
        "diff": -0.01,
        "avgMin": 17,
        "proj": 2.3,
        "lastAvgMin": 18.03,
        "oppOver": 0,
        "teamOver": 0,
        "gameLine": "-115",
        "+/-": "+36",
        "L5_+/-": "+2.0",
        "prevMatchup": "2023-05-23 3.0 sog 2023-05-21 2.0 sog 2023-05-19 4.0 sog 2023-04-08 1.0 sog 2023-02-25 8.0 sog",
        "winLossSplits": "49% - 50%",
        "awayHome": "H",
        "playedYesterday": "N",
        "awayHomeSplits": "52% - 47%",
        "savesAboveExp": -0.478,
        "gsaa": 8.04,
        "corsi": "52.0% (59.9) // 57.0% (56.0) // 52.0% (59.9) // 52.0% (59.9)",
        "fenwick": "51.3% (43.7) // 56.1% (40.6) // 51.3% (43.7) // 51.3% (43.7)",
        "shots": "51.6% (31.5) // 56.3% (29.0) // 51.6% (31.5) // 51.6% (31.5)",
        "scoring": "53.7% (31.5) // 61.3% (29.6) // 53.7% (31.5) // 53.7% (31.5)",
        "corsiAgainst": "48.0% (55.3) // 43.0% (42.3) // 48.0% (55.3) // 48.0% (55.3)",
        "fenwickAgainst": "48.7% (41.4) // 43.9% (31.7) // 48.7% (41.4) // 48.7% (41.4)",
        "shotsAgainst": "48.4% (29.5) // 43.7% (22.5) // 48.4% (29.5) // 48.4% (29.5)",
        "scoringAgainst": "46.3% (27.2) // 38.7% (18.6) // 46.3% (27.2) // 46.3% (27.2)",
        "oppCorsi": "48.6% (57.5) // 48.0% (56.0) // 48.6% (57.5) // 48.6% (57.5)",
        "oppFenwick": "49.7% (42.3) // 48.8% (40.5) // 49.7% (42.3) // 49.7% (42.3)",
        "oppShots": "50.5% (31.1) // 50.2% (28.8) // 50.5% (31.1) // 50.5% (31.1)",
        "oppScoring": "49.5% (29.2) // 49.0% (28.7) // 49.5% (29.2) // 49.5% (29.2)",
        "oppCorsiAgainst": "51.4% (60.7) // 52.0% (60.6) // 51.4% (60.7) // 51.4% (60.7)",
        "oppFenwickAgainst": "50.3% (42.8) // 51.2% (42.5) // 50.3% (42.8) // 50.3% (42.8)",
        "oppShotsAgainst": "49.5% (30.4) // 49.8% (28.5) // 49.5% (30.4) // 49.5% (30.4)",
        "oppScoringAgainst": "50.5% (29.8) // 51.0% (29.9) // 50.5% (29.8) // 50.5% (29.8)",
        "savesPerGame": 27.3,
        "savesPerGameLast1": 12.0,
        "savesPerGameLast3": 22.0,
        "savesPerGameLast5": 22.2,
        "savesPer60": 33.0,
        "savesPer60Last1": 11.9,
        "savesPer60Last3": 22.3,
        "savesPer60Last5": 22.2,
        "shotsPerGame": 31.9,
        "shotsPerGameLast5": 29.8,
        "shotsAgainstPerGame": 29.9,
        "shotsAgainstPerGameLast5": 25.8,
        "oppSavesAgainstPer60": 33.3,
        "oppSavesAgainstPer60Last1": 11.9,
        "oppSavesAgainstPer60Last3": 22.5,
        "oppSavesAgainstPer60Last5": 22.3,
        "oppShotsAgainstPerGame": 30.9,
        "oppShotsAgainstPerGameLast5": 34.6,
        "savesProj": 27.8,
        "savesProjLast5": 14.7,
        "savesProjLast3": 14.7,
        "oppSavesAgainstProj": 30.2,
        "oppSavesAgainstProjLast5": 15.2,
        "oppSavesAgainstProjLast3": 14.9,
        "totalOver": 49,
        "totalOverLast5": 80,
        "totalOverLast15": 53,
        "lastTotalOver": 55,
        "last5": "3,2,4,4,4,2,2,4,4,5",
        "overOdds": "-160",
        "underOdds": "+130",
        "overUnder": "-160 / +130"
    },
    {
        "player": "Shea Theodore",
        "team": "VGK",
        "opponent": "DAL",
        "propType": "sog",
        "line": 1.5,
        "ppLine": "PP1",
        "avg": 2.38,
        "hit": false,
        "diffAvg": 0.59,
        "diffAbs": 0.6,
        "lastAvg": 2.63,
        "diff": 0.75,
        "avgMin": 21,
        "proj": 2.4,
        "lastAvgMin": 23.13,
        "oppOver": 0,
        "teamOver": 0,
        "gameLine": "-105",
        "+/-": "+19",
        "L5_+/-": "+3.0",
        "prevMatchup": "2023-05-23 3.0 sog 2023-05-21 2.0 sog 2023-05-19 3.0 sog 2023-02-25 5.0 sog",
        "winLossSplits": "60% - 80%",
        "awayHome": "A",
        "playedYesterday": "N",
        "awayHomeSplits": "64% - 69%",
        "savesAboveExp": 0.39,
        "gsaa": 26.05,
        "corsi": "48.6% (57.5) // 48.0% (56.0) // 48.6% (57.5) // 48.6% (57.5)",
        "fenwick": "49.7% (42.3) // 48.8% (40.5) // 49.7% (42.3) // 49.7% (42.3)",
        "shots": "50.5% (31.1) // 50.2% (28.8) // 50.5% (31.1) // 50.5% (31.1)",
        "scoring": "49.5% (29.2) // 49.0% (28.7) // 49.5% (29.2) // 49.5% (29.2)",
        "corsiAgainst": "51.4% (60.7) // 52.0% (60.6) // 51.4% (60.7) // 51.4% (60.7)",
        "fenwickAgainst": "50.3% (42.8) // 51.2% (42.5) // 50.3% (42.8) // 50.3% (42.8)",
        "shotsAgainst": "49.5% (30.4) // 49.8% (28.5) // 49.5% (30.4) // 49.5% (30.4)",
        "scoringAgainst": "50.5% (29.8) // 51.0% (29.9) // 50.5% (29.8) // 50.5% (29.8)",
        "oppCorsi": "52.0% (59.9) // 57.0% (56.0) // 52.0% (59.9) // 52.0% (59.9)",
        "oppFenwick": "51.3% (43.7) // 56.1% (40.6) // 51.3% (43.7) // 51.3% (43.7)",
        "oppShots": "51.6% (31.5) // 56.3% (29.0) // 51.6% (31.5) // 51.6% (31.5)",
        "oppScoring": "53.7% (31.5) // 61.3% (29.6) // 53.7% (31.5) // 53.7% (31.5)",
        "oppCorsiAgainst": "48.0% (55.3) // 43.0% (42.3) // 48.0% (55.3) // 48.0% (55.3)",
        "oppFenwickAgainst": "48.7% (41.4) // 43.9% (31.7) // 48.7% (41.4) // 48.7% (41.4)",
        "oppShotsAgainst": "48.4% (29.5) // 43.7% (22.5) // 48.4% (29.5) // 48.4% (29.5)",
        "oppScoringAgainst": "46.3% (27.2) // 38.7% (18.6) // 46.3% (27.2) // 46.3% (27.2)",
        "savesPerGame": 28.1,
        "savesPerGameLast1": 34.0,
        "savesPerGameLast3": 31.0,
        "savesPerGameLast5": 32.6,
        "savesPer60": 33.3,
        "savesPer60Last1": 33.9,
        "savesPer60Last3": 31.4,
        "savesPer60Last5": 32.9,
        "shotsPerGame": 31.5,
        "shotsPerGameLast5": 26.0,
        "shotsAgainstPerGame": 30.9,
        "shotsAgainstPerGameLast5": 34.6,
        "oppSavesAgainstPer60": 34.0,
        "oppSavesAgainstPer60Last1": 36.8,
        "oppSavesAgainstPer60Last3": 31.8,
        "oppSavesAgainstPer60Last5": 27.8,
        "oppShotsAgainstPerGame": 29.9,
        "oppShotsAgainstPerGameLast5": 25.8,
        "savesProj": 28.2,
        "savesProjLast5": 27.7,
        "savesProjLast3": 29.5,
        "oppSavesAgainstProj": 32.2,
        "oppSavesAgainstProjLast5": 26.7,
        "oppSavesAgainstProjLast3": 29.0,
        "totalOver": 66,
        "totalOverLast5": 60,
        "totalOverLast15": 53,
        "lastTotalOver": 73,
        "last5": "3,2,3,1,1,1,2,1,4,2",
        "overOdds": "-190",
        "underOdds": "+155",
        "overUnder": "-190 / +155"
    },
    {
