[
    {
        "player": "Brad Marchand",
        "team": "BOS",
        "opponent": "WSH",
        "propType": "g",
        "line": 0.5,
        "ppLine": "PP1",
        "avg": 0.28,
        "hit": false,
        "diffAvg": -0.44,
        "diffAbs": 0.2,
        "lastAvg": 0.42,
        "diff": -0.16,
        "avgMin": 18,
        "proj": 0.4,
        "lastAvgMin": 19.25,
        "oppOver": 0,
        "teamOver": 0,
        "gameLine": "+230",
        "+/-": "+26",
        "L5_+/-": "+1.0",
        "prevMatchup": "2023-02-11 0.0 g",
        "winLossSplits": "24% - 38%",
        "awayHome": "H",
        "playedYesterday": "N",
        "awayHomeSplits": "31% - 23%",
        "savesAboveExp": 0.318,
        "gsaa": -4.79,
        "corsi": "51.3% (57.9) // 50.7% (57.4) // 51.1% (58.1) // 53.1% (59.5)",
        "fenwick": "51.6% (43.8) // 50.3% (43.8) // 50.9% (44.7) // 51.8% (46.4)",
        "shots": "52.5% (32.6) // 52.2% (32.6) // 51.8% (33.8) // 51.9% (35.2)",
        "scoring": "52.9% (32.1) // 52.5% (31.4) // 50.2% (30.4) // 51.5% (27.9)",
        "corsiAgainst": "48.7% (55.0) // 49.3% (55.9) // 48.9% (55.6) // 46.9% (52.6)",
        "fenwickAgainst": "48.4% (41.1) // 49.7% (43.3) // 49.1% (43.1) // 48.2% (43.1)",
        "shotsAgainst": "47.5% (29.4) // 47.8% (29.8) // 48.2% (31.4) // 48.1% (32.5)",
        "scoringAgainst": "47.1% (28.6) // 47.5% (28.4) // 49.8% (30.2) // 48.5% (26.3)",
        "oppCorsi": "50.2% (58.9) // 45.5% (54.9) // 41.0% (51.5) // 38.6% (49.3)",
        "oppFenwick": "50.0% (43.2) // 46.0% (41.2) // 41.3% (37.8) // 38.9% (35.0)",
        "oppShots": "50.2% (30.8) // 45.5% (29.1) // 41.9% (25.8) // 40.8% (25.0)",
        "oppScoring": "50.2% (29.4) // 46.3% (27.6) // 40.3% (25.0) // 37.4% (22.3)",
        "oppCorsiAgainst": "49.8% (58.5) // 54.5% (65.8) // 59.0% (74.0) // 61.4% (78.3)",
        "oppFenwickAgainst": "50.0% (43.2) // 54.0% (48.3) // 58.7% (53.8) // 61.1% (55.0)",
        "oppShotsAgainst": "49.8% (30.6) // 54.5% (34.9) // 58.1% (35.8) // 59.2% (36.3)",
        "oppScoringAgainst": "49.8% (29.2) // 53.7% (32.1) // 59.7% (37.0) // 62.6% (37.3)",
        "savesPerGame": 27.7,
        "savesPerGameLast1": 34.0,
        "savesPerGameLast3": 31.3,
        "savesPerGameLast5": 30.0,
        "savesPer60": 27.9,
        "savesPer60Last1": 34.0,
        "savesPer60Last3": 31.8,
        "savesPer60Last5": 30.7,
        "shotsPerGame": 33.0,
        "shotsPerGameLast5": 34.6,
        "shotsAgainstPerGame": 29.8,
        "shotsAgainstPerGameLast5": 32.2,
        "oppSavesAgainstPer60": 28.2,
        "oppSavesAgainstPer60Last1": 20.4,
        "oppSavesAgainstPer60Last3": 22.1,
        "oppSavesAgainstPer60Last5": 24.3,
        "oppShotsAgainstPerGame": 30.9,
        "oppShotsAgainstPerGameLast5": 35.4,
        "savesProj": 28.3,
        "savesProjLast5": 27.0,
        "savesProjLast3": 25.2,
        "oppSavesAgainstProj": 27.5,
        "oppSavesAgainstProjLast5": 26.0,
        "oppSavesAgainstProjLast3": 24.4,
        "totalOver": 27,
        "totalOverLast5": 0,
        "totalOverLast15": 0,
        "lastTotalOver": 35,
        "last5": "0,0,0,0,0,0,0,0,0,0",
        "overOdds": "+140",
        "underOdds": "0",
        "overUnder": "+140 / 0"
    },
    {
        "player": "David Pastrnak",
        "team": "BOS",
        "opponent": "WSH",
        "propType": "g",
        "line": 0.5,
        "ppLine": "PP1",
        "avg": 0.75,
        "hit": false,
        "diffAvg": 0.5,
        "diffAbs": 0.0,
        "lastAvg": 0.51,
        "diff": 0.02,
        "avgMin": 19,
        "proj": 0.5,
        "lastAvgMin": 18.6,
        "oppOver": 0,
        "teamOver": 0,
        "gameLine": "+230",
        "+/-": "+35",
        "L5_+/-": "+5.0",
        "prevMatchup": "2023-02-11 0.0 g 2022-10-12 1.0 g",
        "winLossSplits": "59% - 53%",
        "awayHome": "H",
        "playedYesterday": "N",
        "awayHomeSplits": "55% - 60%",
        "savesAboveExp": 0.318,
        "gsaa": -4.79,
        "corsi": "51.3% (57.9) // 50.7% (57.4) // 51.1% (58.1) // 53.1% (59.5)",
        "fenwick": "51.6% (43.8) // 50.3% (43.8) // 50.9% (44.7) // 51.8% (46.4)",
        "shots": "52.5% (32.6) // 52.2% (32.6) // 51.8% (33.8) // 51.9% (35.2)",
        "scoring": "52.9% (32.1) // 52.5% (31.4) // 50.2% (30.4) // 51.5% (27.9)",
        "corsiAgainst": "48.7% (55.0) // 49.3% (55.9) // 48.9% (55.6) // 46.9% (52.6)",
        "fenwickAgainst": "48.4% (41.1) // 49.7% (43.3) // 49.1% (43.1) // 48.2% (43.1)",
        "shotsAgainst": "47.5% (29.4) // 47.8% (29.8) // 48.2% (31.4) // 48.1% (32.5)",
        "scoringAgainst": "47.1% (28.6) // 47.5% (28.4) // 49.8% (30.2) // 48.5% (26.3)",
        "oppCorsi": "50.2% (58.9) // 45.5% (54.9) // 41.0% (51.5) // 38.6% (49.3)",
        "oppFenwick": "50.0% (43.2) // 46.0% (41.2) // 41.3% (37.8) // 38.9% (35.0)",
        "oppShots": "50.2% (30.8) // 45.5% (29.1) // 41.9% (25.8) // 40.8% (25.0)",
        "oppScoring": "50.2% (29.4) // 46.3% (27.6) // 40.3% (25.0) // 37.4% (22.3)",
        "oppCorsiAgainst": "49.8% (58.5) // 54.5% (65.8) // 59.0% (74.0) // 61.4% (78.3)",
        "oppFenwickAgainst": "50.0% (43.2) // 54.0% (48.3) // 58.7% (53.8) // 61.1% (55.0)",
        "oppShotsAgainst": "49.8% (30.6) // 54.5% (34.9) // 58.1% (35.8) // 59.2% (36.3)",
        "oppScoringAgainst": "49.8% (29.2) // 53.7% (32.1) // 59.7% (37.0) // 62.6% (37.3)",
        "savesPerGame": 27.7,
        "savesPerGameLast1": 34.0,
        "savesPerGameLast3": 31.3,
        "savesPerGameLast5": 30.0,
        "savesPer60": 27.9,
        "savesPer60Last1": 34.0,
        "savesPer60Last3": 31.8,
        "savesPer60Last5": 30.7,
        "shotsPerGame": 33.0,
        "shotsPerGameLast5": 34.6,
        "shotsAgainstPerGame": 29.8,
        "shotsAgainstPerGameLast5": 32.2,
        "oppSavesAgainstPer60": 28.2,
        "oppSavesAgainstPer60Last1": 20.4,
        "oppSavesAgainstPer60Last3": 22.1,
        "oppSavesAgainstPer60Last5": 24.3,
        "oppShotsAgainstPerGame": 30.9,
        "oppShotsAgainstPerGameLast5": 35.4,
        "savesProj": 28.3,
        "savesProjLast5": 27.0,
        "savesProjLast3": 25.2,
        "oppSavesAgainstProj": 27.5,
        "oppSavesAgainstProjLast5": 26.0,
        "oppSavesAgainstProjLast3": 24.4,
        "totalOver": 57,
        "totalOverLast5": 60,
        "totalOverLast15": 60,
        "lastTotalOver": 37,
        "last5": "3,0,1,0,3,1,1,2,0,1",
        "overOdds": "-125",
        "underOdds": "0",
        "overUnder": "-125 / 0"
    },
    {
        "player": "Evgeny Kuznetsov",
        "team": "WSH",
        "opponent": "BOS",
        "propType": "g",
        "line": 0.5,
        "ppLine": "PP2",
        "avg": 0.15,
        "hit": false,
        "diffAvg": -0.7,
        "diffAbs": 0.6,
        "lastAvg": 0.28,
        "diff": -0.44,
        "avgMin": 18,
        "proj": 0.2,
        "lastAvgMin": 20.27,
        "oppOver": 0,
        "teamOver": 0,
        "gameLine": "-275",
        "+/-": -24,
        "L5_+/-": -8.0,
        "prevMatchup": "2023-02-11 0.0 g 2022-10-12 0.0 g",
        "winLossSplits": "20% - 7%",
        "awayHome": "A",
        "playedYesterday": "Y",
        "awayHomeSplits": "8% - 18%",
        "savesAboveExp": 0.892,
        "gsaa": 48.46,
        "corsi": "50.2% (58.9) // 45.5% (54.9) // 41.0% (51.5) // 38.6% (49.3)",
        "fenwick": "50.0% (43.2) // 46.0% (41.2) // 41.3% (37.8) // 38.9% (35.0)",
        "shots": "50.2% (30.8) // 45.5% (29.1) // 41.9% (25.8) // 40.8% (25.0)",
        "scoring": "50.2% (29.4) // 46.3% (27.6) // 40.3% (25.0) // 37.4% (22.3)",
        "corsiAgainst": "49.8% (58.5) // 54.5% (65.8) // 59.0% (74.0) // 61.4% (78.3)",
        "fenwickAgainst": "50.0% (43.2) // 54.0% (48.3) // 58.7% (53.8) // 61.1% (55.0)",
        "shotsAgainst": "49.8% (30.6) // 54.5% (34.9) // 58.1% (35.8) // 59.2% (36.3)",
        "scoringAgainst": "49.8% (29.2) // 53.7% (32.1) // 59.7% (37.0) // 62.6% (37.3)",
        "oppCorsi": "51.3% (57.9) // 50.7% (57.4) // 51.1% (58.1) // 53.1% (59.5)",
        "oppFenwick": "51.6% (43.8) // 50.3% (43.8) // 50.9% (44.7) // 51.8% (46.4)",
        "oppShots": "52.5% (32.6) // 52.2% (32.6) // 51.8% (33.8) // 51.9% (35.2)",
        "oppScoring": "52.9% (32.1) // 52.5% (31.4) // 50.2% (30.4) // 51.5% (27.9)",
        "oppCorsiAgainst": "48.7% (55.0) // 49.3% (55.9) // 48.9% (55.6) // 46.9% (52.6)",
        "oppFenwickAgainst": "48.4% (41.1) // 49.7% (43.3) // 49.1% (43.1) // 48.2% (43.1)",
        "oppShotsAgainst": "47.5% (29.4) // 47.8% (29.8) // 48.2% (31.4) // 48.1% (32.5)",
        "oppScoringAgainst": "47.1% (28.6) // 47.5% (28.4) // 49.8% (30.2) // 48.5% (26.3)",
        "savesPerGame": 27.7,
        "savesPerGameLast1": 38.0,
        "savesPerGameLast3": 32.3,
        "savesPerGameLast5": 31.0,
        "savesPer60": 27.7,
        "savesPer60Last1": 38.0,
        "savesPer60Last3": 31.8,
        "savesPer60Last5": 30.6,
        "shotsPerGame": 31.1,
        "shotsPerGameLast5": 26.8,
        "shotsAgainstPerGame": 30.9,
        "shotsAgainstPerGameLast5": 35.4,
        "oppSavesAgainstPer60": 29.3,
        "oppSavesAgainstPer60Last1": 29.0,
        "oppSavesAgainstPer60Last3": 33.5,
        "oppSavesAgainstPer60Last5": 31.9,
        "oppShotsAgainstPerGame": 29.8,
        "oppShotsAgainstPerGameLast5": 32.2,
        "savesProj": 29.1,
        "savesProjLast5": 34.4,
        "savesProjLast3": 37.2,
        "oppSavesAgainstProj": 28.8,
        "oppSavesAgainstProjLast5": 34.9,
        "oppSavesAgainstProjLast3": 38.3,
        "totalOver": 13,
        "totalOverLast5": 0,
        "totalOverLast15": 7,
        "lastTotalOver": 26,
        "last5": "0,0,0,0,0,0,0,0,0,0",
        "overOdds": "+320",
        "underOdds": "0",
        "overUnder": "+320 / 0"
    },
    {
        "player": "Jake Debrusk",
        "team": "BOS",
        "opponent": "WSH",
        "propType": "g",
        "line": 0.5,
        "ppLine": "PP1",
        "avg": 0.4,
        "hit": false,
        "diffAvg": -0.2,
        "diffAbs": 0.4,
        "lastAvg": 0.3,
        "diff": -0.4,
        "avgMin": 16,
        "proj": 0.3,
        "lastAvgMin": 15.03,
        "oppOver": 0,
        "teamOver": 0,
        "gameLine": "+230",
        "+/-": "+25",
        "L5_+/-": "+2.0",
        "prevMatchup": "2022-10-12 0.0 g",
        "winLossSplits": "40% - 17%",
        "awayHome": "H",
        "playedYesterday": "N",
        "awayHomeSplits": "36% - 35%",
        "savesAboveExp": 0.318,
        "gsaa": -4.79,
        "corsi": "51.3% (57.9) // 50.7% (57.4) // 51.1% (58.1) // 53.1% (59.5)",
        "fenwick": "51.6% (43.8) // 50.3% (43.8) // 50.9% (44.7) // 51.8% (46.4)",
        "shots": "52.5% (32.6) // 52.2% (32.6) // 51.8% (33.8) // 51.9% (35.2)",
        "scoring": "52.9% (32.1) // 52.5% (31.4) // 50.2% (30.4) // 51.5% (27.9)",
        "corsiAgainst": "48.7% (55.0) // 49.3% (55.9) // 48.9% (55.6) // 46.9% (52.6)",
        "fenwickAgainst": "48.4% (41.1) // 49.7% (43.3) // 49.1% (43.1) // 48.2% (43.1)",
        "shotsAgainst": "47.5% (29.4) // 47.8% (29.8) // 48.2% (31.4) // 48.1% (32.5)",
        "scoringAgainst": "47.1% (28.6) // 47.5% (28.4) // 49.8% (30.2) // 48.5% (26.3)",
        "oppCorsi": "50.2% (58.9) // 45.5% (54.9) // 41.0% (51.5) // 38.6% (49.3)",
        "oppFenwick": "50.0% (43.2) // 46.0% (41.2) // 41.3% (37.8) // 38.9% (35.0)",
        "oppShots": "50.2% (30.8) // 45.5% (29.1) // 41.9% (25.8) // 40.8% (25.0)",
        "oppScoring": "50.2% (29.4) // 46.3% (27.6) // 40.3% (25.0) // 37.4% (22.3)",
        "oppCorsiAgainst": "49.8% (58.5) // 54.5% (65.8) // 59.0% (74.0) // 61.4% (78.3)",
        "oppFenwickAgainst": "50.0% (43.2) // 54.0% (48.3) // 58.7% (53.8) // 61.1% (55.0)",
        "oppShotsAgainst": "49.8% (30.6) // 54.5% (34.9) // 58.1% (35.8) // 59.2% (36.3)",
        "oppScoringAgainst": "49.8% (29.2) // 53.7% (32.1) // 59.7% (37.0) // 62.6% (37.3)",
        "savesPerGame": 27.7,
        "savesPerGameLast1": 34.0,
        "savesPerGameLast3": 31.3,
        "savesPerGameLast5": 30.0,
        "savesPer60": 27.9,
        "savesPer60Last1": 34.0,
        "savesPer60Last3": 31.8,
        "savesPer60Last5": 30.7,
        "shotsPerGame": 33.0,
        "shotsPerGameLast5": 34.6,
        "shotsAgainstPerGame": 29.8,
        "shotsAgainstPerGameLast5": 32.2,
        "oppSavesAgainstPer60": 28.2,
        "oppSavesAgainstPer60Last1": 20.4,
        "oppSavesAgainstPer60Last3": 22.1,
        "oppSavesAgainstPer60Last5": 24.3,
        "oppShotsAgainstPerGame": 30.9,
        "oppShotsAgainstPerGameLast5": 35.4,
        "savesProj": 28.3,
        "savesProjLast5": 27.0,
        "savesProjLast3": 25.2,
        "oppSavesAgainstProj": 27.5,
        "oppSavesAgainstProjLast5": 26.0,
        "oppSavesAgainstProjLast3": 24.4,
        "totalOver": 35,
        "totalOverLast5": 20,
        "totalOverLast15": 33,
        "lastTotalOver": 27,
        "last5": "0,0,0,1,0,0,0,0,0,1",
        "overOdds": "+140",
        "underOdds": "0",
        "overUnder": "+140 / 0"
    },
    {
        "player": "John Carlson",
        "team": "WSH",
        "opponent": "BOS",
        "propType": "g",
        "line": 0.5,
        "ppLine": "PP1",
        "avg": 0.24,
        "hit": false,
        "diffAvg": -0.52,
        "diffAbs": 0.6,
        "lastAvg": 0.2,
        "diff": -0.6,
        "avgMin": 23,
        "proj": 0.2,
        "lastAvgMin": 23.8,
        "oppOver": 0,
        "teamOver": 0,
        "gameLine": "-275",
        "+/-": -4,
        "L5_+/-": -2.0,
        "prevMatchup": "2022-10-12 0.0 g",
        "winLossSplits": "20% - 22%",
        "awayHome": "A",
        "playedYesterday": "Y",
        "awayHomeSplits": "25% - 17%",
        "savesAboveExp": 0.892,
        "gsaa": 48.46,
        "corsi": "50.2% (58.9) // 45.5% (54.9) // 41.0% (51.5) // 38.6% (49.3)",
        "fenwick": "50.0% (43.2) // 46.0% (41.2) // 41.3% (37.8) // 38.9% (35.0)",
        "shots": "50.2% (30.8) // 45.5% (29.1) // 41.9% (25.8) // 40.8% (25.0)",
        "scoring": "50.2% (29.4) // 46.3% (27.6) // 40.3% (25.0) // 37.4% (22.3)",
        "corsiAgainst": "49.8% (58.5) // 54.5% (65.8) // 59.0% (74.0) // 61.4% (78.3)",
        "fenwickAgainst": "50.0% (43.2) // 54.0% (48.3) // 58.7% (53.8) // 61.1% (55.0)",
        "shotsAgainst": "49.8% (30.6) // 54.5% (34.9) // 58.1% (35.8) // 59.2% (36.3)",
        "scoringAgainst": "49.8% (29.2) // 53.7% (32.1) // 59.7% (37.0) // 62.6% (37.3)",
        "oppCorsi": "51.3% (57.9) // 50.7% (57.4) // 51.1% (58.1) // 53.1% (59.5)",
        "oppFenwick": "51.6% (43.8) // 50.3% (43.8) // 50.9% (44.7) // 51.8% (46.4)",
        "oppShots": "52.5% (32.6) // 52.2% (32.6) // 51.8% (33.8) // 51.9% (35.2)",
        "oppScoring": "52.9% (32.1) // 52.5% (31.4) // 50.2% (30.4) // 51.5% (27.9)",
        "oppCorsiAgainst": "48.7% (55.0) // 49.3% (55.9) // 48.9% (55.6) // 46.9% (52.6)",
        "oppFenwickAgainst": "48.4% (41.1) // 49.7% (43.3) // 49.1% (43.1) // 48.2% (43.1)",
        "oppShotsAgainst": "47.5% (29.4) // 47.8% (29.8) // 48.2% (31.4) // 48.1% (32.5)",
        "oppScoringAgainst": "47.1% (28.6) // 47.5% (28.4) // 49.8% (30.2) // 48.5% (26.3)",
        "savesPerGame": 27.7,
        "savesPerGameLast1": 38.0,
        "savesPerGameLast3": 32.3,
        "savesPerGameLast5": 31.0,
        "savesPer60": 27.7,
        "savesPer60Last1": 38.0,
        "savesPer60Last3": 31.8,
        "savesPer60Last5": 30.6,
        "shotsPerGame": 31.1,
        "shotsPerGameLast5": 26.8,
        "shotsAgainstPerGame": 30.9,
        "shotsAgainstPerGameLast5": 35.4,
        "oppSavesAgainstPer60": 29.3,
        "oppSavesAgainstPer60Last1": 29.0,
        "oppSavesAgainstPer60Last3": 33.5,
        "oppSavesAgainstPer60Last5": 31.9,
        "oppShotsAgainstPerGame": 29.8,
        "oppShotsAgainstPerGameLast5": 32.2,
        "savesProj": 29.1,
        "savesProjLast5": 34.4,
        "savesProjLast3": 37.2,
        "oppSavesAgainstProj": 28.8,
        "oppSavesAgainstProjLast5": 34.9,
        "oppSavesAgainstProjLast3": 38.3,
        "totalOver": 21,
        "totalOverLast5": 0,
        "totalOverLast15": 7,
        "lastTotalOver": 20,
        "last5": "0,0,0,0,0,0,0,1,0,0",
        "overOdds": "+475",
        "underOdds": "0",
        "overUnder": "+475 / 0"
    },
    {
        "player": "Patrice Bergeron",
        "team": "BOS",
        "opponent": "WSH",
        "propType": "g",
        "line": 0.5,
        "ppLine": "",
        "avg": 0.36,
        "hit": false,
        "diffAvg": -0.28,
        "diffAbs": 0.4,
        "lastAvg": 0.31,
        "diff": -0.38,
        "avgMin": 17,
        "proj": 0.3,
        "lastAvgMin": 18.17,
        "oppOver": 0,
        "teamOver": 0,
        "gameLine": "+230",
        "+/-": "+33",
        "L5_+/-": "+7.0",
        "prevMatchup": "2023-02-11 0.0 g 2022-10-12 1.0 g",
        "winLossSplits": "39% - 12%",
        "awayHome": "H",
        "playedYesterday": "N",
        "awayHomeSplits": "33% - 32%",
        "savesAboveExp": 0.318,
        "gsaa": -4.79,
        "corsi": "51.3% (57.9) // 50.7% (57.4) // 51.1% (58.1) // 53.1% (59.5)",
        "fenwick": "51.6% (43.8) // 50.3% (43.8) // 50.9% (44.7) // 51.8% (46.4)",
        "shots": "52.5% (32.6) // 52.2% (32.6) // 51.8% (33.8) // 51.9% (35.2)",
        "scoring": "52.9% (32.1) // 52.5% (31.4) // 50.2% (30.4) // 51.5% (27.9)",
        "corsiAgainst": "48.7% (55.0) // 49.3% (55.9) // 48.9% (55.6) // 46.9% (52.6)",
        "fenwickAgainst": "48.4% (41.1) // 49.7% (43.3) // 49.1% (43.1) // 48.2% (43.1)",
        "shotsAgainst": "47.5% (29.4) // 47.8% (29.8) // 48.2% (31.4) // 48.1% (32.5)",
        "scoringAgainst": "47.1% (28.6) // 47.5% (28.4) // 49.8% (30.2) // 48.5% (26.3)",
        "oppCorsi": "50.2% (58.9) // 45.5% (54.9) // 41.0% (51.5) // 38.6% (49.3)",
        "oppFenwick": "50.0% (43.2) // 46.0% (41.2) // 41.3% (37.8) // 38.9% (35.0)",
        "oppShots": "50.2% (30.8) // 45.5% (29.1) // 41.9% (25.8) // 40.8% (25.0)",
        "oppScoring": "50.2% (29.4) // 46.3% (27.6) // 40.3% (25.0) // 37.4% (22.3)",
        "oppCorsiAgainst": "49.8% (58.5) // 54.5% (65.8) // 59.0% (74.0) // 61.4% (78.3)",
        "oppFenwickAgainst": "50.0% (43.2) // 54.0% (48.3) // 58.7% (53.8) // 61.1% (55.0)",
        "oppShotsAgainst": "49.8% (30.6) // 54.5% (34.9) // 58.1% (35.8) // 59.2% (36.3)",
        "oppScoringAgainst": "49.8% (29.2) // 53.7% (32.1) // 59.7% (37.0) // 62.6% (37.3)",
        "savesPerGame": 27.7,
        "savesPerGameLast1": 34.0,
        "savesPerGameLast3": 31.3,
        "savesPerGameLast5": 30.0,
        "savesPer60": 27.9,
        "savesPer60Last1": 34.0,
        "savesPer60Last3": 31.8,
        "savesPer60Last5": 30.7,
        "shotsPerGame": 33.0,
        "shotsPerGameLast5": 34.6,
        "shotsAgainstPerGame": 29.8,
        "shotsAgainstPerGameLast5": 32.2,
        "oppSavesAgainstPer60": 28.2,
        "oppSavesAgainstPer60Last1": 20.4,
        "oppSavesAgainstPer60Last3": 22.1,
        "oppSavesAgainstPer60Last5": 24.3,
        "oppShotsAgainstPerGame": 30.9,
        "oppShotsAgainstPerGameLast5": 35.4,
        "savesProj": 28.3,
        "savesProjLast5": 27.0,
        "savesProjLast3": 25.2,
        "oppSavesAgainstProj": 27.5,
        "oppSavesAgainstProjLast5": 26.0,
        "oppSavesAgainstProjLast3": 24.4,
        "totalOver": 33,
        "totalOverLast5": 20,
        "totalOverLast15": 27,
        "lastTotalOver": 31,
        "last5": "0,0,0,0,1,0,0,1,1,0",
        "overOdds": "+165",
        "underOdds": "0",
        "overUnder": "+165 / 0"
    },
    {
        "player": "Charlie Mcavoy",
        "team": "BOS",
        "opponent": "WSH",
        "propType": "g",
        "line": 0.5,
        "ppLine": "",
        "avg": 0.11,
        "hit": false,
        "diffAvg": -0.78,
        "diffAbs": 0.8,
        "lastAvg": 0.12,
        "diff": -0.76,
        "avgMin": 22,
        "proj": 0.1,
        "lastAvgMin": 24.65,
        "oppOver": 0,
        "teamOver": 0,
        "gameLine": "+230",
        "+/-": "+28",
        "L5_+/-": -1.0,
        "prevMatchup": "2023-02-11 0.0 g",
        "winLossSplits": "12% - 7%",
        "awayHome": "H",
        "playedYesterday": "N",
        "awayHomeSplits": "16% - 6%",
        "savesAboveExp": 0.318,
        "gsaa": -4.79,
        "corsi": "51.3% (57.9) // 50.7% (57.4) // 51.1% (58.1) // 53.1% (59.5)",
        "fenwick": "51.6% (43.8) // 50.3% (43.8) // 50.9% (44.7) // 51.8% (46.4)",
        "shots": "52.5% (32.6) // 52.2% (32.6) // 51.8% (33.8) // 51.9% (35.2)",
        "scoring": "52.9% (32.1) // 52.5% (31.4) // 50.2% (30.4) // 51.5% (27.9)",
        "corsiAgainst": "48.7% (55.0) // 49.3% (55.9) // 48.9% (55.6) // 46.9% (52.6)",
        "fenwickAgainst": "48.4% (41.1) // 49.7% (43.3) // 49.1% (43.1) // 48.2% (43.1)",
        "shotsAgainst": "47.5% (29.4) // 47.8% (29.8) // 48.2% (31.4) // 48.1% (32.5)",
        "scoringAgainst": "47.1% (28.6) // 47.5% (28.4) // 49.8% (30.2) // 48.5% (26.3)",
        "oppCorsi": "50.2% (58.9) // 45.5% (54.9) // 41.0% (51.5) // 38.6% (49.3)",
        "oppFenwick": "50.0% (43.2) // 46.0% (41.2) // 41.3% (37.8) // 38.9% (35.0)",
        "oppShots": "50.2% (30.8) // 45.5% (29.1) // 41.9% (25.8) // 40.8% (25.0)",
        "oppScoring": "50.2% (29.4) // 46.3% (27.6) // 40.3% (25.0) // 37.4% (22.3)",
        "oppCorsiAgainst": "49.8% (58.5) // 54.5% (65.8) // 59.0% (74.0) // 61.4% (78.3)",
        "oppFenwickAgainst": "50.0% (43.2) // 54.0% (48.3) // 58.7% (53.8) // 61.1% (55.0)",
        "oppShotsAgainst": "49.8% (30.6) // 54.5% (34.9) // 58.1% (35.8) // 59.2% (36.3)",
        "oppScoringAgainst": "49.8% (29.2) // 53.7% (32.1) // 59.7% (37.0) // 62.6% (37.3)",
        "savesPerGame": 27.7,
        "savesPerGameLast1": 34.0,
        "savesPerGameLast3": 31.3,
        "savesPerGameLast5": 30.0,
        "savesPer60": 27.9,
        "savesPer60Last1": 34.0,
        "savesPer60Last3": 31.8,
        "savesPer60Last5": 30.7,
        "shotsPerGame": 33.0,
        "shotsPerGameLast5": 34.6,
        "shotsAgainstPerGame": 29.8,
        "shotsAgainstPerGameLast5": 32.2,
        "oppSavesAgainstPer60": 28.2,
        "oppSavesAgainstPer60Last1": 20.4,
        "oppSavesAgainstPer60Last3": 22.1,
        "oppSavesAgainstPer60Last5": 24.3,
        "oppShotsAgainstPerGame": 30.9,
        "oppShotsAgainstPerGameLast5": 35.4,
        "savesProj": 28.3,
        "savesProjLast5": 27.0,
        "savesProjLast3": 25.2,
        "oppSavesAgainstProj": 27.5,
        "oppSavesAgainstProjLast5": 26.0,
        "oppSavesAgainstProjLast3": 24.4,
        "totalOver": 11,
        "totalOverLast5": 20,
        "totalOverLast15": 13,
        "lastTotalOver": 9,
        "last5": "0,0,1,0,0,0,0,0,0,1",
        "overOdds": "+500",
        "underOdds": "0",
        "overUnder": "+500 / 0"
    },
    {
        "player": "Hampus Lindholm",
        "team": "BOS",
        "opponent": "WSH",
        "propType": "g",
        "line": 0.5,
        "ppLine": "PP1",
        "avg": 0.13,
        "hit": false,
        "diffAvg": -0.74,
        "diffAbs": 0.8,
        "lastAvg": 0.07,
        "diff": -0.86,
        "avgMin": 23,
        "proj": 0.1,
        "lastAvgMin": 22.5,
        "oppOver": 0,
        "teamOver": 0,
        "gameLine": "+230",
        "+/-": "+47",
        "L5_+/-": "+3.0",
        "prevMatchup": "2023-02-11 0.0 g 2022-10-12 1.0 g",
        "winLossSplits": "15% - 6%",
        "awayHome": "H",
        "playedYesterday": "N",
        "awayHomeSplits": "18% - 8%",
        "savesAboveExp": 0.318,
        "gsaa": -4.79,
        "corsi": "51.3% (57.9) // 50.7% (57.4) // 51.1% (58.1) // 53.1% (59.5)",
        "fenwick": "51.6% (43.8) // 50.3% (43.8) // 50.9% (44.7) // 51.8% (46.4)",
        "shots": "52.5% (32.6) // 52.2% (32.6) // 51.8% (33.8) // 51.9% (35.2)",
        "scoring": "52.9% (32.1) // 52.5% (31.4) // 50.2% (30.4) // 51.5% (27.9)",
        "corsiAgainst": "48.7% (55.0) // 49.3% (55.9) // 48.9% (55.6) // 46.9% (52.6)",
        "fenwickAgainst": "48.4% (41.1) // 49.7% (43.3) // 49.1% (43.1) // 48.2% (43.1)",
        "shotsAgainst": "47.5% (29.4) // 47.8% (29.8) // 48.2% (31.4) // 48.1% (32.5)",
        "scoringAgainst": "47.1% (28.6) // 47.5% (28.4) // 49.8% (30.2) // 48.5% (26.3)",
        "oppCorsi": "50.2% (58.9) // 45.5% (54.9) // 41.0% (51.5) // 38.6% (49.3)",
        "oppFenwick": "50.0% (43.2) // 46.0% (41.2) // 41.3% (37.8) // 38.9% (35.0)",
        "oppShots": "50.2% (30.8) // 45.5% (29.1) // 41.9% (25.8) // 40.8% (25.0)",
        "oppScoring": "50.2% (29.4) // 46.3% (27.6) // 40.3% (25.0) // 37.4% (22.3)",
        "oppCorsiAgainst": "49.8% (58.5) // 54.5% (65.8) // 59.0% (74.0) // 61.4% (78.3)",
        "oppFenwickAgainst": "50.0% (43.2) // 54.0% (48.3) // 58.7% (53.8) // 61.1% (55.0)",
        "oppShotsAgainst": "49.8% (30.6) // 54.5% (34.9) // 58.1% (35.8) // 59.2% (36.3)",
        "oppScoringAgainst": "49.8% (29.2) // 53.7% (32.1) // 59.7% (37.0) // 62.6% (37.3)",
        "savesPerGame": 27.7,
        "savesPerGameLast1": 34.0,
        "savesPerGameLast3": 31.3,
        "savesPerGameLast5": 30.0,
        "savesPer60": 27.9,
        "savesPer60Last1": 34.0,
        "savesPer60Last3": 31.8,
        "savesPer60Last5": 30.7,
        "shotsPerGame": 33.0,
        "shotsPerGameLast5": 34.6,
        "shotsAgainstPerGame": 29.8,
        "shotsAgainstPerGameLast5": 32.2,
        "oppSavesAgainstPer60": 28.2,
        "oppSavesAgainstPer60Last1": 20.4,
        "oppSavesAgainstPer60Last3": 22.1,
        "oppSavesAgainstPer60Last5": 24.3,
        "oppShotsAgainstPerGame": 30.9,
        "oppShotsAgainstPerGameLast5": 35.4,
        "savesProj": 28.3,
        "savesProjLast5": 27.0,
        "savesProjLast3": 25.2,
        "oppSavesAgainstProj": 27.5,
        "oppSavesAgainstProjLast5": 26.0,
        "oppSavesAgainstProjLast3": 24.4,
        "totalOver": 13,
        "totalOverLast5": 0,
        "totalOverLast15": 13,
        "lastTotalOver": 6,
        "last5": "0,0,0,0,0,0,0,0,0,0",
        "overOdds": "+500",
        "underOdds": "0",
        "overUnder": "+500 / 0"
    },
    {
        "player": "Nicklas Backstrom",
        "team": "WSH",
        "opponent": "BOS",
        "propType": "g",
        "line": 0.5,
        "ppLine": "PP1",
        "avg": 0.19,
        "hit": false,
        "diffAvg": -0.62,
        "diffAbs": 0.8,
        "lastAvg": 0.11,
        "diff": -0.78,
        "avgMin": 16,
        "proj": 0.1,
        "lastAvgMin": 17.48,
        "oppOver": 0,
        "teamOver": 0,
        "gameLine": "-275",
        "+/-": -23,
        "L5_+/-": -8.0,
        "prevMatchup": "2023-02-11 1.0 g",
        "winLossSplits": "23% - 17%",
        "awayHome": "A",
        "playedYesterday": "Y",
        "awayHomeSplits": "22% - 16%",
        "savesAboveExp": 0.892,
        "gsaa": 48.46,
        "corsi": "50.2% (58.9) // 45.5% (54.9) // 41.0% (51.5) // 38.6% (49.3)",
        "fenwick": "50.0% (43.2) // 46.0% (41.2) // 41.3% (37.8) // 38.9% (35.0)",
        "shots": "50.2% (30.8) // 45.5% (29.1) // 41.9% (25.8) // 40.8% (25.0)",
        "scoring": "50.2% (29.4) // 46.3% (27.6) // 40.3% (25.0) // 37.4% (22.3)",
        "corsiAgainst": "49.8% (58.5) // 54.5% (65.8) // 59.0% (74.0) // 61.4% (78.3)",
        "fenwickAgainst": "50.0% (43.2) // 54.0% (48.3) // 58.7% (53.8) // 61.1% (55.0)",
        "shotsAgainst": "49.8% (30.6) // 54.5% (34.9) // 58.1% (35.8) // 59.2% (36.3)",
        "scoringAgainst": "49.8% (29.2) // 53.7% (32.1) // 59.7% (37.0) // 62.6% (37.3)",
        "oppCorsi": "51.3% (57.9) // 50.7% (57.4) // 51.1% (58.1) // 53.1% (59.5)",
        "oppFenwick": "51.6% (43.8) // 50.3% (43.8) // 50.9% (44.7) // 51.8% (46.4)",
        "oppShots": "52.5% (32.6) // 52.2% (32.6) // 51.8% (33.8) // 51.9% (35.2)",
        "oppScoring": "52.9% (32.1) // 52.5% (31.4) // 50.2% (30.4) // 51.5% (27.9)",
        "oppCorsiAgainst": "48.7% (55.0) // 49.3% (55.9) // 48.9% (55.6) // 46.9% (52.6)",
        "oppFenwickAgainst": "48.4% (41.1) // 49.7% (43.3) // 49.1% (43.1) // 48.2% (43.1)",
        "oppShotsAgainst": "47.5% (29.4) // 47.8% (29.8) // 48.2% (31.4) // 48.1% (32.5)",
        "oppScoringAgainst": "47.1% (28.6) // 47.5% (28.4) // 49.8% (30.2) // 48.5% (26.3)",
        "savesPerGame": 27.7,
        "savesPerGameLast1": 38.0,
        "savesPerGameLast3": 32.3,
        "savesPerGameLast5": 31.0,
        "savesPer60": 27.7,
        "savesPer60Last1": 38.0,
        "savesPer60Last3": 31.8,
        "savesPer60Last5": 30.6,
        "shotsPerGame": 31.1,
        "shotsPerGameLast5": 26.8,
        "shotsAgainstPerGame": 30.9,
        "shotsAgainstPerGameLast5": 35.4,
        "oppSavesAgainstPer60": 29.3,
        "oppSavesAgainstPer60Last1": 29.0,
        "oppSavesAgainstPer60Last3": 33.5,
        "oppSavesAgainstPer60Last5": 31.9,
        "oppShotsAgainstPerGame": 29.8,
        "oppShotsAgainstPerGameLast5": 32.2,
        "savesProj": 29.1,
        "savesProjLast5": 34.4,
        "savesProjLast3": 37.2,
        "oppSavesAgainstProj": 28.8,
        "oppSavesAgainstProjLast5": 34.9,
        "oppSavesAgainstProjLast3": 38.3,
        "totalOver": 19,
        "totalOverLast5": 20,
        "totalOverLast15": 27,
        "lastTotalOver": 15,
        "last5": "0,0,1,0,0,0,0,1,0,0",
        "overOdds": "+450",
        "underOdds": "0",
        "overUnder": "+450 / 0"
    },
    {
        "player": "Taylor Hall",
        "team": "BOS",
        "opponent": "WSH",
        "propType": "g",
        "line": 0.5,
        "ppLine": "",
        "avg": 0.27,
        "hit": false,
        "diffAvg": -0.46,
        "diffAbs": 0.6,
        "lastAvg": 0.23,
        "diff": -0.54,
        "avgMin": 15,
        "proj": 0.2,
        "lastAvgMin": 16.4,
        "oppOver": 0,
        "teamOver": 0,
        "gameLine": "+230",
        "+/-": "+12",
        "L5_+/-": "+2.0",
        "prevMatchup": "2023-02-11 0.0 g 2022-10-12 1.0 g",
        "winLossSplits": "24% - 23%",
        "awayHome": "H",
        "playedYesterday": "N",
        "awayHomeSplits": "21% - 27%",
        "savesAboveExp": 0.318,
        "gsaa": -4.79,
        "corsi": "51.3% (57.9) // 50.7% (57.4) // 51.1% (58.1) // 53.1% (59.5)",
        "fenwick": "51.6% (43.8) // 50.3% (43.8) // 50.9% (44.7) // 51.8% (46.4)",
        "shots": "52.5% (32.6) // 52.2% (32.6) // 51.8% (33.8) // 51.9% (35.2)",
        "scoring": "52.9% (32.1) // 52.5% (31.4) // 50.2% (30.4) // 51.5% (27.9)",
        "corsiAgainst": "48.7% (55.0) // 49.3% (55.9) // 48.9% (55.6) // 46.9% (52.6)",
        "fenwickAgainst": "48.4% (41.1) // 49.7% (43.3) // 49.1% (43.1) // 48.2% (43.1)",
        "shotsAgainst": "47.5% (29.4) // 47.8% (29.8) // 48.2% (31.4) // 48.1% (32.5)",
        "scoringAgainst": "47.1% (28.6) // 47.5% (28.4) // 49.8% (30.2) // 48.5% (26.3)",
        "oppCorsi": "50.2% (58.9) // 45.5% (54.9) // 41.0% (51.5) // 38.6% (49.3)",
        "oppFenwick": "50.0% (43.2) // 46.0% (41.2) // 41.3% (37.8) // 38.9% (35.0)",
        "oppShots": "50.2% (30.8) // 45.5% (29.1) // 41.9% (25.8) // 40.8% (25.0)",
        "oppScoring": "50.2% (29.4) // 46.3% (27.6) // 40.3% (25.0) // 37.4% (22.3)",
        "oppCorsiAgainst": "49.8% (58.5) // 54.5% (65.8) // 59.0% (74.0) // 61.4% (78.3)",
        "oppFenwickAgainst": "50.0% (43.2) // 54.0% (48.3) // 58.7% (53.8) // 61.1% (55.0)",
        "oppShotsAgainst": "49.8% (30.6) // 54.5% (34.9) // 58.1% (35.8) // 59.2% (36.3)",
        "oppScoringAgainst": "49.8% (29.2) // 53.7% (32.1) // 59.7% (37.0) // 62.6% (37.3)",
        "savesPerGame": 27.7,
        "savesPerGameLast1": 34.0,
        "savesPerGameLast3": 31.3,
        "savesPerGameLast5": 30.0,
        "savesPer60": 27.9,
        "savesPer60Last1": 34.0,
        "savesPer60Last3": 31.8,
        "savesPer60Last5": 30.7,
        "shotsPerGame": 33.0,
        "shotsPerGameLast5": 34.6,
        "shotsAgainstPerGame": 29.8,
        "shotsAgainstPerGameLast5": 32.2,
        "oppSavesAgainstPer60": 28.2,
        "oppSavesAgainstPer60Last1": 20.4,
        "oppSavesAgainstPer60Last3": 22.1,
        "oppSavesAgainstPer60Last5": 24.3,
        "oppShotsAgainstPerGame": 30.9,
        "oppShotsAgainstPerGameLast5": 35.4,
        "savesProj": 28.3,
        "savesProjLast5": 27.0,
        "savesProjLast3": 25.2,
        "oppSavesAgainstProj": 27.5,
        "oppSavesAgainstProjLast5": 26.0,
        "oppSavesAgainstProjLast3": 24.4,
        "totalOver": 24,
        "totalOverLast5": 0,
        "totalOverLast15": 20,
        "lastTotalOver": 25,
        "last5": "0,0,0,0,0,0,1,0,0,1",
        "overOdds": "+200",
        "underOdds": "0",
        "overUnder": "+200 / 0"
    },
    {
        "player": "Tyler Bertuzzi",
        "team": "BOS",
        "opponent": "WSH",
        "propType": "g",
        "line": 0.5,
        "ppLine": "PP2",
        "avg": 0.15,
        "hit": false,
        "diffAvg": -0.7,
        "diffAbs": 0.2,
        "lastAvg": 0.44,
        "diff": -0.12,
        "avgMin": 16,
        "proj": 0.4,
        "lastAvgMin": 19.87,
        "oppOver": 0,
        "teamOver": 0,
        "gameLine": "+230",
        "+/-": "+3",
        "L5_+/-": "+1.0",
        "prevMatchup": "2023-02-21 0.0 g",
        "winLossSplits": "16% - 12%",
        "awayHome": "H",
        "playedYesterday": "Y",
        "awayHomeSplits": "16% - 13%",
        "savesAboveExp": 0.318,
        "gsaa": -4.79,
        "corsi": "51.3% (57.9) // 50.7% (57.4) // 51.1% (58.1) // 53.1% (59.5)",
        "fenwick": "51.6% (43.8) // 50.3% (43.8) // 50.9% (44.7) // 51.8% (46.4)",
        "shots": "52.5% (32.6) // 52.2% (32.6) // 51.8% (33.8) // 51.9% (35.2)",
        "scoring": "52.9% (32.1) // 52.5% (31.4) // 50.2% (30.4) // 51.5% (27.9)",
        "corsiAgainst": "48.7% (55.0) // 49.3% (55.9) // 48.9% (55.6) // 46.9% (52.6)",
        "fenwickAgainst": "48.4% (41.1) // 49.7% (43.3) // 49.1% (43.1) // 48.2% (43.1)",
        "shotsAgainst": "47.5% (29.4) // 47.8% (29.8) // 48.2% (31.4) // 48.1% (32.5)",
        "scoringAgainst": "47.1% (28.6) // 47.5% (28.4) // 49.8% (30.2) // 48.5% (26.3)",
        "oppCorsi": "50.2% (58.9) // 45.5% (54.9) // 41.0% (51.5) // 38.6% (49.3)",
        "oppFenwick": "50.0% (43.2) // 46.0% (41.2) // 41.3% (37.8) // 38.9% (35.0)",
        "oppShots": "50.2% (30.8) // 45.5% (29.1) // 41.9% (25.8) // 40.8% (25.0)",
        "oppScoring": "50.2% (29.4) // 46.3% (27.6) // 40.3% (25.0) // 37.4% (22.3)",
        "oppCorsiAgainst": "49.8% (58.5) // 54.5% (65.8) // 59.0% (74.0) // 61.4% (78.3)",
        "oppFenwickAgainst": "50.0% (43.2) // 54.0% (48.3) // 58.7% (53.8) // 61.1% (55.0)",
        "oppShotsAgainst": "49.8% (30.6) // 54.5% (34.9) // 58.1% (35.8) // 59.2% (36.3)",
        "oppScoringAgainst": "49.8% (29.2) // 53.7% (32.1) // 59.7% (37.0) // 62.6% (37.3)",
        "savesPerGame": 27.7,
        "savesPerGameLast1": 34.0,
        "savesPerGameLast3": 31.3,
        "savesPerGameLast5": 30.0,
        "savesPer60": 27.9,
        "savesPer60Last1": 34.0,
        "savesPer60Last3": 31.8,
        "savesPer60Last5": 30.7,
        "shotsPerGame": 33.0,
        "shotsPerGameLast5": 34.6,
        "shotsAgainstPerGame": 29.8,
        "shotsAgainstPerGameLast5": 32.2,
        "oppSavesAgainstPer60": 28.2,
        "oppSavesAgainstPer60Last1": 20.4,
        "oppSavesAgainstPer60Last3": 22.1,
        "oppSavesAgainstPer60Last5": 24.3,
        "oppShotsAgainstPerGame": 30.9,
        "oppShotsAgainstPerGameLast5": 35.4,
        "savesProj": 28.3,
        "savesProjLast5": 27.0,
        "savesProjLast3": 25.2,
        "oppSavesAgainstProj": 27.5,
        "oppSavesAgainstProjLast5": 26.0,
        "oppSavesAgainstProjLast3": 24.4,
        "totalOver": 15,
        "totalOverLast5": 20,
        "totalOverLast15": 20,
        "lastTotalOver": 32,
        "last5": "0,0,0,1,0,1,0,0,0,1",
        "overOdds": "+260",
        "underOdds": "0",
        "overUnder": "+260 / 0"
    },
    {
        "player": "Tom Wilson",
        "team": "WSH",
        "opponent": "BOS",
        "propType": "g",
        "line": 0.5,
        "ppLine": "PP1",
        "avg": 0.35,
        "hit": false,
        "diffAvg": -0.3,
        "diffAbs": 0.4,
        "lastAvg": 0.3,
        "diff": -0.4,
        "avgMin": 17,
        "proj": 0.3,
        "lastAvgMin": 18.57,
        "oppOver": 0,
        "teamOver": 0,
        "gameLine": "-275",
        "+/-": -14,
        "L5_+/-": "+2.0",
        "prevMatchup": "",
        "winLossSplits": "60% - 19%",
        "awayHome": "A",
        "playedYesterday": "Y",
        "awayHomeSplits": "31% - 33%",
        "savesAboveExp": 0.892,
        "gsaa": 48.46,
        "corsi": "50.2% (58.9) // 45.5% (54.9) // 41.0% (51.5) // 38.6% (49.3)",
        "fenwick": "50.0% (43.2) // 46.0% (41.2) // 41.3% (37.8) // 38.9% (35.0)",
        "shots": "50.2% (30.8) // 45.5% (29.1) // 41.9% (25.8) // 40.8% (25.0)",
        "scoring": "50.2% (29.4) // 46.3% (27.6) // 40.3% (25.0) // 37.4% (22.3)",
        "corsiAgainst": "49.8% (58.5) // 54.5% (65.8) // 59.0% (74.0) // 61.4% (78.3)",
        "fenwickAgainst": "50.0% (43.2) // 54.0% (48.3) // 58.7% (53.8) // 61.1% (55.0)",
        "shotsAgainst": "49.8% (30.6) // 54.5% (34.9) // 58.1% (35.8) // 59.2% (36.3)",
        "scoringAgainst": "49.8% (29.2) // 53.7% (32.1) // 59.7% (37.0) // 62.6% (37.3)",
        "oppCorsi": "51.3% (57.9) // 50.7% (57.4) // 51.1% (58.1) // 53.1% (59.5)",
        "oppFenwick": "51.6% (43.8) // 50.3% (43.8) // 50.9% (44.7) // 51.8% (46.4)",
        "oppShots": "52.5% (32.6) // 52.2% (32.6) // 51.8% (33.8) // 51.9% (35.2)",
        "oppScoring": "52.9% (32.1) // 52.5% (31.4) // 50.2% (30.4) // 51.5% (27.9)",
        "oppCorsiAgainst": "48.7% (55.0) // 49.3% (55.9) // 48.9% (55.6) // 46.9% (52.6)",
        "oppFenwickAgainst": "48.4% (41.1) // 49.7% (43.3) // 49.1% (43.1) // 48.2% (43.1)",
        "oppShotsAgainst": "47.5% (29.4) // 47.8% (29.8) // 48.2% (31.4) // 48.1% (32.5)",
        "oppScoringAgainst": "47.1% (28.6) // 47.5% (28.4) // 49.8% (30.2) // 48.5% (26.3)",
        "savesPerGame": 27.7,
        "savesPerGameLast1": 38.0,
        "savesPerGameLast3": 32.3,
        "savesPerGameLast5": 31.0,
        "savesPer60": 27.7,
        "savesPer60Last1": 38.0,
        "savesPer60Last3": 31.8,
        "savesPer60Last5": 30.6,
        "shotsPerGame": 31.1,
        "shotsPerGameLast5": 26.8,
        "shotsAgainstPerGame": 30.9,
        "shotsAgainstPerGameLast5": 35.4,
        "oppSavesAgainstPer60": 29.3,
        "oppSavesAgainstPer60Last1": 29.0,
        "oppSavesAgainstPer60Last3": 33.5,
        "oppSavesAgainstPer60Last5": 31.9,
        "oppShotsAgainstPerGame": 29.8,
        "oppShotsAgainstPerGameLast5": 32.2,
        "savesProj": 29.1,
        "savesProjLast5": 34.4,
        "savesProjLast3": 37.2,
        "oppSavesAgainstProj": 28.8,
        "oppSavesAgainstProjLast5": 34.9,
        "oppSavesAgainstProjLast3": 38.3,
        "totalOver": 32,
        "totalOverLast5": 40,
        "totalOverLast15": 27,
        "lastTotalOver": 29,
        "last5": "1,1,0,0,0,0,1,0,0,0",
        "overOdds": "+270",
        "underOdds": "0",
        "overUnder": "+270 / 0"
    },
    {
        "player": "Pavel Zacha",
        "team": "BOS",
        "opponent": "WSH",
        "propType": "g",
        "line": 0.5,
        "ppLine": "PP1",
        "avg": 0.26,
        "hit": false,
        "diffAvg": -0.48,
        "diffAbs": 0.6,
        "lastAvg": 0.21,
        "diff": -0.58,
        "avgMin": 16,
        "proj": 0.2,
        "lastAvgMin": 16.83,
        "oppOver": 0,
        "teamOver": 0,
        "gameLine": "+230",
        "+/-": "+28",
        "L5_+/-": "+3.0",
        "prevMatchup": "2023-02-11 0.0 g 2022-10-12 0.0 g",
        "winLossSplits": "24% - 18%",
        "awayHome": "H",
        "playedYesterday": "N",
        "awayHomeSplits": "30% - 15%",
        "savesAboveExp": 0.318,
        "gsaa": -4.79,
        "corsi": "51.3% (57.9) // 50.7% (57.4) // 51.1% (58.1) // 53.1% (59.5)",
        "fenwick": "51.6% (43.8) // 50.3% (43.8) // 50.9% (44.7) // 51.8% (46.4)",
        "shots": "52.5% (32.6) // 52.2% (32.6) // 51.8% (33.8) // 51.9% (35.2)",
        "scoring": "52.9% (32.1) // 52.5% (31.4) // 50.2% (30.4) // 51.5% (27.9)",
