[
    {
        "player": "Aaron Ekblad",
        "team": "FLA",
        "opponent": "BOS",
        "propType": "pts",
        "line": 0.5,
        "ppLine": "PP2",
        "avg": 0.5,
        "hit": false,
        "diffAvg": 0.0,
        "diffAbs": 0.4,
        "lastAvg": 0.8,
        "diff": 0.6,
        "avgMin": 23,
        "proj": 0.7,
        "lastAvgMin": 24.92,
        "oppOver": 0,
        "teamOver": 0,
        "gameLine": "+195",
        "+/-": -10,
        "L5_+/-": "+3.0",
        "prevMatchup": "2023-04-28 0.0 pts 2023-04-26 0.0 pts 2023-04-21 0.0 pts 2023-04-19 0.0 pts 2023-04-17 0.0 pts 2023-01-28 1.0 pts 2022-12-19 0.0 pts 2022-11-23 3.0 pts 2022-10-17 0.0 pts",
        "winLossSplits": "46% - 27%",
        "awayHome": "A",
        "playedYesterday": "N",
        "awayHomeSplits": "39% - 34%",
        "savesAboveExp": 0.892,
        "gsaa": 48.51,
        "corsi": "54.2% (66.3) // 52.5% (66.0) // 54.2% (66.3) // 54.2% (66.3)",
        "fenwick": "53.6% (49.9) // 52.0% (49.3) // 53.6% (49.9) // 53.6% (49.9)",
        "shots": "53.7% (36.5) // 51.9% (35.5) // 53.7% (36.5) // 53.7% (36.5)",
        "scoring": "54.6% (34.8) // 53.4% (34.0) // 54.6% (34.8) // 54.6% (34.8)",
        "corsiAgainst": "45.8% (56.1) // 47.5% (59.7) // 45.8% (56.1) // 45.8% (56.1)",
        "fenwickAgainst": "46.4% (43.2) // 48.0% (45.5) // 46.4% (43.2) // 46.4% (43.2)",
        "shotsAgainst": "46.3% (31.5) // 48.1% (33.0) // 46.3% (31.5) // 46.3% (31.5)",
        "scoringAgainst": "45.4% (28.9) // 46.6% (29.7) // 45.4% (28.9) // 45.4% (28.9)",
        "oppCorsi": "51.4% (58.2) // 52.6% (61.3) // 51.4% (58.2) // 51.4% (58.2)",
        "oppFenwick": "51.6% (44.0) // 52.5% (46.9) // 51.6% (44.0) // 51.6% (44.0)",
        "oppShots": "52.5% (32.6) // 52.7% (33.6) // 52.5% (32.6) // 52.5% (32.6)",
        "oppScoring": "53.0% (32.2) // 53.2% (32.5) // 53.0% (32.2) // 53.0% (32.2)",
        "oppCorsiAgainst": "48.6% (55.0) // 47.4% (55.1) // 48.6% (55.0) // 48.6% (55.0)",
        "oppFenwickAgainst": "48.4% (41.2) // 47.5% (42.4) // 48.4% (41.2) // 48.4% (41.2)",
        "oppShotsAgainst": "47.5% (29.5) // 47.3% (30.1) // 47.5% (29.5) // 47.5% (29.5)",
        "oppScoringAgainst": "47.0% (28.6) // 46.8% (28.6) // 47.0% (28.6) // 47.0% (28.6)",
        "savesPerGame": 28.4,
        "savesPerGameLast1": 29.0,
        "savesPerGameLast3": 32.7,
        "savesPerGameLast5": 32.6,
        "savesPer60": 30.3,
        "savesPer60Last1": 29.0,
        "savesPer60Last3": 33.2,
        "savesPer60Last5": 32.6,
        "shotsPerGame": 36.8,
        "shotsPerGameLast5": 32.6,
        "shotsAgainstPerGame": 31.7,
        "shotsAgainstPerGameLast5": 36.8,
        "oppSavesAgainstPer60": 31.4,
        "oppSavesAgainstPer60Last1": 29.0,
        "oppSavesAgainstPer60Last3": 33.5,
        "oppSavesAgainstPer60Last5": 33.1,
        "oppShotsAgainstPerGame": 29.8,
        "oppShotsAgainstPerGameLast5": 32.6,
        "savesProj": 29.7,
        "savesProjLast5": 35.4,
        "savesProjLast3": 36.2,
        "oppSavesAgainstProj": 30.8,
        "oppSavesAgainstProjLast5": 34.4,
        "oppSavesAgainstProjLast3": 34.8,
        "totalOver": 37,
        "totalOverLast5": 0,
        "totalOverLast15": 47,
        "lastTotalOver": 53,
        "last5": "0,0,0,0,0,0,0,1,2,1",
        "overOdds": "+145",
        "underOdds": "-180",
        "overUnder": "+145 / -180"
    },
    {
        "player": "Aleksander Barkov",
        "team": "FLA",
        "opponent": "BOS",
        "propType": "pts",
        "line": 0.5,
        "ppLine": "PP1",
        "avg": 1.12,
        "hit": false,
        "diffAvg": 1.24,
        "diffAbs": 1.4,
        "lastAvg": 1.14,
        "diff": 1.28,
        "avgMin": 21,
        "proj": 1.2,
        "lastAvgMin": 20.3,
        "oppOver": 0,
        "teamOver": 0,
        "gameLine": "+195",
        "+/-": "+10",
        "L5_+/-": "+1.0",
        "prevMatchup": "2023-04-28 2.0 pts 2023-04-26 1.0 pts 2023-04-23 0.0 pts 2023-04-21 1.0 pts 2023-04-19 1.0 pts 2023-04-17 0.0 pts 2023-01-28 3.0 pts 2022-11-23 3.0 pts 2022-10-17 0.0 pts",
        "winLossSplits": "85% - 48%",
        "awayHome": "A",
        "playedYesterday": "N",
        "awayHomeSplits": "64% - 74%",
        "savesAboveExp": 0.892,
        "gsaa": 48.51,
        "corsi": "54.2% (66.3) // 52.5% (66.0) // 54.2% (66.3) // 54.2% (66.3)",
        "fenwick": "53.6% (49.9) // 52.0% (49.3) // 53.6% (49.9) // 53.6% (49.9)",
        "shots": "53.7% (36.5) // 51.9% (35.5) // 53.7% (36.5) // 53.7% (36.5)",
        "scoring": "54.6% (34.8) // 53.4% (34.0) // 54.6% (34.8) // 54.6% (34.8)",
        "corsiAgainst": "45.8% (56.1) // 47.5% (59.7) // 45.8% (56.1) // 45.8% (56.1)",
        "fenwickAgainst": "46.4% (43.2) // 48.0% (45.5) // 46.4% (43.2) // 46.4% (43.2)",
        "shotsAgainst": "46.3% (31.5) // 48.1% (33.0) // 46.3% (31.5) // 46.3% (31.5)",
        "scoringAgainst": "45.4% (28.9) // 46.6% (29.7) // 45.4% (28.9) // 45.4% (28.9)",
        "oppCorsi": "51.4% (58.2) // 52.6% (61.3) // 51.4% (58.2) // 51.4% (58.2)",
        "oppFenwick": "51.6% (44.0) // 52.5% (46.9) // 51.6% (44.0) // 51.6% (44.0)",
        "oppShots": "52.5% (32.6) // 52.7% (33.6) // 52.5% (32.6) // 52.5% (32.6)",
        "oppScoring": "53.0% (32.2) // 53.2% (32.5) // 53.0% (32.2) // 53.0% (32.2)",
        "oppCorsiAgainst": "48.6% (55.0) // 47.4% (55.1) // 48.6% (55.0) // 48.6% (55.0)",
        "oppFenwickAgainst": "48.4% (41.2) // 47.5% (42.4) // 48.4% (41.2) // 48.4% (41.2)",
        "oppShotsAgainst": "47.5% (29.5) // 47.3% (30.1) // 47.5% (29.5) // 47.5% (29.5)",
        "oppScoringAgainst": "47.0% (28.6) // 46.8% (28.6) // 47.0% (28.6) // 47.0% (28.6)",
        "savesPerGame": 28.4,
        "savesPerGameLast1": 29.0,
        "savesPerGameLast3": 32.7,
        "savesPerGameLast5": 32.6,
        "savesPer60": 30.3,
        "savesPer60Last1": 29.0,
        "savesPer60Last3": 33.2,
        "savesPer60Last5": 32.6,
        "shotsPerGame": 36.8,
        "shotsPerGameLast5": 32.6,
        "shotsAgainstPerGame": 31.7,
        "shotsAgainstPerGameLast5": 36.8,
        "oppSavesAgainstPer60": 31.4,
        "oppSavesAgainstPer60Last1": 29.0,
        "oppSavesAgainstPer60Last3": 33.5,
        "oppSavesAgainstPer60Last5": 33.1,
        "oppShotsAgainstPerGame": 29.8,
        "oppShotsAgainstPerGameLast5": 32.6,
        "savesProj": 29.7,
        "savesProjLast5": 35.4,
        "savesProjLast3": 36.2,
        "oppSavesAgainstProj": 30.8,
        "oppSavesAgainstProjLast5": 34.4,
        "oppSavesAgainstProjLast3": 34.8,
        "totalOver": 69,
        "totalOverLast5": 80,
        "totalOverLast15": 73,
        "lastTotalOver": 74,
        "last5": "2,1,0,1,1,0,1,0,2,3",
        "overOdds": "-220",
        "underOdds": "+180",
        "overUnder": "-220 / +180"
    },
    {
        "player": "Brad Marchand",
        "team": "BOS",
        "opponent": "FLA",
        "propType": "pts",
        "line": 0.5,
        "ppLine": "PP1",
        "avg": 0.97,
        "hit": false,
        "diffAvg": 0.94,
        "diffAbs": 1.0,
        "lastAvg": 1.04,
        "diff": 1.08,
        "avgMin": 18,
        "proj": 1.0,
        "lastAvgMin": 19.25,
        "oppOver": 0,
        "teamOver": 0,
        "gameLine": "-230",
        "+/-": "+23",
        "L5_+/-": -2.0,
        "prevMatchup": "2023-04-28 4.0 pts 2023-04-26 2.0 pts 2023-04-23 1.0 pts 2023-04-21 1.0 pts 2023-04-19 1.0 pts 2023-04-17 1.0 pts 2023-01-28 0.0 pts 2022-12-19 3.0 pts 2022-11-23 1.0 pts",
        "winLossSplits": "68% - 58%",
        "awayHome": "H",
        "playedYesterday": "N",
        "awayHomeSplits": "62% - 69%",
        "savesAboveExp": -0.102,
        "gsaa": -4.63,
        "corsi": "51.4% (58.2) // 52.6% (61.3) // 51.4% (58.2) // 51.4% (58.2)",
        "fenwick": "51.6% (44.0) // 52.5% (46.9) // 51.6% (44.0) // 51.6% (44.0)",
        "shots": "52.5% (32.6) // 52.7% (33.6) // 52.5% (32.6) // 52.5% (32.6)",
        "scoring": "53.0% (32.2) // 53.2% (32.5) // 53.0% (32.2) // 53.0% (32.2)",
        "corsiAgainst": "48.6% (55.0) // 47.4% (55.1) // 48.6% (55.0) // 48.6% (55.0)",
        "fenwickAgainst": "48.4% (41.2) // 47.5% (42.4) // 48.4% (41.2) // 48.4% (41.2)",
        "shotsAgainst": "47.5% (29.5) // 47.3% (30.1) // 47.5% (29.5) // 47.5% (29.5)",
        "scoringAgainst": "47.0% (28.6) // 46.8% (28.6) // 47.0% (28.6) // 47.0% (28.6)",
        "oppCorsi": "54.2% (66.3) // 52.5% (66.0) // 54.2% (66.3) // 54.2% (66.3)",
        "oppFenwick": "53.6% (49.9) // 52.0% (49.3) // 53.6% (49.9) // 53.6% (49.9)",
        "oppShots": "53.7% (36.5) // 51.9% (35.5) // 53.7% (36.5) // 53.7% (36.5)",
        "oppScoring": "54.6% (34.8) // 53.4% (34.0) // 54.6% (34.8) // 54.6% (34.8)",
        "oppCorsiAgainst": "45.8% (56.1) // 47.5% (59.7) // 45.8% (56.1) // 45.8% (56.1)",
        "oppFenwickAgainst": "46.4% (43.2) // 48.0% (45.5) // 46.4% (43.2) // 46.4% (43.2)",
        "oppShotsAgainst": "46.3% (31.5) // 48.1% (33.0) // 46.3% (31.5) // 46.3% (31.5)",
        "oppScoringAgainst": "45.4% (28.9) // 46.6% (29.7) // 45.4% (28.9) // 45.4% (28.9)",
        "savesPerGame": 27.7,
        "savesPerGameLast1": 26.0,
        "savesPerGameLast3": 29.7,
        "savesPerGameLast5": 28.4,
        "savesPer60": 30.0,
        "savesPer60Last1": 25.4,
        "savesPer60Last3": 30.4,
        "savesPer60Last5": 28.7,
        "shotsPerGame": 33.0,
        "shotsPerGameLast5": 36.8,
        "shotsAgainstPerGame": 29.8,
        "shotsAgainstPerGameLast5": 32.6,
        "oppSavesAgainstPer60": 35.7,
        "oppSavesAgainstPer60Last1": 26.7,
        "oppSavesAgainstPer60Last3": 29.5,
        "oppSavesAgainstPer60Last5": 28.2,
        "oppShotsAgainstPerGame": 31.7,
        "oppShotsAgainstPerGameLast5": 36.8,
        "savesProj": 32.8,
        "savesProjLast5": 26.9,
        "savesProjLast3": 29.8,
        "oppSavesAgainstProj": 33.4,
        "oppSavesAgainstProjLast5": 22.4,
        "oppSavesAgainstProjLast3": 24.5,
        "totalOver": 66,
        "totalOverLast5": 100,
        "totalOverLast15": 53,
        "lastTotalOver": 68,
        "last5": "4,2,1,1,1,1,1,3,0,0",
        "overOdds": "-235",
        "underOdds": "+190",
        "overUnder": "-235 / +190"
    },
    {
        "player": "Brandon Montour",
        "team": "FLA",
        "opponent": "BOS",
        "propType": "pts",
        "line": 0.5,
        "ppLine": "PP1",
        "avg": 0.92,
        "hit": false,
        "diffAvg": 0.84,
        "diffAbs": 0.0,
        "lastAvg": 0.41,
        "diff": -0.18,
        "avgMin": 24,
        "proj": 0.5,
        "lastAvgMin": 17.88,
        "oppOver": 0,
        "teamOver": 0,
        "gameLine": "+195",
        "+/-": "+8",
        "L5_+/-": -1.0,
        "prevMatchup": "2023-04-28 2.0 pts 2023-04-26 0.0 pts 2023-04-23 2.0 pts 2023-04-21 0.0 pts 2023-04-19 2.0 pts 2023-04-17 0.0 pts 2023-01-28 1.0 pts 2022-12-19 1.0 pts 2022-11-23 1.0 pts",
        "winLossSplits": "70% - 55%",
        "awayHome": "A",
        "playedYesterday": "N",
        "awayHomeSplits": "63% - 63%",
        "savesAboveExp": 0.892,
        "gsaa": 48.51,
        "corsi": "54.2% (66.3) // 52.5% (66.0) // 54.2% (66.3) // 54.2% (66.3)",
        "fenwick": "53.6% (49.9) // 52.0% (49.3) // 53.6% (49.9) // 53.6% (49.9)",
        "shots": "53.7% (36.5) // 51.9% (35.5) // 53.7% (36.5) // 53.7% (36.5)",
        "scoring": "54.6% (34.8) // 53.4% (34.0) // 54.6% (34.8) // 54.6% (34.8)",
        "corsiAgainst": "45.8% (56.1) // 47.5% (59.7) // 45.8% (56.1) // 45.8% (56.1)",
        "fenwickAgainst": "46.4% (43.2) // 48.0% (45.5) // 46.4% (43.2) // 46.4% (43.2)",
        "shotsAgainst": "46.3% (31.5) // 48.1% (33.0) // 46.3% (31.5) // 46.3% (31.5)",
        "scoringAgainst": "45.4% (28.9) // 46.6% (29.7) // 45.4% (28.9) // 45.4% (28.9)",
        "oppCorsi": "51.4% (58.2) // 52.6% (61.3) // 51.4% (58.2) // 51.4% (58.2)",
        "oppFenwick": "51.6% (44.0) // 52.5% (46.9) // 51.6% (44.0) // 51.6% (44.0)",
        "oppShots": "52.5% (32.6) // 52.7% (33.6) // 52.5% (32.6) // 52.5% (32.6)",
        "oppScoring": "53.0% (32.2) // 53.2% (32.5) // 53.0% (32.2) // 53.0% (32.2)",
        "oppCorsiAgainst": "48.6% (55.0) // 47.4% (55.1) // 48.6% (55.0) // 48.6% (55.0)",
        "oppFenwickAgainst": "48.4% (41.2) // 47.5% (42.4) // 48.4% (41.2) // 48.4% (41.2)",
        "oppShotsAgainst": "47.5% (29.5) // 47.3% (30.1) // 47.5% (29.5) // 47.5% (29.5)",
        "oppScoringAgainst": "47.0% (28.6) // 46.8% (28.6) // 47.0% (28.6) // 47.0% (28.6)",
        "savesPerGame": 28.4,
        "savesPerGameLast1": 29.0,
        "savesPerGameLast3": 32.7,
        "savesPerGameLast5": 32.6,
        "savesPer60": 30.3,
        "savesPer60Last1": 29.0,
        "savesPer60Last3": 33.2,
        "savesPer60Last5": 32.6,
        "shotsPerGame": 36.8,
        "shotsPerGameLast5": 32.6,
        "shotsAgainstPerGame": 31.7,
        "shotsAgainstPerGameLast5": 36.8,
        "oppSavesAgainstPer60": 31.4,
        "oppSavesAgainstPer60Last1": 29.0,
        "oppSavesAgainstPer60Last3": 33.5,
        "oppSavesAgainstPer60Last5": 33.1,
        "oppShotsAgainstPerGame": 29.8,
        "oppShotsAgainstPerGameLast5": 32.6,
        "savesProj": 29.7,
        "savesProjLast5": 35.4,
        "savesProjLast3": 36.2,
        "oppSavesAgainstProj": 30.8,
        "oppSavesAgainstProjLast5": 34.4,
        "oppSavesAgainstProjLast3": 34.8,
        "totalOver": 63,
        "totalOverLast5": 60,
        "totalOverLast15": 67,
        "lastTotalOver": 33,
        "last5": "2,0,2,0,2,0,0,1,1,4",
        "overOdds": "-145",
        "underOdds": "+115",
        "overUnder": "-145 / +115"
    },
    {
        "player": "Carter Verhaeghe",
        "team": "FLA",
        "opponent": "BOS",
        "propType": "pts",
        "line": 0.5,
        "ppLine": "PP2",
        "avg": 0.91,
        "hit": false,
        "diffAvg": 0.82,
        "diffAbs": 0.4,
        "lastAvg": 0.62,
        "diff": 0.24,
        "avgMin": 17,
        "proj": 0.7,
        "lastAvgMin": 16.05,
        "oppOver": 0,
        "teamOver": 0,
        "gameLine": "+195",
        "+/-": "+13",
        "L5_+/-": -1.0,
        "prevMatchup": "2023-04-28 1.0 pts 2023-04-26 3.0 pts 2023-04-23 1.0 pts 2023-04-21 0.0 pts 2023-04-19 1.0 pts 2023-04-17 0.0 pts 2023-01-28 0.0 pts 2022-12-19 2.0 pts 2022-11-23 0.0 pts 2022-10-17 0.0 pts",
        "winLossSplits": "64% - 53%",
        "awayHome": "A",
        "playedYesterday": "N",
        "awayHomeSplits": "57% - 60%",
        "savesAboveExp": 0.892,
        "gsaa": 48.51,
        "corsi": "54.2% (66.3) // 52.5% (66.0) // 54.2% (66.3) // 54.2% (66.3)",
        "fenwick": "53.6% (49.9) // 52.0% (49.3) // 53.6% (49.9) // 53.6% (49.9)",
        "shots": "53.7% (36.5) // 51.9% (35.5) // 53.7% (36.5) // 53.7% (36.5)",
        "scoring": "54.6% (34.8) // 53.4% (34.0) // 54.6% (34.8) // 54.6% (34.8)",
        "corsiAgainst": "45.8% (56.1) // 47.5% (59.7) // 45.8% (56.1) // 45.8% (56.1)",
        "fenwickAgainst": "46.4% (43.2) // 48.0% (45.5) // 46.4% (43.2) // 46.4% (43.2)",
        "shotsAgainst": "46.3% (31.5) // 48.1% (33.0) // 46.3% (31.5) // 46.3% (31.5)",
        "scoringAgainst": "45.4% (28.9) // 46.6% (29.7) // 45.4% (28.9) // 45.4% (28.9)",
        "oppCorsi": "51.4% (58.2) // 52.6% (61.3) // 51.4% (58.2) // 51.4% (58.2)",
        "oppFenwick": "51.6% (44.0) // 52.5% (46.9) // 51.6% (44.0) // 51.6% (44.0)",
        "oppShots": "52.5% (32.6) // 52.7% (33.6) // 52.5% (32.6) // 52.5% (32.6)",
        "oppScoring": "53.0% (32.2) // 53.2% (32.5) // 53.0% (32.2) // 53.0% (32.2)",
        "oppCorsiAgainst": "48.6% (55.0) // 47.4% (55.1) // 48.6% (55.0) // 48.6% (55.0)",
        "oppFenwickAgainst": "48.4% (41.2) // 47.5% (42.4) // 48.4% (41.2) // 48.4% (41.2)",
        "oppShotsAgainst": "47.5% (29.5) // 47.3% (30.1) // 47.5% (29.5) // 47.5% (29.5)",
        "oppScoringAgainst": "47.0% (28.6) // 46.8% (28.6) // 47.0% (28.6) // 47.0% (28.6)",
        "savesPerGame": 28.4,
        "savesPerGameLast1": 29.0,
        "savesPerGameLast3": 32.7,
        "savesPerGameLast5": 32.6,
        "savesPer60": 30.3,
        "savesPer60Last1": 29.0,
        "savesPer60Last3": 33.2,
        "savesPer60Last5": 32.6,
        "shotsPerGame": 36.8,
        "shotsPerGameLast5": 32.6,
        "shotsAgainstPerGame": 31.7,
        "shotsAgainstPerGameLast5": 36.8,
        "oppSavesAgainstPer60": 31.4,
        "oppSavesAgainstPer60Last1": 29.0,
        "oppSavesAgainstPer60Last3": 33.5,
        "oppSavesAgainstPer60Last5": 33.1,
        "oppShotsAgainstPerGame": 29.8,
        "oppShotsAgainstPerGameLast5": 32.6,
        "savesProj": 29.7,
        "savesProjLast5": 35.4,
        "savesProjLast3": 36.2,
        "oppSavesAgainstProj": 30.8,
        "oppSavesAgainstProjLast5": 34.4,
        "oppSavesAgainstProjLast3": 34.8,
        "totalOver": 59,
        "totalOverLast5": 80,
        "totalOverLast15": 53,
        "lastTotalOver": 53,
        "last5": "1,3,1,0,1,0,1,1,1,0",
        "overOdds": "-130",
        "underOdds": "+100",
        "overUnder": "-130 / +100"
    },
    {
        "player": "David Pastrnak",
        "team": "BOS",
        "opponent": "FLA",
        "propType": "pts",
        "line": 1.5,
        "ppLine": "PP1",
        "avg": 1.32,
        "hit": false,
        "diffAvg": -0.12,
        "diffAbs": 0.33,
        "lastAvg": 0.97,
        "diff": -0.35,
        "avgMin": 19,
        "proj": 1.0,
        "lastAvgMin": 18.6,
        "oppOver": 0,
        "teamOver": 0,
        "gameLine": "-230",
        "+/-": "+31",
        "L5_+/-": -1.0,
        "prevMatchup": "2023-04-28 2.0 pts 2023-04-26 0.0 pts 2023-04-23 0.0 pts 2023-04-21 1.0 pts 2023-04-19 0.0 pts 2023-04-17 1.0 pts 2023-01-28 1.0 pts 2022-12-19 1.0 pts 2022-11-23 1.0 pts 2022-10-17 1.0 pts",
        "winLossSplits": "43% - 25%",
        "awayHome": "H",
        "playedYesterday": "N",
        "awayHomeSplits": "36% - 41%",
        "savesAboveExp": -0.102,
        "gsaa": -4.63,
        "corsi": "51.4% (58.2) // 52.6% (61.3) // 51.4% (58.2) // 51.4% (58.2)",
        "fenwick": "51.6% (44.0) // 52.5% (46.9) // 51.6% (44.0) // 51.6% (44.0)",
        "shots": "52.5% (32.6) // 52.7% (33.6) // 52.5% (32.6) // 52.5% (32.6)",
        "scoring": "53.0% (32.2) // 53.2% (32.5) // 53.0% (32.2) // 53.0% (32.2)",
        "corsiAgainst": "48.6% (55.0) // 47.4% (55.1) // 48.6% (55.0) // 48.6% (55.0)",
        "fenwickAgainst": "48.4% (41.2) // 47.5% (42.4) // 48.4% (41.2) // 48.4% (41.2)",
        "shotsAgainst": "47.5% (29.5) // 47.3% (30.1) // 47.5% (29.5) // 47.5% (29.5)",
        "scoringAgainst": "47.0% (28.6) // 46.8% (28.6) // 47.0% (28.6) // 47.0% (28.6)",
        "oppCorsi": "54.2% (66.3) // 52.5% (66.0) // 54.2% (66.3) // 54.2% (66.3)",
        "oppFenwick": "53.6% (49.9) // 52.0% (49.3) // 53.6% (49.9) // 53.6% (49.9)",
        "oppShots": "53.7% (36.5) // 51.9% (35.5) // 53.7% (36.5) // 53.7% (36.5)",
        "oppScoring": "54.6% (34.8) // 53.4% (34.0) // 54.6% (34.8) // 54.6% (34.8)",
        "oppCorsiAgainst": "45.8% (56.1) // 47.5% (59.7) // 45.8% (56.1) // 45.8% (56.1)",
        "oppFenwickAgainst": "46.4% (43.2) // 48.0% (45.5) // 46.4% (43.2) // 46.4% (43.2)",
        "oppShotsAgainst": "46.3% (31.5) // 48.1% (33.0) // 46.3% (31.5) // 46.3% (31.5)",
        "oppScoringAgainst": "45.4% (28.9) // 46.6% (29.7) // 45.4% (28.9) // 45.4% (28.9)",
        "savesPerGame": 27.7,
        "savesPerGameLast1": 26.0,
        "savesPerGameLast3": 29.7,
        "savesPerGameLast5": 28.4,
        "savesPer60": 30.0,
        "savesPer60Last1": 25.4,
        "savesPer60Last3": 30.4,
        "savesPer60Last5": 28.7,
        "shotsPerGame": 33.0,
        "shotsPerGameLast5": 36.8,
        "shotsAgainstPerGame": 29.8,
        "shotsAgainstPerGameLast5": 32.6,
        "oppSavesAgainstPer60": 35.7,
        "oppSavesAgainstPer60Last1": 26.7,
        "oppSavesAgainstPer60Last3": 29.5,
        "oppSavesAgainstPer60Last5": 28.2,
        "oppShotsAgainstPerGame": 31.7,
        "oppShotsAgainstPerGameLast5": 36.8,
        "savesProj": 32.8,
        "savesProjLast5": 26.9,
        "savesProjLast3": 29.8,
        "oppSavesAgainstProj": 33.4,
        "oppSavesAgainstProjLast5": 22.4,
        "oppSavesAgainstProjLast3": 24.5,
        "totalOver": 39,
        "totalOverLast5": 20,
        "totalOverLast15": 33,
        "lastTotalOver": 31,
        "last5": "2,0,0,1,0,1,2,2,4,1",
        "overOdds": "+160",
        "underOdds": "-195",
        "overUnder": "+160 / -195"
    },
    {
        "player": "Gustav Forsling",
        "team": "FLA",
        "opponent": "BOS",
        "propType": "pts",
        "line": 0.5,
        "ppLine": "PP2",
        "avg": 0.5,
        "hit": false,
        "diffAvg": 0.0,
        "diffAbs": 0.0,
        "lastAvg": 0.46,
        "diff": -0.08,
        "avgMin": 23,
        "proj": 0.5,
        "lastAvgMin": 21.22,
        "oppOver": 0,
        "teamOver": 0,
        "gameLine": "+195",
        "+/-": "+23",
        "L5_+/-": "+2.0",
        "prevMatchup": "2023-04-28 1.0 pts 2023-04-26 0.0 pts 2023-04-23 0.0 pts 2023-04-21 1.0 pts 2023-04-19 1.0 pts 2023-04-17 0.0 pts 2023-01-28 0.0 pts 2022-12-19 1.0 pts 2022-11-23 0.0 pts 2022-10-17 2.0 pts",
        "winLossSplits": "51% - 35%",
        "awayHome": "A",
        "playedYesterday": "N",
        "awayHomeSplits": "43% - 43%",
        "savesAboveExp": 0.892,
        "gsaa": 48.51,
        "corsi": "54.2% (66.3) // 52.5% (66.0) // 54.2% (66.3) // 54.2% (66.3)",
        "fenwick": "53.6% (49.9) // 52.0% (49.3) // 53.6% (49.9) // 53.6% (49.9)",
        "shots": "53.7% (36.5) // 51.9% (35.5) // 53.7% (36.5) // 53.7% (36.5)",
        "scoring": "54.6% (34.8) // 53.4% (34.0) // 54.6% (34.8) // 54.6% (34.8)",
        "corsiAgainst": "45.8% (56.1) // 47.5% (59.7) // 45.8% (56.1) // 45.8% (56.1)",
        "fenwickAgainst": "46.4% (43.2) // 48.0% (45.5) // 46.4% (43.2) // 46.4% (43.2)",
        "shotsAgainst": "46.3% (31.5) // 48.1% (33.0) // 46.3% (31.5) // 46.3% (31.5)",
        "scoringAgainst": "45.4% (28.9) // 46.6% (29.7) // 45.4% (28.9) // 45.4% (28.9)",
        "oppCorsi": "51.4% (58.2) // 52.6% (61.3) // 51.4% (58.2) // 51.4% (58.2)",
        "oppFenwick": "51.6% (44.0) // 52.5% (46.9) // 51.6% (44.0) // 51.6% (44.0)",
        "oppShots": "52.5% (32.6) // 52.7% (33.6) // 52.5% (32.6) // 52.5% (32.6)",
        "oppScoring": "53.0% (32.2) // 53.2% (32.5) // 53.0% (32.2) // 53.0% (32.2)",
        "oppCorsiAgainst": "48.6% (55.0) // 47.4% (55.1) // 48.6% (55.0) // 48.6% (55.0)",
        "oppFenwickAgainst": "48.4% (41.2) // 47.5% (42.4) // 48.4% (41.2) // 48.4% (41.2)",
        "oppShotsAgainst": "47.5% (29.5) // 47.3% (30.1) // 47.5% (29.5) // 47.5% (29.5)",
        "oppScoringAgainst": "47.0% (28.6) // 46.8% (28.6) // 47.0% (28.6) // 47.0% (28.6)",
        "savesPerGame": 28.4,
        "savesPerGameLast1": 29.0,
        "savesPerGameLast3": 32.7,
        "savesPerGameLast5": 32.6,
        "savesPer60": 30.3,
        "savesPer60Last1": 29.0,
        "savesPer60Last3": 33.2,
        "savesPer60Last5": 32.6,
        "shotsPerGame": 36.8,
        "shotsPerGameLast5": 32.6,
        "shotsAgainstPerGame": 31.7,
        "shotsAgainstPerGameLast5": 36.8,
        "oppSavesAgainstPer60": 31.4,
        "oppSavesAgainstPer60Last1": 29.0,
        "oppSavesAgainstPer60Last3": 33.5,
        "oppSavesAgainstPer60Last5": 33.1,
        "oppShotsAgainstPerGame": 29.8,
        "oppShotsAgainstPerGameLast5": 32.6,
        "savesProj": 29.7,
        "savesProjLast5": 35.4,
        "savesProjLast3": 36.2,
        "oppSavesAgainstProj": 30.8,
        "oppSavesAgainstProjLast5": 34.4,
        "oppSavesAgainstProjLast3": 34.8,
        "totalOver": 43,
        "totalOverLast5": 60,
        "totalOverLast15": 33,
        "lastTotalOver": 36,
        "last5": "1,0,0,1,1,0,0,0,0,2",
        "overOdds": "+160",
        "underOdds": "-195",
        "overUnder": "+160 / -195"
    },
    {
        "player": "Jake Debrusk",
        "team": "BOS",
        "opponent": "FLA",
        "propType": "pts",
        "line": 0.5,
        "ppLine": "PP2",
        "avg": 0.8,
        "hit": false,
        "diffAvg": 0.6,
        "diffAbs": 0.0,
        "lastAvg": 0.5,
        "diff": 0.0,
        "avgMin": 16,
        "proj": 0.5,
        "lastAvgMin": 15.03,
        "oppOver": 0,
        "teamOver": 0,
        "gameLine": "-230",
        "+/-": "+25",
        "L5_+/-": "+1.0",
        "prevMatchup": "2023-04-28 1.0 pts 2023-04-26 0.0 pts 2023-04-23 2.0 pts 2023-04-21 2.0 pts 2023-04-19 0.0 pts 2023-04-17 1.0 pts 2022-12-19 0.0 pts 2022-11-23 1.0 pts 2022-10-17 3.0 pts",
        "winLossSplits": "60% - 53%",
        "awayHome": "H",
        "playedYesterday": "N",
        "awayHomeSplits": "72% - 47%",
        "savesAboveExp": -0.102,
        "gsaa": -4.63,
        "corsi": "51.4% (58.2) // 52.6% (61.3) // 51.4% (58.2) // 51.4% (58.2)",
        "fenwick": "51.6% (44.0) // 52.5% (46.9) // 51.6% (44.0) // 51.6% (44.0)",
        "shots": "52.5% (32.6) // 52.7% (33.6) // 52.5% (32.6) // 52.5% (32.6)",
        "scoring": "53.0% (32.2) // 53.2% (32.5) // 53.0% (32.2) // 53.0% (32.2)",
        "corsiAgainst": "48.6% (55.0) // 47.4% (55.1) // 48.6% (55.0) // 48.6% (55.0)",
        "fenwickAgainst": "48.4% (41.2) // 47.5% (42.4) // 48.4% (41.2) // 48.4% (41.2)",
        "shotsAgainst": "47.5% (29.5) // 47.3% (30.1) // 47.5% (29.5) // 47.5% (29.5)",
        "scoringAgainst": "47.0% (28.6) // 46.8% (28.6) // 47.0% (28.6) // 47.0% (28.6)",
        "oppCorsi": "54.2% (66.3) // 52.5% (66.0) // 54.2% (66.3) // 54.2% (66.3)",
        "oppFenwick": "53.6% (49.9) // 52.0% (49.3) // 53.6% (49.9) // 53.6% (49.9)",
        "oppShots": "53.7% (36.5) // 51.9% (35.5) // 53.7% (36.5) // 53.7% (36.5)",
        "oppScoring": "54.6% (34.8) // 53.4% (34.0) // 54.6% (34.8) // 54.6% (34.8)",
        "oppCorsiAgainst": "45.8% (56.1) // 47.5% (59.7) // 45.8% (56.1) // 45.8% (56.1)",
        "oppFenwickAgainst": "46.4% (43.2) // 48.0% (45.5) // 46.4% (43.2) // 46.4% (43.2)",
        "oppShotsAgainst": "46.3% (31.5) // 48.1% (33.0) // 46.3% (31.5) // 46.3% (31.5)",
        "oppScoringAgainst": "45.4% (28.9) // 46.6% (29.7) // 45.4% (28.9) // 45.4% (28.9)",
        "savesPerGame": 27.7,
        "savesPerGameLast1": 26.0,
        "savesPerGameLast3": 29.7,
        "savesPerGameLast5": 28.4,
        "savesPer60": 30.0,
        "savesPer60Last1": 25.4,
        "savesPer60Last3": 30.4,
        "savesPer60Last5": 28.7,
        "shotsPerGame": 33.0,
        "shotsPerGameLast5": 36.8,
        "shotsAgainstPerGame": 29.8,
        "shotsAgainstPerGameLast5": 32.6,
        "oppSavesAgainstPer60": 35.7,
        "oppSavesAgainstPer60Last1": 26.7,
        "oppSavesAgainstPer60Last3": 29.5,
        "oppSavesAgainstPer60Last5": 28.2,
        "oppShotsAgainstPerGame": 31.7,
        "oppShotsAgainstPerGameLast5": 36.8,
        "savesProj": 32.8,
        "savesProjLast5": 26.9,
        "savesProjLast3": 29.8,
        "oppSavesAgainstProj": 33.4,
        "oppSavesAgainstProjLast5": 22.4,
        "oppSavesAgainstProjLast3": 24.5,
        "totalOver": 59,
        "totalOverLast5": 60,
        "totalOverLast15": 47,
        "lastTotalOver": 40,
        "last5": "1,0,2,2,0,1,1,1,0,0",
        "overOdds": "-130",
        "underOdds": "+100",
        "overUnder": "-130 / +100"
    },
    {
        "player": "Matthew Tkachuk",
        "team": "FLA",
        "opponent": "BOS",
        "propType": "pts",
        "line": 1.5,
        "ppLine": "PP1",
        "avg": 1.4,
        "hit": false,
        "diffAvg": -0.07,
        "diffAbs": 0.2,
        "lastAvg": 1.11,
        "diff": -0.26,
        "avgMin": 20,
        "proj": 1.2,
        "lastAvgMin": 17.88,
        "oppOver": 0,
        "teamOver": 0,
        "gameLine": "+195",
        "+/-": "+32",
        "L5_+/-": "+5.0",
        "prevMatchup": "2023-04-28 3.0 pts 2023-04-26 2.0 pts 2023-04-23 2.0 pts 2023-04-21 0.0 pts 2023-04-19 2.0 pts 2023-04-17 1.0 pts 2023-01-28 2.0 pts 2022-12-19 0.0 pts 2022-11-23 2.0 pts 2022-10-17 1.0 pts",
        "winLossSplits": "65% - 24%",
        "awayHome": "A",
        "playedYesterday": "N",
        "awayHomeSplits": "35% - 55%",
        "savesAboveExp": 0.892,
        "gsaa": 48.51,
        "corsi": "54.2% (66.3) // 52.5% (66.0) // 54.2% (66.3) // 54.2% (66.3)",
        "fenwick": "53.6% (49.9) // 52.0% (49.3) // 53.6% (49.9) // 53.6% (49.9)",
        "shots": "53.7% (36.5) // 51.9% (35.5) // 53.7% (36.5) // 53.7% (36.5)",
        "scoring": "54.6% (34.8) // 53.4% (34.0) // 54.6% (34.8) // 54.6% (34.8)",
        "corsiAgainst": "45.8% (56.1) // 47.5% (59.7) // 45.8% (56.1) // 45.8% (56.1)",
        "fenwickAgainst": "46.4% (43.2) // 48.0% (45.5) // 46.4% (43.2) // 46.4% (43.2)",
        "shotsAgainst": "46.3% (31.5) // 48.1% (33.0) // 46.3% (31.5) // 46.3% (31.5)",
        "scoringAgainst": "45.4% (28.9) // 46.6% (29.7) // 45.4% (28.9) // 45.4% (28.9)",
        "oppCorsi": "51.4% (58.2) // 52.6% (61.3) // 51.4% (58.2) // 51.4% (58.2)",
        "oppFenwick": "51.6% (44.0) // 52.5% (46.9) // 51.6% (44.0) // 51.6% (44.0)",
        "oppShots": "52.5% (32.6) // 52.7% (33.6) // 52.5% (32.6) // 52.5% (32.6)",
        "oppScoring": "53.0% (32.2) // 53.2% (32.5) // 53.0% (32.2) // 53.0% (32.2)",
        "oppCorsiAgainst": "48.6% (55.0) // 47.4% (55.1) // 48.6% (55.0) // 48.6% (55.0)",
        "oppFenwickAgainst": "48.4% (41.2) // 47.5% (42.4) // 48.4% (41.2) // 48.4% (41.2)",
        "oppShotsAgainst": "47.5% (29.5) // 47.3% (30.1) // 47.5% (29.5) // 47.5% (29.5)",
        "oppScoringAgainst": "47.0% (28.6) // 46.8% (28.6) // 47.0% (28.6) // 47.0% (28.6)",
        "savesPerGame": 28.4,
        "savesPerGameLast1": 29.0,
        "savesPerGameLast3": 32.7,
        "savesPerGameLast5": 32.6,
        "savesPer60": 30.3,
        "savesPer60Last1": 29.0,
        "savesPer60Last3": 33.2,
        "savesPer60Last5": 32.6,
        "shotsPerGame": 36.8,
        "shotsPerGameLast5": 32.6,
        "shotsAgainstPerGame": 31.7,
        "shotsAgainstPerGameLast5": 36.8,
        "oppSavesAgainstPer60": 31.4,
        "oppSavesAgainstPer60Last1": 29.0,
        "oppSavesAgainstPer60Last3": 33.5,
        "oppSavesAgainstPer60Last5": 33.1,
        "oppShotsAgainstPerGame": 29.8,
        "oppShotsAgainstPerGameLast5": 32.6,
        "savesProj": 29.7,
        "savesProjLast5": 35.4,
        "savesProjLast3": 36.2,
        "oppSavesAgainstProj": 30.8,
        "oppSavesAgainstProjLast5": 34.4,
        "oppSavesAgainstProjLast3": 34.8,
        "totalOver": 45,
        "totalOverLast5": 80,
        "totalOverLast15": 47,
        "lastTotalOver": 29,
        "last5": "3,2,2,0,2,1,1,0,3,2",
        "overOdds": "+155",
        "underOdds": "-190",
        "overUnder": "+155 / -190"
    },
    {
        "player": "Patrice Bergeron",
        "team": "BOS",
        "opponent": "FLA",
        "propType": "pts",
        "line": 0.5,
        "ppLine": "PP1",
        "avg": 0.74,
        "hit": false,
        "diffAvg": 0.48,
        "diffAbs": 0.6,
        "lastAvg": 0.8,
        "diff": 0.6,
        "avgMin": 17,
        "proj": 0.8,
        "lastAvgMin": 18.17,
        "oppOver": 0,
        "teamOver": 0,
        "gameLine": "-230",
        "+/-": "+31",
        "L5_+/-": -1.0,
        "prevMatchup": "2023-04-28 0.0 pts 2023-04-26 1.0 pts 2023-01-28 0.0 pts 2022-12-19 4.0 pts 2022-11-23 0.0 pts 2022-10-17 2.0 pts",
        "winLossSplits": "64% - 26%",
        "awayHome": "H",
        "playedYesterday": "N",
        "awayHomeSplits": "53% - 57%",
        "savesAboveExp": -0.102,
        "gsaa": -4.63,
        "corsi": "51.4% (58.2) // 52.6% (61.3) // 51.4% (58.2) // 51.4% (58.2)",
        "fenwick": "51.6% (44.0) // 52.5% (46.9) // 51.6% (44.0) // 51.6% (44.0)",
        "shots": "52.5% (32.6) // 52.7% (33.6) // 52.5% (32.6) // 52.5% (32.6)",
        "scoring": "53.0% (32.2) // 53.2% (32.5) // 53.0% (32.2) // 53.0% (32.2)",
        "corsiAgainst": "48.6% (55.0) // 47.4% (55.1) // 48.6% (55.0) // 48.6% (55.0)",
        "fenwickAgainst": "48.4% (41.2) // 47.5% (42.4) // 48.4% (41.2) // 48.4% (41.2)",
        "shotsAgainst": "47.5% (29.5) // 47.3% (30.1) // 47.5% (29.5) // 47.5% (29.5)",
        "scoringAgainst": "47.0% (28.6) // 46.8% (28.6) // 47.0% (28.6) // 47.0% (28.6)",
        "oppCorsi": "54.2% (66.3) // 52.5% (66.0) // 54.2% (66.3) // 54.2% (66.3)",
        "oppFenwick": "53.6% (49.9) // 52.0% (49.3) // 53.6% (49.9) // 53.6% (49.9)",
        "oppShots": "53.7% (36.5) // 51.9% (35.5) // 53.7% (36.5) // 53.7% (36.5)",
        "oppScoring": "54.6% (34.8) // 53.4% (34.0) // 54.6% (34.8) // 54.6% (34.8)",
        "oppCorsiAgainst": "45.8% (56.1) // 47.5% (59.7) // 45.8% (56.1) // 45.8% (56.1)",
        "oppFenwickAgainst": "46.4% (43.2) // 48.0% (45.5) // 46.4% (43.2) // 46.4% (43.2)",
        "oppShotsAgainst": "46.3% (31.5) // 48.1% (33.0) // 46.3% (31.5) // 46.3% (31.5)",
        "oppScoringAgainst": "45.4% (28.9) // 46.6% (29.7) // 45.4% (28.9) // 45.4% (28.9)",
        "savesPerGame": 27.7,
        "savesPerGameLast1": 26.0,
        "savesPerGameLast3": 29.7,
        "savesPerGameLast5": 28.4,
        "savesPer60": 30.0,
        "savesPer60Last1": 25.4,
        "savesPer60Last3": 30.4,
        "savesPer60Last5": 28.7,
        "shotsPerGame": 33.0,
        "shotsPerGameLast5": 36.8,
        "shotsAgainstPerGame": 29.8,
        "shotsAgainstPerGameLast5": 32.6,
        "oppSavesAgainstPer60": 35.7,
        "oppSavesAgainstPer60Last1": 26.7,
        "oppSavesAgainstPer60Last3": 29.5,
        "oppSavesAgainstPer60Last5": 28.2,
        "oppShotsAgainstPerGame": 31.7,
        "oppShotsAgainstPerGameLast5": 36.8,
        "savesProj": 32.8,
        "savesProjLast5": 26.9,
        "savesProjLast3": 29.8,
        "oppSavesAgainstProj": 33.4,
        "oppSavesAgainstProjLast5": 22.4,
        "oppSavesAgainstProjLast3": 24.5,
        "totalOver": 55,
        "totalOverLast5": 40,
        "totalOverLast15": 47,
        "lastTotalOver": 57,
        "last5": "0,1,0,1,0,0,0,0,1,1",
        "overOdds": "-140",
        "underOdds": "+110",
        "overUnder": "-140 / +110"
    },
    {
        "player": "Sam Bennett",
        "team": "FLA",
        "opponent": "BOS",
        "propType": "pts",
        "line": 0.5,
        "ppLine": "PP1",
        "avg": 0.65,
        "hit": false,
        "diffAvg": 0.3,
        "diffAbs": 0.2,
        "lastAvg": 0.6,
        "diff": 0.2,
        "avgMin": 17,
        "proj": 0.6,
        "lastAvgMin": 16.93,
        "oppOver": 0,
        "teamOver": 0,
        "gameLine": "+195",
        "+/-": "+8",
        "L5_+/-": "+7.0",
        "prevMatchup": "2023-04-28 0.0 pts 2023-04-26 1.0 pts 2023-04-23 1.0 pts 2023-04-21 1.0 pts 2023-04-19 1.0 pts 2023-01-28 1.0 pts 2022-12-19 0.0 pts 2022-11-23 0.0 pts 2022-10-17 2.0 pts",
        "winLossSplits": "50% - 34%",
        "awayHome": "A",
        "playedYesterday": "N",
        "awayHomeSplits": "36% - 49%",
        "savesAboveExp": 0.892,
        "gsaa": 48.51,
        "corsi": "54.2% (66.3) // 52.5% (66.0) // 54.2% (66.3) // 54.2% (66.3)",
        "fenwick": "53.6% (49.9) // 52.0% (49.3) // 53.6% (49.9) // 53.6% (49.9)",
        "shots": "53.7% (36.5) // 51.9% (35.5) // 53.7% (36.5) // 53.7% (36.5)",
        "scoring": "54.6% (34.8) // 53.4% (34.0) // 54.6% (34.8) // 54.6% (34.8)",
        "corsiAgainst": "45.8% (56.1) // 47.5% (59.7) // 45.8% (56.1) // 45.8% (56.1)",
        "fenwickAgainst": "46.4% (43.2) // 48.0% (45.5) // 46.4% (43.2) // 46.4% (43.2)",
        "shotsAgainst": "46.3% (31.5) // 48.1% (33.0) // 46.3% (31.5) // 46.3% (31.5)",
        "scoringAgainst": "45.4% (28.9) // 46.6% (29.7) // 45.4% (28.9) // 45.4% (28.9)",
        "oppCorsi": "51.4% (58.2) // 52.6% (61.3) // 51.4% (58.2) // 51.4% (58.2)",
        "oppFenwick": "51.6% (44.0) // 52.5% (46.9) // 51.6% (44.0) // 51.6% (44.0)",
        "oppShots": "52.5% (32.6) // 52.7% (33.6) // 52.5% (32.6) // 52.5% (32.6)",
        "oppScoring": "53.0% (32.2) // 53.2% (32.5) // 53.0% (32.2) // 53.0% (32.2)",
        "oppCorsiAgainst": "48.6% (55.0) // 47.4% (55.1) // 48.6% (55.0) // 48.6% (55.0)",
        "oppFenwickAgainst": "48.4% (41.2) // 47.5% (42.4) // 48.4% (41.2) // 48.4% (41.2)",
        "oppShotsAgainst": "47.5% (29.5) // 47.3% (30.1) // 47.5% (29.5) // 47.5% (29.5)",
        "oppScoringAgainst": "47.0% (28.6) // 46.8% (28.6) // 47.0% (28.6) // 47.0% (28.6)",
        "savesPerGame": 28.4,
        "savesPerGameLast1": 29.0,
        "savesPerGameLast3": 32.7,
        "savesPerGameLast5": 32.6,
        "savesPer60": 30.3,
        "savesPer60Last1": 29.0,
        "savesPer60Last3": 33.2,
        "savesPer60Last5": 32.6,
        "shotsPerGame": 36.8,
        "shotsPerGameLast5": 32.6,
        "shotsAgainstPerGame": 31.7,
        "shotsAgainstPerGameLast5": 36.8,
        "oppSavesAgainstPer60": 31.4,
        "oppSavesAgainstPer60Last1": 29.0,
        "oppSavesAgainstPer60Last3": 33.5,
        "oppSavesAgainstPer60Last5": 33.1,
        "oppShotsAgainstPerGame": 29.8,
        "oppShotsAgainstPerGameLast5": 32.6,
        "savesProj": 29.7,
        "savesProjLast5": 35.4,
        "savesProjLast3": 36.2,
        "oppSavesAgainstProj": 30.8,
        "oppSavesAgainstProjLast5": 34.4,
        "oppSavesAgainstProjLast3": 34.8,
        "totalOver": 43,
        "totalOverLast5": 80,
        "totalOverLast15": 53,
        "lastTotalOver": 44,
        "last5": "0,1,1,1,1,2,0,1,0,1",
        "overOdds": "+100",
        "underOdds": "-130",
        "overUnder": "+100 / -130"
    },
    {
        "player": "Sam Reinhart",
        "team": "FLA",
        "opponent": "BOS",
        "propType": "pts",
        "line": 0.5,
        "ppLine": "PP1",
        "avg": 0.81,
        "hit": false,
        "diffAvg": 0.62,
        "diffAbs": 1.0,
        "lastAvg": 0.93,
        "diff": 0.86,
        "avgMin": 19,
        "proj": 1.0,
        "lastAvgMin": 17.75,
        "oppOver": 0,
        "teamOver": 0,
        "gameLine": "+195",
        "+/-": -12,
        "L5_+/-": "+2.0",
        "prevMatchup": "2023-04-28 1.0 pts 2023-04-26 1.0 pts 2023-04-23 0.0 pts 2023-04-21 1.0 pts 2023-04-19 1.0 pts 2023-04-17 0.0 pts 2023-01-28 1.0 pts 2022-12-19 2.0 pts 2022-11-23 2.0 pts 2022-10-17 0.0 pts",
        "winLossSplits": "67% - 44%",
        "awayHome": "A",
        "playedYesterday": "N",
        "awayHomeSplits": "59% - 52%",
        "savesAboveExp": 0.892,
        "gsaa": 48.51,
        "corsi": "54.2% (66.3) // 52.5% (66.0) // 54.2% (66.3) // 54.2% (66.3)",
        "fenwick": "53.6% (49.9) // 52.0% (49.3) // 53.6% (49.9) // 53.6% (49.9)",
        "shots": "53.7% (36.5) // 51.9% (35.5) // 53.7% (36.5) // 53.7% (36.5)",
        "scoring": "54.6% (34.8) // 53.4% (34.0) // 54.6% (34.8) // 54.6% (34.8)",
        "corsiAgainst": "45.8% (56.1) // 47.5% (59.7) // 45.8% (56.1) // 45.8% (56.1)",
        "fenwickAgainst": "46.4% (43.2) // 48.0% (45.5) // 46.4% (43.2) // 46.4% (43.2)",
        "shotsAgainst": "46.3% (31.5) // 48.1% (33.0) // 46.3% (31.5) // 46.3% (31.5)",
        "scoringAgainst": "45.4% (28.9) // 46.6% (29.7) // 45.4% (28.9) // 45.4% (28.9)",
        "oppCorsi": "51.4% (58.2) // 52.6% (61.3) // 51.4% (58.2) // 51.4% (58.2)",
        "oppFenwick": "51.6% (44.0) // 52.5% (46.9) // 51.6% (44.0) // 51.6% (44.0)",
        "oppShots": "52.5% (32.6) // 52.7% (33.6) // 52.5% (32.6) // 52.5% (32.6)",
        "oppScoring": "53.0% (32.2) // 53.2% (32.5) // 53.0% (32.2) // 53.0% (32.2)",
        "oppCorsiAgainst": "48.6% (55.0) // 47.4% (55.1) // 48.6% (55.0) // 48.6% (55.0)",
        "oppFenwickAgainst": "48.4% (41.2) // 47.5% (42.4) // 48.4% (41.2) // 48.4% (41.2)",
        "oppShotsAgainst": "47.5% (29.5) // 47.3% (30.1) // 47.5% (29.5) // 47.5% (29.5)",
        "oppScoringAgainst": "47.0% (28.6) // 46.8% (28.6) // 47.0% (28.6) // 47.0% (28.6)",
        "savesPerGame": 28.4,
        "savesPerGameLast1": 29.0,
        "savesPerGameLast3": 32.7,
        "savesPerGameLast5": 32.6,
        "savesPer60": 30.3,
        "savesPer60Last1": 29.0,
        "savesPer60Last3": 33.2,
        "savesPer60Last5": 32.6,
        "shotsPerGame": 36.8,
