[
    {
        "player": "Gustav Forsling",
        "team": "FLA",
        "opponent": "TOR",
        "propType": "bs",
        "line": 1.5,
        "ppLine": "PP2",
        "avg": 1.36,
        "hit": false,
        "diffAvg": -0.09,
        "diffAbs": 1.0,
        "lastAvg": 0.0,
        "diff": 0,
        "avgMin": 23,
        "proj": 0.0,
        "lastAvgMin": 21.22,
        "oppOver": 0,
        "teamOver": 0,
        "gameLine": "+150",
        "+/-": "+25",
        "L5_+/-": "+4.0",
        "prevMatchup": "2023-04-10 1.0 bs 2023-03-29 1.0 bs 2023-03-23 4.0 bs 2023-01-17 1.0 bs",
        "winLossSplits": "43% - 33%",
        "awayHome": "A",
        "playedYesterday": "N",
        "awayHomeSplits": "36% - 41%",
        "savesAboveExp": 0.388,
        "gsaa": 17.37,
        "corsi": "54.2% (66.3) // 52.5% (66.0) // 54.2% (66.3) // 54.2% (66.3)",
        "fenwick": "53.6% (49.9) // 52.0% (49.3) // 53.6% (49.9) // 53.6% (49.9)",
        "shots": "53.7% (36.5) // 51.9% (35.5) // 53.7% (36.5) // 53.7% (36.5)",
        "scoring": "54.6% (34.8) // 53.4% (34.0) // 54.6% (34.8) // 54.6% (34.8)",
        "corsiAgainst": "45.8% (56.1) // 47.5% (59.7) // 45.8% (56.1) // 45.8% (56.1)",
        "fenwickAgainst": "46.4% (43.2) // 48.0% (45.5) // 46.4% (43.2) // 46.4% (43.2)",
        "shotsAgainst": "46.3% (31.5) // 48.1% (33.0) // 46.3% (31.5) // 46.3% (31.5)",
        "scoringAgainst": "45.4% (28.9) // 46.6% (29.7) // 45.4% (28.9) // 45.4% (28.9)",
        "oppCorsi": "50.8% (57.6) // 50.8% (59.1) // 50.8% (57.6) // 50.8% (57.6)",
        "oppFenwick": "51.7% (44.0) // 52.2% (46.4) // 51.7% (44.0) // 51.7% (44.0)",
        "oppShots": "52.1% (31.8) // 52.3% (33.2) // 52.1% (31.8) // 52.1% (31.8)",
        "oppScoring": "53.9% (33.4) // 55.3% (34.1) // 53.9% (33.4) // 53.9% (33.4)",
        "oppCorsiAgainst": "49.2% (55.8) // 49.2% (57.4) // 49.2% (55.8) // 49.2% (55.8)",
        "oppFenwickAgainst": "48.3% (41.1) // 47.8% (42.5) // 48.3% (41.1) // 48.3% (41.1)",
        "oppShotsAgainst": "47.9% (29.2) // 47.7% (30.3) // 47.9% (29.2) // 47.9% (29.2)",
        "oppScoringAgainst": "46.1% (28.5) // 44.7% (27.6) // 46.1% (28.5) // 46.1% (28.5)",
        "savesPerGame": 28.4,
        "savesPerGameLast1": 33.0,
        "savesPerGameLast3": 35.3,
        "savesPerGameLast5": 32.4,
        "savesPer60": 30.7,
        "savesPer60Last1": 37.2,
        "savesPer60Last3": 38.0,
        "savesPer60Last5": 33.2,
        "shotsPerGame": 36.8,
        "shotsPerGameLast5": 32.8,
        "shotsAgainstPerGame": 31.7,
        "shotsAgainstPerGameLast5": 36.6,
        "oppSavesAgainstPer60": 30.7,
        "oppSavesAgainstPer60Last1": 20.0,
        "oppSavesAgainstPer60Last3": 27.0,
        "oppSavesAgainstPer60Last5": 27.0,
        "oppShotsAgainstPerGame": 29.5,
        "oppShotsAgainstPerGameLast5": 32.4,
        "savesProj": 30.1,
        "savesProjLast5": 30.4,
        "savesProjLast3": 35.0,
        "oppSavesAgainstProj": 30.1,
        "oppSavesAgainstProjLast5": 27.5,
        "oppSavesAgainstProjLast3": 30.0,
        "totalOver": 38,
        "totalOverLast5": 80,
        "totalOverLast15": 53,
        "lastTotalOver": 0,
        "last5": "1,3,2,2,2,2,4,0,1,0",
        "overOdds": "-140",
        "underOdds": "+110",
        "overUnder": "-140 / +110"
    },
    {
        "player": "Morgan Rielly",
        "team": "TOR",
        "opponent": "FLA",
        "propType": "bs",
        "line": 1.5,
        "ppLine": "PP1",
        "avg": 1.44,
        "hit": false,
        "diffAvg": -0.04,
        "diffAbs": 1.0,
        "lastAvg": 0.0,
        "diff": 0,
        "avgMin": 21,
        "proj": 0.0,
        "lastAvgMin": 23.73,
        "oppOver": 0,
        "teamOver": 0,
        "gameLine": "-175",
        "+/-": -1,
        "L5_+/-": "+5.0",
        "prevMatchup": "2023-04-10 4.0 bs 2023-03-29 4.0 bs 2023-01-17 1.0 bs",
        "winLossSplits": "38% - 39%",
        "awayHome": "H",
        "playedYesterday": "N",
        "awayHomeSplits": "50% - 27%",
        "savesAboveExp": "-",
        "gsaa": 3.73,
        "corsi": "50.8% (57.6) // 50.8% (59.1) // 50.8% (57.6) // 50.8% (57.6)",
        "fenwick": "51.7% (44.0) // 52.2% (46.4) // 51.7% (44.0) // 51.7% (44.0)",
        "shots": "52.1% (31.8) // 52.3% (33.2) // 52.1% (31.8) // 52.1% (31.8)",
        "scoring": "53.9% (33.4) // 55.3% (34.1) // 53.9% (33.4) // 53.9% (33.4)",
        "corsiAgainst": "49.2% (55.8) // 49.2% (57.4) // 49.2% (55.8) // 49.2% (55.8)",
        "fenwickAgainst": "48.3% (41.1) // 47.8% (42.5) // 48.3% (41.1) // 48.3% (41.1)",
        "shotsAgainst": "47.9% (29.2) // 47.7% (30.3) // 47.9% (29.2) // 47.9% (29.2)",
        "scoringAgainst": "46.1% (28.5) // 44.7% (27.6) // 46.1% (28.5) // 46.1% (28.5)",
        "oppCorsi": "54.2% (66.3) // 52.5% (66.0) // 54.2% (66.3) // 54.2% (66.3)",
        "oppFenwick": "53.6% (49.9) // 52.0% (49.3) // 53.6% (49.9) // 53.6% (49.9)",
        "oppShots": "53.7% (36.5) // 51.9% (35.5) // 53.7% (36.5) // 53.7% (36.5)",
        "oppScoring": "54.6% (34.8) // 53.4% (34.0) // 54.6% (34.8) // 54.6% (34.8)",
        "oppCorsiAgainst": "45.8% (56.1) // 47.5% (59.7) // 45.8% (56.1) // 45.8% (56.1)",
        "oppFenwickAgainst": "46.4% (43.2) // 48.0% (45.5) // 46.4% (43.2) // 46.4% (43.2)",
        "oppShotsAgainst": "46.3% (31.5) // 48.1% (33.0) // 46.3% (31.5) // 46.3% (31.5)",
        "oppScoringAgainst": "45.4% (28.9) // 46.6% (29.7) // 45.4% (28.9) // 45.4% (28.9)",
        "savesPerGame": 26.8,
        "savesPerGameLast1": 31.0,
        "savesPerGameLast3": 30.7,
        "savesPerGameLast5": 29.6,
        "savesPer60": 29.0,
        "savesPer60Last1": 33.2,
        "savesPer60Last3": 31.4,
        "savesPer60Last5": 31.8,
        "shotsPerGame": 32.0,
        "shotsPerGameLast5": 30.6,
        "shotsAgainstPerGame": 29.5,
        "shotsAgainstPerGameLast5": 32.4,
        "oppSavesAgainstPer60": 36.2,
        "oppSavesAgainstPer60Last1": 27.8,
        "oppSavesAgainstPer60Last3": 24.5,
        "oppSavesAgainstPer60Last5": 29.7,
        "oppShotsAgainstPerGame": 31.7,
        "oppShotsAgainstPerGameLast5": 36.6,
        "savesProj": 31.2,
        "savesProjLast5": 30.1,
        "savesProjLast3": 25.2,
        "oppSavesAgainstProj": 33.3,
        "oppSavesAgainstProjLast5": 28.5,
        "oppSavesAgainstProjLast3": 24.4,
        "totalOver": 38,
        "totalOverLast5": 100,
        "totalOverLast15": 47,
        "lastTotalOver": 0,
        "last5": "2,6,5,2,2,0,0,0,4,1",
        "overOdds": "-165",
        "underOdds": "+135",
        "overUnder": "-165 / +135"
    },
    {
        "player": "Tj Brodie",
        "team": "TOR",
        "opponent": "FLA",
        "propType": "bs",
        "line": 2.5,
        "ppLine": "",
        "avg": 2.05,
        "hit": false,
        "diffAvg": -0.18,
        "diffAbs": 1.0,
        "lastAvg": 0.0,
        "diff": 0,
        "avgMin": 21,
        "proj": 0.0,
        "lastAvgMin": 21.3,
        "oppOver": 0,
        "teamOver": 0,
        "gameLine": "-175",
        "+/-": "+11",
        "L5_+/-": 0.0,
        "prevMatchup": "2023-04-10 7.0 bs 2023-03-29 1.0 bs 2023-03-23 1.0 bs",
        "winLossSplits": "45% - 19%",
        "awayHome": "H",
        "playedYesterday": "N",
        "awayHomeSplits": "28% - 41%",
        "savesAboveExp": "-",
        "gsaa": 3.73,
        "corsi": "50.8% (57.6) // 50.8% (59.1) // 50.8% (57.6) // 50.8% (57.6)",
        "fenwick": "51.7% (44.0) // 52.2% (46.4) // 51.7% (44.0) // 51.7% (44.0)",
        "shots": "52.1% (31.8) // 52.3% (33.2) // 52.1% (31.8) // 52.1% (31.8)",
        "scoring": "53.9% (33.4) // 55.3% (34.1) // 53.9% (33.4) // 53.9% (33.4)",
        "corsiAgainst": "49.2% (55.8) // 49.2% (57.4) // 49.2% (55.8) // 49.2% (55.8)",
        "fenwickAgainst": "48.3% (41.1) // 47.8% (42.5) // 48.3% (41.1) // 48.3% (41.1)",
        "shotsAgainst": "47.9% (29.2) // 47.7% (30.3) // 47.9% (29.2) // 47.9% (29.2)",
        "scoringAgainst": "46.1% (28.5) // 44.7% (27.6) // 46.1% (28.5) // 46.1% (28.5)",
        "oppCorsi": "54.2% (66.3) // 52.5% (66.0) // 54.2% (66.3) // 54.2% (66.3)",
        "oppFenwick": "53.6% (49.9) // 52.0% (49.3) // 53.6% (49.9) // 53.6% (49.9)",
        "oppShots": "53.7% (36.5) // 51.9% (35.5) // 53.7% (36.5) // 53.7% (36.5)",
        "oppScoring": "54.6% (34.8) // 53.4% (34.0) // 54.6% (34.8) // 54.6% (34.8)",
        "oppCorsiAgainst": "45.8% (56.1) // 47.5% (59.7) // 45.8% (56.1) // 45.8% (56.1)",
        "oppFenwickAgainst": "46.4% (43.2) // 48.0% (45.5) // 46.4% (43.2) // 46.4% (43.2)",
        "oppShotsAgainst": "46.3% (31.5) // 48.1% (33.0) // 46.3% (31.5) // 46.3% (31.5)",
        "oppScoringAgainst": "45.4% (28.9) // 46.6% (29.7) // 45.4% (28.9) // 45.4% (28.9)",
        "savesPerGame": 26.8,
        "savesPerGameLast1": 31.0,
        "savesPerGameLast3": 30.7,
        "savesPerGameLast5": 29.6,
        "savesPer60": 29.0,
        "savesPer60Last1": 33.2,
        "savesPer60Last3": 31.4,
        "savesPer60Last5": 31.8,
        "shotsPerGame": 32.0,
        "shotsPerGameLast5": 30.6,
        "shotsAgainstPerGame": 29.5,
        "shotsAgainstPerGameLast5": 32.4,
        "oppSavesAgainstPer60": 36.2,
        "oppSavesAgainstPer60Last1": 27.8,
        "oppSavesAgainstPer60Last3": 24.5,
        "oppSavesAgainstPer60Last5": 29.7,
        "oppShotsAgainstPerGame": 31.7,
        "oppShotsAgainstPerGameLast5": 36.6,
        "savesProj": 31.2,
        "savesProjLast5": 30.1,
        "savesProjLast3": 25.2,
        "oppSavesAgainstProj": 33.3,
        "oppSavesAgainstProjLast5": 28.5,
        "oppSavesAgainstProjLast3": 24.4,
        "totalOver": 34,
        "totalOverLast5": 80,
        "totalOverLast15": 47,
        "lastTotalOver": 0,
        "last5": "3,1,4,6,3,3,1,1,7,4",
        "overOdds": "+105",
        "underOdds": "-135",
        "overUnder": "+105 / -135"
    },
    {
        "player": "Mark Giordano",
        "team": "TOR",
        "opponent": "FLA",
        "propType": "bs",
        "line": 1.5,
        "ppLine": "PP2",
        "avg": 1.9,
        "hit": false,
        "diffAvg": 0.27,
        "diffAbs": 1.0,
        "lastAvg": 0.0,
        "diff": 0,
        "avgMin": 18,
        "proj": 0.0,
        "lastAvgMin": 20.87,
        "oppOver": 0,
        "teamOver": 0,
        "gameLine": "-175",
        "+/-": "+20",
        "L5_+/-": -5.0,
        "prevMatchup": "2023-04-10 2.0 bs 2023-03-29 1.0 bs 2023-03-23 1.0 bs 2023-01-17 0.0 bs",
        "winLossSplits": "63% - 39%",
        "awayHome": "H",
        "playedYesterday": "N",
        "awayHomeSplits": "59% - 49%",
        "savesAboveExp": "-",
        "gsaa": 3.73,
        "corsi": "50.8% (57.6) // 50.8% (59.1) // 50.8% (57.6) // 50.8% (57.6)",
        "fenwick": "51.7% (44.0) // 52.2% (46.4) // 51.7% (44.0) // 51.7% (44.0)",
        "shots": "52.1% (31.8) // 52.3% (33.2) // 52.1% (31.8) // 52.1% (31.8)",
        "scoring": "53.9% (33.4) // 55.3% (34.1) // 53.9% (33.4) // 53.9% (33.4)",
        "corsiAgainst": "49.2% (55.8) // 49.2% (57.4) // 49.2% (55.8) // 49.2% (55.8)",
        "fenwickAgainst": "48.3% (41.1) // 47.8% (42.5) // 48.3% (41.1) // 48.3% (41.1)",
        "shotsAgainst": "47.9% (29.2) // 47.7% (30.3) // 47.9% (29.2) // 47.9% (29.2)",
        "scoringAgainst": "46.1% (28.5) // 44.7% (27.6) // 46.1% (28.5) // 46.1% (28.5)",
        "oppCorsi": "54.2% (66.3) // 52.5% (66.0) // 54.2% (66.3) // 54.2% (66.3)",
        "oppFenwick": "53.6% (49.9) // 52.0% (49.3) // 53.6% (49.9) // 53.6% (49.9)",
        "oppShots": "53.7% (36.5) // 51.9% (35.5) // 53.7% (36.5) // 53.7% (36.5)",
        "oppScoring": "54.6% (34.8) // 53.4% (34.0) // 54.6% (34.8) // 54.6% (34.8)",
        "oppCorsiAgainst": "45.8% (56.1) // 47.5% (59.7) // 45.8% (56.1) // 45.8% (56.1)",
        "oppFenwickAgainst": "46.4% (43.2) // 48.0% (45.5) // 46.4% (43.2) // 46.4% (43.2)",
        "oppShotsAgainst": "46.3% (31.5) // 48.1% (33.0) // 46.3% (31.5) // 46.3% (31.5)",
        "oppScoringAgainst": "45.4% (28.9) // 46.6% (29.7) // 45.4% (28.9) // 45.4% (28.9)",
        "savesPerGame": 26.8,
        "savesPerGameLast1": 31.0,
        "savesPerGameLast3": 30.7,
        "savesPerGameLast5": 29.6,
        "savesPer60": 29.0,
        "savesPer60Last1": 33.2,
        "savesPer60Last3": 31.4,
        "savesPer60Last5": 31.8,
        "shotsPerGame": 32.0,
        "shotsPerGameLast5": 30.6,
        "shotsAgainstPerGame": 29.5,
        "shotsAgainstPerGameLast5": 32.4,
        "oppSavesAgainstPer60": 36.2,
        "oppSavesAgainstPer60Last1": 27.8,
        "oppSavesAgainstPer60Last3": 24.5,
        "oppSavesAgainstPer60Last5": 29.7,
        "oppShotsAgainstPerGame": 31.7,
        "oppShotsAgainstPerGameLast5": 36.6,
        "savesProj": 31.2,
        "savesProjLast5": 30.1,
        "savesProjLast3": 25.2,
        "oppSavesAgainstProj": 33.3,
        "oppSavesAgainstProjLast5": 28.5,
        "oppSavesAgainstProjLast3": 24.4,
        "totalOver": 54,
        "totalOverLast5": 80,
        "totalOverLast15": 53,
        "lastTotalOver": 0,
        "last5": "5,2,3,0,2,1,2,3,0,3",
        "overOdds": "-165",
        "underOdds": "+135",
        "overUnder": "-165 / +135"
    },
    {
        "player": "Jake Mccabe",
        "team": "TOR",
        "opponent": "FLA",
        "propType": "bs",
        "line": 1.5,
        "ppLine": "",
        "avg": 1.7,
        "hit": false,
        "diffAvg": 0.13,
        "diffAbs": 1.0,
        "lastAvg": 0,
        "diff": 0,
        "avgMin": 20,
        "proj": 0.0,
        "lastAvgMin": 0,
        "oppOver": 0,
        "teamOver": 0,
        "gameLine": "-175",
        "+/-": "+11",
        "L5_+/-": "+4.0",
        "prevMatchup": "2023-04-10 4.0 bs 2023-03-29 1.0 bs 2023-03-23 2.0 bs",
        "winLossSplits": "53% - 20%",
        "awayHome": "H",
        "playedYesterday": "N",
        "awayHomeSplits": "53% - 20%",
        "savesAboveExp": "-",
        "gsaa": 3.73,
        "corsi": "50.8% (57.6) // 50.8% (59.1) // 50.8% (57.6) // 50.8% (57.6)",
        "fenwick": "51.7% (44.0) // 52.2% (46.4) // 51.7% (44.0) // 51.7% (44.0)",
        "shots": "52.1% (31.8) // 52.3% (33.2) // 52.1% (31.8) // 52.1% (31.8)",
        "scoring": "53.9% (33.4) // 55.3% (34.1) // 53.9% (33.4) // 53.9% (33.4)",
        "corsiAgainst": "49.2% (55.8) // 49.2% (57.4) // 49.2% (55.8) // 49.2% (55.8)",
        "fenwickAgainst": "48.3% (41.1) // 47.8% (42.5) // 48.3% (41.1) // 48.3% (41.1)",
        "shotsAgainst": "47.9% (29.2) // 47.7% (30.3) // 47.9% (29.2) // 47.9% (29.2)",
        "scoringAgainst": "46.1% (28.5) // 44.7% (27.6) // 46.1% (28.5) // 46.1% (28.5)",
        "oppCorsi": "54.2% (66.3) // 52.5% (66.0) // 54.2% (66.3) // 54.2% (66.3)",
        "oppFenwick": "53.6% (49.9) // 52.0% (49.3) // 53.6% (49.9) // 53.6% (49.9)",
        "oppShots": "53.7% (36.5) // 51.9% (35.5) // 53.7% (36.5) // 53.7% (36.5)",
        "oppScoring": "54.6% (34.8) // 53.4% (34.0) // 54.6% (34.8) // 54.6% (34.8)",
        "oppCorsiAgainst": "45.8% (56.1) // 47.5% (59.7) // 45.8% (56.1) // 45.8% (56.1)",
        "oppFenwickAgainst": "46.4% (43.2) // 48.0% (45.5) // 46.4% (43.2) // 46.4% (43.2)",
        "oppShotsAgainst": "46.3% (31.5) // 48.1% (33.0) // 46.3% (31.5) // 46.3% (31.5)",
        "oppScoringAgainst": "45.4% (28.9) // 46.6% (29.7) // 45.4% (28.9) // 45.4% (28.9)",
        "savesPerGame": 26.8,
        "savesPerGameLast1": 31.0,
        "savesPerGameLast3": 30.7,
        "savesPerGameLast5": 29.6,
        "savesPer60": 29.0,
        "savesPer60Last1": 33.2,
        "savesPer60Last3": 31.4,
        "savesPer60Last5": 31.8,
        "shotsPerGame": 32.0,
        "shotsPerGameLast5": 30.6,
        "shotsAgainstPerGame": 29.5,
        "shotsAgainstPerGameLast5": 32.4,
        "oppSavesAgainstPer60": 36.2,
        "oppSavesAgainstPer60Last1": 27.8,
        "oppSavesAgainstPer60Last3": 24.5,
        "oppSavesAgainstPer60Last5": 29.7,
        "oppShotsAgainstPerGame": 31.7,
        "oppShotsAgainstPerGameLast5": 36.6,
        "savesProj": 31.2,
        "savesProjLast5": 30.1,
        "savesProjLast3": 25.2,
        "oppSavesAgainstProj": 33.3,
        "oppSavesAgainstProjLast5": 28.5,
        "oppSavesAgainstProjLast3": 24.4,
        "totalOver": 41,
        "totalOverLast5": 40,
        "totalOverLast15": 47,
        "lastTotalOver": 0,
        "last5": "4,1,2,1,1,1,2,4,4,1",
        "overOdds": "-165",
        "underOdds": "+135",
        "overUnder": "-165 / +135"
    },
    {
        "player": "Radko Gudas",
        "team": "FLA",
        "opponent": "TOR",
        "propType": "bs",
        "line": 1.5,
        "ppLine": "",
        "avg": 1.77,
        "hit": false,
        "diffAvg": 0.18,
        "diffAbs": 1.0,
        "lastAvg": 0.0,
        "diff": 0,
        "avgMin": 17,
        "proj": 0.0,
        "lastAvgMin": 18.0,
        "oppOver": 0,
        "teamOver": 0,
        "gameLine": "+150",
        "+/-": "+11",
        "L5_+/-": 0.0,
        "prevMatchup": "2023-04-10 1.0 bs 2023-03-29 3.0 bs 2023-03-23 0.0 bs 2023-01-17 4.0 bs",
        "winLossSplits": "44% - 58%",
        "awayHome": "A",
        "playedYesterday": "N",
        "awayHomeSplits": "45% - 56%",
        "savesAboveExp": 0.388,
        "gsaa": 17.37,
        "corsi": "54.2% (66.3) // 52.5% (66.0) // 54.2% (66.3) // 54.2% (66.3)",
        "fenwick": "53.6% (49.9) // 52.0% (49.3) // 53.6% (49.9) // 53.6% (49.9)",
        "shots": "53.7% (36.5) // 51.9% (35.5) // 53.7% (36.5) // 53.7% (36.5)",
        "scoring": "54.6% (34.8) // 53.4% (34.0) // 54.6% (34.8) // 54.6% (34.8)",
        "corsiAgainst": "45.8% (56.1) // 47.5% (59.7) // 45.8% (56.1) // 45.8% (56.1)",
        "fenwickAgainst": "46.4% (43.2) // 48.0% (45.5) // 46.4% (43.2) // 46.4% (43.2)",
        "shotsAgainst": "46.3% (31.5) // 48.1% (33.0) // 46.3% (31.5) // 46.3% (31.5)",
        "scoringAgainst": "45.4% (28.9) // 46.6% (29.7) // 45.4% (28.9) // 45.4% (28.9)",
        "oppCorsi": "50.8% (57.6) // 50.8% (59.1) // 50.8% (57.6) // 50.8% (57.6)",
        "oppFenwick": "51.7% (44.0) // 52.2% (46.4) // 51.7% (44.0) // 51.7% (44.0)",
        "oppShots": "52.1% (31.8) // 52.3% (33.2) // 52.1% (31.8) // 52.1% (31.8)",
        "oppScoring": "53.9% (33.4) // 55.3% (34.1) // 53.9% (33.4) // 53.9% (33.4)",
        "oppCorsiAgainst": "49.2% (55.8) // 49.2% (57.4) // 49.2% (55.8) // 49.2% (55.8)",
        "oppFenwickAgainst": "48.3% (41.1) // 47.8% (42.5) // 48.3% (41.1) // 48.3% (41.1)",
        "oppShotsAgainst": "47.9% (29.2) // 47.7% (30.3) // 47.9% (29.2) // 47.9% (29.2)",
        "oppScoringAgainst": "46.1% (28.5) // 44.7% (27.6) // 46.1% (28.5) // 46.1% (28.5)",
        "savesPerGame": 28.4,
        "savesPerGameLast1": 33.0,
        "savesPerGameLast3": 35.3,
        "savesPerGameLast5": 32.4,
        "savesPer60": 30.7,
        "savesPer60Last1": 37.2,
        "savesPer60Last3": 38.0,
        "savesPer60Last5": 33.2,
        "shotsPerGame": 36.8,
        "shotsPerGameLast5": 32.8,
        "shotsAgainstPerGame": 31.7,
        "shotsAgainstPerGameLast5": 36.6,
        "oppSavesAgainstPer60": 30.7,
        "oppSavesAgainstPer60Last1": 20.0,
        "oppSavesAgainstPer60Last3": 27.0,
        "oppSavesAgainstPer60Last5": 27.0,
        "oppShotsAgainstPerGame": 29.5,
        "oppShotsAgainstPerGameLast5": 32.4,
        "savesProj": 30.1,
        "savesProjLast5": 30.4,
        "savesProjLast3": 35.0,
        "oppSavesAgainstProj": 30.1,
        "oppSavesAgainstProjLast5": 27.5,
        "oppSavesAgainstProjLast3": 30.0,
        "totalOver": 51,
        "totalOverLast5": 60,
        "totalOverLast15": 53,
        "lastTotalOver": 0,
        "last5": "0,1,2,2,2,3,1,2,1,1",
        "overOdds": "-175",
        "underOdds": "+140",
        "overUnder": "-175 / +140"
    },
    {
        "player": "Esa Lindell",
        "team": "DAL",
        "opponent": "SEA",
        "propType": "bs",
        "line": 1.5,
        "ppLine": "",
        "avg": 1.82,
        "hit": false,
        "diffAvg": 0.21,
        "diffAbs": 1.0,
        "lastAvg": 0.0,
        "diff": 0,
        "avgMin": 20,
        "proj": 0.0,
        "lastAvgMin": 22.03,
        "oppOver": 0,
        "teamOver": 0,
        "gameLine": "-190",
        "+/-": "+28",
        "L5_+/-": -1.0,
        "prevMatchup": "2023-03-21 1.0 bs 2023-03-13 2.0 bs 2023-03-11 1.0 bs",
        "winLossSplits": "57% - 49%",
        "awayHome": "H",
        "playedYesterday": "N",
        "awayHomeSplits": "55% - 52%",
        "savesAboveExp": -0.168,
        "gsaa": -8.95,
        "corsi": "52.0% (59.9) // 57.0% (56.0) // 52.0% (59.9) // 52.0% (59.9)",
        "fenwick": "51.3% (43.7) // 56.1% (40.6) // 51.3% (43.7) // 51.3% (43.7)",
        "shots": "51.6% (31.5) // 56.3% (29.0) // 51.6% (31.5) // 51.6% (31.5)",
        "scoring": "53.7% (31.5) // 61.3% (29.6) // 53.7% (31.5) // 53.7% (31.5)",
        "corsiAgainst": "48.0% (55.3) // 43.0% (42.3) // 48.0% (55.3) // 48.0% (55.3)",
        "fenwickAgainst": "48.7% (41.4) // 43.9% (31.7) // 48.7% (41.4) // 48.7% (41.4)",
        "shotsAgainst": "48.4% (29.5) // 43.7% (22.5) // 48.4% (29.5) // 48.4% (29.5)",
        "scoringAgainst": "46.3% (27.2) // 38.7% (18.6) // 46.3% (27.2) // 46.3% (27.2)",
        "oppCorsi": "52.2% (57.4) // 56.1% (59.4) // 52.2% (57.4) // 52.2% (57.4)",
        "oppFenwick": "52.5% (43.0) // 57.1% (44.7) // 52.5% (43.0) // 52.5% (43.0)",
        "oppShots": "53.0% (30.2) // 57.4% (31.5) // 53.0% (30.2) // 53.0% (30.2)",
        "oppScoring": "50.6% (27.4) // 55.4% (26.5) // 50.6% (27.4) // 50.6% (27.4)",
        "oppCorsiAgainst": "47.8% (52.6) // 43.9% (46.4) // 47.8% (52.6) // 47.8% (52.6)",
        "oppFenwickAgainst": "47.5% (39.0) // 42.9% (33.6) // 47.5% (39.0) // 47.5% (39.0)",
        "oppShotsAgainst": "47.0% (26.8) // 42.6% (23.4) // 47.0% (26.8) // 47.0% (26.8)",
        "oppScoringAgainst": "49.4% (26.8) // 44.6% (21.3) // 49.4% (26.8) // 49.4% (26.8)",
        "savesPerGame": 27.3,
        "savesPerGameLast1": 23.0,
        "savesPerGameLast3": 27.3,
        "savesPerGameLast5": 25.0,
        "savesPer60": 29.6,
        "savesPer60Last1": 23.0,
        "savesPer60Last3": 27.2,
        "savesPer60Last5": 24.7,
        "shotsPerGame": 31.9,
        "shotsPerGameLast5": 27.4,
        "shotsAgainstPerGame": 29.9,
        "shotsAgainstPerGameLast5": 27.2,
        "oppSavesAgainstPer60": 29.0,
        "oppSavesAgainstPer60Last1": 25.0,
        "oppSavesAgainstPer60Last3": 24.0,
        "oppSavesAgainstPer60Last5": 27.5,
        "oppShotsAgainstPerGame": 27.0,
        "oppShotsAgainstPerGameLast5": 31.4,
        "savesProj": 30.5,
        "savesProjLast5": 26.1,
        "savesProjLast3": 25.4,
        "oppSavesAgainstProj": 27.3,
        "oppSavesAgainstProjLast5": 22.6,
        "oppSavesAgainstProjLast3": 21.5,
        "totalOver": 53,
        "totalOverLast5": 60,
        "totalOverLast15": 47,
        "lastTotalOver": 0,
        "last5": "1,1,2,3,2,4,0,0,1,0",
        "overOdds": "-115",
        "underOdds": "-115",
        "overUnder": "-115 / -115"
    },
    {
        "player": "Jamie Oleksiak",
        "team": "SEA",
        "opponent": "DAL",
        "propType": "bs",
        "line": 2.5,
        "ppLine": "",
        "avg": 1.73,
        "hit": false,
        "diffAvg": -0.31,
        "diffAbs": 1.0,
        "lastAvg": 0.0,
        "diff": 0,
        "avgMin": 19,
        "proj": 0.0,
        "lastAvgMin": 19.32,
        "oppOver": 0,
        "teamOver": 0,
        "gameLine": "+160",
        "+/-": "+9",
        "L5_+/-": -4.0,
        "prevMatchup": "2023-03-21 1.0 bs 2023-03-13 1.0 bs 2023-03-11 3.0 bs",
        "winLossSplits": "30% - 23%",
        "awayHome": "A",
        "playedYesterday": "N",
        "awayHomeSplits": "31% - 22%",
        "savesAboveExp": 0.39,
        "gsaa": 26.05,
        "corsi": "52.2% (57.4) // 56.1% (59.4) // 52.2% (57.4) // 52.2% (57.4)",
        "fenwick": "52.5% (43.0) // 57.1% (44.7) // 52.5% (43.0) // 52.5% (43.0)",
        "shots": "53.0% (30.2) // 57.4% (31.5) // 53.0% (30.2) // 53.0% (30.2)",
        "scoring": "50.6% (27.4) // 55.4% (26.5) // 50.6% (27.4) // 50.6% (27.4)",
        "corsiAgainst": "47.8% (52.6) // 43.9% (46.4) // 47.8% (52.6) // 47.8% (52.6)",
        "fenwickAgainst": "47.5% (39.0) // 42.9% (33.6) // 47.5% (39.0) // 47.5% (39.0)",
        "shotsAgainst": "47.0% (26.8) // 42.6% (23.4) // 47.0% (26.8) // 47.0% (26.8)",
        "scoringAgainst": "49.4% (26.8) // 44.6% (21.3) // 49.4% (26.8) // 49.4% (26.8)",
        "oppCorsi": "52.0% (59.9) // 57.0% (56.0) // 52.0% (59.9) // 52.0% (59.9)",
        "oppFenwick": "51.3% (43.7) // 56.1% (40.6) // 51.3% (43.7) // 51.3% (43.7)",
        "oppShots": "51.6% (31.5) // 56.3% (29.0) // 51.6% (31.5) // 51.6% (31.5)",
        "oppScoring": "53.7% (31.5) // 61.3% (29.6) // 53.7% (31.5) // 53.7% (31.5)",
        "oppCorsiAgainst": "48.0% (55.3) // 43.0% (42.3) // 48.0% (55.3) // 48.0% (55.3)",
        "oppFenwickAgainst": "48.7% (41.4) // 43.9% (31.7) // 48.7% (41.4) // 48.7% (41.4)",
        "oppShotsAgainst": "48.4% (29.5) // 43.7% (22.5) // 48.4% (29.5) // 48.4% (29.5)",
        "oppScoringAgainst": "46.3% (27.2) // 38.7% (18.6) // 46.3% (27.2) // 46.3% (27.2)",
        "savesPerGame": 23.9,
        "savesPerGameLast1": 33.0,
        "savesPerGameLast3": 31.3,
        "savesPerGameLast5": 28.4,
        "savesPer60": 26.1,
        "savesPer60Last1": 33.0,
        "savesPer60Last3": 31.0,
        "savesPer60Last5": 28.4,
        "shotsPerGame": 30.5,
        "shotsPerGameLast5": 30.2,
        "shotsAgainstPerGame": 27.0,
        "shotsAgainstPerGameLast5": 31.4,
        "oppSavesAgainstPer60": 30.5,
        "oppSavesAgainstPer60Last1": 31.4,
        "oppSavesAgainstPer60Last3": 24.3,
        "oppSavesAgainstPer60Last5": 23.6,
        "oppShotsAgainstPerGame": 29.9,
        "oppShotsAgainstPerGameLast5": 27.2,
        "savesProj": 24.8,
        "savesProjLast5": 22.6,
        "savesProjLast3": 24.8,
        "oppSavesAgainstProj": 25.3,
        "oppSavesAgainstProjLast5": 20.3,
        "oppSavesAgainstProjLast3": 23.1,
        "totalOver": 27,
        "totalOverLast5": 80,
        "totalOverLast15": 40,
        "lastTotalOver": 0,
        "last5": "4,1,5,7,5,3,2,1,4,2",
        "overOdds": "+120",
        "underOdds": "-150",
        "overUnder": "+120 / -150"
    },
    {
        "player": "Jani Hakanpaa",
        "team": "DAL",
        "opponent": "SEA",
        "propType": "bs",
        "line": 1.5,
        "ppLine": "",
        "avg": 1.61,
        "hit": false,
        "diffAvg": 0.07,
        "diffAbs": 1.0,
        "lastAvg": 0.0,
        "diff": 0,
        "avgMin": 19,
        "proj": 0.0,
        "lastAvgMin": 16.2,
        "oppOver": 0,
        "teamOver": 0,
        "gameLine": "-190",
        "+/-": "+16",
        "L5_+/-": -2.0,
        "prevMatchup": "2023-03-21 2.0 bs 2023-03-13 1.0 bs 2023-03-11 2.0 bs",
        "winLossSplits": "45% - 57%",
        "awayHome": "H",
        "playedYesterday": "N",
        "awayHomeSplits": "48% - 52%",
        "savesAboveExp": -0.168,
        "gsaa": -8.95,
        "corsi": "52.0% (59.9) // 57.0% (56.0) // 52.0% (59.9) // 52.0% (59.9)",
        "fenwick": "51.3% (43.7) // 56.1% (40.6) // 51.3% (43.7) // 51.3% (43.7)",
        "shots": "51.6% (31.5) // 56.3% (29.0) // 51.6% (31.5) // 51.6% (31.5)",
        "scoring": "53.7% (31.5) // 61.3% (29.6) // 53.7% (31.5) // 53.7% (31.5)",
        "corsiAgainst": "48.0% (55.3) // 43.0% (42.3) // 48.0% (55.3) // 48.0% (55.3)",
        "fenwickAgainst": "48.7% (41.4) // 43.9% (31.7) // 48.7% (41.4) // 48.7% (41.4)",
        "shotsAgainst": "48.4% (29.5) // 43.7% (22.5) // 48.4% (29.5) // 48.4% (29.5)",
        "scoringAgainst": "46.3% (27.2) // 38.7% (18.6) // 46.3% (27.2) // 46.3% (27.2)",
        "oppCorsi": "52.2% (57.4) // 56.1% (59.4) // 52.2% (57.4) // 52.2% (57.4)",
        "oppFenwick": "52.5% (43.0) // 57.1% (44.7) // 52.5% (43.0) // 52.5% (43.0)",
        "oppShots": "53.0% (30.2) // 57.4% (31.5) // 53.0% (30.2) // 53.0% (30.2)",
        "oppScoring": "50.6% (27.4) // 55.4% (26.5) // 50.6% (27.4) // 50.6% (27.4)",
        "oppCorsiAgainst": "47.8% (52.6) // 43.9% (46.4) // 47.8% (52.6) // 47.8% (52.6)",
        "oppFenwickAgainst": "47.5% (39.0) // 42.9% (33.6) // 47.5% (39.0) // 47.5% (39.0)",
        "oppShotsAgainst": "47.0% (26.8) // 42.6% (23.4) // 47.0% (26.8) // 47.0% (26.8)",
        "oppScoringAgainst": "49.4% (26.8) // 44.6% (21.3) // 49.4% (26.8) // 49.4% (26.8)",
        "savesPerGame": 27.3,
        "savesPerGameLast1": 23.0,
        "savesPerGameLast3": 27.3,
        "savesPerGameLast5": 25.0,
        "savesPer60": 29.6,
        "savesPer60Last1": 23.0,
        "savesPer60Last3": 27.2,
        "savesPer60Last5": 24.7,
        "shotsPerGame": 31.9,
        "shotsPerGameLast5": 27.4,
        "shotsAgainstPerGame": 29.9,
        "shotsAgainstPerGameLast5": 27.2,
        "oppSavesAgainstPer60": 29.0,
        "oppSavesAgainstPer60Last1": 25.0,
        "oppSavesAgainstPer60Last3": 24.0,
        "oppSavesAgainstPer60Last5": 27.5,
        "oppShotsAgainstPerGame": 27.0,
        "oppShotsAgainstPerGameLast5": 31.4,
        "savesProj": 30.5,
        "savesProjLast5": 26.1,
        "savesProjLast3": 25.4,
        "oppSavesAgainstProj": 27.3,
        "oppSavesAgainstProjLast5": 22.6,
        "oppSavesAgainstProjLast3": 21.5,
        "totalOver": 50,
        "totalOverLast5": 80,
        "totalOverLast15": 47,
        "lastTotalOver": 0,
        "last5": "1,2,3,3,2,3,0,1,1,1",
        "overOdds": "-115",
        "underOdds": "-115",
        "overUnder": "-115 / -115"
    },
    {
        "player": "Adam Larsson",
        "team": "SEA",
        "opponent": "DAL",
        "propType": "bs",
        "line": 2.5,
        "ppLine": "",
        "avg": 2.13,
        "hit": false,
        "diffAvg": -0.15,
        "diffAbs": 1.0,
        "lastAvg": 0.0,
        "diff": 0,
        "avgMin": 23,
        "proj": 0.0,
        "lastAvgMin": 22.27,
        "oppOver": 0,
        "teamOver": 0,
        "gameLine": "+160",
        "+/-": "+27",
        "L5_+/-": -2.0,
        "prevMatchup": "2023-03-21 7.0 bs 2023-03-13 2.0 bs 2023-03-11 4.0 bs",
        "winLossSplits": "46% - 31%",
        "awayHome": "A",
        "playedYesterday": "N",
        "awayHomeSplits": "33% - 45%",
        "savesAboveExp": 0.39,
        "gsaa": 26.05,
        "corsi": "52.2% (57.4) // 56.1% (59.4) // 52.2% (57.4) // 52.2% (57.4)",
        "fenwick": "52.5% (43.0) // 57.1% (44.7) // 52.5% (43.0) // 52.5% (43.0)",
        "shots": "53.0% (30.2) // 57.4% (31.5) // 53.0% (30.2) // 53.0% (30.2)",
        "scoring": "50.6% (27.4) // 55.4% (26.5) // 50.6% (27.4) // 50.6% (27.4)",
        "corsiAgainst": "47.8% (52.6) // 43.9% (46.4) // 47.8% (52.6) // 47.8% (52.6)",
        "fenwickAgainst": "47.5% (39.0) // 42.9% (33.6) // 47.5% (39.0) // 47.5% (39.0)",
        "shotsAgainst": "47.0% (26.8) // 42.6% (23.4) // 47.0% (26.8) // 47.0% (26.8)",
        "scoringAgainst": "49.4% (26.8) // 44.6% (21.3) // 49.4% (26.8) // 49.4% (26.8)",
        "oppCorsi": "52.0% (59.9) // 57.0% (56.0) // 52.0% (59.9) // 52.0% (59.9)",
        "oppFenwick": "51.3% (43.7) // 56.1% (40.6) // 51.3% (43.7) // 51.3% (43.7)",
        "oppShots": "51.6% (31.5) // 56.3% (29.0) // 51.6% (31.5) // 51.6% (31.5)",
        "oppScoring": "53.7% (31.5) // 61.3% (29.6) // 53.7% (31.5) // 53.7% (31.5)",
        "oppCorsiAgainst": "48.0% (55.3) // 43.0% (42.3) // 48.0% (55.3) // 48.0% (55.3)",
        "oppFenwickAgainst": "48.7% (41.4) // 43.9% (31.7) // 48.7% (41.4) // 48.7% (41.4)",
        "oppShotsAgainst": "48.4% (29.5) // 43.7% (22.5) // 48.4% (29.5) // 48.4% (29.5)",
        "oppScoringAgainst": "46.3% (27.2) // 38.7% (18.6) // 46.3% (27.2) // 46.3% (27.2)",
        "savesPerGame": 23.9,
        "savesPerGameLast1": 33.0,
        "savesPerGameLast3": 31.3,
        "savesPerGameLast5": 28.4,
        "savesPer60": 26.1,
        "savesPer60Last1": 33.0,
        "savesPer60Last3": 31.0,
        "savesPer60Last5": 28.4,
        "shotsPerGame": 30.5,
        "shotsPerGameLast5": 30.2,
        "shotsAgainstPerGame": 27.0,
        "shotsAgainstPerGameLast5": 31.4,
        "oppSavesAgainstPer60": 30.5,
        "oppSavesAgainstPer60Last1": 31.4,
        "oppSavesAgainstPer60Last3": 24.3,
        "oppSavesAgainstPer60Last5": 23.6,
        "oppShotsAgainstPerGame": 29.9,
        "oppShotsAgainstPerGameLast5": 27.2,
        "savesProj": 24.8,
        "savesProjLast5": 22.6,
        "savesProjLast3": 24.8,
        "oppSavesAgainstProj": 25.3,
        "oppSavesAgainstProjLast5": 20.3,
        "oppSavesAgainstProjLast3": 23.1,
        "totalOver": 39,
        "totalOverLast5": 60,
        "totalOverLast15": 40,
        "lastTotalOver": 0,
        "last5": "3,1,1,4,3,1,4,0,3,1",
        "overOdds": "+105",
        "underOdds": "-135",
        "overUnder": "+105 / -135"
    }
]