[
    {
        "player": "Ryan Graves",
        "team": "NJ",
        "opponent": "CBJ",
        "propType": "bs",
        "line": 1.5,
        "ppLine": "",
        "avg": 1.92,
        "hit": false,
        "diffAvg": 0.28,
        "diffAbs": 1.0,
        "lastAvg": 0.0,
        "diff": 0,
        "avgMin": 19,
        "proj": 0.0,
        "lastAvgMin": 20.72,
        "oppOver": 0,
        "teamOver": 0,
        "gameLine": "-410",
        "+/-": "+28",
        "L5_+/-": "+1.0",
        "prevMatchup": "2023-02-14 2.0 bs 2022-10-30 1.0 bs",
        "winLossSplits": "52% - 52%",
        "awayHome": "H",
        "playedYesterday": "N",
        "awayHomeSplits": "53% - 51%",
        "savesAboveExp": "-",
        "gsaa": "-",
        "corsi": "53.8% (63.6) // 56.2% (66.9) // 58.7% (68.0) // 62.0% (69.0)",
        "fenwick": "54.0% (46.9) // 55.4% (49.1) // 57.2% (48.4) // 61.2% (49.0)",
        "shots": "55.1% (34.1) // 56.5% (35.6) // 57.2% (34.2) // 61.9% (36.3)",
        "scoring": "56.5% (34.9) // 61.6% (38.7) // 66.2% (41.2) // 69.1% (40.3)",
        "corsiAgainst": "46.2% (54.6) // 43.8% (52.3) // 41.3% (47.8) // 38.0% (42.3)",
        "fenwickAgainst": "46.0% (39.9) // 44.6% (39.6) // 42.8% (36.2) // 38.8% (31.0)",
        "shotsAgainst": "44.9% (27.7) // 43.5% (27.4) // 42.8% (25.6) // 38.1% (22.3)",
        "scoringAgainst": "43.5% (26.9) // 38.4% (24.1) // 33.8% (21.0) // 30.9% (18.0)",
        "oppCorsi": "45.7% (55.2) // 44.4% (54.5) // 40.8% (48.4) // 38.0% (47.3)",
        "oppFenwick": "45.5% (41.0) // 42.5% (39.5) // 38.6% (35.3) // 35.4% (33.9)",
        "oppShots": "45.4% (29.2) // 43.6% (29.1) // 39.3% (24.9) // 35.4% (23.0)",
        "oppScoring": "44.8% (27.1) // 43.1% (28.5) // 38.8% (25.3) // 35.0% (24.0)",
        "oppCorsiAgainst": "54.3% (65.6) // 55.6% (68.3) // 59.2% (70.2) // 62.0% (77.2)",
        "oppFenwickAgainst": "54.5% (49.3) // 57.5% (53.5) // 61.4% (56.0) // 64.6% (61.9)",
        "oppShotsAgainst": "54.6% (35.2) // 56.4% (37.6) // 60.7% (38.5) // 64.6% (41.9)",
        "oppScoringAgainst": "55.2% (33.4) // 56.9% (37.6) // 61.2% (39.9) // 65.0% (44.6)",
        "savesPerGame": 25.3,
        "savesPerGameLast1": 22.0,
        "savesPerGameLast3": 19.0,
        "savesPerGameLast5": 22.4,
        "savesPer60": 25.4,
        "savesPer60Last1": 22.0,
        "savesPer60Last3": 18.9,
        "savesPer60Last5": 22.2,
        "shotsPerGame": 34.5,
        "shotsPerGameLast5": 34.2,
        "shotsAgainstPerGame": 28.1,
        "shotsAgainstPerGameLast5": 25.6,
        "oppSavesAgainstPer60": 26.8,
        "oppSavesAgainstPer60Last1": 23.9,
        "oppSavesAgainstPer60Last3": 21.2,
        "oppSavesAgainstPer60Last5": 23.4,
        "oppShotsAgainstPerGame": 35.5,
        "oppShotsAgainstPerGameLast5": 38.6,
        "savesProj": 21.7,
        "savesProjLast5": 16.4,
        "savesProjLast3": 12.6,
        "oppSavesAgainstProj": 24.1,
        "oppSavesAgainstProjLast5": 18.8,
        "oppSavesAgainstProjLast3": 14.5,
        "totalOver": 52,
        "totalOverLast5": 40,
        "totalOverLast15": 47,
        "lastTotalOver": 0,
        "last5": "2,3,1,1,1,4,1,2,0,3",
        "overOdds": "-140",
        "underOdds": "+110",
        "overUnder": "-140 / +110"
    },
    {
        "player": "Gavin Bayreuther",
        "team": "CBJ",
        "opponent": "NJ",
        "propType": "bs",
        "line": 1.5,
        "ppLine": "PP2",
        "avg": 1.5,
        "hit": false,
        "diffAvg": 0.0,
        "diffAbs": 1.0,
        "lastAvg": 0.0,
        "diff": 0,
        "avgMin": 15,
        "proj": 0.0,
        "lastAvgMin": 13.05,
        "oppOver": 0,
        "teamOver": 0,
        "gameLine": "+330",
        "+/-": -14,
        "L5_+/-": -8.0,
        "prevMatchup": "2023-02-14 3.0 bs",
        "winLossSplits": "31% - 48%",
        "awayHome": "A",
        "playedYesterday": "N",
        "awayHomeSplits": "43% - 43%",
        "savesAboveExp": 0.109,
        "gsaa": 6.35,
        "corsi": "45.7% (55.2) // 44.4% (54.5) // 40.8% (48.4) // 38.0% (47.3)",
        "fenwick": "45.5% (41.0) // 42.5% (39.5) // 38.6% (35.3) // 35.4% (33.9)",
        "shots": "45.4% (29.2) // 43.6% (29.1) // 39.3% (24.9) // 35.4% (23.0)",
        "scoring": "44.8% (27.1) // 43.1% (28.5) // 38.8% (25.3) // 35.0% (24.0)",
        "corsiAgainst": "54.3% (65.6) // 55.6% (68.3) // 59.2% (70.2) // 62.0% (77.2)",
        "fenwickAgainst": "54.5% (49.3) // 57.5% (53.5) // 61.4% (56.0) // 64.6% (61.9)",
        "shotsAgainst": "54.6% (35.2) // 56.4% (37.6) // 60.7% (38.5) // 64.6% (41.9)",
        "scoringAgainst": "55.2% (33.4) // 56.9% (37.6) // 61.2% (39.9) // 65.0% (44.6)",
        "oppCorsi": "53.8% (63.6) // 56.2% (66.9) // 58.7% (68.0) // 62.0% (69.0)",
        "oppFenwick": "54.0% (46.9) // 55.4% (49.1) // 57.2% (48.4) // 61.2% (49.0)",
        "oppShots": "55.1% (34.1) // 56.5% (35.6) // 57.2% (34.2) // 61.9% (36.3)",
        "oppScoring": "56.5% (34.9) // 61.6% (38.7) // 66.2% (41.2) // 69.1% (40.3)",
        "oppCorsiAgainst": "46.2% (54.6) // 43.8% (52.3) // 41.3% (47.8) // 38.0% (42.3)",
        "oppFenwickAgainst": "46.0% (39.9) // 44.6% (39.6) // 42.8% (36.2) // 38.8% (31.0)",
        "oppShotsAgainst": "44.9% (27.7) // 43.5% (27.4) // 42.8% (25.6) // 38.1% (22.3)",
        "oppScoringAgainst": "43.5% (26.9) // 38.4% (24.1) // 33.8% (21.0) // 30.9% (18.0)",
        "savesPerGame": 31.5,
        "savesPerGameLast1": 46.0,
        "savesPerGameLast3": 37.3,
        "savesPerGameLast5": 34.2,
        "savesPer60": 31.4,
        "savesPer60Last1": 45.2,
        "savesPer60Last3": 37.2,
        "savesPer60Last5": 34.1,
        "shotsPerGame": 29.4,
        "shotsPerGameLast5": 25.0,
        "shotsAgainstPerGame": 35.5,
        "shotsAgainstPerGameLast5": 38.6,
        "oppSavesAgainstPer60": 31.1,
        "oppSavesAgainstPer60Last1": 32.0,
        "oppSavesAgainstPer60Last3": 32.1,
        "oppSavesAgainstPer60Last5": 30.9,
        "oppShotsAgainstPerGame": 28.1,
        "oppShotsAgainstPerGameLast5": 25.6,
        "savesProj": 38.4,
        "savesProjLast5": 41.9,
        "savesProjLast3": 47.4,
        "oppSavesAgainstProj": 34.6,
        "oppSavesAgainstProjLast5": 35.3,
        "oppSavesAgainstProjLast3": 39.3,
        "totalOver": 43,
        "totalOverLast5": 60,
        "totalOverLast15": 33,
        "lastTotalOver": 0,
        "last5": "2,2,3,1,0,1,0,2,0,5",
        "overOdds": "-150",
        "underOdds": "+120",
        "overUnder": "-150 / +120"
    },
    {
        "player": "Andrew Peeke",
        "team": "CBJ",
        "opponent": "NJ",
        "propType": "bs",
        "line": 3.5,
        "ppLine": "",
        "avg": 2.45,
        "hit": false,
        "diffAvg": -0.3,
        "diffAbs": 1.0,
        "lastAvg": 0.0,
        "diff": 0,
        "avgMin": 21,
        "proj": 0.0,
        "lastAvgMin": 21.47,
        "oppOver": 0,
        "teamOver": 0,
        "gameLine": "+330",
        "+/-": -37,
        "L5_+/-": -15.0,
        "prevMatchup": "2023-02-14 4.0 bs 2022-10-30 5.0 bs",
        "winLossSplits": "35% - 17%",
        "awayHome": "A",
        "playedYesterday": "N",
        "awayHomeSplits": "24% - 22%",
        "savesAboveExp": 0.109,
        "gsaa": 6.35,
        "corsi": "45.7% (55.2) // 44.4% (54.5) // 40.8% (48.4) // 38.0% (47.3)",
        "fenwick": "45.5% (41.0) // 42.5% (39.5) // 38.6% (35.3) // 35.4% (33.9)",
        "shots": "45.4% (29.2) // 43.6% (29.1) // 39.3% (24.9) // 35.4% (23.0)",
        "scoring": "44.8% (27.1) // 43.1% (28.5) // 38.8% (25.3) // 35.0% (24.0)",
        "corsiAgainst": "54.3% (65.6) // 55.6% (68.3) // 59.2% (70.2) // 62.0% (77.2)",
        "fenwickAgainst": "54.5% (49.3) // 57.5% (53.5) // 61.4% (56.0) // 64.6% (61.9)",
        "shotsAgainst": "54.6% (35.2) // 56.4% (37.6) // 60.7% (38.5) // 64.6% (41.9)",
        "scoringAgainst": "55.2% (33.4) // 56.9% (37.6) // 61.2% (39.9) // 65.0% (44.6)",
        "oppCorsi": "53.8% (63.6) // 56.2% (66.9) // 58.7% (68.0) // 62.0% (69.0)",
        "oppFenwick": "54.0% (46.9) // 55.4% (49.1) // 57.2% (48.4) // 61.2% (49.0)",
        "oppShots": "55.1% (34.1) // 56.5% (35.6) // 57.2% (34.2) // 61.9% (36.3)",
        "oppScoring": "56.5% (34.9) // 61.6% (38.7) // 66.2% (41.2) // 69.1% (40.3)",
        "oppCorsiAgainst": "46.2% (54.6) // 43.8% (52.3) // 41.3% (47.8) // 38.0% (42.3)",
        "oppFenwickAgainst": "46.0% (39.9) // 44.6% (39.6) // 42.8% (36.2) // 38.8% (31.0)",
        "oppShotsAgainst": "44.9% (27.7) // 43.5% (27.4) // 42.8% (25.6) // 38.1% (22.3)",
        "oppScoringAgainst": "43.5% (26.9) // 38.4% (24.1) // 33.8% (21.0) // 30.9% (18.0)",
        "savesPerGame": 31.5,
        "savesPerGameLast1": 46.0,
        "savesPerGameLast3": 37.3,
        "savesPerGameLast5": 34.2,
        "savesPer60": 31.4,
        "savesPer60Last1": 45.2,
        "savesPer60Last3": 37.2,
        "savesPer60Last5": 34.1,
        "shotsPerGame": 29.4,
        "shotsPerGameLast5": 25.0,
        "shotsAgainstPerGame": 35.5,
        "shotsAgainstPerGameLast5": 38.6,
        "oppSavesAgainstPer60": 31.1,
        "oppSavesAgainstPer60Last1": 32.0,
        "oppSavesAgainstPer60Last3": 32.1,
        "oppSavesAgainstPer60Last5": 30.9,
        "oppShotsAgainstPerGame": 28.1,
        "oppShotsAgainstPerGameLast5": 25.6,
        "savesProj": 38.4,
        "savesProjLast5": 41.9,
        "savesProjLast3": 47.4,
        "oppSavesAgainstProj": 34.6,
        "oppSavesAgainstProjLast5": 35.3,
        "oppSavesAgainstProjLast3": 39.3,
        "totalOver": 23,
        "totalOverLast5": 0,
        "totalOverLast15": 33,
        "lastTotalOver": 0,
        "last5": "2,2,3,3,1,3,7,5,1,1",
        "overOdds": "+135",
        "underOdds": "-165",
        "overUnder": "+135 / -165"
    },
    {
        "player": "Kris Letang",
        "team": "PIT",
        "opponent": "MIN",
        "propType": "bs",
        "line": 1.5,
        "ppLine": "PP1",
        "avg": 1.7,
        "hit": false,
        "diffAvg": 0.13,
        "diffAbs": 1.0,
        "lastAvg": 0.0,
        "diff": 0,
        "avgMin": 24,
        "proj": 0.0,
        "lastAvgMin": 25.77,
        "oppOver": 0,
        "teamOver": 0,
        "gameLine": "-130",
        "+/-": -12,
        "L5_+/-": -1.0,
        "prevMatchup": "2022-11-17 1.0 bs",
        "winLossSplits": "55% - 55%",
        "awayHome": "H",
        "playedYesterday": "N",
        "awayHomeSplits": "55% - 55%",
        "savesAboveExp": "-",
        "gsaa": "-",
        "corsi": "51.7% (63.1) // 54.0% (69.2) // 50.6% (63.0) // 44.0% (52.7)",
        "fenwick": "51.7% (47.2) // 55.1% (52.1) // 52.2% (48.0) // 44.3% (38.7)",
        "shots": "51.0% (34.1) // 55.3% (37.1) // 50.6% (32.4) // 42.6% (26.0)",
        "scoring": "52.3% (33.3) // 54.8% (37.7) // 51.7% (35.6) // 44.0% (30.7)",
        "corsiAgainst": "48.3% (58.9) // 46.0% (59.0) // 49.4% (61.4) // 56.0% (67.0)",
        "fenwickAgainst": "48.3% (44.1) // 44.9% (42.5) // 47.8% (44.0) // 55.7% (48.7)",
        "shotsAgainst": "49.0% (32.7) // 44.7% (30.0) // 49.4% (31.6) // 57.4% (35.0)",
        "scoringAgainst": "47.7% (30.3) // 45.2% (31.1) // 48.3% (33.2) // 56.0% (39.0)",
        "oppCorsi": "50.0% (57.4) // 46.4% (54.1) // 43.4% (52.7) // 49.8% (62.9)",
        "oppFenwick": "50.8% (43.3) // 46.5% (41.6) // 42.9% (38.2) // 48.7% (43.7)",
        "oppShots": "50.1% (30.5) // 44.9% (28.9) // 42.9% (27.4) // 47.7% (30.2)",
        "oppScoring": "50.5% (28.2) // 46.1% (25.3) // 43.3% (25.2) // 52.8% (31.7)",
        "oppCorsiAgainst": "50.0% (57.5) // 53.6% (62.5) // 56.6% (68.8) // 50.2% (63.4)",
        "oppFenwickAgainst": "49.2% (41.9) // 53.5% (47.9) // 57.1% (50.9) // 51.3% (46.1)",
        "oppShotsAgainst": "49.9% (30.4) // 55.1% (35.5) // 57.1% (36.5) // 52.3% (33.1)",
        "oppScoringAgainst": "49.5% (27.6) // 53.9% (29.6) // 56.7% (33.1) // 47.2% (28.3)",
        "savesPerGame": 29.8,
        "savesPerGameLast1": 32.0,
        "savesPerGameLast3": 31.3,
        "savesPerGameLast5": 28.0,
        "savesPer60": 29.9,
        "savesPer60Last1": 32.0,
        "savesPer60Last3": 31.1,
        "savesPer60Last5": 27.6,
        "shotsPerGame": 34.4,
        "shotsPerGameLast5": 32.4,
        "shotsAgainstPerGame": 33.1,
        "shotsAgainstPerGameLast5": 31.6,
        "oppSavesAgainstPer60": 28.5,
        "oppSavesAgainstPer60Last1": 29.8,
        "oppSavesAgainstPer60Last3": 28.6,
        "oppSavesAgainstPer60Last5": 24.8,
        "oppShotsAgainstPerGame": 31.0,
        "oppShotsAgainstPerGameLast5": 34.4,
        "savesProj": 29.5,
        "savesProjLast5": 23.3,
        "savesProjLast3": 30.4,
        "oppSavesAgainstProj": 30.1,
        "oppSavesAgainstProjLast5": 24.9,
        "oppSavesAgainstProjLast3": 31.2,
        "totalOver": 55,
        "totalOverLast5": 100,
        "totalOverLast15": 47,
        "lastTotalOver": 0,
        "last5": "2,2,2,2,3,1,1,2,0,1",
        "overOdds": "-130",
        "underOdds": "+100",
        "overUnder": "-130 / +100"
    },
    {
        "player": "Jared Spurgeon",
        "team": "MIN",
        "opponent": "PIT",
        "propType": "bs",
        "line": 1.5,
        "ppLine": "PP2",
        "avg": 2.33,
        "hit": false,
        "diffAvg": 0.55,
        "diffAbs": 1.0,
        "lastAvg": 0.0,
        "diff": 0,
        "avgMin": 21,
        "proj": 0.0,
        "lastAvgMin": 21.15,
        "oppOver": 0,
        "teamOver": 0,
        "gameLine": "+110",
        "+/-": "+31",
        "L5_+/-": 0.0,
        "prevMatchup": "2022-11-17 3.0 bs",
        "winLossSplits": "65% - 64%",
        "awayHome": "A",
        "playedYesterday": "N",
        "awayHomeSplits": "70% - 59%",
        "savesAboveExp": 0.033,
        "gsaa": 5.13,
        "corsi": "50.0% (57.4) // 46.4% (54.1) // 43.4% (52.7) // 49.8% (62.9)",
        "fenwick": "50.8% (43.3) // 46.5% (41.6) // 42.9% (38.2) // 48.7% (43.7)",
        "shots": "50.1% (30.5) // 44.9% (28.9) // 42.9% (27.4) // 47.7% (30.2)",
        "scoring": "50.5% (28.2) // 46.1% (25.3) // 43.3% (25.2) // 52.8% (31.7)",
        "corsiAgainst": "50.0% (57.5) // 53.6% (62.5) // 56.6% (68.8) // 50.2% (63.4)",
        "fenwickAgainst": "49.2% (41.9) // 53.5% (47.9) // 57.1% (50.9) // 51.3% (46.1)",
        "shotsAgainst": "49.9% (30.4) // 55.1% (35.5) // 57.1% (36.5) // 52.3% (33.1)",
        "scoringAgainst": "49.5% (27.6) // 53.9% (29.6) // 56.7% (33.1) // 47.2% (28.3)",
        "oppCorsi": "51.7% (63.1) // 54.0% (69.2) // 50.6% (63.0) // 44.0% (52.7)",
        "oppFenwick": "51.7% (47.2) // 55.1% (52.1) // 52.2% (48.0) // 44.3% (38.7)",
        "oppShots": "51.0% (34.1) // 55.3% (37.1) // 50.6% (32.4) // 42.6% (26.0)",
        "oppScoring": "52.3% (33.3) // 54.8% (37.7) // 51.7% (35.6) // 44.0% (30.7)",
        "oppCorsiAgainst": "48.3% (58.9) // 46.0% (59.0) // 49.4% (61.4) // 56.0% (67.0)",
        "oppFenwickAgainst": "48.3% (44.1) // 44.9% (42.5) // 47.8% (44.0) // 55.7% (48.7)",
        "oppShotsAgainst": "49.0% (32.7) // 44.7% (30.0) // 49.4% (31.6) // 57.4% (35.0)",
        "oppScoringAgainst": "47.7% (30.3) // 45.2% (31.1) // 48.3% (33.2) // 56.0% (39.0)",
        "savesPerGame": 28.4,
        "savesPerGameLast1": 23.0,
        "savesPerGameLast3": 34.7,
        "savesPerGameLast5": 32.2,
        "savesPer60": 28.6,
        "savesPer60Last1": 24.9,
        "savesPer60Last3": 35.2,
        "savesPer60Last5": 32.5,
        "shotsPerGame": 31.1,
        "shotsPerGameLast5": 27.4,
        "shotsAgainstPerGame": 31.0,
        "shotsAgainstPerGameLast5": 34.4,
        "oppSavesAgainstPer60": 31.3,
        "oppSavesAgainstPer60Last1": 22.0,
        "oppSavesAgainstPer60Last3": 23.1,
        "oppSavesAgainstPer60Last5": 29.4,
        "oppShotsAgainstPerGame": 33.1,
        "oppShotsAgainstPerGameLast5": 31.6,
        "savesProj": 29.9,
        "savesProjLast5": 32.2,
        "savesProjLast3": 27.5,
        "oppSavesAgainstProj": 32.0,
        "oppSavesAgainstProjLast5": 34.0,
        "oppSavesAgainstProjLast3": 27.4,
        "totalOver": 64,
        "totalOverLast5": 20,
        "totalOverLast15": 40,
        "lastTotalOver": 0,
        "last5": "2,1,1,1,1,1,1,3,0,1",
        "overOdds": "-190",
        "underOdds": "+155",
        "overUnder": "-190 / +155"
    },
    {
        "player": "Jonas Brodin",
        "team": "MIN",
        "opponent": "PIT",
        "propType": "bs",
        "line": 1.5,
        "ppLine": "",
        "avg": 2.16,
        "hit": false,
        "diffAvg": 0.44,
        "diffAbs": 1.0,
        "lastAvg": 0.0,
        "diff": 0,
        "avgMin": 23,
        "proj": 0.0,
        "lastAvgMin": 23.43,
        "oppOver": 0,
        "teamOver": 0,
        "gameLine": "+110",
        "+/-": "+15",
        "L5_+/-": "+9.0",
        "prevMatchup": "2022-11-17 1.0 bs",
        "winLossSplits": "56% - 60%",
        "awayHome": "A",
        "playedYesterday": "N",
        "awayHomeSplits": "67% - 50%",
        "savesAboveExp": 0.033,
        "gsaa": 5.13,
        "corsi": "50.0% (57.4) // 46.4% (54.1) // 43.4% (52.7) // 49.8% (62.9)",
        "fenwick": "50.8% (43.3) // 46.5% (41.6) // 42.9% (38.2) // 48.7% (43.7)",
        "shots": "50.1% (30.5) // 44.9% (28.9) // 42.9% (27.4) // 47.7% (30.2)",
        "scoring": "50.5% (28.2) // 46.1% (25.3) // 43.3% (25.2) // 52.8% (31.7)",
        "corsiAgainst": "50.0% (57.5) // 53.6% (62.5) // 56.6% (68.8) // 50.2% (63.4)",
        "fenwickAgainst": "49.2% (41.9) // 53.5% (47.9) // 57.1% (50.9) // 51.3% (46.1)",
        "shotsAgainst": "49.9% (30.4) // 55.1% (35.5) // 57.1% (36.5) // 52.3% (33.1)",
        "scoringAgainst": "49.5% (27.6) // 53.9% (29.6) // 56.7% (33.1) // 47.2% (28.3)",
        "oppCorsi": "51.7% (63.1) // 54.0% (69.2) // 50.6% (63.0) // 44.0% (52.7)",
        "oppFenwick": "51.7% (47.2) // 55.1% (52.1) // 52.2% (48.0) // 44.3% (38.7)",
        "oppShots": "51.0% (34.1) // 55.3% (37.1) // 50.6% (32.4) // 42.6% (26.0)",
        "oppScoring": "52.3% (33.3) // 54.8% (37.7) // 51.7% (35.6) // 44.0% (30.7)",
        "oppCorsiAgainst": "48.3% (58.9) // 46.0% (59.0) // 49.4% (61.4) // 56.0% (67.0)",
        "oppFenwickAgainst": "48.3% (44.1) // 44.9% (42.5) // 47.8% (44.0) // 55.7% (48.7)",
        "oppShotsAgainst": "49.0% (32.7) // 44.7% (30.0) // 49.4% (31.6) // 57.4% (35.0)",
        "oppScoringAgainst": "47.7% (30.3) // 45.2% (31.1) // 48.3% (33.2) // 56.0% (39.0)",
        "savesPerGame": 28.4,
        "savesPerGameLast1": 23.0,
        "savesPerGameLast3": 34.7,
        "savesPerGameLast5": 32.2,
        "savesPer60": 28.6,
        "savesPer60Last1": 24.9,
        "savesPer60Last3": 35.2,
        "savesPer60Last5": 32.5,
        "shotsPerGame": 31.1,
        "shotsPerGameLast5": 27.4,
        "shotsAgainstPerGame": 31.0,
        "shotsAgainstPerGameLast5": 34.4,
        "oppSavesAgainstPer60": 31.3,
        "oppSavesAgainstPer60Last1": 22.0,
        "oppSavesAgainstPer60Last3": 23.1,
        "oppSavesAgainstPer60Last5": 29.4,
        "oppShotsAgainstPerGame": 33.1,
        "oppShotsAgainstPerGameLast5": 31.6,
        "savesProj": 29.9,
        "savesProjLast5": 32.2,
        "savesProjLast3": 27.5,
        "oppSavesAgainstProj": 32.0,
        "oppSavesAgainstProjLast5": 34.0,
        "oppSavesAgainstProjLast3": 27.4,
        "totalOver": 58,
        "totalOverLast5": 60,
        "totalOverLast15": 53,
        "lastTotalOver": 0,
        "last5": "0,2,7,3,1,3,0,0,2,1",
        "overOdds": "-185",
        "underOdds": "+150",
        "overUnder": "-185 / +150"
    },
    {
        "player": "Brian Dumoulin",
        "team": "PIT",
        "opponent": "MIN",
        "propType": "bs",
        "line": 1.5,
        "ppLine": "",
        "avg": 1.76,
        "hit": false,
        "diffAvg": 0.17,
        "diffAbs": 1.0,
        "lastAvg": 0.0,
        "diff": 0,
        "avgMin": 20,
        "proj": 0.0,
        "lastAvgMin": 21.82,
        "oppOver": 0,
        "teamOver": 0,
        "gameLine": "-130",
        "+/-": -5,
        "L5_+/-": 0.0,
        "prevMatchup": "2022-11-17 1.0 bs",
        "winLossSplits": "42% - 50%",
        "awayHome": "H",
        "playedYesterday": "N",
        "awayHomeSplits": "41% - 51%",
        "savesAboveExp": "-",
        "gsaa": "-",
        "corsi": "51.7% (63.1) // 54.0% (69.2) // 50.6% (63.0) // 44.0% (52.7)",
        "fenwick": "51.7% (47.2) // 55.1% (52.1) // 52.2% (48.0) // 44.3% (38.7)",
        "shots": "51.0% (34.1) // 55.3% (37.1) // 50.6% (32.4) // 42.6% (26.0)",
        "scoring": "52.3% (33.3) // 54.8% (37.7) // 51.7% (35.6) // 44.0% (30.7)",
        "corsiAgainst": "48.3% (58.9) // 46.0% (59.0) // 49.4% (61.4) // 56.0% (67.0)",
        "fenwickAgainst": "48.3% (44.1) // 44.9% (42.5) // 47.8% (44.0) // 55.7% (48.7)",
        "shotsAgainst": "49.0% (32.7) // 44.7% (30.0) // 49.4% (31.6) // 57.4% (35.0)",
        "scoringAgainst": "47.7% (30.3) // 45.2% (31.1) // 48.3% (33.2) // 56.0% (39.0)",
        "oppCorsi": "50.0% (57.4) // 46.4% (54.1) // 43.4% (52.7) // 49.8% (62.9)",
        "oppFenwick": "50.8% (43.3) // 46.5% (41.6) // 42.9% (38.2) // 48.7% (43.7)",
        "oppShots": "50.1% (30.5) // 44.9% (28.9) // 42.9% (27.4) // 47.7% (30.2)",
        "oppScoring": "50.5% (28.2) // 46.1% (25.3) // 43.3% (25.2) // 52.8% (31.7)",
        "oppCorsiAgainst": "50.0% (57.5) // 53.6% (62.5) // 56.6% (68.8) // 50.2% (63.4)",
        "oppFenwickAgainst": "49.2% (41.9) // 53.5% (47.9) // 57.1% (50.9) // 51.3% (46.1)",
        "oppShotsAgainst": "49.9% (30.4) // 55.1% (35.5) // 57.1% (36.5) // 52.3% (33.1)",
        "oppScoringAgainst": "49.5% (27.6) // 53.9% (29.6) // 56.7% (33.1) // 47.2% (28.3)",
        "savesPerGame": 29.8,
        "savesPerGameLast1": 32.0,
        "savesPerGameLast3": 31.3,
        "savesPerGameLast5": 28.0,
        "savesPer60": 29.9,
        "savesPer60Last1": 32.0,
        "savesPer60Last3": 31.1,
        "savesPer60Last5": 27.6,
        "shotsPerGame": 34.4,
        "shotsPerGameLast5": 32.4,
        "shotsAgainstPerGame": 33.1,
        "shotsAgainstPerGameLast5": 31.6,
        "oppSavesAgainstPer60": 28.5,
        "oppSavesAgainstPer60Last1": 29.8,
        "oppSavesAgainstPer60Last3": 28.6,
        "oppSavesAgainstPer60Last5": 24.8,
        "oppShotsAgainstPerGame": 31.0,
        "oppShotsAgainstPerGameLast5": 34.4,
        "savesProj": 29.5,
        "savesProjLast5": 23.3,
        "savesProjLast3": 30.4,
        "oppSavesAgainstProj": 30.1,
        "oppSavesAgainstProjLast5": 24.9,
        "oppSavesAgainstProjLast3": 31.2,
        "totalOver": 46,
        "totalOverLast5": 60,
        "totalOverLast15": 47,
        "lastTotalOver": 0,
        "last5": "1,2,4,1,3,3,2,1,2,0",
        "overOdds": "-115",
        "underOdds": "-115",
        "overUnder": "-115 / -115"
    },
    {
        "player": "John Carlson",
        "team": "WSH",
        "opponent": "MTL",
        "propType": "bs",
        "line": 1.5,
        "ppLine": "PP1",
        "avg": 2.17,
        "hit": false,
        "diffAvg": 0.45,
        "diffAbs": 1.0,
        "lastAvg": 0.0,
        "diff": 0,
        "avgMin": 23,
        "proj": 0.0,
        "lastAvgMin": 23.8,
        "oppOver": 0,
        "teamOver": 0,
        "gameLine": "+135",
        "+/-": -3,
        "L5_+/-": "+4.0",
        "prevMatchup": "2022-10-15 1.0 bs",
        "winLossSplits": "53% - 62%",
        "awayHome": "A",
        "playedYesterday": "N",
        "awayHomeSplits": "68% - 44%",
        "savesAboveExp": 0.061,
        "gsaa": 1.51,
        "corsi": "50.6% (59.3) // 51.0% (59.6) // 45.8% (51.2) // 48.7% (58.0)",
        "fenwick": "50.5% (43.6) // 50.3% (44.1) // 47.2% (38.9) // 47.9% (46.0)",
        "shots": "50.6% (31.0) // 49.6% (31.7) // 46.7% (27.6) // 45.2% (28.0)",
        "scoring": "50.7% (29.7) // 51.2% (30.1) // 43.1% (25.3) // 47.8% (33.0)",
        "corsiAgainst": "49.4% (57.7) // 49.0% (57.4) // 54.2% (60.6) // 51.3% (61.0)",
        "fenwickAgainst": "49.5% (42.7) // 49.7% (43.6) // 52.8% (43.5) // 52.1% (50.0)",
        "shotsAgainst": "49.4% (30.3) // 50.4% (32.2) // 53.3% (31.5) // 54.8% (34.0)",
        "scoringAgainst": "49.3% (28.8) // 48.8% (28.7) // 56.9% (33.4) // 52.2% (36.0)",
        "oppCorsi": "44.7% (50.7) // 44.7% (47.3) // 43.6% (45.2) // 32.1% (30.5)",
        "oppFenwick": "44.7% (36.9) // 45.9% (36.3) // 43.0% (32.5) // 34.3% (24.5)",
        "oppShots": "44.8% (27.0) // 44.9% (26.0) // 44.3% (25.2) // 34.9% (19.0)",
        "oppScoring": "42.7% (24.9) // 42.3% (21.1) // 41.2% (19.9) // 27.2% (11.0)",
        "oppCorsiAgainst": "55.3% (62.7) // 55.3% (58.5) // 56.4% (58.4) // 67.9% (64.5)",
        "oppFenwickAgainst": "55.3% (45.6) // 54.1% (42.8) // 57.0% (43.1) // 65.7% (47.0)",
        "oppShotsAgainst": "55.2% (33.3) // 55.1% (31.8) // 55.7% (31.7) // 65.1% (35.5)",
        "oppScoringAgainst": "57.3% (33.5) // 57.7% (28.9) // 58.8% (28.3) // 72.8% (29.5)",
        "savesPerGame": 27.6,
        "savesPerGameLast1": 29.0,
        "savesPerGameLast3": 28.7,
        "savesPerGameLast5": 29.8,
        "savesPer60": 27.5,
        "savesPer60Last1": 29.0,
        "savesPer60Last3": 29.4,
        "savesPer60Last5": 30.1,
        "shotsPerGame": 31.4,
        "shotsPerGameLast5": 29.4,
        "shotsAgainstPerGame": 30.7,
        "shotsAgainstPerGameLast5": 33.0,
        "oppSavesAgainstPer60": 24.4,
        "oppSavesAgainstPer60Last1": 24.0,
        "oppSavesAgainstPer60Last3": 18.7,
        "oppSavesAgainstPer60Last5": 24.2,
        "oppShotsAgainstPerGame": 33.7,
        "oppShotsAgainstPerGameLast5": 32.2,
        "savesProj": 22.8,
        "savesProjLast5": 24.0,
        "savesProjLast3": 18.6,
        "oppSavesAgainstProj": 23.9,
        "oppSavesAgainstProjLast5": 25.7,
        "oppSavesAgainstProjLast3": 19.0,
        "totalOver": 57,
        "totalOverLast5": 20,
        "totalOverLast15": 40,
        "lastTotalOver": 0,
        "last5": "3,1,1,1,0,1,3,3,1,1",
        "overOdds": "-175",
        "underOdds": "+140",
        "overUnder": "-175 / +140"
    },
    {
        "player": "Mike Matheson",
        "team": "MTL",
        "opponent": "WSH",
        "propType": "bs",
        "line": 1.5,
        "ppLine": "PP1",
        "avg": 1.56,
        "hit": false,
        "diffAvg": 0.04,
        "diffAbs": 1.0,
        "lastAvg": 0.0,
        "diff": 0,
        "avgMin": 24,
        "proj": 0.0,
        "lastAvgMin": 18.78,
        "oppOver": 0,
        "teamOver": 0,
        "gameLine": "-155",
        "+/-": "+2",
        "L5_+/-": -4.0,
        "prevMatchup": "",
        "winLossSplits": "59% - 31%",
        "awayHome": "H",
        "playedYesterday": "N",
        "awayHomeSplits": "45% - 39%",
        "savesAboveExp": 0.193,
        "gsaa": 8.54,
        "corsi": "44.7% (50.7) // 44.7% (47.3) // 43.6% (45.2) // 32.1% (30.5)",
        "fenwick": "44.7% (36.9) // 45.9% (36.3) // 43.0% (32.5) // 34.3% (24.5)",
        "shots": "44.8% (27.0) // 44.9% (26.0) // 44.3% (25.2) // 34.9% (19.0)",
        "scoring": "42.7% (24.9) // 42.3% (21.1) // 41.2% (19.9) // 27.2% (11.0)",
        "corsiAgainst": "55.3% (62.7) // 55.3% (58.5) // 56.4% (58.4) // 67.9% (64.5)",
        "fenwickAgainst": "55.3% (45.6) // 54.1% (42.8) // 57.0% (43.1) // 65.7% (47.0)",
        "shotsAgainst": "55.2% (33.3) // 55.1% (31.8) // 55.7% (31.7) // 65.1% (35.5)",
        "scoringAgainst": "57.3% (33.5) // 57.7% (28.9) // 58.8% (28.3) // 72.8% (29.5)",
        "oppCorsi": "50.6% (59.3) // 51.0% (59.6) // 45.8% (51.2) // 48.7% (58.0)",
        "oppFenwick": "50.5% (43.6) // 50.3% (44.1) // 47.2% (38.9) // 47.9% (46.0)",
        "oppShots": "50.6% (31.0) // 49.6% (31.7) // 46.7% (27.6) // 45.2% (28.0)",
        "oppScoring": "50.7% (29.7) // 51.2% (30.1) // 43.1% (25.3) // 47.8% (33.0)",
        "oppCorsiAgainst": "49.4% (57.7) // 49.0% (57.4) // 54.2% (60.6) // 51.3% (61.0)",
        "oppFenwickAgainst": "49.5% (42.7) // 49.7% (43.6) // 52.8% (43.5) // 52.1% (50.0)",
        "oppShotsAgainst": "49.4% (30.3) // 50.4% (32.2) // 53.3% (31.5) // 54.8% (34.0)",
        "oppScoringAgainst": "49.3% (28.8) // 48.8% (28.7) // 56.9% (33.4) // 52.2% (36.0)",
        "savesPerGame": 30.0,
        "savesPerGameLast1": 16.0,
        "savesPerGameLast3": 29.3,
        "savesPerGameLast5": 28.4,
        "savesPer60": 29.6,
        "savesPer60Last1": 15.9,
        "savesPer60Last3": 29.1,
        "savesPer60Last5": 28.8,
        "shotsPerGame": 27.3,
        "shotsPerGameLast5": 25.6,
        "shotsAgainstPerGame": 33.7,
        "shotsAgainstPerGameLast5": 32.2,
        "oppSavesAgainstPer60": 28.4,
        "oppSavesAgainstPer60Last1": 26.5,
        "oppSavesAgainstPer60Last3": 27.1,
        "oppSavesAgainstPer60Last5": 26.7,
        "oppShotsAgainstPerGame": 30.7,
        "oppShotsAgainstPerGameLast5": 33.0,
        "savesProj": 30.5,
        "savesProjLast5": 28.1,
        "savesProjLast3": 28.6,
        "oppSavesAgainstProj": 30.0,
        "oppSavesAgainstProjLast5": 25.0,
        "oppSavesAgainstProjLast3": 25.8,
        "totalOver": 42,
        "totalOverLast5": 20,
        "totalOverLast15": 40,
        "lastTotalOver": 0,
        "last5": "4,1,0,1,1,2,3,0,0,6",
        "overOdds": "-185",
        "underOdds": "+150",
        "overUnder": "-185 / +150"
    },
    {
        "player": "Martin Fehervary",
        "team": "WSH",
        "opponent": "MTL",
        "propType": "bs",
        "line": 1.5,
        "ppLine": "",
        "avg": 1.73,
        "hit": false,
        "diffAvg": 0.15,
        "diffAbs": 1.0,
        "lastAvg": 0.0,
        "diff": 0,
        "avgMin": 19,
        "proj": 0.0,
        "lastAvgMin": 19.65,
        "oppOver": 0,
        "teamOver": 0,
        "gameLine": "+135",
        "+/-": -8,
        "L5_+/-": -1.0,
        "prevMatchup": "2022-12-31 1.0 bs 2022-10-15 1.0 bs",
        "winLossSplits": "39% - 49%",
        "awayHome": "A",
        "playedYesterday": "N",
        "awayHomeSplits": "39% - 52%",
        "savesAboveExp": 0.061,
        "gsaa": 1.51,
        "corsi": "50.6% (59.3) // 51.0% (59.6) // 45.8% (51.2) // 48.7% (58.0)",
        "fenwick": "50.5% (43.6) // 50.3% (44.1) // 47.2% (38.9) // 47.9% (46.0)",
        "shots": "50.6% (31.0) // 49.6% (31.7) // 46.7% (27.6) // 45.2% (28.0)",
        "scoring": "50.7% (29.7) // 51.2% (30.1) // 43.1% (25.3) // 47.8% (33.0)",
        "corsiAgainst": "49.4% (57.7) // 49.0% (57.4) // 54.2% (60.6) // 51.3% (61.0)",
        "fenwickAgainst": "49.5% (42.7) // 49.7% (43.6) // 52.8% (43.5) // 52.1% (50.0)",
        "shotsAgainst": "49.4% (30.3) // 50.4% (32.2) // 53.3% (31.5) // 54.8% (34.0)",
        "scoringAgainst": "49.3% (28.8) // 48.8% (28.7) // 56.9% (33.4) // 52.2% (36.0)",
        "oppCorsi": "44.7% (50.7) // 44.7% (47.3) // 43.6% (45.2) // 32.1% (30.5)",
        "oppFenwick": "44.7% (36.9) // 45.9% (36.3) // 43.0% (32.5) // 34.3% (24.5)",
        "oppShots": "44.8% (27.0) // 44.9% (26.0) // 44.3% (25.2) // 34.9% (19.0)",
        "oppScoring": "42.7% (24.9) // 42.3% (21.1) // 41.2% (19.9) // 27.2% (11.0)",
        "oppCorsiAgainst": "55.3% (62.7) // 55.3% (58.5) // 56.4% (58.4) // 67.9% (64.5)",
        "oppFenwickAgainst": "55.3% (45.6) // 54.1% (42.8) // 57.0% (43.1) // 65.7% (47.0)",
        "oppShotsAgainst": "55.2% (33.3) // 55.1% (31.8) // 55.7% (31.7) // 65.1% (35.5)",
        "oppScoringAgainst": "57.3% (33.5) // 57.7% (28.9) // 58.8% (28.3) // 72.8% (29.5)",
        "savesPerGame": 27.6,
        "savesPerGameLast1": 29.0,
        "savesPerGameLast3": 28.7,
        "savesPerGameLast5": 29.8,
        "savesPer60": 27.5,
        "savesPer60Last1": 29.0,
        "savesPer60Last3": 29.4,
        "savesPer60Last5": 30.1,
        "shotsPerGame": 31.4,
        "shotsPerGameLast5": 29.4,
        "shotsAgainstPerGame": 30.7,
        "shotsAgainstPerGameLast5": 33.0,
        "oppSavesAgainstPer60": 24.4,
        "oppSavesAgainstPer60Last1": 24.0,
        "oppSavesAgainstPer60Last3": 18.7,
        "oppSavesAgainstPer60Last5": 24.2,
        "oppShotsAgainstPerGame": 33.7,
        "oppShotsAgainstPerGameLast5": 32.2,
        "savesProj": 22.8,
        "savesProjLast5": 24.0,
        "savesProjLast3": 18.6,
        "oppSavesAgainstProj": 23.9,
        "oppSavesAgainstProjLast5": 25.7,
        "oppSavesAgainstProjLast3": 19.0,
        "totalOver": 45,
        "totalOverLast5": 40,
        "totalOverLast15": 40,
        "lastTotalOver": 0,
        "last5": "1,1,2,2,1,0,2,0,1,3",
        "overOdds": "-110",
        "underOdds": "-120",
        "overUnder": "-110 / -120"
    },
    {
        "player": "Joel Edmundson",
        "team": "MTL",
        "opponent": "WSH",
        "propType": "bs",
        "line": 2.5,
        "ppLine": "",
        "avg": 2.5,
        "hit": false,
        "diffAvg": 0.0,
        "diffAbs": 1.0,
        "lastAvg": 0.0,
        "diff": 0,
        "avgMin": 19,
        "proj": 0.0,
        "lastAvgMin": 19.58,
        "oppOver": 0,
        "teamOver": 0,
        "gameLine": "-155",
        "+/-": -24,
        "L5_+/-": -6.0,
        "prevMatchup": "2022-12-31 4.0 bs",
        "winLossSplits": "53% - 43%",
        "awayHome": "H",
        "playedYesterday": "N",
        "awayHomeSplits": "48% - 45%",
        "savesAboveExp": 0.193,
        "gsaa": 8.54,
        "corsi": "44.7% (50.7) // 44.7% (47.3) // 43.6% (45.2) // 32.1% (30.5)",
        "fenwick": "44.7% (36.9) // 45.9% (36.3) // 43.0% (32.5) // 34.3% (24.5)",
        "shots": "44.8% (27.0) // 44.9% (26.0) // 44.3% (25.2) // 34.9% (19.0)",
        "scoring": "42.7% (24.9) // 42.3% (21.1) // 41.2% (19.9) // 27.2% (11.0)",
        "corsiAgainst": "55.3% (62.7) // 55.3% (58.5) // 56.4% (58.4) // 67.9% (64.5)",
        "fenwickAgainst": "55.3% (45.6) // 54.1% (42.8) // 57.0% (43.1) // 65.7% (47.0)",
        "shotsAgainst": "55.2% (33.3) // 55.1% (31.8) // 55.7% (31.7) // 65.1% (35.5)",
        "scoringAgainst": "57.3% (33.5) // 57.7% (28.9) // 58.8% (28.3) // 72.8% (29.5)",
        "oppCorsi": "50.6% (59.3) // 51.0% (59.6) // 45.8% (51.2) // 48.7% (58.0)",
        "oppFenwick": "50.5% (43.6) // 50.3% (44.1) // 47.2% (38.9) // 47.9% (46.0)",
        "oppShots": "50.6% (31.0) // 49.6% (31.7) // 46.7% (27.6) // 45.2% (28.0)",
        "oppScoring": "50.7% (29.7) // 51.2% (30.1) // 43.1% (25.3) // 47.8% (33.0)",
        "oppCorsiAgainst": "49.4% (57.7) // 49.0% (57.4) // 54.2% (60.6) // 51.3% (61.0)",
        "oppFenwickAgainst": "49.5% (42.7) // 49.7% (43.6) // 52.8% (43.5) // 52.1% (50.0)",
        "oppShotsAgainst": "49.4% (30.3) // 50.4% (32.2) // 53.3% (31.5) // 54.8% (34.0)",
        "oppScoringAgainst": "49.3% (28.8) // 48.8% (28.7) // 56.9% (33.4) // 52.2% (36.0)",
        "savesPerGame": 30.0,
        "savesPerGameLast1": 16.0,
        "savesPerGameLast3": 29.3,
        "savesPerGameLast5": 28.4,
        "savesPer60": 29.6,
        "savesPer60Last1": 15.9,
        "savesPer60Last3": 29.1,
        "savesPer60Last5": 28.8,
        "shotsPerGame": 27.3,
        "shotsPerGameLast5": 25.6,
        "shotsAgainstPerGame": 33.7,
        "shotsAgainstPerGameLast5": 32.2,
        "oppSavesAgainstPer60": 28.4,
        "oppSavesAgainstPer60Last1": 26.5,
        "oppSavesAgainstPer60Last3": 27.1,
        "oppSavesAgainstPer60Last5": 26.7,
        "oppShotsAgainstPerGame": 30.7,
        "oppShotsAgainstPerGameLast5": 33.0,
        "savesProj": 30.5,
        "savesProjLast5": 28.1,
        "savesProjLast3": 28.6,
        "oppSavesAgainstProj": 30.0,
        "oppSavesAgainstProjLast5": 25.0,
        "oppSavesAgainstProjLast3": 25.8,
        "totalOver": 46,
        "totalOverLast5": 40,
        "totalOverLast15": 33,
        "lastTotalOver": 0,
        "last5": "2,3,1,0,3,1,2,3,0,2",
        "overOdds": "+145",
        "underOdds": "-180",
        "overUnder": "+145 / -180"
    },
    {
        "player": "Tj Brodie",
        "team": "TOR",
        "opponent": "BOS",
        "propType": "bs",
        "line": 1.5,
        "ppLine": "",
        "avg": 1.81,
        "hit": false,
        "diffAvg": 0.21,
        "diffAbs": 1.0,
        "lastAvg": 0.0,
        "diff": 0,
        "avgMin": 21,
        "proj": 0.0,
        "lastAvgMin": 21.3,
        "oppOver": 0,
        "teamOver": 0,
        "gameLine": "+130",
        "+/-": "+11",
        "L5_+/-": "+2.0",
        "prevMatchup": "2023-02-01 1.0 bs 2022-11-05 1.0 bs",
        "winLossSplits": "68% - 43%",
        "awayHome": "A",
        "playedYesterday": "N",
        "awayHomeSplits": "48% - 66%",
        "savesAboveExp": 0.19,
        "gsaa": 12.8,
        "corsi": "51.1% (57.9) // 51.1% (61.0) // 53.8% (65.8) // 53.4% (66.0)",
        "fenwick": "51.9% (44.1) // 51.2% (46.2) // 55.6% (51.6) // 55.4% (51.0)",
        "shots": "52.5% (32.0) // 52.1% (33.6) // 58.5% (38.5) // 58.7% (38.3)",
        "scoring": "54.1% (33.7) // 55.6% (35.8) // 56.9% (39.0) // 58.5% (40.3)",
        "corsiAgainst": "48.9% (55.4) // 48.9% (58.4) // 46.2% (56.6) // 46.6% (57.7)",
        "fenwickAgainst": "48.1% (40.8) // 48.8% (44.0) // 44.4% (41.2) // 44.6% (41.0)",
        "shotsAgainst": "47.5% (29.0) // 47.9% (31.0) // 41.5% (27.3) // 41.3% (27.0)",
        "scoringAgainst": "45.9% (28.6) // 44.4% (28.6) // 43.1% (29.5) // 41.5% (28.7)",
        "oppCorsi": "51.2% (57.9) // 49.1% (56.0) // 53.8% (61.8) // 48.4% (56.2)",
        "oppFenwick": "51.6% (43.7) // 49.1% (43.0) // 55.5% (46.9) // 49.4% (42.2)",
        "oppShots": "52.5% (32.5) // 51.6% (31.8) // 54.5% (32.5) // 51.6% (31.7)",
        "oppScoring": "53.0% (32.3) // 52.6% (32.9) // 55.0% (35.2) // 48.6% (34.1)",
        "oppCorsiAgainst": "48.8% (55.1) // 50.9% (58.0) // 46.2% (53.0) // 51.6% (60.0)",
        "oppFenwickAgainst": "48.4% (41.1) // 50.9% (44.6) // 44.5% (37.6) // 50.6% (43.2)",
        "oppShotsAgainst": "47.5% (29.3) // 48.4% (29.9) // 45.5% (27.1) // 48.4% (29.8)",
        "oppScoringAgainst": "47.0% (28.7) // 47.4% (29.7) // 45.0% (28.8) // 51.4% (36.0)",
        "savesPerGame": 26.5,
        "savesPerGameLast1": 24.0,
        "savesPerGameLast3": 24.7,
        "savesPerGameLast5": 24.6,
        "savesPer60": 26.5,
        "savesPer60Last1": 24.0,
        "savesPer60Last3": 24.5,
        "savesPer60Last5": 24.6,
        "shotsPerGame": 32.2,
        "shotsPerGameLast5": 37.8,
        "shotsAgainstPerGame": 29.2,
        "shotsAgainstPerGameLast5": 27.0,
        "oppSavesAgainstPer60": 29.2,
        "oppSavesAgainstPer60Last1": 28.0,
        "oppSavesAgainstPer60Last3": 30.1,
        "oppSavesAgainstPer60Last5": 32.1,
        "oppShotsAgainstPerGame": 29.7,
        "oppShotsAgainstPerGameLast5": 29.6,
        "savesProj": 27.9,
        "savesProjLast5": 28.0,
        "savesProjLast3": 25.8,
        "oppSavesAgainstProj": 27.5,
        "oppSavesAgainstProjLast5": 27.6,
        "oppSavesAgainstProjLast3": 26.8,
        "totalOver": 57,
        "totalOverLast5": 40,
        "totalOverLast15": 60,
        "lastTotalOver": 0,
        "last5": "2,1,2,1,0,2,1,3,3,3",
        "overOdds": "-145",
        "underOdds": "+115",
        "overUnder": "-145 / +115"
    },
    {
        "player": "Mark Giordano",
        "team": "TOR",
        "opponent": "BOS",
        "propType": "bs",
        "line": 1.5,
        "ppLine": "PP2",
        "avg": 1.89,
        "hit": false,
        "diffAvg": 0.26,
        "diffAbs": 1.0,
        "lastAvg": 0.0,
        "diff": 0,
        "avgMin": 18,
        "proj": 0.0,
        "lastAvgMin": 20.87,
        "oppOver": 0,
        "teamOver": 0,
        "gameLine": "+130",
        "+/-": "+26",
        "L5_+/-": "+2.0",
        "prevMatchup": "2023-02-01 0.0 bs 2023-01-14 5.0 bs 2022-11-05 2.0 bs",
        "winLossSplits": "60% - 40%",
        "awayHome": "A",
        "playedYesterday": "N",
        "awayHomeSplits": "58% - 46%",
        "savesAboveExp": 0.19,
        "gsaa": 12.8,
        "corsi": "51.1% (57.9) // 51.1% (61.0) // 53.8% (65.8) // 53.4% (66.0)",
        "fenwick": "51.9% (44.1) // 51.2% (46.2) // 55.6% (51.6) // 55.4% (51.0)",
        "shots": "52.5% (32.0) // 52.1% (33.6) // 58.5% (38.5) // 58.7% (38.3)",
        "scoring": "54.1% (33.7) // 55.6% (35.8) // 56.9% (39.0) // 58.5% (40.3)",
