[
    {
        "player": "Adam Fox",
        "team": "NYR",
        "opponent": "TB",
        "propType": "g",
        "line": 0.5,
        "ppLine": "PP1",
        "avg": 0.16,
        "hit": false,
        "diffAvg": -0.68,
        "diffAbs": 0.8,
        "lastAvg": 0.11,
        "diff": -0.78,
        "avgMin": 24,
        "proj": 0.1,
        "lastAvgMin": 23.9,
        "oppOver": 0,
        "teamOver": 0,
        "gameLine": "-120",
        "+/-": "+28",
        "L5_+/-": "+8.0",
        "prevMatchup": "2022-12-29 0.0 g 2022-10-11 0.0 g",
        "winLossSplits": "20% - 9%",
        "awayHome": "H",
        "playedYesterday": "N",
        "awayHomeSplits": "13% - 18%",
        "savesAboveExp": 0.522,
        "gsaa": 24.74,
        "corsi": "51.4% (58.2) // 46.4% (52.2) // 48.9% (56.6) // 47.6% (56.1)",
        "fenwick": "52.1% (44.0) // 48.4% (41.4) // 50.4% (45.9) // 49.5% (45.5)",
        "shots": "51.8% (31.3) // 49.8% (30.9) // 51.0% (31.8) // 49.7% (30.4)",
        "scoring": "51.3% (30.8) // 47.7% (28.7) // 46.2% (29.0) // 44.6% (28.4)",
        "corsiAgainst": "48.6% (55.0) // 53.6% (60.3) // 51.1% (59.0) // 52.4% (61.7)",
        "fenwickAgainst": "47.9% (40.4) // 51.6% (44.1) // 49.6% (45.2) // 50.5% (46.5)",
        "shotsAgainst": "48.2% (29.1) // 50.2% (31.2) // 49.0% (30.5) // 50.3% (30.7)",
        "scoringAgainst": "48.7% (29.3) // 52.3% (31.5) // 53.8% (33.7) // 55.4% (35.3)",
        "oppCorsi": "51.5% (59.4) // 51.1% (57.7) // 50.0% (54.3) // 51.1% (57.5)",
        "oppFenwick": "51.5% (44.7) // 49.2% (41.3) // 47.4% (39.7) // 50.9% (44.5)",
        "oppShots": "50.5% (31.6) // 49.0% (29.3) // 46.5% (29.0) // 48.9% (33.0)",
        "oppScoring": "53.2% (33.9) // 49.9% (29.5) // 54.6% (31.3) // 59.7% (37.0)",
        "oppCorsiAgainst": "48.5% (56.0) // 48.9% (55.2) // 50.0% (54.3) // 48.9% (55.0)",
        "oppFenwickAgainst": "48.5% (42.1) // 50.8% (42.5) // 52.6% (44.0) // 49.1% (43.0)",
        "oppShotsAgainst": "49.5% (31.0) // 51.0% (30.4) // 53.5% (33.3) // 51.1% (34.5)",
        "oppScoringAgainst": "46.8% (29.8) // 50.1% (29.6) // 45.4% (26.0) // 40.3% (25.0)",
        "savesPerGame": 26.8,
        "savesPerGameLast1": 26.0,
        "savesPerGameLast3": 28.7,
        "savesPerGameLast5": 29.0,
        "savesPer60": 27.0,
        "savesPer60Last1": 26.0,
        "savesPer60Last3": 28.7,
        "savesPer60Last5": 29.0,
        "shotsPerGame": 31.7,
        "shotsPerGameLast5": 34.0,
        "shotsAgainstPerGame": 29.5,
        "shotsAgainstPerGameLast5": 31.4,
        "oppSavesAgainstPer60": 28.5,
        "oppSavesAgainstPer60Last1": 26.9,
        "oppSavesAgainstPer60Last3": 24.7,
        "oppSavesAgainstPer60Last5": 25.3,
        "oppShotsAgainstPerGame": 31.3,
        "oppShotsAgainstPerGameLast5": 33.8,
        "savesProj": 27.1,
        "savesProjLast5": 25.8,
        "savesProjLast3": 24.7,
        "oppSavesAgainstProj": 26.9,
        "oppSavesAgainstProjLast5": 24.8,
        "oppSavesAgainstProjLast3": 24.1,
        "totalOver": 16,
        "totalOverLast5": 20,
        "totalOverLast15": 13,
        "lastTotalOver": 17,
        "last5": "0,1,0,0,0,1,0,0,0,0",
        "overOdds": "+400",
        "underOdds": "0",
        "overUnder": "+400 / 0"
    },
    {
        "player": "Artemi Panarin",
        "team": "NYR",
        "opponent": "TB",
        "propType": "g",
        "line": 0.5,
        "ppLine": "PP1",
        "avg": 0.32,
        "hit": false,
        "diffAvg": -0.36,
        "diffAbs": 0.6,
        "lastAvg": 0.23,
        "diff": -0.54,
        "avgMin": 19,
        "proj": 0.2,
        "lastAvgMin": 19.22,
        "oppOver": 0,
        "teamOver": 0,
        "gameLine": "-120",
        "+/-": "+5",
        "L5_+/-": "+6.0",
        "prevMatchup": "2022-12-29 0.0 g 2022-10-11 0.0 g",
        "winLossSplits": "36% - 12%",
        "awayHome": "H",
        "playedYesterday": "N",
        "awayHomeSplits": "23% - 29%",
        "savesAboveExp": 0.522,
        "gsaa": 24.74,
        "corsi": "51.4% (58.2) // 46.4% (52.2) // 48.9% (56.6) // 47.6% (56.1)",
        "fenwick": "52.1% (44.0) // 48.4% (41.4) // 50.4% (45.9) // 49.5% (45.5)",
        "shots": "51.8% (31.3) // 49.8% (30.9) // 51.0% (31.8) // 49.7% (30.4)",
        "scoring": "51.3% (30.8) // 47.7% (28.7) // 46.2% (29.0) // 44.6% (28.4)",
        "corsiAgainst": "48.6% (55.0) // 53.6% (60.3) // 51.1% (59.0) // 52.4% (61.7)",
        "fenwickAgainst": "47.9% (40.4) // 51.6% (44.1) // 49.6% (45.2) // 50.5% (46.5)",
        "shotsAgainst": "48.2% (29.1) // 50.2% (31.2) // 49.0% (30.5) // 50.3% (30.7)",
        "scoringAgainst": "48.7% (29.3) // 52.3% (31.5) // 53.8% (33.7) // 55.4% (35.3)",
        "oppCorsi": "51.5% (59.4) // 51.1% (57.7) // 50.0% (54.3) // 51.1% (57.5)",
        "oppFenwick": "51.5% (44.7) // 49.2% (41.3) // 47.4% (39.7) // 50.9% (44.5)",
        "oppShots": "50.5% (31.6) // 49.0% (29.3) // 46.5% (29.0) // 48.9% (33.0)",
        "oppScoring": "53.2% (33.9) // 49.9% (29.5) // 54.6% (31.3) // 59.7% (37.0)",
        "oppCorsiAgainst": "48.5% (56.0) // 48.9% (55.2) // 50.0% (54.3) // 48.9% (55.0)",
        "oppFenwickAgainst": "48.5% (42.1) // 50.8% (42.5) // 52.6% (44.0) // 49.1% (43.0)",
        "oppShotsAgainst": "49.5% (31.0) // 51.0% (30.4) // 53.5% (33.3) // 51.1% (34.5)",
        "oppScoringAgainst": "46.8% (29.8) // 50.1% (29.6) // 45.4% (26.0) // 40.3% (25.0)",
        "savesPerGame": 26.8,
        "savesPerGameLast1": 26.0,
        "savesPerGameLast3": 28.7,
        "savesPerGameLast5": 29.0,
        "savesPer60": 27.0,
        "savesPer60Last1": 26.0,
        "savesPer60Last3": 28.7,
        "savesPer60Last5": 29.0,
        "shotsPerGame": 31.7,
        "shotsPerGameLast5": 34.0,
        "shotsAgainstPerGame": 29.5,
        "shotsAgainstPerGameLast5": 31.4,
        "oppSavesAgainstPer60": 28.5,
        "oppSavesAgainstPer60Last1": 26.9,
        "oppSavesAgainstPer60Last3": 24.7,
        "oppSavesAgainstPer60Last5": 25.3,
        "oppShotsAgainstPerGame": 31.3,
        "oppShotsAgainstPerGameLast5": 33.8,
        "savesProj": 27.1,
        "savesProjLast5": 25.8,
        "savesProjLast3": 24.7,
        "oppSavesAgainstProj": 26.9,
        "oppSavesAgainstProjLast5": 24.8,
        "oppSavesAgainstProjLast3": 24.1,
        "totalOver": 26,
        "totalOverLast5": 20,
        "totalOverLast15": 33,
        "lastTotalOver": 28,
        "last5": "0,0,0,1,0,1,0,1,2,0",
        "overOdds": "+185",
        "underOdds": "0",
        "overUnder": "+185 / 0"
    },
    {
        "player": "Brandon Hagel",
        "team": "TB",
        "opponent": "NYR",
        "propType": "g",
        "line": 0.5,
        "ppLine": "PP2",
        "avg": 0.35,
        "hit": false,
        "diffAvg": -0.3,
        "diffAbs": 0.4,
        "lastAvg": 0.25,
        "diff": -0.5,
        "avgMin": 18,
        "proj": 0.3,
        "lastAvgMin": 16.35,
        "oppOver": 0,
        "teamOver": 0,
        "gameLine": "+100",
        "+/-": "+19",
        "L5_+/-": "+5.0",
        "prevMatchup": "2022-12-29 0.0 g 2022-10-11 0.0 g",
        "winLossSplits": "42% - 9%",
        "awayHome": "A",
        "playedYesterday": "N",
        "awayHomeSplits": "24% - 33%",
        "savesAboveExp": 0.388,
        "gsaa": 17.02,
        "corsi": "51.5% (59.4) // 51.1% (57.7) // 50.0% (54.3) // 51.1% (57.5)",
        "fenwick": "51.5% (44.7) // 49.2% (41.3) // 47.4% (39.7) // 50.9% (44.5)",
        "shots": "50.5% (31.6) // 49.0% (29.3) // 46.5% (29.0) // 48.9% (33.0)",
        "scoring": "53.2% (33.9) // 49.9% (29.5) // 54.6% (31.3) // 59.7% (37.0)",
        "corsiAgainst": "48.5% (56.0) // 48.9% (55.2) // 50.0% (54.3) // 48.9% (55.0)",
        "fenwickAgainst": "48.5% (42.1) // 50.8% (42.5) // 52.6% (44.0) // 49.1% (43.0)",
        "shotsAgainst": "49.5% (31.0) // 51.0% (30.4) // 53.5% (33.3) // 51.1% (34.5)",
        "scoringAgainst": "46.8% (29.8) // 50.1% (29.6) // 45.4% (26.0) // 40.3% (25.0)",
        "oppCorsi": "51.4% (58.2) // 46.4% (52.2) // 48.9% (56.6) // 47.6% (56.1)",
        "oppFenwick": "52.1% (44.0) // 48.4% (41.4) // 50.4% (45.9) // 49.5% (45.5)",
        "oppShots": "51.8% (31.3) // 49.8% (30.9) // 51.0% (31.8) // 49.7% (30.4)",
        "oppScoring": "51.3% (30.8) // 47.7% (28.7) // 46.2% (29.0) // 44.6% (28.4)",
        "oppCorsiAgainst": "48.6% (55.0) // 53.6% (60.3) // 51.1% (59.0) // 52.4% (61.7)",
        "oppFenwickAgainst": "47.9% (40.4) // 51.6% (44.1) // 49.6% (45.2) // 50.5% (46.5)",
        "oppShotsAgainst": "48.2% (29.1) // 50.2% (31.2) // 49.0% (30.5) // 50.3% (30.7)",
        "oppScoringAgainst": "48.7% (29.3) // 52.3% (31.5) // 53.8% (33.7) // 55.4% (35.3)",
        "savesPerGame": 28.3,
        "savesPerGameLast1": 38.0,
        "savesPerGameLast3": 33.0,
        "savesPerGameLast5": 31.8,
        "savesPer60": 28.3,
        "savesPer60Last1": 38.0,
        "savesPer60Last3": 32.9,
        "savesPer60Last5": 31.6,
        "shotsPerGame": 31.9,
        "shotsPerGameLast5": 28.6,
        "shotsAgainstPerGame": 31.3,
        "shotsAgainstPerGameLast5": 33.8,
        "oppSavesAgainstPer60": 28.5,
        "oppSavesAgainstPer60Last1": 29.0,
        "oppSavesAgainstPer60Last3": 27.9,
        "oppSavesAgainstPer60Last5": 30.2,
        "oppShotsAgainstPerGame": 29.5,
        "oppShotsAgainstPerGameLast5": 31.4,
        "savesProj": 29.7,
        "savesProjLast5": 35.6,
        "savesProjLast3": 34.1,
        "oppSavesAgainstProj": 28.5,
        "oppSavesAgainstProjLast5": 32.8,
        "oppSavesAgainstProjLast3": 31.6,
        "totalOver": 29,
        "totalOverLast5": 0,
        "totalOverLast15": 20,
        "lastTotalOver": 22,
        "last5": "0,0,0,0,0,0,0,3,0,1",
        "overOdds": "+230",
        "underOdds": "0",
        "overUnder": "+230 / 0"
    },
    {
        "player": "Brayden Point",
        "team": "TB",
        "opponent": "NYR",
        "propType": "g",
        "line": 0.5,
        "ppLine": "PP1",
        "avg": 0.62,
        "hit": false,
        "diffAvg": 0.24,
        "diffAbs": 0.2,
        "lastAvg": 0.37,
        "diff": -0.26,
        "avgMin": 19,
        "proj": 0.4,
        "lastAvgMin": 19.45,
        "oppOver": 0,
        "teamOver": 0,
        "gameLine": "+100",
        "+/-": "+5",
        "L5_+/-": "+7.0",
        "prevMatchup": "2022-12-29 1.0 g 2022-10-11 0.0 g",
        "winLossSplits": "53% - 44%",
        "awayHome": "A",
        "playedYesterday": "N",
        "awayHomeSplits": "37% - 62%",
        "savesAboveExp": 0.388,
        "gsaa": 17.02,
        "corsi": "51.5% (59.4) // 51.1% (57.7) // 50.0% (54.3) // 51.1% (57.5)",
        "fenwick": "51.5% (44.7) // 49.2% (41.3) // 47.4% (39.7) // 50.9% (44.5)",
        "shots": "50.5% (31.6) // 49.0% (29.3) // 46.5% (29.0) // 48.9% (33.0)",
        "scoring": "53.2% (33.9) // 49.9% (29.5) // 54.6% (31.3) // 59.7% (37.0)",
        "corsiAgainst": "48.5% (56.0) // 48.9% (55.2) // 50.0% (54.3) // 48.9% (55.0)",
        "fenwickAgainst": "48.5% (42.1) // 50.8% (42.5) // 52.6% (44.0) // 49.1% (43.0)",
        "shotsAgainst": "49.5% (31.0) // 51.0% (30.4) // 53.5% (33.3) // 51.1% (34.5)",
        "scoringAgainst": "46.8% (29.8) // 50.1% (29.6) // 45.4% (26.0) // 40.3% (25.0)",
        "oppCorsi": "51.4% (58.2) // 46.4% (52.2) // 48.9% (56.6) // 47.6% (56.1)",
        "oppFenwick": "52.1% (44.0) // 48.4% (41.4) // 50.4% (45.9) // 49.5% (45.5)",
        "oppShots": "51.8% (31.3) // 49.8% (30.9) // 51.0% (31.8) // 49.7% (30.4)",
        "oppScoring": "51.3% (30.8) // 47.7% (28.7) // 46.2% (29.0) // 44.6% (28.4)",
        "oppCorsiAgainst": "48.6% (55.0) // 53.6% (60.3) // 51.1% (59.0) // 52.4% (61.7)",
        "oppFenwickAgainst": "47.9% (40.4) // 51.6% (44.1) // 49.6% (45.2) // 50.5% (46.5)",
        "oppShotsAgainst": "48.2% (29.1) // 50.2% (31.2) // 49.0% (30.5) // 50.3% (30.7)",
        "oppScoringAgainst": "48.7% (29.3) // 52.3% (31.5) // 53.8% (33.7) // 55.4% (35.3)",
        "savesPerGame": 28.3,
        "savesPerGameLast1": 38.0,
        "savesPerGameLast3": 33.0,
        "savesPerGameLast5": 31.8,
        "savesPer60": 28.3,
        "savesPer60Last1": 38.0,
        "savesPer60Last3": 32.9,
        "savesPer60Last5": 31.6,
        "shotsPerGame": 31.9,
        "shotsPerGameLast5": 28.6,
        "shotsAgainstPerGame": 31.3,
        "shotsAgainstPerGameLast5": 33.8,
        "oppSavesAgainstPer60": 28.5,
        "oppSavesAgainstPer60Last1": 29.0,
        "oppSavesAgainstPer60Last3": 27.9,
        "oppSavesAgainstPer60Last5": 30.2,
        "oppShotsAgainstPerGame": 29.5,
        "oppShotsAgainstPerGameLast5": 31.4,
        "savesProj": 29.7,
        "savesProjLast5": 35.6,
        "savesProjLast3": 34.1,
        "oppSavesAgainstProj": 28.5,
        "oppSavesAgainstProjLast5": 32.8,
        "oppSavesAgainstProjLast3": 31.6,
        "totalOver": 49,
        "totalOverLast5": 60,
        "totalOverLast15": 40,
        "lastTotalOver": 36,
        "last5": "1,0,2,0,1,1,0,0,0,0",
        "overOdds": "+125",
        "underOdds": "0",
        "overUnder": "+125 / 0"
    },
    {
        "player": "Chris Kreider",
        "team": "NYR",
        "opponent": "TB",
        "propType": "g",
        "line": 0.5,
        "ppLine": "PP1",
        "avg": 0.43,
        "hit": false,
        "diffAvg": -0.14,
        "diffAbs": 0.0,
        "lastAvg": 0.5,
        "diff": 0.0,
        "avgMin": 18,
        "proj": 0.5,
        "lastAvgMin": 18.72,
        "oppOver": 0,
        "teamOver": 0,
        "gameLine": "-120",
        "+/-": "+22",
        "L5_+/-": "+4.0",
        "prevMatchup": "2022-12-29 0.0 g 2022-10-11 0.0 g",
        "winLossSplits": "42% - 29%",
        "awayHome": "H",
        "playedYesterday": "N",
        "awayHomeSplits": "37% - 36%",
        "savesAboveExp": 0.522,
        "gsaa": 24.74,
        "corsi": "51.4% (58.2) // 46.4% (52.2) // 48.9% (56.6) // 47.6% (56.1)",
        "fenwick": "52.1% (44.0) // 48.4% (41.4) // 50.4% (45.9) // 49.5% (45.5)",
        "shots": "51.8% (31.3) // 49.8% (30.9) // 51.0% (31.8) // 49.7% (30.4)",
        "scoring": "51.3% (30.8) // 47.7% (28.7) // 46.2% (29.0) // 44.6% (28.4)",
        "corsiAgainst": "48.6% (55.0) // 53.6% (60.3) // 51.1% (59.0) // 52.4% (61.7)",
        "fenwickAgainst": "47.9% (40.4) // 51.6% (44.1) // 49.6% (45.2) // 50.5% (46.5)",
        "shotsAgainst": "48.2% (29.1) // 50.2% (31.2) // 49.0% (30.5) // 50.3% (30.7)",
        "scoringAgainst": "48.7% (29.3) // 52.3% (31.5) // 53.8% (33.7) // 55.4% (35.3)",
        "oppCorsi": "51.5% (59.4) // 51.1% (57.7) // 50.0% (54.3) // 51.1% (57.5)",
        "oppFenwick": "51.5% (44.7) // 49.2% (41.3) // 47.4% (39.7) // 50.9% (44.5)",
        "oppShots": "50.5% (31.6) // 49.0% (29.3) // 46.5% (29.0) // 48.9% (33.0)",
        "oppScoring": "53.2% (33.9) // 49.9% (29.5) // 54.6% (31.3) // 59.7% (37.0)",
        "oppCorsiAgainst": "48.5% (56.0) // 48.9% (55.2) // 50.0% (54.3) // 48.9% (55.0)",
        "oppFenwickAgainst": "48.5% (42.1) // 50.8% (42.5) // 52.6% (44.0) // 49.1% (43.0)",
        "oppShotsAgainst": "49.5% (31.0) // 51.0% (30.4) // 53.5% (33.3) // 51.1% (34.5)",
        "oppScoringAgainst": "46.8% (29.8) // 50.1% (29.6) // 45.4% (26.0) // 40.3% (25.0)",
        "savesPerGame": 26.8,
        "savesPerGameLast1": 26.0,
        "savesPerGameLast3": 28.7,
        "savesPerGameLast5": 29.0,
        "savesPer60": 27.0,
        "savesPer60Last1": 26.0,
        "savesPer60Last3": 28.7,
        "savesPer60Last5": 29.0,
        "shotsPerGame": 31.7,
        "shotsPerGameLast5": 34.0,
        "shotsAgainstPerGame": 29.5,
        "shotsAgainstPerGameLast5": 31.4,
        "oppSavesAgainstPer60": 28.5,
        "oppSavesAgainstPer60Last1": 26.9,
        "oppSavesAgainstPer60Last3": 24.7,
        "oppSavesAgainstPer60Last5": 25.3,
        "oppShotsAgainstPerGame": 31.3,
        "oppShotsAgainstPerGameLast5": 33.8,
        "savesProj": 27.1,
        "savesProjLast5": 25.8,
        "savesProjLast3": 24.7,
        "oppSavesAgainstProj": 26.9,
        "oppSavesAgainstProjLast5": 24.8,
        "oppSavesAgainstProjLast3": 24.1,
        "totalOver": 36,
        "totalOverLast5": 20,
        "totalOverLast15": 33,
        "lastTotalOver": 48,
        "last5": "0,0,1,0,0,0,0,1,1,2",
        "overOdds": "+155",
        "underOdds": "0",
        "overUnder": "+155 / 0"
    },
    {
        "player": "Filip Chytil",
        "team": "NYR",
        "opponent": "TB",
        "propType": "g",
        "line": 0.5,
        "ppLine": "PP2",
        "avg": 0.29,
        "hit": false,
        "diffAvg": -0.42,
        "diffAbs": 0.8,
        "lastAvg": 0.09,
        "diff": -0.82,
        "avgMin": 14,
        "proj": 0.1,
        "lastAvgMin": 13.17,
        "oppOver": 0,
        "teamOver": 0,
        "gameLine": "-120",
        "+/-": "+18",
        "L5_+/-": "+9.0",
        "prevMatchup": "2022-12-29 0.0 g 2022-10-11 0.0 g",
        "winLossSplits": "34% - 14%",
        "awayHome": "H",
        "playedYesterday": "N",
        "awayHomeSplits": "17% - 36%",
        "savesAboveExp": 0.522,
        "gsaa": 24.74,
        "corsi": "51.4% (58.2) // 46.4% (52.2) // 48.9% (56.6) // 47.6% (56.1)",
        "fenwick": "52.1% (44.0) // 48.4% (41.4) // 50.4% (45.9) // 49.5% (45.5)",
        "shots": "51.8% (31.3) // 49.8% (30.9) // 51.0% (31.8) // 49.7% (30.4)",
        "scoring": "51.3% (30.8) // 47.7% (28.7) // 46.2% (29.0) // 44.6% (28.4)",
        "corsiAgainst": "48.6% (55.0) // 53.6% (60.3) // 51.1% (59.0) // 52.4% (61.7)",
        "fenwickAgainst": "47.9% (40.4) // 51.6% (44.1) // 49.6% (45.2) // 50.5% (46.5)",
        "shotsAgainst": "48.2% (29.1) // 50.2% (31.2) // 49.0% (30.5) // 50.3% (30.7)",
        "scoringAgainst": "48.7% (29.3) // 52.3% (31.5) // 53.8% (33.7) // 55.4% (35.3)",
        "oppCorsi": "51.5% (59.4) // 51.1% (57.7) // 50.0% (54.3) // 51.1% (57.5)",
        "oppFenwick": "51.5% (44.7) // 49.2% (41.3) // 47.4% (39.7) // 50.9% (44.5)",
        "oppShots": "50.5% (31.6) // 49.0% (29.3) // 46.5% (29.0) // 48.9% (33.0)",
        "oppScoring": "53.2% (33.9) // 49.9% (29.5) // 54.6% (31.3) // 59.7% (37.0)",
        "oppCorsiAgainst": "48.5% (56.0) // 48.9% (55.2) // 50.0% (54.3) // 48.9% (55.0)",
        "oppFenwickAgainst": "48.5% (42.1) // 50.8% (42.5) // 52.6% (44.0) // 49.1% (43.0)",
        "oppShotsAgainst": "49.5% (31.0) // 51.0% (30.4) // 53.5% (33.3) // 51.1% (34.5)",
        "oppScoringAgainst": "46.8% (29.8) // 50.1% (29.6) // 45.4% (26.0) // 40.3% (25.0)",
        "savesPerGame": 26.8,
        "savesPerGameLast1": 26.0,
        "savesPerGameLast3": 28.7,
        "savesPerGameLast5": 29.0,
        "savesPer60": 27.0,
        "savesPer60Last1": 26.0,
        "savesPer60Last3": 28.7,
        "savesPer60Last5": 29.0,
        "shotsPerGame": 31.7,
        "shotsPerGameLast5": 34.0,
        "shotsAgainstPerGame": 29.5,
        "shotsAgainstPerGameLast5": 31.4,
        "oppSavesAgainstPer60": 28.5,
        "oppSavesAgainstPer60Last1": 26.9,
        "oppSavesAgainstPer60Last3": 24.7,
        "oppSavesAgainstPer60Last5": 25.3,
        "oppShotsAgainstPerGame": 31.3,
        "oppShotsAgainstPerGameLast5": 33.8,
        "savesProj": 27.1,
        "savesProjLast5": 25.8,
        "savesProjLast3": 24.7,
        "oppSavesAgainstProj": 26.9,
        "oppSavesAgainstProjLast5": 24.8,
        "oppSavesAgainstProjLast3": 24.1,
        "totalOver": 26,
        "totalOverLast5": 40,
        "totalOverLast15": 20,
        "lastTotalOver": 16,
        "last5": "0,0,0,1,1,0,0,1,0,0",
        "overOdds": "+240",
        "underOdds": "0",
        "overUnder": "+240 / 0"
    },
    {
        "player": "Jacob Trouba",
        "team": "NYR",
        "opponent": "TB",
        "propType": "g",
        "line": 0.5,
        "ppLine": "PP2",
        "avg": 0.1,
        "hit": false,
        "diffAvg": -0.8,
        "diffAbs": 0.8,
        "lastAvg": 0.11,
        "diff": -0.78,
        "avgMin": 21,
        "proj": 0.1,
        "lastAvgMin": 22.42,
        "oppOver": 0,
        "teamOver": 0,
        "gameLine": "-120",
        "+/-": "+7",
        "L5_+/-": "+12.0",
        "prevMatchup": "2022-12-29 0.0 g 2022-10-11 0.0 g",
        "winLossSplits": "16% - 3%",
        "awayHome": "H",
        "playedYesterday": "N",
        "awayHomeSplits": "8% - 13%",
        "savesAboveExp": 0.522,
        "gsaa": 24.74,
        "corsi": "51.4% (58.2) // 46.4% (52.2) // 48.9% (56.6) // 47.6% (56.1)",
        "fenwick": "52.1% (44.0) // 48.4% (41.4) // 50.4% (45.9) // 49.5% (45.5)",
        "shots": "51.8% (31.3) // 49.8% (30.9) // 51.0% (31.8) // 49.7% (30.4)",
        "scoring": "51.3% (30.8) // 47.7% (28.7) // 46.2% (29.0) // 44.6% (28.4)",
        "corsiAgainst": "48.6% (55.0) // 53.6% (60.3) // 51.1% (59.0) // 52.4% (61.7)",
        "fenwickAgainst": "47.9% (40.4) // 51.6% (44.1) // 49.6% (45.2) // 50.5% (46.5)",
        "shotsAgainst": "48.2% (29.1) // 50.2% (31.2) // 49.0% (30.5) // 50.3% (30.7)",
        "scoringAgainst": "48.7% (29.3) // 52.3% (31.5) // 53.8% (33.7) // 55.4% (35.3)",
        "oppCorsi": "51.5% (59.4) // 51.1% (57.7) // 50.0% (54.3) // 51.1% (57.5)",
        "oppFenwick": "51.5% (44.7) // 49.2% (41.3) // 47.4% (39.7) // 50.9% (44.5)",
        "oppShots": "50.5% (31.6) // 49.0% (29.3) // 46.5% (29.0) // 48.9% (33.0)",
        "oppScoring": "53.2% (33.9) // 49.9% (29.5) // 54.6% (31.3) // 59.7% (37.0)",
        "oppCorsiAgainst": "48.5% (56.0) // 48.9% (55.2) // 50.0% (54.3) // 48.9% (55.0)",
        "oppFenwickAgainst": "48.5% (42.1) // 50.8% (42.5) // 52.6% (44.0) // 49.1% (43.0)",
        "oppShotsAgainst": "49.5% (31.0) // 51.0% (30.4) // 53.5% (33.3) // 51.1% (34.5)",
        "oppScoringAgainst": "46.8% (29.8) // 50.1% (29.6) // 45.4% (26.0) // 40.3% (25.0)",
        "savesPerGame": 26.8,
        "savesPerGameLast1": 26.0,
        "savesPerGameLast3": 28.7,
        "savesPerGameLast5": 29.0,
        "savesPer60": 27.0,
        "savesPer60Last1": 26.0,
        "savesPer60Last3": 28.7,
        "savesPer60Last5": 29.0,
        "shotsPerGame": 31.7,
        "shotsPerGameLast5": 34.0,
        "shotsAgainstPerGame": 29.5,
        "shotsAgainstPerGameLast5": 31.4,
        "oppSavesAgainstPer60": 28.5,
        "oppSavesAgainstPer60Last1": 26.9,
        "oppSavesAgainstPer60Last3": 24.7,
        "oppSavesAgainstPer60Last5": 25.3,
        "oppShotsAgainstPerGame": 31.3,
        "oppShotsAgainstPerGameLast5": 33.8,
        "savesProj": 27.1,
        "savesProjLast5": 25.8,
        "savesProjLast3": 24.7,
        "oppSavesAgainstProj": 26.9,
        "oppSavesAgainstProjLast5": 24.8,
        "oppSavesAgainstProjLast3": 24.1,
        "totalOver": 10,
        "totalOverLast5": 0,
        "totalOverLast15": 20,
        "lastTotalOver": 12,
        "last5": "0,0,0,0,0,0,0,0,1,0",
        "overOdds": "+600",
        "underOdds": "0",
        "overUnder": "+600 / 0"
    },
    {
        "player": "Mika Zibanejad",
        "team": "NYR",
        "opponent": "TB",
        "propType": "g",
        "line": 0.5,
        "ppLine": "PP1",
        "avg": 0.51,
        "hit": false,
        "diffAvg": 0.02,
        "diffAbs": 0.4,
        "lastAvg": 0.29,
        "diff": -0.42,
        "avgMin": 20,
        "proj": 0.3,
        "lastAvgMin": 19.62,
        "oppOver": 0,
        "teamOver": 0,
        "gameLine": "-120",
        "+/-": "+23",
        "L5_+/-": "+4.0",
        "prevMatchup": "2022-12-29 1.0 g 2022-10-11 2.0 g",
        "winLossSplits": "53% - 19%",
        "awayHome": "H",
        "playedYesterday": "N",
        "awayHomeSplits": "33% - 45%",
        "savesAboveExp": 0.522,
        "gsaa": 24.74,
        "corsi": "51.4% (58.2) // 46.4% (52.2) // 48.9% (56.6) // 47.6% (56.1)",
        "fenwick": "52.1% (44.0) // 48.4% (41.4) // 50.4% (45.9) // 49.5% (45.5)",
        "shots": "51.8% (31.3) // 49.8% (30.9) // 51.0% (31.8) // 49.7% (30.4)",
        "scoring": "51.3% (30.8) // 47.7% (28.7) // 46.2% (29.0) // 44.6% (28.4)",
        "corsiAgainst": "48.6% (55.0) // 53.6% (60.3) // 51.1% (59.0) // 52.4% (61.7)",
        "fenwickAgainst": "47.9% (40.4) // 51.6% (44.1) // 49.6% (45.2) // 50.5% (46.5)",
        "shotsAgainst": "48.2% (29.1) // 50.2% (31.2) // 49.0% (30.5) // 50.3% (30.7)",
        "scoringAgainst": "48.7% (29.3) // 52.3% (31.5) // 53.8% (33.7) // 55.4% (35.3)",
        "oppCorsi": "51.5% (59.4) // 51.1% (57.7) // 50.0% (54.3) // 51.1% (57.5)",
        "oppFenwick": "51.5% (44.7) // 49.2% (41.3) // 47.4% (39.7) // 50.9% (44.5)",
        "oppShots": "50.5% (31.6) // 49.0% (29.3) // 46.5% (29.0) // 48.9% (33.0)",
        "oppScoring": "53.2% (33.9) // 49.9% (29.5) // 54.6% (31.3) // 59.7% (37.0)",
        "oppCorsiAgainst": "48.5% (56.0) // 48.9% (55.2) // 50.0% (54.3) // 48.9% (55.0)",
        "oppFenwickAgainst": "48.5% (42.1) // 50.8% (42.5) // 52.6% (44.0) // 49.1% (43.0)",
        "oppShotsAgainst": "49.5% (31.0) // 51.0% (30.4) // 53.5% (33.3) // 51.1% (34.5)",
        "oppScoringAgainst": "46.8% (29.8) // 50.1% (29.6) // 45.4% (26.0) // 40.3% (25.0)",
        "savesPerGame": 26.8,
        "savesPerGameLast1": 26.0,
        "savesPerGameLast3": 28.7,
        "savesPerGameLast5": 29.0,
        "savesPer60": 27.0,
        "savesPer60Last1": 26.0,
        "savesPer60Last3": 28.7,
        "savesPer60Last5": 29.0,
        "shotsPerGame": 31.7,
        "shotsPerGameLast5": 34.0,
        "shotsAgainstPerGame": 29.5,
        "shotsAgainstPerGameLast5": 31.4,
        "oppSavesAgainstPer60": 28.5,
        "oppSavesAgainstPer60Last1": 26.9,
        "oppSavesAgainstPer60Last3": 24.7,
        "oppSavesAgainstPer60Last5": 25.3,
        "oppShotsAgainstPerGame": 31.3,
        "oppShotsAgainstPerGameLast5": 33.8,
        "savesProj": 27.1,
        "savesProjLast5": 25.8,
        "savesProjLast3": 24.7,
        "oppSavesAgainstProj": 26.9,
        "oppSavesAgainstProjLast5": 24.8,
        "oppSavesAgainstProjLast3": 24.1,
        "totalOver": 39,
        "totalOverLast5": 40,
        "totalOverLast15": 40,
        "lastTotalOver": 33,
        "last5": "1,0,0,1,0,0,0,1,1,1",
        "overOdds": "+135",
        "underOdds": "0",
        "overUnder": "+135 / 0"
    },
    {
        "player": "Mikhail Sergachev",
        "team": "TB",
        "opponent": "NYR",
        "propType": "g",
        "line": 0.5,
        "ppLine": "PP1",
        "avg": 0.12,
        "hit": false,
        "diffAvg": -0.76,
        "diffAbs": 0.8,
        "lastAvg": 0.07,
        "diff": -0.86,
        "avgMin": 23,
        "proj": 0.1,
        "lastAvgMin": 22.47,
        "oppOver": 0,
        "teamOver": 0,
        "gameLine": "+100",
        "+/-": "+13",
        "L5_+/-": "+3.0",
        "prevMatchup": "2022-12-29 0.0 g 2022-10-11 0.0 g",
        "winLossSplits": "16% - 3%",
        "awayHome": "A",
        "playedYesterday": "N",
        "awayHomeSplits": "5% - 16%",
        "savesAboveExp": 0.388,
        "gsaa": 17.02,
        "corsi": "51.5% (59.4) // 51.1% (57.7) // 50.0% (54.3) // 51.1% (57.5)",
        "fenwick": "51.5% (44.7) // 49.2% (41.3) // 47.4% (39.7) // 50.9% (44.5)",
        "shots": "50.5% (31.6) // 49.0% (29.3) // 46.5% (29.0) // 48.9% (33.0)",
        "scoring": "53.2% (33.9) // 49.9% (29.5) // 54.6% (31.3) // 59.7% (37.0)",
        "corsiAgainst": "48.5% (56.0) // 48.9% (55.2) // 50.0% (54.3) // 48.9% (55.0)",
        "fenwickAgainst": "48.5% (42.1) // 50.8% (42.5) // 52.6% (44.0) // 49.1% (43.0)",
        "shotsAgainst": "49.5% (31.0) // 51.0% (30.4) // 53.5% (33.3) // 51.1% (34.5)",
        "scoringAgainst": "46.8% (29.8) // 50.1% (29.6) // 45.4% (26.0) // 40.3% (25.0)",
        "oppCorsi": "51.4% (58.2) // 46.4% (52.2) // 48.9% (56.6) // 47.6% (56.1)",
        "oppFenwick": "52.1% (44.0) // 48.4% (41.4) // 50.4% (45.9) // 49.5% (45.5)",
        "oppShots": "51.8% (31.3) // 49.8% (30.9) // 51.0% (31.8) // 49.7% (30.4)",
        "oppScoring": "51.3% (30.8) // 47.7% (28.7) // 46.2% (29.0) // 44.6% (28.4)",
        "oppCorsiAgainst": "48.6% (55.0) // 53.6% (60.3) // 51.1% (59.0) // 52.4% (61.7)",
        "oppFenwickAgainst": "47.9% (40.4) // 51.6% (44.1) // 49.6% (45.2) // 50.5% (46.5)",
        "oppShotsAgainst": "48.2% (29.1) // 50.2% (31.2) // 49.0% (30.5) // 50.3% (30.7)",
        "oppScoringAgainst": "48.7% (29.3) // 52.3% (31.5) // 53.8% (33.7) // 55.4% (35.3)",
        "savesPerGame": 28.3,
        "savesPerGameLast1": 38.0,
        "savesPerGameLast3": 33.0,
        "savesPerGameLast5": 31.8,
        "savesPer60": 28.3,
        "savesPer60Last1": 38.0,
        "savesPer60Last3": 32.9,
        "savesPer60Last5": 31.6,
        "shotsPerGame": 31.9,
        "shotsPerGameLast5": 28.6,
        "shotsAgainstPerGame": 31.3,
        "shotsAgainstPerGameLast5": 33.8,
        "oppSavesAgainstPer60": 28.5,
        "oppSavesAgainstPer60Last1": 29.0,
        "oppSavesAgainstPer60Last3": 27.9,
        "oppSavesAgainstPer60Last5": 30.2,
        "oppShotsAgainstPerGame": 29.5,
        "oppShotsAgainstPerGameLast5": 31.4,
        "savesProj": 29.7,
        "savesProjLast5": 35.6,
        "savesProjLast3": 34.1,
        "oppSavesAgainstProj": 28.5,
        "oppSavesAgainstProjLast5": 32.8,
        "oppSavesAgainstProjLast3": 31.6,
        "totalOver": 11,
        "totalOverLast5": 40,
        "totalOverLast15": 13,
        "lastTotalOver": 9,
        "last5": "1,0,0,0,1,0,0,0,0,0",
        "overOdds": "+400",
        "underOdds": "0",
        "overUnder": "+400 / 0"
    },
    {
        "player": "Nikita Kucherov",
        "team": "TB",
        "opponent": "NYR",
        "propType": "g",
        "line": 0.5,
        "ppLine": "PP1",
        "avg": 0.38,
        "hit": false,
        "diffAvg": -0.24,
        "diffAbs": 0.2,
        "lastAvg": 0.36,
        "diff": -0.28,
        "avgMin": 20,
        "proj": 0.4,
        "lastAvgMin": 19.97,
        "oppOver": 0,
        "teamOver": 0,
        "gameLine": "+100",
        "+/-": "+3",
        "L5_+/-": "+7.0",
        "prevMatchup": "2022-12-29 0.0 g 2022-10-11 0.0 g",
        "winLossSplits": "40% - 25%",
        "awayHome": "A",
        "playedYesterday": "N",
        "awayHomeSplits": "34% - 33%",
        "savesAboveExp": 0.388,
        "gsaa": 17.02,
        "corsi": "51.5% (59.4) // 51.1% (57.7) // 50.0% (54.3) // 51.1% (57.5)",
        "fenwick": "51.5% (44.7) // 49.2% (41.3) // 47.4% (39.7) // 50.9% (44.5)",
        "shots": "50.5% (31.6) // 49.0% (29.3) // 46.5% (29.0) // 48.9% (33.0)",
        "scoring": "53.2% (33.9) // 49.9% (29.5) // 54.6% (31.3) // 59.7% (37.0)",
        "corsiAgainst": "48.5% (56.0) // 48.9% (55.2) // 50.0% (54.3) // 48.9% (55.0)",
        "fenwickAgainst": "48.5% (42.1) // 50.8% (42.5) // 52.6% (44.0) // 49.1% (43.0)",
        "shotsAgainst": "49.5% (31.0) // 51.0% (30.4) // 53.5% (33.3) // 51.1% (34.5)",
        "scoringAgainst": "46.8% (29.8) // 50.1% (29.6) // 45.4% (26.0) // 40.3% (25.0)",
        "oppCorsi": "51.4% (58.2) // 46.4% (52.2) // 48.9% (56.6) // 47.6% (56.1)",
        "oppFenwick": "52.1% (44.0) // 48.4% (41.4) // 50.4% (45.9) // 49.5% (45.5)",
        "oppShots": "51.8% (31.3) // 49.8% (30.9) // 51.0% (31.8) // 49.7% (30.4)",
        "oppScoring": "51.3% (30.8) // 47.7% (28.7) // 46.2% (29.0) // 44.6% (28.4)",
        "oppCorsiAgainst": "48.6% (55.0) // 53.6% (60.3) // 51.1% (59.0) // 52.4% (61.7)",
        "oppFenwickAgainst": "47.9% (40.4) // 51.6% (44.1) // 49.6% (45.2) // 50.5% (46.5)",
        "oppShotsAgainst": "48.2% (29.1) // 50.2% (31.2) // 49.0% (30.5) // 50.3% (30.7)",
        "oppScoringAgainst": "48.7% (29.3) // 52.3% (31.5) // 53.8% (33.7) // 55.4% (35.3)",
        "savesPerGame": 28.3,
        "savesPerGameLast1": 38.0,
        "savesPerGameLast3": 33.0,
        "savesPerGameLast5": 31.8,
        "savesPer60": 28.3,
        "savesPer60Last1": 38.0,
        "savesPer60Last3": 32.9,
        "savesPer60Last5": 31.6,
        "shotsPerGame": 31.9,
        "shotsPerGameLast5": 28.6,
        "shotsAgainstPerGame": 31.3,
        "shotsAgainstPerGameLast5": 33.8,
        "oppSavesAgainstPer60": 28.5,
        "oppSavesAgainstPer60Last1": 29.0,
        "oppSavesAgainstPer60Last3": 27.9,
        "oppSavesAgainstPer60Last5": 30.2,
        "oppShotsAgainstPerGame": 29.5,
        "oppShotsAgainstPerGameLast5": 31.4,
        "savesProj": 29.7,
        "savesProjLast5": 35.6,
        "savesProjLast3": 34.1,
        "oppSavesAgainstProj": 28.5,
        "oppSavesAgainstProjLast5": 32.8,
        "oppSavesAgainstProjLast3": 31.6,
        "totalOver": 34,
        "totalOverLast5": 20,
        "totalOverLast15": 33,
        "lastTotalOver": 41,
        "last5": "1,0,0,0,0,0,1,0,0,1",
        "overOdds": "+195",
        "underOdds": "0",
        "overUnder": "+195 / 0"
    },
    {
        "player": "Patrick Kane",
        "team": "NYR",
        "opponent": "TB",
        "propType": "g",
        "line": 0.5,
        "ppLine": "PP1",
        "avg": 0.3,
        "hit": false,
        "diffAvg": -0.4,
        "diffAbs": 0.4,
        "lastAvg": 0.33,
        "diff": -0.34,
        "avgMin": 19,
        "proj": 0.3,
        "lastAvgMin": 21.82,
        "oppOver": 0,
        "teamOver": 0,
        "gameLine": "-120",
        "+/-": "+1",
        "L5_+/-": "+4.0",
        "prevMatchup": "2023-01-03 0.0 g",
        "winLossSplits": "41% - 14%",
        "awayHome": "H",
        "playedYesterday": "Y",
        "awayHomeSplits": "23% - 26%",
        "savesAboveExp": 0.522,
        "gsaa": 24.74,
        "corsi": "51.4% (58.2) // 46.4% (52.2) // 48.9% (56.6) // 47.6% (56.1)",
        "fenwick": "52.1% (44.0) // 48.4% (41.4) // 50.4% (45.9) // 49.5% (45.5)",
        "shots": "51.8% (31.3) // 49.8% (30.9) // 51.0% (31.8) // 49.7% (30.4)",
        "scoring": "51.3% (30.8) // 47.7% (28.7) // 46.2% (29.0) // 44.6% (28.4)",
        "corsiAgainst": "48.6% (55.0) // 53.6% (60.3) // 51.1% (59.0) // 52.4% (61.7)",
        "fenwickAgainst": "47.9% (40.4) // 51.6% (44.1) // 49.6% (45.2) // 50.5% (46.5)",
        "shotsAgainst": "48.2% (29.1) // 50.2% (31.2) // 49.0% (30.5) // 50.3% (30.7)",
        "scoringAgainst": "48.7% (29.3) // 52.3% (31.5) // 53.8% (33.7) // 55.4% (35.3)",
        "oppCorsi": "51.5% (59.4) // 51.1% (57.7) // 50.0% (54.3) // 51.1% (57.5)",
        "oppFenwick": "51.5% (44.7) // 49.2% (41.3) // 47.4% (39.7) // 50.9% (44.5)",
        "oppShots": "50.5% (31.6) // 49.0% (29.3) // 46.5% (29.0) // 48.9% (33.0)",
        "oppScoring": "53.2% (33.9) // 49.9% (29.5) // 54.6% (31.3) // 59.7% (37.0)",
        "oppCorsiAgainst": "48.5% (56.0) // 48.9% (55.2) // 50.0% (54.3) // 48.9% (55.0)",
        "oppFenwickAgainst": "48.5% (42.1) // 50.8% (42.5) // 52.6% (44.0) // 49.1% (43.0)",
        "oppShotsAgainst": "49.5% (31.0) // 51.0% (30.4) // 53.5% (33.3) // 51.1% (34.5)",
        "oppScoringAgainst": "46.8% (29.8) // 50.1% (29.6) // 45.4% (26.0) // 40.3% (25.0)",
        "savesPerGame": 26.8,
        "savesPerGameLast1": 26.0,
        "savesPerGameLast3": 28.7,
        "savesPerGameLast5": 29.0,
        "savesPer60": 27.0,
        "savesPer60Last1": 26.0,
        "savesPer60Last3": 28.7,
        "savesPer60Last5": 29.0,
        "shotsPerGame": 31.7,
        "shotsPerGameLast5": 34.0,
        "shotsAgainstPerGame": 29.5,
        "shotsAgainstPerGameLast5": 31.4,
        "oppSavesAgainstPer60": 28.5,
        "oppSavesAgainstPer60Last1": 26.9,
        "oppSavesAgainstPer60Last3": 24.7,
        "oppSavesAgainstPer60Last5": 25.3,
        "oppShotsAgainstPerGame": 31.3,
        "oppShotsAgainstPerGameLast5": 33.8,
        "savesProj": 27.1,
        "savesProjLast5": 25.8,
        "savesProjLast3": 24.7,
        "oppSavesAgainstProj": 26.9,
        "oppSavesAgainstProjLast5": 24.8,
        "oppSavesAgainstProjLast3": 24.1,
        "totalOver": 24,
        "totalOverLast5": 40,
        "totalOverLast15": 33,
        "lastTotalOver": 29,
        "last5": "0,0,0,1,1,0,0,0,0,0",
        "overOdds": "+185",
        "underOdds": "0",
        "overUnder": "+185 / 0"
    },
    {
        "player": "Steven Stamkos",
        "team": "TB",
        "opponent": "NYR",
        "propType": "g",
        "line": 0.5,
        "ppLine": "PP1",
        "avg": 0.43,
        "hit": false,
        "diffAvg": -0.14,
        "diffAbs": 0.2,
        "lastAvg": 0.4,
        "diff": -0.2,
        "avgMin": 18,
        "proj": 0.4,
        "lastAvgMin": 18.47,
        "oppOver": 0,
        "teamOver": 0,
        "gameLine": "+100",
        "+/-": -2,
        "L5_+/-": "+2.0",
        "prevMatchup": "2022-12-29 0.0 g 2022-10-11 1.0 g",
        "winLossSplits": "39% - 31%",
        "awayHome": "A",
        "playedYesterday": "N",
        "awayHomeSplits": "35% - 36%",
        "savesAboveExp": 0.388,
        "gsaa": 17.02,
        "corsi": "51.5% (59.4) // 51.1% (57.7) // 50.0% (54.3) // 51.1% (57.5)",
        "fenwick": "51.5% (44.7) // 49.2% (41.3) // 47.4% (39.7) // 50.9% (44.5)",
        "shots": "50.5% (31.6) // 49.0% (29.3) // 46.5% (29.0) // 48.9% (33.0)",
        "scoring": "53.2% (33.9) // 49.9% (29.5) // 54.6% (31.3) // 59.7% (37.0)",
        "corsiAgainst": "48.5% (56.0) // 48.9% (55.2) // 50.0% (54.3) // 48.9% (55.0)",
        "fenwickAgainst": "48.5% (42.1) // 50.8% (42.5) // 52.6% (44.0) // 49.1% (43.0)",
        "shotsAgainst": "49.5% (31.0) // 51.0% (30.4) // 53.5% (33.3) // 51.1% (34.5)",
        "scoringAgainst": "46.8% (29.8) // 50.1% (29.6) // 45.4% (26.0) // 40.3% (25.0)",
        "oppCorsi": "51.4% (58.2) // 46.4% (52.2) // 48.9% (56.6) // 47.6% (56.1)",
        "oppFenwick": "52.1% (44.0) // 48.4% (41.4) // 50.4% (45.9) // 49.5% (45.5)",
        "oppShots": "51.8% (31.3) // 49.8% (30.9) // 51.0% (31.8) // 49.7% (30.4)",
        "oppScoring": "51.3% (30.8) // 47.7% (28.7) // 46.2% (29.0) // 44.6% (28.4)",
        "oppCorsiAgainst": "48.6% (55.0) // 53.6% (60.3) // 51.1% (59.0) // 52.4% (61.7)",
        "oppFenwickAgainst": "47.9% (40.4) // 51.6% (44.1) // 49.6% (45.2) // 50.5% (46.5)",
        "oppShotsAgainst": "48.2% (29.1) // 50.2% (31.2) // 49.0% (30.5) // 50.3% (30.7)",
        "oppScoringAgainst": "48.7% (29.3) // 52.3% (31.5) // 53.8% (33.7) // 55.4% (35.3)",
        "savesPerGame": 28.3,
        "savesPerGameLast1": 38.0,
        "savesPerGameLast3": 33.0,
        "savesPerGameLast5": 31.8,
        "savesPer60": 28.3,
        "savesPer60Last1": 38.0,
        "savesPer60Last3": 32.9,
        "savesPer60Last5": 31.6,
        "shotsPerGame": 31.9,
        "shotsPerGameLast5": 28.6,
        "shotsAgainstPerGame": 31.3,
        "shotsAgainstPerGameLast5": 33.8,
        "oppSavesAgainstPer60": 28.5,
        "oppSavesAgainstPer60Last1": 29.0,
        "oppSavesAgainstPer60Last3": 27.9,
        "oppSavesAgainstPer60Last5": 30.2,
        "oppShotsAgainstPerGame": 29.5,
        "oppShotsAgainstPerGameLast5": 31.4,
        "savesProj": 29.7,
        "savesProjLast5": 35.6,
        "savesProjLast3": 34.1,
        "oppSavesAgainstProj": 28.5,
        "oppSavesAgainstProjLast5": 32.8,
        "oppSavesAgainstProjLast3": 31.6,
        "totalOver": 36,
        "totalOverLast5": 60,
        "totalOverLast15": 33,
        "lastTotalOver": 43,
        "last5": "1,1,1,0,0,0,0,1,2,0",
        "overOdds": "+155",
        "underOdds": "0",
        "overUnder": "+155 / 0"
    },
    {
        "player": "Victor Hedman",
        "team": "TB",
        "opponent": "NYR",
        "propType": "g",
        "line": 0.5,
        "ppLine": "PP2",
        "avg": 0.11,
        "hit": false,
        "diffAvg": -0.78,
        "diffAbs": 0.6,
        "lastAvg": 0.19,
        "diff": -0.62,
        "avgMin": 23,
        "proj": 0.2,
        "lastAvgMin": 25.07,
        "oppOver": 0,
        "teamOver": 0,
        "gameLine": "+100",
        "+/-": "+15",
        "L5_+/-": "+3.0",
        "prevMatchup": "2022-12-29 0.0 g 2022-10-11 0.0 g",
        "winLossSplits": "12% - 10%",
        "awayHome": "A",
        "playedYesterday": "N",
        "awayHomeSplits": "8% - 14%",
        "savesAboveExp": 0.388,
        "gsaa": 17.02,
        "corsi": "51.5% (59.4) // 51.1% (57.7) // 50.0% (54.3) // 51.1% (57.5)",
        "fenwick": "51.5% (44.7) // 49.2% (41.3) // 47.4% (39.7) // 50.9% (44.5)",
        "shots": "50.5% (31.6) // 49.0% (29.3) // 46.5% (29.0) // 48.9% (33.0)",
