[
    {
        "player": "Alex Pietrangelo",
        "team": "VGK",
        "opponent": "WPG",
        "propType": "ast",
        "line": 0.5,
        "ppLine": "PP1",
        "avg": 0.6,
        "hit": false,
        "diffAvg": 0.2,
        "diffAbs": 0.2,
        "lastAvg": 0.38,
        "diff": -0.24,
        "avgMin": 23,
        "proj": 0.4,
        "lastAvgMin": 24.63,
        "oppOver": 0,
        "teamOver": 0,
        "gameLine": "-105",
        "+/-": "+14",
        "L5_+/-": "+5.0",
        "prevMatchup": "2023-04-20 2.0 ast 2023-04-18 0.0 ast 2022-10-30 0.0 ast 2022-10-20 2.0 ast",
        "winLossSplits": "54% - 21%",
        "awayHome": "A",
        "playedYesterday": "N",
        "awayHomeSplits": "37% - 45%",
        "savesAboveExp": 0.641,
        "gsaa": 31.05,
        "corsi": "48.6% (57.5) // 48.0% (56.0) // 33.9% (41.0) // 48.6% (57.5)",
        "fenwick": "49.7% (42.3) // 48.8% (40.5) // 32.9% (26.0) // 49.7% (42.3)",
        "shots": "50.5% (31.1) // 50.2% (28.8) // 38.0% (19.0) // 50.5% (31.1)",
        "scoring": "49.5% (29.2) // 49.0% (28.7) // 33.3% (18.0) // 49.5% (29.2)",
        "corsiAgainst": "51.4% (60.7) // 52.0% (60.6) // 66.1% (80.0) // 51.4% (60.7)",
        "fenwickAgainst": "50.3% (42.8) // 51.2% (42.5) // 67.1% (53.0) // 50.3% (42.8)",
        "shotsAgainst": "49.5% (30.4) // 49.8% (28.5) // 62.0% (31.0) // 49.5% (30.4)",
        "scoringAgainst": "50.5% (29.8) // 51.0% (29.9) // 66.7% (36.0) // 50.5% (29.8)",
        "oppCorsi": "51.5% (58.6) // 54.0% (61.3) // 50.0% (43.0) // 51.5% (58.6)",
        "oppFenwick": "51.3% (43.9) // 53.8% (45.7) // 47.5% (29.0) // 51.3% (43.9)",
        "oppShots": "50.0% (30.1) // 52.0% (30.2) // 44.4% (20.0) // 50.0% (30.1)",
        "oppScoring": "51.9% (30.3) // 55.2% (31.4) // 51.1% (24.0) // 51.9% (30.3)",
        "oppCorsiAgainst": "48.5% (55.2) // 46.0% (52.2) // 50.0% (43.0) // 48.5% (55.2)",
        "oppFenwickAgainst": "48.7% (41.7) // 46.2% (39.2) // 52.5% (32.0) // 48.7% (41.7)",
        "oppShotsAgainst": "50.0% (30.1) // 48.0% (27.9) // 55.6% (25.0) // 50.0% (30.1)",
        "oppScoringAgainst": "48.1% (28.1) // 44.8% (25.5) // 48.9% (23.0) // 48.1% (28.1)",
        "savesPerGame": 28.1,
        "savesPerGameLast1": 31.0,
        "savesPerGameLast3": 29.0,
        "savesPerGameLast5": 26.2,
        "savesPer60": 29.0,
        "savesPer60Last1": 30.9,
        "savesPer60Last3": 28.7,
        "savesPer60Last5": 26.5,
        "shotsPerGame": 31.5,
        "shotsPerGameLast5": 26.4,
        "shotsAgainstPerGame": 30.9,
        "shotsAgainstPerGameLast5": 28.2,
        "oppSavesAgainstPer60": 27.8,
        "oppSavesAgainstPer60Last1": 29.7,
        "oppSavesAgainstPer60Last3": 24.4,
        "oppSavesAgainstPer60Last5": 23.3,
        "oppShotsAgainstPerGame": 30.3,
        "oppShotsAgainstPerGameLast5": 27.2,
        "savesProj": 28.0,
        "savesProjLast5": 22.4,
        "savesProjLast3": 25.5,
        "oppSavesAgainstProj": 27.5,
        "oppSavesAgainstProjLast5": 21.9,
        "oppSavesAgainstProjLast3": 25.6,
        "totalOver": 41,
        "totalOverLast5": 40,
        "totalOverLast15": 47,
        "lastTotalOver": 37,
        "last5": "2,0,0,1,0,1,0,0,1,0",
        "overOdds": "+160",
        "underOdds": "-195",
        "overUnder": "+160 / -195"
    },
    {
        "player": "Jack Eichel",
        "team": "VGK",
        "opponent": "WPG",
        "propType": "ast",
        "line": 0.5,
        "ppLine": "PP1",
        "avg": 0.57,
        "hit": false,
        "diffAvg": 0.14,
        "diffAbs": 0.4,
        "lastAvg": 0.32,
        "diff": -0.36,
        "avgMin": 18,
        "proj": 0.3,
        "lastAvgMin": 19.38,
        "oppOver": 0,
        "teamOver": 0,
        "gameLine": "-105",
        "+/-": "+24",
        "L5_+/-": "+4.0",
        "prevMatchup": "2023-04-20 0.0 ast 2023-04-18 0.0 ast 2022-10-30 1.0 ast 2022-10-20 0.0 ast",
        "winLossSplits": "57% - 32%",
        "awayHome": "A",
        "playedYesterday": "N",
        "awayHomeSplits": "53% - 43%",
        "savesAboveExp": 0.641,
        "gsaa": 31.05,
        "corsi": "48.6% (57.5) // 48.0% (56.0) // 33.9% (41.0) // 48.6% (57.5)",
        "fenwick": "49.7% (42.3) // 48.8% (40.5) // 32.9% (26.0) // 49.7% (42.3)",
        "shots": "50.5% (31.1) // 50.2% (28.8) // 38.0% (19.0) // 50.5% (31.1)",
        "scoring": "49.5% (29.2) // 49.0% (28.7) // 33.3% (18.0) // 49.5% (29.2)",
        "corsiAgainst": "51.4% (60.7) // 52.0% (60.6) // 66.1% (80.0) // 51.4% (60.7)",
        "fenwickAgainst": "50.3% (42.8) // 51.2% (42.5) // 67.1% (53.0) // 50.3% (42.8)",
        "shotsAgainst": "49.5% (30.4) // 49.8% (28.5) // 62.0% (31.0) // 49.5% (30.4)",
        "scoringAgainst": "50.5% (29.8) // 51.0% (29.9) // 66.7% (36.0) // 50.5% (29.8)",
        "oppCorsi": "51.5% (58.6) // 54.0% (61.3) // 50.0% (43.0) // 51.5% (58.6)",
        "oppFenwick": "51.3% (43.9) // 53.8% (45.7) // 47.5% (29.0) // 51.3% (43.9)",
        "oppShots": "50.0% (30.1) // 52.0% (30.2) // 44.4% (20.0) // 50.0% (30.1)",
        "oppScoring": "51.9% (30.3) // 55.2% (31.4) // 51.1% (24.0) // 51.9% (30.3)",
        "oppCorsiAgainst": "48.5% (55.2) // 46.0% (52.2) // 50.0% (43.0) // 48.5% (55.2)",
        "oppFenwickAgainst": "48.7% (41.7) // 46.2% (39.2) // 52.5% (32.0) // 48.7% (41.7)",
        "oppShotsAgainst": "50.0% (30.1) // 48.0% (27.9) // 55.6% (25.0) // 50.0% (30.1)",
        "oppScoringAgainst": "48.1% (28.1) // 44.8% (25.5) // 48.9% (23.0) // 48.1% (28.1)",
        "savesPerGame": 28.1,
        "savesPerGameLast1": 31.0,
        "savesPerGameLast3": 29.0,
        "savesPerGameLast5": 26.2,
        "savesPer60": 29.0,
        "savesPer60Last1": 30.9,
        "savesPer60Last3": 28.7,
        "savesPer60Last5": 26.5,
        "shotsPerGame": 31.5,
        "shotsPerGameLast5": 26.4,
        "shotsAgainstPerGame": 30.9,
        "shotsAgainstPerGameLast5": 28.2,
        "oppSavesAgainstPer60": 27.8,
        "oppSavesAgainstPer60Last1": 29.7,
        "oppSavesAgainstPer60Last3": 24.4,
        "oppSavesAgainstPer60Last5": 23.3,
        "oppShotsAgainstPerGame": 30.3,
        "oppShotsAgainstPerGameLast5": 27.2,
        "savesProj": 28.0,
        "savesProjLast5": 22.4,
        "savesProjLast3": 25.5,
        "oppSavesAgainstProj": 27.5,
        "oppSavesAgainstProjLast5": 21.9,
        "oppSavesAgainstProjLast3": 25.6,
        "totalOver": 48,
        "totalOverLast5": 60,
        "totalOverLast15": 60,
        "lastTotalOver": 32,
        "last5": "0,0,1,1,1,1,2,1,1,2",
        "overOdds": "+140",
        "underOdds": "-175",
        "overUnder": "+140 / -175"
    },
    {
        "player": "Jonathan Marchessault",
        "team": "VGK",
        "opponent": "WPG",
        "propType": "ast",
        "line": 0.5,
        "ppLine": "PP2",
        "avg": 0.38,
        "hit": false,
        "diffAvg": -0.24,
        "diffAbs": 0.0,
        "lastAvg": 0.47,
        "diff": -0.06,
        "avgMin": 17,
        "proj": 0.5,
        "lastAvgMin": 17.57,
        "oppOver": 0,
        "teamOver": 0,
        "gameLine": "-105",
        "+/-": "+3",
        "L5_+/-": "+4.0",
        "prevMatchup": "2023-04-20 0.0 ast 2023-04-18 1.0 ast 2022-12-13 0.0 ast 2022-10-30 0.0 ast 2022-10-20 1.0 ast",
        "winLossSplits": "42% - 20%",
        "awayHome": "A",
        "playedYesterday": "N",
        "awayHomeSplits": "34% - 32%",
        "savesAboveExp": 0.641,
        "gsaa": 31.05,
        "corsi": "48.6% (57.5) // 48.0% (56.0) // 33.9% (41.0) // 48.6% (57.5)",
        "fenwick": "49.7% (42.3) // 48.8% (40.5) // 32.9% (26.0) // 49.7% (42.3)",
        "shots": "50.5% (31.1) // 50.2% (28.8) // 38.0% (19.0) // 50.5% (31.1)",
        "scoring": "49.5% (29.2) // 49.0% (28.7) // 33.3% (18.0) // 49.5% (29.2)",
        "corsiAgainst": "51.4% (60.7) // 52.0% (60.6) // 66.1% (80.0) // 51.4% (60.7)",
        "fenwickAgainst": "50.3% (42.8) // 51.2% (42.5) // 67.1% (53.0) // 50.3% (42.8)",
        "shotsAgainst": "49.5% (30.4) // 49.8% (28.5) // 62.0% (31.0) // 49.5% (30.4)",
        "scoringAgainst": "50.5% (29.8) // 51.0% (29.9) // 66.7% (36.0) // 50.5% (29.8)",
        "oppCorsi": "51.5% (58.6) // 54.0% (61.3) // 50.0% (43.0) // 51.5% (58.6)",
        "oppFenwick": "51.3% (43.9) // 53.8% (45.7) // 47.5% (29.0) // 51.3% (43.9)",
        "oppShots": "50.0% (30.1) // 52.0% (30.2) // 44.4% (20.0) // 50.0% (30.1)",
        "oppScoring": "51.9% (30.3) // 55.2% (31.4) // 51.1% (24.0) // 51.9% (30.3)",
        "oppCorsiAgainst": "48.5% (55.2) // 46.0% (52.2) // 50.0% (43.0) // 48.5% (55.2)",
        "oppFenwickAgainst": "48.7% (41.7) // 46.2% (39.2) // 52.5% (32.0) // 48.7% (41.7)",
        "oppShotsAgainst": "50.0% (30.1) // 48.0% (27.9) // 55.6% (25.0) // 50.0% (30.1)",
        "oppScoringAgainst": "48.1% (28.1) // 44.8% (25.5) // 48.9% (23.0) // 48.1% (28.1)",
        "savesPerGame": 28.1,
        "savesPerGameLast1": 31.0,
        "savesPerGameLast3": 29.0,
        "savesPerGameLast5": 26.2,
        "savesPer60": 29.0,
        "savesPer60Last1": 30.9,
        "savesPer60Last3": 28.7,
        "savesPer60Last5": 26.5,
        "shotsPerGame": 31.5,
        "shotsPerGameLast5": 26.4,
        "shotsAgainstPerGame": 30.9,
        "shotsAgainstPerGameLast5": 28.2,
        "oppSavesAgainstPer60": 27.8,
        "oppSavesAgainstPer60Last1": 29.7,
        "oppSavesAgainstPer60Last3": 24.4,
        "oppSavesAgainstPer60Last5": 23.3,
        "oppShotsAgainstPerGame": 30.3,
        "oppShotsAgainstPerGameLast5": 27.2,
        "savesProj": 28.0,
        "savesProjLast5": 22.4,
        "savesProjLast3": 25.5,
        "oppSavesAgainstProj": 27.5,
        "oppSavesAgainstProjLast5": 21.9,
        "oppSavesAgainstProjLast3": 25.6,
        "totalOver": 33,
        "totalOverLast5": 20,
        "totalOverLast15": 20,
        "lastTotalOver": 35,
        "last5": "0,1,0,0,0,0,1,0,0,0",
        "overOdds": "+220",
        "underOdds": "-280",
        "overUnder": "+220 / -280"
    },
    {
        "player": "Josh Morrissey",
        "team": "WPG",
        "opponent": "VGK",
        "propType": "ast",
        "line": 0.5,
        "ppLine": "PP1",
        "avg": 0.75,
        "hit": false,
        "diffAvg": 0.5,
        "diffAbs": 0.4,
        "lastAvg": 0.32,
        "diff": -0.36,
        "avgMin": 24,
        "proj": 0.3,
        "lastAvgMin": 23.65,
        "oppOver": 0,
        "teamOver": 0,
        "gameLine": "-115",
        "+/-": "+3",
        "L5_+/-": "+5.0",
        "prevMatchup": "2023-04-20 0.0 ast 2023-04-18 1.0 ast 2022-12-13 1.0 ast 2022-10-30 0.0 ast 2022-10-20 1.0 ast",
        "winLossSplits": "73% - 37%",
        "awayHome": "H",
        "playedYesterday": "N",
        "awayHomeSplits": "52% - 62%",
        "savesAboveExp": "-",
        "gsaa": "-",
        "corsi": "51.5% (58.6) // 54.0% (61.3) // 50.0% (43.0) // 51.5% (58.6)",
        "fenwick": "51.3% (43.9) // 53.8% (45.7) // 47.5% (29.0) // 51.3% (43.9)",
        "shots": "50.0% (30.1) // 52.0% (30.2) // 44.4% (20.0) // 50.0% (30.1)",
        "scoring": "51.9% (30.3) // 55.2% (31.4) // 51.1% (24.0) // 51.9% (30.3)",
        "corsiAgainst": "48.5% (55.2) // 46.0% (52.2) // 50.0% (43.0) // 48.5% (55.2)",
        "fenwickAgainst": "48.7% (41.7) // 46.2% (39.2) // 52.5% (32.0) // 48.7% (41.7)",
        "shotsAgainst": "50.0% (30.1) // 48.0% (27.9) // 55.6% (25.0) // 50.0% (30.1)",
        "scoringAgainst": "48.1% (28.1) // 44.8% (25.5) // 48.9% (23.0) // 48.1% (28.1)",
        "oppCorsi": "48.6% (57.5) // 48.0% (56.0) // 33.9% (41.0) // 48.6% (57.5)",
        "oppFenwick": "49.7% (42.3) // 48.8% (40.5) // 32.9% (26.0) // 49.7% (42.3)",
        "oppShots": "50.5% (31.1) // 50.2% (28.8) // 38.0% (19.0) // 50.5% (31.1)",
        "oppScoring": "49.5% (29.2) // 49.0% (28.7) // 33.3% (18.0) // 49.5% (29.2)",
        "oppCorsiAgainst": "51.4% (60.7) // 52.0% (60.6) // 66.1% (80.0) // 51.4% (60.7)",
        "oppFenwickAgainst": "50.3% (42.8) // 51.2% (42.5) // 67.1% (53.0) // 50.3% (42.8)",
        "oppShotsAgainst": "49.5% (30.4) // 49.8% (28.5) // 62.0% (31.0) // 49.5% (30.4)",
        "oppScoringAgainst": "50.5% (29.8) // 51.0% (29.9) // 66.7% (36.0) // 50.5% (29.8)",
        "savesPerGame": 27.6,
        "savesPerGameLast1": 34.0,
        "savesPerGameLast3": 23.7,
        "savesPerGameLast5": 24.6,
        "savesPer60": 28.2,
        "savesPer60Last1": 34.0,
        "savesPer60Last3": 23.6,
        "savesPer60Last5": 24.6,
        "shotsPerGame": 30.3,
        "shotsPerGameLast5": 27.4,
        "shotsAgainstPerGame": 30.3,
        "shotsAgainstPerGameLast5": 27.2,
        "oppSavesAgainstPer60": 29.1,
        "oppSavesAgainstPer60Last1": 33.6,
        "oppSavesAgainstPer60Last3": 22.5,
        "oppSavesAgainstPer60Last5": 23.9,
        "oppShotsAgainstPerGame": 30.9,
        "oppShotsAgainstPerGameLast5": 28.2,
        "savesProj": 27.6,
        "savesProjLast5": 20.0,
        "savesProjLast3": 17.9,
        "oppSavesAgainstProj": 28.1,
        "oppSavesAgainstProjLast5": 20.2,
        "oppSavesAgainstProjLast3": 17.9,
        "totalOver": 57,
        "totalOverLast5": 80,
        "totalOverLast15": 40,
        "lastTotalOver": 27,
        "last5": "0,1,1,2,1,0,2,0,0,0",
        "overOdds": "+105",
        "underOdds": "-135",
        "overUnder": "+105 / -135"
    },
    {
        "player": "Kyle Connor",
        "team": "WPG",
        "opponent": "VGK",
        "propType": "ast",
        "line": 0.5,
        "ppLine": "PP1",
        "avg": 0.58,
        "hit": false,
        "diffAvg": 0.16,
        "diffAbs": 0.0,
        "lastAvg": 0.57,
        "diff": 0.14,
        "avgMin": 20,
        "proj": 0.5,
        "lastAvgMin": 21.77,
        "oppOver": 0,
        "teamOver": 0,
        "gameLine": "-115",
        "+/-": -11,
        "L5_+/-": "+3.0",
        "prevMatchup": "2023-04-20 0.0 ast 2023-04-18 0.0 ast 2022-12-13 1.0 ast 2022-10-30 0.0 ast 2022-10-20 0.0 ast",
        "winLossSplits": "62% - 27%",
        "awayHome": "H",
        "playedYesterday": "N",
        "awayHomeSplits": "37% - 56%",
        "savesAboveExp": "-",
        "gsaa": "-",
        "corsi": "51.5% (58.6) // 54.0% (61.3) // 50.0% (43.0) // 51.5% (58.6)",
        "fenwick": "51.3% (43.9) // 53.8% (45.7) // 47.5% (29.0) // 51.3% (43.9)",
        "shots": "50.0% (30.1) // 52.0% (30.2) // 44.4% (20.0) // 50.0% (30.1)",
        "scoring": "51.9% (30.3) // 55.2% (31.4) // 51.1% (24.0) // 51.9% (30.3)",
        "corsiAgainst": "48.5% (55.2) // 46.0% (52.2) // 50.0% (43.0) // 48.5% (55.2)",
        "fenwickAgainst": "48.7% (41.7) // 46.2% (39.2) // 52.5% (32.0) // 48.7% (41.7)",
        "shotsAgainst": "50.0% (30.1) // 48.0% (27.9) // 55.6% (25.0) // 50.0% (30.1)",
        "scoringAgainst": "48.1% (28.1) // 44.8% (25.5) // 48.9% (23.0) // 48.1% (28.1)",
        "oppCorsi": "48.6% (57.5) // 48.0% (56.0) // 33.9% (41.0) // 48.6% (57.5)",
        "oppFenwick": "49.7% (42.3) // 48.8% (40.5) // 32.9% (26.0) // 49.7% (42.3)",
        "oppShots": "50.5% (31.1) // 50.2% (28.8) // 38.0% (19.0) // 50.5% (31.1)",
        "oppScoring": "49.5% (29.2) // 49.0% (28.7) // 33.3% (18.0) // 49.5% (29.2)",
        "oppCorsiAgainst": "51.4% (60.7) // 52.0% (60.6) // 66.1% (80.0) // 51.4% (60.7)",
        "oppFenwickAgainst": "50.3% (42.8) // 51.2% (42.5) // 67.1% (53.0) // 50.3% (42.8)",
        "oppShotsAgainst": "49.5% (30.4) // 49.8% (28.5) // 62.0% (31.0) // 49.5% (30.4)",
        "oppScoringAgainst": "50.5% (29.8) // 51.0% (29.9) // 66.7% (36.0) // 50.5% (29.8)",
        "savesPerGame": 27.6,
        "savesPerGameLast1": 34.0,
        "savesPerGameLast3": 23.7,
        "savesPerGameLast5": 24.6,
        "savesPer60": 28.2,
        "savesPer60Last1": 34.0,
        "savesPer60Last3": 23.6,
        "savesPer60Last5": 24.6,
        "shotsPerGame": 30.3,
        "shotsPerGameLast5": 27.4,
        "shotsAgainstPerGame": 30.3,
        "shotsAgainstPerGameLast5": 27.2,
        "oppSavesAgainstPer60": 29.1,
        "oppSavesAgainstPer60Last1": 33.6,
        "oppSavesAgainstPer60Last3": 22.5,
        "oppSavesAgainstPer60Last5": 23.9,
        "oppShotsAgainstPerGame": 30.9,
        "oppShotsAgainstPerGameLast5": 28.2,
        "savesProj": 27.6,
        "savesProjLast5": 20.0,
        "savesProjLast3": 17.9,
        "oppSavesAgainstProj": 28.1,
        "oppSavesAgainstProjLast5": 20.2,
        "oppSavesAgainstProjLast3": 17.9,
        "totalOver": 46,
        "totalOverLast5": 20,
        "totalOverLast15": 20,
        "lastTotalOver": 42,
        "last5": "0,0,0,0,1,0,0,0,1,0",
        "overOdds": "+105",
        "underOdds": "-135",
        "overUnder": "+105 / -135"
    },
    {
        "player": "Mark Scheifele",
        "team": "WPG",
        "opponent": "VGK",
        "propType": "ast",
        "line": 0.5,
        "ppLine": "PP1",
        "avg": 0.31,
        "hit": false,
        "diffAvg": -0.38,
        "diffAbs": 0.2,
        "lastAvg": 0.61,
        "diff": 0.22,
        "avgMin": 20,
        "proj": 0.6,
        "lastAvgMin": 21.13,
        "oppOver": 0,
        "teamOver": 0,
        "gameLine": "-115",
        "+/-": -18,
        "L5_+/-": -2.0,
        "prevMatchup": "2023-04-20 0.0 ast 2023-04-18 0.0 ast 2022-12-13 0.0 ast 2022-10-30 0.0 ast 2022-10-20 0.0 ast",
        "winLossSplits": "32% - 14%",
        "awayHome": "H",
        "playedYesterday": "N",
        "awayHomeSplits": "17% - 32%",
        "savesAboveExp": "-",
        "gsaa": "-",
        "corsi": "51.5% (58.6) // 54.0% (61.3) // 50.0% (43.0) // 51.5% (58.6)",
        "fenwick": "51.3% (43.9) // 53.8% (45.7) // 47.5% (29.0) // 51.3% (43.9)",
        "shots": "50.0% (30.1) // 52.0% (30.2) // 44.4% (20.0) // 50.0% (30.1)",
        "scoring": "51.9% (30.3) // 55.2% (31.4) // 51.1% (24.0) // 51.9% (30.3)",
        "corsiAgainst": "48.5% (55.2) // 46.0% (52.2) // 50.0% (43.0) // 48.5% (55.2)",
        "fenwickAgainst": "48.7% (41.7) // 46.2% (39.2) // 52.5% (32.0) // 48.7% (41.7)",
        "shotsAgainst": "50.0% (30.1) // 48.0% (27.9) // 55.6% (25.0) // 50.0% (30.1)",
        "scoringAgainst": "48.1% (28.1) // 44.8% (25.5) // 48.9% (23.0) // 48.1% (28.1)",
        "oppCorsi": "48.6% (57.5) // 48.0% (56.0) // 33.9% (41.0) // 48.6% (57.5)",
        "oppFenwick": "49.7% (42.3) // 48.8% (40.5) // 32.9% (26.0) // 49.7% (42.3)",
        "oppShots": "50.5% (31.1) // 50.2% (28.8) // 38.0% (19.0) // 50.5% (31.1)",
        "oppScoring": "49.5% (29.2) // 49.0% (28.7) // 33.3% (18.0) // 49.5% (29.2)",
        "oppCorsiAgainst": "51.4% (60.7) // 52.0% (60.6) // 66.1% (80.0) // 51.4% (60.7)",
        "oppFenwickAgainst": "50.3% (42.8) // 51.2% (42.5) // 67.1% (53.0) // 50.3% (42.8)",
        "oppShotsAgainst": "49.5% (30.4) // 49.8% (28.5) // 62.0% (31.0) // 49.5% (30.4)",
        "oppScoringAgainst": "50.5% (29.8) // 51.0% (29.9) // 66.7% (36.0) // 50.5% (29.8)",
        "savesPerGame": 27.6,
        "savesPerGameLast1": 34.0,
        "savesPerGameLast3": 23.7,
        "savesPerGameLast5": 24.6,
        "savesPer60": 28.2,
        "savesPer60Last1": 34.0,
        "savesPer60Last3": 23.6,
        "savesPer60Last5": 24.6,
        "shotsPerGame": 30.3,
        "shotsPerGameLast5": 27.4,
        "shotsAgainstPerGame": 30.3,
        "shotsAgainstPerGameLast5": 27.2,
        "oppSavesAgainstPer60": 29.1,
        "oppSavesAgainstPer60Last1": 33.6,
        "oppSavesAgainstPer60Last3": 22.5,
        "oppSavesAgainstPer60Last5": 23.9,
        "oppShotsAgainstPerGame": 30.9,
        "oppShotsAgainstPerGameLast5": 28.2,
        "savesProj": 27.6,
        "savesProjLast5": 20.0,
        "savesProjLast3": 17.9,
        "oppSavesAgainstProj": 28.1,
        "oppSavesAgainstProjLast5": 20.2,
        "oppSavesAgainstProjLast3": 17.9,
        "totalOver": 24,
        "totalOverLast5": 20,
        "totalOverLast15": 27,
        "lastTotalOver": 49,
        "last5": "0,0,0,1,0,0,1,1,0,0",
        "overOdds": "+175",
        "underOdds": "-215",
        "overUnder": "+175 / -215"
    },
    {
        "player": "Mark Stone",
        "team": "VGK",
        "opponent": "WPG",
        "propType": "ast",
        "line": 0.5,
        "ppLine": "PP1",
        "avg": 0.49,
        "hit": false,
        "diffAvg": -0.02,
        "diffAbs": 0.2,
        "lastAvg": 0.55,
        "diff": 0.1,
        "avgMin": 19,
        "proj": 0.6,
        "lastAvgMin": 18.33,
        "oppOver": 0,
        "teamOver": 0,
        "gameLine": "-105",
        "+/-": "+10",
        "L5_+/-": "+2.0",
        "prevMatchup": "2023-04-20 1.0 ast 2023-04-18 0.0 ast 2022-12-13 0.0 ast 2022-10-30 1.0 ast 2022-10-20 0.0 ast",
        "winLossSplits": "52% - 25%",
        "awayHome": "A",
        "playedYesterday": "N",
        "awayHomeSplits": "60% - 28%",
        "savesAboveExp": 0.641,
        "gsaa": 31.05,
        "corsi": "48.6% (57.5) // 48.0% (56.0) // 33.9% (41.0) // 48.6% (57.5)",
        "fenwick": "49.7% (42.3) // 48.8% (40.5) // 32.9% (26.0) // 49.7% (42.3)",
        "shots": "50.5% (31.1) // 50.2% (28.8) // 38.0% (19.0) // 50.5% (31.1)",
        "scoring": "49.5% (29.2) // 49.0% (28.7) // 33.3% (18.0) // 49.5% (29.2)",
        "corsiAgainst": "51.4% (60.7) // 52.0% (60.6) // 66.1% (80.0) // 51.4% (60.7)",
        "fenwickAgainst": "50.3% (42.8) // 51.2% (42.5) // 67.1% (53.0) // 50.3% (42.8)",
        "shotsAgainst": "49.5% (30.4) // 49.8% (28.5) // 62.0% (31.0) // 49.5% (30.4)",
        "scoringAgainst": "50.5% (29.8) // 51.0% (29.9) // 66.7% (36.0) // 50.5% (29.8)",
        "oppCorsi": "51.5% (58.6) // 54.0% (61.3) // 50.0% (43.0) // 51.5% (58.6)",
        "oppFenwick": "51.3% (43.9) // 53.8% (45.7) // 47.5% (29.0) // 51.3% (43.9)",
        "oppShots": "50.0% (30.1) // 52.0% (30.2) // 44.4% (20.0) // 50.0% (30.1)",
        "oppScoring": "51.9% (30.3) // 55.2% (31.4) // 51.1% (24.0) // 51.9% (30.3)",
        "oppCorsiAgainst": "48.5% (55.2) // 46.0% (52.2) // 50.0% (43.0) // 48.5% (55.2)",
        "oppFenwickAgainst": "48.7% (41.7) // 46.2% (39.2) // 52.5% (32.0) // 48.7% (41.7)",
        "oppShotsAgainst": "50.0% (30.1) // 48.0% (27.9) // 55.6% (25.0) // 50.0% (30.1)",
        "oppScoringAgainst": "48.1% (28.1) // 44.8% (25.5) // 48.9% (23.0) // 48.1% (28.1)",
        "savesPerGame": 28.1,
        "savesPerGameLast1": 31.0,
        "savesPerGameLast3": 29.0,
        "savesPerGameLast5": 26.2,
        "savesPer60": 29.0,
        "savesPer60Last1": 30.9,
        "savesPer60Last3": 28.7,
        "savesPer60Last5": 26.5,
        "shotsPerGame": 31.5,
        "shotsPerGameLast5": 26.4,
        "shotsAgainstPerGame": 30.9,
        "shotsAgainstPerGameLast5": 28.2,
        "oppSavesAgainstPer60": 27.8,
        "oppSavesAgainstPer60Last1": 29.7,
        "oppSavesAgainstPer60Last3": 24.4,
        "oppSavesAgainstPer60Last5": 23.3,
        "oppShotsAgainstPerGame": 30.3,
        "oppShotsAgainstPerGameLast5": 27.2,
        "savesProj": 28.0,
        "savesProjLast5": 22.4,
        "savesProjLast3": 25.5,
        "oppSavesAgainstProj": 27.5,
        "oppSavesAgainstProjLast5": 21.9,
        "oppSavesAgainstProjLast3": 25.6,
        "totalOver": 42,
        "totalOverLast5": 40,
        "totalOverLast15": 53,
        "lastTotalOver": 47,
        "last5": "1,0,0,0,1,1,3,0,1,1",
        "overOdds": "+160",
        "underOdds": "-195",
        "overUnder": "+160 / -195"
    },
    {
        "player": "Nino Niederreiter",
        "team": "WPG",
        "opponent": "VGK",
        "propType": "ast",
        "line": 0.5,
        "ppLine": "PP2",
        "avg": 0.24,
        "hit": false,
        "diffAvg": -0.52,
        "diffAbs": 0.6,
        "lastAvg": 0.22,
        "diff": -0.56,
        "avgMin": 16,
        "proj": 0.2,
        "lastAvgMin": 14.83,
        "oppOver": 0,
        "teamOver": 0,
        "gameLine": "-115",
        "+/-": -6,
        "L5_+/-": "+2.0",
        "prevMatchup": "2023-04-20 0.0 ast 2023-04-18 2.0 ast 2023-02-07 0.0 ast 2022-12-31 0.0 ast",
        "winLossSplits": "25% - 12%",
        "awayHome": "H",
        "playedYesterday": "N",
        "awayHomeSplits": "25% - 12%",
        "savesAboveExp": "-",
        "gsaa": "-",
        "corsi": "51.5% (58.6) // 54.0% (61.3) // 50.0% (43.0) // 51.5% (58.6)",
        "fenwick": "51.3% (43.9) // 53.8% (45.7) // 47.5% (29.0) // 51.3% (43.9)",
        "shots": "50.0% (30.1) // 52.0% (30.2) // 44.4% (20.0) // 50.0% (30.1)",
        "scoring": "51.9% (30.3) // 55.2% (31.4) // 51.1% (24.0) // 51.9% (30.3)",
        "corsiAgainst": "48.5% (55.2) // 46.0% (52.2) // 50.0% (43.0) // 48.5% (55.2)",
        "fenwickAgainst": "48.7% (41.7) // 46.2% (39.2) // 52.5% (32.0) // 48.7% (41.7)",
        "shotsAgainst": "50.0% (30.1) // 48.0% (27.9) // 55.6% (25.0) // 50.0% (30.1)",
        "scoringAgainst": "48.1% (28.1) // 44.8% (25.5) // 48.9% (23.0) // 48.1% (28.1)",
        "oppCorsi": "48.6% (57.5) // 48.0% (56.0) // 33.9% (41.0) // 48.6% (57.5)",
        "oppFenwick": "49.7% (42.3) // 48.8% (40.5) // 32.9% (26.0) // 49.7% (42.3)",
        "oppShots": "50.5% (31.1) // 50.2% (28.8) // 38.0% (19.0) // 50.5% (31.1)",
        "oppScoring": "49.5% (29.2) // 49.0% (28.7) // 33.3% (18.0) // 49.5% (29.2)",
        "oppCorsiAgainst": "51.4% (60.7) // 52.0% (60.6) // 66.1% (80.0) // 51.4% (60.7)",
        "oppFenwickAgainst": "50.3% (42.8) // 51.2% (42.5) // 67.1% (53.0) // 50.3% (42.8)",
        "oppShotsAgainst": "49.5% (30.4) // 49.8% (28.5) // 62.0% (31.0) // 49.5% (30.4)",
        "oppScoringAgainst": "50.5% (29.8) // 51.0% (29.9) // 66.7% (36.0) // 50.5% (29.8)",
        "savesPerGame": 27.6,
        "savesPerGameLast1": 34.0,
        "savesPerGameLast3": 23.7,
        "savesPerGameLast5": 24.6,
        "savesPer60": 28.2,
        "savesPer60Last1": 34.0,
        "savesPer60Last3": 23.6,
        "savesPer60Last5": 24.6,
        "shotsPerGame": 30.3,
        "shotsPerGameLast5": 27.4,
        "shotsAgainstPerGame": 30.3,
        "shotsAgainstPerGameLast5": 27.2,
        "oppSavesAgainstPer60": 29.1,
        "oppSavesAgainstPer60Last1": 33.6,
        "oppSavesAgainstPer60Last3": 22.5,
        "oppSavesAgainstPer60Last5": 23.9,
        "oppShotsAgainstPerGame": 30.9,
        "oppShotsAgainstPerGameLast5": 28.2,
        "savesProj": 27.6,
        "savesProjLast5": 20.0,
        "savesProjLast3": 17.9,
        "oppSavesAgainstProj": 28.1,
        "oppSavesAgainstProjLast5": 20.2,
        "oppSavesAgainstProjLast3": 17.9,
        "totalOver": 19,
        "totalOverLast5": 60,
        "totalOverLast15": 27,
        "lastTotalOver": 21,
        "last5": "0,2,0,1,2,0,0,0,0,0",
        "overOdds": "+245",
        "underOdds": "-315",
        "overUnder": "+245 / -315"
    },
    {
        "player": "Pierre-Luc Dubois",
        "team": "WPG",
        "opponent": "VGK",
        "propType": "ast",
        "line": 0.5,
        "ppLine": "",
        "avg": 0.49,
        "hit": false,
        "diffAvg": -0.02,
        "diffAbs": 0.2,
        "lastAvg": 0.4,
        "diff": -0.2,
        "avgMin": 18,
        "proj": 0.4,
        "lastAvgMin": 18.92,
        "oppOver": 0,
        "teamOver": 0,
        "gameLine": "-115",
        "+/-": "+6",
        "L5_+/-": "+3.0",
        "prevMatchup": "2023-04-20 0.0 ast 2023-04-18 1.0 ast 2022-12-13 1.0 ast 2022-10-30 0.0 ast 2022-10-20 0.0 ast",
        "winLossSplits": "52% - 16%",
        "awayHome": "H",
        "playedYesterday": "N",
        "awayHomeSplits": "37% - 38%",
        "savesAboveExp": "-",
        "gsaa": "-",
        "corsi": "51.5% (58.6) // 54.0% (61.3) // 50.0% (43.0) // 51.5% (58.6)",
        "fenwick": "51.3% (43.9) // 53.8% (45.7) // 47.5% (29.0) // 51.3% (43.9)",
        "shots": "50.0% (30.1) // 52.0% (30.2) // 44.4% (20.0) // 50.0% (30.1)",
        "scoring": "51.9% (30.3) // 55.2% (31.4) // 51.1% (24.0) // 51.9% (30.3)",
        "corsiAgainst": "48.5% (55.2) // 46.0% (52.2) // 50.0% (43.0) // 48.5% (55.2)",
        "fenwickAgainst": "48.7% (41.7) // 46.2% (39.2) // 52.5% (32.0) // 48.7% (41.7)",
        "shotsAgainst": "50.0% (30.1) // 48.0% (27.9) // 55.6% (25.0) // 50.0% (30.1)",
        "scoringAgainst": "48.1% (28.1) // 44.8% (25.5) // 48.9% (23.0) // 48.1% (28.1)",
        "oppCorsi": "48.6% (57.5) // 48.0% (56.0) // 33.9% (41.0) // 48.6% (57.5)",
        "oppFenwick": "49.7% (42.3) // 48.8% (40.5) // 32.9% (26.0) // 49.7% (42.3)",
        "oppShots": "50.5% (31.1) // 50.2% (28.8) // 38.0% (19.0) // 50.5% (31.1)",
        "oppScoring": "49.5% (29.2) // 49.0% (28.7) // 33.3% (18.0) // 49.5% (29.2)",
        "oppCorsiAgainst": "51.4% (60.7) // 52.0% (60.6) // 66.1% (80.0) // 51.4% (60.7)",
        "oppFenwickAgainst": "50.3% (42.8) // 51.2% (42.5) // 67.1% (53.0) // 50.3% (42.8)",
        "oppShotsAgainst": "49.5% (30.4) // 49.8% (28.5) // 62.0% (31.0) // 49.5% (30.4)",
        "oppScoringAgainst": "50.5% (29.8) // 51.0% (29.9) // 66.7% (36.0) // 50.5% (29.8)",
        "savesPerGame": 27.6,
        "savesPerGameLast1": 34.0,
        "savesPerGameLast3": 23.7,
        "savesPerGameLast5": 24.6,
        "savesPer60": 28.2,
        "savesPer60Last1": 34.0,
        "savesPer60Last3": 23.6,
        "savesPer60Last5": 24.6,
        "shotsPerGame": 30.3,
        "shotsPerGameLast5": 27.4,
        "shotsAgainstPerGame": 30.3,
        "shotsAgainstPerGameLast5": 27.2,
        "oppSavesAgainstPer60": 29.1,
        "oppSavesAgainstPer60Last1": 33.6,
        "oppSavesAgainstPer60Last3": 22.5,
        "oppSavesAgainstPer60Last5": 23.9,
        "oppShotsAgainstPerGame": 30.9,
        "oppShotsAgainstPerGameLast5": 28.2,
        "savesProj": 27.6,
        "savesProjLast5": 20.0,
        "savesProjLast3": 17.9,
        "oppSavesAgainstProj": 28.1,
        "oppSavesAgainstProjLast5": 20.2,
        "oppSavesAgainstProjLast3": 17.9,
        "totalOver": 37,
        "totalOverLast5": 40,
        "totalOverLast15": 40,
        "lastTotalOver": 35,
        "last5": "0,1,1,0,0,1,1,0,0,0",
        "overOdds": "+160",
        "underOdds": "-195",
        "overUnder": "+160 / -195"
    },
    {
        "player": "Reilly Smith",
        "team": "VGK",
        "opponent": "WPG",
        "propType": "ast",
        "line": 0.5,
        "ppLine": "PP2",
        "avg": 0.39,
        "hit": false,
        "diffAvg": -0.22,
        "diffAbs": 0.2,
        "lastAvg": 0.39,
        "diff": -0.22,
        "avgMin": 16,
        "proj": 0.4,
        "lastAvgMin": 17.78,
        "oppOver": 0,
        "teamOver": 0,
        "gameLine": "-105",
        "+/-": "+11",
        "L5_+/-": "+5.0",
        "prevMatchup": "2023-04-20 1.0 ast 2023-04-18 0.0 ast 2022-12-13 2.0 ast 2022-10-30 0.0 ast 2022-10-20 1.0 ast",
        "winLossSplits": "38% - 20%",
        "awayHome": "A",
        "playedYesterday": "N",
        "awayHomeSplits": "28% - 34%",
        "savesAboveExp": 0.641,
        "gsaa": 31.05,
        "corsi": "48.6% (57.5) // 48.0% (56.0) // 33.9% (41.0) // 48.6% (57.5)",
        "fenwick": "49.7% (42.3) // 48.8% (40.5) // 32.9% (26.0) // 49.7% (42.3)",
        "shots": "50.5% (31.1) // 50.2% (28.8) // 38.0% (19.0) // 50.5% (31.1)",
        "scoring": "49.5% (29.2) // 49.0% (28.7) // 33.3% (18.0) // 49.5% (29.2)",
        "corsiAgainst": "51.4% (60.7) // 52.0% (60.6) // 66.1% (80.0) // 51.4% (60.7)",
        "fenwickAgainst": "50.3% (42.8) // 51.2% (42.5) // 67.1% (53.0) // 50.3% (42.8)",
        "shotsAgainst": "49.5% (30.4) // 49.8% (28.5) // 62.0% (31.0) // 49.5% (30.4)",
        "scoringAgainst": "50.5% (29.8) // 51.0% (29.9) // 66.7% (36.0) // 50.5% (29.8)",
        "oppCorsi": "51.5% (58.6) // 54.0% (61.3) // 50.0% (43.0) // 51.5% (58.6)",
        "oppFenwick": "51.3% (43.9) // 53.8% (45.7) // 47.5% (29.0) // 51.3% (43.9)",
        "oppShots": "50.0% (30.1) // 52.0% (30.2) // 44.4% (20.0) // 50.0% (30.1)",
        "oppScoring": "51.9% (30.3) // 55.2% (31.4) // 51.1% (24.0) // 51.9% (30.3)",
        "oppCorsiAgainst": "48.5% (55.2) // 46.0% (52.2) // 50.0% (43.0) // 48.5% (55.2)",
        "oppFenwickAgainst": "48.7% (41.7) // 46.2% (39.2) // 52.5% (32.0) // 48.7% (41.7)",
        "oppShotsAgainst": "50.0% (30.1) // 48.0% (27.9) // 55.6% (25.0) // 50.0% (30.1)",
        "oppScoringAgainst": "48.1% (28.1) // 44.8% (25.5) // 48.9% (23.0) // 48.1% (28.1)",
        "savesPerGame": 28.1,
        "savesPerGameLast1": 31.0,
        "savesPerGameLast3": 29.0,
        "savesPerGameLast5": 26.2,
        "savesPer60": 29.0,
        "savesPer60Last1": 30.9,
        "savesPer60Last3": 28.7,
        "savesPer60Last5": 26.5,
        "shotsPerGame": 31.5,
        "shotsPerGameLast5": 26.4,
        "shotsAgainstPerGame": 30.9,
        "shotsAgainstPerGameLast5": 28.2,
        "oppSavesAgainstPer60": 27.8,
        "oppSavesAgainstPer60Last1": 29.7,
        "oppSavesAgainstPer60Last3": 24.4,
        "oppSavesAgainstPer60Last5": 23.3,
        "oppShotsAgainstPerGame": 30.3,
        "oppShotsAgainstPerGameLast5": 27.2,
        "savesProj": 28.0,
        "savesProjLast5": 22.4,
        "savesProjLast3": 25.5,
        "oppSavesAgainstProj": 27.5,
        "oppSavesAgainstProjLast5": 21.9,
        "oppSavesAgainstProjLast3": 25.6,
        "totalOver": 31,
        "totalOverLast5": 40,
        "totalOverLast15": 47,
        "lastTotalOver": 34,
        "last5": "1,0,0,2,0,0,0,1,0,0",
        "overOdds": "+235",
        "underOdds": "-300",
        "overUnder": "+235 / -300"
    },
    {
        "player": "Shea Theodore",
        "team": "VGK",
        "opponent": "WPG",
        "propType": "ast",
        "line": 0.5,
        "ppLine": "PP2",
        "avg": 0.58,
        "hit": false,
        "diffAvg": 0.16,
        "diffAbs": 0.2,
        "lastAvg": 0.49,
        "diff": -0.02,
        "avgMin": 21,
        "proj": 0.4,
        "lastAvgMin": 23.13,
        "oppOver": 0,
        "teamOver": 0,
        "gameLine": "-105",
        "+/-": "+15",
        "L5_+/-": -3.0,
        "prevMatchup": "2023-04-20 0.0 ast 2023-04-18 0.0 ast 2022-10-30 1.0 ast 2022-10-20 1.0 ast",
        "winLossSplits": "54% - 39%",
        "awayHome": "A",
        "playedYesterday": "N",
        "awayHomeSplits": "47% - 52%",
        "savesAboveExp": 0.641,
        "gsaa": 31.05,
        "corsi": "48.6% (57.5) // 48.0% (56.0) // 33.9% (41.0) // 48.6% (57.5)",
        "fenwick": "49.7% (42.3) // 48.8% (40.5) // 32.9% (26.0) // 49.7% (42.3)",
        "shots": "50.5% (31.1) // 50.2% (28.8) // 38.0% (19.0) // 50.5% (31.1)",
        "scoring": "49.5% (29.2) // 49.0% (28.7) // 33.3% (18.0) // 49.5% (29.2)",
        "corsiAgainst": "51.4% (60.7) // 52.0% (60.6) // 66.1% (80.0) // 51.4% (60.7)",
        "fenwickAgainst": "50.3% (42.8) // 51.2% (42.5) // 67.1% (53.0) // 50.3% (42.8)",
        "shotsAgainst": "49.5% (30.4) // 49.8% (28.5) // 62.0% (31.0) // 49.5% (30.4)",
        "scoringAgainst": "50.5% (29.8) // 51.0% (29.9) // 66.7% (36.0) // 50.5% (29.8)",
        "oppCorsi": "51.5% (58.6) // 54.0% (61.3) // 50.0% (43.0) // 51.5% (58.6)",
        "oppFenwick": "51.3% (43.9) // 53.8% (45.7) // 47.5% (29.0) // 51.3% (43.9)",
        "oppShots": "50.0% (30.1) // 52.0% (30.2) // 44.4% (20.0) // 50.0% (30.1)",
        "oppScoring": "51.9% (30.3) // 55.2% (31.4) // 51.1% (24.0) // 51.9% (30.3)",
        "oppCorsiAgainst": "48.5% (55.2) // 46.0% (52.2) // 50.0% (43.0) // 48.5% (55.2)",
        "oppFenwickAgainst": "48.7% (41.7) // 46.2% (39.2) // 52.5% (32.0) // 48.7% (41.7)",
        "oppShotsAgainst": "50.0% (30.1) // 48.0% (27.9) // 55.6% (25.0) // 50.0% (30.1)",
        "oppScoringAgainst": "48.1% (28.1) // 44.8% (25.5) // 48.9% (23.0) // 48.1% (28.1)",
        "savesPerGame": 28.1,
        "savesPerGameLast1": 31.0,
        "savesPerGameLast3": 29.0,
        "savesPerGameLast5": 26.2,
        "savesPer60": 29.0,
        "savesPer60Last1": 30.9,
        "savesPer60Last3": 28.7,
        "savesPer60Last5": 26.5,
        "shotsPerGame": 31.5,
        "shotsPerGameLast5": 26.4,
        "shotsAgainstPerGame": 30.9,
        "shotsAgainstPerGameLast5": 28.2,
        "oppSavesAgainstPer60": 27.8,
        "oppSavesAgainstPer60Last1": 29.7,
        "oppSavesAgainstPer60Last3": 24.4,
        "oppSavesAgainstPer60Last5": 23.3,
        "oppShotsAgainstPerGame": 30.3,
        "oppShotsAgainstPerGameLast5": 27.2,
        "savesProj": 28.0,
        "savesProjLast5": 22.4,
        "savesProjLast3": 25.5,
        "oppSavesAgainstProj": 27.5,
        "oppSavesAgainstProjLast5": 21.9,
        "oppSavesAgainstProjLast3": 25.6,
        "totalOver": 49,
        "totalOverLast5": 20,
        "totalOverLast15": 33,
        "lastTotalOver": 39,
        "last5": "0,0,0,0,2,1,0,1,0,1",
        "overOdds": "+195",
        "underOdds": "-240",
        "overUnder": "+195 / -240"
    },
    {
        "player": "William Karlsson",
        "team": "VGK",
        "opponent": "WPG",
        "propType": "ast",
        "line": 0.5,
        "ppLine": "PP2",
        "avg": 0.48,
        "hit": false,
        "diffAvg": -0.04,
        "diffAbs": 0.4,
        "lastAvg": 0.34,
        "diff": -0.32,
        "avgMin": 17,
        "proj": 0.3,
        "lastAvgMin": 18.27,
        "oppOver": 0,
        "teamOver": 0,
        "gameLine": "-105",
        "+/-": "+16",
        "L5_+/-": "+9.0",
        "prevMatchup": "2023-04-20 1.0 ast 2023-04-18 0.0 ast 2022-12-13 1.0 ast 2022-10-30 0.0 ast 2022-10-20 1.0 ast",
        "winLossSplits": "50% - 22%",
        "awayHome": "A",
        "playedYesterday": "N",
        "awayHomeSplits": "41% - 37%",
        "savesAboveExp": 0.641,
        "gsaa": 31.05,
        "corsi": "48.6% (57.5) // 48.0% (56.0) // 33.9% (41.0) // 48.6% (57.5)",
        "fenwick": "49.7% (42.3) // 48.8% (40.5) // 32.9% (26.0) // 49.7% (42.3)",
        "shots": "50.5% (31.1) // 50.2% (28.8) // 38.0% (19.0) // 50.5% (31.1)",
        "scoring": "49.5% (29.2) // 49.0% (28.7) // 33.3% (18.0) // 49.5% (29.2)",
        "corsiAgainst": "51.4% (60.7) // 52.0% (60.6) // 66.1% (80.0) // 51.4% (60.7)",
        "fenwickAgainst": "50.3% (42.8) // 51.2% (42.5) // 67.1% (53.0) // 50.3% (42.8)",
        "shotsAgainst": "49.5% (30.4) // 49.8% (28.5) // 62.0% (31.0) // 49.5% (30.4)",
        "scoringAgainst": "50.5% (29.8) // 51.0% (29.9) // 66.7% (36.0) // 50.5% (29.8)",
        "oppCorsi": "51.5% (58.6) // 54.0% (61.3) // 50.0% (43.0) // 51.5% (58.6)",
        "oppFenwick": "51.3% (43.9) // 53.8% (45.7) // 47.5% (29.0) // 51.3% (43.9)",
        "oppShots": "50.0% (30.1) // 52.0% (30.2) // 44.4% (20.0) // 50.0% (30.1)",
        "oppScoring": "51.9% (30.3) // 55.2% (31.4) // 51.1% (24.0) // 51.9% (30.3)",
        "oppCorsiAgainst": "48.5% (55.2) // 46.0% (52.2) // 50.0% (43.0) // 48.5% (55.2)",
        "oppFenwickAgainst": "48.7% (41.7) // 46.2% (39.2) // 52.5% (32.0) // 48.7% (41.7)",
        "oppShotsAgainst": "50.0% (30.1) // 48.0% (27.9) // 55.6% (25.0) // 50.0% (30.1)",
        "oppScoringAgainst": "48.1% (28.1) // 44.8% (25.5) // 48.9% (23.0) // 48.1% (28.1)",
        "savesPerGame": 28.1,
        "savesPerGameLast1": 31.0,
        "savesPerGameLast3": 29.0,
        "savesPerGameLast5": 26.2,
        "savesPer60": 29.0,
        "savesPer60Last1": 30.9,
        "savesPer60Last3": 28.7,
        "savesPer60Last5": 26.5,
        "shotsPerGame": 31.5,
        "shotsPerGameLast5": 26.4,
        "shotsAgainstPerGame": 30.9,
        "shotsAgainstPerGameLast5": 28.2,
        "oppSavesAgainstPer60": 27.8,
        "oppSavesAgainstPer60Last1": 29.7,
        "oppSavesAgainstPer60Last3": 24.4,
        "oppSavesAgainstPer60Last5": 23.3,
        "oppShotsAgainstPerGame": 30.3,
        "oppShotsAgainstPerGameLast5": 27.2,
        "savesProj": 28.0,
        "savesProjLast5": 22.4,
        "savesProjLast3": 25.5,
        "oppSavesAgainstProj": 27.5,
        "oppSavesAgainstProjLast5": 21.9,
        "oppSavesAgainstProjLast3": 25.6,
        "totalOver": 39,
        "totalOverLast5": 40,
        "totalOverLast15": 33,
        "lastTotalOver": 29,
        "last5": "1,0,0,2,0,0,0,2,0,0",
        "overOdds": "+200",
        "underOdds": "-250",
        "overUnder": "+200 / -250"
    },
    {
        "player": "Adam Lowry",
        "team": "WPG",
        "opponent": "VGK",
        "propType": "ast",
        "line": 0.5,
        "ppLine": "",
        "avg": 0.26,
        "hit": false,
