[
    {
        "player": "Brady Skjei",
        "team": "CAR",
        "opponent": "NJ",
        "propType": "ast",
        "line": 0.5,
        "ppLine": "PP2",
        "avg": 0.24,
        "hit": false,
        "diffAvg": -0.52,
        "diffAbs": 0.4,
        "lastAvg": 0.31,
        "diff": -0.38,
        "avgMin": 21,
        "proj": 0.3,
        "lastAvgMin": 21.13,
        "oppOver": 0,
        "teamOver": 0,
        "gameLine": "-115",
        "+/-": "+4",
        "L5_+/-": -7.0,
        "prevMatchup": "2023-03-12 0.0 ast 2023-01-10 1.0 ast 2023-01-01 0.0 ast 2022-12-20 0.0 ast",
        "winLossSplits": "31% - 12%",
        "awayHome": "H",
        "playedYesterday": "N",
        "awayHomeSplits": "23% - 25%",
        "savesAboveExp": 0.922,
        "gsaa": 7.07,
        "corsi": "59.9% (67.4) // 61.2% (68.8) // 59.9% (67.4) // 59.9% (67.4)",
        "fenwick": "59.1% (50.8) // 60.1% (51.8) // 59.1% (50.8) // 59.1% (50.8)",
        "shots": "57.2% (34.3) // 58.4% (34.4) // 57.2% (34.3) // 57.2% (34.3)",
        "scoring": "58.9% (33.3) // 62.3% (33.3) // 58.9% (33.3) // 58.9% (33.3)",
        "corsiAgainst": "40.1% (45.2) // 38.8% (43.6) // 40.1% (45.2) // 40.1% (45.2)",
        "fenwickAgainst": "40.9% (35.1) // 39.9% (34.4) // 40.9% (35.1) // 40.9% (35.1)",
        "shotsAgainst": "42.8% (25.6) // 41.6% (24.5) // 42.8% (25.6) // 42.8% (25.6)",
        "scoringAgainst": "41.1% (23.3) // 37.7% (20.2) // 41.1% (23.3) // 41.1% (23.3)",
        "oppCorsi": "53.7% (63.4) // 55.1% (64.9) // 53.7% (63.4) // 53.7% (63.4)",
        "oppFenwick": "53.9% (46.9) // 55.2% (48.2) // 53.9% (46.9) // 53.9% (46.9)",
        "oppShots": "54.9% (33.9) // 54.4% (33.3) // 54.9% (33.9) // 54.9% (33.9)",
        "oppScoring": "56.3% (35.0) // 60.7% (39.4) // 56.3% (35.0) // 56.3% (35.0)",
        "oppCorsiAgainst": "46.3% (54.8) // 44.9% (52.8) // 46.3% (54.8) // 46.3% (54.8)",
        "oppFenwickAgainst": "46.1% (40.1) // 44.8% (39.2) // 46.1% (40.1) // 46.1% (40.1)",
        "oppShotsAgainst": "45.1% (27.8) // 45.6% (28.0) // 45.1% (27.8) // 45.1% (27.8)",
        "oppScoringAgainst": "43.7% (27.1) // 39.3% (25.5) // 43.7% (27.1) // 43.7% (27.1)",
        "savesPerGame": 23.4,
        "savesPerGameLast1": 33.0,
        "savesPerGameLast3": 26.3,
        "savesPerGameLast5": 26.8,
        "savesPer60": 25.3,
        "savesPer60Last1": 36.3,
        "savesPer60Last3": 26.8,
        "savesPer60Last5": 27.5,
        "shotsPerGame": 34.8,
        "shotsPerGameLast5": 34.6,
        "shotsAgainstPerGame": 26.0,
        "shotsAgainstPerGameLast5": 29.6,
        "oppSavesAgainstPer60": 33.7,
        "oppSavesAgainstPer60Last1": 20.0,
        "oppSavesAgainstPer60Last3": 30.8,
        "oppSavesAgainstPer60Last5": 27.5,
        "oppShotsAgainstPerGame": 28.2,
        "oppShotsAgainstPerGameLast5": 28.4,
        "savesProj": 27.8,
        "savesProjLast5": 27.5,
        "savesProjLast3": 29.9,
        "oppSavesAgainstProj": 27.2,
        "oppSavesAgainstProjLast5": 24.6,
        "oppSavesAgainstProjLast3": 27.1,
        "totalOver": 24,
        "totalOverLast5": 20,
        "totalOverLast15": 27,
        "lastTotalOver": 30,
        "last5": "0,0,1,0,0,0,0,1,1,0",
        "overOdds": "+250",
        "underOdds": "-320",
        "overUnder": "+250 / -320"
    },
    {
        "player": "Brent Burns",
        "team": "CAR",
        "opponent": "NJ",
        "propType": "ast",
        "line": 0.5,
        "ppLine": "PP1",
        "avg": 0.55,
        "hit": false,
        "diffAvg": 0.1,
        "diffAbs": 0.0,
        "lastAvg": 0.54,
        "diff": 0.08,
        "avgMin": 23,
        "proj": 0.5,
        "lastAvgMin": 26.13,
        "oppOver": 0,
        "teamOver": 0,
        "gameLine": "-115",
        "+/-": "+18",
        "L5_+/-": "+4.0",
        "prevMatchup": "2023-03-12 0.0 ast 2023-01-10 0.0 ast 2023-01-01 1.0 ast 2022-12-20 0.0 ast",
        "winLossSplits": "55% - 16%",
        "awayHome": "H",
        "playedYesterday": "N",
        "awayHomeSplits": "43% - 39%",
        "savesAboveExp": 0.922,
        "gsaa": 7.07,
        "corsi": "59.9% (67.4) // 61.2% (68.8) // 59.9% (67.4) // 59.9% (67.4)",
        "fenwick": "59.1% (50.8) // 60.1% (51.8) // 59.1% (50.8) // 59.1% (50.8)",
        "shots": "57.2% (34.3) // 58.4% (34.4) // 57.2% (34.3) // 57.2% (34.3)",
        "scoring": "58.9% (33.3) // 62.3% (33.3) // 58.9% (33.3) // 58.9% (33.3)",
        "corsiAgainst": "40.1% (45.2) // 38.8% (43.6) // 40.1% (45.2) // 40.1% (45.2)",
        "fenwickAgainst": "40.9% (35.1) // 39.9% (34.4) // 40.9% (35.1) // 40.9% (35.1)",
        "shotsAgainst": "42.8% (25.6) // 41.6% (24.5) // 42.8% (25.6) // 42.8% (25.6)",
        "scoringAgainst": "41.1% (23.3) // 37.7% (20.2) // 41.1% (23.3) // 41.1% (23.3)",
        "oppCorsi": "53.7% (63.4) // 55.1% (64.9) // 53.7% (63.4) // 53.7% (63.4)",
        "oppFenwick": "53.9% (46.9) // 55.2% (48.2) // 53.9% (46.9) // 53.9% (46.9)",
        "oppShots": "54.9% (33.9) // 54.4% (33.3) // 54.9% (33.9) // 54.9% (33.9)",
        "oppScoring": "56.3% (35.0) // 60.7% (39.4) // 56.3% (35.0) // 56.3% (35.0)",
        "oppCorsiAgainst": "46.3% (54.8) // 44.9% (52.8) // 46.3% (54.8) // 46.3% (54.8)",
        "oppFenwickAgainst": "46.1% (40.1) // 44.8% (39.2) // 46.1% (40.1) // 46.1% (40.1)",
        "oppShotsAgainst": "45.1% (27.8) // 45.6% (28.0) // 45.1% (27.8) // 45.1% (27.8)",
        "oppScoringAgainst": "43.7% (27.1) // 39.3% (25.5) // 43.7% (27.1) // 43.7% (27.1)",
        "savesPerGame": 23.4,
        "savesPerGameLast1": 33.0,
        "savesPerGameLast3": 26.3,
        "savesPerGameLast5": 26.8,
        "savesPer60": 25.3,
        "savesPer60Last1": 36.3,
        "savesPer60Last3": 26.8,
        "savesPer60Last5": 27.5,
        "shotsPerGame": 34.8,
        "shotsPerGameLast5": 34.6,
        "shotsAgainstPerGame": 26.0,
        "shotsAgainstPerGameLast5": 29.6,
        "oppSavesAgainstPer60": 33.7,
        "oppSavesAgainstPer60Last1": 20.0,
        "oppSavesAgainstPer60Last3": 30.8,
        "oppSavesAgainstPer60Last5": 27.5,
        "oppShotsAgainstPerGame": 28.2,
        "oppShotsAgainstPerGameLast5": 28.4,
        "savesProj": 27.8,
        "savesProjLast5": 27.5,
        "savesProjLast3": 29.9,
        "oppSavesAgainstProj": 27.2,
        "oppSavesAgainstProjLast5": 24.6,
        "oppSavesAgainstProjLast3": 27.1,
        "totalOver": 41,
        "totalOverLast5": 40,
        "totalOverLast15": 33,
        "lastTotalOver": 44,
        "last5": "0,0,1,0,2,2,0,0,0,0",
        "overOdds": "+115",
        "underOdds": "-145",
        "overUnder": "+115 / -145"
    },
    {
        "player": "Dawson Mercer",
        "team": "NJ",
        "opponent": "CAR",
        "propType": "ast",
        "line": 0.5,
        "ppLine": "PP2",
        "avg": 0.34,
        "hit": false,
        "diffAvg": -0.32,
        "diffAbs": 0.4,
        "lastAvg": 0.3,
        "diff": -0.4,
        "avgMin": 16,
        "proj": 0.3,
        "lastAvgMin": 16.53,
        "oppOver": 0,
        "teamOver": 0,
        "gameLine": "-105",
        "+/-": "+20",
        "L5_+/-": -2.0,
        "prevMatchup": "2023-03-12 0.0 ast 2023-01-10 1.0 ast 2023-01-01 1.0 ast 2022-12-20 0.0 ast",
        "winLossSplits": "34% - 18%",
        "awayHome": "A",
        "playedYesterday": "N",
        "awayHomeSplits": "36% - 20%",
        "savesAboveExp": -0.44,
        "gsaa": -0.71,
        "corsi": "53.7% (63.4) // 55.1% (64.9) // 53.7% (63.4) // 53.7% (63.4)",
        "fenwick": "53.9% (46.9) // 55.2% (48.2) // 53.9% (46.9) // 53.9% (46.9)",
        "shots": "54.9% (33.9) // 54.4% (33.3) // 54.9% (33.9) // 54.9% (33.9)",
        "scoring": "56.3% (35.0) // 60.7% (39.4) // 56.3% (35.0) // 56.3% (35.0)",
        "corsiAgainst": "46.3% (54.8) // 44.9% (52.8) // 46.3% (54.8) // 46.3% (54.8)",
        "fenwickAgainst": "46.1% (40.1) // 44.8% (39.2) // 46.1% (40.1) // 46.1% (40.1)",
        "shotsAgainst": "45.1% (27.8) // 45.6% (28.0) // 45.1% (27.8) // 45.1% (27.8)",
        "scoringAgainst": "43.7% (27.1) // 39.3% (25.5) // 43.7% (27.1) // 43.7% (27.1)",
        "oppCorsi": "59.9% (67.4) // 61.2% (68.8) // 59.9% (67.4) // 59.9% (67.4)",
        "oppFenwick": "59.1% (50.8) // 60.1% (51.8) // 59.1% (50.8) // 59.1% (50.8)",
        "oppShots": "57.2% (34.3) // 58.4% (34.4) // 57.2% (34.3) // 57.2% (34.3)",
        "oppScoring": "58.9% (33.3) // 62.3% (33.3) // 58.9% (33.3) // 58.9% (33.3)",
        "oppCorsiAgainst": "40.1% (45.2) // 38.8% (43.6) // 40.1% (45.2) // 40.1% (45.2)",
        "oppFenwickAgainst": "40.9% (35.1) // 39.9% (34.4) // 40.9% (35.1) // 40.9% (35.1)",
        "oppShotsAgainst": "42.8% (25.6) // 41.6% (24.5) // 42.8% (25.6) // 42.8% (25.6)",
        "oppScoringAgainst": "41.1% (23.3) // 37.7% (20.2) // 41.1% (23.3) // 41.1% (23.3)",
        "savesPerGame": 25.5,
        "savesPerGameLast1": 31.0,
        "savesPerGameLast3": 26.0,
        "savesPerGameLast5": 27.0,
        "savesPer60": 27.8,
        "savesPer60Last1": 31.0,
        "savesPer60Last3": 24.9,
        "savesPer60Last5": 27.3,
        "shotsPerGame": 34.4,
        "shotsPerGameLast5": 30.8,
        "shotsAgainstPerGame": 28.2,
        "shotsAgainstPerGameLast5": 28.4,
        "oppSavesAgainstPer60": 34.1,
        "oppSavesAgainstPer60Last1": 39.0,
        "oppSavesAgainstPer60Last3": 32.5,
        "oppSavesAgainstPer60Last5": 32.4,
        "oppShotsAgainstPerGame": 26.0,
        "oppShotsAgainstPerGameLast5": 29.6,
        "savesProj": 34.8,
        "savesProjLast5": 34.5,
        "savesProjLast3": 31.8,
        "oppSavesAgainstProj": 29.5,
        "oppSavesAgainstProjLast5": 28.5,
        "oppSavesAgainstProjLast3": 27.5,
        "totalOver": 28,
        "totalOverLast5": 20,
        "totalOverLast15": 13,
        "lastTotalOver": 25,
        "last5": "0,0,1,0,0,0,0,1,0,0",
        "overOdds": "+235",
        "underOdds": "-300",
        "overUnder": "+235 / -300"
    },
    {
        "player": "Dougie Hamilton",
        "team": "NJ",
        "opponent": "CAR",
        "propType": "ast",
        "line": 0.5,
        "ppLine": "PP1",
        "avg": 0.61,
        "hit": false,
        "diffAvg": 0.22,
        "diffAbs": 0.4,
        "lastAvg": 0.34,
        "diff": -0.32,
        "avgMin": 21,
        "proj": 0.3,
        "lastAvgMin": 21.22,
        "oppOver": 0,
        "teamOver": 0,
        "gameLine": "-105",
        "+/-": "+22",
        "L5_+/-": -1.0,
        "prevMatchup": "2023-03-12 1.0 ast 2023-01-10 1.0 ast 2023-01-01 1.0 ast 2022-12-20 0.0 ast",
        "winLossSplits": "50% - 42%",
        "awayHome": "A",
        "playedYesterday": "N",
        "awayHomeSplits": "48% - 47%",
        "savesAboveExp": -0.44,
        "gsaa": -0.71,
        "corsi": "53.7% (63.4) // 55.1% (64.9) // 53.7% (63.4) // 53.7% (63.4)",
        "fenwick": "53.9% (46.9) // 55.2% (48.2) // 53.9% (46.9) // 53.9% (46.9)",
        "shots": "54.9% (33.9) // 54.4% (33.3) // 54.9% (33.9) // 54.9% (33.9)",
        "scoring": "56.3% (35.0) // 60.7% (39.4) // 56.3% (35.0) // 56.3% (35.0)",
        "corsiAgainst": "46.3% (54.8) // 44.9% (52.8) // 46.3% (54.8) // 46.3% (54.8)",
        "fenwickAgainst": "46.1% (40.1) // 44.8% (39.2) // 46.1% (40.1) // 46.1% (40.1)",
        "shotsAgainst": "45.1% (27.8) // 45.6% (28.0) // 45.1% (27.8) // 45.1% (27.8)",
        "scoringAgainst": "43.7% (27.1) // 39.3% (25.5) // 43.7% (27.1) // 43.7% (27.1)",
        "oppCorsi": "59.9% (67.4) // 61.2% (68.8) // 59.9% (67.4) // 59.9% (67.4)",
        "oppFenwick": "59.1% (50.8) // 60.1% (51.8) // 59.1% (50.8) // 59.1% (50.8)",
        "oppShots": "57.2% (34.3) // 58.4% (34.4) // 57.2% (34.3) // 57.2% (34.3)",
        "oppScoring": "58.9% (33.3) // 62.3% (33.3) // 58.9% (33.3) // 58.9% (33.3)",
        "oppCorsiAgainst": "40.1% (45.2) // 38.8% (43.6) // 40.1% (45.2) // 40.1% (45.2)",
        "oppFenwickAgainst": "40.9% (35.1) // 39.9% (34.4) // 40.9% (35.1) // 40.9% (35.1)",
        "oppShotsAgainst": "42.8% (25.6) // 41.6% (24.5) // 42.8% (25.6) // 42.8% (25.6)",
        "oppScoringAgainst": "41.1% (23.3) // 37.7% (20.2) // 41.1% (23.3) // 41.1% (23.3)",
        "savesPerGame": 25.5,
        "savesPerGameLast1": 31.0,
        "savesPerGameLast3": 26.0,
        "savesPerGameLast5": 27.0,
        "savesPer60": 27.8,
        "savesPer60Last1": 31.0,
        "savesPer60Last3": 24.9,
        "savesPer60Last5": 27.3,
        "shotsPerGame": 34.4,
        "shotsPerGameLast5": 30.8,
        "shotsAgainstPerGame": 28.2,
        "shotsAgainstPerGameLast5": 28.4,
        "oppSavesAgainstPer60": 34.1,
        "oppSavesAgainstPer60Last1": 39.0,
        "oppSavesAgainstPer60Last3": 32.5,
        "oppSavesAgainstPer60Last5": 32.4,
        "oppShotsAgainstPerGame": 26.0,
        "oppShotsAgainstPerGameLast5": 29.6,
        "savesProj": 34.8,
        "savesProjLast5": 34.5,
        "savesProjLast3": 31.8,
        "oppSavesAgainstProj": 29.5,
        "oppSavesAgainstProjLast5": 28.5,
        "oppSavesAgainstProjLast3": 27.5,
        "totalOver": 47,
        "totalOverLast5": 40,
        "totalOverLast15": 27,
        "lastTotalOver": 30,
        "last5": "0,0,0,1,1,0,0,0,0,0",
        "overOdds": "+140",
        "underOdds": "-175",
        "overUnder": "+140 / -175"
    },
    {
        "player": "Erik Haula",
        "team": "NJ",
        "opponent": "CAR",
        "propType": "ast",
        "line": 0.5,
        "ppLine": "PP2",
        "avg": 0.31,
        "hit": false,
        "diffAvg": -0.38,
        "diffAbs": 0.4,
        "lastAvg": 0.31,
        "diff": -0.38,
        "avgMin": 16,
        "proj": 0.3,
        "lastAvgMin": 15.08,
        "oppOver": 0,
        "teamOver": 0,
        "gameLine": "-105",
        "+/-": "+14",
        "L5_+/-": "+5.0",
        "prevMatchup": "2023-03-12 0.0 ast 2023-01-10 1.0 ast 2023-01-01 1.0 ast 2022-12-20 0.0 ast",
        "winLossSplits": "35% - 16%",
        "awayHome": "A",
        "playedYesterday": "N",
        "awayHomeSplits": "28% - 27%",
        "savesAboveExp": -0.44,
        "gsaa": -0.71,
        "corsi": "53.7% (63.4) // 55.1% (64.9) // 53.7% (63.4) // 53.7% (63.4)",
        "fenwick": "53.9% (46.9) // 55.2% (48.2) // 53.9% (46.9) // 53.9% (46.9)",
        "shots": "54.9% (33.9) // 54.4% (33.3) // 54.9% (33.9) // 54.9% (33.9)",
        "scoring": "56.3% (35.0) // 60.7% (39.4) // 56.3% (35.0) // 56.3% (35.0)",
        "corsiAgainst": "46.3% (54.8) // 44.9% (52.8) // 46.3% (54.8) // 46.3% (54.8)",
        "fenwickAgainst": "46.1% (40.1) // 44.8% (39.2) // 46.1% (40.1) // 46.1% (40.1)",
        "shotsAgainst": "45.1% (27.8) // 45.6% (28.0) // 45.1% (27.8) // 45.1% (27.8)",
        "scoringAgainst": "43.7% (27.1) // 39.3% (25.5) // 43.7% (27.1) // 43.7% (27.1)",
        "oppCorsi": "59.9% (67.4) // 61.2% (68.8) // 59.9% (67.4) // 59.9% (67.4)",
        "oppFenwick": "59.1% (50.8) // 60.1% (51.8) // 59.1% (50.8) // 59.1% (50.8)",
        "oppShots": "57.2% (34.3) // 58.4% (34.4) // 57.2% (34.3) // 57.2% (34.3)",
        "oppScoring": "58.9% (33.3) // 62.3% (33.3) // 58.9% (33.3) // 58.9% (33.3)",
        "oppCorsiAgainst": "40.1% (45.2) // 38.8% (43.6) // 40.1% (45.2) // 40.1% (45.2)",
        "oppFenwickAgainst": "40.9% (35.1) // 39.9% (34.4) // 40.9% (35.1) // 40.9% (35.1)",
        "oppShotsAgainst": "42.8% (25.6) // 41.6% (24.5) // 42.8% (25.6) // 42.8% (25.6)",
        "oppScoringAgainst": "41.1% (23.3) // 37.7% (20.2) // 41.1% (23.3) // 41.1% (23.3)",
        "savesPerGame": 25.5,
        "savesPerGameLast1": 31.0,
        "savesPerGameLast3": 26.0,
        "savesPerGameLast5": 27.0,
        "savesPer60": 27.8,
        "savesPer60Last1": 31.0,
        "savesPer60Last3": 24.9,
        "savesPer60Last5": 27.3,
        "shotsPerGame": 34.4,
        "shotsPerGameLast5": 30.8,
        "shotsAgainstPerGame": 28.2,
        "shotsAgainstPerGameLast5": 28.4,
        "oppSavesAgainstPer60": 34.1,
        "oppSavesAgainstPer60Last1": 39.0,
        "oppSavesAgainstPer60Last3": 32.5,
        "oppSavesAgainstPer60Last5": 32.4,
        "oppShotsAgainstPerGame": 26.0,
        "oppShotsAgainstPerGameLast5": 29.6,
        "savesProj": 34.8,
        "savesProjLast5": 34.5,
        "savesProjLast3": 31.8,
        "oppSavesAgainstProj": 29.5,
        "oppSavesAgainstProjLast5": 28.5,
        "oppSavesAgainstProjLast3": 27.5,
        "totalOver": 28,
        "totalOverLast5": 40,
        "totalOverLast15": 27,
        "lastTotalOver": 23,
        "last5": "0,0,1,1,0,0,0,0,1,0",
        "overOdds": "+210",
        "underOdds": "-265",
        "overUnder": "+210 / -265"
    },
    {
        "player": "Jack Hughes",
        "team": "NJ",
        "opponent": "CAR",
        "propType": "ast",
        "line": 0.5,
        "ppLine": "PP1",
        "avg": 0.68,
        "hit": false,
        "diffAvg": 0.36,
        "diffAbs": 0.2,
        "lastAvg": 0.59,
        "diff": 0.18,
        "avgMin": 20,
        "proj": 0.6,
        "lastAvgMin": 19.55,
        "oppOver": 0,
        "teamOver": 0,
        "gameLine": "-105",
        "+/-": "+11",
        "L5_+/-": "+1.0",
        "prevMatchup": "2023-03-12 2.0 ast 2023-01-10 0.0 ast 2023-01-01 0.0 ast 2022-12-20 0.0 ast",
        "winLossSplits": "56% - 42%",
        "awayHome": "A",
        "playedYesterday": "N",
        "awayHomeSplits": "49% - 52%",
        "savesAboveExp": -0.44,
        "gsaa": -0.71,
        "corsi": "53.7% (63.4) // 55.1% (64.9) // 53.7% (63.4) // 53.7% (63.4)",
        "fenwick": "53.9% (46.9) // 55.2% (48.2) // 53.9% (46.9) // 53.9% (46.9)",
        "shots": "54.9% (33.9) // 54.4% (33.3) // 54.9% (33.9) // 54.9% (33.9)",
        "scoring": "56.3% (35.0) // 60.7% (39.4) // 56.3% (35.0) // 56.3% (35.0)",
        "corsiAgainst": "46.3% (54.8) // 44.9% (52.8) // 46.3% (54.8) // 46.3% (54.8)",
        "fenwickAgainst": "46.1% (40.1) // 44.8% (39.2) // 46.1% (40.1) // 46.1% (40.1)",
        "shotsAgainst": "45.1% (27.8) // 45.6% (28.0) // 45.1% (27.8) // 45.1% (27.8)",
        "scoringAgainst": "43.7% (27.1) // 39.3% (25.5) // 43.7% (27.1) // 43.7% (27.1)",
        "oppCorsi": "59.9% (67.4) // 61.2% (68.8) // 59.9% (67.4) // 59.9% (67.4)",
        "oppFenwick": "59.1% (50.8) // 60.1% (51.8) // 59.1% (50.8) // 59.1% (50.8)",
        "oppShots": "57.2% (34.3) // 58.4% (34.4) // 57.2% (34.3) // 57.2% (34.3)",
        "oppScoring": "58.9% (33.3) // 62.3% (33.3) // 58.9% (33.3) // 58.9% (33.3)",
        "oppCorsiAgainst": "40.1% (45.2) // 38.8% (43.6) // 40.1% (45.2) // 40.1% (45.2)",
        "oppFenwickAgainst": "40.9% (35.1) // 39.9% (34.4) // 40.9% (35.1) // 40.9% (35.1)",
        "oppShotsAgainst": "42.8% (25.6) // 41.6% (24.5) // 42.8% (25.6) // 42.8% (25.6)",
        "oppScoringAgainst": "41.1% (23.3) // 37.7% (20.2) // 41.1% (23.3) // 41.1% (23.3)",
        "savesPerGame": 25.5,
        "savesPerGameLast1": 31.0,
        "savesPerGameLast3": 26.0,
        "savesPerGameLast5": 27.0,
        "savesPer60": 27.8,
        "savesPer60Last1": 31.0,
        "savesPer60Last3": 24.9,
        "savesPer60Last5": 27.3,
        "shotsPerGame": 34.4,
        "shotsPerGameLast5": 30.8,
        "shotsAgainstPerGame": 28.2,
        "shotsAgainstPerGameLast5": 28.4,
        "oppSavesAgainstPer60": 34.1,
        "oppSavesAgainstPer60Last1": 39.0,
        "oppSavesAgainstPer60Last3": 32.5,
        "oppSavesAgainstPer60Last5": 32.4,
        "oppShotsAgainstPerGame": 26.0,
        "oppShotsAgainstPerGameLast5": 29.6,
        "savesProj": 34.8,
        "savesProjLast5": 34.5,
        "savesProjLast3": 31.8,
        "oppSavesAgainstProj": 29.5,
        "oppSavesAgainstProjLast5": 28.5,
        "oppSavesAgainstProjLast3": 27.5,
        "totalOver": 51,
        "totalOverLast5": 40,
        "totalOverLast15": 53,
        "lastTotalOver": 44,
        "last5": "1,1,0,0,0,0,0,2,0,1",
        "overOdds": "+100",
        "underOdds": "-130",
        "overUnder": "+100 / -130"
    },
    {
        "player": "Jesper Bratt",
        "team": "NJ",
        "opponent": "CAR",
        "propType": "ast",
        "line": 0.5,
        "ppLine": "PP1",
        "avg": 0.49,
        "hit": false,
        "diffAvg": -0.02,
        "diffAbs": 0.2,
        "lastAvg": 0.62,
        "diff": 0.24,
        "avgMin": 17,
        "proj": 0.6,
        "lastAvgMin": 17.42,
        "oppOver": 0,
        "teamOver": 0,
        "gameLine": "-105",
        "+/-": "+17",
        "L5_+/-": "+4.0",
        "prevMatchup": "2023-03-12 0.0 ast 2023-01-10 0.0 ast 2023-01-01 1.0 ast 2022-12-20 1.0 ast",
        "winLossSplits": "48% - 30%",
        "awayHome": "A",
        "playedYesterday": "N",
        "awayHomeSplits": "45% - 38%",
        "savesAboveExp": -0.44,
        "gsaa": -0.71,
        "corsi": "53.7% (63.4) // 55.1% (64.9) // 53.7% (63.4) // 53.7% (63.4)",
        "fenwick": "53.9% (46.9) // 55.2% (48.2) // 53.9% (46.9) // 53.9% (46.9)",
        "shots": "54.9% (33.9) // 54.4% (33.3) // 54.9% (33.9) // 54.9% (33.9)",
        "scoring": "56.3% (35.0) // 60.7% (39.4) // 56.3% (35.0) // 56.3% (35.0)",
        "corsiAgainst": "46.3% (54.8) // 44.9% (52.8) // 46.3% (54.8) // 46.3% (54.8)",
        "fenwickAgainst": "46.1% (40.1) // 44.8% (39.2) // 46.1% (40.1) // 46.1% (40.1)",
        "shotsAgainst": "45.1% (27.8) // 45.6% (28.0) // 45.1% (27.8) // 45.1% (27.8)",
        "scoringAgainst": "43.7% (27.1) // 39.3% (25.5) // 43.7% (27.1) // 43.7% (27.1)",
        "oppCorsi": "59.9% (67.4) // 61.2% (68.8) // 59.9% (67.4) // 59.9% (67.4)",
        "oppFenwick": "59.1% (50.8) // 60.1% (51.8) // 59.1% (50.8) // 59.1% (50.8)",
        "oppShots": "57.2% (34.3) // 58.4% (34.4) // 57.2% (34.3) // 57.2% (34.3)",
        "oppScoring": "58.9% (33.3) // 62.3% (33.3) // 58.9% (33.3) // 58.9% (33.3)",
        "oppCorsiAgainst": "40.1% (45.2) // 38.8% (43.6) // 40.1% (45.2) // 40.1% (45.2)",
        "oppFenwickAgainst": "40.9% (35.1) // 39.9% (34.4) // 40.9% (35.1) // 40.9% (35.1)",
        "oppShotsAgainst": "42.8% (25.6) // 41.6% (24.5) // 42.8% (25.6) // 42.8% (25.6)",
        "oppScoringAgainst": "41.1% (23.3) // 37.7% (20.2) // 41.1% (23.3) // 41.1% (23.3)",
        "savesPerGame": 25.5,
        "savesPerGameLast1": 31.0,
        "savesPerGameLast3": 26.0,
        "savesPerGameLast5": 27.0,
        "savesPer60": 27.8,
        "savesPer60Last1": 31.0,
        "savesPer60Last3": 24.9,
        "savesPer60Last5": 27.3,
        "shotsPerGame": 34.4,
        "shotsPerGameLast5": 30.8,
        "shotsAgainstPerGame": 28.2,
        "shotsAgainstPerGameLast5": 28.4,
        "oppSavesAgainstPer60": 34.1,
        "oppSavesAgainstPer60Last1": 39.0,
        "oppSavesAgainstPer60Last3": 32.5,
        "oppSavesAgainstPer60Last5": 32.4,
        "oppShotsAgainstPerGame": 26.0,
        "oppShotsAgainstPerGameLast5": 29.6,
        "savesProj": 34.8,
        "savesProjLast5": 34.5,
        "savesProjLast3": 31.8,
        "oppSavesAgainstProj": 29.5,
        "oppSavesAgainstProjLast5": 28.5,
        "oppSavesAgainstProjLast3": 27.5,
        "totalOver": 42,
        "totalOverLast5": 40,
        "totalOverLast15": 53,
        "lastTotalOver": 53,
        "last5": "0,0,0,1,2,0,0,1,1,0",
        "overOdds": "+160",
        "underOdds": "-195",
        "overUnder": "+160 / -195"
    },
    {
        "player": "Jordan Martinook",
        "team": "CAR",
        "opponent": "NJ",
        "propType": "ast",
        "line": 0.5,
        "ppLine": "",
        "avg": 0.24,
        "hit": false,
        "diffAvg": -0.52,
        "diffAbs": 0.6,
        "lastAvg": 0.14,
        "diff": -0.72,
        "avgMin": 15,
        "proj": 0.2,
        "lastAvgMin": 11.2,
        "oppOver": 0,
        "teamOver": 0,
        "gameLine": "-115",
        "+/-": "+7",
        "L5_+/-": "+2.0",
        "prevMatchup": "2023-03-12 0.0 ast 2023-01-10 0.0 ast 2023-01-01 0.0 ast 2022-12-20 1.0 ast",
        "winLossSplits": "25% - 19%",
        "awayHome": "H",
        "playedYesterday": "N",
        "awayHomeSplits": "18% - 27%",
        "savesAboveExp": 0.922,
        "gsaa": 7.07,
        "corsi": "59.9% (67.4) // 61.2% (68.8) // 59.9% (67.4) // 59.9% (67.4)",
        "fenwick": "59.1% (50.8) // 60.1% (51.8) // 59.1% (50.8) // 59.1% (50.8)",
        "shots": "57.2% (34.3) // 58.4% (34.4) // 57.2% (34.3) // 57.2% (34.3)",
        "scoring": "58.9% (33.3) // 62.3% (33.3) // 58.9% (33.3) // 58.9% (33.3)",
        "corsiAgainst": "40.1% (45.2) // 38.8% (43.6) // 40.1% (45.2) // 40.1% (45.2)",
        "fenwickAgainst": "40.9% (35.1) // 39.9% (34.4) // 40.9% (35.1) // 40.9% (35.1)",
        "shotsAgainst": "42.8% (25.6) // 41.6% (24.5) // 42.8% (25.6) // 42.8% (25.6)",
        "scoringAgainst": "41.1% (23.3) // 37.7% (20.2) // 41.1% (23.3) // 41.1% (23.3)",
        "oppCorsi": "53.7% (63.4) // 55.1% (64.9) // 53.7% (63.4) // 53.7% (63.4)",
        "oppFenwick": "53.9% (46.9) // 55.2% (48.2) // 53.9% (46.9) // 53.9% (46.9)",
        "oppShots": "54.9% (33.9) // 54.4% (33.3) // 54.9% (33.9) // 54.9% (33.9)",
        "oppScoring": "56.3% (35.0) // 60.7% (39.4) // 56.3% (35.0) // 56.3% (35.0)",
        "oppCorsiAgainst": "46.3% (54.8) // 44.9% (52.8) // 46.3% (54.8) // 46.3% (54.8)",
        "oppFenwickAgainst": "46.1% (40.1) // 44.8% (39.2) // 46.1% (40.1) // 46.1% (40.1)",
        "oppShotsAgainst": "45.1% (27.8) // 45.6% (28.0) // 45.1% (27.8) // 45.1% (27.8)",
        "oppScoringAgainst": "43.7% (27.1) // 39.3% (25.5) // 43.7% (27.1) // 43.7% (27.1)",
        "savesPerGame": 23.4,
        "savesPerGameLast1": 33.0,
        "savesPerGameLast3": 26.3,
        "savesPerGameLast5": 26.8,
        "savesPer60": 25.3,
        "savesPer60Last1": 36.3,
        "savesPer60Last3": 26.8,
        "savesPer60Last5": 27.5,
        "shotsPerGame": 34.8,
        "shotsPerGameLast5": 34.6,
        "shotsAgainstPerGame": 26.0,
        "shotsAgainstPerGameLast5": 29.6,
        "oppSavesAgainstPer60": 33.7,
        "oppSavesAgainstPer60Last1": 20.0,
        "oppSavesAgainstPer60Last3": 30.8,
        "oppSavesAgainstPer60Last5": 27.5,
        "oppShotsAgainstPerGame": 28.2,
        "oppShotsAgainstPerGameLast5": 28.4,
        "savesProj": 27.8,
        "savesProjLast5": 27.5,
        "savesProjLast3": 29.9,
        "oppSavesAgainstProj": 27.2,
        "oppSavesAgainstProjLast5": 24.6,
        "oppSavesAgainstProjLast3": 27.1,
        "totalOver": 23,
        "totalOverLast5": 0,
        "totalOverLast15": 7,
        "lastTotalOver": 14,
        "last5": "0,0,0,0,0,0,0,0,0,1",
        "overOdds": "+255",
        "underOdds": "-325",
        "overUnder": "+255 / -325"
    },
    {
        "player": "Martin Necas",
        "team": "CAR",
        "opponent": "NJ",
        "propType": "ast",
        "line": 0.5,
        "ppLine": "PP1",
        "avg": 0.51,
        "hit": false,
        "diffAvg": 0.02,
        "diffAbs": 0.4,
        "lastAvg": 0.28,
        "diff": -0.44,
        "avgMin": 18,
        "proj": 0.3,
        "lastAvgMin": 16.18,
        "oppOver": 0,
        "teamOver": 0,
        "gameLine": "-115",
        "+/-": 0,
        "L5_+/-": -4.0,
        "prevMatchup": "2023-03-12 0.0 ast 2023-01-10 1.0 ast 2023-01-01 0.0 ast 2022-12-20 0.0 ast",
        "winLossSplits": "45% - 25%",
        "awayHome": "H",
        "playedYesterday": "N",
        "awayHomeSplits": "25% - 50%",
        "savesAboveExp": 0.922,
        "gsaa": 7.07,
        "corsi": "59.9% (67.4) // 61.2% (68.8) // 59.9% (67.4) // 59.9% (67.4)",
        "fenwick": "59.1% (50.8) // 60.1% (51.8) // 59.1% (50.8) // 59.1% (50.8)",
        "shots": "57.2% (34.3) // 58.4% (34.4) // 57.2% (34.3) // 57.2% (34.3)",
        "scoring": "58.9% (33.3) // 62.3% (33.3) // 58.9% (33.3) // 58.9% (33.3)",
        "corsiAgainst": "40.1% (45.2) // 38.8% (43.6) // 40.1% (45.2) // 40.1% (45.2)",
        "fenwickAgainst": "40.9% (35.1) // 39.9% (34.4) // 40.9% (35.1) // 40.9% (35.1)",
        "shotsAgainst": "42.8% (25.6) // 41.6% (24.5) // 42.8% (25.6) // 42.8% (25.6)",
        "scoringAgainst": "41.1% (23.3) // 37.7% (20.2) // 41.1% (23.3) // 41.1% (23.3)",
        "oppCorsi": "53.7% (63.4) // 55.1% (64.9) // 53.7% (63.4) // 53.7% (63.4)",
        "oppFenwick": "53.9% (46.9) // 55.2% (48.2) // 53.9% (46.9) // 53.9% (46.9)",
        "oppShots": "54.9% (33.9) // 54.4% (33.3) // 54.9% (33.9) // 54.9% (33.9)",
        "oppScoring": "56.3% (35.0) // 60.7% (39.4) // 56.3% (35.0) // 56.3% (35.0)",
        "oppCorsiAgainst": "46.3% (54.8) // 44.9% (52.8) // 46.3% (54.8) // 46.3% (54.8)",
        "oppFenwickAgainst": "46.1% (40.1) // 44.8% (39.2) // 46.1% (40.1) // 46.1% (40.1)",
        "oppShotsAgainst": "45.1% (27.8) // 45.6% (28.0) // 45.1% (27.8) // 45.1% (27.8)",
        "oppScoringAgainst": "43.7% (27.1) // 39.3% (25.5) // 43.7% (27.1) // 43.7% (27.1)",
        "savesPerGame": 23.4,
        "savesPerGameLast1": 33.0,
        "savesPerGameLast3": 26.3,
        "savesPerGameLast5": 26.8,
        "savesPer60": 25.3,
        "savesPer60Last1": 36.3,
        "savesPer60Last3": 26.8,
        "savesPer60Last5": 27.5,
        "shotsPerGame": 34.8,
        "shotsPerGameLast5": 34.6,
        "shotsAgainstPerGame": 26.0,
        "shotsAgainstPerGameLast5": 29.6,
        "oppSavesAgainstPer60": 33.7,
        "oppSavesAgainstPer60Last1": 20.0,
        "oppSavesAgainstPer60Last3": 30.8,
        "oppSavesAgainstPer60Last5": 27.5,
        "oppShotsAgainstPerGame": 28.2,
        "oppShotsAgainstPerGameLast5": 28.4,
        "savesProj": 27.8,
        "savesProjLast5": 27.5,
        "savesProjLast3": 29.9,
        "oppSavesAgainstProj": 27.2,
        "oppSavesAgainstProjLast5": 24.6,
        "oppSavesAgainstProjLast3": 27.1,
        "totalOver": 38,
        "totalOverLast5": 0,
        "totalOverLast15": 13,
        "lastTotalOver": 29,
        "last5": "0,0,0,0,0,2,0,0,2,0",
        "overOdds": "+120",
        "underOdds": "-150",
        "overUnder": "+120 / -150"
    },
    {
        "player": "Nico Hischier",
        "team": "NJ",
        "opponent": "CAR",
        "propType": "ast",
        "line": 0.5,
        "ppLine": "PP1",
        "avg": 0.61,
        "hit": false,
        "diffAvg": 0.22,
        "diffAbs": 0.0,
        "lastAvg": 0.56,
        "diff": 0.12,
        "avgMin": 19,
        "proj": 0.5,
        "lastAvgMin": 19.33,
        "oppOver": 0,
        "teamOver": 0,
        "gameLine": "-105",
        "+/-": "+32",
        "L5_+/-": "+1.0",
        "prevMatchup": "2023-03-12 0.0 ast 2023-01-10 1.0 ast 2023-01-01 0.0 ast 2022-12-20 0.0 ast",
        "winLossSplits": "68% - 19%",
        "awayHome": "A",
        "playedYesterday": "N",
        "awayHomeSplits": "49% - 51%",
        "savesAboveExp": -0.44,
        "gsaa": -0.71,
        "corsi": "53.7% (63.4) // 55.1% (64.9) // 53.7% (63.4) // 53.7% (63.4)",
        "fenwick": "53.9% (46.9) // 55.2% (48.2) // 53.9% (46.9) // 53.9% (46.9)",
        "shots": "54.9% (33.9) // 54.4% (33.3) // 54.9% (33.9) // 54.9% (33.9)",
        "scoring": "56.3% (35.0) // 60.7% (39.4) // 56.3% (35.0) // 56.3% (35.0)",
        "corsiAgainst": "46.3% (54.8) // 44.9% (52.8) // 46.3% (54.8) // 46.3% (54.8)",
        "fenwickAgainst": "46.1% (40.1) // 44.8% (39.2) // 46.1% (40.1) // 46.1% (40.1)",
        "shotsAgainst": "45.1% (27.8) // 45.6% (28.0) // 45.1% (27.8) // 45.1% (27.8)",
        "scoringAgainst": "43.7% (27.1) // 39.3% (25.5) // 43.7% (27.1) // 43.7% (27.1)",
        "oppCorsi": "59.9% (67.4) // 61.2% (68.8) // 59.9% (67.4) // 59.9% (67.4)",
        "oppFenwick": "59.1% (50.8) // 60.1% (51.8) // 59.1% (50.8) // 59.1% (50.8)",
        "oppShots": "57.2% (34.3) // 58.4% (34.4) // 57.2% (34.3) // 57.2% (34.3)",
        "oppScoring": "58.9% (33.3) // 62.3% (33.3) // 58.9% (33.3) // 58.9% (33.3)",
        "oppCorsiAgainst": "40.1% (45.2) // 38.8% (43.6) // 40.1% (45.2) // 40.1% (45.2)",
        "oppFenwickAgainst": "40.9% (35.1) // 39.9% (34.4) // 40.9% (35.1) // 40.9% (35.1)",
        "oppShotsAgainst": "42.8% (25.6) // 41.6% (24.5) // 42.8% (25.6) // 42.8% (25.6)",
        "oppScoringAgainst": "41.1% (23.3) // 37.7% (20.2) // 41.1% (23.3) // 41.1% (23.3)",
        "savesPerGame": 25.5,
        "savesPerGameLast1": 31.0,
        "savesPerGameLast3": 26.0,
        "savesPerGameLast5": 27.0,
        "savesPer60": 27.8,
        "savesPer60Last1": 31.0,
        "savesPer60Last3": 24.9,
        "savesPer60Last5": 27.3,
        "shotsPerGame": 34.4,
        "shotsPerGameLast5": 30.8,
        "shotsAgainstPerGame": 28.2,
        "shotsAgainstPerGameLast5": 28.4,
        "oppSavesAgainstPer60": 34.1,
        "oppSavesAgainstPer60Last1": 39.0,
        "oppSavesAgainstPer60Last3": 32.5,
        "oppSavesAgainstPer60Last5": 32.4,
        "oppShotsAgainstPerGame": 26.0,
        "oppShotsAgainstPerGameLast5": 29.6,
        "savesProj": 34.8,
        "savesProjLast5": 34.5,
        "savesProjLast3": 31.8,
        "oppSavesAgainstProj": 29.5,
        "oppSavesAgainstProjLast5": 28.5,
        "oppSavesAgainstProjLast3": 27.5,
        "totalOver": 50,
        "totalOverLast5": 100,
        "totalOverLast15": 67,
        "lastTotalOver": 45,
        "last5": "1,1,1,1,1,0,0,1,2,0",
        "overOdds": "+100",
        "underOdds": "-130",
        "overUnder": "+100 / -130"
    },
    {
        "player": "Seth Jarvis",
        "team": "CAR",
        "opponent": "NJ",
        "propType": "ast",
        "line": 0.5,
        "ppLine": "PP1",
        "avg": 0.31,
        "hit": false,
        "diffAvg": -0.38,
        "diffAbs": 0.4,
        "lastAvg": 0.28,
        "diff": -0.44,
        "avgMin": 16,
        "proj": 0.3,
        "lastAvgMin": 13.87,
        "oppOver": 0,
        "teamOver": 0,
        "gameLine": "-115",
        "+/-": "+13",
        "L5_+/-": "+3.0",
        "prevMatchup": "2023-03-12 0.0 ast 2023-01-10 0.0 ast 2023-01-01 0.0 ast 2022-12-20 1.0 ast",
        "winLossSplits": "30% - 19%",
        "awayHome": "H",
        "playedYesterday": "N",
        "awayHomeSplits": "32% - 20%",
        "savesAboveExp": 0.922,
        "gsaa": 7.07,
        "corsi": "59.9% (67.4) // 61.2% (68.8) // 59.9% (67.4) // 59.9% (67.4)",
        "fenwick": "59.1% (50.8) // 60.1% (51.8) // 59.1% (50.8) // 59.1% (50.8)",
        "shots": "57.2% (34.3) // 58.4% (34.4) // 57.2% (34.3) // 57.2% (34.3)",
        "scoring": "58.9% (33.3) // 62.3% (33.3) // 58.9% (33.3) // 58.9% (33.3)",
        "corsiAgainst": "40.1% (45.2) // 38.8% (43.6) // 40.1% (45.2) // 40.1% (45.2)",
        "fenwickAgainst": "40.9% (35.1) // 39.9% (34.4) // 40.9% (35.1) // 40.9% (35.1)",
        "shotsAgainst": "42.8% (25.6) // 41.6% (24.5) // 42.8% (25.6) // 42.8% (25.6)",
        "scoringAgainst": "41.1% (23.3) // 37.7% (20.2) // 41.1% (23.3) // 41.1% (23.3)",
        "oppCorsi": "53.7% (63.4) // 55.1% (64.9) // 53.7% (63.4) // 53.7% (63.4)",
        "oppFenwick": "53.9% (46.9) // 55.2% (48.2) // 53.9% (46.9) // 53.9% (46.9)",
        "oppShots": "54.9% (33.9) // 54.4% (33.3) // 54.9% (33.9) // 54.9% (33.9)",
        "oppScoring": "56.3% (35.0) // 60.7% (39.4) // 56.3% (35.0) // 56.3% (35.0)",
        "oppCorsiAgainst": "46.3% (54.8) // 44.9% (52.8) // 46.3% (54.8) // 46.3% (54.8)",
        "oppFenwickAgainst": "46.1% (40.1) // 44.8% (39.2) // 46.1% (40.1) // 46.1% (40.1)",
        "oppShotsAgainst": "45.1% (27.8) // 45.6% (28.0) // 45.1% (27.8) // 45.1% (27.8)",
        "oppScoringAgainst": "43.7% (27.1) // 39.3% (25.5) // 43.7% (27.1) // 43.7% (27.1)",
        "savesPerGame": 23.4,
        "savesPerGameLast1": 33.0,
        "savesPerGameLast3": 26.3,
        "savesPerGameLast5": 26.8,
        "savesPer60": 25.3,
        "savesPer60Last1": 36.3,
        "savesPer60Last3": 26.8,
        "savesPer60Last5": 27.5,
        "shotsPerGame": 34.8,
        "shotsPerGameLast5": 34.6,
        "shotsAgainstPerGame": 26.0,
        "shotsAgainstPerGameLast5": 29.6,
        "oppSavesAgainstPer60": 33.7,
        "oppSavesAgainstPer60Last1": 20.0,
        "oppSavesAgainstPer60Last3": 30.8,
        "oppSavesAgainstPer60Last5": 27.5,
        "oppShotsAgainstPerGame": 28.2,
        "oppShotsAgainstPerGameLast5": 28.4,
        "savesProj": 27.8,
        "savesProjLast5": 27.5,
        "savesProjLast3": 29.9,
        "oppSavesAgainstProj": 27.2,
        "oppSavesAgainstProjLast5": 24.6,
        "oppSavesAgainstProjLast3": 27.1,
        "totalOver": 26,
        "totalOverLast5": 40,
        "totalOverLast15": 40,
        "lastTotalOver": 33,
        "last5": "0,1,0,0,1,0,2,0,1,0",
        "overOdds": "+185",
        "underOdds": "-230",
        "overUnder": "+185 / -230"
    },
    {
        "player": "Stefan Noesen",
        "team": "CAR",
        "opponent": "NJ",
        "propType": "ast",
        "line": 0.5,
        "ppLine": "PP1",
        "avg": 0.3,
        "hit": false,
        "diffAvg": -0.4,
        "diffAbs": 1.0,
        "lastAvg": 0,
        "diff": 0,
        "avgMin": 12,
        "proj": 0.0,
        "lastAvgMin": 0,
        "oppOver": 0,
        "teamOver": 0,
        "gameLine": "-115",
        "+/-": "+5",
        "L5_+/-": -9.0,
        "prevMatchup": "2023-03-12 0.0 ast 2023-01-10 0.0 ast 2023-01-01 2.0 ast 2022-12-20 0.0 ast",
        "winLossSplits": "33% - 10%",
        "awayHome": "H",
        "playedYesterday": "N",
        "awayHomeSplits": "33% - 17%",
        "savesAboveExp": 0.922,
        "gsaa": 7.07,
        "corsi": "59.9% (67.4) // 61.2% (68.8) // 59.9% (67.4) // 59.9% (67.4)",
        "fenwick": "59.1% (50.8) // 60.1% (51.8) // 59.1% (50.8) // 59.1% (50.8)",
        "shots": "57.2% (34.3) // 58.4% (34.4) // 57.2% (34.3) // 57.2% (34.3)",
        "scoring": "58.9% (33.3) // 62.3% (33.3) // 58.9% (33.3) // 58.9% (33.3)",
        "corsiAgainst": "40.1% (45.2) // 38.8% (43.6) // 40.1% (45.2) // 40.1% (45.2)",
        "fenwickAgainst": "40.9% (35.1) // 39.9% (34.4) // 40.9% (35.1) // 40.9% (35.1)",
        "shotsAgainst": "42.8% (25.6) // 41.6% (24.5) // 42.8% (25.6) // 42.8% (25.6)",
        "scoringAgainst": "41.1% (23.3) // 37.7% (20.2) // 41.1% (23.3) // 41.1% (23.3)",
        "oppCorsi": "53.7% (63.4) // 55.1% (64.9) // 53.7% (63.4) // 53.7% (63.4)",
        "oppFenwick": "53.9% (46.9) // 55.2% (48.2) // 53.9% (46.9) // 53.9% (46.9)",
        "oppShots": "54.9% (33.9) // 54.4% (33.3) // 54.9% (33.9) // 54.9% (33.9)",
        "oppScoring": "56.3% (35.0) // 60.7% (39.4) // 56.3% (35.0) // 56.3% (35.0)",
        "oppCorsiAgainst": "46.3% (54.8) // 44.9% (52.8) // 46.3% (54.8) // 46.3% (54.8)",
        "oppFenwickAgainst": "46.1% (40.1) // 44.8% (39.2) // 46.1% (40.1) // 46.1% (40.1)",
        "oppShotsAgainst": "45.1% (27.8) // 45.6% (28.0) // 45.1% (27.8) // 45.1% (27.8)",
        "oppScoringAgainst": "43.7% (27.1) // 39.3% (25.5) // 43.7% (27.1) // 43.7% (27.1)",
        "savesPerGame": 23.4,
        "savesPerGameLast1": 33.0,
        "savesPerGameLast3": 26.3,
        "savesPerGameLast5": 26.8,
        "savesPer60": 25.3,
        "savesPer60Last1": 36.3,
        "savesPer60Last3": 26.8,
        "savesPer60Last5": 27.5,
        "shotsPerGame": 34.8,
        "shotsPerGameLast5": 34.6,
        "shotsAgainstPerGame": 26.0,
        "shotsAgainstPerGameLast5": 29.6,
        "oppSavesAgainstPer60": 33.7,
        "oppSavesAgainstPer60Last1": 20.0,
        "oppSavesAgainstPer60Last3": 30.8,
        "oppSavesAgainstPer60Last5": 27.5,
        "oppShotsAgainstPerGame": 28.2,
        "oppShotsAgainstPerGameLast5": 28.4,
        "savesProj": 27.8,
        "savesProjLast5": 27.5,
        "savesProjLast3": 29.9,
        "oppSavesAgainstProj": 27.2,
        "oppSavesAgainstProjLast5": 24.6,
        "oppSavesAgainstProjLast3": 27.1,
        "totalOver": 25,
        "totalOverLast5": 20,
        "totalOverLast15": 27,
        "lastTotalOver": 0,
        "last5": "0,0,2,0,0,0,0,0,0,0",
        "overOdds": "+210",
        "underOdds": "-265",
        "overUnder": "+210 / -265"
    },
    {
        "player": "Timo Meier",
        "team": "NJ",
        "opponent": "CAR",
        "propType": "ast",
        "line": 0.5,
        "ppLine": "PP1",
        "avg": 0.31,
        "hit": false,
        "diffAvg": -0.38,
        "diffAbs": 0.0,
        "lastAvg": 0.53,
        "diff": 0.06,
        "avgMin": 19,
        "proj": 0.5,
        "lastAvgMin": 19.15,
        "oppOver": 0,
