[
    {
        "player": "Brad Marchand",
        "team": "BOS",
        "opponent": "MTL",
        "propType": "pts",
        "line": 0.5,
        "ppLine": "PP1",
        "avg": 0.92,
        "hit": false,
        "diffAvg": 0.84,
        "diffAbs": 1.0,
        "lastAvg": 1.04,
        "diff": 1.08,
        "avgMin": 18,
        "proj": 1.0,
        "lastAvgMin": 19.25,
        "oppOver": 0,
        "teamOver": 0,
        "gameLine": "-295",
        "+/-": "+28",
        "L5_+/-": "+2.0",
        "prevMatchup": "2023-03-23 0.0 pts 2023-01-24 1.0 pts",
        "winLossSplits": "66% - 50%",
        "awayHome": "A",
        "playedYesterday": "N",
        "awayHomeSplits": "58% - 67%",
        "savesAboveExp": 0.061,
        "gsaa": -1.44,
        "corsi": "51.4% (58.2) // 52.9% (61.1) // 55.5% (63.8) // 57.5% (67.7)",
        "fenwick": "51.7% (44.0) // 52.8% (46.8) // 54.3% (49.7) // 56.0% (53.0)",
        "shots": "52.6% (32.7) // 54.2% (34.8) // 54.5% (37.4) // 55.7% (39.3)",
        "scoring": "53.0% (32.2) // 54.1% (32.6) // 53.7% (30.2) // 54.5% (32.0)",
        "corsiAgainst": "48.6% (54.9) // 47.1% (54.3) // 44.5% (51.2) // 42.5% (50.0)",
        "fenwickAgainst": "48.3% (41.1) // 47.2% (41.9) // 45.7% (41.8) // 44.0% (41.7)",
        "shotsAgainst": "47.4% (29.4) // 45.8% (29.5) // 45.5% (31.2) // 44.3% (31.3)",
        "scoringAgainst": "47.0% (28.6) // 45.9% (27.7) // 46.3% (26.0) // 45.5% (26.7)",
        "oppCorsi": "44.6% (50.7) // 46.8% (50.6) // 43.8% (47.8) // 38.1% (45.5)",
        "oppFenwick": "44.5% (36.8) // 45.8% (36.3) // 42.0% (33.2) // 32.8% (29.0)",
        "oppShots": "44.6% (26.9) // 45.7% (26.1) // 42.9% (24.0) // 33.1% (20.0)",
        "oppScoring": "42.5% (24.8) // 43.0% (22.4) // 37.2% (20.0) // 30.2% (19.5)",
        "oppCorsiAgainst": "55.4% (62.8) // 53.2% (57.5) // 56.2% (61.2) // 61.9% (74.0)",
        "oppFenwickAgainst": "55.5% (45.9) // 54.2% (42.9) // 58.0% (46.0) // 67.2% (59.5)",
        "oppShotsAgainst": "55.4% (33.4) // 54.3% (30.9) // 57.1% (32.0) // 66.9% (40.5)",
        "oppScoringAgainst": "57.5% (33.6) // 57.0% (29.8) // 62.8% (33.8) // 69.8% (45.0)",
        "savesPerGame": 27.7,
        "savesPerGameLast1": 25.0,
        "savesPerGameLast3": 29.3,
        "savesPerGameLast5": 30.8,
        "savesPer60": 27.9,
        "savesPer60Last1": 25.0,
        "savesPer60Last3": 29.3,
        "savesPer60Last5": 31.5,
        "shotsPerGame": 33.1,
        "shotsPerGameLast5": 36.4,
        "shotsAgainstPerGame": 29.8,
        "shotsAgainstPerGameLast5": 32.8,
        "oppSavesAgainstPer60": 24.2,
        "oppSavesAgainstPer60Last1": 17.0,
        "oppSavesAgainstPer60Last3": 21.0,
        "oppSavesAgainstPer60Last5": 20.2,
        "oppShotsAgainstPerGame": 33.7,
        "oppShotsAgainstPerGameLast5": 35.6,
        "savesProj": 22.9,
        "savesProjLast5": 21.4,
        "savesProjLast3": 20.7,
        "oppSavesAgainstProj": 23.6,
        "oppSavesAgainstProjLast5": 22.5,
        "oppSavesAgainstProjLast3": 21.8,
        "totalOver": 62,
        "totalOverLast5": 20,
        "totalOverLast15": 33,
        "lastTotalOver": 68,
        "last5": "3,0,0,0,0,0,0,0,1,0",
        "overOdds": "-160",
        "underOdds": "+130",
        "overUnder": "-160 / +130"
    },
    {
        "player": "David Pastrnak",
        "team": "BOS",
        "opponent": "MTL",
        "propType": "pts",
        "line": 1.5,
        "ppLine": "PP1",
        "avg": 1.36,
        "hit": false,
        "diffAvg": -0.09,
        "diffAbs": 0.33,
        "lastAvg": 0.97,
        "diff": -0.35,
        "avgMin": 19,
        "proj": 1.0,
        "lastAvgMin": 18.6,
        "oppOver": 0,
        "teamOver": 0,
        "gameLine": "-295",
        "+/-": "+35",
        "L5_+/-": "+3.0",
        "prevMatchup": "2023-03-23 2.0 pts 2023-01-24 4.0 pts",
        "winLossSplits": "44% - 24%",
        "awayHome": "A",
        "playedYesterday": "N",
        "awayHomeSplits": "35% - 44%",
        "savesAboveExp": 0.061,
        "gsaa": -1.44,
        "corsi": "51.4% (58.2) // 52.9% (61.1) // 55.5% (63.8) // 57.5% (67.7)",
        "fenwick": "51.7% (44.0) // 52.8% (46.8) // 54.3% (49.7) // 56.0% (53.0)",
        "shots": "52.6% (32.7) // 54.2% (34.8) // 54.5% (37.4) // 55.7% (39.3)",
        "scoring": "53.0% (32.2) // 54.1% (32.6) // 53.7% (30.2) // 54.5% (32.0)",
        "corsiAgainst": "48.6% (54.9) // 47.1% (54.3) // 44.5% (51.2) // 42.5% (50.0)",
        "fenwickAgainst": "48.3% (41.1) // 47.2% (41.9) // 45.7% (41.8) // 44.0% (41.7)",
        "shotsAgainst": "47.4% (29.4) // 45.8% (29.5) // 45.5% (31.2) // 44.3% (31.3)",
        "scoringAgainst": "47.0% (28.6) // 45.9% (27.7) // 46.3% (26.0) // 45.5% (26.7)",
        "oppCorsi": "44.6% (50.7) // 46.8% (50.6) // 43.8% (47.8) // 38.1% (45.5)",
        "oppFenwick": "44.5% (36.8) // 45.8% (36.3) // 42.0% (33.2) // 32.8% (29.0)",
        "oppShots": "44.6% (26.9) // 45.7% (26.1) // 42.9% (24.0) // 33.1% (20.0)",
        "oppScoring": "42.5% (24.8) // 43.0% (22.4) // 37.2% (20.0) // 30.2% (19.5)",
        "oppCorsiAgainst": "55.4% (62.8) // 53.2% (57.5) // 56.2% (61.2) // 61.9% (74.0)",
        "oppFenwickAgainst": "55.5% (45.9) // 54.2% (42.9) // 58.0% (46.0) // 67.2% (59.5)",
        "oppShotsAgainst": "55.4% (33.4) // 54.3% (30.9) // 57.1% (32.0) // 66.9% (40.5)",
        "oppScoringAgainst": "57.5% (33.6) // 57.0% (29.8) // 62.8% (33.8) // 69.8% (45.0)",
        "savesPerGame": 27.7,
        "savesPerGameLast1": 25.0,
        "savesPerGameLast3": 29.3,
        "savesPerGameLast5": 30.8,
        "savesPer60": 27.9,
        "savesPer60Last1": 25.0,
        "savesPer60Last3": 29.3,
        "savesPer60Last5": 31.5,
        "shotsPerGame": 33.1,
        "shotsPerGameLast5": 36.4,
        "shotsAgainstPerGame": 29.8,
        "shotsAgainstPerGameLast5": 32.8,
        "oppSavesAgainstPer60": 24.2,
        "oppSavesAgainstPer60Last1": 17.0,
        "oppSavesAgainstPer60Last3": 21.0,
        "oppSavesAgainstPer60Last5": 20.2,
        "oppShotsAgainstPerGame": 33.7,
        "oppShotsAgainstPerGameLast5": 35.6,
        "savesProj": 22.9,
        "savesProjLast5": 21.4,
        "savesProjLast3": 20.7,
        "oppSavesAgainstProj": 23.6,
        "oppSavesAgainstProjLast5": 22.5,
        "oppSavesAgainstProjLast3": 21.8,
        "totalOver": 40,
        "totalOverLast5": 40,
        "totalOverLast15": 40,
        "lastTotalOver": 31,
        "last5": "2,4,1,1,1,3,1,1,2,0",
        "overOdds": "+155",
        "underOdds": "-190",
        "overUnder": "+155 / -190"
    },
    {
        "player": "Jake Debrusk",
        "team": "BOS",
        "opponent": "MTL",
        "propType": "pts",
        "line": 0.5,
        "ppLine": "PP1",
        "avg": 0.78,
        "hit": false,
        "diffAvg": 0.56,
        "diffAbs": 0.0,
        "lastAvg": 0.5,
        "diff": 0.0,
        "avgMin": 16,
        "proj": 0.5,
        "lastAvgMin": 15.03,
        "oppOver": 0,
        "teamOver": 0,
        "gameLine": "-295",
        "+/-": "+27",
        "L5_+/-": "+3.0",
        "prevMatchup": "2023-03-23 1.0 pts",
        "winLossSplits": "57% - 58%",
        "awayHome": "A",
        "playedYesterday": "N",
        "awayHomeSplits": "68% - 49%",
        "savesAboveExp": 0.061,
        "gsaa": -1.44,
        "corsi": "51.4% (58.2) // 52.9% (61.1) // 55.5% (63.8) // 57.5% (67.7)",
        "fenwick": "51.7% (44.0) // 52.8% (46.8) // 54.3% (49.7) // 56.0% (53.0)",
        "shots": "52.6% (32.7) // 54.2% (34.8) // 54.5% (37.4) // 55.7% (39.3)",
        "scoring": "53.0% (32.2) // 54.1% (32.6) // 53.7% (30.2) // 54.5% (32.0)",
        "corsiAgainst": "48.6% (54.9) // 47.1% (54.3) // 44.5% (51.2) // 42.5% (50.0)",
        "fenwickAgainst": "48.3% (41.1) // 47.2% (41.9) // 45.7% (41.8) // 44.0% (41.7)",
        "shotsAgainst": "47.4% (29.4) // 45.8% (29.5) // 45.5% (31.2) // 44.3% (31.3)",
        "scoringAgainst": "47.0% (28.6) // 45.9% (27.7) // 46.3% (26.0) // 45.5% (26.7)",
        "oppCorsi": "44.6% (50.7) // 46.8% (50.6) // 43.8% (47.8) // 38.1% (45.5)",
        "oppFenwick": "44.5% (36.8) // 45.8% (36.3) // 42.0% (33.2) // 32.8% (29.0)",
        "oppShots": "44.6% (26.9) // 45.7% (26.1) // 42.9% (24.0) // 33.1% (20.0)",
        "oppScoring": "42.5% (24.8) // 43.0% (22.4) // 37.2% (20.0) // 30.2% (19.5)",
        "oppCorsiAgainst": "55.4% (62.8) // 53.2% (57.5) // 56.2% (61.2) // 61.9% (74.0)",
        "oppFenwickAgainst": "55.5% (45.9) // 54.2% (42.9) // 58.0% (46.0) // 67.2% (59.5)",
        "oppShotsAgainst": "55.4% (33.4) // 54.3% (30.9) // 57.1% (32.0) // 66.9% (40.5)",
        "oppScoringAgainst": "57.5% (33.6) // 57.0% (29.8) // 62.8% (33.8) // 69.8% (45.0)",
        "savesPerGame": 27.7,
        "savesPerGameLast1": 25.0,
        "savesPerGameLast3": 29.3,
        "savesPerGameLast5": 30.8,
        "savesPer60": 27.9,
        "savesPer60Last1": 25.0,
        "savesPer60Last3": 29.3,
        "savesPer60Last5": 31.5,
        "shotsPerGame": 33.1,
        "shotsPerGameLast5": 36.4,
        "shotsAgainstPerGame": 29.8,
        "shotsAgainstPerGameLast5": 32.8,
        "oppSavesAgainstPer60": 24.2,
        "oppSavesAgainstPer60Last1": 17.0,
        "oppSavesAgainstPer60Last3": 21.0,
        "oppSavesAgainstPer60Last5": 20.2,
        "oppShotsAgainstPerGame": 33.7,
        "oppShotsAgainstPerGameLast5": 35.6,
        "savesProj": 22.9,
        "savesProjLast5": 21.4,
        "savesProjLast3": 20.7,
        "oppSavesAgainstProj": 23.6,
        "oppSavesAgainstProjLast5": 22.5,
        "oppSavesAgainstProjLast3": 21.8,
        "totalOver": 57,
        "totalOverLast5": 40,
        "totalOverLast15": 47,
        "lastTotalOver": 40,
        "last5": "1,0,0,0,1,0,0,1,0,0",
        "overOdds": "-125",
        "underOdds": "-105",
        "overUnder": "-125 / -105"
    },
    {
        "player": "Mike Hoffman",
        "team": "MTL",
        "opponent": "BOS",
        "propType": "pts",
        "line": 0.5,
        "ppLine": "PP1",
        "avg": 0.52,
        "hit": false,
        "diffAvg": 0.04,
        "diffAbs": 0.0,
        "lastAvg": 0.52,
        "diff": 0.04,
        "avgMin": 15,
        "proj": 0.5,
        "lastAvgMin": 17.03,
        "oppOver": 0,
        "teamOver": 0,
        "gameLine": "+245",
        "+/-": -8,
        "L5_+/-": -2.0,
        "prevMatchup": "2023-03-23 0.0 pts 2023-01-24 1.0 pts",
        "winLossSplits": "56% - 29%",
        "awayHome": "H",
        "playedYesterday": "Y",
        "awayHomeSplits": "32% - 46%",
        "savesAboveExp": 0.19,
        "gsaa": 15.85,
        "corsi": "44.6% (50.7) // 46.8% (50.6) // 43.8% (47.8) // 38.1% (45.5)",
        "fenwick": "44.5% (36.8) // 45.8% (36.3) // 42.0% (33.2) // 32.8% (29.0)",
        "shots": "44.6% (26.9) // 45.7% (26.1) // 42.9% (24.0) // 33.1% (20.0)",
        "scoring": "42.5% (24.8) // 43.0% (22.4) // 37.2% (20.0) // 30.2% (19.5)",
        "corsiAgainst": "55.4% (62.8) // 53.2% (57.5) // 56.2% (61.2) // 61.9% (74.0)",
        "fenwickAgainst": "55.5% (45.9) // 54.2% (42.9) // 58.0% (46.0) // 67.2% (59.5)",
        "shotsAgainst": "55.4% (33.4) // 54.3% (30.9) // 57.1% (32.0) // 66.9% (40.5)",
        "scoringAgainst": "57.5% (33.6) // 57.0% (29.8) // 62.8% (33.8) // 69.8% (45.0)",
        "oppCorsi": "51.4% (58.2) // 52.9% (61.1) // 55.5% (63.8) // 57.5% (67.7)",
        "oppFenwick": "51.7% (44.0) // 52.8% (46.8) // 54.3% (49.7) // 56.0% (53.0)",
        "oppShots": "52.6% (32.7) // 54.2% (34.8) // 54.5% (37.4) // 55.7% (39.3)",
        "oppScoring": "53.0% (32.2) // 54.1% (32.6) // 53.7% (30.2) // 54.5% (32.0)",
        "oppCorsiAgainst": "48.6% (54.9) // 47.1% (54.3) // 44.5% (51.2) // 42.5% (50.0)",
        "oppFenwickAgainst": "48.3% (41.1) // 47.2% (41.9) // 45.7% (41.8) // 44.0% (41.7)",
        "oppShotsAgainst": "47.4% (29.4) // 45.8% (29.5) // 45.5% (31.2) // 44.3% (31.3)",
        "oppScoringAgainst": "47.0% (28.6) // 45.9% (27.7) // 46.3% (26.0) // 45.5% (26.7)",
        "savesPerGame": 30.0,
        "savesPerGameLast1": 31.0,
        "savesPerGameLast3": 31.3,
        "savesPerGameLast5": 31.4,
        "savesPer60": 29.7,
        "savesPer60Last1": 30.3,
        "savesPer60Last3": 30.9,
        "savesPer60Last5": 31.1,
        "shotsPerGame": 27.2,
        "shotsPerGameLast5": 22.0,
        "shotsAgainstPerGame": 33.7,
        "shotsAgainstPerGameLast5": 35.6,
        "oppSavesAgainstPer60": 29.4,
        "oppSavesAgainstPer60Last1": 39.0,
        "oppSavesAgainstPer60Last3": 36.3,
        "oppSavesAgainstPer60Last5": 33.5,
        "oppShotsAgainstPerGame": 29.8,
        "oppShotsAgainstPerGameLast5": 32.8,
        "savesProj": 31.4,
        "savesProjLast5": 36.8,
        "savesProjLast3": 39.1,
        "oppSavesAgainstProj": 31.2,
        "oppSavesAgainstProjLast5": 36.5,
        "oppSavesAgainstProjLast3": 40.3,
        "totalOver": 39,
        "totalOverLast5": 20,
        "totalOverLast15": 33,
        "lastTotalOver": 44,
        "last5": "0,0,1,0,0,1,0,3,0,0",
        "overOdds": "+115",
        "underOdds": "-145",
        "overUnder": "+115 / -145"
    },
    {
        "player": "Mike Matheson",
        "team": "MTL",
        "opponent": "BOS",
        "propType": "pts",
        "line": 0.5,
        "ppLine": "PP1",
        "avg": 0.72,
        "hit": false,
        "diffAvg": 0.44,
        "diffAbs": 0.0,
        "lastAvg": 0.38,
        "diff": -0.24,
        "avgMin": 24,
        "proj": 0.5,
        "lastAvgMin": 18.78,
        "oppOver": 0,
        "teamOver": 0,
        "gameLine": "+245",
        "+/-": "+7",
        "L5_+/-": "+5.0",
        "prevMatchup": "2023-03-23 1.0 pts 2023-01-24 0.0 pts",
        "winLossSplits": "72% - 46%",
        "awayHome": "H",
        "playedYesterday": "Y",
        "awayHomeSplits": "68% - 46%",
        "savesAboveExp": 0.19,
        "gsaa": 15.85,
        "corsi": "44.6% (50.7) // 46.8% (50.6) // 43.8% (47.8) // 38.1% (45.5)",
        "fenwick": "44.5% (36.8) // 45.8% (36.3) // 42.0% (33.2) // 32.8% (29.0)",
        "shots": "44.6% (26.9) // 45.7% (26.1) // 42.9% (24.0) // 33.1% (20.0)",
        "scoring": "42.5% (24.8) // 43.0% (22.4) // 37.2% (20.0) // 30.2% (19.5)",
        "corsiAgainst": "55.4% (62.8) // 53.2% (57.5) // 56.2% (61.2) // 61.9% (74.0)",
        "fenwickAgainst": "55.5% (45.9) // 54.2% (42.9) // 58.0% (46.0) // 67.2% (59.5)",
        "shotsAgainst": "55.4% (33.4) // 54.3% (30.9) // 57.1% (32.0) // 66.9% (40.5)",
        "scoringAgainst": "57.5% (33.6) // 57.0% (29.8) // 62.8% (33.8) // 69.8% (45.0)",
        "oppCorsi": "51.4% (58.2) // 52.9% (61.1) // 55.5% (63.8) // 57.5% (67.7)",
        "oppFenwick": "51.7% (44.0) // 52.8% (46.8) // 54.3% (49.7) // 56.0% (53.0)",
        "oppShots": "52.6% (32.7) // 54.2% (34.8) // 54.5% (37.4) // 55.7% (39.3)",
        "oppScoring": "53.0% (32.2) // 54.1% (32.6) // 53.7% (30.2) // 54.5% (32.0)",
        "oppCorsiAgainst": "48.6% (54.9) // 47.1% (54.3) // 44.5% (51.2) // 42.5% (50.0)",
        "oppFenwickAgainst": "48.3% (41.1) // 47.2% (41.9) // 45.7% (41.8) // 44.0% (41.7)",
        "oppShotsAgainst": "47.4% (29.4) // 45.8% (29.5) // 45.5% (31.2) // 44.3% (31.3)",
        "oppScoringAgainst": "47.0% (28.6) // 45.9% (27.7) // 46.3% (26.0) // 45.5% (26.7)",
        "savesPerGame": 30.0,
        "savesPerGameLast1": 31.0,
        "savesPerGameLast3": 31.3,
        "savesPerGameLast5": 31.4,
        "savesPer60": 29.7,
        "savesPer60Last1": 30.3,
        "savesPer60Last3": 30.9,
        "savesPer60Last5": 31.1,
        "shotsPerGame": 27.2,
        "shotsPerGameLast5": 22.0,
        "shotsAgainstPerGame": 33.7,
        "shotsAgainstPerGameLast5": 35.6,
        "oppSavesAgainstPer60": 29.4,
        "oppSavesAgainstPer60Last1": 39.0,
        "oppSavesAgainstPer60Last3": 36.3,
        "oppSavesAgainstPer60Last5": 33.5,
        "oppShotsAgainstPerGame": 29.8,
        "oppShotsAgainstPerGameLast5": 32.8,
        "savesProj": 31.4,
        "savesProjLast5": 36.8,
        "savesProjLast3": 39.1,
        "oppSavesAgainstProj": 31.2,
        "oppSavesAgainstProjLast5": 36.5,
        "oppSavesAgainstProjLast3": 40.3,
        "totalOver": 57,
        "totalOverLast5": 40,
        "totalOverLast15": 67,
        "lastTotalOver": 38,
        "last5": "0,1,3,0,0,1,1,3,1,1",
        "overOdds": "-130",
        "underOdds": "+100",
        "overUnder": "-130 / +100"
    },
    {
        "player": "Nick Suzuki",
        "team": "MTL",
        "opponent": "BOS",
        "propType": "pts",
        "line": 0.5,
        "ppLine": "PP1",
        "avg": 0.81,
        "hit": false,
        "diffAvg": 0.62,
        "diffAbs": 0.6,
        "lastAvg": 0.73,
        "diff": 0.46,
        "avgMin": 21,
        "proj": 0.8,
        "lastAvgMin": 20.5,
        "oppOver": 0,
        "teamOver": 0,
        "gameLine": "+245",
        "+/-": -9,
        "L5_+/-": "+4.0",
        "prevMatchup": "2023-03-23 2.0 pts 2023-01-24 0.0 pts",
        "winLossSplits": "71% - 43%",
        "awayHome": "H",
        "playedYesterday": "Y",
        "awayHomeSplits": "58% - 50%",
        "savesAboveExp": 0.19,
        "gsaa": 15.85,
        "corsi": "44.6% (50.7) // 46.8% (50.6) // 43.8% (47.8) // 38.1% (45.5)",
        "fenwick": "44.5% (36.8) // 45.8% (36.3) // 42.0% (33.2) // 32.8% (29.0)",
        "shots": "44.6% (26.9) // 45.7% (26.1) // 42.9% (24.0) // 33.1% (20.0)",
        "scoring": "42.5% (24.8) // 43.0% (22.4) // 37.2% (20.0) // 30.2% (19.5)",
        "corsiAgainst": "55.4% (62.8) // 53.2% (57.5) // 56.2% (61.2) // 61.9% (74.0)",
        "fenwickAgainst": "55.5% (45.9) // 54.2% (42.9) // 58.0% (46.0) // 67.2% (59.5)",
        "shotsAgainst": "55.4% (33.4) // 54.3% (30.9) // 57.1% (32.0) // 66.9% (40.5)",
        "scoringAgainst": "57.5% (33.6) // 57.0% (29.8) // 62.8% (33.8) // 69.8% (45.0)",
        "oppCorsi": "51.4% (58.2) // 52.9% (61.1) // 55.5% (63.8) // 57.5% (67.7)",
        "oppFenwick": "51.7% (44.0) // 52.8% (46.8) // 54.3% (49.7) // 56.0% (53.0)",
        "oppShots": "52.6% (32.7) // 54.2% (34.8) // 54.5% (37.4) // 55.7% (39.3)",
        "oppScoring": "53.0% (32.2) // 54.1% (32.6) // 53.7% (30.2) // 54.5% (32.0)",
        "oppCorsiAgainst": "48.6% (54.9) // 47.1% (54.3) // 44.5% (51.2) // 42.5% (50.0)",
        "oppFenwickAgainst": "48.3% (41.1) // 47.2% (41.9) // 45.7% (41.8) // 44.0% (41.7)",
        "oppShotsAgainst": "47.4% (29.4) // 45.8% (29.5) // 45.5% (31.2) // 44.3% (31.3)",
        "oppScoringAgainst": "47.0% (28.6) // 45.9% (27.7) // 46.3% (26.0) // 45.5% (26.7)",
        "savesPerGame": 30.0,
        "savesPerGameLast1": 31.0,
        "savesPerGameLast3": 31.3,
        "savesPerGameLast5": 31.4,
        "savesPer60": 29.7,
        "savesPer60Last1": 30.3,
        "savesPer60Last3": 30.9,
        "savesPer60Last5": 31.1,
        "shotsPerGame": 27.2,
        "shotsPerGameLast5": 22.0,
        "shotsAgainstPerGame": 33.7,
        "shotsAgainstPerGameLast5": 35.6,
        "oppSavesAgainstPer60": 29.4,
        "oppSavesAgainstPer60Last1": 39.0,
        "oppSavesAgainstPer60Last3": 36.3,
        "oppSavesAgainstPer60Last5": 33.5,
        "oppShotsAgainstPerGame": 29.8,
        "oppShotsAgainstPerGameLast5": 32.8,
        "savesProj": 31.4,
        "savesProjLast5": 36.8,
        "savesProjLast3": 39.1,
        "oppSavesAgainstProj": 31.2,
        "oppSavesAgainstProjLast5": 36.5,
        "oppSavesAgainstProjLast3": 40.3,
        "totalOver": 54,
        "totalOverLast5": 60,
        "totalOverLast15": 53,
        "lastTotalOver": 49,
        "last5": "1,1,2,0,0,0,0,4,2,2",
        "overOdds": "-130",
        "underOdds": "+100",
        "overUnder": "-130 / +100"
    },
    {
        "player": "Patrice Bergeron",
        "team": "BOS",
        "opponent": "MTL",
        "propType": "pts",
        "line": 0.5,
        "ppLine": "PP1",
        "avg": 0.75,
        "hit": false,
        "diffAvg": 0.5,
        "diffAbs": 0.6,
        "lastAvg": 0.8,
        "diff": 0.6,
        "avgMin": 17,
        "proj": 0.8,
        "lastAvgMin": 18.17,
        "oppOver": 0,
        "teamOver": 0,
        "gameLine": "-295",
        "+/-": "+34",
        "L5_+/-": "+8.0",
        "prevMatchup": "2023-03-23 1.0 pts 2023-01-24 1.0 pts",
        "winLossSplits": "65% - 24%",
        "awayHome": "A",
        "playedYesterday": "N",
        "awayHomeSplits": "56% - 56%",
        "savesAboveExp": 0.061,
        "gsaa": -1.44,
        "corsi": "51.4% (58.2) // 52.9% (61.1) // 55.5% (63.8) // 57.5% (67.7)",
        "fenwick": "51.7% (44.0) // 52.8% (46.8) // 54.3% (49.7) // 56.0% (53.0)",
        "shots": "52.6% (32.7) // 54.2% (34.8) // 54.5% (37.4) // 55.7% (39.3)",
        "scoring": "53.0% (32.2) // 54.1% (32.6) // 53.7% (30.2) // 54.5% (32.0)",
        "corsiAgainst": "48.6% (54.9) // 47.1% (54.3) // 44.5% (51.2) // 42.5% (50.0)",
        "fenwickAgainst": "48.3% (41.1) // 47.2% (41.9) // 45.7% (41.8) // 44.0% (41.7)",
        "shotsAgainst": "47.4% (29.4) // 45.8% (29.5) // 45.5% (31.2) // 44.3% (31.3)",
        "scoringAgainst": "47.0% (28.6) // 45.9% (27.7) // 46.3% (26.0) // 45.5% (26.7)",
        "oppCorsi": "44.6% (50.7) // 46.8% (50.6) // 43.8% (47.8) // 38.1% (45.5)",
        "oppFenwick": "44.5% (36.8) // 45.8% (36.3) // 42.0% (33.2) // 32.8% (29.0)",
        "oppShots": "44.6% (26.9) // 45.7% (26.1) // 42.9% (24.0) // 33.1% (20.0)",
        "oppScoring": "42.5% (24.8) // 43.0% (22.4) // 37.2% (20.0) // 30.2% (19.5)",
        "oppCorsiAgainst": "55.4% (62.8) // 53.2% (57.5) // 56.2% (61.2) // 61.9% (74.0)",
        "oppFenwickAgainst": "55.5% (45.9) // 54.2% (42.9) // 58.0% (46.0) // 67.2% (59.5)",
        "oppShotsAgainst": "55.4% (33.4) // 54.3% (30.9) // 57.1% (32.0) // 66.9% (40.5)",
        "oppScoringAgainst": "57.5% (33.6) // 57.0% (29.8) // 62.8% (33.8) // 69.8% (45.0)",
        "savesPerGame": 27.7,
        "savesPerGameLast1": 25.0,
        "savesPerGameLast3": 29.3,
        "savesPerGameLast5": 30.8,
        "savesPer60": 27.9,
        "savesPer60Last1": 25.0,
        "savesPer60Last3": 29.3,
        "savesPer60Last5": 31.5,
        "shotsPerGame": 33.1,
        "shotsPerGameLast5": 36.4,
        "shotsAgainstPerGame": 29.8,
        "shotsAgainstPerGameLast5": 32.8,
        "oppSavesAgainstPer60": 24.2,
        "oppSavesAgainstPer60Last1": 17.0,
        "oppSavesAgainstPer60Last3": 21.0,
        "oppSavesAgainstPer60Last5": 20.2,
        "oppShotsAgainstPerGame": 33.7,
        "oppShotsAgainstPerGameLast5": 35.6,
        "savesProj": 22.9,
        "savesProjLast5": 21.4,
        "savesProjLast3": 20.7,
        "oppSavesAgainstProj": 23.6,
        "oppSavesAgainstProjLast5": 22.5,
        "oppSavesAgainstProjLast3": 21.8,
        "totalOver": 56,
        "totalOverLast5": 20,
        "totalOverLast15": 47,
        "lastTotalOver": 57,
        "last5": "1,0,0,0,0,1,1,1,3,2",
        "overOdds": "-140",
        "underOdds": "+110",
        "overUnder": "-140 / +110"
    },
    {
        "player": "Hampus Lindholm",
        "team": "BOS",
        "opponent": "MTL",
        "propType": "pts",
        "line": 0.5,
        "ppLine": "PP1",
        "avg": 0.67,
        "hit": false,
        "diffAvg": 0.34,
        "diffAbs": 0.2,
        "lastAvg": 0.36,
        "diff": -0.28,
        "avgMin": 23,
        "proj": 0.4,
        "lastAvgMin": 22.5,
        "oppOver": 0,
        "teamOver": 0,
        "gameLine": "-295",
        "+/-": "+49",
        "L5_+/-": "+4.0",
        "prevMatchup": "2023-03-23 0.0 pts 2023-01-24 0.0 pts",
        "winLossSplits": "54% - 31%",
        "awayHome": "A",
        "playedYesterday": "N",
        "awayHomeSplits": "50% - 49%",
        "savesAboveExp": 0.061,
        "gsaa": -1.44,
        "corsi": "51.4% (58.2) // 52.9% (61.1) // 55.5% (63.8) // 57.5% (67.7)",
        "fenwick": "51.7% (44.0) // 52.8% (46.8) // 54.3% (49.7) // 56.0% (53.0)",
        "shots": "52.6% (32.7) // 54.2% (34.8) // 54.5% (37.4) // 55.7% (39.3)",
        "scoring": "53.0% (32.2) // 54.1% (32.6) // 53.7% (30.2) // 54.5% (32.0)",
        "corsiAgainst": "48.6% (54.9) // 47.1% (54.3) // 44.5% (51.2) // 42.5% (50.0)",
        "fenwickAgainst": "48.3% (41.1) // 47.2% (41.9) // 45.7% (41.8) // 44.0% (41.7)",
        "shotsAgainst": "47.4% (29.4) // 45.8% (29.5) // 45.5% (31.2) // 44.3% (31.3)",
        "scoringAgainst": "47.0% (28.6) // 45.9% (27.7) // 46.3% (26.0) // 45.5% (26.7)",
        "oppCorsi": "44.6% (50.7) // 46.8% (50.6) // 43.8% (47.8) // 38.1% (45.5)",
        "oppFenwick": "44.5% (36.8) // 45.8% (36.3) // 42.0% (33.2) // 32.8% (29.0)",
        "oppShots": "44.6% (26.9) // 45.7% (26.1) // 42.9% (24.0) // 33.1% (20.0)",
        "oppScoring": "42.5% (24.8) // 43.0% (22.4) // 37.2% (20.0) // 30.2% (19.5)",
        "oppCorsiAgainst": "55.4% (62.8) // 53.2% (57.5) // 56.2% (61.2) // 61.9% (74.0)",
        "oppFenwickAgainst": "55.5% (45.9) // 54.2% (42.9) // 58.0% (46.0) // 67.2% (59.5)",
        "oppShotsAgainst": "55.4% (33.4) // 54.3% (30.9) // 57.1% (32.0) // 66.9% (40.5)",
        "oppScoringAgainst": "57.5% (33.6) // 57.0% (29.8) // 62.8% (33.8) // 69.8% (45.0)",
        "savesPerGame": 27.7,
        "savesPerGameLast1": 25.0,
        "savesPerGameLast3": 29.3,
        "savesPerGameLast5": 30.8,
        "savesPer60": 27.9,
        "savesPer60Last1": 25.0,
        "savesPer60Last3": 29.3,
        "savesPer60Last5": 31.5,
        "shotsPerGame": 33.1,
        "shotsPerGameLast5": 36.4,
        "shotsAgainstPerGame": 29.8,
        "shotsAgainstPerGameLast5": 32.8,
        "oppSavesAgainstPer60": 24.2,
        "oppSavesAgainstPer60Last1": 17.0,
        "oppSavesAgainstPer60Last3": 21.0,
        "oppSavesAgainstPer60Last5": 20.2,
        "oppShotsAgainstPerGame": 33.7,
        "oppShotsAgainstPerGameLast5": 35.6,
        "savesProj": 22.9,
        "savesProjLast5": 21.4,
        "savesProjLast3": 20.7,
        "oppSavesAgainstProj": 23.6,
        "oppSavesAgainstProjLast5": 22.5,
        "oppSavesAgainstProjLast3": 21.8,
        "totalOver": 49,
        "totalOverLast5": 60,
        "totalOverLast15": 53,
        "lastTotalOver": 31,
        "last5": "0,1,1,0,1,0,1,0,1,0",
        "overOdds": "-125",
        "underOdds": "-105",
        "overUnder": "-125 / -105"
    },
    {
        "player": "Jonathan Drouin",
        "team": "MTL",
        "opponent": "BOS",
        "propType": "pts",
        "line": 0.5,
        "ppLine": "PP2",
        "avg": 0.52,
        "hit": false,
        "diffAvg": 0.04,
        "diffAbs": 0.0,
        "lastAvg": 0.59,
        "diff": 0.18,
        "avgMin": 14,
        "proj": 0.5,
        "lastAvgMin": 17.08,
        "oppOver": 0,
        "teamOver": 0,
        "gameLine": "+245",
        "+/-": -17,
        "L5_+/-": -3.0,
        "prevMatchup": "2023-03-23 0.0 pts",
        "winLossSplits": "62% - 26%",
        "awayHome": "H",
        "playedYesterday": "Y",
        "awayHomeSplits": "31% - 48%",
        "savesAboveExp": 0.19,
        "gsaa": 15.85,
        "corsi": "44.6% (50.7) // 46.8% (50.6) // 43.8% (47.8) // 38.1% (45.5)",
        "fenwick": "44.5% (36.8) // 45.8% (36.3) // 42.0% (33.2) // 32.8% (29.0)",
        "shots": "44.6% (26.9) // 45.7% (26.1) // 42.9% (24.0) // 33.1% (20.0)",
        "scoring": "42.5% (24.8) // 43.0% (22.4) // 37.2% (20.0) // 30.2% (19.5)",
        "corsiAgainst": "55.4% (62.8) // 53.2% (57.5) // 56.2% (61.2) // 61.9% (74.0)",
        "fenwickAgainst": "55.5% (45.9) // 54.2% (42.9) // 58.0% (46.0) // 67.2% (59.5)",
        "shotsAgainst": "55.4% (33.4) // 54.3% (30.9) // 57.1% (32.0) // 66.9% (40.5)",
        "scoringAgainst": "57.5% (33.6) // 57.0% (29.8) // 62.8% (33.8) // 69.8% (45.0)",
        "oppCorsi": "51.4% (58.2) // 52.9% (61.1) // 55.5% (63.8) // 57.5% (67.7)",
        "oppFenwick": "51.7% (44.0) // 52.8% (46.8) // 54.3% (49.7) // 56.0% (53.0)",
        "oppShots": "52.6% (32.7) // 54.2% (34.8) // 54.5% (37.4) // 55.7% (39.3)",
        "oppScoring": "53.0% (32.2) // 54.1% (32.6) // 53.7% (30.2) // 54.5% (32.0)",
        "oppCorsiAgainst": "48.6% (54.9) // 47.1% (54.3) // 44.5% (51.2) // 42.5% (50.0)",
        "oppFenwickAgainst": "48.3% (41.1) // 47.2% (41.9) // 45.7% (41.8) // 44.0% (41.7)",
        "oppShotsAgainst": "47.4% (29.4) // 45.8% (29.5) // 45.5% (31.2) // 44.3% (31.3)",
        "oppScoringAgainst": "47.0% (28.6) // 45.9% (27.7) // 46.3% (26.0) // 45.5% (26.7)",
        "savesPerGame": 30.0,
        "savesPerGameLast1": 31.0,
        "savesPerGameLast3": 31.3,
        "savesPerGameLast5": 31.4,
        "savesPer60": 29.7,
        "savesPer60Last1": 30.3,
        "savesPer60Last3": 30.9,
        "savesPer60Last5": 31.1,
        "shotsPerGame": 27.2,
        "shotsPerGameLast5": 22.0,
        "shotsAgainstPerGame": 33.7,
        "shotsAgainstPerGameLast5": 35.6,
        "oppSavesAgainstPer60": 29.4,
        "oppSavesAgainstPer60Last1": 39.0,
        "oppSavesAgainstPer60Last3": 36.3,
        "oppSavesAgainstPer60Last5": 33.5,
        "oppShotsAgainstPerGame": 29.8,
        "oppShotsAgainstPerGameLast5": 32.8,
        "savesProj": 31.4,
        "savesProjLast5": 36.8,
        "savesProjLast3": 39.1,
        "oppSavesAgainstProj": 31.2,
        "oppSavesAgainstProjLast5": 36.5,
        "oppSavesAgainstProjLast3": 40.3,
        "totalOver": 39,
        "totalOverLast5": 20,
        "totalOverLast15": 40,
        "lastTotalOver": 44,
        "last5": "0,0,1,0,0,0,1,0,0,1",
        "overOdds": "+160",
        "underOdds": "-195",
        "overUnder": "+160 / -195"
    },
    {
        "player": "Brayden Point",
        "team": "TB",
        "opponent": "DET",
        "propType": "pts",
        "line": 1.5,
        "ppLine": "PP1",
        "avg": 1.14,
        "hit": false,
        "diffAvg": -0.24,
        "diffAbs": 0.47,
        "lastAvg": 0.77,
        "diff": -0.49,
        "avgMin": 19,
        "proj": 0.8,
        "lastAvgMin": 19.45,
        "oppOver": 0,
        "teamOver": 0,
        "gameLine": "-255",
        "+/-": -2,
        "L5_+/-": -5.0,
        "prevMatchup": "2023-02-25 2.0 pts 2022-12-21 1.0 pts 2022-12-06 1.0 pts",
        "winLossSplits": "49% - 19%",
        "awayHome": "H",
        "playedYesterday": "N",
        "awayHomeSplits": "24% - 48%",
        "savesAboveExp": -0.011,
        "gsaa": -12.73,
        "corsi": "51.3% (59.4) // 50.1% (57.4) // 48.6% (59.0) // 53.2% (63.0)",
        "fenwick": "51.3% (44.7) // 48.3% (42.2) // 47.7% (44.8) // 50.3% (47.5)",
        "shots": "50.4% (31.7) // 48.3% (31.0) // 48.4% (33.5) // 52.9% (36.0)",
        "scoring": "52.9% (33.9) // 49.6% (31.6) // 47.1% (32.8) // 49.2% (32.5)",
        "corsiAgainst": "48.7% (56.3) // 49.9% (57.2) // 51.4% (62.5) // 46.8% (55.5)",
        "fenwickAgainst": "48.7% (42.4) // 51.7% (45.2) // 52.3% (49.0) // 49.7% (47.0)",
        "shotsAgainst": "49.6% (31.2) // 51.7% (33.2) // 51.6% (35.8) // 47.1% (32.0)",
        "scoringAgainst": "47.1% (30.2) // 50.4% (32.1) // 52.9% (36.8) // 50.8% (33.5)",
        "oppCorsi": "47.1% (51.6) // 45.0% (46.7) // 47.7% (43.1) // 44.5% (40.3)",
        "oppFenwick": "47.6% (38.5) // 43.9% (33.9) // 45.2% (30.9) // 43.7% (29.0)",
        "oppShots": "48.1% (27.8) // 43.9% (23.7) // 45.2% (22.4) // 43.9% (20.3)",
        "oppScoring": "45.9% (25.2) // 44.1% (21.7) // 51.0% (20.5) // 44.4% (16.0)",
        "oppCorsiAgainst": "52.9% (57.9) // 55.0% (57.0) // 52.3% (47.2) // 55.5% (50.3)",
        "oppFenwickAgainst": "52.4% (42.5) // 56.1% (43.4) // 54.8% (37.4) // 56.3% (37.3)",
        "oppShotsAgainst": "51.9% (30.0) // 56.1% (30.3) // 54.8% (27.1) // 56.1% (26.0)",
        "oppScoringAgainst": "54.1% (29.7) // 55.9% (27.5) // 49.0% (19.7) // 55.6% (20.0)",
        "savesPerGame": 28.4,
        "savesPerGameLast1": 20.0,
        "savesPerGameLast3": 29.7,
        "savesPerGameLast5": 31.6,
        "savesPer60": 28.4,
        "savesPer60Last1": 19.0,
        "savesPer60Last3": 29.0,
        "savesPer60Last5": 31.2,
        "shotsPerGame": 32.0,
        "shotsPerGameLast5": 33.2,
        "shotsAgainstPerGame": 31.5,
        "shotsAgainstPerGameLast5": 36.2,
        "oppSavesAgainstPer60": 25.3,
        "oppSavesAgainstPer60Last1": 20.9,
        "oppSavesAgainstPer60Last3": 20.2,
        "oppSavesAgainstPer60Last5": 20.6,
        "oppShotsAgainstPerGame": 30.4,
        "oppShotsAgainstPerGameLast5": 27.6,
        "savesProj": 26.4,
        "savesProjLast5": 23.0,
        "savesProjLast3": 20.7,
        "oppSavesAgainstProj": 25.3,
        "oppSavesAgainstProjLast5": 22.8,
        "oppSavesAgainstProjLast3": 20.7,
        "totalOver": 36,
        "totalOverLast5": 20,
        "totalOverLast15": 13,
        "lastTotalOver": 14,
        "last5": "1,1,1,0,3,0,3,0,1,1",
        "overOdds": "+170",
        "underOdds": "-210",
        "overUnder": "+170 / -210"
    },
    {
        "player": "David Perron",
        "team": "DET",
        "opponent": "TB",
        "propType": "pts",
        "line": 0.5,
        "ppLine": "PP1",
        "avg": 0.69,
        "hit": false,
        "diffAvg": 0.38,
        "diffAbs": 0.4,
        "lastAvg": 0.72,
        "diff": 0.44,
        "avgMin": 16,
        "proj": 0.7,
        "lastAvgMin": 16.98,
        "oppOver": 0,
        "teamOver": 0,
        "gameLine": "+215",
        "+/-": -4,
        "L5_+/-": "+2.0",
        "prevMatchup": "2023-02-25 0.0 pts 2022-12-21 3.0 pts 2022-12-06 1.0 pts",
        "winLossSplits": "60% - 41%",
        "awayHome": "A",
        "playedYesterday": "N",
        "awayHomeSplits": "58% - 41%",
        "savesAboveExp": 0.522,
        "gsaa": 20.23,
        "corsi": "47.1% (51.6) // 45.0% (46.7) // 47.7% (43.1) // 44.5% (40.3)",
        "fenwick": "47.6% (38.5) // 43.9% (33.9) // 45.2% (30.9) // 43.7% (29.0)",
        "shots": "48.1% (27.8) // 43.9% (23.7) // 45.2% (22.4) // 43.9% (20.3)",
        "scoring": "45.9% (25.2) // 44.1% (21.7) // 51.0% (20.5) // 44.4% (16.0)",
        "corsiAgainst": "52.9% (57.9) // 55.0% (57.0) // 52.3% (47.2) // 55.5% (50.3)",
        "fenwickAgainst": "52.4% (42.5) // 56.1% (43.4) // 54.8% (37.4) // 56.3% (37.3)",
        "shotsAgainst": "51.9% (30.0) // 56.1% (30.3) // 54.8% (27.1) // 56.1% (26.0)",
        "scoringAgainst": "54.1% (29.7) // 55.9% (27.5) // 49.0% (19.7) // 55.6% (20.0)",
        "oppCorsi": "51.3% (59.4) // 50.1% (57.4) // 48.6% (59.0) // 53.2% (63.0)",
        "oppFenwick": "51.3% (44.7) // 48.3% (42.2) // 47.7% (44.8) // 50.3% (47.5)",
        "oppShots": "50.4% (31.7) // 48.3% (31.0) // 48.4% (33.5) // 52.9% (36.0)",
        "oppScoring": "52.9% (33.9) // 49.6% (31.6) // 47.1% (32.8) // 49.2% (32.5)",
        "oppCorsiAgainst": "48.7% (56.3) // 49.9% (57.2) // 51.4% (62.5) // 46.8% (55.5)",
        "oppFenwickAgainst": "48.7% (42.4) // 51.7% (45.2) // 52.3% (49.0) // 49.7% (47.0)",
        "oppShotsAgainst": "49.6% (31.2) // 51.7% (33.2) // 51.6% (35.8) // 47.1% (32.0)",
        "oppScoringAgainst": "47.1% (30.2) // 50.4% (32.1) // 52.9% (36.8) // 50.8% (33.5)",
        "savesPerGame": 27.1,
        "savesPerGameLast1": 24.0,
        "savesPerGameLast3": 21.0,
        "savesPerGameLast5": 23.4,
        "savesPer60": 27.1,
        "savesPer60Last1": 23.1,
        "savesPer60Last3": 20.7,
        "savesPer60Last5": 23.5,
        "shotsPerGame": 28.1,
        "shotsPerGameLast5": 22.8,
        "shotsAgainstPerGame": 30.4,
        "shotsAgainstPerGameLast5": 27.6,
        "oppSavesAgainstPer60": 28.6,
        "oppSavesAgainstPer60Last1": 44.8,
        "oppSavesAgainstPer60Last3": 32.1,
        "oppSavesAgainstPer60Last5": 30.1,
        "oppShotsAgainstPerGame": 31.5,
        "oppShotsAgainstPerGameLast5": 36.2,
        "savesProj": 27.2,
        "savesProjLast5": 24.8,
        "savesProjLast3": 23.1,
        "oppSavesAgainstProj": 27.4,
        "oppSavesAgainstProjLast5": 24.6,
        "oppSavesAgainstProjLast3": 22.0,
        "totalOver": 49,
        "totalOverLast5": 80,
        "totalOverLast15": 67,
        "lastTotalOver": 57,
        "last5": "1,1,0,1,3,0,1,2,3,0",
        "overOdds": "-130",
        "underOdds": "+100",
        "overUnder": "-130 / +100"
    },
    {
        "player": "Lucas Raymond",
        "team": "DET",
        "opponent": "TB",
        "propType": "pts",
        "line": 0.5,
        "ppLine": "PP1",
        "avg": 0.62,
        "hit": false,
        "diffAvg": 0.24,
        "diffAbs": 0.4,
        "lastAvg": 0.7,
        "diff": 0.4,
        "avgMin": 17,
        "proj": 0.7,
        "lastAvgMin": 18.15,
        "oppOver": 0,
        "teamOver": 0,
        "gameLine": "+215",
        "+/-": -15,
        "L5_+/-": "+1.0",
        "prevMatchup": "2022-12-21 0.0 pts 2022-12-06 0.0 pts",
        "winLossSplits": "55% - 36%",
        "awayHome": "A",
        "playedYesterday": "N",
        "awayHomeSplits": "34% - 53%",
        "savesAboveExp": 0.522,
        "gsaa": 20.23,
        "corsi": "47.1% (51.6) // 45.0% (46.7) // 47.7% (43.1) // 44.5% (40.3)",
        "fenwick": "47.6% (38.5) // 43.9% (33.9) // 45.2% (30.9) // 43.7% (29.0)",
        "shots": "48.1% (27.8) // 43.9% (23.7) // 45.2% (22.4) // 43.9% (20.3)",
        "scoring": "45.9% (25.2) // 44.1% (21.7) // 51.0% (20.5) // 44.4% (16.0)",
        "corsiAgainst": "52.9% (57.9) // 55.0% (57.0) // 52.3% (47.2) // 55.5% (50.3)",
        "fenwickAgainst": "52.4% (42.5) // 56.1% (43.4) // 54.8% (37.4) // 56.3% (37.3)",
        "shotsAgainst": "51.9% (30.0) // 56.1% (30.3) // 54.8% (27.1) // 56.1% (26.0)",
        "scoringAgainst": "54.1% (29.7) // 55.9% (27.5) // 49.0% (19.7) // 55.6% (20.0)",
        "oppCorsi": "51.3% (59.4) // 50.1% (57.4) // 48.6% (59.0) // 53.2% (63.0)",
        "oppFenwick": "51.3% (44.7) // 48.3% (42.2) // 47.7% (44.8) // 50.3% (47.5)",
        "oppShots": "50.4% (31.7) // 48.3% (31.0) // 48.4% (33.5) // 52.9% (36.0)",
        "oppScoring": "52.9% (33.9) // 49.6% (31.6) // 47.1% (32.8) // 49.2% (32.5)",
        "oppCorsiAgainst": "48.7% (56.3) // 49.9% (57.2) // 51.4% (62.5) // 46.8% (55.5)",
        "oppFenwickAgainst": "48.7% (42.4) // 51.7% (45.2) // 52.3% (49.0) // 49.7% (47.0)",
        "oppShotsAgainst": "49.6% (31.2) // 51.7% (33.2) // 51.6% (35.8) // 47.1% (32.0)",
        "oppScoringAgainst": "47.1% (30.2) // 50.4% (32.1) // 52.9% (36.8) // 50.8% (33.5)",
        "savesPerGame": 27.1,
        "savesPerGameLast1": 24.0,
        "savesPerGameLast3": 21.0,
        "savesPerGameLast5": 23.4,
        "savesPer60": 27.1,
        "savesPer60Last1": 23.1,
        "savesPer60Last3": 20.7,
        "savesPer60Last5": 23.5,
        "shotsPerGame": 28.1,
        "shotsPerGameLast5": 22.8,
        "shotsAgainstPerGame": 30.4,
        "shotsAgainstPerGameLast5": 27.6,
        "oppSavesAgainstPer60": 28.6,
        "oppSavesAgainstPer60Last1": 44.8,
        "oppSavesAgainstPer60Last3": 32.1,
        "oppSavesAgainstPer60Last5": 30.1,
        "oppShotsAgainstPerGame": 31.5,
        "oppShotsAgainstPerGameLast5": 36.2,
        "savesProj": 27.2,
        "savesProjLast5": 24.8,
        "savesProjLast3": 23.1,
        "oppSavesAgainstProj": 27.4,
        "oppSavesAgainstProjLast5": 24.6,
        "oppSavesAgainstProjLast3": 22.0,
        "totalOver": 44,
        "totalOverLast5": 60,
        "totalOverLast15": 40,
        "lastTotalOver": 50,
        "last5": "0,0,1,3,1,1,0,0,0,0",
        "overOdds": "+110",
        "underOdds": "-140",
        "overUnder": "+110 / -140"
    },
    {
        "player": "Moritz Seider",
        "team": "DET",
        "opponent": "TB",
        "propType": "pts",
        "line": 0.5,
        "ppLine": "PP1",
        "avg": 0.52,
        "hit": false,
        "diffAvg": 0.04,
        "diffAbs": 0.2,
        "lastAvg": 0.61,
        "diff": 0.22,
        "avgMin": 23,
        "proj": 0.6,
        "lastAvgMin": 23.03,
        "oppOver": 0,
        "teamOver": 0,
        "gameLine": "+215",
        "+/-": -8,
        "L5_+/-": 0.0,
        "prevMatchup": "2023-02-25 0.0 pts 2022-12-21 0.0 pts 2022-12-06 0.0 pts",
        "winLossSplits": "49% - 26%",
        "awayHome": "A",
        "playedYesterday": "N",
        "awayHomeSplits": "32% - 39%",
        "savesAboveExp": 0.522,
        "gsaa": 20.23,
        "corsi": "47.1% (51.6) // 45.0% (46.7) // 47.7% (43.1) // 44.5% (40.3)",
