[
    {
        "player": "Sergei Bobrovsky",
        "team": "FLA",
        "opponent": "BOS",
        "propType": "sv",
        "line": 30.5,
        "ppLine": "",
        "avg": 26.61,
        "hit": false,
        "diffAvg": -0.13,
        "diffAbs": 0.28,
        "lastAvg": 22.33,
        "diff": -0.27,
        "avgMin": 56,
        "proj": 21.9,
        "lastAvgMin": 57.07,
        "oppOver": 44,
        "teamOver": 39,
        "gameLine": "+195",
        "+/-": 0,
        "L5_+/-": 0,
        "prevMatchup": "2022-10-17 fla @ bos 29.0 sv 2022-11-23 bos @ fla 37.0 sv 2022-12-19 fla @ bos 19.0 sv 2023-01-28 bos @ fla 38.0 sv 2023-04-17 fla @ bos 26.0 sv 2023-04-19 fla @ bos 34.0 sv 2023-04-21 bos @ fla 31.0 sv 2023-04-23 bos @ fla 25.0 sv 2023-04-26 fla @ bos 44.0 sv 2023-04-28 bos @ fla 29.0 sv",
        "winLossSplits": "41% - 26%",
        "awayHome": "A",
        "playedYesterday": "N",
        "awayHomeSplits": "28% - 38%",
        "savesAboveExp": -0.102,
        "gsaa": -4.63,
        "corsi": "54.2% (66.3) // 52.5% (66.0) // 54.2% (66.3) // 54.2% (66.3)",
        "fenwick": "53.6% (49.9) // 52.0% (49.3) // 53.6% (49.9) // 53.6% (49.9)",
        "shots": "53.7% (36.5) // 51.9% (35.5) // 53.7% (36.5) // 53.7% (36.5)",
        "scoring": "54.6% (34.8) // 53.4% (34.0) // 54.6% (34.8) // 54.6% (34.8)",
        "corsiAgainst": "45.8% (56.1) // 47.5% (59.7) // 45.8% (56.1) // 45.8% (56.1)",
        "fenwickAgainst": "46.4% (43.2) // 48.0% (45.5) // 46.4% (43.2) // 46.4% (43.2)",
        "shotsAgainst": "46.3% (31.5) // 48.1% (33.0) // 46.3% (31.5) // 46.3% (31.5)",
        "scoringAgainst": "45.4% (28.9) // 46.6% (29.7) // 45.4% (28.9) // 45.4% (28.9)",
        "oppCorsi": "51.4% (58.2) // 52.6% (61.3) // 51.4% (58.2) // 51.4% (58.2)",
        "oppFenwick": "51.6% (44.0) // 52.5% (46.9) // 51.6% (44.0) // 51.6% (44.0)",
        "oppShots": "52.5% (32.6) // 52.7% (33.6) // 52.5% (32.6) // 52.5% (32.6)",
        "oppScoring": "53.0% (32.2) // 53.2% (32.5) // 53.0% (32.2) // 53.0% (32.2)",
        "oppCorsiAgainst": "48.6% (55.0) // 47.4% (55.1) // 48.6% (55.0) // 48.6% (55.0)",
        "oppFenwickAgainst": "48.4% (41.2) // 47.5% (42.4) // 48.4% (41.2) // 48.4% (41.2)",
        "oppShotsAgainst": "47.5% (29.5) // 47.3% (30.1) // 47.5% (29.5) // 47.5% (29.5)",
        "oppScoringAgainst": "47.0% (28.6) // 46.8% (28.6) // 47.0% (28.6) // 47.0% (28.6)",
        "savesPerGame": 28.4,
        "savesPerGameLast1": 29.0,
        "savesPerGameLast3": 32.7,
        "savesPerGameLast5": 32.6,
        "savesPer60": 30.3,
        "savesPer60Last1": 29.0,
        "savesPer60Last3": 33.2,
        "savesPer60Last5": 32.6,
        "shotsPerGame": 36.8,
        "shotsPerGameLast5": 32.6,
        "shotsAgainstPerGame": 31.7,
        "shotsAgainstPerGameLast5": 36.8,
        "oppSavesAgainstPer60": 31.4,
        "oppSavesAgainstPer60Last1": 29.0,
        "oppSavesAgainstPer60Last3": 33.5,
        "oppSavesAgainstPer60Last5": 33.1,
        "oppShotsAgainstPerGame": 29.8,
        "oppShotsAgainstPerGameLast5": 32.6,
        "savesProj": 29.7,
        "savesProjLast5": 35.4,
        "savesProjLast3": 36.2,
        "oppSavesAgainstProj": 30.8,
        "oppSavesAgainstProjLast5": 34.4,
        "oppSavesAgainstProjLast3": 34.8,
        "totalOver": 33,
        "totalOverLast5": 20,
        "totalOverLast15": 33,
        "lastTotalOver": 13,
        "last5": "29,44,25,8,22,38,21,20,33,25",
        "overOdds": "-120",
        "underOdds": "-110",
        "overUnder": "-120 / -110"
    },
    {
        "player": "Alexandar Georgiev",
        "team": "COL",
        "opponent": "SEA",
        "propType": "sv",
        "line": 26.5,
        "ppLine": "",
        "avg": 28.18,
        "hit": false,
        "diffAvg": 0.06,
        "diffAbs": 0.1,
        "lastAvg": 21.34,
        "diff": -0.19,
        "avgMin": 59,
        "proj": 23.8,
        "lastAvgMin": 52.9,
        "oppOver": 53,
        "teamOver": 56,
        "gameLine": "-210",
        "+/-": 0,
        "L5_+/-": 0,
        "prevMatchup": "2022-10-21 sea @ col 35.0 sv 2023-01-21 col @ sea 26.0 sv 2023-03-05 sea @ col 32.0 sv 2023-04-18 sea @ col 27.0 sv 2023-04-20 sea @ col 27.0 sv 2023-04-22 col @ sea 25.0 sv 2023-04-24 col @ sea 40.0 sv 2023-04-26 sea @ col 26.0 sv 2023-04-28 col @ sea 22.0 sv",
        "winLossSplits": "56% - 60%",
        "awayHome": "H",
        "playedYesterday": "N",
        "awayHomeSplits": "66% - 50%",
        "savesAboveExp": 0.16,
        "gsaa": 26.31,
        "corsi": "52.5% (60.1) // 55.0% (62.9) // 52.5% (60.1) // 52.5% (60.1)",
        "fenwick": "51.9% (44.1) // 55.1% (46.4) // 51.9% (44.1) // 51.9% (44.1)",
        "shots": "51.8% (32.8) // 55.1% (34.6) // 51.8% (32.8) // 51.8% (32.8)",
        "scoring": "53.4% (30.3) // 54.6% (32.8) // 53.4% (30.3) // 53.4% (30.3)",
        "corsiAgainst": "47.5% (54.3) // 45.0% (51.4) // 47.5% (54.3) // 47.5% (54.3)",
        "fenwickAgainst": "48.1% (41.0) // 44.9% (37.8) // 48.1% (41.0) // 48.1% (41.0)",
        "shotsAgainst": "48.2% (30.5) // 44.9% (28.2) // 48.2% (30.5) // 48.2% (30.5)",
        "scoringAgainst": "46.6% (26.5) // 45.4% (27.3) // 46.6% (26.5) // 46.6% (26.5)",
        "oppCorsi": "52.2% (57.4) // 56.1% (59.4) // 52.2% (57.4) // 52.2% (57.4)",
        "oppFenwick": "52.5% (43.0) // 57.1% (44.7) // 52.5% (43.0) // 52.5% (43.0)",
        "oppShots": "53.0% (30.2) // 57.4% (31.5) // 53.0% (30.2) // 53.0% (30.2)",
        "oppScoring": "50.6% (27.4) // 55.4% (26.5) // 50.6% (27.4) // 50.6% (27.4)",
        "oppCorsiAgainst": "47.8% (52.6) // 43.9% (46.4) // 47.8% (52.6) // 47.8% (52.6)",
        "oppFenwickAgainst": "47.5% (39.0) // 42.9% (33.6) // 47.5% (39.0) // 47.5% (39.0)",
        "oppShotsAgainst": "47.0% (26.8) // 42.6% (23.4) // 47.0% (26.8) // 47.0% (26.8)",
        "oppScoringAgainst": "49.4% (26.8) // 44.6% (21.3) // 49.4% (26.8) // 49.4% (26.8)",
        "savesPerGame": 28.4,
        "savesPerGameLast1": 22.0,
        "savesPerGameLast3": 29.3,
        "savesPerGameLast5": 28.0,
        "savesPer60": 30.9,
        "savesPer60Last1": 21.9,
        "savesPer60Last3": 29.2,
        "savesPer60Last5": 27.9,
        "shotsPerGame": 33.2,
        "shotsPerGameLast5": 32.8,
        "shotsAgainstPerGame": 31.1,
        "shotsAgainstPerGameLast5": 30.6,
        "oppSavesAgainstPer60": 28.7,
        "oppSavesAgainstPer60Last1": 22.0,
        "oppSavesAgainstPer60Last3": 29.0,
        "oppSavesAgainstPer60Last5": 27.9,
        "oppShotsAgainstPerGame": 27.0,
        "oppShotsAgainstPerGameLast5": 32.8,
        "savesProj": 32.2,
        "savesProjLast5": 30.3,
        "savesProjLast3": 33.2,
        "oppSavesAgainstProj": 28.0,
        "oppSavesAgainstProjLast5": 27.2,
        "oppSavesAgainstProjLast3": 29.6,
        "totalOver": 57,
        "totalOverLast5": 40,
        "totalOverLast15": 40,
        "lastTotalOver": 38,
        "last5": "22,26,40,25,27,27,18,18,38,38",
        "overOdds": "-115",
        "underOdds": "-115",
        "overUnder": "-115 / -115"
    },
    {
        "player": "Philipp Grubauer",
        "team": "SEA",
        "opponent": "COL",
        "propType": "sv",
        "line": 29.5,
        "ppLine": "",
        "avg": 22.51,
        "hit": false,
        "diffAvg": -0.24,
        "diffAbs": 0.24,
        "lastAvg": 23.91,
        "diff": -0.19,
        "avgMin": 53,
        "proj": 22.4,
        "lastAvgMin": 56.57,
        "oppOver": 45,
        "teamOver": 18,
        "gameLine": "+180",
        "+/-": 0,
        "L5_+/-": 0,
        "prevMatchup": "2022-10-21 sea @ col 18.0 sv 2023-01-21 col @ sea 26.0 sv 2023-03-05 sea @ col 21.0 sv 2023-04-18 sea @ col 34.0 sv 2023-04-20 sea @ col 38.0 sv 2023-04-22 col @ sea 28.0 sv 2023-04-24 col @ sea 20.0 sv 2023-04-26 sea @ col 26.0 sv 2023-04-28 col @ sea 35.0 sv",
        "winLossSplits": "14% - 26%",
        "awayHome": "A",
        "playedYesterday": "N",
        "awayHomeSplits": "35% - 8%",
        "savesAboveExp": -0.168,
        "gsaa": -8.95,
        "corsi": "52.2% (57.4) // 56.1% (59.4) // 52.2% (57.4) // 52.2% (57.4)",
        "fenwick": "52.5% (43.0) // 57.1% (44.7) // 52.5% (43.0) // 52.5% (43.0)",
        "shots": "53.0% (30.2) // 57.4% (31.5) // 53.0% (30.2) // 53.0% (30.2)",
        "scoring": "50.6% (27.4) // 55.4% (26.5) // 50.6% (27.4) // 50.6% (27.4)",
        "corsiAgainst": "47.8% (52.6) // 43.9% (46.4) // 47.8% (52.6) // 47.8% (52.6)",
        "fenwickAgainst": "47.5% (39.0) // 42.9% (33.6) // 47.5% (39.0) // 47.5% (39.0)",
        "shotsAgainst": "47.0% (26.8) // 42.6% (23.4) // 47.0% (26.8) // 47.0% (26.8)",
        "scoringAgainst": "49.4% (26.8) // 44.6% (21.3) // 49.4% (26.8) // 49.4% (26.8)",
        "oppCorsi": "52.5% (60.1) // 55.0% (62.9) // 52.5% (60.1) // 52.5% (60.1)",
        "oppFenwick": "51.9% (44.1) // 55.1% (46.4) // 51.9% (44.1) // 51.9% (44.1)",
        "oppShots": "51.8% (32.8) // 55.1% (34.6) // 51.8% (32.8) // 51.8% (32.8)",
        "oppScoring": "53.4% (30.3) // 54.6% (32.8) // 53.4% (30.3) // 53.4% (30.3)",
        "oppCorsiAgainst": "47.5% (54.3) // 45.0% (51.4) // 47.5% (54.3) // 47.5% (54.3)",
        "oppFenwickAgainst": "48.1% (41.0) // 44.9% (37.8) // 48.1% (41.0) // 48.1% (41.0)",
        "oppShotsAgainst": "48.2% (30.5) // 44.9% (28.2) // 48.2% (30.5) // 48.2% (30.5)",
        "oppScoringAgainst": "46.6% (26.5) // 45.4% (27.3) // 46.6% (26.5) // 46.6% (26.5)",
        "savesPerGame": 23.9,
        "savesPerGameLast1": 35.0,
        "savesPerGameLast3": 27.0,
        "savesPerGameLast5": 29.4,
        "savesPer60": 25.8,
        "savesPer60Last1": 34.0,
        "savesPer60Last3": 27.2,
        "savesPer60Last5": 29.2,
        "shotsPerGame": 30.5,
        "shotsPerGameLast5": 30.6,
        "shotsAgainstPerGame": 27.0,
        "shotsAgainstPerGameLast5": 32.8,
        "oppSavesAgainstPer60": 32.7,
        "oppSavesAgainstPer60Last1": 37.5,
        "oppSavesAgainstPer60Last3": 27.6,
        "oppSavesAgainstPer60Last5": 30.2,
        "oppShotsAgainstPerGame": 31.1,
        "oppShotsAgainstPerGameLast5": 30.6,
        "savesProj": 25.0,
        "savesProjLast5": 27.8,
        "savesProjLast3": 23.8,
        "oppSavesAgainstProj": 27.2,
        "oppSavesAgainstProjLast5": 27.1,
        "oppSavesAgainstProjLast3": 22.8,
        "totalOver": 20,
        "totalOverLast5": 40,
        "totalOverLast15": 20,
        "lastTotalOver": 9,
        "last5": "35,26,20,28,38,34,16,22,11,27",
        "overOdds": "-120",
        "underOdds": "-110",
        "overUnder": "-120 / -110"
    }
]