[
    {
        "player": "Aaron Ekblad",
        "team": "FLA",
        "opponent": "VGK",
        "propType": "bs",
        "line": 1.5,
        "ppLine": "PP2",
        "avg": 1.21,
        "hit": false,
        "diffAvg": -0.19,
        "diffAbs": 1.0,
        "lastAvg": 0.0,
        "diff": 0,
        "avgMin": 23,
        "proj": 0.0,
        "lastAvgMin": 24.92,
        "oppOver": 0,
        "teamOver": 0,
        "gameLine": "-115",
        "+/-": -6,
        "L5_+/-": "+2.0",
        "prevMatchup": "2023-06-08 0.0 bs 2023-06-05 1.0 bs 2023-06-03 1.0 bs 2023-03-07 0.0 bs 2023-01-12 0.0 bs",
        "winLossSplits": "39% - 28%",
        "awayHome": "H",
        "playedYesterday": "N",
        "awayHomeSplits": "33% - 35%",
        "savesAboveExp": -0.478,
        "gsaa": 8.04,
        "corsi": "54.2% (66.3) // 52.5% (66.0) // 54.2% (66.3) // 54.2% (66.3)",
        "fenwick": "53.6% (49.9) // 52.0% (49.3) // 53.6% (49.9) // 53.6% (49.9)",
        "shots": "53.7% (36.5) // 51.9% (35.5) // 53.7% (36.5) // 53.7% (36.5)",
        "scoring": "54.6% (34.8) // 53.4% (34.0) // 54.6% (34.8) // 54.6% (34.8)",
        "corsiAgainst": "45.8% (56.1) // 47.5% (59.7) // 45.8% (56.1) // 45.8% (56.1)",
        "fenwickAgainst": "46.4% (43.2) // 48.0% (45.5) // 46.4% (43.2) // 46.4% (43.2)",
        "shotsAgainst": "46.3% (31.5) // 48.1% (33.0) // 46.3% (31.5) // 46.3% (31.5)",
        "scoringAgainst": "45.4% (28.9) // 46.6% (29.7) // 45.4% (28.9) // 45.4% (28.9)",
        "oppCorsi": "48.6% (57.5) // 48.0% (56.0) // 48.6% (57.5) // 48.6% (57.5)",
        "oppFenwick": "49.7% (42.3) // 48.8% (40.5) // 49.7% (42.3) // 49.7% (42.3)",
        "oppShots": "50.5% (31.1) // 50.2% (28.8) // 50.5% (31.1) // 50.5% (31.1)",
        "oppScoring": "49.5% (29.2) // 49.0% (28.7) // 49.5% (29.2) // 49.5% (29.2)",
        "oppCorsiAgainst": "51.4% (60.7) // 52.0% (60.6) // 51.4% (60.7) // 51.4% (60.7)",
        "oppFenwickAgainst": "50.3% (42.8) // 51.2% (42.5) // 50.3% (42.8) // 50.3% (42.8)",
        "oppShotsAgainst": "49.5% (30.4) // 49.8% (28.5) // 49.5% (30.4) // 49.5% (30.4)",
        "oppScoringAgainst": "50.5% (29.8) // 51.0% (29.9) // 50.5% (29.8) // 50.5% (29.8)",
        "savesPerGame": 28.4,
        "savesPerGameLast1": 21.0,
        "savesPerGameLast3": 28.7,
        "savesPerGameLast5": 31.0,
        "savesPer60": 35.5,
        "savesPer60Last1": 22.5,
        "savesPer60Last3": 29.3,
        "savesPer60Last5": 31.4,
        "shotsPerGame": 36.8,
        "shotsPerGameLast5": 26.8,
        "shotsAgainstPerGame": 31.7,
        "shotsAgainstPerGameLast5": 34.2,
        "oppSavesAgainstPer60": 35.0,
        "oppSavesAgainstPer60Last1": 20.7,
        "oppSavesAgainstPer60Last3": 24.9,
        "oppSavesAgainstPer60Last5": 27.8,
        "oppShotsAgainstPerGame": 30.9,
        "oppShotsAgainstPerGameLast5": 33.2,
        "savesProj": 28.3,
        "savesProjLast5": 22.4,
        "savesProjLast3": 20.9,
        "oppSavesAgainstProj": 33.7,
        "oppSavesAgainstProjLast5": 21.9,
        "oppSavesAgainstProjLast3": 17.8,
        "totalOver": 34,
        "totalOverLast5": 40,
        "totalOverLast15": 27,
        "lastTotalOver": 0,
        "last5": "0,1,1,2,3,0,1,2,1,0",
        "overOdds": "+110",
        "underOdds": "-140",
        "overUnder": "+110 / -140"
    },
    {
        "player": "Alex Pietrangelo",
        "team": "VGK",
        "opponent": "FLA",
        "propType": "bs",
        "line": 2.5,
        "ppLine": "PP2",
        "avg": 2.44,
        "hit": false,
        "diffAvg": -0.02,
        "diffAbs": 1.0,
        "lastAvg": 0.0,
        "diff": 0,
        "avgMin": 23,
        "proj": 0.0,
        "lastAvgMin": 24.63,
        "oppOver": 0,
        "teamOver": 0,
        "gameLine": "-105",
        "+/-": "+22",
        "L5_+/-": "+6.0",
        "prevMatchup": "2023-06-08 2.0 bs 2023-06-05 2.0 bs 2023-06-03 4.0 bs 2023-03-07 3.0 bs 2023-01-12 4.0 bs",
        "winLossSplits": "33% - 45%",
        "awayHome": "A",
        "playedYesterday": "N",
        "awayHomeSplits": "44% - 31%",
        "savesAboveExp": -0.102,
        "gsaa": -4.63,
        "corsi": "48.6% (57.5) // 48.0% (56.0) // 48.6% (57.5) // 48.6% (57.5)",
        "fenwick": "49.7% (42.3) // 48.8% (40.5) // 49.7% (42.3) // 49.7% (42.3)",
        "shots": "50.5% (31.1) // 50.2% (28.8) // 50.5% (31.1) // 50.5% (31.1)",
        "scoring": "49.5% (29.2) // 49.0% (28.7) // 49.5% (29.2) // 49.5% (29.2)",
        "corsiAgainst": "51.4% (60.7) // 52.0% (60.6) // 51.4% (60.7) // 51.4% (60.7)",
        "fenwickAgainst": "50.3% (42.8) // 51.2% (42.5) // 50.3% (42.8) // 50.3% (42.8)",
        "shotsAgainst": "49.5% (30.4) // 49.8% (28.5) // 49.5% (30.4) // 49.5% (30.4)",
        "scoringAgainst": "50.5% (29.8) // 51.0% (29.9) // 50.5% (29.8) // 50.5% (29.8)",
        "oppCorsi": "54.2% (66.3) // 52.5% (66.0) // 54.2% (66.3) // 54.2% (66.3)",
        "oppFenwick": "53.6% (49.9) // 52.0% (49.3) // 53.6% (49.9) // 53.6% (49.9)",
        "oppShots": "53.7% (36.5) // 51.9% (35.5) // 53.7% (36.5) // 53.7% (36.5)",
        "oppScoring": "54.6% (34.8) // 53.4% (34.0) // 54.6% (34.8) // 54.6% (34.8)",
        "oppCorsiAgainst": "45.8% (56.1) // 47.5% (59.7) // 45.8% (56.1) // 45.8% (56.1)",
        "oppFenwickAgainst": "46.4% (43.2) // 48.0% (45.5) // 46.4% (43.2) // 46.4% (43.2)",
        "oppShotsAgainst": "46.3% (31.5) // 48.1% (33.0) // 46.3% (31.5) // 46.3% (31.5)",
        "oppScoringAgainst": "45.4% (28.9) // 46.6% (29.7) // 45.4% (28.9) // 45.4% (28.9)",
        "savesPerGame": 28.1,
        "savesPerGameLast1": 29.0,
        "savesPerGameLast3": 28.7,
        "savesPerGameLast5": 31.0,
        "savesPer60": 35.0,
        "savesPer60Last1": 31.2,
        "savesPer60Last3": 29.4,
        "savesPer60Last5": 31.1,
        "shotsPerGame": 31.5,
        "shotsPerGameLast5": 31.8,
        "shotsAgainstPerGame": 30.9,
        "shotsAgainstPerGameLast5": 33.2,
        "oppSavesAgainstPer60": 41.7,
        "oppSavesAgainstPer60Last1": 29.8,
        "oppSavesAgainstPer60Last3": 27.5,
        "oppSavesAgainstPer60Last5": 25.2,
        "oppShotsAgainstPerGame": 31.7,
        "oppShotsAgainstPerGameLast5": 34.2,
        "savesProj": 32.0,
        "savesProjLast5": 20.7,
        "savesProjLast3": 22.6,
        "oppSavesAgainstProj": 38.9,
        "oppSavesAgainstProjLast5": 17.6,
        "oppSavesAgainstProjLast3": 18.0,
        "totalOver": 37,
        "totalOverLast5": 20,
        "totalOverLast15": 27,
        "lastTotalOver": 0,
        "last5": "2,2,4,2,1,1,1,2,2,1",
        "overOdds": "-125",
        "underOdds": "-105",
        "overUnder": "-125 / -105"
    },
    {
        "player": "Brandon Montour",
        "team": "FLA",
        "opponent": "VGK",
        "propType": "bs",
        "line": 1.5,
        "ppLine": "PP1",
        "avg": 1.2,
        "hit": false,
        "diffAvg": -0.2,
        "diffAbs": 1.0,
        "lastAvg": 0.0,
        "diff": 0,
        "avgMin": 24,
        "proj": 0.0,
        "lastAvgMin": 17.88,
        "oppOver": 0,
        "teamOver": 0,
        "gameLine": "-115",
        "+/-": "+13",
        "L5_+/-": 0.0,
        "prevMatchup": "2023-06-08 0.0 bs 2023-06-05 2.0 bs 2023-06-03 2.0 bs 2023-03-07 1.0 bs 2023-01-12 1.0 bs",
        "winLossSplits": "35% - 27%",
        "awayHome": "H",
        "playedYesterday": "N",
        "awayHomeSplits": "29% - 33%",
        "savesAboveExp": -0.478,
        "gsaa": 8.04,
        "corsi": "54.2% (66.3) // 52.5% (66.0) // 54.2% (66.3) // 54.2% (66.3)",
        "fenwick": "53.6% (49.9) // 52.0% (49.3) // 53.6% (49.9) // 53.6% (49.9)",
        "shots": "53.7% (36.5) // 51.9% (35.5) // 53.7% (36.5) // 53.7% (36.5)",
        "scoring": "54.6% (34.8) // 53.4% (34.0) // 54.6% (34.8) // 54.6% (34.8)",
        "corsiAgainst": "45.8% (56.1) // 47.5% (59.7) // 45.8% (56.1) // 45.8% (56.1)",
        "fenwickAgainst": "46.4% (43.2) // 48.0% (45.5) // 46.4% (43.2) // 46.4% (43.2)",
        "shotsAgainst": "46.3% (31.5) // 48.1% (33.0) // 46.3% (31.5) // 46.3% (31.5)",
        "scoringAgainst": "45.4% (28.9) // 46.6% (29.7) // 45.4% (28.9) // 45.4% (28.9)",
        "oppCorsi": "48.6% (57.5) // 48.0% (56.0) // 48.6% (57.5) // 48.6% (57.5)",
        "oppFenwick": "49.7% (42.3) // 48.8% (40.5) // 49.7% (42.3) // 49.7% (42.3)",
        "oppShots": "50.5% (31.1) // 50.2% (28.8) // 50.5% (31.1) // 50.5% (31.1)",
        "oppScoring": "49.5% (29.2) // 49.0% (28.7) // 49.5% (29.2) // 49.5% (29.2)",
        "oppCorsiAgainst": "51.4% (60.7) // 52.0% (60.6) // 51.4% (60.7) // 51.4% (60.7)",
        "oppFenwickAgainst": "50.3% (42.8) // 51.2% (42.5) // 50.3% (42.8) // 50.3% (42.8)",
        "oppShotsAgainst": "49.5% (30.4) // 49.8% (28.5) // 49.5% (30.4) // 49.5% (30.4)",
        "oppScoringAgainst": "50.5% (29.8) // 51.0% (29.9) // 50.5% (29.8) // 50.5% (29.8)",
        "savesPerGame": 28.4,
        "savesPerGameLast1": 21.0,
        "savesPerGameLast3": 28.7,
        "savesPerGameLast5": 31.0,
        "savesPer60": 35.5,
        "savesPer60Last1": 22.5,
        "savesPer60Last3": 29.3,
        "savesPer60Last5": 31.4,
        "shotsPerGame": 36.8,
        "shotsPerGameLast5": 26.8,
        "shotsAgainstPerGame": 31.7,
        "shotsAgainstPerGameLast5": 34.2,
        "oppSavesAgainstPer60": 35.0,
        "oppSavesAgainstPer60Last1": 20.7,
        "oppSavesAgainstPer60Last3": 24.9,
        "oppSavesAgainstPer60Last5": 27.8,
        "oppShotsAgainstPerGame": 30.9,
        "oppShotsAgainstPerGameLast5": 33.2,
        "savesProj": 28.3,
        "savesProjLast5": 22.4,
        "savesProjLast3": 20.9,
        "oppSavesAgainstProj": 33.7,
        "oppSavesAgainstProjLast5": 21.9,
        "oppSavesAgainstProjLast3": 17.8,
        "totalOver": 31,
        "totalOverLast5": 60,
        "totalOverLast15": 40,
        "lastTotalOver": 0,
        "last5": "0,2,2,3,1,1,3,1,2,1",
        "overOdds": "-130",
        "underOdds": "+100",
        "overUnder": "-130 / +100"
    },
    {
        "player": "Gustav Forsling",
        "team": "FLA",
        "opponent": "VGK",
        "propType": "bs",
        "line": 1.5,
        "ppLine": "PP2",
        "avg": 1.37,
        "hit": false,
        "diffAvg": -0.09,
        "diffAbs": 1.0,
        "lastAvg": 0.0,
        "diff": 0,
        "avgMin": 23,
        "proj": 0.0,
        "lastAvgMin": 21.22,
        "oppOver": 0,
        "teamOver": 0,
        "gameLine": "-115",
        "+/-": "+27",
        "L5_+/-": "+1.0",
        "prevMatchup": "2023-06-08 0.0 bs 2023-06-05 2.0 bs 2023-06-03 0.0 bs 2023-03-07 0.0 bs 2023-01-12 0.0 bs",
        "winLossSplits": "44% - 33%",
        "awayHome": "H",
        "playedYesterday": "N",
        "awayHomeSplits": "35% - 43%",
        "savesAboveExp": -0.478,
        "gsaa": 8.04,
        "corsi": "54.2% (66.3) // 52.5% (66.0) // 54.2% (66.3) // 54.2% (66.3)",
        "fenwick": "53.6% (49.9) // 52.0% (49.3) // 53.6% (49.9) // 53.6% (49.9)",
        "shots": "53.7% (36.5) // 51.9% (35.5) // 53.7% (36.5) // 53.7% (36.5)",
        "scoring": "54.6% (34.8) // 53.4% (34.0) // 54.6% (34.8) // 54.6% (34.8)",
        "corsiAgainst": "45.8% (56.1) // 47.5% (59.7) // 45.8% (56.1) // 45.8% (56.1)",
        "fenwickAgainst": "46.4% (43.2) // 48.0% (45.5) // 46.4% (43.2) // 46.4% (43.2)",
        "shotsAgainst": "46.3% (31.5) // 48.1% (33.0) // 46.3% (31.5) // 46.3% (31.5)",
        "scoringAgainst": "45.4% (28.9) // 46.6% (29.7) // 45.4% (28.9) // 45.4% (28.9)",
        "oppCorsi": "48.6% (57.5) // 48.0% (56.0) // 48.6% (57.5) // 48.6% (57.5)",
        "oppFenwick": "49.7% (42.3) // 48.8% (40.5) // 49.7% (42.3) // 49.7% (42.3)",
        "oppShots": "50.5% (31.1) // 50.2% (28.8) // 50.5% (31.1) // 50.5% (31.1)",
        "oppScoring": "49.5% (29.2) // 49.0% (28.7) // 49.5% (29.2) // 49.5% (29.2)",
        "oppCorsiAgainst": "51.4% (60.7) // 52.0% (60.6) // 51.4% (60.7) // 51.4% (60.7)",
        "oppFenwickAgainst": "50.3% (42.8) // 51.2% (42.5) // 50.3% (42.8) // 50.3% (42.8)",
        "oppShotsAgainst": "49.5% (30.4) // 49.8% (28.5) // 49.5% (30.4) // 49.5% (30.4)",
        "oppScoringAgainst": "50.5% (29.8) // 51.0% (29.9) // 50.5% (29.8) // 50.5% (29.8)",
        "savesPerGame": 28.4,
        "savesPerGameLast1": 21.0,
        "savesPerGameLast3": 28.7,
        "savesPerGameLast5": 31.0,
        "savesPer60": 35.5,
        "savesPer60Last1": 22.5,
        "savesPer60Last3": 29.3,
        "savesPer60Last5": 31.4,
        "shotsPerGame": 36.8,
        "shotsPerGameLast5": 26.8,
        "shotsAgainstPerGame": 31.7,
        "shotsAgainstPerGameLast5": 34.2,
        "oppSavesAgainstPer60": 35.0,
        "oppSavesAgainstPer60Last1": 20.7,
        "oppSavesAgainstPer60Last3": 24.9,
        "oppSavesAgainstPer60Last5": 27.8,
        "oppShotsAgainstPerGame": 30.9,
        "oppShotsAgainstPerGameLast5": 33.2,
        "savesProj": 28.3,
        "savesProjLast5": 22.4,
        "savesProjLast3": 20.9,
        "oppSavesAgainstProj": 33.7,
        "oppSavesAgainstProjLast5": 21.9,
        "oppSavesAgainstProjLast3": 17.8,
        "totalOver": 39,
        "totalOverLast5": 60,
        "totalOverLast15": 40,
        "lastTotalOver": 0,
        "last5": "0,2,0,2,3,1,4,1,1,2",
        "overOdds": "-120",
        "underOdds": "-110",
        "overUnder": "-120 / -110"
    },
    {
        "player": "Shea Theodore",
        "team": "VGK",
        "opponent": "FLA",
        "propType": "bs",
        "line": 1.5,
        "ppLine": "PP1",
        "avg": 1.62,
        "hit": false,
        "diffAvg": 0.08,
        "diffAbs": 1.0,
        "lastAvg": 0.0,
        "diff": 0,
        "avgMin": 21,
        "proj": 0.0,
        "lastAvgMin": 23.13,
        "oppOver": 0,
        "teamOver": 0,
        "gameLine": "-105",
        "+/-": "+22",
        "L5_+/-": "+3.0",
        "prevMatchup": "2023-06-08 3.0 bs 2023-06-05 1.0 bs 2023-06-03 1.0 bs 2023-03-07 2.0 bs",
        "winLossSplits": "53% - 41%",
        "awayHome": "A",
        "playedYesterday": "N",
        "awayHomeSplits": "58% - 40%",
        "savesAboveExp": -0.102,
        "gsaa": -4.63,
        "corsi": "48.6% (57.5) // 48.0% (56.0) // 48.6% (57.5) // 48.6% (57.5)",
        "fenwick": "49.7% (42.3) // 48.8% (40.5) // 49.7% (42.3) // 49.7% (42.3)",
        "shots": "50.5% (31.1) // 50.2% (28.8) // 50.5% (31.1) // 50.5% (31.1)",
        "scoring": "49.5% (29.2) // 49.0% (28.7) // 49.5% (29.2) // 49.5% (29.2)",
        "corsiAgainst": "51.4% (60.7) // 52.0% (60.6) // 51.4% (60.7) // 51.4% (60.7)",
        "fenwickAgainst": "50.3% (42.8) // 51.2% (42.5) // 50.3% (42.8) // 50.3% (42.8)",
        "shotsAgainst": "49.5% (30.4) // 49.8% (28.5) // 49.5% (30.4) // 49.5% (30.4)",
        "scoringAgainst": "50.5% (29.8) // 51.0% (29.9) // 50.5% (29.8) // 50.5% (29.8)",
        "oppCorsi": "54.2% (66.3) // 52.5% (66.0) // 54.2% (66.3) // 54.2% (66.3)",
        "oppFenwick": "53.6% (49.9) // 52.0% (49.3) // 53.6% (49.9) // 53.6% (49.9)",
        "oppShots": "53.7% (36.5) // 51.9% (35.5) // 53.7% (36.5) // 53.7% (36.5)",
        "oppScoring": "54.6% (34.8) // 53.4% (34.0) // 54.6% (34.8) // 54.6% (34.8)",
        "oppCorsiAgainst": "45.8% (56.1) // 47.5% (59.7) // 45.8% (56.1) // 45.8% (56.1)",
        "oppFenwickAgainst": "46.4% (43.2) // 48.0% (45.5) // 46.4% (43.2) // 46.4% (43.2)",
        "oppShotsAgainst": "46.3% (31.5) // 48.1% (33.0) // 46.3% (31.5) // 46.3% (31.5)",
        "oppScoringAgainst": "45.4% (28.9) // 46.6% (29.7) // 45.4% (28.9) // 45.4% (28.9)",
        "savesPerGame": 28.1,
        "savesPerGameLast1": 29.0,
        "savesPerGameLast3": 28.7,
        "savesPerGameLast5": 31.0,
        "savesPer60": 35.0,
        "savesPer60Last1": 31.2,
        "savesPer60Last3": 29.4,
        "savesPer60Last5": 31.1,
        "shotsPerGame": 31.5,
        "shotsPerGameLast5": 31.8,
        "shotsAgainstPerGame": 30.9,
        "shotsAgainstPerGameLast5": 33.2,
        "oppSavesAgainstPer60": 41.7,
        "oppSavesAgainstPer60Last1": 29.8,
        "oppSavesAgainstPer60Last3": 27.5,
        "oppSavesAgainstPer60Last5": 25.2,
        "oppShotsAgainstPerGame": 31.7,
        "oppShotsAgainstPerGameLast5": 34.2,
        "savesProj": 32.0,
        "savesProjLast5": 20.7,
        "savesProjLast3": 22.6,
        "oppSavesAgainstProj": 38.9,
        "oppSavesAgainstProjLast5": 17.6,
        "oppSavesAgainstProjLast3": 18.0,
        "totalOver": 49,
        "totalOverLast5": 60,
        "totalOverLast15": 47,
        "lastTotalOver": 0,
        "last5": "3,1,1,2,5,2,3,1,1,1",
        "overOdds": "-190",
        "underOdds": "+155",
        "overUnder": "-190 / +155"
    },
    {
        "player": "Zach Whitecloud",
        "team": "VGK",
        "opponent": "FLA",
        "propType": "bs",
        "line": 1.5,
        "ppLine": "",
        "avg": 1.65,
        "hit": false,
        "diffAvg": 0.1,
        "diffAbs": 1.0,
        "lastAvg": 0.0,
        "diff": 0,
        "avgMin": 17,
        "proj": 0.0,
        "lastAvgMin": 18.78,
        "oppOver": 0,
        "teamOver": 0,
        "gameLine": "-105",
        "+/-": "+18",
        "L5_+/-": "+4.0",
        "prevMatchup": "2023-06-08 3.0 bs 2023-06-05 1.0 bs 2023-06-03 4.0 bs 2023-03-07 3.0 bs",
        "winLossSplits": "48% - 54%",
        "awayHome": "A",
        "playedYesterday": "N",
        "awayHomeSplits": "49% - 51%",
        "savesAboveExp": -0.102,
        "gsaa": -4.63,
        "corsi": "48.6% (57.5) // 48.0% (56.0) // 48.6% (57.5) // 48.6% (57.5)",
        "fenwick": "49.7% (42.3) // 48.8% (40.5) // 49.7% (42.3) // 49.7% (42.3)",
        "shots": "50.5% (31.1) // 50.2% (28.8) // 50.5% (31.1) // 50.5% (31.1)",
        "scoring": "49.5% (29.2) // 49.0% (28.7) // 49.5% (29.2) // 49.5% (29.2)",
        "corsiAgainst": "51.4% (60.7) // 52.0% (60.6) // 51.4% (60.7) // 51.4% (60.7)",
        "fenwickAgainst": "50.3% (42.8) // 51.2% (42.5) // 50.3% (42.8) // 50.3% (42.8)",
        "shotsAgainst": "49.5% (30.4) // 49.8% (28.5) // 49.5% (30.4) // 49.5% (30.4)",
        "scoringAgainst": "50.5% (29.8) // 51.0% (29.9) // 50.5% (29.8) // 50.5% (29.8)",
        "oppCorsi": "54.2% (66.3) // 52.5% (66.0) // 54.2% (66.3) // 54.2% (66.3)",
        "oppFenwick": "53.6% (49.9) // 52.0% (49.3) // 53.6% (49.9) // 53.6% (49.9)",
        "oppShots": "53.7% (36.5) // 51.9% (35.5) // 53.7% (36.5) // 53.7% (36.5)",
        "oppScoring": "54.6% (34.8) // 53.4% (34.0) // 54.6% (34.8) // 54.6% (34.8)",
        "oppCorsiAgainst": "45.8% (56.1) // 47.5% (59.7) // 45.8% (56.1) // 45.8% (56.1)",
        "oppFenwickAgainst": "46.4% (43.2) // 48.0% (45.5) // 46.4% (43.2) // 46.4% (43.2)",
        "oppShotsAgainst": "46.3% (31.5) // 48.1% (33.0) // 46.3% (31.5) // 46.3% (31.5)",
        "oppScoringAgainst": "45.4% (28.9) // 46.6% (29.7) // 45.4% (28.9) // 45.4% (28.9)",
        "savesPerGame": 28.1,
        "savesPerGameLast1": 29.0,
        "savesPerGameLast3": 28.7,
        "savesPerGameLast5": 31.0,
        "savesPer60": 35.0,
        "savesPer60Last1": 31.2,
        "savesPer60Last3": 29.4,
        "savesPer60Last5": 31.1,
        "shotsPerGame": 31.5,
        "shotsPerGameLast5": 31.8,
        "shotsAgainstPerGame": 30.9,
        "shotsAgainstPerGameLast5": 33.2,
        "oppSavesAgainstPer60": 41.7,
        "oppSavesAgainstPer60Last1": 29.8,
        "oppSavesAgainstPer60Last3": 27.5,
        "oppSavesAgainstPer60Last5": 25.2,
        "oppShotsAgainstPerGame": 31.7,
        "oppShotsAgainstPerGameLast5": 34.2,
        "savesProj": 32.0,
        "savesProjLast5": 20.7,
        "savesProjLast3": 22.6,
        "oppSavesAgainstProj": 38.9,
        "oppSavesAgainstProjLast5": 17.6,
        "oppSavesAgainstProjLast3": 18.0,
        "totalOver": 50,
        "totalOverLast5": 60,
        "totalOverLast15": 47,
        "lastTotalOver": 0,
        "last5": "3,1,4,1,2,1,2,3,1,0",
        "overOdds": "-185",
        "underOdds": "+150",
        "overUnder": "-185 / +150"
    },
    {
        "player": "Nicolas Hague",
        "team": "VGK",
        "opponent": "FLA",
        "propType": "bs",
        "line": 1.5,
        "ppLine": "",
        "avg": 1.58,
        "hit": false,
        "diffAvg": 0.05,
        "diffAbs": 1.0,
        "lastAvg": 0.0,
        "diff": 0,
        "avgMin": 18,
        "proj": 0.0,
        "lastAvgMin": 18.65,
        "oppOver": 0,
        "teamOver": 0,
        "gameLine": "-105",
        "+/-": "+13",
        "L5_+/-": "+3.0",
        "prevMatchup": "2023-06-08 2.0 bs 2023-06-05 4.0 bs 2023-06-03 1.0 bs 2023-03-07 1.0 bs 2023-01-12 5.0 bs",
        "winLossSplits": "52% - 39%",
        "awayHome": "A",
        "playedYesterday": "N",
        "awayHomeSplits": "55% - 40%",
        "savesAboveExp": -0.102,
        "gsaa": -4.63,
        "corsi": "48.6% (57.5) // 48.0% (56.0) // 48.6% (57.5) // 48.6% (57.5)",
        "fenwick": "49.7% (42.3) // 48.8% (40.5) // 49.7% (42.3) // 49.7% (42.3)",
        "shots": "50.5% (31.1) // 50.2% (28.8) // 50.5% (31.1) // 50.5% (31.1)",
        "scoring": "49.5% (29.2) // 49.0% (28.7) // 49.5% (29.2) // 49.5% (29.2)",
        "corsiAgainst": "51.4% (60.7) // 52.0% (60.6) // 51.4% (60.7) // 51.4% (60.7)",
        "fenwickAgainst": "50.3% (42.8) // 51.2% (42.5) // 50.3% (42.8) // 50.3% (42.8)",
        "shotsAgainst": "49.5% (30.4) // 49.8% (28.5) // 49.5% (30.4) // 49.5% (30.4)",
        "scoringAgainst": "50.5% (29.8) // 51.0% (29.9) // 50.5% (29.8) // 50.5% (29.8)",
        "oppCorsi": "54.2% (66.3) // 52.5% (66.0) // 54.2% (66.3) // 54.2% (66.3)",
        "oppFenwick": "53.6% (49.9) // 52.0% (49.3) // 53.6% (49.9) // 53.6% (49.9)",
        "oppShots": "53.7% (36.5) // 51.9% (35.5) // 53.7% (36.5) // 53.7% (36.5)",
        "oppScoring": "54.6% (34.8) // 53.4% (34.0) // 54.6% (34.8) // 54.6% (34.8)",
        "oppCorsiAgainst": "45.8% (56.1) // 47.5% (59.7) // 45.8% (56.1) // 45.8% (56.1)",
        "oppFenwickAgainst": "46.4% (43.2) // 48.0% (45.5) // 46.4% (43.2) // 46.4% (43.2)",
        "oppShotsAgainst": "46.3% (31.5) // 48.1% (33.0) // 46.3% (31.5) // 46.3% (31.5)",
        "oppScoringAgainst": "45.4% (28.9) // 46.6% (29.7) // 45.4% (28.9) // 45.4% (28.9)",
        "savesPerGame": 28.1,
        "savesPerGameLast1": 29.0,
        "savesPerGameLast3": 28.7,
        "savesPerGameLast5": 31.0,
        "savesPer60": 35.0,
        "savesPer60Last1": 31.2,
        "savesPer60Last3": 29.4,
        "savesPer60Last5": 31.1,
        "shotsPerGame": 31.5,
        "shotsPerGameLast5": 31.8,
        "shotsAgainstPerGame": 30.9,
        "shotsAgainstPerGameLast5": 33.2,
        "oppSavesAgainstPer60": 41.7,
        "oppSavesAgainstPer60Last1": 29.8,
        "oppSavesAgainstPer60Last3": 27.5,
        "oppSavesAgainstPer60Last5": 25.2,
        "oppShotsAgainstPerGame": 31.7,
        "oppShotsAgainstPerGameLast5": 34.2,
        "savesProj": 32.0,
        "savesProjLast5": 20.7,
        "savesProjLast3": 22.6,
        "oppSavesAgainstProj": 38.9,
        "oppSavesAgainstProjLast5": 17.6,
        "oppSavesAgainstProjLast3": 18.0,
        "totalOver": 47,
        "totalOverLast5": 60,
        "totalOverLast15": 47,
        "lastTotalOver": 0,
        "last5": "2,4,1,2,0,2,0,2,3,0",
        "overOdds": "-140",
        "underOdds": "+110",
        "overUnder": "-140 / +110"
    },
    {
        "player": "Alec Martinez",
        "team": "VGK",
        "opponent": "FLA",
        "propType": "bs",
        "line": 2.5,
        "ppLine": "",
        "avg": 3.02,
        "hit": false,
        "diffAvg": 0.21,
        "diffAbs": 1.0,
        "lastAvg": 0.0,
        "diff": 0,
        "avgMin": 19,
        "proj": 0.0,
        "lastAvgMin": 19.53,
        "oppOver": 0,
        "teamOver": 0,
        "gameLine": "-105",
        "+/-": "+43",
        "L5_+/-": "+8.0",
        "prevMatchup": "2023-06-08 0.0 bs 2023-06-05 3.0 bs 2023-06-03 1.0 bs 2023-03-07 5.0 bs 2023-01-12 7.0 bs",
        "winLossSplits": "57% - 49%",
        "awayHome": "A",
        "playedYesterday": "N",
        "awayHomeSplits": "54% - 54%",
        "savesAboveExp": -0.102,
        "gsaa": -4.63,
        "corsi": "48.6% (57.5) // 48.0% (56.0) // 48.6% (57.5) // 48.6% (57.5)",
        "fenwick": "49.7% (42.3) // 48.8% (40.5) // 49.7% (42.3) // 49.7% (42.3)",
        "shots": "50.5% (31.1) // 50.2% (28.8) // 50.5% (31.1) // 50.5% (31.1)",
        "scoring": "49.5% (29.2) // 49.0% (28.7) // 49.5% (29.2) // 49.5% (29.2)",
        "corsiAgainst": "51.4% (60.7) // 52.0% (60.6) // 51.4% (60.7) // 51.4% (60.7)",
        "fenwickAgainst": "50.3% (42.8) // 51.2% (42.5) // 50.3% (42.8) // 50.3% (42.8)",
        "shotsAgainst": "49.5% (30.4) // 49.8% (28.5) // 49.5% (30.4) // 49.5% (30.4)",
        "scoringAgainst": "50.5% (29.8) // 51.0% (29.9) // 50.5% (29.8) // 50.5% (29.8)",
        "oppCorsi": "54.2% (66.3) // 52.5% (66.0) // 54.2% (66.3) // 54.2% (66.3)",
        "oppFenwick": "53.6% (49.9) // 52.0% (49.3) // 53.6% (49.9) // 53.6% (49.9)",
        "oppShots": "53.7% (36.5) // 51.9% (35.5) // 53.7% (36.5) // 53.7% (36.5)",
        "oppScoring": "54.6% (34.8) // 53.4% (34.0) // 54.6% (34.8) // 54.6% (34.8)",
        "oppCorsiAgainst": "45.8% (56.1) // 47.5% (59.7) // 45.8% (56.1) // 45.8% (56.1)",
        "oppFenwickAgainst": "46.4% (43.2) // 48.0% (45.5) // 46.4% (43.2) // 46.4% (43.2)",
        "oppShotsAgainst": "46.3% (31.5) // 48.1% (33.0) // 46.3% (31.5) // 46.3% (31.5)",
        "oppScoringAgainst": "45.4% (28.9) // 46.6% (29.7) // 45.4% (28.9) // 45.4% (28.9)",
        "savesPerGame": 28.1,
        "savesPerGameLast1": 29.0,
        "savesPerGameLast3": 28.7,
        "savesPerGameLast5": 31.0,
        "savesPer60": 35.0,
        "savesPer60Last1": 31.2,
        "savesPer60Last3": 29.4,
        "savesPer60Last5": 31.1,
        "shotsPerGame": 31.5,
        "shotsPerGameLast5": 31.8,
        "shotsAgainstPerGame": 30.9,
        "shotsAgainstPerGameLast5": 33.2,
        "oppSavesAgainstPer60": 41.7,
        "oppSavesAgainstPer60Last1": 29.8,
        "oppSavesAgainstPer60Last3": 27.5,
        "oppSavesAgainstPer60Last5": 25.2,
        "oppShotsAgainstPerGame": 31.7,
        "oppShotsAgainstPerGameLast5": 34.2,
        "savesProj": 32.0,
        "savesProjLast5": 20.7,
        "savesProjLast3": 22.6,
        "oppSavesAgainstProj": 38.9,
        "oppSavesAgainstProjLast5": 17.6,
        "oppSavesAgainstProjLast3": 18.0,
        "totalOver": 54,
        "totalOverLast5": 60,
        "totalOverLast15": 40,
        "lastTotalOver": 0,
        "last5": "0,3,1,3,4,1,1,1,5,5",
        "overOdds": "-120",
        "underOdds": "-110",
        "overUnder": "-120 / -110"
    },
    {
        "player": "Brayden Mcnabb",
        "team": "VGK",
        "opponent": "FLA",
        "propType": "bs",
        "line": 2.5,
        "ppLine": "",
        "avg": 2.49,
        "hit": false,
        "diffAvg": -0.0,
        "diffAbs": 1.0,
        "lastAvg": 0.0,
        "diff": 0,
        "avgMin": 19,
        "proj": 0.0,
        "lastAvgMin": 19.7,
        "oppOver": 0,
        "teamOver": 0,
        "gameLine": "-105",
        "+/-": "+15",
        "L5_+/-": "+2.0",
        "prevMatchup": "2023-06-08 7.0 bs 2023-06-05 4.0 bs 2023-06-03 1.0 bs 2023-03-07 4.0 bs 2023-01-12 2.0 bs",
        "winLossSplits": "50% - 35%",
        "awayHome": "A",
        "playedYesterday": "N",
        "awayHomeSplits": "44% - 44%",
        "savesAboveExp": -0.102,
        "gsaa": -4.63,
        "corsi": "48.6% (57.5) // 48.0% (56.0) // 48.6% (57.5) // 48.6% (57.5)",
        "fenwick": "49.7% (42.3) // 48.8% (40.5) // 49.7% (42.3) // 49.7% (42.3)",
        "shots": "50.5% (31.1) // 50.2% (28.8) // 50.5% (31.1) // 50.5% (31.1)",
        "scoring": "49.5% (29.2) // 49.0% (28.7) // 49.5% (29.2) // 49.5% (29.2)",
        "corsiAgainst": "51.4% (60.7) // 52.0% (60.6) // 51.4% (60.7) // 51.4% (60.7)",
        "fenwickAgainst": "50.3% (42.8) // 51.2% (42.5) // 50.3% (42.8) // 50.3% (42.8)",
        "shotsAgainst": "49.5% (30.4) // 49.8% (28.5) // 49.5% (30.4) // 49.5% (30.4)",
        "scoringAgainst": "50.5% (29.8) // 51.0% (29.9) // 50.5% (29.8) // 50.5% (29.8)",
        "oppCorsi": "54.2% (66.3) // 52.5% (66.0) // 54.2% (66.3) // 54.2% (66.3)",
        "oppFenwick": "53.6% (49.9) // 52.0% (49.3) // 53.6% (49.9) // 53.6% (49.9)",
        "oppShots": "53.7% (36.5) // 51.9% (35.5) // 53.7% (36.5) // 53.7% (36.5)",
        "oppScoring": "54.6% (34.8) // 53.4% (34.0) // 54.6% (34.8) // 54.6% (34.8)",
        "oppCorsiAgainst": "45.8% (56.1) // 47.5% (59.7) // 45.8% (56.1) // 45.8% (56.1)",
        "oppFenwickAgainst": "46.4% (43.2) // 48.0% (45.5) // 46.4% (43.2) // 46.4% (43.2)",
        "oppShotsAgainst": "46.3% (31.5) // 48.1% (33.0) // 46.3% (31.5) // 46.3% (31.5)",
        "oppScoringAgainst": "45.4% (28.9) // 46.6% (29.7) // 45.4% (28.9) // 45.4% (28.9)",
        "savesPerGame": 28.1,
        "savesPerGameLast1": 29.0,
        "savesPerGameLast3": 28.7,
        "savesPerGameLast5": 31.0,
        "savesPer60": 35.0,
        "savesPer60Last1": 31.2,
        "savesPer60Last3": 29.4,
        "savesPer60Last5": 31.1,
        "shotsPerGame": 31.5,
        "shotsPerGameLast5": 31.8,
        "shotsAgainstPerGame": 30.9,
        "shotsAgainstPerGameLast5": 33.2,
        "oppSavesAgainstPer60": 41.7,
        "oppSavesAgainstPer60Last1": 29.8,
        "oppSavesAgainstPer60Last3": 27.5,
        "oppSavesAgainstPer60Last5": 25.2,
        "oppShotsAgainstPerGame": 31.7,
        "oppShotsAgainstPerGameLast5": 34.2,
        "savesProj": 32.0,
        "savesProjLast5": 20.7,
        "savesProjLast3": 22.6,
        "oppSavesAgainstProj": 38.9,
        "oppSavesAgainstProjLast5": 17.6,
        "oppSavesAgainstProjLast3": 18.0,
        "totalOver": 44,
        "totalOverLast5": 80,
        "totalOverLast15": 53,
        "lastTotalOver": 0,
        "last5": "7,4,1,3,4,2,2,3,2,4",
        "overOdds": "-130",
        "underOdds": "+100",
        "overUnder": "-130 / +100"
    },
    {
        "player": "Marc Staal",
        "team": "FLA",
        "opponent": "VGK",
        "propType": "bs",
        "line": 1.5,
        "ppLine": "",
        "avg": 1.48,
        "hit": false,
        "diffAvg": -0.01,
        "diffAbs": 1.0,
        "lastAvg": 0.0,
        "diff": 0,
        "avgMin": 18,
        "proj": 0.0,
        "lastAvgMin": 17.42,
        "oppOver": 0,
        "teamOver": 0,
        "gameLine": "-115",
        "+/-": "+8",
        "L5_+/-": -5.0,
        "prevMatchup": "2023-06-08 4.0 bs 2023-06-05 1.0 bs 2023-06-03 0.0 bs 2023-03-07 4.0 bs 2023-01-12 1.0 bs",
        "winLossSplits": "36% - 41%",
        "awayHome": "H",
        "playedYesterday": "N",
        "awayHomeSplits": "40% - 37%",
        "savesAboveExp": -0.478,
        "gsaa": 8.04,
        "corsi": "54.2% (66.3) // 52.5% (66.0) // 54.2% (66.3) // 54.2% (66.3)",
        "fenwick": "53.6% (49.9) // 52.0% (49.3) // 53.6% (49.9) // 53.6% (49.9)",
        "shots": "53.7% (36.5) // 51.9% (35.5) // 53.7% (36.5) // 53.7% (36.5)",
        "scoring": "54.6% (34.8) // 53.4% (34.0) // 54.6% (34.8) // 54.6% (34.8)",
        "corsiAgainst": "45.8% (56.1) // 47.5% (59.7) // 45.8% (56.1) // 45.8% (56.1)",
        "fenwickAgainst": "46.4% (43.2) // 48.0% (45.5) // 46.4% (43.2) // 46.4% (43.2)",
        "shotsAgainst": "46.3% (31.5) // 48.1% (33.0) // 46.3% (31.5) // 46.3% (31.5)",
        "scoringAgainst": "45.4% (28.9) // 46.6% (29.7) // 45.4% (28.9) // 45.4% (28.9)",
        "oppCorsi": "48.6% (57.5) // 48.0% (56.0) // 48.6% (57.5) // 48.6% (57.5)",
        "oppFenwick": "49.7% (42.3) // 48.8% (40.5) // 49.7% (42.3) // 49.7% (42.3)",
        "oppShots": "50.5% (31.1) // 50.2% (28.8) // 50.5% (31.1) // 50.5% (31.1)",
        "oppScoring": "49.5% (29.2) // 49.0% (28.7) // 49.5% (29.2) // 49.5% (29.2)",
        "oppCorsiAgainst": "51.4% (60.7) // 52.0% (60.6) // 51.4% (60.7) // 51.4% (60.7)",
        "oppFenwickAgainst": "50.3% (42.8) // 51.2% (42.5) // 50.3% (42.8) // 50.3% (42.8)",
        "oppShotsAgainst": "49.5% (30.4) // 49.8% (28.5) // 49.5% (30.4) // 49.5% (30.4)",
        "oppScoringAgainst": "50.5% (29.8) // 51.0% (29.9) // 50.5% (29.8) // 50.5% (29.8)",
        "savesPerGame": 28.4,
        "savesPerGameLast1": 21.0,
        "savesPerGameLast3": 28.7,
        "savesPerGameLast5": 31.0,
        "savesPer60": 35.5,
        "savesPer60Last1": 22.5,
        "savesPer60Last3": 29.3,
        "savesPer60Last5": 31.4,
        "shotsPerGame": 36.8,
        "shotsPerGameLast5": 26.8,
        "shotsAgainstPerGame": 31.7,
        "shotsAgainstPerGameLast5": 34.2,
        "oppSavesAgainstPer60": 35.0,
        "oppSavesAgainstPer60Last1": 20.7,
        "oppSavesAgainstPer60Last3": 24.9,
        "oppSavesAgainstPer60Last5": 27.8,
        "oppShotsAgainstPerGame": 30.9,
        "oppShotsAgainstPerGameLast5": 33.2,
        "savesProj": 28.3,
        "savesProjLast5": 22.4,
        "savesProjLast3": 20.9,
        "oppSavesAgainstProj": 33.7,
        "oppSavesAgainstProjLast5": 21.9,
        "oppSavesAgainstProjLast3": 17.8,
        "totalOver": 39,
        "totalOverLast5": 20,
        "totalOverLast15": 27,
        "lastTotalOver": 0,
        "last5": "4,1,0,1,1,2,6,2,0,1",
        "overOdds": "+100",
        "underOdds": "-130",
        "overUnder": "+100 / -130"
    }
]