[
    {
        "player": "Anders Lee",
        "team": "NYI",
        "opponent": "CAR",
        "propType": "g",
        "line": 0.5,
        "ppLine": "PP1",
        "avg": 0.34,
        "hit": false,
        "diffAvg": -0.32,
        "diffAbs": 0.2,
        "lastAvg": 0.37,
        "diff": -0.26,
        "avgMin": 17,
        "proj": 0.4,
        "lastAvgMin": 16.62,
        "oppOver": 0,
        "teamOver": 0,
        "gameLine": "+135",
        "+/-": -3,
        "L5_+/-": -2.0,
        "prevMatchup": "2023-04-23 0.0 g 2023-04-21 1.0 g 2023-04-19 0.0 g 2023-04-17 0.0 g 2023-04-02 0.0 g 2023-01-21 0.0 g 2022-12-10 0.0 g 2022-10-28 0.0 g",
        "winLossSplits": "42% - 12%",
        "awayHome": "A",
        "playedYesterday": "N",
        "awayHomeSplits": "26% - 28%",
        "savesAboveExp": -0.166,
        "gsaa": 3.66,
        "corsi": "49.6% (58.7) // 54.1% (65.8) // 49.6% (58.7) // 49.6% (58.7)",
        "fenwick": "49.5% (42.7) // 53.4% (47.0) // 49.5% (42.7) // 49.5% (42.7)",
        "shots": "49.8% (30.5) // 53.2% (32.4) // 49.8% (30.5) // 49.8% (30.5)",
        "scoring": "50.0% (30.4) // 52.7% (31.7) // 50.0% (30.4) // 50.0% (30.4)",
        "corsiAgainst": "50.4% (59.6) // 45.9% (55.9) // 50.4% (59.6) // 50.4% (59.6)",
        "fenwickAgainst": "50.5% (43.6) // 46.6% (40.9) // 50.5% (43.6) // 50.5% (43.6)",
        "shotsAgainst": "50.2% (30.7) // 46.8% (28.5) // 50.2% (30.7) // 50.2% (30.7)",
        "scoringAgainst": "50.0% (30.4) // 47.3% (28.4) // 50.0% (30.4) // 50.0% (30.4)",
        "oppCorsi": "59.9% (67.4) // 61.2% (68.8) // 59.9% (67.4) // 59.9% (67.4)",
        "oppFenwick": "59.1% (50.8) // 60.1% (51.8) // 59.1% (50.8) // 59.1% (50.8)",
        "oppShots": "57.2% (34.3) // 58.4% (34.4) // 57.2% (34.3) // 57.2% (34.3)",
        "oppScoring": "58.9% (33.3) // 62.3% (33.3) // 58.9% (33.3) // 58.9% (33.3)",
        "oppCorsiAgainst": "40.1% (45.2) // 38.8% (43.6) // 40.1% (45.2) // 40.1% (45.2)",
        "oppFenwickAgainst": "40.9% (35.1) // 39.9% (34.4) // 40.9% (35.1) // 40.9% (35.1)",
        "oppShotsAgainst": "42.8% (25.6) // 41.6% (24.5) // 42.8% (25.6) // 42.8% (25.6)",
        "oppScoringAgainst": "41.1% (23.3) // 37.7% (20.2) // 41.1% (23.3) // 41.1% (23.3)",
        "savesPerGame": 28.4,
        "savesPerGameLast1": 24.0,
        "savesPerGameLast3": 28.7,
        "savesPerGameLast5": 27.6,
        "savesPer60": 29.8,
        "savesPer60Last1": 24.0,
        "savesPer60Last3": 29.5,
        "savesPer60Last5": 27.9,
        "shotsPerGame": 30.8,
        "shotsPerGameLast5": 30.6,
        "shotsAgainstPerGame": 31.0,
        "shotsAgainstPerGameLast5": 30.4,
        "oppSavesAgainstPer60": 33.3,
        "oppSavesAgainstPer60Last1": 24.0,
        "oppSavesAgainstPer60Last3": 28.8,
        "oppSavesAgainstPer60Last5": 30.8,
        "oppShotsAgainstPerGame": 26.0,
        "oppShotsAgainstPerGameLast5": 30.4,
        "savesProj": 38.1,
        "savesProjLast5": 34.3,
        "savesProjLast3": 34.6,
        "oppSavesAgainstProj": 32.4,
        "oppSavesAgainstProjLast5": 26.9,
        "oppSavesAgainstProjLast3": 25.1,
        "totalOver": 27,
        "totalOverLast5": 40,
        "totalOverLast15": 13,
        "lastTotalOver": 31,
        "last5": "0,1,0,0,1,0,0,0,0,0",
        "overOdds": "+250",
        "underOdds": "0",
        "overUnder": "+250 / 0"
    },
    {
        "player": "Bo Horvat",
        "team": "NYI",
        "opponent": "CAR",
        "propType": "g",
        "line": 0.5,
        "ppLine": "PP1",
        "avg": 0.24,
        "hit": false,
        "diffAvg": -0.52,
        "diffAbs": 1.0,
        "lastAvg": 0,
        "diff": 0,
        "avgMin": 20,
        "proj": 0.0,
        "lastAvgMin": 0,
        "oppOver": 0,
        "teamOver": 0,
        "gameLine": "+135",
        "+/-": -1,
        "L5_+/-": "+3.0",
        "prevMatchup": "2023-04-23 1.0 g 2023-04-21 0.0 g 2023-04-19 0.0 g 2023-04-17 0.0 g 2023-04-02 0.0 g",
        "winLossSplits": "28% - 19%",
        "awayHome": "A",
        "playedYesterday": "N",
        "awayHomeSplits": "18% - 29%",
        "savesAboveExp": -0.166,
        "gsaa": 3.66,
        "corsi": "49.6% (58.7) // 54.1% (65.8) // 49.6% (58.7) // 49.6% (58.7)",
        "fenwick": "49.5% (42.7) // 53.4% (47.0) // 49.5% (42.7) // 49.5% (42.7)",
        "shots": "49.8% (30.5) // 53.2% (32.4) // 49.8% (30.5) // 49.8% (30.5)",
        "scoring": "50.0% (30.4) // 52.7% (31.7) // 50.0% (30.4) // 50.0% (30.4)",
        "corsiAgainst": "50.4% (59.6) // 45.9% (55.9) // 50.4% (59.6) // 50.4% (59.6)",
        "fenwickAgainst": "50.5% (43.6) // 46.6% (40.9) // 50.5% (43.6) // 50.5% (43.6)",
        "shotsAgainst": "50.2% (30.7) // 46.8% (28.5) // 50.2% (30.7) // 50.2% (30.7)",
        "scoringAgainst": "50.0% (30.4) // 47.3% (28.4) // 50.0% (30.4) // 50.0% (30.4)",
        "oppCorsi": "59.9% (67.4) // 61.2% (68.8) // 59.9% (67.4) // 59.9% (67.4)",
        "oppFenwick": "59.1% (50.8) // 60.1% (51.8) // 59.1% (50.8) // 59.1% (50.8)",
        "oppShots": "57.2% (34.3) // 58.4% (34.4) // 57.2% (34.3) // 57.2% (34.3)",
        "oppScoring": "58.9% (33.3) // 62.3% (33.3) // 58.9% (33.3) // 58.9% (33.3)",
        "oppCorsiAgainst": "40.1% (45.2) // 38.8% (43.6) // 40.1% (45.2) // 40.1% (45.2)",
        "oppFenwickAgainst": "40.9% (35.1) // 39.9% (34.4) // 40.9% (35.1) // 40.9% (35.1)",
        "oppShotsAgainst": "42.8% (25.6) // 41.6% (24.5) // 42.8% (25.6) // 42.8% (25.6)",
        "oppScoringAgainst": "41.1% (23.3) // 37.7% (20.2) // 41.1% (23.3) // 41.1% (23.3)",
        "savesPerGame": 28.4,
        "savesPerGameLast1": 24.0,
        "savesPerGameLast3": 28.7,
        "savesPerGameLast5": 27.6,
        "savesPer60": 29.8,
        "savesPer60Last1": 24.0,
        "savesPer60Last3": 29.5,
        "savesPer60Last5": 27.9,
        "shotsPerGame": 30.8,
        "shotsPerGameLast5": 30.6,
        "shotsAgainstPerGame": 31.0,
        "shotsAgainstPerGameLast5": 30.4,
        "oppSavesAgainstPer60": 33.3,
        "oppSavesAgainstPer60Last1": 24.0,
        "oppSavesAgainstPer60Last3": 28.8,
        "oppSavesAgainstPer60Last5": 30.8,
        "oppShotsAgainstPerGame": 26.0,
        "oppShotsAgainstPerGameLast5": 30.4,
        "savesProj": 38.1,
        "savesProjLast5": 34.3,
        "savesProjLast3": 34.6,
        "oppSavesAgainstProj": 32.4,
        "oppSavesAgainstProjLast5": 26.9,
        "oppSavesAgainstProjLast3": 25.1,
        "totalOver": 24,
        "totalOverLast5": 20,
        "totalOverLast15": 20,
        "lastTotalOver": 0,
        "last5": "1,0,0,0,0,0,0,1,0,0",
        "overOdds": "+210",
        "underOdds": "0",
        "overUnder": "+210 / 0"
    },
    {
        "player": "Brady Skjei",
        "team": "CAR",
        "opponent": "NYI",
        "propType": "g",
        "line": 0.5,
        "ppLine": "PP2",
        "avg": 0.21,
        "hit": false,
        "diffAvg": -0.58,
        "diffAbs": 0.8,
        "lastAvg": 0.09,
        "diff": -0.82,
        "avgMin": 21,
        "proj": 0.1,
        "lastAvgMin": 21.13,
        "oppOver": 0,
        "teamOver": 0,
        "gameLine": "-155",
        "+/-": "+4",
        "L5_+/-": -9.0,
        "prevMatchup": "2023-04-23 0.0 g 2023-04-21 0.0 g 2023-04-19 0.0 g 2023-04-17 0.0 g 2023-04-02 0.0 g 2023-01-21 0.0 g 2022-12-10 0.0 g 2022-10-28 0.0 g",
        "winLossSplits": "24% - 16%",
        "awayHome": "H",
        "playedYesterday": "N",
        "awayHomeSplits": "21% - 21%",
        "savesAboveExp": 0.704,
        "gsaa": 35.99,
        "corsi": "59.9% (67.4) // 61.2% (68.8) // 59.9% (67.4) // 59.9% (67.4)",
        "fenwick": "59.1% (50.8) // 60.1% (51.8) // 59.1% (50.8) // 59.1% (50.8)",
        "shots": "57.2% (34.3) // 58.4% (34.4) // 57.2% (34.3) // 57.2% (34.3)",
        "scoring": "58.9% (33.3) // 62.3% (33.3) // 58.9% (33.3) // 58.9% (33.3)",
        "corsiAgainst": "40.1% (45.2) // 38.8% (43.6) // 40.1% (45.2) // 40.1% (45.2)",
        "fenwickAgainst": "40.9% (35.1) // 39.9% (34.4) // 40.9% (35.1) // 40.9% (35.1)",
        "shotsAgainst": "42.8% (25.6) // 41.6% (24.5) // 42.8% (25.6) // 42.8% (25.6)",
        "scoringAgainst": "41.1% (23.3) // 37.7% (20.2) // 41.1% (23.3) // 41.1% (23.3)",
        "oppCorsi": "49.6% (58.7) // 54.1% (65.8) // 49.6% (58.7) // 49.6% (58.7)",
        "oppFenwick": "49.5% (42.7) // 53.4% (47.0) // 49.5% (42.7) // 49.5% (42.7)",
        "oppShots": "49.8% (30.5) // 53.2% (32.4) // 49.8% (30.5) // 49.8% (30.5)",
        "oppScoring": "50.0% (30.4) // 52.7% (31.7) // 50.0% (30.4) // 50.0% (30.4)",
        "oppCorsiAgainst": "50.4% (59.6) // 45.9% (55.9) // 50.4% (59.6) // 50.4% (59.6)",
        "oppFenwickAgainst": "50.5% (43.6) // 46.6% (40.9) // 50.5% (43.6) // 50.5% (43.6)",
        "oppShotsAgainst": "50.2% (30.7) // 46.8% (28.5) // 50.2% (30.7) // 50.2% (30.7)",
        "oppScoringAgainst": "50.0% (30.4) // 47.3% (28.4) // 50.0% (30.4) // 50.0% (30.4)",
        "savesPerGame": 23.4,
        "savesPerGameLast1": 27.0,
        "savesPerGameLast3": 27.3,
        "savesPerGameLast5": 27.4,
        "savesPer60": 24.7,
        "savesPer60Last1": 27.0,
        "savesPer60Last3": 28.0,
        "savesPer60Last5": 27.8,
        "shotsPerGame": 34.8,
        "shotsPerGameLast5": 33.8,
        "shotsAgainstPerGame": 26.0,
        "shotsAgainstPerGameLast5": 30.4,
        "oppSavesAgainstPer60": 29.2,
        "oppSavesAgainstPer60Last1": 27.0,
        "oppSavesAgainstPer60Last3": 27.3,
        "oppSavesAgainstPer60Last5": 27.6,
        "oppShotsAgainstPerGame": 31.0,
        "oppShotsAgainstPerGameLast5": 30.4,
        "savesProj": 23.0,
        "savesProjLast5": 25.7,
        "savesProjLast3": 25.7,
        "oppSavesAgainstProj": 23.9,
        "oppSavesAgainstProjLast5": 25.0,
        "oppSavesAgainstProjLast3": 25.6,
        "totalOver": 21,
        "totalOverLast5": 0,
        "totalOverLast15": 13,
        "lastTotalOver": 8,
        "last5": "0,0,0,0,0,0,0,0,0,1",
        "overOdds": "+400",
        "underOdds": "0",
        "overUnder": "+400 / 0"
    },
    {
        "player": "Brent Burns",
        "team": "CAR",
        "opponent": "NYI",
        "propType": "g",
        "line": 0.5,
        "ppLine": "PP1",
        "avg": 0.21,
        "hit": false,
        "diffAvg": -0.58,
        "diffAbs": 0.8,
        "lastAvg": 0.12,
        "diff": -0.76,
        "avgMin": 23,
        "proj": 0.1,
        "lastAvgMin": 26.13,
        "oppOver": 0,
        "teamOver": 0,
        "gameLine": "-155",
        "+/-": "+20",
        "L5_+/-": "+5.0",
        "prevMatchup": "2023-04-23 0.0 g 2023-04-21 0.0 g 2023-04-19 0.0 g 2023-04-17 0.0 g 2023-04-02 0.0 g 2023-01-21 0.0 g 2022-12-10 0.0 g 2022-10-28 1.0 g",
        "winLossSplits": "24% - 13%",
        "awayHome": "H",
        "playedYesterday": "N",
        "awayHomeSplits": "23% - 16%",
        "savesAboveExp": 0.704,
        "gsaa": 35.99,
        "corsi": "59.9% (67.4) // 61.2% (68.8) // 59.9% (67.4) // 59.9% (67.4)",
        "fenwick": "59.1% (50.8) // 60.1% (51.8) // 59.1% (50.8) // 59.1% (50.8)",
        "shots": "57.2% (34.3) // 58.4% (34.4) // 57.2% (34.3) // 57.2% (34.3)",
        "scoring": "58.9% (33.3) // 62.3% (33.3) // 58.9% (33.3) // 58.9% (33.3)",
        "corsiAgainst": "40.1% (45.2) // 38.8% (43.6) // 40.1% (45.2) // 40.1% (45.2)",
        "fenwickAgainst": "40.9% (35.1) // 39.9% (34.4) // 40.9% (35.1) // 40.9% (35.1)",
        "shotsAgainst": "42.8% (25.6) // 41.6% (24.5) // 42.8% (25.6) // 42.8% (25.6)",
        "scoringAgainst": "41.1% (23.3) // 37.7% (20.2) // 41.1% (23.3) // 41.1% (23.3)",
        "oppCorsi": "49.6% (58.7) // 54.1% (65.8) // 49.6% (58.7) // 49.6% (58.7)",
        "oppFenwick": "49.5% (42.7) // 53.4% (47.0) // 49.5% (42.7) // 49.5% (42.7)",
        "oppShots": "49.8% (30.5) // 53.2% (32.4) // 49.8% (30.5) // 49.8% (30.5)",
        "oppScoring": "50.0% (30.4) // 52.7% (31.7) // 50.0% (30.4) // 50.0% (30.4)",
        "oppCorsiAgainst": "50.4% (59.6) // 45.9% (55.9) // 50.4% (59.6) // 50.4% (59.6)",
        "oppFenwickAgainst": "50.5% (43.6) // 46.6% (40.9) // 50.5% (43.6) // 50.5% (43.6)",
        "oppShotsAgainst": "50.2% (30.7) // 46.8% (28.5) // 50.2% (30.7) // 50.2% (30.7)",
        "oppScoringAgainst": "50.0% (30.4) // 47.3% (28.4) // 50.0% (30.4) // 50.0% (30.4)",
        "savesPerGame": 23.4,
        "savesPerGameLast1": 27.0,
        "savesPerGameLast3": 27.3,
        "savesPerGameLast5": 27.4,
        "savesPer60": 24.7,
        "savesPer60Last1": 27.0,
        "savesPer60Last3": 28.0,
        "savesPer60Last5": 27.8,
        "shotsPerGame": 34.8,
        "shotsPerGameLast5": 33.8,
        "shotsAgainstPerGame": 26.0,
        "shotsAgainstPerGameLast5": 30.4,
        "oppSavesAgainstPer60": 29.2,
        "oppSavesAgainstPer60Last1": 27.0,
        "oppSavesAgainstPer60Last3": 27.3,
        "oppSavesAgainstPer60Last5": 27.6,
        "oppShotsAgainstPerGame": 31.0,
        "oppShotsAgainstPerGameLast5": 30.4,
        "savesProj": 23.0,
        "savesProjLast5": 25.7,
        "savesProjLast3": 25.7,
        "oppSavesAgainstProj": 23.9,
        "oppSavesAgainstProjLast5": 25.0,
        "oppSavesAgainstProjLast3": 25.6,
        "totalOver": 20,
        "totalOverLast5": 20,
        "totalOverLast15": 27,
        "lastTotalOver": 12,
        "last5": "0,0,0,0,2,1,1,0,0,0",
        "overOdds": "+370",
        "underOdds": "0",
        "overUnder": "+370 / 0"
    },
    {
        "player": "Brett Pesce",
        "team": "CAR",
        "opponent": "NYI",
        "propType": "g",
        "line": 0.5,
        "ppLine": "",
        "avg": 0.06,
        "hit": false,
        "diffAvg": -0.88,
        "diffAbs": 0.8,
        "lastAvg": 0.08,
        "diff": -0.84,
        "avgMin": 21,
        "proj": 0.1,
        "lastAvgMin": 21.7,
        "oppOver": 0,
        "teamOver": 0,
        "gameLine": "-155",
        "+/-": "+9",
        "L5_+/-": -5.0,
        "prevMatchup": "2023-04-23 0.0 g 2023-04-21 0.0 g 2023-04-19 0.0 g 2023-04-17 0.0 g 2023-04-02 0.0 g 2023-01-21 0.0 g 2022-12-10 0.0 g 2022-10-28 0.0 g",
        "winLossSplits": "5% - 3%",
        "awayHome": "H",
        "playedYesterday": "N",
        "awayHomeSplits": "7% - 2%",
        "savesAboveExp": 0.704,
        "gsaa": 35.99,
        "corsi": "59.9% (67.4) // 61.2% (68.8) // 59.9% (67.4) // 59.9% (67.4)",
        "fenwick": "59.1% (50.8) // 60.1% (51.8) // 59.1% (50.8) // 59.1% (50.8)",
        "shots": "57.2% (34.3) // 58.4% (34.4) // 57.2% (34.3) // 57.2% (34.3)",
        "scoring": "58.9% (33.3) // 62.3% (33.3) // 58.9% (33.3) // 58.9% (33.3)",
        "corsiAgainst": "40.1% (45.2) // 38.8% (43.6) // 40.1% (45.2) // 40.1% (45.2)",
        "fenwickAgainst": "40.9% (35.1) // 39.9% (34.4) // 40.9% (35.1) // 40.9% (35.1)",
        "shotsAgainst": "42.8% (25.6) // 41.6% (24.5) // 42.8% (25.6) // 42.8% (25.6)",
        "scoringAgainst": "41.1% (23.3) // 37.7% (20.2) // 41.1% (23.3) // 41.1% (23.3)",
        "oppCorsi": "49.6% (58.7) // 54.1% (65.8) // 49.6% (58.7) // 49.6% (58.7)",
        "oppFenwick": "49.5% (42.7) // 53.4% (47.0) // 49.5% (42.7) // 49.5% (42.7)",
        "oppShots": "49.8% (30.5) // 53.2% (32.4) // 49.8% (30.5) // 49.8% (30.5)",
        "oppScoring": "50.0% (30.4) // 52.7% (31.7) // 50.0% (30.4) // 50.0% (30.4)",
        "oppCorsiAgainst": "50.4% (59.6) // 45.9% (55.9) // 50.4% (59.6) // 50.4% (59.6)",
        "oppFenwickAgainst": "50.5% (43.6) // 46.6% (40.9) // 50.5% (43.6) // 50.5% (43.6)",
        "oppShotsAgainst": "50.2% (30.7) // 46.8% (28.5) // 50.2% (30.7) // 50.2% (30.7)",
        "oppScoringAgainst": "50.0% (30.4) // 47.3% (28.4) // 50.0% (30.4) // 50.0% (30.4)",
        "savesPerGame": 23.4,
        "savesPerGameLast1": 27.0,
        "savesPerGameLast3": 27.3,
        "savesPerGameLast5": 27.4,
        "savesPer60": 24.7,
        "savesPer60Last1": 27.0,
        "savesPer60Last3": 28.0,
        "savesPer60Last5": 27.8,
        "shotsPerGame": 34.8,
        "shotsPerGameLast5": 33.8,
        "shotsAgainstPerGame": 26.0,
        "shotsAgainstPerGameLast5": 30.4,
        "oppSavesAgainstPer60": 29.2,
        "oppSavesAgainstPer60Last1": 27.0,
        "oppSavesAgainstPer60Last3": 27.3,
        "oppSavesAgainstPer60Last5": 27.6,
        "oppShotsAgainstPerGame": 31.0,
        "oppShotsAgainstPerGameLast5": 30.4,
        "savesProj": 23.0,
        "savesProjLast5": 25.7,
        "savesProjLast3": 25.7,
        "oppSavesAgainstProj": 23.9,
        "oppSavesAgainstProjLast5": 25.0,
        "oppSavesAgainstProjLast3": 25.6,
        "totalOver": 5,
        "totalOverLast5": 0,
        "totalOverLast15": 7,
        "lastTotalOver": 10,
        "last5": "0,0,0,0,0,0,1,0,0,0",
        "overOdds": "+850",
        "underOdds": "0",
        "overUnder": "+850 / 0"
    },
    {
        "player": "Brock Nelson",
        "team": "NYI",
        "opponent": "CAR",
        "propType": "g",
        "line": 0.5,
        "ppLine": "PP1",
        "avg": 0.43,
        "hit": false,
        "diffAvg": -0.14,
        "diffAbs": 0.0,
        "lastAvg": 0.51,
        "diff": 0.02,
        "avgMin": 18,
        "proj": 0.5,
        "lastAvgMin": 17.67,
        "oppOver": 0,
        "teamOver": 0,
        "gameLine": "+135",
        "+/-": "+17",
        "L5_+/-": "+6.0",
        "prevMatchup": "2023-04-23 0.0 g 2023-04-21 0.0 g 2023-04-19 1.0 g 2023-04-17 0.0 g 2023-04-02 0.0 g 2023-01-21 1.0 g 2022-12-10 0.0 g 2022-10-28 2.0 g",
        "winLossSplits": "49% - 19%",
        "awayHome": "A",
        "playedYesterday": "N",
        "awayHomeSplits": "40% - 28%",
        "savesAboveExp": -0.166,
        "gsaa": 3.66,
        "corsi": "49.6% (58.7) // 54.1% (65.8) // 49.6% (58.7) // 49.6% (58.7)",
        "fenwick": "49.5% (42.7) // 53.4% (47.0) // 49.5% (42.7) // 49.5% (42.7)",
        "shots": "49.8% (30.5) // 53.2% (32.4) // 49.8% (30.5) // 49.8% (30.5)",
        "scoring": "50.0% (30.4) // 52.7% (31.7) // 50.0% (30.4) // 50.0% (30.4)",
        "corsiAgainst": "50.4% (59.6) // 45.9% (55.9) // 50.4% (59.6) // 50.4% (59.6)",
        "fenwickAgainst": "50.5% (43.6) // 46.6% (40.9) // 50.5% (43.6) // 50.5% (43.6)",
        "shotsAgainst": "50.2% (30.7) // 46.8% (28.5) // 50.2% (30.7) // 50.2% (30.7)",
        "scoringAgainst": "50.0% (30.4) // 47.3% (28.4) // 50.0% (30.4) // 50.0% (30.4)",
        "oppCorsi": "59.9% (67.4) // 61.2% (68.8) // 59.9% (67.4) // 59.9% (67.4)",
        "oppFenwick": "59.1% (50.8) // 60.1% (51.8) // 59.1% (50.8) // 59.1% (50.8)",
        "oppShots": "57.2% (34.3) // 58.4% (34.4) // 57.2% (34.3) // 57.2% (34.3)",
        "oppScoring": "58.9% (33.3) // 62.3% (33.3) // 58.9% (33.3) // 58.9% (33.3)",
        "oppCorsiAgainst": "40.1% (45.2) // 38.8% (43.6) // 40.1% (45.2) // 40.1% (45.2)",
        "oppFenwickAgainst": "40.9% (35.1) // 39.9% (34.4) // 40.9% (35.1) // 40.9% (35.1)",
        "oppShotsAgainst": "42.8% (25.6) // 41.6% (24.5) // 42.8% (25.6) // 42.8% (25.6)",
        "oppScoringAgainst": "41.1% (23.3) // 37.7% (20.2) // 41.1% (23.3) // 41.1% (23.3)",
        "savesPerGame": 28.4,
        "savesPerGameLast1": 24.0,
        "savesPerGameLast3": 28.7,
        "savesPerGameLast5": 27.6,
        "savesPer60": 29.8,
        "savesPer60Last1": 24.0,
        "savesPer60Last3": 29.5,
        "savesPer60Last5": 27.9,
        "shotsPerGame": 30.8,
        "shotsPerGameLast5": 30.6,
        "shotsAgainstPerGame": 31.0,
        "shotsAgainstPerGameLast5": 30.4,
        "oppSavesAgainstPer60": 33.3,
        "oppSavesAgainstPer60Last1": 24.0,
        "oppSavesAgainstPer60Last3": 28.8,
        "oppSavesAgainstPer60Last5": 30.8,
        "oppShotsAgainstPerGame": 26.0,
        "oppShotsAgainstPerGameLast5": 30.4,
        "savesProj": 38.1,
        "savesProjLast5": 34.3,
        "savesProjLast3": 34.6,
        "oppSavesAgainstProj": 32.4,
        "oppSavesAgainstProjLast5": 26.9,
        "oppSavesAgainstProjLast3": 25.1,
        "totalOver": 34,
        "totalOverLast5": 40,
        "totalOverLast15": 33,
        "lastTotalOver": 39,
        "last5": "0,0,1,0,2,0,1,1,0,0",
        "overOdds": "+190",
        "underOdds": "0",
        "overUnder": "+190 / 0"
    },
    {
        "player": "Jesperi Kotkaniemi",
        "team": "CAR",
        "opponent": "NYI",
        "propType": "g",
        "line": 0.5,
        "ppLine": "PP2",
        "avg": 0.21,
        "hit": false,
        "diffAvg": -0.58,
        "diffAbs": 0.6,
        "lastAvg": 0.15,
        "diff": -0.7,
        "avgMin": 14,
        "proj": 0.2,
        "lastAvgMin": 12.02,
        "oppOver": 0,
        "teamOver": 0,
        "gameLine": "-155",
        "+/-": "+7",
        "L5_+/-": -4.0,
        "prevMatchup": "2023-04-23 0.0 g 2023-04-21 0.0 g 2023-04-19 0.0 g 2023-04-17 0.0 g 2023-04-02 1.0 g 2023-01-21 0.0 g 2022-12-10 1.0 g 2022-10-28 0.0 g",
        "winLossSplits": "24% - 13%",
        "awayHome": "H",
        "playedYesterday": "N",
        "awayHomeSplits": "7% - 33%",
        "savesAboveExp": 0.704,
        "gsaa": 35.99,
        "corsi": "59.9% (67.4) // 61.2% (68.8) // 59.9% (67.4) // 59.9% (67.4)",
        "fenwick": "59.1% (50.8) // 60.1% (51.8) // 59.1% (50.8) // 59.1% (50.8)",
        "shots": "57.2% (34.3) // 58.4% (34.4) // 57.2% (34.3) // 57.2% (34.3)",
        "scoring": "58.9% (33.3) // 62.3% (33.3) // 58.9% (33.3) // 58.9% (33.3)",
        "corsiAgainst": "40.1% (45.2) // 38.8% (43.6) // 40.1% (45.2) // 40.1% (45.2)",
        "fenwickAgainst": "40.9% (35.1) // 39.9% (34.4) // 40.9% (35.1) // 40.9% (35.1)",
        "shotsAgainst": "42.8% (25.6) // 41.6% (24.5) // 42.8% (25.6) // 42.8% (25.6)",
        "scoringAgainst": "41.1% (23.3) // 37.7% (20.2) // 41.1% (23.3) // 41.1% (23.3)",
        "oppCorsi": "49.6% (58.7) // 54.1% (65.8) // 49.6% (58.7) // 49.6% (58.7)",
        "oppFenwick": "49.5% (42.7) // 53.4% (47.0) // 49.5% (42.7) // 49.5% (42.7)",
        "oppShots": "49.8% (30.5) // 53.2% (32.4) // 49.8% (30.5) // 49.8% (30.5)",
        "oppScoring": "50.0% (30.4) // 52.7% (31.7) // 50.0% (30.4) // 50.0% (30.4)",
        "oppCorsiAgainst": "50.4% (59.6) // 45.9% (55.9) // 50.4% (59.6) // 50.4% (59.6)",
        "oppFenwickAgainst": "50.5% (43.6) // 46.6% (40.9) // 50.5% (43.6) // 50.5% (43.6)",
        "oppShotsAgainst": "50.2% (30.7) // 46.8% (28.5) // 50.2% (30.7) // 50.2% (30.7)",
        "oppScoringAgainst": "50.0% (30.4) // 47.3% (28.4) // 50.0% (30.4) // 50.0% (30.4)",
        "savesPerGame": 23.4,
        "savesPerGameLast1": 27.0,
        "savesPerGameLast3": 27.3,
        "savesPerGameLast5": 27.4,
        "savesPer60": 24.7,
        "savesPer60Last1": 27.0,
        "savesPer60Last3": 28.0,
        "savesPer60Last5": 27.8,
        "shotsPerGame": 34.8,
        "shotsPerGameLast5": 33.8,
        "shotsAgainstPerGame": 26.0,
        "shotsAgainstPerGameLast5": 30.4,
        "oppSavesAgainstPer60": 29.2,
        "oppSavesAgainstPer60Last1": 27.0,
        "oppSavesAgainstPer60Last3": 27.3,
        "oppSavesAgainstPer60Last5": 27.6,
        "oppShotsAgainstPerGame": 31.0,
        "oppShotsAgainstPerGameLast5": 30.4,
        "savesProj": 23.0,
        "savesProjLast5": 25.7,
        "savesProjLast3": 25.7,
        "oppSavesAgainstProj": 23.9,
        "oppSavesAgainstProjLast5": 25.0,
        "oppSavesAgainstProjLast3": 25.6,
        "totalOver": 20,
        "totalOverLast5": 20,
        "totalOverLast15": 27,
        "lastTotalOver": 12,
        "last5": "0,0,0,0,1,1,0,0,0,1",
        "overOdds": "+265",
        "underOdds": "0",
        "overUnder": "+265 / 0"
    },
    {
        "player": "Jordan Martinook",
        "team": "CAR",
        "opponent": "NYI",
        "propType": "g",
        "line": 0.5,
        "ppLine": "",
        "avg": 0.15,
        "hit": false,
        "diffAvg": -0.7,
        "diffAbs": 0.8,
        "lastAvg": 0.09,
        "diff": -0.82,
        "avgMin": 15,
        "proj": 0.1,
        "lastAvgMin": 11.2,
        "oppOver": 0,
        "teamOver": 0,
        "gameLine": "-155",
        "+/-": "+7",
        "L5_+/-": "+2.0",
        "prevMatchup": "2023-04-23 0.0 g 2023-04-21 0.0 g 2023-04-19 0.0 g 2023-04-17 0.0 g 2023-04-02 1.0 g 2023-01-21 0.0 g 2022-12-10 0.0 g 2022-10-28 0.0 g",
        "winLossSplits": "18% - 3%",
        "awayHome": "H",
        "playedYesterday": "N",
        "awayHomeSplits": "12% - 14%",
        "savesAboveExp": 0.704,
        "gsaa": 35.99,
        "corsi": "59.9% (67.4) // 61.2% (68.8) // 59.9% (67.4) // 59.9% (67.4)",
        "fenwick": "59.1% (50.8) // 60.1% (51.8) // 59.1% (50.8) // 59.1% (50.8)",
        "shots": "57.2% (34.3) // 58.4% (34.4) // 57.2% (34.3) // 57.2% (34.3)",
        "scoring": "58.9% (33.3) // 62.3% (33.3) // 58.9% (33.3) // 58.9% (33.3)",
        "corsiAgainst": "40.1% (45.2) // 38.8% (43.6) // 40.1% (45.2) // 40.1% (45.2)",
        "fenwickAgainst": "40.9% (35.1) // 39.9% (34.4) // 40.9% (35.1) // 40.9% (35.1)",
        "shotsAgainst": "42.8% (25.6) // 41.6% (24.5) // 42.8% (25.6) // 42.8% (25.6)",
        "scoringAgainst": "41.1% (23.3) // 37.7% (20.2) // 41.1% (23.3) // 41.1% (23.3)",
        "oppCorsi": "49.6% (58.7) // 54.1% (65.8) // 49.6% (58.7) // 49.6% (58.7)",
        "oppFenwick": "49.5% (42.7) // 53.4% (47.0) // 49.5% (42.7) // 49.5% (42.7)",
        "oppShots": "49.8% (30.5) // 53.2% (32.4) // 49.8% (30.5) // 49.8% (30.5)",
        "oppScoring": "50.0% (30.4) // 52.7% (31.7) // 50.0% (30.4) // 50.0% (30.4)",
        "oppCorsiAgainst": "50.4% (59.6) // 45.9% (55.9) // 50.4% (59.6) // 50.4% (59.6)",
        "oppFenwickAgainst": "50.5% (43.6) // 46.6% (40.9) // 50.5% (43.6) // 50.5% (43.6)",
        "oppShotsAgainst": "50.2% (30.7) // 46.8% (28.5) // 50.2% (30.7) // 50.2% (30.7)",
        "oppScoringAgainst": "50.0% (30.4) // 47.3% (28.4) // 50.0% (30.4) // 50.0% (30.4)",
        "savesPerGame": 23.4,
        "savesPerGameLast1": 27.0,
        "savesPerGameLast3": 27.3,
        "savesPerGameLast5": 27.4,
        "savesPer60": 24.7,
        "savesPer60Last1": 27.0,
        "savesPer60Last3": 28.0,
        "savesPer60Last5": 27.8,
        "shotsPerGame": 34.8,
        "shotsPerGameLast5": 33.8,
        "shotsAgainstPerGame": 26.0,
        "shotsAgainstPerGameLast5": 30.4,
        "oppSavesAgainstPer60": 29.2,
        "oppSavesAgainstPer60Last1": 27.0,
        "oppSavesAgainstPer60Last3": 27.3,
        "oppSavesAgainstPer60Last5": 27.6,
        "oppShotsAgainstPerGame": 31.0,
        "oppShotsAgainstPerGameLast5": 30.4,
        "savesProj": 23.0,
        "savesProjLast5": 25.7,
        "savesProjLast3": 25.7,
        "oppSavesAgainstProj": 23.9,
        "oppSavesAgainstProjLast5": 25.0,
        "oppSavesAgainstProjLast3": 25.6,
        "totalOver": 13,
        "totalOverLast5": 0,
        "totalOverLast15": 13,
        "lastTotalOver": 10,
        "last5": "0,0,0,0,0,1,0,0,0,0",
        "overOdds": "+280",
        "underOdds": "0",
        "overUnder": "+280 / 0"
    },
    {
        "player": "Kyle Palmieri",
        "team": "NYI",
        "opponent": "CAR",
        "propType": "g",
        "line": 0.5,
        "ppLine": "PP2",
        "avg": 0.31,
        "hit": false,
        "diffAvg": -0.38,
        "diffAbs": 0.6,
        "lastAvg": 0.22,
        "diff": -0.56,
        "avgMin": 17,
        "proj": 0.2,
        "lastAvgMin": 15.62,
        "oppOver": 0,
        "teamOver": 0,
        "gameLine": "+135",
        "+/-": "+16",
        "L5_+/-": "+6.0",
        "prevMatchup": "2023-04-23 0.0 g 2023-04-21 1.0 g 2023-04-19 1.0 g 2023-04-17 0.0 g 2023-04-02 0.0 g 2022-10-28 0.0 g",
        "winLossSplits": "34% - 19%",
        "awayHome": "A",
        "playedYesterday": "N",
        "awayHomeSplits": "29% - 25%",
        "savesAboveExp": -0.166,
        "gsaa": 3.66,
        "corsi": "49.6% (58.7) // 54.1% (65.8) // 49.6% (58.7) // 49.6% (58.7)",
        "fenwick": "49.5% (42.7) // 53.4% (47.0) // 49.5% (42.7) // 49.5% (42.7)",
        "shots": "49.8% (30.5) // 53.2% (32.4) // 49.8% (30.5) // 49.8% (30.5)",
        "scoring": "50.0% (30.4) // 52.7% (31.7) // 50.0% (30.4) // 50.0% (30.4)",
        "corsiAgainst": "50.4% (59.6) // 45.9% (55.9) // 50.4% (59.6) // 50.4% (59.6)",
        "fenwickAgainst": "50.5% (43.6) // 46.6% (40.9) // 50.5% (43.6) // 50.5% (43.6)",
        "shotsAgainst": "50.2% (30.7) // 46.8% (28.5) // 50.2% (30.7) // 50.2% (30.7)",
        "scoringAgainst": "50.0% (30.4) // 47.3% (28.4) // 50.0% (30.4) // 50.0% (30.4)",
        "oppCorsi": "59.9% (67.4) // 61.2% (68.8) // 59.9% (67.4) // 59.9% (67.4)",
        "oppFenwick": "59.1% (50.8) // 60.1% (51.8) // 59.1% (50.8) // 59.1% (50.8)",
        "oppShots": "57.2% (34.3) // 58.4% (34.4) // 57.2% (34.3) // 57.2% (34.3)",
        "oppScoring": "58.9% (33.3) // 62.3% (33.3) // 58.9% (33.3) // 58.9% (33.3)",
        "oppCorsiAgainst": "40.1% (45.2) // 38.8% (43.6) // 40.1% (45.2) // 40.1% (45.2)",
        "oppFenwickAgainst": "40.9% (35.1) // 39.9% (34.4) // 40.9% (35.1) // 40.9% (35.1)",
        "oppShotsAgainst": "42.8% (25.6) // 41.6% (24.5) // 42.8% (25.6) // 42.8% (25.6)",
        "oppScoringAgainst": "41.1% (23.3) // 37.7% (20.2) // 41.1% (23.3) // 41.1% (23.3)",
        "savesPerGame": 28.4,
        "savesPerGameLast1": 24.0,
        "savesPerGameLast3": 28.7,
        "savesPerGameLast5": 27.6,
        "savesPer60": 29.8,
        "savesPer60Last1": 24.0,
        "savesPer60Last3": 29.5,
        "savesPer60Last5": 27.9,
        "shotsPerGame": 30.8,
        "shotsPerGameLast5": 30.6,
        "shotsAgainstPerGame": 31.0,
        "shotsAgainstPerGameLast5": 30.4,
        "oppSavesAgainstPer60": 33.3,
        "oppSavesAgainstPer60Last1": 24.0,
        "oppSavesAgainstPer60Last3": 28.8,
        "oppSavesAgainstPer60Last5": 30.8,
        "oppShotsAgainstPerGame": 26.0,
        "oppShotsAgainstPerGameLast5": 30.4,
        "savesProj": 38.1,
        "savesProjLast5": 34.3,
        "savesProjLast3": 34.6,
        "oppSavesAgainstProj": 32.4,
        "oppSavesAgainstProjLast5": 26.9,
        "oppSavesAgainstProjLast3": 25.1,
        "totalOver": 27,
        "totalOverLast5": 40,
        "totalOverLast15": 33,
        "lastTotalOver": 19,
        "last5": "0,1,1,0,0,0,0,1,0,0",
        "overOdds": "+300",
        "underOdds": "0",
        "overUnder": "+300 / 0"
    },
    {
        "player": "Martin Necas",
        "team": "CAR",
        "opponent": "NYI",
        "propType": "g",
        "line": 0.5,
        "ppLine": "PP1",
        "avg": 0.34,
        "hit": false,
        "diffAvg": -0.32,
        "diffAbs": 0.6,
        "lastAvg": 0.15,
        "diff": -0.7,
        "avgMin": 18,
        "proj": 0.2,
        "lastAvgMin": 16.18,
        "oppOver": 0,
        "teamOver": 0,
        "gameLine": "-155",
        "+/-": "+2",
        "L5_+/-": -1.0,
        "prevMatchup": "2023-04-23 1.0 g 2023-04-21 0.0 g 2023-04-19 0.0 g 2023-04-17 0.0 g 2023-04-02 0.0 g 2023-01-21 0.0 g 2022-12-10 0.0 g 2022-10-28 1.0 g",
        "winLossSplits": "38% - 23%",
        "awayHome": "H",
        "playedYesterday": "N",
        "awayHomeSplits": "37% - 28%",
        "savesAboveExp": 0.704,
        "gsaa": 35.99,
        "corsi": "59.9% (67.4) // 61.2% (68.8) // 59.9% (67.4) // 59.9% (67.4)",
        "fenwick": "59.1% (50.8) // 60.1% (51.8) // 59.1% (50.8) // 59.1% (50.8)",
        "shots": "57.2% (34.3) // 58.4% (34.4) // 57.2% (34.3) // 57.2% (34.3)",
        "scoring": "58.9% (33.3) // 62.3% (33.3) // 58.9% (33.3) // 58.9% (33.3)",
        "corsiAgainst": "40.1% (45.2) // 38.8% (43.6) // 40.1% (45.2) // 40.1% (45.2)",
        "fenwickAgainst": "40.9% (35.1) // 39.9% (34.4) // 40.9% (35.1) // 40.9% (35.1)",
        "shotsAgainst": "42.8% (25.6) // 41.6% (24.5) // 42.8% (25.6) // 42.8% (25.6)",
        "scoringAgainst": "41.1% (23.3) // 37.7% (20.2) // 41.1% (23.3) // 41.1% (23.3)",
        "oppCorsi": "49.6% (58.7) // 54.1% (65.8) // 49.6% (58.7) // 49.6% (58.7)",
        "oppFenwick": "49.5% (42.7) // 53.4% (47.0) // 49.5% (42.7) // 49.5% (42.7)",
        "oppShots": "49.8% (30.5) // 53.2% (32.4) // 49.8% (30.5) // 49.8% (30.5)",
        "oppScoring": "50.0% (30.4) // 52.7% (31.7) // 50.0% (30.4) // 50.0% (30.4)",
        "oppCorsiAgainst": "50.4% (59.6) // 45.9% (55.9) // 50.4% (59.6) // 50.4% (59.6)",
        "oppFenwickAgainst": "50.5% (43.6) // 46.6% (40.9) // 50.5% (43.6) // 50.5% (43.6)",
        "oppShotsAgainst": "50.2% (30.7) // 46.8% (28.5) // 50.2% (30.7) // 50.2% (30.7)",
        "oppScoringAgainst": "50.0% (30.4) // 47.3% (28.4) // 50.0% (30.4) // 50.0% (30.4)",
        "savesPerGame": 23.4,
        "savesPerGameLast1": 27.0,
        "savesPerGameLast3": 27.3,
        "savesPerGameLast5": 27.4,
        "savesPer60": 24.7,
        "savesPer60Last1": 27.0,
        "savesPer60Last3": 28.0,
        "savesPer60Last5": 27.8,
        "shotsPerGame": 34.8,
        "shotsPerGameLast5": 33.8,
        "shotsAgainstPerGame": 26.0,
        "shotsAgainstPerGameLast5": 30.4,
        "oppSavesAgainstPer60": 29.2,
        "oppSavesAgainstPer60Last1": 27.0,
        "oppSavesAgainstPer60Last3": 27.3,
        "oppSavesAgainstPer60Last5": 27.6,
        "oppShotsAgainstPerGame": 31.0,
        "oppShotsAgainstPerGameLast5": 30.4,
        "savesProj": 23.0,
        "savesProjLast5": 25.7,
        "savesProjLast3": 25.7,
        "oppSavesAgainstProj": 23.9,
        "oppSavesAgainstProjLast5": 25.0,
        "oppSavesAgainstProjLast3": 25.6,
        "totalOver": 33,
        "totalOverLast5": 20,
        "totalOverLast15": 13,
        "lastTotalOver": 15,
        "last5": "1,0,0,0,0,0,0,0,0,1",
        "overOdds": "+185",
        "underOdds": "0",
        "overUnder": "+185 / 0"
    },
    {
        "player": "Mathew Barzal",
        "team": "NYI",
        "opponent": "CAR",
        "propType": "g",
        "line": 0.5,
        "ppLine": "PP1",
        "avg": 0.24,
        "hit": false,
        "diffAvg": -0.52,
        "diffAbs": 0.6,
        "lastAvg": 0.21,
        "diff": -0.58,
        "avgMin": 18,
        "proj": 0.2,
        "lastAvgMin": 18.02,
        "oppOver": 0,
        "teamOver": 0,
        "gameLine": "+135",
        "+/-": "+5",
        "L5_+/-": "+2.0",
        "prevMatchup": "2023-04-23 0.0 g 2023-04-21 0.0 g 2023-04-19 1.0 g 2023-04-17 0.0 g 2023-01-21 0.0 g 2022-12-10 0.0 g 2022-10-28 0.0 g",
        "winLossSplits": "17% - 24%",
        "awayHome": "A",
        "playedYesterday": "N",
        "awayHomeSplits": "27% - 16%",
        "savesAboveExp": -0.166,
        "gsaa": 3.66,
        "corsi": "49.6% (58.7) // 54.1% (65.8) // 49.6% (58.7) // 49.6% (58.7)",
        "fenwick": "49.5% (42.7) // 53.4% (47.0) // 49.5% (42.7) // 49.5% (42.7)",
        "shots": "49.8% (30.5) // 53.2% (32.4) // 49.8% (30.5) // 49.8% (30.5)",
        "scoring": "50.0% (30.4) // 52.7% (31.7) // 50.0% (30.4) // 50.0% (30.4)",
        "corsiAgainst": "50.4% (59.6) // 45.9% (55.9) // 50.4% (59.6) // 50.4% (59.6)",
        "fenwickAgainst": "50.5% (43.6) // 46.6% (40.9) // 50.5% (43.6) // 50.5% (43.6)",
        "shotsAgainst": "50.2% (30.7) // 46.8% (28.5) // 50.2% (30.7) // 50.2% (30.7)",
        "scoringAgainst": "50.0% (30.4) // 47.3% (28.4) // 50.0% (30.4) // 50.0% (30.4)",
        "oppCorsi": "59.9% (67.4) // 61.2% (68.8) // 59.9% (67.4) // 59.9% (67.4)",
        "oppFenwick": "59.1% (50.8) // 60.1% (51.8) // 59.1% (50.8) // 59.1% (50.8)",
        "oppShots": "57.2% (34.3) // 58.4% (34.4) // 57.2% (34.3) // 57.2% (34.3)",
        "oppScoring": "58.9% (33.3) // 62.3% (33.3) // 58.9% (33.3) // 58.9% (33.3)",
        "oppCorsiAgainst": "40.1% (45.2) // 38.8% (43.6) // 40.1% (45.2) // 40.1% (45.2)",
        "oppFenwickAgainst": "40.9% (35.1) // 39.9% (34.4) // 40.9% (35.1) // 40.9% (35.1)",
        "oppShotsAgainst": "42.8% (25.6) // 41.6% (24.5) // 42.8% (25.6) // 42.8% (25.6)",
        "oppScoringAgainst": "41.1% (23.3) // 37.7% (20.2) // 41.1% (23.3) // 41.1% (23.3)",
        "savesPerGame": 28.4,
        "savesPerGameLast1": 24.0,
        "savesPerGameLast3": 28.7,
        "savesPerGameLast5": 27.6,
        "savesPer60": 29.8,
        "savesPer60Last1": 24.0,
        "savesPer60Last3": 29.5,
        "savesPer60Last5": 27.9,
        "shotsPerGame": 30.8,
        "shotsPerGameLast5": 30.6,
        "shotsAgainstPerGame": 31.0,
        "shotsAgainstPerGameLast5": 30.4,
        "oppSavesAgainstPer60": 33.3,
        "oppSavesAgainstPer60Last1": 24.0,
        "oppSavesAgainstPer60Last3": 28.8,
        "oppSavesAgainstPer60Last5": 30.8,
        "oppShotsAgainstPerGame": 26.0,
        "oppShotsAgainstPerGameLast5": 30.4,
        "savesProj": 38.1,
        "savesProjLast5": 34.3,
        "savesProjLast3": 34.6,
        "oppSavesAgainstProj": 32.4,
        "oppSavesAgainstProjLast5": 26.9,
        "oppSavesAgainstProjLast3": 25.1,
        "totalOver": 21,
        "totalOverLast5": 20,
        "totalOverLast15": 27,
        "lastTotalOver": 21,
        "last5": "0,0,1,0,0,0,0,0,1,0",
        "overOdds": "+360",
        "underOdds": "0",
        "overUnder": "+360 / 0"
    },
    {
        "player": "Noah Dobson",
        "team": "NYI",
        "opponent": "CAR",
        "propType": "g",
        "line": 0.5,
        "ppLine": "PP1",
        "avg": 0.16,
        "hit": false,
        "diffAvg": -0.68,
        "diffAbs": 0.6,
        "lastAvg": 0.16,
        "diff": -0.68,
        "avgMin": 20,
        "proj": 0.2,
        "lastAvgMin": 21.45,
        "oppOver": 0,
        "teamOver": 0,
        "gameLine": "+135",
        "+/-": "+8",
        "L5_+/-": "+6.0",
        "prevMatchup": "2023-04-23 0.0 g 2023-04-21 0.0 g 2023-04-19 0.0 g 2023-04-17 0.0 g 2023-04-02 0.0 g 2023-01-21 0.0 g 2022-12-10 0.0 g 2022-10-28 0.0 g",
        "winLossSplits": "15% - 17%",
        "awayHome": "A",
        "playedYesterday": "N",
        "awayHomeSplits": "12% - 20%",
        "savesAboveExp": -0.166,
        "gsaa": 3.66,
        "corsi": "49.6% (58.7) // 54.1% (65.8) // 49.6% (58.7) // 49.6% (58.7)",
        "fenwick": "49.5% (42.7) // 53.4% (47.0) // 49.5% (42.7) // 49.5% (42.7)",
        "shots": "49.8% (30.5) // 53.2% (32.4) // 49.8% (30.5) // 49.8% (30.5)",
        "scoring": "50.0% (30.4) // 52.7% (31.7) // 50.0% (30.4) // 50.0% (30.4)",
        "corsiAgainst": "50.4% (59.6) // 45.9% (55.9) // 50.4% (59.6) // 50.4% (59.6)",
        "fenwickAgainst": "50.5% (43.6) // 46.6% (40.9) // 50.5% (43.6) // 50.5% (43.6)",
        "shotsAgainst": "50.2% (30.7) // 46.8% (28.5) // 50.2% (30.7) // 50.2% (30.7)",
        "scoringAgainst": "50.0% (30.4) // 47.3% (28.4) // 50.0% (30.4) // 50.0% (30.4)",
        "oppCorsi": "59.9% (67.4) // 61.2% (68.8) // 59.9% (67.4) // 59.9% (67.4)",
        "oppFenwick": "59.1% (50.8) // 60.1% (51.8) // 59.1% (50.8) // 59.1% (50.8)",
        "oppShots": "57.2% (34.3) // 58.4% (34.4) // 57.2% (34.3) // 57.2% (34.3)",
        "oppScoring": "58.9% (33.3) // 62.3% (33.3) // 58.9% (33.3) // 58.9% (33.3)",
        "oppCorsiAgainst": "40.1% (45.2) // 38.8% (43.6) // 40.1% (45.2) // 40.1% (45.2)",
        "oppFenwickAgainst": "40.9% (35.1) // 39.9% (34.4) // 40.9% (35.1) // 40.9% (35.1)",
        "oppShotsAgainst": "42.8% (25.6) // 41.6% (24.5) // 42.8% (25.6) // 42.8% (25.6)",
        "oppScoringAgainst": "41.1% (23.3) // 37.7% (20.2) // 41.1% (23.3) // 41.1% (23.3)",
        "savesPerGame": 28.4,
        "savesPerGameLast1": 24.0,
        "savesPerGameLast3": 28.7,
        "savesPerGameLast5": 27.6,
        "savesPer60": 29.8,
        "savesPer60Last1": 24.0,
        "savesPer60Last3": 29.5,
        "savesPer60Last5": 27.9,
        "shotsPerGame": 30.8,
        "shotsPerGameLast5": 30.6,
        "shotsAgainstPerGame": 31.0,
        "shotsAgainstPerGameLast5": 30.4,
        "oppSavesAgainstPer60": 33.3,
        "oppSavesAgainstPer60Last1": 24.0,
        "oppSavesAgainstPer60Last3": 28.8,
        "oppSavesAgainstPer60Last5": 30.8,
        "oppShotsAgainstPerGame": 26.0,
        "oppShotsAgainstPerGameLast5": 30.4,
        "savesProj": 38.1,
        "savesProjLast5": 34.3,
        "savesProjLast3": 34.6,
        "oppSavesAgainstProj": 32.4,
        "oppSavesAgainstProjLast5": 26.9,
        "oppSavesAgainstProjLast3": 25.1,
        "totalOver": 16,
        "totalOverLast5": 0,
        "totalOverLast15": 0,
        "lastTotalOver": 17,
