[
    {
        "player": "Alex Killorn",
        "team": "TB",
        "opponent": "TOR",
        "propType": "sog",
        "line": 1.5,
        "ppLine": "PP1",
        "avg": 1.77,
        "hit": false,
        "diffAvg": 0.18,
        "diffAbs": 0.07,
        "lastAvg": 1.56,
        "diff": 0.04,
        "avgMin": 17,
        "proj": 1.4,
        "lastAvgMin": 18.68,
        "oppOver": 0,
        "teamOver": 0,
        "gameLine": "+130",
        "+/-": "+16",
        "L5_+/-": "+1.0",
        "prevMatchup": "2023-04-24 7.0 sog 2023-04-22 1.0 sog 2023-04-20 1.0 sog 2023-04-18 0.0 sog 2023-04-11 3.0 sog 2022-12-20 1.0 sog 2022-12-03 2.0 sog",
        "winLossSplits": "55% - 46%",
        "awayHome": "A",
        "playedYesterday": "N",
        "awayHomeSplits": "51% - 51%",
        "savesAboveExp": 0.388,
        "gsaa": 17.37,
        "corsi": "51.4% (59.4) // 49.6% (57.4) // 51.4% (59.4) // 51.4% (59.4)",
        "fenwick": "51.3% (44.7) // 48.1% (42.5) // 51.3% (44.7) // 51.3% (44.7)",
        "shots": "50.4% (31.7) // 47.3% (30.9) // 50.4% (31.7) // 50.4% (31.7)",
        "scoring": "52.9% (33.9) // 49.5% (32.2) // 52.9% (33.9) // 52.9% (33.9)",
        "corsiAgainst": "48.6% (56.3) // 50.4% (58.3) // 48.6% (56.3) // 48.6% (56.3)",
        "fenwickAgainst": "48.7% (42.4) // 51.9% (45.9) // 48.7% (42.4) // 48.7% (42.4)",
        "shotsAgainst": "49.6% (31.2) // 52.7% (34.4) // 49.6% (31.2) // 49.6% (31.2)",
        "scoringAgainst": "47.1% (30.1) // 50.5% (32.8) // 47.1% (30.1) // 47.1% (30.1)",
        "oppCorsi": "50.8% (57.6) // 50.8% (59.1) // 50.8% (57.6) // 50.8% (57.6)",
        "oppFenwick": "51.7% (44.0) // 52.2% (46.4) // 51.7% (44.0) // 51.7% (44.0)",
        "oppShots": "52.1% (31.8) // 52.3% (33.2) // 52.1% (31.8) // 52.1% (31.8)",
        "oppScoring": "53.9% (33.4) // 55.3% (34.1) // 53.9% (33.4) // 53.9% (33.4)",
        "oppCorsiAgainst": "49.2% (55.8) // 49.2% (57.4) // 49.2% (55.8) // 49.2% (55.8)",
        "oppFenwickAgainst": "48.3% (41.1) // 47.8% (42.5) // 48.3% (41.1) // 48.3% (41.1)",
        "oppShotsAgainst": "47.9% (29.2) // 47.7% (30.3) // 47.9% (29.2) // 47.9% (29.2)",
        "oppScoringAgainst": "46.1% (28.5) // 44.7% (27.6) // 46.1% (28.5) // 46.1% (28.5)",
        "savesPerGame": 28.4,
        "savesPerGameLast1": 32.0,
        "savesPerGameLast3": 28.3,
        "savesPerGameLast5": 29.0,
        "savesPer60": 29.9,
        "savesPer60Last1": 34.3,
        "savesPer60Last3": 32.0,
        "savesPer60Last5": 31.2,
        "shotsPerGame": 32.0,
        "shotsPerGameLast5": 31.6,
        "shotsAgainstPerGame": 31.5,
        "shotsAgainstPerGameLast5": 32.8,
        "oppSavesAgainstPer60": 30.0,
        "oppSavesAgainstPer60Last1": 32.0,
        "oppSavesAgainstPer60Last3": 28.7,
        "oppSavesAgainstPer60Last5": 26.6,
        "oppShotsAgainstPerGame": 29.5,
        "oppShotsAgainstPerGameLast5": 30.0,
        "savesProj": 30.2,
        "savesProjLast5": 28.9,
        "savesProjLast3": 32.0,
        "oppSavesAgainstProj": 29.2,
        "oppSavesAgainstProjLast5": 26.7,
        "oppSavesAgainstProjLast3": 27.1,
        "totalOver": 51,
        "totalOverLast5": 40,
        "totalOverLast15": 40,
        "lastTotalOver": 64,
        "last5": "7,1,1,0,2,3,2,3,1,1",
        "overOdds": "-130",
        "underOdds": "+100",
        "overUnder": "-130 / +100"
    },
    {
        "player": "Auston Matthews",
        "team": "TOR",
        "opponent": "TB",
        "propType": "sog",
        "line": 4.5,
        "ppLine": "PP1",
        "avg": 4.41,
        "hit": false,
        "diffAvg": -0.02,
        "diffAbs": 0.07,
        "lastAvg": 4.3,
        "diff": -0.04,
        "avgMin": 20,
        "proj": 4.2,
        "lastAvgMin": 20.6,
        "oppOver": 0,
        "teamOver": 0,
        "gameLine": "-150",
        "+/-": "+34",
        "L5_+/-": "+2.0",
        "prevMatchup": "2023-04-24 7.0 sog 2023-04-22 5.0 sog 2023-04-20 3.0 sog 2023-04-18 2.0 sog 2022-12-20 6.0 sog 2022-12-03 8.0 sog",
        "winLossSplits": "45% - 45%",
        "awayHome": "H",
        "playedYesterday": "N",
        "awayHomeSplits": "40% - 50%",
        "savesAboveExp": 0.522,
        "gsaa": 20.53,
        "corsi": "50.8% (57.6) // 50.8% (59.1) // 50.8% (57.6) // 50.8% (57.6)",
        "fenwick": "51.7% (44.0) // 52.2% (46.4) // 51.7% (44.0) // 51.7% (44.0)",
        "shots": "52.1% (31.8) // 52.3% (33.2) // 52.1% (31.8) // 52.1% (31.8)",
        "scoring": "53.9% (33.4) // 55.3% (34.1) // 53.9% (33.4) // 53.9% (33.4)",
        "corsiAgainst": "49.2% (55.8) // 49.2% (57.4) // 49.2% (55.8) // 49.2% (55.8)",
        "fenwickAgainst": "48.3% (41.1) // 47.8% (42.5) // 48.3% (41.1) // 48.3% (41.1)",
        "shotsAgainst": "47.9% (29.2) // 47.7% (30.3) // 47.9% (29.2) // 47.9% (29.2)",
        "scoringAgainst": "46.1% (28.5) // 44.7% (27.6) // 46.1% (28.5) // 46.1% (28.5)",
        "oppCorsi": "51.4% (59.4) // 49.6% (57.4) // 51.4% (59.4) // 51.4% (59.4)",
        "oppFenwick": "51.3% (44.7) // 48.1% (42.5) // 51.3% (44.7) // 51.3% (44.7)",
        "oppShots": "50.4% (31.7) // 47.3% (30.9) // 50.4% (31.7) // 50.4% (31.7)",
        "oppScoring": "52.9% (33.9) // 49.5% (32.2) // 52.9% (33.9) // 52.9% (33.9)",
        "oppCorsiAgainst": "48.6% (56.3) // 50.4% (58.3) // 48.6% (56.3) // 48.6% (56.3)",
        "oppFenwickAgainst": "48.7% (42.4) // 51.9% (45.9) // 48.7% (42.4) // 48.7% (42.4)",
        "oppShotsAgainst": "49.6% (31.2) // 52.7% (34.4) // 49.6% (31.2) // 49.6% (31.2)",
        "oppScoringAgainst": "47.1% (30.1) // 50.5% (32.8) // 47.1% (30.1) // 47.1% (30.1)",
        "savesPerGame": 26.8,
        "savesPerGameLast1": 27.0,
        "savesPerGameLast3": 27.7,
        "savesPerGameLast5": 26.4,
        "savesPer60": 28.3,
        "savesPer60Last1": 28.8,
        "savesPer60Last3": 31.1,
        "savesPer60Last5": 28.4,
        "shotsPerGame": 32.0,
        "shotsPerGameLast5": 30.6,
        "shotsAgainstPerGame": 29.5,
        "shotsAgainstPerGameLast5": 30.0,
        "oppSavesAgainstPer60": 30.1,
        "oppSavesAgainstPer60Last1": 26.9,
        "oppSavesAgainstPer60Last3": 28.1,
        "oppSavesAgainstPer60Last5": 27.5,
        "oppShotsAgainstPerGame": 31.5,
        "oppShotsAgainstPerGameLast5": 32.8,
        "savesProj": 27.0,
        "savesProjLast5": 26.0,
        "savesProjLast3": 28.8,
        "oppSavesAgainstProj": 27.8,
        "oppSavesAgainstProjLast5": 24.2,
        "oppSavesAgainstProjLast3": 25.8,
        "totalOver": 45,
        "totalOverLast5": 40,
        "totalOverLast15": 53,
        "lastTotalOver": 41,
        "last5": "7,5,3,2,3,4,4,6,6,6",
        "overOdds": "-105",
        "underOdds": "-125",
        "overUnder": "-105 / -125"
    },
    {
        "player": "Brandon Hagel",
        "team": "TB",
        "opponent": "TOR",
        "propType": "sog",
        "line": 2.5,
        "ppLine": "PP2",
        "avg": 2.2,
        "hit": false,
        "diffAvg": -0.12,
        "diffAbs": 0.44,
        "lastAvg": 1.25,
        "diff": -0.5,
        "avgMin": 18,
        "proj": 1.4,
        "lastAvgMin": 16.35,
        "oppOver": 0,
        "teamOver": 0,
        "gameLine": "+130",
        "+/-": "+21",
        "L5_+/-": "+3.0",
        "prevMatchup": "2023-04-24 2.0 sog 2023-04-22 4.0 sog 2023-04-20 0.0 sog 2023-04-18 3.0 sog 2023-04-11 2.0 sog 2022-12-20 0.0 sog 2022-12-03 0.0 sog",
        "winLossSplits": "45% - 32%",
        "awayHome": "A",
        "playedYesterday": "N",
        "awayHomeSplits": "40% - 37%",
        "savesAboveExp": 0.388,
        "gsaa": 17.37,
        "corsi": "51.4% (59.4) // 49.6% (57.4) // 51.4% (59.4) // 51.4% (59.4)",
        "fenwick": "51.3% (44.7) // 48.1% (42.5) // 51.3% (44.7) // 51.3% (44.7)",
        "shots": "50.4% (31.7) // 47.3% (30.9) // 50.4% (31.7) // 50.4% (31.7)",
        "scoring": "52.9% (33.9) // 49.5% (32.2) // 52.9% (33.9) // 52.9% (33.9)",
        "corsiAgainst": "48.6% (56.3) // 50.4% (58.3) // 48.6% (56.3) // 48.6% (56.3)",
        "fenwickAgainst": "48.7% (42.4) // 51.9% (45.9) // 48.7% (42.4) // 48.7% (42.4)",
        "shotsAgainst": "49.6% (31.2) // 52.7% (34.4) // 49.6% (31.2) // 49.6% (31.2)",
        "scoringAgainst": "47.1% (30.1) // 50.5% (32.8) // 47.1% (30.1) // 47.1% (30.1)",
        "oppCorsi": "50.8% (57.6) // 50.8% (59.1) // 50.8% (57.6) // 50.8% (57.6)",
        "oppFenwick": "51.7% (44.0) // 52.2% (46.4) // 51.7% (44.0) // 51.7% (44.0)",
        "oppShots": "52.1% (31.8) // 52.3% (33.2) // 52.1% (31.8) // 52.1% (31.8)",
        "oppScoring": "53.9% (33.4) // 55.3% (34.1) // 53.9% (33.4) // 53.9% (33.4)",
        "oppCorsiAgainst": "49.2% (55.8) // 49.2% (57.4) // 49.2% (55.8) // 49.2% (55.8)",
        "oppFenwickAgainst": "48.3% (41.1) // 47.8% (42.5) // 48.3% (41.1) // 48.3% (41.1)",
        "oppShotsAgainst": "47.9% (29.2) // 47.7% (30.3) // 47.9% (29.2) // 47.9% (29.2)",
        "oppScoringAgainst": "46.1% (28.5) // 44.7% (27.6) // 46.1% (28.5) // 46.1% (28.5)",
        "savesPerGame": 28.4,
        "savesPerGameLast1": 32.0,
        "savesPerGameLast3": 28.3,
        "savesPerGameLast5": 29.0,
        "savesPer60": 29.9,
        "savesPer60Last1": 34.3,
        "savesPer60Last3": 32.0,
        "savesPer60Last5": 31.2,
        "shotsPerGame": 32.0,
        "shotsPerGameLast5": 31.6,
        "shotsAgainstPerGame": 31.5,
        "shotsAgainstPerGameLast5": 32.8,
        "oppSavesAgainstPer60": 30.0,
        "oppSavesAgainstPer60Last1": 32.0,
        "oppSavesAgainstPer60Last3": 28.7,
        "oppSavesAgainstPer60Last5": 26.6,
        "oppShotsAgainstPerGame": 29.5,
        "oppShotsAgainstPerGameLast5": 30.0,
        "savesProj": 30.2,
        "savesProjLast5": 28.9,
        "savesProjLast3": 32.0,
        "oppSavesAgainstProj": 29.2,
        "oppSavesAgainstProjLast5": 26.7,
        "oppSavesAgainstProjLast3": 27.1,
        "totalOver": 39,
        "totalOverLast5": 60,
        "totalOverLast15": 53,
        "lastTotalOver": 28,
        "last5": "2,4,0,3,3,2,4,4,1,2",
        "overOdds": "+120",
        "underOdds": "-150",
        "overUnder": "+120 / -150"
    },
    {
        "player": "Brayden Point",
        "team": "TB",
        "opponent": "TOR",
        "propType": "sog",
        "line": 2.5,
        "ppLine": "PP1",
        "avg": 2.92,
        "hit": false,
        "diffAvg": 0.17,
        "diffAbs": 0.08,
        "lastAvg": 2.35,
        "diff": -0.06,
        "avgMin": 19,
        "proj": 2.3,
        "lastAvgMin": 19.45,
        "oppOver": 0,
        "teamOver": 0,
        "gameLine": "+130",
        "+/-": -1,
        "L5_+/-": -4.0,
        "prevMatchup": "2023-04-24 3.0 sog 2023-04-22 7.0 sog 2023-04-20 2.0 sog 2023-04-18 4.0 sog 2023-04-11 7.0 sog 2022-12-20 2.0 sog 2022-12-03 1.0 sog",
        "winLossSplits": "53% - 49%",
        "awayHome": "A",
        "playedYesterday": "N",
        "awayHomeSplits": "42% - 60%",
        "savesAboveExp": 0.388,
        "gsaa": 17.37,
        "corsi": "51.4% (59.4) // 49.6% (57.4) // 51.4% (59.4) // 51.4% (59.4)",
        "fenwick": "51.3% (44.7) // 48.1% (42.5) // 51.3% (44.7) // 51.3% (44.7)",
        "shots": "50.4% (31.7) // 47.3% (30.9) // 50.4% (31.7) // 50.4% (31.7)",
        "scoring": "52.9% (33.9) // 49.5% (32.2) // 52.9% (33.9) // 52.9% (33.9)",
        "corsiAgainst": "48.6% (56.3) // 50.4% (58.3) // 48.6% (56.3) // 48.6% (56.3)",
        "fenwickAgainst": "48.7% (42.4) // 51.9% (45.9) // 48.7% (42.4) // 48.7% (42.4)",
        "shotsAgainst": "49.6% (31.2) // 52.7% (34.4) // 49.6% (31.2) // 49.6% (31.2)",
        "scoringAgainst": "47.1% (30.1) // 50.5% (32.8) // 47.1% (30.1) // 47.1% (30.1)",
        "oppCorsi": "50.8% (57.6) // 50.8% (59.1) // 50.8% (57.6) // 50.8% (57.6)",
        "oppFenwick": "51.7% (44.0) // 52.2% (46.4) // 51.7% (44.0) // 51.7% (44.0)",
        "oppShots": "52.1% (31.8) // 52.3% (33.2) // 52.1% (31.8) // 52.1% (31.8)",
        "oppScoring": "53.9% (33.4) // 55.3% (34.1) // 53.9% (33.4) // 53.9% (33.4)",
        "oppCorsiAgainst": "49.2% (55.8) // 49.2% (57.4) // 49.2% (55.8) // 49.2% (55.8)",
        "oppFenwickAgainst": "48.3% (41.1) // 47.8% (42.5) // 48.3% (41.1) // 48.3% (41.1)",
        "oppShotsAgainst": "47.9% (29.2) // 47.7% (30.3) // 47.9% (29.2) // 47.9% (29.2)",
        "oppScoringAgainst": "46.1% (28.5) // 44.7% (27.6) // 46.1% (28.5) // 46.1% (28.5)",
        "savesPerGame": 28.4,
        "savesPerGameLast1": 32.0,
        "savesPerGameLast3": 28.3,
        "savesPerGameLast5": 29.0,
        "savesPer60": 29.9,
        "savesPer60Last1": 34.3,
        "savesPer60Last3": 32.0,
        "savesPer60Last5": 31.2,
        "shotsPerGame": 32.0,
        "shotsPerGameLast5": 31.6,
        "shotsAgainstPerGame": 31.5,
        "shotsAgainstPerGameLast5": 32.8,
        "oppSavesAgainstPer60": 30.0,
        "oppSavesAgainstPer60Last1": 32.0,
        "oppSavesAgainstPer60Last3": 28.7,
        "oppSavesAgainstPer60Last5": 26.6,
        "oppShotsAgainstPerGame": 29.5,
        "oppShotsAgainstPerGameLast5": 30.0,
        "savesProj": 30.2,
        "savesProjLast5": 28.9,
        "savesProjLast3": 32.0,
        "oppSavesAgainstProj": 29.2,
        "oppSavesAgainstProjLast5": 26.7,
        "oppSavesAgainstProjLast3": 27.1,
        "totalOver": 51,
        "totalOverLast5": 80,
        "totalOverLast15": 40,
        "lastTotalOver": 43,
        "last5": "3,7,2,4,5,7,2,1,2,2",
        "overOdds": "-130",
        "underOdds": "+100",
        "overUnder": "-130 / +100"
    },
    {
        "player": "John Tavares",
        "team": "TOR",
        "opponent": "TB",
        "propType": "sog",
        "line": 3.5,
        "ppLine": "PP1",
        "avg": 3.46,
        "hit": false,
        "diffAvg": -0.01,
        "diffAbs": 0.26,
        "lastAvg": 2.76,
        "diff": -0.21,
        "avgMin": 17,
        "proj": 2.6,
        "lastAvgMin": 18.07,
        "oppOver": 0,
        "teamOver": 0,
        "gameLine": "-150",
        "+/-": -9,
        "L5_+/-": -6.0,
        "prevMatchup": "2023-04-24 3.0 sog 2023-04-22 1.0 sog 2023-04-20 6.0 sog 2023-04-18 4.0 sog 2023-04-11 3.0 sog 2022-12-20 5.0 sog 2022-12-03 3.0 sog",
        "winLossSplits": "45% - 36%",
        "awayHome": "H",
        "playedYesterday": "N",
        "awayHomeSplits": "39% - 44%",
        "savesAboveExp": 0.522,
        "gsaa": 20.53,
        "corsi": "50.8% (57.6) // 50.8% (59.1) // 50.8% (57.6) // 50.8% (57.6)",
        "fenwick": "51.7% (44.0) // 52.2% (46.4) // 51.7% (44.0) // 51.7% (44.0)",
        "shots": "52.1% (31.8) // 52.3% (33.2) // 52.1% (31.8) // 52.1% (31.8)",
        "scoring": "53.9% (33.4) // 55.3% (34.1) // 53.9% (33.4) // 53.9% (33.4)",
        "corsiAgainst": "49.2% (55.8) // 49.2% (57.4) // 49.2% (55.8) // 49.2% (55.8)",
        "fenwickAgainst": "48.3% (41.1) // 47.8% (42.5) // 48.3% (41.1) // 48.3% (41.1)",
        "shotsAgainst": "47.9% (29.2) // 47.7% (30.3) // 47.9% (29.2) // 47.9% (29.2)",
        "scoringAgainst": "46.1% (28.5) // 44.7% (27.6) // 46.1% (28.5) // 46.1% (28.5)",
        "oppCorsi": "51.4% (59.4) // 49.6% (57.4) // 51.4% (59.4) // 51.4% (59.4)",
        "oppFenwick": "51.3% (44.7) // 48.1% (42.5) // 51.3% (44.7) // 51.3% (44.7)",
        "oppShots": "50.4% (31.7) // 47.3% (30.9) // 50.4% (31.7) // 50.4% (31.7)",
        "oppScoring": "52.9% (33.9) // 49.5% (32.2) // 52.9% (33.9) // 52.9% (33.9)",
        "oppCorsiAgainst": "48.6% (56.3) // 50.4% (58.3) // 48.6% (56.3) // 48.6% (56.3)",
        "oppFenwickAgainst": "48.7% (42.4) // 51.9% (45.9) // 48.7% (42.4) // 48.7% (42.4)",
        "oppShotsAgainst": "49.6% (31.2) // 52.7% (34.4) // 49.6% (31.2) // 49.6% (31.2)",
        "oppScoringAgainst": "47.1% (30.1) // 50.5% (32.8) // 47.1% (30.1) // 47.1% (30.1)",
        "savesPerGame": 26.8,
        "savesPerGameLast1": 27.0,
        "savesPerGameLast3": 27.7,
        "savesPerGameLast5": 26.4,
        "savesPer60": 28.3,
        "savesPer60Last1": 28.8,
        "savesPer60Last3": 31.1,
        "savesPer60Last5": 28.4,
        "shotsPerGame": 32.0,
        "shotsPerGameLast5": 30.6,
        "shotsAgainstPerGame": 29.5,
        "shotsAgainstPerGameLast5": 30.0,
        "oppSavesAgainstPer60": 30.1,
        "oppSavesAgainstPer60Last1": 26.9,
        "oppSavesAgainstPer60Last3": 28.1,
        "oppSavesAgainstPer60Last5": 27.5,
        "oppShotsAgainstPerGame": 31.5,
        "oppShotsAgainstPerGameLast5": 32.8,
        "savesProj": 27.0,
        "savesProjLast5": 26.0,
        "savesProjLast3": 28.8,
        "oppSavesAgainstProj": 27.8,
        "oppSavesAgainstProjLast5": 24.2,
        "oppSavesAgainstProjLast3": 25.8,
        "totalOver": 42,
        "totalOverLast5": 40,
        "totalOverLast15": 47,
        "lastTotalOver": 29,
        "last5": "3,1,6,4,3,3,5,4,7,4",
        "overOdds": "+120",
        "underOdds": "-150",
        "overUnder": "+120 / -150"
    },
    {
        "player": "Mikhail Sergachev",
        "team": "TB",
        "opponent": "TOR",
        "propType": "sog",
        "line": 1.5,
        "ppLine": "PP1",
        "avg": 1.98,
        "hit": false,
        "diffAvg": 0.32,
        "diffAbs": 0.0,
        "lastAvg": 1.48,
        "diff": -0.01,
        "avgMin": 23,
        "proj": 1.5,
        "lastAvgMin": 22.47,
        "oppOver": 0,
        "teamOver": 0,
        "gameLine": "+130",
        "+/-": "+9",
        "L5_+/-": -2.0,
        "prevMatchup": "2023-04-24 3.0 sog 2023-04-22 1.0 sog 2023-04-20 1.0 sog 2023-04-18 3.0 sog 2023-04-11 6.0 sog 2022-12-20 0.0 sog 2022-12-03 0.0 sog",
        "winLossSplits": "58% - 63%",
        "awayHome": "A",
        "playedYesterday": "N",
        "awayHomeSplits": "59% - 62%",
        "savesAboveExp": 0.388,
        "gsaa": 17.37,
        "corsi": "51.4% (59.4) // 49.6% (57.4) // 51.4% (59.4) // 51.4% (59.4)",
        "fenwick": "51.3% (44.7) // 48.1% (42.5) // 51.3% (44.7) // 51.3% (44.7)",
        "shots": "50.4% (31.7) // 47.3% (30.9) // 50.4% (31.7) // 50.4% (31.7)",
        "scoring": "52.9% (33.9) // 49.5% (32.2) // 52.9% (33.9) // 52.9% (33.9)",
        "corsiAgainst": "48.6% (56.3) // 50.4% (58.3) // 48.6% (56.3) // 48.6% (56.3)",
        "fenwickAgainst": "48.7% (42.4) // 51.9% (45.9) // 48.7% (42.4) // 48.7% (42.4)",
        "shotsAgainst": "49.6% (31.2) // 52.7% (34.4) // 49.6% (31.2) // 49.6% (31.2)",
        "scoringAgainst": "47.1% (30.1) // 50.5% (32.8) // 47.1% (30.1) // 47.1% (30.1)",
        "oppCorsi": "50.8% (57.6) // 50.8% (59.1) // 50.8% (57.6) // 50.8% (57.6)",
        "oppFenwick": "51.7% (44.0) // 52.2% (46.4) // 51.7% (44.0) // 51.7% (44.0)",
        "oppShots": "52.1% (31.8) // 52.3% (33.2) // 52.1% (31.8) // 52.1% (31.8)",
        "oppScoring": "53.9% (33.4) // 55.3% (34.1) // 53.9% (33.4) // 53.9% (33.4)",
        "oppCorsiAgainst": "49.2% (55.8) // 49.2% (57.4) // 49.2% (55.8) // 49.2% (55.8)",
        "oppFenwickAgainst": "48.3% (41.1) // 47.8% (42.5) // 48.3% (41.1) // 48.3% (41.1)",
        "oppShotsAgainst": "47.9% (29.2) // 47.7% (30.3) // 47.9% (29.2) // 47.9% (29.2)",
        "oppScoringAgainst": "46.1% (28.5) // 44.7% (27.6) // 46.1% (28.5) // 46.1% (28.5)",
        "savesPerGame": 28.4,
        "savesPerGameLast1": 32.0,
        "savesPerGameLast3": 28.3,
        "savesPerGameLast5": 29.0,
        "savesPer60": 29.9,
        "savesPer60Last1": 34.3,
        "savesPer60Last3": 32.0,
        "savesPer60Last5": 31.2,
        "shotsPerGame": 32.0,
        "shotsPerGameLast5": 31.6,
        "shotsAgainstPerGame": 31.5,
        "shotsAgainstPerGameLast5": 32.8,
        "oppSavesAgainstPer60": 30.0,
        "oppSavesAgainstPer60Last1": 32.0,
        "oppSavesAgainstPer60Last3": 28.7,
        "oppSavesAgainstPer60Last5": 26.6,
        "oppShotsAgainstPerGame": 29.5,
        "oppShotsAgainstPerGameLast5": 30.0,
        "savesProj": 30.2,
        "savesProjLast5": 28.9,
        "savesProjLast3": 32.0,
        "oppSavesAgainstProj": 29.2,
        "oppSavesAgainstProjLast5": 26.7,
        "oppSavesAgainstProjLast3": 27.1,
        "totalOver": 60,
        "totalOverLast5": 40,
        "totalOverLast15": 53,
        "lastTotalOver": 47,
        "last5": "3,1,1,3,1,6,3,1,4,1",
        "overOdds": "-180",
        "underOdds": "+145",
        "overUnder": "-180 / +145"
    },
    {
        "player": "Mitchell Marner",
        "team": "TOR",
        "opponent": "TB",
        "propType": "sog",
        "line": 2.5,
        "ppLine": "PP1",
        "avg": 2.46,
        "hit": false,
        "diffAvg": -0.02,
        "diffAbs": 0.16,
        "lastAvg": 2.84,
        "diff": 0.14,
        "avgMin": 21,
        "proj": 2.9,
        "lastAvgMin": 20.87,
        "oppOver": 0,
        "teamOver": 0,
        "gameLine": "-150",
        "+/-": "+24",
        "L5_+/-": "+8.0",
        "prevMatchup": "2023-04-24 3.0 sog 2023-04-22 2.0 sog 2023-04-20 3.0 sog 2023-04-18 3.0 sog 2022-12-20 3.0 sog 2022-12-03 5.0 sog",
        "winLossSplits": "48% - 47%",
        "awayHome": "H",
        "playedYesterday": "N",
        "awayHomeSplits": "45% - 50%",
        "savesAboveExp": 0.522,
        "gsaa": 20.53,
        "corsi": "50.8% (57.6) // 50.8% (59.1) // 50.8% (57.6) // 50.8% (57.6)",
        "fenwick": "51.7% (44.0) // 52.2% (46.4) // 51.7% (44.0) // 51.7% (44.0)",
        "shots": "52.1% (31.8) // 52.3% (33.2) // 52.1% (31.8) // 52.1% (31.8)",
        "scoring": "53.9% (33.4) // 55.3% (34.1) // 53.9% (33.4) // 53.9% (33.4)",
        "corsiAgainst": "49.2% (55.8) // 49.2% (57.4) // 49.2% (55.8) // 49.2% (55.8)",
        "fenwickAgainst": "48.3% (41.1) // 47.8% (42.5) // 48.3% (41.1) // 48.3% (41.1)",
        "shotsAgainst": "47.9% (29.2) // 47.7% (30.3) // 47.9% (29.2) // 47.9% (29.2)",
        "scoringAgainst": "46.1% (28.5) // 44.7% (27.6) // 46.1% (28.5) // 46.1% (28.5)",
        "oppCorsi": "51.4% (59.4) // 49.6% (57.4) // 51.4% (59.4) // 51.4% (59.4)",
        "oppFenwick": "51.3% (44.7) // 48.1% (42.5) // 51.3% (44.7) // 51.3% (44.7)",
        "oppShots": "50.4% (31.7) // 47.3% (30.9) // 50.4% (31.7) // 50.4% (31.7)",
        "oppScoring": "52.9% (33.9) // 49.5% (32.2) // 52.9% (33.9) // 52.9% (33.9)",
        "oppCorsiAgainst": "48.6% (56.3) // 50.4% (58.3) // 48.6% (56.3) // 48.6% (56.3)",
        "oppFenwickAgainst": "48.7% (42.4) // 51.9% (45.9) // 48.7% (42.4) // 48.7% (42.4)",
        "oppShotsAgainst": "49.6% (31.2) // 52.7% (34.4) // 49.6% (31.2) // 49.6% (31.2)",
        "oppScoringAgainst": "47.1% (30.1) // 50.5% (32.8) // 47.1% (30.1) // 47.1% (30.1)",
        "savesPerGame": 26.8,
        "savesPerGameLast1": 27.0,
        "savesPerGameLast3": 27.7,
        "savesPerGameLast5": 26.4,
        "savesPer60": 28.3,
        "savesPer60Last1": 28.8,
        "savesPer60Last3": 31.1,
        "savesPer60Last5": 28.4,
        "shotsPerGame": 32.0,
        "shotsPerGameLast5": 30.6,
        "shotsAgainstPerGame": 29.5,
        "shotsAgainstPerGameLast5": 30.0,
        "oppSavesAgainstPer60": 30.1,
        "oppSavesAgainstPer60Last1": 26.9,
        "oppSavesAgainstPer60Last3": 28.1,
        "oppSavesAgainstPer60Last5": 27.5,
        "oppShotsAgainstPerGame": 31.5,
        "oppShotsAgainstPerGameLast5": 32.8,
        "savesProj": 27.0,
        "savesProjLast5": 26.0,
        "savesProjLast3": 28.8,
        "oppSavesAgainstProj": 27.8,
        "oppSavesAgainstProjLast5": 24.2,
        "oppSavesAgainstProjLast3": 25.8,
        "totalOver": 48,
        "totalOverLast5": 60,
        "totalOverLast15": 53,
        "lastTotalOver": 51,
        "last5": "3,2,3,3,1,1,5,3,6,0",
        "overOdds": "-130",
        "underOdds": "+100",
        "overUnder": "-130 / +100"
    },
    {
        "player": "Morgan Rielly",
        "team": "TOR",
        "opponent": "TB",
        "propType": "sog",
        "line": 1.5,
        "ppLine": "PP1",
        "avg": 1.93,
        "hit": false,
        "diffAvg": 0.29,
        "diffAbs": 0.47,
        "lastAvg": 2.48,
        "diff": 0.65,
        "avgMin": 21,
        "proj": 2.2,
        "lastAvgMin": 23.73,
        "oppOver": 0,
        "teamOver": 0,
        "gameLine": "-150",
        "+/-": -3,
        "L5_+/-": "+1.0",
        "prevMatchup": "2023-04-24 1.0 sog 2023-04-22 2.0 sog 2023-04-20 2.0 sog 2023-04-18 2.0 sog 2023-04-11 0.0 sog",
        "winLossSplits": "62% - 47%",
        "awayHome": "H",
        "playedYesterday": "N",
        "awayHomeSplits": "42% - 67%",
        "savesAboveExp": 0.522,
        "gsaa": 20.53,
        "corsi": "50.8% (57.6) // 50.8% (59.1) // 50.8% (57.6) // 50.8% (57.6)",
        "fenwick": "51.7% (44.0) // 52.2% (46.4) // 51.7% (44.0) // 51.7% (44.0)",
        "shots": "52.1% (31.8) // 52.3% (33.2) // 52.1% (31.8) // 52.1% (31.8)",
        "scoring": "53.9% (33.4) // 55.3% (34.1) // 53.9% (33.4) // 53.9% (33.4)",
        "corsiAgainst": "49.2% (55.8) // 49.2% (57.4) // 49.2% (55.8) // 49.2% (55.8)",
        "fenwickAgainst": "48.3% (41.1) // 47.8% (42.5) // 48.3% (41.1) // 48.3% (41.1)",
        "shotsAgainst": "47.9% (29.2) // 47.7% (30.3) // 47.9% (29.2) // 47.9% (29.2)",
        "scoringAgainst": "46.1% (28.5) // 44.7% (27.6) // 46.1% (28.5) // 46.1% (28.5)",
        "oppCorsi": "51.4% (59.4) // 49.6% (57.4) // 51.4% (59.4) // 51.4% (59.4)",
        "oppFenwick": "51.3% (44.7) // 48.1% (42.5) // 51.3% (44.7) // 51.3% (44.7)",
        "oppShots": "50.4% (31.7) // 47.3% (30.9) // 50.4% (31.7) // 50.4% (31.7)",
        "oppScoring": "52.9% (33.9) // 49.5% (32.2) // 52.9% (33.9) // 52.9% (33.9)",
        "oppCorsiAgainst": "48.6% (56.3) // 50.4% (58.3) // 48.6% (56.3) // 48.6% (56.3)",
        "oppFenwickAgainst": "48.7% (42.4) // 51.9% (45.9) // 48.7% (42.4) // 48.7% (42.4)",
        "oppShotsAgainst": "49.6% (31.2) // 52.7% (34.4) // 49.6% (31.2) // 49.6% (31.2)",
        "oppScoringAgainst": "47.1% (30.1) // 50.5% (32.8) // 47.1% (30.1) // 47.1% (30.1)",
        "savesPerGame": 26.8,
        "savesPerGameLast1": 27.0,
        "savesPerGameLast3": 27.7,
        "savesPerGameLast5": 26.4,
        "savesPer60": 28.3,
        "savesPer60Last1": 28.8,
        "savesPer60Last3": 31.1,
        "savesPer60Last5": 28.4,
        "shotsPerGame": 32.0,
        "shotsPerGameLast5": 30.6,
        "shotsAgainstPerGame": 29.5,
        "shotsAgainstPerGameLast5": 30.0,
        "oppSavesAgainstPer60": 30.1,
        "oppSavesAgainstPer60Last1": 26.9,
        "oppSavesAgainstPer60Last3": 28.1,
        "oppSavesAgainstPer60Last5": 27.5,
        "oppShotsAgainstPerGame": 31.5,
        "oppShotsAgainstPerGameLast5": 32.8,
        "savesProj": 27.0,
        "savesProjLast5": 26.0,
        "savesProjLast3": 28.8,
        "oppSavesAgainstProj": 27.8,
        "oppSavesAgainstProjLast5": 24.2,
        "oppSavesAgainstProjLast3": 25.8,
        "totalOver": 55,
        "totalOverLast5": 60,
        "totalOverLast15": 47,
        "lastTotalOver": 78,
        "last5": "1,2,2,2,0,0,1,0,9,2",
        "overOdds": "-160",
        "underOdds": "+130",
        "overUnder": "-160 / +130"
    },
    {
        "player": "Nikita Kucherov",
        "team": "TB",
        "opponent": "TOR",
        "propType": "sog",
        "line": 3.5,
        "ppLine": "PP1",
        "avg": 3.33,
        "hit": false,
        "diffAvg": -0.05,
        "diffAbs": 0.37,
        "lastAvg": 2.23,
        "diff": -0.36,
        "avgMin": 20,
        "proj": 2.2,
        "lastAvgMin": 19.97,
        "oppOver": 0,
        "teamOver": 0,
        "gameLine": "+130",
        "+/-": -4,
        "L5_+/-": -5.0,
        "prevMatchup": "2023-04-24 2.0 sog 2023-04-22 6.0 sog 2023-04-20 3.0 sog 2023-04-18 4.0 sog 2023-04-11 10.0 sog 2022-12-20 3.0 sog 2022-12-03 2.0 sog",
        "winLossSplits": "40% - 46%",
        "awayHome": "A",
        "playedYesterday": "N",
        "awayHomeSplits": "30% - 56%",
        "savesAboveExp": 0.388,
        "gsaa": 17.37,
        "corsi": "51.4% (59.4) // 49.6% (57.4) // 51.4% (59.4) // 51.4% (59.4)",
        "fenwick": "51.3% (44.7) // 48.1% (42.5) // 51.3% (44.7) // 51.3% (44.7)",
        "shots": "50.4% (31.7) // 47.3% (30.9) // 50.4% (31.7) // 50.4% (31.7)",
        "scoring": "52.9% (33.9) // 49.5% (32.2) // 52.9% (33.9) // 52.9% (33.9)",
        "corsiAgainst": "48.6% (56.3) // 50.4% (58.3) // 48.6% (56.3) // 48.6% (56.3)",
        "fenwickAgainst": "48.7% (42.4) // 51.9% (45.9) // 48.7% (42.4) // 48.7% (42.4)",
        "shotsAgainst": "49.6% (31.2) // 52.7% (34.4) // 49.6% (31.2) // 49.6% (31.2)",
        "scoringAgainst": "47.1% (30.1) // 50.5% (32.8) // 47.1% (30.1) // 47.1% (30.1)",
        "oppCorsi": "50.8% (57.6) // 50.8% (59.1) // 50.8% (57.6) // 50.8% (57.6)",
        "oppFenwick": "51.7% (44.0) // 52.2% (46.4) // 51.7% (44.0) // 51.7% (44.0)",
        "oppShots": "52.1% (31.8) // 52.3% (33.2) // 52.1% (31.8) // 52.1% (31.8)",
        "oppScoring": "53.9% (33.4) // 55.3% (34.1) // 53.9% (33.4) // 53.9% (33.4)",
        "oppCorsiAgainst": "49.2% (55.8) // 49.2% (57.4) // 49.2% (55.8) // 49.2% (55.8)",
        "oppFenwickAgainst": "48.3% (41.1) // 47.8% (42.5) // 48.3% (41.1) // 48.3% (41.1)",
        "oppShotsAgainst": "47.9% (29.2) // 47.7% (30.3) // 47.9% (29.2) // 47.9% (29.2)",
        "oppScoringAgainst": "46.1% (28.5) // 44.7% (27.6) // 46.1% (28.5) // 46.1% (28.5)",
        "savesPerGame": 28.4,
        "savesPerGameLast1": 32.0,
        "savesPerGameLast3": 28.3,
        "savesPerGameLast5": 29.0,
        "savesPer60": 29.9,
        "savesPer60Last1": 34.3,
        "savesPer60Last3": 32.0,
        "savesPer60Last5": 31.2,
        "shotsPerGame": 32.0,
        "shotsPerGameLast5": 31.6,
        "shotsAgainstPerGame": 31.5,
        "shotsAgainstPerGameLast5": 32.8,
        "oppSavesAgainstPer60": 30.0,
        "oppSavesAgainstPer60Last1": 32.0,
        "oppSavesAgainstPer60Last3": 28.7,
        "oppSavesAgainstPer60Last5": 26.6,
        "oppShotsAgainstPerGame": 29.5,
        "oppShotsAgainstPerGameLast5": 30.0,
        "savesProj": 30.2,
        "savesProjLast5": 28.9,
        "savesProjLast3": 32.0,
        "oppSavesAgainstProj": 29.2,
        "oppSavesAgainstProjLast5": 26.7,
        "oppSavesAgainstProjLast3": 27.1,
        "totalOver": 43,
        "totalOverLast5": 40,
        "totalOverLast15": 20,
        "lastTotalOver": 47,
        "last5": "2,6,3,4,3,10,2,1,1,3",
        "overOdds": "+115",
        "underOdds": "-145",
        "overUnder": "+115 / -145"
    },
    {
        "player": "Steven Stamkos",
        "team": "TB",
        "opponent": "TOR",
        "propType": "sog",
        "line": 2.5,
        "ppLine": "PP1",
        "avg": 2.94,
        "hit": false,
        "diffAvg": 0.18,
        "diffAbs": 0.04,
        "lastAvg": 2.3,
        "diff": -0.08,
        "avgMin": 19,
        "proj": 2.4,
        "lastAvgMin": 18.47,
        "oppOver": 0,
        "teamOver": 0,
        "gameLine": "+130",
        "+/-": -7,
        "L5_+/-": -3.0,
        "prevMatchup": "2023-04-24 3.0 sog 2023-04-22 2.0 sog 2023-04-20 3.0 sog 2023-04-18 2.0 sog 2023-04-11 3.0 sog 2022-12-20 1.0 sog 2022-12-03 3.0 sog",
        "winLossSplits": "52% - 56%",
        "awayHome": "A",
        "playedYesterday": "N",
        "awayHomeSplits": "57% - 51%",
        "savesAboveExp": 0.388,
        "gsaa": 17.37,
        "corsi": "51.4% (59.4) // 49.6% (57.4) // 51.4% (59.4) // 51.4% (59.4)",
        "fenwick": "51.3% (44.7) // 48.1% (42.5) // 51.3% (44.7) // 51.3% (44.7)",
        "shots": "50.4% (31.7) // 47.3% (30.9) // 50.4% (31.7) // 50.4% (31.7)",
        "scoring": "52.9% (33.9) // 49.5% (32.2) // 52.9% (33.9) // 52.9% (33.9)",
        "corsiAgainst": "48.6% (56.3) // 50.4% (58.3) // 48.6% (56.3) // 48.6% (56.3)",
        "fenwickAgainst": "48.7% (42.4) // 51.9% (45.9) // 48.7% (42.4) // 48.7% (42.4)",
        "shotsAgainst": "49.6% (31.2) // 52.7% (34.4) // 49.6% (31.2) // 49.6% (31.2)",
        "scoringAgainst": "47.1% (30.1) // 50.5% (32.8) // 47.1% (30.1) // 47.1% (30.1)",
        "oppCorsi": "50.8% (57.6) // 50.8% (59.1) // 50.8% (57.6) // 50.8% (57.6)",
        "oppFenwick": "51.7% (44.0) // 52.2% (46.4) // 51.7% (44.0) // 51.7% (44.0)",
        "oppShots": "52.1% (31.8) // 52.3% (33.2) // 52.1% (31.8) // 52.1% (31.8)",
        "oppScoring": "53.9% (33.4) // 55.3% (34.1) // 53.9% (33.4) // 53.9% (33.4)",
        "oppCorsiAgainst": "49.2% (55.8) // 49.2% (57.4) // 49.2% (55.8) // 49.2% (55.8)",
        "oppFenwickAgainst": "48.3% (41.1) // 47.8% (42.5) // 48.3% (41.1) // 48.3% (41.1)",
        "oppShotsAgainst": "47.9% (29.2) // 47.7% (30.3) // 47.9% (29.2) // 47.9% (29.2)",
        "oppScoringAgainst": "46.1% (28.5) // 44.7% (27.6) // 46.1% (28.5) // 46.1% (28.5)",
        "savesPerGame": 28.4,
        "savesPerGameLast1": 32.0,
        "savesPerGameLast3": 28.3,
        "savesPerGameLast5": 29.0,
        "savesPer60": 29.9,
        "savesPer60Last1": 34.3,
        "savesPer60Last3": 32.0,
        "savesPer60Last5": 31.2,
        "shotsPerGame": 32.0,
        "shotsPerGameLast5": 31.6,
        "shotsAgainstPerGame": 31.5,
        "shotsAgainstPerGameLast5": 32.8,
        "oppSavesAgainstPer60": 30.0,
        "oppSavesAgainstPer60Last1": 32.0,
        "oppSavesAgainstPer60Last3": 28.7,
        "oppSavesAgainstPer60Last5": 26.6,
        "oppShotsAgainstPerGame": 29.5,
        "oppShotsAgainstPerGameLast5": 30.0,
        "savesProj": 30.2,
        "savesProjLast5": 28.9,
        "savesProjLast3": 32.0,
        "oppSavesAgainstProj": 29.2,
        "oppSavesAgainstProjLast5": 26.7,
        "oppSavesAgainstProjLast3": 27.1,
        "totalOver": 54,
        "totalOverLast5": 40,
        "totalOverLast15": 47,
        "lastTotalOver": 55,
        "last5": "3,2,3,2,2,3,3,1,3,3",
        "overOdds": "-130",
        "underOdds": "+100",
        "overUnder": "-130 / +100"
    },
    {
        "player": "Victor Hedman",
        "team": "TB",
        "opponent": "TOR",
        "propType": "sog",
        "line": 2.5,
        "ppLine": "PP2",
        "avg": 2.41,
        "hit": false,
        "diffAvg": -0.04,
        "diffAbs": 0.24,
        "lastAvg": 2.07,
        "diff": -0.17,
        "avgMin": 23,
        "proj": 1.9,
        "lastAvgMin": 25.07,
        "oppOver": 0,
        "teamOver": 0,
        "gameLine": "+130",
        "+/-": "+12",
        "L5_+/-": "+1.0",
        "prevMatchup": "2023-04-24 4.0 sog 2023-04-22 1.0 sog 2023-04-18 0.0 sog 2023-04-11 5.0 sog 2022-12-20 1.0 sog 2022-12-03 2.0 sog",
        "winLossSplits": "43% - 40%",
        "awayHome": "A",
        "playedYesterday": "N",
        "awayHomeSplits": "41% - 42%",
        "savesAboveExp": 0.388,
        "gsaa": 17.37,
        "corsi": "51.4% (59.4) // 49.6% (57.4) // 51.4% (59.4) // 51.4% (59.4)",
        "fenwick": "51.3% (44.7) // 48.1% (42.5) // 51.3% (44.7) // 51.3% (44.7)",
        "shots": "50.4% (31.7) // 47.3% (30.9) // 50.4% (31.7) // 50.4% (31.7)",
        "scoring": "52.9% (33.9) // 49.5% (32.2) // 52.9% (33.9) // 52.9% (33.9)",
        "corsiAgainst": "48.6% (56.3) // 50.4% (58.3) // 48.6% (56.3) // 48.6% (56.3)",
        "fenwickAgainst": "48.7% (42.4) // 51.9% (45.9) // 48.7% (42.4) // 48.7% (42.4)",
        "shotsAgainst": "49.6% (31.2) // 52.7% (34.4) // 49.6% (31.2) // 49.6% (31.2)",
        "scoringAgainst": "47.1% (30.1) // 50.5% (32.8) // 47.1% (30.1) // 47.1% (30.1)",
        "oppCorsi": "50.8% (57.6) // 50.8% (59.1) // 50.8% (57.6) // 50.8% (57.6)",
        "oppFenwick": "51.7% (44.0) // 52.2% (46.4) // 51.7% (44.0) // 51.7% (44.0)",
        "oppShots": "52.1% (31.8) // 52.3% (33.2) // 52.1% (31.8) // 52.1% (31.8)",
        "oppScoring": "53.9% (33.4) // 55.3% (34.1) // 53.9% (33.4) // 53.9% (33.4)",
        "oppCorsiAgainst": "49.2% (55.8) // 49.2% (57.4) // 49.2% (55.8) // 49.2% (55.8)",
        "oppFenwickAgainst": "48.3% (41.1) // 47.8% (42.5) // 48.3% (41.1) // 48.3% (41.1)",
        "oppShotsAgainst": "47.9% (29.2) // 47.7% (30.3) // 47.9% (29.2) // 47.9% (29.2)",
        "oppScoringAgainst": "46.1% (28.5) // 44.7% (27.6) // 46.1% (28.5) // 46.1% (28.5)",
        "savesPerGame": 28.4,
        "savesPerGameLast1": 32.0,
        "savesPerGameLast3": 28.3,
        "savesPerGameLast5": 29.0,
        "savesPer60": 29.9,
        "savesPer60Last1": 34.3,
        "savesPer60Last3": 32.0,
        "savesPer60Last5": 31.2,
        "shotsPerGame": 32.0,
        "shotsPerGameLast5": 31.6,
        "shotsAgainstPerGame": 31.5,
        "shotsAgainstPerGameLast5": 32.8,
        "oppSavesAgainstPer60": 30.0,
        "oppSavesAgainstPer60Last1": 32.0,
        "oppSavesAgainstPer60Last3": 28.7,
        "oppSavesAgainstPer60Last5": 26.6,
        "oppShotsAgainstPerGame": 29.5,
        "oppShotsAgainstPerGameLast5": 30.0,
        "savesProj": 30.2,
        "savesProjLast5": 28.9,
        "savesProjLast3": 32.0,
        "oppSavesAgainstProj": 29.2,
        "oppSavesAgainstProjLast5": 26.7,
        "oppSavesAgainstProjLast3": 27.1,
        "totalOver": 42,
        "totalOverLast5": 40,
        "totalOverLast15": 20,
        "lastTotalOver": 55,
        "last5": "4,1,0,5,2,1,1,1,2,1",
        "overOdds": "+135",
        "underOdds": "-165",
        "overUnder": "+135 / -165"
    },
    {
        "player": "William Nylander",
        "team": "TOR",
        "opponent": "TB",
        "propType": "sog",
        "line": 3.5,
        "ppLine": "PP2",
        "avg": 3.59,
        "hit": false,
        "diffAvg": 0.03,
        "diffAbs": 0.17,
        "lastAvg": 2.91,
        "diff": -0.17,
        "avgMin": 18,
        "proj": 2.9,
        "lastAvgMin": 18.27,
        "oppOver": 0,
        "teamOver": 0,
        "gameLine": "-150",
        "+/-": "+9",
        "L5_+/-": -1.0,
        "prevMatchup": "2023-04-24 3.0 sog 2023-04-22 7.0 sog 2023-04-20 2.0 sog 2023-04-18 4.0 sog 2023-04-11 5.0 sog 2022-12-20 8.0 sog 2022-12-03 6.0 sog",
        "winLossSplits": "42% - 52%",
        "awayHome": "H",
        "playedYesterday": "N",
        "awayHomeSplits": "37% - 53%",
        "savesAboveExp": 0.522,
        "gsaa": 20.53,
        "corsi": "50.8% (57.6) // 50.8% (59.1) // 50.8% (57.6) // 50.8% (57.6)",
        "fenwick": "51.7% (44.0) // 52.2% (46.4) // 51.7% (44.0) // 51.7% (44.0)",
        "shots": "52.1% (31.8) // 52.3% (33.2) // 52.1% (31.8) // 52.1% (31.8)",
        "scoring": "53.9% (33.4) // 55.3% (34.1) // 53.9% (33.4) // 53.9% (33.4)",
        "corsiAgainst": "49.2% (55.8) // 49.2% (57.4) // 49.2% (55.8) // 49.2% (55.8)",
        "fenwickAgainst": "48.3% (41.1) // 47.8% (42.5) // 48.3% (41.1) // 48.3% (41.1)",
        "shotsAgainst": "47.9% (29.2) // 47.7% (30.3) // 47.9% (29.2) // 47.9% (29.2)",
        "scoringAgainst": "46.1% (28.5) // 44.7% (27.6) // 46.1% (28.5) // 46.1% (28.5)",
        "oppCorsi": "51.4% (59.4) // 49.6% (57.4) // 51.4% (59.4) // 51.4% (59.4)",
        "oppFenwick": "51.3% (44.7) // 48.1% (42.5) // 51.3% (44.7) // 51.3% (44.7)",
        "oppShots": "50.4% (31.7) // 47.3% (30.9) // 50.4% (31.7) // 50.4% (31.7)",
        "oppScoring": "52.9% (33.9) // 49.5% (32.2) // 52.9% (33.9) // 52.9% (33.9)",
        "oppCorsiAgainst": "48.6% (56.3) // 50.4% (58.3) // 48.6% (56.3) // 48.6% (56.3)",
        "oppFenwickAgainst": "48.7% (42.4) // 51.9% (45.9) // 48.7% (42.4) // 48.7% (42.4)",
        "oppShotsAgainst": "49.6% (31.2) // 52.7% (34.4) // 49.6% (31.2) // 49.6% (31.2)",
        "oppScoringAgainst": "47.1% (30.1) // 50.5% (32.8) // 47.1% (30.1) // 47.1% (30.1)",
        "savesPerGame": 26.8,
        "savesPerGameLast1": 27.0,
        "savesPerGameLast3": 27.7,
        "savesPerGameLast5": 26.4,
        "savesPer60": 28.3,
        "savesPer60Last1": 28.8,
        "savesPer60Last3": 31.1,
        "savesPer60Last5": 28.4,
        "shotsPerGame": 32.0,
        "shotsPerGameLast5": 30.6,
        "shotsAgainstPerGame": 29.5,
        "shotsAgainstPerGameLast5": 30.0,
        "oppSavesAgainstPer60": 30.1,
        "oppSavesAgainstPer60Last1": 26.9,
        "oppSavesAgainstPer60Last3": 28.1,
        "oppSavesAgainstPer60Last5": 27.5,
        "oppShotsAgainstPerGame": 31.5,
        "oppShotsAgainstPerGameLast5": 32.8,
        "savesProj": 27.0,
        "savesProjLast5": 26.0,
        "savesProjLast3": 28.8,
        "oppSavesAgainstProj": 27.8,
        "oppSavesAgainstProjLast5": 24.2,
        "oppSavesAgainstProjLast3": 25.8,
        "totalOver": 45,
