[
    {
        "player": "Alex Pietrangelo",
        "team": "VGK",
        "opponent": "MIN",
        "propType": "g",
        "line": 0.5,
        "ppLine": "PP1",
        "avg": 0.13,
        "hit": false,
        "diffAvg": -0.74,
        "diffAbs": 0.8,
        "lastAvg": 0.16,
        "diff": -0.68,
        "avgMin": 23,
        "proj": 0.1,
        "lastAvgMin": 24.63,
        "oppOver": 0,
        "teamOver": 0,
        "gameLine": "+115",
        "+/-": "+7",
        "L5_+/-": "+5.0",
        "prevMatchup": "2023-04-01 0.0 g 2023-02-09 1.0 g",
        "winLossSplits": "0.2 - 0.04",
        "awayHome": "A",
        "playedYesterday": "N",
        "awayHomeSplits": "0.16 - 0.11",
        "savesAboveExp": 0.594,
        "gsaa": 30.07,
        "corsi": "48.6% (57.5) // 45.4% (53.7) // 45.5% (56.4) // 46.3% (54.4)",
        "fenwick": "49.8% (42.6) // 46.9% (40.6) // 48.2% (43.1) // 47.9% (42.1)",
        "shots": "50.5% (31.3) // 48.1% (30.6) // 48.3% (31.1) // 49.2% (30.2)",
        "scoring": "49.5% (29.5) // 45.9% (29.3) // 47.4% (32.8) // 49.0% (31.2)",
        "corsiAgainst": "51.4% (60.8) // 54.6% (64.6) // 54.5% (67.7) // 53.7% (63.0)",
        "fenwickAgainst": "50.2% (42.9) // 53.1% (45.9) // 51.8% (46.3) // 52.1% (45.8)",
        "shotsAgainst": "49.5% (30.7) // 51.9% (33.0) // 51.7% (33.2) // 50.8% (31.2)",
        "scoringAgainst": "50.5% (30.0) // 54.1% (34.6) // 52.6% (36.4) // 51.0% (32.5)",
        "oppCorsi": "49.9% (57.4) // 47.2% (54.2) // 43.7% (50.2) // 40.9% (50.3)",
        "oppFenwick": "50.8% (43.3) // 46.7% (41.2) // 43.1% (37.6) // 39.9% (37.0)",
        "oppShots": "50.0% (30.5) // 45.1% (29.0) // 41.6% (25.2) // 39.1% (26.3)",
        "oppScoring": "50.4% (28.1) // 45.9% (25.2) // 39.9% (21.8) // 37.5% (23.0)",
        "oppCorsiAgainst": "50.1% (57.5) // 52.8% (60.6) // 56.3% (64.5) // 59.1% (72.7)",
        "oppFenwickAgainst": "49.2% (42.0) // 53.3% (47.1) // 56.9% (49.6) // 60.1% (55.7)",
        "oppShotsAgainst": "50.0% (30.5) // 54.9% (35.3) // 58.4% (35.4) // 60.9% (41.0)",
        "oppScoringAgainst": "49.6% (27.7) // 54.1% (29.7) // 60.1% (32.9) // 62.5% (38.3)",
        "savesPerGame": 28.3,
        "savesPerGameLast1": 29.0,
        "savesPerGameLast3": 27.3,
        "savesPerGameLast5": 30.2,
        "savesPer60": 28.4,
        "savesPer60Last1": 29.0,
        "savesPer60Last3": 27.5,
        "savesPer60Last5": 30.5,
        "shotsPerGame": 31.8,
        "shotsPerGameLast5": 31.4,
        "shotsAgainstPerGame": 31.1,
        "shotsAgainstPerGameLast5": 33.6,
        "oppSavesAgainstPer60": 28.5,
        "oppSavesAgainstPer60Last1": 28.8,
        "oppSavesAgainstPer60Last3": 23.5,
        "oppSavesAgainstPer60Last5": 22.8,
        "oppShotsAgainstPerGame": 31.1,
        "oppShotsAgainstPerGameLast5": 36.0,
        "savesProj": 27.9,
        "savesProjLast5": 23.6,
        "savesProjLast3": 22.0,
        "oppSavesAgainstProj": 28.8,
        "oppSavesAgainstProjLast5": 23.2,
        "oppSavesAgainstProjLast3": 22.6,
        "totalOver": 13,
        "totalOverLast5": 0,
        "totalOverLast15": 7,
        "lastTotalOver": 16,
        "last5": "0,0,0,0,0,0,0,0,0,1",
        "overOdds": "+500",
        "underOdds": "0",
        "overUnder": "+500 / 0"
    },
    {
        "player": "Jack Eichel",
        "team": "VGK",
        "opponent": "MIN",
        "propType": "g",
        "line": 0.5,
        "ppLine": "PP1",
        "avg": 0.43,
        "hit": false,
        "diffAvg": -0.14,
        "diffAbs": 0.2,
        "lastAvg": 0.41,
        "diff": -0.18,
        "avgMin": 18,
        "proj": 0.4,
        "lastAvgMin": 19.38,
        "oppOver": 0,
        "teamOver": 0,
        "gameLine": "+115",
        "+/-": "+23",
        "L5_+/-": "+6.0",
        "prevMatchup": "2023-04-01 0.0 g 2023-02-09 1.0 g",
        "winLossSplits": "0.59 - 0.14",
        "awayHome": "A",
        "playedYesterday": "N",
        "awayHomeSplits": "0.35 - 0.5",
        "savesAboveExp": 0.594,
        "gsaa": 30.07,
        "corsi": "48.6% (57.5) // 45.4% (53.7) // 45.5% (56.4) // 46.3% (54.4)",
        "fenwick": "49.8% (42.6) // 46.9% (40.6) // 48.2% (43.1) // 47.9% (42.1)",
        "shots": "50.5% (31.3) // 48.1% (30.6) // 48.3% (31.1) // 49.2% (30.2)",
        "scoring": "49.5% (29.5) // 45.9% (29.3) // 47.4% (32.8) // 49.0% (31.2)",
        "corsiAgainst": "51.4% (60.8) // 54.6% (64.6) // 54.5% (67.7) // 53.7% (63.0)",
        "fenwickAgainst": "50.2% (42.9) // 53.1% (45.9) // 51.8% (46.3) // 52.1% (45.8)",
        "shotsAgainst": "49.5% (30.7) // 51.9% (33.0) // 51.7% (33.2) // 50.8% (31.2)",
        "scoringAgainst": "50.5% (30.0) // 54.1% (34.6) // 52.6% (36.4) // 51.0% (32.5)",
        "oppCorsi": "49.9% (57.4) // 47.2% (54.2) // 43.7% (50.2) // 40.9% (50.3)",
        "oppFenwick": "50.8% (43.3) // 46.7% (41.2) // 43.1% (37.6) // 39.9% (37.0)",
        "oppShots": "50.0% (30.5) // 45.1% (29.0) // 41.6% (25.2) // 39.1% (26.3)",
        "oppScoring": "50.4% (28.1) // 45.9% (25.2) // 39.9% (21.8) // 37.5% (23.0)",
        "oppCorsiAgainst": "50.1% (57.5) // 52.8% (60.6) // 56.3% (64.5) // 59.1% (72.7)",
        "oppFenwickAgainst": "49.2% (42.0) // 53.3% (47.1) // 56.9% (49.6) // 60.1% (55.7)",
        "oppShotsAgainst": "50.0% (30.5) // 54.9% (35.3) // 58.4% (35.4) // 60.9% (41.0)",
        "oppScoringAgainst": "49.6% (27.7) // 54.1% (29.7) // 60.1% (32.9) // 62.5% (38.3)",
        "savesPerGame": 28.3,
        "savesPerGameLast1": 29.0,
        "savesPerGameLast3": 27.3,
        "savesPerGameLast5": 30.2,
        "savesPer60": 28.4,
        "savesPer60Last1": 29.0,
        "savesPer60Last3": 27.5,
        "savesPer60Last5": 30.5,
        "shotsPerGame": 31.8,
        "shotsPerGameLast5": 31.4,
        "shotsAgainstPerGame": 31.1,
        "shotsAgainstPerGameLast5": 33.6,
        "oppSavesAgainstPer60": 28.5,
        "oppSavesAgainstPer60Last1": 28.8,
        "oppSavesAgainstPer60Last3": 23.5,
        "oppSavesAgainstPer60Last5": 22.8,
        "oppShotsAgainstPerGame": 31.1,
        "oppShotsAgainstPerGameLast5": 36.0,
        "savesProj": 27.9,
        "savesProjLast5": 23.6,
        "savesProjLast3": 22.0,
        "oppSavesAgainstProj": 28.8,
        "oppSavesAgainstProjLast5": 23.2,
        "oppSavesAgainstProjLast3": 22.6,
        "totalOver": 33,
        "totalOverLast5": 20,
        "totalOverLast15": 13,
        "lastTotalOver": 35,
        "last5": "0,0,0,1,0,0,3,0,0,0",
        "overOdds": "+165",
        "underOdds": "0",
        "overUnder": "+165 / 0"
    },
    {
        "player": "Joel Eriksson Ek",
        "team": "MIN",
        "opponent": "VGK",
        "propType": "g",
        "line": 0.5,
        "ppLine": "PP1",
        "avg": 0.3,
        "hit": false,
        "diffAvg": -0.4,
        "diffAbs": 0.4,
        "lastAvg": 0.31,
        "diff": -0.38,
        "avgMin": 19,
        "proj": 0.3,
        "lastAvgMin": 18.57,
        "oppOver": 0,
        "teamOver": 0,
        "gameLine": "-135",
        "+/-": "+5",
        "L5_+/-": "+8.0",
        "prevMatchup": "2023-04-01 0.0 g 2023-02-09 0.0 g",
        "winLossSplits": "0.28 - 0.34",
        "awayHome": "H",
        "playedYesterday": "N",
        "awayHomeSplits": "0.34 - 0.26",
        "savesAboveExp": -0.478,
        "gsaa": -24.51,
        "corsi": "49.9% (57.4) // 47.2% (54.2) // 43.7% (50.2) // 40.9% (50.3)",
        "fenwick": "50.8% (43.3) // 46.7% (41.2) // 43.1% (37.6) // 39.9% (37.0)",
        "shots": "50.0% (30.5) // 45.1% (29.0) // 41.6% (25.2) // 39.1% (26.3)",
        "scoring": "50.4% (28.1) // 45.9% (25.2) // 39.9% (21.8) // 37.5% (23.0)",
        "corsiAgainst": "50.1% (57.5) // 52.8% (60.6) // 56.3% (64.5) // 59.1% (72.7)",
        "fenwickAgainst": "49.2% (42.0) // 53.3% (47.1) // 56.9% (49.6) // 60.1% (55.7)",
        "shotsAgainst": "50.0% (30.5) // 54.9% (35.3) // 58.4% (35.4) // 60.9% (41.0)",
        "scoringAgainst": "49.6% (27.7) // 54.1% (29.7) // 60.1% (32.9) // 62.5% (38.3)",
        "oppCorsi": "48.6% (57.5) // 45.4% (53.7) // 45.5% (56.4) // 46.3% (54.4)",
        "oppFenwick": "49.8% (42.6) // 46.9% (40.6) // 48.2% (43.1) // 47.9% (42.1)",
        "oppShots": "50.5% (31.3) // 48.1% (30.6) // 48.3% (31.1) // 49.2% (30.2)",
        "oppScoring": "49.5% (29.5) // 45.9% (29.3) // 47.4% (32.8) // 49.0% (31.2)",
        "oppCorsiAgainst": "51.4% (60.8) // 54.6% (64.6) // 54.5% (67.7) // 53.7% (63.0)",
        "oppFenwickAgainst": "50.2% (42.9) // 53.1% (45.9) // 51.8% (46.3) // 52.1% (45.8)",
        "oppShotsAgainst": "49.5% (30.7) // 51.9% (33.0) // 51.7% (33.2) // 50.8% (31.2)",
        "oppScoringAgainst": "50.5% (30.0) // 54.1% (34.6) // 52.6% (36.4) // 51.0% (32.5)",
        "savesPerGame": 28.4,
        "savesPerGameLast1": 39.0,
        "savesPerGameLast3": 38.7,
        "savesPerGameLast5": 33.6,
        "savesPer60": 28.7,
        "savesPer60Last1": 37.5,
        "savesPer60Last3": 38.2,
        "savesPer60Last5": 33.8,
        "shotsPerGame": 31.1,
        "shotsPerGameLast5": 25.6,
        "shotsAgainstPerGame": 31.1,
        "shotsAgainstPerGameLast5": 36.0,
        "oppSavesAgainstPer60": 28.5,
        "oppSavesAgainstPer60Last1": 38.5,
        "oppSavesAgainstPer60Last3": 27.3,
        "oppSavesAgainstPer60Last5": 28.2,
        "oppShotsAgainstPerGame": 31.1,
        "oppShotsAgainstPerGameLast5": 33.6,
        "savesProj": 28.9,
        "savesProjLast5": 33.1,
        "savesProjLast3": 35.9,
        "oppSavesAgainstProj": 29.2,
        "oppSavesAgainstProjLast5": 34.5,
        "oppSavesAgainstProjLast3": 37.0,
        "totalOver": 28,
        "totalOverLast5": 0,
        "totalOverLast15": 13,
        "lastTotalOver": 27,
        "last5": "0,0,0,0,0,0,0,0,1,0",
        "overOdds": "+175",
        "underOdds": "0",
        "overUnder": "+175 / 0"
    },
    {
        "player": "Jonathan Marchessault",
        "team": "VGK",
        "opponent": "MIN",
        "propType": "g",
        "line": 0.5,
        "ppLine": "PP2",
        "avg": 0.37,
        "hit": false,
        "diffAvg": -0.26,
        "diffAbs": 0.2,
        "lastAvg": 0.39,
        "diff": -0.22,
        "avgMin": 17,
        "proj": 0.4,
        "lastAvgMin": 17.57,
        "oppOver": 0,
        "teamOver": 0,
        "gameLine": "+115",
        "+/-": 0,
        "L5_+/-": "+3.0",
        "prevMatchup": "2023-04-01 0.0 g 2023-02-09 0.0 g",
        "winLossSplits": "0.45 - 0.27",
        "awayHome": "A",
        "playedYesterday": "N",
        "awayHomeSplits": "0.38 - 0.36",
        "savesAboveExp": 0.594,
        "gsaa": 30.07,
        "corsi": "48.6% (57.5) // 45.4% (53.7) // 45.5% (56.4) // 46.3% (54.4)",
        "fenwick": "49.8% (42.6) // 46.9% (40.6) // 48.2% (43.1) // 47.9% (42.1)",
        "shots": "50.5% (31.3) // 48.1% (30.6) // 48.3% (31.1) // 49.2% (30.2)",
        "scoring": "49.5% (29.5) // 45.9% (29.3) // 47.4% (32.8) // 49.0% (31.2)",
        "corsiAgainst": "51.4% (60.8) // 54.6% (64.6) // 54.5% (67.7) // 53.7% (63.0)",
        "fenwickAgainst": "50.2% (42.9) // 53.1% (45.9) // 51.8% (46.3) // 52.1% (45.8)",
        "shotsAgainst": "49.5% (30.7) // 51.9% (33.0) // 51.7% (33.2) // 50.8% (31.2)",
        "scoringAgainst": "50.5% (30.0) // 54.1% (34.6) // 52.6% (36.4) // 51.0% (32.5)",
        "oppCorsi": "49.9% (57.4) // 47.2% (54.2) // 43.7% (50.2) // 40.9% (50.3)",
        "oppFenwick": "50.8% (43.3) // 46.7% (41.2) // 43.1% (37.6) // 39.9% (37.0)",
        "oppShots": "50.0% (30.5) // 45.1% (29.0) // 41.6% (25.2) // 39.1% (26.3)",
        "oppScoring": "50.4% (28.1) // 45.9% (25.2) // 39.9% (21.8) // 37.5% (23.0)",
        "oppCorsiAgainst": "50.1% (57.5) // 52.8% (60.6) // 56.3% (64.5) // 59.1% (72.7)",
        "oppFenwickAgainst": "49.2% (42.0) // 53.3% (47.1) // 56.9% (49.6) // 60.1% (55.7)",
        "oppShotsAgainst": "50.0% (30.5) // 54.9% (35.3) // 58.4% (35.4) // 60.9% (41.0)",
        "oppScoringAgainst": "49.6% (27.7) // 54.1% (29.7) // 60.1% (32.9) // 62.5% (38.3)",
        "savesPerGame": 28.3,
        "savesPerGameLast1": 29.0,
        "savesPerGameLast3": 27.3,
        "savesPerGameLast5": 30.2,
        "savesPer60": 28.4,
        "savesPer60Last1": 29.0,
        "savesPer60Last3": 27.5,
        "savesPer60Last5": 30.5,
        "shotsPerGame": 31.8,
        "shotsPerGameLast5": 31.4,
        "shotsAgainstPerGame": 31.1,
        "shotsAgainstPerGameLast5": 33.6,
        "oppSavesAgainstPer60": 28.5,
        "oppSavesAgainstPer60Last1": 28.8,
        "oppSavesAgainstPer60Last3": 23.5,
        "oppSavesAgainstPer60Last5": 22.8,
        "oppShotsAgainstPerGame": 31.1,
        "oppShotsAgainstPerGameLast5": 36.0,
        "savesProj": 27.9,
        "savesProjLast5": 23.6,
        "savesProjLast3": 22.0,
        "oppSavesAgainstProj": 28.8,
        "oppSavesAgainstProjLast5": 23.2,
        "oppSavesAgainstProjLast3": 22.6,
        "totalOver": 30,
        "totalOverLast5": 60,
        "totalOverLast15": 40,
        "lastTotalOver": 35,
        "last5": "0,0,2,1,1,0,0,0,1,1",
        "overOdds": "+195",
        "underOdds": "0",
        "overUnder": "+195 / 0"
    },
    {
        "player": "Marcus Johansson",
        "team": "MIN",
        "opponent": "VGK",
        "propType": "g",
        "line": 0.5,
        "ppLine": "PP2",
        "avg": 0.21,
        "hit": false,
        "diffAvg": -0.58,
        "diffAbs": 0.8,
        "lastAvg": 0.12,
        "diff": -0.76,
        "avgMin": 16,
        "proj": 0.1,
        "lastAvgMin": 16.12,
        "oppOver": 0,
        "teamOver": 0,
        "gameLine": "-135",
        "+/-": "+7",
        "L5_+/-": "+4.0",
        "prevMatchup": "2023-04-01 0.0 g 2023-01-21 1.0 g 2022-11-01 1.0 g",
        "winLossSplits": "0.25 - 0.18",
        "awayHome": "H",
        "playedYesterday": "Y",
        "awayHomeSplits": "0.2 - 0.23",
        "savesAboveExp": -0.478,
        "gsaa": -24.51,
        "corsi": "49.9% (57.4) // 47.2% (54.2) // 43.7% (50.2) // 40.9% (50.3)",
        "fenwick": "50.8% (43.3) // 46.7% (41.2) // 43.1% (37.6) // 39.9% (37.0)",
        "shots": "50.0% (30.5) // 45.1% (29.0) // 41.6% (25.2) // 39.1% (26.3)",
        "scoring": "50.4% (28.1) // 45.9% (25.2) // 39.9% (21.8) // 37.5% (23.0)",
        "corsiAgainst": "50.1% (57.5) // 52.8% (60.6) // 56.3% (64.5) // 59.1% (72.7)",
        "fenwickAgainst": "49.2% (42.0) // 53.3% (47.1) // 56.9% (49.6) // 60.1% (55.7)",
        "shotsAgainst": "50.0% (30.5) // 54.9% (35.3) // 58.4% (35.4) // 60.9% (41.0)",
        "scoringAgainst": "49.6% (27.7) // 54.1% (29.7) // 60.1% (32.9) // 62.5% (38.3)",
        "oppCorsi": "48.6% (57.5) // 45.4% (53.7) // 45.5% (56.4) // 46.3% (54.4)",
        "oppFenwick": "49.8% (42.6) // 46.9% (40.6) // 48.2% (43.1) // 47.9% (42.1)",
        "oppShots": "50.5% (31.3) // 48.1% (30.6) // 48.3% (31.1) // 49.2% (30.2)",
        "oppScoring": "49.5% (29.5) // 45.9% (29.3) // 47.4% (32.8) // 49.0% (31.2)",
        "oppCorsiAgainst": "51.4% (60.8) // 54.6% (64.6) // 54.5% (67.7) // 53.7% (63.0)",
        "oppFenwickAgainst": "50.2% (42.9) // 53.1% (45.9) // 51.8% (46.3) // 52.1% (45.8)",
        "oppShotsAgainst": "49.5% (30.7) // 51.9% (33.0) // 51.7% (33.2) // 50.8% (31.2)",
        "oppScoringAgainst": "50.5% (30.0) // 54.1% (34.6) // 52.6% (36.4) // 51.0% (32.5)",
        "savesPerGame": 28.4,
        "savesPerGameLast1": 39.0,
        "savesPerGameLast3": 38.7,
        "savesPerGameLast5": 33.6,
        "savesPer60": 28.7,
        "savesPer60Last1": 37.5,
        "savesPer60Last3": 38.2,
        "savesPer60Last5": 33.8,
        "shotsPerGame": 31.1,
        "shotsPerGameLast5": 25.6,
        "shotsAgainstPerGame": 31.1,
        "shotsAgainstPerGameLast5": 36.0,
        "oppSavesAgainstPer60": 28.5,
        "oppSavesAgainstPer60Last1": 38.5,
        "oppSavesAgainstPer60Last3": 27.3,
        "oppSavesAgainstPer60Last5": 28.2,
        "oppShotsAgainstPerGame": 31.1,
        "oppShotsAgainstPerGameLast5": 33.6,
        "savesProj": 28.9,
        "savesProjLast5": 33.1,
        "savesProjLast3": 35.9,
        "oppSavesAgainstProj": 29.2,
        "oppSavesAgainstProjLast5": 34.5,
        "oppSavesAgainstProjLast3": 37.0,
        "totalOver": 21,
        "totalOverLast5": 20,
        "totalOverLast15": 20,
        "lastTotalOver": 15,
        "last5": "0,1,0,0,0,0,0,1,0,0",
        "overOdds": "+310",
        "underOdds": "0",
        "overUnder": "+310 / 0"
    },
    {
        "player": "Mats Zuccarello",
        "team": "MIN",
        "opponent": "VGK",
        "propType": "g",
        "line": 0.5,
        "ppLine": "PP1",
        "avg": 0.3,
        "hit": false,
        "diffAvg": -0.4,
        "diffAbs": 0.4,
        "lastAvg": 0.32,
        "diff": -0.36,
        "avgMin": 20,
        "proj": 0.3,
        "lastAvgMin": 18.58,
        "oppOver": 0,
        "teamOver": 0,
        "gameLine": "-135",
        "+/-": 0,
        "L5_+/-": -4.0,
        "prevMatchup": "2023-04-01 0.0 g 2023-02-09 0.0 g",
        "winLossSplits": "0.36 - 0.22",
        "awayHome": "H",
        "playedYesterday": "N",
        "awayHomeSplits": "0.22 - 0.38",
        "savesAboveExp": -0.478,
        "gsaa": -24.51,
        "corsi": "49.9% (57.4) // 47.2% (54.2) // 43.7% (50.2) // 40.9% (50.3)",
        "fenwick": "50.8% (43.3) // 46.7% (41.2) // 43.1% (37.6) // 39.9% (37.0)",
        "shots": "50.0% (30.5) // 45.1% (29.0) // 41.6% (25.2) // 39.1% (26.3)",
        "scoring": "50.4% (28.1) // 45.9% (25.2) // 39.9% (21.8) // 37.5% (23.0)",
        "corsiAgainst": "50.1% (57.5) // 52.8% (60.6) // 56.3% (64.5) // 59.1% (72.7)",
        "fenwickAgainst": "49.2% (42.0) // 53.3% (47.1) // 56.9% (49.6) // 60.1% (55.7)",
        "shotsAgainst": "50.0% (30.5) // 54.9% (35.3) // 58.4% (35.4) // 60.9% (41.0)",
        "scoringAgainst": "49.6% (27.7) // 54.1% (29.7) // 60.1% (32.9) // 62.5% (38.3)",
        "oppCorsi": "48.6% (57.5) // 45.4% (53.7) // 45.5% (56.4) // 46.3% (54.4)",
        "oppFenwick": "49.8% (42.6) // 46.9% (40.6) // 48.2% (43.1) // 47.9% (42.1)",
        "oppShots": "50.5% (31.3) // 48.1% (30.6) // 48.3% (31.1) // 49.2% (30.2)",
        "oppScoring": "49.5% (29.5) // 45.9% (29.3) // 47.4% (32.8) // 49.0% (31.2)",
        "oppCorsiAgainst": "51.4% (60.8) // 54.6% (64.6) // 54.5% (67.7) // 53.7% (63.0)",
        "oppFenwickAgainst": "50.2% (42.9) // 53.1% (45.9) // 51.8% (46.3) // 52.1% (45.8)",
        "oppShotsAgainst": "49.5% (30.7) // 51.9% (33.0) // 51.7% (33.2) // 50.8% (31.2)",
        "oppScoringAgainst": "50.5% (30.0) // 54.1% (34.6) // 52.6% (36.4) // 51.0% (32.5)",
        "savesPerGame": 28.4,
        "savesPerGameLast1": 39.0,
        "savesPerGameLast3": 38.7,
        "savesPerGameLast5": 33.6,
        "savesPer60": 28.7,
        "savesPer60Last1": 37.5,
        "savesPer60Last3": 38.2,
        "savesPer60Last5": 33.8,
        "shotsPerGame": 31.1,
        "shotsPerGameLast5": 25.6,
        "shotsAgainstPerGame": 31.1,
        "shotsAgainstPerGameLast5": 36.0,
        "oppSavesAgainstPer60": 28.5,
        "oppSavesAgainstPer60Last1": 38.5,
        "oppSavesAgainstPer60Last3": 27.3,
        "oppSavesAgainstPer60Last5": 28.2,
        "oppShotsAgainstPerGame": 31.1,
        "oppShotsAgainstPerGameLast5": 33.6,
        "savesProj": 28.9,
        "savesProjLast5": 33.1,
        "savesProjLast3": 35.9,
        "oppSavesAgainstProj": 29.2,
        "oppSavesAgainstProjLast5": 34.5,
        "oppSavesAgainstProjLast3": 37.0,
        "totalOver": 26,
        "totalOverLast5": 0,
        "totalOverLast15": 13,
        "lastTotalOver": 26,
        "last5": "0,0,0,0,0,0,0,0,0,1",
        "overOdds": "+175",
        "underOdds": "0",
        "overUnder": "+175 / 0"
    },
    {
        "player": "Matthew Boldy",
        "team": "MIN",
        "opponent": "VGK",
        "propType": "g",
        "line": 0.5,
        "ppLine": "PP1",
        "avg": 0.38,
        "hit": false,
        "diffAvg": -0.24,
        "diffAbs": 0.4,
        "lastAvg": 0.28,
        "diff": -0.44,
        "avgMin": 18,
        "proj": 0.3,
        "lastAvgMin": 15.38,
        "oppOver": 0,
        "teamOver": 0,
        "gameLine": "-135",
        "+/-": "+3",
        "L5_+/-": "+8.0",
        "prevMatchup": "2023-04-01 1.0 g 2023-02-09 0.0 g",
        "winLossSplits": "0.43 - 0.29",
        "awayHome": "H",
        "playedYesterday": "N",
        "awayHomeSplits": "0.37 - 0.39",
        "savesAboveExp": -0.478,
        "gsaa": -24.51,
        "corsi": "49.9% (57.4) // 47.2% (54.2) // 43.7% (50.2) // 40.9% (50.3)",
        "fenwick": "50.8% (43.3) // 46.7% (41.2) // 43.1% (37.6) // 39.9% (37.0)",
        "shots": "50.0% (30.5) // 45.1% (29.0) // 41.6% (25.2) // 39.1% (26.3)",
        "scoring": "50.4% (28.1) // 45.9% (25.2) // 39.9% (21.8) // 37.5% (23.0)",
        "corsiAgainst": "50.1% (57.5) // 52.8% (60.6) // 56.3% (64.5) // 59.1% (72.7)",
        "fenwickAgainst": "49.2% (42.0) // 53.3% (47.1) // 56.9% (49.6) // 60.1% (55.7)",
        "shotsAgainst": "50.0% (30.5) // 54.9% (35.3) // 58.4% (35.4) // 60.9% (41.0)",
        "scoringAgainst": "49.6% (27.7) // 54.1% (29.7) // 60.1% (32.9) // 62.5% (38.3)",
        "oppCorsi": "48.6% (57.5) // 45.4% (53.7) // 45.5% (56.4) // 46.3% (54.4)",
        "oppFenwick": "49.8% (42.6) // 46.9% (40.6) // 48.2% (43.1) // 47.9% (42.1)",
        "oppShots": "50.5% (31.3) // 48.1% (30.6) // 48.3% (31.1) // 49.2% (30.2)",
        "oppScoring": "49.5% (29.5) // 45.9% (29.3) // 47.4% (32.8) // 49.0% (31.2)",
        "oppCorsiAgainst": "51.4% (60.8) // 54.6% (64.6) // 54.5% (67.7) // 53.7% (63.0)",
        "oppFenwickAgainst": "50.2% (42.9) // 53.1% (45.9) // 51.8% (46.3) // 52.1% (45.8)",
        "oppShotsAgainst": "49.5% (30.7) // 51.9% (33.0) // 51.7% (33.2) // 50.8% (31.2)",
        "oppScoringAgainst": "50.5% (30.0) // 54.1% (34.6) // 52.6% (36.4) // 51.0% (32.5)",
        "savesPerGame": 28.4,
        "savesPerGameLast1": 39.0,
        "savesPerGameLast3": 38.7,
        "savesPerGameLast5": 33.6,
        "savesPer60": 28.7,
        "savesPer60Last1": 37.5,
        "savesPer60Last3": 38.2,
        "savesPer60Last5": 33.8,
        "shotsPerGame": 31.1,
        "shotsPerGameLast5": 25.6,
        "shotsAgainstPerGame": 31.1,
        "shotsAgainstPerGameLast5": 36.0,
        "oppSavesAgainstPer60": 28.5,
        "oppSavesAgainstPer60Last1": 38.5,
        "oppSavesAgainstPer60Last3": 27.3,
        "oppSavesAgainstPer60Last5": 28.2,
        "oppShotsAgainstPerGame": 31.1,
        "oppShotsAgainstPerGameLast5": 33.6,
        "savesProj": 28.9,
        "savesProjLast5": 33.1,
        "savesProjLast3": 35.9,
        "oppSavesAgainstProj": 29.2,
        "oppSavesAgainstProjLast5": 34.5,
        "oppSavesAgainstProjLast3": 37.0,
        "totalOver": 28,
        "totalOverLast5": 60,
        "totalOverLast15": 53,
        "lastTotalOver": 25,
        "last5": "1,0,3,0,2,1,3,0,0,1",
        "overOdds": "+195",
        "underOdds": "0",
        "overUnder": "+195 / 0"
    },
    {
        "player": "Nicolas Roy",
        "team": "VGK",
        "opponent": "MIN",
        "propType": "g",
        "line": 0.5,
        "ppLine": "PP1",
        "avg": 0.22,
        "hit": false,
        "diffAvg": -0.56,
        "diffAbs": 0.6,
        "lastAvg": 0.19,
        "diff": -0.62,
        "avgMin": 16,
        "proj": 0.2,
        "lastAvgMin": 16.25,
        "oppOver": 0,
        "teamOver": 0,
        "gameLine": "+115",
        "+/-": "+10",
        "L5_+/-": "+6.0",
        "prevMatchup": "2023-04-01 0.0 g 2023-02-09 1.0 g",
        "winLossSplits": "0.34 - 0.05",
        "awayHome": "A",
        "playedYesterday": "N",
        "awayHomeSplits": "0.25 - 0.19",
        "savesAboveExp": 0.594,
        "gsaa": 30.07,
        "corsi": "48.6% (57.5) // 45.4% (53.7) // 45.5% (56.4) // 46.3% (54.4)",
        "fenwick": "49.8% (42.6) // 46.9% (40.6) // 48.2% (43.1) // 47.9% (42.1)",
        "shots": "50.5% (31.3) // 48.1% (30.6) // 48.3% (31.1) // 49.2% (30.2)",
        "scoring": "49.5% (29.5) // 45.9% (29.3) // 47.4% (32.8) // 49.0% (31.2)",
        "corsiAgainst": "51.4% (60.8) // 54.6% (64.6) // 54.5% (67.7) // 53.7% (63.0)",
        "fenwickAgainst": "50.2% (42.9) // 53.1% (45.9) // 51.8% (46.3) // 52.1% (45.8)",
        "shotsAgainst": "49.5% (30.7) // 51.9% (33.0) // 51.7% (33.2) // 50.8% (31.2)",
        "scoringAgainst": "50.5% (30.0) // 54.1% (34.6) // 52.6% (36.4) // 51.0% (32.5)",
        "oppCorsi": "49.9% (57.4) // 47.2% (54.2) // 43.7% (50.2) // 40.9% (50.3)",
        "oppFenwick": "50.8% (43.3) // 46.7% (41.2) // 43.1% (37.6) // 39.9% (37.0)",
        "oppShots": "50.0% (30.5) // 45.1% (29.0) // 41.6% (25.2) // 39.1% (26.3)",
        "oppScoring": "50.4% (28.1) // 45.9% (25.2) // 39.9% (21.8) // 37.5% (23.0)",
        "oppCorsiAgainst": "50.1% (57.5) // 52.8% (60.6) // 56.3% (64.5) // 59.1% (72.7)",
        "oppFenwickAgainst": "49.2% (42.0) // 53.3% (47.1) // 56.9% (49.6) // 60.1% (55.7)",
        "oppShotsAgainst": "50.0% (30.5) // 54.9% (35.3) // 58.4% (35.4) // 60.9% (41.0)",
        "oppScoringAgainst": "49.6% (27.7) // 54.1% (29.7) // 60.1% (32.9) // 62.5% (38.3)",
        "savesPerGame": 28.3,
        "savesPerGameLast1": 29.0,
        "savesPerGameLast3": 27.3,
        "savesPerGameLast5": 30.2,
        "savesPer60": 28.4,
        "savesPer60Last1": 29.0,
        "savesPer60Last3": 27.5,
        "savesPer60Last5": 30.5,
        "shotsPerGame": 31.8,
        "shotsPerGameLast5": 31.4,
        "shotsAgainstPerGame": 31.1,
        "shotsAgainstPerGameLast5": 33.6,
        "oppSavesAgainstPer60": 28.5,
        "oppSavesAgainstPer60Last1": 28.8,
        "oppSavesAgainstPer60Last3": 23.5,
        "oppSavesAgainstPer60Last5": 22.8,
        "oppShotsAgainstPerGame": 31.1,
        "oppShotsAgainstPerGameLast5": 36.0,
        "savesProj": 27.9,
        "savesProjLast5": 23.6,
        "savesProjLast3": 22.0,
        "oppSavesAgainstProj": 28.8,
        "oppSavesAgainstProjLast5": 23.2,
        "oppSavesAgainstProjLast3": 22.6,
        "totalOver": 20,
        "totalOverLast5": 40,
        "totalOverLast15": 27,
        "lastTotalOver": 20,
        "last5": "0,0,0,1,1,0,1,0,0,1",
        "overOdds": "+280",
        "underOdds": "0",
        "overUnder": "+280 / 0"
    },
    {
        "player": "Ryan Hartman",
        "team": "MIN",
        "opponent": "VGK",
        "propType": "g",
        "line": 0.5,
        "ppLine": "PP1",
        "avg": 0.26,
        "hit": false,
        "diffAvg": -0.48,
        "diffAbs": 0.4,
        "lastAvg": 0.39,
        "diff": -0.22,
        "avgMin": 16,
        "proj": 0.3,
        "lastAvgMin": 18.17,
        "oppOver": 0,
        "teamOver": 0,
        "gameLine": "-135",
        "+/-": "+6",
        "L5_+/-": "+1.0",
        "prevMatchup": "2023-04-01 0.0 g 2023-02-09 0.0 g",
        "winLossSplits": "0.45 - 0.04",
        "awayHome": "H",
        "playedYesterday": "N",
        "awayHomeSplits": "0.27 - 0.25",
        "savesAboveExp": -0.478,
        "gsaa": -24.51,
        "corsi": "49.9% (57.4) // 47.2% (54.2) // 43.7% (50.2) // 40.9% (50.3)",
        "fenwick": "50.8% (43.3) // 46.7% (41.2) // 43.1% (37.6) // 39.9% (37.0)",
        "shots": "50.0% (30.5) // 45.1% (29.0) // 41.6% (25.2) // 39.1% (26.3)",
        "scoring": "50.4% (28.1) // 45.9% (25.2) // 39.9% (21.8) // 37.5% (23.0)",
        "corsiAgainst": "50.1% (57.5) // 52.8% (60.6) // 56.3% (64.5) // 59.1% (72.7)",
        "fenwickAgainst": "49.2% (42.0) // 53.3% (47.1) // 56.9% (49.6) // 60.1% (55.7)",
        "shotsAgainst": "50.0% (30.5) // 54.9% (35.3) // 58.4% (35.4) // 60.9% (41.0)",
        "scoringAgainst": "49.6% (27.7) // 54.1% (29.7) // 60.1% (32.9) // 62.5% (38.3)",
        "oppCorsi": "48.6% (57.5) // 45.4% (53.7) // 45.5% (56.4) // 46.3% (54.4)",
        "oppFenwick": "49.8% (42.6) // 46.9% (40.6) // 48.2% (43.1) // 47.9% (42.1)",
        "oppShots": "50.5% (31.3) // 48.1% (30.6) // 48.3% (31.1) // 49.2% (30.2)",
        "oppScoring": "49.5% (29.5) // 45.9% (29.3) // 47.4% (32.8) // 49.0% (31.2)",
        "oppCorsiAgainst": "51.4% (60.8) // 54.6% (64.6) // 54.5% (67.7) // 53.7% (63.0)",
        "oppFenwickAgainst": "50.2% (42.9) // 53.1% (45.9) // 51.8% (46.3) // 52.1% (45.8)",
        "oppShotsAgainst": "49.5% (30.7) // 51.9% (33.0) // 51.7% (33.2) // 50.8% (31.2)",
        "oppScoringAgainst": "50.5% (30.0) // 54.1% (34.6) // 52.6% (36.4) // 51.0% (32.5)",
        "savesPerGame": 28.4,
        "savesPerGameLast1": 39.0,
        "savesPerGameLast3": 38.7,
        "savesPerGameLast5": 33.6,
        "savesPer60": 28.7,
        "savesPer60Last1": 37.5,
        "savesPer60Last3": 38.2,
        "savesPer60Last5": 33.8,
        "shotsPerGame": 31.1,
        "shotsPerGameLast5": 25.6,
        "shotsAgainstPerGame": 31.1,
        "shotsAgainstPerGameLast5": 36.0,
        "oppSavesAgainstPer60": 28.5,
        "oppSavesAgainstPer60Last1": 38.5,
        "oppSavesAgainstPer60Last3": 27.3,
        "oppSavesAgainstPer60Last5": 28.2,
        "oppShotsAgainstPerGame": 31.1,
        "oppShotsAgainstPerGameLast5": 33.6,
        "savesProj": 28.9,
        "savesProjLast5": 33.1,
        "savesProjLast3": 35.9,
        "oppSavesAgainstProj": 29.2,
        "oppSavesAgainstProjLast5": 34.5,
        "oppSavesAgainstProjLast3": 37.0,
        "totalOver": 20,
        "totalOverLast5": 40,
        "totalOverLast15": 27,
        "lastTotalOver": 37,
        "last5": "0,0,1,1,0,0,0,0,2,0",
        "overOdds": "+215",
        "underOdds": "0",
        "overUnder": "+215 / 0"
    },
    {
        "player": "William Karlsson",
        "team": "VGK",
        "opponent": "MIN",
        "propType": "g",
        "line": 0.5,
        "ppLine": "PP2",
        "avg": 0.18,
        "hit": false,
        "diffAvg": -0.64,
        "diffAbs": 0.6,
        "lastAvg": 0.18,
        "diff": -0.64,
        "avgMin": 17,
        "proj": 0.2,
        "lastAvgMin": 18.27,
        "oppOver": 0,
        "teamOver": 0,
        "gameLine": "+115",
        "+/-": "+10",
        "L5_+/-": "+8.0",
        "prevMatchup": "2023-04-01 0.0 g 2023-02-09 0.0 g",
        "winLossSplits": "0.22 - 0.13",
        "awayHome": "A",
        "playedYesterday": "N",
        "awayHomeSplits": "0.19 - 0.18",
        "savesAboveExp": 0.594,
        "gsaa": 30.07,
        "corsi": "48.6% (57.5) // 45.4% (53.7) // 45.5% (56.4) // 46.3% (54.4)",
        "fenwick": "49.8% (42.6) // 46.9% (40.6) // 48.2% (43.1) // 47.9% (42.1)",
        "shots": "50.5% (31.3) // 48.1% (30.6) // 48.3% (31.1) // 49.2% (30.2)",
        "scoring": "49.5% (29.5) // 45.9% (29.3) // 47.4% (32.8) // 49.0% (31.2)",
        "corsiAgainst": "51.4% (60.8) // 54.6% (64.6) // 54.5% (67.7) // 53.7% (63.0)",
        "fenwickAgainst": "50.2% (42.9) // 53.1% (45.9) // 51.8% (46.3) // 52.1% (45.8)",
        "shotsAgainst": "49.5% (30.7) // 51.9% (33.0) // 51.7% (33.2) // 50.8% (31.2)",
        "scoringAgainst": "50.5% (30.0) // 54.1% (34.6) // 52.6% (36.4) // 51.0% (32.5)",
        "oppCorsi": "49.9% (57.4) // 47.2% (54.2) // 43.7% (50.2) // 40.9% (50.3)",
        "oppFenwick": "50.8% (43.3) // 46.7% (41.2) // 43.1% (37.6) // 39.9% (37.0)",
        "oppShots": "50.0% (30.5) // 45.1% (29.0) // 41.6% (25.2) // 39.1% (26.3)",
        "oppScoring": "50.4% (28.1) // 45.9% (25.2) // 39.9% (21.8) // 37.5% (23.0)",
        "oppCorsiAgainst": "50.1% (57.5) // 52.8% (60.6) // 56.3% (64.5) // 59.1% (72.7)",
        "oppFenwickAgainst": "49.2% (42.0) // 53.3% (47.1) // 56.9% (49.6) // 60.1% (55.7)",
        "oppShotsAgainst": "50.0% (30.5) // 54.9% (35.3) // 58.4% (35.4) // 60.9% (41.0)",
        "oppScoringAgainst": "49.6% (27.7) // 54.1% (29.7) // 60.1% (32.9) // 62.5% (38.3)",
        "savesPerGame": 28.3,
        "savesPerGameLast1": 29.0,
        "savesPerGameLast3": 27.3,
        "savesPerGameLast5": 30.2,
        "savesPer60": 28.4,
        "savesPer60Last1": 29.0,
        "savesPer60Last3": 27.5,
        "savesPer60Last5": 30.5,
        "shotsPerGame": 31.8,
        "shotsPerGameLast5": 31.4,
        "shotsAgainstPerGame": 31.1,
        "shotsAgainstPerGameLast5": 33.6,
        "oppSavesAgainstPer60": 28.5,
        "oppSavesAgainstPer60Last1": 28.8,
        "oppSavesAgainstPer60Last3": 23.5,
        "oppSavesAgainstPer60Last5": 22.8,
        "oppShotsAgainstPerGame": 31.1,
        "oppShotsAgainstPerGameLast5": 36.0,
        "savesProj": 27.9,
        "savesProjLast5": 23.6,
        "savesProjLast3": 22.0,
        "oppSavesAgainstProj": 28.8,
        "oppSavesAgainstProjLast5": 23.2,
        "oppSavesAgainstProjLast3": 22.6,
        "totalOver": 18,
        "totalOverLast5": 20,
        "totalOverLast15": 20,
        "lastTotalOver": 17,
        "last5": "0,0,1,0,0,0,0,0,0,1",
        "overOdds": "+340",
        "underOdds": "0",
        "overUnder": "+340 / 0"
    },
    {
        "player": "Chandler Stephenson",
        "team": "VGK",
        "opponent": "MIN",
        "propType": "g",
        "line": 0.5,
        "ppLine": "PP1",
        "avg": 0.18,
        "hit": false,
        "diffAvg": -0.64,
        "diffAbs": 0.4,
        "lastAvg": 0.27,
        "diff": -0.46,
        "avgMin": 19,
        "proj": 0.3,
        "lastAvgMin": 19.3,
        "oppOver": 0,
        "teamOver": 0,
        "gameLine": "+115",
        "+/-": "+9",
        "L5_+/-": -1.0,
        "prevMatchup": "2023-04-01 1.0 g 2023-02-09 0.0 g",
        "winLossSplits": "0.25 - 0.06",
        "awayHome": "A",
        "playedYesterday": "N",
        "awayHomeSplits": "0.14 - 0.23",
        "savesAboveExp": 0.594,
        "gsaa": 30.07,
        "corsi": "48.6% (57.5) // 45.4% (53.7) // 45.5% (56.4) // 46.3% (54.4)",
        "fenwick": "49.8% (42.6) // 46.9% (40.6) // 48.2% (43.1) // 47.9% (42.1)",
        "shots": "50.5% (31.3) // 48.1% (30.6) // 48.3% (31.1) // 49.2% (30.2)",
        "scoring": "49.5% (29.5) // 45.9% (29.3) // 47.4% (32.8) // 49.0% (31.2)",
        "corsiAgainst": "51.4% (60.8) // 54.6% (64.6) // 54.5% (67.7) // 53.7% (63.0)",
        "fenwickAgainst": "50.2% (42.9) // 53.1% (45.9) // 51.8% (46.3) // 52.1% (45.8)",
        "shotsAgainst": "49.5% (30.7) // 51.9% (33.0) // 51.7% (33.2) // 50.8% (31.2)",
        "scoringAgainst": "50.5% (30.0) // 54.1% (34.6) // 52.6% (36.4) // 51.0% (32.5)",
        "oppCorsi": "49.9% (57.4) // 47.2% (54.2) // 43.7% (50.2) // 40.9% (50.3)",
        "oppFenwick": "50.8% (43.3) // 46.7% (41.2) // 43.1% (37.6) // 39.9% (37.0)",
        "oppShots": "50.0% (30.5) // 45.1% (29.0) // 41.6% (25.2) // 39.1% (26.3)",
        "oppScoring": "50.4% (28.1) // 45.9% (25.2) // 39.9% (21.8) // 37.5% (23.0)",
        "oppCorsiAgainst": "50.1% (57.5) // 52.8% (60.6) // 56.3% (64.5) // 59.1% (72.7)",
        "oppFenwickAgainst": "49.2% (42.0) // 53.3% (47.1) // 56.9% (49.6) // 60.1% (55.7)",
        "oppShotsAgainst": "50.0% (30.5) // 54.9% (35.3) // 58.4% (35.4) // 60.9% (41.0)",
        "oppScoringAgainst": "49.6% (27.7) // 54.1% (29.7) // 60.1% (32.9) // 62.5% (38.3)",
        "savesPerGame": 28.3,
        "savesPerGameLast1": 29.0,
        "savesPerGameLast3": 27.3,
        "savesPerGameLast5": 30.2,
        "savesPer60": 28.4,
        "savesPer60Last1": 29.0,
        "savesPer60Last3": 27.5,
        "savesPer60Last5": 30.5,
        "shotsPerGame": 31.8,
        "shotsPerGameLast5": 31.4,
        "shotsAgainstPerGame": 31.1,
        "shotsAgainstPerGameLast5": 33.6,
        "oppSavesAgainstPer60": 28.5,
        "oppSavesAgainstPer60Last1": 28.8,
        "oppSavesAgainstPer60Last3": 23.5,
        "oppSavesAgainstPer60Last5": 22.8,
        "oppShotsAgainstPerGame": 31.1,
        "oppShotsAgainstPerGameLast5": 36.0,
        "savesProj": 27.9,
        "savesProjLast5": 23.6,
        "savesProjLast3": 22.0,
        "oppSavesAgainstProj": 28.8,
        "oppSavesAgainstProjLast5": 23.2,
        "oppSavesAgainstProjLast3": 22.6,
        "totalOver": 18,
        "totalOverLast5": 20,
        "totalOverLast15": 13,
        "lastTotalOver": 29,
        "last5": "1,0,0,0,0,0,0,0,0,0",
        "overOdds": "+265",
        "underOdds": "0",
        "overUnder": "+265 / 0"
    },
    {
        "player": "Frederick Gaudreau",
        "team": "MIN",
        "opponent": "VGK",
        "propType": "g",
        "line": 0.5,
        "ppLine": "PP2",
        "avg": 0.21,
        "hit": false,
        "diffAvg": -0.58,
        "diffAbs": 0.6,
        "lastAvg": 0.17,
        "diff": -0.66,
        "avgMin": 16,
        "proj": 0.2,
        "lastAvgMin": 16.3,
        "oppOver": 0,
        "teamOver": 0,
        "gameLine": "-135",
        "+/-": "+10",
        "L5_+/-": 0.0,
        "prevMatchup": "2023-04-01 0.0 g 2023-02-09 0.0 g",
        "winLossSplits": "0.33 - 0.05",
        "awayHome": "H",
        "playedYesterday": "N",
        "awayHomeSplits": "0.21 - 0.21",
        "savesAboveExp": -0.478,
        "gsaa": -24.51,
        "corsi": "49.9% (57.4) // 47.2% (54.2) // 43.7% (50.2) // 40.9% (50.3)",
        "fenwick": "50.8% (43.3) // 46.7% (41.2) // 43.1% (37.6) // 39.9% (37.0)",
        "shots": "50.0% (30.5) // 45.1% (29.0) // 41.6% (25.2) // 39.1% (26.3)",
        "scoring": "50.4% (28.1) // 45.9% (25.2) // 39.9% (21.8) // 37.5% (23.0)",
        "corsiAgainst": "50.1% (57.5) // 52.8% (60.6) // 56.3% (64.5) // 59.1% (72.7)",
        "fenwickAgainst": "49.2% (42.0) // 53.3% (47.1) // 56.9% (49.6) // 60.1% (55.7)",
        "shotsAgainst": "50.0% (30.5) // 54.9% (35.3) // 58.4% (35.4) // 60.9% (41.0)",
        "scoringAgainst": "49.6% (27.7) // 54.1% (29.7) // 60.1% (32.9) // 62.5% (38.3)",
        "oppCorsi": "48.6% (57.5) // 45.4% (53.7) // 45.5% (56.4) // 46.3% (54.4)",
        "oppFenwick": "49.8% (42.6) // 46.9% (40.6) // 48.2% (43.1) // 47.9% (42.1)",
        "oppShots": "50.5% (31.3) // 48.1% (30.6) // 48.3% (31.1) // 49.2% (30.2)",
        "oppScoring": "49.5% (29.5) // 45.9% (29.3) // 47.4% (32.8) // 49.0% (31.2)",
        "oppCorsiAgainst": "51.4% (60.8) // 54.6% (64.6) // 54.5% (67.7) // 53.7% (63.0)",
        "oppFenwickAgainst": "50.2% (42.9) // 53.1% (45.9) // 51.8% (46.3) // 52.1% (45.8)",
        "oppShotsAgainst": "49.5% (30.7) // 51.9% (33.0) // 51.7% (33.2) // 50.8% (31.2)",
        "oppScoringAgainst": "50.5% (30.0) // 54.1% (34.6) // 52.6% (36.4) // 51.0% (32.5)",
        "savesPerGame": 28.4,
        "savesPerGameLast1": 39.0,
        "savesPerGameLast3": 38.7,
        "savesPerGameLast5": 33.6,
        "savesPer60": 28.7,
        "savesPer60Last1": 37.5,
        "savesPer60Last3": 38.2,
        "savesPer60Last5": 33.8,
        "shotsPerGame": 31.1,
        "shotsPerGameLast5": 25.6,
        "shotsAgainstPerGame": 31.1,
        "shotsAgainstPerGameLast5": 36.0,
        "oppSavesAgainstPer60": 28.5,
        "oppSavesAgainstPer60Last1": 38.5,
        "oppSavesAgainstPer60Last3": 27.3,
        "oppSavesAgainstPer60Last5": 28.2,
        "oppShotsAgainstPerGame": 31.1,
        "oppShotsAgainstPerGameLast5": 33.6,
        "savesProj": 28.9,
        "savesProjLast5": 33.1,
        "savesProjLast3": 35.9,
        "oppSavesAgainstProj": 29.2,
        "oppSavesAgainstProjLast5": 34.5,
        "oppSavesAgainstProjLast3": 37.0,
        "totalOver": 18,
        "totalOverLast5": 40,
        "totalOverLast15": 27,
        "lastTotalOver": 17,
        "last5": "0,2,0,1,0,0,0,0,0,0",
        "overOdds": "+310",
        "underOdds": "0",
        "overUnder": "+310 / 0"
    },
    {
        "player": "Ivan Barbashev",
        "team": "VGK",
        "opponent": "MIN",
        "propType": "g",
        "line": 0.5,
        "ppLine": "PP1",
        "avg": 0.2,
        "hit": false,
        "diffAvg": -0.6,
        "diffAbs": 0.4,
        "lastAvg": 0.28,
        "diff": -0.44,
        "avgMin": 16,
        "proj": 0.3,
        "lastAvgMin": 16.43,
        "oppOver": 0,
        "teamOver": 0,
        "gameLine": "+115",
        "+/-": "+6",
        "L5_+/-": "+4.0",
        "prevMatchup": "2023-04-01 0.0 g 2023-01-08 0.0 g 2022-12-31 0.0 g",
        "winLossSplits": "0.29 - 0.09",
        "awayHome": "A",
        "playedYesterday": "Y",
        "awayHomeSplits": "0.23 - 0.16",
        "savesAboveExp": 0.594,
        "gsaa": 30.07,
        "corsi": "48.6% (57.5) // 45.4% (53.7) // 45.5% (56.4) // 46.3% (54.4)",
