[
    {
        "player": "Mikhail Sergachev",
        "team": "TB",
        "opponent": "TOR",
        "propType": "bs",
        "line": 1.5,
        "ppLine": "PP1",
        "avg": 1.89,
        "hit": false,
        "diffAvg": 0.26,
        "diffAbs": 1.0,
        "lastAvg": 0.0,
        "diff": 0,
        "avgMin": 23,
        "proj": 0.0,
        "lastAvgMin": 22.47,
        "oppOver": 0,
        "teamOver": 0,
        "gameLine": "+145",
        "+/-": "+11",
        "L5_+/-": "+1.0",
        "prevMatchup": "2023-04-18 2.0 bs 2023-04-11 0.0 bs 2022-12-20 0.0 bs 2022-12-03 1.0 bs",
        "winLossSplits": "49% - 66%",
        "awayHome": "A",
        "playedYesterday": "N",
        "awayHomeSplits": "65% - 48%",
        "savesAboveExp": 0.388,
        "gsaa": 17.37,
        "corsi": "51.4% (59.4) // 49.6% (57.4) // 60.3% (70.5) // -",
        "fenwick": "51.3% (44.7) // 48.1% (42.5) // 58.8% (53.5) // -",
        "shots": "50.4% (31.7) // 47.3% (30.9) // 58.8% (40.0) // -",
        "scoring": "52.9% (33.9) // 49.5% (32.2) // 58.3% (38.5) // -",
        "corsiAgainst": "48.6% (56.3) // 50.4% (58.3) // 39.7% (46.5) // -",
        "fenwickAgainst": "48.7% (42.4) // 51.9% (45.9) // 41.2% (37.5) // -",
        "shotsAgainst": "49.6% (31.2) // 52.7% (34.4) // 41.2% (28.0) // -",
        "scoringAgainst": "47.1% (30.1) // 50.5% (32.8) // 41.7% (27.5) // -",
        "oppCorsi": "50.8% (57.6) // 50.8% (59.1) // 39.7% (45.8) // -",
        "oppFenwick": "51.7% (44.0) // 52.2% (46.4) // 39.6% (34.8) // -",
        "oppShots": "52.1% (31.8) // 52.3% (33.2) // 37.2% (22.7) // -",
        "oppScoring": "53.9% (33.4) // 55.3% (34.1) // 42.6% (24.4) // -",
        "oppCorsiAgainst": "49.2% (55.8) // 49.2% (57.4) // 60.3% (69.5) // -",
        "oppFenwickAgainst": "48.3% (41.1) // 47.8% (42.5) // 60.4% (53.0) // -",
        "oppShotsAgainst": "47.9% (29.2) // 47.7% (30.3) // 62.8% (38.3) // -",
        "oppScoringAgainst": "46.1% (28.5) // 44.7% (27.6) // 57.4% (32.8) // -",
        "savesPerGame": 28.4,
        "savesPerGameLast1": 28.0,
        "savesPerGameLast3": 26.7,
        "savesPerGameLast5": 29.8,
        "savesPer60": 28.8,
        "savesPer60Last1": 28.0,
        "savesPer60Last3": 26.2,
        "savesPer60Last5": 29.4,
        "shotsPerGame": 32.0,
        "shotsPerGameLast5": 33.8,
        "shotsAgainstPerGame": 31.5,
        "shotsAgainstPerGameLast5": 33.8,
        "oppSavesAgainstPer60": 28.8,
        "oppSavesAgainstPer60Last1": 28.0,
        "oppSavesAgainstPer60Last3": 22.3,
        "oppSavesAgainstPer60Last5": 26.0,
        "oppShotsAgainstPerGame": 29.5,
        "oppShotsAgainstPerGameLast5": 34.6,
        "savesProj": 30.3,
        "savesProjLast5": 27.7,
        "savesProjLast3": 21.2,
        "oppSavesAgainstProj": 28.6,
        "oppSavesAgainstProjLast5": 27.4,
        "oppSavesAgainstProjLast3": 21.8,
        "totalOver": 56,
        "totalOverLast5": 40,
        "totalOverLast15": 33,
        "lastTotalOver": 0,
        "last5": "2,1,0,1,3,1,2,1,3,0",
        "overOdds": "-155",
        "underOdds": "+125",
        "overUnder": "-155 / +125"
    },
    {
        "player": "Tj Brodie",
        "team": "TOR",
        "opponent": "TB",
        "propType": "bs",
        "line": 2.5,
        "ppLine": "",
        "avg": 1.93,
        "hit": false,
        "diffAvg": -0.23,
        "diffAbs": 1.0,
        "lastAvg": 0.0,
        "diff": 0,
        "avgMin": 21,
        "proj": 0.0,
        "lastAvgMin": 21.3,
        "oppOver": 0,
        "teamOver": 0,
        "gameLine": "-170",
        "+/-": "+10",
        "L5_+/-": -1.0,
        "prevMatchup": "2023-04-18 3.0 bs 2023-04-11 1.0 bs 2022-12-20 3.0 bs",
        "winLossSplits": "38% - 20%",
        "awayHome": "H",
        "playedYesterday": "N",
        "awayHomeSplits": "21% - 40%",
        "savesAboveExp": 0.522,
        "gsaa": 20.53,
        "corsi": "50.8% (57.6) // 50.8% (59.1) // 39.7% (45.8) // -",
        "fenwick": "51.7% (44.0) // 52.2% (46.4) // 39.6% (34.8) // -",
        "shots": "52.1% (31.8) // 52.3% (33.2) // 37.2% (22.7) // -",
        "scoring": "53.9% (33.4) // 55.3% (34.1) // 42.6% (24.4) // -",
        "corsiAgainst": "49.2% (55.8) // 49.2% (57.4) // 60.3% (69.5) // -",
        "fenwickAgainst": "48.3% (41.1) // 47.8% (42.5) // 60.4% (53.0) // -",
        "shotsAgainst": "47.9% (29.2) // 47.7% (30.3) // 62.8% (38.3) // -",
        "scoringAgainst": "46.1% (28.5) // 44.7% (27.6) // 57.4% (32.8) // -",
        "oppCorsi": "51.4% (59.4) // 49.6% (57.4) // 60.3% (70.5) // -",
        "oppFenwick": "51.3% (44.7) // 48.1% (42.5) // 58.8% (53.5) // -",
        "oppShots": "50.4% (31.7) // 47.3% (30.9) // 58.8% (40.0) // -",
        "oppScoring": "52.9% (33.9) // 49.5% (32.2) // 58.3% (38.5) // -",
        "oppCorsiAgainst": "48.6% (56.3) // 50.4% (58.3) // 39.7% (46.5) // -",
        "oppFenwickAgainst": "48.7% (42.4) // 51.9% (45.9) // 41.2% (37.5) // -",
        "oppShotsAgainst": "49.6% (31.2) // 52.7% (34.4) // 41.2% (28.0) // -",
        "oppScoringAgainst": "47.1% (30.1) // 50.5% (32.8) // 41.7% (27.5) // -",
        "savesPerGame": 26.8,
        "savesPerGameLast1": 27.0,
        "savesPerGameLast3": 31.3,
        "savesPerGameLast5": 31.8,
        "savesPer60": 27.2,
        "savesPer60Last1": 27.0,
        "savesPer60Last3": 31.3,
        "savesPer60Last5": 32.2,
        "shotsPerGame": 32.0,
        "shotsPerGameLast5": 29.4,
        "shotsAgainstPerGame": 29.5,
        "shotsAgainstPerGameLast5": 34.6,
        "oppSavesAgainstPer60": 28.9,
        "oppSavesAgainstPer60Last1": 26.9,
        "oppSavesAgainstPer60Last3": 33.5,
        "oppSavesAgainstPer60Last5": 29.9,
        "oppShotsAgainstPerGame": 31.5,
        "oppShotsAgainstPerGameLast5": 33.8,
        "savesProj": 26.9,
        "savesProjLast5": 33.3,
        "savesProjLast3": 35.9,
        "oppSavesAgainstProj": 27.2,
        "oppSavesAgainstProjLast5": 32.3,
        "oppSavesAgainstProjLast3": 36.4,
        "totalOver": 31,
        "totalOverLast5": 60,
        "totalOverLast15": 33,
        "lastTotalOver": 0,
        "last5": "3,1,1,7,4,2,1,2,1,0",
        "overOdds": "+125",
        "underOdds": "-155",
        "overUnder": "+125 / -155"
    },
    {
        "player": "Justin Holl",
        "team": "TOR",
        "opponent": "TB",
        "propType": "bs",
        "line": 1.5,
        "ppLine": "",
        "avg": 1.75,
        "hit": false,
        "diffAvg": 0.17,
        "diffAbs": 1.0,
        "lastAvg": 0.0,
        "diff": 0,
        "avgMin": 20,
        "proj": 0.0,
        "lastAvgMin": 20.2,
        "oppOver": 0,
        "teamOver": 0,
        "gameLine": "-170",
        "+/-": "+14",
        "L5_+/-": -3.0,
        "prevMatchup": "2023-04-18 3.0 bs 2023-04-11 1.0 bs 2022-12-20 1.0 bs 2022-12-03 1.0 bs",
        "winLossSplits": "58% - 45%",
        "awayHome": "H",
        "playedYesterday": "N",
        "awayHomeSplits": "54% - 52%",
        "savesAboveExp": 0.522,
        "gsaa": 20.53,
        "corsi": "50.8% (57.6) // 50.8% (59.1) // 39.7% (45.8) // -",
        "fenwick": "51.7% (44.0) // 52.2% (46.4) // 39.6% (34.8) // -",
        "shots": "52.1% (31.8) // 52.3% (33.2) // 37.2% (22.7) // -",
        "scoring": "53.9% (33.4) // 55.3% (34.1) // 42.6% (24.4) // -",
        "corsiAgainst": "49.2% (55.8) // 49.2% (57.4) // 60.3% (69.5) // -",
        "fenwickAgainst": "48.3% (41.1) // 47.8% (42.5) // 60.4% (53.0) // -",
        "shotsAgainst": "47.9% (29.2) // 47.7% (30.3) // 62.8% (38.3) // -",
        "scoringAgainst": "46.1% (28.5) // 44.7% (27.6) // 57.4% (32.8) // -",
        "oppCorsi": "51.4% (59.4) // 49.6% (57.4) // 60.3% (70.5) // -",
        "oppFenwick": "51.3% (44.7) // 48.1% (42.5) // 58.8% (53.5) // -",
        "oppShots": "50.4% (31.7) // 47.3% (30.9) // 58.8% (40.0) // -",
        "oppScoring": "52.9% (33.9) // 49.5% (32.2) // 58.3% (38.5) // -",
        "oppCorsiAgainst": "48.6% (56.3) // 50.4% (58.3) // 39.7% (46.5) // -",
        "oppFenwickAgainst": "48.7% (42.4) // 51.9% (45.9) // 41.2% (37.5) // -",
        "oppShotsAgainst": "49.6% (31.2) // 52.7% (34.4) // 41.2% (28.0) // -",
        "oppScoringAgainst": "47.1% (30.1) // 50.5% (32.8) // 41.7% (27.5) // -",
        "savesPerGame": 26.8,
        "savesPerGameLast1": 27.0,
        "savesPerGameLast3": 31.3,
        "savesPerGameLast5": 31.8,
        "savesPer60": 27.2,
        "savesPer60Last1": 27.0,
        "savesPer60Last3": 31.3,
        "savesPer60Last5": 32.2,
        "shotsPerGame": 32.0,
        "shotsPerGameLast5": 29.4,
        "shotsAgainstPerGame": 29.5,
        "shotsAgainstPerGameLast5": 34.6,
        "oppSavesAgainstPer60": 28.9,
        "oppSavesAgainstPer60Last1": 26.9,
        "oppSavesAgainstPer60Last3": 33.5,
        "oppSavesAgainstPer60Last5": 29.9,
        "oppShotsAgainstPerGame": 31.5,
        "oppShotsAgainstPerGameLast5": 33.8,
        "savesProj": 26.9,
        "savesProjLast5": 33.3,
        "savesProjLast3": 35.9,
        "oppSavesAgainstProj": 27.2,
        "oppSavesAgainstProjLast5": 32.3,
        "oppSavesAgainstProjLast3": 36.4,
        "totalOver": 53,
        "totalOverLast5": 40,
        "totalOverLast15": 40,
        "lastTotalOver": 0,
        "last5": "3,2,1,1,0,3,2,1,2,1",
        "overOdds": "-185",
        "underOdds": "+150",
        "overUnder": "-185 / +150"
    },
    {
        "player": "Ian Cole",
        "team": "TB",
        "opponent": "TOR",
        "propType": "bs",
        "line": 1.5,
        "ppLine": "",
        "avg": 1.58,
        "hit": false,
        "diffAvg": 0.05,
        "diffAbs": 1.0,
        "lastAvg": 0.0,
        "diff": 0,
        "avgMin": 19,
        "proj": 0.0,
        "lastAvgMin": 17.15,
        "oppOver": 0,
        "teamOver": 0,
        "gameLine": "+145",
        "+/-": "+11",
        "L5_+/-": "+3.0",
        "prevMatchup": "2023-04-18 2.0 bs 2023-04-11 0.0 bs 2022-12-20 0.0 bs 2022-12-03 2.0 bs",
        "winLossSplits": "51% - 47%",
        "awayHome": "A",
        "playedYesterday": "N",
        "awayHomeSplits": "55% - 44%",
        "savesAboveExp": 0.388,
        "gsaa": 17.37,
        "corsi": "51.4% (59.4) // 49.6% (57.4) // 60.3% (70.5) // -",
        "fenwick": "51.3% (44.7) // 48.1% (42.5) // 58.8% (53.5) // -",
        "shots": "50.4% (31.7) // 47.3% (30.9) // 58.8% (40.0) // -",
        "scoring": "52.9% (33.9) // 49.5% (32.2) // 58.3% (38.5) // -",
        "corsiAgainst": "48.6% (56.3) // 50.4% (58.3) // 39.7% (46.5) // -",
        "fenwickAgainst": "48.7% (42.4) // 51.9% (45.9) // 41.2% (37.5) // -",
        "shotsAgainst": "49.6% (31.2) // 52.7% (34.4) // 41.2% (28.0) // -",
        "scoringAgainst": "47.1% (30.1) // 50.5% (32.8) // 41.7% (27.5) // -",
        "oppCorsi": "50.8% (57.6) // 50.8% (59.1) // 39.7% (45.8) // -",
        "oppFenwick": "51.7% (44.0) // 52.2% (46.4) // 39.6% (34.8) // -",
        "oppShots": "52.1% (31.8) // 52.3% (33.2) // 37.2% (22.7) // -",
        "oppScoring": "53.9% (33.4) // 55.3% (34.1) // 42.6% (24.4) // -",
        "oppCorsiAgainst": "49.2% (55.8) // 49.2% (57.4) // 60.3% (69.5) // -",
        "oppFenwickAgainst": "48.3% (41.1) // 47.8% (42.5) // 60.4% (53.0) // -",
        "oppShotsAgainst": "47.9% (29.2) // 47.7% (30.3) // 62.8% (38.3) // -",
        "oppScoringAgainst": "46.1% (28.5) // 44.7% (27.6) // 57.4% (32.8) // -",
        "savesPerGame": 28.4,
        "savesPerGameLast1": 28.0,
        "savesPerGameLast3": 26.7,
        "savesPerGameLast5": 29.8,
        "savesPer60": 28.8,
        "savesPer60Last1": 28.0,
        "savesPer60Last3": 26.2,
        "savesPer60Last5": 29.4,
        "shotsPerGame": 32.0,
        "shotsPerGameLast5": 33.8,
        "shotsAgainstPerGame": 31.5,
        "shotsAgainstPerGameLast5": 33.8,
        "oppSavesAgainstPer60": 28.8,
        "oppSavesAgainstPer60Last1": 28.0,
        "oppSavesAgainstPer60Last3": 22.3,
        "oppSavesAgainstPer60Last5": 26.0,
        "oppShotsAgainstPerGame": 29.5,
        "oppShotsAgainstPerGameLast5": 34.6,
        "savesProj": 30.3,
        "savesProjLast5": 27.7,
        "savesProjLast3": 21.2,
        "oppSavesAgainstProj": 28.6,
        "oppSavesAgainstProjLast5": 27.4,
        "oppSavesAgainstProjLast3": 21.8,
        "totalOver": 49,
        "totalOverLast5": 80,
        "totalOverLast15": 47,
        "lastTotalOver": 0,
        "last5": "2,2,0,2,3,0,0,0,0,3",
        "overOdds": "-140",
        "underOdds": "+110",
        "overUnder": "-140 / +110"
    },
    {
        "player": "Adam Fox",
        "team": "NYR",
        "opponent": "NJ",
        "propType": "bs",
        "line": 1.5,
        "ppLine": "PP1",
        "avg": 1.55,
        "hit": false,
        "diffAvg": 0.03,
        "diffAbs": 1.0,
        "lastAvg": 0.0,
        "diff": 0,
        "avgMin": 24,
        "proj": 0.0,
        "lastAvgMin": 23.9,
        "oppOver": 0,
        "teamOver": 0,
        "gameLine": "+115",
        "+/-": "+30",
        "L5_+/-": "+5.0",
        "prevMatchup": "2023-04-18 4.0 bs 2023-03-30 2.0 bs 2023-01-07 4.0 bs 2022-12-12 1.0 bs 2022-11-28 2.0 bs",
        "winLossSplits": "46% - 54%",
        "awayHome": "A",
        "playedYesterday": "N",
        "awayHomeSplits": "50% - 49%",
        "savesAboveExp": 0.109,
        "gsaa": 8.64,
        "corsi": "51.4% (57.9) // 49.5% (54.5) // 48.1% (48.0) // -",
        "fenwick": "52.0% (43.7) // 50.7% (42.3) // 48.1% (37.0) // -",
        "shots": "51.8% (31.1) // 51.8% (30.7) // 46.4% (25.0) // -",
        "scoring": "51.3% (30.8) // 48.9% (29.6) // 50.9% (28.8) // -",
        "corsiAgainst": "48.6% (54.7) // 50.5% (55.5) // 51.9% (51.8) // -",
        "fenwickAgainst": "48.0% (40.2) // 49.3% (41.1) // 51.9% (39.8) // -",
        "shotsAgainst": "48.2% (28.9) // 48.2% (28.6) // 53.6% (28.8) // -",
        "scoringAgainst": "48.7% (29.2) // 51.1% (30.9) // 49.1% (27.8) // -",
        "oppCorsi": "53.7% (63.4) // 55.1% (64.9) // 50.4% (61.7) // -",
        "oppFenwick": "53.9% (46.9) // 55.2% (48.2) // 50.5% (47.7) // -",
        "oppShots": "54.9% (33.9) // 54.4% (33.3) // 48.1% (30.8) // -",
        "oppScoring": "56.3% (35.0) // 60.7% (39.4) // 53.0% (38.5) // -",
        "oppCorsiAgainst": "46.3% (54.8) // 44.9% (52.8) // 49.6% (60.7) // -",
        "oppFenwickAgainst": "46.1% (40.1) // 44.8% (39.2) // 49.5% (46.7) // -",
        "oppShotsAgainst": "45.1% (27.8) // 45.6% (28.0) // 51.9% (33.2) // -",
        "oppScoringAgainst": "43.7% (27.1) // 39.3% (25.5) // 47.0% (34.2) // -",
        "savesPerGame": 26.7,
        "savesPerGameLast1": 27.0,
        "savesPerGameLast3": 27.3,
        "savesPerGameLast5": 24.2,
        "savesPer60": 27.1,
        "savesPer60Last1": 26.9,
        "savesPer60Last3": 27.6,
        "savesPer60Last5": 24.4,
        "shotsPerGame": 31.5,
        "shotsPerGameLast5": 25.4,
        "shotsAgainstPerGame": 29.3,
        "shotsAgainstPerGameLast5": 26.0,
        "oppSavesAgainstPer60": 31.4,
        "oppSavesAgainstPer60Last1": 27.0,
        "oppSavesAgainstPer60Last3": 26.5,
        "oppSavesAgainstPer60Last5": 27.1,
        "oppShotsAgainstPerGame": 28.2,
        "oppShotsAgainstPerGameLast5": 29.8,
        "savesProj": 32.3,
        "savesProjLast5": 25.8,
        "savesProjLast3": 28.4,
        "oppSavesAgainstProj": 29.2,
        "oppSavesAgainstProjLast5": 23.0,
        "oppSavesAgainstProjLast3": 24.3,
        "totalOver": 49,
        "totalOverLast5": 40,
        "totalOverLast15": 47,
        "lastTotalOver": 0,
        "last5": "4,2,0,1,1,2,1,3,2,1",
        "overOdds": "-160",
        "underOdds": "+130",
        "overUnder": "-160 / +130"
    },
    {
        "player": "Jacob Trouba",
        "team": "NYR",
        "opponent": "NJ",
        "propType": "bs",
        "line": 2.5,
        "ppLine": "PP2",
        "avg": 2.4,
        "hit": false,
        "diffAvg": -0.04,
        "diffAbs": 1.0,
        "lastAvg": 0.0,
        "diff": 0,
        "avgMin": 21,
        "proj": 0.0,
        "lastAvgMin": 22.42,
        "oppOver": 0,
        "teamOver": 0,
        "gameLine": "+115",
        "+/-": "+8",
        "L5_+/-": "+5.0",
        "prevMatchup": "2023-04-18 3.0 bs 2023-03-30 2.0 bs 2023-01-07 4.0 bs 2022-12-12 3.0 bs 2022-11-28 1.0 bs",
        "winLossSplits": "52% - 31%",
        "awayHome": "A",
        "playedYesterday": "N",
        "awayHomeSplits": "50% - 37%",
        "savesAboveExp": 0.109,
        "gsaa": 8.64,
        "corsi": "51.4% (57.9) // 49.5% (54.5) // 48.1% (48.0) // -",
        "fenwick": "52.0% (43.7) // 50.7% (42.3) // 48.1% (37.0) // -",
        "shots": "51.8% (31.1) // 51.8% (30.7) // 46.4% (25.0) // -",
        "scoring": "51.3% (30.8) // 48.9% (29.6) // 50.9% (28.8) // -",
        "corsiAgainst": "48.6% (54.7) // 50.5% (55.5) // 51.9% (51.8) // -",
        "fenwickAgainst": "48.0% (40.2) // 49.3% (41.1) // 51.9% (39.8) // -",
        "shotsAgainst": "48.2% (28.9) // 48.2% (28.6) // 53.6% (28.8) // -",
        "scoringAgainst": "48.7% (29.2) // 51.1% (30.9) // 49.1% (27.8) // -",
        "oppCorsi": "53.7% (63.4) // 55.1% (64.9) // 50.4% (61.7) // -",
        "oppFenwick": "53.9% (46.9) // 55.2% (48.2) // 50.5% (47.7) // -",
        "oppShots": "54.9% (33.9) // 54.4% (33.3) // 48.1% (30.8) // -",
        "oppScoring": "56.3% (35.0) // 60.7% (39.4) // 53.0% (38.5) // -",
        "oppCorsiAgainst": "46.3% (54.8) // 44.9% (52.8) // 49.6% (60.7) // -",
        "oppFenwickAgainst": "46.1% (40.1) // 44.8% (39.2) // 49.5% (46.7) // -",
        "oppShotsAgainst": "45.1% (27.8) // 45.6% (28.0) // 51.9% (33.2) // -",
        "oppScoringAgainst": "43.7% (27.1) // 39.3% (25.5) // 47.0% (34.2) // -",
        "savesPerGame": 26.7,
        "savesPerGameLast1": 27.0,
        "savesPerGameLast3": 27.3,
        "savesPerGameLast5": 24.2,
        "savesPer60": 27.1,
        "savesPer60Last1": 26.9,
        "savesPer60Last3": 27.6,
        "savesPer60Last5": 24.4,
        "shotsPerGame": 31.5,
        "shotsPerGameLast5": 25.4,
        "shotsAgainstPerGame": 29.3,
        "shotsAgainstPerGameLast5": 26.0,
        "oppSavesAgainstPer60": 31.4,
        "oppSavesAgainstPer60Last1": 27.0,
        "oppSavesAgainstPer60Last3": 26.5,
        "oppSavesAgainstPer60Last5": 27.1,
        "oppShotsAgainstPerGame": 28.2,
        "oppShotsAgainstPerGameLast5": 29.8,
        "savesProj": 32.3,
        "savesProjLast5": 25.8,
        "savesProjLast3": 28.4,
        "oppSavesAgainstProj": 29.2,
        "oppSavesAgainstProjLast5": 23.0,
        "oppSavesAgainstProjLast3": 24.3,
        "totalOver": 43,
        "totalOverLast5": 40,
        "totalOverLast15": 13,
        "lastTotalOver": 0,
        "last5": "3,6,0,1,1,0,2,2,2,0",
        "overOdds": "+140",
        "underOdds": "-175",
        "overUnder": "+140 / -175"
    },
    {
        "player": "Ryan Graves",
        "team": "NJ",
        "opponent": "NYR",
        "propType": "bs",
        "line": 1.5,
        "ppLine": "",
        "avg": 1.96,
        "hit": false,
        "diffAvg": 0.31,
        "diffAbs": 1.0,
        "lastAvg": 0.0,
        "diff": 0,
        "avgMin": 19,
        "proj": 0.0,
        "lastAvgMin": 20.72,
        "oppOver": 0,
        "teamOver": 0,
        "gameLine": "-135",
        "+/-": "+33",
        "L5_+/-": "+7.0",
        "prevMatchup": "2023-04-18 3.0 bs 2023-03-30 1.0 bs 2023-01-07 1.0 bs 2022-12-12 0.0 bs 2022-11-28 0.0 bs",
        "winLossSplits": "54% - 52%",
        "awayHome": "H",
        "playedYesterday": "N",
        "awayHomeSplits": "51% - 55%",
        "savesAboveExp": 0.388,
        "gsaa": 20.59,
        "corsi": "53.7% (63.4) // 55.1% (64.9) // 50.4% (61.7) // -",
        "fenwick": "53.9% (46.9) // 55.2% (48.2) // 50.5% (47.7) // -",
        "shots": "54.9% (33.9) // 54.4% (33.3) // 48.1% (30.8) // -",
        "scoring": "56.3% (35.0) // 60.7% (39.4) // 53.0% (38.5) // -",
        "corsiAgainst": "46.3% (54.8) // 44.9% (52.8) // 49.6% (60.7) // -",
        "fenwickAgainst": "46.1% (40.1) // 44.8% (39.2) // 49.5% (46.7) // -",
        "shotsAgainst": "45.1% (27.8) // 45.6% (28.0) // 51.9% (33.2) // -",
        "scoringAgainst": "43.7% (27.1) // 39.3% (25.5) // 47.0% (34.2) // -",
        "oppCorsi": "51.4% (57.9) // 49.5% (54.5) // 48.1% (48.0) // -",
        "oppFenwick": "52.0% (43.7) // 50.7% (42.3) // 48.1% (37.0) // -",
        "oppShots": "51.8% (31.1) // 51.8% (30.7) // 46.4% (25.0) // -",
        "oppScoring": "51.3% (30.8) // 48.9% (29.6) // 50.9% (28.8) // -",
        "oppCorsiAgainst": "48.6% (54.7) // 50.5% (55.5) // 51.9% (51.8) // -",
        "oppFenwickAgainst": "48.0% (40.2) // 49.3% (41.1) // 51.9% (39.8) // -",
        "oppShotsAgainst": "48.2% (28.9) // 48.2% (28.6) // 53.6% (28.8) // -",
        "oppScoringAgainst": "48.7% (29.2) // 51.1% (30.9) // 49.1% (27.8) // -",
        "savesPerGame": 25.5,
        "savesPerGameLast1": 18.0,
        "savesPerGameLast3": 27.0,
        "savesPerGameLast5": 27.0,
        "savesPer60": 25.9,
        "savesPer60Last1": 17.9,
        "savesPer60Last3": 27.6,
        "savesPer60Last5": 27.2,
        "shotsPerGame": 34.4,
        "shotsPerGameLast5": 31.6,
        "shotsAgainstPerGame": 28.2,
        "shotsAgainstPerGameLast5": 29.8,
        "oppSavesAgainstPer60": 28.6,
        "oppSavesAgainstPer60Last1": 18.0,
        "oppSavesAgainstPer60Last3": 21.9,
        "oppSavesAgainstPer60Last5": 22.3,
        "oppShotsAgainstPerGame": 29.3,
        "oppShotsAgainstPerGameLast5": 26.0,
        "savesProj": 26.8,
        "savesProjLast5": 22.5,
        "savesProjLast3": 22.4,
        "oppSavesAgainstProj": 25.5,
        "oppSavesAgainstProjLast5": 20.9,
        "oppSavesAgainstProjLast3": 20.6,
        "totalOver": 53,
        "totalOverLast5": 80,
        "totalOverLast15": 53,
        "lastTotalOver": 0,
        "last5": "3,4,0,4,2,3,1,1,1,4",
        "overOdds": "-185",
        "underOdds": "+150",
        "overUnder": "-185 / +150"
    },
    {
        "player": "Jonas Siegenthaler",
        "team": "NJ",
        "opponent": "NYR",
        "propType": "bs",
        "line": 1.5,
        "ppLine": "",
        "avg": 1.89,
        "hit": false,
        "diffAvg": 0.26,
        "diffAbs": 1.0,
        "lastAvg": 0.0,
        "diff": 0,
        "avgMin": 20,
        "proj": 0.0,
        "lastAvgMin": 20.57,
        "oppOver": 0,
        "teamOver": 0,
        "gameLine": "-135",
        "+/-": "+26",
        "L5_+/-": -1.0,
        "prevMatchup": "2023-04-18 2.0 bs 2023-03-30 1.0 bs 2023-01-07 2.0 bs 2022-12-12 3.0 bs 2022-11-28 1.0 bs",
        "winLossSplits": "60% - 55%",
        "awayHome": "H",
        "playedYesterday": "N",
        "awayHomeSplits": "58% - 59%",
        "savesAboveExp": 0.388,
        "gsaa": 20.59,
        "corsi": "53.7% (63.4) // 55.1% (64.9) // 50.4% (61.7) // -",
        "fenwick": "53.9% (46.9) // 55.2% (48.2) // 50.5% (47.7) // -",
        "shots": "54.9% (33.9) // 54.4% (33.3) // 48.1% (30.8) // -",
        "scoring": "56.3% (35.0) // 60.7% (39.4) // 53.0% (38.5) // -",
        "corsiAgainst": "46.3% (54.8) // 44.9% (52.8) // 49.6% (60.7) // -",
        "fenwickAgainst": "46.1% (40.1) // 44.8% (39.2) // 49.5% (46.7) // -",
        "shotsAgainst": "45.1% (27.8) // 45.6% (28.0) // 51.9% (33.2) // -",
        "scoringAgainst": "43.7% (27.1) // 39.3% (25.5) // 47.0% (34.2) // -",
        "oppCorsi": "51.4% (57.9) // 49.5% (54.5) // 48.1% (48.0) // -",
        "oppFenwick": "52.0% (43.7) // 50.7% (42.3) // 48.1% (37.0) // -",
        "oppShots": "51.8% (31.1) // 51.8% (30.7) // 46.4% (25.0) // -",
        "oppScoring": "51.3% (30.8) // 48.9% (29.6) // 50.9% (28.8) // -",
        "oppCorsiAgainst": "48.6% (54.7) // 50.5% (55.5) // 51.9% (51.8) // -",
        "oppFenwickAgainst": "48.0% (40.2) // 49.3% (41.1) // 51.9% (39.8) // -",
        "oppShotsAgainst": "48.2% (28.9) // 48.2% (28.6) // 53.6% (28.8) // -",
        "oppScoringAgainst": "48.7% (29.2) // 51.1% (30.9) // 49.1% (27.8) // -",
        "savesPerGame": 25.5,
        "savesPerGameLast1": 18.0,
        "savesPerGameLast3": 27.0,
        "savesPerGameLast5": 27.0,
        "savesPer60": 25.9,
        "savesPer60Last1": 17.9,
        "savesPer60Last3": 27.6,
        "savesPer60Last5": 27.2,
        "shotsPerGame": 34.4,
        "shotsPerGameLast5": 31.6,
        "shotsAgainstPerGame": 28.2,
        "shotsAgainstPerGameLast5": 29.8,
        "oppSavesAgainstPer60": 28.6,
        "oppSavesAgainstPer60Last1": 18.0,
        "oppSavesAgainstPer60Last3": 21.9,
        "oppSavesAgainstPer60Last5": 22.3,
        "oppShotsAgainstPerGame": 29.3,
        "oppShotsAgainstPerGameLast5": 26.0,
        "savesProj": 26.8,
        "savesProjLast5": 22.5,
        "savesProjLast3": 22.4,
        "oppSavesAgainstProj": 25.5,
        "oppSavesAgainstProjLast5": 20.9,
        "oppSavesAgainstProjLast3": 20.6,
        "totalOver": 58,
        "totalOverLast5": 60,
        "totalOverLast15": 47,
        "lastTotalOver": 0,
        "last5": "2,0,4,1,3,1,2,1,1,3",
        "overOdds": "-125",
        "underOdds": "-105",
        "overUnder": "-125 / -105"
    },
    {
        "player": "Devon Toews",
        "team": "COL",
        "opponent": "SEA",
        "propType": "bs",
        "line": 1.5,
        "ppLine": "PP2",
        "avg": 1.73,
        "hit": false,
        "diffAvg": 0.15,
        "diffAbs": 1.0,
        "lastAvg": 0.0,
        "diff": 0,
        "avgMin": 25,
        "proj": 0.0,
        "lastAvgMin": 25.37,
        "oppOver": 0,
        "teamOver": 0,
        "gameLine": "-225",
        "+/-": "+38",
        "L5_+/-": "+8.0",
        "prevMatchup": "2023-04-18 2.0 bs 2023-03-05 1.0 bs 2023-01-21 1.0 bs",
        "winLossSplits": "54% - 48%",
        "awayHome": "H",
        "playedYesterday": "N",
        "awayHomeSplits": "58% - 46%",
        "savesAboveExp": -0.168,
        "gsaa": -8.95,
        "corsi": "52.5% (60.1) // 55.0% (62.9) // 53.3% (55.8) // 64.2% (70.0)",
        "fenwick": "51.9% (44.1) // 55.1% (46.4) // 53.0% (40.3) // 64.0% (48.0)",
        "shots": "51.8% (32.8) // 55.1% (34.6) // 52.4% (29.4) // 61.8% (34.0)",
        "scoring": "53.4% (30.3) // 54.6% (32.8) // 54.4% (28.4) // 66.7% (34.0)",
        "corsiAgainst": "47.5% (54.3) // 45.0% (51.4) // 46.7% (48.8) // 35.8% (39.0)",
        "fenwickAgainst": "48.1% (41.0) // 44.9% (37.8) // 47.0% (35.6) // 36.0% (27.0)",
        "shotsAgainst": "48.2% (30.5) // 44.9% (28.2) // 47.6% (26.7) // 38.2% (21.0)",
        "scoringAgainst": "46.6% (26.5) // 45.4% (27.3) // 45.6% (23.8) // 33.3% (17.0)",
        "oppCorsi": "52.2% (57.4) // 56.1% (59.4) // 57.9% (65.7) // -",
        "oppFenwick": "52.5% (43.0) // 57.1% (44.7) // 58.3% (46.7) // -",
        "oppShots": "53.0% (30.2) // 57.4% (31.5) // 53.0% (29.7) // -",
        "oppScoring": "50.6% (27.4) // 55.4% (26.5) // 55.7% (31.0) // -",
        "oppCorsiAgainst": "47.8% (52.6) // 43.9% (46.4) // 42.1% (47.7) // -",
        "oppFenwickAgainst": "47.5% (39.0) // 42.9% (33.6) // 41.7% (33.3) // -",
        "oppShotsAgainst": "47.0% (26.8) // 42.6% (23.4) // 47.0% (26.3) // -",
        "oppScoringAgainst": "49.4% (26.8) // 44.6% (21.3) // 44.3% (24.7) // -",
        "savesPerGame": 28.4,
        "savesPerGameLast1": 27.0,
        "savesPerGameLast3": 27.7,
        "savesPerGameLast5": 28.0,
        "savesPer60": 29.1,
        "savesPer60Last1": 26.1,
        "savesPer60Last3": 27.3,
        "savesPer60Last5": 28.3,
        "shotsPerGame": 33.2,
        "shotsPerGameLast5": 31.6,
        "shotsAgainstPerGame": 31.1,
        "shotsAgainstPerGameLast5": 30.8,
        "oppSavesAgainstPer60": 27.1,
        "oppSavesAgainstPer60Last1": 27.0,
        "oppSavesAgainstPer60Last3": 25.3,
        "oppSavesAgainstPer60Last5": 26.7,
        "oppShotsAgainstPerGame": 27.0,
        "oppShotsAgainstPerGameLast5": 28.6,
        "savesProj": 32.1,
        "savesProjLast5": 31.2,
        "savesProjLast3": 28.8,
        "oppSavesAgainstProj": 27.1,
        "oppSavesAgainstProjLast5": 22.9,
        "oppSavesAgainstProjLast3": 19.5,
        "totalOver": 52,
        "totalOverLast5": 20,
        "totalOverLast15": 33,
        "lastTotalOver": 0,
        "last5": "2,1,1,1,1,0,1,2,3,1",
        "overOdds": "-175",
        "underOdds": "+140",
        "overUnder": "-175 / +140"
    },
    {
        "player": "Samuel Girard",
        "team": "COL",
        "opponent": "SEA",
        "propType": "bs",
        "line": 1.5,
        "ppLine": "PP2",
        "avg": 1.52,
        "hit": false,
        "diffAvg": 0.01,
        "diffAbs": 1.0,
        "lastAvg": 0.0,
        "diff": 0,
        "avgMin": 21,
        "proj": 0.0,
        "lastAvgMin": 21.63,
        "oppOver": 0,
        "teamOver": 0,
        "gameLine": "-225",
        "+/-": -11,
        "L5_+/-": "+3.0",
        "prevMatchup": "2023-04-18 1.0 bs 2023-03-05 1.0 bs 2023-01-21 3.0 bs 2022-10-21 0.0 bs",
        "winLossSplits": "50% - 35%",
        "awayHome": "H",
        "playedYesterday": "N",
        "awayHomeSplits": "42% - 46%",
        "savesAboveExp": -0.168,
        "gsaa": -8.95,
        "corsi": "52.5% (60.1) // 55.0% (62.9) // 53.3% (55.8) // 64.2% (70.0)",
        "fenwick": "51.9% (44.1) // 55.1% (46.4) // 53.0% (40.3) // 64.0% (48.0)",
        "shots": "51.8% (32.8) // 55.1% (34.6) // 52.4% (29.4) // 61.8% (34.0)",
        "scoring": "53.4% (30.3) // 54.6% (32.8) // 54.4% (28.4) // 66.7% (34.0)",
        "corsiAgainst": "47.5% (54.3) // 45.0% (51.4) // 46.7% (48.8) // 35.8% (39.0)",
        "fenwickAgainst": "48.1% (41.0) // 44.9% (37.8) // 47.0% (35.6) // 36.0% (27.0)",
        "shotsAgainst": "48.2% (30.5) // 44.9% (28.2) // 47.6% (26.7) // 38.2% (21.0)",
        "scoringAgainst": "46.6% (26.5) // 45.4% (27.3) // 45.6% (23.8) // 33.3% (17.0)",
        "oppCorsi": "52.2% (57.4) // 56.1% (59.4) // 57.9% (65.7) // -",
        "oppFenwick": "52.5% (43.0) // 57.1% (44.7) // 58.3% (46.7) // -",
        "oppShots": "53.0% (30.2) // 57.4% (31.5) // 53.0% (29.7) // -",
        "oppScoring": "50.6% (27.4) // 55.4% (26.5) // 55.7% (31.0) // -",
        "oppCorsiAgainst": "47.8% (52.6) // 43.9% (46.4) // 42.1% (47.7) // -",
        "oppFenwickAgainst": "47.5% (39.0) // 42.9% (33.6) // 41.7% (33.3) // -",
        "oppShotsAgainst": "47.0% (26.8) // 42.6% (23.4) // 47.0% (26.3) // -",
        "oppScoringAgainst": "49.4% (26.8) // 44.6% (21.3) // 44.3% (24.7) // -",
        "savesPerGame": 28.4,
        "savesPerGameLast1": 27.0,
        "savesPerGameLast3": 27.7,
        "savesPerGameLast5": 28.0,
        "savesPer60": 29.1,
        "savesPer60Last1": 26.1,
        "savesPer60Last3": 27.3,
        "savesPer60Last5": 28.3,
        "shotsPerGame": 33.2,
        "shotsPerGameLast5": 31.6,
        "shotsAgainstPerGame": 31.1,
        "shotsAgainstPerGameLast5": 30.8,
        "oppSavesAgainstPer60": 27.1,
        "oppSavesAgainstPer60Last1": 27.0,
        "oppSavesAgainstPer60Last3": 25.3,
        "oppSavesAgainstPer60Last5": 26.7,
        "oppShotsAgainstPerGame": 27.0,
        "oppShotsAgainstPerGameLast5": 28.6,
        "savesProj": 32.1,
        "savesProjLast5": 31.2,
        "savesProjLast3": 28.8,
        "oppSavesAgainstProj": 27.1,
        "oppSavesAgainstProjLast5": 22.9,
        "oppSavesAgainstProjLast3": 19.5,
        "totalOver": 44,
        "totalOverLast5": 20,
        "totalOverLast15": 33,
        "lastTotalOver": 0,
        "last5": "1,0,0,1,3,1,3,3,1,1",
        "overOdds": "-145",
        "underOdds": "+115",
        "overUnder": "-145 / +115"
    },
    {
        "player": "Carson Soucy",
        "team": "SEA",
        "opponent": "COL",
        "propType": "bs",
        "line": 1.5,
        "ppLine": "",
        "avg": 1.25,
        "hit": false,
        "diffAvg": -0.17,
        "diffAbs": 1.0,
        "lastAvg": 0.0,
        "diff": 0,
        "avgMin": 16,
        "proj": 0.0,
        "lastAvgMin": 17.65,
        "oppOver": 0,
        "teamOver": 0,
        "gameLine": "+190",
        "+/-": "+19",
        "L5_+/-": "+4.0",
        "prevMatchup": "2023-04-18 3.0 bs 2023-03-05 0.0 bs 2023-01-21 1.0 bs 2022-10-21 2.0 bs",
        "winLossSplits": "50% - 21%",
        "awayHome": "A",
        "playedYesterday": "N",
        "awayHomeSplits": "38% - 38%",
        "savesAboveExp": 0.16,
        "gsaa": 26.31,
        "corsi": "52.2% (57.4) // 56.1% (59.4) // 57.9% (65.7) // -",
        "fenwick": "52.5% (43.0) // 57.1% (44.7) // 58.3% (46.7) // -",
        "shots": "53.0% (30.2) // 57.4% (31.5) // 53.0% (29.7) // -",
        "scoring": "50.6% (27.4) // 55.4% (26.5) // 55.7% (31.0) // -",
        "corsiAgainst": "47.8% (52.6) // 43.9% (46.4) // 42.1% (47.7) // -",
        "fenwickAgainst": "47.5% (39.0) // 42.9% (33.6) // 41.7% (33.3) // -",
        "shotsAgainst": "47.0% (26.8) // 42.6% (23.4) // 47.0% (26.3) // -",
        "scoringAgainst": "49.4% (26.8) // 44.6% (21.3) // 44.3% (24.7) // -",
        "oppCorsi": "52.5% (60.1) // 55.0% (62.9) // 53.3% (55.8) // 64.2% (70.0)",
        "oppFenwick": "51.9% (44.1) // 55.1% (46.4) // 53.0% (40.3) // 64.0% (48.0)",
        "oppShots": "51.8% (32.8) // 55.1% (34.6) // 52.4% (29.4) // 61.8% (34.0)",
        "oppScoring": "53.4% (30.3) // 54.6% (32.8) // 54.4% (28.4) // 66.7% (34.0)",
        "oppCorsiAgainst": "47.5% (54.3) // 45.0% (51.4) // 46.7% (48.8) // 35.8% (39.0)",
        "oppFenwickAgainst": "48.1% (41.0) // 44.9% (37.8) // 47.0% (35.6) // 36.0% (27.0)",
        "oppShotsAgainst": "48.2% (30.5) // 44.9% (28.2) // 47.6% (26.7) // 38.2% (21.0)",
        "oppScoringAgainst": "46.6% (26.5) // 45.4% (27.3) // 45.6% (23.8) // 33.3% (17.0)",
        "savesPerGame": 23.9,
        "savesPerGameLast1": 34.0,
        "savesPerGameLast3": 27.7,
        "savesPerGameLast5": 26.2,
        "savesPer60": 24.3,
        "savesPer60Last1": 34.0,
        "savesPer60Last3": 27.5,
        "savesPer60Last5": 25.9,
        "shotsPerGame": 30.5,
        "shotsPerGameLast5": 30.0,
        "shotsAgainstPerGame": 27.0,
        "shotsAgainstPerGameLast5": 28.6,
        "oppSavesAgainstPer60": 30.8,
        "oppSavesAgainstPer60Last1": 36.4,
        "oppSavesAgainstPer60Last3": 28.3,
        "oppSavesAgainstPer60Last5": 29.4,
        "oppShotsAgainstPerGame": 31.1,
        "oppShotsAgainstPerGameLast5": 30.8,
        "savesProj": 25.1,
        "savesProjLast5": 27.6,
        "savesProjLast3": 26.8,
        "oppSavesAgainstProj": 26.1,
        "oppSavesAgainstProjLast5": 28.3,
        "oppSavesAgainstProjLast3": 26.5,
        "totalOver": 38,
        "totalOverLast5": 100,
        "totalOverLast15": 47,
        "lastTotalOver": 0,
        "last5": "3,3,4,3,3,2,4,0,1,0",
        "overOdds": "-130",
        "underOdds": "+100",
        "overUnder": "-130 / +100"
    },
    {
        "player": "Adam Larsson",
        "team": "SEA",
        "opponent": "COL",
        "propType": "bs",
        "line": 2.5,
        "ppLine": "",
        "avg": 2.13,
        "hit": false,
        "diffAvg": -0.15,
        "diffAbs": 1.0,
        "lastAvg": 0.0,
        "diff": 0,
        "avgMin": 23,
        "proj": 0.0,
        "lastAvgMin": 22.27,
        "oppOver": 0,
        "teamOver": 0,
        "gameLine": "+190",
        "+/-": "+27",
        "L5_+/-": "+1.0",
        "prevMatchup": "2023-04-18 4.0 bs 2023-03-05 1.0 bs 2023-01-21 3.0 bs 2022-10-21 1.0 bs",
        "winLossSplits": "45% - 31%",
        "awayHome": "A",
        "playedYesterday": "N",
        "awayHomeSplits": "33% - 44%",
        "savesAboveExp": 0.16,
        "gsaa": 26.31,
        "corsi": "52.2% (57.4) // 56.1% (59.4) // 57.9% (65.7) // -",
        "fenwick": "52.5% (43.0) // 57.1% (44.7) // 58.3% (46.7) // -",
        "shots": "53.0% (30.2) // 57.4% (31.5) // 53.0% (29.7) // -",
        "scoring": "50.6% (27.4) // 55.4% (26.5) // 55.7% (31.0) // -",
        "corsiAgainst": "47.8% (52.6) // 43.9% (46.4) // 42.1% (47.7) // -",
        "fenwickAgainst": "47.5% (39.0) // 42.9% (33.6) // 41.7% (33.3) // -",
        "shotsAgainst": "47.0% (26.8) // 42.6% (23.4) // 47.0% (26.3) // -",
        "scoringAgainst": "49.4% (26.8) // 44.6% (21.3) // 44.3% (24.7) // -",
        "oppCorsi": "52.5% (60.1) // 55.0% (62.9) // 53.3% (55.8) // 64.2% (70.0)",
        "oppFenwick": "51.9% (44.1) // 55.1% (46.4) // 53.0% (40.3) // 64.0% (48.0)",
        "oppShots": "51.8% (32.8) // 55.1% (34.6) // 52.4% (29.4) // 61.8% (34.0)",
        "oppScoring": "53.4% (30.3) // 54.6% (32.8) // 54.4% (28.4) // 66.7% (34.0)",
        "oppCorsiAgainst": "47.5% (54.3) // 45.0% (51.4) // 46.7% (48.8) // 35.8% (39.0)",
        "oppFenwickAgainst": "48.1% (41.0) // 44.9% (37.8) // 47.0% (35.6) // 36.0% (27.0)",
        "oppShotsAgainst": "48.2% (30.5) // 44.9% (28.2) // 47.6% (26.7) // 38.2% (21.0)",
        "oppScoringAgainst": "46.6% (26.5) // 45.4% (27.3) // 45.6% (23.8) // 33.3% (17.0)",
        "savesPerGame": 23.9,
        "savesPerGameLast1": 34.0,
        "savesPerGameLast3": 27.7,
        "savesPerGameLast5": 26.2,
        "savesPer60": 24.3,
        "savesPer60Last1": 34.0,
        "savesPer60Last3": 27.5,
        "savesPer60Last5": 25.9,
        "shotsPerGame": 30.5,
        "shotsPerGameLast5": 30.0,
        "shotsAgainstPerGame": 27.0,
        "shotsAgainstPerGameLast5": 28.6,
        "oppSavesAgainstPer60": 30.8,
        "oppSavesAgainstPer60Last1": 36.4,
        "oppSavesAgainstPer60Last3": 28.3,
        "oppSavesAgainstPer60Last5": 29.4,
        "oppShotsAgainstPerGame": 31.1,
        "oppShotsAgainstPerGameLast5": 30.8,
        "savesProj": 25.1,
        "savesProjLast5": 27.6,
        "savesProjLast3": 26.8,
        "oppSavesAgainstProj": 26.1,
        "oppSavesAgainstProjLast5": 28.3,
        "oppSavesAgainstProjLast3": 26.5,
        "totalOver": 39,
        "totalOverLast5": 60,
        "totalOverLast15": 33,
        "lastTotalOver": 0,
        "last5": "4,0,3,1,3,2,1,1,1,5",
        "overOdds": "+105",
        "underOdds": "-135",
        "overUnder": "+105 / -135"
    },
    {
        "player": "Josh Morrissey",
        "team": "WPG",
        "opponent": "VGK",
        "propType": "bs",
        "line": 1.5,
        "ppLine": "PP1",
        "avg": 1.54,
        "hit": false,
        "diffAvg": 0.03,
        "diffAbs": 1.0,
        "lastAvg": 0.0,
        "diff": 0,
        "avgMin": 24,
        "proj": 0.0,
        "lastAvgMin": 23.65,
        "oppOver": 0,
        "teamOver": 0,
        "gameLine": "+135",
        "+/-": "+3",
        "L5_+/-": "+6.0",
        "prevMatchup": "2023-04-18 3.0 bs 2022-12-13 1.0 bs 2022-10-30 0.0 bs 2022-10-20 2.0 bs",
        "winLossSplits": "47% - 59%",
        "awayHome": "A",
        "playedYesterday": "N",
        "awayHomeSplits": "44% - 60%",
        "savesAboveExp": "-",
        "gsaa": "-",
        "corsi": "51.5% (58.6) // 54.0% (61.3) // 48.4% (50.3) // -",
        "fenwick": "51.3% (43.9) // 53.8% (45.7) // 48.7% (37.0) // -",
        "shots": "50.0% (30.1) // 52.0% (30.2) // 47.7% (24.3) // -",
        "scoring": "51.9% (30.3) // 55.2% (31.4) // 48.2% (26.7) // -",
        "corsiAgainst": "48.5% (55.2) // 46.0% (52.2) // 51.6% (53.7) // -",
        "fenwickAgainst": "48.7% (41.7) // 46.2% (39.2) // 51.3% (39.0) // -",
        "shotsAgainst": "50.0% (30.1) // 48.0% (27.9) // 52.3% (26.7) // -",
        "scoringAgainst": "48.1% (28.1) // 44.8% (25.5) // 51.8% (28.7) // -",
        "oppCorsi": "48.6% (57.5) // 48.0% (56.0) // 43.1% (52.0) // -",
        "oppFenwick": "49.7% (42.3) // 48.8% (40.5) // 42.9% (35.0) // -",
        "oppShots": "50.5% (31.1) // 50.2% (28.8) // 51.9% (28.0) // -",
        "oppScoring": "49.5% (29.2) // 49.0% (28.7) // 47.0% (27.0) // -",
        "oppCorsiAgainst": "51.4% (60.7) // 52.0% (60.6) // 56.9% (68.5) // -",
        "oppFenwickAgainst": "50.3% (42.8) // 51.2% (42.5) // 57.1% (46.5) // -",
        "oppShotsAgainst": "49.5% (30.4) // 49.8% (28.5) // 48.1% (26.0) // -",
        "oppScoringAgainst": "50.5% (29.8) // 51.0% (29.9) // 53.0% (30.5) // -",
        "savesPerGame": 27.6,
        "savesPerGameLast1": 16.0,
        "savesPerGameLast3": 23.3,
        "savesPerGameLast5": 23.4,
        "savesPer60": 27.8,
        "savesPer60Last1": 16.0,
        "savesPer60Last3": 23.3,
        "savesPer60Last5": 23.4,
