[
    {
        "player": "Auston Matthews",
        "team": "TOR",
        "opponent": "TB",
        "propType": "ast",
        "line": 0.5,
        "ppLine": "PP1",
        "avg": 0.63,
        "hit": false,
        "diffAvg": 0.26,
        "diffAbs": 0.2,
        "lastAvg": 0.57,
        "diff": 0.14,
        "avgMin": 20,
        "proj": 0.6,
        "lastAvgMin": 20.6,
        "oppOver": 0,
        "teamOver": 0,
        "gameLine": "-170",
        "+/-": "+32",
        "L5_+/-": "+1.0",
        "prevMatchup": "2023-04-18 2.0 ast 2022-12-20 0.0 ast 2022-12-03 1.0 ast",
        "winLossSplits": "50% - 41%",
        "awayHome": "H",
        "playedYesterday": "N",
        "awayHomeSplits": "42% - 51%",
        "savesAboveExp": 0.522,
        "gsaa": 20.53,
        "corsi": "50.8% (57.6) // 50.8% (59.1) // 39.7% (45.8) // -",
        "fenwick": "51.7% (44.0) // 52.2% (46.4) // 39.6% (34.8) // -",
        "shots": "52.1% (31.8) // 52.3% (33.2) // 37.2% (22.7) // -",
        "scoring": "53.9% (33.4) // 55.3% (34.1) // 42.6% (24.4) // -",
        "corsiAgainst": "49.2% (55.8) // 49.2% (57.4) // 60.3% (69.5) // -",
        "fenwickAgainst": "48.3% (41.1) // 47.8% (42.5) // 60.4% (53.0) // -",
        "shotsAgainst": "47.9% (29.2) // 47.7% (30.3) // 62.8% (38.3) // -",
        "scoringAgainst": "46.1% (28.5) // 44.7% (27.6) // 57.4% (32.8) // -",
        "oppCorsi": "51.4% (59.4) // 49.6% (57.4) // 60.3% (70.5) // -",
        "oppFenwick": "51.3% (44.7) // 48.1% (42.5) // 58.8% (53.5) // -",
        "oppShots": "50.4% (31.7) // 47.3% (30.9) // 58.8% (40.0) // -",
        "oppScoring": "52.9% (33.9) // 49.5% (32.2) // 58.3% (38.5) // -",
        "oppCorsiAgainst": "48.6% (56.3) // 50.4% (58.3) // 39.7% (46.5) // -",
        "oppFenwickAgainst": "48.7% (42.4) // 51.9% (45.9) // 41.2% (37.5) // -",
        "oppShotsAgainst": "49.6% (31.2) // 52.7% (34.4) // 41.2% (28.0) // -",
        "oppScoringAgainst": "47.1% (30.1) // 50.5% (32.8) // 41.7% (27.5) // -",
        "savesPerGame": 26.8,
        "savesPerGameLast1": 27.0,
        "savesPerGameLast3": 31.3,
        "savesPerGameLast5": 31.8,
        "savesPer60": 27.2,
        "savesPer60Last1": 27.0,
        "savesPer60Last3": 31.3,
        "savesPer60Last5": 32.2,
        "shotsPerGame": 32.0,
        "shotsPerGameLast5": 29.4,
        "shotsAgainstPerGame": 29.5,
        "shotsAgainstPerGameLast5": 34.6,
        "oppSavesAgainstPer60": 28.9,
        "oppSavesAgainstPer60Last1": 26.9,
        "oppSavesAgainstPer60Last3": 33.5,
        "oppSavesAgainstPer60Last5": 29.9,
        "oppShotsAgainstPerGame": 31.5,
        "oppShotsAgainstPerGameLast5": 33.8,
        "savesProj": 26.9,
        "savesProjLast5": 33.3,
        "savesProjLast3": 35.9,
        "oppSavesAgainstProj": 27.2,
        "oppSavesAgainstProjLast5": 32.3,
        "oppSavesAgainstProjLast3": 36.4,
        "totalOver": 47,
        "totalOverLast5": 40,
        "totalOverLast15": 40,
        "lastTotalOver": 47,
        "last5": "2,0,0,3,0,0,1,0,0,2",
        "overOdds": "-110",
        "underOdds": "-120",
        "overUnder": "-110 / -120"
    },
    {
        "player": "Brandon Hagel",
        "team": "TB",
        "opponent": "TOR",
        "propType": "ast",
        "line": 0.5,
        "ppLine": "PP2",
        "avg": 0.43,
        "hit": false,
        "diffAvg": -0.14,
        "diffAbs": 0.6,
        "lastAvg": 0.19,
        "diff": -0.62,
        "avgMin": 18,
        "proj": 0.2,
        "lastAvgMin": 16.35,
        "oppOver": 0,
        "teamOver": 0,
        "gameLine": "+145",
        "+/-": "+21",
        "L5_+/-": "+2.0",
        "prevMatchup": "2023-04-18 1.0 ast 2023-04-11 0.0 ast 2022-12-20 0.0 ast 2022-12-03 0.0 ast",
        "winLossSplits": "55% - 14%",
        "awayHome": "A",
        "playedYesterday": "N",
        "awayHomeSplits": "32% - 44%",
        "savesAboveExp": 0.388,
        "gsaa": 17.37,
        "corsi": "51.4% (59.4) // 49.6% (57.4) // 60.3% (70.5) // -",
        "fenwick": "51.3% (44.7) // 48.1% (42.5) // 58.8% (53.5) // -",
        "shots": "50.4% (31.7) // 47.3% (30.9) // 58.8% (40.0) // -",
        "scoring": "52.9% (33.9) // 49.5% (32.2) // 58.3% (38.5) // -",
        "corsiAgainst": "48.6% (56.3) // 50.4% (58.3) // 39.7% (46.5) // -",
        "fenwickAgainst": "48.7% (42.4) // 51.9% (45.9) // 41.2% (37.5) // -",
        "shotsAgainst": "49.6% (31.2) // 52.7% (34.4) // 41.2% (28.0) // -",
        "scoringAgainst": "47.1% (30.1) // 50.5% (32.8) // 41.7% (27.5) // -",
        "oppCorsi": "50.8% (57.6) // 50.8% (59.1) // 39.7% (45.8) // -",
        "oppFenwick": "51.7% (44.0) // 52.2% (46.4) // 39.6% (34.8) // -",
        "oppShots": "52.1% (31.8) // 52.3% (33.2) // 37.2% (22.7) // -",
        "oppScoring": "53.9% (33.4) // 55.3% (34.1) // 42.6% (24.4) // -",
        "oppCorsiAgainst": "49.2% (55.8) // 49.2% (57.4) // 60.3% (69.5) // -",
        "oppFenwickAgainst": "48.3% (41.1) // 47.8% (42.5) // 60.4% (53.0) // -",
        "oppShotsAgainst": "47.9% (29.2) // 47.7% (30.3) // 62.8% (38.3) // -",
        "oppScoringAgainst": "46.1% (28.5) // 44.7% (27.6) // 57.4% (32.8) // -",
        "savesPerGame": 28.4,
        "savesPerGameLast1": 28.0,
        "savesPerGameLast3": 26.7,
        "savesPerGameLast5": 29.8,
        "savesPer60": 28.8,
        "savesPer60Last1": 28.0,
        "savesPer60Last3": 26.2,
        "savesPer60Last5": 29.4,
        "shotsPerGame": 32.0,
        "shotsPerGameLast5": 33.8,
        "shotsAgainstPerGame": 31.5,
        "shotsAgainstPerGameLast5": 33.8,
        "oppSavesAgainstPer60": 28.8,
        "oppSavesAgainstPer60Last1": 28.0,
        "oppSavesAgainstPer60Last3": 22.3,
        "oppSavesAgainstPer60Last5": 26.0,
        "oppShotsAgainstPerGame": 29.5,
        "oppShotsAgainstPerGameLast5": 34.6,
        "savesProj": 30.3,
        "savesProjLast5": 27.7,
        "savesProjLast3": 21.2,
        "oppSavesAgainstProj": 28.6,
        "oppSavesAgainstProjLast5": 27.4,
        "oppSavesAgainstProjLast3": 21.8,
        "totalOver": 38,
        "totalOverLast5": 60,
        "totalOverLast15": 20,
        "lastTotalOver": 16,
        "last5": "1,1,0,0,1,0,0,0,0,0",
        "overOdds": "+185",
        "underOdds": "-230",
        "overUnder": "+185 / -230"
    },
    {
        "player": "Brayden Point",
        "team": "TB",
        "opponent": "TOR",
        "propType": "ast",
        "line": 0.5,
        "ppLine": "PP1",
        "avg": 0.53,
        "hit": false,
        "diffAvg": 0.06,
        "diffAbs": 0.2,
        "lastAvg": 0.4,
        "diff": -0.2,
        "avgMin": 19,
        "proj": 0.4,
        "lastAvgMin": 19.45,
        "oppOver": 0,
        "teamOver": 0,
        "gameLine": "+145",
        "+/-": 0,
        "L5_+/-": 0.0,
        "prevMatchup": "2023-04-18 0.0 ast 2023-04-11 1.0 ast 2022-12-20 0.0 ast 2022-12-03 0.0 ast",
        "winLossSplits": "51% - 33%",
        "awayHome": "A",
        "playedYesterday": "N",
        "awayHomeSplits": "36% - 51%",
        "savesAboveExp": 0.388,
        "gsaa": 17.37,
        "corsi": "51.4% (59.4) // 49.6% (57.4) // 60.3% (70.5) // -",
        "fenwick": "51.3% (44.7) // 48.1% (42.5) // 58.8% (53.5) // -",
        "shots": "50.4% (31.7) // 47.3% (30.9) // 58.8% (40.0) // -",
        "scoring": "52.9% (33.9) // 49.5% (32.2) // 58.3% (38.5) // -",
        "corsiAgainst": "48.6% (56.3) // 50.4% (58.3) // 39.7% (46.5) // -",
        "fenwickAgainst": "48.7% (42.4) // 51.9% (45.9) // 41.2% (37.5) // -",
        "shotsAgainst": "49.6% (31.2) // 52.7% (34.4) // 41.2% (28.0) // -",
        "scoringAgainst": "47.1% (30.1) // 50.5% (32.8) // 41.7% (27.5) // -",
        "oppCorsi": "50.8% (57.6) // 50.8% (59.1) // 39.7% (45.8) // -",
        "oppFenwick": "51.7% (44.0) // 52.2% (46.4) // 39.6% (34.8) // -",
        "oppShots": "52.1% (31.8) // 52.3% (33.2) // 37.2% (22.7) // -",
        "oppScoring": "53.9% (33.4) // 55.3% (34.1) // 42.6% (24.4) // -",
        "oppCorsiAgainst": "49.2% (55.8) // 49.2% (57.4) // 60.3% (69.5) // -",
        "oppFenwickAgainst": "48.3% (41.1) // 47.8% (42.5) // 60.4% (53.0) // -",
        "oppShotsAgainst": "47.9% (29.2) // 47.7% (30.3) // 62.8% (38.3) // -",
        "oppScoringAgainst": "46.1% (28.5) // 44.7% (27.6) // 57.4% (32.8) // -",
        "savesPerGame": 28.4,
        "savesPerGameLast1": 28.0,
        "savesPerGameLast3": 26.7,
        "savesPerGameLast5": 29.8,
        "savesPer60": 28.8,
        "savesPer60Last1": 28.0,
        "savesPer60Last3": 26.2,
        "savesPer60Last5": 29.4,
        "shotsPerGame": 32.0,
        "shotsPerGameLast5": 33.8,
        "shotsAgainstPerGame": 31.5,
        "shotsAgainstPerGameLast5": 33.8,
        "oppSavesAgainstPer60": 28.8,
        "oppSavesAgainstPer60Last1": 28.0,
        "oppSavesAgainstPer60Last3": 22.3,
        "oppSavesAgainstPer60Last5": 26.0,
        "oppShotsAgainstPerGame": 29.5,
        "oppShotsAgainstPerGameLast5": 34.6,
        "savesProj": 30.3,
        "savesProjLast5": 27.7,
        "savesProjLast3": 21.2,
        "oppSavesAgainstProj": 28.6,
        "oppSavesAgainstProjLast5": 27.4,
        "oppSavesAgainstProjLast3": 21.8,
        "totalOver": 43,
        "totalOverLast5": 60,
        "totalOverLast15": 40,
        "lastTotalOver": 36,
        "last5": "0,1,1,0,1,0,2,0,1,0",
        "overOdds": "+125",
        "underOdds": "-155",
        "overUnder": "+125 / -155"
    },
    {
        "player": "John Tavares",
        "team": "TOR",
        "opponent": "TB",
        "propType": "ast",
        "line": 0.5,
        "ppLine": "PP1",
        "avg": 0.56,
        "hit": false,
        "diffAvg": 0.12,
        "diffAbs": 0.0,
        "lastAvg": 0.57,
        "diff": 0.14,
        "avgMin": 17,
        "proj": 0.5,
        "lastAvgMin": 18.07,
        "oppOver": 0,
        "teamOver": 0,
        "gameLine": "-170",
        "+/-": -9,
        "L5_+/-": -5.0,
        "prevMatchup": "2023-04-18 1.0 ast 2023-04-11 1.0 ast 2022-12-20 0.0 ast 2022-12-03 0.0 ast",
        "winLossSplits": "52% - 24%",
        "awayHome": "H",
        "playedYesterday": "N",
        "awayHomeSplits": "38% - 43%",
        "savesAboveExp": 0.522,
        "gsaa": 20.53,
        "corsi": "50.8% (57.6) // 50.8% (59.1) // 39.7% (45.8) // -",
        "fenwick": "51.7% (44.0) // 52.2% (46.4) // 39.6% (34.8) // -",
        "shots": "52.1% (31.8) // 52.3% (33.2) // 37.2% (22.7) // -",
        "scoring": "53.9% (33.4) // 55.3% (34.1) // 42.6% (24.4) // -",
        "corsiAgainst": "49.2% (55.8) // 49.2% (57.4) // 60.3% (69.5) // -",
        "fenwickAgainst": "48.3% (41.1) // 47.8% (42.5) // 60.4% (53.0) // -",
        "shotsAgainst": "47.9% (29.2) // 47.7% (30.3) // 62.8% (38.3) // -",
        "scoringAgainst": "46.1% (28.5) // 44.7% (27.6) // 57.4% (32.8) // -",
        "oppCorsi": "51.4% (59.4) // 49.6% (57.4) // 60.3% (70.5) // -",
        "oppFenwick": "51.3% (44.7) // 48.1% (42.5) // 58.8% (53.5) // -",
        "oppShots": "50.4% (31.7) // 47.3% (30.9) // 58.8% (40.0) // -",
        "oppScoring": "52.9% (33.9) // 49.5% (32.2) // 58.3% (38.5) // -",
        "oppCorsiAgainst": "48.6% (56.3) // 50.4% (58.3) // 39.7% (46.5) // -",
        "oppFenwickAgainst": "48.7% (42.4) // 51.9% (45.9) // 41.2% (37.5) // -",
        "oppShotsAgainst": "49.6% (31.2) // 52.7% (34.4) // 41.2% (28.0) // -",
        "oppScoringAgainst": "47.1% (30.1) // 50.5% (32.8) // 41.7% (27.5) // -",
        "savesPerGame": 26.8,
        "savesPerGameLast1": 27.0,
        "savesPerGameLast3": 31.3,
        "savesPerGameLast5": 31.8,
        "savesPer60": 27.2,
        "savesPer60Last1": 27.0,
        "savesPer60Last3": 31.3,
        "savesPer60Last5": 32.2,
        "shotsPerGame": 32.0,
        "shotsPerGameLast5": 29.4,
        "shotsAgainstPerGame": 29.5,
        "shotsAgainstPerGameLast5": 34.6,
        "oppSavesAgainstPer60": 28.9,
        "oppSavesAgainstPer60Last1": 26.9,
        "oppSavesAgainstPer60Last3": 33.5,
        "oppSavesAgainstPer60Last5": 29.9,
        "oppShotsAgainstPerGame": 31.5,
        "oppShotsAgainstPerGameLast5": 33.8,
        "savesProj": 26.9,
        "savesProjLast5": 33.3,
        "savesProjLast3": 35.9,
        "oppSavesAgainstProj": 27.2,
        "oppSavesAgainstProjLast5": 32.3,
        "oppSavesAgainstProjLast3": 36.4,
        "totalOver": 41,
        "totalOverLast5": 40,
        "totalOverLast15": 33,
        "lastTotalOver": 50,
        "last5": "1,1,0,0,0,0,0,0,0,1",
        "overOdds": "+130",
        "underOdds": "-160",
        "overUnder": "+130 / -160"
    },
    {
        "player": "Mikhail Sergachev",
        "team": "TB",
        "opponent": "TOR",
        "propType": "ast",
        "line": 0.5,
        "ppLine": "PP1",
        "avg": 0.68,
        "hit": false,
        "diffAvg": 0.36,
        "diffAbs": 0.4,
        "lastAvg": 0.31,
        "diff": -0.38,
        "avgMin": 23,
        "proj": 0.3,
        "lastAvgMin": 22.47,
        "oppOver": 0,
        "teamOver": 0,
        "gameLine": "+145",
        "+/-": "+11",
        "L5_+/-": "+1.0",
        "prevMatchup": "2023-04-18 1.0 ast 2023-04-11 1.0 ast 2022-12-20 0.0 ast 2022-12-03 1.0 ast",
        "winLossSplits": "64% - 29%",
        "awayHome": "A",
        "playedYesterday": "N",
        "awayHomeSplits": "38% - 60%",
        "savesAboveExp": 0.388,
        "gsaa": 17.37,
        "corsi": "51.4% (59.4) // 49.6% (57.4) // 60.3% (70.5) // -",
        "fenwick": "51.3% (44.7) // 48.1% (42.5) // 58.8% (53.5) // -",
        "shots": "50.4% (31.7) // 47.3% (30.9) // 58.8% (40.0) // -",
        "scoring": "52.9% (33.9) // 49.5% (32.2) // 58.3% (38.5) // -",
        "corsiAgainst": "48.6% (56.3) // 50.4% (58.3) // 39.7% (46.5) // -",
        "fenwickAgainst": "48.7% (42.4) // 51.9% (45.9) // 41.2% (37.5) // -",
        "shotsAgainst": "49.6% (31.2) // 52.7% (34.4) // 41.2% (28.0) // -",
        "scoringAgainst": "47.1% (30.1) // 50.5% (32.8) // 41.7% (27.5) // -",
        "oppCorsi": "50.8% (57.6) // 50.8% (59.1) // 39.7% (45.8) // -",
        "oppFenwick": "51.7% (44.0) // 52.2% (46.4) // 39.6% (34.8) // -",
        "oppShots": "52.1% (31.8) // 52.3% (33.2) // 37.2% (22.7) // -",
        "oppScoring": "53.9% (33.4) // 55.3% (34.1) // 42.6% (24.4) // -",
        "oppCorsiAgainst": "49.2% (55.8) // 49.2% (57.4) // 60.3% (69.5) // -",
        "oppFenwickAgainst": "48.3% (41.1) // 47.8% (42.5) // 60.4% (53.0) // -",
        "oppShotsAgainst": "47.9% (29.2) // 47.7% (30.3) // 62.8% (38.3) // -",
        "oppScoringAgainst": "46.1% (28.5) // 44.7% (27.6) // 57.4% (32.8) // -",
        "savesPerGame": 28.4,
        "savesPerGameLast1": 28.0,
        "savesPerGameLast3": 26.7,
        "savesPerGameLast5": 29.8,
        "savesPer60": 28.8,
        "savesPer60Last1": 28.0,
        "savesPer60Last3": 26.2,
        "savesPer60Last5": 29.4,
        "shotsPerGame": 32.0,
        "shotsPerGameLast5": 33.8,
        "shotsAgainstPerGame": 31.5,
        "shotsAgainstPerGameLast5": 33.8,
        "oppSavesAgainstPer60": 28.8,
        "oppSavesAgainstPer60Last1": 28.0,
        "oppSavesAgainstPer60Last3": 22.3,
        "oppSavesAgainstPer60Last5": 26.0,
        "oppShotsAgainstPerGame": 29.5,
        "oppShotsAgainstPerGameLast5": 34.6,
        "savesProj": 30.3,
        "savesProjLast5": 27.7,
        "savesProjLast3": 21.2,
        "oppSavesAgainstProj": 28.6,
        "oppSavesAgainstProjLast5": 27.4,
        "oppSavesAgainstProjLast3": 21.8,
        "totalOver": 49,
        "totalOverLast5": 80,
        "totalOverLast15": 67,
        "lastTotalOver": 29,
        "last5": "1,2,1,0,1,1,1,1,0,0",
        "overOdds": "+100",
        "underOdds": "-130",
        "overUnder": "+100 / -130"
    },
    {
        "player": "Mitchell Marner",
        "team": "TOR",
        "opponent": "TB",
        "propType": "ast",
        "line": 0.5,
        "ppLine": "PP1",
        "avg": 0.89,
        "hit": false,
        "diffAvg": 0.78,
        "diffAbs": 0.6,
        "lastAvg": 0.78,
        "diff": 0.56,
        "avgMin": 21,
        "proj": 0.8,
        "lastAvgMin": 20.87,
        "oppOver": 0,
        "teamOver": 0,
        "gameLine": "-170",
        "+/-": "+19",
        "L5_+/-": "+3.0",
        "prevMatchup": "2023-04-18 3.0 ast 2022-12-20 1.0 ast 2022-12-03 0.0 ast",
        "winLossSplits": "63% - 62%",
        "awayHome": "H",
        "playedYesterday": "N",
        "awayHomeSplits": "58% - 68%",
        "savesAboveExp": 0.522,
        "gsaa": 20.53,
        "corsi": "50.8% (57.6) // 50.8% (59.1) // 39.7% (45.8) // -",
        "fenwick": "51.7% (44.0) // 52.2% (46.4) // 39.6% (34.8) // -",
        "shots": "52.1% (31.8) // 52.3% (33.2) // 37.2% (22.7) // -",
        "scoring": "53.9% (33.4) // 55.3% (34.1) // 42.6% (24.4) // -",
        "corsiAgainst": "49.2% (55.8) // 49.2% (57.4) // 60.3% (69.5) // -",
        "fenwickAgainst": "48.3% (41.1) // 47.8% (42.5) // 60.4% (53.0) // -",
        "shotsAgainst": "47.9% (29.2) // 47.7% (30.3) // 62.8% (38.3) // -",
        "scoringAgainst": "46.1% (28.5) // 44.7% (27.6) // 57.4% (32.8) // -",
        "oppCorsi": "51.4% (59.4) // 49.6% (57.4) // 60.3% (70.5) // -",
        "oppFenwick": "51.3% (44.7) // 48.1% (42.5) // 58.8% (53.5) // -",
        "oppShots": "50.4% (31.7) // 47.3% (30.9) // 58.8% (40.0) // -",
        "oppScoring": "52.9% (33.9) // 49.5% (32.2) // 58.3% (38.5) // -",
        "oppCorsiAgainst": "48.6% (56.3) // 50.4% (58.3) // 39.7% (46.5) // -",
        "oppFenwickAgainst": "48.7% (42.4) // 51.9% (45.9) // 41.2% (37.5) // -",
        "oppShotsAgainst": "49.6% (31.2) // 52.7% (34.4) // 41.2% (28.0) // -",
        "oppScoringAgainst": "47.1% (30.1) // 50.5% (32.8) // 41.7% (27.5) // -",
        "savesPerGame": 26.8,
        "savesPerGameLast1": 27.0,
        "savesPerGameLast3": 31.3,
        "savesPerGameLast5": 31.8,
        "savesPer60": 27.2,
        "savesPer60Last1": 27.0,
        "savesPer60Last3": 31.3,
        "savesPer60Last5": 32.2,
        "shotsPerGame": 32.0,
        "shotsPerGameLast5": 29.4,
        "shotsAgainstPerGame": 29.5,
        "shotsAgainstPerGameLast5": 34.6,
        "oppSavesAgainstPer60": 28.9,
        "oppSavesAgainstPer60Last1": 26.9,
        "oppSavesAgainstPer60Last3": 33.5,
        "oppSavesAgainstPer60Last5": 29.9,
        "oppShotsAgainstPerGame": 31.5,
        "oppShotsAgainstPerGameLast5": 33.8,
        "savesProj": 26.9,
        "savesProjLast5": 33.3,
        "savesProjLast3": 35.9,
        "oppSavesAgainstProj": 27.2,
        "oppSavesAgainstProjLast5": 32.3,
        "oppSavesAgainstProjLast3": 36.4,
        "totalOver": 63,
        "totalOverLast5": 60,
        "totalOverLast15": 53,
        "lastTotalOver": 57,
        "last5": "3,0,1,1,0,0,0,1,1,1",
        "overOdds": "-180",
        "underOdds": "+145",
        "overUnder": "-180 / +145"
    },
    {
        "player": "Morgan Rielly",
        "team": "TOR",
        "opponent": "TB",
        "propType": "ast",
        "line": 0.5,
        "ppLine": "PP1",
        "avg": 0.56,
        "hit": false,
        "diffAvg": 0.12,
        "diffAbs": 0.2,
        "lastAvg": 0.65,
        "diff": 0.3,
        "avgMin": 21,
        "proj": 0.6,
        "lastAvgMin": 23.73,
        "oppOver": 0,
        "teamOver": 0,
        "gameLine": "-170",
        "+/-": -10,
        "L5_+/-": -6.0,
        "prevMatchup": "2023-04-18 0.0 ast 2023-04-11 0.0 ast",
        "winLossSplits": "47% - 43%",
        "awayHome": "H",
        "playedYesterday": "N",
        "awayHomeSplits": "45% - 46%",
        "savesAboveExp": 0.522,
        "gsaa": 20.53,
        "corsi": "50.8% (57.6) // 50.8% (59.1) // 39.7% (45.8) // -",
        "fenwick": "51.7% (44.0) // 52.2% (46.4) // 39.6% (34.8) // -",
        "shots": "52.1% (31.8) // 52.3% (33.2) // 37.2% (22.7) // -",
        "scoring": "53.9% (33.4) // 55.3% (34.1) // 42.6% (24.4) // -",
        "corsiAgainst": "49.2% (55.8) // 49.2% (57.4) // 60.3% (69.5) // -",
        "fenwickAgainst": "48.3% (41.1) // 47.8% (42.5) // 60.4% (53.0) // -",
        "shotsAgainst": "47.9% (29.2) // 47.7% (30.3) // 62.8% (38.3) // -",
        "scoringAgainst": "46.1% (28.5) // 44.7% (27.6) // 57.4% (32.8) // -",
        "oppCorsi": "51.4% (59.4) // 49.6% (57.4) // 60.3% (70.5) // -",
        "oppFenwick": "51.3% (44.7) // 48.1% (42.5) // 58.8% (53.5) // -",
        "oppShots": "50.4% (31.7) // 47.3% (30.9) // 58.8% (40.0) // -",
        "oppScoring": "52.9% (33.9) // 49.5% (32.2) // 58.3% (38.5) // -",
        "oppCorsiAgainst": "48.6% (56.3) // 50.4% (58.3) // 39.7% (46.5) // -",
        "oppFenwickAgainst": "48.7% (42.4) // 51.9% (45.9) // 41.2% (37.5) // -",
        "oppShotsAgainst": "49.6% (31.2) // 52.7% (34.4) // 41.2% (28.0) // -",
        "oppScoringAgainst": "47.1% (30.1) // 50.5% (32.8) // 41.7% (27.5) // -",
        "savesPerGame": 26.8,
        "savesPerGameLast1": 27.0,
        "savesPerGameLast3": 31.3,
        "savesPerGameLast5": 31.8,
        "savesPer60": 27.2,
        "savesPer60Last1": 27.0,
        "savesPer60Last3": 31.3,
        "savesPer60Last5": 32.2,
        "shotsPerGame": 32.0,
        "shotsPerGameLast5": 29.4,
        "shotsAgainstPerGame": 29.5,
        "shotsAgainstPerGameLast5": 34.6,
        "oppSavesAgainstPer60": 28.9,
        "oppSavesAgainstPer60Last1": 26.9,
        "oppSavesAgainstPer60Last3": 33.5,
        "oppSavesAgainstPer60Last5": 29.9,
        "oppShotsAgainstPerGame": 31.5,
        "oppShotsAgainstPerGameLast5": 33.8,
        "savesProj": 26.9,
        "savesProjLast5": 33.3,
        "savesProjLast3": 35.9,
        "oppSavesAgainstProj": 27.2,
        "oppSavesAgainstProjLast5": 32.3,
        "oppSavesAgainstProjLast3": 36.4,
        "totalOver": 45,
        "totalOverLast5": 20,
        "totalOverLast15": 40,
        "lastTotalOver": 49,
        "last5": "0,0,0,1,0,0,1,0,0,1",
        "overOdds": "+115",
        "underOdds": "-145",
        "overUnder": "+115 / -145"
    },
    {
        "player": "Nikita Kucherov",
        "team": "TB",
        "opponent": "TOR",
        "propType": "ast",
        "line": 0.5,
        "ppLine": "PP1",
        "avg": 1.01,
        "hit": false,
        "diffAvg": 1.02,
        "diffAbs": 0.2,
        "lastAvg": 0.63,
        "diff": 0.26,
        "avgMin": 20,
        "proj": 0.6,
        "lastAvgMin": 19.97,
        "oppOver": 0,
        "teamOver": 0,
        "gameLine": "+145",
        "+/-": -4,
        "L5_+/-": -2.0,
        "prevMatchup": "2023-04-18 2.0 ast 2023-04-11 1.0 ast 2022-12-20 0.0 ast 2022-12-03 0.0 ast",
        "winLossSplits": "74% - 61%",
        "awayHome": "A",
        "playedYesterday": "N",
        "awayHomeSplits": "57% - 80%",
        "savesAboveExp": 0.388,
        "gsaa": 17.37,
        "corsi": "51.4% (59.4) // 49.6% (57.4) // 60.3% (70.5) // -",
        "fenwick": "51.3% (44.7) // 48.1% (42.5) // 58.8% (53.5) // -",
        "shots": "50.4% (31.7) // 47.3% (30.9) // 58.8% (40.0) // -",
        "scoring": "52.9% (33.9) // 49.5% (32.2) // 58.3% (38.5) // -",
        "corsiAgainst": "48.6% (56.3) // 50.4% (58.3) // 39.7% (46.5) // -",
        "fenwickAgainst": "48.7% (42.4) // 51.9% (45.9) // 41.2% (37.5) // -",
        "shotsAgainst": "49.6% (31.2) // 52.7% (34.4) // 41.2% (28.0) // -",
        "scoringAgainst": "47.1% (30.1) // 50.5% (32.8) // 41.7% (27.5) // -",
        "oppCorsi": "50.8% (57.6) // 50.8% (59.1) // 39.7% (45.8) // -",
        "oppFenwick": "51.7% (44.0) // 52.2% (46.4) // 39.6% (34.8) // -",
        "oppShots": "52.1% (31.8) // 52.3% (33.2) // 37.2% (22.7) // -",
        "oppScoring": "53.9% (33.4) // 55.3% (34.1) // 42.6% (24.4) // -",
        "oppCorsiAgainst": "49.2% (55.8) // 49.2% (57.4) // 60.3% (69.5) // -",
        "oppFenwickAgainst": "48.3% (41.1) // 47.8% (42.5) // 60.4% (53.0) // -",
        "oppShotsAgainst": "47.9% (29.2) // 47.7% (30.3) // 62.8% (38.3) // -",
        "oppScoringAgainst": "46.1% (28.5) // 44.7% (27.6) // 57.4% (32.8) // -",
        "savesPerGame": 28.4,
        "savesPerGameLast1": 28.0,
        "savesPerGameLast3": 26.7,
        "savesPerGameLast5": 29.8,
        "savesPer60": 28.8,
        "savesPer60Last1": 28.0,
        "savesPer60Last3": 26.2,
        "savesPer60Last5": 29.4,
        "shotsPerGame": 32.0,
        "shotsPerGameLast5": 33.8,
        "shotsAgainstPerGame": 31.5,
        "shotsAgainstPerGameLast5": 33.8,
        "oppSavesAgainstPer60": 28.8,
        "oppSavesAgainstPer60Last1": 28.0,
        "oppSavesAgainstPer60Last3": 22.3,
        "oppSavesAgainstPer60Last5": 26.0,
        "oppShotsAgainstPerGame": 29.5,
        "oppShotsAgainstPerGameLast5": 34.6,
        "savesProj": 30.3,
        "savesProjLast5": 27.7,
        "savesProjLast3": 21.2,
        "oppSavesAgainstProj": 28.6,
        "oppSavesAgainstProjLast5": 27.4,
        "oppSavesAgainstProjLast3": 21.8,
        "totalOver": 69,
        "totalOverLast5": 80,
        "totalOverLast15": 60,
        "lastTotalOver": 54,
        "last5": "2,1,1,3,0,1,1,0,2,0",
        "overOdds": "-190",
        "underOdds": "+155",
        "overUnder": "-190 / +155"
    },
    {
        "player": "Steven Stamkos",
        "team": "TB",
        "opponent": "TOR",
        "propType": "ast",
        "line": 0.5,
        "ppLine": "PP1",
        "avg": 0.61,
        "hit": false,
        "diffAvg": 0.22,
        "diffAbs": 0.2,
        "lastAvg": 0.61,
        "diff": 0.22,
        "avgMin": 19,
        "proj": 0.6,
        "lastAvgMin": 18.47,
        "oppOver": 0,
        "teamOver": 0,
        "gameLine": "+145",
        "+/-": -6,
        "L5_+/-": "+1.0",
        "prevMatchup": "2023-04-18 0.0 ast 2023-04-11 1.0 ast 2022-12-20 1.0 ast 2022-12-03 1.0 ast",
        "winLossSplits": "54% - 44%",
        "awayHome": "A",
        "playedYesterday": "N",
        "awayHomeSplits": "44% - 56%",
        "savesAboveExp": 0.388,
        "gsaa": 17.37,
        "corsi": "51.4% (59.4) // 49.6% (57.4) // 60.3% (70.5) // -",
        "fenwick": "51.3% (44.7) // 48.1% (42.5) // 58.8% (53.5) // -",
        "shots": "50.4% (31.7) // 47.3% (30.9) // 58.8% (40.0) // -",
        "scoring": "52.9% (33.9) // 49.5% (32.2) // 58.3% (38.5) // -",
        "corsiAgainst": "48.6% (56.3) // 50.4% (58.3) // 39.7% (46.5) // -",
        "fenwickAgainst": "48.7% (42.4) // 51.9% (45.9) // 41.2% (37.5) // -",
        "shotsAgainst": "49.6% (31.2) // 52.7% (34.4) // 41.2% (28.0) // -",
        "scoringAgainst": "47.1% (30.1) // 50.5% (32.8) // 41.7% (27.5) // -",
        "oppCorsi": "50.8% (57.6) // 50.8% (59.1) // 39.7% (45.8) // -",
        "oppFenwick": "51.7% (44.0) // 52.2% (46.4) // 39.6% (34.8) // -",
        "oppShots": "52.1% (31.8) // 52.3% (33.2) // 37.2% (22.7) // -",
        "oppScoring": "53.9% (33.4) // 55.3% (34.1) // 42.6% (24.4) // -",
        "oppCorsiAgainst": "49.2% (55.8) // 49.2% (57.4) // 60.3% (69.5) // -",
        "oppFenwickAgainst": "48.3% (41.1) // 47.8% (42.5) // 60.4% (53.0) // -",
        "oppShotsAgainst": "47.9% (29.2) // 47.7% (30.3) // 62.8% (38.3) // -",
        "oppScoringAgainst": "46.1% (28.5) // 44.7% (27.6) // 57.4% (32.8) // -",
        "savesPerGame": 28.4,
        "savesPerGameLast1": 28.0,
        "savesPerGameLast3": 26.7,
        "savesPerGameLast5": 29.8,
        "savesPer60": 28.8,
        "savesPer60Last1": 28.0,
        "savesPer60Last3": 26.2,
        "savesPer60Last5": 29.4,
        "shotsPerGame": 32.0,
        "shotsPerGameLast5": 33.8,
        "shotsAgainstPerGame": 31.5,
        "shotsAgainstPerGameLast5": 33.8,
        "oppSavesAgainstPer60": 28.8,
        "oppSavesAgainstPer60Last1": 28.0,
        "oppSavesAgainstPer60Last3": 22.3,
        "oppSavesAgainstPer60Last5": 26.0,
        "oppShotsAgainstPerGame": 29.5,
        "oppShotsAgainstPerGameLast5": 34.6,
        "savesProj": 30.3,
        "savesProjLast5": 27.7,
        "savesProjLast3": 21.2,
        "oppSavesAgainstProj": 28.6,
        "oppSavesAgainstProjLast5": 27.4,
        "oppSavesAgainstProjLast3": 21.8,
        "totalOver": 50,
        "totalOverLast5": 40,
        "totalOverLast15": 47,
        "lastTotalOver": 52,
        "last5": "0,0,1,2,0,0,0,1,2,0",
        "overOdds": "+110",
        "underOdds": "-140",
        "overUnder": "+110 / -140"
    },
    {
        "player": "William Nylander",
        "team": "TOR",
        "opponent": "TB",
        "propType": "ast",
        "line": 0.5,
        "ppLine": "PP2",
        "avg": 0.57,
        "hit": false,
        "diffAvg": 0.14,
        "diffAbs": 0.0,
        "lastAvg": 0.52,
        "diff": 0.04,
        "avgMin": 18,
        "proj": 0.5,
        "lastAvgMin": 18.27,
        "oppOver": 0,
        "teamOver": 0,
        "gameLine": "-170",
        "+/-": "+8",
        "L5_+/-": -7.0,
        "prevMatchup": "2023-04-18 0.0 ast 2023-04-11 2.0 ast 2022-12-20 1.0 ast 2022-12-03 0.0 ast",
        "winLossSplits": "52% - 27%",
        "awayHome": "H",
        "playedYesterday": "N",
        "awayHomeSplits": "39% - 45%",
        "savesAboveExp": 0.522,
        "gsaa": 20.53,
        "corsi": "50.8% (57.6) // 50.8% (59.1) // 39.7% (45.8) // -",
        "fenwick": "51.7% (44.0) // 52.2% (46.4) // 39.6% (34.8) // -",
        "shots": "52.1% (31.8) // 52.3% (33.2) // 37.2% (22.7) // -",
        "scoring": "53.9% (33.4) // 55.3% (34.1) // 42.6% (24.4) // -",
        "corsiAgainst": "49.2% (55.8) // 49.2% (57.4) // 60.3% (69.5) // -",
        "fenwickAgainst": "48.3% (41.1) // 47.8% (42.5) // 60.4% (53.0) // -",
        "shotsAgainst": "47.9% (29.2) // 47.7% (30.3) // 62.8% (38.3) // -",
        "scoringAgainst": "46.1% (28.5) // 44.7% (27.6) // 57.4% (32.8) // -",
        "oppCorsi": "51.4% (59.4) // 49.6% (57.4) // 60.3% (70.5) // -",
        "oppFenwick": "51.3% (44.7) // 48.1% (42.5) // 58.8% (53.5) // -",
        "oppShots": "50.4% (31.7) // 47.3% (30.9) // 58.8% (40.0) // -",
        "oppScoring": "52.9% (33.9) // 49.5% (32.2) // 58.3% (38.5) // -",
        "oppCorsiAgainst": "48.6% (56.3) // 50.4% (58.3) // 39.7% (46.5) // -",
        "oppFenwickAgainst": "48.7% (42.4) // 51.9% (45.9) // 41.2% (37.5) // -",
        "oppShotsAgainst": "49.6% (31.2) // 52.7% (34.4) // 41.2% (28.0) // -",
        "oppScoringAgainst": "47.1% (30.1) // 50.5% (32.8) // 41.7% (27.5) // -",
        "savesPerGame": 26.8,
        "savesPerGameLast1": 27.0,
        "savesPerGameLast3": 31.3,
        "savesPerGameLast5": 31.8,
        "savesPer60": 27.2,
        "savesPer60Last1": 27.0,
        "savesPer60Last3": 31.3,
        "savesPer60Last5": 32.2,
        "shotsPerGame": 32.0,
        "shotsPerGameLast5": 29.4,
        "shotsAgainstPerGame": 29.5,
        "shotsAgainstPerGameLast5": 34.6,
        "oppSavesAgainstPer60": 28.9,
        "oppSavesAgainstPer60Last1": 26.9,
        "oppSavesAgainstPer60Last3": 33.5,
        "oppSavesAgainstPer60Last5": 29.9,
        "oppShotsAgainstPerGame": 31.5,
        "oppShotsAgainstPerGameLast5": 33.8,
        "savesProj": 26.9,
        "savesProjLast5": 33.3,
        "savesProjLast3": 35.9,
        "oppSavesAgainstProj": 27.2,
        "oppSavesAgainstProjLast5": 32.3,
        "oppSavesAgainstProjLast3": 36.4,
        "totalOver": 42,
        "totalOverLast5": 20,
        "totalOverLast15": 13,
        "lastTotalOver": 49,
        "last5": "0,0,2,0,0,0,0,0,0,0",
        "overOdds": "+125",
        "underOdds": "-155",
        "overUnder": "+125 / -155"
    },
    {
        "player": "Alex Killorn",
        "team": "TB",
        "opponent": "TOR",
        "propType": "ast",
        "line": 0.5,
        "ppLine": "PP1",
        "avg": 0.46,
        "hit": false,
        "diffAvg": -0.08,
        "diffAbs": 0.4,
        "lastAvg": 0.32,
        "diff": -0.36,
        "avgMin": 17,
        "proj": 0.3,
        "lastAvgMin": 18.68,
        "oppOver": 0,
        "teamOver": 0,
        "gameLine": "+145",
        "+/-": "+17",
        "L5_+/-": "+7.0",
        "prevMatchup": "2023-04-18 1.0 ast 2023-04-11 0.0 ast 2022-12-20 0.0 ast 2022-12-03 0.0 ast",
        "winLossSplits": "49% - 19%",
        "awayHome": "A",
        "playedYesterday": "N",
        "awayHomeSplits": "29% - 44%",
        "savesAboveExp": 0.388,
        "gsaa": 17.37,
        "corsi": "51.4% (59.4) // 49.6% (57.4) // 60.3% (70.5) // -",
        "fenwick": "51.3% (44.7) // 48.1% (42.5) // 58.8% (53.5) // -",
        "shots": "50.4% (31.7) // 47.3% (30.9) // 58.8% (40.0) // -",
        "scoring": "52.9% (33.9) // 49.5% (32.2) // 58.3% (38.5) // -",
        "corsiAgainst": "48.6% (56.3) // 50.4% (58.3) // 39.7% (46.5) // -",
        "fenwickAgainst": "48.7% (42.4) // 51.9% (45.9) // 41.2% (37.5) // -",
        "shotsAgainst": "49.6% (31.2) // 52.7% (34.4) // 41.2% (28.0) // -",
        "scoringAgainst": "47.1% (30.1) // 50.5% (32.8) // 41.7% (27.5) // -",
        "oppCorsi": "50.8% (57.6) // 50.8% (59.1) // 39.7% (45.8) // -",
        "oppFenwick": "51.7% (44.0) // 52.2% (46.4) // 39.6% (34.8) // -",
        "oppShots": "52.1% (31.8) // 52.3% (33.2) // 37.2% (22.7) // -",
        "oppScoring": "53.9% (33.4) // 55.3% (34.1) // 42.6% (24.4) // -",
        "oppCorsiAgainst": "49.2% (55.8) // 49.2% (57.4) // 60.3% (69.5) // -",
        "oppFenwickAgainst": "48.3% (41.1) // 47.8% (42.5) // 60.4% (53.0) // -",
        "oppShotsAgainst": "47.9% (29.2) // 47.7% (30.3) // 62.8% (38.3) // -",
        "oppScoringAgainst": "46.1% (28.5) // 44.7% (27.6) // 57.4% (32.8) // -",
        "savesPerGame": 28.4,
        "savesPerGameLast1": 28.0,
        "savesPerGameLast3": 26.7,
        "savesPerGameLast5": 29.8,
        "savesPer60": 28.8,
        "savesPer60Last1": 28.0,
        "savesPer60Last3": 26.2,
        "savesPer60Last5": 29.4,
        "shotsPerGame": 32.0,
        "shotsPerGameLast5": 33.8,
        "shotsAgainstPerGame": 31.5,
        "shotsAgainstPerGameLast5": 33.8,
        "oppSavesAgainstPer60": 28.8,
        "oppSavesAgainstPer60Last1": 28.0,
        "oppSavesAgainstPer60Last3": 22.3,
        "oppSavesAgainstPer60Last5": 26.0,
        "oppShotsAgainstPerGame": 29.5,
        "oppShotsAgainstPerGameLast5": 34.6,
        "savesProj": 30.3,
        "savesProjLast5": 27.7,
        "savesProjLast3": 21.2,
        "oppSavesAgainstProj": 28.6,
        "oppSavesAgainstProjLast5": 27.4,
        "oppSavesAgainstProjLast3": 21.8,
        "totalOver": 36,
        "totalOverLast5": 40,
        "totalOverLast15": 47,
        "lastTotalOver": 31,
        "last5": "1,1,0,0,0,1,1,1,0,1",
        "overOdds": "+140",
        "underOdds": "-175",
        "overUnder": "+140 / -175"
    },
    {
        "player": "Anthony Cirelli",
        "team": "TB",
        "opponent": "TOR",
        "propType": "ast",
        "line": 0.5,
        "ppLine": "",
        "avg": 0.32,
        "hit": false,
        "diffAvg": -0.36,
        "diffAbs": 0.6,
        "lastAvg": 0.26,
        "diff": -0.48,
        "avgMin": 16,
        "proj": 0.2,
        "lastAvgMin": 18.3,
        "oppOver": 0,
        "teamOver": 0,
        "gameLine": "+145",
        "+/-": "+13",
        "L5_+/-": "+4.0",
        "prevMatchup": "2023-04-18 1.0 ast 2023-04-11 0.0 ast 2022-12-20 0.0 ast 2022-12-03 2.0 ast",
        "winLossSplits": "30% - 19%",
        "awayHome": "A",
        "playedYesterday": "N",
        "awayHomeSplits": "17% - 33%",
        "savesAboveExp": 0.388,
        "gsaa": 17.37,
        "corsi": "51.4% (59.4) // 49.6% (57.4) // 60.3% (70.5) // -",
        "fenwick": "51.3% (44.7) // 48.1% (42.5) // 58.8% (53.5) // -",
        "shots": "50.4% (31.7) // 47.3% (30.9) // 58.8% (40.0) // -",
        "scoring": "52.9% (33.9) // 49.5% (32.2) // 58.3% (38.5) // -",
        "corsiAgainst": "48.6% (56.3) // 50.4% (58.3) // 39.7% (46.5) // -",
        "fenwickAgainst": "48.7% (42.4) // 51.9% (45.9) // 41.2% (37.5) // -",
        "shotsAgainst": "49.6% (31.2) // 52.7% (34.4) // 41.2% (28.0) // -",
        "scoringAgainst": "47.1% (30.1) // 50.5% (32.8) // 41.7% (27.5) // -",
        "oppCorsi": "50.8% (57.6) // 50.8% (59.1) // 39.7% (45.8) // -",
        "oppFenwick": "51.7% (44.0) // 52.2% (46.4) // 39.6% (34.8) // -",
        "oppShots": "52.1% (31.8) // 52.3% (33.2) // 37.2% (22.7) // -",
        "oppScoring": "53.9% (33.4) // 55.3% (34.1) // 42.6% (24.4) // -",
        "oppCorsiAgainst": "49.2% (55.8) // 49.2% (57.4) // 60.3% (69.5) // -",
        "oppFenwickAgainst": "48.3% (41.1) // 47.8% (42.5) // 60.4% (53.0) // -",
        "oppShotsAgainst": "47.9% (29.2) // 47.7% (30.3) // 62.8% (38.3) // -",
        "oppScoringAgainst": "46.1% (28.5) // 44.7% (27.6) // 57.4% (32.8) // -",
        "savesPerGame": 28.4,
        "savesPerGameLast1": 28.0,
        "savesPerGameLast3": 26.7,
        "savesPerGameLast5": 29.8,
        "savesPer60": 28.8,
        "savesPer60Last1": 28.0,
        "savesPer60Last3": 26.2,
        "savesPer60Last5": 29.4,
        "shotsPerGame": 32.0,
        "shotsPerGameLast5": 33.8,
        "shotsAgainstPerGame": 31.5,
        "shotsAgainstPerGameLast5": 33.8,
        "oppSavesAgainstPer60": 28.8,
        "oppSavesAgainstPer60Last1": 28.0,
        "oppSavesAgainstPer60Last3": 22.3,
        "oppSavesAgainstPer60Last5": 26.0,
        "oppShotsAgainstPerGame": 29.5,
        "oppShotsAgainstPerGameLast5": 34.6,
        "savesProj": 30.3,
        "savesProjLast5": 27.7,
        "savesProjLast3": 21.2,
        "oppSavesAgainstProj": 28.6,
        "oppSavesAgainstProjLast5": 27.4,
        "oppSavesAgainstProjLast3": 21.8,
        "totalOver": 25,
        "totalOverLast5": 60,
        "totalOverLast15": 33,
        "lastTotalOver": 26,
        "last5": "1,1,0,0,1,0,2,0,0,0",
        "overOdds": "+220",
        "underOdds": "-280",
        "overUnder": "+220 / -280"
    },
    {
        "player": "Calle Jarnkrok",
        "team": "TOR",
        "opponent": "TB",
        "propType": "ast",
        "line": 0.5,
        "ppLine": "PP2",
        "avg": 0.26,
        "hit": false,
        "diffAvg": -0.48,
        "diffAbs": 0.6,
        "lastAvg": 0.23,
        "diff": -0.54,
        "avgMin": 14,
        "proj": 0.2,
        "lastAvgMin": 16.03,
        "oppOver": 0,
        "teamOver": 0,
        "gameLine": "-170",
        "+/-": "+10",
        "L5_+/-": "+1.0",
        "prevMatchup": "2023-04-18 0.0 ast 2023-04-11 1.0 ast 2022-12-20 1.0 ast",
        "winLossSplits": "32% - 7%",
        "awayHome": "H",
        "playedYesterday": "N",
        "awayHomeSplits": "17% - 26%",
        "savesAboveExp": 0.522,
        "gsaa": 20.53,
        "corsi": "50.8% (57.6) // 50.8% (59.1) // 39.7% (45.8) // -",
        "fenwick": "51.7% (44.0) // 52.2% (46.4) // 39.6% (34.8) // -",
        "shots": "52.1% (31.8) // 52.3% (33.2) // 37.2% (22.7) // -",
        "scoring": "53.9% (33.4) // 55.3% (34.1) // 42.6% (24.4) // -",
        "corsiAgainst": "49.2% (55.8) // 49.2% (57.4) // 60.3% (69.5) // -",
        "fenwickAgainst": "48.3% (41.1) // 47.8% (42.5) // 60.4% (53.0) // -",
        "shotsAgainst": "47.9% (29.2) // 47.7% (30.3) // 62.8% (38.3) // -",
        "scoringAgainst": "46.1% (28.5) // 44.7% (27.6) // 57.4% (32.8) // -",
        "oppCorsi": "51.4% (59.4) // 49.6% (57.4) // 60.3% (70.5) // -",
        "oppFenwick": "51.3% (44.7) // 48.1% (42.5) // 58.8% (53.5) // -",
        "oppShots": "50.4% (31.7) // 47.3% (30.9) // 58.8% (40.0) // -",
        "oppScoring": "52.9% (33.9) // 49.5% (32.2) // 58.3% (38.5) // -",
        "oppCorsiAgainst": "48.6% (56.3) // 50.4% (58.3) // 39.7% (46.5) // -",
        "oppFenwickAgainst": "48.7% (42.4) // 51.9% (45.9) // 41.2% (37.5) // -",
        "oppShotsAgainst": "49.6% (31.2) // 52.7% (34.4) // 41.2% (28.0) // -",
        "oppScoringAgainst": "47.1% (30.1) // 50.5% (32.8) // 41.7% (27.5) // -",
        "savesPerGame": 26.8,
        "savesPerGameLast1": 27.0,
        "savesPerGameLast3": 31.3,
        "savesPerGameLast5": 31.8,
        "savesPer60": 27.2,
        "savesPer60Last1": 27.0,
        "savesPer60Last3": 31.3,
        "savesPer60Last5": 32.2,
        "shotsPerGame": 32.0,
        "shotsPerGameLast5": 29.4,
        "shotsAgainstPerGame": 29.5,
        "shotsAgainstPerGameLast5": 34.6,
        "oppSavesAgainstPer60": 28.9,
        "oppSavesAgainstPer60Last1": 26.9,
        "oppSavesAgainstPer60Last3": 33.5,
        "oppSavesAgainstPer60Last5": 29.9,
