[
    {
        "player": "Alex Pietrangelo",
        "team": "VGK",
        "opponent": "DAL",
        "propType": "ast",
        "line": 0.5,
        "ppLine": "PP2",
        "avg": 0.59,
        "hit": false,
        "diffAvg": 0.18,
        "diffAbs": 0.2,
        "lastAvg": 0.38,
        "diff": -0.24,
        "avgMin": 23,
        "proj": 0.4,
        "lastAvgMin": 24.63,
        "oppOver": 0,
        "teamOver": 0,
        "gameLine": "+110",
        "+/-": "+19",
        "L5_+/-": "+6.0",
        "prevMatchup": "2023-05-27 0.0 ast 2023-05-23 0.0 ast 2023-05-21 0.0 ast 2023-05-19 1.0 ast 2023-04-08 0.0 ast 2023-02-25 0.0 ast 2023-01-16 0.0 ast",
        "winLossSplits": "55% - 19%",
        "awayHome": "A",
        "playedYesterday": "N",
        "awayHomeSplits": "37% - 46%",
        "savesAboveExp": 0.39,
        "gsaa": 26.05,
        "corsi": "48.6% (57.5) // 48.0% (56.0) // 48.6% (57.5) // 48.6% (57.5)",
        "fenwick": "49.7% (42.3) // 48.8% (40.5) // 49.7% (42.3) // 49.7% (42.3)",
        "shots": "50.5% (31.1) // 50.2% (28.8) // 50.5% (31.1) // 50.5% (31.1)",
        "scoring": "49.5% (29.2) // 49.0% (28.7) // 49.5% (29.2) // 49.5% (29.2)",
        "corsiAgainst": "51.4% (60.7) // 52.0% (60.6) // 51.4% (60.7) // 51.4% (60.7)",
        "fenwickAgainst": "50.3% (42.8) // 51.2% (42.5) // 50.3% (42.8) // 50.3% (42.8)",
        "shotsAgainst": "49.5% (30.4) // 49.8% (28.5) // 49.5% (30.4) // 49.5% (30.4)",
        "scoringAgainst": "50.5% (29.8) // 51.0% (29.9) // 50.5% (29.8) // 50.5% (29.8)",
        "oppCorsi": "52.0% (59.9) // 57.0% (56.0) // 52.0% (59.9) // 52.0% (59.9)",
        "oppFenwick": "51.3% (43.7) // 56.1% (40.6) // 51.3% (43.7) // 51.3% (43.7)",
        "oppShots": "51.6% (31.5) // 56.3% (29.0) // 51.6% (31.5) // 51.6% (31.5)",
        "oppScoring": "53.7% (31.5) // 61.3% (29.6) // 53.7% (31.5) // 53.7% (31.5)",
        "oppCorsiAgainst": "48.0% (55.3) // 43.0% (42.3) // 48.0% (55.3) // 48.0% (55.3)",
        "oppFenwickAgainst": "48.7% (41.4) // 43.9% (31.7) // 48.7% (41.4) // 48.7% (41.4)",
        "oppShotsAgainst": "48.4% (29.5) // 43.7% (22.5) // 48.4% (29.5) // 48.4% (29.5)",
        "oppScoringAgainst": "46.3% (27.2) // 38.7% (18.6) // 46.3% (27.2) // 46.3% (27.2)",
        "savesPerGame": 28.1,
        "savesPerGameLast1": 30.0,
        "savesPerGameLast3": 34.3,
        "savesPerGameLast5": 32.4,
        "savesPer60": 33.6,
        "savesPer60Last1": 28.4,
        "savesPer60Last3": 33.9,
        "savesPer60Last5": 32.3,
        "shotsPerGame": 31.5,
        "shotsPerGameLast5": 29.0,
        "shotsAgainstPerGame": 30.9,
        "shotsAgainstPerGameLast5": 34.8,
        "oppSavesAgainstPer60": 34.3,
        "oppSavesAgainstPer60Last1": 32.5,
        "oppSavesAgainstPer60Last3": 35.2,
        "oppSavesAgainstPer60Last5": 32.4,
        "oppShotsAgainstPerGame": 29.9,
        "oppShotsAgainstPerGameLast5": 29.0,
        "savesProj": 28.2,
        "savesProjLast5": 28.9,
        "savesProjLast3": 30.5,
        "oppSavesAgainstProj": 32.4,
        "oppSavesAgainstProjLast5": 30.5,
        "oppSavesAgainstProjLast3": 30.8,
        "totalOver": 41,
        "totalOverLast5": 40,
        "totalOverLast15": 40,
        "lastTotalOver": 37,
        "last5": "0,0,0,1,1,0,0,0,1,1",
        "overOdds": "+150",
        "underOdds": "-185",
        "overUnder": "+150 / -185"
    },
    {
        "player": "Jack Eichel",
        "team": "VGK",
        "opponent": "DAL",
        "propType": "ast",
        "line": 0.5,
        "ppLine": "PP1",
        "avg": 0.61,
        "hit": false,
        "diffAvg": 0.22,
        "diffAbs": 0.4,
        "lastAvg": 0.32,
        "diff": -0.36,
        "avgMin": 18,
        "proj": 0.3,
        "lastAvgMin": 19.38,
        "oppOver": 0,
        "teamOver": 0,
        "gameLine": "+110",
        "+/-": "+34",
        "L5_+/-": "+10.0",
        "prevMatchup": "2023-05-27 1.0 ast 2023-05-23 1.0 ast 2023-05-21 1.0 ast 2023-05-19 0.0 ast 2023-02-25 0.0 ast 2023-01-16 0.0 ast",
        "winLossSplits": "61% - 32%",
        "awayHome": "A",
        "playedYesterday": "N",
        "awayHomeSplits": "55% - 48%",
        "savesAboveExp": 0.39,
        "gsaa": 26.05,
        "corsi": "48.6% (57.5) // 48.0% (56.0) // 48.6% (57.5) // 48.6% (57.5)",
        "fenwick": "49.7% (42.3) // 48.8% (40.5) // 49.7% (42.3) // 49.7% (42.3)",
        "shots": "50.5% (31.1) // 50.2% (28.8) // 50.5% (31.1) // 50.5% (31.1)",
        "scoring": "49.5% (29.2) // 49.0% (28.7) // 49.5% (29.2) // 49.5% (29.2)",
        "corsiAgainst": "51.4% (60.7) // 52.0% (60.6) // 51.4% (60.7) // 51.4% (60.7)",
        "fenwickAgainst": "50.3% (42.8) // 51.2% (42.5) // 50.3% (42.8) // 50.3% (42.8)",
        "shotsAgainst": "49.5% (30.4) // 49.8% (28.5) // 49.5% (30.4) // 49.5% (30.4)",
        "scoringAgainst": "50.5% (29.8) // 51.0% (29.9) // 50.5% (29.8) // 50.5% (29.8)",
        "oppCorsi": "52.0% (59.9) // 57.0% (56.0) // 52.0% (59.9) // 52.0% (59.9)",
        "oppFenwick": "51.3% (43.7) // 56.1% (40.6) // 51.3% (43.7) // 51.3% (43.7)",
        "oppShots": "51.6% (31.5) // 56.3% (29.0) // 51.6% (31.5) // 51.6% (31.5)",
        "oppScoring": "53.7% (31.5) // 61.3% (29.6) // 53.7% (31.5) // 53.7% (31.5)",
        "oppCorsiAgainst": "48.0% (55.3) // 43.0% (42.3) // 48.0% (55.3) // 48.0% (55.3)",
        "oppFenwickAgainst": "48.7% (41.4) // 43.9% (31.7) // 48.7% (41.4) // 48.7% (41.4)",
        "oppShotsAgainst": "48.4% (29.5) // 43.7% (22.5) // 48.4% (29.5) // 48.4% (29.5)",
        "oppScoringAgainst": "46.3% (27.2) // 38.7% (18.6) // 46.3% (27.2) // 46.3% (27.2)",
        "savesPerGame": 28.1,
        "savesPerGameLast1": 30.0,
        "savesPerGameLast3": 34.3,
        "savesPerGameLast5": 32.4,
        "savesPer60": 33.6,
        "savesPer60Last1": 28.4,
        "savesPer60Last3": 33.9,
        "savesPer60Last5": 32.3,
        "shotsPerGame": 31.5,
        "shotsPerGameLast5": 29.0,
        "shotsAgainstPerGame": 30.9,
        "shotsAgainstPerGameLast5": 34.8,
        "oppSavesAgainstPer60": 34.3,
        "oppSavesAgainstPer60Last1": 32.5,
        "oppSavesAgainstPer60Last3": 35.2,
        "oppSavesAgainstPer60Last5": 32.4,
        "oppShotsAgainstPerGame": 29.9,
        "oppShotsAgainstPerGameLast5": 29.0,
        "savesProj": 28.2,
        "savesProjLast5": 28.9,
        "savesProjLast3": 30.5,
        "oppSavesAgainstProj": 32.4,
        "oppSavesAgainstProjLast5": 30.5,
        "oppSavesAgainstProjLast3": 30.8,
        "totalOver": 51,
        "totalOverLast5": 80,
        "totalOverLast15": 60,
        "lastTotalOver": 32,
        "last5": "1,1,1,0,1,2,0,2,0,1",
        "overOdds": "+110",
        "underOdds": "-140",
        "overUnder": "+110 / -140"
    },
    {
        "player": "Jamie Benn",
        "team": "DAL",
        "opponent": "VGK",
        "propType": "ast",
        "line": 0.5,
        "ppLine": "PP1",
        "avg": 0.54,
        "hit": false,
        "diffAvg": 0.08,
        "diffAbs": 0.4,
        "lastAvg": 0.31,
        "diff": -0.38,
        "avgMin": 15,
        "proj": 0.3,
        "lastAvgMin": 16.73,
        "oppOver": 0,
        "teamOver": 0,
        "gameLine": "-130",
        "+/-": "+24",
        "L5_+/-": -1.0,
        "prevMatchup": "2023-05-23 0.0 ast 2023-05-21 0.0 ast 2023-05-19 0.0 ast 2023-04-08 0.0 ast 2023-02-25 2.0 ast 2023-01-16 0.0 ast",
        "winLossSplits": "51% - 33%",
        "awayHome": "H",
        "playedYesterday": "N",
        "awayHomeSplits": "41% - 45%",
        "savesAboveExp": -0.478,
        "gsaa": 8.04,
        "corsi": "52.0% (59.9) // 57.0% (56.0) // 52.0% (59.9) // 52.0% (59.9)",
        "fenwick": "51.3% (43.7) // 56.1% (40.6) // 51.3% (43.7) // 51.3% (43.7)",
        "shots": "51.6% (31.5) // 56.3% (29.0) // 51.6% (31.5) // 51.6% (31.5)",
        "scoring": "53.7% (31.5) // 61.3% (29.6) // 53.7% (31.5) // 53.7% (31.5)",
        "corsiAgainst": "48.0% (55.3) // 43.0% (42.3) // 48.0% (55.3) // 48.0% (55.3)",
        "fenwickAgainst": "48.7% (41.4) // 43.9% (31.7) // 48.7% (41.4) // 48.7% (41.4)",
        "shotsAgainst": "48.4% (29.5) // 43.7% (22.5) // 48.4% (29.5) // 48.4% (29.5)",
        "scoringAgainst": "46.3% (27.2) // 38.7% (18.6) // 46.3% (27.2) // 46.3% (27.2)",
        "oppCorsi": "48.6% (57.5) // 48.0% (56.0) // 48.6% (57.5) // 48.6% (57.5)",
        "oppFenwick": "49.7% (42.3) // 48.8% (40.5) // 49.7% (42.3) // 49.7% (42.3)",
        "oppShots": "50.5% (31.1) // 50.2% (28.8) // 50.5% (31.1) // 50.5% (31.1)",
        "oppScoring": "49.5% (29.2) // 49.0% (28.7) // 49.5% (29.2) // 49.5% (29.2)",
        "oppCorsiAgainst": "51.4% (60.7) // 52.0% (60.6) // 51.4% (60.7) // 51.4% (60.7)",
        "oppFenwickAgainst": "50.3% (42.8) // 51.2% (42.5) // 50.3% (42.8) // 50.3% (42.8)",
        "oppShotsAgainst": "49.5% (30.4) // 49.8% (28.5) // 49.5% (30.4) // 49.5% (30.4)",
        "oppScoringAgainst": "50.5% (29.8) // 51.0% (29.9) // 50.5% (29.8) // 50.5% (29.8)",
        "savesPerGame": 27.3,
        "savesPerGameLast1": 27.0,
        "savesPerGameLast3": 25.3,
        "savesPerGameLast5": 26.0,
        "savesPer60": 33.3,
        "savesPer60Last1": 27.0,
        "savesPer60Last3": 25.5,
        "savesPer60Last5": 26.2,
        "shotsPerGame": 31.9,
        "shotsPerGameLast5": 34.8,
        "shotsAgainstPerGame": 29.9,
        "shotsAgainstPerGameLast5": 29.0,
        "oppSavesAgainstPer60": 33.6,
        "oppSavesAgainstPer60Last1": 26.7,
        "oppSavesAgainstPer60Last3": 25.9,
        "oppSavesAgainstPer60Last5": 26.4,
        "oppShotsAgainstPerGame": 30.9,
        "oppShotsAgainstPerGameLast5": 34.8,
        "savesProj": 27.8,
        "savesProjLast5": 17.2,
        "savesProjLast3": 15.2,
        "oppSavesAgainstProj": 30.5,
        "oppSavesAgainstProjLast5": 18.3,
        "oppSavesAgainstProjLast3": 15.4,
        "totalOver": 43,
        "totalOverLast5": 0,
        "totalOverLast15": 40,
        "lastTotalOver": 29,
        "last5": "0,0,0,0,0,1,1,1,1,1",
        "overOdds": "+165",
        "underOdds": "-205",
        "overUnder": "+165 / -205"
    },
    {
        "player": "Jason Robertson",
        "team": "DAL",
        "opponent": "VGK",
        "propType": "ast",
        "line": 0.5,
        "ppLine": "PP1",
        "avg": 0.75,
        "hit": false,
        "diffAvg": 0.5,
        "diffAbs": 0.0,
        "lastAvg": 0.47,
        "diff": -0.06,
        "avgMin": 18,
        "proj": 0.5,
        "lastAvgMin": 18.1,
        "oppOver": 0,
        "teamOver": 0,
        "gameLine": "-130",
        "+/-": "+39",
        "L5_+/-": "+3.0",
        "prevMatchup": "2023-05-27 0.0 ast 2023-05-23 0.0 ast 2023-05-21 0.0 ast 2023-05-19 1.0 ast 2023-04-08 0.0 ast 2023-02-25 1.0 ast 2023-01-16 0.0 ast",
        "winLossSplits": "64% - 33%",
        "awayHome": "H",
        "playedYesterday": "N",
        "awayHomeSplits": "52% - 49%",
        "savesAboveExp": -0.478,
        "gsaa": 8.04,
        "corsi": "52.0% (59.9) // 57.0% (56.0) // 52.0% (59.9) // 52.0% (59.9)",
        "fenwick": "51.3% (43.7) // 56.1% (40.6) // 51.3% (43.7) // 51.3% (43.7)",
        "shots": "51.6% (31.5) // 56.3% (29.0) // 51.6% (31.5) // 51.6% (31.5)",
        "scoring": "53.7% (31.5) // 61.3% (29.6) // 53.7% (31.5) // 53.7% (31.5)",
        "corsiAgainst": "48.0% (55.3) // 43.0% (42.3) // 48.0% (55.3) // 48.0% (55.3)",
        "fenwickAgainst": "48.7% (41.4) // 43.9% (31.7) // 48.7% (41.4) // 48.7% (41.4)",
        "shotsAgainst": "48.4% (29.5) // 43.7% (22.5) // 48.4% (29.5) // 48.4% (29.5)",
        "scoringAgainst": "46.3% (27.2) // 38.7% (18.6) // 46.3% (27.2) // 46.3% (27.2)",
        "oppCorsi": "48.6% (57.5) // 48.0% (56.0) // 48.6% (57.5) // 48.6% (57.5)",
        "oppFenwick": "49.7% (42.3) // 48.8% (40.5) // 49.7% (42.3) // 49.7% (42.3)",
        "oppShots": "50.5% (31.1) // 50.2% (28.8) // 50.5% (31.1) // 50.5% (31.1)",
        "oppScoring": "49.5% (29.2) // 49.0% (28.7) // 49.5% (29.2) // 49.5% (29.2)",
        "oppCorsiAgainst": "51.4% (60.7) // 52.0% (60.6) // 51.4% (60.7) // 51.4% (60.7)",
        "oppFenwickAgainst": "50.3% (42.8) // 51.2% (42.5) // 50.3% (42.8) // 50.3% (42.8)",
        "oppShotsAgainst": "49.5% (30.4) // 49.8% (28.5) // 49.5% (30.4) // 49.5% (30.4)",
        "oppScoringAgainst": "50.5% (29.8) // 51.0% (29.9) // 50.5% (29.8) // 50.5% (29.8)",
        "savesPerGame": 27.3,
        "savesPerGameLast1": 27.0,
        "savesPerGameLast3": 25.3,
        "savesPerGameLast5": 26.0,
        "savesPer60": 33.3,
        "savesPer60Last1": 27.0,
        "savesPer60Last3": 25.5,
        "savesPer60Last5": 26.2,
        "shotsPerGame": 31.9,
        "shotsPerGameLast5": 34.8,
        "shotsAgainstPerGame": 29.9,
        "shotsAgainstPerGameLast5": 29.0,
        "oppSavesAgainstPer60": 33.6,
        "oppSavesAgainstPer60Last1": 26.7,
        "oppSavesAgainstPer60Last3": 25.9,
        "oppSavesAgainstPer60Last5": 26.4,
        "oppShotsAgainstPerGame": 30.9,
        "oppShotsAgainstPerGameLast5": 34.8,
        "savesProj": 27.8,
        "savesProjLast5": 17.2,
        "savesProjLast3": 15.2,
        "oppSavesAgainstProj": 30.5,
        "oppSavesAgainstProjLast5": 18.3,
        "oppSavesAgainstProjLast3": 15.4,
        "totalOver": 51,
        "totalOverLast5": 20,
        "totalOverLast15": 47,
        "lastTotalOver": 41,
        "last5": "0,0,0,1,0,1,3,1,0,0",
        "overOdds": "-130",
        "underOdds": "+100",
        "overUnder": "-130 / +100"
    },
    {
        "player": "Joe Pavelski",
        "team": "DAL",
        "opponent": "VGK",
        "propType": "ast",
        "line": 0.5,
        "ppLine": "PP1",
        "avg": 0.57,
        "hit": false,
        "diffAvg": 0.14,
        "diffAbs": 0.0,
        "lastAvg": 0.59,
        "diff": 0.18,
        "avgMin": 17,
        "proj": 0.5,
        "lastAvgMin": 18.47,
        "oppOver": 0,
        "teamOver": 0,
        "gameLine": "-130",
        "+/-": "+44",
        "L5_+/-": -1.0,
        "prevMatchup": "2023-05-27 1.0 ast 2023-05-23 0.0 ast 2023-05-21 0.0 ast 2023-05-19 2.0 ast 2023-04-08 0.0 ast 2023-02-25 0.0 ast 2023-01-16 1.0 ast",
        "winLossSplits": "50% - 38%",
        "awayHome": "H",
        "playedYesterday": "N",
        "awayHomeSplits": "36% - 53%",
        "savesAboveExp": -0.478,
        "gsaa": 8.04,
        "corsi": "52.0% (59.9) // 57.0% (56.0) // 52.0% (59.9) // 52.0% (59.9)",
        "fenwick": "51.3% (43.7) // 56.1% (40.6) // 51.3% (43.7) // 51.3% (43.7)",
        "shots": "51.6% (31.5) // 56.3% (29.0) // 51.6% (31.5) // 51.6% (31.5)",
        "scoring": "53.7% (31.5) // 61.3% (29.6) // 53.7% (31.5) // 53.7% (31.5)",
        "corsiAgainst": "48.0% (55.3) // 43.0% (42.3) // 48.0% (55.3) // 48.0% (55.3)",
        "fenwickAgainst": "48.7% (41.4) // 43.9% (31.7) // 48.7% (41.4) // 48.7% (41.4)",
        "shotsAgainst": "48.4% (29.5) // 43.7% (22.5) // 48.4% (29.5) // 48.4% (29.5)",
        "scoringAgainst": "46.3% (27.2) // 38.7% (18.6) // 46.3% (27.2) // 46.3% (27.2)",
        "oppCorsi": "48.6% (57.5) // 48.0% (56.0) // 48.6% (57.5) // 48.6% (57.5)",
        "oppFenwick": "49.7% (42.3) // 48.8% (40.5) // 49.7% (42.3) // 49.7% (42.3)",
        "oppShots": "50.5% (31.1) // 50.2% (28.8) // 50.5% (31.1) // 50.5% (31.1)",
        "oppScoring": "49.5% (29.2) // 49.0% (28.7) // 49.5% (29.2) // 49.5% (29.2)",
        "oppCorsiAgainst": "51.4% (60.7) // 52.0% (60.6) // 51.4% (60.7) // 51.4% (60.7)",
        "oppFenwickAgainst": "50.3% (42.8) // 51.2% (42.5) // 50.3% (42.8) // 50.3% (42.8)",
        "oppShotsAgainst": "49.5% (30.4) // 49.8% (28.5) // 49.5% (30.4) // 49.5% (30.4)",
        "oppScoringAgainst": "50.5% (29.8) // 51.0% (29.9) // 50.5% (29.8) // 50.5% (29.8)",
        "savesPerGame": 27.3,
        "savesPerGameLast1": 27.0,
        "savesPerGameLast3": 25.3,
        "savesPerGameLast5": 26.0,
        "savesPer60": 33.3,
        "savesPer60Last1": 27.0,
        "savesPer60Last3": 25.5,
        "savesPer60Last5": 26.2,
        "shotsPerGame": 31.9,
        "shotsPerGameLast5": 34.8,
        "shotsAgainstPerGame": 29.9,
        "shotsAgainstPerGameLast5": 29.0,
        "oppSavesAgainstPer60": 33.6,
        "oppSavesAgainstPer60Last1": 26.7,
        "oppSavesAgainstPer60Last3": 25.9,
        "oppSavesAgainstPer60Last5": 26.4,
        "oppShotsAgainstPerGame": 30.9,
        "oppShotsAgainstPerGameLast5": 34.8,
        "savesProj": 27.8,
        "savesProjLast5": 17.2,
        "savesProjLast3": 15.2,
        "oppSavesAgainstProj": 30.5,
        "oppSavesAgainstProjLast5": 18.3,
        "oppSavesAgainstProjLast3": 15.4,
        "totalOver": 45,
        "totalOverLast5": 40,
        "totalOverLast15": 27,
        "lastTotalOver": 49,
        "last5": "1,0,0,2,0,0,1,0,0,0",
        "overOdds": "+135",
        "underOdds": "-165",
        "overUnder": "+135 / -165"
    },
    {
        "player": "Jonathan Marchessault",
        "team": "VGK",
        "opponent": "DAL",
        "propType": "ast",
        "line": 0.5,
        "ppLine": "PP1",
        "avg": 0.41,
        "hit": false,
        "diffAvg": -0.18,
        "diffAbs": 0.0,
        "lastAvg": 0.47,
        "diff": -0.06,
        "avgMin": 17,
        "proj": 0.5,
        "lastAvgMin": 17.57,
        "oppOver": 0,
        "teamOver": 0,
        "gameLine": "+110",
        "+/-": "+13",
        "L5_+/-": "+9.0",
        "prevMatchup": "2023-05-27 2.0 ast 2023-05-23 0.0 ast 2023-05-21 1.0 ast 2023-05-19 0.0 ast 2023-04-08 0.0 ast 2023-02-25 1.0 ast 2023-01-16 0.0 ast",
        "winLossSplits": "40% - 21%",
        "awayHome": "A",
        "playedYesterday": "N",
        "awayHomeSplits": "32% - 34%",
        "savesAboveExp": 0.39,
        "gsaa": 26.05,
        "corsi": "48.6% (57.5) // 48.0% (56.0) // 48.6% (57.5) // 48.6% (57.5)",
        "fenwick": "49.7% (42.3) // 48.8% (40.5) // 49.7% (42.3) // 49.7% (42.3)",
        "shots": "50.5% (31.1) // 50.2% (28.8) // 50.5% (31.1) // 50.5% (31.1)",
        "scoring": "49.5% (29.2) // 49.0% (28.7) // 49.5% (29.2) // 49.5% (29.2)",
        "corsiAgainst": "51.4% (60.7) // 52.0% (60.6) // 51.4% (60.7) // 51.4% (60.7)",
        "fenwickAgainst": "50.3% (42.8) // 51.2% (42.5) // 50.3% (42.8) // 50.3% (42.8)",
        "shotsAgainst": "49.5% (30.4) // 49.8% (28.5) // 49.5% (30.4) // 49.5% (30.4)",
        "scoringAgainst": "50.5% (29.8) // 51.0% (29.9) // 50.5% (29.8) // 50.5% (29.8)",
        "oppCorsi": "52.0% (59.9) // 57.0% (56.0) // 52.0% (59.9) // 52.0% (59.9)",
        "oppFenwick": "51.3% (43.7) // 56.1% (40.6) // 51.3% (43.7) // 51.3% (43.7)",
        "oppShots": "51.6% (31.5) // 56.3% (29.0) // 51.6% (31.5) // 51.6% (31.5)",
        "oppScoring": "53.7% (31.5) // 61.3% (29.6) // 53.7% (31.5) // 53.7% (31.5)",
        "oppCorsiAgainst": "48.0% (55.3) // 43.0% (42.3) // 48.0% (55.3) // 48.0% (55.3)",
        "oppFenwickAgainst": "48.7% (41.4) // 43.9% (31.7) // 48.7% (41.4) // 48.7% (41.4)",
        "oppShotsAgainst": "48.4% (29.5) // 43.7% (22.5) // 48.4% (29.5) // 48.4% (29.5)",
        "oppScoringAgainst": "46.3% (27.2) // 38.7% (18.6) // 46.3% (27.2) // 46.3% (27.2)",
        "savesPerGame": 28.1,
        "savesPerGameLast1": 30.0,
        "savesPerGameLast3": 34.3,
        "savesPerGameLast5": 32.4,
        "savesPer60": 33.6,
        "savesPer60Last1": 28.4,
        "savesPer60Last3": 33.9,
        "savesPer60Last5": 32.3,
        "shotsPerGame": 31.5,
        "shotsPerGameLast5": 29.0,
        "shotsAgainstPerGame": 30.9,
        "shotsAgainstPerGameLast5": 34.8,
        "oppSavesAgainstPer60": 34.3,
        "oppSavesAgainstPer60Last1": 32.5,
        "oppSavesAgainstPer60Last3": 35.2,
        "oppSavesAgainstPer60Last5": 32.4,
        "oppShotsAgainstPerGame": 29.9,
        "oppShotsAgainstPerGameLast5": 29.0,
        "savesProj": 28.2,
        "savesProjLast5": 28.9,
        "savesProjLast3": 30.5,
        "oppSavesAgainstProj": 32.4,
        "oppSavesAgainstProjLast5": 30.5,
        "oppSavesAgainstProjLast3": 30.8,
        "totalOver": 33,
        "totalOverLast5": 40,
        "totalOverLast15": 27,
        "lastTotalOver": 35,
        "last5": "2,0,1,0,0,3,0,0,0,0",
        "overOdds": "+190",
        "underOdds": "-235",
        "overUnder": "+190 / -235"
    },
    {
        "player": "Mark Stone",
        "team": "VGK",
        "opponent": "DAL",
        "propType": "ast",
        "line": 0.5,
        "ppLine": "PP1",
        "avg": 0.52,
        "hit": false,
        "diffAvg": 0.04,
        "diffAbs": 0.2,
        "lastAvg": 0.55,
        "diff": 0.1,
        "avgMin": 19,
        "proj": 0.6,
        "lastAvgMin": 18.33,
        "oppOver": 0,
        "teamOver": 0,
        "gameLine": "+110",
        "+/-": "+14",
        "L5_+/-": -2.0,
        "prevMatchup": "2023-05-27 0.0 ast 2023-05-23 0.0 ast 2023-05-21 1.0 ast 2023-05-19 1.0 ast",
        "winLossSplits": "54% - 26%",
        "awayHome": "A",
        "playedYesterday": "N",
        "awayHomeSplits": "54% - 38%",
        "savesAboveExp": 0.39,
        "gsaa": 26.05,
        "corsi": "48.6% (57.5) // 48.0% (56.0) // 48.6% (57.5) // 48.6% (57.5)",
        "fenwick": "49.7% (42.3) // 48.8% (40.5) // 49.7% (42.3) // 49.7% (42.3)",
        "shots": "50.5% (31.1) // 50.2% (28.8) // 50.5% (31.1) // 50.5% (31.1)",
        "scoring": "49.5% (29.2) // 49.0% (28.7) // 49.5% (29.2) // 49.5% (29.2)",
        "corsiAgainst": "51.4% (60.7) // 52.0% (60.6) // 51.4% (60.7) // 51.4% (60.7)",
        "fenwickAgainst": "50.3% (42.8) // 51.2% (42.5) // 50.3% (42.8) // 50.3% (42.8)",
        "shotsAgainst": "49.5% (30.4) // 49.8% (28.5) // 49.5% (30.4) // 49.5% (30.4)",
        "scoringAgainst": "50.5% (29.8) // 51.0% (29.9) // 50.5% (29.8) // 50.5% (29.8)",
        "oppCorsi": "52.0% (59.9) // 57.0% (56.0) // 52.0% (59.9) // 52.0% (59.9)",
        "oppFenwick": "51.3% (43.7) // 56.1% (40.6) // 51.3% (43.7) // 51.3% (43.7)",
        "oppShots": "51.6% (31.5) // 56.3% (29.0) // 51.6% (31.5) // 51.6% (31.5)",
        "oppScoring": "53.7% (31.5) // 61.3% (29.6) // 53.7% (31.5) // 53.7% (31.5)",
        "oppCorsiAgainst": "48.0% (55.3) // 43.0% (42.3) // 48.0% (55.3) // 48.0% (55.3)",
        "oppFenwickAgainst": "48.7% (41.4) // 43.9% (31.7) // 48.7% (41.4) // 48.7% (41.4)",
        "oppShotsAgainst": "48.4% (29.5) // 43.7% (22.5) // 48.4% (29.5) // 48.4% (29.5)",
        "oppScoringAgainst": "46.3% (27.2) // 38.7% (18.6) // 46.3% (27.2) // 46.3% (27.2)",
        "savesPerGame": 28.1,
        "savesPerGameLast1": 30.0,
        "savesPerGameLast3": 34.3,
        "savesPerGameLast5": 32.4,
        "savesPer60": 33.6,
        "savesPer60Last1": 28.4,
        "savesPer60Last3": 33.9,
        "savesPer60Last5": 32.3,
        "shotsPerGame": 31.5,
        "shotsPerGameLast5": 29.0,
        "shotsAgainstPerGame": 30.9,
        "shotsAgainstPerGameLast5": 34.8,
        "oppSavesAgainstPer60": 34.3,
        "oppSavesAgainstPer60Last1": 32.5,
        "oppSavesAgainstPer60Last3": 35.2,
        "oppSavesAgainstPer60Last5": 32.4,
        "oppShotsAgainstPerGame": 29.9,
        "oppShotsAgainstPerGameLast5": 29.0,
        "savesProj": 28.2,
        "savesProjLast5": 28.9,
        "savesProjLast3": 30.5,
        "oppSavesAgainstProj": 32.4,
        "oppSavesAgainstProjLast5": 30.5,
        "oppSavesAgainstProjLast3": 30.8,
        "totalOver": 45,
        "totalOverLast5": 40,
        "totalOverLast15": 53,
        "lastTotalOver": 47,
        "last5": "0,0,1,1,0,0,0,0,1,1",
        "overOdds": "+145",
        "underOdds": "-180",
        "overUnder": "+145 / -180"
    },
    {
        "player": "Mason Marchment",
        "team": "DAL",
        "opponent": "VGK",
        "propType": "ast",
        "line": 0.5,
        "ppLine": "PP2",
        "avg": 0.25,
        "hit": false,
        "diffAvg": -0.5,
        "diffAbs": 0.0,
        "lastAvg": 0.5,
        "diff": 0.0,
        "avgMin": 15,
        "proj": 0.5,
        "lastAvgMin": 14.12,
        "oppOver": 0,
        "teamOver": 0,
        "gameLine": "-130",
        "+/-": -13,
        "L5_+/-": -6.0,
        "prevMatchup": "2023-05-27 0.0 ast 2023-05-23 0.0 ast 2023-05-21 0.0 ast 2023-05-19 0.0 ast 2023-02-25 0.0 ast 2023-01-16 0.0 ast",
        "winLossSplits": "22% - 18%",
        "awayHome": "H",
        "playedYesterday": "N",
        "awayHomeSplits": "17% - 24%",
        "savesAboveExp": -0.478,
        "gsaa": 8.04,
        "corsi": "52.0% (59.9) // 57.0% (56.0) // 52.0% (59.9) // 52.0% (59.9)",
        "fenwick": "51.3% (43.7) // 56.1% (40.6) // 51.3% (43.7) // 51.3% (43.7)",
        "shots": "51.6% (31.5) // 56.3% (29.0) // 51.6% (31.5) // 51.6% (31.5)",
        "scoring": "53.7% (31.5) // 61.3% (29.6) // 53.7% (31.5) // 53.7% (31.5)",
        "corsiAgainst": "48.0% (55.3) // 43.0% (42.3) // 48.0% (55.3) // 48.0% (55.3)",
        "fenwickAgainst": "48.7% (41.4) // 43.9% (31.7) // 48.7% (41.4) // 48.7% (41.4)",
        "shotsAgainst": "48.4% (29.5) // 43.7% (22.5) // 48.4% (29.5) // 48.4% (29.5)",
        "scoringAgainst": "46.3% (27.2) // 38.7% (18.6) // 46.3% (27.2) // 46.3% (27.2)",
        "oppCorsi": "48.6% (57.5) // 48.0% (56.0) // 48.6% (57.5) // 48.6% (57.5)",
        "oppFenwick": "49.7% (42.3) // 48.8% (40.5) // 49.7% (42.3) // 49.7% (42.3)",
        "oppShots": "50.5% (31.1) // 50.2% (28.8) // 50.5% (31.1) // 50.5% (31.1)",
        "oppScoring": "49.5% (29.2) // 49.0% (28.7) // 49.5% (29.2) // 49.5% (29.2)",
        "oppCorsiAgainst": "51.4% (60.7) // 52.0% (60.6) // 51.4% (60.7) // 51.4% (60.7)",
        "oppFenwickAgainst": "50.3% (42.8) // 51.2% (42.5) // 50.3% (42.8) // 50.3% (42.8)",
        "oppShotsAgainst": "49.5% (30.4) // 49.8% (28.5) // 49.5% (30.4) // 49.5% (30.4)",
        "oppScoringAgainst": "50.5% (29.8) // 51.0% (29.9) // 50.5% (29.8) // 50.5% (29.8)",
        "savesPerGame": 27.3,
        "savesPerGameLast1": 27.0,
        "savesPerGameLast3": 25.3,
        "savesPerGameLast5": 26.0,
        "savesPer60": 33.3,
        "savesPer60Last1": 27.0,
        "savesPer60Last3": 25.5,
        "savesPer60Last5": 26.2,
        "shotsPerGame": 31.9,
        "shotsPerGameLast5": 34.8,
        "shotsAgainstPerGame": 29.9,
        "shotsAgainstPerGameLast5": 29.0,
        "oppSavesAgainstPer60": 33.6,
        "oppSavesAgainstPer60Last1": 26.7,
        "oppSavesAgainstPer60Last3": 25.9,
        "oppSavesAgainstPer60Last5": 26.4,
        "oppShotsAgainstPerGame": 30.9,
        "oppShotsAgainstPerGameLast5": 34.8,
        "savesProj": 27.8,
        "savesProjLast5": 17.2,
        "savesProjLast3": 15.2,
        "oppSavesAgainstProj": 30.5,
        "oppSavesAgainstProjLast5": 18.3,
        "oppSavesAgainstProjLast3": 15.4,
        "totalOver": 20,
        "totalOverLast5": 0,
        "totalOverLast15": 13,
        "lastTotalOver": 38,
        "last5": "0,0,0,0,0,0,0,0,0,1",
        "overOdds": "+310",
        "underOdds": "-410",
        "overUnder": "+310 / -410"
    },
    {
        "player": "Max Domi",
        "team": "DAL",
        "opponent": "VGK",
        "propType": "ast",
        "line": 0.5,
        "ppLine": "",
        "avg": 0.46,
        "hit": false,
        "diffAvg": -0.08,
        "diffAbs": 0.2,
        "lastAvg": 0.33,
        "diff": -0.34,
        "avgMin": 17,
        "proj": 0.4,
        "lastAvgMin": 13.03,
        "oppOver": 0,
        "teamOver": 0,
        "gameLine": "-130",
        "+/-": -10,
        "L5_+/-": -6.0,
        "prevMatchup": "2023-05-27 1.0 ast 2023-05-23 0.0 ast 2023-05-21 0.0 ast 2023-05-19 0.0 ast 2023-04-08 0.0 ast 2023-02-21 1.0 ast 2022-12-15 0.0 ast 2022-10-13 0.0 ast",
        "winLossSplits": "48% - 30%",
        "awayHome": "H",
        "playedYesterday": "N",
        "awayHomeSplits": "43% - 33%",
        "savesAboveExp": -0.478,
        "gsaa": 8.04,
        "corsi": "52.0% (59.9) // 57.0% (56.0) // 52.0% (59.9) // 52.0% (59.9)",
        "fenwick": "51.3% (43.7) // 56.1% (40.6) // 51.3% (43.7) // 51.3% (43.7)",
        "shots": "51.6% (31.5) // 56.3% (29.0) // 51.6% (31.5) // 51.6% (31.5)",
        "scoring": "53.7% (31.5) // 61.3% (29.6) // 53.7% (31.5) // 53.7% (31.5)",
        "corsiAgainst": "48.0% (55.3) // 43.0% (42.3) // 48.0% (55.3) // 48.0% (55.3)",
        "fenwickAgainst": "48.7% (41.4) // 43.9% (31.7) // 48.7% (41.4) // 48.7% (41.4)",
        "shotsAgainst": "48.4% (29.5) // 43.7% (22.5) // 48.4% (29.5) // 48.4% (29.5)",
        "scoringAgainst": "46.3% (27.2) // 38.7% (18.6) // 46.3% (27.2) // 46.3% (27.2)",
        "oppCorsi": "48.6% (57.5) // 48.0% (56.0) // 48.6% (57.5) // 48.6% (57.5)",
        "oppFenwick": "49.7% (42.3) // 48.8% (40.5) // 49.7% (42.3) // 49.7% (42.3)",
        "oppShots": "50.5% (31.1) // 50.2% (28.8) // 50.5% (31.1) // 50.5% (31.1)",
        "oppScoring": "49.5% (29.2) // 49.0% (28.7) // 49.5% (29.2) // 49.5% (29.2)",
        "oppCorsiAgainst": "51.4% (60.7) // 52.0% (60.6) // 51.4% (60.7) // 51.4% (60.7)",
        "oppFenwickAgainst": "50.3% (42.8) // 51.2% (42.5) // 50.3% (42.8) // 50.3% (42.8)",
        "oppShotsAgainst": "49.5% (30.4) // 49.8% (28.5) // 49.5% (30.4) // 49.5% (30.4)",
        "oppScoringAgainst": "50.5% (29.8) // 51.0% (29.9) // 50.5% (29.8) // 50.5% (29.8)",
        "savesPerGame": 27.3,
        "savesPerGameLast1": 27.0,
        "savesPerGameLast3": 25.3,
        "savesPerGameLast5": 26.0,
        "savesPer60": 33.3,
        "savesPer60Last1": 27.0,
        "savesPer60Last3": 25.5,
        "savesPer60Last5": 26.2,
        "shotsPerGame": 31.9,
        "shotsPerGameLast5": 34.8,
        "shotsAgainstPerGame": 29.9,
        "shotsAgainstPerGameLast5": 29.0,
        "oppSavesAgainstPer60": 33.6,
        "oppSavesAgainstPer60Last1": 26.7,
        "oppSavesAgainstPer60Last3": 25.9,
        "oppSavesAgainstPer60Last5": 26.4,
        "oppShotsAgainstPerGame": 30.9,
        "oppShotsAgainstPerGameLast5": 34.8,
        "savesProj": 27.8,
        "savesProjLast5": 17.2,
        "savesProjLast3": 15.2,
        "oppSavesAgainstProj": 30.5,
        "oppSavesAgainstProjLast5": 18.3,
        "oppSavesAgainstProjLast3": 15.4,
        "totalOver": 38,
        "totalOverLast5": 20,
        "totalOverLast15": 47,
        "lastTotalOver": 29,
        "last5": "1,0,0,0,0,1,0,1,0,1",
        "overOdds": "+190",
        "underOdds": "-235",
        "overUnder": "+190 / -235"
    },
    {
        "player": "Miro Heiskanen",
        "team": "DAL",
        "opponent": "VGK",
        "propType": "ast",
        "line": 0.5,
        "ppLine": "PP1",
        "avg": 0.73,
        "hit": false,
        "diffAvg": 0.46,
        "diffAbs": 0.2,
        "lastAvg": 0.4,
        "diff": -0.2,
        "avgMin": 25,
        "proj": 0.4,
        "lastAvgMin": 24.88,
        "oppOver": 0,
        "teamOver": 0,
        "gameLine": "-130",
        "+/-": "+10",
        "L5_+/-": -7.0,
        "prevMatchup": "2023-05-27 0.0 ast 2023-05-23 0.0 ast 2023-05-21 0.0 ast 2023-05-19 0.0 ast 2023-04-08 0.0 ast 2023-02-25 0.0 ast 2023-01-16 0.0 ast",
        "winLossSplits": "49% - 44%",
        "awayHome": "H",
        "playedYesterday": "N",
        "awayHomeSplits": "51% - 43%",
        "savesAboveExp": -0.478,
        "gsaa": 8.04,
        "corsi": "52.0% (59.9) // 57.0% (56.0) // 52.0% (59.9) // 52.0% (59.9)",
        "fenwick": "51.3% (43.7) // 56.1% (40.6) // 51.3% (43.7) // 51.3% (43.7)",
        "shots": "51.6% (31.5) // 56.3% (29.0) // 51.6% (31.5) // 51.6% (31.5)",
        "scoring": "53.7% (31.5) // 61.3% (29.6) // 53.7% (31.5) // 53.7% (31.5)",
        "corsiAgainst": "48.0% (55.3) // 43.0% (42.3) // 48.0% (55.3) // 48.0% (55.3)",
        "fenwickAgainst": "48.7% (41.4) // 43.9% (31.7) // 48.7% (41.4) // 48.7% (41.4)",
        "shotsAgainst": "48.4% (29.5) // 43.7% (22.5) // 48.4% (29.5) // 48.4% (29.5)",
        "scoringAgainst": "46.3% (27.2) // 38.7% (18.6) // 46.3% (27.2) // 46.3% (27.2)",
        "oppCorsi": "48.6% (57.5) // 48.0% (56.0) // 48.6% (57.5) // 48.6% (57.5)",
        "oppFenwick": "49.7% (42.3) // 48.8% (40.5) // 49.7% (42.3) // 49.7% (42.3)",
        "oppShots": "50.5% (31.1) // 50.2% (28.8) // 50.5% (31.1) // 50.5% (31.1)",
        "oppScoring": "49.5% (29.2) // 49.0% (28.7) // 49.5% (29.2) // 49.5% (29.2)",
        "oppCorsiAgainst": "51.4% (60.7) // 52.0% (60.6) // 51.4% (60.7) // 51.4% (60.7)",
        "oppFenwickAgainst": "50.3% (42.8) // 51.2% (42.5) // 50.3% (42.8) // 50.3% (42.8)",
        "oppShotsAgainst": "49.5% (30.4) // 49.8% (28.5) // 49.5% (30.4) // 49.5% (30.4)",
        "oppScoringAgainst": "50.5% (29.8) // 51.0% (29.9) // 50.5% (29.8) // 50.5% (29.8)",
        "savesPerGame": 27.3,
        "savesPerGameLast1": 27.0,
        "savesPerGameLast3": 25.3,
        "savesPerGameLast5": 26.0,
        "savesPer60": 33.3,
        "savesPer60Last1": 27.0,
        "savesPer60Last3": 25.5,
        "savesPer60Last5": 26.2,
        "shotsPerGame": 31.9,
        "shotsPerGameLast5": 34.8,
        "shotsAgainstPerGame": 29.9,
        "shotsAgainstPerGameLast5": 29.0,
        "oppSavesAgainstPer60": 33.6,
        "oppSavesAgainstPer60Last1": 26.7,
        "oppSavesAgainstPer60Last3": 25.9,
        "oppSavesAgainstPer60Last5": 26.4,
        "oppShotsAgainstPerGame": 30.9,
        "oppShotsAgainstPerGameLast5": 34.8,
        "savesProj": 27.8,
        "savesProjLast5": 17.2,
        "savesProjLast3": 15.2,
        "oppSavesAgainstProj": 30.5,
        "oppSavesAgainstProjLast5": 18.3,
        "oppSavesAgainstProjLast3": 15.4,
        "totalOver": 47,
        "totalOverLast5": 0,
        "totalOverLast15": 27,
        "lastTotalOver": 36,
        "last5": "0,0,0,0,0,1,0,1,0,0",
        "overOdds": "-150",
        "underOdds": "+120",
        "overUnder": "-150 / +120"
    },
    {
        "player": "Reilly Smith",
        "team": "VGK",
        "opponent": "DAL",
        "propType": "ast",
        "line": 0.5,
        "ppLine": "PP2",
        "avg": 0.39,
        "hit": false,
        "diffAvg": -0.22,
        "diffAbs": 0.2,
        "lastAvg": 0.39,
        "diff": -0.22,
        "avgMin": 16,
        "proj": 0.4,
        "lastAvgMin": 17.78,
        "oppOver": 0,
        "teamOver": 0,
        "gameLine": "+110",
        "+/-": "+15",
        "L5_+/-": "+4.0",
        "prevMatchup": "2023-05-27 0.0 ast 2023-05-23 0.0 ast 2023-05-21 0.0 ast 2023-05-19 0.0 ast 2023-04-08 0.0 ast 2023-02-25 0.0 ast 2023-01-16 0.0 ast",
        "winLossSplits": "40% - 18%",
        "awayHome": "A",
        "playedYesterday": "N",
        "awayHomeSplits": "31% - 33%",
        "savesAboveExp": 0.39,
        "gsaa": 26.05,
        "corsi": "48.6% (57.5) // 48.0% (56.0) // 48.6% (57.5) // 48.6% (57.5)",
        "fenwick": "49.7% (42.3) // 48.8% (40.5) // 49.7% (42.3) // 49.7% (42.3)",
        "shots": "50.5% (31.1) // 50.2% (28.8) // 50.5% (31.1) // 50.5% (31.1)",
        "scoring": "49.5% (29.2) // 49.0% (28.7) // 49.5% (29.2) // 49.5% (29.2)",
        "corsiAgainst": "51.4% (60.7) // 52.0% (60.6) // 51.4% (60.7) // 51.4% (60.7)",
        "fenwickAgainst": "50.3% (42.8) // 51.2% (42.5) // 50.3% (42.8) // 50.3% (42.8)",
        "shotsAgainst": "49.5% (30.4) // 49.8% (28.5) // 49.5% (30.4) // 49.5% (30.4)",
        "scoringAgainst": "50.5% (29.8) // 51.0% (29.9) // 50.5% (29.8) // 50.5% (29.8)",
        "oppCorsi": "52.0% (59.9) // 57.0% (56.0) // 52.0% (59.9) // 52.0% (59.9)",
        "oppFenwick": "51.3% (43.7) // 56.1% (40.6) // 51.3% (43.7) // 51.3% (43.7)",
        "oppShots": "51.6% (31.5) // 56.3% (29.0) // 51.6% (31.5) // 51.6% (31.5)",
        "oppScoring": "53.7% (31.5) // 61.3% (29.6) // 53.7% (31.5) // 53.7% (31.5)",
        "oppCorsiAgainst": "48.0% (55.3) // 43.0% (42.3) // 48.0% (55.3) // 48.0% (55.3)",
        "oppFenwickAgainst": "48.7% (41.4) // 43.9% (31.7) // 48.7% (41.4) // 48.7% (41.4)",
        "oppShotsAgainst": "48.4% (29.5) // 43.7% (22.5) // 48.4% (29.5) // 48.4% (29.5)",
        "oppScoringAgainst": "46.3% (27.2) // 38.7% (18.6) // 46.3% (27.2) // 46.3% (27.2)",
        "savesPerGame": 28.1,
        "savesPerGameLast1": 30.0,
        "savesPerGameLast3": 34.3,
        "savesPerGameLast5": 32.4,
        "savesPer60": 33.6,
        "savesPer60Last1": 28.4,
        "savesPer60Last3": 33.9,
        "savesPer60Last5": 32.3,
        "shotsPerGame": 31.5,
        "shotsPerGameLast5": 29.0,
        "shotsAgainstPerGame": 30.9,
        "shotsAgainstPerGameLast5": 34.8,
        "oppSavesAgainstPer60": 34.3,
        "oppSavesAgainstPer60Last1": 32.5,
        "oppSavesAgainstPer60Last3": 35.2,
        "oppSavesAgainstPer60Last5": 32.4,
        "oppShotsAgainstPerGame": 29.9,
        "oppShotsAgainstPerGameLast5": 29.0,
        "savesProj": 28.2,
        "savesProjLast5": 28.9,
        "savesProjLast3": 30.5,
        "oppSavesAgainstProj": 32.4,
        "oppSavesAgainstProjLast5": 30.5,
        "oppSavesAgainstProjLast3": 30.8,
        "totalOver": 32,
        "totalOverLast5": 20,
        "totalOverLast15": 40,
        "lastTotalOver": 34,
        "last5": "0,0,0,0,1,0,0,1,0,1",
        "overOdds": "+200",
        "underOdds": "-250",
        "overUnder": "+200 / -250"
    },
    {
        "player": "Roope Hintz",
        "team": "DAL",
        "opponent": "VGK",
        "propType": "ast",
        "line": 0.5,
        "ppLine": "PP2",
        "avg": 0.56,
        "hit": false,
        "diffAvg": 0.12,
        "diffAbs": 0.2,
        "lastAvg": 0.41,
        "diff": -0.18,
        "avgMin": 17,
        "proj": 0.4,
        "lastAvgMin": 18.03,
        "oppOver": 0,
        "teamOver": 0,
        "gameLine": "-130",
        "+/-": "+37",
        "L5_+/-": "+5.0",
        "prevMatchup": "2023-05-27 0.0 ast 2023-05-23 0.0 ast 2023-05-21 0.0 ast 2023-05-19 2.0 ast 2023-04-08 0.0 ast 2023-02-25 0.0 ast",
        "winLossSplits": "52% - 20%",
        "awayHome": "H",
        "playedYesterday": "N",
        "awayHomeSplits": "38% - 38%",
        "savesAboveExp": -0.478,
        "gsaa": 8.04,
        "corsi": "52.0% (59.9) // 57.0% (56.0) // 52.0% (59.9) // 52.0% (59.9)",
        "fenwick": "51.3% (43.7) // 56.1% (40.6) // 51.3% (43.7) // 51.3% (43.7)",
        "shots": "51.6% (31.5) // 56.3% (29.0) // 51.6% (31.5) // 51.6% (31.5)",
        "scoring": "53.7% (31.5) // 61.3% (29.6) // 53.7% (31.5) // 53.7% (31.5)",
        "corsiAgainst": "48.0% (55.3) // 43.0% (42.3) // 48.0% (55.3) // 48.0% (55.3)",
        "fenwickAgainst": "48.7% (41.4) // 43.9% (31.7) // 48.7% (41.4) // 48.7% (41.4)",
        "shotsAgainst": "48.4% (29.5) // 43.7% (22.5) // 48.4% (29.5) // 48.4% (29.5)",
        "scoringAgainst": "46.3% (27.2) // 38.7% (18.6) // 46.3% (27.2) // 46.3% (27.2)",
        "oppCorsi": "48.6% (57.5) // 48.0% (56.0) // 48.6% (57.5) // 48.6% (57.5)",
        "oppFenwick": "49.7% (42.3) // 48.8% (40.5) // 49.7% (42.3) // 49.7% (42.3)",
        "oppShots": "50.5% (31.1) // 50.2% (28.8) // 50.5% (31.1) // 50.5% (31.1)",
        "oppScoring": "49.5% (29.2) // 49.0% (28.7) // 49.5% (29.2) // 49.5% (29.2)",
        "oppCorsiAgainst": "51.4% (60.7) // 52.0% (60.6) // 51.4% (60.7) // 51.4% (60.7)",
        "oppFenwickAgainst": "50.3% (42.8) // 51.2% (42.5) // 50.3% (42.8) // 50.3% (42.8)",
        "oppShotsAgainst": "49.5% (30.4) // 49.8% (28.5) // 49.5% (30.4) // 49.5% (30.4)",
        "oppScoringAgainst": "50.5% (29.8) // 51.0% (29.9) // 50.5% (29.8) // 50.5% (29.8)",
        "savesPerGame": 27.3,
        "savesPerGameLast1": 27.0,
        "savesPerGameLast3": 25.3,
        "savesPerGameLast5": 26.0,
        "savesPer60": 33.3,
        "savesPer60Last1": 27.0,
        "savesPer60Last3": 25.5,
        "savesPer60Last5": 26.2,
        "shotsPerGame": 31.9,
        "shotsPerGameLast5": 34.8,
        "shotsAgainstPerGame": 29.9,
        "shotsAgainstPerGameLast5": 29.0,
        "oppSavesAgainstPer60": 33.6,
        "oppSavesAgainstPer60Last1": 26.7,
        "oppSavesAgainstPer60Last3": 25.9,
        "oppSavesAgainstPer60Last5": 26.4,
        "oppShotsAgainstPerGame": 30.9,
        "oppShotsAgainstPerGameLast5": 34.8,
        "savesProj": 27.8,
        "savesProjLast5": 17.2,
        "savesProjLast3": 15.2,
        "oppSavesAgainstProj": 30.5,
        "oppSavesAgainstProjLast5": 18.3,
        "oppSavesAgainstProjLast3": 15.4,
        "totalOver": 38,
        "totalOverLast5": 20,
