[
    {
        "player": "Jacob Trouba",
        "team": "NYR",
        "opponent": "BUF",
        "propType": "bs",
        "line": 2.5,
        "ppLine": "PP2",
        "avg": 2.45,
        "hit": false,
        "diffAvg": -0.02,
        "diffAbs": 1.0,
        "lastAvg": 0.0,
        "diff": 0,
        "avgMin": 21,
        "proj": 0.0,
        "lastAvgMin": 22.42,
        "oppOver": 0,
        "teamOver": 0,
        "gameLine": "-145",
        "+/-": "+4",
        "L5_+/-": "+10.0",
        "prevMatchup": "2023-03-11 3.0 bs",
        "winLossSplits": "2.37 - 2.42",
        "awayHome": "A",
        "playedYesterday": "Y",
        "awayHomeSplits": "2.57 - 2.34",
        "savesAboveExp": "-",
        "gsaa": "-",
        "corsi": "51.4% (58.2) // 46.3% (52.4) // 43.6% (48.2) // 46.7% (54.0)",
        "fenwick": "52.1% (43.9) // 48.1% (40.3) // 46.1% (39.0) // 49.6% (43.7)",
        "shots": "51.8% (31.2) // 49.3% (30.7) // 47.8% (30.0) // 52.0% (34.3)",
        "scoring": "51.3% (30.8) // 48.2% (28.5) // 45.5% (25.4) // 44.2% (26.7)",
        "corsiAgainst": "48.6% (54.9) // 53.7% (60.6) // 56.4% (62.4) // 53.3% (61.7)",
        "fenwickAgainst": "47.9% (40.3) // 51.9% (43.5) // 53.9% (45.6) // 50.4% (44.3)",
        "shotsAgainst": "48.2% (29.1) // 50.7% (31.6) // 52.2% (32.8) // 48.0% (31.7)",
        "scoringAgainst": "48.7% (29.2) // 51.8% (30.6) // 54.5% (30.4) // 55.8% (33.7)",
        "oppCorsi": "51.1% (57.5) // 50.6% (54.9) // 48.4% (52.2) // 50.7% (55.7)",
        "oppFenwick": "49.7% (43.4) // 50.6% (42.4) // 50.0% (41.9) // 50.6% (41.3)",
        "oppShots": "49.3% (31.8) // 49.4% (30.1) // 50.0% (30.6) // 50.4% (32.6)",
        "oppScoring": "49.7% (30.4) // 46.2% (26.0) // 43.0% (24.2) // 47.8% (25.4)",
        "oppCorsiAgainst": "48.9% (55.1) // 49.4% (53.5) // 51.6% (55.6) // 49.3% (54.2)",
        "oppFenwickAgainst": "50.3% (44.0) // 49.4% (41.4) // 50.0% (41.9) // 49.4% (40.3)",
        "oppShotsAgainst": "50.7% (32.7) // 50.6% (30.8) // 50.0% (30.6) // 49.6% (32.2)",
        "oppScoringAgainst": "50.3% (30.7) // 53.8% (30.2) // 57.0% (32.1) // 52.2% (27.8)",
        "savesPerGame": 26.8,
        "savesPerGameLast1": 29.0,
        "savesPerGameLast3": 29.3,
        "savesPerGameLast5": 30.6,
        "savesPer60": 26.9,
        "savesPer60Last1": 28.2,
        "savesPer60Last3": 29.0,
        "savesPer60Last5": 30.2,
        "shotsPerGame": 31.7,
        "shotsPerGameLast5": 30.0,
        "shotsAgainstPerGame": 29.5,
        "shotsAgainstPerGameLast5": 32.8,
        "oppSavesAgainstPer60": 28.6,
        "oppSavesAgainstPer60Last1": 30.0,
        "oppSavesAgainstPer60Last3": 27.8,
        "oppSavesAgainstPer60Last5": 27.5,
        "oppShotsAgainstPerGame": 33.0,
        "oppShotsAgainstPerGameLast5": 30.0,
        "savesProj": 26.2,
        "savesProjLast5": 28.4,
        "savesProjLast3": 27.6,
        "oppSavesAgainstProj": 26.9,
        "oppSavesAgainstProjLast5": 27.3,
        "oppSavesAgainstProjLast3": 26.9,
        "totalOver": 45,
        "totalOverLast5": 0,
        "totalOverLast15": 33,
        "lastTotalOver": 0,
        "last5": "2,0,2,2,2,2,1,6,1,2",
        "overOdds": "+120",
        "underOdds": "-150",
        "overUnder": "+120 / -150"
    },
    {
        "player": "Rasmus Dahlin",
        "team": "BUF",
        "opponent": "NYR",
        "propType": "bs",
        "line": 1.5,
        "ppLine": "PP1",
        "avg": 1.7,
        "hit": false,
        "diffAvg": 0.13,
        "diffAbs": 1.0,
        "lastAvg": 0.0,
        "diff": 0,
        "avgMin": 25,
        "proj": 0.0,
        "lastAvgMin": 24.0,
        "oppOver": 0,
        "teamOver": 0,
        "gameLine": "+125",
        "+/-": "+7",
        "L5_+/-": -15.0,
        "prevMatchup": "2023-03-11 2.0 bs",
        "winLossSplits": "2.06 - 1.23",
        "awayHome": "H",
        "playedYesterday": "N",
        "awayHomeSplits": "2.21 - 1.22",
        "savesAboveExp": -0.187,
        "gsaa": 0.72,
        "corsi": "51.1% (57.5) // 50.6% (54.9) // 48.4% (52.2) // 50.7% (55.7)",
        "fenwick": "49.7% (43.4) // 50.6% (42.4) // 50.0% (41.9) // 50.6% (41.3)",
        "shots": "49.3% (31.8) // 49.4% (30.1) // 50.0% (30.6) // 50.4% (32.6)",
        "scoring": "49.7% (30.4) // 46.2% (26.0) // 43.0% (24.2) // 47.8% (25.4)",
        "corsiAgainst": "48.9% (55.1) // 49.4% (53.5) // 51.6% (55.6) // 49.3% (54.2)",
        "fenwickAgainst": "50.3% (44.0) // 49.4% (41.4) // 50.0% (41.9) // 49.4% (40.3)",
        "shotsAgainst": "50.7% (32.7) // 50.6% (30.8) // 50.0% (30.6) // 49.6% (32.2)",
        "scoringAgainst": "50.3% (30.7) // 53.8% (30.2) // 57.0% (32.1) // 52.2% (27.8)",
        "oppCorsi": "51.4% (58.2) // 46.3% (52.4) // 43.6% (48.2) // 46.7% (54.0)",
        "oppFenwick": "52.1% (43.9) // 48.1% (40.3) // 46.1% (39.0) // 49.6% (43.7)",
        "oppShots": "51.8% (31.2) // 49.3% (30.7) // 47.8% (30.0) // 52.0% (34.3)",
        "oppScoring": "51.3% (30.8) // 48.2% (28.5) // 45.5% (25.4) // 44.2% (26.7)",
        "oppCorsiAgainst": "48.6% (54.9) // 53.7% (60.6) // 56.4% (62.4) // 53.3% (61.7)",
        "oppFenwickAgainst": "47.9% (40.3) // 51.9% (43.5) // 53.9% (45.6) // 50.4% (44.3)",
        "oppShotsAgainst": "48.2% (29.1) // 50.7% (31.6) // 52.2% (32.8) // 48.0% (31.7)",
        "oppScoringAgainst": "48.7% (29.2) // 51.8% (30.6) // 54.5% (30.4) // 55.8% (33.7)",
        "savesPerGame": 29.4,
        "savesPerGameLast1": 38.0,
        "savesPerGameLast3": 30.3,
        "savesPerGameLast5": 25.8,
        "savesPer60": 29.4,
        "savesPer60Last1": 41.0,
        "savesPer60Last3": 31.0,
        "savesPer60Last5": 26.1,
        "shotsPerGame": 32.2,
        "shotsPerGameLast5": 30.2,
        "shotsAgainstPerGame": 33.0,
        "shotsAgainstPerGameLast5": 30.0,
        "oppSavesAgainstPer60": 28.4,
        "oppSavesAgainstPer60Last1": 24.0,
        "oppSavesAgainstPer60Last3": 30.5,
        "oppSavesAgainstPer60Last5": 26.8,
        "oppShotsAgainstPerGame": 29.5,
        "oppShotsAgainstPerGameLast5": 32.8,
        "savesProj": 31.0,
        "savesProjLast5": 26.2,
        "savesProjLast3": 35.3,
        "oppSavesAgainstProj": 29.6,
        "oppSavesAgainstProjLast5": 25.3,
        "oppSavesAgainstProjLast3": 34.2,
        "totalOver": 52,
        "totalOverLast5": 60,
        "totalOverLast15": 53,
        "lastTotalOver": 0,
        "last5": "2,2,1,2,0,1,3,2,2,0",
        "overOdds": "-110",
        "underOdds": "-120",
        "overUnder": "-110 / -120"
    },
    {
        "player": "Adam Fox",
        "team": "NYR",
        "opponent": "BUF",
        "propType": "bs",
        "line": 1.5,
        "ppLine": "PP1",
        "avg": 1.53,
        "hit": false,
        "diffAvg": 0.02,
        "diffAbs": 1.0,
        "lastAvg": 0.0,
        "diff": 0,
        "avgMin": 24,
        "proj": 0.0,
        "lastAvgMin": 23.9,
        "oppOver": 0,
        "teamOver": 0,
        "gameLine": "-145",
        "+/-": "+27",
        "L5_+/-": "+8.0",
        "prevMatchup": "2023-03-11 4.0 bs",
        "winLossSplits": "1.57 - 1.44",
        "awayHome": "A",
        "playedYesterday": "Y",
        "awayHomeSplits": "1.62 - 1.45",
        "savesAboveExp": "-",
        "gsaa": "-",
        "corsi": "51.4% (58.2) // 46.3% (52.4) // 43.6% (48.2) // 46.7% (54.0)",
        "fenwick": "52.1% (43.9) // 48.1% (40.3) // 46.1% (39.0) // 49.6% (43.7)",
        "shots": "51.8% (31.2) // 49.3% (30.7) // 47.8% (30.0) // 52.0% (34.3)",
        "scoring": "51.3% (30.8) // 48.2% (28.5) // 45.5% (25.4) // 44.2% (26.7)",
        "corsiAgainst": "48.6% (54.9) // 53.7% (60.6) // 56.4% (62.4) // 53.3% (61.7)",
        "fenwickAgainst": "47.9% (40.3) // 51.9% (43.5) // 53.9% (45.6) // 50.4% (44.3)",
        "shotsAgainst": "48.2% (29.1) // 50.7% (31.6) // 52.2% (32.8) // 48.0% (31.7)",
        "scoringAgainst": "48.7% (29.2) // 51.8% (30.6) // 54.5% (30.4) // 55.8% (33.7)",
        "oppCorsi": "51.1% (57.5) // 50.6% (54.9) // 48.4% (52.2) // 50.7% (55.7)",
        "oppFenwick": "49.7% (43.4) // 50.6% (42.4) // 50.0% (41.9) // 50.6% (41.3)",
        "oppShots": "49.3% (31.8) // 49.4% (30.1) // 50.0% (30.6) // 50.4% (32.6)",
        "oppScoring": "49.7% (30.4) // 46.2% (26.0) // 43.0% (24.2) // 47.8% (25.4)",
        "oppCorsiAgainst": "48.9% (55.1) // 49.4% (53.5) // 51.6% (55.6) // 49.3% (54.2)",
        "oppFenwickAgainst": "50.3% (44.0) // 49.4% (41.4) // 50.0% (41.9) // 49.4% (40.3)",
        "oppShotsAgainst": "50.7% (32.7) // 50.6% (30.8) // 50.0% (30.6) // 49.6% (32.2)",
        "oppScoringAgainst": "50.3% (30.7) // 53.8% (30.2) // 57.0% (32.1) // 52.2% (27.8)",
        "savesPerGame": 26.8,
        "savesPerGameLast1": 29.0,
        "savesPerGameLast3": 29.3,
        "savesPerGameLast5": 30.6,
        "savesPer60": 26.9,
        "savesPer60Last1": 28.2,
        "savesPer60Last3": 29.0,
        "savesPer60Last5": 30.2,
        "shotsPerGame": 31.7,
        "shotsPerGameLast5": 30.0,
        "shotsAgainstPerGame": 29.5,
        "shotsAgainstPerGameLast5": 32.8,
        "oppSavesAgainstPer60": 28.6,
        "oppSavesAgainstPer60Last1": 30.0,
        "oppSavesAgainstPer60Last3": 27.8,
        "oppSavesAgainstPer60Last5": 27.5,
        "oppShotsAgainstPerGame": 33.0,
        "oppShotsAgainstPerGameLast5": 30.0,
        "savesProj": 26.2,
        "savesProjLast5": 28.4,
        "savesProjLast3": 27.6,
        "oppSavesAgainstProj": 26.9,
        "oppSavesAgainstProjLast5": 27.3,
        "oppSavesAgainstProjLast3": 26.9,
        "totalOver": 49,
        "totalOverLast5": 40,
        "totalOverLast15": 67,
        "lastTotalOver": 0,
        "last5": "2,1,1,3,1,2,3,3,3,3",
        "overOdds": "-115",
        "underOdds": "-115",
        "overUnder": "-115 / -115"
    },
    {
        "player": "Ilya Lyubushkin",
        "team": "BUF",
        "opponent": "NYR",
        "propType": "bs",
        "line": 1.5,
        "ppLine": "",
        "avg": 1.49,
        "hit": false,
        "diffAvg": -0.01,
        "diffAbs": 1.0,
        "lastAvg": 0.0,
        "diff": 0,
        "avgMin": 15,
        "proj": 0.0,
        "lastAvgMin": 17.45,
        "oppOver": 0,
        "teamOver": 0,
        "gameLine": "+125",
        "+/-": -1,
        "L5_+/-": "+3.0",
        "prevMatchup": "2023-03-11 1.0 bs",
        "winLossSplits": "1.4 - 1.53",
        "awayHome": "H",
        "playedYesterday": "N",
        "awayHomeSplits": "1.39 - 1.58",
        "savesAboveExp": -0.187,
        "gsaa": 0.72,
        "corsi": "51.1% (57.5) // 50.6% (54.9) // 48.4% (52.2) // 50.7% (55.7)",
        "fenwick": "49.7% (43.4) // 50.6% (42.4) // 50.0% (41.9) // 50.6% (41.3)",
        "shots": "49.3% (31.8) // 49.4% (30.1) // 50.0% (30.6) // 50.4% (32.6)",
        "scoring": "49.7% (30.4) // 46.2% (26.0) // 43.0% (24.2) // 47.8% (25.4)",
        "corsiAgainst": "48.9% (55.1) // 49.4% (53.5) // 51.6% (55.6) // 49.3% (54.2)",
        "fenwickAgainst": "50.3% (44.0) // 49.4% (41.4) // 50.0% (41.9) // 49.4% (40.3)",
        "shotsAgainst": "50.7% (32.7) // 50.6% (30.8) // 50.0% (30.6) // 49.6% (32.2)",
        "scoringAgainst": "50.3% (30.7) // 53.8% (30.2) // 57.0% (32.1) // 52.2% (27.8)",
        "oppCorsi": "51.4% (58.2) // 46.3% (52.4) // 43.6% (48.2) // 46.7% (54.0)",
        "oppFenwick": "52.1% (43.9) // 48.1% (40.3) // 46.1% (39.0) // 49.6% (43.7)",
        "oppShots": "51.8% (31.2) // 49.3% (30.7) // 47.8% (30.0) // 52.0% (34.3)",
        "oppScoring": "51.3% (30.8) // 48.2% (28.5) // 45.5% (25.4) // 44.2% (26.7)",
        "oppCorsiAgainst": "48.6% (54.9) // 53.7% (60.6) // 56.4% (62.4) // 53.3% (61.7)",
        "oppFenwickAgainst": "47.9% (40.3) // 51.9% (43.5) // 53.9% (45.6) // 50.4% (44.3)",
        "oppShotsAgainst": "48.2% (29.1) // 50.7% (31.6) // 52.2% (32.8) // 48.0% (31.7)",
        "oppScoringAgainst": "48.7% (29.2) // 51.8% (30.6) // 54.5% (30.4) // 55.8% (33.7)",
        "savesPerGame": 29.4,
        "savesPerGameLast1": 38.0,
        "savesPerGameLast3": 30.3,
        "savesPerGameLast5": 25.8,
        "savesPer60": 29.4,
        "savesPer60Last1": 41.0,
        "savesPer60Last3": 31.0,
        "savesPer60Last5": 26.1,
        "shotsPerGame": 32.2,
        "shotsPerGameLast5": 30.2,
        "shotsAgainstPerGame": 33.0,
        "shotsAgainstPerGameLast5": 30.0,
        "oppSavesAgainstPer60": 28.4,
        "oppSavesAgainstPer60Last1": 24.0,
        "oppSavesAgainstPer60Last3": 30.5,
        "oppSavesAgainstPer60Last5": 26.8,
        "oppShotsAgainstPerGame": 29.5,
        "oppShotsAgainstPerGameLast5": 32.8,
        "savesProj": 31.0,
        "savesProjLast5": 26.2,
        "savesProjLast3": 35.3,
        "oppSavesAgainstProj": 29.6,
        "oppSavesAgainstProjLast5": 25.3,
        "oppSavesAgainstProjLast3": 34.2,
        "totalOver": 42,
        "totalOverLast5": 40,
        "totalOverLast15": 40,
        "lastTotalOver": 0,
        "last5": "5,0,1,3,1,1,4,1,1,1",
        "overOdds": "-115",
        "underOdds": "-115",
        "overUnder": "-115 / -115"
    },
    {
        "player": "Josh Morrissey",
        "team": "WPG",
        "opponent": "DET",
        "propType": "bs",
        "line": 1.5,
        "ppLine": "PP1",
        "avg": 1.55,
        "hit": false,
        "diffAvg": 0.03,
        "diffAbs": 1.0,
        "lastAvg": 0.0,
        "diff": 0,
        "avgMin": 24,
        "proj": 0.0,
        "lastAvgMin": 23.65,
        "oppOver": 0,
        "teamOver": 0,
        "gameLine": "-240",
        "+/-": -4,
        "L5_+/-": -5.0,
        "prevMatchup": "2023-01-10 1.0 bs",
        "winLossSplits": "1.5 - 1.57",
        "awayHome": "H",
        "playedYesterday": "N",
        "awayHomeSplits": "1.38 - 1.72",
        "savesAboveExp": 0.245,
        "gsaa": -2.62,
        "corsi": "51.5% (58.7) // 53.1% (58.5) // 57.5% (65.8) // 58.2% (69.5)",
        "fenwick": "51.3% (44.1) // 53.1% (43.8) // 58.0% (50.0) // 59.0% (52.5)",
        "shots": "50.0% (30.2) // 52.1% (29.9) // 53.4% (31.3) // 53.2% (33.5)",
        "scoring": "51.9% (30.4) // 53.7% (29.3) // 61.2% (34.8) // 62.3% (35.5)",
        "corsiAgainst": "48.5% (55.3) // 46.9% (51.6) // 42.5% (48.5) // 41.8% (50.0)",
        "fenwickAgainst": "48.7% (41.8) // 46.9% (38.7) // 42.0% (36.2) // 41.0% (36.5)",
        "shotsAgainst": "50.0% (30.3) // 47.9% (27.6) // 46.6% (27.2) // 46.8% (29.5)",
        "scoringAgainst": "48.1% (28.2) // 46.3% (25.3) // 38.8% (22.0) // 37.7% (21.5)",
        "oppCorsi": "47.2% (52.2) // 48.4% (52.2) // 48.6% (52.3) // 43.4% (50.3)",
        "oppFenwick": "47.8% (39.1) // 49.3% (39.0) // 47.6% (37.4) // 42.0% (36.0)",
        "oppShots": "48.5% (28.2) // 50.3% (27.4) // 49.3% (26.4) // 44.7% (25.3)",
        "oppScoring": "45.9% (25.6) // 45.8% (25.1) // 45.0% (23.0) // 38.5% (21.7)",
        "oppCorsiAgainst": "52.8% (58.3) // 51.6% (55.5) // 51.4% (55.3) // 56.6% (65.7)",
        "oppFenwickAgainst": "52.2% (42.6) // 50.7% (40.1) // 52.4% (41.1) // 58.0% (49.7)",
        "oppShotsAgainst": "51.5% (30.0) // 49.7% (27.1) // 50.7% (27.1) // 55.3% (31.3)",
        "oppScoringAgainst": "54.1% (30.2) // 54.2% (29.8) // 55.0% (28.1) // 61.5% (34.7)",
        "savesPerGame": 27.7,
        "savesPerGameLast1": 27.0,
        "savesPerGameLast3": 23.3,
        "savesPerGameLast5": 22.6,
        "savesPer60": 27.6,
        "savesPer60Last1": 27.0,
        "savesPer60Last3": 23.3,
        "savesPer60Last5": 22.5,
        "shotsPerGame": 30.5,
        "shotsPerGameLast5": 31.8,
        "shotsAgainstPerGame": 30.5,
        "shotsAgainstPerGameLast5": 25.2,
        "oppSavesAgainstPer60": 25.8,
        "oppSavesAgainstPer60Last1": 19.9,
        "oppSavesAgainstPer60Last3": 23.0,
        "oppSavesAgainstPer60Last5": 24.5,
        "oppShotsAgainstPerGame": 30.4,
        "oppShotsAgainstPerGameLast5": 27.6,
        "savesProj": 26.1,
        "savesProjLast5": 19.7,
        "savesProjLast3": 18.8,
        "oppSavesAgainstProj": 25.5,
        "oppSavesAgainstProjLast5": 21.3,
        "oppSavesAgainstProjLast3": 19.4,
        "totalOver": 52,
        "totalOverLast5": 60,
        "totalOverLast15": 60,
        "lastTotalOver": 0,
        "last5": "2,1,2,0,2,1,3,2,0,3",
        "overOdds": "-110",
        "underOdds": "-120",
        "overUnder": "-110 / -120"
    },
    {
        "player": "Moritz Seider",
        "team": "DET",
        "opponent": "WPG",
        "propType": "bs",
        "line": 2.5,
        "ppLine": "PP1",
        "avg": 2.41,
        "hit": false,
        "diffAvg": -0.04,
        "diffAbs": 1.0,
        "lastAvg": 0.0,
        "diff": 0,
        "avgMin": 23,
        "proj": 0.0,
        "lastAvgMin": 23.03,
        "oppOver": 0,
        "teamOver": 0,
        "gameLine": "+200",
        "+/-": -4,
        "L5_+/-": "+5.0",
        "prevMatchup": "2023-01-10 4.0 bs",
        "winLossSplits": "2.82 - 2.12",
        "awayHome": "A",
        "playedYesterday": "Y",
        "awayHomeSplits": "2.11 - 2.68",
        "savesAboveExp": 0.641,
        "gsaa": 23.25,
        "corsi": "47.2% (52.2) // 48.4% (52.2) // 48.6% (52.3) // 43.4% (50.3)",
        "fenwick": "47.8% (39.1) // 49.3% (39.0) // 47.6% (37.4) // 42.0% (36.0)",
        "shots": "48.5% (28.2) // 50.3% (27.4) // 49.3% (26.4) // 44.7% (25.3)",
        "scoring": "45.9% (25.6) // 45.8% (25.1) // 45.0% (23.0) // 38.5% (21.7)",
        "corsiAgainst": "52.8% (58.3) // 51.6% (55.5) // 51.4% (55.3) // 56.6% (65.7)",
        "fenwickAgainst": "52.2% (42.6) // 50.7% (40.1) // 52.4% (41.1) // 58.0% (49.7)",
        "shotsAgainst": "51.5% (30.0) // 49.7% (27.1) // 50.7% (27.1) // 55.3% (31.3)",
        "scoringAgainst": "54.1% (30.2) // 54.2% (29.8) // 55.0% (28.1) // 61.5% (34.7)",
        "oppCorsi": "51.5% (58.7) // 53.1% (58.5) // 57.5% (65.8) // 58.2% (69.5)",
        "oppFenwick": "51.3% (44.1) // 53.1% (43.8) // 58.0% (50.0) // 59.0% (52.5)",
        "oppShots": "50.0% (30.2) // 52.1% (29.9) // 53.4% (31.3) // 53.2% (33.5)",
        "oppScoring": "51.9% (30.4) // 53.7% (29.3) // 61.2% (34.8) // 62.3% (35.5)",
        "oppCorsiAgainst": "48.5% (55.3) // 46.9% (51.6) // 42.5% (48.5) // 41.8% (50.0)",
        "oppFenwickAgainst": "48.7% (41.8) // 46.9% (38.7) // 42.0% (36.2) // 41.0% (36.5)",
        "oppShotsAgainst": "50.0% (30.3) // 47.9% (27.6) // 46.6% (27.2) // 46.8% (29.5)",
        "oppScoringAgainst": "48.1% (28.2) // 46.3% (25.3) // 38.8% (22.0) // 37.7% (21.5)",
        "savesPerGame": 27.2,
        "savesPerGameLast1": 31.0,
        "savesPerGameLast3": 28.3,
        "savesPerGameLast5": 24.6,
        "savesPer60": 27.2,
        "savesPer60Last1": 30.9,
        "savesPer60Last3": 27.9,
        "savesPer60Last5": 24.5,
        "shotsPerGame": 28.6,
        "shotsPerGameLast5": 26.8,
        "shotsAgainstPerGame": 30.4,
        "shotsAgainstPerGameLast5": 27.6,
        "oppSavesAgainstPer60": 27.4,
        "oppSavesAgainstPer60Last1": 39.3,
        "oppSavesAgainstPer60Last3": 31.2,
        "oppSavesAgainstPer60Last5": 30.0,
        "oppShotsAgainstPerGame": 30.5,
        "oppShotsAgainstPerGameLast5": 25.2,
        "savesProj": 27.0,
        "savesProjLast5": 27.2,
        "savesProjLast3": 32.3,
        "oppSavesAgainstProj": 26.4,
        "oppSavesAgainstProjLast5": 25.9,
        "oppSavesAgainstProjLast3": 29.3,
        "totalOver": 43,
        "totalOverLast5": 0,
        "totalOverLast15": 40,
        "lastTotalOver": 0,
        "last5": "1,1,0,2,1,3,3,2,4,4",
        "overOdds": "+120",
        "underOdds": "-150",
        "overUnder": "+120 / -150"
    },
    {
        "player": "Neal Pionk",
        "team": "WPG",
        "opponent": "DET",
        "propType": "bs",
        "line": 1.5,
        "ppLine": "PP2",
        "avg": 1.55,
        "hit": false,
        "diffAvg": 0.03,
        "diffAbs": 1.0,
        "lastAvg": 0.0,
        "diff": 0,
        "avgMin": 21,
        "proj": 0.0,
        "lastAvgMin": 21.13,
        "oppOver": 0,
        "teamOver": 0,
        "gameLine": "-240",
        "+/-": -13,
        "L5_+/-": -3.0,
        "prevMatchup": "2023-01-10 0.0 bs",
        "winLossSplits": "1.75 - 1.16",
        "awayHome": "H",
        "playedYesterday": "N",
        "awayHomeSplits": "1.59 - 1.5",
        "savesAboveExp": 0.245,
        "gsaa": -2.62,
        "corsi": "51.5% (58.7) // 53.1% (58.5) // 57.5% (65.8) // 58.2% (69.5)",
        "fenwick": "51.3% (44.1) // 53.1% (43.8) // 58.0% (50.0) // 59.0% (52.5)",
        "shots": "50.0% (30.2) // 52.1% (29.9) // 53.4% (31.3) // 53.2% (33.5)",
        "scoring": "51.9% (30.4) // 53.7% (29.3) // 61.2% (34.8) // 62.3% (35.5)",
        "corsiAgainst": "48.5% (55.3) // 46.9% (51.6) // 42.5% (48.5) // 41.8% (50.0)",
        "fenwickAgainst": "48.7% (41.8) // 46.9% (38.7) // 42.0% (36.2) // 41.0% (36.5)",
        "shotsAgainst": "50.0% (30.3) // 47.9% (27.6) // 46.6% (27.2) // 46.8% (29.5)",
        "scoringAgainst": "48.1% (28.2) // 46.3% (25.3) // 38.8% (22.0) // 37.7% (21.5)",
        "oppCorsi": "47.2% (52.2) // 48.4% (52.2) // 48.6% (52.3) // 43.4% (50.3)",
        "oppFenwick": "47.8% (39.1) // 49.3% (39.0) // 47.6% (37.4) // 42.0% (36.0)",
        "oppShots": "48.5% (28.2) // 50.3% (27.4) // 49.3% (26.4) // 44.7% (25.3)",
        "oppScoring": "45.9% (25.6) // 45.8% (25.1) // 45.0% (23.0) // 38.5% (21.7)",
        "oppCorsiAgainst": "52.8% (58.3) // 51.6% (55.5) // 51.4% (55.3) // 56.6% (65.7)",
        "oppFenwickAgainst": "52.2% (42.6) // 50.7% (40.1) // 52.4% (41.1) // 58.0% (49.7)",
        "oppShotsAgainst": "51.5% (30.0) // 49.7% (27.1) // 50.7% (27.1) // 55.3% (31.3)",
        "oppScoringAgainst": "54.1% (30.2) // 54.2% (29.8) // 55.0% (28.1) // 61.5% (34.7)",
        "savesPerGame": 27.7,
        "savesPerGameLast1": 27.0,
        "savesPerGameLast3": 23.3,
        "savesPerGameLast5": 22.6,
        "savesPer60": 27.6,
        "savesPer60Last1": 27.0,
        "savesPer60Last3": 23.3,
        "savesPer60Last5": 22.5,
        "shotsPerGame": 30.5,
        "shotsPerGameLast5": 31.8,
        "shotsAgainstPerGame": 30.5,
        "shotsAgainstPerGameLast5": 25.2,
        "oppSavesAgainstPer60": 25.8,
        "oppSavesAgainstPer60Last1": 19.9,
        "oppSavesAgainstPer60Last3": 23.0,
        "oppSavesAgainstPer60Last5": 24.5,
        "oppShotsAgainstPerGame": 30.4,
        "oppShotsAgainstPerGameLast5": 27.6,
        "savesProj": 26.1,
        "savesProjLast5": 19.7,
        "savesProjLast3": 18.8,
        "oppSavesAgainstProj": 25.5,
        "oppSavesAgainstProjLast5": 21.3,
        "oppSavesAgainstProjLast3": 19.4,
        "totalOver": 43,
        "totalOverLast5": 20,
        "totalOverLast15": 40,
        "lastTotalOver": 0,
        "last5": "0,1,0,3,1,1,0,1,3,2",
        "overOdds": "+120",
        "underOdds": "-150",
        "overUnder": "+120 / -150"
    },
    {
        "player": "Ben Chiarot",
        "team": "DET",
        "opponent": "WPG",
        "propType": "bs",
        "line": 2.5,
        "ppLine": "",
        "avg": 2.25,
        "hit": false,
        "diffAvg": -0.1,
        "diffAbs": 1.0,
        "lastAvg": 0.0,
        "diff": 0,
        "avgMin": 20,
        "proj": 0.0,
        "lastAvgMin": 22.83,
        "oppOver": 0,
        "teamOver": 0,
        "gameLine": "+200",
        "+/-": -25,
        "L5_+/-": -6.0,
        "prevMatchup": "2023-01-10 2.0 bs",
        "winLossSplits": "2.66 - 1.74",
        "awayHome": "A",
        "playedYesterday": "Y",
        "awayHomeSplits": "2.21 - 2.29",
        "savesAboveExp": 0.641,
        "gsaa": 23.25,
        "corsi": "47.2% (52.2) // 48.4% (52.2) // 48.6% (52.3) // 43.4% (50.3)",
        "fenwick": "47.8% (39.1) // 49.3% (39.0) // 47.6% (37.4) // 42.0% (36.0)",
        "shots": "48.5% (28.2) // 50.3% (27.4) // 49.3% (26.4) // 44.7% (25.3)",
        "scoring": "45.9% (25.6) // 45.8% (25.1) // 45.0% (23.0) // 38.5% (21.7)",
        "corsiAgainst": "52.8% (58.3) // 51.6% (55.5) // 51.4% (55.3) // 56.6% (65.7)",
        "fenwickAgainst": "52.2% (42.6) // 50.7% (40.1) // 52.4% (41.1) // 58.0% (49.7)",
        "shotsAgainst": "51.5% (30.0) // 49.7% (27.1) // 50.7% (27.1) // 55.3% (31.3)",
        "scoringAgainst": "54.1% (30.2) // 54.2% (29.8) // 55.0% (28.1) // 61.5% (34.7)",
        "oppCorsi": "51.5% (58.7) // 53.1% (58.5) // 57.5% (65.8) // 58.2% (69.5)",
        "oppFenwick": "51.3% (44.1) // 53.1% (43.8) // 58.0% (50.0) // 59.0% (52.5)",
        "oppShots": "50.0% (30.2) // 52.1% (29.9) // 53.4% (31.3) // 53.2% (33.5)",
        "oppScoring": "51.9% (30.4) // 53.7% (29.3) // 61.2% (34.8) // 62.3% (35.5)",
        "oppCorsiAgainst": "48.5% (55.3) // 46.9% (51.6) // 42.5% (48.5) // 41.8% (50.0)",
        "oppFenwickAgainst": "48.7% (41.8) // 46.9% (38.7) // 42.0% (36.2) // 41.0% (36.5)",
        "oppShotsAgainst": "50.0% (30.3) // 47.9% (27.6) // 46.6% (27.2) // 46.8% (29.5)",
        "oppScoringAgainst": "48.1% (28.2) // 46.3% (25.3) // 38.8% (22.0) // 37.7% (21.5)",
        "savesPerGame": 27.2,
        "savesPerGameLast1": 31.0,
        "savesPerGameLast3": 28.3,
        "savesPerGameLast5": 24.6,
        "savesPer60": 27.2,
        "savesPer60Last1": 30.9,
        "savesPer60Last3": 27.9,
        "savesPer60Last5": 24.5,
        "shotsPerGame": 28.6,
        "shotsPerGameLast5": 26.8,
        "shotsAgainstPerGame": 30.4,
        "shotsAgainstPerGameLast5": 27.6,
        "oppSavesAgainstPer60": 27.4,
        "oppSavesAgainstPer60Last1": 39.3,
        "oppSavesAgainstPer60Last3": 31.2,
        "oppSavesAgainstPer60Last5": 30.0,
        "oppShotsAgainstPerGame": 30.5,
        "oppShotsAgainstPerGameLast5": 25.2,
        "savesProj": 27.0,
        "savesProjLast5": 27.2,
        "savesProjLast3": 32.3,
        "oppSavesAgainstProj": 26.4,
        "oppSavesAgainstProjLast5": 25.9,
        "oppSavesAgainstProjLast3": 29.3,
        "totalOver": 37,
        "totalOverLast5": 40,
        "totalOverLast15": 40,
        "lastTotalOver": 0,
        "last5": "1,2,4,4,2,3,1,3,0,1",
        "overOdds": "+130",
        "underOdds": "-160",
        "overUnder": "+130 / -160"
    },
    {
        "player": "Tyler Myers",
        "team": "VAN",
        "opponent": "CGY",
        "propType": "bs",
        "line": 2.5,
        "ppLine": "",
        "avg": 1.8,
        "hit": false,
        "diffAvg": -0.28,
        "diffAbs": 1.0,
        "lastAvg": 0.0,
        "diff": 0,
        "avgMin": 21,
        "proj": 0.0,
        "lastAvgMin": 21.97,
        "oppOver": 0,
        "teamOver": 0,
        "gameLine": "+115",
        "+/-": -12,
        "L5_+/-": "+2.0",
        "prevMatchup": "2022-12-31 1.0 bs 2022-12-14 2.0 bs",
        "winLossSplits": "2.38 - 1.24",
        "awayHome": "H",
        "playedYesterday": "N",
        "awayHomeSplits": "1.76 - 1.83",
        "savesAboveExp": 0.114,
        "gsaa": -17.66,
        "corsi": "49.6% (54.9) // 51.3% (54.6) // 53.8% (56.7) // 53.8% (59.5)",
        "fenwick": "49.5% (41.3) // 52.0% (41.8) // 53.5% (42.1) // 54.6% (45.2)",
        "shots": "49.6% (29.8) // 51.6% (28.1) // 52.3% (29.4) // 51.1% (30.6)",
        "scoring": "49.6% (28.9) // 53.9% (30.4) // 55.7% (32.3) // 55.2% (33.2)",
        "corsiAgainst": "50.4% (55.7) // 48.7% (51.9) // 46.2% (48.7) // 46.2% (51.2)",
        "fenwickAgainst": "50.5% (42.1) // 48.0% (38.6) // 46.5% (36.5) // 45.4% (37.6)",
        "shotsAgainst": "50.4% (30.2) // 48.4% (26.4) // 47.7% (26.8) // 48.9% (29.3)",
        "scoringAgainst": "50.4% (29.4) // 46.1% (26.1) // 44.3% (25.8) // 44.8% (26.9)",
        "oppCorsi": "56.5% (65.6) // 58.5% (68.2) // 57.3% (71.2) // 55.3% (67.5)",
        "oppFenwick": "56.2% (48.9) // 58.3% (50.1) // 57.1% (53.0) // 55.8% (50.5)",
        "oppShots": "56.4% (35.0) // 56.5% (35.1) // 56.2% (37.2) // 49.2% (31.0)",
        "oppScoring": "54.0% (32.4) // 59.3% (37.2) // 58.5% (39.8) // 57.5% (38.5)",
        "oppCorsiAgainst": "43.5% (50.6) // 41.5% (48.5) // 42.7% (53.0) // 44.7% (54.5)",
        "oppFenwickAgainst": "43.8% (38.1) // 41.7% (35.9) // 42.9% (39.8) // 44.2% (40.0)",
        "oppShotsAgainst": "43.6% (27.0) // 43.5% (27.0) // 43.8% (29.0) // 50.8% (32.0)",
        "oppScoringAgainst": "46.0% (27.6) // 40.7% (25.6) // 41.5% (28.2) // 42.5% (28.5)",
        "savesPerGame": 27.0,
        "savesPerGameLast1": 25.0,
        "savesPerGameLast3": 26.3,
        "savesPerGameLast5": 23.8,
        "savesPer60": 27.0,
        "savesPer60Last1": 24.5,
        "savesPer60Last3": 26.1,
        "savesPer60Last5": 23.5,
        "shotsPerGame": 30.2,
        "shotsPerGameLast5": 29.4,
        "shotsAgainstPerGame": 30.6,
        "shotsAgainstPerGameLast5": 26.8,
        "oppSavesAgainstPer60": 32.5,
        "oppSavesAgainstPer60Last1": 30.0,
        "oppSavesAgainstPer60Last3": 32.8,
        "oppSavesAgainstPer60Last5": 30.8,
        "oppShotsAgainstPerGame": 27.4,
        "oppShotsAgainstPerGameLast5": 31.0,
        "savesProj": 35.6,
        "savesProjLast5": 29.0,
        "savesProjLast3": 34.5,
        "oppSavesAgainstProj": 31.1,
        "oppSavesAgainstProjLast5": 27.7,
        "oppSavesAgainstProjLast3": 33.4,
        "totalOver": 29,
        "totalOverLast5": 40,
        "totalOverLast15": 53,
        "lastTotalOver": 0,
        "last5": "0,1,5,1,5,3,1,4,4,2",
        "overOdds": "+135",
        "underOdds": "-165",
        "overUnder": "+135 / -165"
    },
    {
        "player": "Janis Moser",
        "team": "ARI",
        "opponent": "DAL",
        "propType": "bs",
        "line": 1.5,
        "ppLine": "PP2",
        "avg": 1.72,
        "hit": false,
        "diffAvg": 0.15,
        "diffAbs": 1.0,
        "lastAvg": 0.0,
        "diff": 0,
        "avgMin": 20,
        "proj": 0.0,
        "lastAvgMin": 18.68,
        "oppOver": 0,
        "teamOver": 0,
        "gameLine": "+200",
        "+/-": -7,
        "L5_+/-": "+5.0",
        "prevMatchup": "2023-03-01 1.0 bs 2023-01-21 1.0 bs 2022-11-03 4.0 bs",
        "winLossSplits": "1.86 - 1.45",
        "awayHome": "H",
        "playedYesterday": "N",
        "awayHomeSplits": "1.51 - 1.94",
        "savesAboveExp": 0.39,
        "gsaa": 21.46,
        "corsi": "42.5% (47.1) // 39.5% (42.2) // 41.8% (42.7) // 46.5% (50.9)",
        "fenwick": "42.0% (35.4) // 40.3% (32.4) // 42.6% (32.1) // 47.0% (37.0)",
        "shots": "42.1% (25.4) // 42.1% (23.8) // 46.5% (25.1) // 50.8% (30.2)",
        "scoring": "41.8% (24.8) // 40.6% (22.2) // 40.9% (22.9) // 52.0% (31.2)",
        "corsiAgainst": "57.5% (63.8) // 60.5% (64.7) // 58.2% (59.3) // 53.5% (58.6)",
        "fenwickAgainst": "58.0% (48.8) // 59.7% (48.0) // 57.4% (43.3) // 53.0% (41.8)",
        "shotsAgainst": "57.9% (34.9) // 57.9% (32.7) // 53.5% (28.8) // 49.2% (29.3)",
        "scoringAgainst": "58.2% (34.6) // 59.4% (32.5) // 59.1% (33.1) // 48.0% (28.8)",
        "oppCorsi": "51.6% (60.3) // 51.7% (55.5) // 51.9% (56.8) // 59.7% (55.5)",
        "oppFenwick": "50.9% (44.0) // 50.2% (41.0) // 49.5% (40.4) // 56.5% (39.0)",
        "oppShots": "51.2% (31.7) // 51.7% (30.1) // 52.2% (30.0) // 58.4% (29.5)",
        "oppScoring": "52.9% (31.5) // 52.5% (29.7) // 50.4% (28.8) // 55.6% (25.0)",
        "oppCorsiAgainst": "48.4% (56.5) // 48.3% (51.7) // 48.1% (52.6) // 40.3% (37.5)",
        "oppFenwickAgainst": "49.1% (42.4) // 49.8% (40.6) // 50.5% (41.2) // 43.5% (30.0)",
        "oppShotsAgainst": "48.8% (30.2) // 48.3% (28.1) // 47.8% (27.5) // 41.6% (21.0)",
        "oppScoringAgainst": "47.1% (28.1) // 47.5% (26.8) // 49.6% (28.3) // 44.4% (20.0)",
        "savesPerGame": 32.0,
        "savesPerGameLast1": 24.0,
        "savesPerGameLast3": 26.7,
        "savesPerGameLast5": 26.0,
        "savesPer60": 32.2,
        "savesPer60Last1": 22.9,
        "savesPer60Last3": 26.8,
        "savesPer60Last5": 26.2,
        "shotsPerGame": 25.7,
        "shotsPerGameLast5": 25.6,
        "shotsAgainstPerGame": 35.4,
        "shotsAgainstPerGameLast5": 29.4,
        "oppSavesAgainstPer60": 28.6,
        "oppSavesAgainstPer60Last1": 31.4,
        "oppSavesAgainstPer60Last3": 28.7,
        "oppSavesAgainstPer60Last5": 26.0,
        "oppShotsAgainstPerGame": 30.6,
        "oppShotsAgainstPerGameLast5": 29.8,
        "savesProj": 32.6,
        "savesProjLast5": 24.1,
        "savesProjLast3": 26.7,
        "oppSavesAgainstProj": 32.4,
        "oppSavesAgainstProjLast5": 23.0,
        "oppSavesAgainstProjLast3": 25.5,
        "totalOver": 48,
        "totalOverLast5": 80,
        "totalOverLast15": 73,
        "lastTotalOver": 0,
        "last5": "5,7,1,3,3,4,2,2,2,4",
        "overOdds": "-185",
        "underOdds": "+150",
        "overUnder": "-185 / +150"
    },
    {
        "player": "Patrik Nemeth",
        "team": "ARI",
        "opponent": "DAL",
        "propType": "bs",
        "line": 1.5,
        "ppLine": "",
        "avg": 1.61,
        "hit": false,
        "diffAvg": 0.07,
        "diffAbs": 1.0,
        "lastAvg": 0.0,
        "diff": 0,
        "avgMin": 17,
        "proj": 0.0,
        "lastAvgMin": 16.63,
        "oppOver": 0,
        "teamOver": 0,
        "gameLine": "+200",
        "+/-": "+3",
        "L5_+/-": "+7.0",
        "prevMatchup": "2023-03-01 3.0 bs 2023-01-21 1.0 bs 2022-11-03 3.0 bs",
        "winLossSplits": "1.69 - 1.39",
        "awayHome": "H",
        "playedYesterday": "N",
        "awayHomeSplits": "1.65 - 1.57",
        "savesAboveExp": 0.39,
        "gsaa": 21.46,
        "corsi": "42.5% (47.1) // 39.5% (42.2) // 41.8% (42.7) // 46.5% (50.9)",
        "fenwick": "42.0% (35.4) // 40.3% (32.4) // 42.6% (32.1) // 47.0% (37.0)",
        "shots": "42.1% (25.4) // 42.1% (23.8) // 46.5% (25.1) // 50.8% (30.2)",
        "scoring": "41.8% (24.8) // 40.6% (22.2) // 40.9% (22.9) // 52.0% (31.2)",
        "corsiAgainst": "57.5% (63.8) // 60.5% (64.7) // 58.2% (59.3) // 53.5% (58.6)",
        "fenwickAgainst": "58.0% (48.8) // 59.7% (48.0) // 57.4% (43.3) // 53.0% (41.8)",
        "shotsAgainst": "57.9% (34.9) // 57.9% (32.7) // 53.5% (28.8) // 49.2% (29.3)",
        "scoringAgainst": "58.2% (34.6) // 59.4% (32.5) // 59.1% (33.1) // 48.0% (28.8)",
        "oppCorsi": "51.6% (60.3) // 51.7% (55.5) // 51.9% (56.8) // 59.7% (55.5)",
        "oppFenwick": "50.9% (44.0) // 50.2% (41.0) // 49.5% (40.4) // 56.5% (39.0)",
        "oppShots": "51.2% (31.7) // 51.7% (30.1) // 52.2% (30.0) // 58.4% (29.5)",
        "oppScoring": "52.9% (31.5) // 52.5% (29.7) // 50.4% (28.8) // 55.6% (25.0)",
        "oppCorsiAgainst": "48.4% (56.5) // 48.3% (51.7) // 48.1% (52.6) // 40.3% (37.5)",
        "oppFenwickAgainst": "49.1% (42.4) // 49.8% (40.6) // 50.5% (41.2) // 43.5% (30.0)",
        "oppShotsAgainst": "48.8% (30.2) // 48.3% (28.1) // 47.8% (27.5) // 41.6% (21.0)",
        "oppScoringAgainst": "47.1% (28.1) // 47.5% (26.8) // 49.6% (28.3) // 44.4% (20.0)",
        "savesPerGame": 32.0,
        "savesPerGameLast1": 24.0,
        "savesPerGameLast3": 26.7,
        "savesPerGameLast5": 26.0,
        "savesPer60": 32.2,
        "savesPer60Last1": 22.9,
        "savesPer60Last3": 26.8,
        "savesPer60Last5": 26.2,
        "shotsPerGame": 25.7,
        "shotsPerGameLast5": 25.6,
        "shotsAgainstPerGame": 35.4,
        "shotsAgainstPerGameLast5": 29.4,
        "oppSavesAgainstPer60": 28.6,
        "oppSavesAgainstPer60Last1": 31.4,
        "oppSavesAgainstPer60Last3": 28.7,
        "oppSavesAgainstPer60Last5": 26.0,
        "oppShotsAgainstPerGame": 30.6,
        "oppShotsAgainstPerGameLast5": 29.8,
        "savesProj": 32.6,
        "savesProjLast5": 24.1,
        "savesProjLast3": 26.7,
        "oppSavesAgainstProj": 32.4,
        "oppSavesAgainstProjLast5": 23.0,
        "oppSavesAgainstProjLast3": 25.5,
        "totalOver": 51,
        "totalOverLast5": 80,
        "totalOverLast15": 67,
        "lastTotalOver": 0,
        "last5": "2,1,2,4,2,2,3,5,0,2",
        "overOdds": "-185",
        "underOdds": "+150",
        "overUnder": "-185 / +150"
    }
]