[
    {
        "player": "Alex Tuch",
        "team": "BUF",
        "opponent": "CAR",
        "propType": "sog",
        "line": 2.5,
        "ppLine": "PP1",
        "avg": 2.9,
        "hit": false,
        "diffAvg": 0.16,
        "diffAbs": 0.16,
        "lastAvg": 2.78,
        "diff": 0.11,
        "avgMin": 19,
        "proj": 2.9,
        "lastAvgMin": 18.4,
        "oppOver": 0,
        "teamOver": 0,
        "gameLine": "+155",
        "+/-": "+11",
        "L5_+/-": -2.0,
        "prevMatchup": "2023-02-01 4.0 sog 2022-11-04 0.0 sog",
        "winLossSplits": "67% - 58%",
        "awayHome": "H",
        "playedYesterday": "N",
        "awayHomeSplits": "64% - 61%",
        "savesAboveExp": -0.166,
        "gsaa": 3.8,
        "corsi": "50.9% (57.4) // 50.4% (55.3) // 47.9% (55.2) // 51.3% (57.1)",
        "fenwick": "49.6% (43.5) // 50.8% (44.2) // 47.9% (44.7) // 51.9% (47.0)",
        "shots": "49.3% (31.9) // 51.0% (32.2) // 49.3% (33.8) // 52.8% (36.5)",
        "scoring": "49.8% (30.5) // 48.4% (28.8) // 50.6% (32.8) // 49.6% (33.1)",
        "corsiAgainst": "49.1% (55.3) // 49.6% (54.5) // 52.1% (60.0) // 48.7% (54.2)",
        "fenwickAgainst": "50.4% (44.2) // 49.2% (42.9) // 52.1% (48.6) // 48.1% (43.7)",
        "shotsAgainst": "50.7% (32.8) // 49.0% (30.9) // 50.7% (34.8) // 47.2% (32.6)",
        "scoringAgainst": "50.2% (30.8) // 51.6% (30.7) // 49.4% (32.1) // 50.4% (33.6)",
        "oppCorsi": "60.0% (67.5) // 59.9% (67.5) // 65.7% (75.1) // 60.3% (69.3)",
        "oppFenwick": "59.3% (50.8) // 58.9% (50.7) // 63.5% (54.6) // 57.9% (50.1)",
        "oppShots": "57.5% (34.4) // 57.7% (34.8) // 63.3% (37.1) // 59.0% (34.2)",
        "oppScoring": "59.0% (33.5) // 57.8% (31.6) // 68.7% (36.3) // 63.7% (34.8)",
        "oppCorsiAgainst": "40.0% (45.0) // 40.1% (45.1) // 34.3% (39.2) // 39.7% (45.6)",
        "oppFenwickAgainst": "40.7% (34.9) // 41.1% (35.4) // 36.5% (31.3) // 42.1% (36.5)",
        "oppShotsAgainst": "42.5% (25.5) // 42.3% (25.5) // 36.7% (21.5) // 41.0% (23.8)",
        "oppScoringAgainst": "41.0% (23.2) // 42.2% (23.0) // 31.3% (16.6) // 36.3% (19.9)",
        "savesPerGame": 29.5,
        "savesPerGameLast1": 26.0,
        "savesPerGameLast3": 33.0,
        "savesPerGameLast5": 33.6,
        "savesPer60": 29.6,
        "savesPer60Last1": 28.2,
        "savesPer60Last3": 33.8,
        "savesPer60Last5": 34.8,
        "shotsPerGame": 32.3,
        "shotsPerGameLast5": 34.4,
        "shotsAgainstPerGame": 33.2,
        "shotsAgainstPerGameLast5": 36.8,
        "oppSavesAgainstPer60": 31.9,
        "oppSavesAgainstPer60Last1": 33.0,
        "oppSavesAgainstPer60Last3": 33.5,
        "oppSavesAgainstPer60Last5": 36.3,
        "oppShotsAgainstPerGame": 25.8,
        "oppShotsAgainstPerGameLast5": 21.8,
        "savesProj": 40.0,
        "savesProjLast5": 52.7,
        "savesProjLast3": 47.9,
        "oppSavesAgainstProj": 33.4,
        "oppSavesAgainstProjLast5": 44.9,
        "oppSavesAgainstProjLast3": 39.5,
        "totalOver": 62,
        "totalOverLast5": 60,
        "totalOverLast15": 47,
        "lastTotalOver": 58,
        "last5": "2,5,6,1,6,3,2,2,0,1",
        "overOdds": "-125",
        "underOdds": "-105",
        "overUnder": "-125 / -105"
    },
    {
        "player": "Brady Skjei",
        "team": "CAR",
        "opponent": "BUF",
        "propType": "sog",
        "line": 2.5,
        "ppLine": "PP2",
        "avg": 2.34,
        "hit": false,
        "diffAvg": -0.06,
        "diffAbs": 0.24,
        "lastAvg": 1.92,
        "diff": -0.23,
        "avgMin": 21,
        "proj": 1.9,
        "lastAvgMin": 21.13,
        "oppOver": 0,
        "teamOver": 0,
        "gameLine": "-180",
        "+/-": "+11",
        "L5_+/-": -1.0,
        "prevMatchup": "2023-02-01 2.0 sog 2022-11-04 3.0 sog",
        "winLossSplits": "51% - 36%",
        "awayHome": "A",
        "playedYesterday": "N",
        "awayHomeSplits": "46% - 45%",
        "savesAboveExp": "-",
        "gsaa": "-",
        "corsi": "60.0% (67.5) // 59.9% (67.5) // 65.7% (75.1) // 60.3% (69.3)",
        "fenwick": "59.3% (50.8) // 58.9% (50.7) // 63.5% (54.6) // 57.9% (50.1)",
        "shots": "57.5% (34.4) // 57.7% (34.8) // 63.3% (37.1) // 59.0% (34.2)",
        "scoring": "59.0% (33.5) // 57.8% (31.6) // 68.7% (36.3) // 63.7% (34.8)",
        "corsiAgainst": "40.0% (45.0) // 40.1% (45.1) // 34.3% (39.2) // 39.7% (45.6)",
        "fenwickAgainst": "40.7% (34.9) // 41.1% (35.4) // 36.5% (31.3) // 42.1% (36.5)",
        "shotsAgainst": "42.5% (25.5) // 42.3% (25.5) // 36.7% (21.5) // 41.0% (23.8)",
        "scoringAgainst": "41.0% (23.2) // 42.2% (23.0) // 31.3% (16.6) // 36.3% (19.9)",
        "oppCorsi": "50.9% (57.4) // 50.4% (55.3) // 47.9% (55.2) // 51.3% (57.1)",
        "oppFenwick": "49.6% (43.5) // 50.8% (44.2) // 47.9% (44.7) // 51.9% (47.0)",
        "oppShots": "49.3% (31.9) // 51.0% (32.2) // 49.3% (33.8) // 52.8% (36.5)",
        "oppScoring": "49.8% (30.5) // 48.4% (28.8) // 50.6% (32.8) // 49.6% (33.1)",
        "oppCorsiAgainst": "49.1% (55.3) // 49.6% (54.5) // 52.1% (60.0) // 48.7% (54.2)",
        "oppFenwickAgainst": "50.4% (44.2) // 49.2% (42.9) // 52.1% (48.6) // 48.1% (43.7)",
        "oppShotsAgainst": "50.7% (32.8) // 49.0% (30.9) // 50.7% (34.8) // 47.2% (32.6)",
        "oppScoringAgainst": "50.2% (30.8) // 51.6% (30.7) // 49.4% (32.1) // 50.4% (33.6)",
        "savesPerGame": 23.3,
        "savesPerGameLast1": 20.0,
        "savesPerGameLast3": 22.3,
        "savesPerGameLast5": 20.0,
        "savesPer60": 23.5,
        "savesPer60Last1": 19.8,
        "savesPer60Last3": 22.8,
        "savesPer60Last5": 20.3,
        "shotsPerGame": 34.9,
        "shotsPerGameLast5": 37.6,
        "shotsAgainstPerGame": 25.8,
        "shotsAgainstPerGameLast5": 21.8,
        "oppSavesAgainstPer60": 28.8,
        "oppSavesAgainstPer60Last1": 30.0,
        "oppSavesAgainstPer60Last3": 30.5,
        "oppSavesAgainstPer60Last5": 30.4,
        "oppShotsAgainstPerGame": 33.2,
        "oppShotsAgainstPerGameLast5": 36.8,
        "savesProj": 22.8,
        "savesProjLast5": 21.0,
        "savesProjLast3": 23.6,
        "oppSavesAgainstProj": 23.9,
        "oppSavesAgainstProjLast5": 22.3,
        "oppSavesAgainstProjLast3": 23.9,
        "totalOver": 45,
        "totalOverLast5": 60,
        "totalOverLast15": 60,
        "lastTotalOver": 35,
        "last5": "5,3,3,2,1,3,4,3,2,5",
        "overOdds": "+115",
        "underOdds": "-145",
        "overUnder": "+115 / -145"
    },
    {
        "player": "Brent Burns",
        "team": "CAR",
        "opponent": "BUF",
        "propType": "sog",
        "line": 2.5,
        "ppLine": "PP1",
        "avg": 3.06,
        "hit": false,
        "diffAvg": 0.22,
        "diffAbs": 0.12,
        "lastAvg": 2.48,
        "diff": -0.01,
        "avgMin": 23,
        "proj": 2.2,
        "lastAvgMin": 26.13,
        "oppOver": 0,
        "teamOver": 0,
        "gameLine": "-180",
        "+/-": "+14",
        "L5_+/-": -3.0,
        "prevMatchup": "2023-02-01 2.0 sog 2022-11-04 6.0 sog",
        "winLossSplits": "52% - 64%",
        "awayHome": "A",
        "playedYesterday": "N",
        "awayHomeSplits": "53% - 60%",
        "savesAboveExp": "-",
        "gsaa": "-",
        "corsi": "60.0% (67.5) // 59.9% (67.5) // 65.7% (75.1) // 60.3% (69.3)",
        "fenwick": "59.3% (50.8) // 58.9% (50.7) // 63.5% (54.6) // 57.9% (50.1)",
        "shots": "57.5% (34.4) // 57.7% (34.8) // 63.3% (37.1) // 59.0% (34.2)",
        "scoring": "59.0% (33.5) // 57.8% (31.6) // 68.7% (36.3) // 63.7% (34.8)",
        "corsiAgainst": "40.0% (45.0) // 40.1% (45.1) // 34.3% (39.2) // 39.7% (45.6)",
        "fenwickAgainst": "40.7% (34.9) // 41.1% (35.4) // 36.5% (31.3) // 42.1% (36.5)",
        "shotsAgainst": "42.5% (25.5) // 42.3% (25.5) // 36.7% (21.5) // 41.0% (23.8)",
        "scoringAgainst": "41.0% (23.2) // 42.2% (23.0) // 31.3% (16.6) // 36.3% (19.9)",
        "oppCorsi": "50.9% (57.4) // 50.4% (55.3) // 47.9% (55.2) // 51.3% (57.1)",
        "oppFenwick": "49.6% (43.5) // 50.8% (44.2) // 47.9% (44.7) // 51.9% (47.0)",
        "oppShots": "49.3% (31.9) // 51.0% (32.2) // 49.3% (33.8) // 52.8% (36.5)",
        "oppScoring": "49.8% (30.5) // 48.4% (28.8) // 50.6% (32.8) // 49.6% (33.1)",
        "oppCorsiAgainst": "49.1% (55.3) // 49.6% (54.5) // 52.1% (60.0) // 48.7% (54.2)",
        "oppFenwickAgainst": "50.4% (44.2) // 49.2% (42.9) // 52.1% (48.6) // 48.1% (43.7)",
        "oppShotsAgainst": "50.7% (32.8) // 49.0% (30.9) // 50.7% (34.8) // 47.2% (32.6)",
        "oppScoringAgainst": "50.2% (30.8) // 51.6% (30.7) // 49.4% (32.1) // 50.4% (33.6)",
        "savesPerGame": 23.3,
        "savesPerGameLast1": 20.0,
        "savesPerGameLast3": 22.3,
        "savesPerGameLast5": 20.0,
        "savesPer60": 23.5,
        "savesPer60Last1": 19.8,
        "savesPer60Last3": 22.8,
        "savesPer60Last5": 20.3,
        "shotsPerGame": 34.9,
        "shotsPerGameLast5": 37.6,
        "shotsAgainstPerGame": 25.8,
        "shotsAgainstPerGameLast5": 21.8,
        "oppSavesAgainstPer60": 28.8,
        "oppSavesAgainstPer60Last1": 30.0,
        "oppSavesAgainstPer60Last3": 30.5,
        "oppSavesAgainstPer60Last5": 30.4,
        "oppShotsAgainstPerGame": 33.2,
        "oppShotsAgainstPerGameLast5": 36.8,
        "savesProj": 22.8,
        "savesProjLast5": 21.0,
        "savesProjLast3": 23.6,
        "oppSavesAgainstProj": 23.9,
        "oppSavesAgainstProjLast5": 22.3,
        "oppSavesAgainstProjLast3": 23.9,
        "totalOver": 56,
        "totalOverLast5": 80,
        "totalOverLast15": 47,
        "lastTotalOver": 43,
        "last5": "7,1,3,8,3,2,2,3,4,2",
        "overOdds": "-145",
        "underOdds": "+115",
        "overUnder": "-145 / +115"
    },
    {
        "player": "Dylan Cozens",
        "team": "BUF",
        "opponent": "CAR",
        "propType": "sog",
        "line": 2.5,
        "ppLine": "PP1",
        "avg": 2.61,
        "hit": false,
        "diffAvg": 0.04,
        "diffAbs": 0.2,
        "lastAvg": 2.03,
        "diff": -0.19,
        "avgMin": 16,
        "proj": 2.0,
        "lastAvgMin": 15.88,
        "oppOver": 0,
        "teamOver": 0,
        "gameLine": "+155",
        "+/-": -2,
        "L5_+/-": -4.0,
        "prevMatchup": "2023-02-01 2.0 sog 2022-11-04 0.0 sog",
        "winLossSplits": "55% - 39%",
        "awayHome": "H",
        "playedYesterday": "N",
        "awayHomeSplits": "54% - 41%",
        "savesAboveExp": -0.166,
        "gsaa": 3.8,
        "corsi": "50.9% (57.4) // 50.4% (55.3) // 47.9% (55.2) // 51.3% (57.1)",
        "fenwick": "49.6% (43.5) // 50.8% (44.2) // 47.9% (44.7) // 51.9% (47.0)",
        "shots": "49.3% (31.9) // 51.0% (32.2) // 49.3% (33.8) // 52.8% (36.5)",
        "scoring": "49.8% (30.5) // 48.4% (28.8) // 50.6% (32.8) // 49.6% (33.1)",
        "corsiAgainst": "49.1% (55.3) // 49.6% (54.5) // 52.1% (60.0) // 48.7% (54.2)",
        "fenwickAgainst": "50.4% (44.2) // 49.2% (42.9) // 52.1% (48.6) // 48.1% (43.7)",
        "shotsAgainst": "50.7% (32.8) // 49.0% (30.9) // 50.7% (34.8) // 47.2% (32.6)",
        "scoringAgainst": "50.2% (30.8) // 51.6% (30.7) // 49.4% (32.1) // 50.4% (33.6)",
        "oppCorsi": "60.0% (67.5) // 59.9% (67.5) // 65.7% (75.1) // 60.3% (69.3)",
        "oppFenwick": "59.3% (50.8) // 58.9% (50.7) // 63.5% (54.6) // 57.9% (50.1)",
        "oppShots": "57.5% (34.4) // 57.7% (34.8) // 63.3% (37.1) // 59.0% (34.2)",
        "oppScoring": "59.0% (33.5) // 57.8% (31.6) // 68.7% (36.3) // 63.7% (34.8)",
        "oppCorsiAgainst": "40.0% (45.0) // 40.1% (45.1) // 34.3% (39.2) // 39.7% (45.6)",
        "oppFenwickAgainst": "40.7% (34.9) // 41.1% (35.4) // 36.5% (31.3) // 42.1% (36.5)",
        "oppShotsAgainst": "42.5% (25.5) // 42.3% (25.5) // 36.7% (21.5) // 41.0% (23.8)",
        "oppScoringAgainst": "41.0% (23.2) // 42.2% (23.0) // 31.3% (16.6) // 36.3% (19.9)",
        "savesPerGame": 29.5,
        "savesPerGameLast1": 26.0,
        "savesPerGameLast3": 33.0,
        "savesPerGameLast5": 33.6,
        "savesPer60": 29.6,
        "savesPer60Last1": 28.2,
        "savesPer60Last3": 33.8,
        "savesPer60Last5": 34.8,
        "shotsPerGame": 32.3,
        "shotsPerGameLast5": 34.4,
        "shotsAgainstPerGame": 33.2,
        "shotsAgainstPerGameLast5": 36.8,
        "oppSavesAgainstPer60": 31.9,
        "oppSavesAgainstPer60Last1": 33.0,
        "oppSavesAgainstPer60Last3": 33.5,
        "oppSavesAgainstPer60Last5": 36.3,
        "oppShotsAgainstPerGame": 25.8,
        "oppShotsAgainstPerGameLast5": 21.8,
        "savesProj": 40.0,
        "savesProjLast5": 52.7,
        "savesProjLast3": 47.9,
        "oppSavesAgainstProj": 33.4,
        "oppSavesAgainstProjLast5": 44.9,
        "oppSavesAgainstProjLast3": 39.5,
        "totalOver": 47,
        "totalOverLast5": 60,
        "totalOverLast15": 47,
        "lastTotalOver": 32,
        "last5": "3,3,3,1,2,6,2,2,0,3",
        "overOdds": "+115",
        "underOdds": "-145",
        "overUnder": "+115 / -145"
    },
    {
        "player": "Jeff Skinner",
        "team": "BUF",
        "opponent": "CAR",
        "propType": "sog",
        "line": 2.5,
        "ppLine": "PP1",
        "avg": 3.01,
        "hit": false,
        "diffAvg": 0.2,
        "diffAbs": 0.32,
        "lastAvg": 3.27,
        "diff": 0.31,
        "avgMin": 17,
        "proj": 3.3,
        "lastAvgMin": 17.1,
        "oppOver": 0,
        "teamOver": 0,
        "gameLine": "+155",
        "+/-": "+11",
        "L5_+/-": "+1.0",
        "prevMatchup": "2023-02-01 2.0 sog 2022-11-04 3.0 sog",
        "winLossSplits": "50% - 61%",
        "awayHome": "H",
        "playedYesterday": "N",
        "awayHomeSplits": "47% - 63%",
        "savesAboveExp": -0.166,
        "gsaa": 3.8,
        "corsi": "50.9% (57.4) // 50.4% (55.3) // 47.9% (55.2) // 51.3% (57.1)",
        "fenwick": "49.6% (43.5) // 50.8% (44.2) // 47.9% (44.7) // 51.9% (47.0)",
        "shots": "49.3% (31.9) // 51.0% (32.2) // 49.3% (33.8) // 52.8% (36.5)",
        "scoring": "49.8% (30.5) // 48.4% (28.8) // 50.6% (32.8) // 49.6% (33.1)",
        "corsiAgainst": "49.1% (55.3) // 49.6% (54.5) // 52.1% (60.0) // 48.7% (54.2)",
        "fenwickAgainst": "50.4% (44.2) // 49.2% (42.9) // 52.1% (48.6) // 48.1% (43.7)",
        "shotsAgainst": "50.7% (32.8) // 49.0% (30.9) // 50.7% (34.8) // 47.2% (32.6)",
        "scoringAgainst": "50.2% (30.8) // 51.6% (30.7) // 49.4% (32.1) // 50.4% (33.6)",
        "oppCorsi": "60.0% (67.5) // 59.9% (67.5) // 65.7% (75.1) // 60.3% (69.3)",
        "oppFenwick": "59.3% (50.8) // 58.9% (50.7) // 63.5% (54.6) // 57.9% (50.1)",
        "oppShots": "57.5% (34.4) // 57.7% (34.8) // 63.3% (37.1) // 59.0% (34.2)",
        "oppScoring": "59.0% (33.5) // 57.8% (31.6) // 68.7% (36.3) // 63.7% (34.8)",
        "oppCorsiAgainst": "40.0% (45.0) // 40.1% (45.1) // 34.3% (39.2) // 39.7% (45.6)",
        "oppFenwickAgainst": "40.7% (34.9) // 41.1% (35.4) // 36.5% (31.3) // 42.1% (36.5)",
        "oppShotsAgainst": "42.5% (25.5) // 42.3% (25.5) // 36.7% (21.5) // 41.0% (23.8)",
        "oppScoringAgainst": "41.0% (23.2) // 42.2% (23.0) // 31.3% (16.6) // 36.3% (19.9)",
        "savesPerGame": 29.5,
        "savesPerGameLast1": 26.0,
        "savesPerGameLast3": 33.0,
        "savesPerGameLast5": 33.6,
        "savesPer60": 29.6,
        "savesPer60Last1": 28.2,
        "savesPer60Last3": 33.8,
        "savesPer60Last5": 34.8,
        "shotsPerGame": 32.3,
        "shotsPerGameLast5": 34.4,
        "shotsAgainstPerGame": 33.2,
        "shotsAgainstPerGameLast5": 36.8,
        "oppSavesAgainstPer60": 31.9,
        "oppSavesAgainstPer60Last1": 33.0,
        "oppSavesAgainstPer60Last3": 33.5,
        "oppSavesAgainstPer60Last5": 36.3,
        "oppShotsAgainstPerGame": 25.8,
        "oppShotsAgainstPerGameLast5": 21.8,
        "savesProj": 40.0,
        "savesProjLast5": 52.7,
        "savesProjLast3": 47.9,
        "oppSavesAgainstProj": 33.4,
        "oppSavesAgainstProjLast5": 44.9,
        "oppSavesAgainstProjLast3": 39.5,
        "totalOver": 55,
        "totalOverLast5": 80,
        "totalOverLast15": 53,
        "lastTotalOver": 60,
        "last5": "3,5,7,4,2,2,5,3,2,4",
        "overOdds": "-130",
        "underOdds": "+100",
        "overUnder": "-130 / +100"
    },
    {
        "player": "Martin Necas",
        "team": "CAR",
        "opponent": "BUF",
        "propType": "sog",
        "line": 2.5,
        "ppLine": "PP1",
        "avg": 3.0,
        "hit": false,
        "diffAvg": 0.2,
        "diffAbs": 0.24,
        "lastAvg": 1.73,
        "diff": -0.31,
        "avgMin": 18,
        "proj": 1.9,
        "lastAvgMin": 16.18,
        "oppOver": 0,
        "teamOver": 0,
        "gameLine": "-180",
        "+/-": "+4",
        "L5_+/-": -5.0,
        "prevMatchup": "2023-02-01 3.0 sog 2022-11-04 4.0 sog",
        "winLossSplits": "62% - 46%",
        "awayHome": "A",
        "playedYesterday": "N",
        "awayHomeSplits": "68% - 45%",
        "savesAboveExp": "-",
        "gsaa": "-",
        "corsi": "60.0% (67.5) // 59.9% (67.5) // 65.7% (75.1) // 60.3% (69.3)",
        "fenwick": "59.3% (50.8) // 58.9% (50.7) // 63.5% (54.6) // 57.9% (50.1)",
        "shots": "57.5% (34.4) // 57.7% (34.8) // 63.3% (37.1) // 59.0% (34.2)",
        "scoring": "59.0% (33.5) // 57.8% (31.6) // 68.7% (36.3) // 63.7% (34.8)",
        "corsiAgainst": "40.0% (45.0) // 40.1% (45.1) // 34.3% (39.2) // 39.7% (45.6)",
        "fenwickAgainst": "40.7% (34.9) // 41.1% (35.4) // 36.5% (31.3) // 42.1% (36.5)",
        "shotsAgainst": "42.5% (25.5) // 42.3% (25.5) // 36.7% (21.5) // 41.0% (23.8)",
        "scoringAgainst": "41.0% (23.2) // 42.2% (23.0) // 31.3% (16.6) // 36.3% (19.9)",
        "oppCorsi": "50.9% (57.4) // 50.4% (55.3) // 47.9% (55.2) // 51.3% (57.1)",
        "oppFenwick": "49.6% (43.5) // 50.8% (44.2) // 47.9% (44.7) // 51.9% (47.0)",
        "oppShots": "49.3% (31.9) // 51.0% (32.2) // 49.3% (33.8) // 52.8% (36.5)",
        "oppScoring": "49.8% (30.5) // 48.4% (28.8) // 50.6% (32.8) // 49.6% (33.1)",
        "oppCorsiAgainst": "49.1% (55.3) // 49.6% (54.5) // 52.1% (60.0) // 48.7% (54.2)",
        "oppFenwickAgainst": "50.4% (44.2) // 49.2% (42.9) // 52.1% (48.6) // 48.1% (43.7)",
        "oppShotsAgainst": "50.7% (32.8) // 49.0% (30.9) // 50.7% (34.8) // 47.2% (32.6)",
        "oppScoringAgainst": "50.2% (30.8) // 51.6% (30.7) // 49.4% (32.1) // 50.4% (33.6)",
        "savesPerGame": 23.3,
        "savesPerGameLast1": 20.0,
        "savesPerGameLast3": 22.3,
        "savesPerGameLast5": 20.0,
        "savesPer60": 23.5,
        "savesPer60Last1": 19.8,
        "savesPer60Last3": 22.8,
        "savesPer60Last5": 20.3,
        "shotsPerGame": 34.9,
        "shotsPerGameLast5": 37.6,
        "shotsAgainstPerGame": 25.8,
        "shotsAgainstPerGameLast5": 21.8,
        "oppSavesAgainstPer60": 28.8,
        "oppSavesAgainstPer60Last1": 30.0,
        "oppSavesAgainstPer60Last3": 30.5,
        "oppSavesAgainstPer60Last5": 30.4,
        "oppShotsAgainstPerGame": 33.2,
        "oppShotsAgainstPerGameLast5": 36.8,
        "savesProj": 22.8,
        "savesProjLast5": 21.0,
        "savesProjLast3": 23.6,
        "oppSavesAgainstProj": 23.9,
        "oppSavesAgainstProjLast5": 22.3,
        "oppSavesAgainstProjLast3": 23.9,
        "totalOver": 56,
        "totalOverLast5": 60,
        "totalOverLast15": 33,
        "lastTotalOver": 37,
        "last5": "2,5,4,1,4,2,2,2,2,3",
        "overOdds": "-130",
        "underOdds": "+100",
        "overUnder": "-130 / +100"
    },
    {
        "player": "Rasmus Dahlin",
        "team": "BUF",
        "opponent": "CAR",
        "propType": "sog",
        "line": 1.5,
        "ppLine": "PP1",
        "avg": 2.66,
        "hit": false,
        "diffAvg": 0.77,
        "diffAbs": 0.47,
        "lastAvg": 2.1,
        "diff": 0.4,
        "avgMin": 25,
        "proj": 2.2,
        "lastAvgMin": 24.0,
        "oppOver": 0,
        "teamOver": 0,
        "gameLine": "+155",
        "+/-": "+9",
        "L5_+/-": -6.0,
        "prevMatchup": "2023-02-01 1.0 sog 2022-11-04 8.0 sog",
        "winLossSplits": "57% - 81%",
        "awayHome": "H",
        "playedYesterday": "N",
        "awayHomeSplits": "61% - 76%",
        "savesAboveExp": -0.166,
        "gsaa": 3.8,
        "corsi": "50.9% (57.4) // 50.4% (55.3) // 47.9% (55.2) // 51.3% (57.1)",
        "fenwick": "49.6% (43.5) // 50.8% (44.2) // 47.9% (44.7) // 51.9% (47.0)",
        "shots": "49.3% (31.9) // 51.0% (32.2) // 49.3% (33.8) // 52.8% (36.5)",
        "scoring": "49.8% (30.5) // 48.4% (28.8) // 50.6% (32.8) // 49.6% (33.1)",
        "corsiAgainst": "49.1% (55.3) // 49.6% (54.5) // 52.1% (60.0) // 48.7% (54.2)",
        "fenwickAgainst": "50.4% (44.2) // 49.2% (42.9) // 52.1% (48.6) // 48.1% (43.7)",
        "shotsAgainst": "50.7% (32.8) // 49.0% (30.9) // 50.7% (34.8) // 47.2% (32.6)",
        "scoringAgainst": "50.2% (30.8) // 51.6% (30.7) // 49.4% (32.1) // 50.4% (33.6)",
        "oppCorsi": "60.0% (67.5) // 59.9% (67.5) // 65.7% (75.1) // 60.3% (69.3)",
        "oppFenwick": "59.3% (50.8) // 58.9% (50.7) // 63.5% (54.6) // 57.9% (50.1)",
        "oppShots": "57.5% (34.4) // 57.7% (34.8) // 63.3% (37.1) // 59.0% (34.2)",
        "oppScoring": "59.0% (33.5) // 57.8% (31.6) // 68.7% (36.3) // 63.7% (34.8)",
        "oppCorsiAgainst": "40.0% (45.0) // 40.1% (45.1) // 34.3% (39.2) // 39.7% (45.6)",
        "oppFenwickAgainst": "40.7% (34.9) // 41.1% (35.4) // 36.5% (31.3) // 42.1% (36.5)",
        "oppShotsAgainst": "42.5% (25.5) // 42.3% (25.5) // 36.7% (21.5) // 41.0% (23.8)",
        "oppScoringAgainst": "41.0% (23.2) // 42.2% (23.0) // 31.3% (16.6) // 36.3% (19.9)",
        "savesPerGame": 29.5,
        "savesPerGameLast1": 26.0,
        "savesPerGameLast3": 33.0,
        "savesPerGameLast5": 33.6,
        "savesPer60": 29.6,
        "savesPer60Last1": 28.2,
        "savesPer60Last3": 33.8,
        "savesPer60Last5": 34.8,
        "shotsPerGame": 32.3,
        "shotsPerGameLast5": 34.4,
        "shotsAgainstPerGame": 33.2,
        "shotsAgainstPerGameLast5": 36.8,
        "oppSavesAgainstPer60": 31.9,
        "oppSavesAgainstPer60Last1": 33.0,
        "oppSavesAgainstPer60Last3": 33.5,
        "oppSavesAgainstPer60Last5": 36.3,
        "oppShotsAgainstPerGame": 25.8,
        "oppShotsAgainstPerGameLast5": 21.8,
        "savesProj": 40.0,
        "savesProjLast5": 52.7,
        "savesProjLast3": 47.9,
        "oppSavesAgainstProj": 33.4,
        "oppSavesAgainstProjLast5": 44.9,
        "oppSavesAgainstProjLast3": 39.5,
        "totalOver": 68,
        "totalOverLast5": 40,
        "totalOverLast15": 47,
        "lastTotalOver": 60,
        "last5": "1,5,1,1,2,1,0,2,7,3",
        "overOdds": "-190",
        "underOdds": "+155",
        "overUnder": "-190 / +155"
    },
    {
        "player": "Seth Jarvis",
        "team": "CAR",
        "opponent": "BUF",
        "propType": "sog",
        "line": 2.5,
        "ppLine": "PP2",
        "avg": 2.24,
        "hit": false,
        "diffAvg": -0.1,
        "diffAbs": 0.4,
        "lastAvg": 1.34,
        "diff": -0.46,
        "avgMin": 16,
        "proj": 1.5,
        "lastAvgMin": 13.87,
        "oppOver": 0,
        "teamOver": 0,
        "gameLine": "-180",
        "+/-": "+10",
        "L5_+/-": -4.0,
        "prevMatchup": "2023-02-01 3.0 sog 2022-11-04 2.0 sog",
        "winLossSplits": "36% - 46%",
        "awayHome": "A",
        "playedYesterday": "N",
        "awayHomeSplits": "39% - 40%",
        "savesAboveExp": "-",
        "gsaa": "-",
        "corsi": "60.0% (67.5) // 59.9% (67.5) // 65.7% (75.1) // 60.3% (69.3)",
        "fenwick": "59.3% (50.8) // 58.9% (50.7) // 63.5% (54.6) // 57.9% (50.1)",
        "shots": "57.5% (34.4) // 57.7% (34.8) // 63.3% (37.1) // 59.0% (34.2)",
        "scoring": "59.0% (33.5) // 57.8% (31.6) // 68.7% (36.3) // 63.7% (34.8)",
        "corsiAgainst": "40.0% (45.0) // 40.1% (45.1) // 34.3% (39.2) // 39.7% (45.6)",
        "fenwickAgainst": "40.7% (34.9) // 41.1% (35.4) // 36.5% (31.3) // 42.1% (36.5)",
        "shotsAgainst": "42.5% (25.5) // 42.3% (25.5) // 36.7% (21.5) // 41.0% (23.8)",
        "scoringAgainst": "41.0% (23.2) // 42.2% (23.0) // 31.3% (16.6) // 36.3% (19.9)",
        "oppCorsi": "50.9% (57.4) // 50.4% (55.3) // 47.9% (55.2) // 51.3% (57.1)",
        "oppFenwick": "49.6% (43.5) // 50.8% (44.2) // 47.9% (44.7) // 51.9% (47.0)",
        "oppShots": "49.3% (31.9) // 51.0% (32.2) // 49.3% (33.8) // 52.8% (36.5)",
        "oppScoring": "49.8% (30.5) // 48.4% (28.8) // 50.6% (32.8) // 49.6% (33.1)",
        "oppCorsiAgainst": "49.1% (55.3) // 49.6% (54.5) // 52.1% (60.0) // 48.7% (54.2)",
        "oppFenwickAgainst": "50.4% (44.2) // 49.2% (42.9) // 52.1% (48.6) // 48.1% (43.7)",
        "oppShotsAgainst": "50.7% (32.8) // 49.0% (30.9) // 50.7% (34.8) // 47.2% (32.6)",
        "oppScoringAgainst": "50.2% (30.8) // 51.6% (30.7) // 49.4% (32.1) // 50.4% (33.6)",
        "savesPerGame": 23.3,
        "savesPerGameLast1": 20.0,
        "savesPerGameLast3": 22.3,
        "savesPerGameLast5": 20.0,
        "savesPer60": 23.5,
        "savesPer60Last1": 19.8,
        "savesPer60Last3": 22.8,
        "savesPer60Last5": 20.3,
        "shotsPerGame": 34.9,
        "shotsPerGameLast5": 37.6,
        "shotsAgainstPerGame": 25.8,
        "shotsAgainstPerGameLast5": 21.8,
        "oppSavesAgainstPer60": 28.8,
        "oppSavesAgainstPer60Last1": 30.0,
        "oppSavesAgainstPer60Last3": 30.5,
        "oppSavesAgainstPer60Last5": 30.4,
        "oppShotsAgainstPerGame": 33.2,
        "oppShotsAgainstPerGameLast5": 36.8,
        "savesProj": 22.8,
        "savesProjLast5": 21.0,
        "savesProjLast3": 23.6,
        "oppSavesAgainstProj": 23.9,
        "oppSavesAgainstProjLast5": 22.3,
        "oppSavesAgainstProjLast3": 23.9,
        "totalOver": 40,
        "totalOverLast5": 20,
        "totalOverLast15": 33,
        "lastTotalOver": 30,
        "last5": "2,1,1,4,2,2,6,0,1,3",
        "overOdds": "+140",
        "underOdds": "-175",
        "overUnder": "+140 / -175"
    },
    {
        "player": "Tage Thompson",
        "team": "BUF",
        "opponent": "CAR",
        "propType": "sog",
        "line": 2.5,
        "ppLine": "PP1",
        "avg": 3.73,
        "hit": false,
        "diffAvg": 0.49,
        "diffAbs": 0.32,
        "lastAvg": 3.24,
        "diff": 0.3,
        "avgMin": 18,
        "proj": 3.3,
        "lastAvgMin": 17.87,
        "oppOver": 0,
        "teamOver": 0,
        "gameLine": "+155",
        "+/-": "+6",
        "L5_+/-": -3.0,
        "prevMatchup": "2023-02-01 1.0 sog 2022-11-04 3.0 sog",
        "winLossSplits": "69% - 61%",
        "awayHome": "H",
        "playedYesterday": "N",
        "awayHomeSplits": "70% - 59%",
        "savesAboveExp": -0.166,
        "gsaa": 3.8,
        "corsi": "50.9% (57.4) // 50.4% (55.3) // 47.9% (55.2) // 51.3% (57.1)",
        "fenwick": "49.6% (43.5) // 50.8% (44.2) // 47.9% (44.7) // 51.9% (47.0)",
        "shots": "49.3% (31.9) // 51.0% (32.2) // 49.3% (33.8) // 52.8% (36.5)",
        "scoring": "49.8% (30.5) // 48.4% (28.8) // 50.6% (32.8) // 49.6% (33.1)",
        "corsiAgainst": "49.1% (55.3) // 49.6% (54.5) // 52.1% (60.0) // 48.7% (54.2)",
        "fenwickAgainst": "50.4% (44.2) // 49.2% (42.9) // 52.1% (48.6) // 48.1% (43.7)",
        "shotsAgainst": "50.7% (32.8) // 49.0% (30.9) // 50.7% (34.8) // 47.2% (32.6)",
        "scoringAgainst": "50.2% (30.8) // 51.6% (30.7) // 49.4% (32.1) // 50.4% (33.6)",
        "oppCorsi": "60.0% (67.5) // 59.9% (67.5) // 65.7% (75.1) // 60.3% (69.3)",
        "oppFenwick": "59.3% (50.8) // 58.9% (50.7) // 63.5% (54.6) // 57.9% (50.1)",
        "oppShots": "57.5% (34.4) // 57.7% (34.8) // 63.3% (37.1) // 59.0% (34.2)",
        "oppScoring": "59.0% (33.5) // 57.8% (31.6) // 68.7% (36.3) // 63.7% (34.8)",
        "oppCorsiAgainst": "40.0% (45.0) // 40.1% (45.1) // 34.3% (39.2) // 39.7% (45.6)",
        "oppFenwickAgainst": "40.7% (34.9) // 41.1% (35.4) // 36.5% (31.3) // 42.1% (36.5)",
        "oppShotsAgainst": "42.5% (25.5) // 42.3% (25.5) // 36.7% (21.5) // 41.0% (23.8)",
        "oppScoringAgainst": "41.0% (23.2) // 42.2% (23.0) // 31.3% (16.6) // 36.3% (19.9)",
        "savesPerGame": 29.5,
        "savesPerGameLast1": 26.0,
        "savesPerGameLast3": 33.0,
        "savesPerGameLast5": 33.6,
        "savesPer60": 29.6,
        "savesPer60Last1": 28.2,
        "savesPer60Last3": 33.8,
        "savesPer60Last5": 34.8,
        "shotsPerGame": 32.3,
        "shotsPerGameLast5": 34.4,
        "shotsAgainstPerGame": 33.2,
        "shotsAgainstPerGameLast5": 36.8,
        "oppSavesAgainstPer60": 31.9,
        "oppSavesAgainstPer60Last1": 33.0,
        "oppSavesAgainstPer60Last3": 33.5,
        "oppSavesAgainstPer60Last5": 36.3,
        "oppShotsAgainstPerGame": 25.8,
        "oppShotsAgainstPerGameLast5": 21.8,
        "savesProj": 40.0,
        "savesProjLast5": 52.7,
        "savesProjLast3": 47.9,
        "oppSavesAgainstProj": 33.4,
        "oppSavesAgainstProjLast5": 44.9,
        "oppSavesAgainstProjLast3": 39.5,
        "totalOver": 65,
        "totalOverLast5": 60,
        "totalOverLast15": 40,
        "lastTotalOver": 66,
        "last5": "5,2,2,4,3,2,2,5,7,2",
        "overOdds": "-155",
        "underOdds": "+125",
        "overUnder": "-155 / +125"
    },
    {
        "player": "Bryan Rust",
        "team": "PIT",
        "opponent": "DET",
        "propType": "sog",
        "line": 2.5,
        "ppLine": "PP2",
        "avg": 2.67,
        "hit": false,
        "diffAvg": 0.07,
        "diffAbs": 0.04,
        "lastAvg": 2.69,
        "diff": 0.08,
        "avgMin": 17,
        "proj": 2.4,
        "lastAvgMin": 18.77,
        "oppOver": 0,
        "teamOver": 0,
        "gameLine": "-190",
        "+/-": -4,
        "L5_+/-": "+6.0",
        "prevMatchup": "2023-03-28 3.0 sog 2022-12-28 2.0 sog",
        "winLossSplits": "47% - 42%",
        "awayHome": "A",
        "playedYesterday": "N",
        "awayHomeSplits": "33% - 56%",
        "savesAboveExp": -0.011,
        "gsaa": -7.6,
        "corsi": "51.6% (62.9) // 52.3% (67.4) // 48.0% (58.2) // 42.5% (49.7)",
        "fenwick": "51.6% (47.1) // 53.8% (50.9) // 49.7% (43.8) // 43.9% (37.0)",
        "shots": "51.0% (34.0) // 54.8% (36.9) // 48.9% (30.8) // 46.5% (28.3)",
        "scoring": "52.3% (33.2) // 53.9% (36.4) // 50.0% (32.2) // 41.8% (24.7)",
        "corsiAgainst": "48.4% (59.0) // 47.7% (61.4) // 52.0% (63.0) // 57.5% (67.3)",
        "fenwickAgainst": "48.4% (44.1) // 46.2% (43.8) // 50.3% (44.4) // 56.1% (47.3)",
        "shotsAgainst": "49.0% (32.7) // 45.2% (30.4) // 51.1% (32.2) // 53.5% (32.7)",
        "scoringAgainst": "47.7% (30.2) // 46.1% (31.1) // 50.0% (32.2) // 58.2% (34.3)",
        "oppCorsi": "47.2% (52.1) // 47.6% (50.1) // 42.8% (45.8) // 47.2% (47.4)",
        "oppFenwick": "47.7% (38.9) // 46.6% (36.7) // 42.6% (34.4) // 44.4% (35.0)",
        "oppShots": "48.2% (28.1) // 46.5% (25.4) // 42.6% (24.4) // 42.3% (25.0)",
        "oppScoring": "46.0% (25.6) // 46.3% (24.0) // 43.6% (23.6) // 50.9% (27.6)",
        "oppCorsiAgainst": "52.8% (58.2) // 52.4% (55.2) // 57.2% (61.4) // 52.8% (52.9)",
        "oppFenwickAgainst": "52.3% (42.7) // 53.4% (42.1) // 57.4% (46.4) // 55.6% (43.8)",
        "oppShotsAgainst": "51.8% (30.2) // 53.5% (29.2) // 57.4% (32.9) // 57.7% (34.1)",
        "oppScoringAgainst": "54.0% (30.1) // 53.7% (27.8) // 56.4% (30.5) // 49.1% (26.6)",
        "savesPerGame": 29.8,
        "savesPerGameLast1": 27.0,
        "savesPerGameLast3": 30.0,
        "savesPerGameLast5": 29.8,
        "savesPer60": 29.8,
        "savesPer60Last1": 27.0,
        "savesPer60Last3": 30.0,
        "savesPer60Last5": 29.6,
        "shotsPerGame": 34.4,
        "shotsPerGameLast5": 30.8,
        "shotsAgainstPerGame": 33.0,
        "shotsAgainstPerGameLast5": 32.2,
        "oppSavesAgainstPer60": 25.5,
        "oppSavesAgainstPer60Last1": 27.2,
        "oppSavesAgainstPer60Last3": 21.2,
        "oppSavesAgainstPer60Last5": 21.2,
        "oppShotsAgainstPerGame": 30.6,
        "oppShotsAgainstPerGameLast5": 33.4,
        "savesProj": 27.7,
        "savesProjLast5": 22.3,
        "savesProjLast3": 22.3,
        "oppSavesAgainstProj": 26.9,
        "oppSavesAgainstProjLast5": 22.3,
        "oppSavesAgainstProjLast3": 22.3,
        "totalOver": 45,
        "totalOverLast5": 80,
        "totalOverLast15": 60,
        "lastTotalOver": 54,
        "last5": "5,3,3,4,1,3,3,5,3,6",
        "overOdds": "-115",
        "underOdds": "-115",
        "overUnder": "-115 / -115"
    },
    {
        "player": "David Perron",
        "team": "DET",
        "opponent": "PIT",
        "propType": "sog",
        "line": 2.5,
        "ppLine": "PP1",
        "avg": 2.38,
        "hit": false,
        "diffAvg": -0.05,
        "diffAbs": 0.16,
        "lastAvg": 2.24,
        "diff": -0.1,
        "avgMin": 16,
        "proj": 2.1,
        "lastAvgMin": 16.98,
        "oppOver": 0,
        "teamOver": 0,
        "gameLine": "+160",
        "+/-": -3,
        "L5_+/-": "+4.0",
        "prevMatchup": "2023-03-28 4.0 sog 2022-12-28 4.0 sog",
        "winLossSplits": "43% - 33%",
        "awayHome": "H",
        "playedYesterday": "N",
        "awayHomeSplits": "36% - 38%",
        "savesAboveExp": 0.033,
        "gsaa": 6.86,
        "corsi": "47.2% (52.1) // 47.6% (50.1) // 42.8% (45.8) // 47.2% (47.4)",
        "fenwick": "47.7% (38.9) // 46.6% (36.7) // 42.6% (34.4) // 44.4% (35.0)",
        "shots": "48.2% (28.1) // 46.5% (25.4) // 42.6% (24.4) // 42.3% (25.0)",
        "scoring": "46.0% (25.6) // 46.3% (24.0) // 43.6% (23.6) // 50.9% (27.6)",
        "corsiAgainst": "52.8% (58.2) // 52.4% (55.2) // 57.2% (61.4) // 52.8% (52.9)",
        "fenwickAgainst": "52.3% (42.7) // 53.4% (42.1) // 57.4% (46.4) // 55.6% (43.8)",
        "shotsAgainst": "51.8% (30.2) // 53.5% (29.2) // 57.4% (32.9) // 57.7% (34.1)",
        "scoringAgainst": "54.0% (30.1) // 53.7% (27.8) // 56.4% (30.5) // 49.1% (26.6)",
        "oppCorsi": "51.6% (62.9) // 52.3% (67.4) // 48.0% (58.2) // 42.5% (49.7)",
        "oppFenwick": "51.6% (47.1) // 53.8% (50.9) // 49.7% (43.8) // 43.9% (37.0)",
        "oppShots": "51.0% (34.0) // 54.8% (36.9) // 48.9% (30.8) // 46.5% (28.3)",
        "oppScoring": "52.3% (33.2) // 53.9% (36.4) // 50.0% (32.2) // 41.8% (24.7)",
        "oppCorsiAgainst": "48.4% (59.0) // 47.7% (61.4) // 52.0% (63.0) // 57.5% (67.3)",
        "oppFenwickAgainst": "48.4% (44.1) // 46.2% (43.8) // 50.3% (44.4) // 56.1% (47.3)",
        "oppShotsAgainst": "49.0% (32.7) // 45.2% (30.4) // 51.1% (32.2) // 53.5% (32.7)",
        "oppScoringAgainst": "47.7% (30.2) // 46.1% (31.1) // 50.0% (32.2) // 58.2% (34.3)",
        "savesPerGame": 27.3,
        "savesPerGameLast1": 30.0,
        "savesPerGameLast3": 32.3,
        "savesPerGameLast5": 30.2,
        "savesPer60": 27.4,
        "savesPer60Last1": 32.0,
        "savesPer60Last3": 33.0,
        "savesPer60Last5": 30.6,
        "shotsPerGame": 28.4,
        "shotsPerGameLast5": 24.8,
        "shotsAgainstPerGame": 30.6,
        "shotsAgainstPerGameLast5": 33.4,
        "oppSavesAgainstPer60": 31.2,
        "oppSavesAgainstPer60Last1": 27.0,
        "oppSavesAgainstPer60Last3": 25.0,
        "oppSavesAgainstPer60Last5": 27.8,
        "oppShotsAgainstPerGame": 33.0,
        "oppShotsAgainstPerGameLast5": 32.2,
        "savesProj": 28.7,
        "savesProjLast5": 28.8,
        "savesProjLast3": 28.1,
        "oppSavesAgainstProj": 30.2,
        "oppSavesAgainstProjLast5": 29.7,
        "oppSavesAgainstProjLast3": 29.4,
        "totalOver": 37,
        "totalOverLast5": 60,
        "totalOverLast15": 33,
        "lastTotalOver": 49,
        "last5": "3,5,1,3,2,4,1,0,2,0",
        "overOdds": "+100",
        "underOdds": "-130",
        "overUnder": "+100 / -130"
    },
    {
        "player": "Dominik Kubalik",
        "team": "DET",
        "opponent": "PIT",
        "propType": "sog",
        "line": 1.5,
        "ppLine": "PP2",
        "avg": 2.21,
        "hit": false,
        "diffAvg": 0.47,
        "diffAbs": 0.33,
        "lastAvg": 2.06,
        "diff": 0.37,
        "avgMin": 14,
        "proj": 2.0,
        "lastAvgMin": 14.52,
        "oppOver": 0,
        "teamOver": 0,
        "gameLine": "+160",
        "+/-": -8,
        "L5_+/-": "+4.0",
        "prevMatchup": "2023-03-28 3.0 sog 2022-12-28 3.0 sog",
        "winLossSplits": "56% - 60%",
        "awayHome": "H",
        "playedYesterday": "N",
        "awayHomeSplits": "54% - 63%",
        "savesAboveExp": 0.033,
        "gsaa": 6.86,
        "corsi": "47.2% (52.1) // 47.6% (50.1) // 42.8% (45.8) // 47.2% (47.4)",
        "fenwick": "47.7% (38.9) // 46.6% (36.7) // 42.6% (34.4) // 44.4% (35.0)",
        "shots": "48.2% (28.1) // 46.5% (25.4) // 42.6% (24.4) // 42.3% (25.0)",
        "scoring": "46.0% (25.6) // 46.3% (24.0) // 43.6% (23.6) // 50.9% (27.6)",
        "corsiAgainst": "52.8% (58.2) // 52.4% (55.2) // 57.2% (61.4) // 52.8% (52.9)",
        "fenwickAgainst": "52.3% (42.7) // 53.4% (42.1) // 57.4% (46.4) // 55.6% (43.8)",
        "shotsAgainst": "51.8% (30.2) // 53.5% (29.2) // 57.4% (32.9) // 57.7% (34.1)",
        "scoringAgainst": "54.0% (30.1) // 53.7% (27.8) // 56.4% (30.5) // 49.1% (26.6)",
        "oppCorsi": "51.6% (62.9) // 52.3% (67.4) // 48.0% (58.2) // 42.5% (49.7)",
        "oppFenwick": "51.6% (47.1) // 53.8% (50.9) // 49.7% (43.8) // 43.9% (37.0)",
        "oppShots": "51.0% (34.0) // 54.8% (36.9) // 48.9% (30.8) // 46.5% (28.3)",
        "oppScoring": "52.3% (33.2) // 53.9% (36.4) // 50.0% (32.2) // 41.8% (24.7)",
        "oppCorsiAgainst": "48.4% (59.0) // 47.7% (61.4) // 52.0% (63.0) // 57.5% (67.3)",
        "oppFenwickAgainst": "48.4% (44.1) // 46.2% (43.8) // 50.3% (44.4) // 56.1% (47.3)",
        "oppShotsAgainst": "49.0% (32.7) // 45.2% (30.4) // 51.1% (32.2) // 53.5% (32.7)",
        "oppScoringAgainst": "47.7% (30.2) // 46.1% (31.1) // 50.0% (32.2) // 58.2% (34.3)",
        "savesPerGame": 27.3,
        "savesPerGameLast1": 30.0,
        "savesPerGameLast3": 32.3,
        "savesPerGameLast5": 30.2,
        "savesPer60": 27.4,
        "savesPer60Last1": 32.0,
        "savesPer60Last3": 33.0,
        "savesPer60Last5": 30.6,
        "shotsPerGame": 28.4,
        "shotsPerGameLast5": 24.8,
        "shotsAgainstPerGame": 30.6,
        "shotsAgainstPerGameLast5": 33.4,
        "oppSavesAgainstPer60": 31.2,
        "oppSavesAgainstPer60Last1": 27.0,
        "oppSavesAgainstPer60Last3": 25.0,
        "oppSavesAgainstPer60Last5": 27.8,
        "oppShotsAgainstPerGame": 33.0,
        "oppShotsAgainstPerGameLast5": 32.2,
        "savesProj": 28.7,
        "savesProjLast5": 28.8,
        "savesProjLast3": 28.1,
        "oppSavesAgainstProj": 30.2,
        "oppSavesAgainstProjLast5": 29.7,
        "oppSavesAgainstProjLast3": 29.4,
        "totalOver": 58,
        "totalOverLast5": 40,
        "totalOverLast15": 60,
        "lastTotalOver": 61,
        "last5": "2,1,1,1,3,3,4,0,2,3",
        "overOdds": "-175",
        "underOdds": "+140",
        "overUnder": "-175 / +140"
    },
    {
        "player": "Dylan Larkin",
        "team": "DET",
        "opponent": "PIT",
        "propType": "sog",
        "line": 2.5,
        "ppLine": "PP1",
        "avg": 3.06,
        "hit": false,
        "diffAvg": 0.22,
        "diffAbs": 0.12,
        "lastAvg": 2.94,
        "diff": 0.18,
        "avgMin": 19,
        "proj": 2.8,
        "lastAvgMin": 19.65,
        "oppOver": 0,
        "teamOver": 0,
        "gameLine": "+160",
        "+/-": -2,
        "L5_+/-": "+3.0",
        "prevMatchup": "2023-03-28 4.0 sog 2022-12-28 5.0 sog",
        "winLossSplits": "71% - 50%",
        "awayHome": "H",
        "playedYesterday": "N",
        "awayHomeSplits": "61% - 59%",
        "savesAboveExp": 0.033,
        "gsaa": 6.86,
        "corsi": "47.2% (52.1) // 47.6% (50.1) // 42.8% (45.8) // 47.2% (47.4)",
