[
    {
        "player": "Adam Larsson",
        "team": "SEA",
        "opponent": "DAL",
        "propType": "g",
        "line": 0.5,
        "ppLine": "",
        "avg": 0.11,
        "hit": false,
        "diffAvg": -0.78,
        "diffAbs": 0.8,
        "lastAvg": 0.1,
        "diff": -0.8,
        "avgMin": 23,
        "proj": 0.1,
        "lastAvgMin": 22.27,
        "oppOver": 0,
        "teamOver": 0,
        "gameLine": "+135",
        "+/-": "+27",
        "L5_+/-": "+1.0",
        "prevMatchup": "2023-05-11 1.0 g 2023-05-09 1.0 g 2023-05-07 0.0 g 2023-05-04 0.0 g 2023-05-02 0.0 g 2023-03-21 1.0 g 2023-03-13 0.0 g 2023-03-11 0.0 g",
        "winLossSplits": "10% - 12%",
        "awayHome": "H",
        "playedYesterday": "N",
        "awayHomeSplits": "12% - 9%",
        "savesAboveExp": 0.39,
        "gsaa": 26.05,
        "corsi": "52.2% (57.4) // 56.1% (59.4) // 52.2% (57.4) // 52.2% (57.4)",
        "fenwick": "52.5% (43.0) // 57.1% (44.7) // 52.5% (43.0) // 52.5% (43.0)",
        "shots": "53.0% (30.2) // 57.4% (31.5) // 53.0% (30.2) // 53.0% (30.2)",
        "scoring": "50.6% (27.4) // 55.4% (26.5) // 50.6% (27.4) // 50.6% (27.4)",
        "corsiAgainst": "47.8% (52.6) // 43.9% (46.4) // 47.8% (52.6) // 47.8% (52.6)",
        "fenwickAgainst": "47.5% (39.0) // 42.9% (33.6) // 47.5% (39.0) // 47.5% (39.0)",
        "shotsAgainst": "47.0% (26.8) // 42.6% (23.4) // 47.0% (26.8) // 47.0% (26.8)",
        "scoringAgainst": "49.4% (26.8) // 44.6% (21.3) // 49.4% (26.8) // 49.4% (26.8)",
        "oppCorsi": "52.0% (59.9) // 57.0% (56.0) // 52.0% (59.9) // 52.0% (59.9)",
        "oppFenwick": "51.3% (43.7) // 56.1% (40.6) // 51.3% (43.7) // 51.3% (43.7)",
        "oppShots": "51.6% (31.5) // 56.3% (29.0) // 51.6% (31.5) // 51.6% (31.5)",
        "oppScoring": "53.7% (31.5) // 61.3% (29.6) // 53.7% (31.5) // 53.7% (31.5)",
        "oppCorsiAgainst": "48.0% (55.3) // 43.0% (42.3) // 48.0% (55.3) // 48.0% (55.3)",
        "oppFenwickAgainst": "48.7% (41.4) // 43.9% (31.7) // 48.7% (41.4) // 48.7% (41.4)",
        "oppShotsAgainst": "48.4% (29.5) // 43.7% (22.5) // 48.4% (29.5) // 48.4% (29.5)",
        "oppScoringAgainst": "46.3% (27.2) // 38.7% (18.6) // 46.3% (27.2) // 46.3% (27.2)",
        "savesPerGame": 23.9,
        "savesPerGameLast1": 16.0,
        "savesPerGameLast3": 19.7,
        "savesPerGameLast5": 24.6,
        "savesPer60": 27.6,
        "savesPer60Last1": 15.9,
        "savesPer60Last3": 19.4,
        "savesPer60Last5": 25.2,
        "shotsPerGame": 30.5,
        "shotsPerGameLast5": 29.2,
        "shotsAgainstPerGame": 27.0,
        "shotsAgainstPerGameLast5": 28.8,
        "oppSavesAgainstPer60": 32.3,
        "oppSavesAgainstPer60Last1": 17.3,
        "oppSavesAgainstPer60Last3": 20.2,
        "oppSavesAgainstPer60Last5": 24.6,
        "oppShotsAgainstPerGame": 29.9,
        "oppShotsAgainstPerGameLast5": 29.2,
        "savesProj": 24.6,
        "savesProjLast5": 19.8,
        "savesProjLast3": 12.2,
        "oppSavesAgainstProj": 26.4,
        "oppSavesAgainstProjLast5": 18.7,
        "oppSavesAgainstProjLast3": 12.3,
        "totalOver": 11,
        "totalOverLast5": 40,
        "totalOverLast15": 13,
        "lastTotalOver": 10,
        "last5": "1,1,0,0,0,0,0,0,0,0",
        "overOdds": "+750",
        "underOdds": "0",
        "overUnder": "+750 / 0"
    },
    {
        "player": "Eeli Tolvanen",
        "team": "SEA",
        "opponent": "DAL",
        "propType": "g",
        "line": 0.5,
        "ppLine": "PP2",
        "avg": 0.3,
        "hit": false,
        "diffAvg": -0.4,
        "diffAbs": 0.6,
        "lastAvg": 0.14,
        "diff": -0.72,
        "avgMin": 15,
        "proj": 0.2,
        "lastAvgMin": 13.42,
        "oppOver": 0,
        "teamOver": 0,
        "gameLine": "+135",
        "+/-": "+6",
        "L5_+/-": -4.0,
        "prevMatchup": "2023-05-11 0.0 g 2023-05-09 0.0 g 2023-05-07 1.0 g 2023-05-04 0.0 g 2023-05-02 0.0 g 2023-03-21 0.0 g 2023-03-13 1.0 g 2023-03-11 0.0 g",
        "winLossSplits": "41% - 12%",
        "awayHome": "H",
        "playedYesterday": "N",
        "awayHomeSplits": "21% - 37%",
        "savesAboveExp": 0.39,
        "gsaa": 26.05,
        "corsi": "52.2% (57.4) // 56.1% (59.4) // 52.2% (57.4) // 52.2% (57.4)",
        "fenwick": "52.5% (43.0) // 57.1% (44.7) // 52.5% (43.0) // 52.5% (43.0)",
        "shots": "53.0% (30.2) // 57.4% (31.5) // 53.0% (30.2) // 53.0% (30.2)",
        "scoring": "50.6% (27.4) // 55.4% (26.5) // 50.6% (27.4) // 50.6% (27.4)",
        "corsiAgainst": "47.8% (52.6) // 43.9% (46.4) // 47.8% (52.6) // 47.8% (52.6)",
        "fenwickAgainst": "47.5% (39.0) // 42.9% (33.6) // 47.5% (39.0) // 47.5% (39.0)",
        "shotsAgainst": "47.0% (26.8) // 42.6% (23.4) // 47.0% (26.8) // 47.0% (26.8)",
        "scoringAgainst": "49.4% (26.8) // 44.6% (21.3) // 49.4% (26.8) // 49.4% (26.8)",
        "oppCorsi": "52.0% (59.9) // 57.0% (56.0) // 52.0% (59.9) // 52.0% (59.9)",
        "oppFenwick": "51.3% (43.7) // 56.1% (40.6) // 51.3% (43.7) // 51.3% (43.7)",
        "oppShots": "51.6% (31.5) // 56.3% (29.0) // 51.6% (31.5) // 51.6% (31.5)",
        "oppScoring": "53.7% (31.5) // 61.3% (29.6) // 53.7% (31.5) // 53.7% (31.5)",
        "oppCorsiAgainst": "48.0% (55.3) // 43.0% (42.3) // 48.0% (55.3) // 48.0% (55.3)",
        "oppFenwickAgainst": "48.7% (41.4) // 43.9% (31.7) // 48.7% (41.4) // 48.7% (41.4)",
        "oppShotsAgainst": "48.4% (29.5) // 43.7% (22.5) // 48.4% (29.5) // 48.4% (29.5)",
        "oppScoringAgainst": "46.3% (27.2) // 38.7% (18.6) // 46.3% (27.2) // 46.3% (27.2)",
        "savesPerGame": 23.9,
        "savesPerGameLast1": 16.0,
        "savesPerGameLast3": 19.7,
        "savesPerGameLast5": 24.6,
        "savesPer60": 27.6,
        "savesPer60Last1": 15.9,
        "savesPer60Last3": 19.4,
        "savesPer60Last5": 25.2,
        "shotsPerGame": 30.5,
        "shotsPerGameLast5": 29.2,
        "shotsAgainstPerGame": 27.0,
        "shotsAgainstPerGameLast5": 28.8,
        "oppSavesAgainstPer60": 32.3,
        "oppSavesAgainstPer60Last1": 17.3,
        "oppSavesAgainstPer60Last3": 20.2,
        "oppSavesAgainstPer60Last5": 24.6,
        "oppShotsAgainstPerGame": 29.9,
        "oppShotsAgainstPerGameLast5": 29.2,
        "savesProj": 24.6,
        "savesProjLast5": 19.8,
        "savesProjLast3": 12.2,
        "oppSavesAgainstProj": 26.4,
        "oppSavesAgainstProjLast5": 18.7,
        "oppSavesAgainstProjLast3": 12.3,
        "totalOver": 28,
        "totalOverLast5": 20,
        "totalOverLast15": 13,
        "lastTotalOver": 14,
        "last5": "0,0,1,0,0,0,0,0,0,0",
        "overOdds": "+320",
        "underOdds": "0",
        "overUnder": "+320 / 0"
    },
    {
        "player": "Jaden Schwartz",
        "team": "SEA",
        "opponent": "DAL",
        "propType": "g",
        "line": 0.5,
        "ppLine": "PP1",
        "avg": 0.31,
        "hit": false,
        "diffAvg": -0.38,
        "diffAbs": 0.6,
        "lastAvg": 0.22,
        "diff": -0.56,
        "avgMin": 17,
        "proj": 0.2,
        "lastAvgMin": 18.45,
        "oppOver": 0,
        "teamOver": 0,
        "gameLine": "+135",
        "+/-": -21,
        "L5_+/-": -5.0,
        "prevMatchup": "2023-05-11 0.0 g 2023-05-09 2.0 g 2023-05-07 0.0 g 2023-05-04 0.0 g 2023-05-02 1.0 g 2023-03-21 0.0 g 2023-03-13 0.0 g 2023-03-11 0.0 g",
        "winLossSplits": "28% - 24%",
        "awayHome": "H",
        "playedYesterday": "N",
        "awayHomeSplits": "20% - 33%",
        "savesAboveExp": 0.39,
        "gsaa": 26.05,
        "corsi": "52.2% (57.4) // 56.1% (59.4) // 52.2% (57.4) // 52.2% (57.4)",
        "fenwick": "52.5% (43.0) // 57.1% (44.7) // 52.5% (43.0) // 52.5% (43.0)",
        "shots": "53.0% (30.2) // 57.4% (31.5) // 53.0% (30.2) // 53.0% (30.2)",
        "scoring": "50.6% (27.4) // 55.4% (26.5) // 50.6% (27.4) // 50.6% (27.4)",
        "corsiAgainst": "47.8% (52.6) // 43.9% (46.4) // 47.8% (52.6) // 47.8% (52.6)",
        "fenwickAgainst": "47.5% (39.0) // 42.9% (33.6) // 47.5% (39.0) // 47.5% (39.0)",
        "shotsAgainst": "47.0% (26.8) // 42.6% (23.4) // 47.0% (26.8) // 47.0% (26.8)",
        "scoringAgainst": "49.4% (26.8) // 44.6% (21.3) // 49.4% (26.8) // 49.4% (26.8)",
        "oppCorsi": "52.0% (59.9) // 57.0% (56.0) // 52.0% (59.9) // 52.0% (59.9)",
        "oppFenwick": "51.3% (43.7) // 56.1% (40.6) // 51.3% (43.7) // 51.3% (43.7)",
        "oppShots": "51.6% (31.5) // 56.3% (29.0) // 51.6% (31.5) // 51.6% (31.5)",
        "oppScoring": "53.7% (31.5) // 61.3% (29.6) // 53.7% (31.5) // 53.7% (31.5)",
        "oppCorsiAgainst": "48.0% (55.3) // 43.0% (42.3) // 48.0% (55.3) // 48.0% (55.3)",
        "oppFenwickAgainst": "48.7% (41.4) // 43.9% (31.7) // 48.7% (41.4) // 48.7% (41.4)",
        "oppShotsAgainst": "48.4% (29.5) // 43.7% (22.5) // 48.4% (29.5) // 48.4% (29.5)",
        "oppScoringAgainst": "46.3% (27.2) // 38.7% (18.6) // 46.3% (27.2) // 46.3% (27.2)",
        "savesPerGame": 23.9,
        "savesPerGameLast1": 16.0,
        "savesPerGameLast3": 19.7,
        "savesPerGameLast5": 24.6,
        "savesPer60": 27.6,
        "savesPer60Last1": 15.9,
        "savesPer60Last3": 19.4,
        "savesPer60Last5": 25.2,
        "shotsPerGame": 30.5,
        "shotsPerGameLast5": 29.2,
        "shotsAgainstPerGame": 27.0,
        "shotsAgainstPerGameLast5": 28.8,
        "oppSavesAgainstPer60": 32.3,
        "oppSavesAgainstPer60Last1": 17.3,
        "oppSavesAgainstPer60Last3": 20.2,
        "oppSavesAgainstPer60Last5": 24.6,
        "oppShotsAgainstPerGame": 29.9,
        "oppShotsAgainstPerGameLast5": 29.2,
        "savesProj": 24.6,
        "savesProjLast5": 19.8,
        "savesProjLast3": 12.2,
        "oppSavesAgainstProj": 26.4,
        "oppSavesAgainstProjLast5": 18.7,
        "oppSavesAgainstProjLast3": 12.3,
        "totalOver": 27,
        "totalOverLast5": 40,
        "totalOverLast15": 27,
        "lastTotalOver": 22,
        "last5": "0,2,0,0,1,0,0,0,0,2",
        "overOdds": "+220",
        "underOdds": "0",
        "overUnder": "+220 / 0"
    },
    {
        "player": "Jamie Benn",
        "team": "DAL",
        "opponent": "SEA",
        "propType": "g",
        "line": 0.5,
        "ppLine": "PP1",
        "avg": 0.38,
        "hit": false,
        "diffAvg": -0.24,
        "diffAbs": 0.6,
        "lastAvg": 0.2,
        "diff": -0.6,
        "avgMin": 16,
        "proj": 0.2,
        "lastAvgMin": 16.73,
        "oppOver": 0,
        "teamOver": 0,
        "gameLine": "-155",
        "+/-": "+27",
        "L5_+/-": "+4.0",
        "prevMatchup": "2023-05-11 0.0 g 2023-05-09 1.0 g 2023-05-07 0.0 g 2023-05-04 0.0 g 2023-05-02 0.0 g 2023-03-21 1.0 g 2023-03-13 1.0 g 2023-03-11 0.0 g",
        "winLossSplits": "37% - 31%",
        "awayHome": "A",
        "playedYesterday": "N",
        "awayHomeSplits": "35% - 34%",
        "savesAboveExp": -0.168,
        "gsaa": -8.95,
        "corsi": "52.0% (59.9) // 57.0% (56.0) // 52.0% (59.9) // 52.0% (59.9)",
        "fenwick": "51.3% (43.7) // 56.1% (40.6) // 51.3% (43.7) // 51.3% (43.7)",
        "shots": "51.6% (31.5) // 56.3% (29.0) // 51.6% (31.5) // 51.6% (31.5)",
        "scoring": "53.7% (31.5) // 61.3% (29.6) // 53.7% (31.5) // 53.7% (31.5)",
        "corsiAgainst": "48.0% (55.3) // 43.0% (42.3) // 48.0% (55.3) // 48.0% (55.3)",
        "fenwickAgainst": "48.7% (41.4) // 43.9% (31.7) // 48.7% (41.4) // 48.7% (41.4)",
        "shotsAgainst": "48.4% (29.5) // 43.7% (22.5) // 48.4% (29.5) // 48.4% (29.5)",
        "scoringAgainst": "46.3% (27.2) // 38.7% (18.6) // 46.3% (27.2) // 46.3% (27.2)",
        "oppCorsi": "52.2% (57.4) // 56.1% (59.4) // 52.2% (57.4) // 52.2% (57.4)",
        "oppFenwick": "52.5% (43.0) // 57.1% (44.7) // 52.5% (43.0) // 52.5% (43.0)",
        "oppShots": "53.0% (30.2) // 57.4% (31.5) // 53.0% (30.2) // 53.0% (30.2)",
        "oppScoring": "50.6% (27.4) // 55.4% (26.5) // 50.6% (27.4) // 50.6% (27.4)",
        "oppCorsiAgainst": "47.8% (52.6) // 43.9% (46.4) // 47.8% (52.6) // 47.8% (52.6)",
        "oppFenwickAgainst": "47.5% (39.0) // 42.9% (33.6) // 47.5% (39.0) // 47.5% (39.0)",
        "oppShotsAgainst": "47.0% (26.8) // 42.6% (23.4) // 47.0% (26.8) // 47.0% (26.8)",
        "oppScoringAgainst": "49.4% (26.8) // 44.6% (21.3) // 49.4% (26.8) // 49.4% (26.8)",
        "savesPerGame": 27.3,
        "savesPerGameLast1": 29.0,
        "savesPerGameLast3": 21.0,
        "savesPerGameLast5": 25.4,
        "savesPer60": 31.3,
        "savesPer60Last1": 29.0,
        "savesPer60Last3": 21.0,
        "savesPer60Last5": 26.4,
        "shotsPerGame": 31.9,
        "shotsPerGameLast5": 28.8,
        "shotsAgainstPerGame": 29.9,
        "shotsAgainstPerGameLast5": 29.2,
        "oppSavesAgainstPer60": 30.7,
        "oppSavesAgainstPer60Last1": 29.0,
        "oppSavesAgainstPer60Last3": 20.7,
        "oppSavesAgainstPer60Last5": 25.3,
        "oppShotsAgainstPerGame": 27.0,
        "oppShotsAgainstPerGameLast5": 28.8,
        "savesProj": 30.4,
        "savesProjLast5": 24.3,
        "savesProjLast3": 16.0,
        "oppSavesAgainstProj": 28.4,
        "oppSavesAgainstProjLast5": 20.9,
        "oppSavesAgainstProjLast3": 14.2,
        "totalOver": 34,
        "totalOverLast5": 20,
        "totalOverLast15": 20,
        "lastTotalOver": 20,
        "last5": "0,1,0,0,0,0,0,0,0,1",
        "overOdds": "+200",
        "underOdds": "0",
        "overUnder": "+200 / 0"
    },
    {
        "player": "Jared Mccann",
        "team": "SEA",
        "opponent": "DAL",
        "propType": "g",
        "line": 0.5,
        "ppLine": "PP1",
        "avg": 0.47,
        "hit": false,
        "diffAvg": -0.06,
        "diffAbs": 0.2,
        "lastAvg": 0.36,
        "diff": -0.28,
        "avgMin": 16,
        "proj": 0.4,
        "lastAvgMin": 16.13,
        "oppOver": 0,
        "teamOver": 0,
        "gameLine": "+135",
        "+/-": "+19",
        "L5_+/-": 0.0,
        "prevMatchup": "2023-05-11 1.0 g 2023-05-09 0.0 g 2023-03-21 1.0 g 2023-03-13 0.0 g 2023-03-11 0.0 g",
        "winLossSplits": "52% - 24%",
        "awayHome": "H",
        "playedYesterday": "N",
        "awayHomeSplits": "45% - 34%",
        "savesAboveExp": 0.39,
        "gsaa": 26.05,
        "corsi": "52.2% (57.4) // 56.1% (59.4) // 52.2% (57.4) // 52.2% (57.4)",
        "fenwick": "52.5% (43.0) // 57.1% (44.7) // 52.5% (43.0) // 52.5% (43.0)",
        "shots": "53.0% (30.2) // 57.4% (31.5) // 53.0% (30.2) // 53.0% (30.2)",
        "scoring": "50.6% (27.4) // 55.4% (26.5) // 50.6% (27.4) // 50.6% (27.4)",
        "corsiAgainst": "47.8% (52.6) // 43.9% (46.4) // 47.8% (52.6) // 47.8% (52.6)",
        "fenwickAgainst": "47.5% (39.0) // 42.9% (33.6) // 47.5% (39.0) // 47.5% (39.0)",
        "shotsAgainst": "47.0% (26.8) // 42.6% (23.4) // 47.0% (26.8) // 47.0% (26.8)",
        "scoringAgainst": "49.4% (26.8) // 44.6% (21.3) // 49.4% (26.8) // 49.4% (26.8)",
        "oppCorsi": "52.0% (59.9) // 57.0% (56.0) // 52.0% (59.9) // 52.0% (59.9)",
        "oppFenwick": "51.3% (43.7) // 56.1% (40.6) // 51.3% (43.7) // 51.3% (43.7)",
        "oppShots": "51.6% (31.5) // 56.3% (29.0) // 51.6% (31.5) // 51.6% (31.5)",
        "oppScoring": "53.7% (31.5) // 61.3% (29.6) // 53.7% (31.5) // 53.7% (31.5)",
        "oppCorsiAgainst": "48.0% (55.3) // 43.0% (42.3) // 48.0% (55.3) // 48.0% (55.3)",
        "oppFenwickAgainst": "48.7% (41.4) // 43.9% (31.7) // 48.7% (41.4) // 48.7% (41.4)",
        "oppShotsAgainst": "48.4% (29.5) // 43.7% (22.5) // 48.4% (29.5) // 48.4% (29.5)",
        "oppScoringAgainst": "46.3% (27.2) // 38.7% (18.6) // 46.3% (27.2) // 46.3% (27.2)",
        "savesPerGame": 23.9,
        "savesPerGameLast1": 16.0,
        "savesPerGameLast3": 19.7,
        "savesPerGameLast5": 24.6,
        "savesPer60": 27.6,
        "savesPer60Last1": 15.9,
        "savesPer60Last3": 19.4,
        "savesPer60Last5": 25.2,
        "shotsPerGame": 30.5,
        "shotsPerGameLast5": 29.2,
        "shotsAgainstPerGame": 27.0,
        "shotsAgainstPerGameLast5": 28.8,
        "oppSavesAgainstPer60": 32.3,
        "oppSavesAgainstPer60Last1": 17.3,
        "oppSavesAgainstPer60Last3": 20.2,
        "oppSavesAgainstPer60Last5": 24.6,
        "oppShotsAgainstPerGame": 29.9,
        "oppShotsAgainstPerGameLast5": 29.2,
        "savesProj": 24.6,
        "savesProjLast5": 19.8,
        "savesProjLast3": 12.2,
        "oppSavesAgainstProj": 26.4,
        "oppSavesAgainstProjLast5": 18.7,
        "oppSavesAgainstProjLast3": 12.3,
        "totalOver": 39,
        "totalOverLast5": 20,
        "totalOverLast15": 33,
        "lastTotalOver": 35,
        "last5": "1,0,0,0,0,0,0,0,1,1",
        "overOdds": "+150",
        "underOdds": "0",
        "overUnder": "+150 / 0"
    },
    {
        "player": "Jason Robertson",
        "team": "DAL",
        "opponent": "SEA",
        "propType": "g",
        "line": 0.5,
        "ppLine": "PP1",
        "avg": 0.52,
        "hit": false,
        "diffAvg": 0.04,
        "diffAbs": 0.0,
        "lastAvg": 0.51,
        "diff": 0.02,
        "avgMin": 18,
        "proj": 0.5,
        "lastAvgMin": 18.1,
        "oppOver": 0,
        "teamOver": 0,
        "gameLine": "-155",
        "+/-": "+37",
        "L5_+/-": "+1.0",
        "prevMatchup": "2023-05-11 0.0 g 2023-05-09 0.0 g 2023-05-07 0.0 g 2023-05-04 0.0 g 2023-05-02 0.0 g 2023-03-21 0.0 g 2023-03-13 1.0 g 2023-03-11 0.0 g",
        "winLossSplits": "44% - 36%",
        "awayHome": "A",
        "playedYesterday": "N",
        "awayHomeSplits": "35% - 47%",
        "savesAboveExp": -0.168,
        "gsaa": -8.95,
        "corsi": "52.0% (59.9) // 57.0% (56.0) // 52.0% (59.9) // 52.0% (59.9)",
        "fenwick": "51.3% (43.7) // 56.1% (40.6) // 51.3% (43.7) // 51.3% (43.7)",
        "shots": "51.6% (31.5) // 56.3% (29.0) // 51.6% (31.5) // 51.6% (31.5)",
        "scoring": "53.7% (31.5) // 61.3% (29.6) // 53.7% (31.5) // 53.7% (31.5)",
        "corsiAgainst": "48.0% (55.3) // 43.0% (42.3) // 48.0% (55.3) // 48.0% (55.3)",
        "fenwickAgainst": "48.7% (41.4) // 43.9% (31.7) // 48.7% (41.4) // 48.7% (41.4)",
        "shotsAgainst": "48.4% (29.5) // 43.7% (22.5) // 48.4% (29.5) // 48.4% (29.5)",
        "scoringAgainst": "46.3% (27.2) // 38.7% (18.6) // 46.3% (27.2) // 46.3% (27.2)",
        "oppCorsi": "52.2% (57.4) // 56.1% (59.4) // 52.2% (57.4) // 52.2% (57.4)",
        "oppFenwick": "52.5% (43.0) // 57.1% (44.7) // 52.5% (43.0) // 52.5% (43.0)",
        "oppShots": "53.0% (30.2) // 57.4% (31.5) // 53.0% (30.2) // 53.0% (30.2)",
        "oppScoring": "50.6% (27.4) // 55.4% (26.5) // 50.6% (27.4) // 50.6% (27.4)",
        "oppCorsiAgainst": "47.8% (52.6) // 43.9% (46.4) // 47.8% (52.6) // 47.8% (52.6)",
        "oppFenwickAgainst": "47.5% (39.0) // 42.9% (33.6) // 47.5% (39.0) // 47.5% (39.0)",
        "oppShotsAgainst": "47.0% (26.8) // 42.6% (23.4) // 47.0% (26.8) // 47.0% (26.8)",
        "oppScoringAgainst": "49.4% (26.8) // 44.6% (21.3) // 49.4% (26.8) // 49.4% (26.8)",
        "savesPerGame": 27.3,
        "savesPerGameLast1": 29.0,
        "savesPerGameLast3": 21.0,
        "savesPerGameLast5": 25.4,
        "savesPer60": 31.3,
        "savesPer60Last1": 29.0,
        "savesPer60Last3": 21.0,
        "savesPer60Last5": 26.4,
        "shotsPerGame": 31.9,
        "shotsPerGameLast5": 28.8,
        "shotsAgainstPerGame": 29.9,
        "shotsAgainstPerGameLast5": 29.2,
        "oppSavesAgainstPer60": 30.7,
        "oppSavesAgainstPer60Last1": 29.0,
        "oppSavesAgainstPer60Last3": 20.7,
        "oppSavesAgainstPer60Last5": 25.3,
        "oppShotsAgainstPerGame": 27.0,
        "oppShotsAgainstPerGameLast5": 28.8,
        "savesProj": 30.4,
        "savesProjLast5": 24.3,
        "savesProjLast3": 16.0,
        "oppSavesAgainstProj": 28.4,
        "oppSavesAgainstProjLast5": 20.9,
        "oppSavesAgainstProjLast3": 14.2,
        "totalOver": 41,
        "totalOverLast5": 0,
        "totalOverLast15": 20,
        "lastTotalOver": 37,
        "last5": "0,0,0,0,0,0,1,0,0,0",
        "overOdds": "+105",
        "underOdds": "0",
        "overUnder": "+105 / 0"
    },
    {
        "player": "Joe Pavelski",
        "team": "DAL",
        "opponent": "SEA",
        "propType": "g",
        "line": 0.5,
        "ppLine": "PP1",
        "avg": 0.4,
        "hit": false,
        "diffAvg": -0.2,
        "diffAbs": 0.4,
        "lastAvg": 0.3,
        "diff": -0.4,
        "avgMin": 17,
        "proj": 0.3,
        "lastAvgMin": 18.47,
        "oppOver": 0,
        "teamOver": 0,
        "gameLine": "-155",
        "+/-": "+43",
        "L5_+/-": "+4.0",
        "prevMatchup": "2023-05-11 1.0 g 2023-05-09 1.0 g 2023-05-07 0.0 g 2023-05-04 1.0 g 2023-05-02 4.0 g 2023-03-21 1.0 g 2023-03-13 1.0 g 2023-03-11 1.0 g",
        "winLossSplits": "42% - 21%",
        "awayHome": "A",
        "playedYesterday": "N",
        "awayHomeSplits": "40% - 27%",
        "savesAboveExp": -0.168,
        "gsaa": -8.95,
        "corsi": "52.0% (59.9) // 57.0% (56.0) // 52.0% (59.9) // 52.0% (59.9)",
        "fenwick": "51.3% (43.7) // 56.1% (40.6) // 51.3% (43.7) // 51.3% (43.7)",
        "shots": "51.6% (31.5) // 56.3% (29.0) // 51.6% (31.5) // 51.6% (31.5)",
        "scoring": "53.7% (31.5) // 61.3% (29.6) // 53.7% (31.5) // 53.7% (31.5)",
        "corsiAgainst": "48.0% (55.3) // 43.0% (42.3) // 48.0% (55.3) // 48.0% (55.3)",
        "fenwickAgainst": "48.7% (41.4) // 43.9% (31.7) // 48.7% (41.4) // 48.7% (41.4)",
        "shotsAgainst": "48.4% (29.5) // 43.7% (22.5) // 48.4% (29.5) // 48.4% (29.5)",
        "scoringAgainst": "46.3% (27.2) // 38.7% (18.6) // 46.3% (27.2) // 46.3% (27.2)",
        "oppCorsi": "52.2% (57.4) // 56.1% (59.4) // 52.2% (57.4) // 52.2% (57.4)",
        "oppFenwick": "52.5% (43.0) // 57.1% (44.7) // 52.5% (43.0) // 52.5% (43.0)",
        "oppShots": "53.0% (30.2) // 57.4% (31.5) // 53.0% (30.2) // 53.0% (30.2)",
        "oppScoring": "50.6% (27.4) // 55.4% (26.5) // 50.6% (27.4) // 50.6% (27.4)",
        "oppCorsiAgainst": "47.8% (52.6) // 43.9% (46.4) // 47.8% (52.6) // 47.8% (52.6)",
        "oppFenwickAgainst": "47.5% (39.0) // 42.9% (33.6) // 47.5% (39.0) // 47.5% (39.0)",
        "oppShotsAgainst": "47.0% (26.8) // 42.6% (23.4) // 47.0% (26.8) // 47.0% (26.8)",
        "oppScoringAgainst": "49.4% (26.8) // 44.6% (21.3) // 49.4% (26.8) // 49.4% (26.8)",
        "savesPerGame": 27.3,
        "savesPerGameLast1": 29.0,
        "savesPerGameLast3": 21.0,
        "savesPerGameLast5": 25.4,
        "savesPer60": 31.3,
        "savesPer60Last1": 29.0,
        "savesPer60Last3": 21.0,
        "savesPer60Last5": 26.4,
        "shotsPerGame": 31.9,
        "shotsPerGameLast5": 28.8,
        "shotsAgainstPerGame": 29.9,
        "shotsAgainstPerGameLast5": 29.2,
        "oppSavesAgainstPer60": 30.7,
        "oppSavesAgainstPer60Last1": 29.0,
        "oppSavesAgainstPer60Last3": 20.7,
        "oppSavesAgainstPer60Last5": 25.3,
        "oppShotsAgainstPerGame": 27.0,
        "oppShotsAgainstPerGameLast5": 28.8,
        "savesProj": 30.4,
        "savesProjLast5": 24.3,
        "savesProjLast3": 16.0,
        "oppSavesAgainstProj": 28.4,
        "oppSavesAgainstProjLast5": 20.9,
        "oppSavesAgainstProjLast3": 14.2,
        "totalOver": 33,
        "totalOverLast5": 80,
        "totalOverLast15": 67,
        "lastTotalOver": 28,
        "last5": "1,1,0,1,4,0,0,1,1,0",
        "overOdds": "+165",
        "underOdds": "0",
        "overUnder": "+165 / 0"
    },
    {
        "player": "Jordan Eberle",
        "team": "SEA",
        "opponent": "DAL",
        "propType": "g",
        "line": 0.5,
        "ppLine": "PP2",
        "avg": 0.26,
        "hit": false,
        "diffAvg": -0.48,
        "diffAbs": 0.6,
        "lastAvg": 0.26,
        "diff": -0.48,
        "avgMin": 16,
        "proj": 0.2,
        "lastAvgMin": 17.95,
        "oppOver": 0,
        "teamOver": 0,
        "gameLine": "+135",
        "+/-": "+7",
        "L5_+/-": "+3.0",
        "prevMatchup": "2023-05-11 0.0 g 2023-05-09 0.0 g 2023-05-07 1.0 g 2023-05-04 1.0 g 2023-05-02 1.0 g 2023-03-21 0.0 g 2023-03-13 0.0 g 2023-03-11 1.0 g",
        "winLossSplits": "35% - 10%",
        "awayHome": "H",
        "playedYesterday": "N",
        "awayHomeSplits": "19% - 28%",
        "savesAboveExp": 0.39,
        "gsaa": 26.05,
        "corsi": "52.2% (57.4) // 56.1% (59.4) // 52.2% (57.4) // 52.2% (57.4)",
        "fenwick": "52.5% (43.0) // 57.1% (44.7) // 52.5% (43.0) // 52.5% (43.0)",
        "shots": "53.0% (30.2) // 57.4% (31.5) // 53.0% (30.2) // 53.0% (30.2)",
        "scoring": "50.6% (27.4) // 55.4% (26.5) // 50.6% (27.4) // 50.6% (27.4)",
        "corsiAgainst": "47.8% (52.6) // 43.9% (46.4) // 47.8% (52.6) // 47.8% (52.6)",
        "fenwickAgainst": "47.5% (39.0) // 42.9% (33.6) // 47.5% (39.0) // 47.5% (39.0)",
        "shotsAgainst": "47.0% (26.8) // 42.6% (23.4) // 47.0% (26.8) // 47.0% (26.8)",
        "scoringAgainst": "49.4% (26.8) // 44.6% (21.3) // 49.4% (26.8) // 49.4% (26.8)",
        "oppCorsi": "52.0% (59.9) // 57.0% (56.0) // 52.0% (59.9) // 52.0% (59.9)",
        "oppFenwick": "51.3% (43.7) // 56.1% (40.6) // 51.3% (43.7) // 51.3% (43.7)",
        "oppShots": "51.6% (31.5) // 56.3% (29.0) // 51.6% (31.5) // 51.6% (31.5)",
        "oppScoring": "53.7% (31.5) // 61.3% (29.6) // 53.7% (31.5) // 53.7% (31.5)",
        "oppCorsiAgainst": "48.0% (55.3) // 43.0% (42.3) // 48.0% (55.3) // 48.0% (55.3)",
        "oppFenwickAgainst": "48.7% (41.4) // 43.9% (31.7) // 48.7% (41.4) // 48.7% (41.4)",
        "oppShotsAgainst": "48.4% (29.5) // 43.7% (22.5) // 48.4% (29.5) // 48.4% (29.5)",
        "oppScoringAgainst": "46.3% (27.2) // 38.7% (18.6) // 46.3% (27.2) // 46.3% (27.2)",
        "savesPerGame": 23.9,
        "savesPerGameLast1": 16.0,
        "savesPerGameLast3": 19.7,
        "savesPerGameLast5": 24.6,
        "savesPer60": 27.6,
        "savesPer60Last1": 15.9,
        "savesPer60Last3": 19.4,
        "savesPer60Last5": 25.2,
        "shotsPerGame": 30.5,
        "shotsPerGameLast5": 29.2,
        "shotsAgainstPerGame": 27.0,
        "shotsAgainstPerGameLast5": 28.8,
        "oppSavesAgainstPer60": 32.3,
        "oppSavesAgainstPer60Last1": 17.3,
        "oppSavesAgainstPer60Last3": 20.2,
        "oppSavesAgainstPer60Last5": 24.6,
        "oppShotsAgainstPerGame": 29.9,
        "oppShotsAgainstPerGameLast5": 29.2,
        "savesProj": 24.6,
        "savesProjLast5": 19.8,
        "savesProjLast3": 12.2,
        "oppSavesAgainstProj": 26.4,
        "oppSavesAgainstProjLast5": 18.7,
        "oppSavesAgainstProjLast3": 12.3,
        "totalOver": 23,
        "totalOverLast5": 60,
        "totalOverLast15": 27,
        "lastTotalOver": 25,
        "last5": "0,0,1,1,1,0,0,0,1,0",
        "overOdds": "+270",
        "underOdds": "0",
        "overUnder": "+270 / 0"
    },
    {
        "player": "Matty Beniers",
        "team": "SEA",
        "opponent": "DAL",
        "propType": "g",
        "line": 0.5,
        "ppLine": "PP1",
        "avg": 0.28,
        "hit": false,
        "diffAvg": -0.44,
        "diffAbs": 0.4,
        "lastAvg": 0.3,
        "diff": -0.4,
        "avgMin": 17,
        "proj": 0.3,
        "lastAvgMin": 16.93,
        "oppOver": 0,
        "teamOver": 0,
        "gameLine": "+135",
        "+/-": "+18",
        "L5_+/-": "+5.0",
        "prevMatchup": "2023-05-11 0.0 g 2023-05-09 0.0 g 2023-05-07 1.0 g 2023-05-04 0.0 g 2023-05-02 0.0 g 2023-03-21 0.0 g 2023-03-13 0.0 g 2023-03-11 0.0 g",
        "winLossSplits": "39% - 12%",
        "awayHome": "H",
        "playedYesterday": "N",
        "awayHomeSplits": "31% - 23%",
        "savesAboveExp": 0.39,
        "gsaa": 26.05,
        "corsi": "52.2% (57.4) // 56.1% (59.4) // 52.2% (57.4) // 52.2% (57.4)",
        "fenwick": "52.5% (43.0) // 57.1% (44.7) // 52.5% (43.0) // 52.5% (43.0)",
        "shots": "53.0% (30.2) // 57.4% (31.5) // 53.0% (30.2) // 53.0% (30.2)",
        "scoring": "50.6% (27.4) // 55.4% (26.5) // 50.6% (27.4) // 50.6% (27.4)",
        "corsiAgainst": "47.8% (52.6) // 43.9% (46.4) // 47.8% (52.6) // 47.8% (52.6)",
        "fenwickAgainst": "47.5% (39.0) // 42.9% (33.6) // 47.5% (39.0) // 47.5% (39.0)",
        "shotsAgainst": "47.0% (26.8) // 42.6% (23.4) // 47.0% (26.8) // 47.0% (26.8)",
        "scoringAgainst": "49.4% (26.8) // 44.6% (21.3) // 49.4% (26.8) // 49.4% (26.8)",
        "oppCorsi": "52.0% (59.9) // 57.0% (56.0) // 52.0% (59.9) // 52.0% (59.9)",
        "oppFenwick": "51.3% (43.7) // 56.1% (40.6) // 51.3% (43.7) // 51.3% (43.7)",
        "oppShots": "51.6% (31.5) // 56.3% (29.0) // 51.6% (31.5) // 51.6% (31.5)",
        "oppScoring": "53.7% (31.5) // 61.3% (29.6) // 53.7% (31.5) // 53.7% (31.5)",
        "oppCorsiAgainst": "48.0% (55.3) // 43.0% (42.3) // 48.0% (55.3) // 48.0% (55.3)",
        "oppFenwickAgainst": "48.7% (41.4) // 43.9% (31.7) // 48.7% (41.4) // 48.7% (41.4)",
        "oppShotsAgainst": "48.4% (29.5) // 43.7% (22.5) // 48.4% (29.5) // 48.4% (29.5)",
        "oppScoringAgainst": "46.3% (27.2) // 38.7% (18.6) // 46.3% (27.2) // 46.3% (27.2)",
        "savesPerGame": 23.9,
        "savesPerGameLast1": 16.0,
        "savesPerGameLast3": 19.7,
        "savesPerGameLast5": 24.6,
        "savesPer60": 27.6,
        "savesPer60Last1": 15.9,
        "savesPer60Last3": 19.4,
        "savesPer60Last5": 25.2,
        "shotsPerGame": 30.5,
        "shotsPerGameLast5": 29.2,
        "shotsAgainstPerGame": 27.0,
        "shotsAgainstPerGameLast5": 28.8,
        "oppSavesAgainstPer60": 32.3,
        "oppSavesAgainstPer60Last1": 17.3,
        "oppSavesAgainstPer60Last3": 20.2,
        "oppSavesAgainstPer60Last5": 24.6,
        "oppShotsAgainstPerGame": 29.9,
        "oppShotsAgainstPerGameLast5": 29.2,
        "savesProj": 24.6,
        "savesProjLast5": 19.8,
        "savesProjLast3": 12.2,
        "oppSavesAgainstProj": 26.4,
        "oppSavesAgainstProjLast5": 18.7,
        "oppSavesAgainstProjLast3": 12.3,
        "totalOver": 27,
        "totalOverLast5": 20,
        "totalOverLast15": 13,
        "lastTotalOver": 30,
        "last5": "0,0,1,0,0,0,0,0,0,1",
        "overOdds": "+300",
        "underOdds": "0",
        "overUnder": "+300 / 0"
    },
    {
        "player": "Max Domi",
        "team": "DAL",
        "opponent": "SEA",
        "propType": "g",
        "line": 0.5,
        "ppLine": "PP2",
        "avg": 0.25,
        "hit": false,
        "diffAvg": -0.5,
        "diffAbs": 0.6,
        "lastAvg": 0.13,
        "diff": -0.74,
        "avgMin": 17,
        "proj": 0.2,
        "lastAvgMin": 13.03,
        "oppOver": 0,
        "teamOver": 0,
        "gameLine": "-155",
        "+/-": -6,
        "L5_+/-": 0.0,
        "prevMatchup": "2023-05-11 0.0 g 2023-05-09 2.0 g 2023-05-07 0.0 g 2023-05-04 0.0 g 2023-05-02 0.0 g 2023-03-21 0.0 g 2023-03-13 0.0 g 2023-03-11 0.0 g 2023-01-14 1.0 g 2022-10-23 1.0 g",
        "winLossSplits": "29% - 14%",
        "awayHome": "A",
        "playedYesterday": "N",
        "awayHomeSplits": "20% - 22%",
        "savesAboveExp": -0.168,
        "gsaa": -8.95,
        "corsi": "52.0% (59.9) // 57.0% (56.0) // 52.0% (59.9) // 52.0% (59.9)",
        "fenwick": "51.3% (43.7) // 56.1% (40.6) // 51.3% (43.7) // 51.3% (43.7)",
        "shots": "51.6% (31.5) // 56.3% (29.0) // 51.6% (31.5) // 51.6% (31.5)",
        "scoring": "53.7% (31.5) // 61.3% (29.6) // 53.7% (31.5) // 53.7% (31.5)",
        "corsiAgainst": "48.0% (55.3) // 43.0% (42.3) // 48.0% (55.3) // 48.0% (55.3)",
        "fenwickAgainst": "48.7% (41.4) // 43.9% (31.7) // 48.7% (41.4) // 48.7% (41.4)",
        "shotsAgainst": "48.4% (29.5) // 43.7% (22.5) // 48.4% (29.5) // 48.4% (29.5)",
        "scoringAgainst": "46.3% (27.2) // 38.7% (18.6) // 46.3% (27.2) // 46.3% (27.2)",
        "oppCorsi": "52.2% (57.4) // 56.1% (59.4) // 52.2% (57.4) // 52.2% (57.4)",
        "oppFenwick": "52.5% (43.0) // 57.1% (44.7) // 52.5% (43.0) // 52.5% (43.0)",
        "oppShots": "53.0% (30.2) // 57.4% (31.5) // 53.0% (30.2) // 53.0% (30.2)",
        "oppScoring": "50.6% (27.4) // 55.4% (26.5) // 50.6% (27.4) // 50.6% (27.4)",
        "oppCorsiAgainst": "47.8% (52.6) // 43.9% (46.4) // 47.8% (52.6) // 47.8% (52.6)",
        "oppFenwickAgainst": "47.5% (39.0) // 42.9% (33.6) // 47.5% (39.0) // 47.5% (39.0)",
        "oppShotsAgainst": "47.0% (26.8) // 42.6% (23.4) // 47.0% (26.8) // 47.0% (26.8)",
        "oppScoringAgainst": "49.4% (26.8) // 44.6% (21.3) // 49.4% (26.8) // 49.4% (26.8)",
        "savesPerGame": 27.3,
        "savesPerGameLast1": 29.0,
        "savesPerGameLast3": 21.0,
        "savesPerGameLast5": 25.4,
        "savesPer60": 31.3,
        "savesPer60Last1": 29.0,
        "savesPer60Last3": 21.0,
        "savesPer60Last5": 26.4,
        "shotsPerGame": 31.9,
        "shotsPerGameLast5": 28.8,
        "shotsAgainstPerGame": 29.9,
        "shotsAgainstPerGameLast5": 29.2,
        "oppSavesAgainstPer60": 30.7,
        "oppSavesAgainstPer60Last1": 29.0,
        "oppSavesAgainstPer60Last3": 20.7,
        "oppSavesAgainstPer60Last5": 25.3,
        "oppShotsAgainstPerGame": 27.0,
        "oppShotsAgainstPerGameLast5": 28.8,
        "savesProj": 30.4,
        "savesProjLast5": 24.3,
        "savesProjLast3": 16.0,
        "oppSavesAgainstProj": 28.4,
        "oppSavesAgainstProjLast5": 20.9,
        "oppSavesAgainstProjLast3": 14.2,
        "totalOver": 21,
        "totalOverLast5": 20,
        "totalOverLast15": 13,
        "lastTotalOver": 15,
        "last5": "0,2,0,0,0,1,0,0,0,0",
        "overOdds": "+300",
        "underOdds": "0",
        "overUnder": "+300 / 0"
    },
    {
        "player": "Miro Heiskanen",
        "team": "DAL",
        "opponent": "SEA",
        "propType": "g",
        "line": 0.5,
        "ppLine": "PP1",
        "avg": 0.12,
        "hit": false,
        "diffAvg": -0.76,
        "diffAbs": 0.8,
        "lastAvg": 0.06,
        "diff": -0.88,
        "avgMin": 25,
        "proj": 0.1,
        "lastAvgMin": 24.88,
        "oppOver": 0,
        "teamOver": 0,
        "gameLine": "-155",
        "+/-": "+13",
        "L5_+/-": "+1.0",
        "prevMatchup": "2023-05-11 0.0 g 2023-05-09 0.0 g 2023-05-07 0.0 g 2023-05-04 0.0 g 2023-05-02 0.0 g 2023-03-21 1.0 g 2023-03-13 0.0 g 2023-03-11 1.0 g",
        "winLossSplits": "15% - 5%",
        "awayHome": "A",
        "playedYesterday": "N",
        "awayHomeSplits": "7% - 16%",
        "savesAboveExp": -0.168,
        "gsaa": -8.95,
        "corsi": "52.0% (59.9) // 57.0% (56.0) // 52.0% (59.9) // 52.0% (59.9)",
        "fenwick": "51.3% (43.7) // 56.1% (40.6) // 51.3% (43.7) // 51.3% (43.7)",
        "shots": "51.6% (31.5) // 56.3% (29.0) // 51.6% (31.5) // 51.6% (31.5)",
        "scoring": "53.7% (31.5) // 61.3% (29.6) // 53.7% (31.5) // 53.7% (31.5)",
        "corsiAgainst": "48.0% (55.3) // 43.0% (42.3) // 48.0% (55.3) // 48.0% (55.3)",
        "fenwickAgainst": "48.7% (41.4) // 43.9% (31.7) // 48.7% (41.4) // 48.7% (41.4)",
        "shotsAgainst": "48.4% (29.5) // 43.7% (22.5) // 48.4% (29.5) // 48.4% (29.5)",
        "scoringAgainst": "46.3% (27.2) // 38.7% (18.6) // 46.3% (27.2) // 46.3% (27.2)",
        "oppCorsi": "52.2% (57.4) // 56.1% (59.4) // 52.2% (57.4) // 52.2% (57.4)",
        "oppFenwick": "52.5% (43.0) // 57.1% (44.7) // 52.5% (43.0) // 52.5% (43.0)",
        "oppShots": "53.0% (30.2) // 57.4% (31.5) // 53.0% (30.2) // 53.0% (30.2)",
        "oppScoring": "50.6% (27.4) // 55.4% (26.5) // 50.6% (27.4) // 50.6% (27.4)",
        "oppCorsiAgainst": "47.8% (52.6) // 43.9% (46.4) // 47.8% (52.6) // 47.8% (52.6)",
        "oppFenwickAgainst": "47.5% (39.0) // 42.9% (33.6) // 47.5% (39.0) // 47.5% (39.0)",
        "oppShotsAgainst": "47.0% (26.8) // 42.6% (23.4) // 47.0% (26.8) // 47.0% (26.8)",
        "oppScoringAgainst": "49.4% (26.8) // 44.6% (21.3) // 49.4% (26.8) // 49.4% (26.8)",
        "savesPerGame": 27.3,
        "savesPerGameLast1": 29.0,
        "savesPerGameLast3": 21.0,
        "savesPerGameLast5": 25.4,
        "savesPer60": 31.3,
        "savesPer60Last1": 29.0,
        "savesPer60Last3": 21.0,
        "savesPer60Last5": 26.4,
        "shotsPerGame": 31.9,
        "shotsPerGameLast5": 28.8,
        "shotsAgainstPerGame": 29.9,
        "shotsAgainstPerGameLast5": 29.2,
        "oppSavesAgainstPer60": 30.7,
        "oppSavesAgainstPer60Last1": 29.0,
        "oppSavesAgainstPer60Last3": 20.7,
        "oppSavesAgainstPer60Last5": 25.3,
        "oppShotsAgainstPerGame": 27.0,
        "oppShotsAgainstPerGameLast5": 28.8,
        "savesProj": 30.4,
        "savesProjLast5": 24.3,
        "savesProjLast3": 16.0,
        "oppSavesAgainstProj": 28.4,
        "oppSavesAgainstProjLast5": 20.9,
        "oppSavesAgainstProjLast3": 14.2,
        "totalOver": 11,
        "totalOverLast5": 0,
        "totalOverLast15": 0,
        "lastTotalOver": 9,
        "last5": "0,0,0,0,0,0,0,0,0,0",
        "overOdds": "+350",
        "underOdds": "0",
        "overUnder": "+350 / 0"
    },
    {
        "player": "Oliver Bjorkstrand",
        "team": "SEA",
        "opponent": "DAL",
        "propType": "g",
        "line": 0.5,
        "ppLine": "PP1",
        "avg": 0.25,
        "hit": false,
        "diffAvg": -0.5,
        "diffAbs": 0.4,
        "lastAvg": 0.35,
        "diff": -0.3,
        "avgMin": 15,
        "proj": 0.3,
        "lastAvgMin": 17.93,
        "oppOver": 0,
        "teamOver": 0,
        "gameLine": "+135",
        "+/-": -6,
        "L5_+/-": -5.0,
        "prevMatchup": "2023-05-11 0.0 g 2023-05-09 0.0 g 2023-05-07 0.0 g 2023-05-04 0.0 g 2023-05-02 1.0 g 2023-03-21 0.0 g 2023-03-13 0.0 g 2023-03-11 1.0 g",
        "winLossSplits": "27% - 14%",
        "awayHome": "H",
        "playedYesterday": "N",
        "awayHomeSplits": "26% - 17%",
        "savesAboveExp": 0.39,
        "gsaa": 26.05,
        "corsi": "52.2% (57.4) // 56.1% (59.4) // 52.2% (57.4) // 52.2% (57.4)",
        "fenwick": "52.5% (43.0) // 57.1% (44.7) // 52.5% (43.0) // 52.5% (43.0)",
        "shots": "53.0% (30.2) // 57.4% (31.5) // 53.0% (30.2) // 53.0% (30.2)",
        "scoring": "50.6% (27.4) // 55.4% (26.5) // 50.6% (27.4) // 50.6% (27.4)",
        "corsiAgainst": "47.8% (52.6) // 43.9% (46.4) // 47.8% (52.6) // 47.8% (52.6)",
        "fenwickAgainst": "47.5% (39.0) // 42.9% (33.6) // 47.5% (39.0) // 47.5% (39.0)",
        "shotsAgainst": "47.0% (26.8) // 42.6% (23.4) // 47.0% (26.8) // 47.0% (26.8)",
        "scoringAgainst": "49.4% (26.8) // 44.6% (21.3) // 49.4% (26.8) // 49.4% (26.8)",
        "oppCorsi": "52.0% (59.9) // 57.0% (56.0) // 52.0% (59.9) // 52.0% (59.9)",
        "oppFenwick": "51.3% (43.7) // 56.1% (40.6) // 51.3% (43.7) // 51.3% (43.7)",
        "oppShots": "51.6% (31.5) // 56.3% (29.0) // 51.6% (31.5) // 51.6% (31.5)",
        "oppScoring": "53.7% (31.5) // 61.3% (29.6) // 53.7% (31.5) // 53.7% (31.5)",
        "oppCorsiAgainst": "48.0% (55.3) // 43.0% (42.3) // 48.0% (55.3) // 48.0% (55.3)",
        "oppFenwickAgainst": "48.7% (41.4) // 43.9% (31.7) // 48.7% (41.4) // 48.7% (41.4)",
        "oppShotsAgainst": "48.4% (29.5) // 43.7% (22.5) // 48.4% (29.5) // 48.4% (29.5)",
        "oppScoringAgainst": "46.3% (27.2) // 38.7% (18.6) // 46.3% (27.2) // 46.3% (27.2)",
        "savesPerGame": 23.9,
        "savesPerGameLast1": 16.0,
        "savesPerGameLast3": 19.7,
        "savesPerGameLast5": 24.6,
        "savesPer60": 27.6,
        "savesPer60Last1": 15.9,
        "savesPer60Last3": 19.4,
        "savesPer60Last5": 25.2,
        "shotsPerGame": 30.5,
        "shotsPerGameLast5": 29.2,
        "shotsAgainstPerGame": 27.0,
        "shotsAgainstPerGameLast5": 28.8,
        "oppSavesAgainstPer60": 32.3,
        "oppSavesAgainstPer60Last1": 17.3,
        "oppSavesAgainstPer60Last3": 20.2,
        "oppSavesAgainstPer60Last5": 24.6,
        "oppShotsAgainstPerGame": 29.9,
        "oppShotsAgainstPerGameLast5": 29.2,
        "savesProj": 24.6,
        "savesProjLast5": 19.8,
        "savesProjLast3": 12.2,
        "oppSavesAgainstProj": 26.4,
        "oppSavesAgainstProjLast5": 18.7,
        "oppSavesAgainstProjLast3": 12.3,
        "totalOver": 22,
