[
    {
        "player": "Ilya Samsonov",
        "team": "TOR",
        "opponent": "TB",
        "propType": "sv",
        "line": 27.5,
        "ppLine": "",
        "avg": 25.84,
        "hit": false,
        "diffAvg": -0.06,
        "diffAbs": 0.18,
        "lastAvg": 20.94,
        "diff": -0.24,
        "avgMin": 58,
        "proj": 22.6,
        "lastAvgMin": 53.65,
        "oppOver": 52,
        "teamOver": 41,
        "gameLine": "-170",
        "+/-": 0,
        "L5_+/-": 0,
        "prevMatchup": "2022-12-03 tor @ tb 29.0 sv 2022-12-20 tb @ tor 18.0 sv 2023-04-11 tor @ tb 45.0 sv 2023-04-18 tb @ tor 27.0 sv",
        "winLossSplits": "44% - 31%",
        "awayHome": "H",
        "playedYesterday": "N",
        "awayHomeSplits": "59% - 27%",
        "savesAboveExp": 0.388,
        "gsaa": 17.37,
        "corsi": "50.8% (57.6) // 50.8% (59.1) // 39.7% (45.8) // -",
        "fenwick": "51.7% (44.0) // 52.2% (46.4) // 39.6% (34.8) // -",
        "shots": "52.1% (31.8) // 52.3% (33.2) // 37.2% (22.7) // -",
        "scoring": "53.9% (33.4) // 55.3% (34.1) // 42.6% (24.4) // -",
        "corsiAgainst": "49.2% (55.8) // 49.2% (57.4) // 60.3% (69.5) // -",
        "fenwickAgainst": "48.3% (41.1) // 47.8% (42.5) // 60.4% (53.0) // -",
        "shotsAgainst": "47.9% (29.2) // 47.7% (30.3) // 62.8% (38.3) // -",
        "scoringAgainst": "46.1% (28.5) // 44.7% (27.6) // 57.4% (32.8) // -",
        "oppCorsi": "51.4% (59.4) // 49.6% (57.4) // 60.3% (70.5) // -",
        "oppFenwick": "51.3% (44.7) // 48.1% (42.5) // 58.8% (53.5) // -",
        "oppShots": "50.4% (31.7) // 47.3% (30.9) // 58.8% (40.0) // -",
        "oppScoring": "52.9% (33.9) // 49.5% (32.2) // 58.3% (38.5) // -",
        "oppCorsiAgainst": "48.6% (56.3) // 50.4% (58.3) // 39.7% (46.5) // -",
        "oppFenwickAgainst": "48.7% (42.4) // 51.9% (45.9) // 41.2% (37.5) // -",
        "oppShotsAgainst": "49.6% (31.2) // 52.7% (34.4) // 41.2% (28.0) // -",
        "oppScoringAgainst": "47.1% (30.1) // 50.5% (32.8) // 41.7% (27.5) // -",
        "savesPerGame": 26.8,
        "savesPerGameLast1": 27.0,
        "savesPerGameLast3": 31.3,
        "savesPerGameLast5": 31.8,
        "savesPer60": 27.2,
        "savesPer60Last1": 27.0,
        "savesPer60Last3": 31.3,
        "savesPer60Last5": 32.2,
        "shotsPerGame": 32.0,
        "shotsPerGameLast5": 29.4,
        "shotsAgainstPerGame": 29.5,
        "shotsAgainstPerGameLast5": 34.6,
        "oppSavesAgainstPer60": 28.9,
        "oppSavesAgainstPer60Last1": 26.9,
        "oppSavesAgainstPer60Last3": 33.5,
        "oppSavesAgainstPer60Last5": 29.9,
        "oppShotsAgainstPerGame": 31.5,
        "oppShotsAgainstPerGameLast5": 33.8,
        "savesProj": 26.9,
        "savesProjLast5": 33.3,
        "savesProjLast3": 35.9,
        "oppSavesAgainstProj": 27.2,
        "oppSavesAgainstProjLast5": 32.3,
        "oppSavesAgainstProjLast3": 36.4,
        "totalOver": 40,
        "totalOverLast5": 40,
        "totalOverLast15": 40,
        "lastTotalOver": 39,
        "last5": "23,45,20,31,14,31,26,22,32,28",
        "overOdds": "-110",
        "underOdds": "-120",
        "overUnder": "-110 / -120"
    },
    {
        "player": "Andrei Vasilevskiy",
        "team": "TB",
        "opponent": "TOR",
        "propType": "sv",
        "line": 31.5,
        "ppLine": "",
        "avg": 28.59,
        "hit": false,
        "diffAvg": -0.09,
        "diffAbs": 0.38,
        "lastAvg": 19.68,
        "diff": -0.38,
        "avgMin": 59,
        "proj": 19.5,
        "lastAvgMin": 59.68,
        "oppOver": 35,
        "teamOver": 36,
        "gameLine": "+145",
        "+/-": 0,
        "L5_+/-": 0,
        "prevMatchup": "2022-12-03 tor @ tb 36.0 sv 2022-12-20 tb @ tor 36.0 sv 2023-04-11 tor @ tb 20.0 sv 2023-04-18 tb @ tor 28.0 sv",
        "winLossSplits": "37% - 35%",
        "awayHome": "A",
        "playedYesterday": "N",
        "awayHomeSplits": "34% - 38%",
        "savesAboveExp": 0.522,
        "gsaa": 20.53,
        "corsi": "51.4% (59.4) // 49.6% (57.4) // 60.3% (70.5) // -",
        "fenwick": "51.3% (44.7) // 48.1% (42.5) // 58.8% (53.5) // -",
        "shots": "50.4% (31.7) // 47.3% (30.9) // 58.8% (40.0) // -",
        "scoring": "52.9% (33.9) // 49.5% (32.2) // 58.3% (38.5) // -",
        "corsiAgainst": "48.6% (56.3) // 50.4% (58.3) // 39.7% (46.5) // -",
        "fenwickAgainst": "48.7% (42.4) // 51.9% (45.9) // 41.2% (37.5) // -",
        "shotsAgainst": "49.6% (31.2) // 52.7% (34.4) // 41.2% (28.0) // -",
        "scoringAgainst": "47.1% (30.1) // 50.5% (32.8) // 41.7% (27.5) // -",
        "oppCorsi": "50.8% (57.6) // 50.8% (59.1) // 39.7% (45.8) // -",
        "oppFenwick": "51.7% (44.0) // 52.2% (46.4) // 39.6% (34.8) // -",
        "oppShots": "52.1% (31.8) // 52.3% (33.2) // 37.2% (22.7) // -",
        "oppScoring": "53.9% (33.4) // 55.3% (34.1) // 42.6% (24.4) // -",
        "oppCorsiAgainst": "49.2% (55.8) // 49.2% (57.4) // 60.3% (69.5) // -",
        "oppFenwickAgainst": "48.3% (41.1) // 47.8% (42.5) // 60.4% (53.0) // -",
        "oppShotsAgainst": "47.9% (29.2) // 47.7% (30.3) // 62.8% (38.3) // -",
        "oppScoringAgainst": "46.1% (28.5) // 44.7% (27.6) // 57.4% (32.8) // -",
        "savesPerGame": 28.4,
        "savesPerGameLast1": 28.0,
        "savesPerGameLast3": 26.7,
        "savesPerGameLast5": 29.8,
        "savesPer60": 28.8,
        "savesPer60Last1": 28.0,
        "savesPer60Last3": 26.2,
        "savesPer60Last5": 29.4,
        "shotsPerGame": 32.0,
        "shotsPerGameLast5": 33.8,
        "shotsAgainstPerGame": 31.5,
        "shotsAgainstPerGameLast5": 33.8,
        "oppSavesAgainstPer60": 28.8,
        "oppSavesAgainstPer60Last1": 28.0,
        "oppSavesAgainstPer60Last3": 22.3,
        "oppSavesAgainstPer60Last5": 26.0,
        "oppShotsAgainstPerGame": 29.5,
        "oppShotsAgainstPerGameLast5": 34.6,
        "savesProj": 30.3,
        "savesProjLast5": 27.7,
        "savesProjLast3": 21.2,
        "oppSavesAgainstProj": 28.6,
        "oppSavesAgainstProjLast5": 27.4,
        "oppSavesAgainstProjLast3": 21.8,
        "totalOver": 36,
        "totalOverLast5": 20,
        "totalOverLast15": 33,
        "lastTotalOver": 30,
        "last5": "28,20,31,38,30,31,32,17,34,32",
        "overOdds": "-130",
        "underOdds": "+100",
        "overUnder": "-130 / +100"
    },
    {
        "player": "Vitek Vanecek",
        "team": "NJ",
        "opponent": "NYR",
        "propType": "sv",
        "line": 26.5,
        "ppLine": "",
        "avg": 23.25,
        "hit": false,
        "diffAvg": -0.12,
        "diffAbs": 0.12,
        "lastAvg": 23.05,
        "diff": -0.13,
        "avgMin": 56,
        "proj": 23.4,
        "lastAvgMin": 55.17,
        "oppOver": 58,
        "teamOver": 37,
        "gameLine": "-135",
        "+/-": 0,
        "L5_+/-": 0,
        "prevMatchup": "2022-11-28 nj @ nyr 35.0 sv 2022-12-12 nj @ nyr 19.0 sv 2023-01-07 nyr @ nj 31.0 sv 2023-03-30 nyr @ nj 24.0 sv 2023-04-18 nyr @ nj 18.0 sv",
        "winLossSplits": "44% - 11%",
        "awayHome": "H",
        "playedYesterday": "N",
        "awayHomeSplits": "39% - 27%",
        "savesAboveExp": 0.109,
        "gsaa": 8.64,
        "corsi": "53.7% (63.4) // 55.1% (64.9) // 50.4% (61.7) // -",
        "fenwick": "53.9% (46.9) // 55.2% (48.2) // 50.5% (47.7) // -",
        "shots": "54.9% (33.9) // 54.4% (33.3) // 48.1% (30.8) // -",
        "scoring": "56.3% (35.0) // 60.7% (39.4) // 53.0% (38.5) // -",
        "corsiAgainst": "46.3% (54.8) // 44.9% (52.8) // 49.6% (60.7) // -",
        "fenwickAgainst": "46.1% (40.1) // 44.8% (39.2) // 49.5% (46.7) // -",
        "shotsAgainst": "45.1% (27.8) // 45.6% (28.0) // 51.9% (33.2) // -",
        "scoringAgainst": "43.7% (27.1) // 39.3% (25.5) // 47.0% (34.2) // -",
        "oppCorsi": "51.4% (57.9) // 49.5% (54.5) // 48.1% (48.0) // -",
        "oppFenwick": "52.0% (43.7) // 50.7% (42.3) // 48.1% (37.0) // -",
        "oppShots": "51.8% (31.1) // 51.8% (30.7) // 46.4% (25.0) // -",
        "oppScoring": "51.3% (30.8) // 48.9% (29.6) // 50.9% (28.8) // -",
        "oppCorsiAgainst": "48.6% (54.7) // 50.5% (55.5) // 51.9% (51.8) // -",
        "oppFenwickAgainst": "48.0% (40.2) // 49.3% (41.1) // 51.9% (39.8) // -",
        "oppShotsAgainst": "48.2% (28.9) // 48.2% (28.6) // 53.6% (28.8) // -",
        "oppScoringAgainst": "48.7% (29.2) // 51.1% (30.9) // 49.1% (27.8) // -",
        "savesPerGame": 25.5,
        "savesPerGameLast1": 18.0,
        "savesPerGameLast3": 27.0,
        "savesPerGameLast5": 27.0,
        "savesPer60": 25.9,
        "savesPer60Last1": 17.9,
        "savesPer60Last3": 27.6,
        "savesPer60Last5": 27.2,
        "shotsPerGame": 34.4,
        "shotsPerGameLast5": 31.6,
        "shotsAgainstPerGame": 28.2,
        "shotsAgainstPerGameLast5": 29.8,
        "oppSavesAgainstPer60": 28.6,
        "oppSavesAgainstPer60Last1": 18.0,
        "oppSavesAgainstPer60Last3": 21.9,
        "oppSavesAgainstPer60Last5": 22.3,
        "oppShotsAgainstPerGame": 29.3,
        "oppShotsAgainstPerGameLast5": 26.0,
        "savesProj": 26.8,
        "savesProjLast5": 22.5,
        "savesProjLast3": 22.4,
        "oppSavesAgainstProj": 25.5,
        "oppSavesAgainstProjLast5": 20.9,
        "oppSavesAgainstProjLast3": 20.6,
        "totalOver": 32,
        "totalOverLast5": 20,
        "totalOverLast15": 27,
        "lastTotalOver": 34,
        "last5": "18,36,16,22,17,24,31,17,27,22",
        "overOdds": "-105",
        "underOdds": "-125",
        "overUnder": "-105 / -125"
    },
    {
        "player": "Igor Shesterkin",
        "team": "NYR",
        "opponent": "NJ",
        "propType": "sv",
        "line": 31.5,
        "ppLine": "",
        "avg": 27.15,
        "hit": false,
        "diffAvg": -0.14,
        "diffAbs": 0.32,
        "lastAvg": 20.77,
        "diff": -0.34,
        "avgMin": 60,
        "proj": 21.5,
        "lastAvgMin": 57.93,
        "oppOver": 46,
        "teamOver": 24,
        "gameLine": "+115",
        "+/-": 0,
        "L5_+/-": 0,
        "prevMatchup": "2022-11-28 nj @ nyr 33.0 sv 2022-12-12 nj @ nyr 26.0 sv 2023-01-07 nyr @ nj 39.0 sv 2023-03-30 nyr @ nj 29.0 sv 2023-04-18 nyr @ nj 27.0 sv",
        "winLossSplits": "16% - 43%",
        "awayHome": "A",
        "playedYesterday": "N",
        "awayHomeSplits": "27% - 24%",
        "savesAboveExp": 0.388,
        "gsaa": 20.59,
        "corsi": "51.4% (57.9) // 49.5% (54.5) // 48.1% (48.0) // -",
        "fenwick": "52.0% (43.7) // 50.7% (42.3) // 48.1% (37.0) // -",
        "shots": "51.8% (31.1) // 51.8% (30.7) // 46.4% (25.0) // -",
        "scoring": "51.3% (30.8) // 48.9% (29.6) // 50.9% (28.8) // -",
        "corsiAgainst": "48.6% (54.7) // 50.5% (55.5) // 51.9% (51.8) // -",
        "fenwickAgainst": "48.0% (40.2) // 49.3% (41.1) // 51.9% (39.8) // -",
        "shotsAgainst": "48.2% (28.9) // 48.2% (28.6) // 53.6% (28.8) // -",
        "scoringAgainst": "48.7% (29.2) // 51.1% (30.9) // 49.1% (27.8) // -",
        "oppCorsi": "53.7% (63.4) // 55.1% (64.9) // 50.4% (61.7) // -",
        "oppFenwick": "53.9% (46.9) // 55.2% (48.2) // 50.5% (47.7) // -",
        "oppShots": "54.9% (33.9) // 54.4% (33.3) // 48.1% (30.8) // -",
        "oppScoring": "56.3% (35.0) // 60.7% (39.4) // 53.0% (38.5) // -",
        "oppCorsiAgainst": "46.3% (54.8) // 44.9% (52.8) // 49.6% (60.7) // -",
        "oppFenwickAgainst": "46.1% (40.1) // 44.8% (39.2) // 49.5% (46.7) // -",
        "oppShotsAgainst": "45.1% (27.8) // 45.6% (28.0) // 51.9% (33.2) // -",
        "oppScoringAgainst": "43.7% (27.1) // 39.3% (25.5) // 47.0% (34.2) // -",
        "savesPerGame": 26.7,
        "savesPerGameLast1": 27.0,
        "savesPerGameLast3": 27.3,
        "savesPerGameLast5": 24.2,
        "savesPer60": 27.1,
        "savesPer60Last1": 26.9,
        "savesPer60Last3": 27.6,
        "savesPer60Last5": 24.4,
        "shotsPerGame": 31.5,
        "shotsPerGameLast5": 25.4,
        "shotsAgainstPerGame": 29.3,
        "shotsAgainstPerGameLast5": 26.0,
        "oppSavesAgainstPer60": 31.4,
        "oppSavesAgainstPer60Last1": 27.0,
        "oppSavesAgainstPer60Last3": 26.5,
        "oppSavesAgainstPer60Last5": 27.1,
        "oppShotsAgainstPerGame": 28.2,
        "oppShotsAgainstPerGameLast5": 29.8,
        "savesProj": 32.3,
        "savesProjLast5": 25.8,
        "savesProjLast3": 28.4,
        "oppSavesAgainstProj": 29.2,
        "oppSavesAgainstProjLast5": 23.0,
        "oppSavesAgainstProjLast3": 24.3,
        "totalOver": 25,
        "totalOverLast5": 20,
        "totalOverLast15": 27,
        "lastTotalOver": 39,
        "last5": "27,37,20,28,26,29,28,29,36,33",
        "overOdds": "-120",
        "underOdds": "-110",
        "overUnder": "-120 / -110"
    },
    {
        "player": "Alexandar Georgiev",
        "team": "COL",
        "opponent": "SEA",
        "propType": "sv",
        "line": 27.5,
        "ppLine": "",
        "avg": 28.19,
        "hit": false,
        "diffAvg": 0.03,
        "diffAbs": 0.13,
        "lastAvg": 21.34,
        "diff": -0.22,
        "avgMin": 59,
        "proj": 23.8,
        "lastAvgMin": 52.9,
        "oppOver": 48,
        "teamOver": 48,
        "gameLine": "-225",
        "+/-": 0,
        "L5_+/-": 0,
        "prevMatchup": "2022-10-21 sea @ col 35.0 sv 2023-01-21 col @ sea 26.0 sv 2023-03-05 sea @ col 32.0 sv 2023-04-18 sea @ col 27.0 sv",
        "winLossSplits": "52% - 48%",
        "awayHome": "H",
        "playedYesterday": "N",
        "awayHomeSplits": "59% - 44%",
        "savesAboveExp": 0.16,
        "gsaa": 26.31,
        "corsi": "52.5% (60.1) // 55.0% (62.9) // 53.3% (55.8) // 64.2% (70.0)",
        "fenwick": "51.9% (44.1) // 55.1% (46.4) // 53.0% (40.3) // 64.0% (48.0)",
        "shots": "51.8% (32.8) // 55.1% (34.6) // 52.4% (29.4) // 61.8% (34.0)",
        "scoring": "53.4% (30.3) // 54.6% (32.8) // 54.4% (28.4) // 66.7% (34.0)",
        "corsiAgainst": "47.5% (54.3) // 45.0% (51.4) // 46.7% (48.8) // 35.8% (39.0)",
        "fenwickAgainst": "48.1% (41.0) // 44.9% (37.8) // 47.0% (35.6) // 36.0% (27.0)",
        "shotsAgainst": "48.2% (30.5) // 44.9% (28.2) // 47.6% (26.7) // 38.2% (21.0)",
        "scoringAgainst": "46.6% (26.5) // 45.4% (27.3) // 45.6% (23.8) // 33.3% (17.0)",
        "oppCorsi": "52.2% (57.4) // 56.1% (59.4) // 57.9% (65.7) // -",
        "oppFenwick": "52.5% (43.0) // 57.1% (44.7) // 58.3% (46.7) // -",
        "oppShots": "53.0% (30.2) // 57.4% (31.5) // 53.0% (29.7) // -",
        "oppScoring": "50.6% (27.4) // 55.4% (26.5) // 55.7% (31.0) // -",
        "oppCorsiAgainst": "47.8% (52.6) // 43.9% (46.4) // 42.1% (47.7) // -",
        "oppFenwickAgainst": "47.5% (39.0) // 42.9% (33.6) // 41.7% (33.3) // -",
        "oppShotsAgainst": "47.0% (26.8) // 42.6% (23.4) // 47.0% (26.3) // -",
        "oppScoringAgainst": "49.4% (26.8) // 44.6% (21.3) // 44.3% (24.7) // -",
        "savesPerGame": 28.4,
        "savesPerGameLast1": 27.0,
        "savesPerGameLast3": 27.7,
        "savesPerGameLast5": 28.0,
        "savesPer60": 29.1,
        "savesPer60Last1": 26.1,
        "savesPer60Last3": 27.3,
        "savesPer60Last5": 28.3,
        "shotsPerGame": 33.2,
        "shotsPerGameLast5": 31.6,
        "shotsAgainstPerGame": 31.1,
        "shotsAgainstPerGameLast5": 30.8,
        "oppSavesAgainstPer60": 27.1,
        "oppSavesAgainstPer60Last1": 27.0,
        "oppSavesAgainstPer60Last3": 25.3,
        "oppSavesAgainstPer60Last5": 26.7,
        "oppShotsAgainstPerGame": 27.0,
        "oppShotsAgainstPerGameLast5": 28.6,
        "savesProj": 32.1,
        "savesProjLast5": 31.2,
        "savesProjLast3": 28.8,
        "oppSavesAgainstProj": 27.1,
        "oppSavesAgainstProjLast5": 22.9,
        "oppSavesAgainstProjLast3": 19.5,
        "totalOver": 51,
        "totalOverLast5": 40,
        "totalOverLast15": 33,
        "lastTotalOver": 38,
        "last5": "27,18,18,38,38,21,28,26,25,27",
        "overOdds": "-110",
        "underOdds": "-120",
        "overUnder": "-110 / -120"
    },
    {
        "player": "Philipp Grubauer",
        "team": "SEA",
        "opponent": "COL",
        "propType": "sv",
        "line": 29.5,
        "ppLine": "",
        "avg": 21.65,
        "hit": false,
        "diffAvg": -0.27,
        "diffAbs": 0.24,
        "lastAvg": 23.91,
        "diff": -0.19,
        "avgMin": 53,
        "proj": 22.4,
        "lastAvgMin": 56.57,
        "oppOver": 46,
        "teamOver": 17,
        "gameLine": "+190",
        "+/-": 0,
        "L5_+/-": 0,
        "prevMatchup": "2022-10-21 sea @ col 18.0 sv 2023-01-21 col @ sea 26.0 sv 2023-03-05 sea @ col 21.0 sv 2023-04-18 sea @ col 34.0 sv",
        "winLossSplits": "15% - 20%",
        "awayHome": "A",
        "playedYesterday": "N",
        "awayHomeSplits": "33% - 5%",
        "savesAboveExp": -0.168,
        "gsaa": -8.95,
        "corsi": "52.2% (57.4) // 56.1% (59.4) // 57.9% (65.7) // -",
        "fenwick": "52.5% (43.0) // 57.1% (44.7) // 58.3% (46.7) // -",
        "shots": "53.0% (30.2) // 57.4% (31.5) // 53.0% (29.7) // -",
        "scoring": "50.6% (27.4) // 55.4% (26.5) // 55.7% (31.0) // -",
        "corsiAgainst": "47.8% (52.6) // 43.9% (46.4) // 42.1% (47.7) // -",
        "fenwickAgainst": "47.5% (39.0) // 42.9% (33.6) // 41.7% (33.3) // -",
        "shotsAgainst": "47.0% (26.8) // 42.6% (23.4) // 47.0% (26.3) // -",
        "scoringAgainst": "49.4% (26.8) // 44.6% (21.3) // 44.3% (24.7) // -",
        "oppCorsi": "52.5% (60.1) // 55.0% (62.9) // 53.3% (55.8) // 64.2% (70.0)",
        "oppFenwick": "51.9% (44.1) // 55.1% (46.4) // 53.0% (40.3) // 64.0% (48.0)",
        "oppShots": "51.8% (32.8) // 55.1% (34.6) // 52.4% (29.4) // 61.8% (34.0)",
        "oppScoring": "53.4% (30.3) // 54.6% (32.8) // 54.4% (28.4) // 66.7% (34.0)",
        "oppCorsiAgainst": "47.5% (54.3) // 45.0% (51.4) // 46.7% (48.8) // 35.8% (39.0)",
        "oppFenwickAgainst": "48.1% (41.0) // 44.9% (37.8) // 47.0% (35.6) // 36.0% (27.0)",
        "oppShotsAgainst": "48.2% (30.5) // 44.9% (28.2) // 47.6% (26.7) // 38.2% (21.0)",
        "oppScoringAgainst": "46.6% (26.5) // 45.4% (27.3) // 45.6% (23.8) // 33.3% (17.0)",
        "savesPerGame": 23.9,
        "savesPerGameLast1": 34.0,
        "savesPerGameLast3": 27.7,
        "savesPerGameLast5": 26.2,
        "savesPer60": 24.3,
        "savesPer60Last1": 34.0,
        "savesPer60Last3": 27.5,
        "savesPer60Last5": 25.9,
        "shotsPerGame": 30.5,
        "shotsPerGameLast5": 30.0,
        "shotsAgainstPerGame": 27.0,
        "shotsAgainstPerGameLast5": 28.6,
        "oppSavesAgainstPer60": 30.8,
        "oppSavesAgainstPer60Last1": 36.4,
        "oppSavesAgainstPer60Last3": 28.3,
        "oppSavesAgainstPer60Last5": 29.4,
        "oppShotsAgainstPerGame": 31.1,
        "oppShotsAgainstPerGameLast5": 30.8,
        "savesProj": 25.1,
        "savesProjLast5": 27.6,
        "savesProjLast3": 26.8,
        "oppSavesAgainstProj": 26.1,
        "oppSavesAgainstProjLast5": 28.3,
        "oppSavesAgainstProjLast3": 26.5,
        "totalOver": 18,
        "totalOverLast5": 20,
        "totalOverLast15": 13,
        "lastTotalOver": 9,
        "last5": "34,16,22,11,27,20,9,14,7,31",
        "overOdds": "-135",
        "underOdds": "+105",
        "overUnder": "-135 / +105"
    },
    {
        "player": "Connor Hellebuyck",
        "team": "WPG",
        "opponent": "VGK",
        "propType": "sv",
        "line": 27.5,
        "ppLine": "",
        "avg": 28.05,
        "hit": false,
        "diffAvg": 0.02,
        "diffAbs": 0.08,
        "lastAvg": 29.73,
        "diff": 0.08,
        "avgMin": 59,
        "proj": 29.7,
        "lastAvgMin": 59.13,
        "oppOver": 51,
        "teamOver": 46,
        "gameLine": "+135",
        "+/-": 0,
        "L5_+/-": 0,
        "prevMatchup": "2022-10-20 wpg @ vgk 27.0 sv 2022-10-30 wpg @ vgk 46.0 sv 2022-12-13 vgk @ wpg 27.0 sv 2023-04-18 wpg @ vgk 16.0 sv",
        "winLossSplits": "58% - 37%",
        "awayHome": "A",
        "playedYesterday": "N",
        "awayHomeSplits": "48% - 50%",
        "savesAboveExp": 0.641,
        "gsaa": 31.05,
        "corsi": "51.5% (58.6) // 54.0% (61.3) // 48.4% (50.3) // -",
        "fenwick": "51.3% (43.9) // 53.8% (45.7) // 48.7% (37.0) // -",
        "shots": "50.0% (30.1) // 52.0% (30.2) // 47.7% (24.3) // -",
        "scoring": "51.9% (30.3) // 55.2% (31.4) // 48.2% (26.7) // -",
        "corsiAgainst": "48.5% (55.2) // 46.0% (52.2) // 51.6% (53.7) // -",
        "fenwickAgainst": "48.7% (41.7) // 46.2% (39.2) // 51.3% (39.0) // -",
        "shotsAgainst": "50.0% (30.1) // 48.0% (27.9) // 52.3% (26.7) // -",
        "scoringAgainst": "48.1% (28.1) // 44.8% (25.5) // 51.8% (28.7) // -",
        "oppCorsi": "48.6% (57.5) // 48.0% (56.0) // 43.1% (52.0) // -",
        "oppFenwick": "49.7% (42.3) // 48.8% (40.5) // 42.9% (35.0) // -",
        "oppShots": "50.5% (31.1) // 50.2% (28.8) // 51.9% (28.0) // -",
        "oppScoring": "49.5% (29.2) // 49.0% (28.7) // 47.0% (27.0) // -",
        "oppCorsiAgainst": "51.4% (60.7) // 52.0% (60.6) // 56.9% (68.5) // -",
        "oppFenwickAgainst": "50.3% (42.8) // 51.2% (42.5) // 57.1% (46.5) // -",
        "oppShotsAgainst": "49.5% (30.4) // 49.8% (28.5) // 48.1% (26.0) // -",
        "oppScoringAgainst": "50.5% (29.8) // 51.0% (29.9) // 53.0% (30.5) // -",
        "savesPerGame": 27.6,
        "savesPerGameLast1": 16.0,
        "savesPerGameLast3": 23.3,
        "savesPerGameLast5": 23.4,
        "savesPer60": 27.8,
        "savesPer60Last1": 16.0,
        "savesPer60Last3": 23.3,
        "savesPer60Last5": 23.4,
        "shotsPerGame": 30.3,
        "shotsPerGameLast5": 28.4,
        "shotsAgainstPerGame": 30.3,
        "shotsAgainstPerGameLast5": 25.0,
        "oppSavesAgainstPer60": 28.7,
        "oppSavesAgainstPer60Last1": 15.8,
        "oppSavesAgainstPer60Last3": 22.2,
        "oppSavesAgainstPer60Last5": 23.5,
        "oppShotsAgainstPerGame": 30.9,
        "oppShotsAgainstPerGameLast5": 28.0,
        "savesProj": 27.4,
        "savesProjLast5": 18.9,
        "savesProjLast3": 17.6,
        "oppSavesAgainstProj": 27.8,
        "oppSavesAgainstProjLast5": 19.3,
        "oppSavesAgainstProjLast3": 17.5,
        "totalOver": 49,
        "totalOverLast5": 60,
        "totalOverLast15": 33,
        "lastTotalOver": 68,
        "last5": "16,33,19,28,32,31,23,27,25,18",
        "overOdds": "-125",
        "underOdds": "-105",
        "overUnder": "-125 / -105"
    }
]