[
    {
        "player": "Auston Matthews",
        "team": "TOR",
        "opponent": "CBJ",
        "propType": "g",
        "line": 0.5,
        "ppLine": "PP1",
        "avg": 0.54,
        "hit": false,
        "diffAvg": 0.08,
        "diffAbs": 0.4,
        "lastAvg": 0.74,
        "diff": 0.48,
        "avgMin": 20,
        "proj": 0.7,
        "lastAvgMin": 20.6,
        "oppOver": 0,
        "teamOver": 0,
        "gameLine": "-365",
        "+/-": "+30",
        "L5_+/-": "+4.0",
        "prevMatchup": "",
        "winLossSplits": "52% - 37%",
        "awayHome": "H",
        "playedYesterday": "N",
        "awayHomeSplits": "37% - 56%",
        "savesAboveExp": "-",
        "gsaa": "-",
        "corsi": "50.9% (57.5) // 48.6% (56.0) // 54.7% (63.4) // 50.7% (59.4)",
        "fenwick": "51.7% (43.8) // 48.4% (41.7) // 55.4% (49.1) // 51.5% (45.9)",
        "shots": "52.2% (31.7) // 49.4% (30.2) // 57.2% (36.4) // 55.6% (34.7)",
        "scoring": "53.9% (33.4) // 52.4% (31.9) // 59.2% (37.6) // 52.4% (32.7)",
        "corsiAgainst": "49.1% (55.5) // 51.4% (59.2) // 45.3% (52.5) // 49.3% (57.8)",
        "fenwickAgainst": "48.3% (40.9) // 51.6% (44.5) // 44.6% (39.6) // 48.5% (43.3)",
        "shotsAgainst": "47.8% (29.0) // 50.6% (31.0) // 42.8% (27.2) // 44.4% (27.7)",
        "scoringAgainst": "46.1% (28.6) // 47.6% (28.9) // 40.8% (25.9) // 47.6% (29.7)",
        "oppCorsi": "45.8% (55.3) // 45.3% (54.7) // 41.6% (46.7) // 39.9% (46.1)",
        "oppFenwick": "45.6% (41.1) // 44.0% (40.1) // 40.1% (34.3) // 38.0% (33.5)",
        "oppShots": "45.5% (29.2) // 44.9% (29.5) // 41.1% (24.3) // 39.2% (22.9)",
        "oppScoring": "45.0% (27.1) // 44.6% (28.3) // 41.3% (23.5) // 38.3% (22.9)",
        "oppCorsiAgainst": "54.2% (65.4) // 54.7% (66.1) // 58.4% (65.6) // 60.1% (69.3)",
        "oppFenwickAgainst": "54.4% (49.0) // 56.0% (51.1) // 59.9% (51.2) // 62.0% (54.7)",
        "oppShotsAgainst": "54.5% (35.0) // 55.1% (36.2) // 58.9% (34.9) // 60.8% (35.5)",
        "oppScoringAgainst": "55.0% (33.1) // 55.4% (35.1) // 58.7% (33.5) // 61.7% (36.8)",
        "savesPerGame": 26.5,
        "savesPerGameLast1": 19.0,
        "savesPerGameLast3": 25.3,
        "savesPerGameLast5": 24.4,
        "savesPer60": 26.5,
        "savesPer60Last1": 18.7,
        "savesPer60Last3": 25.4,
        "savesPer60Last5": 24.3,
        "shotsPerGame": 32.0,
        "shotsPerGameLast5": 36.6,
        "shotsAgainstPerGame": 29.2,
        "shotsAgainstPerGameLast5": 27.4,
        "oppSavesAgainstPer60": 26.8,
        "oppSavesAgainstPer60Last1": 17.9,
        "oppSavesAgainstPer60Last3": 21.5,
        "oppSavesAgainstPer60Last5": 22.8,
        "oppShotsAgainstPerGame": 35.3,
        "oppShotsAgainstPerGameLast5": 35.0,
        "savesProj": 22.8,
        "savesProjLast5": 17.6,
        "savesProjLast3": 17.4,
        "oppSavesAgainstProj": 25.2,
        "oppSavesAgainstProjLast5": 18.8,
        "oppSavesAgainstProjLast3": 18.3,
        "totalOver": 46,
        "totalOverLast5": 40,
        "totalOverLast15": 47,
        "lastTotalOver": 54,
        "last5": "0,0,1,0,2,2,0,0,1,0",
        "overOdds": "-165",
        "underOdds": "0",
        "overUnder": "-165 / 0"
    },
    {
        "player": "Boone Jenner",
        "team": "CBJ",
        "opponent": "TOR",
        "propType": "g",
        "line": 0.5,
        "ppLine": "PP1",
        "avg": 0.4,
        "hit": false,
        "diffAvg": -0.2,
        "diffAbs": 0.2,
        "lastAvg": 0.39,
        "diff": -0.22,
        "avgMin": 20,
        "proj": 0.4,
        "lastAvgMin": 20.45,
        "oppOver": 0,
        "teamOver": 0,
        "gameLine": "+300",
        "+/-": -27,
        "L5_+/-": -10.0,
        "prevMatchup": "2023-02-11 1.0 g 2023-02-10 0.0 g",
        "winLossSplits": "68% - 19%",
        "awayHome": "A",
        "playedYesterday": "N",
        "awayHomeSplits": "28% - 42%",
        "savesAboveExp": 0.388,
        "gsaa": 11.93,
        "corsi": "45.8% (55.3) // 45.3% (54.7) // 41.6% (46.7) // 39.9% (46.1)",
        "fenwick": "45.6% (41.1) // 44.0% (40.1) // 40.1% (34.3) // 38.0% (33.5)",
        "shots": "45.5% (29.2) // 44.9% (29.5) // 41.1% (24.3) // 39.2% (22.9)",
        "scoring": "45.0% (27.1) // 44.6% (28.3) // 41.3% (23.5) // 38.3% (22.9)",
        "corsiAgainst": "54.2% (65.4) // 54.7% (66.1) // 58.4% (65.6) // 60.1% (69.3)",
        "fenwickAgainst": "54.4% (49.0) // 56.0% (51.1) // 59.9% (51.2) // 62.0% (54.7)",
        "shotsAgainst": "54.5% (35.0) // 55.1% (36.2) // 58.9% (34.9) // 60.8% (35.5)",
        "scoringAgainst": "55.0% (33.1) // 55.4% (35.1) // 58.7% (33.5) // 61.7% (36.8)",
        "oppCorsi": "50.9% (57.5) // 48.6% (56.0) // 54.7% (63.4) // 50.7% (59.4)",
        "oppFenwick": "51.7% (43.8) // 48.4% (41.7) // 55.4% (49.1) // 51.5% (45.9)",
        "oppShots": "52.2% (31.7) // 49.4% (30.2) // 57.2% (36.4) // 55.6% (34.7)",
        "oppScoring": "53.9% (33.4) // 52.4% (31.9) // 59.2% (37.6) // 52.4% (32.7)",
        "oppCorsiAgainst": "49.1% (55.5) // 51.4% (59.2) // 45.3% (52.5) // 49.3% (57.8)",
        "oppFenwickAgainst": "48.3% (40.9) // 51.6% (44.5) // 44.6% (39.6) // 48.5% (43.3)",
        "oppShotsAgainst": "47.8% (29.0) // 50.6% (31.0) // 42.8% (27.2) // 44.4% (27.7)",
        "oppScoringAgainst": "46.1% (28.6) // 47.6% (28.9) // 40.8% (25.9) // 47.6% (29.7)",
        "savesPerGame": 31.3,
        "savesPerGameLast1": 24.0,
        "savesPerGameLast3": 31.7,
        "savesPerGameLast5": 29.8,
        "savesPer60": 31.2,
        "savesPer60Last1": 24.1,
        "savesPer60Last3": 31.8,
        "savesPer60Last5": 29.8,
        "shotsPerGame": 29.5,
        "shotsPerGameLast5": 24.4,
        "shotsAgainstPerGame": 35.3,
        "shotsAgainstPerGameLast5": 35.0,
        "oppSavesAgainstPer60": 28.4,
        "oppSavesAgainstPer60Last1": 43.0,
        "oppSavesAgainstPer60Last3": 33.1,
        "oppSavesAgainstPer60Last5": 34.3,
        "oppShotsAgainstPerGame": 29.2,
        "oppShotsAgainstPerGameLast5": 27.4,
        "savesProj": 33.6,
        "savesProjLast5": 38.2,
        "savesProjLast3": 39.2,
        "oppSavesAgainstProj": 31.4,
        "oppSavesAgainstProjLast5": 34.9,
        "oppSavesAgainstProjLast3": 33.7,
        "totalOver": 35,
        "totalOverLast5": 20,
        "totalOverLast15": 40,
        "lastTotalOver": 37,
        "last5": "1,0,0,0,0,1,1,0,1,0",
        "overOdds": "+190",
        "underOdds": "0",
        "overUnder": "+190 / 0"
    },
    {
        "player": "John Tavares",
        "team": "TOR",
        "opponent": "CBJ",
        "propType": "g",
        "line": 0.5,
        "ppLine": "PP1",
        "avg": 0.44,
        "hit": false,
        "diffAvg": -0.12,
        "diffAbs": 0.4,
        "lastAvg": 0.31,
        "diff": -0.38,
        "avgMin": 17,
        "proj": 0.3,
        "lastAvgMin": 18.07,
        "oppOver": 0,
        "teamOver": 0,
        "gameLine": "-365",
        "+/-": -7,
        "L5_+/-": -8.0,
        "prevMatchup": "2023-02-11 0.0 g 2023-02-10 2.0 g",
        "winLossSplits": "45% - 19%",
        "awayHome": "H",
        "playedYesterday": "N",
        "awayHomeSplits": "39% - 31%",
        "savesAboveExp": "-",
        "gsaa": "-",
        "corsi": "50.9% (57.5) // 48.6% (56.0) // 54.7% (63.4) // 50.7% (59.4)",
        "fenwick": "51.7% (43.8) // 48.4% (41.7) // 55.4% (49.1) // 51.5% (45.9)",
        "shots": "52.2% (31.7) // 49.4% (30.2) // 57.2% (36.4) // 55.6% (34.7)",
        "scoring": "53.9% (33.4) // 52.4% (31.9) // 59.2% (37.6) // 52.4% (32.7)",
        "corsiAgainst": "49.1% (55.5) // 51.4% (59.2) // 45.3% (52.5) // 49.3% (57.8)",
        "fenwickAgainst": "48.3% (40.9) // 51.6% (44.5) // 44.6% (39.6) // 48.5% (43.3)",
        "shotsAgainst": "47.8% (29.0) // 50.6% (31.0) // 42.8% (27.2) // 44.4% (27.7)",
        "scoringAgainst": "46.1% (28.6) // 47.6% (28.9) // 40.8% (25.9) // 47.6% (29.7)",
        "oppCorsi": "45.8% (55.3) // 45.3% (54.7) // 41.6% (46.7) // 39.9% (46.1)",
        "oppFenwick": "45.6% (41.1) // 44.0% (40.1) // 40.1% (34.3) // 38.0% (33.5)",
        "oppShots": "45.5% (29.2) // 44.9% (29.5) // 41.1% (24.3) // 39.2% (22.9)",
        "oppScoring": "45.0% (27.1) // 44.6% (28.3) // 41.3% (23.5) // 38.3% (22.9)",
        "oppCorsiAgainst": "54.2% (65.4) // 54.7% (66.1) // 58.4% (65.6) // 60.1% (69.3)",
        "oppFenwickAgainst": "54.4% (49.0) // 56.0% (51.1) // 59.9% (51.2) // 62.0% (54.7)",
        "oppShotsAgainst": "54.5% (35.0) // 55.1% (36.2) // 58.9% (34.9) // 60.8% (35.5)",
        "oppScoringAgainst": "55.0% (33.1) // 55.4% (35.1) // 58.7% (33.5) // 61.7% (36.8)",
        "savesPerGame": 26.5,
        "savesPerGameLast1": 19.0,
        "savesPerGameLast3": 25.3,
        "savesPerGameLast5": 24.4,
        "savesPer60": 26.5,
        "savesPer60Last1": 18.7,
        "savesPer60Last3": 25.4,
        "savesPer60Last5": 24.3,
        "shotsPerGame": 32.0,
        "shotsPerGameLast5": 36.6,
        "shotsAgainstPerGame": 29.2,
        "shotsAgainstPerGameLast5": 27.4,
        "oppSavesAgainstPer60": 26.8,
        "oppSavesAgainstPer60Last1": 17.9,
        "oppSavesAgainstPer60Last3": 21.5,
        "oppSavesAgainstPer60Last5": 22.8,
        "oppShotsAgainstPerGame": 35.3,
        "oppShotsAgainstPerGameLast5": 35.0,
        "savesProj": 22.8,
        "savesProjLast5": 17.6,
        "savesProjLast3": 17.4,
        "oppSavesAgainstProj": 25.2,
        "oppSavesAgainstProjLast5": 18.8,
        "oppSavesAgainstProjLast3": 18.3,
        "totalOver": 35,
        "totalOverLast5": 40,
        "totalOverLast15": 27,
        "lastTotalOver": 32,
        "last5": "1,0,0,2,0,0,0,0,0,0",
        "overOdds": "+115",
        "underOdds": "0",
        "overUnder": "+115 / 0"
    },
    {
        "player": "Johnny Gaudreau",
        "team": "CBJ",
        "opponent": "TOR",
        "propType": "g",
        "line": 0.5,
        "ppLine": "PP1",
        "avg": 0.26,
        "hit": false,
        "diffAvg": -0.48,
        "diffAbs": 0.2,
        "lastAvg": 0.42,
        "diff": -0.16,
        "avgMin": 19,
        "proj": 0.4,
        "lastAvgMin": 18.57,
        "oppOver": 0,
        "teamOver": 0,
        "gameLine": "+300",
        "+/-": -31,
        "L5_+/-": -7.0,
        "prevMatchup": "2023-02-11 0.0 g 2023-02-10 0.0 g",
        "winLossSplits": "35% - 18%",
        "awayHome": "A",
        "playedYesterday": "N",
        "awayHomeSplits": "8% - 37%",
        "savesAboveExp": 0.388,
        "gsaa": 11.93,
        "corsi": "45.8% (55.3) // 45.3% (54.7) // 41.6% (46.7) // 39.9% (46.1)",
        "fenwick": "45.6% (41.1) // 44.0% (40.1) // 40.1% (34.3) // 38.0% (33.5)",
        "shots": "45.5% (29.2) // 44.9% (29.5) // 41.1% (24.3) // 39.2% (22.9)",
        "scoring": "45.0% (27.1) // 44.6% (28.3) // 41.3% (23.5) // 38.3% (22.9)",
        "corsiAgainst": "54.2% (65.4) // 54.7% (66.1) // 58.4% (65.6) // 60.1% (69.3)",
        "fenwickAgainst": "54.4% (49.0) // 56.0% (51.1) // 59.9% (51.2) // 62.0% (54.7)",
        "shotsAgainst": "54.5% (35.0) // 55.1% (36.2) // 58.9% (34.9) // 60.8% (35.5)",
        "scoringAgainst": "55.0% (33.1) // 55.4% (35.1) // 58.7% (33.5) // 61.7% (36.8)",
        "oppCorsi": "50.9% (57.5) // 48.6% (56.0) // 54.7% (63.4) // 50.7% (59.4)",
        "oppFenwick": "51.7% (43.8) // 48.4% (41.7) // 55.4% (49.1) // 51.5% (45.9)",
        "oppShots": "52.2% (31.7) // 49.4% (30.2) // 57.2% (36.4) // 55.6% (34.7)",
        "oppScoring": "53.9% (33.4) // 52.4% (31.9) // 59.2% (37.6) // 52.4% (32.7)",
        "oppCorsiAgainst": "49.1% (55.5) // 51.4% (59.2) // 45.3% (52.5) // 49.3% (57.8)",
        "oppFenwickAgainst": "48.3% (40.9) // 51.6% (44.5) // 44.6% (39.6) // 48.5% (43.3)",
        "oppShotsAgainst": "47.8% (29.0) // 50.6% (31.0) // 42.8% (27.2) // 44.4% (27.7)",
        "oppScoringAgainst": "46.1% (28.6) // 47.6% (28.9) // 40.8% (25.9) // 47.6% (29.7)",
        "savesPerGame": 31.3,
        "savesPerGameLast1": 24.0,
        "savesPerGameLast3": 31.7,
        "savesPerGameLast5": 29.8,
        "savesPer60": 31.2,
        "savesPer60Last1": 24.1,
        "savesPer60Last3": 31.8,
        "savesPer60Last5": 29.8,
        "shotsPerGame": 29.5,
        "shotsPerGameLast5": 24.4,
        "shotsAgainstPerGame": 35.3,
        "shotsAgainstPerGameLast5": 35.0,
        "oppSavesAgainstPer60": 28.4,
        "oppSavesAgainstPer60Last1": 43.0,
        "oppSavesAgainstPer60Last3": 33.1,
        "oppSavesAgainstPer60Last5": 34.3,
        "oppShotsAgainstPerGame": 29.2,
        "oppShotsAgainstPerGameLast5": 27.4,
        "savesProj": 33.6,
        "savesProjLast5": 38.2,
        "savesProjLast3": 39.2,
        "oppSavesAgainstProj": 31.4,
        "oppSavesAgainstProjLast5": 34.9,
        "oppSavesAgainstProjLast3": 33.7,
        "totalOver": 23,
        "totalOverLast5": 20,
        "totalOverLast15": 20,
        "lastTotalOver": 36,
        "last5": "0,0,0,1,0,1,0,0,0,0",
        "overOdds": "+210",
        "underOdds": "0",
        "overUnder": "+210 / 0"
    },
    {
        "player": "Kirill Marchenko",
        "team": "CBJ",
        "opponent": "TOR",
        "propType": "g",
        "line": 0.5,
        "ppLine": "PP1",
        "avg": 0.4,
        "hit": false,
        "diffAvg": -0.2,
        "diffAbs": 1.0,
        "lastAvg": 0,
        "diff": 0,
        "avgMin": 15,
        "proj": 0.0,
        "lastAvgMin": 0,
        "oppOver": 0,
        "teamOver": 0,
        "gameLine": "+300",
        "+/-": -16,
        "L5_+/-": -4.0,
        "prevMatchup": "2023-02-11 1.0 g 2023-02-10 0.0 g",
        "winLossSplits": "44% - 27%",
        "awayHome": "A",
        "playedYesterday": "N",
        "awayHomeSplits": "39% - 23%",
        "savesAboveExp": 0.388,
        "gsaa": 11.93,
        "corsi": "45.8% (55.3) // 45.3% (54.7) // 41.6% (46.7) // 39.9% (46.1)",
        "fenwick": "45.6% (41.1) // 44.0% (40.1) // 40.1% (34.3) // 38.0% (33.5)",
        "shots": "45.5% (29.2) // 44.9% (29.5) // 41.1% (24.3) // 39.2% (22.9)",
        "scoring": "45.0% (27.1) // 44.6% (28.3) // 41.3% (23.5) // 38.3% (22.9)",
        "corsiAgainst": "54.2% (65.4) // 54.7% (66.1) // 58.4% (65.6) // 60.1% (69.3)",
        "fenwickAgainst": "54.4% (49.0) // 56.0% (51.1) // 59.9% (51.2) // 62.0% (54.7)",
        "shotsAgainst": "54.5% (35.0) // 55.1% (36.2) // 58.9% (34.9) // 60.8% (35.5)",
        "scoringAgainst": "55.0% (33.1) // 55.4% (35.1) // 58.7% (33.5) // 61.7% (36.8)",
        "oppCorsi": "50.9% (57.5) // 48.6% (56.0) // 54.7% (63.4) // 50.7% (59.4)",
        "oppFenwick": "51.7% (43.8) // 48.4% (41.7) // 55.4% (49.1) // 51.5% (45.9)",
        "oppShots": "52.2% (31.7) // 49.4% (30.2) // 57.2% (36.4) // 55.6% (34.7)",
        "oppScoring": "53.9% (33.4) // 52.4% (31.9) // 59.2% (37.6) // 52.4% (32.7)",
        "oppCorsiAgainst": "49.1% (55.5) // 51.4% (59.2) // 45.3% (52.5) // 49.3% (57.8)",
        "oppFenwickAgainst": "48.3% (40.9) // 51.6% (44.5) // 44.6% (39.6) // 48.5% (43.3)",
        "oppShotsAgainst": "47.8% (29.0) // 50.6% (31.0) // 42.8% (27.2) // 44.4% (27.7)",
        "oppScoringAgainst": "46.1% (28.6) // 47.6% (28.9) // 40.8% (25.9) // 47.6% (29.7)",
        "savesPerGame": 31.3,
        "savesPerGameLast1": 24.0,
        "savesPerGameLast3": 31.7,
        "savesPerGameLast5": 29.8,
        "savesPer60": 31.2,
        "savesPer60Last1": 24.1,
        "savesPer60Last3": 31.8,
        "savesPer60Last5": 29.8,
        "shotsPerGame": 29.5,
        "shotsPerGameLast5": 24.4,
        "shotsAgainstPerGame": 35.3,
        "shotsAgainstPerGameLast5": 35.0,
        "oppSavesAgainstPer60": 28.4,
        "oppSavesAgainstPer60Last1": 43.0,
        "oppSavesAgainstPer60Last3": 33.1,
        "oppSavesAgainstPer60Last5": 34.3,
        "oppShotsAgainstPerGame": 29.2,
        "oppShotsAgainstPerGameLast5": 27.4,
        "savesProj": 33.6,
        "savesProjLast5": 38.2,
        "savesProjLast3": 39.2,
        "oppSavesAgainstProj": 31.4,
        "oppSavesAgainstProjLast5": 34.9,
        "oppSavesAgainstProjLast3": 33.7,
        "totalOver": 32,
        "totalOverLast5": 60,
        "totalOverLast15": 33,
        "lastTotalOver": 0,
        "last5": "1,0,0,1,1,0,0,1,0,1",
        "overOdds": "+225",
        "underOdds": "0",
        "overUnder": "+225 / 0"
    },
    {
        "player": "Michael Bunting",
        "team": "TOR",
        "opponent": "CBJ",
        "propType": "g",
        "line": 0.5,
        "ppLine": "PP2",
        "avg": 0.29,
        "hit": false,
        "diffAvg": -0.42,
        "diffAbs": 0.4,
        "lastAvg": 0.27,
        "diff": -0.46,
        "avgMin": 15,
        "proj": 0.3,
        "lastAvgMin": 15.53,
        "oppOver": 0,
        "teamOver": 0,
        "gameLine": "-365",
        "+/-": "+23",
        "L5_+/-": 0.0,
        "prevMatchup": "2023-02-11 1.0 g 2023-02-10 0.0 g",
        "winLossSplits": "29% - 16%",
        "awayHome": "H",
        "playedYesterday": "N",
        "awayHomeSplits": "27% - 21%",
        "savesAboveExp": "-",
        "gsaa": "-",
        "corsi": "50.9% (57.5) // 48.6% (56.0) // 54.7% (63.4) // 50.7% (59.4)",
        "fenwick": "51.7% (43.8) // 48.4% (41.7) // 55.4% (49.1) // 51.5% (45.9)",
        "shots": "52.2% (31.7) // 49.4% (30.2) // 57.2% (36.4) // 55.6% (34.7)",
        "scoring": "53.9% (33.4) // 52.4% (31.9) // 59.2% (37.6) // 52.4% (32.7)",
        "corsiAgainst": "49.1% (55.5) // 51.4% (59.2) // 45.3% (52.5) // 49.3% (57.8)",
        "fenwickAgainst": "48.3% (40.9) // 51.6% (44.5) // 44.6% (39.6) // 48.5% (43.3)",
        "shotsAgainst": "47.8% (29.0) // 50.6% (31.0) // 42.8% (27.2) // 44.4% (27.7)",
        "scoringAgainst": "46.1% (28.6) // 47.6% (28.9) // 40.8% (25.9) // 47.6% (29.7)",
        "oppCorsi": "45.8% (55.3) // 45.3% (54.7) // 41.6% (46.7) // 39.9% (46.1)",
        "oppFenwick": "45.6% (41.1) // 44.0% (40.1) // 40.1% (34.3) // 38.0% (33.5)",
        "oppShots": "45.5% (29.2) // 44.9% (29.5) // 41.1% (24.3) // 39.2% (22.9)",
        "oppScoring": "45.0% (27.1) // 44.6% (28.3) // 41.3% (23.5) // 38.3% (22.9)",
        "oppCorsiAgainst": "54.2% (65.4) // 54.7% (66.1) // 58.4% (65.6) // 60.1% (69.3)",
        "oppFenwickAgainst": "54.4% (49.0) // 56.0% (51.1) // 59.9% (51.2) // 62.0% (54.7)",
        "oppShotsAgainst": "54.5% (35.0) // 55.1% (36.2) // 58.9% (34.9) // 60.8% (35.5)",
        "oppScoringAgainst": "55.0% (33.1) // 55.4% (35.1) // 58.7% (33.5) // 61.7% (36.8)",
        "savesPerGame": 26.5,
        "savesPerGameLast1": 19.0,
        "savesPerGameLast3": 25.3,
        "savesPerGameLast5": 24.4,
        "savesPer60": 26.5,
        "savesPer60Last1": 18.7,
        "savesPer60Last3": 25.4,
        "savesPer60Last5": 24.3,
        "shotsPerGame": 32.0,
        "shotsPerGameLast5": 36.6,
        "shotsAgainstPerGame": 29.2,
        "shotsAgainstPerGameLast5": 27.4,
        "oppSavesAgainstPer60": 26.8,
        "oppSavesAgainstPer60Last1": 17.9,
        "oppSavesAgainstPer60Last3": 21.5,
        "oppSavesAgainstPer60Last5": 22.8,
        "oppShotsAgainstPerGame": 35.3,
        "oppShotsAgainstPerGameLast5": 35.0,
        "savesProj": 22.8,
        "savesProjLast5": 17.6,
        "savesProjLast3": 17.4,
        "oppSavesAgainstProj": 25.2,
        "oppSavesAgainstProjLast5": 18.8,
        "oppSavesAgainstProjLast3": 18.3,
        "totalOver": 24,
        "totalOverLast5": 20,
        "totalOverLast15": 20,
        "lastTotalOver": 24,
        "last5": "0,1,0,0,0,1,0,0,0,0",
        "overOdds": "+175",
        "underOdds": "0",
        "overUnder": "+175 / 0"
    },
    {
        "player": "Mitchell Marner",
        "team": "TOR",
        "opponent": "CBJ",
        "propType": "g",
        "line": 0.5,
        "ppLine": "",
        "avg": 0.37,
        "hit": false,
        "diffAvg": -0.26,
        "diffAbs": 0.2,
        "lastAvg": 0.44,
        "diff": -0.12,
        "avgMin": 21,
        "proj": 0.4,
        "lastAvgMin": 20.87,
        "oppOver": 0,
        "teamOver": 0,
        "gameLine": "-365",
        "+/-": "+16",
        "L5_+/-": "+4.0",
        "prevMatchup": "2023-02-11 0.0 g 2023-02-10 0.0 g",
        "winLossSplits": "42% - 27%",
        "awayHome": "H",
        "playedYesterday": "N",
        "awayHomeSplits": "38% - 34%",
        "savesAboveExp": "-",
        "gsaa": "-",
        "corsi": "50.9% (57.5) // 48.6% (56.0) // 54.7% (63.4) // 50.7% (59.4)",
        "fenwick": "51.7% (43.8) // 48.4% (41.7) // 55.4% (49.1) // 51.5% (45.9)",
        "shots": "52.2% (31.7) // 49.4% (30.2) // 57.2% (36.4) // 55.6% (34.7)",
        "scoring": "53.9% (33.4) // 52.4% (31.9) // 59.2% (37.6) // 52.4% (32.7)",
        "corsiAgainst": "49.1% (55.5) // 51.4% (59.2) // 45.3% (52.5) // 49.3% (57.8)",
        "fenwickAgainst": "48.3% (40.9) // 51.6% (44.5) // 44.6% (39.6) // 48.5% (43.3)",
        "shotsAgainst": "47.8% (29.0) // 50.6% (31.0) // 42.8% (27.2) // 44.4% (27.7)",
        "scoringAgainst": "46.1% (28.6) // 47.6% (28.9) // 40.8% (25.9) // 47.6% (29.7)",
        "oppCorsi": "45.8% (55.3) // 45.3% (54.7) // 41.6% (46.7) // 39.9% (46.1)",
        "oppFenwick": "45.6% (41.1) // 44.0% (40.1) // 40.1% (34.3) // 38.0% (33.5)",
        "oppShots": "45.5% (29.2) // 44.9% (29.5) // 41.1% (24.3) // 39.2% (22.9)",
        "oppScoring": "45.0% (27.1) // 44.6% (28.3) // 41.3% (23.5) // 38.3% (22.9)",
        "oppCorsiAgainst": "54.2% (65.4) // 54.7% (66.1) // 58.4% (65.6) // 60.1% (69.3)",
        "oppFenwickAgainst": "54.4% (49.0) // 56.0% (51.1) // 59.9% (51.2) // 62.0% (54.7)",
        "oppShotsAgainst": "54.5% (35.0) // 55.1% (36.2) // 58.9% (34.9) // 60.8% (35.5)",
        "oppScoringAgainst": "55.0% (33.1) // 55.4% (35.1) // 58.7% (33.5) // 61.7% (36.8)",
        "savesPerGame": 26.5,
        "savesPerGameLast1": 19.0,
        "savesPerGameLast3": 25.3,
        "savesPerGameLast5": 24.4,
        "savesPer60": 26.5,
        "savesPer60Last1": 18.7,
        "savesPer60Last3": 25.4,
        "savesPer60Last5": 24.3,
        "shotsPerGame": 32.0,
        "shotsPerGameLast5": 36.6,
        "shotsAgainstPerGame": 29.2,
        "shotsAgainstPerGameLast5": 27.4,
        "oppSavesAgainstPer60": 26.8,
        "oppSavesAgainstPer60Last1": 17.9,
        "oppSavesAgainstPer60Last3": 21.5,
        "oppSavesAgainstPer60Last5": 22.8,
        "oppShotsAgainstPerGame": 35.3,
        "oppShotsAgainstPerGameLast5": 35.0,
        "savesProj": 22.8,
        "savesProjLast5": 17.6,
        "savesProjLast3": 17.4,
        "oppSavesAgainstProj": 25.2,
        "oppSavesAgainstProjLast5": 18.8,
        "oppSavesAgainstProjLast3": 18.3,
        "totalOver": 36,
        "totalOverLast5": 20,
        "totalOverLast15": 47,
        "lastTotalOver": 34,
        "last5": "0,0,0,0,1,1,1,1,0,0",
        "overOdds": "+120",
        "underOdds": "0",
        "overUnder": "+120 / 0"
    },
    {
        "player": "Morgan Rielly",
        "team": "TOR",
        "opponent": "CBJ",
        "propType": "g",
        "line": 0.5,
        "ppLine": "PP1",
        "avg": 0.07,
        "hit": false,
        "diffAvg": -0.86,
        "diffAbs": 0.8,
        "lastAvg": 0.11,
        "diff": -0.78,
        "avgMin": 21,
        "proj": 0.1,
        "lastAvgMin": 23.73,
        "oppOver": 0,
        "teamOver": 0,
        "gameLine": "-365",
        "+/-": -6,
        "L5_+/-": -2.0,
        "prevMatchup": "2023-02-11 1.0 g 2023-02-10 0.0 g",
        "winLossSplits": "6% - 7%",
        "awayHome": "H",
        "playedYesterday": "N",
        "awayHomeSplits": "0% - 12%",
        "savesAboveExp": "-",
        "gsaa": "-",
        "corsi": "50.9% (57.5) // 48.6% (56.0) // 54.7% (63.4) // 50.7% (59.4)",
        "fenwick": "51.7% (43.8) // 48.4% (41.7) // 55.4% (49.1) // 51.5% (45.9)",
        "shots": "52.2% (31.7) // 49.4% (30.2) // 57.2% (36.4) // 55.6% (34.7)",
        "scoring": "53.9% (33.4) // 52.4% (31.9) // 59.2% (37.6) // 52.4% (32.7)",
        "corsiAgainst": "49.1% (55.5) // 51.4% (59.2) // 45.3% (52.5) // 49.3% (57.8)",
        "fenwickAgainst": "48.3% (40.9) // 51.6% (44.5) // 44.6% (39.6) // 48.5% (43.3)",
        "shotsAgainst": "47.8% (29.0) // 50.6% (31.0) // 42.8% (27.2) // 44.4% (27.7)",
        "scoringAgainst": "46.1% (28.6) // 47.6% (28.9) // 40.8% (25.9) // 47.6% (29.7)",
        "oppCorsi": "45.8% (55.3) // 45.3% (54.7) // 41.6% (46.7) // 39.9% (46.1)",
        "oppFenwick": "45.6% (41.1) // 44.0% (40.1) // 40.1% (34.3) // 38.0% (33.5)",
        "oppShots": "45.5% (29.2) // 44.9% (29.5) // 41.1% (24.3) // 39.2% (22.9)",
        "oppScoring": "45.0% (27.1) // 44.6% (28.3) // 41.3% (23.5) // 38.3% (22.9)",
        "oppCorsiAgainst": "54.2% (65.4) // 54.7% (66.1) // 58.4% (65.6) // 60.1% (69.3)",
        "oppFenwickAgainst": "54.4% (49.0) // 56.0% (51.1) // 59.9% (51.2) // 62.0% (54.7)",
        "oppShotsAgainst": "54.5% (35.0) // 55.1% (36.2) // 58.9% (34.9) // 60.8% (35.5)",
        "oppScoringAgainst": "55.0% (33.1) // 55.4% (35.1) // 58.7% (33.5) // 61.7% (36.8)",
        "savesPerGame": 26.5,
        "savesPerGameLast1": 19.0,
        "savesPerGameLast3": 25.3,
        "savesPerGameLast5": 24.4,
        "savesPer60": 26.5,
        "savesPer60Last1": 18.7,
        "savesPer60Last3": 25.4,
        "savesPer60Last5": 24.3,
        "shotsPerGame": 32.0,
        "shotsPerGameLast5": 36.6,
        "shotsAgainstPerGame": 29.2,
        "shotsAgainstPerGameLast5": 27.4,
        "oppSavesAgainstPer60": 26.8,
        "oppSavesAgainstPer60Last1": 17.9,
        "oppSavesAgainstPer60Last3": 21.5,
        "oppSavesAgainstPer60Last5": 22.8,
        "oppShotsAgainstPerGame": 35.3,
        "oppShotsAgainstPerGameLast5": 35.0,
        "savesProj": 22.8,
        "savesProjLast5": 17.6,
        "savesProjLast3": 17.4,
        "oppSavesAgainstProj": 25.2,
        "oppSavesAgainstProjLast5": 18.8,
        "oppSavesAgainstProjLast3": 18.3,
        "totalOver": 7,
        "totalOverLast5": 0,
        "totalOverLast15": 13,
        "lastTotalOver": 14,
        "last5": "0,0,0,0,0,0,0,1,1,0",
        "overOdds": "+360",
        "underOdds": "0",
        "overUnder": "+360 / 0"
    },
    {
        "player": "William Nylander",
        "team": "TOR",
        "opponent": "CBJ",
        "propType": "g",
        "line": 0.5,
        "ppLine": "PP1",
        "avg": 0.49,
        "hit": false,
        "diffAvg": -0.02,
        "diffAbs": 0.2,
        "lastAvg": 0.39,
        "diff": -0.22,
        "avgMin": 18,
        "proj": 0.4,
        "lastAvgMin": 18.27,
        "oppOver": 0,
        "teamOver": 0,
        "gameLine": "-365",
        "+/-": "+10",
        "L5_+/-": -5.0,
        "prevMatchup": "2023-02-11 1.0 g 2023-02-10 0.0 g",
        "winLossSplits": "49% - 35%",
        "awayHome": "H",
        "playedYesterday": "N",
        "awayHomeSplits": "35% - 51%",
        "savesAboveExp": "-",
        "gsaa": "-",
        "corsi": "50.9% (57.5) // 48.6% (56.0) // 54.7% (63.4) // 50.7% (59.4)",
        "fenwick": "51.7% (43.8) // 48.4% (41.7) // 55.4% (49.1) // 51.5% (45.9)",
        "shots": "52.2% (31.7) // 49.4% (30.2) // 57.2% (36.4) // 55.6% (34.7)",
        "scoring": "53.9% (33.4) // 52.4% (31.9) // 59.2% (37.6) // 52.4% (32.7)",
        "corsiAgainst": "49.1% (55.5) // 51.4% (59.2) // 45.3% (52.5) // 49.3% (57.8)",
        "fenwickAgainst": "48.3% (40.9) // 51.6% (44.5) // 44.6% (39.6) // 48.5% (43.3)",
        "shotsAgainst": "47.8% (29.0) // 50.6% (31.0) // 42.8% (27.2) // 44.4% (27.7)",
        "scoringAgainst": "46.1% (28.6) // 47.6% (28.9) // 40.8% (25.9) // 47.6% (29.7)",
        "oppCorsi": "45.8% (55.3) // 45.3% (54.7) // 41.6% (46.7) // 39.9% (46.1)",
        "oppFenwick": "45.6% (41.1) // 44.0% (40.1) // 40.1% (34.3) // 38.0% (33.5)",
        "oppShots": "45.5% (29.2) // 44.9% (29.5) // 41.1% (24.3) // 39.2% (22.9)",
        "oppScoring": "45.0% (27.1) // 44.6% (28.3) // 41.3% (23.5) // 38.3% (22.9)",
        "oppCorsiAgainst": "54.2% (65.4) // 54.7% (66.1) // 58.4% (65.6) // 60.1% (69.3)",
        "oppFenwickAgainst": "54.4% (49.0) // 56.0% (51.1) // 59.9% (51.2) // 62.0% (54.7)",
        "oppShotsAgainst": "54.5% (35.0) // 55.1% (36.2) // 58.9% (34.9) // 60.8% (35.5)",
        "oppScoringAgainst": "55.0% (33.1) // 55.4% (35.1) // 58.7% (33.5) // 61.7% (36.8)",
        "savesPerGame": 26.5,
        "savesPerGameLast1": 19.0,
        "savesPerGameLast3": 25.3,
        "savesPerGameLast5": 24.4,
        "savesPer60": 26.5,
        "savesPer60Last1": 18.7,
        "savesPer60Last3": 25.4,
        "savesPer60Last5": 24.3,
        "shotsPerGame": 32.0,
        "shotsPerGameLast5": 36.6,
        "shotsAgainstPerGame": 29.2,
        "shotsAgainstPerGameLast5": 27.4,
        "oppSavesAgainstPer60": 26.8,
        "oppSavesAgainstPer60Last1": 17.9,
        "oppSavesAgainstPer60Last3": 21.5,
        "oppSavesAgainstPer60Last5": 22.8,
        "oppShotsAgainstPerGame": 35.3,
        "oppShotsAgainstPerGameLast5": 35.0,
        "savesProj": 22.8,
        "savesProjLast5": 17.6,
        "savesProjLast3": 17.4,
        "oppSavesAgainstProj": 25.2,
        "oppSavesAgainstProjLast5": 18.8,
        "oppSavesAgainstProjLast3": 18.3,
        "totalOver": 43,
        "totalOverLast5": 20,
        "totalOverLast15": 27,
        "lastTotalOver": 35,
        "last5": "0,1,0,0,0,1,0,0,0,0",
        "overOdds": "-105",
        "underOdds": "0",
        "overUnder": "-105 / 0"
    },
    {
        "player": "Kent Johnson",
        "team": "CBJ",
        "opponent": "TOR",
        "propType": "g",
        "line": 0.5,
        "ppLine": "PP2",
        "avg": 0.22,
        "hit": false,
        "diffAvg": -0.56,
        "diffAbs": 1.0,
        "lastAvg": 0,
        "diff": 0,
        "avgMin": 14,
        "proj": 0.0,
        "lastAvgMin": 0,
        "oppOver": 0,
        "teamOver": 0,
        "gameLine": "+300",
        "+/-": -16,
        "L5_+/-": -9.0,
        "prevMatchup": "2023-02-11 1.0 g 2023-02-10 0.0 g",
        "winLossSplits": "39% - 14%",
        "awayHome": "A",
        "playedYesterday": "N",
        "awayHomeSplits": "19% - 24%",
        "savesAboveExp": 0.388,
        "gsaa": 11.93,
        "corsi": "45.8% (55.3) // 45.3% (54.7) // 41.6% (46.7) // 39.9% (46.1)",
        "fenwick": "45.6% (41.1) // 44.0% (40.1) // 40.1% (34.3) // 38.0% (33.5)",
        "shots": "45.5% (29.2) // 44.9% (29.5) // 41.1% (24.3) // 39.2% (22.9)",
        "scoring": "45.0% (27.1) // 44.6% (28.3) // 41.3% (23.5) // 38.3% (22.9)",
        "corsiAgainst": "54.2% (65.4) // 54.7% (66.1) // 58.4% (65.6) // 60.1% (69.3)",
        "fenwickAgainst": "54.4% (49.0) // 56.0% (51.1) // 59.9% (51.2) // 62.0% (54.7)",
        "shotsAgainst": "54.5% (35.0) // 55.1% (36.2) // 58.9% (34.9) // 60.8% (35.5)",
        "scoringAgainst": "55.0% (33.1) // 55.4% (35.1) // 58.7% (33.5) // 61.7% (36.8)",
        "oppCorsi": "50.9% (57.5) // 48.6% (56.0) // 54.7% (63.4) // 50.7% (59.4)",
        "oppFenwick": "51.7% (43.8) // 48.4% (41.7) // 55.4% (49.1) // 51.5% (45.9)",
        "oppShots": "52.2% (31.7) // 49.4% (30.2) // 57.2% (36.4) // 55.6% (34.7)",
        "oppScoring": "53.9% (33.4) // 52.4% (31.9) // 59.2% (37.6) // 52.4% (32.7)",
        "oppCorsiAgainst": "49.1% (55.5) // 51.4% (59.2) // 45.3% (52.5) // 49.3% (57.8)",
        "oppFenwickAgainst": "48.3% (40.9) // 51.6% (44.5) // 44.6% (39.6) // 48.5% (43.3)",
        "oppShotsAgainst": "47.8% (29.0) // 50.6% (31.0) // 42.8% (27.2) // 44.4% (27.7)",
        "oppScoringAgainst": "46.1% (28.6) // 47.6% (28.9) // 40.8% (25.9) // 47.6% (29.7)",
        "savesPerGame": 31.3,
        "savesPerGameLast1": 24.0,
        "savesPerGameLast3": 31.7,
        "savesPerGameLast5": 29.8,
        "savesPer60": 31.2,
        "savesPer60Last1": 24.1,
        "savesPer60Last3": 31.8,
        "savesPer60Last5": 29.8,
        "shotsPerGame": 29.5,
        "shotsPerGameLast5": 24.4,
        "shotsAgainstPerGame": 35.3,
        "shotsAgainstPerGameLast5": 35.0,
        "oppSavesAgainstPer60": 28.4,
        "oppSavesAgainstPer60Last1": 43.0,
        "oppSavesAgainstPer60Last3": 33.1,
        "oppSavesAgainstPer60Last5": 34.3,
        "oppShotsAgainstPerGame": 29.2,
        "oppShotsAgainstPerGameLast5": 27.4,
        "savesProj": 33.6,
        "savesProjLast5": 38.2,
        "savesProjLast3": 39.2,
        "oppSavesAgainstProj": 31.4,
        "oppSavesAgainstProjLast5": 34.9,
        "oppSavesAgainstProjLast3": 33.7,
        "totalOver": 22,
        "totalOverLast5": 20,
        "totalOverLast15": 20,
        "lastTotalOver": 0,
        "last5": "1,0,0,0,0,1,0,0,0,0",
        "overOdds": "+300",
        "underOdds": "0",
        "overUnder": "+300 / 0"
    },
    {
        "player": "Calle Jarnkrok",
        "team": "TOR",
        "opponent": "CBJ",
        "propType": "g",
        "line": 0.5,
        "ppLine": "PP2",
        "avg": 0.28,
        "hit": false,
        "diffAvg": -0.44,
        "diffAbs": 0.8,
        "lastAvg": 0.15,
        "diff": -0.7,
        "avgMin": 14,
        "proj": 0.1,
        "lastAvgMin": 16.03,
        "oppOver": 0,
        "teamOver": 0,
        "gameLine": "-365",
        "+/-": "+10",
        "L5_+/-": "+5.0",
        "prevMatchup": "2023-02-11 0.0 g 2023-02-10 0.0 g",
        "winLossSplits": "27% - 25%",
        "awayHome": "H",
        "playedYesterday": "N",
        "awayHomeSplits": "33% - 19%",
        "savesAboveExp": "-",
        "gsaa": "-",
        "corsi": "50.9% (57.5) // 48.6% (56.0) // 54.7% (63.4) // 50.7% (59.4)",
        "fenwick": "51.7% (43.8) // 48.4% (41.7) // 55.4% (49.1) // 51.5% (45.9)",
        "shots": "52.2% (31.7) // 49.4% (30.2) // 57.2% (36.4) // 55.6% (34.7)",
        "scoring": "53.9% (33.4) // 52.4% (31.9) // 59.2% (37.6) // 52.4% (32.7)",
        "corsiAgainst": "49.1% (55.5) // 51.4% (59.2) // 45.3% (52.5) // 49.3% (57.8)",
        "fenwickAgainst": "48.3% (40.9) // 51.6% (44.5) // 44.6% (39.6) // 48.5% (43.3)",
        "shotsAgainst": "47.8% (29.0) // 50.6% (31.0) // 42.8% (27.2) // 44.4% (27.7)",
        "scoringAgainst": "46.1% (28.6) // 47.6% (28.9) // 40.8% (25.9) // 47.6% (29.7)",
        "oppCorsi": "45.8% (55.3) // 45.3% (54.7) // 41.6% (46.7) // 39.9% (46.1)",
        "oppFenwick": "45.6% (41.1) // 44.0% (40.1) // 40.1% (34.3) // 38.0% (33.5)",
        "oppShots": "45.5% (29.2) // 44.9% (29.5) // 41.1% (24.3) // 39.2% (22.9)",
        "oppScoring": "45.0% (27.1) // 44.6% (28.3) // 41.3% (23.5) // 38.3% (22.9)",
        "oppCorsiAgainst": "54.2% (65.4) // 54.7% (66.1) // 58.4% (65.6) // 60.1% (69.3)",
        "oppFenwickAgainst": "54.4% (49.0) // 56.0% (51.1) // 59.9% (51.2) // 62.0% (54.7)",
        "oppShotsAgainst": "54.5% (35.0) // 55.1% (36.2) // 58.9% (34.9) // 60.8% (35.5)",
        "oppScoringAgainst": "55.0% (33.1) // 55.4% (35.1) // 58.7% (33.5) // 61.7% (36.8)",
        "savesPerGame": 26.5,
        "savesPerGameLast1": 19.0,
        "savesPerGameLast3": 25.3,
        "savesPerGameLast5": 24.4,
        "savesPer60": 26.5,
        "savesPer60Last1": 18.7,
        "savesPer60Last3": 25.4,
        "savesPer60Last5": 24.3,
        "shotsPerGame": 32.0,
        "shotsPerGameLast5": 36.6,
        "shotsAgainstPerGame": 29.2,
        "shotsAgainstPerGameLast5": 27.4,
        "oppSavesAgainstPer60": 26.8,
        "oppSavesAgainstPer60Last1": 17.9,
        "oppSavesAgainstPer60Last3": 21.5,
        "oppSavesAgainstPer60Last5": 22.8,
        "oppShotsAgainstPerGame": 35.3,
        "oppShotsAgainstPerGameLast5": 35.0,
        "savesProj": 22.8,
        "savesProjLast5": 17.6,
        "savesProjLast3": 17.4,
        "oppSavesAgainstProj": 25.2,
        "oppSavesAgainstProjLast5": 18.8,
        "oppSavesAgainstProjLast3": 18.3,
        "totalOver": 26,
        "totalOverLast5": 40,
        "totalOverLast15": 33,
        "lastTotalOver": 14,
        "last5": "1,0,0,0,1,0,0,2,0,0",
        "overOdds": "+200",
        "underOdds": "0",
        "overUnder": "+200 / 0"
    },
    {
        "player": "Sam Lafferty",
        "team": "TOR",
        "opponent": "CBJ",
        "propType": "g",
        "line": 0.5,
        "ppLine": "PP2",
        "avg": 0.06,
        "hit": false,
        "diffAvg": -0.88,
        "diffAbs": 1.0,
        "lastAvg": 0,
        "diff": 0,
        "avgMin": 13,
        "proj": 0.0,
        "lastAvgMin": 0,
        "oppOver": 0,
        "teamOver": 0,
        "gameLine": "-365",
        "+/-": -3,
        "L5_+/-": -1.0,
        "prevMatchup": "",
        "winLossSplits": "0% - 12%",
        "awayHome": "H",
        "playedYesterday": "N",
        "awayHomeSplits": "10% - 0%",
        "savesAboveExp": "-",
        "gsaa": "-",
        "corsi": "50.9% (57.5) // 48.6% (56.0) // 54.7% (63.4) // 50.7% (59.4)",
        "fenwick": "51.7% (43.8) // 48.4% (41.7) // 55.4% (49.1) // 51.5% (45.9)",
        "shots": "52.2% (31.7) // 49.4% (30.2) // 57.2% (36.4) // 55.6% (34.7)",
        "scoring": "53.9% (33.4) // 52.4% (31.9) // 59.2% (37.6) // 52.4% (32.7)",
        "corsiAgainst": "49.1% (55.5) // 51.4% (59.2) // 45.3% (52.5) // 49.3% (57.8)",
        "fenwickAgainst": "48.3% (40.9) // 51.6% (44.5) // 44.6% (39.6) // 48.5% (43.3)",
        "shotsAgainst": "47.8% (29.0) // 50.6% (31.0) // 42.8% (27.2) // 44.4% (27.7)",
        "scoringAgainst": "46.1% (28.6) // 47.6% (28.9) // 40.8% (25.9) // 47.6% (29.7)",
        "oppCorsi": "45.8% (55.3) // 45.3% (54.7) // 41.6% (46.7) // 39.9% (46.1)",
        "oppFenwick": "45.6% (41.1) // 44.0% (40.1) // 40.1% (34.3) // 38.0% (33.5)",
        "oppShots": "45.5% (29.2) // 44.9% (29.5) // 41.1% (24.3) // 39.2% (22.9)",
        "oppScoring": "45.0% (27.1) // 44.6% (28.3) // 41.3% (23.5) // 38.3% (22.9)",
        "oppCorsiAgainst": "54.2% (65.4) // 54.7% (66.1) // 58.4% (65.6) // 60.1% (69.3)",
        "oppFenwickAgainst": "54.4% (49.0) // 56.0% (51.1) // 59.9% (51.2) // 62.0% (54.7)",
        "oppShotsAgainst": "54.5% (35.0) // 55.1% (36.2) // 58.9% (34.9) // 60.8% (35.5)",
        "oppScoringAgainst": "55.0% (33.1) // 55.4% (35.1) // 58.7% (33.5) // 61.7% (36.8)",
        "savesPerGame": 26.5,
        "savesPerGameLast1": 19.0,
        "savesPerGameLast3": 25.3,
        "savesPerGameLast5": 24.4,
        "savesPer60": 26.5,
        "savesPer60Last1": 18.7,
        "savesPer60Last3": 25.4,
        "savesPer60Last5": 24.3,
        "shotsPerGame": 32.0,
        "shotsPerGameLast5": 36.6,
        "shotsAgainstPerGame": 29.2,
        "shotsAgainstPerGameLast5": 27.4,
        "oppSavesAgainstPer60": 26.8,
        "oppSavesAgainstPer60Last1": 17.9,
        "oppSavesAgainstPer60Last3": 21.5,
        "oppSavesAgainstPer60Last5": 22.8,
        "oppShotsAgainstPerGame": 35.3,
        "oppShotsAgainstPerGameLast5": 35.0,
        "savesProj": 22.8,
        "savesProjLast5": 17.6,
        "savesProjLast3": 17.4,
        "oppSavesAgainstProj": 25.2,
        "oppSavesAgainstProjLast5": 18.8,
        "oppSavesAgainstProjLast3": 18.3,
        "totalOver": 6,
        "totalOverLast5": 0,
        "totalOverLast15": 7,
        "lastTotalOver": 0,
        "last5": "0,0,0,0,0,0,1,0,0,0",
        "overOdds": "+250",
        "underOdds": "0",
        "overUnder": "+250 / 0"
    },
    {
        "player": "Alexander Kerfoot",
        "team": "TOR",
        "opponent": "CBJ",
        "propType": "g",
        "line": 0.5,
        "ppLine": "",
        "avg": 0.12,
        "hit": false,
        "diffAvg": -0.76,
        "diffAbs": 0.8,
        "lastAvg": 0.15,
        "diff": -0.7,
        "avgMin": 14,
        "proj": 0.1,
        "lastAvgMin": 15.2,
        "oppOver": 0,
        "teamOver": 0,
        "gameLine": "-365",
        "+/-": "+5",
        "L5_+/-": -3.0,
        "prevMatchup": "2023-02-11 0.0 g 2023-02-10 0.0 g",
        "winLossSplits": "16% - 3%",
        "awayHome": "H",
        "playedYesterday": "N",
        "awayHomeSplits": "14% - 8%",
        "savesAboveExp": "-",
        "gsaa": "-",
        "corsi": "50.9% (57.5) // 48.6% (56.0) // 54.7% (63.4) // 50.7% (59.4)",
        "fenwick": "51.7% (43.8) // 48.4% (41.7) // 55.4% (49.1) // 51.5% (45.9)",
        "shots": "52.2% (31.7) // 49.4% (30.2) // 57.2% (36.4) // 55.6% (34.7)",
        "scoring": "53.9% (33.4) // 52.4% (31.9) // 59.2% (37.6) // 52.4% (32.7)",
