[
    {
        "player": "Alex Pietrangelo",
        "team": "VGK",
        "opponent": "DAL",
        "propType": "g",
        "line": 0.5,
        "ppLine": "PP2",
        "avg": 0.13,
        "hit": false,
        "diffAvg": -0.74,
        "diffAbs": 0.6,
        "lastAvg": 0.16,
        "diff": -0.68,
        "avgMin": 24,
        "proj": 0.2,
        "lastAvgMin": 24.63,
        "oppOver": 0,
        "teamOver": 0,
        "gameLine": "-125",
        "+/-": "+19",
        "L5_+/-": "+6.0",
        "prevMatchup": "2023-04-08 0.0 g 2023-02-25 0.0 g 2023-01-16 0.0 g",
        "winLossSplits": "15% - 6%",
        "awayHome": "H",
        "playedYesterday": "N",
        "awayHomeSplits": "15% - 9%",
        "savesAboveExp": 0.39,
        "gsaa": 26.05,
        "corsi": "48.6% (57.5) // 48.0% (56.0) // 48.6% (57.5) // 48.6% (57.5)",
        "fenwick": "49.7% (42.3) // 48.8% (40.5) // 49.7% (42.3) // 49.7% (42.3)",
        "shots": "50.5% (31.1) // 50.2% (28.8) // 50.5% (31.1) // 50.5% (31.1)",
        "scoring": "49.5% (29.2) // 49.0% (28.7) // 49.5% (29.2) // 49.5% (29.2)",
        "corsiAgainst": "51.4% (60.7) // 52.0% (60.6) // 51.4% (60.7) // 51.4% (60.7)",
        "fenwickAgainst": "50.3% (42.8) // 51.2% (42.5) // 50.3% (42.8) // 50.3% (42.8)",
        "shotsAgainst": "49.5% (30.4) // 49.8% (28.5) // 49.5% (30.4) // 49.5% (30.4)",
        "scoringAgainst": "50.5% (29.8) // 51.0% (29.9) // 50.5% (29.8) // 50.5% (29.8)",
        "oppCorsi": "52.0% (59.9) // 57.0% (56.0) // 52.0% (59.9) // 52.0% (59.9)",
        "oppFenwick": "51.3% (43.7) // 56.1% (40.6) // 51.3% (43.7) // 51.3% (43.7)",
        "oppShots": "51.6% (31.5) // 56.3% (29.0) // 51.6% (31.5) // 51.6% (31.5)",
        "oppScoring": "53.7% (31.5) // 61.3% (29.6) // 53.7% (31.5) // 53.7% (31.5)",
        "oppCorsiAgainst": "48.0% (55.3) // 43.0% (42.3) // 48.0% (55.3) // 48.0% (55.3)",
        "oppFenwickAgainst": "48.7% (41.4) // 43.9% (31.7) // 48.7% (41.4) // 48.7% (41.4)",
        "oppShotsAgainst": "48.4% (29.5) // 43.7% (22.5) // 48.4% (29.5) // 48.4% (29.5)",
        "oppScoringAgainst": "46.3% (27.2) // 38.7% (18.6) // 46.3% (27.2) // 46.3% (27.2)",
        "savesPerGame": 28.1,
        "savesPerGameLast1": 39.0,
        "savesPerGameLast3": 33.0,
        "savesPerGameLast5": 31.8,
        "savesPer60": 32.2,
        "savesPer60Last1": 39.0,
        "savesPer60Last3": 32.7,
        "savesPer60Last5": 31.6,
        "shotsPerGame": 31.5,
        "shotsPerGameLast5": 28.6,
        "shotsAgainstPerGame": 30.9,
        "shotsAgainstPerGameLast5": 34.8,
        "oppSavesAgainstPer60": 33.0,
        "oppSavesAgainstPer60Last1": 28.1,
        "oppSavesAgainstPer60Last3": 21.2,
        "oppSavesAgainstPer60Last5": 21.0,
        "oppShotsAgainstPerGame": 29.9,
        "oppShotsAgainstPerGameLast5": 25.4,
        "savesProj": 28.0,
        "savesProjLast5": 20.7,
        "savesProjLast3": 21.1,
        "oppSavesAgainstProj": 31.4,
        "oppSavesAgainstProjLast5": 19.4,
        "oppSavesAgainstProjLast3": 20.6,
        "totalOver": 12,
        "totalOverLast5": 0,
        "totalOverLast15": 0,
        "lastTotalOver": 16,
        "last5": "0,0,0,0,0,0,0,0,0,0",
        "overOdds": "+450",
        "underOdds": "0",
        "overUnder": "+450 / 0"
    },
    {
        "player": "Jack Eichel",
        "team": "VGK",
        "opponent": "DAL",
        "propType": "g",
        "line": 0.5,
        "ppLine": "PP1",
        "avg": 0.42,
        "hit": false,
        "diffAvg": -0.16,
        "diffAbs": 0.2,
        "lastAvg": 0.41,
        "diff": -0.18,
        "avgMin": 18,
        "proj": 0.4,
        "lastAvgMin": 19.38,
        "oppOver": 0,
        "teamOver": 0,
        "gameLine": "-125",
        "+/-": "+33",
        "L5_+/-": "+10.0",
        "prevMatchup": "2023-02-25 1.0 g 2023-01-16 0.0 g",
        "winLossSplits": "43% - 15%",
        "awayHome": "H",
        "playedYesterday": "N",
        "awayHomeSplits": "28% - 38%",
        "savesAboveExp": 0.39,
        "gsaa": 26.05,
        "corsi": "48.6% (57.5) // 48.0% (56.0) // 48.6% (57.5) // 48.6% (57.5)",
        "fenwick": "49.7% (42.3) // 48.8% (40.5) // 49.7% (42.3) // 49.7% (42.3)",
        "shots": "50.5% (31.1) // 50.2% (28.8) // 50.5% (31.1) // 50.5% (31.1)",
        "scoring": "49.5% (29.2) // 49.0% (28.7) // 49.5% (29.2) // 49.5% (29.2)",
        "corsiAgainst": "51.4% (60.7) // 52.0% (60.6) // 51.4% (60.7) // 51.4% (60.7)",
        "fenwickAgainst": "50.3% (42.8) // 51.2% (42.5) // 50.3% (42.8) // 50.3% (42.8)",
        "shotsAgainst": "49.5% (30.4) // 49.8% (28.5) // 49.5% (30.4) // 49.5% (30.4)",
        "scoringAgainst": "50.5% (29.8) // 51.0% (29.9) // 50.5% (29.8) // 50.5% (29.8)",
        "oppCorsi": "52.0% (59.9) // 57.0% (56.0) // 52.0% (59.9) // 52.0% (59.9)",
        "oppFenwick": "51.3% (43.7) // 56.1% (40.6) // 51.3% (43.7) // 51.3% (43.7)",
        "oppShots": "51.6% (31.5) // 56.3% (29.0) // 51.6% (31.5) // 51.6% (31.5)",
        "oppScoring": "53.7% (31.5) // 61.3% (29.6) // 53.7% (31.5) // 53.7% (31.5)",
        "oppCorsiAgainst": "48.0% (55.3) // 43.0% (42.3) // 48.0% (55.3) // 48.0% (55.3)",
        "oppFenwickAgainst": "48.7% (41.4) // 43.9% (31.7) // 48.7% (41.4) // 48.7% (41.4)",
        "oppShotsAgainst": "48.4% (29.5) // 43.7% (22.5) // 48.4% (29.5) // 48.4% (29.5)",
        "oppScoringAgainst": "46.3% (27.2) // 38.7% (18.6) // 46.3% (27.2) // 46.3% (27.2)",
        "savesPerGame": 28.1,
        "savesPerGameLast1": 39.0,
        "savesPerGameLast3": 33.0,
        "savesPerGameLast5": 31.8,
        "savesPer60": 32.2,
        "savesPer60Last1": 39.0,
        "savesPer60Last3": 32.7,
        "savesPer60Last5": 31.6,
        "shotsPerGame": 31.5,
        "shotsPerGameLast5": 28.6,
        "shotsAgainstPerGame": 30.9,
        "shotsAgainstPerGameLast5": 34.8,
        "oppSavesAgainstPer60": 33.0,
        "oppSavesAgainstPer60Last1": 28.1,
        "oppSavesAgainstPer60Last3": 21.2,
        "oppSavesAgainstPer60Last5": 21.0,
        "oppShotsAgainstPerGame": 29.9,
        "oppShotsAgainstPerGameLast5": 25.4,
        "savesProj": 28.0,
        "savesProjLast5": 20.7,
        "savesProjLast3": 21.1,
        "oppSavesAgainstProj": 31.4,
        "oppSavesAgainstProjLast5": 19.4,
        "oppSavesAgainstProjLast3": 20.6,
        "totalOver": 33,
        "totalOverLast5": 40,
        "totalOverLast15": 33,
        "lastTotalOver": 35,
        "last5": "0,1,0,1,0,1,0,0,2,1",
        "overOdds": "+150",
        "underOdds": "0",
        "overUnder": "+150 / 0"
    },
    {
        "player": "Jamie Benn",
        "team": "DAL",
        "opponent": "VGK",
        "propType": "g",
        "line": 0.5,
        "ppLine": "PP1",
        "avg": 0.37,
        "hit": false,
        "diffAvg": -0.26,
        "diffAbs": 0.6,
        "lastAvg": 0.2,
        "diff": -0.6,
        "avgMin": 16,
        "proj": 0.2,
        "lastAvgMin": 16.73,
        "oppOver": 0,
        "teamOver": 0,
        "gameLine": "+105",
        "+/-": "+25",
        "L5_+/-": "+1.0",
        "prevMatchup": "2023-04-08 0.0 g 2023-02-25 0.0 g 2023-01-16 1.0 g",
        "winLossSplits": "36% - 30%",
        "awayHome": "A",
        "playedYesterday": "N",
        "awayHomeSplits": "34% - 33%",
        "savesAboveExp": -0.478,
        "gsaa": 8.04,
        "corsi": "52.0% (59.9) // 57.0% (56.0) // 52.0% (59.9) // 52.0% (59.9)",
        "fenwick": "51.3% (43.7) // 56.1% (40.6) // 51.3% (43.7) // 51.3% (43.7)",
        "shots": "51.6% (31.5) // 56.3% (29.0) // 51.6% (31.5) // 51.6% (31.5)",
        "scoring": "53.7% (31.5) // 61.3% (29.6) // 53.7% (31.5) // 53.7% (31.5)",
        "corsiAgainst": "48.0% (55.3) // 43.0% (42.3) // 48.0% (55.3) // 48.0% (55.3)",
        "fenwickAgainst": "48.7% (41.4) // 43.9% (31.7) // 48.7% (41.4) // 48.7% (41.4)",
        "shotsAgainst": "48.4% (29.5) // 43.7% (22.5) // 48.4% (29.5) // 48.4% (29.5)",
        "scoringAgainst": "46.3% (27.2) // 38.7% (18.6) // 46.3% (27.2) // 46.3% (27.2)",
        "oppCorsi": "48.6% (57.5) // 48.0% (56.0) // 48.6% (57.5) // 48.6% (57.5)",
        "oppFenwick": "49.7% (42.3) // 48.8% (40.5) // 49.7% (42.3) // 49.7% (42.3)",
        "oppShots": "50.5% (31.1) // 50.2% (28.8) // 50.5% (31.1) // 50.5% (31.1)",
        "oppScoring": "49.5% (29.2) // 49.0% (28.7) // 49.5% (29.2) // 49.5% (29.2)",
        "oppCorsiAgainst": "51.4% (60.7) // 52.0% (60.6) // 51.4% (60.7) // 51.4% (60.7)",
        "oppFenwickAgainst": "50.3% (42.8) // 51.2% (42.5) // 50.3% (42.8) // 50.3% (42.8)",
        "oppShotsAgainst": "49.5% (30.4) // 49.8% (28.5) // 49.5% (30.4) // 49.5% (30.4)",
        "oppScoringAgainst": "50.5% (29.8) // 51.0% (29.9) // 50.5% (29.8) // 50.5% (29.8)",
        "savesPerGame": 27.3,
        "savesPerGameLast1": 22.0,
        "savesPerGameLast3": 24.7,
        "savesPerGameLast5": 21.6,
        "savesPer60": 32.0,
        "savesPer60Last1": 22.0,
        "savesPer60Last3": 24.3,
        "savesPer60Last5": 21.4,
        "shotsPerGame": 31.9,
        "shotsPerGameLast5": 24.6,
        "shotsAgainstPerGame": 29.9,
        "shotsAgainstPerGameLast5": 25.4,
        "oppSavesAgainstPer60": 32.2,
        "oppSavesAgainstPer60Last1": 16.8,
        "oppSavesAgainstPer60Last3": 23.5,
        "oppSavesAgainstPer60Last5": 25.8,
        "oppShotsAgainstPerGame": 30.9,
        "oppShotsAgainstPerGameLast5": 34.8,
        "savesProj": 28.0,
        "savesProjLast5": 16.9,
        "savesProjLast3": 17.4,
        "oppSavesAgainstProj": 29.6,
        "oppSavesAgainstProjLast5": 17.8,
        "oppSavesAgainstProjLast3": 18.5,
        "totalOver": 34,
        "totalOverLast5": 20,
        "totalOverLast15": 13,
        "lastTotalOver": 20,
        "last5": "0,0,0,1,0,0,0,0,0,0",
        "overOdds": "+225",
        "underOdds": "0",
        "overUnder": "+225 / 0"
    },
    {
        "player": "Jason Robertson",
        "team": "DAL",
        "opponent": "VGK",
        "propType": "g",
        "line": 0.5,
        "ppLine": "PP1",
        "avg": 0.51,
        "hit": false,
        "diffAvg": 0.02,
        "diffAbs": 0.0,
        "lastAvg": 0.51,
        "diff": 0.02,
        "avgMin": 18,
        "proj": 0.5,
        "lastAvgMin": 18.1,
        "oppOver": 0,
        "teamOver": 0,
        "gameLine": "+105",
        "+/-": "+38",
        "L5_+/-": "+2.0",
        "prevMatchup": "2023-04-08 0.0 g 2023-02-25 0.0 g 2023-01-16 0.0 g",
        "winLossSplits": "44% - 35%",
        "awayHome": "A",
        "playedYesterday": "N",
        "awayHomeSplits": "34% - 46%",
        "savesAboveExp": -0.478,
        "gsaa": 8.04,
        "corsi": "52.0% (59.9) // 57.0% (56.0) // 52.0% (59.9) // 52.0% (59.9)",
        "fenwick": "51.3% (43.7) // 56.1% (40.6) // 51.3% (43.7) // 51.3% (43.7)",
        "shots": "51.6% (31.5) // 56.3% (29.0) // 51.6% (31.5) // 51.6% (31.5)",
        "scoring": "53.7% (31.5) // 61.3% (29.6) // 53.7% (31.5) // 53.7% (31.5)",
        "corsiAgainst": "48.0% (55.3) // 43.0% (42.3) // 48.0% (55.3) // 48.0% (55.3)",
        "fenwickAgainst": "48.7% (41.4) // 43.9% (31.7) // 48.7% (41.4) // 48.7% (41.4)",
        "shotsAgainst": "48.4% (29.5) // 43.7% (22.5) // 48.4% (29.5) // 48.4% (29.5)",
        "scoringAgainst": "46.3% (27.2) // 38.7% (18.6) // 46.3% (27.2) // 46.3% (27.2)",
        "oppCorsi": "48.6% (57.5) // 48.0% (56.0) // 48.6% (57.5) // 48.6% (57.5)",
        "oppFenwick": "49.7% (42.3) // 48.8% (40.5) // 49.7% (42.3) // 49.7% (42.3)",
        "oppShots": "50.5% (31.1) // 50.2% (28.8) // 50.5% (31.1) // 50.5% (31.1)",
        "oppScoring": "49.5% (29.2) // 49.0% (28.7) // 49.5% (29.2) // 49.5% (29.2)",
        "oppCorsiAgainst": "51.4% (60.7) // 52.0% (60.6) // 51.4% (60.7) // 51.4% (60.7)",
        "oppFenwickAgainst": "50.3% (42.8) // 51.2% (42.5) // 50.3% (42.8) // 50.3% (42.8)",
        "oppShotsAgainst": "49.5% (30.4) // 49.8% (28.5) // 49.5% (30.4) // 49.5% (30.4)",
        "oppScoringAgainst": "50.5% (29.8) // 51.0% (29.9) // 50.5% (29.8) // 50.5% (29.8)",
        "savesPerGame": 27.3,
        "savesPerGameLast1": 22.0,
        "savesPerGameLast3": 24.7,
        "savesPerGameLast5": 21.6,
        "savesPer60": 32.0,
        "savesPer60Last1": 22.0,
        "savesPer60Last3": 24.3,
        "savesPer60Last5": 21.4,
        "shotsPerGame": 31.9,
        "shotsPerGameLast5": 24.6,
        "shotsAgainstPerGame": 29.9,
        "shotsAgainstPerGameLast5": 25.4,
        "oppSavesAgainstPer60": 32.2,
        "oppSavesAgainstPer60Last1": 16.8,
        "oppSavesAgainstPer60Last3": 23.5,
        "oppSavesAgainstPer60Last5": 25.8,
        "oppShotsAgainstPerGame": 30.9,
        "oppShotsAgainstPerGameLast5": 34.8,
        "savesProj": 28.0,
        "savesProjLast5": 16.9,
        "savesProjLast3": 17.4,
        "oppSavesAgainstProj": 29.6,
        "oppSavesAgainstProjLast5": 17.8,
        "oppSavesAgainstProjLast3": 18.5,
        "totalOver": 40,
        "totalOverLast5": 0,
        "totalOverLast15": 13,
        "lastTotalOver": 37,
        "last5": "0,0,0,0,0,0,0,0,1,0",
        "overOdds": "+150",
        "underOdds": "0",
        "overUnder": "+150 / 0"
    },
    {
        "player": "Joe Pavelski",
        "team": "DAL",
        "opponent": "VGK",
        "propType": "g",
        "line": 0.5,
        "ppLine": "PP1",
        "avg": 0.4,
        "hit": false,
        "diffAvg": -0.2,
        "diffAbs": 0.4,
        "lastAvg": 0.3,
        "diff": -0.4,
        "avgMin": 17,
        "proj": 0.3,
        "lastAvgMin": 18.47,
        "oppOver": 0,
        "teamOver": 0,
        "gameLine": "+105",
        "+/-": "+43",
        "L5_+/-": "+2.0",
        "prevMatchup": "2023-04-08 0.0 g 2023-02-25 0.0 g 2023-01-16 0.0 g",
        "winLossSplits": "41% - 23%",
        "awayHome": "A",
        "playedYesterday": "N",
        "awayHomeSplits": "41% - 26%",
        "savesAboveExp": -0.478,
        "gsaa": 8.04,
        "corsi": "52.0% (59.9) // 57.0% (56.0) // 52.0% (59.9) // 52.0% (59.9)",
        "fenwick": "51.3% (43.7) // 56.1% (40.6) // 51.3% (43.7) // 51.3% (43.7)",
        "shots": "51.6% (31.5) // 56.3% (29.0) // 51.6% (31.5) // 51.6% (31.5)",
        "scoring": "53.7% (31.5) // 61.3% (29.6) // 53.7% (31.5) // 53.7% (31.5)",
        "corsiAgainst": "48.0% (55.3) // 43.0% (42.3) // 48.0% (55.3) // 48.0% (55.3)",
        "fenwickAgainst": "48.7% (41.4) // 43.9% (31.7) // 48.7% (41.4) // 48.7% (41.4)",
        "shotsAgainst": "48.4% (29.5) // 43.7% (22.5) // 48.4% (29.5) // 48.4% (29.5)",
        "scoringAgainst": "46.3% (27.2) // 38.7% (18.6) // 46.3% (27.2) // 46.3% (27.2)",
        "oppCorsi": "48.6% (57.5) // 48.0% (56.0) // 48.6% (57.5) // 48.6% (57.5)",
        "oppFenwick": "49.7% (42.3) // 48.8% (40.5) // 49.7% (42.3) // 49.7% (42.3)",
        "oppShots": "50.5% (31.1) // 50.2% (28.8) // 50.5% (31.1) // 50.5% (31.1)",
        "oppScoring": "49.5% (29.2) // 49.0% (28.7) // 49.5% (29.2) // 49.5% (29.2)",
        "oppCorsiAgainst": "51.4% (60.7) // 52.0% (60.6) // 51.4% (60.7) // 51.4% (60.7)",
        "oppFenwickAgainst": "50.3% (42.8) // 51.2% (42.5) // 50.3% (42.8) // 50.3% (42.8)",
        "oppShotsAgainst": "49.5% (30.4) // 49.8% (28.5) // 49.5% (30.4) // 49.5% (30.4)",
        "oppScoringAgainst": "50.5% (29.8) // 51.0% (29.9) // 50.5% (29.8) // 50.5% (29.8)",
        "savesPerGame": 27.3,
        "savesPerGameLast1": 22.0,
        "savesPerGameLast3": 24.7,
        "savesPerGameLast5": 21.6,
        "savesPer60": 32.0,
        "savesPer60Last1": 22.0,
        "savesPer60Last3": 24.3,
        "savesPer60Last5": 21.4,
        "shotsPerGame": 31.9,
        "shotsPerGameLast5": 24.6,
        "shotsAgainstPerGame": 29.9,
        "shotsAgainstPerGameLast5": 25.4,
        "oppSavesAgainstPer60": 32.2,
        "oppSavesAgainstPer60Last1": 16.8,
        "oppSavesAgainstPer60Last3": 23.5,
        "oppSavesAgainstPer60Last5": 25.8,
        "oppShotsAgainstPerGame": 30.9,
        "oppShotsAgainstPerGameLast5": 34.8,
        "savesProj": 28.0,
        "savesProjLast5": 16.9,
        "savesProjLast3": 17.4,
        "oppSavesAgainstProj": 29.6,
        "oppSavesAgainstProjLast5": 17.8,
        "oppSavesAgainstProjLast3": 18.5,
        "totalOver": 33,
        "totalOverLast5": 60,
        "totalOverLast15": 60,
        "lastTotalOver": 28,
        "last5": "0,1,1,1,0,1,4,0,0,1",
        "overOdds": "+200",
        "underOdds": "0",
        "overUnder": "+200 / 0"
    },
    {
        "player": "Jonathan Marchessault",
        "team": "VGK",
        "opponent": "DAL",
        "propType": "g",
        "line": 0.5,
        "ppLine": "PP1",
        "avg": 0.38,
        "hit": false,
        "diffAvg": -0.24,
        "diffAbs": 0.2,
        "lastAvg": 0.39,
        "diff": -0.22,
        "avgMin": 17,
        "proj": 0.4,
        "lastAvgMin": 17.57,
        "oppOver": 0,
        "teamOver": 0,
        "gameLine": "-125",
        "+/-": "+11",
        "L5_+/-": "+9.0",
        "prevMatchup": "2023-04-08 0.0 g 2023-02-25 0.0 g 2023-01-16 0.0 g",
        "winLossSplits": "35% - 19%",
        "awayHome": "H",
        "playedYesterday": "N",
        "awayHomeSplits": "30% - 27%",
        "savesAboveExp": 0.39,
        "gsaa": 26.05,
        "corsi": "48.6% (57.5) // 48.0% (56.0) // 48.6% (57.5) // 48.6% (57.5)",
        "fenwick": "49.7% (42.3) // 48.8% (40.5) // 49.7% (42.3) // 49.7% (42.3)",
        "shots": "50.5% (31.1) // 50.2% (28.8) // 50.5% (31.1) // 50.5% (31.1)",
        "scoring": "49.5% (29.2) // 49.0% (28.7) // 49.5% (29.2) // 49.5% (29.2)",
        "corsiAgainst": "51.4% (60.7) // 52.0% (60.6) // 51.4% (60.7) // 51.4% (60.7)",
        "fenwickAgainst": "50.3% (42.8) // 51.2% (42.5) // 50.3% (42.8) // 50.3% (42.8)",
        "shotsAgainst": "49.5% (30.4) // 49.8% (28.5) // 49.5% (30.4) // 49.5% (30.4)",
        "scoringAgainst": "50.5% (29.8) // 51.0% (29.9) // 50.5% (29.8) // 50.5% (29.8)",
        "oppCorsi": "52.0% (59.9) // 57.0% (56.0) // 52.0% (59.9) // 52.0% (59.9)",
        "oppFenwick": "51.3% (43.7) // 56.1% (40.6) // 51.3% (43.7) // 51.3% (43.7)",
        "oppShots": "51.6% (31.5) // 56.3% (29.0) // 51.6% (31.5) // 51.6% (31.5)",
        "oppScoring": "53.7% (31.5) // 61.3% (29.6) // 53.7% (31.5) // 53.7% (31.5)",
        "oppCorsiAgainst": "48.0% (55.3) // 43.0% (42.3) // 48.0% (55.3) // 48.0% (55.3)",
        "oppFenwickAgainst": "48.7% (41.4) // 43.9% (31.7) // 48.7% (41.4) // 48.7% (41.4)",
        "oppShotsAgainst": "48.4% (29.5) // 43.7% (22.5) // 48.4% (29.5) // 48.4% (29.5)",
        "oppScoringAgainst": "46.3% (27.2) // 38.7% (18.6) // 46.3% (27.2) // 46.3% (27.2)",
        "savesPerGame": 28.1,
        "savesPerGameLast1": 39.0,
        "savesPerGameLast3": 33.0,
        "savesPerGameLast5": 31.8,
        "savesPer60": 32.2,
        "savesPer60Last1": 39.0,
        "savesPer60Last3": 32.7,
        "savesPer60Last5": 31.6,
        "shotsPerGame": 31.5,
        "shotsPerGameLast5": 28.6,
        "shotsAgainstPerGame": 30.9,
        "shotsAgainstPerGameLast5": 34.8,
        "oppSavesAgainstPer60": 33.0,
        "oppSavesAgainstPer60Last1": 28.1,
        "oppSavesAgainstPer60Last3": 21.2,
        "oppSavesAgainstPer60Last5": 21.0,
        "oppShotsAgainstPerGame": 29.9,
        "oppShotsAgainstPerGameLast5": 25.4,
        "savesProj": 28.0,
        "savesProjLast5": 20.7,
        "savesProjLast3": 21.1,
        "oppSavesAgainstProj": 31.4,
        "oppSavesAgainstProjLast5": 19.4,
        "oppSavesAgainstProjLast3": 20.6,
        "totalOver": 29,
        "totalOverLast5": 40,
        "totalOverLast15": 20,
        "lastTotalOver": 35,
        "last5": "3,0,0,2,0,0,0,0,0,0",
        "overOdds": "+180",
        "underOdds": "0",
        "overUnder": "+180 / 0"
    },
    {
        "player": "Mark Stone",
        "team": "VGK",
        "opponent": "DAL",
        "propType": "g",
        "line": 0.5,
        "ppLine": "PP1",
        "avg": 0.41,
        "hit": false,
        "diffAvg": -0.18,
        "diffAbs": 0.6,
        "lastAvg": 0.24,
        "diff": -0.52,
        "avgMin": 19,
        "proj": 0.2,
        "lastAvgMin": 18.33,
        "oppOver": 0,
        "teamOver": 0,
        "gameLine": "-125",
        "+/-": "+15",
        "L5_+/-": "+7.0",
        "prevMatchup": "",
        "winLossSplits": "42% - 17%",
        "awayHome": "H",
        "playedYesterday": "N",
        "awayHomeSplits": "28% - 38%",
        "savesAboveExp": 0.39,
        "gsaa": 26.05,
        "corsi": "48.6% (57.5) // 48.0% (56.0) // 48.6% (57.5) // 48.6% (57.5)",
        "fenwick": "49.7% (42.3) // 48.8% (40.5) // 49.7% (42.3) // 49.7% (42.3)",
        "shots": "50.5% (31.1) // 50.2% (28.8) // 50.5% (31.1) // 50.5% (31.1)",
        "scoring": "49.5% (29.2) // 49.0% (28.7) // 49.5% (29.2) // 49.5% (29.2)",
        "corsiAgainst": "51.4% (60.7) // 52.0% (60.6) // 51.4% (60.7) // 51.4% (60.7)",
        "fenwickAgainst": "50.3% (42.8) // 51.2% (42.5) // 50.3% (42.8) // 50.3% (42.8)",
        "shotsAgainst": "49.5% (30.4) // 49.8% (28.5) // 49.5% (30.4) // 49.5% (30.4)",
        "scoringAgainst": "50.5% (29.8) // 51.0% (29.9) // 50.5% (29.8) // 50.5% (29.8)",
        "oppCorsi": "52.0% (59.9) // 57.0% (56.0) // 52.0% (59.9) // 52.0% (59.9)",
        "oppFenwick": "51.3% (43.7) // 56.1% (40.6) // 51.3% (43.7) // 51.3% (43.7)",
        "oppShots": "51.6% (31.5) // 56.3% (29.0) // 51.6% (31.5) // 51.6% (31.5)",
        "oppScoring": "53.7% (31.5) // 61.3% (29.6) // 53.7% (31.5) // 53.7% (31.5)",
        "oppCorsiAgainst": "48.0% (55.3) // 43.0% (42.3) // 48.0% (55.3) // 48.0% (55.3)",
        "oppFenwickAgainst": "48.7% (41.4) // 43.9% (31.7) // 48.7% (41.4) // 48.7% (41.4)",
        "oppShotsAgainst": "48.4% (29.5) // 43.7% (22.5) // 48.4% (29.5) // 48.4% (29.5)",
        "oppScoringAgainst": "46.3% (27.2) // 38.7% (18.6) // 46.3% (27.2) // 46.3% (27.2)",
        "savesPerGame": 28.1,
        "savesPerGameLast1": 39.0,
        "savesPerGameLast3": 33.0,
        "savesPerGameLast5": 31.8,
        "savesPer60": 32.2,
        "savesPer60Last1": 39.0,
        "savesPer60Last3": 32.7,
        "savesPer60Last5": 31.6,
        "shotsPerGame": 31.5,
        "shotsPerGameLast5": 28.6,
        "shotsAgainstPerGame": 30.9,
        "shotsAgainstPerGameLast5": 34.8,
        "oppSavesAgainstPer60": 33.0,
        "oppSavesAgainstPer60Last1": 28.1,
        "oppSavesAgainstPer60Last3": 21.2,
        "oppSavesAgainstPer60Last5": 21.0,
        "oppShotsAgainstPerGame": 29.9,
        "oppShotsAgainstPerGameLast5": 25.4,
        "savesProj": 28.0,
        "savesProjLast5": 20.7,
        "savesProjLast3": 21.1,
        "oppSavesAgainstProj": 31.4,
        "oppSavesAgainstProjLast5": 19.4,
        "oppSavesAgainstProjLast3": 20.6,
        "totalOver": 33,
        "totalOverLast5": 20,
        "totalOverLast15": 33,
        "lastTotalOver": 18,
        "last5": "0,1,0,0,0,1,1,0,0,2",
        "overOdds": "+190",
        "underOdds": "0",
        "overUnder": "+190 / 0"
    },
    {
        "player": "Max Domi",
        "team": "DAL",
        "opponent": "VGK",
        "propType": "g",
        "line": 0.5,
        "ppLine": "PP2",
        "avg": 0.25,
        "hit": false,
        "diffAvg": -0.5,
        "diffAbs": 0.6,
        "lastAvg": 0.13,
        "diff": -0.74,
        "avgMin": 17,
        "proj": 0.2,
        "lastAvgMin": 13.03,
        "oppOver": 0,
        "teamOver": 0,
        "gameLine": "+105",
        "+/-": -7,
        "L5_+/-": "+1.0",
        "prevMatchup": "2023-04-08 0.0 g 2023-02-21 0.0 g 2022-12-15 0.0 g 2022-10-13 0.0 g",
        "winLossSplits": "28% - 14%",
        "awayHome": "A",
        "playedYesterday": "N",
        "awayHomeSplits": "20% - 21%",
        "savesAboveExp": -0.478,
        "gsaa": 8.04,
        "corsi": "52.0% (59.9) // 57.0% (56.0) // 52.0% (59.9) // 52.0% (59.9)",
        "fenwick": "51.3% (43.7) // 56.1% (40.6) // 51.3% (43.7) // 51.3% (43.7)",
        "shots": "51.6% (31.5) // 56.3% (29.0) // 51.6% (31.5) // 51.6% (31.5)",
        "scoring": "53.7% (31.5) // 61.3% (29.6) // 53.7% (31.5) // 53.7% (31.5)",
        "corsiAgainst": "48.0% (55.3) // 43.0% (42.3) // 48.0% (55.3) // 48.0% (55.3)",
        "fenwickAgainst": "48.7% (41.4) // 43.9% (31.7) // 48.7% (41.4) // 48.7% (41.4)",
        "shotsAgainst": "48.4% (29.5) // 43.7% (22.5) // 48.4% (29.5) // 48.4% (29.5)",
        "scoringAgainst": "46.3% (27.2) // 38.7% (18.6) // 46.3% (27.2) // 46.3% (27.2)",
        "oppCorsi": "48.6% (57.5) // 48.0% (56.0) // 48.6% (57.5) // 48.6% (57.5)",
        "oppFenwick": "49.7% (42.3) // 48.8% (40.5) // 49.7% (42.3) // 49.7% (42.3)",
        "oppShots": "50.5% (31.1) // 50.2% (28.8) // 50.5% (31.1) // 50.5% (31.1)",
        "oppScoring": "49.5% (29.2) // 49.0% (28.7) // 49.5% (29.2) // 49.5% (29.2)",
        "oppCorsiAgainst": "51.4% (60.7) // 52.0% (60.6) // 51.4% (60.7) // 51.4% (60.7)",
        "oppFenwickAgainst": "50.3% (42.8) // 51.2% (42.5) // 50.3% (42.8) // 50.3% (42.8)",
        "oppShotsAgainst": "49.5% (30.4) // 49.8% (28.5) // 49.5% (30.4) // 49.5% (30.4)",
        "oppScoringAgainst": "50.5% (29.8) // 51.0% (29.9) // 50.5% (29.8) // 50.5% (29.8)",
        "savesPerGame": 27.3,
        "savesPerGameLast1": 22.0,
        "savesPerGameLast3": 24.7,
        "savesPerGameLast5": 21.6,
        "savesPer60": 32.0,
        "savesPer60Last1": 22.0,
        "savesPer60Last3": 24.3,
        "savesPer60Last5": 21.4,
        "shotsPerGame": 31.9,
        "shotsPerGameLast5": 24.6,
        "shotsAgainstPerGame": 29.9,
        "shotsAgainstPerGameLast5": 25.4,
        "oppSavesAgainstPer60": 32.2,
        "oppSavesAgainstPer60Last1": 16.8,
        "oppSavesAgainstPer60Last3": 23.5,
        "oppSavesAgainstPer60Last5": 25.8,
        "oppShotsAgainstPerGame": 30.9,
        "oppShotsAgainstPerGameLast5": 34.8,
        "savesProj": 28.0,
        "savesProjLast5": 16.9,
        "savesProjLast3": 17.4,
        "oppSavesAgainstProj": 29.6,
        "oppSavesAgainstProjLast5": 17.8,
        "oppSavesAgainstProjLast3": 18.5,
        "totalOver": 20,
        "totalOverLast5": 20,
        "totalOverLast15": 13,
        "lastTotalOver": 15,
        "last5": "0,0,0,2,0,0,0,1,0,0",
        "overOdds": "+350",
        "underOdds": "0",
        "overUnder": "+350 / 0"
    },
    {
        "player": "Miro Heiskanen",
        "team": "DAL",
        "opponent": "VGK",
        "propType": "g",
        "line": 0.5,
        "ppLine": "PP1",
        "avg": 0.12,
        "hit": false,
        "diffAvg": -0.76,
        "diffAbs": 0.8,
        "lastAvg": 0.06,
        "diff": -0.88,
        "avgMin": 25,
        "proj": 0.1,
        "lastAvgMin": 24.88,
        "oppOver": 0,
        "teamOver": 0,
        "gameLine": "+105",
        "+/-": "+13",
        "L5_+/-": "+1.0",
        "prevMatchup": "2023-04-08 0.0 g 2023-02-25 0.0 g 2023-01-16 0.0 g",
        "winLossSplits": "15% - 5%",
        "awayHome": "A",
        "playedYesterday": "N",
        "awayHomeSplits": "7% - 15%",
        "savesAboveExp": -0.478,
        "gsaa": 8.04,
        "corsi": "52.0% (59.9) // 57.0% (56.0) // 52.0% (59.9) // 52.0% (59.9)",
        "fenwick": "51.3% (43.7) // 56.1% (40.6) // 51.3% (43.7) // 51.3% (43.7)",
        "shots": "51.6% (31.5) // 56.3% (29.0) // 51.6% (31.5) // 51.6% (31.5)",
        "scoring": "53.7% (31.5) // 61.3% (29.6) // 53.7% (31.5) // 53.7% (31.5)",
        "corsiAgainst": "48.0% (55.3) // 43.0% (42.3) // 48.0% (55.3) // 48.0% (55.3)",
        "fenwickAgainst": "48.7% (41.4) // 43.9% (31.7) // 48.7% (41.4) // 48.7% (41.4)",
        "shotsAgainst": "48.4% (29.5) // 43.7% (22.5) // 48.4% (29.5) // 48.4% (29.5)",
        "scoringAgainst": "46.3% (27.2) // 38.7% (18.6) // 46.3% (27.2) // 46.3% (27.2)",
        "oppCorsi": "48.6% (57.5) // 48.0% (56.0) // 48.6% (57.5) // 48.6% (57.5)",
        "oppFenwick": "49.7% (42.3) // 48.8% (40.5) // 49.7% (42.3) // 49.7% (42.3)",
        "oppShots": "50.5% (31.1) // 50.2% (28.8) // 50.5% (31.1) // 50.5% (31.1)",
        "oppScoring": "49.5% (29.2) // 49.0% (28.7) // 49.5% (29.2) // 49.5% (29.2)",
        "oppCorsiAgainst": "51.4% (60.7) // 52.0% (60.6) // 51.4% (60.7) // 51.4% (60.7)",
        "oppFenwickAgainst": "50.3% (42.8) // 51.2% (42.5) // 50.3% (42.8) // 50.3% (42.8)",
        "oppShotsAgainst": "49.5% (30.4) // 49.8% (28.5) // 49.5% (30.4) // 49.5% (30.4)",
        "oppScoringAgainst": "50.5% (29.8) // 51.0% (29.9) // 50.5% (29.8) // 50.5% (29.8)",
        "savesPerGame": 27.3,
        "savesPerGameLast1": 22.0,
        "savesPerGameLast3": 24.7,
        "savesPerGameLast5": 21.6,
        "savesPer60": 32.0,
        "savesPer60Last1": 22.0,
        "savesPer60Last3": 24.3,
        "savesPer60Last5": 21.4,
        "shotsPerGame": 31.9,
        "shotsPerGameLast5": 24.6,
        "shotsAgainstPerGame": 29.9,
        "shotsAgainstPerGameLast5": 25.4,
        "oppSavesAgainstPer60": 32.2,
        "oppSavesAgainstPer60Last1": 16.8,
        "oppSavesAgainstPer60Last3": 23.5,
        "oppSavesAgainstPer60Last5": 25.8,
        "oppShotsAgainstPerGame": 30.9,
        "oppShotsAgainstPerGameLast5": 34.8,
        "savesProj": 28.0,
        "savesProjLast5": 16.9,
        "savesProjLast3": 17.4,
        "oppSavesAgainstProj": 29.6,
        "oppSavesAgainstProjLast5": 17.8,
        "oppSavesAgainstProjLast3": 18.5,
        "totalOver": 11,
        "totalOverLast5": 0,
        "totalOverLast15": 0,
        "lastTotalOver": 9,
        "last5": "0,0,0,0,0,0,0,0,0,0",
        "overOdds": "+425",
        "underOdds": "0",
        "overUnder": "+425 / 0"
    },
    {
        "player": "Reilly Smith",
        "team": "VGK",
        "opponent": "DAL",
        "propType": "g",
        "line": 0.5,
        "ppLine": "PP2",
        "avg": 0.31,
        "hit": false,
        "diffAvg": -0.38,
        "diffAbs": 0.4,
        "lastAvg": 0.29,
        "diff": -0.42,
        "avgMin": 16,
        "proj": 0.3,
        "lastAvgMin": 17.78,
        "oppOver": 0,
        "teamOver": 0,
        "gameLine": "-125",
        "+/-": "+14",
        "L5_+/-": "+4.0",
        "prevMatchup": "2023-04-08 0.0 g 2023-02-25 0.0 g 2023-01-16 0.0 g",
        "winLossSplits": "33% - 16%",
        "awayHome": "H",
        "playedYesterday": "N",
        "awayHomeSplits": "30% - 24%",
        "savesAboveExp": 0.39,
        "gsaa": 26.05,
        "corsi": "48.6% (57.5) // 48.0% (56.0) // 48.6% (57.5) // 48.6% (57.5)",
        "fenwick": "49.7% (42.3) // 48.8% (40.5) // 49.7% (42.3) // 49.7% (42.3)",
        "shots": "50.5% (31.1) // 50.2% (28.8) // 50.5% (31.1) // 50.5% (31.1)",
        "scoring": "49.5% (29.2) // 49.0% (28.7) // 49.5% (29.2) // 49.5% (29.2)",
        "corsiAgainst": "51.4% (60.7) // 52.0% (60.6) // 51.4% (60.7) // 51.4% (60.7)",
        "fenwickAgainst": "50.3% (42.8) // 51.2% (42.5) // 50.3% (42.8) // 50.3% (42.8)",
        "shotsAgainst": "49.5% (30.4) // 49.8% (28.5) // 49.5% (30.4) // 49.5% (30.4)",
        "scoringAgainst": "50.5% (29.8) // 51.0% (29.9) // 50.5% (29.8) // 50.5% (29.8)",
        "oppCorsi": "52.0% (59.9) // 57.0% (56.0) // 52.0% (59.9) // 52.0% (59.9)",
        "oppFenwick": "51.3% (43.7) // 56.1% (40.6) // 51.3% (43.7) // 51.3% (43.7)",
        "oppShots": "51.6% (31.5) // 56.3% (29.0) // 51.6% (31.5) // 51.6% (31.5)",
        "oppScoring": "53.7% (31.5) // 61.3% (29.6) // 53.7% (31.5) // 53.7% (31.5)",
        "oppCorsiAgainst": "48.0% (55.3) // 43.0% (42.3) // 48.0% (55.3) // 48.0% (55.3)",
        "oppFenwickAgainst": "48.7% (41.4) // 43.9% (31.7) // 48.7% (41.4) // 48.7% (41.4)",
        "oppShotsAgainst": "48.4% (29.5) // 43.7% (22.5) // 48.4% (29.5) // 48.4% (29.5)",
        "oppScoringAgainst": "46.3% (27.2) // 38.7% (18.6) // 46.3% (27.2) // 46.3% (27.2)",
        "savesPerGame": 28.1,
        "savesPerGameLast1": 39.0,
        "savesPerGameLast3": 33.0,
        "savesPerGameLast5": 31.8,
        "savesPer60": 32.2,
        "savesPer60Last1": 39.0,
        "savesPer60Last3": 32.7,
        "savesPer60Last5": 31.6,
        "shotsPerGame": 31.5,
        "shotsPerGameLast5": 28.6,
        "shotsAgainstPerGame": 30.9,
        "shotsAgainstPerGameLast5": 34.8,
        "oppSavesAgainstPer60": 33.0,
        "oppSavesAgainstPer60Last1": 28.1,
        "oppSavesAgainstPer60Last3": 21.2,
        "oppSavesAgainstPer60Last5": 21.0,
        "oppShotsAgainstPerGame": 29.9,
        "oppShotsAgainstPerGameLast5": 25.4,
        "savesProj": 28.0,
        "savesProjLast5": 20.7,
        "savesProjLast3": 21.1,
        "oppSavesAgainstProj": 31.4,
        "oppSavesAgainstProjLast5": 19.4,
        "oppSavesAgainstProjLast3": 20.6,
        "totalOver": 27,
        "totalOverLast5": 40,
        "totalOverLast15": 27,
        "lastTotalOver": 26,
        "last5": "1,1,0,0,0,0,0,0,0,0",
        "overOdds": "+220",
        "underOdds": "0",
        "overUnder": "+220 / 0"
    },
    {
        "player": "Roope Hintz",
        "team": "DAL",
        "opponent": "VGK",
        "propType": "g",
        "line": 0.5,
        "ppLine": "PP1",
        "avg": 0.53,
        "hit": false,
        "diffAvg": 0.06,
        "diffAbs": 0.2,
        "lastAvg": 0.43,
        "diff": -0.14,
        "avgMin": 17,
        "proj": 0.4,
        "lastAvgMin": 18.03,
        "oppOver": 0,
        "teamOver": 0,
        "gameLine": "+105",
        "+/-": "+36",
        "L5_+/-": "+5.0",
        "prevMatchup": "2023-04-08 0.0 g 2023-02-25 1.0 g",
        "winLossSplits": "49% - 27%",
        "awayHome": "A",
        "playedYesterday": "N",
        "awayHomeSplits": "31% - 48%",
        "savesAboveExp": -0.478,
        "gsaa": 8.04,
        "corsi": "52.0% (59.9) // 57.0% (56.0) // 52.0% (59.9) // 52.0% (59.9)",
        "fenwick": "51.3% (43.7) // 56.1% (40.6) // 51.3% (43.7) // 51.3% (43.7)",
        "shots": "51.6% (31.5) // 56.3% (29.0) // 51.6% (31.5) // 51.6% (31.5)",
        "scoring": "53.7% (31.5) // 61.3% (29.6) // 53.7% (31.5) // 53.7% (31.5)",
        "corsiAgainst": "48.0% (55.3) // 43.0% (42.3) // 48.0% (55.3) // 48.0% (55.3)",
        "fenwickAgainst": "48.7% (41.4) // 43.9% (31.7) // 48.7% (41.4) // 48.7% (41.4)",
        "shotsAgainst": "48.4% (29.5) // 43.7% (22.5) // 48.4% (29.5) // 48.4% (29.5)",
        "scoringAgainst": "46.3% (27.2) // 38.7% (18.6) // 46.3% (27.2) // 46.3% (27.2)",
        "oppCorsi": "48.6% (57.5) // 48.0% (56.0) // 48.6% (57.5) // 48.6% (57.5)",
        "oppFenwick": "49.7% (42.3) // 48.8% (40.5) // 49.7% (42.3) // 49.7% (42.3)",
        "oppShots": "50.5% (31.1) // 50.2% (28.8) // 50.5% (31.1) // 50.5% (31.1)",
        "oppScoring": "49.5% (29.2) // 49.0% (28.7) // 49.5% (29.2) // 49.5% (29.2)",
        "oppCorsiAgainst": "51.4% (60.7) // 52.0% (60.6) // 51.4% (60.7) // 51.4% (60.7)",
        "oppFenwickAgainst": "50.3% (42.8) // 51.2% (42.5) // 50.3% (42.8) // 50.3% (42.8)",
        "oppShotsAgainst": "49.5% (30.4) // 49.8% (28.5) // 49.5% (30.4) // 49.5% (30.4)",
        "oppScoringAgainst": "50.5% (29.8) // 51.0% (29.9) // 50.5% (29.8) // 50.5% (29.8)",
        "savesPerGame": 27.3,
        "savesPerGameLast1": 22.0,
        "savesPerGameLast3": 24.7,
        "savesPerGameLast5": 21.6,
        "savesPer60": 32.0,
        "savesPer60Last1": 22.0,
        "savesPer60Last3": 24.3,
        "savesPer60Last5": 21.4,
        "shotsPerGame": 31.9,
        "shotsPerGameLast5": 24.6,
        "shotsAgainstPerGame": 29.9,
        "shotsAgainstPerGameLast5": 25.4,
        "oppSavesAgainstPer60": 32.2,
        "oppSavesAgainstPer60Last1": 16.8,
        "oppSavesAgainstPer60Last3": 23.5,
        "oppSavesAgainstPer60Last5": 25.8,
        "oppShotsAgainstPerGame": 30.9,
        "oppShotsAgainstPerGameLast5": 34.8,
        "savesProj": 28.0,
        "savesProjLast5": 16.9,
        "savesProjLast3": 17.4,
        "oppSavesAgainstProj": 29.6,
        "oppSavesAgainstProjLast5": 17.8,
        "oppSavesAgainstProjLast3": 18.5,
        "totalOver": 40,
        "totalOverLast5": 60,
        "totalOverLast15": 40,
        "lastTotalOver": 35,
        "last5": "1,0,2,1,0,0,0,1,0,0",
        "overOdds": "+190",
        "underOdds": "0",
        "overUnder": "+190 / 0"
    },
    {
        "player": "Shea Theodore",
        "team": "VGK",
        "opponent": "DAL",
        "propType": "g",
        "line": 0.5,
        "ppLine": "PP1",
        "avg": 0.12,
        "hit": false,
        "diffAvg": -0.76,
        "diffAbs": 0.6,
        "lastAvg": 0.18,
        "diff": -0.64,
        "avgMin": 21,
        "proj": 0.2,
        "lastAvgMin": 23.13,
        "oppOver": 0,
        "teamOver": 0,
        "gameLine": "-125",
        "+/-": "+18",
        "L5_+/-": "+2.0",
        "prevMatchup": "2023-02-25 0.0 g",
        "winLossSplits": "13% - 10%",
        "awayHome": "H",
        "playedYesterday": "N",
        "awayHomeSplits": "14% - 10%",
        "savesAboveExp": 0.39,
        "gsaa": 26.05,
        "corsi": "48.6% (57.5) // 48.0% (56.0) // 48.6% (57.5) // 48.6% (57.5)",
        "fenwick": "49.7% (42.3) // 48.8% (40.5) // 49.7% (42.3) // 49.7% (42.3)",
        "shots": "50.5% (31.1) // 50.2% (28.8) // 50.5% (31.1) // 50.5% (31.1)",
        "scoring": "49.5% (29.2) // 49.0% (28.7) // 49.5% (29.2) // 49.5% (29.2)",
        "corsiAgainst": "51.4% (60.7) // 52.0% (60.6) // 51.4% (60.7) // 51.4% (60.7)",
        "fenwickAgainst": "50.3% (42.8) // 51.2% (42.5) // 50.3% (42.8) // 50.3% (42.8)",
        "shotsAgainst": "49.5% (30.4) // 49.8% (28.5) // 49.5% (30.4) // 49.5% (30.4)",
        "scoringAgainst": "50.5% (29.8) // 51.0% (29.9) // 50.5% (29.8) // 50.5% (29.8)",
        "oppCorsi": "52.0% (59.9) // 57.0% (56.0) // 52.0% (59.9) // 52.0% (59.9)",
        "oppFenwick": "51.3% (43.7) // 56.1% (40.6) // 51.3% (43.7) // 51.3% (43.7)",
        "oppShots": "51.6% (31.5) // 56.3% (29.0) // 51.6% (31.5) // 51.6% (31.5)",
        "oppScoring": "53.7% (31.5) // 61.3% (29.6) // 53.7% (31.5) // 53.7% (31.5)",
        "oppCorsiAgainst": "48.0% (55.3) // 43.0% (42.3) // 48.0% (55.3) // 48.0% (55.3)",
        "oppFenwickAgainst": "48.7% (41.4) // 43.9% (31.7) // 48.7% (41.4) // 48.7% (41.4)",
        "oppShotsAgainst": "48.4% (29.5) // 43.7% (22.5) // 48.4% (29.5) // 48.4% (29.5)",
        "oppScoringAgainst": "46.3% (27.2) // 38.7% (18.6) // 46.3% (27.2) // 46.3% (27.2)",
        "savesPerGame": 28.1,
        "savesPerGameLast1": 39.0,
        "savesPerGameLast3": 33.0,
        "savesPerGameLast5": 31.8,
        "savesPer60": 32.2,
        "savesPer60Last1": 39.0,
        "savesPer60Last3": 32.7,
        "savesPer60Last5": 31.6,
        "shotsPerGame": 31.5,
        "shotsPerGameLast5": 28.6,
        "shotsAgainstPerGame": 30.9,
        "shotsAgainstPerGameLast5": 34.8,
        "oppSavesAgainstPer60": 33.0,
        "oppSavesAgainstPer60Last1": 28.1,
        "oppSavesAgainstPer60Last3": 21.2,
        "oppSavesAgainstPer60Last5": 21.0,
        "oppShotsAgainstPerGame": 29.9,
        "oppShotsAgainstPerGameLast5": 25.4,
        "savesProj": 28.0,
        "savesProjLast5": 20.7,
        "savesProjLast3": 21.1,
        "oppSavesAgainstProj": 31.4,
        "oppSavesAgainstProjLast5": 19.4,
        "oppSavesAgainstProjLast3": 20.6,
        "totalOver": 12,
        "totalOverLast5": 0,
        "totalOverLast15": 0,
        "lastTotalOver": 15,
        "last5": "0,0,0,0,0,0,0,0,0,0",
        "overOdds": "+450",
        "underOdds": "0",
        "overUnder": "+450 / 0"
    },
    {
        "player": "Tyler Seguin",
        "team": "DAL",
        "opponent": "VGK",
        "propType": "g",
        "line": 0.5,
        "ppLine": "PP2",
        "avg": 0.29,
        "hit": false,
        "diffAvg": -0.42,
        "diffAbs": 0.6,
        "lastAvg": 0.27,
        "diff": -0.46,
        "avgMin": 16,
        "proj": 0.2,
        "lastAvgMin": 17.82,
        "oppOver": 0,
        "teamOver": 0,
        "gameLine": "+105",
        "+/-": "+2",
        "L5_+/-": 0.0,
        "prevMatchup": "2023-04-08 0.0 g 2023-02-25 0.0 g 2023-01-16 1.0 g",
        "winLossSplits": "29% - 19%",
        "awayHome": "A",
        "playedYesterday": "N",
        "awayHomeSplits": "26% - 23%",
        "savesAboveExp": -0.478,
        "gsaa": 8.04,
        "corsi": "52.0% (59.9) // 57.0% (56.0) // 52.0% (59.9) // 52.0% (59.9)",
