[
    {
        "player": "Artemi Panarin",
        "team": "NYR",
        "opponent": "NJ",
        "propType": "sog",
        "line": 2.5,
        "ppLine": "PP1",
        "avg": 2.48,
        "hit": false,
        "diffAvg": -0.01,
        "diffAbs": 0.28,
        "lastAvg": 1.86,
        "diff": -0.26,
        "avgMin": 19,
        "proj": 1.8,
        "lastAvgMin": 19.22,
        "oppOver": 0,
        "teamOver": 0,
        "gameLine": "-150",
        "+/-": "+5",
        "L5_+/-": -1.0,
        "prevMatchup": "2023-04-22 2.0 sog 2023-04-20 2.0 sog 2023-04-18 3.0 sog 2023-03-30 4.0 sog 2023-01-07 3.0 sog 2022-12-12 1.0 sog 2022-11-28 5.0 sog",
        "winLossSplits": "47% - 50%",
        "awayHome": "H",
        "playedYesterday": "N",
        "awayHomeSplits": "49% - 48%",
        "savesAboveExp": 0.922,
        "gsaa": 7.07,
        "corsi": "51.4% (57.9) // 49.5% (54.5) // - // 51.4% (57.9)",
        "fenwick": "52.0% (43.7) // 50.7% (42.3) // - // 52.0% (43.7)",
        "shots": "51.8% (31.1) // 51.8% (30.7) // - // 51.8% (31.1)",
        "scoring": "51.3% (30.8) // 48.9% (29.6) // - // 51.3% (30.8)",
        "corsiAgainst": "48.6% (54.7) // 50.5% (55.5) // - // 48.6% (54.7)",
        "fenwickAgainst": "48.0% (40.2) // 49.3% (41.1) // - // 48.0% (40.2)",
        "shotsAgainst": "48.2% (28.9) // 48.2% (28.6) // - // 48.2% (28.9)",
        "scoringAgainst": "48.7% (29.2) // 51.1% (30.9) // - // 48.7% (29.2)",
        "oppCorsi": "53.7% (63.4) // 55.1% (64.9) // - // 53.7% (63.4)",
        "oppFenwick": "53.9% (46.9) // 55.2% (48.2) // - // 53.9% (46.9)",
        "oppShots": "54.9% (33.9) // 54.4% (33.3) // - // 54.9% (33.9)",
        "oppScoring": "56.3% (35.0) // 60.7% (39.4) // - // 56.3% (35.0)",
        "oppCorsiAgainst": "46.3% (54.8) // 44.9% (52.8) // - // 46.3% (54.8)",
        "oppFenwickAgainst": "46.1% (40.1) // 44.8% (39.2) // - // 46.1% (40.1)",
        "oppShotsAgainst": "45.1% (27.8) // 45.6% (28.0) // - // 45.1% (27.8)",
        "oppScoringAgainst": "43.7% (27.1) // 39.3% (25.5) // - // 43.7% (27.1)",
        "savesPerGame": 26.7,
        "savesPerGameLast1": 26.0,
        "savesPerGameLast3": 25.3,
        "savesPerGameLast5": 26.2,
        "savesPer60": 27.9,
        "savesPer60Last1": 30.8,
        "savesPer60Last3": 26.9,
        "savesPer60Last5": 27.3,
        "shotsPerGame": 31.5,
        "shotsPerGameLast5": 28.2,
        "shotsAgainstPerGame": 29.3,
        "shotsAgainstPerGameLast5": 28.0,
        "oppSavesAgainstPer60": 32.2,
        "oppSavesAgainstPer60Last1": 26.0,
        "oppSavesAgainstPer60Last3": 25.1,
        "oppSavesAgainstPer60Last5": 25.5,
        "oppShotsAgainstPerGame": 28.2,
        "oppShotsAgainstPerGameLast5": 31.6,
        "savesProj": 32.2,
        "savesProjLast5": 26.3,
        "savesProjLast3": 25.3,
        "oppSavesAgainstProj": 29.4,
        "oppSavesAgainstProjLast5": 21.4,
        "oppSavesAgainstProjLast3": 19.5,
        "totalOver": 48,
        "totalOverLast5": 40,
        "totalOverLast15": 60,
        "lastTotalOver": 37,
        "last5": "2,2,3,3,2,3,1,3,3,3",
        "overOdds": "-105",
        "underOdds": "-125",
        "overUnder": "-105 / -125"
    },
    {
        "player": "Chris Kreider",
        "team": "NYR",
        "opponent": "NJ",
        "propType": "sog",
        "line": 2.5,
        "ppLine": "PP1",
        "avg": 2.9,
        "hit": false,
        "diffAvg": 0.16,
        "diffAbs": 0.04,
        "lastAvg": 2.5,
        "diff": 0.0,
        "avgMin": 18,
        "proj": 2.4,
        "lastAvgMin": 18.72,
        "oppOver": 0,
        "teamOver": 0,
        "gameLine": "-150",
        "+/-": "+23",
        "L5_+/-": "+1.0",
        "prevMatchup": "2023-04-22 1.0 sog 2023-04-20 5.0 sog 2023-04-18 3.0 sog 2023-03-30 3.0 sog 2023-01-07 1.0 sog 2022-12-12 6.0 sog 2022-11-28 1.0 sog",
        "winLossSplits": "57% - 43%",
        "awayHome": "H",
        "playedYesterday": "N",
        "awayHomeSplits": "52% - 50%",
        "savesAboveExp": 0.922,
        "gsaa": 7.07,
        "corsi": "51.4% (57.9) // 49.5% (54.5) // - // 51.4% (57.9)",
        "fenwick": "52.0% (43.7) // 50.7% (42.3) // - // 52.0% (43.7)",
        "shots": "51.8% (31.1) // 51.8% (30.7) // - // 51.8% (31.1)",
        "scoring": "51.3% (30.8) // 48.9% (29.6) // - // 51.3% (30.8)",
        "corsiAgainst": "48.6% (54.7) // 50.5% (55.5) // - // 48.6% (54.7)",
        "fenwickAgainst": "48.0% (40.2) // 49.3% (41.1) // - // 48.0% (40.2)",
        "shotsAgainst": "48.2% (28.9) // 48.2% (28.6) // - // 48.2% (28.9)",
        "scoringAgainst": "48.7% (29.2) // 51.1% (30.9) // - // 48.7% (29.2)",
        "oppCorsi": "53.7% (63.4) // 55.1% (64.9) // - // 53.7% (63.4)",
        "oppFenwick": "53.9% (46.9) // 55.2% (48.2) // - // 53.9% (46.9)",
        "oppShots": "54.9% (33.9) // 54.4% (33.3) // - // 54.9% (33.9)",
        "oppScoring": "56.3% (35.0) // 60.7% (39.4) // - // 56.3% (35.0)",
        "oppCorsiAgainst": "46.3% (54.8) // 44.9% (52.8) // - // 46.3% (54.8)",
        "oppFenwickAgainst": "46.1% (40.1) // 44.8% (39.2) // - // 46.1% (40.1)",
        "oppShotsAgainst": "45.1% (27.8) // 45.6% (28.0) // - // 45.1% (27.8)",
        "oppScoringAgainst": "43.7% (27.1) // 39.3% (25.5) // - // 43.7% (27.1)",
        "savesPerGame": 26.7,
        "savesPerGameLast1": 26.0,
        "savesPerGameLast3": 25.3,
        "savesPerGameLast5": 26.2,
        "savesPer60": 27.9,
        "savesPer60Last1": 30.8,
        "savesPer60Last3": 26.9,
        "savesPer60Last5": 27.3,
        "shotsPerGame": 31.5,
        "shotsPerGameLast5": 28.2,
        "shotsAgainstPerGame": 29.3,
        "shotsAgainstPerGameLast5": 28.0,
        "oppSavesAgainstPer60": 32.2,
        "oppSavesAgainstPer60Last1": 26.0,
        "oppSavesAgainstPer60Last3": 25.1,
        "oppSavesAgainstPer60Last5": 25.5,
        "oppShotsAgainstPerGame": 28.2,
        "oppShotsAgainstPerGameLast5": 31.6,
        "savesProj": 32.2,
        "savesProjLast5": 26.3,
        "savesProjLast3": 25.3,
        "oppSavesAgainstProj": 29.4,
        "oppSavesAgainstProjLast5": 21.4,
        "oppSavesAgainstProjLast3": 19.5,
        "totalOver": 51,
        "totalOverLast5": 40,
        "totalOverLast15": 40,
        "lastTotalOver": 56,
        "last5": "1,5,3,1,1,1,2,5,0,1",
        "overOdds": "-115",
        "underOdds": "-115",
        "overUnder": "-115 / -115"
    },
    {
        "player": "Dawson Mercer",
        "team": "NJ",
        "opponent": "NYR",
        "propType": "sog",
        "line": 1.5,
        "ppLine": "PP2",
        "avg": 1.92,
        "hit": false,
        "diffAvg": 0.28,
        "diffAbs": 0.2,
        "lastAvg": 1.88,
        "diff": 0.25,
        "avgMin": 16,
        "proj": 1.8,
        "lastAvgMin": 16.53,
        "oppOver": 0,
        "teamOver": 0,
        "gameLine": "+130",
        "+/-": "+21",
        "L5_+/-": "+5.0",
        "prevMatchup": "2023-04-22 1.0 sog 2023-04-20 0.0 sog 2023-04-18 1.0 sog 2023-03-30 3.0 sog 2023-01-07 1.0 sog 2022-12-12 3.0 sog 2022-11-28 1.0 sog",
        "winLossSplits": "42% - 56%",
        "awayHome": "A",
        "playedYesterday": "N",
        "awayHomeSplits": "45% - 49%",
        "savesAboveExp": 0.388,
        "gsaa": 20.59,
        "corsi": "53.7% (63.4) // 55.1% (64.9) // - // 53.7% (63.4)",
        "fenwick": "53.9% (46.9) // 55.2% (48.2) // - // 53.9% (46.9)",
        "shots": "54.9% (33.9) // 54.4% (33.3) // - // 54.9% (33.9)",
        "scoring": "56.3% (35.0) // 60.7% (39.4) // - // 56.3% (35.0)",
        "corsiAgainst": "46.3% (54.8) // 44.9% (52.8) // - // 46.3% (54.8)",
        "fenwickAgainst": "46.1% (40.1) // 44.8% (39.2) // - // 46.1% (40.1)",
        "shotsAgainst": "45.1% (27.8) // 45.6% (28.0) // - // 45.1% (27.8)",
        "scoringAgainst": "43.7% (27.1) // 39.3% (25.5) // - // 43.7% (27.1)",
        "oppCorsi": "51.4% (57.9) // 49.5% (54.5) // - // 51.4% (57.9)",
        "oppFenwick": "52.0% (43.7) // 50.7% (42.3) // - // 52.0% (43.7)",
        "oppShots": "51.8% (31.1) // 51.8% (30.7) // - // 51.8% (31.1)",
        "oppScoring": "51.3% (30.8) // 48.9% (29.6) // - // 51.3% (30.8)",
        "oppCorsiAgainst": "48.6% (54.7) // 50.5% (55.5) // - // 48.6% (54.7)",
        "oppFenwickAgainst": "48.0% (40.2) // 49.3% (41.1) // - // 48.0% (40.2)",
        "oppShotsAgainst": "48.2% (28.9) // 48.2% (28.6) // - // 48.2% (28.9)",
        "oppScoringAgainst": "48.7% (29.2) // 51.1% (30.9) // - // 48.7% (29.2)",
        "savesPerGame": 25.5,
        "savesPerGameLast1": 35.0,
        "savesPerGameLast3": 26.0,
        "savesPerGameLast5": 28.2,
        "savesPer60": 26.6,
        "savesPer60Last1": 41.8,
        "savesPer60Last3": 27.6,
        "savesPer60Last5": 29.7,
        "shotsPerGame": 34.4,
        "shotsPerGameLast5": 28.8,
        "shotsAgainstPerGame": 28.2,
        "shotsAgainstPerGameLast5": 31.6,
        "oppSavesAgainstPer60": 29.4,
        "oppSavesAgainstPer60Last1": 35.0,
        "oppSavesAgainstPer60Last3": 25.9,
        "oppSavesAgainstPer60Last5": 25.1,
        "oppShotsAgainstPerGame": 29.3,
        "oppShotsAgainstPerGameLast5": 28.0,
        "savesProj": 26.8,
        "savesProjLast5": 26.8,
        "savesProjLast3": 25.7,
        "oppSavesAgainstProj": 26.0,
        "oppSavesAgainstProjLast5": 24.3,
        "oppSavesAgainstProjLast3": 22.9,
        "totalOver": 47,
        "totalOverLast5": 20,
        "totalOverLast15": 40,
        "lastTotalOver": 56,
        "last5": "1,0,1,3,0,1,2,3,0,4",
        "overOdds": "-140",
        "underOdds": "+110",
        "overUnder": "-140 / +110"
    },
    {
        "player": "Dougie Hamilton",
        "team": "NJ",
        "opponent": "NYR",
        "propType": "sog",
        "line": 2.5,
        "ppLine": "PP1",
        "avg": 3.29,
        "hit": false,
        "diffAvg": 0.32,
        "diffAbs": 0.24,
        "lastAvg": 3.18,
        "diff": 0.27,
        "avgMin": 21,
        "proj": 3.1,
        "lastAvgMin": 21.22,
        "oppOver": 0,
        "teamOver": 0,
        "gameLine": "+130",
        "+/-": "+19",
        "L5_+/-": -3.0,
        "prevMatchup": "2023-04-22 3.0 sog 2023-04-20 1.0 sog 2023-04-18 1.0 sog 2023-03-30 5.0 sog 2023-01-07 3.0 sog 2022-12-12 2.0 sog 2022-11-28 3.0 sog",
        "winLossSplits": "64% - 53%",
        "awayHome": "A",
        "playedYesterday": "N",
        "awayHomeSplits": "57% - 63%",
        "savesAboveExp": 0.388,
        "gsaa": 20.59,
        "corsi": "53.7% (63.4) // 55.1% (64.9) // - // 53.7% (63.4)",
        "fenwick": "53.9% (46.9) // 55.2% (48.2) // - // 53.9% (46.9)",
        "shots": "54.9% (33.9) // 54.4% (33.3) // - // 54.9% (33.9)",
        "scoring": "56.3% (35.0) // 60.7% (39.4) // - // 56.3% (35.0)",
        "corsiAgainst": "46.3% (54.8) // 44.9% (52.8) // - // 46.3% (54.8)",
        "fenwickAgainst": "46.1% (40.1) // 44.8% (39.2) // - // 46.1% (40.1)",
        "shotsAgainst": "45.1% (27.8) // 45.6% (28.0) // - // 45.1% (27.8)",
        "scoringAgainst": "43.7% (27.1) // 39.3% (25.5) // - // 43.7% (27.1)",
        "oppCorsi": "51.4% (57.9) // 49.5% (54.5) // - // 51.4% (57.9)",
        "oppFenwick": "52.0% (43.7) // 50.7% (42.3) // - // 52.0% (43.7)",
        "oppShots": "51.8% (31.1) // 51.8% (30.7) // - // 51.8% (31.1)",
        "oppScoring": "51.3% (30.8) // 48.9% (29.6) // - // 51.3% (30.8)",
        "oppCorsiAgainst": "48.6% (54.7) // 50.5% (55.5) // - // 48.6% (54.7)",
        "oppFenwickAgainst": "48.0% (40.2) // 49.3% (41.1) // - // 48.0% (40.2)",
        "oppShotsAgainst": "48.2% (28.9) // 48.2% (28.6) // - // 48.2% (28.9)",
        "oppScoringAgainst": "48.7% (29.2) // 51.1% (30.9) // - // 48.7% (29.2)",
        "savesPerGame": 25.5,
        "savesPerGameLast1": 35.0,
        "savesPerGameLast3": 26.0,
        "savesPerGameLast5": 28.2,
        "savesPer60": 26.6,
        "savesPer60Last1": 41.8,
        "savesPer60Last3": 27.6,
        "savesPer60Last5": 29.7,
        "shotsPerGame": 34.4,
        "shotsPerGameLast5": 28.8,
        "shotsAgainstPerGame": 28.2,
        "shotsAgainstPerGameLast5": 31.6,
        "oppSavesAgainstPer60": 29.4,
        "oppSavesAgainstPer60Last1": 35.0,
        "oppSavesAgainstPer60Last3": 25.9,
        "oppSavesAgainstPer60Last5": 25.1,
        "oppShotsAgainstPerGame": 29.3,
        "oppShotsAgainstPerGameLast5": 28.0,
        "savesProj": 26.8,
        "savesProjLast5": 26.8,
        "savesProjLast3": 25.7,
        "oppSavesAgainstProj": 26.0,
        "oppSavesAgainstProjLast5": 24.3,
        "oppSavesAgainstProjLast3": 22.9,
        "totalOver": 60,
        "totalOverLast5": 40,
        "totalOverLast15": 47,
        "lastTotalOver": 67,
        "last5": "3,1,1,3,2,4,0,4,1,4",
        "overOdds": "-155",
        "underOdds": "+125",
        "overUnder": "-155 / +125"
    },
    {
        "player": "Erik Haula",
        "team": "NJ",
        "opponent": "NYR",
        "propType": "sog",
        "line": 1.5,
        "ppLine": "PP2",
        "avg": 2.05,
        "hit": false,
        "diffAvg": 0.37,
        "diffAbs": 0.2,
        "lastAvg": 1.66,
        "diff": 0.11,
        "avgMin": 16,
        "proj": 1.8,
        "lastAvgMin": 15.08,
        "oppOver": 0,
        "teamOver": 0,
        "gameLine": "+130",
        "+/-": "+9",
        "L5_+/-": -1.0,
        "prevMatchup": "2023-04-22 0.0 sog 2023-04-20 3.0 sog 2023-04-18 3.0 sog 2023-03-30 2.0 sog 2023-01-07 2.0 sog 2022-12-12 1.0 sog 2022-11-28 2.0 sog",
        "winLossSplits": "65% - 61%",
        "awayHome": "A",
        "playedYesterday": "N",
        "awayHomeSplits": "66% - 62%",
        "savesAboveExp": 0.388,
        "gsaa": 20.59,
        "corsi": "53.7% (63.4) // 55.1% (64.9) // - // 53.7% (63.4)",
        "fenwick": "53.9% (46.9) // 55.2% (48.2) // - // 53.9% (46.9)",
        "shots": "54.9% (33.9) // 54.4% (33.3) // - // 54.9% (33.9)",
        "scoring": "56.3% (35.0) // 60.7% (39.4) // - // 56.3% (35.0)",
        "corsiAgainst": "46.3% (54.8) // 44.9% (52.8) // - // 46.3% (54.8)",
        "fenwickAgainst": "46.1% (40.1) // 44.8% (39.2) // - // 46.1% (40.1)",
        "shotsAgainst": "45.1% (27.8) // 45.6% (28.0) // - // 45.1% (27.8)",
        "scoringAgainst": "43.7% (27.1) // 39.3% (25.5) // - // 43.7% (27.1)",
        "oppCorsi": "51.4% (57.9) // 49.5% (54.5) // - // 51.4% (57.9)",
        "oppFenwick": "52.0% (43.7) // 50.7% (42.3) // - // 52.0% (43.7)",
        "oppShots": "51.8% (31.1) // 51.8% (30.7) // - // 51.8% (31.1)",
        "oppScoring": "51.3% (30.8) // 48.9% (29.6) // - // 51.3% (30.8)",
        "oppCorsiAgainst": "48.6% (54.7) // 50.5% (55.5) // - // 48.6% (54.7)",
        "oppFenwickAgainst": "48.0% (40.2) // 49.3% (41.1) // - // 48.0% (40.2)",
        "oppShotsAgainst": "48.2% (28.9) // 48.2% (28.6) // - // 48.2% (28.9)",
        "oppScoringAgainst": "48.7% (29.2) // 51.1% (30.9) // - // 48.7% (29.2)",
        "savesPerGame": 25.5,
        "savesPerGameLast1": 35.0,
        "savesPerGameLast3": 26.0,
        "savesPerGameLast5": 28.2,
        "savesPer60": 26.6,
        "savesPer60Last1": 41.8,
        "savesPer60Last3": 27.6,
        "savesPer60Last5": 29.7,
        "shotsPerGame": 34.4,
        "shotsPerGameLast5": 28.8,
        "shotsAgainstPerGame": 28.2,
        "shotsAgainstPerGameLast5": 31.6,
        "oppSavesAgainstPer60": 29.4,
        "oppSavesAgainstPer60Last1": 35.0,
        "oppSavesAgainstPer60Last3": 25.9,
        "oppSavesAgainstPer60Last5": 25.1,
        "oppShotsAgainstPerGame": 29.3,
        "oppShotsAgainstPerGameLast5": 28.0,
        "savesProj": 26.8,
        "savesProjLast5": 26.8,
        "savesProjLast3": 25.7,
        "oppSavesAgainstProj": 26.0,
        "oppSavesAgainstProjLast5": 24.3,
        "oppSavesAgainstProjLast3": 22.9,
        "totalOver": 64,
        "totalOverLast5": 80,
        "totalOverLast15": 73,
        "lastTotalOver": 59,
        "last5": "0,3,3,4,2,3,3,2,2,4",
        "overOdds": "-165",
        "underOdds": "+135",
        "overUnder": "-165 / +135"
    },
    {
        "player": "Filip Chytil",
        "team": "NYR",
        "opponent": "NJ",
        "propType": "sog",
        "line": 2.5,
        "ppLine": "PP2",
        "avg": 2.38,
        "hit": false,
        "diffAvg": -0.05,
        "diffAbs": 0.36,
        "lastAvg": 1.55,
        "diff": -0.38,
        "avgMin": 14,
        "proj": 1.6,
        "lastAvgMin": 13.17,
        "oppOver": 0,
        "teamOver": 0,
        "gameLine": "-150",
        "+/-": "+18",
        "L5_+/-": "+3.0",
        "prevMatchup": "2023-04-22 3.0 sog 2023-04-20 1.0 sog 2023-04-18 2.0 sog 2023-03-30 2.0 sog 2023-01-07 3.0 sog 2022-12-12 5.0 sog 2022-11-28 2.0 sog",
        "winLossSplits": "36% - 47%",
        "awayHome": "H",
        "playedYesterday": "N",
        "awayHomeSplits": "30% - 51%",
        "savesAboveExp": 0.922,
        "gsaa": 7.07,
        "corsi": "51.4% (57.9) // 49.5% (54.5) // - // 51.4% (57.9)",
        "fenwick": "52.0% (43.7) // 50.7% (42.3) // - // 52.0% (43.7)",
        "shots": "51.8% (31.1) // 51.8% (30.7) // - // 51.8% (31.1)",
        "scoring": "51.3% (30.8) // 48.9% (29.6) // - // 51.3% (30.8)",
        "corsiAgainst": "48.6% (54.7) // 50.5% (55.5) // - // 48.6% (54.7)",
        "fenwickAgainst": "48.0% (40.2) // 49.3% (41.1) // - // 48.0% (40.2)",
        "shotsAgainst": "48.2% (28.9) // 48.2% (28.6) // - // 48.2% (28.9)",
        "scoringAgainst": "48.7% (29.2) // 51.1% (30.9) // - // 48.7% (29.2)",
        "oppCorsi": "53.7% (63.4) // 55.1% (64.9) // - // 53.7% (63.4)",
        "oppFenwick": "53.9% (46.9) // 55.2% (48.2) // - // 53.9% (46.9)",
        "oppShots": "54.9% (33.9) // 54.4% (33.3) // - // 54.9% (33.9)",
        "oppScoring": "56.3% (35.0) // 60.7% (39.4) // - // 56.3% (35.0)",
        "oppCorsiAgainst": "46.3% (54.8) // 44.9% (52.8) // - // 46.3% (54.8)",
        "oppFenwickAgainst": "46.1% (40.1) // 44.8% (39.2) // - // 46.1% (40.1)",
        "oppShotsAgainst": "45.1% (27.8) // 45.6% (28.0) // - // 45.1% (27.8)",
        "oppScoringAgainst": "43.7% (27.1) // 39.3% (25.5) // - // 43.7% (27.1)",
        "savesPerGame": 26.7,
        "savesPerGameLast1": 26.0,
        "savesPerGameLast3": 25.3,
        "savesPerGameLast5": 26.2,
        "savesPer60": 27.9,
        "savesPer60Last1": 30.8,
        "savesPer60Last3": 26.9,
        "savesPer60Last5": 27.3,
        "shotsPerGame": 31.5,
        "shotsPerGameLast5": 28.2,
        "shotsAgainstPerGame": 29.3,
        "shotsAgainstPerGameLast5": 28.0,
        "oppSavesAgainstPer60": 32.2,
        "oppSavesAgainstPer60Last1": 26.0,
        "oppSavesAgainstPer60Last3": 25.1,
        "oppSavesAgainstPer60Last5": 25.5,
        "oppShotsAgainstPerGame": 28.2,
        "oppShotsAgainstPerGameLast5": 31.6,
        "savesProj": 32.2,
        "savesProjLast5": 26.3,
        "savesProjLast3": 25.3,
        "oppSavesAgainstProj": 29.4,
        "oppSavesAgainstProjLast5": 21.4,
        "oppSavesAgainstProjLast3": 19.5,
        "totalOver": 40,
        "totalOverLast5": 60,
        "totalOverLast15": 53,
        "lastTotalOver": 34,
        "last5": "3,1,2,3,6,3,1,3,4,2",
        "overOdds": "+110",
        "underOdds": "-140",
        "overUnder": "+110 / -140"
    },
    {
        "player": "Jack Hughes",
        "team": "NJ",
        "opponent": "NYR",
        "propType": "sog",
        "line": 3.5,
        "ppLine": "PP1",
        "avg": 4.32,
        "hit": false,
        "diffAvg": 0.23,
        "diffAbs": 0.06,
        "lastAvg": 3.24,
        "diff": -0.07,
        "avgMin": 20,
        "proj": 3.3,
        "lastAvgMin": 19.55,
        "oppOver": 0,
        "teamOver": 0,
        "gameLine": "+130",
        "+/-": "+9",
        "L5_+/-": "+3.0",
        "prevMatchup": "2023-04-22 5.0 sog 2023-04-20 6.0 sog 2023-04-18 3.0 sog 2023-03-30 3.0 sog 2023-01-07 10.0 sog 2022-12-12 7.0 sog 2022-11-28 8.0 sog",
        "winLossSplits": "59% - 70%",
        "awayHome": "A",
        "playedYesterday": "N",
        "awayHomeSplits": "59% - 67%",
        "savesAboveExp": 0.388,
        "gsaa": 20.59,
        "corsi": "53.7% (63.4) // 55.1% (64.9) // - // 53.7% (63.4)",
        "fenwick": "53.9% (46.9) // 55.2% (48.2) // - // 53.9% (46.9)",
        "shots": "54.9% (33.9) // 54.4% (33.3) // - // 54.9% (33.9)",
        "scoring": "56.3% (35.0) // 60.7% (39.4) // - // 56.3% (35.0)",
        "corsiAgainst": "46.3% (54.8) // 44.9% (52.8) // - // 46.3% (54.8)",
        "fenwickAgainst": "46.1% (40.1) // 44.8% (39.2) // - // 46.1% (40.1)",
        "shotsAgainst": "45.1% (27.8) // 45.6% (28.0) // - // 45.1% (27.8)",
        "scoringAgainst": "43.7% (27.1) // 39.3% (25.5) // - // 43.7% (27.1)",
        "oppCorsi": "51.4% (57.9) // 49.5% (54.5) // - // 51.4% (57.9)",
        "oppFenwick": "52.0% (43.7) // 50.7% (42.3) // - // 52.0% (43.7)",
        "oppShots": "51.8% (31.1) // 51.8% (30.7) // - // 51.8% (31.1)",
        "oppScoring": "51.3% (30.8) // 48.9% (29.6) // - // 51.3% (30.8)",
        "oppCorsiAgainst": "48.6% (54.7) // 50.5% (55.5) // - // 48.6% (54.7)",
        "oppFenwickAgainst": "48.0% (40.2) // 49.3% (41.1) // - // 48.0% (40.2)",
        "oppShotsAgainst": "48.2% (28.9) // 48.2% (28.6) // - // 48.2% (28.9)",
        "oppScoringAgainst": "48.7% (29.2) // 51.1% (30.9) // - // 48.7% (29.2)",
        "savesPerGame": 25.5,
        "savesPerGameLast1": 35.0,
        "savesPerGameLast3": 26.0,
        "savesPerGameLast5": 28.2,
        "savesPer60": 26.6,
        "savesPer60Last1": 41.8,
        "savesPer60Last3": 27.6,
        "savesPer60Last5": 29.7,
        "shotsPerGame": 34.4,
        "shotsPerGameLast5": 28.8,
        "shotsAgainstPerGame": 28.2,
        "shotsAgainstPerGameLast5": 31.6,
        "oppSavesAgainstPer60": 29.4,
        "oppSavesAgainstPer60Last1": 35.0,
        "oppSavesAgainstPer60Last3": 25.9,
        "oppSavesAgainstPer60Last5": 25.1,
        "oppShotsAgainstPerGame": 29.3,
        "oppShotsAgainstPerGameLast5": 28.0,
        "savesProj": 26.8,
        "savesProjLast5": 26.8,
        "savesProjLast3": 25.7,
        "oppSavesAgainstProj": 26.0,
        "oppSavesAgainstProjLast5": 24.3,
        "oppSavesAgainstProjLast3": 22.9,
        "totalOver": 63,
        "totalOverLast5": 60,
        "totalOverLast15": 47,
        "lastTotalOver": 46,
        "last5": "5,6,3,5,2,1,3,4,2,2",
        "overOdds": "-145",
        "underOdds": "+115",
        "overUnder": "-145 / +115"
    },
    {
        "player": "Jacob Trouba",
        "team": "NYR",
        "opponent": "NJ",
        "propType": "sog",
        "line": 1.5,
        "ppLine": "PP2",
        "avg": 2.42,
        "hit": false,
        "diffAvg": 0.61,
        "diffAbs": 0.27,
        "lastAvg": 2.02,
        "diff": 0.35,
        "avgMin": 21,
        "proj": 1.9,
        "lastAvgMin": 22.42,
        "oppOver": 0,
        "teamOver": 0,
        "gameLine": "-150",
        "+/-": "+8",
        "L5_+/-": "+4.0",
        "prevMatchup": "2023-04-22 2.0 sog 2023-04-20 3.0 sog 2023-04-18 2.0 sog 2023-03-30 2.0 sog 2023-01-07 1.0 sog 2022-12-12 1.0 sog 2022-11-28 6.0 sog",
        "winLossSplits": "69% - 61%",
        "awayHome": "H",
        "playedYesterday": "N",
        "awayHomeSplits": "65% - 67%",
        "savesAboveExp": 0.922,
        "gsaa": 7.07,
        "corsi": "51.4% (57.9) // 49.5% (54.5) // - // 51.4% (57.9)",
        "fenwick": "52.0% (43.7) // 50.7% (42.3) // - // 52.0% (43.7)",
        "shots": "51.8% (31.1) // 51.8% (30.7) // - // 51.8% (31.1)",
        "scoring": "51.3% (30.8) // 48.9% (29.6) // - // 51.3% (30.8)",
        "corsiAgainst": "48.6% (54.7) // 50.5% (55.5) // - // 48.6% (54.7)",
        "fenwickAgainst": "48.0% (40.2) // 49.3% (41.1) // - // 48.0% (40.2)",
        "shotsAgainst": "48.2% (28.9) // 48.2% (28.6) // - // 48.2% (28.9)",
        "scoringAgainst": "48.7% (29.2) // 51.1% (30.9) // - // 48.7% (29.2)",
        "oppCorsi": "53.7% (63.4) // 55.1% (64.9) // - // 53.7% (63.4)",
        "oppFenwick": "53.9% (46.9) // 55.2% (48.2) // - // 53.9% (46.9)",
        "oppShots": "54.9% (33.9) // 54.4% (33.3) // - // 54.9% (33.9)",
        "oppScoring": "56.3% (35.0) // 60.7% (39.4) // - // 56.3% (35.0)",
        "oppCorsiAgainst": "46.3% (54.8) // 44.9% (52.8) // - // 46.3% (54.8)",
        "oppFenwickAgainst": "46.1% (40.1) // 44.8% (39.2) // - // 46.1% (40.1)",
        "oppShotsAgainst": "45.1% (27.8) // 45.6% (28.0) // - // 45.1% (27.8)",
        "oppScoringAgainst": "43.7% (27.1) // 39.3% (25.5) // - // 43.7% (27.1)",
        "savesPerGame": 26.7,
        "savesPerGameLast1": 26.0,
        "savesPerGameLast3": 25.3,
        "savesPerGameLast5": 26.2,
        "savesPer60": 27.9,
        "savesPer60Last1": 30.8,
        "savesPer60Last3": 26.9,
        "savesPer60Last5": 27.3,
        "shotsPerGame": 31.5,
        "shotsPerGameLast5": 28.2,
        "shotsAgainstPerGame": 29.3,
        "shotsAgainstPerGameLast5": 28.0,
        "oppSavesAgainstPer60": 32.2,
        "oppSavesAgainstPer60Last1": 26.0,
        "oppSavesAgainstPer60Last3": 25.1,
        "oppSavesAgainstPer60Last5": 25.5,
        "oppShotsAgainstPerGame": 28.2,
        "oppShotsAgainstPerGameLast5": 31.6,
        "savesProj": 32.2,
        "savesProjLast5": 26.3,
        "savesProjLast3": 25.3,
        "oppSavesAgainstProj": 29.4,
        "oppSavesAgainstProjLast5": 21.4,
        "oppSavesAgainstProjLast3": 19.5,
        "totalOver": 66,
        "totalOverLast5": 60,
        "totalOverLast15": 53,
        "lastTotalOver": 73,
        "last5": "2,3,2,1,1,3,0,0,2,1",
        "overOdds": "-175",
        "underOdds": "+140",
        "overUnder": "-175 / +140"
    },
    {
        "player": "Jesper Bratt",
        "team": "NJ",
        "opponent": "NYR",
        "propType": "sog",
        "line": 2.5,
        "ppLine": "PP1",
        "avg": 2.6,
        "hit": false,
        "diffAvg": 0.04,
        "diffAbs": 0.0,
        "lastAvg": 2.59,
        "diff": 0.04,
        "avgMin": 17,
        "proj": 2.5,
        "lastAvgMin": 17.42,
        "oppOver": 0,
        "teamOver": 0,
        "gameLine": "+130",
        "+/-": "+14",
        "L5_+/-": "+3.0",
        "prevMatchup": "2023-04-22 5.0 sog 2023-04-20 4.0 sog 2023-04-18 0.0 sog 2023-03-30 1.0 sog 2023-01-07 6.0 sog 2022-12-12 2.0 sog 2022-11-28 1.0 sog",
        "winLossSplits": "42% - 41%",
        "awayHome": "A",
        "playedYesterday": "N",
        "awayHomeSplits": "43% - 40%",
        "savesAboveExp": 0.388,
        "gsaa": 20.59,
        "corsi": "53.7% (63.4) // 55.1% (64.9) // - // 53.7% (63.4)",
        "fenwick": "53.9% (46.9) // 55.2% (48.2) // - // 53.9% (46.9)",
        "shots": "54.9% (33.9) // 54.4% (33.3) // - // 54.9% (33.9)",
        "scoring": "56.3% (35.0) // 60.7% (39.4) // - // 56.3% (35.0)",
        "corsiAgainst": "46.3% (54.8) // 44.9% (52.8) // - // 46.3% (54.8)",
        "fenwickAgainst": "46.1% (40.1) // 44.8% (39.2) // - // 46.1% (40.1)",
        "shotsAgainst": "45.1% (27.8) // 45.6% (28.0) // - // 45.1% (27.8)",
        "scoringAgainst": "43.7% (27.1) // 39.3% (25.5) // - // 43.7% (27.1)",
        "oppCorsi": "51.4% (57.9) // 49.5% (54.5) // - // 51.4% (57.9)",
        "oppFenwick": "52.0% (43.7) // 50.7% (42.3) // - // 52.0% (43.7)",
        "oppShots": "51.8% (31.1) // 51.8% (30.7) // - // 51.8% (31.1)",
        "oppScoring": "51.3% (30.8) // 48.9% (29.6) // - // 51.3% (30.8)",
        "oppCorsiAgainst": "48.6% (54.7) // 50.5% (55.5) // - // 48.6% (54.7)",
        "oppFenwickAgainst": "48.0% (40.2) // 49.3% (41.1) // - // 48.0% (40.2)",
        "oppShotsAgainst": "48.2% (28.9) // 48.2% (28.6) // - // 48.2% (28.9)",
        "oppScoringAgainst": "48.7% (29.2) // 51.1% (30.9) // - // 48.7% (29.2)",
        "savesPerGame": 25.5,
        "savesPerGameLast1": 35.0,
        "savesPerGameLast3": 26.0,
        "savesPerGameLast5": 28.2,
        "savesPer60": 26.6,
        "savesPer60Last1": 41.8,
        "savesPer60Last3": 27.6,
        "savesPer60Last5": 29.7,
        "shotsPerGame": 34.4,
        "shotsPerGameLast5": 28.8,
        "shotsAgainstPerGame": 28.2,
        "shotsAgainstPerGameLast5": 31.6,
        "oppSavesAgainstPer60": 29.4,
        "oppSavesAgainstPer60Last1": 35.0,
        "oppSavesAgainstPer60Last3": 25.9,
        "oppSavesAgainstPer60Last5": 25.1,
        "oppShotsAgainstPerGame": 29.3,
        "oppShotsAgainstPerGameLast5": 28.0,
        "savesProj": 26.8,
        "savesProjLast5": 26.8,
        "savesProjLast3": 25.7,
        "oppSavesAgainstProj": 26.0,
        "oppSavesAgainstProjLast5": 24.3,
        "oppSavesAgainstProjLast3": 22.9,
        "totalOver": 41,
        "totalOverLast5": 60,
        "totalOverLast15": 33,
        "lastTotalOver": 47,
        "last5": "5,4,0,2,5,5,0,1,2,2",
        "overOdds": "+105",
        "underOdds": "-135",
        "overUnder": "+105 / -135"
    },
    {
        "player": "Mika Zibanejad",
        "team": "NYR",
        "opponent": "NJ",
        "propType": "sog",
        "line": 2.5,
        "ppLine": "PP1",
        "avg": 3.04,
        "hit": false,
        "diffAvg": 0.22,
        "diffAbs": 0.16,
        "lastAvg": 2.17,
        "diff": -0.13,
        "avgMin": 19,
        "proj": 2.1,
        "lastAvgMin": 19.62,
        "oppOver": 0,
        "teamOver": 0,
        "gameLine": "-150",
        "+/-": "+27",
        "L5_+/-": "+2.0",
        "prevMatchup": "2023-04-22 4.0 sog 2023-04-20 2.0 sog 2023-04-18 1.0 sog 2023-03-30 0.0 sog 2023-01-07 2.0 sog 2022-12-12 3.0 sog 2022-11-28 4.0 sog",
        "winLossSplits": "59% - 64%",
        "awayHome": "H",
        "playedYesterday": "N",
        "awayHomeSplits": "53% - 69%",
        "savesAboveExp": 0.922,
        "gsaa": 7.07,
        "corsi": "51.4% (57.9) // 49.5% (54.5) // - // 51.4% (57.9)",
        "fenwick": "52.0% (43.7) // 50.7% (42.3) // - // 52.0% (43.7)",
        "shots": "51.8% (31.1) // 51.8% (30.7) // - // 51.8% (31.1)",
        "scoring": "51.3% (30.8) // 48.9% (29.6) // - // 51.3% (30.8)",
        "corsiAgainst": "48.6% (54.7) // 50.5% (55.5) // - // 48.6% (54.7)",
        "fenwickAgainst": "48.0% (40.2) // 49.3% (41.1) // - // 48.0% (40.2)",
        "shotsAgainst": "48.2% (28.9) // 48.2% (28.6) // - // 48.2% (28.9)",
        "scoringAgainst": "48.7% (29.2) // 51.1% (30.9) // - // 48.7% (29.2)",
        "oppCorsi": "53.7% (63.4) // 55.1% (64.9) // - // 53.7% (63.4)",
        "oppFenwick": "53.9% (46.9) // 55.2% (48.2) // - // 53.9% (46.9)",
        "oppShots": "54.9% (33.9) // 54.4% (33.3) // - // 54.9% (33.9)",
        "oppScoring": "56.3% (35.0) // 60.7% (39.4) // - // 56.3% (35.0)",
        "oppCorsiAgainst": "46.3% (54.8) // 44.9% (52.8) // - // 46.3% (54.8)",
        "oppFenwickAgainst": "46.1% (40.1) // 44.8% (39.2) // - // 46.1% (40.1)",
        "oppShotsAgainst": "45.1% (27.8) // 45.6% (28.0) // - // 45.1% (27.8)",
        "oppScoringAgainst": "43.7% (27.1) // 39.3% (25.5) // - // 43.7% (27.1)",
        "savesPerGame": 26.7,
        "savesPerGameLast1": 26.0,
        "savesPerGameLast3": 25.3,
        "savesPerGameLast5": 26.2,
        "savesPer60": 27.9,
        "savesPer60Last1": 30.8,
        "savesPer60Last3": 26.9,
        "savesPer60Last5": 27.3,
        "shotsPerGame": 31.5,
        "shotsPerGameLast5": 28.2,
        "shotsAgainstPerGame": 29.3,
        "shotsAgainstPerGameLast5": 28.0,
        "oppSavesAgainstPer60": 32.2,
        "oppSavesAgainstPer60Last1": 26.0,
        "oppSavesAgainstPer60Last3": 25.1,
        "oppSavesAgainstPer60Last5": 25.5,
        "oppShotsAgainstPerGame": 28.2,
        "oppShotsAgainstPerGameLast5": 31.6,
        "savesProj": 32.2,
        "savesProjLast5": 26.3,
        "savesProjLast3": 25.3,
        "oppSavesAgainstProj": 29.4,
        "oppSavesAgainstProjLast5": 21.4,
        "oppSavesAgainstProjLast3": 19.5,
        "totalOver": 61,
        "totalOverLast5": 60,
        "totalOverLast15": 47,
        "lastTotalOver": 43,
        "last5": "4,2,1,3,4,2,0,3,3,0",
        "overOdds": "-145",
        "underOdds": "+115",
        "overUnder": "-145 / +115"
    },
    {
        "player": "Nico Hischier",
        "team": "NJ",
        "opponent": "NYR",
        "propType": "sog",
        "line": 2.5,
        "ppLine": "PP1",
        "avg": 3.15,
        "hit": false,
        "diffAvg": 0.26,
        "diffAbs": 0.16,
        "lastAvg": 2.19,
        "diff": -0.12,
        "avgMin": 19,
        "proj": 2.1,
        "lastAvgMin": 19.33,
        "oppOver": 0,
        "teamOver": 0,
        "gameLine": "+130",
        "+/-": "+29",
        "L5_+/-": 0.0,
        "prevMatchup": "2023-04-22 4.0 sog 2023-04-20 0.0 sog 2023-04-18 5.0 sog 2023-03-30 2.0 sog 2023-01-07 4.0 sog 2022-12-12 1.0 sog 2022-11-28 6.0 sog",
        "winLossSplits": "51% - 74%",
        "awayHome": "A",
        "playedYesterday": "N",
        "awayHomeSplits": "49% - 70%",
        "savesAboveExp": 0.388,
        "gsaa": 20.59,
        "corsi": "53.7% (63.4) // 55.1% (64.9) // - // 53.7% (63.4)",
        "fenwick": "53.9% (46.9) // 55.2% (48.2) // - // 53.9% (46.9)",
        "shots": "54.9% (33.9) // 54.4% (33.3) // - // 54.9% (33.9)",
        "scoring": "56.3% (35.0) // 60.7% (39.4) // - // 56.3% (35.0)",
        "corsiAgainst": "46.3% (54.8) // 44.9% (52.8) // - // 46.3% (54.8)",
        "fenwickAgainst": "46.1% (40.1) // 44.8% (39.2) // - // 46.1% (40.1)",
        "shotsAgainst": "45.1% (27.8) // 45.6% (28.0) // - // 45.1% (27.8)",
        "scoringAgainst": "43.7% (27.1) // 39.3% (25.5) // - // 43.7% (27.1)",
        "oppCorsi": "51.4% (57.9) // 49.5% (54.5) // - // 51.4% (57.9)",
        "oppFenwick": "52.0% (43.7) // 50.7% (42.3) // - // 52.0% (43.7)",
        "oppShots": "51.8% (31.1) // 51.8% (30.7) // - // 51.8% (31.1)",
        "oppScoring": "51.3% (30.8) // 48.9% (29.6) // - // 51.3% (30.8)",
        "oppCorsiAgainst": "48.6% (54.7) // 50.5% (55.5) // - // 48.6% (54.7)",
        "oppFenwickAgainst": "48.0% (40.2) // 49.3% (41.1) // - // 48.0% (40.2)",
        "oppShotsAgainst": "48.2% (28.9) // 48.2% (28.6) // - // 48.2% (28.9)",
        "oppScoringAgainst": "48.7% (29.2) // 51.1% (30.9) // - // 48.7% (29.2)",
        "savesPerGame": 25.5,
        "savesPerGameLast1": 35.0,
        "savesPerGameLast3": 26.0,
        "savesPerGameLast5": 28.2,
        "savesPer60": 26.6,
        "savesPer60Last1": 41.8,
        "savesPer60Last3": 27.6,
        "savesPer60Last5": 29.7,
        "shotsPerGame": 34.4,
        "shotsPerGameLast5": 28.8,
        "shotsAgainstPerGame": 28.2,
        "shotsAgainstPerGameLast5": 31.6,
        "oppSavesAgainstPer60": 29.4,
        "oppSavesAgainstPer60Last1": 35.0,
        "oppSavesAgainstPer60Last3": 25.9,
        "oppSavesAgainstPer60Last5": 25.1,
        "oppShotsAgainstPerGame": 29.3,
        "oppShotsAgainstPerGameLast5": 28.0,
        "savesProj": 26.8,
        "savesProjLast5": 26.8,
        "savesProjLast3": 25.7,
        "oppSavesAgainstProj": 26.0,
        "oppSavesAgainstProjLast5": 24.3,
        "oppSavesAgainstProjLast3": 22.9,
        "totalOver": 60,
        "totalOverLast5": 60,
        "totalOverLast15": 47,
        "lastTotalOver": 37,
        "last5": "4,0,5,3,2,1,2,4,8,1",
        "overOdds": "-130",
        "underOdds": "+100",
        "overUnder": "-130 / +100"
    },
    {
        "player": "Patrick Kane",
        "team": "NYR",
        "opponent": "NJ",
        "propType": "sog",
        "line": 2.5,
        "ppLine": "PP1",
        "avg": 3.13,
        "hit": false,
        "diffAvg": 0.25,
        "diffAbs": 0.28,
        "lastAvg": 3.68,
        "diff": 0.47,
        "avgMin": 19,
        "proj": 3.2,
        "lastAvgMin": 21.82,
        "oppOver": 0,
        "teamOver": 0,
        "gameLine": "-150",
        "+/-": "+3",
        "L5_+/-": "+2.0",
        "prevMatchup": "2023-04-22 4.0 sog 2023-04-20 5.0 sog 2023-04-18 2.0 sog 2023-03-30 3.0 sog 2022-12-06 7.0 sog",
        "winLossSplits": "47% - 63%",
        "awayHome": "H",
        "playedYesterday": "N",
        "awayHomeSplits": "61% - 53%",
        "savesAboveExp": 0.922,
        "gsaa": 7.07,
        "corsi": "51.4% (57.9) // 49.5% (54.5) // - // 51.4% (57.9)",
        "fenwick": "52.0% (43.7) // 50.7% (42.3) // - // 52.0% (43.7)",
        "shots": "51.8% (31.1) // 51.8% (30.7) // - // 51.8% (31.1)",
        "scoring": "51.3% (30.8) // 48.9% (29.6) // - // 51.3% (30.8)",
        "corsiAgainst": "48.6% (54.7) // 50.5% (55.5) // - // 48.6% (54.7)",
        "fenwickAgainst": "48.0% (40.2) // 49.3% (41.1) // - // 48.0% (40.2)",
        "shotsAgainst": "48.2% (28.9) // 48.2% (28.6) // - // 48.2% (28.9)",
        "scoringAgainst": "48.7% (29.2) // 51.1% (30.9) // - // 48.7% (29.2)",
        "oppCorsi": "53.7% (63.4) // 55.1% (64.9) // - // 53.7% (63.4)",
        "oppFenwick": "53.9% (46.9) // 55.2% (48.2) // - // 53.9% (46.9)",
        "oppShots": "54.9% (33.9) // 54.4% (33.3) // - // 54.9% (33.9)",
        "oppScoring": "56.3% (35.0) // 60.7% (39.4) // - // 56.3% (35.0)",
        "oppCorsiAgainst": "46.3% (54.8) // 44.9% (52.8) // - // 46.3% (54.8)",
        "oppFenwickAgainst": "46.1% (40.1) // 44.8% (39.2) // - // 46.1% (40.1)",
        "oppShotsAgainst": "45.1% (27.8) // 45.6% (28.0) // - // 45.1% (27.8)",
        "oppScoringAgainst": "43.7% (27.1) // 39.3% (25.5) // - // 43.7% (27.1)",
        "savesPerGame": 26.7,
        "savesPerGameLast1": 26.0,
        "savesPerGameLast3": 25.3,
        "savesPerGameLast5": 26.2,
        "savesPer60": 27.9,
        "savesPer60Last1": 30.8,
        "savesPer60Last3": 26.9,
        "savesPer60Last5": 27.3,
        "shotsPerGame": 31.5,
        "shotsPerGameLast5": 28.2,
        "shotsAgainstPerGame": 29.3,
        "shotsAgainstPerGameLast5": 28.0,
        "oppSavesAgainstPer60": 32.2,
        "oppSavesAgainstPer60Last1": 26.0,
        "oppSavesAgainstPer60Last3": 25.1,
        "oppSavesAgainstPer60Last5": 25.5,
        "oppShotsAgainstPerGame": 28.2,
        "oppShotsAgainstPerGameLast5": 31.6,
        "savesProj": 32.2,
        "savesProjLast5": 26.3,
        "savesProjLast3": 25.3,
        "oppSavesAgainstProj": 29.4,
        "oppSavesAgainstProjLast5": 21.4,
        "oppSavesAgainstProjLast3": 19.5,
        "totalOver": 57,
        "totalOverLast5": 40,
        "totalOverLast15": 33,
        "lastTotalOver": 62,
        "last5": "4,5,2,2,1,3,1,1,3,1",
        "overOdds": "-135",
        "underOdds": "+105",
        "overUnder": "-135 / +105"
    },
    {
        "player": "Timo Meier",
        "team": "NJ",
        "opponent": "NYR",
        "propType": "sog",
        "line": 3.5,
        "ppLine": "PP1",
        "avg": 4.17,
        "hit": false,
        "diffAvg": 0.19,
        "diffAbs": 0.17,
        "lastAvg": 4.18,
        "diff": 0.19,
        "avgMin": 19,
        "proj": 4.1,
        "lastAvgMin": 19.15,
        "oppOver": 0,
        "teamOver": 0,
        "gameLine": "+130",
        "+/-": -2,
        "L5_+/-": "+2.0",
        "prevMatchup": "2023-04-22 5.0 sog 2023-04-20 4.0 sog 2023-04-18 3.0 sog 2023-03-30 2.0 sog 2022-11-19 3.0 sog 2022-10-20 5.0 sog",
        "winLossSplits": "53% - 65%",
        "awayHome": "A",
        "playedYesterday": "N",
        "awayHomeSplits": "53% - 68%",
        "savesAboveExp": 0.388,
        "gsaa": 20.59,
        "corsi": "53.7% (63.4) // 55.1% (64.9) // - // 53.7% (63.4)",
        "fenwick": "53.9% (46.9) // 55.2% (48.2) // - // 53.9% (46.9)",
        "shots": "54.9% (33.9) // 54.4% (33.3) // - // 54.9% (33.9)",
        "scoring": "56.3% (35.0) // 60.7% (39.4) // - // 56.3% (35.0)",
        "corsiAgainst": "46.3% (54.8) // 44.9% (52.8) // - // 46.3% (54.8)",
        "fenwickAgainst": "46.1% (40.1) // 44.8% (39.2) // - // 46.1% (40.1)",
        "shotsAgainst": "45.1% (27.8) // 45.6% (28.0) // - // 45.1% (27.8)",
        "scoringAgainst": "43.7% (27.1) // 39.3% (25.5) // - // 43.7% (27.1)",
        "oppCorsi": "51.4% (57.9) // 49.5% (54.5) // - // 51.4% (57.9)",
        "oppFenwick": "52.0% (43.7) // 50.7% (42.3) // - // 52.0% (43.7)",
        "oppShots": "51.8% (31.1) // 51.8% (30.7) // - // 51.8% (31.1)",
        "oppScoring": "51.3% (30.8) // 48.9% (29.6) // - // 51.3% (30.8)",
        "oppCorsiAgainst": "48.6% (54.7) // 50.5% (55.5) // - // 48.6% (54.7)",
