[
    {
        "player": "Brady Skjei",
        "team": "CAR",
        "opponent": "NJ",
        "propType": "ast",
        "line": 0.5,
        "ppLine": "",
        "avg": 0.24,
        "hit": false,
        "diffAvg": -0.52,
        "diffAbs": 0.4,
        "lastAvg": 0.31,
        "diff": -0.38,
        "avgMin": 21,
        "proj": 0.3,
        "lastAvgMin": 21.13,
        "oppOver": 0,
        "teamOver": 0,
        "gameLine": "+130",
        "+/-": "+2",
        "L5_+/-": -6.0,
        "prevMatchup": "2023-05-07 0.0 ast 2023-05-03 0.0 ast 2023-03-12 0.0 ast 2023-01-10 1.0 ast 2023-01-01 0.0 ast 2022-12-20 0.0 ast",
        "winLossSplits": "30% - 12%",
        "awayHome": "A",
        "playedYesterday": "N",
        "awayHomeSplits": "23% - 24%",
        "savesAboveExp": 0.109,
        "gsaa": 8.64,
        "corsi": "59.9% (67.4) // 61.2% (68.8) // 59.9% (67.4) // 59.9% (67.4)",
        "fenwick": "59.1% (50.8) // 60.1% (51.8) // 59.1% (50.8) // 59.1% (50.8)",
        "shots": "57.2% (34.3) // 58.4% (34.4) // 57.2% (34.3) // 57.2% (34.3)",
        "scoring": "58.9% (33.3) // 62.3% (33.3) // 58.9% (33.3) // 58.9% (33.3)",
        "corsiAgainst": "40.1% (45.2) // 38.8% (43.6) // 40.1% (45.2) // 40.1% (45.2)",
        "fenwickAgainst": "40.9% (35.1) // 39.9% (34.4) // 40.9% (35.1) // 40.9% (35.1)",
        "shotsAgainst": "42.8% (25.6) // 41.6% (24.5) // 42.8% (25.6) // 42.8% (25.6)",
        "scoringAgainst": "41.1% (23.3) // 37.7% (20.2) // 41.1% (23.3) // 41.1% (23.3)",
        "oppCorsi": "53.7% (63.4) // 55.1% (64.9) // 53.7% (63.4) // 53.7% (63.4)",
        "oppFenwick": "53.9% (46.9) // 55.2% (48.2) // 53.9% (46.9) // 53.9% (46.9)",
        "oppShots": "54.9% (33.9) // 54.4% (33.3) // 54.9% (33.9) // 54.9% (33.9)",
        "oppScoring": "56.3% (35.0) // 60.7% (39.4) // 56.3% (35.0) // 56.3% (35.0)",
        "oppCorsiAgainst": "46.3% (54.8) // 44.9% (52.8) // 46.3% (54.8) // 46.3% (54.8)",
        "oppFenwickAgainst": "46.1% (40.1) // 44.8% (39.2) // 46.1% (40.1) // 46.1% (40.1)",
        "oppShotsAgainst": "45.1% (27.8) // 45.6% (28.0) // 45.1% (27.8) // 45.1% (27.8)",
        "oppScoringAgainst": "43.7% (27.1) // 39.3% (25.5) // 43.7% (27.1) // 43.7% (27.1)",
        "savesPerGame": 23.4,
        "savesPerGameLast1": 26.0,
        "savesPerGameLast3": 24.0,
        "savesPerGameLast5": 24.8,
        "savesPer60": 25.9,
        "savesPer60Last1": 26.0,
        "savesPer60Last3": 24.8,
        "savesPer60Last5": 25.0,
        "shotsPerGame": 34.8,
        "shotsPerGameLast5": 33.2,
        "shotsAgainstPerGame": 26.0,
        "shotsAgainstPerGameLast5": 27.6,
        "oppSavesAgainstPer60": 34.4,
        "oppSavesAgainstPer60Last1": 26.0,
        "oppSavesAgainstPer60Last3": 23.8,
        "oppSavesAgainstPer60Last5": 24.9,
        "oppShotsAgainstPerGame": 28.2,
        "oppShotsAgainstPerGameLast5": 29.8,
        "savesProj": 27.6,
        "savesProjLast5": 23.9,
        "savesProjLast3": 18.3,
        "oppSavesAgainstProj": 27.6,
        "oppSavesAgainstProjLast5": 19.4,
        "oppSavesAgainstProjLast3": 18.7,
        "totalOver": 24,
        "totalOverLast5": 20,
        "totalOverLast15": 27,
        "lastTotalOver": 30,
        "last5": "0,0,0,0,1,0,0,0,0,1",
        "overOdds": "+310",
        "underOdds": "-410",
        "overUnder": "+310 / -410"
    },
    {
        "player": "Brent Burns",
        "team": "CAR",
        "opponent": "NJ",
        "propType": "ast",
        "line": 0.5,
        "ppLine": "PP1",
        "avg": 0.53,
        "hit": false,
        "diffAvg": 0.06,
        "diffAbs": 0.0,
        "lastAvg": 0.54,
        "diff": 0.08,
        "avgMin": 23,
        "proj": 0.5,
        "lastAvgMin": 26.13,
        "oppOver": 0,
        "teamOver": 0,
        "gameLine": "+130",
        "+/-": "+22",
        "L5_+/-": "+8.0",
        "prevMatchup": "2023-05-07 0.0 ast 2023-05-03 0.0 ast 2023-03-12 0.0 ast 2023-01-10 0.0 ast 2023-01-01 1.0 ast 2022-12-20 0.0 ast",
        "winLossSplits": "54% - 15%",
        "awayHome": "A",
        "playedYesterday": "N",
        "awayHomeSplits": "42% - 38%",
        "savesAboveExp": 0.109,
        "gsaa": 8.64,
        "corsi": "59.9% (67.4) // 61.2% (68.8) // 59.9% (67.4) // 59.9% (67.4)",
        "fenwick": "59.1% (50.8) // 60.1% (51.8) // 59.1% (50.8) // 59.1% (50.8)",
        "shots": "57.2% (34.3) // 58.4% (34.4) // 57.2% (34.3) // 57.2% (34.3)",
        "scoring": "58.9% (33.3) // 62.3% (33.3) // 58.9% (33.3) // 58.9% (33.3)",
        "corsiAgainst": "40.1% (45.2) // 38.8% (43.6) // 40.1% (45.2) // 40.1% (45.2)",
        "fenwickAgainst": "40.9% (35.1) // 39.9% (34.4) // 40.9% (35.1) // 40.9% (35.1)",
        "shotsAgainst": "42.8% (25.6) // 41.6% (24.5) // 42.8% (25.6) // 42.8% (25.6)",
        "scoringAgainst": "41.1% (23.3) // 37.7% (20.2) // 41.1% (23.3) // 41.1% (23.3)",
        "oppCorsi": "53.7% (63.4) // 55.1% (64.9) // 53.7% (63.4) // 53.7% (63.4)",
        "oppFenwick": "53.9% (46.9) // 55.2% (48.2) // 53.9% (46.9) // 53.9% (46.9)",
        "oppShots": "54.9% (33.9) // 54.4% (33.3) // 54.9% (33.9) // 54.9% (33.9)",
        "oppScoring": "56.3% (35.0) // 60.7% (39.4) // 56.3% (35.0) // 56.3% (35.0)",
        "oppCorsiAgainst": "46.3% (54.8) // 44.9% (52.8) // 46.3% (54.8) // 46.3% (54.8)",
        "oppFenwickAgainst": "46.1% (40.1) // 44.8% (39.2) // 46.1% (40.1) // 46.1% (40.1)",
        "oppShotsAgainst": "45.1% (27.8) // 45.6% (28.0) // 45.1% (27.8) // 45.1% (27.8)",
        "oppScoringAgainst": "43.7% (27.1) // 39.3% (25.5) // 43.7% (27.1) // 43.7% (27.1)",
        "savesPerGame": 23.4,
        "savesPerGameLast1": 26.0,
        "savesPerGameLast3": 24.0,
        "savesPerGameLast5": 24.8,
        "savesPer60": 25.9,
        "savesPer60Last1": 26.0,
        "savesPer60Last3": 24.8,
        "savesPer60Last5": 25.0,
        "shotsPerGame": 34.8,
        "shotsPerGameLast5": 33.2,
        "shotsAgainstPerGame": 26.0,
        "shotsAgainstPerGameLast5": 27.6,
        "oppSavesAgainstPer60": 34.4,
        "oppSavesAgainstPer60Last1": 26.0,
        "oppSavesAgainstPer60Last3": 23.8,
        "oppSavesAgainstPer60Last5": 24.9,
        "oppShotsAgainstPerGame": 28.2,
        "oppShotsAgainstPerGameLast5": 29.8,
        "savesProj": 27.6,
        "savesProjLast5": 23.9,
        "savesProjLast3": 18.3,
        "oppSavesAgainstProj": 27.6,
        "oppSavesAgainstProjLast5": 19.4,
        "oppSavesAgainstProjLast3": 18.7,
        "totalOver": 40,
        "totalOverLast5": 20,
        "totalOverLast15": 27,
        "lastTotalOver": 44,
        "last5": "0,0,0,0,1,0,2,2,0,0",
        "overOdds": "+130",
        "underOdds": "-160",
        "overUnder": "+130 / -160"
    },
    {
        "player": "Dawson Mercer",
        "team": "NJ",
        "opponent": "CAR",
        "propType": "ast",
        "line": 0.5,
        "ppLine": "PP1",
        "avg": 0.36,
        "hit": false,
        "diffAvg": -0.28,
        "diffAbs": 0.4,
        "lastAvg": 0.3,
        "diff": -0.4,
        "avgMin": 16,
        "proj": 0.3,
        "lastAvgMin": 16.53,
        "oppOver": 0,
        "teamOver": 0,
        "gameLine": "-150",
        "+/-": "+21",
        "L5_+/-": -1.0,
        "prevMatchup": "2023-05-07 3.0 ast 2023-05-03 0.0 ast 2023-03-12 0.0 ast 2023-01-10 1.0 ast 2023-01-01 1.0 ast 2022-12-20 0.0 ast",
        "winLossSplits": "35% - 18%",
        "awayHome": "H",
        "playedYesterday": "N",
        "awayHomeSplits": "36% - 22%",
        "savesAboveExp": -0.44,
        "gsaa": -0.71,
        "corsi": "53.7% (63.4) // 55.1% (64.9) // 53.7% (63.4) // 53.7% (63.4)",
        "fenwick": "53.9% (46.9) // 55.2% (48.2) // 53.9% (46.9) // 53.9% (46.9)",
        "shots": "54.9% (33.9) // 54.4% (33.3) // 54.9% (33.9) // 54.9% (33.9)",
        "scoring": "56.3% (35.0) // 60.7% (39.4) // 56.3% (35.0) // 56.3% (35.0)",
        "corsiAgainst": "46.3% (54.8) // 44.9% (52.8) // 46.3% (54.8) // 46.3% (54.8)",
        "fenwickAgainst": "46.1% (40.1) // 44.8% (39.2) // 46.1% (40.1) // 46.1% (40.1)",
        "shotsAgainst": "45.1% (27.8) // 45.6% (28.0) // 45.1% (27.8) // 45.1% (27.8)",
        "scoringAgainst": "43.7% (27.1) // 39.3% (25.5) // 43.7% (27.1) // 43.7% (27.1)",
        "oppCorsi": "59.9% (67.4) // 61.2% (68.8) // 59.9% (67.4) // 59.9% (67.4)",
        "oppFenwick": "59.1% (50.8) // 60.1% (51.8) // 59.1% (50.8) // 59.1% (50.8)",
        "oppShots": "57.2% (34.3) // 58.4% (34.4) // 57.2% (34.3) // 57.2% (34.3)",
        "oppScoring": "58.9% (33.3) // 62.3% (33.3) // 58.9% (33.3) // 58.9% (33.3)",
        "oppCorsiAgainst": "40.1% (45.2) // 38.8% (43.6) // 40.1% (45.2) // 40.1% (45.2)",
        "oppFenwickAgainst": "40.9% (35.1) // 39.9% (34.4) // 40.9% (35.1) // 40.9% (35.1)",
        "oppShotsAgainst": "42.8% (25.6) // 41.6% (24.5) // 42.8% (25.6) // 42.8% (25.6)",
        "oppScoringAgainst": "41.1% (23.3) // 37.7% (20.2) // 41.1% (23.3) // 41.1% (23.3)",
        "savesPerGame": 25.5,
        "savesPerGameLast1": 26.0,
        "savesPerGameLast3": 24.7,
        "savesPerGameLast5": 25.8,
        "savesPer60": 28.5,
        "savesPer60Last1": 26.0,
        "savesPer60Last3": 24.5,
        "savesPer60Last5": 25.0,
        "shotsPerGame": 34.4,
        "shotsPerGameLast5": 28.4,
        "shotsAgainstPerGame": 28.2,
        "shotsAgainstPerGameLast5": 29.8,
        "oppSavesAgainstPer60": 34.8,
        "oppSavesAgainstPer60Last1": 26.0,
        "oppSavesAgainstPer60Last3": 24.8,
        "oppSavesAgainstPer60Last5": 30.0,
        "oppShotsAgainstPerGame": 26.0,
        "oppShotsAgainstPerGameLast5": 27.6,
        "savesProj": 34.6,
        "savesProjLast5": 27.2,
        "savesProjLast3": 26.2,
        "oppSavesAgainstProj": 29.9,
        "oppSavesAgainstProjLast5": 22.8,
        "oppSavesAgainstProjLast3": 18.8,
        "totalOver": 29,
        "totalOverLast5": 40,
        "totalOverLast15": 20,
        "lastTotalOver": 25,
        "last5": "3,0,0,0,1,0,0,0,0,1",
        "overOdds": "+215",
        "underOdds": "-270",
        "overUnder": "+215 / -270"
    },
    {
        "player": "Dougie Hamilton",
        "team": "NJ",
        "opponent": "CAR",
        "propType": "ast",
        "line": 0.5,
        "ppLine": "PP1",
        "avg": 0.59,
        "hit": false,
        "diffAvg": 0.18,
        "diffAbs": 0.4,
        "lastAvg": 0.34,
        "diff": -0.32,
        "avgMin": 21,
        "proj": 0.3,
        "lastAvgMin": 21.22,
        "oppOver": 0,
        "teamOver": 0,
        "gameLine": "-150",
        "+/-": "+20",
        "L5_+/-": -4.0,
        "prevMatchup": "2023-05-07 0.0 ast 2023-05-03 0.0 ast 2023-03-12 1.0 ast 2023-01-10 1.0 ast 2023-01-01 1.0 ast 2022-12-20 0.0 ast",
        "winLossSplits": "49% - 41%",
        "awayHome": "H",
        "playedYesterday": "N",
        "awayHomeSplits": "47% - 46%",
        "savesAboveExp": -0.44,
        "gsaa": -0.71,
        "corsi": "53.7% (63.4) // 55.1% (64.9) // 53.7% (63.4) // 53.7% (63.4)",
        "fenwick": "53.9% (46.9) // 55.2% (48.2) // 53.9% (46.9) // 53.9% (46.9)",
        "shots": "54.9% (33.9) // 54.4% (33.3) // 54.9% (33.9) // 54.9% (33.9)",
        "scoring": "56.3% (35.0) // 60.7% (39.4) // 56.3% (35.0) // 56.3% (35.0)",
        "corsiAgainst": "46.3% (54.8) // 44.9% (52.8) // 46.3% (54.8) // 46.3% (54.8)",
        "fenwickAgainst": "46.1% (40.1) // 44.8% (39.2) // 46.1% (40.1) // 46.1% (40.1)",
        "shotsAgainst": "45.1% (27.8) // 45.6% (28.0) // 45.1% (27.8) // 45.1% (27.8)",
        "scoringAgainst": "43.7% (27.1) // 39.3% (25.5) // 43.7% (27.1) // 43.7% (27.1)",
        "oppCorsi": "59.9% (67.4) // 61.2% (68.8) // 59.9% (67.4) // 59.9% (67.4)",
        "oppFenwick": "59.1% (50.8) // 60.1% (51.8) // 59.1% (50.8) // 59.1% (50.8)",
        "oppShots": "57.2% (34.3) // 58.4% (34.4) // 57.2% (34.3) // 57.2% (34.3)",
        "oppScoring": "58.9% (33.3) // 62.3% (33.3) // 58.9% (33.3) // 58.9% (33.3)",
        "oppCorsiAgainst": "40.1% (45.2) // 38.8% (43.6) // 40.1% (45.2) // 40.1% (45.2)",
        "oppFenwickAgainst": "40.9% (35.1) // 39.9% (34.4) // 40.9% (35.1) // 40.9% (35.1)",
        "oppShotsAgainst": "42.8% (25.6) // 41.6% (24.5) // 42.8% (25.6) // 42.8% (25.6)",
        "oppScoringAgainst": "41.1% (23.3) // 37.7% (20.2) // 41.1% (23.3) // 41.1% (23.3)",
        "savesPerGame": 25.5,
        "savesPerGameLast1": 26.0,
        "savesPerGameLast3": 24.7,
        "savesPerGameLast5": 25.8,
        "savesPer60": 28.5,
        "savesPer60Last1": 26.0,
        "savesPer60Last3": 24.5,
        "savesPer60Last5": 25.0,
        "shotsPerGame": 34.4,
        "shotsPerGameLast5": 28.4,
        "shotsAgainstPerGame": 28.2,
        "shotsAgainstPerGameLast5": 29.8,
        "oppSavesAgainstPer60": 34.8,
        "oppSavesAgainstPer60Last1": 26.0,
        "oppSavesAgainstPer60Last3": 24.8,
        "oppSavesAgainstPer60Last5": 30.0,
        "oppShotsAgainstPerGame": 26.0,
        "oppShotsAgainstPerGameLast5": 27.6,
        "savesProj": 34.6,
        "savesProjLast5": 27.2,
        "savesProjLast3": 26.2,
        "oppSavesAgainstProj": 29.9,
        "oppSavesAgainstProjLast5": 22.8,
        "oppSavesAgainstProjLast3": 18.8,
        "totalOver": 46,
        "totalOverLast5": 0,
        "totalOverLast15": 20,
        "lastTotalOver": 30,
        "last5": "0,0,0,0,0,1,1,0,0,0",
        "overOdds": "+150",
        "underOdds": "-185",
        "overUnder": "+150 / -185"
    },
    {
        "player": "Erik Haula",
        "team": "NJ",
        "opponent": "CAR",
        "propType": "ast",
        "line": 0.5,
        "ppLine": "PP2",
        "avg": 0.3,
        "hit": false,
        "diffAvg": -0.4,
        "diffAbs": 0.4,
        "lastAvg": 0.31,
        "diff": -0.38,
        "avgMin": 16,
        "proj": 0.3,
        "lastAvgMin": 15.08,
        "oppOver": 0,
        "teamOver": 0,
        "gameLine": "-150",
        "+/-": "+11",
        "L5_+/-": 0.0,
        "prevMatchup": "2023-05-07 0.0 ast 2023-05-03 0.0 ast 2023-03-12 0.0 ast 2023-01-10 1.0 ast 2023-01-01 1.0 ast 2022-12-20 0.0 ast",
        "winLossSplits": "34% - 15%",
        "awayHome": "H",
        "playedYesterday": "N",
        "awayHomeSplits": "27% - 27%",
        "savesAboveExp": -0.44,
        "gsaa": -0.71,
        "corsi": "53.7% (63.4) // 55.1% (64.9) // 53.7% (63.4) // 53.7% (63.4)",
        "fenwick": "53.9% (46.9) // 55.2% (48.2) // 53.9% (46.9) // 53.9% (46.9)",
        "shots": "54.9% (33.9) // 54.4% (33.3) // 54.9% (33.9) // 54.9% (33.9)",
        "scoring": "56.3% (35.0) // 60.7% (39.4) // 56.3% (35.0) // 56.3% (35.0)",
        "corsiAgainst": "46.3% (54.8) // 44.9% (52.8) // 46.3% (54.8) // 46.3% (54.8)",
        "fenwickAgainst": "46.1% (40.1) // 44.8% (39.2) // 46.1% (40.1) // 46.1% (40.1)",
        "shotsAgainst": "45.1% (27.8) // 45.6% (28.0) // 45.1% (27.8) // 45.1% (27.8)",
        "scoringAgainst": "43.7% (27.1) // 39.3% (25.5) // 43.7% (27.1) // 43.7% (27.1)",
        "oppCorsi": "59.9% (67.4) // 61.2% (68.8) // 59.9% (67.4) // 59.9% (67.4)",
        "oppFenwick": "59.1% (50.8) // 60.1% (51.8) // 59.1% (50.8) // 59.1% (50.8)",
        "oppShots": "57.2% (34.3) // 58.4% (34.4) // 57.2% (34.3) // 57.2% (34.3)",
        "oppScoring": "58.9% (33.3) // 62.3% (33.3) // 58.9% (33.3) // 58.9% (33.3)",
        "oppCorsiAgainst": "40.1% (45.2) // 38.8% (43.6) // 40.1% (45.2) // 40.1% (45.2)",
        "oppFenwickAgainst": "40.9% (35.1) // 39.9% (34.4) // 40.9% (35.1) // 40.9% (35.1)",
        "oppShotsAgainst": "42.8% (25.6) // 41.6% (24.5) // 42.8% (25.6) // 42.8% (25.6)",
        "oppScoringAgainst": "41.1% (23.3) // 37.7% (20.2) // 41.1% (23.3) // 41.1% (23.3)",
        "savesPerGame": 25.5,
        "savesPerGameLast1": 26.0,
        "savesPerGameLast3": 24.7,
        "savesPerGameLast5": 25.8,
        "savesPer60": 28.5,
        "savesPer60Last1": 26.0,
        "savesPer60Last3": 24.5,
        "savesPer60Last5": 25.0,
        "shotsPerGame": 34.4,
        "shotsPerGameLast5": 28.4,
        "shotsAgainstPerGame": 28.2,
        "shotsAgainstPerGameLast5": 29.8,
        "oppSavesAgainstPer60": 34.8,
        "oppSavesAgainstPer60Last1": 26.0,
        "oppSavesAgainstPer60Last3": 24.8,
        "oppSavesAgainstPer60Last5": 30.0,
        "oppShotsAgainstPerGame": 26.0,
        "oppShotsAgainstPerGameLast5": 27.6,
        "savesProj": 34.6,
        "savesProjLast5": 27.2,
        "savesProjLast3": 26.2,
        "oppSavesAgainstProj": 29.9,
        "oppSavesAgainstProjLast5": 22.8,
        "oppSavesAgainstProjLast3": 18.8,
        "totalOver": 27,
        "totalOverLast5": 20,
        "totalOverLast15": 27,
        "lastTotalOver": 23,
        "last5": "0,0,0,0,1,1,0,0,0,0",
        "overOdds": "+215",
        "underOdds": "-270",
        "overUnder": "+215 / -270"
    },
    {
        "player": "Jack Hughes",
        "team": "NJ",
        "opponent": "CAR",
        "propType": "ast",
        "line": 0.5,
        "ppLine": "PP1",
        "avg": 0.69,
        "hit": false,
        "diffAvg": 0.38,
        "diffAbs": 0.2,
        "lastAvg": 0.59,
        "diff": 0.18,
        "avgMin": 20,
        "proj": 0.6,
        "lastAvgMin": 19.55,
        "oppOver": 0,
        "teamOver": 0,
        "gameLine": "-150",
        "+/-": "+10",
        "L5_+/-": -1.0,
        "prevMatchup": "2023-05-07 2.0 ast 2023-05-03 0.0 ast 2023-03-12 2.0 ast 2023-01-10 0.0 ast 2023-01-01 0.0 ast 2022-12-20 0.0 ast",
        "winLossSplits": "56% - 41%",
        "awayHome": "H",
        "playedYesterday": "N",
        "awayHomeSplits": "48% - 53%",
        "savesAboveExp": -0.44,
        "gsaa": -0.71,
        "corsi": "53.7% (63.4) // 55.1% (64.9) // 53.7% (63.4) // 53.7% (63.4)",
        "fenwick": "53.9% (46.9) // 55.2% (48.2) // 53.9% (46.9) // 53.9% (46.9)",
        "shots": "54.9% (33.9) // 54.4% (33.3) // 54.9% (33.9) // 54.9% (33.9)",
        "scoring": "56.3% (35.0) // 60.7% (39.4) // 56.3% (35.0) // 56.3% (35.0)",
        "corsiAgainst": "46.3% (54.8) // 44.9% (52.8) // 46.3% (54.8) // 46.3% (54.8)",
        "fenwickAgainst": "46.1% (40.1) // 44.8% (39.2) // 46.1% (40.1) // 46.1% (40.1)",
        "shotsAgainst": "45.1% (27.8) // 45.6% (28.0) // 45.1% (27.8) // 45.1% (27.8)",
        "scoringAgainst": "43.7% (27.1) // 39.3% (25.5) // 43.7% (27.1) // 43.7% (27.1)",
        "oppCorsi": "59.9% (67.4) // 61.2% (68.8) // 59.9% (67.4) // 59.9% (67.4)",
        "oppFenwick": "59.1% (50.8) // 60.1% (51.8) // 59.1% (50.8) // 59.1% (50.8)",
        "oppShots": "57.2% (34.3) // 58.4% (34.4) // 57.2% (34.3) // 57.2% (34.3)",
        "oppScoring": "58.9% (33.3) // 62.3% (33.3) // 58.9% (33.3) // 58.9% (33.3)",
        "oppCorsiAgainst": "40.1% (45.2) // 38.8% (43.6) // 40.1% (45.2) // 40.1% (45.2)",
        "oppFenwickAgainst": "40.9% (35.1) // 39.9% (34.4) // 40.9% (35.1) // 40.9% (35.1)",
        "oppShotsAgainst": "42.8% (25.6) // 41.6% (24.5) // 42.8% (25.6) // 42.8% (25.6)",
        "oppScoringAgainst": "41.1% (23.3) // 37.7% (20.2) // 41.1% (23.3) // 41.1% (23.3)",
        "savesPerGame": 25.5,
        "savesPerGameLast1": 26.0,
        "savesPerGameLast3": 24.7,
        "savesPerGameLast5": 25.8,
        "savesPer60": 28.5,
        "savesPer60Last1": 26.0,
        "savesPer60Last3": 24.5,
        "savesPer60Last5": 25.0,
        "shotsPerGame": 34.4,
        "shotsPerGameLast5": 28.4,
        "shotsAgainstPerGame": 28.2,
        "shotsAgainstPerGameLast5": 29.8,
        "oppSavesAgainstPer60": 34.8,
        "oppSavesAgainstPer60Last1": 26.0,
        "oppSavesAgainstPer60Last3": 24.8,
        "oppSavesAgainstPer60Last5": 30.0,
        "oppShotsAgainstPerGame": 26.0,
        "oppShotsAgainstPerGameLast5": 27.6,
        "savesProj": 34.6,
        "savesProjLast5": 27.2,
        "savesProjLast3": 26.2,
        "oppSavesAgainstProj": 29.9,
        "oppSavesAgainstProjLast5": 22.8,
        "oppSavesAgainstProjLast3": 18.8,
        "totalOver": 51,
        "totalOverLast5": 60,
        "totalOverLast15": 47,
        "lastTotalOver": 44,
        "last5": "2,0,1,1,0,0,0,0,0,2",
        "overOdds": "-115",
        "underOdds": "-115",
        "overUnder": "-115 / -115"
    },
    {
        "player": "Jesper Bratt",
        "team": "NJ",
        "opponent": "CAR",
        "propType": "ast",
        "line": 0.5,
        "ppLine": "PP2",
        "avg": 0.51,
        "hit": false,
        "diffAvg": 0.02,
        "diffAbs": 0.2,
        "lastAvg": 0.62,
        "diff": 0.24,
        "avgMin": 17,
        "proj": 0.6,
        "lastAvgMin": 17.42,
        "oppOver": 0,
        "teamOver": 0,
        "gameLine": "-150",
        "+/-": "+16",
        "L5_+/-": "+1.0",
        "prevMatchup": "2023-05-07 2.0 ast 2023-05-03 0.0 ast 2023-03-12 0.0 ast 2023-01-10 0.0 ast 2023-01-01 1.0 ast 2022-12-20 1.0 ast",
        "winLossSplits": "49% - 29%",
        "awayHome": "H",
        "playedYesterday": "N",
        "awayHomeSplits": "44% - 39%",
        "savesAboveExp": -0.44,
        "gsaa": -0.71,
        "corsi": "53.7% (63.4) // 55.1% (64.9) // 53.7% (63.4) // 53.7% (63.4)",
        "fenwick": "53.9% (46.9) // 55.2% (48.2) // 53.9% (46.9) // 53.9% (46.9)",
        "shots": "54.9% (33.9) // 54.4% (33.3) // 54.9% (33.9) // 54.9% (33.9)",
        "scoring": "56.3% (35.0) // 60.7% (39.4) // 56.3% (35.0) // 56.3% (35.0)",
        "corsiAgainst": "46.3% (54.8) // 44.9% (52.8) // 46.3% (54.8) // 46.3% (54.8)",
        "fenwickAgainst": "46.1% (40.1) // 44.8% (39.2) // 46.1% (40.1) // 46.1% (40.1)",
        "shotsAgainst": "45.1% (27.8) // 45.6% (28.0) // 45.1% (27.8) // 45.1% (27.8)",
        "scoringAgainst": "43.7% (27.1) // 39.3% (25.5) // 43.7% (27.1) // 43.7% (27.1)",
        "oppCorsi": "59.9% (67.4) // 61.2% (68.8) // 59.9% (67.4) // 59.9% (67.4)",
        "oppFenwick": "59.1% (50.8) // 60.1% (51.8) // 59.1% (50.8) // 59.1% (50.8)",
        "oppShots": "57.2% (34.3) // 58.4% (34.4) // 57.2% (34.3) // 57.2% (34.3)",
        "oppScoring": "58.9% (33.3) // 62.3% (33.3) // 58.9% (33.3) // 58.9% (33.3)",
        "oppCorsiAgainst": "40.1% (45.2) // 38.8% (43.6) // 40.1% (45.2) // 40.1% (45.2)",
        "oppFenwickAgainst": "40.9% (35.1) // 39.9% (34.4) // 40.9% (35.1) // 40.9% (35.1)",
        "oppShotsAgainst": "42.8% (25.6) // 41.6% (24.5) // 42.8% (25.6) // 42.8% (25.6)",
        "oppScoringAgainst": "41.1% (23.3) // 37.7% (20.2) // 41.1% (23.3) // 41.1% (23.3)",
        "savesPerGame": 25.5,
        "savesPerGameLast1": 26.0,
        "savesPerGameLast3": 24.7,
        "savesPerGameLast5": 25.8,
        "savesPer60": 28.5,
        "savesPer60Last1": 26.0,
        "savesPer60Last3": 24.5,
        "savesPer60Last5": 25.0,
        "shotsPerGame": 34.4,
        "shotsPerGameLast5": 28.4,
        "shotsAgainstPerGame": 28.2,
        "shotsAgainstPerGameLast5": 29.8,
        "oppSavesAgainstPer60": 34.8,
        "oppSavesAgainstPer60Last1": 26.0,
        "oppSavesAgainstPer60Last3": 24.8,
        "oppSavesAgainstPer60Last5": 30.0,
        "oppShotsAgainstPerGame": 26.0,
        "oppShotsAgainstPerGameLast5": 27.6,
        "savesProj": 34.6,
        "savesProjLast5": 27.2,
        "savesProjLast3": 26.2,
        "oppSavesAgainstProj": 29.9,
        "oppSavesAgainstProjLast5": 22.8,
        "oppSavesAgainstProjLast3": 18.8,
        "totalOver": 42,
        "totalOverLast5": 20,
        "totalOverLast15": 47,
        "lastTotalOver": 53,
        "last5": "2,0,0,0,0,1,2,0,0,1",
        "overOdds": "+145",
        "underOdds": "-180",
        "overUnder": "+145 / -180"
    },
    {
        "player": "Jesperi Kotkaniemi",
        "team": "CAR",
        "opponent": "NJ",
        "propType": "ast",
        "line": 0.5,
        "ppLine": "PP2",
        "avg": 0.29,
        "hit": false,
        "diffAvg": -0.42,
        "diffAbs": 0.6,
        "lastAvg": 0.21,
        "diff": -0.58,
        "avgMin": 14,
        "proj": 0.2,
        "lastAvgMin": 12.02,
        "oppOver": 0,
        "teamOver": 0,
        "gameLine": "+130",
        "+/-": "+2",
        "L5_+/-": -8.0,
        "prevMatchup": "2023-05-07 0.0 ast 2023-05-03 0.0 ast 2023-03-12 0.0 ast 2023-01-10 0.0 ast 2023-01-01 1.0 ast 2022-12-20 0.0 ast",
        "winLossSplits": "32% - 9%",
        "awayHome": "A",
        "playedYesterday": "N",
        "awayHomeSplits": "20% - 27%",
        "savesAboveExp": 0.109,
        "gsaa": 8.64,
        "corsi": "59.9% (67.4) // 61.2% (68.8) // 59.9% (67.4) // 59.9% (67.4)",
        "fenwick": "59.1% (50.8) // 60.1% (51.8) // 59.1% (50.8) // 59.1% (50.8)",
        "shots": "57.2% (34.3) // 58.4% (34.4) // 57.2% (34.3) // 57.2% (34.3)",
        "scoring": "58.9% (33.3) // 62.3% (33.3) // 58.9% (33.3) // 58.9% (33.3)",
        "corsiAgainst": "40.1% (45.2) // 38.8% (43.6) // 40.1% (45.2) // 40.1% (45.2)",
        "fenwickAgainst": "40.9% (35.1) // 39.9% (34.4) // 40.9% (35.1) // 40.9% (35.1)",
        "shotsAgainst": "42.8% (25.6) // 41.6% (24.5) // 42.8% (25.6) // 42.8% (25.6)",
        "scoringAgainst": "41.1% (23.3) // 37.7% (20.2) // 41.1% (23.3) // 41.1% (23.3)",
        "oppCorsi": "53.7% (63.4) // 55.1% (64.9) // 53.7% (63.4) // 53.7% (63.4)",
        "oppFenwick": "53.9% (46.9) // 55.2% (48.2) // 53.9% (46.9) // 53.9% (46.9)",
        "oppShots": "54.9% (33.9) // 54.4% (33.3) // 54.9% (33.9) // 54.9% (33.9)",
        "oppScoring": "56.3% (35.0) // 60.7% (39.4) // 56.3% (35.0) // 56.3% (35.0)",
        "oppCorsiAgainst": "46.3% (54.8) // 44.9% (52.8) // 46.3% (54.8) // 46.3% (54.8)",
        "oppFenwickAgainst": "46.1% (40.1) // 44.8% (39.2) // 46.1% (40.1) // 46.1% (40.1)",
        "oppShotsAgainst": "45.1% (27.8) // 45.6% (28.0) // 45.1% (27.8) // 45.1% (27.8)",
        "oppScoringAgainst": "43.7% (27.1) // 39.3% (25.5) // 43.7% (27.1) // 43.7% (27.1)",
        "savesPerGame": 23.4,
        "savesPerGameLast1": 26.0,
        "savesPerGameLast3": 24.0,
        "savesPerGameLast5": 24.8,
        "savesPer60": 25.9,
        "savesPer60Last1": 26.0,
        "savesPer60Last3": 24.8,
        "savesPer60Last5": 25.0,
        "shotsPerGame": 34.8,
        "shotsPerGameLast5": 33.2,
        "shotsAgainstPerGame": 26.0,
        "shotsAgainstPerGameLast5": 27.6,
        "oppSavesAgainstPer60": 34.4,
        "oppSavesAgainstPer60Last1": 26.0,
        "oppSavesAgainstPer60Last3": 23.8,
        "oppSavesAgainstPer60Last5": 24.9,
        "oppShotsAgainstPerGame": 28.2,
        "oppShotsAgainstPerGameLast5": 29.8,
        "savesProj": 27.6,
        "savesProjLast5": 23.9,
        "savesProjLast3": 18.3,
        "oppSavesAgainstProj": 27.6,
        "oppSavesAgainstProjLast5": 19.4,
        "oppSavesAgainstProjLast3": 18.7,
        "totalOver": 23,
        "totalOverLast5": 20,
        "totalOverLast15": 27,
        "lastTotalOver": 22,
        "last5": "0,0,0,1,0,0,0,0,0,1",
        "overOdds": "+225",
        "underOdds": "-285",
        "overUnder": "+225 / -285"
    },
    {
        "player": "Jordan Martinook",
        "team": "CAR",
        "opponent": "NJ",
        "propType": "ast",
        "line": 0.5,
        "ppLine": "",
        "avg": 0.27,
        "hit": false,
        "diffAvg": -0.46,
        "diffAbs": 0.6,
        "lastAvg": 0.14,
        "diff": -0.72,
        "avgMin": 15,
        "proj": 0.2,
        "lastAvgMin": 11.2,
        "oppOver": 0,
        "teamOver": 0,
        "gameLine": "+130",
        "+/-": "+7",
        "L5_+/-": "+1.0",
        "prevMatchup": "2023-05-07 1.0 ast 2023-05-03 2.0 ast 2023-03-12 0.0 ast 2023-01-10 0.0 ast 2023-01-01 0.0 ast 2022-12-20 1.0 ast",
        "winLossSplits": "26% - 21%",
        "awayHome": "A",
        "playedYesterday": "N",
        "awayHomeSplits": "20% - 29%",
        "savesAboveExp": 0.109,
        "gsaa": 8.64,
        "corsi": "59.9% (67.4) // 61.2% (68.8) // 59.9% (67.4) // 59.9% (67.4)",
        "fenwick": "59.1% (50.8) // 60.1% (51.8) // 59.1% (50.8) // 59.1% (50.8)",
        "shots": "57.2% (34.3) // 58.4% (34.4) // 57.2% (34.3) // 57.2% (34.3)",
        "scoring": "58.9% (33.3) // 62.3% (33.3) // 58.9% (33.3) // 58.9% (33.3)",
        "corsiAgainst": "40.1% (45.2) // 38.8% (43.6) // 40.1% (45.2) // 40.1% (45.2)",
        "fenwickAgainst": "40.9% (35.1) // 39.9% (34.4) // 40.9% (35.1) // 40.9% (35.1)",
        "shotsAgainst": "42.8% (25.6) // 41.6% (24.5) // 42.8% (25.6) // 42.8% (25.6)",
        "scoringAgainst": "41.1% (23.3) // 37.7% (20.2) // 41.1% (23.3) // 41.1% (23.3)",
        "oppCorsi": "53.7% (63.4) // 55.1% (64.9) // 53.7% (63.4) // 53.7% (63.4)",
        "oppFenwick": "53.9% (46.9) // 55.2% (48.2) // 53.9% (46.9) // 53.9% (46.9)",
        "oppShots": "54.9% (33.9) // 54.4% (33.3) // 54.9% (33.9) // 54.9% (33.9)",
        "oppScoring": "56.3% (35.0) // 60.7% (39.4) // 56.3% (35.0) // 56.3% (35.0)",
        "oppCorsiAgainst": "46.3% (54.8) // 44.9% (52.8) // 46.3% (54.8) // 46.3% (54.8)",
        "oppFenwickAgainst": "46.1% (40.1) // 44.8% (39.2) // 46.1% (40.1) // 46.1% (40.1)",
        "oppShotsAgainst": "45.1% (27.8) // 45.6% (28.0) // 45.1% (27.8) // 45.1% (27.8)",
        "oppScoringAgainst": "43.7% (27.1) // 39.3% (25.5) // 43.7% (27.1) // 43.7% (27.1)",
        "savesPerGame": 23.4,
        "savesPerGameLast1": 26.0,
        "savesPerGameLast3": 24.0,
        "savesPerGameLast5": 24.8,
        "savesPer60": 25.9,
        "savesPer60Last1": 26.0,
        "savesPer60Last3": 24.8,
        "savesPer60Last5": 25.0,
        "shotsPerGame": 34.8,
        "shotsPerGameLast5": 33.2,
        "shotsAgainstPerGame": 26.0,
        "shotsAgainstPerGameLast5": 27.6,
        "oppSavesAgainstPer60": 34.4,
        "oppSavesAgainstPer60Last1": 26.0,
        "oppSavesAgainstPer60Last3": 23.8,
        "oppSavesAgainstPer60Last5": 24.9,
        "oppShotsAgainstPerGame": 28.2,
        "oppShotsAgainstPerGameLast5": 29.8,
        "savesProj": 27.6,
        "savesProjLast5": 23.9,
        "savesProjLast3": 18.3,
        "oppSavesAgainstProj": 27.6,
        "oppSavesAgainstProjLast5": 19.4,
        "oppSavesAgainstProjLast3": 18.7,
        "totalOver": 24,
        "totalOverLast5": 40,
        "totalOverLast15": 20,
        "lastTotalOver": 14,
        "last5": "1,2,0,0,0,0,0,0,0,0",
        "overOdds": "+285",
        "underOdds": "-375",
        "overUnder": "+285 / -375"
    },
    {
        "player": "Martin Necas",
        "team": "CAR",
        "opponent": "NJ",
        "propType": "ast",
        "line": 0.5,
        "ppLine": "PP1",
        "avg": 0.5,
        "hit": false,
        "diffAvg": 0.0,
        "diffAbs": 0.4,
        "lastAvg": 0.28,
        "diff": -0.44,
        "avgMin": 18,
        "proj": 0.3,
        "lastAvgMin": 16.18,
        "oppOver": 0,
        "teamOver": 0,
        "gameLine": "+130",
        "+/-": -2,
        "L5_+/-": -7.0,
        "prevMatchup": "2023-05-07 0.0 ast 2023-05-03 0.0 ast 2023-03-12 0.0 ast 2023-01-10 1.0 ast 2023-01-01 0.0 ast 2022-12-20 0.0 ast",
        "winLossSplits": "44% - 24%",
        "awayHome": "A",
        "playedYesterday": "N",
        "awayHomeSplits": "24% - 49%",
        "savesAboveExp": 0.109,
        "gsaa": 8.64,
        "corsi": "59.9% (67.4) // 61.2% (68.8) // 59.9% (67.4) // 59.9% (67.4)",
        "fenwick": "59.1% (50.8) // 60.1% (51.8) // 59.1% (50.8) // 59.1% (50.8)",
        "shots": "57.2% (34.3) // 58.4% (34.4) // 57.2% (34.3) // 57.2% (34.3)",
        "scoring": "58.9% (33.3) // 62.3% (33.3) // 58.9% (33.3) // 58.9% (33.3)",
        "corsiAgainst": "40.1% (45.2) // 38.8% (43.6) // 40.1% (45.2) // 40.1% (45.2)",
        "fenwickAgainst": "40.9% (35.1) // 39.9% (34.4) // 40.9% (35.1) // 40.9% (35.1)",
        "shotsAgainst": "42.8% (25.6) // 41.6% (24.5) // 42.8% (25.6) // 42.8% (25.6)",
        "scoringAgainst": "41.1% (23.3) // 37.7% (20.2) // 41.1% (23.3) // 41.1% (23.3)",
        "oppCorsi": "53.7% (63.4) // 55.1% (64.9) // 53.7% (63.4) // 53.7% (63.4)",
        "oppFenwick": "53.9% (46.9) // 55.2% (48.2) // 53.9% (46.9) // 53.9% (46.9)",
        "oppShots": "54.9% (33.9) // 54.4% (33.3) // 54.9% (33.9) // 54.9% (33.9)",
        "oppScoring": "56.3% (35.0) // 60.7% (39.4) // 56.3% (35.0) // 56.3% (35.0)",
        "oppCorsiAgainst": "46.3% (54.8) // 44.9% (52.8) // 46.3% (54.8) // 46.3% (54.8)",
        "oppFenwickAgainst": "46.1% (40.1) // 44.8% (39.2) // 46.1% (40.1) // 46.1% (40.1)",
        "oppShotsAgainst": "45.1% (27.8) // 45.6% (28.0) // 45.1% (27.8) // 45.1% (27.8)",
        "oppScoringAgainst": "43.7% (27.1) // 39.3% (25.5) // 43.7% (27.1) // 43.7% (27.1)",
        "savesPerGame": 23.4,
        "savesPerGameLast1": 26.0,
        "savesPerGameLast3": 24.0,
        "savesPerGameLast5": 24.8,
        "savesPer60": 25.9,
        "savesPer60Last1": 26.0,
        "savesPer60Last3": 24.8,
        "savesPer60Last5": 25.0,
        "shotsPerGame": 34.8,
        "shotsPerGameLast5": 33.2,
        "shotsAgainstPerGame": 26.0,
        "shotsAgainstPerGameLast5": 27.6,
        "oppSavesAgainstPer60": 34.4,
        "oppSavesAgainstPer60Last1": 26.0,
        "oppSavesAgainstPer60Last3": 23.8,
        "oppSavesAgainstPer60Last5": 24.9,
        "oppShotsAgainstPerGame": 28.2,
        "oppShotsAgainstPerGameLast5": 29.8,
        "savesProj": 27.6,
        "savesProjLast5": 23.9,
        "savesProjLast3": 18.3,
        "oppSavesAgainstProj": 27.6,
        "oppSavesAgainstProjLast5": 19.4,
        "oppSavesAgainstProjLast3": 18.7,
        "totalOver": 37,
        "totalOverLast5": 0,
        "totalOverLast15": 13,
        "lastTotalOver": 29,
        "last5": "0,0,0,0,0,0,0,2,0,0",
        "overOdds": "+140",
        "underOdds": "-175",
        "overUnder": "+140 / -175"
    },
    {
        "player": "Nico Hischier",
        "team": "NJ",
        "opponent": "CAR",
        "propType": "ast",
        "line": 0.5,
        "ppLine": "PP1",
        "avg": 0.61,
        "hit": false,
        "diffAvg": 0.22,
        "diffAbs": 0.0,
        "lastAvg": 0.56,
        "diff": 0.12,
        "avgMin": 19,
        "proj": 0.5,
        "lastAvgMin": 19.33,
        "oppOver": 0,
        "teamOver": 0,
        "gameLine": "-150",
        "+/-": "+31",
        "L5_+/-": -1.0,
        "prevMatchup": "2023-05-07 1.0 ast 2023-05-03 0.0 ast 2023-03-12 0.0 ast 2023-01-10 1.0 ast 2023-01-01 0.0 ast 2022-12-20 0.0 ast",
        "winLossSplits": "68% - 18%",
        "awayHome": "H",
        "playedYesterday": "N",
        "awayHomeSplits": "48% - 52%",
        "savesAboveExp": -0.44,
        "gsaa": -0.71,
        "corsi": "53.7% (63.4) // 55.1% (64.9) // 53.7% (63.4) // 53.7% (63.4)",
        "fenwick": "53.9% (46.9) // 55.2% (48.2) // 53.9% (46.9) // 53.9% (46.9)",
        "shots": "54.9% (33.9) // 54.4% (33.3) // 54.9% (33.9) // 54.9% (33.9)",
        "scoring": "56.3% (35.0) // 60.7% (39.4) // 56.3% (35.0) // 56.3% (35.0)",
        "corsiAgainst": "46.3% (54.8) // 44.9% (52.8) // 46.3% (54.8) // 46.3% (54.8)",
        "fenwickAgainst": "46.1% (40.1) // 44.8% (39.2) // 46.1% (40.1) // 46.1% (40.1)",
        "shotsAgainst": "45.1% (27.8) // 45.6% (28.0) // 45.1% (27.8) // 45.1% (27.8)",
        "scoringAgainst": "43.7% (27.1) // 39.3% (25.5) // 43.7% (27.1) // 43.7% (27.1)",
        "oppCorsi": "59.9% (67.4) // 61.2% (68.8) // 59.9% (67.4) // 59.9% (67.4)",
        "oppFenwick": "59.1% (50.8) // 60.1% (51.8) // 59.1% (50.8) // 59.1% (50.8)",
        "oppShots": "57.2% (34.3) // 58.4% (34.4) // 57.2% (34.3) // 57.2% (34.3)",
        "oppScoring": "58.9% (33.3) // 62.3% (33.3) // 58.9% (33.3) // 58.9% (33.3)",
        "oppCorsiAgainst": "40.1% (45.2) // 38.8% (43.6) // 40.1% (45.2) // 40.1% (45.2)",
        "oppFenwickAgainst": "40.9% (35.1) // 39.9% (34.4) // 40.9% (35.1) // 40.9% (35.1)",
        "oppShotsAgainst": "42.8% (25.6) // 41.6% (24.5) // 42.8% (25.6) // 42.8% (25.6)",
        "oppScoringAgainst": "41.1% (23.3) // 37.7% (20.2) // 41.1% (23.3) // 41.1% (23.3)",
        "savesPerGame": 25.5,
        "savesPerGameLast1": 26.0,
        "savesPerGameLast3": 24.7,
        "savesPerGameLast5": 25.8,
        "savesPer60": 28.5,
        "savesPer60Last1": 26.0,
        "savesPer60Last3": 24.5,
        "savesPer60Last5": 25.0,
        "shotsPerGame": 34.4,
        "shotsPerGameLast5": 28.4,
        "shotsAgainstPerGame": 28.2,
        "shotsAgainstPerGameLast5": 29.8,
        "oppSavesAgainstPer60": 34.8,
        "oppSavesAgainstPer60Last1": 26.0,
        "oppSavesAgainstPer60Last3": 24.8,
        "oppSavesAgainstPer60Last5": 30.0,
        "oppShotsAgainstPerGame": 26.0,
        "oppShotsAgainstPerGameLast5": 27.6,
        "savesProj": 34.6,
        "savesProjLast5": 27.2,
        "savesProjLast3": 26.2,
        "oppSavesAgainstProj": 29.9,
        "oppSavesAgainstProjLast5": 22.8,
        "oppSavesAgainstProjLast3": 18.8,
        "totalOver": 50,
        "totalOverLast5": 80,
        "totalOverLast15": 67,
        "lastTotalOver": 45,
        "last5": "1,0,1,1,1,1,1,0,0,1",
        "overOdds": "+100",
        "underOdds": "-130",
        "overUnder": "+100 / -130"
    },
    {
        "player": "Seth Jarvis",
        "team": "CAR",
        "opponent": "NJ",
        "propType": "ast",
        "line": 0.5,
        "ppLine": "PP1",
        "avg": 0.31,
        "hit": false,
        "diffAvg": -0.38,
        "diffAbs": 0.4,
        "lastAvg": 0.28,
        "diff": -0.44,
        "avgMin": 16,
        "proj": 0.3,
        "lastAvgMin": 13.87,
        "oppOver": 0,
        "teamOver": 0,
        "gameLine": "+130",
        "+/-": "+15",
        "L5_+/-": "+7.0",
        "prevMatchup": "2023-05-07 1.0 ast 2023-05-03 0.0 ast 2023-03-12 0.0 ast 2023-01-10 0.0 ast 2023-01-01 0.0 ast 2022-12-20 1.0 ast",
        "winLossSplits": "30% - 21%",
        "awayHome": "A",
        "playedYesterday": "N",
        "awayHomeSplits": "33% - 20%",
        "savesAboveExp": 0.109,
        "gsaa": 8.64,
        "corsi": "59.9% (67.4) // 61.2% (68.8) // 59.9% (67.4) // 59.9% (67.4)",
        "fenwick": "59.1% (50.8) // 60.1% (51.8) // 59.1% (50.8) // 59.1% (50.8)",
        "shots": "57.2% (34.3) // 58.4% (34.4) // 57.2% (34.3) // 57.2% (34.3)",
        "scoring": "58.9% (33.3) // 62.3% (33.3) // 58.9% (33.3) // 58.9% (33.3)",
        "corsiAgainst": "40.1% (45.2) // 38.8% (43.6) // 40.1% (45.2) // 40.1% (45.2)",
        "fenwickAgainst": "40.9% (35.1) // 39.9% (34.4) // 40.9% (35.1) // 40.9% (35.1)",
        "shotsAgainst": "42.8% (25.6) // 41.6% (24.5) // 42.8% (25.6) // 42.8% (25.6)",
        "scoringAgainst": "41.1% (23.3) // 37.7% (20.2) // 41.1% (23.3) // 41.1% (23.3)",
        "oppCorsi": "53.7% (63.4) // 55.1% (64.9) // 53.7% (63.4) // 53.7% (63.4)",
        "oppFenwick": "53.9% (46.9) // 55.2% (48.2) // 53.9% (46.9) // 53.9% (46.9)",
        "oppShots": "54.9% (33.9) // 54.4% (33.3) // 54.9% (33.9) // 54.9% (33.9)",
        "oppScoring": "56.3% (35.0) // 60.7% (39.4) // 56.3% (35.0) // 56.3% (35.0)",
        "oppCorsiAgainst": "46.3% (54.8) // 44.9% (52.8) // 46.3% (54.8) // 46.3% (54.8)",
        "oppFenwickAgainst": "46.1% (40.1) // 44.8% (39.2) // 46.1% (40.1) // 46.1% (40.1)",
        "oppShotsAgainst": "45.1% (27.8) // 45.6% (28.0) // 45.1% (27.8) // 45.1% (27.8)",
        "oppScoringAgainst": "43.7% (27.1) // 39.3% (25.5) // 43.7% (27.1) // 43.7% (27.1)",
        "savesPerGame": 23.4,
        "savesPerGameLast1": 26.0,
        "savesPerGameLast3": 24.0,
        "savesPerGameLast5": 24.8,
        "savesPer60": 25.9,
        "savesPer60Last1": 26.0,
        "savesPer60Last3": 24.8,
        "savesPer60Last5": 25.0,
        "shotsPerGame": 34.8,
        "shotsPerGameLast5": 33.2,
        "shotsAgainstPerGame": 26.0,
        "shotsAgainstPerGameLast5": 27.6,
        "oppSavesAgainstPer60": 34.4,
        "oppSavesAgainstPer60Last1": 26.0,
        "oppSavesAgainstPer60Last3": 23.8,
        "oppSavesAgainstPer60Last5": 24.9,
        "oppShotsAgainstPerGame": 28.2,
        "oppShotsAgainstPerGameLast5": 29.8,
        "savesProj": 27.6,
        "savesProjLast5": 23.9,
        "savesProjLast3": 18.3,
        "oppSavesAgainstProj": 27.6,
        "oppSavesAgainstProjLast5": 19.4,
        "oppSavesAgainstProjLast3": 18.7,
        "totalOver": 27,
        "totalOverLast5": 40,
        "totalOverLast15": 40,
        "lastTotalOver": 33,
        "last5": "1,0,0,1,0,0,1,0,2,0",
        "overOdds": "+190",
