[
    {
        "player": "Anders Lee",
        "team": "NYI",
        "opponent": "MTL",
        "propType": "sog",
        "line": 2.5,
        "ppLine": "PP1",
        "avg": 2.6,
        "hit": false,
        "diffAvg": 0.04,
        "diffAbs": 0.16,
        "lastAvg": 2.09,
        "diff": -0.16,
        "avgMin": 17,
        "proj": 2.1,
        "lastAvgMin": 16.62,
        "oppOver": 0,
        "teamOver": 0,
        "gameLine": "-365",
        "+/-": -3,
        "L5_+/-": -3.0,
        "prevMatchup": "2023-02-11 1.0 sog 2023-01-14 2.0 sog",
        "winLossSplits": "59% - 40%",
        "awayHome": "H",
        "playedYesterday": "N",
        "awayHomeSplits": "51% - 48%",
        "savesAboveExp": 0.061,
        "gsaa": -0.78,
        "corsi": "49.5% (58.5) // 52.5% (63.0) // 55.3% (69.5) // 59.4% (77.0)",
        "fenwick": "49.3% (42.6) // 51.8% (45.2) // 53.2% (48.0) // 57.0% (52.7)",
        "shots": "49.6% (30.4) // 52.0% (31.8) // 51.4% (31.3) // 55.4% (34.3)",
        "scoring": "49.8% (30.3) // 50.4% (29.9) // 55.2% (33.0) // 62.4% (39.3)",
        "corsiAgainst": "50.5% (59.7) // 47.5% (57.1) // 44.7% (56.2) // 40.6% (52.7)",
        "fenwickAgainst": "50.7% (43.8) // 48.2% (42.1) // 46.8% (42.2) // 43.0% (39.7)",
        "shotsAgainst": "50.4% (30.8) // 48.0% (29.3) // 48.6% (29.5) // 44.6% (27.7)",
        "scoringAgainst": "50.2% (30.5) // 49.6% (29.4) // 44.8% (26.8) // 37.6% (23.7)",
        "oppCorsi": "44.7% (50.7) // 46.9% (49.8) // 45.1% (47.3) // 45.5% (53.0)",
        "oppFenwick": "44.6% (36.9) // 46.7% (36.6) // 44.0% (34.3) // 42.0% (36.5)",
        "oppShots": "44.7% (27.0) // 46.0% (26.2) // 45.3% (25.7) // 42.4% (26.5)",
        "oppScoring": "42.6% (24.8) // 43.5% (22.2) // 38.2% (19.3) // 39.1% (22.5)",
        "oppCorsiAgainst": "55.3% (62.7) // 53.1% (56.4) // 54.9% (57.7) // 54.5% (63.5)",
        "oppFenwickAgainst": "55.4% (45.8) // 53.3% (41.8) // 56.0% (43.7) // 58.0% (50.5)",
        "oppShotsAgainst": "55.3% (33.3) // 54.0% (30.7) // 54.7% (31.0) // 57.6% (36.0)",
        "oppScoringAgainst": "57.4% (33.5) // 56.5% (28.9) // 61.8% (31.3) // 60.9% (35.0)",
        "savesPerGame": 28.5,
        "savesPerGameLast1": 20.0,
        "savesPerGameLast3": 25.7,
        "savesPerGameLast5": 27.4,
        "savesPer60": 28.5,
        "savesPer60Last1": 19.0,
        "savesPer60Last3": 25.2,
        "savesPer60Last5": 27.0,
        "shotsPerGame": 30.7,
        "shotsPerGameLast5": 32.6,
        "shotsAgainstPerGame": 31.2,
        "shotsAgainstPerGameLast5": 30.0,
        "oppSavesAgainstPer60": 24.3,
        "oppSavesAgainstPer60Last1": 20.0,
        "oppSavesAgainstPer60Last3": 23.4,
        "oppSavesAgainstPer60Last5": 20.4,
        "oppShotsAgainstPerGame": 33.7,
        "oppShotsAgainstPerGameLast5": 34.6,
        "savesProj": 23.5,
        "savesProjLast5": 18.5,
        "savesProjLast3": 19.8,
        "oppSavesAgainstProj": 24.4,
        "oppSavesAgainstProjLast5": 19.4,
        "oppSavesAgainstProjLast3": 21.7,
        "totalOver": 49,
        "totalOverLast5": 60,
        "totalOverLast15": 33,
        "lastTotalOver": 33,
        "last5": "4,4,4,0,2,2,1,1,2,5",
        "overOdds": "-110",
        "underOdds": "-120",
        "overUnder": "-110 / -120"
    },
    {
        "player": "Bo Horvat",
        "team": "NYI",
        "opponent": "MTL",
        "propType": "sog",
        "line": 2.5,
        "ppLine": "PP1",
        "avg": 2.83,
        "hit": false,
        "diffAvg": 0.13,
        "diffAbs": 1.0,
        "lastAvg": 0,
        "diff": 0,
        "avgMin": 20,
        "proj": 0.0,
        "lastAvgMin": 0,
        "oppOver": 0,
        "teamOver": 0,
        "gameLine": "-365",
        "+/-": -2,
        "L5_+/-": 0.0,
        "prevMatchup": "2023-02-11 5.0 sog",
        "winLossSplits": "56% - 54%",
        "awayHome": "H",
        "playedYesterday": "N",
        "awayHomeSplits": "60% - 50%",
        "savesAboveExp": 0.061,
        "gsaa": -0.78,
        "corsi": "49.5% (58.5) // 52.5% (63.0) // 55.3% (69.5) // 59.4% (77.0)",
        "fenwick": "49.3% (42.6) // 51.8% (45.2) // 53.2% (48.0) // 57.0% (52.7)",
        "shots": "49.6% (30.4) // 52.0% (31.8) // 51.4% (31.3) // 55.4% (34.3)",
        "scoring": "49.8% (30.3) // 50.4% (29.9) // 55.2% (33.0) // 62.4% (39.3)",
        "corsiAgainst": "50.5% (59.7) // 47.5% (57.1) // 44.7% (56.2) // 40.6% (52.7)",
        "fenwickAgainst": "50.7% (43.8) // 48.2% (42.1) // 46.8% (42.2) // 43.0% (39.7)",
        "shotsAgainst": "50.4% (30.8) // 48.0% (29.3) // 48.6% (29.5) // 44.6% (27.7)",
        "scoringAgainst": "50.2% (30.5) // 49.6% (29.4) // 44.8% (26.8) // 37.6% (23.7)",
        "oppCorsi": "44.7% (50.7) // 46.9% (49.8) // 45.1% (47.3) // 45.5% (53.0)",
        "oppFenwick": "44.6% (36.9) // 46.7% (36.6) // 44.0% (34.3) // 42.0% (36.5)",
        "oppShots": "44.7% (27.0) // 46.0% (26.2) // 45.3% (25.7) // 42.4% (26.5)",
        "oppScoring": "42.6% (24.8) // 43.5% (22.2) // 38.2% (19.3) // 39.1% (22.5)",
        "oppCorsiAgainst": "55.3% (62.7) // 53.1% (56.4) // 54.9% (57.7) // 54.5% (63.5)",
        "oppFenwickAgainst": "55.4% (45.8) // 53.3% (41.8) // 56.0% (43.7) // 58.0% (50.5)",
        "oppShotsAgainst": "55.3% (33.3) // 54.0% (30.7) // 54.7% (31.0) // 57.6% (36.0)",
        "oppScoringAgainst": "57.4% (33.5) // 56.5% (28.9) // 61.8% (31.3) // 60.9% (35.0)",
        "savesPerGame": 28.5,
        "savesPerGameLast1": 20.0,
        "savesPerGameLast3": 25.7,
        "savesPerGameLast5": 27.4,
        "savesPer60": 28.5,
        "savesPer60Last1": 19.0,
        "savesPer60Last3": 25.2,
        "savesPer60Last5": 27.0,
        "shotsPerGame": 30.7,
        "shotsPerGameLast5": 32.6,
        "shotsAgainstPerGame": 31.2,
        "shotsAgainstPerGameLast5": 30.0,
        "oppSavesAgainstPer60": 24.3,
        "oppSavesAgainstPer60Last1": 20.0,
        "oppSavesAgainstPer60Last3": 23.4,
        "oppSavesAgainstPer60Last5": 20.4,
        "oppShotsAgainstPerGame": 33.7,
        "oppShotsAgainstPerGameLast5": 34.6,
        "savesProj": 23.5,
        "savesProjLast5": 18.5,
        "savesProjLast3": 19.8,
        "oppSavesAgainstProj": 24.4,
        "oppSavesAgainstProjLast5": 19.4,
        "oppSavesAgainstProjLast3": 21.7,
        "totalOver": 55,
        "totalOverLast5": 40,
        "totalOverLast15": 53,
        "lastTotalOver": 0,
        "last5": "5,0,3,2,1,2,2,5,3,3",
        "overOdds": "-130",
        "underOdds": "+100",
        "overUnder": "-130 / +100"
    },
    {
        "player": "Brendan Gallagher",
        "team": "MTL",
        "opponent": "NYI",
        "propType": "sog",
        "line": 2.5,
        "ppLine": "PP2",
        "avg": 2.35,
        "hit": false,
        "diffAvg": -0.06,
        "diffAbs": 0.04,
        "lastAvg": 2.54,
        "diff": 0.02,
        "avgMin": 14,
        "proj": 2.4,
        "lastAvgMin": 15.02,
        "oppOver": 0,
        "teamOver": 0,
        "gameLine": "+300",
        "+/-": -4,
        "L5_+/-": "+1.0",
        "prevMatchup": "",
        "winLossSplits": "47% - 37%",
        "awayHome": "A",
        "playedYesterday": "N",
        "awayHomeSplits": "62% - 22%",
        "savesAboveExp": 0.704,
        "gsaa": 35.88,
        "corsi": "44.7% (50.7) // 46.9% (49.8) // 45.1% (47.3) // 45.5% (53.0)",
        "fenwick": "44.6% (36.9) // 46.7% (36.6) // 44.0% (34.3) // 42.0% (36.5)",
        "shots": "44.7% (27.0) // 46.0% (26.2) // 45.3% (25.7) // 42.4% (26.5)",
        "scoring": "42.6% (24.8) // 43.5% (22.2) // 38.2% (19.3) // 39.1% (22.5)",
        "corsiAgainst": "55.3% (62.7) // 53.1% (56.4) // 54.9% (57.7) // 54.5% (63.5)",
        "fenwickAgainst": "55.4% (45.8) // 53.3% (41.8) // 56.0% (43.7) // 58.0% (50.5)",
        "shotsAgainst": "55.3% (33.3) // 54.0% (30.7) // 54.7% (31.0) // 57.6% (36.0)",
        "scoringAgainst": "57.4% (33.5) // 56.5% (28.9) // 61.8% (31.3) // 60.9% (35.0)",
        "oppCorsi": "49.5% (58.5) // 52.5% (63.0) // 55.3% (69.5) // 59.4% (77.0)",
        "oppFenwick": "49.3% (42.6) // 51.8% (45.2) // 53.2% (48.0) // 57.0% (52.7)",
        "oppShots": "49.6% (30.4) // 52.0% (31.8) // 51.4% (31.3) // 55.4% (34.3)",
        "oppScoring": "49.8% (30.3) // 50.4% (29.9) // 55.2% (33.0) // 62.4% (39.3)",
        "oppCorsiAgainst": "50.5% (59.7) // 47.5% (57.1) // 44.7% (56.2) // 40.6% (52.7)",
        "oppFenwickAgainst": "50.7% (43.8) // 48.2% (42.1) // 46.8% (42.2) // 43.0% (39.7)",
        "oppShotsAgainst": "50.4% (30.8) // 48.0% (29.3) // 48.6% (29.5) // 44.6% (27.7)",
        "oppScoringAgainst": "50.2% (30.5) // 49.6% (29.4) // 44.8% (26.8) // 37.6% (23.7)",
        "savesPerGame": 30.0,
        "savesPerGameLast1": 39.0,
        "savesPerGameLast3": 26.3,
        "savesPerGameLast5": 30.2,
        "savesPer60": 29.7,
        "savesPer60Last1": 38.9,
        "savesPer60Last3": 26.2,
        "savesPer60Last5": 30.0,
        "shotsPerGame": 27.3,
        "shotsPerGameLast5": 22.2,
        "shotsAgainstPerGame": 33.7,
        "shotsAgainstPerGameLast5": 34.6,
        "oppSavesAgainstPer60": 27.8,
        "oppSavesAgainstPer60Last1": 38.0,
        "oppSavesAgainstPer60Last3": 30.3,
        "oppSavesAgainstPer60Last5": 30.0,
        "oppShotsAgainstPerGame": 31.2,
        "oppShotsAgainstPerGameLast5": 30.0,
        "savesProj": 29.0,
        "savesProjLast5": 31.6,
        "savesProjLast3": 27.9,
        "oppSavesAgainstProj": 29.4,
        "oppSavesAgainstProjLast5": 30.5,
        "oppSavesAgainstProjLast3": 28.8,
        "totalOver": 41,
        "totalOverLast5": 40,
        "totalOverLast15": 33,
        "lastTotalOver": 50,
        "last5": "6,4,1,0,2,4,2,3,1,1",
        "overOdds": "+105",
        "underOdds": "-135",
        "overUnder": "+105 / -135"
    },
    {
        "player": "Brock Nelson",
        "team": "NYI",
        "opponent": "MTL",
        "propType": "sog",
        "line": 2.5,
        "ppLine": "PP1",
        "avg": 2.69,
        "hit": false,
        "diffAvg": 0.08,
        "diffAbs": 0.04,
        "lastAvg": 2.38,
        "diff": -0.05,
        "avgMin": 18,
        "proj": 2.4,
        "lastAvgMin": 17.67,
        "oppOver": 0,
        "teamOver": 0,
        "gameLine": "-365",
        "+/-": "+13",
        "L5_+/-": "+3.0",
        "prevMatchup": "2023-02-11 5.0 sog 2023-01-14 3.0 sog",
        "winLossSplits": "54% - 35%",
        "awayHome": "H",
        "playedYesterday": "N",
        "awayHomeSplits": "39% - 50%",
        "savesAboveExp": 0.061,
        "gsaa": -0.78,
        "corsi": "49.5% (58.5) // 52.5% (63.0) // 55.3% (69.5) // 59.4% (77.0)",
        "fenwick": "49.3% (42.6) // 51.8% (45.2) // 53.2% (48.0) // 57.0% (52.7)",
        "shots": "49.6% (30.4) // 52.0% (31.8) // 51.4% (31.3) // 55.4% (34.3)",
        "scoring": "49.8% (30.3) // 50.4% (29.9) // 55.2% (33.0) // 62.4% (39.3)",
        "corsiAgainst": "50.5% (59.7) // 47.5% (57.1) // 44.7% (56.2) // 40.6% (52.7)",
        "fenwickAgainst": "50.7% (43.8) // 48.2% (42.1) // 46.8% (42.2) // 43.0% (39.7)",
        "shotsAgainst": "50.4% (30.8) // 48.0% (29.3) // 48.6% (29.5) // 44.6% (27.7)",
        "scoringAgainst": "50.2% (30.5) // 49.6% (29.4) // 44.8% (26.8) // 37.6% (23.7)",
        "oppCorsi": "44.7% (50.7) // 46.9% (49.8) // 45.1% (47.3) // 45.5% (53.0)",
        "oppFenwick": "44.6% (36.9) // 46.7% (36.6) // 44.0% (34.3) // 42.0% (36.5)",
        "oppShots": "44.7% (27.0) // 46.0% (26.2) // 45.3% (25.7) // 42.4% (26.5)",
        "oppScoring": "42.6% (24.8) // 43.5% (22.2) // 38.2% (19.3) // 39.1% (22.5)",
        "oppCorsiAgainst": "55.3% (62.7) // 53.1% (56.4) // 54.9% (57.7) // 54.5% (63.5)",
        "oppFenwickAgainst": "55.4% (45.8) // 53.3% (41.8) // 56.0% (43.7) // 58.0% (50.5)",
        "oppShotsAgainst": "55.3% (33.3) // 54.0% (30.7) // 54.7% (31.0) // 57.6% (36.0)",
        "oppScoringAgainst": "57.4% (33.5) // 56.5% (28.9) // 61.8% (31.3) // 60.9% (35.0)",
        "savesPerGame": 28.5,
        "savesPerGameLast1": 20.0,
        "savesPerGameLast3": 25.7,
        "savesPerGameLast5": 27.4,
        "savesPer60": 28.5,
        "savesPer60Last1": 19.0,
        "savesPer60Last3": 25.2,
        "savesPer60Last5": 27.0,
        "shotsPerGame": 30.7,
        "shotsPerGameLast5": 32.6,
        "shotsAgainstPerGame": 31.2,
        "shotsAgainstPerGameLast5": 30.0,
        "oppSavesAgainstPer60": 24.3,
        "oppSavesAgainstPer60Last1": 20.0,
        "oppSavesAgainstPer60Last3": 23.4,
        "oppSavesAgainstPer60Last5": 20.4,
        "oppShotsAgainstPerGame": 33.7,
        "oppShotsAgainstPerGameLast5": 34.6,
        "savesProj": 23.5,
        "savesProjLast5": 18.5,
        "savesProjLast3": 19.8,
        "oppSavesAgainstProj": 24.4,
        "oppSavesAgainstProjLast5": 19.4,
        "oppSavesAgainstProjLast3": 21.7,
        "totalOver": 44,
        "totalOverLast5": 20,
        "totalOverLast15": 33,
        "lastTotalOver": 49,
        "last5": "1,1,4,0,1,1,2,0,6,0",
        "overOdds": "-115",
        "underOdds": "-115",
        "overUnder": "-115 / -115"
    },
    {
        "player": "Kyle Palmieri",
        "team": "NYI",
        "opponent": "MTL",
        "propType": "sog",
        "line": 2.5,
        "ppLine": "PP1",
        "avg": 2.2,
        "hit": false,
        "diffAvg": -0.12,
        "diffAbs": 0.0,
        "lastAvg": 2.26,
        "diff": -0.1,
        "avgMin": 17,
        "proj": 2.5,
        "lastAvgMin": 15.62,
        "oppOver": 0,
        "teamOver": 0,
        "gameLine": "-365",
        "+/-": "+12",
        "L5_+/-": "+2.0",
        "prevMatchup": "2023-02-11 0.0 sog",
        "winLossSplits": "40% - 38%",
        "awayHome": "H",
        "playedYesterday": "N",
        "awayHomeSplits": "31% - 48%",
        "savesAboveExp": 0.061,
        "gsaa": -0.78,
        "corsi": "49.5% (58.5) // 52.5% (63.0) // 55.3% (69.5) // 59.4% (77.0)",
        "fenwick": "49.3% (42.6) // 51.8% (45.2) // 53.2% (48.0) // 57.0% (52.7)",
        "shots": "49.6% (30.4) // 52.0% (31.8) // 51.4% (31.3) // 55.4% (34.3)",
        "scoring": "49.8% (30.3) // 50.4% (29.9) // 55.2% (33.0) // 62.4% (39.3)",
        "corsiAgainst": "50.5% (59.7) // 47.5% (57.1) // 44.7% (56.2) // 40.6% (52.7)",
        "fenwickAgainst": "50.7% (43.8) // 48.2% (42.1) // 46.8% (42.2) // 43.0% (39.7)",
        "shotsAgainst": "50.4% (30.8) // 48.0% (29.3) // 48.6% (29.5) // 44.6% (27.7)",
        "scoringAgainst": "50.2% (30.5) // 49.6% (29.4) // 44.8% (26.8) // 37.6% (23.7)",
        "oppCorsi": "44.7% (50.7) // 46.9% (49.8) // 45.1% (47.3) // 45.5% (53.0)",
        "oppFenwick": "44.6% (36.9) // 46.7% (36.6) // 44.0% (34.3) // 42.0% (36.5)",
        "oppShots": "44.7% (27.0) // 46.0% (26.2) // 45.3% (25.7) // 42.4% (26.5)",
        "oppScoring": "42.6% (24.8) // 43.5% (22.2) // 38.2% (19.3) // 39.1% (22.5)",
        "oppCorsiAgainst": "55.3% (62.7) // 53.1% (56.4) // 54.9% (57.7) // 54.5% (63.5)",
        "oppFenwickAgainst": "55.4% (45.8) // 53.3% (41.8) // 56.0% (43.7) // 58.0% (50.5)",
        "oppShotsAgainst": "55.3% (33.3) // 54.0% (30.7) // 54.7% (31.0) // 57.6% (36.0)",
        "oppScoringAgainst": "57.4% (33.5) // 56.5% (28.9) // 61.8% (31.3) // 60.9% (35.0)",
        "savesPerGame": 28.5,
        "savesPerGameLast1": 20.0,
        "savesPerGameLast3": 25.7,
        "savesPerGameLast5": 27.4,
        "savesPer60": 28.5,
        "savesPer60Last1": 19.0,
        "savesPer60Last3": 25.2,
        "savesPer60Last5": 27.0,
        "shotsPerGame": 30.7,
        "shotsPerGameLast5": 32.6,
        "shotsAgainstPerGame": 31.2,
        "shotsAgainstPerGameLast5": 30.0,
        "oppSavesAgainstPer60": 24.3,
        "oppSavesAgainstPer60Last1": 20.0,
        "oppSavesAgainstPer60Last3": 23.4,
        "oppSavesAgainstPer60Last5": 20.4,
        "oppShotsAgainstPerGame": 33.7,
        "oppShotsAgainstPerGameLast5": 34.6,
        "savesProj": 23.5,
        "savesProjLast5": 18.5,
        "savesProjLast3": 19.8,
        "oppSavesAgainstProj": 24.4,
        "oppSavesAgainstProjLast5": 19.4,
        "oppSavesAgainstProjLast3": 21.7,
        "totalOver": 39,
        "totalOverLast5": 60,
        "totalOverLast15": 33,
        "lastTotalOver": 51,
        "last5": "3,2,3,2,4,0,7,4,1,0",
        "overOdds": "+100",
        "underOdds": "-130",
        "overUnder": "+100 / -130"
    },
    {
        "player": "Mike Hoffman",
        "team": "MTL",
        "opponent": "NYI",
        "propType": "sog",
        "line": 2.5,
        "ppLine": "PP1",
        "avg": 2.22,
        "hit": false,
        "diffAvg": -0.11,
        "diffAbs": 0.2,
        "lastAvg": 2.3,
        "diff": -0.08,
        "avgMin": 15,
        "proj": 2.0,
        "lastAvgMin": 17.03,
        "oppOver": 0,
        "teamOver": 0,
        "gameLine": "+300",
        "+/-": -7,
        "L5_+/-": -1.0,
        "prevMatchup": "2023-02-11 3.0 sog",
        "winLossSplits": "44% - 38%",
        "awayHome": "A",
        "playedYesterday": "N",
        "awayHomeSplits": "40% - 40%",
        "savesAboveExp": 0.704,
        "gsaa": 35.88,
        "corsi": "44.7% (50.7) // 46.9% (49.8) // 45.1% (47.3) // 45.5% (53.0)",
        "fenwick": "44.6% (36.9) // 46.7% (36.6) // 44.0% (34.3) // 42.0% (36.5)",
        "shots": "44.7% (27.0) // 46.0% (26.2) // 45.3% (25.7) // 42.4% (26.5)",
        "scoring": "42.6% (24.8) // 43.5% (22.2) // 38.2% (19.3) // 39.1% (22.5)",
        "corsiAgainst": "55.3% (62.7) // 53.1% (56.4) // 54.9% (57.7) // 54.5% (63.5)",
        "fenwickAgainst": "55.4% (45.8) // 53.3% (41.8) // 56.0% (43.7) // 58.0% (50.5)",
        "shotsAgainst": "55.3% (33.3) // 54.0% (30.7) // 54.7% (31.0) // 57.6% (36.0)",
        "scoringAgainst": "57.4% (33.5) // 56.5% (28.9) // 61.8% (31.3) // 60.9% (35.0)",
        "oppCorsi": "49.5% (58.5) // 52.5% (63.0) // 55.3% (69.5) // 59.4% (77.0)",
        "oppFenwick": "49.3% (42.6) // 51.8% (45.2) // 53.2% (48.0) // 57.0% (52.7)",
        "oppShots": "49.6% (30.4) // 52.0% (31.8) // 51.4% (31.3) // 55.4% (34.3)",
        "oppScoring": "49.8% (30.3) // 50.4% (29.9) // 55.2% (33.0) // 62.4% (39.3)",
        "oppCorsiAgainst": "50.5% (59.7) // 47.5% (57.1) // 44.7% (56.2) // 40.6% (52.7)",
        "oppFenwickAgainst": "50.7% (43.8) // 48.2% (42.1) // 46.8% (42.2) // 43.0% (39.7)",
        "oppShotsAgainst": "50.4% (30.8) // 48.0% (29.3) // 48.6% (29.5) // 44.6% (27.7)",
        "oppScoringAgainst": "50.2% (30.5) // 49.6% (29.4) // 44.8% (26.8) // 37.6% (23.7)",
        "savesPerGame": 30.0,
        "savesPerGameLast1": 39.0,
        "savesPerGameLast3": 26.3,
        "savesPerGameLast5": 30.2,
        "savesPer60": 29.7,
        "savesPer60Last1": 38.9,
        "savesPer60Last3": 26.2,
        "savesPer60Last5": 30.0,
        "shotsPerGame": 27.3,
        "shotsPerGameLast5": 22.2,
        "shotsAgainstPerGame": 33.7,
        "shotsAgainstPerGameLast5": 34.6,
        "oppSavesAgainstPer60": 27.8,
        "oppSavesAgainstPer60Last1": 38.0,
        "oppSavesAgainstPer60Last3": 30.3,
        "oppSavesAgainstPer60Last5": 30.0,
        "oppShotsAgainstPerGame": 31.2,
        "oppShotsAgainstPerGameLast5": 30.0,
        "savesProj": 29.0,
        "savesProjLast5": 31.6,
        "savesProjLast3": 27.9,
        "oppSavesAgainstProj": 29.4,
        "oppSavesAgainstProjLast5": 30.5,
        "oppSavesAgainstProjLast3": 28.8,
        "totalOver": 40,
        "totalOverLast5": 20,
        "totalOverLast15": 27,
        "lastTotalOver": 29,
        "last5": "0,3,2,0,0,4,2,1,1,6",
        "overOdds": "+145",
        "underOdds": "-180",
        "overUnder": "+145 / -180"
    },
    {
        "player": "Mike Matheson",
        "team": "MTL",
        "opponent": "NYI",
        "propType": "sog",
        "line": 2.5,
        "ppLine": "PP1",
        "avg": 2.67,
        "hit": false,
        "diffAvg": 0.07,
        "diffAbs": 0.12,
        "lastAvg": 1.73,
        "diff": -0.31,
        "avgMin": 24,
        "proj": 2.2,
        "lastAvgMin": 18.78,
        "oppOver": 0,
        "teamOver": 0,
        "gameLine": "+300",
        "+/-": "+7",
        "L5_+/-": "+4.0",
        "prevMatchup": "2023-02-11 5.0 sog",
        "winLossSplits": "56% - 52%",
        "awayHome": "A",
        "playedYesterday": "N",
        "awayHomeSplits": "57% - 50%",
        "savesAboveExp": 0.704,
        "gsaa": 35.88,
        "corsi": "44.7% (50.7) // 46.9% (49.8) // 45.1% (47.3) // 45.5% (53.0)",
        "fenwick": "44.6% (36.9) // 46.7% (36.6) // 44.0% (34.3) // 42.0% (36.5)",
        "shots": "44.7% (27.0) // 46.0% (26.2) // 45.3% (25.7) // 42.4% (26.5)",
        "scoring": "42.6% (24.8) // 43.5% (22.2) // 38.2% (19.3) // 39.1% (22.5)",
        "corsiAgainst": "55.3% (62.7) // 53.1% (56.4) // 54.9% (57.7) // 54.5% (63.5)",
        "fenwickAgainst": "55.4% (45.8) // 53.3% (41.8) // 56.0% (43.7) // 58.0% (50.5)",
        "shotsAgainst": "55.3% (33.3) // 54.0% (30.7) // 54.7% (31.0) // 57.6% (36.0)",
        "scoringAgainst": "57.4% (33.5) // 56.5% (28.9) // 61.8% (31.3) // 60.9% (35.0)",
        "oppCorsi": "49.5% (58.5) // 52.5% (63.0) // 55.3% (69.5) // 59.4% (77.0)",
        "oppFenwick": "49.3% (42.6) // 51.8% (45.2) // 53.2% (48.0) // 57.0% (52.7)",
        "oppShots": "49.6% (30.4) // 52.0% (31.8) // 51.4% (31.3) // 55.4% (34.3)",
        "oppScoring": "49.8% (30.3) // 50.4% (29.9) // 55.2% (33.0) // 62.4% (39.3)",
        "oppCorsiAgainst": "50.5% (59.7) // 47.5% (57.1) // 44.7% (56.2) // 40.6% (52.7)",
        "oppFenwickAgainst": "50.7% (43.8) // 48.2% (42.1) // 46.8% (42.2) // 43.0% (39.7)",
        "oppShotsAgainst": "50.4% (30.8) // 48.0% (29.3) // 48.6% (29.5) // 44.6% (27.7)",
        "oppScoringAgainst": "50.2% (30.5) // 49.6% (29.4) // 44.8% (26.8) // 37.6% (23.7)",
        "savesPerGame": 30.0,
        "savesPerGameLast1": 39.0,
        "savesPerGameLast3": 26.3,
        "savesPerGameLast5": 30.2,
        "savesPer60": 29.7,
        "savesPer60Last1": 38.9,
        "savesPer60Last3": 26.2,
        "savesPer60Last5": 30.0,
        "shotsPerGame": 27.3,
        "shotsPerGameLast5": 22.2,
        "shotsAgainstPerGame": 33.7,
        "shotsAgainstPerGameLast5": 34.6,
        "oppSavesAgainstPer60": 27.8,
        "oppSavesAgainstPer60Last1": 38.0,
        "oppSavesAgainstPer60Last3": 30.3,
        "oppSavesAgainstPer60Last5": 30.0,
        "oppShotsAgainstPerGame": 31.2,
        "oppShotsAgainstPerGameLast5": 30.0,
        "savesProj": 29.0,
        "savesProjLast5": 31.6,
        "savesProjLast3": 27.9,
        "oppSavesAgainstProj": 29.4,
        "oppSavesAgainstProjLast5": 30.5,
        "oppSavesAgainstProjLast3": 28.8,
        "totalOver": 53,
        "totalOverLast5": 60,
        "totalOverLast15": 60,
        "lastTotalOver": 44,
        "last5": "2,5,3,2,3,5,3,5,5,2",
        "overOdds": "+105",
        "underOdds": "-135",
        "overUnder": "+105 / -135"
    },
    {
        "player": "Nick Suzuki",
        "team": "MTL",
        "opponent": "NYI",
        "propType": "sog",
        "line": 1.5,
        "ppLine": "PP1",
        "avg": 1.95,
        "hit": false,
        "diffAvg": 0.3,
        "diffAbs": 0.53,
        "lastAvg": 2.24,
        "diff": 0.49,
        "avgMin": 21,
        "proj": 2.3,
        "lastAvgMin": 20.5,
        "oppOver": 0,
        "teamOver": 0,
        "gameLine": "+300",
        "+/-": -9,
        "L5_+/-": "+4.0",
        "prevMatchup": "2023-02-11 3.0 sog 2023-01-14 3.0 sog",
        "winLossSplits": "61% - 56%",
        "awayHome": "A",
        "playedYesterday": "N",
        "awayHomeSplits": "54% - 62%",
        "savesAboveExp": 0.704,
        "gsaa": 35.88,
        "corsi": "44.7% (50.7) // 46.9% (49.8) // 45.1% (47.3) // 45.5% (53.0)",
        "fenwick": "44.6% (36.9) // 46.7% (36.6) // 44.0% (34.3) // 42.0% (36.5)",
        "shots": "44.7% (27.0) // 46.0% (26.2) // 45.3% (25.7) // 42.4% (26.5)",
        "scoring": "42.6% (24.8) // 43.5% (22.2) // 38.2% (19.3) // 39.1% (22.5)",
        "corsiAgainst": "55.3% (62.7) // 53.1% (56.4) // 54.9% (57.7) // 54.5% (63.5)",
        "fenwickAgainst": "55.4% (45.8) // 53.3% (41.8) // 56.0% (43.7) // 58.0% (50.5)",
        "shotsAgainst": "55.3% (33.3) // 54.0% (30.7) // 54.7% (31.0) // 57.6% (36.0)",
        "scoringAgainst": "57.4% (33.5) // 56.5% (28.9) // 61.8% (31.3) // 60.9% (35.0)",
        "oppCorsi": "49.5% (58.5) // 52.5% (63.0) // 55.3% (69.5) // 59.4% (77.0)",
        "oppFenwick": "49.3% (42.6) // 51.8% (45.2) // 53.2% (48.0) // 57.0% (52.7)",
        "oppShots": "49.6% (30.4) // 52.0% (31.8) // 51.4% (31.3) // 55.4% (34.3)",
        "oppScoring": "49.8% (30.3) // 50.4% (29.9) // 55.2% (33.0) // 62.4% (39.3)",
        "oppCorsiAgainst": "50.5% (59.7) // 47.5% (57.1) // 44.7% (56.2) // 40.6% (52.7)",
        "oppFenwickAgainst": "50.7% (43.8) // 48.2% (42.1) // 46.8% (42.2) // 43.0% (39.7)",
        "oppShotsAgainst": "50.4% (30.8) // 48.0% (29.3) // 48.6% (29.5) // 44.6% (27.7)",
        "oppScoringAgainst": "50.2% (30.5) // 49.6% (29.4) // 44.8% (26.8) // 37.6% (23.7)",
        "savesPerGame": 30.0,
        "savesPerGameLast1": 39.0,
        "savesPerGameLast3": 26.3,
        "savesPerGameLast5": 30.2,
        "savesPer60": 29.7,
        "savesPer60Last1": 38.9,
        "savesPer60Last3": 26.2,
        "savesPer60Last5": 30.0,
        "shotsPerGame": 27.3,
        "shotsPerGameLast5": 22.2,
        "shotsAgainstPerGame": 33.7,
        "shotsAgainstPerGameLast5": 34.6,
        "oppSavesAgainstPer60": 27.8,
        "oppSavesAgainstPer60Last1": 38.0,
        "oppSavesAgainstPer60Last3": 30.3,
        "oppSavesAgainstPer60Last5": 30.0,
        "oppShotsAgainstPerGame": 31.2,
        "oppShotsAgainstPerGameLast5": 30.0,
        "savesProj": 29.0,
        "savesProjLast5": 31.6,
        "savesProjLast3": 27.9,
        "oppSavesAgainstProj": 29.4,
        "oppSavesAgainstProjLast5": 30.5,
        "oppSavesAgainstProjLast3": 28.8,
        "totalOver": 58,
        "totalOverLast5": 80,
        "totalOverLast15": 53,
        "lastTotalOver": 62,
        "last5": "2,3,3,2,0,2,3,4,1,1",
        "overOdds": "-165",
        "underOdds": "+135",
        "overUnder": "-165 / +135"
    },
    {
        "player": "Noah Dobson",
        "team": "NYI",
        "opponent": "MTL",
        "propType": "sog",
        "line": 2.5,
        "ppLine": "PP1",
        "avg": 2.64,
        "hit": false,
        "diffAvg": 0.06,
        "diffAbs": 0.12,
        "lastAvg": 2.38,
        "diff": -0.05,
        "avgMin": 20,
        "proj": 2.2,
        "lastAvgMin": 21.45,
        "oppOver": 0,
        "teamOver": 0,
        "gameLine": "-365",
        "+/-": "+4",
        "L5_+/-": "+5.0",
        "prevMatchup": "2023-02-11 2.0 sog 2023-01-14 6.0 sog",
        "winLossSplits": "44% - 50%",
        "awayHome": "H",
        "playedYesterday": "N",
        "awayHomeSplits": "38% - 55%",
        "savesAboveExp": 0.061,
        "gsaa": -0.78,
        "corsi": "49.5% (58.5) // 52.5% (63.0) // 55.3% (69.5) // 59.4% (77.0)",
        "fenwick": "49.3% (42.6) // 51.8% (45.2) // 53.2% (48.0) // 57.0% (52.7)",
        "shots": "49.6% (30.4) // 52.0% (31.8) // 51.4% (31.3) // 55.4% (34.3)",
        "scoring": "49.8% (30.3) // 50.4% (29.9) // 55.2% (33.0) // 62.4% (39.3)",
        "corsiAgainst": "50.5% (59.7) // 47.5% (57.1) // 44.7% (56.2) // 40.6% (52.7)",
        "fenwickAgainst": "50.7% (43.8) // 48.2% (42.1) // 46.8% (42.2) // 43.0% (39.7)",
        "shotsAgainst": "50.4% (30.8) // 48.0% (29.3) // 48.6% (29.5) // 44.6% (27.7)",
        "scoringAgainst": "50.2% (30.5) // 49.6% (29.4) // 44.8% (26.8) // 37.6% (23.7)",
        "oppCorsi": "44.7% (50.7) // 46.9% (49.8) // 45.1% (47.3) // 45.5% (53.0)",
        "oppFenwick": "44.6% (36.9) // 46.7% (36.6) // 44.0% (34.3) // 42.0% (36.5)",
        "oppShots": "44.7% (27.0) // 46.0% (26.2) // 45.3% (25.7) // 42.4% (26.5)",
        "oppScoring": "42.6% (24.8) // 43.5% (22.2) // 38.2% (19.3) // 39.1% (22.5)",
        "oppCorsiAgainst": "55.3% (62.7) // 53.1% (56.4) // 54.9% (57.7) // 54.5% (63.5)",
        "oppFenwickAgainst": "55.4% (45.8) // 53.3% (41.8) // 56.0% (43.7) // 58.0% (50.5)",
        "oppShotsAgainst": "55.3% (33.3) // 54.0% (30.7) // 54.7% (31.0) // 57.6% (36.0)",
        "oppScoringAgainst": "57.4% (33.5) // 56.5% (28.9) // 61.8% (31.3) // 60.9% (35.0)",
        "savesPerGame": 28.5,
        "savesPerGameLast1": 20.0,
        "savesPerGameLast3": 25.7,
        "savesPerGameLast5": 27.4,
        "savesPer60": 28.5,
        "savesPer60Last1": 19.0,
        "savesPer60Last3": 25.2,
        "savesPer60Last5": 27.0,
        "shotsPerGame": 30.7,
        "shotsPerGameLast5": 32.6,
        "shotsAgainstPerGame": 31.2,
        "shotsAgainstPerGameLast5": 30.0,
        "oppSavesAgainstPer60": 24.3,
        "oppSavesAgainstPer60Last1": 20.0,
        "oppSavesAgainstPer60Last3": 23.4,
        "oppSavesAgainstPer60Last5": 20.4,
        "oppShotsAgainstPerGame": 33.7,
        "oppShotsAgainstPerGameLast5": 34.6,
        "savesProj": 23.5,
        "savesProjLast5": 18.5,
        "savesProjLast3": 19.8,
        "oppSavesAgainstProj": 24.4,
        "oppSavesAgainstProjLast5": 19.4,
        "oppSavesAgainstProjLast3": 21.7,
        "totalOver": 47,
        "totalOverLast5": 40,
        "totalOverLast15": 40,
        "lastTotalOver": 37,
        "last5": "3,1,0,1,4,1,4,2,0,5",
        "overOdds": "-125",
        "underOdds": "-105",
        "overUnder": "-125 / -105"
    },
    {
        "player": "Jakub Vrana",
        "team": "STL",
        "opponent": "DAL",
        "propType": "sog",
        "line": 2.5,
        "ppLine": "PP1",
        "avg": 2.61,
        "hit": false,
        "diffAvg": 0.04,
        "diffAbs": 0.08,
        "lastAvg": 2.5,
        "diff": 0.0,
        "avgMin": 14,
        "proj": 2.3,
        "lastAvgMin": 14.93,
        "oppOver": 0,
        "teamOver": 0,
        "gameLine": "+140",
        "+/-": "+3",
        "L5_+/-": "+2.0",
        "prevMatchup": "",
        "winLossSplits": "43% - 67%",
        "awayHome": "H",
        "playedYesterday": "Y",
        "awayHomeSplits": "50% - 55%",
        "savesAboveExp": 0.39,
        "gsaa": 23.38,
        "corsi": "46.4% (51.0) // 47.4% (53.2) // 52.8% (59.0) // 50.7% (54.4)",
        "fenwick": "46.4% (38.9) // 46.7% (39.7) // 52.6% (44.1) // 52.5% (41.1)",
        "shots": "47.1% (28.4) // 48.8% (29.1) // 52.6% (32.2) // 53.5% (30.7)",
        "scoring": "46.7% (27.6) // 47.6% (27.9) // 53.4% (32.6) // 54.3% (31.2)",
        "corsiAgainst": "53.6% (59.0) // 52.6% (59.0) // 47.2% (52.6) // 49.3% (52.9)",
        "fenwickAgainst": "53.6% (44.9) // 53.3% (45.3) // 47.4% (39.7) // 47.5% (37.1)",
        "shotsAgainst": "52.9% (31.9) // 51.2% (30.5) // 47.4% (29.0) // 46.5% (26.7)",
        "scoringAgainst": "53.3% (31.5) // 52.4% (30.7) // 46.6% (28.5) // 45.7% (26.2)",
        "oppCorsi": "51.8% (59.8) // 53.0% (54.8) // 53.9% (52.7) // 54.5% (52.9)",
        "oppFenwick": "51.1% (43.6) // 52.2% (39.9) // 53.1% (37.7) // 52.8% (37.0)",
        "oppShots": "51.4% (31.4) // 52.8% (28.0) // 52.8% (25.2) // 54.2% (25.0)",
        "oppScoring": "53.2% (31.3) // 55.0% (28.4) // 58.3% (27.4) // 56.1% (25.3)",
        "oppCorsiAgainst": "48.2% (55.7) // 47.0% (48.5) // 46.1% (45.1) // 45.5% (44.1)",
        "oppFenwickAgainst": "48.9% (41.8) // 47.8% (36.6) // 46.9% (33.3) // 47.2% (33.1)",
        "oppShotsAgainst": "48.6% (29.7) // 47.2% (25.0) // 47.2% (22.5) // 45.8% (21.1)",
        "oppScoringAgainst": "46.8% (27.5) // 45.0% (23.2) // 41.7% (19.6) // 43.9% (19.8)",
        "savesPerGame": 28.6,
        "savesPerGameLast1": 25.0,
        "savesPerGameLast3": 26.3,
        "savesPerGameLast5": 27.2,
        "savesPer60": 28.6,
        "savesPer60Last1": 24.8,
        "savesPer60Last3": 26.4,
        "savesPer60Last5": 27.6,
        "shotsPerGame": 28.7,
        "shotsPerGameLast5": 30.8,
        "shotsAgainstPerGame": 32.3,
        "shotsAgainstPerGameLast5": 30.8,
        "oppSavesAgainstPer60": 28.2,
        "oppSavesAgainstPer60Last1": 17.3,
        "oppSavesAgainstPer60Last3": 22.6,
        "oppSavesAgainstPer60Last5": 22.6,
        "oppShotsAgainstPerGame": 30.1,
        "oppShotsAgainstPerGameLast5": 24.8,
        "savesProj": 29.1,
        "savesProjLast5": 22.6,
        "savesProjLast3": 21.0,
        "oppSavesAgainstProj": 28.7,
        "oppSavesAgainstProjLast5": 22.1,
        "oppSavesAgainstProjLast3": 21.6,
        "totalOver": 52,
        "totalOverLast5": 40,
        "totalOverLast15": 53,
        "lastTotalOver": 46,
        "last5": "0,2,2,3,3,3,4,3,3,2",
        "overOdds": "-115",
        "underOdds": "-130",
        "overUnder": "-115 / -130"
    },
    {
        "player": "Jamie Benn",
        "team": "DAL",
        "opponent": "STL",
        "propType": "sog",
        "line": 1.5,
        "ppLine": "PP1",
        "avg": 2.33,
        "hit": false,
        "diffAvg": 0.55,
        "diffAbs": 0.2,
        "lastAvg": 2.04,
        "diff": 0.36,
        "avgMin": 15,
        "proj": 1.8,
        "lastAvgMin": 16.73,
        "oppOver": 0,
        "teamOver": 0,
        "gameLine": "-165",
        "+/-": "+21",
        "L5_+/-": -2.0,
        "prevMatchup": "2022-11-28 1.0 sog",
        "winLossSplits": "67% - 63%",
        "awayHome": "A",
        "playedYesterday": "N",
        "awayHomeSplits": "60% - 70%",
        "savesAboveExp": -0.172,
        "gsaa": -21.7,
        "corsi": "51.8% (59.8) // 53.0% (54.8) // 53.9% (52.7) // 54.5% (52.9)",
        "fenwick": "51.1% (43.6) // 52.2% (39.9) // 53.1% (37.7) // 52.8% (37.0)",
        "shots": "51.4% (31.4) // 52.8% (28.0) // 52.8% (25.2) // 54.2% (25.0)",
        "scoring": "53.2% (31.3) // 55.0% (28.4) // 58.3% (27.4) // 56.1% (25.3)",
        "corsiAgainst": "48.2% (55.7) // 47.0% (48.5) // 46.1% (45.1) // 45.5% (44.1)",
        "fenwickAgainst": "48.9% (41.8) // 47.8% (36.6) // 46.9% (33.3) // 47.2% (33.1)",
        "shotsAgainst": "48.6% (29.7) // 47.2% (25.0) // 47.2% (22.5) // 45.8% (21.1)",
        "scoringAgainst": "46.8% (27.5) // 45.0% (23.2) // 41.7% (19.6) // 43.9% (19.8)",
        "oppCorsi": "46.4% (51.0) // 47.4% (53.2) // 52.8% (59.0) // 50.7% (54.4)",
        "oppFenwick": "46.4% (38.9) // 46.7% (39.7) // 52.6% (44.1) // 52.5% (41.1)",
        "oppShots": "47.1% (28.4) // 48.8% (29.1) // 52.6% (32.2) // 53.5% (30.7)",
        "oppScoring": "46.7% (27.6) // 47.6% (27.9) // 53.4% (32.6) // 54.3% (31.2)",
        "oppCorsiAgainst": "53.6% (59.0) // 52.6% (59.0) // 47.2% (52.6) // 49.3% (52.9)",
        "oppFenwickAgainst": "53.6% (44.9) // 53.3% (45.3) // 47.4% (39.7) // 47.5% (37.1)",
        "oppShotsAgainst": "52.9% (31.9) // 51.2% (30.5) // 47.4% (29.0) // 46.5% (26.7)",
        "oppScoringAgainst": "53.3% (31.5) // 52.4% (30.7) // 46.6% (28.5) // 45.7% (26.2)",
        "savesPerGame": 27.4,
        "savesPerGameLast1": 19.0,
        "savesPerGameLast3": 20.7,
        "savesPerGameLast5": 23.0,
        "savesPer60": 27.6,
        "savesPer60Last1": 19.0,
        "savesPer60Last3": 21.2,
        "savesPer60Last5": 23.1,
        "shotsPerGame": 31.8,
        "shotsPerGameLast5": 26.2,
        "shotsAgainstPerGame": 30.1,
        "shotsAgainstPerGameLast5": 24.8,
        "oppSavesAgainstPer60": 25.5,
        "oppSavesAgainstPer60Last1": 36.7,
        "oppSavesAgainstPer60Last3": 27.6,
        "oppSavesAgainstPer60Last5": 27.8,
        "oppShotsAgainstPerGame": 32.3,
        "oppShotsAgainstPerGameLast5": 30.8,
        "savesProj": 24.6,
        "savesProjLast5": 22.6,
        "savesProjLast3": 20.8,
        "oppSavesAgainstProj": 25.0,
        "oppSavesAgainstProjLast5": 23.3,
        "oppSavesAgainstProjLast3": 21.4,
        "totalOver": 65,
        "totalOverLast5": 60,
        "totalOverLast15": 67,
        "lastTotalOver": 60,
        "last5": "2,2,2,1,1,2,1,1,5,5",
        "overOdds": "-205",
        "underOdds": "+165",
        "overUnder": "-205 / +165"
    },
    {
        "player": "Jason Robertson",
        "team": "DAL",
        "opponent": "STL",
        "propType": "sog",
        "line": 3.5,
        "ppLine": "PP1",
        "avg": 3.83,
        "hit": false,
        "diffAvg": 0.09,
        "diffAbs": 0.23,
        "lastAvg": 2.72,
        "diff": -0.22,
        "avgMin": 18,
        "proj": 2.7,
        "lastAvgMin": 18.1,
        "oppOver": 0,
        "teamOver": 0,
        "gameLine": "-165",
        "+/-": "+36",
        "L5_+/-": "+7.0",
        "prevMatchup": "2022-11-28 1.0 sog",
        "winLossSplits": "60% - 51%",
        "awayHome": "A",
        "playedYesterday": "N",
        "awayHomeSplits": "50% - 62%",
        "savesAboveExp": -0.172,
        "gsaa": -21.7,
        "corsi": "51.8% (59.8) // 53.0% (54.8) // 53.9% (52.7) // 54.5% (52.9)",
        "fenwick": "51.1% (43.6) // 52.2% (39.9) // 53.1% (37.7) // 52.8% (37.0)",
        "shots": "51.4% (31.4) // 52.8% (28.0) // 52.8% (25.2) // 54.2% (25.0)",
        "scoring": "53.2% (31.3) // 55.0% (28.4) // 58.3% (27.4) // 56.1% (25.3)",
        "corsiAgainst": "48.2% (55.7) // 47.0% (48.5) // 46.1% (45.1) // 45.5% (44.1)",
        "fenwickAgainst": "48.9% (41.8) // 47.8% (36.6) // 46.9% (33.3) // 47.2% (33.1)",
        "shotsAgainst": "48.6% (29.7) // 47.2% (25.0) // 47.2% (22.5) // 45.8% (21.1)",
        "scoringAgainst": "46.8% (27.5) // 45.0% (23.2) // 41.7% (19.6) // 43.9% (19.8)",
        "oppCorsi": "46.4% (51.0) // 47.4% (53.2) // 52.8% (59.0) // 50.7% (54.4)",
        "oppFenwick": "46.4% (38.9) // 46.7% (39.7) // 52.6% (44.1) // 52.5% (41.1)",
        "oppShots": "47.1% (28.4) // 48.8% (29.1) // 52.6% (32.2) // 53.5% (30.7)",
        "oppScoring": "46.7% (27.6) // 47.6% (27.9) // 53.4% (32.6) // 54.3% (31.2)",
        "oppCorsiAgainst": "53.6% (59.0) // 52.6% (59.0) // 47.2% (52.6) // 49.3% (52.9)",
        "oppFenwickAgainst": "53.6% (44.9) // 53.3% (45.3) // 47.4% (39.7) // 47.5% (37.1)",
        "oppShotsAgainst": "52.9% (31.9) // 51.2% (30.5) // 47.4% (29.0) // 46.5% (26.7)",
        "oppScoringAgainst": "53.3% (31.5) // 52.4% (30.7) // 46.6% (28.5) // 45.7% (26.2)",
        "savesPerGame": 27.4,
        "savesPerGameLast1": 19.0,
        "savesPerGameLast3": 20.7,
        "savesPerGameLast5": 23.0,
        "savesPer60": 27.6,
        "savesPer60Last1": 19.0,
        "savesPer60Last3": 21.2,
        "savesPer60Last5": 23.1,
        "shotsPerGame": 31.8,
        "shotsPerGameLast5": 26.2,
        "shotsAgainstPerGame": 30.1,
        "shotsAgainstPerGameLast5": 24.8,
        "oppSavesAgainstPer60": 25.5,
        "oppSavesAgainstPer60Last1": 36.7,
        "oppSavesAgainstPer60Last3": 27.6,
        "oppSavesAgainstPer60Last5": 27.8,
        "oppShotsAgainstPerGame": 32.3,
        "oppShotsAgainstPerGameLast5": 30.8,
        "savesProj": 24.6,
        "savesProjLast5": 22.6,
        "savesProjLast3": 20.8,
        "oppSavesAgainstProj": 25.0,
        "oppSavesAgainstProjLast5": 23.3,
        "oppSavesAgainstProjLast3": 21.4,
        "totalOver": 56,
        "totalOverLast5": 60,
        "totalOverLast15": 47,
        "lastTotalOver": 31,
        "last5": "2,3,4,4,5,4,4,2,2,4",
        "overOdds": "-110",
        "underOdds": "-120",
        "overUnder": "-110 / -120"
    },
    {
        "player": "Joe Pavelski",
        "team": "DAL",
        "opponent": "STL",
        "propType": "sog",
        "line": 2.5,
        "ppLine": "PP1",
        "avg": 2.26,
        "hit": false,
        "diffAvg": -0.1,
        "diffAbs": 0.12,
        "lastAvg": 2.37,
        "diff": -0.05,
        "avgMin": 17,
        "proj": 2.2,
        "lastAvgMin": 18.47,
        "oppOver": 0,
        "teamOver": 0,
        "gameLine": "-165",
        "+/-": "+41",
        "L5_+/-": "+8.0",
        "prevMatchup": "2022-11-28 3.0 sog",
        "winLossSplits": "40% - 40%",
        "awayHome": "A",
        "playedYesterday": "N",
        "awayHomeSplits": "40% - 40%",
        "savesAboveExp": -0.172,
        "gsaa": -21.7,
        "corsi": "51.8% (59.8) // 53.0% (54.8) // 53.9% (52.7) // 54.5% (52.9)",
        "fenwick": "51.1% (43.6) // 52.2% (39.9) // 53.1% (37.7) // 52.8% (37.0)",
        "shots": "51.4% (31.4) // 52.8% (28.0) // 52.8% (25.2) // 54.2% (25.0)",
