[
    {
        "player": "Alex Tuch",
        "team": "BUF",
        "opponent": "CAR",
        "propType": "g",
        "line": 0.5,
        "ppLine": "PP1",
        "avg": 0.51,
        "hit": false,
        "diffAvg": 0.02,
        "diffAbs": 0.6,
        "lastAvg": 0.24,
        "diff": -0.52,
        "avgMin": 19,
        "proj": 0.2,
        "lastAvgMin": 18.4,
        "oppOver": 0,
        "teamOver": 0,
        "gameLine": "+155",
        "+/-": "+11",
        "L5_+/-": -2.0,
        "prevMatchup": "2023-02-01 1.0 g 2022-11-04 0.0 g",
        "winLossSplits": "53% - 24%",
        "awayHome": "H",
        "playedYesterday": "N",
        "awayHomeSplits": "42% - 36%",
        "savesAboveExp": -0.166,
        "gsaa": 3.8,
        "corsi": "50.9% (57.4) // 50.4% (55.3) // 47.9% (55.2) // 51.3% (57.1)",
        "fenwick": "49.6% (43.5) // 50.8% (44.2) // 47.9% (44.7) // 51.9% (47.0)",
        "shots": "49.3% (31.9) // 51.0% (32.2) // 49.3% (33.8) // 52.8% (36.5)",
        "scoring": "49.8% (30.5) // 48.4% (28.8) // 50.6% (32.8) // 49.6% (33.1)",
        "corsiAgainst": "49.1% (55.3) // 49.6% (54.5) // 52.1% (60.0) // 48.7% (54.2)",
        "fenwickAgainst": "50.4% (44.2) // 49.2% (42.9) // 52.1% (48.6) // 48.1% (43.7)",
        "shotsAgainst": "50.7% (32.8) // 49.0% (30.9) // 50.7% (34.8) // 47.2% (32.6)",
        "scoringAgainst": "50.2% (30.8) // 51.6% (30.7) // 49.4% (32.1) // 50.4% (33.6)",
        "oppCorsi": "60.0% (67.5) // 59.9% (67.5) // 65.7% (75.1) // 60.3% (69.3)",
        "oppFenwick": "59.3% (50.8) // 58.9% (50.7) // 63.5% (54.6) // 57.9% (50.1)",
        "oppShots": "57.5% (34.4) // 57.7% (34.8) // 63.3% (37.1) // 59.0% (34.2)",
        "oppScoring": "59.0% (33.5) // 57.8% (31.6) // 68.7% (36.3) // 63.7% (34.8)",
        "oppCorsiAgainst": "40.0% (45.0) // 40.1% (45.1) // 34.3% (39.2) // 39.7% (45.6)",
        "oppFenwickAgainst": "40.7% (34.9) // 41.1% (35.4) // 36.5% (31.3) // 42.1% (36.5)",
        "oppShotsAgainst": "42.5% (25.5) // 42.3% (25.5) // 36.7% (21.5) // 41.0% (23.8)",
        "oppScoringAgainst": "41.0% (23.2) // 42.2% (23.0) // 31.3% (16.6) // 36.3% (19.9)",
        "savesPerGame": 29.5,
        "savesPerGameLast1": 26.0,
        "savesPerGameLast3": 33.0,
        "savesPerGameLast5": 33.6,
        "savesPer60": 29.6,
        "savesPer60Last1": 28.2,
        "savesPer60Last3": 33.8,
        "savesPer60Last5": 34.8,
        "shotsPerGame": 32.3,
        "shotsPerGameLast5": 34.4,
        "shotsAgainstPerGame": 33.2,
        "shotsAgainstPerGameLast5": 36.8,
        "oppSavesAgainstPer60": 31.9,
        "oppSavesAgainstPer60Last1": 33.0,
        "oppSavesAgainstPer60Last3": 33.5,
        "oppSavesAgainstPer60Last5": 36.3,
        "oppShotsAgainstPerGame": 25.8,
        "oppShotsAgainstPerGameLast5": 21.8,
        "savesProj": 40.0,
        "savesProjLast5": 52.7,
        "savesProjLast3": 47.9,
        "oppSavesAgainstProj": 33.4,
        "oppSavesAgainstProjLast5": 44.9,
        "oppSavesAgainstProjLast3": 39.5,
        "totalOver": 39,
        "totalOverLast5": 20,
        "totalOverLast15": 27,
        "lastTotalOver": 24,
        "last5": "0,0,3,0,0,0,2,0,0,0",
        "overOdds": "+170",
        "underOdds": "0",
        "overUnder": "+170 / 0"
    },
    {
        "player": "Brady Skjei",
        "team": "CAR",
        "opponent": "BUF",
        "propType": "g",
        "line": 0.5,
        "ppLine": "PP2",
        "avg": 0.23,
        "hit": false,
        "diffAvg": -0.54,
        "diffAbs": 0.8,
        "lastAvg": 0.09,
        "diff": -0.82,
        "avgMin": 21,
        "proj": 0.1,
        "lastAvgMin": 21.13,
        "oppOver": 0,
        "teamOver": 0,
        "gameLine": "-180",
        "+/-": "+11",
        "L5_+/-": -1.0,
        "prevMatchup": "2023-02-01 0.0 g 2022-11-04 0.0 g",
        "winLossSplits": "27% - 18%",
        "awayHome": "A",
        "playedYesterday": "N",
        "awayHomeSplits": "24% - 22%",
        "savesAboveExp": "-",
        "gsaa": "-",
        "corsi": "60.0% (67.5) // 59.9% (67.5) // 65.7% (75.1) // 60.3% (69.3)",
        "fenwick": "59.3% (50.8) // 58.9% (50.7) // 63.5% (54.6) // 57.9% (50.1)",
        "shots": "57.5% (34.4) // 57.7% (34.8) // 63.3% (37.1) // 59.0% (34.2)",
        "scoring": "59.0% (33.5) // 57.8% (31.6) // 68.7% (36.3) // 63.7% (34.8)",
        "corsiAgainst": "40.0% (45.0) // 40.1% (45.1) // 34.3% (39.2) // 39.7% (45.6)",
        "fenwickAgainst": "40.7% (34.9) // 41.1% (35.4) // 36.5% (31.3) // 42.1% (36.5)",
        "shotsAgainst": "42.5% (25.5) // 42.3% (25.5) // 36.7% (21.5) // 41.0% (23.8)",
        "scoringAgainst": "41.0% (23.2) // 42.2% (23.0) // 31.3% (16.6) // 36.3% (19.9)",
        "oppCorsi": "50.9% (57.4) // 50.4% (55.3) // 47.9% (55.2) // 51.3% (57.1)",
        "oppFenwick": "49.6% (43.5) // 50.8% (44.2) // 47.9% (44.7) // 51.9% (47.0)",
        "oppShots": "49.3% (31.9) // 51.0% (32.2) // 49.3% (33.8) // 52.8% (36.5)",
        "oppScoring": "49.8% (30.5) // 48.4% (28.8) // 50.6% (32.8) // 49.6% (33.1)",
        "oppCorsiAgainst": "49.1% (55.3) // 49.6% (54.5) // 52.1% (60.0) // 48.7% (54.2)",
        "oppFenwickAgainst": "50.4% (44.2) // 49.2% (42.9) // 52.1% (48.6) // 48.1% (43.7)",
        "oppShotsAgainst": "50.7% (32.8) // 49.0% (30.9) // 50.7% (34.8) // 47.2% (32.6)",
        "oppScoringAgainst": "50.2% (30.8) // 51.6% (30.7) // 49.4% (32.1) // 50.4% (33.6)",
        "savesPerGame": 23.3,
        "savesPerGameLast1": 20.0,
        "savesPerGameLast3": 22.3,
        "savesPerGameLast5": 20.0,
        "savesPer60": 23.5,
        "savesPer60Last1": 19.8,
        "savesPer60Last3": 22.8,
        "savesPer60Last5": 20.3,
        "shotsPerGame": 34.9,
        "shotsPerGameLast5": 37.6,
        "shotsAgainstPerGame": 25.8,
        "shotsAgainstPerGameLast5": 21.8,
        "oppSavesAgainstPer60": 28.8,
        "oppSavesAgainstPer60Last1": 30.0,
        "oppSavesAgainstPer60Last3": 30.5,
        "oppSavesAgainstPer60Last5": 30.4,
        "oppShotsAgainstPerGame": 33.2,
        "oppShotsAgainstPerGameLast5": 36.8,
        "savesProj": 22.8,
        "savesProjLast5": 21.0,
        "savesProjLast3": 23.6,
        "oppSavesAgainstProj": 23.9,
        "oppSavesAgainstProjLast5": 22.3,
        "oppSavesAgainstProjLast3": 23.9,
        "totalOver": 23,
        "totalOverLast5": 40,
        "totalOverLast15": 40,
        "lastTotalOver": 8,
        "last5": "0,1,0,1,0,0,1,0,0,0",
        "overOdds": "+425",
        "underOdds": "0",
        "overUnder": "+425 / 0"
    },
    {
        "player": "Brent Burns",
        "team": "CAR",
        "opponent": "BUF",
        "propType": "g",
        "line": 0.5,
        "ppLine": "PP1",
        "avg": 0.18,
        "hit": false,
        "diffAvg": -0.64,
        "diffAbs": 0.8,
        "lastAvg": 0.12,
        "diff": -0.76,
        "avgMin": 23,
        "proj": 0.1,
        "lastAvgMin": 26.13,
        "oppOver": 0,
        "teamOver": 0,
        "gameLine": "-180",
        "+/-": "+14",
        "L5_+/-": -3.0,
        "prevMatchup": "2023-02-01 1.0 g 2022-11-04 0.0 g",
        "winLossSplits": "22% - 11%",
        "awayHome": "A",
        "playedYesterday": "N",
        "awayHomeSplits": "21% - 15%",
        "savesAboveExp": "-",
        "gsaa": "-",
        "corsi": "60.0% (67.5) // 59.9% (67.5) // 65.7% (75.1) // 60.3% (69.3)",
        "fenwick": "59.3% (50.8) // 58.9% (50.7) // 63.5% (54.6) // 57.9% (50.1)",
        "shots": "57.5% (34.4) // 57.7% (34.8) // 63.3% (37.1) // 59.0% (34.2)",
        "scoring": "59.0% (33.5) // 57.8% (31.6) // 68.7% (36.3) // 63.7% (34.8)",
        "corsiAgainst": "40.0% (45.0) // 40.1% (45.1) // 34.3% (39.2) // 39.7% (45.6)",
        "fenwickAgainst": "40.7% (34.9) // 41.1% (35.4) // 36.5% (31.3) // 42.1% (36.5)",
        "shotsAgainst": "42.5% (25.5) // 42.3% (25.5) // 36.7% (21.5) // 41.0% (23.8)",
        "scoringAgainst": "41.0% (23.2) // 42.2% (23.0) // 31.3% (16.6) // 36.3% (19.9)",
        "oppCorsi": "50.9% (57.4) // 50.4% (55.3) // 47.9% (55.2) // 51.3% (57.1)",
        "oppFenwick": "49.6% (43.5) // 50.8% (44.2) // 47.9% (44.7) // 51.9% (47.0)",
        "oppShots": "49.3% (31.9) // 51.0% (32.2) // 49.3% (33.8) // 52.8% (36.5)",
        "oppScoring": "49.8% (30.5) // 48.4% (28.8) // 50.6% (32.8) // 49.6% (33.1)",
        "oppCorsiAgainst": "49.1% (55.3) // 49.6% (54.5) // 52.1% (60.0) // 48.7% (54.2)",
        "oppFenwickAgainst": "50.4% (44.2) // 49.2% (42.9) // 52.1% (48.6) // 48.1% (43.7)",
        "oppShotsAgainst": "50.7% (32.8) // 49.0% (30.9) // 50.7% (34.8) // 47.2% (32.6)",
        "oppScoringAgainst": "50.2% (30.8) // 51.6% (30.7) // 49.4% (32.1) // 50.4% (33.6)",
        "savesPerGame": 23.3,
        "savesPerGameLast1": 20.0,
        "savesPerGameLast3": 22.3,
        "savesPerGameLast5": 20.0,
        "savesPer60": 23.5,
        "savesPer60Last1": 19.8,
        "savesPer60Last3": 22.8,
        "savesPer60Last5": 20.3,
        "shotsPerGame": 34.9,
        "shotsPerGameLast5": 37.6,
        "shotsAgainstPerGame": 25.8,
        "shotsAgainstPerGameLast5": 21.8,
        "oppSavesAgainstPer60": 28.8,
        "oppSavesAgainstPer60Last1": 30.0,
        "oppSavesAgainstPer60Last3": 30.5,
        "oppSavesAgainstPer60Last5": 30.4,
        "oppShotsAgainstPerGame": 33.2,
        "oppShotsAgainstPerGameLast5": 36.8,
        "savesProj": 22.8,
        "savesProjLast5": 21.0,
        "savesProjLast3": 23.6,
        "oppSavesAgainstProj": 23.9,
        "oppSavesAgainstProjLast5": 22.3,
        "oppSavesAgainstProjLast3": 23.9,
        "totalOver": 18,
        "totalOverLast5": 20,
        "totalOverLast15": 13,
        "lastTotalOver": 12,
        "last5": "0,0,0,0,1,0,0,1,0,0",
        "overOdds": "+390",
        "underOdds": "0",
        "overUnder": "+390 / 0"
    },
    {
        "player": "Dylan Cozens",
        "team": "BUF",
        "opponent": "CAR",
        "propType": "g",
        "line": 0.5,
        "ppLine": "PP1",
        "avg": 0.41,
        "hit": false,
        "diffAvg": -0.18,
        "diffAbs": 0.6,
        "lastAvg": 0.16,
        "diff": -0.68,
        "avgMin": 16,
        "proj": 0.2,
        "lastAvgMin": 15.88,
        "oppOver": 0,
        "teamOver": 0,
        "gameLine": "+155",
        "+/-": -2,
        "L5_+/-": -4.0,
        "prevMatchup": "2023-02-01 0.0 g 2022-11-04 0.0 g",
        "winLossSplits": "47% - 24%",
        "awayHome": "H",
        "playedYesterday": "N",
        "awayHomeSplits": "41% - 31%",
        "savesAboveExp": -0.166,
        "gsaa": 3.8,
        "corsi": "50.9% (57.4) // 50.4% (55.3) // 47.9% (55.2) // 51.3% (57.1)",
        "fenwick": "49.6% (43.5) // 50.8% (44.2) // 47.9% (44.7) // 51.9% (47.0)",
        "shots": "49.3% (31.9) // 51.0% (32.2) // 49.3% (33.8) // 52.8% (36.5)",
        "scoring": "49.8% (30.5) // 48.4% (28.8) // 50.6% (32.8) // 49.6% (33.1)",
        "corsiAgainst": "49.1% (55.3) // 49.6% (54.5) // 52.1% (60.0) // 48.7% (54.2)",
        "fenwickAgainst": "50.4% (44.2) // 49.2% (42.9) // 52.1% (48.6) // 48.1% (43.7)",
        "shotsAgainst": "50.7% (32.8) // 49.0% (30.9) // 50.7% (34.8) // 47.2% (32.6)",
        "scoringAgainst": "50.2% (30.8) // 51.6% (30.7) // 49.4% (32.1) // 50.4% (33.6)",
        "oppCorsi": "60.0% (67.5) // 59.9% (67.5) // 65.7% (75.1) // 60.3% (69.3)",
        "oppFenwick": "59.3% (50.8) // 58.9% (50.7) // 63.5% (54.6) // 57.9% (50.1)",
        "oppShots": "57.5% (34.4) // 57.7% (34.8) // 63.3% (37.1) // 59.0% (34.2)",
        "oppScoring": "59.0% (33.5) // 57.8% (31.6) // 68.7% (36.3) // 63.7% (34.8)",
        "oppCorsiAgainst": "40.0% (45.0) // 40.1% (45.1) // 34.3% (39.2) // 39.7% (45.6)",
        "oppFenwickAgainst": "40.7% (34.9) // 41.1% (35.4) // 36.5% (31.3) // 42.1% (36.5)",
        "oppShotsAgainst": "42.5% (25.5) // 42.3% (25.5) // 36.7% (21.5) // 41.0% (23.8)",
        "oppScoringAgainst": "41.0% (23.2) // 42.2% (23.0) // 31.3% (16.6) // 36.3% (19.9)",
        "savesPerGame": 29.5,
        "savesPerGameLast1": 26.0,
        "savesPerGameLast3": 33.0,
        "savesPerGameLast5": 33.6,
        "savesPer60": 29.6,
        "savesPer60Last1": 28.2,
        "savesPer60Last3": 33.8,
        "savesPer60Last5": 34.8,
        "shotsPerGame": 32.3,
        "shotsPerGameLast5": 34.4,
        "shotsAgainstPerGame": 33.2,
        "shotsAgainstPerGameLast5": 36.8,
        "oppSavesAgainstPer60": 31.9,
        "oppSavesAgainstPer60Last1": 33.0,
        "oppSavesAgainstPer60Last3": 33.5,
        "oppSavesAgainstPer60Last5": 36.3,
        "oppShotsAgainstPerGame": 25.8,
        "oppShotsAgainstPerGameLast5": 21.8,
        "savesProj": 40.0,
        "savesProjLast5": 52.7,
        "savesProjLast3": 47.9,
        "oppSavesAgainstProj": 33.4,
        "oppSavesAgainstProjLast5": 44.9,
        "oppSavesAgainstProjLast3": 39.5,
        "totalOver": 36,
        "totalOverLast5": 40,
        "totalOverLast15": 33,
        "lastTotalOver": 15,
        "last5": "2,1,0,0,0,0,1,1,0,0",
        "overOdds": "+230",
        "underOdds": "0",
        "overUnder": "+230 / 0"
    },
    {
        "player": "Jeff Skinner",
        "team": "BUF",
        "opponent": "CAR",
        "propType": "g",
        "line": 0.5,
        "ppLine": "PP1",
        "avg": 0.45,
        "hit": false,
        "diffAvg": -0.1,
        "diffAbs": 0.2,
        "lastAvg": 0.41,
        "diff": -0.18,
        "avgMin": 17,
        "proj": 0.4,
        "lastAvgMin": 17.1,
        "oppOver": 0,
        "teamOver": 0,
        "gameLine": "+155",
        "+/-": "+11",
        "L5_+/-": "+1.0",
        "prevMatchup": "2023-02-01 0.0 g 2022-11-04 0.0 g",
        "winLossSplits": "50% - 26%",
        "awayHome": "H",
        "playedYesterday": "N",
        "awayHomeSplits": "31% - 45%",
        "savesAboveExp": -0.166,
        "gsaa": 3.8,
        "corsi": "50.9% (57.4) // 50.4% (55.3) // 47.9% (55.2) // 51.3% (57.1)",
        "fenwick": "49.6% (43.5) // 50.8% (44.2) // 47.9% (44.7) // 51.9% (47.0)",
        "shots": "49.3% (31.9) // 51.0% (32.2) // 49.3% (33.8) // 52.8% (36.5)",
        "scoring": "49.8% (30.5) // 48.4% (28.8) // 50.6% (32.8) // 49.6% (33.1)",
        "corsiAgainst": "49.1% (55.3) // 49.6% (54.5) // 52.1% (60.0) // 48.7% (54.2)",
        "fenwickAgainst": "50.4% (44.2) // 49.2% (42.9) // 52.1% (48.6) // 48.1% (43.7)",
        "shotsAgainst": "50.7% (32.8) // 49.0% (30.9) // 50.7% (34.8) // 47.2% (32.6)",
        "scoringAgainst": "50.2% (30.8) // 51.6% (30.7) // 49.4% (32.1) // 50.4% (33.6)",
        "oppCorsi": "60.0% (67.5) // 59.9% (67.5) // 65.7% (75.1) // 60.3% (69.3)",
        "oppFenwick": "59.3% (50.8) // 58.9% (50.7) // 63.5% (54.6) // 57.9% (50.1)",
        "oppShots": "57.5% (34.4) // 57.7% (34.8) // 63.3% (37.1) // 59.0% (34.2)",
        "oppScoring": "59.0% (33.5) // 57.8% (31.6) // 68.7% (36.3) // 63.7% (34.8)",
        "oppCorsiAgainst": "40.0% (45.0) // 40.1% (45.1) // 34.3% (39.2) // 39.7% (45.6)",
        "oppFenwickAgainst": "40.7% (34.9) // 41.1% (35.4) // 36.5% (31.3) // 42.1% (36.5)",
        "oppShotsAgainst": "42.5% (25.5) // 42.3% (25.5) // 36.7% (21.5) // 41.0% (23.8)",
        "oppScoringAgainst": "41.0% (23.2) // 42.2% (23.0) // 31.3% (16.6) // 36.3% (19.9)",
        "savesPerGame": 29.5,
        "savesPerGameLast1": 26.0,
        "savesPerGameLast3": 33.0,
        "savesPerGameLast5": 33.6,
        "savesPer60": 29.6,
        "savesPer60Last1": 28.2,
        "savesPer60Last3": 33.8,
        "savesPer60Last5": 34.8,
        "shotsPerGame": 32.3,
        "shotsPerGameLast5": 34.4,
        "shotsAgainstPerGame": 33.2,
        "shotsAgainstPerGameLast5": 36.8,
        "oppSavesAgainstPer60": 31.9,
        "oppSavesAgainstPer60Last1": 33.0,
        "oppSavesAgainstPer60Last3": 33.5,
        "oppSavesAgainstPer60Last5": 36.3,
        "oppShotsAgainstPerGame": 25.8,
        "oppShotsAgainstPerGameLast5": 21.8,
        "savesProj": 40.0,
        "savesProjLast5": 52.7,
        "savesProjLast3": 47.9,
        "oppSavesAgainstProj": 33.4,
        "oppSavesAgainstProjLast5": 44.9,
        "oppSavesAgainstProjLast3": 39.5,
        "totalOver": 38,
        "totalOverLast5": 40,
        "totalOverLast15": 40,
        "lastTotalOver": 27,
        "last5": "0,0,1,1,0,1,0,1,0,0",
        "overOdds": "+180",
        "underOdds": "0",
        "overUnder": "+180 / 0"
    },
    {
        "player": "Martin Necas",
        "team": "CAR",
        "opponent": "BUF",
        "propType": "g",
        "line": 0.5,
        "ppLine": "PP1",
        "avg": 0.36,
        "hit": false,
        "diffAvg": -0.28,
        "diffAbs": 0.6,
        "lastAvg": 0.15,
        "diff": -0.7,
        "avgMin": 18,
        "proj": 0.2,
        "lastAvgMin": 16.18,
        "oppOver": 0,
        "teamOver": 0,
        "gameLine": "-180",
        "+/-": "+4",
        "L5_+/-": -5.0,
        "prevMatchup": "2023-02-01 0.0 g 2022-11-04 1.0 g",
        "winLossSplits": "40% - 25%",
        "awayHome": "A",
        "playedYesterday": "N",
        "awayHomeSplits": "39% - 30%",
        "savesAboveExp": "-",
        "gsaa": "-",
        "corsi": "60.0% (67.5) // 59.9% (67.5) // 65.7% (75.1) // 60.3% (69.3)",
        "fenwick": "59.3% (50.8) // 58.9% (50.7) // 63.5% (54.6) // 57.9% (50.1)",
        "shots": "57.5% (34.4) // 57.7% (34.8) // 63.3% (37.1) // 59.0% (34.2)",
        "scoring": "59.0% (33.5) // 57.8% (31.6) // 68.7% (36.3) // 63.7% (34.8)",
        "corsiAgainst": "40.0% (45.0) // 40.1% (45.1) // 34.3% (39.2) // 39.7% (45.6)",
        "fenwickAgainst": "40.7% (34.9) // 41.1% (35.4) // 36.5% (31.3) // 42.1% (36.5)",
        "shotsAgainst": "42.5% (25.5) // 42.3% (25.5) // 36.7% (21.5) // 41.0% (23.8)",
        "scoringAgainst": "41.0% (23.2) // 42.2% (23.0) // 31.3% (16.6) // 36.3% (19.9)",
        "oppCorsi": "50.9% (57.4) // 50.4% (55.3) // 47.9% (55.2) // 51.3% (57.1)",
        "oppFenwick": "49.6% (43.5) // 50.8% (44.2) // 47.9% (44.7) // 51.9% (47.0)",
        "oppShots": "49.3% (31.9) // 51.0% (32.2) // 49.3% (33.8) // 52.8% (36.5)",
        "oppScoring": "49.8% (30.5) // 48.4% (28.8) // 50.6% (32.8) // 49.6% (33.1)",
        "oppCorsiAgainst": "49.1% (55.3) // 49.6% (54.5) // 52.1% (60.0) // 48.7% (54.2)",
        "oppFenwickAgainst": "50.4% (44.2) // 49.2% (42.9) // 52.1% (48.6) // 48.1% (43.7)",
        "oppShotsAgainst": "50.7% (32.8) // 49.0% (30.9) // 50.7% (34.8) // 47.2% (32.6)",
        "oppScoringAgainst": "50.2% (30.8) // 51.6% (30.7) // 49.4% (32.1) // 50.4% (33.6)",
        "savesPerGame": 23.3,
        "savesPerGameLast1": 20.0,
        "savesPerGameLast3": 22.3,
        "savesPerGameLast5": 20.0,
        "savesPer60": 23.5,
        "savesPer60Last1": 19.8,
        "savesPer60Last3": 22.8,
        "savesPer60Last5": 20.3,
        "shotsPerGame": 34.9,
        "shotsPerGameLast5": 37.6,
        "shotsAgainstPerGame": 25.8,
        "shotsAgainstPerGameLast5": 21.8,
        "oppSavesAgainstPer60": 28.8,
        "oppSavesAgainstPer60Last1": 30.0,
        "oppSavesAgainstPer60Last3": 30.5,
        "oppSavesAgainstPer60Last5": 30.4,
        "oppShotsAgainstPerGame": 33.2,
        "oppShotsAgainstPerGameLast5": 36.8,
        "savesProj": 22.8,
        "savesProjLast5": 21.0,
        "savesProjLast3": 23.6,
        "oppSavesAgainstProj": 23.9,
        "oppSavesAgainstProjLast5": 22.3,
        "oppSavesAgainstProjLast3": 23.9,
        "totalOver": 35,
        "totalOverLast5": 20,
        "totalOverLast15": 20,
        "lastTotalOver": 15,
        "last5": "0,1,0,0,0,0,0,0,0,0",
        "overOdds": "+140",
        "underOdds": "0",
        "overUnder": "+140 / 0"
    },
    {
        "player": "Rasmus Dahlin",
        "team": "BUF",
        "opponent": "CAR",
        "propType": "g",
        "line": 0.5,
        "ppLine": "PP1",
        "avg": 0.19,
        "hit": false,
        "diffAvg": -0.62,
        "diffAbs": 0.6,
        "lastAvg": 0.16,
        "diff": -0.68,
        "avgMin": 25,
        "proj": 0.2,
        "lastAvgMin": 24.0,
        "oppOver": 0,
        "teamOver": 0,
        "gameLine": "+155",
        "+/-": "+9",
        "L5_+/-": -6.0,
        "prevMatchup": "2023-02-01 0.0 g 2022-11-04 1.0 g",
        "winLossSplits": "27% - 8%",
        "awayHome": "H",
        "playedYesterday": "N",
        "awayHomeSplits": "22% - 14%",
        "savesAboveExp": -0.166,
        "gsaa": 3.8,
        "corsi": "50.9% (57.4) // 50.4% (55.3) // 47.9% (55.2) // 51.3% (57.1)",
        "fenwick": "49.6% (43.5) // 50.8% (44.2) // 47.9% (44.7) // 51.9% (47.0)",
        "shots": "49.3% (31.9) // 51.0% (32.2) // 49.3% (33.8) // 52.8% (36.5)",
        "scoring": "49.8% (30.5) // 48.4% (28.8) // 50.6% (32.8) // 49.6% (33.1)",
        "corsiAgainst": "49.1% (55.3) // 49.6% (54.5) // 52.1% (60.0) // 48.7% (54.2)",
        "fenwickAgainst": "50.4% (44.2) // 49.2% (42.9) // 52.1% (48.6) // 48.1% (43.7)",
        "shotsAgainst": "50.7% (32.8) // 49.0% (30.9) // 50.7% (34.8) // 47.2% (32.6)",
        "scoringAgainst": "50.2% (30.8) // 51.6% (30.7) // 49.4% (32.1) // 50.4% (33.6)",
        "oppCorsi": "60.0% (67.5) // 59.9% (67.5) // 65.7% (75.1) // 60.3% (69.3)",
        "oppFenwick": "59.3% (50.8) // 58.9% (50.7) // 63.5% (54.6) // 57.9% (50.1)",
        "oppShots": "57.5% (34.4) // 57.7% (34.8) // 63.3% (37.1) // 59.0% (34.2)",
        "oppScoring": "59.0% (33.5) // 57.8% (31.6) // 68.7% (36.3) // 63.7% (34.8)",
        "oppCorsiAgainst": "40.0% (45.0) // 40.1% (45.1) // 34.3% (39.2) // 39.7% (45.6)",
        "oppFenwickAgainst": "40.7% (34.9) // 41.1% (35.4) // 36.5% (31.3) // 42.1% (36.5)",
        "oppShotsAgainst": "42.5% (25.5) // 42.3% (25.5) // 36.7% (21.5) // 41.0% (23.8)",
        "oppScoringAgainst": "41.0% (23.2) // 42.2% (23.0) // 31.3% (16.6) // 36.3% (19.9)",
        "savesPerGame": 29.5,
        "savesPerGameLast1": 26.0,
        "savesPerGameLast3": 33.0,
        "savesPerGameLast5": 33.6,
        "savesPer60": 29.6,
        "savesPer60Last1": 28.2,
        "savesPer60Last3": 33.8,
        "savesPer60Last5": 34.8,
        "shotsPerGame": 32.3,
        "shotsPerGameLast5": 34.4,
        "shotsAgainstPerGame": 33.2,
        "shotsAgainstPerGameLast5": 36.8,
        "oppSavesAgainstPer60": 31.9,
        "oppSavesAgainstPer60Last1": 33.0,
        "oppSavesAgainstPer60Last3": 33.5,
        "oppSavesAgainstPer60Last5": 36.3,
        "oppShotsAgainstPerGame": 25.8,
        "oppShotsAgainstPerGameLast5": 21.8,
        "savesProj": 40.0,
        "savesProjLast5": 52.7,
        "savesProjLast3": 47.9,
        "oppSavesAgainstProj": 33.4,
        "oppSavesAgainstProjLast5": 44.9,
        "oppSavesAgainstProjLast3": 39.5,
        "totalOver": 18,
        "totalOverLast5": 0,
        "totalOverLast15": 0,
        "lastTotalOver": 16,
        "last5": "0,0,0,0,0,0,0,0,0,0",
        "overOdds": "+400",
        "underOdds": "0",
        "overUnder": "+400 / 0"
    },
    {
        "player": "Seth Jarvis",
        "team": "CAR",
        "opponent": "BUF",
        "propType": "g",
        "line": 0.5,
        "ppLine": "PP2",
        "avg": 0.17,
        "hit": false,
        "diffAvg": -0.66,
        "diffAbs": 0.6,
        "lastAvg": 0.21,
        "diff": -0.58,
        "avgMin": 16,
        "proj": 0.2,
        "lastAvgMin": 13.87,
        "oppOver": 0,
        "teamOver": 0,
        "gameLine": "-180",
        "+/-": "+10",
        "L5_+/-": -4.0,
        "prevMatchup": "2023-02-01 0.0 g 2022-11-04 0.0 g",
        "winLossSplits": "22% - 0%",
        "awayHome": "A",
        "playedYesterday": "N",
        "awayHomeSplits": "11% - 18%",
        "savesAboveExp": "-",
        "gsaa": "-",
        "corsi": "60.0% (67.5) // 59.9% (67.5) // 65.7% (75.1) // 60.3% (69.3)",
        "fenwick": "59.3% (50.8) // 58.9% (50.7) // 63.5% (54.6) // 57.9% (50.1)",
        "shots": "57.5% (34.4) // 57.7% (34.8) // 63.3% (37.1) // 59.0% (34.2)",
        "scoring": "59.0% (33.5) // 57.8% (31.6) // 68.7% (36.3) // 63.7% (34.8)",
        "corsiAgainst": "40.0% (45.0) // 40.1% (45.1) // 34.3% (39.2) // 39.7% (45.6)",
        "fenwickAgainst": "40.7% (34.9) // 41.1% (35.4) // 36.5% (31.3) // 42.1% (36.5)",
        "shotsAgainst": "42.5% (25.5) // 42.3% (25.5) // 36.7% (21.5) // 41.0% (23.8)",
        "scoringAgainst": "41.0% (23.2) // 42.2% (23.0) // 31.3% (16.6) // 36.3% (19.9)",
        "oppCorsi": "50.9% (57.4) // 50.4% (55.3) // 47.9% (55.2) // 51.3% (57.1)",
        "oppFenwick": "49.6% (43.5) // 50.8% (44.2) // 47.9% (44.7) // 51.9% (47.0)",
        "oppShots": "49.3% (31.9) // 51.0% (32.2) // 49.3% (33.8) // 52.8% (36.5)",
        "oppScoring": "49.8% (30.5) // 48.4% (28.8) // 50.6% (32.8) // 49.6% (33.1)",
        "oppCorsiAgainst": "49.1% (55.3) // 49.6% (54.5) // 52.1% (60.0) // 48.7% (54.2)",
        "oppFenwickAgainst": "50.4% (44.2) // 49.2% (42.9) // 52.1% (48.6) // 48.1% (43.7)",
        "oppShotsAgainst": "50.7% (32.8) // 49.0% (30.9) // 50.7% (34.8) // 47.2% (32.6)",
        "oppScoringAgainst": "50.2% (30.8) // 51.6% (30.7) // 49.4% (32.1) // 50.4% (33.6)",
        "savesPerGame": 23.3,
        "savesPerGameLast1": 20.0,
        "savesPerGameLast3": 22.3,
        "savesPerGameLast5": 20.0,
        "savesPer60": 23.5,
        "savesPer60Last1": 19.8,
        "savesPer60Last3": 22.8,
        "savesPer60Last5": 20.3,
        "shotsPerGame": 34.9,
        "shotsPerGameLast5": 37.6,
        "shotsAgainstPerGame": 25.8,
        "shotsAgainstPerGameLast5": 21.8,
        "oppSavesAgainstPer60": 28.8,
        "oppSavesAgainstPer60Last1": 30.0,
        "oppSavesAgainstPer60Last3": 30.5,
        "oppSavesAgainstPer60Last5": 30.4,
        "oppShotsAgainstPerGame": 33.2,
        "oppShotsAgainstPerGameLast5": 36.8,
        "savesProj": 22.8,
        "savesProjLast5": 21.0,
        "savesProjLast3": 23.6,
        "oppSavesAgainstProj": 23.9,
        "oppSavesAgainstProjLast5": 22.3,
        "oppSavesAgainstProjLast3": 23.9,
        "totalOver": 14,
        "totalOverLast5": 0,
        "totalOverLast15": 0,
        "lastTotalOver": 21,
        "last5": "0,0,0,0,0,0,0,0,0,0",
        "overOdds": "+180",
        "underOdds": "0",
        "overUnder": "+180 / 0"
    },
    {
        "player": "Tage Thompson",
        "team": "BUF",
        "opponent": "CAR",
        "propType": "g",
        "line": 0.5,
        "ppLine": "PP1",
        "avg": 0.61,
        "hit": false,
        "diffAvg": 0.22,
        "diffAbs": 0.0,
        "lastAvg": 0.49,
        "diff": -0.02,
        "avgMin": 18,
        "proj": 0.5,
        "lastAvgMin": 17.87,
        "oppOver": 0,
        "teamOver": 0,
        "gameLine": "+155",
        "+/-": "+6",
        "L5_+/-": -3.0,
        "prevMatchup": "2023-02-01 0.0 g 2022-11-04 0.0 g",
        "winLossSplits": "61% - 26%",
        "awayHome": "H",
        "playedYesterday": "N",
        "awayHomeSplits": "41% - 46%",
        "savesAboveExp": -0.166,
        "gsaa": 3.8,
        "corsi": "50.9% (57.4) // 50.4% (55.3) // 47.9% (55.2) // 51.3% (57.1)",
        "fenwick": "49.6% (43.5) // 50.8% (44.2) // 47.9% (44.7) // 51.9% (47.0)",
        "shots": "49.3% (31.9) // 51.0% (32.2) // 49.3% (33.8) // 52.8% (36.5)",
        "scoring": "49.8% (30.5) // 48.4% (28.8) // 50.6% (32.8) // 49.6% (33.1)",
        "corsiAgainst": "49.1% (55.3) // 49.6% (54.5) // 52.1% (60.0) // 48.7% (54.2)",
        "fenwickAgainst": "50.4% (44.2) // 49.2% (42.9) // 52.1% (48.6) // 48.1% (43.7)",
        "shotsAgainst": "50.7% (32.8) // 49.0% (30.9) // 50.7% (34.8) // 47.2% (32.6)",
        "scoringAgainst": "50.2% (30.8) // 51.6% (30.7) // 49.4% (32.1) // 50.4% (33.6)",
        "oppCorsi": "60.0% (67.5) // 59.9% (67.5) // 65.7% (75.1) // 60.3% (69.3)",
        "oppFenwick": "59.3% (50.8) // 58.9% (50.7) // 63.5% (54.6) // 57.9% (50.1)",
        "oppShots": "57.5% (34.4) // 57.7% (34.8) // 63.3% (37.1) // 59.0% (34.2)",
        "oppScoring": "59.0% (33.5) // 57.8% (31.6) // 68.7% (36.3) // 63.7% (34.8)",
        "oppCorsiAgainst": "40.0% (45.0) // 40.1% (45.1) // 34.3% (39.2) // 39.7% (45.6)",
        "oppFenwickAgainst": "40.7% (34.9) // 41.1% (35.4) // 36.5% (31.3) // 42.1% (36.5)",
        "oppShotsAgainst": "42.5% (25.5) // 42.3% (25.5) // 36.7% (21.5) // 41.0% (23.8)",
        "oppScoringAgainst": "41.0% (23.2) // 42.2% (23.0) // 31.3% (16.6) // 36.3% (19.9)",
        "savesPerGame": 29.5,
        "savesPerGameLast1": 26.0,
        "savesPerGameLast3": 33.0,
        "savesPerGameLast5": 33.6,
        "savesPer60": 29.6,
        "savesPer60Last1": 28.2,
        "savesPer60Last3": 33.8,
        "savesPer60Last5": 34.8,
        "shotsPerGame": 32.3,
        "shotsPerGameLast5": 34.4,
        "shotsAgainstPerGame": 33.2,
        "shotsAgainstPerGameLast5": 36.8,
        "oppSavesAgainstPer60": 31.9,
        "oppSavesAgainstPer60Last1": 33.0,
        "oppSavesAgainstPer60Last3": 33.5,
        "oppSavesAgainstPer60Last5": 36.3,
        "oppShotsAgainstPerGame": 25.8,
        "oppShotsAgainstPerGameLast5": 21.8,
        "savesProj": 40.0,
        "savesProjLast5": 52.7,
        "savesProjLast3": 47.9,
        "oppSavesAgainstProj": 33.4,
        "oppSavesAgainstProjLast5": 44.9,
        "oppSavesAgainstProjLast3": 39.5,
        "totalOver": 43,
        "totalOverLast5": 60,
        "totalOverLast15": 27,
        "lastTotalOver": 38,
        "last5": "1,0,0,1,1,0,0,0,0,0",
        "overOdds": "+130",
        "underOdds": "0",
        "overUnder": "+130 / 0"
    },
    {
        "player": "Casey Mittelstadt",
        "team": "BUF",
        "opponent": "CAR",
        "propType": "g",
        "line": 0.5,
        "ppLine": "PP2",
        "avg": 0.13,
        "hit": false,
        "diffAvg": -0.74,
        "diffAbs": 0.8,
        "lastAvg": 0.15,
        "diff": -0.7,
        "avgMin": 15,
        "proj": 0.1,
        "lastAvgMin": 16.12,
        "oppOver": 0,
        "teamOver": 0,
        "gameLine": "+155",
        "+/-": -12,
        "L5_+/-": -1.0,
        "prevMatchup": "2023-02-01 0.0 g 2022-11-04 0.0 g",
        "winLossSplits": "8% - 15%",
        "awayHome": "H",
        "playedYesterday": "N",
        "awayHomeSplits": "13% - 10%",
        "savesAboveExp": -0.166,
        "gsaa": 3.8,
        "corsi": "50.9% (57.4) // 50.4% (55.3) // 47.9% (55.2) // 51.3% (57.1)",
        "fenwick": "49.6% (43.5) // 50.8% (44.2) // 47.9% (44.7) // 51.9% (47.0)",
        "shots": "49.3% (31.9) // 51.0% (32.2) // 49.3% (33.8) // 52.8% (36.5)",
        "scoring": "49.8% (30.5) // 48.4% (28.8) // 50.6% (32.8) // 49.6% (33.1)",
        "corsiAgainst": "49.1% (55.3) // 49.6% (54.5) // 52.1% (60.0) // 48.7% (54.2)",
        "fenwickAgainst": "50.4% (44.2) // 49.2% (42.9) // 52.1% (48.6) // 48.1% (43.7)",
        "shotsAgainst": "50.7% (32.8) // 49.0% (30.9) // 50.7% (34.8) // 47.2% (32.6)",
        "scoringAgainst": "50.2% (30.8) // 51.6% (30.7) // 49.4% (32.1) // 50.4% (33.6)",
        "oppCorsi": "60.0% (67.5) // 59.9% (67.5) // 65.7% (75.1) // 60.3% (69.3)",
        "oppFenwick": "59.3% (50.8) // 58.9% (50.7) // 63.5% (54.6) // 57.9% (50.1)",
        "oppShots": "57.5% (34.4) // 57.7% (34.8) // 63.3% (37.1) // 59.0% (34.2)",
        "oppScoring": "59.0% (33.5) // 57.8% (31.6) // 68.7% (36.3) // 63.7% (34.8)",
        "oppCorsiAgainst": "40.0% (45.0) // 40.1% (45.1) // 34.3% (39.2) // 39.7% (45.6)",
        "oppFenwickAgainst": "40.7% (34.9) // 41.1% (35.4) // 36.5% (31.3) // 42.1% (36.5)",
        "oppShotsAgainst": "42.5% (25.5) // 42.3% (25.5) // 36.7% (21.5) // 41.0% (23.8)",
        "oppScoringAgainst": "41.0% (23.2) // 42.2% (23.0) // 31.3% (16.6) // 36.3% (19.9)",
        "savesPerGame": 29.5,
        "savesPerGameLast1": 26.0,
        "savesPerGameLast3": 33.0,
        "savesPerGameLast5": 33.6,
        "savesPer60": 29.6,
        "savesPer60Last1": 28.2,
        "savesPer60Last3": 33.8,
        "savesPer60Last5": 34.8,
        "shotsPerGame": 32.3,
        "shotsPerGameLast5": 34.4,
        "shotsAgainstPerGame": 33.2,
        "shotsAgainstPerGameLast5": 36.8,
        "oppSavesAgainstPer60": 31.9,
        "oppSavesAgainstPer60Last1": 33.0,
        "oppSavesAgainstPer60Last3": 33.5,
        "oppSavesAgainstPer60Last5": 36.3,
        "oppShotsAgainstPerGame": 25.8,
        "oppShotsAgainstPerGameLast5": 21.8,
        "savesProj": 40.0,
        "savesProjLast5": 52.7,
        "savesProjLast3": 47.9,
        "oppSavesAgainstProj": 33.4,
        "oppSavesAgainstProjLast5": 44.9,
        "oppSavesAgainstProjLast3": 39.5,
        "totalOver": 12,
        "totalOverLast5": 0,
        "totalOverLast15": 0,
        "lastTotalOver": 15,
        "last5": "0,0,0,0,0,0,0,0,0,0",
        "overOdds": "+380",
        "underOdds": "0",
        "overUnder": "+380 / 0"
    },
    {
        "player": "Jesperi Kotkaniemi",
        "team": "CAR",
        "opponent": "BUF",
        "propType": "g",
        "line": 0.5,
        "ppLine": "PP2",
        "avg": 0.21,
        "hit": false,
        "diffAvg": -0.58,
        "diffAbs": 0.6,
        "lastAvg": 0.15,
        "diff": -0.7,
        "avgMin": 14,
        "proj": 0.2,
        "lastAvgMin": 12.02,
        "oppOver": 0,
        "teamOver": 0,
        "gameLine": "-180",
        "+/-": "+10",
        "L5_+/-": "+2.0",
        "prevMatchup": "2023-02-01 0.0 g 2022-11-04 1.0 g",
        "winLossSplits": "22% - 14%",
        "awayHome": "A",
        "playedYesterday": "N",
        "awayHomeSplits": "5% - 32%",
        "savesAboveExp": "-",
        "gsaa": "-",
        "corsi": "60.0% (67.5) // 59.9% (67.5) // 65.7% (75.1) // 60.3% (69.3)",
        "fenwick": "59.3% (50.8) // 58.9% (50.7) // 63.5% (54.6) // 57.9% (50.1)",
        "shots": "57.5% (34.4) // 57.7% (34.8) // 63.3% (37.1) // 59.0% (34.2)",
        "scoring": "59.0% (33.5) // 57.8% (31.6) // 68.7% (36.3) // 63.7% (34.8)",
        "corsiAgainst": "40.0% (45.0) // 40.1% (45.1) // 34.3% (39.2) // 39.7% (45.6)",
        "fenwickAgainst": "40.7% (34.9) // 41.1% (35.4) // 36.5% (31.3) // 42.1% (36.5)",
        "shotsAgainst": "42.5% (25.5) // 42.3% (25.5) // 36.7% (21.5) // 41.0% (23.8)",
        "scoringAgainst": "41.0% (23.2) // 42.2% (23.0) // 31.3% (16.6) // 36.3% (19.9)",
        "oppCorsi": "50.9% (57.4) // 50.4% (55.3) // 47.9% (55.2) // 51.3% (57.1)",
        "oppFenwick": "49.6% (43.5) // 50.8% (44.2) // 47.9% (44.7) // 51.9% (47.0)",
        "oppShots": "49.3% (31.9) // 51.0% (32.2) // 49.3% (33.8) // 52.8% (36.5)",
        "oppScoring": "49.8% (30.5) // 48.4% (28.8) // 50.6% (32.8) // 49.6% (33.1)",
        "oppCorsiAgainst": "49.1% (55.3) // 49.6% (54.5) // 52.1% (60.0) // 48.7% (54.2)",
        "oppFenwickAgainst": "50.4% (44.2) // 49.2% (42.9) // 52.1% (48.6) // 48.1% (43.7)",
        "oppShotsAgainst": "50.7% (32.8) // 49.0% (30.9) // 50.7% (34.8) // 47.2% (32.6)",
        "oppScoringAgainst": "50.2% (30.8) // 51.6% (30.7) // 49.4% (32.1) // 50.4% (33.6)",
        "savesPerGame": 23.3,
        "savesPerGameLast1": 20.0,
        "savesPerGameLast3": 22.3,
        "savesPerGameLast5": 20.0,
        "savesPer60": 23.5,
        "savesPer60Last1": 19.8,
        "savesPer60Last3": 22.8,
        "savesPer60Last5": 20.3,
        "shotsPerGame": 34.9,
        "shotsPerGameLast5": 37.6,
        "shotsAgainstPerGame": 25.8,
        "shotsAgainstPerGameLast5": 21.8,
        "oppSavesAgainstPer60": 28.8,
        "oppSavesAgainstPer60Last1": 30.0,
        "oppSavesAgainstPer60Last3": 30.5,
        "oppSavesAgainstPer60Last5": 30.4,
        "oppShotsAgainstPerGame": 33.2,
        "oppShotsAgainstPerGameLast5": 36.8,
        "savesProj": 22.8,
        "savesProjLast5": 21.0,
        "savesProjLast3": 23.6,
        "oppSavesAgainstProj": 23.9,
        "oppSavesAgainstProjLast5": 22.3,
        "oppSavesAgainstProjLast3": 23.9,
        "totalOver": 19,
        "totalOverLast5": 40,
        "totalOverLast15": 20,
        "lastTotalOver": 12,
        "last5": "0,1,1,0,0,0,0,0,0,0",
        "overOdds": "+200",
        "underOdds": "0",
        "overUnder": "+200 / 0"
    },
    {
        "player": "Jordan Staal",
        "team": "CAR",
        "opponent": "BUF",
        "propType": "g",
        "line": 0.5,
        "ppLine": "PP1",
        "avg": 0.22,
        "hit": false,
        "diffAvg": -0.56,
        "diffAbs": 0.6,
        "lastAvg": 0.18,
        "diff": -0.64,
        "avgMin": 16,
        "proj": 0.2,
        "lastAvgMin": 16.62,
        "oppOver": 0,
        "teamOver": 0,
        "gameLine": "-180",
        "+/-": "+7",
        "L5_+/-": "+2.0",
        "prevMatchup": "2023-02-01 0.0 g 2022-11-04 0.0 g",
        "winLossSplits": "26% - 15%",
        "awayHome": "A",
        "playedYesterday": "N",
        "awayHomeSplits": "24% - 21%",
        "savesAboveExp": "-",
        "gsaa": "-",
        "corsi": "60.0% (67.5) // 59.9% (67.5) // 65.7% (75.1) // 60.3% (69.3)",
        "fenwick": "59.3% (50.8) // 58.9% (50.7) // 63.5% (54.6) // 57.9% (50.1)",
        "shots": "57.5% (34.4) // 57.7% (34.8) // 63.3% (37.1) // 59.0% (34.2)",
        "scoring": "59.0% (33.5) // 57.8% (31.6) // 68.7% (36.3) // 63.7% (34.8)",
        "corsiAgainst": "40.0% (45.0) // 40.1% (45.1) // 34.3% (39.2) // 39.7% (45.6)",
        "fenwickAgainst": "40.7% (34.9) // 41.1% (35.4) // 36.5% (31.3) // 42.1% (36.5)",
        "shotsAgainst": "42.5% (25.5) // 42.3% (25.5) // 36.7% (21.5) // 41.0% (23.8)",
        "scoringAgainst": "41.0% (23.2) // 42.2% (23.0) // 31.3% (16.6) // 36.3% (19.9)",
        "oppCorsi": "50.9% (57.4) // 50.4% (55.3) // 47.9% (55.2) // 51.3% (57.1)",
        "oppFenwick": "49.6% (43.5) // 50.8% (44.2) // 47.9% (44.7) // 51.9% (47.0)",
        "oppShots": "49.3% (31.9) // 51.0% (32.2) // 49.3% (33.8) // 52.8% (36.5)",
        "oppScoring": "49.8% (30.5) // 48.4% (28.8) // 50.6% (32.8) // 49.6% (33.1)",
        "oppCorsiAgainst": "49.1% (55.3) // 49.6% (54.5) // 52.1% (60.0) // 48.7% (54.2)",
        "oppFenwickAgainst": "50.4% (44.2) // 49.2% (42.9) // 52.1% (48.6) // 48.1% (43.7)",
        "oppShotsAgainst": "50.7% (32.8) // 49.0% (30.9) // 50.7% (34.8) // 47.2% (32.6)",
        "oppScoringAgainst": "50.2% (30.8) // 51.6% (30.7) // 49.4% (32.1) // 50.4% (33.6)",
        "savesPerGame": 23.3,
        "savesPerGameLast1": 20.0,
        "savesPerGameLast3": 22.3,
        "savesPerGameLast5": 20.0,
        "savesPer60": 23.5,
        "savesPer60Last1": 19.8,
        "savesPer60Last3": 22.8,
        "savesPer60Last5": 20.3,
        "shotsPerGame": 34.9,
        "shotsPerGameLast5": 37.6,
        "shotsAgainstPerGame": 25.8,
        "shotsAgainstPerGameLast5": 21.8,
        "oppSavesAgainstPer60": 28.8,
        "oppSavesAgainstPer60Last1": 30.0,
        "oppSavesAgainstPer60Last3": 30.5,
        "oppSavesAgainstPer60Last5": 30.4,
        "oppShotsAgainstPerGame": 33.2,
        "oppShotsAgainstPerGameLast5": 36.8,
        "savesProj": 22.8,
        "savesProjLast5": 21.0,
        "savesProjLast3": 23.6,
        "oppSavesAgainstProj": 23.9,
        "oppSavesAgainstProjLast5": 22.3,
        "oppSavesAgainstProjLast3": 23.9,
        "totalOver": 22,
        "totalOverLast5": 0,
        "totalOverLast15": 7,
        "lastTotalOver": 15,
        "last5": "0,0,0,0,0,0,0,1,0,0",
        "overOdds": "+260",
        "underOdds": "0",
        "overUnder": "+260 / 0"
    },
    {
        "player": "Teuvo Teravainen",
        "team": "CAR",
        "opponent": "BUF",
        "propType": "g",
        "line": 0.5,
        "ppLine": "PP2",
        "avg": 0.19,
        "hit": false,
        "diffAvg": -0.62,
        "diffAbs": 0.6,
        "lastAvg": 0.24,
        "diff": -0.52,
        "avgMin": 16,
        "proj": 0.2,
        "lastAvgMin": 17.68,
        "oppOver": 0,
        "teamOver": 0,
        "gameLine": "-180",
        "+/-": "+10",
        "L5_+/-": 0.0,
        "prevMatchup": "2023-02-01 0.0 g 2022-11-04 0.0 g",
        "winLossSplits": "21% - 5%",
        "awayHome": "A",
        "playedYesterday": "N",
        "awayHomeSplits": "3% - 26%",
        "savesAboveExp": "-",
        "gsaa": "-",
        "corsi": "60.0% (67.5) // 59.9% (67.5) // 65.7% (75.1) // 60.3% (69.3)",
        "fenwick": "59.3% (50.8) // 58.9% (50.7) // 63.5% (54.6) // 57.9% (50.1)",
        "shots": "57.5% (34.4) // 57.7% (34.8) // 63.3% (37.1) // 59.0% (34.2)",
