[
    {
        "player": "Alex Pietrangelo",
        "team": "VGK",
        "opponent": "DAL",
        "propType": "ast",
        "line": 0.5,
        "ppLine": "PP2",
        "avg": 0.59,
        "hit": false,
        "diffAvg": 0.18,
        "diffAbs": 0.2,
        "lastAvg": 0.38,
        "diff": -0.24,
        "avgMin": 23,
        "proj": 0.4,
        "lastAvgMin": 24.63,
        "oppOver": 0,
        "teamOver": 0,
        "gameLine": "-145",
        "+/-": "+20",
        "L5_+/-": "+7.0",
        "prevMatchup": "2023-05-23 0.0 ast 2023-05-21 0.0 ast 2023-05-19 1.0 ast 2023-04-08 0.0 ast 2023-02-25 0.0 ast 2023-01-16 0.0 ast",
        "winLossSplits": "55% - 19%",
        "awayHome": "H",
        "playedYesterday": "N",
        "awayHomeSplits": "37% - 47%",
        "savesAboveExp": 0.39,
        "gsaa": 26.05,
        "corsi": "48.6% (57.5) // 48.0% (56.0) // 48.6% (57.5) // 48.6% (57.5)",
        "fenwick": "49.7% (42.3) // 48.8% (40.5) // 49.7% (42.3) // 49.7% (42.3)",
        "shots": "50.5% (31.1) // 50.2% (28.8) // 50.5% (31.1) // 50.5% (31.1)",
        "scoring": "49.5% (29.2) // 49.0% (28.7) // 49.5% (29.2) // 49.5% (29.2)",
        "corsiAgainst": "51.4% (60.7) // 52.0% (60.6) // 51.4% (60.7) // 51.4% (60.7)",
        "fenwickAgainst": "50.3% (42.8) // 51.2% (42.5) // 50.3% (42.8) // 50.3% (42.8)",
        "shotsAgainst": "49.5% (30.4) // 49.8% (28.5) // 49.5% (30.4) // 49.5% (30.4)",
        "scoringAgainst": "50.5% (29.8) // 51.0% (29.9) // 50.5% (29.8) // 50.5% (29.8)",
        "oppCorsi": "52.0% (59.9) // 57.0% (56.0) // 52.0% (59.9) // 52.0% (59.9)",
        "oppFenwick": "51.3% (43.7) // 56.1% (40.6) // 51.3% (43.7) // 51.3% (43.7)",
        "oppShots": "51.6% (31.5) // 56.3% (29.0) // 51.6% (31.5) // 51.6% (31.5)",
        "oppScoring": "53.7% (31.5) // 61.3% (29.6) // 53.7% (31.5) // 53.7% (31.5)",
        "oppCorsiAgainst": "48.0% (55.3) // 43.0% (42.3) // 48.0% (55.3) // 48.0% (55.3)",
        "oppFenwickAgainst": "48.7% (41.4) // 43.9% (31.7) // 48.7% (41.4) // 48.7% (41.4)",
        "oppShotsAgainst": "48.4% (29.5) // 43.7% (22.5) // 48.4% (29.5) // 48.4% (29.5)",
        "oppScoringAgainst": "46.3% (27.2) // 38.7% (18.6) // 46.3% (27.2) // 46.3% (27.2)",
        "savesPerGame": 28.1,
        "savesPerGameLast1": 39.0,
        "savesPerGameLast3": 33.0,
        "savesPerGameLast5": 34.2,
        "savesPer60": 33.3,
        "savesPer60Last1": 38.9,
        "savesPer60Last3": 33.4,
        "savesPer60Last5": 34.5,
        "shotsPerGame": 31.5,
        "shotsPerGameLast5": 27.6,
        "shotsAgainstPerGame": 30.9,
        "shotsAgainstPerGameLast5": 36.2,
        "oppSavesAgainstPer60": 34.0,
        "oppSavesAgainstPer60Last1": 42.2,
        "oppSavesAgainstPer60Last3": 33.8,
        "oppSavesAgainstPer60Last5": 31.6,
        "oppShotsAgainstPerGame": 29.9,
        "oppShotsAgainstPerGameLast5": 27.8,
        "savesProj": 28.2,
        "savesProjLast5": 29.0,
        "savesProjLast3": 31.4,
        "oppSavesAgainstProj": 32.2,
        "oppSavesAgainstProjLast5": 30.3,
        "oppSavesAgainstProjLast3": 30.8,
        "totalOver": 42,
        "totalOverLast5": 40,
        "totalOverLast15": 40,
        "lastTotalOver": 37,
        "last5": "0,0,1,1,0,0,0,1,1,0",
        "overOdds": "+135",
        "underOdds": "-165",
        "overUnder": "+135 / -165"
    },
    {
        "player": "Jack Eichel",
        "team": "VGK",
        "opponent": "DAL",
        "propType": "ast",
        "line": 0.5,
        "ppLine": "PP1",
        "avg": 0.6,
        "hit": false,
        "diffAvg": 0.2,
        "diffAbs": 0.4,
        "lastAvg": 0.32,
        "diff": -0.36,
        "avgMin": 18,
        "proj": 0.3,
        "lastAvgMin": 19.38,
        "oppOver": 0,
        "teamOver": 0,
        "gameLine": "-145",
        "+/-": "+35",
        "L5_+/-": "+11.0",
        "prevMatchup": "2023-05-23 1.0 ast 2023-05-21 1.0 ast 2023-05-19 0.0 ast 2023-02-25 0.0 ast 2023-01-16 0.0 ast",
        "winLossSplits": "61% - 30%",
        "awayHome": "H",
        "playedYesterday": "N",
        "awayHomeSplits": "55% - 46%",
        "savesAboveExp": 0.39,
        "gsaa": 26.05,
        "corsi": "48.6% (57.5) // 48.0% (56.0) // 48.6% (57.5) // 48.6% (57.5)",
        "fenwick": "49.7% (42.3) // 48.8% (40.5) // 49.7% (42.3) // 49.7% (42.3)",
        "shots": "50.5% (31.1) // 50.2% (28.8) // 50.5% (31.1) // 50.5% (31.1)",
        "scoring": "49.5% (29.2) // 49.0% (28.7) // 49.5% (29.2) // 49.5% (29.2)",
        "corsiAgainst": "51.4% (60.7) // 52.0% (60.6) // 51.4% (60.7) // 51.4% (60.7)",
        "fenwickAgainst": "50.3% (42.8) // 51.2% (42.5) // 50.3% (42.8) // 50.3% (42.8)",
        "shotsAgainst": "49.5% (30.4) // 49.8% (28.5) // 49.5% (30.4) // 49.5% (30.4)",
        "scoringAgainst": "50.5% (29.8) // 51.0% (29.9) // 50.5% (29.8) // 50.5% (29.8)",
        "oppCorsi": "52.0% (59.9) // 57.0% (56.0) // 52.0% (59.9) // 52.0% (59.9)",
        "oppFenwick": "51.3% (43.7) // 56.1% (40.6) // 51.3% (43.7) // 51.3% (43.7)",
        "oppShots": "51.6% (31.5) // 56.3% (29.0) // 51.6% (31.5) // 51.6% (31.5)",
        "oppScoring": "53.7% (31.5) // 61.3% (29.6) // 53.7% (31.5) // 53.7% (31.5)",
        "oppCorsiAgainst": "48.0% (55.3) // 43.0% (42.3) // 48.0% (55.3) // 48.0% (55.3)",
        "oppFenwickAgainst": "48.7% (41.4) // 43.9% (31.7) // 48.7% (41.4) // 48.7% (41.4)",
        "oppShotsAgainst": "48.4% (29.5) // 43.7% (22.5) // 48.4% (29.5) // 48.4% (29.5)",
        "oppScoringAgainst": "46.3% (27.2) // 38.7% (18.6) // 46.3% (27.2) // 46.3% (27.2)",
        "savesPerGame": 28.1,
        "savesPerGameLast1": 39.0,
        "savesPerGameLast3": 33.0,
        "savesPerGameLast5": 34.2,
        "savesPer60": 33.3,
        "savesPer60Last1": 38.9,
        "savesPer60Last3": 33.4,
        "savesPer60Last5": 34.5,
        "shotsPerGame": 31.5,
        "shotsPerGameLast5": 27.6,
        "shotsAgainstPerGame": 30.9,
        "shotsAgainstPerGameLast5": 36.2,
        "oppSavesAgainstPer60": 34.0,
        "oppSavesAgainstPer60Last1": 42.2,
        "oppSavesAgainstPer60Last3": 33.8,
        "oppSavesAgainstPer60Last5": 31.6,
        "oppShotsAgainstPerGame": 29.9,
        "oppShotsAgainstPerGameLast5": 27.8,
        "savesProj": 28.2,
        "savesProjLast5": 29.0,
        "savesProjLast3": 31.4,
        "oppSavesAgainstProj": 32.2,
        "oppSavesAgainstProjLast5": 30.3,
        "oppSavesAgainstProjLast3": 30.8,
        "totalOver": 51,
        "totalOverLast5": 80,
        "totalOverLast15": 53,
        "lastTotalOver": 32,
        "last5": "1,1,0,1,2,0,2,0,1,1",
        "overOdds": "+105",
        "underOdds": "-135",
        "overUnder": "+105 / -135"
    },
    {
        "player": "Jason Robertson",
        "team": "DAL",
        "opponent": "VGK",
        "propType": "ast",
        "line": 0.5,
        "ppLine": "PP1",
        "avg": 0.76,
        "hit": false,
        "diffAvg": 0.52,
        "diffAbs": 0.0,
        "lastAvg": 0.47,
        "diff": -0.06,
        "avgMin": 18,
        "proj": 0.5,
        "lastAvgMin": 18.1,
        "oppOver": 0,
        "teamOver": 0,
        "gameLine": "+125",
        "+/-": "+38",
        "L5_+/-": "+1.0",
        "prevMatchup": "2023-05-23 0.0 ast 2023-05-21 0.0 ast 2023-05-19 1.0 ast 2023-04-08 0.0 ast 2023-02-25 1.0 ast 2023-01-16 0.0 ast",
        "winLossSplits": "65% - 33%",
        "awayHome": "A",
        "playedYesterday": "N",
        "awayHomeSplits": "53% - 49%",
        "savesAboveExp": -0.478,
        "gsaa": 8.04,
        "corsi": "52.0% (59.9) // 57.0% (56.0) // 52.0% (59.9) // 52.0% (59.9)",
        "fenwick": "51.3% (43.7) // 56.1% (40.6) // 51.3% (43.7) // 51.3% (43.7)",
        "shots": "51.6% (31.5) // 56.3% (29.0) // 51.6% (31.5) // 51.6% (31.5)",
        "scoring": "53.7% (31.5) // 61.3% (29.6) // 53.7% (31.5) // 53.7% (31.5)",
        "corsiAgainst": "48.0% (55.3) // 43.0% (42.3) // 48.0% (55.3) // 48.0% (55.3)",
        "fenwickAgainst": "48.7% (41.4) // 43.9% (31.7) // 48.7% (41.4) // 48.7% (41.4)",
        "shotsAgainst": "48.4% (29.5) // 43.7% (22.5) // 48.4% (29.5) // 48.4% (29.5)",
        "scoringAgainst": "46.3% (27.2) // 38.7% (18.6) // 46.3% (27.2) // 46.3% (27.2)",
        "oppCorsi": "48.6% (57.5) // 48.0% (56.0) // 48.6% (57.5) // 48.6% (57.5)",
        "oppFenwick": "49.7% (42.3) // 48.8% (40.5) // 49.7% (42.3) // 49.7% (42.3)",
        "oppShots": "50.5% (31.1) // 50.2% (28.8) // 50.5% (31.1) // 50.5% (31.1)",
        "oppScoring": "49.5% (29.2) // 49.0% (28.7) // 49.5% (29.2) // 49.5% (29.2)",
        "oppCorsiAgainst": "51.4% (60.7) // 52.0% (60.6) // 51.4% (60.7) // 51.4% (60.7)",
        "oppFenwickAgainst": "50.3% (42.8) // 51.2% (42.5) // 50.3% (42.8) // 50.3% (42.8)",
        "oppShotsAgainst": "49.5% (30.4) // 49.8% (28.5) // 49.5% (30.4) // 49.5% (30.4)",
        "oppScoringAgainst": "50.5% (29.8) // 51.0% (29.9) // 50.5% (29.8) // 50.5% (29.8)",
        "savesPerGame": 27.3,
        "savesPerGameLast1": 37.0,
        "savesPerGameLast3": 23.3,
        "savesPerGameLast5": 25.0,
        "savesPer60": 33.0,
        "savesPer60Last1": 36.8,
        "savesPer60Last3": 23.6,
        "savesPer60Last5": 25.0,
        "shotsPerGame": 31.9,
        "shotsPerGameLast5": 33.6,
        "shotsAgainstPerGame": 29.9,
        "shotsAgainstPerGameLast5": 27.8,
        "oppSavesAgainstPer60": 33.3,
        "oppSavesAgainstPer60Last1": 36.6,
        "oppSavesAgainstPer60Last3": 23.9,
        "oppSavesAgainstPer60Last5": 24.3,
        "oppShotsAgainstPerGame": 30.9,
        "oppShotsAgainstPerGameLast5": 36.2,
        "savesProj": 27.8,
        "savesProjLast5": 16.5,
        "savesProjLast3": 15.6,
        "oppSavesAgainstProj": 30.2,
        "oppSavesAgainstProjLast5": 16.6,
        "oppSavesAgainstProjLast3": 15.8,
        "totalOver": 51,
        "totalOverLast5": 40,
        "totalOverLast15": 47,
        "lastTotalOver": 41,
        "last5": "0,0,1,0,1,3,1,0,0,0",
        "overOdds": "-120",
        "underOdds": "-110",
        "overUnder": "-120 / -110"
    },
    {
        "player": "Joe Pavelski",
        "team": "DAL",
        "opponent": "VGK",
        "propType": "ast",
        "line": 0.5,
        "ppLine": "PP1",
        "avg": 0.57,
        "hit": false,
        "diffAvg": 0.14,
        "diffAbs": 0.0,
        "lastAvg": 0.59,
        "diff": 0.18,
        "avgMin": 17,
        "proj": 0.5,
        "lastAvgMin": 18.47,
        "oppOver": 0,
        "teamOver": 0,
        "gameLine": "+125",
        "+/-": "+43",
        "L5_+/-": "+1.0",
        "prevMatchup": "2023-05-23 0.0 ast 2023-05-21 0.0 ast 2023-05-19 2.0 ast 2023-04-08 0.0 ast 2023-02-25 0.0 ast 2023-01-16 1.0 ast",
        "winLossSplits": "49% - 38%",
        "awayHome": "A",
        "playedYesterday": "N",
        "awayHomeSplits": "35% - 53%",
        "savesAboveExp": -0.478,
        "gsaa": 8.04,
        "corsi": "52.0% (59.9) // 57.0% (56.0) // 52.0% (59.9) // 52.0% (59.9)",
        "fenwick": "51.3% (43.7) // 56.1% (40.6) // 51.3% (43.7) // 51.3% (43.7)",
        "shots": "51.6% (31.5) // 56.3% (29.0) // 51.6% (31.5) // 51.6% (31.5)",
        "scoring": "53.7% (31.5) // 61.3% (29.6) // 53.7% (31.5) // 53.7% (31.5)",
        "corsiAgainst": "48.0% (55.3) // 43.0% (42.3) // 48.0% (55.3) // 48.0% (55.3)",
        "fenwickAgainst": "48.7% (41.4) // 43.9% (31.7) // 48.7% (41.4) // 48.7% (41.4)",
        "shotsAgainst": "48.4% (29.5) // 43.7% (22.5) // 48.4% (29.5) // 48.4% (29.5)",
        "scoringAgainst": "46.3% (27.2) // 38.7% (18.6) // 46.3% (27.2) // 46.3% (27.2)",
        "oppCorsi": "48.6% (57.5) // 48.0% (56.0) // 48.6% (57.5) // 48.6% (57.5)",
        "oppFenwick": "49.7% (42.3) // 48.8% (40.5) // 49.7% (42.3) // 49.7% (42.3)",
        "oppShots": "50.5% (31.1) // 50.2% (28.8) // 50.5% (31.1) // 50.5% (31.1)",
        "oppScoring": "49.5% (29.2) // 49.0% (28.7) // 49.5% (29.2) // 49.5% (29.2)",
        "oppCorsiAgainst": "51.4% (60.7) // 52.0% (60.6) // 51.4% (60.7) // 51.4% (60.7)",
        "oppFenwickAgainst": "50.3% (42.8) // 51.2% (42.5) // 50.3% (42.8) // 50.3% (42.8)",
        "oppShotsAgainst": "49.5% (30.4) // 49.8% (28.5) // 49.5% (30.4) // 49.5% (30.4)",
        "oppScoringAgainst": "50.5% (29.8) // 51.0% (29.9) // 50.5% (29.8) // 50.5% (29.8)",
        "savesPerGame": 27.3,
        "savesPerGameLast1": 37.0,
        "savesPerGameLast3": 23.3,
        "savesPerGameLast5": 25.0,
        "savesPer60": 33.0,
        "savesPer60Last1": 36.8,
        "savesPer60Last3": 23.6,
        "savesPer60Last5": 25.0,
        "shotsPerGame": 31.9,
        "shotsPerGameLast5": 33.6,
        "shotsAgainstPerGame": 29.9,
        "shotsAgainstPerGameLast5": 27.8,
        "oppSavesAgainstPer60": 33.3,
        "oppSavesAgainstPer60Last1": 36.6,
        "oppSavesAgainstPer60Last3": 23.9,
        "oppSavesAgainstPer60Last5": 24.3,
        "oppShotsAgainstPerGame": 30.9,
        "oppShotsAgainstPerGameLast5": 36.2,
        "savesProj": 27.8,
        "savesProjLast5": 16.5,
        "savesProjLast3": 15.6,
        "oppSavesAgainstProj": 30.2,
        "oppSavesAgainstProjLast5": 16.6,
        "oppSavesAgainstProjLast3": 15.8,
        "totalOver": 44,
        "totalOverLast5": 20,
        "totalOverLast15": 20,
        "lastTotalOver": 49,
        "last5": "0,0,2,0,0,1,0,0,0,0",
        "overOdds": "+160",
        "underOdds": "-195",
        "overUnder": "+160 / -195"
    },
    {
        "player": "Jonathan Marchessault",
        "team": "VGK",
        "opponent": "DAL",
        "propType": "ast",
        "line": 0.5,
        "ppLine": "PP1",
        "avg": 0.39,
        "hit": false,
        "diffAvg": -0.22,
        "diffAbs": 0.0,
        "lastAvg": 0.47,
        "diff": -0.06,
        "avgMin": 17,
        "proj": 0.5,
        "lastAvgMin": 17.57,
        "oppOver": 0,
        "teamOver": 0,
        "gameLine": "-145",
        "+/-": "+13",
        "L5_+/-": "+9.0",
        "prevMatchup": "2023-05-23 0.0 ast 2023-05-21 1.0 ast 2023-05-19 0.0 ast 2023-04-08 0.0 ast 2023-02-25 1.0 ast 2023-01-16 0.0 ast",
        "winLossSplits": "40% - 19%",
        "awayHome": "H",
        "playedYesterday": "N",
        "awayHomeSplits": "32% - 33%",
        "savesAboveExp": 0.39,
        "gsaa": 26.05,
        "corsi": "48.6% (57.5) // 48.0% (56.0) // 48.6% (57.5) // 48.6% (57.5)",
        "fenwick": "49.7% (42.3) // 48.8% (40.5) // 49.7% (42.3) // 49.7% (42.3)",
        "shots": "50.5% (31.1) // 50.2% (28.8) // 50.5% (31.1) // 50.5% (31.1)",
        "scoring": "49.5% (29.2) // 49.0% (28.7) // 49.5% (29.2) // 49.5% (29.2)",
        "corsiAgainst": "51.4% (60.7) // 52.0% (60.6) // 51.4% (60.7) // 51.4% (60.7)",
        "fenwickAgainst": "50.3% (42.8) // 51.2% (42.5) // 50.3% (42.8) // 50.3% (42.8)",
        "shotsAgainst": "49.5% (30.4) // 49.8% (28.5) // 49.5% (30.4) // 49.5% (30.4)",
        "scoringAgainst": "50.5% (29.8) // 51.0% (29.9) // 50.5% (29.8) // 50.5% (29.8)",
        "oppCorsi": "52.0% (59.9) // 57.0% (56.0) // 52.0% (59.9) // 52.0% (59.9)",
        "oppFenwick": "51.3% (43.7) // 56.1% (40.6) // 51.3% (43.7) // 51.3% (43.7)",
        "oppShots": "51.6% (31.5) // 56.3% (29.0) // 51.6% (31.5) // 51.6% (31.5)",
        "oppScoring": "53.7% (31.5) // 61.3% (29.6) // 53.7% (31.5) // 53.7% (31.5)",
        "oppCorsiAgainst": "48.0% (55.3) // 43.0% (42.3) // 48.0% (55.3) // 48.0% (55.3)",
        "oppFenwickAgainst": "48.7% (41.4) // 43.9% (31.7) // 48.7% (41.4) // 48.7% (41.4)",
        "oppShotsAgainst": "48.4% (29.5) // 43.7% (22.5) // 48.4% (29.5) // 48.4% (29.5)",
        "oppScoringAgainst": "46.3% (27.2) // 38.7% (18.6) // 46.3% (27.2) // 46.3% (27.2)",
        "savesPerGame": 28.1,
        "savesPerGameLast1": 39.0,
        "savesPerGameLast3": 33.0,
        "savesPerGameLast5": 34.2,
        "savesPer60": 33.3,
        "savesPer60Last1": 38.9,
        "savesPer60Last3": 33.4,
        "savesPer60Last5": 34.5,
        "shotsPerGame": 31.5,
        "shotsPerGameLast5": 27.6,
        "shotsAgainstPerGame": 30.9,
        "shotsAgainstPerGameLast5": 36.2,
        "oppSavesAgainstPer60": 34.0,
        "oppSavesAgainstPer60Last1": 42.2,
        "oppSavesAgainstPer60Last3": 33.8,
        "oppSavesAgainstPer60Last5": 31.6,
        "oppShotsAgainstPerGame": 29.9,
        "oppShotsAgainstPerGameLast5": 27.8,
        "savesProj": 28.2,
        "savesProjLast5": 29.0,
        "savesProjLast3": 31.4,
        "oppSavesAgainstProj": 32.2,
        "oppSavesAgainstProjLast5": 30.3,
        "oppSavesAgainstProjLast3": 30.8,
        "totalOver": 32,
        "totalOverLast5": 40,
        "totalOverLast15": 27,
        "lastTotalOver": 35,
        "last5": "0,1,0,0,3,0,0,0,0,0",
        "overOdds": "+175",
        "underOdds": "-215",
        "overUnder": "+175 / -215"
    },
    {
        "player": "Mark Stone",
        "team": "VGK",
        "opponent": "DAL",
        "propType": "ast",
        "line": 0.5,
        "ppLine": "PP1",
        "avg": 0.53,
        "hit": false,
        "diffAvg": 0.06,
        "diffAbs": 0.2,
        "lastAvg": 0.55,
        "diff": 0.1,
        "avgMin": 19,
        "proj": 0.6,
        "lastAvgMin": 18.33,
        "oppOver": 0,
        "teamOver": 0,
        "gameLine": "-145",
        "+/-": "+15",
        "L5_+/-": "+1.0",
        "prevMatchup": "2023-05-23 0.0 ast 2023-05-21 1.0 ast 2023-05-19 1.0 ast",
        "winLossSplits": "54% - 28%",
        "awayHome": "H",
        "playedYesterday": "N",
        "awayHomeSplits": "54% - 39%",
        "savesAboveExp": 0.39,
        "gsaa": 26.05,
        "corsi": "48.6% (57.5) // 48.0% (56.0) // 48.6% (57.5) // 48.6% (57.5)",
        "fenwick": "49.7% (42.3) // 48.8% (40.5) // 49.7% (42.3) // 49.7% (42.3)",
        "shots": "50.5% (31.1) // 50.2% (28.8) // 50.5% (31.1) // 50.5% (31.1)",
        "scoring": "49.5% (29.2) // 49.0% (28.7) // 49.5% (29.2) // 49.5% (29.2)",
        "corsiAgainst": "51.4% (60.7) // 52.0% (60.6) // 51.4% (60.7) // 51.4% (60.7)",
        "fenwickAgainst": "50.3% (42.8) // 51.2% (42.5) // 50.3% (42.8) // 50.3% (42.8)",
        "shotsAgainst": "49.5% (30.4) // 49.8% (28.5) // 49.5% (30.4) // 49.5% (30.4)",
        "scoringAgainst": "50.5% (29.8) // 51.0% (29.9) // 50.5% (29.8) // 50.5% (29.8)",
        "oppCorsi": "52.0% (59.9) // 57.0% (56.0) // 52.0% (59.9) // 52.0% (59.9)",
        "oppFenwick": "51.3% (43.7) // 56.1% (40.6) // 51.3% (43.7) // 51.3% (43.7)",
        "oppShots": "51.6% (31.5) // 56.3% (29.0) // 51.6% (31.5) // 51.6% (31.5)",
        "oppScoring": "53.7% (31.5) // 61.3% (29.6) // 53.7% (31.5) // 53.7% (31.5)",
        "oppCorsiAgainst": "48.0% (55.3) // 43.0% (42.3) // 48.0% (55.3) // 48.0% (55.3)",
        "oppFenwickAgainst": "48.7% (41.4) // 43.9% (31.7) // 48.7% (41.4) // 48.7% (41.4)",
        "oppShotsAgainst": "48.4% (29.5) // 43.7% (22.5) // 48.4% (29.5) // 48.4% (29.5)",
        "oppScoringAgainst": "46.3% (27.2) // 38.7% (18.6) // 46.3% (27.2) // 46.3% (27.2)",
        "savesPerGame": 28.1,
        "savesPerGameLast1": 39.0,
        "savesPerGameLast3": 33.0,
        "savesPerGameLast5": 34.2,
        "savesPer60": 33.3,
        "savesPer60Last1": 38.9,
        "savesPer60Last3": 33.4,
        "savesPer60Last5": 34.5,
        "shotsPerGame": 31.5,
        "shotsPerGameLast5": 27.6,
        "shotsAgainstPerGame": 30.9,
        "shotsAgainstPerGameLast5": 36.2,
        "oppSavesAgainstPer60": 34.0,
        "oppSavesAgainstPer60Last1": 42.2,
        "oppSavesAgainstPer60Last3": 33.8,
        "oppSavesAgainstPer60Last5": 31.6,
        "oppShotsAgainstPerGame": 29.9,
        "oppShotsAgainstPerGameLast5": 27.8,
        "savesProj": 28.2,
        "savesProjLast5": 29.0,
        "savesProjLast3": 31.4,
        "oppSavesAgainstProj": 32.2,
        "oppSavesAgainstProjLast5": 30.3,
        "oppSavesAgainstProjLast3": 30.8,
        "totalOver": 46,
        "totalOverLast5": 40,
        "totalOverLast15": 53,
        "lastTotalOver": 47,
        "last5": "0,1,1,0,0,0,0,1,1,2",
        "overOdds": "+135",
        "underOdds": "-165",
        "overUnder": "+135 / -165"
    },
    {
        "player": "Mason Marchment",
        "team": "DAL",
        "opponent": "VGK",
        "propType": "ast",
        "line": 0.5,
        "ppLine": "PP2",
        "avg": 0.25,
        "hit": false,
        "diffAvg": -0.5,
        "diffAbs": 0.0,
        "lastAvg": 0.5,
        "diff": 0.0,
        "avgMin": 15,
        "proj": 0.5,
        "lastAvgMin": 14.12,
        "oppOver": 0,
        "teamOver": 0,
        "gameLine": "+125",
        "+/-": -13,
        "L5_+/-": -5.0,
        "prevMatchup": "2023-05-23 0.0 ast 2023-05-21 0.0 ast 2023-05-19 0.0 ast 2023-02-25 0.0 ast 2023-01-16 0.0 ast",
        "winLossSplits": "22% - 18%",
        "awayHome": "A",
        "playedYesterday": "N",
        "awayHomeSplits": "17% - 24%",
        "savesAboveExp": -0.478,
        "gsaa": 8.04,
        "corsi": "52.0% (59.9) // 57.0% (56.0) // 52.0% (59.9) // 52.0% (59.9)",
        "fenwick": "51.3% (43.7) // 56.1% (40.6) // 51.3% (43.7) // 51.3% (43.7)",
        "shots": "51.6% (31.5) // 56.3% (29.0) // 51.6% (31.5) // 51.6% (31.5)",
        "scoring": "53.7% (31.5) // 61.3% (29.6) // 53.7% (31.5) // 53.7% (31.5)",
        "corsiAgainst": "48.0% (55.3) // 43.0% (42.3) // 48.0% (55.3) // 48.0% (55.3)",
        "fenwickAgainst": "48.7% (41.4) // 43.9% (31.7) // 48.7% (41.4) // 48.7% (41.4)",
        "shotsAgainst": "48.4% (29.5) // 43.7% (22.5) // 48.4% (29.5) // 48.4% (29.5)",
        "scoringAgainst": "46.3% (27.2) // 38.7% (18.6) // 46.3% (27.2) // 46.3% (27.2)",
        "oppCorsi": "48.6% (57.5) // 48.0% (56.0) // 48.6% (57.5) // 48.6% (57.5)",
        "oppFenwick": "49.7% (42.3) // 48.8% (40.5) // 49.7% (42.3) // 49.7% (42.3)",
        "oppShots": "50.5% (31.1) // 50.2% (28.8) // 50.5% (31.1) // 50.5% (31.1)",
        "oppScoring": "49.5% (29.2) // 49.0% (28.7) // 49.5% (29.2) // 49.5% (29.2)",
        "oppCorsiAgainst": "51.4% (60.7) // 52.0% (60.6) // 51.4% (60.7) // 51.4% (60.7)",
        "oppFenwickAgainst": "50.3% (42.8) // 51.2% (42.5) // 50.3% (42.8) // 50.3% (42.8)",
        "oppShotsAgainst": "49.5% (30.4) // 49.8% (28.5) // 49.5% (30.4) // 49.5% (30.4)",
        "oppScoringAgainst": "50.5% (29.8) // 51.0% (29.9) // 50.5% (29.8) // 50.5% (29.8)",
        "savesPerGame": 27.3,
        "savesPerGameLast1": 37.0,
        "savesPerGameLast3": 23.3,
        "savesPerGameLast5": 25.0,
        "savesPer60": 33.0,
        "savesPer60Last1": 36.8,
        "savesPer60Last3": 23.6,
        "savesPer60Last5": 25.0,
        "shotsPerGame": 31.9,
        "shotsPerGameLast5": 33.6,
        "shotsAgainstPerGame": 29.9,
        "shotsAgainstPerGameLast5": 27.8,
        "oppSavesAgainstPer60": 33.3,
        "oppSavesAgainstPer60Last1": 36.6,
        "oppSavesAgainstPer60Last3": 23.9,
        "oppSavesAgainstPer60Last5": 24.3,
        "oppShotsAgainstPerGame": 30.9,
        "oppShotsAgainstPerGameLast5": 36.2,
        "savesProj": 27.8,
        "savesProjLast5": 16.5,
        "savesProjLast3": 15.6,
        "oppSavesAgainstProj": 30.2,
        "oppSavesAgainstProjLast5": 16.6,
        "oppSavesAgainstProjLast3": 15.8,
        "totalOver": 20,
        "totalOverLast5": 0,
        "totalOverLast15": 13,
        "lastTotalOver": 38,
        "last5": "0,0,0,0,0,0,0,0,1,1",
        "overOdds": "+310",
        "underOdds": "-410",
        "overUnder": "+310 / -410"
    },
    {
        "player": "Max Domi",
        "team": "DAL",
        "opponent": "VGK",
        "propType": "ast",
        "line": 0.5,
        "ppLine": "PP2",
        "avg": 0.46,
        "hit": false,
        "diffAvg": -0.08,
        "diffAbs": 0.2,
        "lastAvg": 0.33,
        "diff": -0.34,
        "avgMin": 17,
        "proj": 0.4,
        "lastAvgMin": 13.03,
        "oppOver": 0,
        "teamOver": 0,
        "gameLine": "+125",
        "+/-": -11,
        "L5_+/-": -4.0,
        "prevMatchup": "2023-05-23 0.0 ast 2023-05-21 0.0 ast 2023-05-19 0.0 ast 2023-04-08 0.0 ast 2023-02-21 1.0 ast 2022-12-15 0.0 ast 2022-10-13 0.0 ast",
        "winLossSplits": "47% - 30%",
        "awayHome": "A",
        "playedYesterday": "N",
        "awayHomeSplits": "42% - 33%",
        "savesAboveExp": -0.478,
        "gsaa": 8.04,
        "corsi": "52.0% (59.9) // 57.0% (56.0) // 52.0% (59.9) // 52.0% (59.9)",
        "fenwick": "51.3% (43.7) // 56.1% (40.6) // 51.3% (43.7) // 51.3% (43.7)",
        "shots": "51.6% (31.5) // 56.3% (29.0) // 51.6% (31.5) // 51.6% (31.5)",
        "scoring": "53.7% (31.5) // 61.3% (29.6) // 53.7% (31.5) // 53.7% (31.5)",
        "corsiAgainst": "48.0% (55.3) // 43.0% (42.3) // 48.0% (55.3) // 48.0% (55.3)",
        "fenwickAgainst": "48.7% (41.4) // 43.9% (31.7) // 48.7% (41.4) // 48.7% (41.4)",
        "shotsAgainst": "48.4% (29.5) // 43.7% (22.5) // 48.4% (29.5) // 48.4% (29.5)",
        "scoringAgainst": "46.3% (27.2) // 38.7% (18.6) // 46.3% (27.2) // 46.3% (27.2)",
        "oppCorsi": "48.6% (57.5) // 48.0% (56.0) // 48.6% (57.5) // 48.6% (57.5)",
        "oppFenwick": "49.7% (42.3) // 48.8% (40.5) // 49.7% (42.3) // 49.7% (42.3)",
        "oppShots": "50.5% (31.1) // 50.2% (28.8) // 50.5% (31.1) // 50.5% (31.1)",
        "oppScoring": "49.5% (29.2) // 49.0% (28.7) // 49.5% (29.2) // 49.5% (29.2)",
        "oppCorsiAgainst": "51.4% (60.7) // 52.0% (60.6) // 51.4% (60.7) // 51.4% (60.7)",
        "oppFenwickAgainst": "50.3% (42.8) // 51.2% (42.5) // 50.3% (42.8) // 50.3% (42.8)",
        "oppShotsAgainst": "49.5% (30.4) // 49.8% (28.5) // 49.5% (30.4) // 49.5% (30.4)",
        "oppScoringAgainst": "50.5% (29.8) // 51.0% (29.9) // 50.5% (29.8) // 50.5% (29.8)",
        "savesPerGame": 27.3,
        "savesPerGameLast1": 37.0,
        "savesPerGameLast3": 23.3,
        "savesPerGameLast5": 25.0,
        "savesPer60": 33.0,
        "savesPer60Last1": 36.8,
        "savesPer60Last3": 23.6,
        "savesPer60Last5": 25.0,
        "shotsPerGame": 31.9,
        "shotsPerGameLast5": 33.6,
        "shotsAgainstPerGame": 29.9,
        "shotsAgainstPerGameLast5": 27.8,
        "oppSavesAgainstPer60": 33.3,
        "oppSavesAgainstPer60Last1": 36.6,
        "oppSavesAgainstPer60Last3": 23.9,
        "oppSavesAgainstPer60Last5": 24.3,
        "oppShotsAgainstPerGame": 30.9,
        "oppShotsAgainstPerGameLast5": 36.2,
        "savesProj": 27.8,
        "savesProjLast5": 16.5,
        "savesProjLast3": 15.6,
        "oppSavesAgainstProj": 30.2,
        "oppSavesAgainstProjLast5": 16.6,
        "oppSavesAgainstProjLast3": 15.8,
        "totalOver": 38,
        "totalOverLast5": 20,
        "totalOverLast15": 40,
        "lastTotalOver": 29,
        "last5": "0,0,0,0,1,0,1,0,1,3",
        "overOdds": "+220",
        "underOdds": "-280",
        "overUnder": "+220 / -280"
    },
    {
        "player": "Miro Heiskanen",
        "team": "DAL",
        "opponent": "VGK",
        "propType": "ast",
        "line": 0.5,
        "ppLine": "PP1",
        "avg": 0.74,
        "hit": false,
        "diffAvg": 0.48,
        "diffAbs": 0.2,
        "lastAvg": 0.4,
        "diff": -0.2,
        "avgMin": 25,
        "proj": 0.4,
        "lastAvgMin": 24.88,
        "oppOver": 0,
        "teamOver": 0,
        "gameLine": "+125",
        "+/-": "+10",
        "L5_+/-": -6.0,
        "prevMatchup": "2023-05-23 0.0 ast 2023-05-21 0.0 ast 2023-05-19 0.0 ast 2023-04-08 0.0 ast 2023-02-25 0.0 ast 2023-01-16 0.0 ast",
        "winLossSplits": "50% - 44%",
        "awayHome": "A",
        "playedYesterday": "N",
        "awayHomeSplits": "52% - 43%",
        "savesAboveExp": -0.478,
        "gsaa": 8.04,
        "corsi": "52.0% (59.9) // 57.0% (56.0) // 52.0% (59.9) // 52.0% (59.9)",
        "fenwick": "51.3% (43.7) // 56.1% (40.6) // 51.3% (43.7) // 51.3% (43.7)",
        "shots": "51.6% (31.5) // 56.3% (29.0) // 51.6% (31.5) // 51.6% (31.5)",
        "scoring": "53.7% (31.5) // 61.3% (29.6) // 53.7% (31.5) // 53.7% (31.5)",
        "corsiAgainst": "48.0% (55.3) // 43.0% (42.3) // 48.0% (55.3) // 48.0% (55.3)",
        "fenwickAgainst": "48.7% (41.4) // 43.9% (31.7) // 48.7% (41.4) // 48.7% (41.4)",
        "shotsAgainst": "48.4% (29.5) // 43.7% (22.5) // 48.4% (29.5) // 48.4% (29.5)",
        "scoringAgainst": "46.3% (27.2) // 38.7% (18.6) // 46.3% (27.2) // 46.3% (27.2)",
        "oppCorsi": "48.6% (57.5) // 48.0% (56.0) // 48.6% (57.5) // 48.6% (57.5)",
        "oppFenwick": "49.7% (42.3) // 48.8% (40.5) // 49.7% (42.3) // 49.7% (42.3)",
        "oppShots": "50.5% (31.1) // 50.2% (28.8) // 50.5% (31.1) // 50.5% (31.1)",
        "oppScoring": "49.5% (29.2) // 49.0% (28.7) // 49.5% (29.2) // 49.5% (29.2)",
        "oppCorsiAgainst": "51.4% (60.7) // 52.0% (60.6) // 51.4% (60.7) // 51.4% (60.7)",
        "oppFenwickAgainst": "50.3% (42.8) // 51.2% (42.5) // 50.3% (42.8) // 50.3% (42.8)",
        "oppShotsAgainst": "49.5% (30.4) // 49.8% (28.5) // 49.5% (30.4) // 49.5% (30.4)",
        "oppScoringAgainst": "50.5% (29.8) // 51.0% (29.9) // 50.5% (29.8) // 50.5% (29.8)",
        "savesPerGame": 27.3,
        "savesPerGameLast1": 37.0,
        "savesPerGameLast3": 23.3,
        "savesPerGameLast5": 25.0,
        "savesPer60": 33.0,
        "savesPer60Last1": 36.8,
        "savesPer60Last3": 23.6,
        "savesPer60Last5": 25.0,
        "shotsPerGame": 31.9,
        "shotsPerGameLast5": 33.6,
        "shotsAgainstPerGame": 29.9,
        "shotsAgainstPerGameLast5": 27.8,
        "oppSavesAgainstPer60": 33.3,
        "oppSavesAgainstPer60Last1": 36.6,
        "oppSavesAgainstPer60Last3": 23.9,
        "oppSavesAgainstPer60Last5": 24.3,
        "oppShotsAgainstPerGame": 30.9,
        "oppShotsAgainstPerGameLast5": 36.2,
        "savesProj": 27.8,
        "savesProjLast5": 16.5,
        "savesProjLast3": 15.6,
        "oppSavesAgainstProj": 30.2,
        "oppSavesAgainstProjLast5": 16.6,
        "oppSavesAgainstProjLast3": 15.8,
        "totalOver": 47,
        "totalOverLast5": 20,
        "totalOverLast15": 27,
        "lastTotalOver": 36,
        "last5": "0,0,0,0,1,0,1,0,0,1",
        "overOdds": "-150",
        "underOdds": "+120",
        "overUnder": "-150 / +120"
    },
    {
        "player": "Reilly Smith",
        "team": "VGK",
        "opponent": "DAL",
        "propType": "ast",
        "line": 0.5,
        "ppLine": "PP2",
        "avg": 0.39,
        "hit": false,
        "diffAvg": -0.22,
        "diffAbs": 0.2,
        "lastAvg": 0.39,
        "diff": -0.22,
        "avgMin": 16,
        "proj": 0.4,
        "lastAvgMin": 17.78,
        "oppOver": 0,
        "teamOver": 0,
        "gameLine": "-145",
        "+/-": "+15",
        "L5_+/-": "+5.0",
        "prevMatchup": "2023-05-23 0.0 ast 2023-05-21 0.0 ast 2023-05-19 0.0 ast 2023-04-08 0.0 ast 2023-02-25 0.0 ast 2023-01-16 0.0 ast",
        "winLossSplits": "40% - 19%",
        "awayHome": "H",
        "playedYesterday": "N",
        "awayHomeSplits": "31% - 34%",
        "savesAboveExp": 0.39,
        "gsaa": 26.05,
        "corsi": "48.6% (57.5) // 48.0% (56.0) // 48.6% (57.5) // 48.6% (57.5)",
        "fenwick": "49.7% (42.3) // 48.8% (40.5) // 49.7% (42.3) // 49.7% (42.3)",
        "shots": "50.5% (31.1) // 50.2% (28.8) // 50.5% (31.1) // 50.5% (31.1)",
        "scoring": "49.5% (29.2) // 49.0% (28.7) // 49.5% (29.2) // 49.5% (29.2)",
        "corsiAgainst": "51.4% (60.7) // 52.0% (60.6) // 51.4% (60.7) // 51.4% (60.7)",
        "fenwickAgainst": "50.3% (42.8) // 51.2% (42.5) // 50.3% (42.8) // 50.3% (42.8)",
        "shotsAgainst": "49.5% (30.4) // 49.8% (28.5) // 49.5% (30.4) // 49.5% (30.4)",
        "scoringAgainst": "50.5% (29.8) // 51.0% (29.9) // 50.5% (29.8) // 50.5% (29.8)",
        "oppCorsi": "52.0% (59.9) // 57.0% (56.0) // 52.0% (59.9) // 52.0% (59.9)",
        "oppFenwick": "51.3% (43.7) // 56.1% (40.6) // 51.3% (43.7) // 51.3% (43.7)",
        "oppShots": "51.6% (31.5) // 56.3% (29.0) // 51.6% (31.5) // 51.6% (31.5)",
        "oppScoring": "53.7% (31.5) // 61.3% (29.6) // 53.7% (31.5) // 53.7% (31.5)",
        "oppCorsiAgainst": "48.0% (55.3) // 43.0% (42.3) // 48.0% (55.3) // 48.0% (55.3)",
        "oppFenwickAgainst": "48.7% (41.4) // 43.9% (31.7) // 48.7% (41.4) // 48.7% (41.4)",
        "oppShotsAgainst": "48.4% (29.5) // 43.7% (22.5) // 48.4% (29.5) // 48.4% (29.5)",
        "oppScoringAgainst": "46.3% (27.2) // 38.7% (18.6) // 46.3% (27.2) // 46.3% (27.2)",
        "savesPerGame": 28.1,
        "savesPerGameLast1": 39.0,
        "savesPerGameLast3": 33.0,
        "savesPerGameLast5": 34.2,
        "savesPer60": 33.3,
        "savesPer60Last1": 38.9,
        "savesPer60Last3": 33.4,
        "savesPer60Last5": 34.5,
        "shotsPerGame": 31.5,
        "shotsPerGameLast5": 27.6,
        "shotsAgainstPerGame": 30.9,
        "shotsAgainstPerGameLast5": 36.2,
        "oppSavesAgainstPer60": 34.0,
        "oppSavesAgainstPer60Last1": 42.2,
        "oppSavesAgainstPer60Last3": 33.8,
        "oppSavesAgainstPer60Last5": 31.6,
        "oppShotsAgainstPerGame": 29.9,
        "oppShotsAgainstPerGameLast5": 27.8,
        "savesProj": 28.2,
        "savesProjLast5": 29.0,
        "savesProjLast3": 31.4,
        "oppSavesAgainstProj": 32.2,
        "oppSavesAgainstProjLast5": 30.3,
        "oppSavesAgainstProjLast3": 30.8,
        "totalOver": 33,
        "totalOverLast5": 20,
        "totalOverLast15": 40,
        "lastTotalOver": 34,
        "last5": "0,0,0,1,0,0,1,0,1,1",
        "overOdds": "+175",
        "underOdds": "-215",
        "overUnder": "+175 / -215"
    },
    {
        "player": "Roope Hintz",
        "team": "DAL",
        "opponent": "VGK",
        "propType": "ast",
        "line": 0.5,
        "ppLine": "PP1",
        "avg": 0.56,
        "hit": false,
        "diffAvg": 0.12,
        "diffAbs": 0.2,
        "lastAvg": 0.41,
        "diff": -0.18,
        "avgMin": 17,
        "proj": 0.4,
        "lastAvgMin": 18.03,
        "oppOver": 0,
        "teamOver": 0,
        "gameLine": "+125",
        "+/-": "+36",
        "L5_+/-": "+2.0",
        "prevMatchup": "2023-05-23 0.0 ast 2023-05-21 0.0 ast 2023-05-19 2.0 ast 2023-04-08 0.0 ast 2023-02-25 0.0 ast",
        "winLossSplits": "53% - 20%",
        "awayHome": "A",
        "playedYesterday": "N",
        "awayHomeSplits": "39% - 38%",
        "savesAboveExp": -0.478,
        "gsaa": 8.04,
        "corsi": "52.0% (59.9) // 57.0% (56.0) // 52.0% (59.9) // 52.0% (59.9)",
        "fenwick": "51.3% (43.7) // 56.1% (40.6) // 51.3% (43.7) // 51.3% (43.7)",
        "shots": "51.6% (31.5) // 56.3% (29.0) // 51.6% (31.5) // 51.6% (31.5)",
        "scoring": "53.7% (31.5) // 61.3% (29.6) // 53.7% (31.5) // 53.7% (31.5)",
        "corsiAgainst": "48.0% (55.3) // 43.0% (42.3) // 48.0% (55.3) // 48.0% (55.3)",
        "fenwickAgainst": "48.7% (41.4) // 43.9% (31.7) // 48.7% (41.4) // 48.7% (41.4)",
        "shotsAgainst": "48.4% (29.5) // 43.7% (22.5) // 48.4% (29.5) // 48.4% (29.5)",
        "scoringAgainst": "46.3% (27.2) // 38.7% (18.6) // 46.3% (27.2) // 46.3% (27.2)",
        "oppCorsi": "48.6% (57.5) // 48.0% (56.0) // 48.6% (57.5) // 48.6% (57.5)",
        "oppFenwick": "49.7% (42.3) // 48.8% (40.5) // 49.7% (42.3) // 49.7% (42.3)",
        "oppShots": "50.5% (31.1) // 50.2% (28.8) // 50.5% (31.1) // 50.5% (31.1)",
        "oppScoring": "49.5% (29.2) // 49.0% (28.7) // 49.5% (29.2) // 49.5% (29.2)",
        "oppCorsiAgainst": "51.4% (60.7) // 52.0% (60.6) // 51.4% (60.7) // 51.4% (60.7)",
        "oppFenwickAgainst": "50.3% (42.8) // 51.2% (42.5) // 50.3% (42.8) // 50.3% (42.8)",
        "oppShotsAgainst": "49.5% (30.4) // 49.8% (28.5) // 49.5% (30.4) // 49.5% (30.4)",
        "oppScoringAgainst": "50.5% (29.8) // 51.0% (29.9) // 50.5% (29.8) // 50.5% (29.8)",
        "savesPerGame": 27.3,
        "savesPerGameLast1": 37.0,
        "savesPerGameLast3": 23.3,
        "savesPerGameLast5": 25.0,
        "savesPer60": 33.0,
        "savesPer60Last1": 36.8,
        "savesPer60Last3": 23.6,
        "savesPer60Last5": 25.0,
        "shotsPerGame": 31.9,
        "shotsPerGameLast5": 33.6,
        "shotsAgainstPerGame": 29.9,
        "shotsAgainstPerGameLast5": 27.8,
        "oppSavesAgainstPer60": 33.3,
        "oppSavesAgainstPer60Last1": 36.6,
        "oppSavesAgainstPer60Last3": 23.9,
        "oppSavesAgainstPer60Last5": 24.3,
        "oppShotsAgainstPerGame": 30.9,
        "oppShotsAgainstPerGameLast5": 36.2,
        "savesProj": 27.8,
        "savesProjLast5": 16.5,
        "savesProjLast3": 15.6,
        "oppSavesAgainstProj": 30.2,
        "oppSavesAgainstProjLast5": 16.6,
        "oppSavesAgainstProjLast3": 15.8,
        "totalOver": 38,
        "totalOverLast5": 20,
        "totalOverLast15": 40,
        "lastTotalOver": 32,
        "last5": "0,0,2,0,0,1,1,0,1,0",
        "overOdds": "+140",
        "underOdds": "-175",
        "overUnder": "+140 / -175"
    },
    {
        "player": "Shea Theodore",
        "team": "VGK",
        "opponent": "DAL",
        "propType": "ast",
        "line": 0.5,
        "ppLine": "PP1",
        "avg": 0.57,
        "hit": false,
        "diffAvg": 0.14,
        "diffAbs": 0.2,
        "lastAvg": 0.49,
        "diff": -0.02,
        "avgMin": 21,
        "proj": 0.4,
        "lastAvgMin": 23.13,
        "oppOver": 0,
        "teamOver": 0,
        "gameLine": "-145",
        "+/-": "+19",
        "L5_+/-": "+3.0",
        "prevMatchup": "2023-05-23 0.0 ast 2023-05-21 1.0 ast 2023-05-19 0.0 ast 2023-02-25 1.0 ast",
        "winLossSplits": "52% - 40%",
        "awayHome": "H",
        "playedYesterday": "N",
        "awayHomeSplits": "50% - 47%",
        "savesAboveExp": 0.39,
        "gsaa": 26.05,
        "corsi": "48.6% (57.5) // 48.0% (56.0) // 48.6% (57.5) // 48.6% (57.5)",
        "fenwick": "49.7% (42.3) // 48.8% (40.5) // 49.7% (42.3) // 49.7% (42.3)",
        "shots": "50.5% (31.1) // 50.2% (28.8) // 50.5% (31.1) // 50.5% (31.1)",
        "scoring": "49.5% (29.2) // 49.0% (28.7) // 49.5% (29.2) // 49.5% (29.2)",
        "corsiAgainst": "51.4% (60.7) // 52.0% (60.6) // 51.4% (60.7) // 51.4% (60.7)",
        "fenwickAgainst": "50.3% (42.8) // 51.2% (42.5) // 50.3% (42.8) // 50.3% (42.8)",
        "shotsAgainst": "49.5% (30.4) // 49.8% (28.5) // 49.5% (30.4) // 49.5% (30.4)",
        "scoringAgainst": "50.5% (29.8) // 51.0% (29.9) // 50.5% (29.8) // 50.5% (29.8)",
        "oppCorsi": "52.0% (59.9) // 57.0% (56.0) // 52.0% (59.9) // 52.0% (59.9)",
        "oppFenwick": "51.3% (43.7) // 56.1% (40.6) // 51.3% (43.7) // 51.3% (43.7)",
        "oppShots": "51.6% (31.5) // 56.3% (29.0) // 51.6% (31.5) // 51.6% (31.5)",
        "oppScoring": "53.7% (31.5) // 61.3% (29.6) // 53.7% (31.5) // 53.7% (31.5)",
        "oppCorsiAgainst": "48.0% (55.3) // 43.0% (42.3) // 48.0% (55.3) // 48.0% (55.3)",
        "oppFenwickAgainst": "48.7% (41.4) // 43.9% (31.7) // 48.7% (41.4) // 48.7% (41.4)",
        "oppShotsAgainst": "48.4% (29.5) // 43.7% (22.5) // 48.4% (29.5) // 48.4% (29.5)",
        "oppScoringAgainst": "46.3% (27.2) // 38.7% (18.6) // 46.3% (27.2) // 46.3% (27.2)",
        "savesPerGame": 28.1,
        "savesPerGameLast1": 39.0,
        "savesPerGameLast3": 33.0,
        "savesPerGameLast5": 34.2,
        "savesPer60": 33.3,
        "savesPer60Last1": 38.9,
        "savesPer60Last3": 33.4,
        "savesPer60Last5": 34.5,
        "shotsPerGame": 31.5,
        "shotsPerGameLast5": 27.6,
        "shotsAgainstPerGame": 30.9,
        "shotsAgainstPerGameLast5": 36.2,
        "oppSavesAgainstPer60": 34.0,
        "oppSavesAgainstPer60Last1": 42.2,
        "oppSavesAgainstPer60Last3": 33.8,
        "oppSavesAgainstPer60Last5": 31.6,
        "oppShotsAgainstPerGame": 29.9,
        "oppShotsAgainstPerGameLast5": 27.8,
        "savesProj": 28.2,
        "savesProjLast5": 29.0,
        "savesProjLast3": 31.4,
        "oppSavesAgainstProj": 32.2,
        "oppSavesAgainstProjLast5": 30.3,
        "oppSavesAgainstProjLast3": 30.8,
        "totalOver": 49,
        "totalOverLast5": 40,
        "totalOverLast15": 33,
        "lastTotalOver": 39,
        "last5": "0,1,0,1,0,1,0,0,0,2",
        "overOdds": "+180",
        "underOdds": "-220",
        "overUnder": "+180 / -220"
    },
    {
        "player": "Tyler Seguin",
