[
    {
        "player": "Brayden Schenn",
        "team": "STL",
        "opponent": "NSH",
        "propType": "ast",
        "line": 0.5,
        "ppLine": "PP1",
        "avg": 0.51,
        "hit": false,
        "diffAvg": 0.02,
        "diffAbs": 0.0,
        "lastAvg": 0.46,
        "diff": -0.08,
        "avgMin": 18,
        "proj": 0.5,
        "lastAvgMin": 17.77,
        "oppOver": 0,
        "teamOver": 0,
        "gameLine": "+125",
        "+/-": -27,
        "L5_+/-": "+5.0",
        "prevMatchup": "2023-01-19 0.0 ast 2022-12-12 0.0 ast 2022-10-27 0.0 ast",
        "winLossSplits": "0.7 - 0.34",
        "awayHome": "A",
        "playedYesterday": "N",
        "awayHomeSplits": "0.53 - 0.49",
        "savesAboveExp": 0.483,
        "gsaa": 25.02,
        "corsi": "46.1% (50.6) // 43.9% (47.4) // 43.8% (48.9) // 42.9% (50.5)",
        "fenwick": "46.2% (38.7) // 43.9% (36.2) // 43.5% (37.1) // 40.6% (36.6)",
        "shots": "46.9% (28.3) // 45.9% (26.8) // 47.6% (28.0) // 44.8% (27.3)",
        "scoring": "46.4% (27.4) // 44.4% (24.2) // 43.7% (24.8) // 41.1% (26.3)",
        "corsiAgainst": "53.9% (59.2) // 56.1% (60.5) // 56.2% (62.9) // 57.1% (67.2)",
        "fenwickAgainst": "53.8% (45.1) // 56.1% (46.2) // 56.5% (48.3) // 59.4% (53.5)",
        "shotsAgainst": "53.1% (32.1) // 54.1% (31.5) // 52.4% (30.8) // 55.2% (33.6)",
        "scoringAgainst": "53.6% (31.6) // 55.6% (30.2) // 56.3% (32.0) // 58.9% (37.6)",
        "oppCorsi": "48.0% (57.0) // 42.7% (46.6) // 40.8% (45.6) // 37.3% (44.0)",
        "oppFenwick": "47.6% (41.9) // 40.8% (33.1) // 38.6% (32.5) // 35.6% (31.3)",
        "oppShots": "47.0% (29.3) // 41.7% (23.5) // 38.9% (22.8) // 39.8% (25.3)",
        "oppScoring": "47.0% (29.6) // 40.9% (23.0) // 33.8% (18.7) // 30.6% (18.3)",
        "oppCorsiAgainst": "52.0% (61.7) // 57.3% (62.5) // 59.2% (66.3) // 62.7% (74.0)",
        "oppFenwickAgainst": "52.4% (46.2) // 59.2% (48.0) // 61.4% (51.5) // 64.4% (56.7)",
        "oppShotsAgainst": "53.0% (33.0) // 58.3% (32.8) // 61.1% (35.8) // 60.2% (38.3)",
        "oppScoringAgainst": "53.0% (33.4) // 59.1% (33.2) // 66.2% (36.6) // 69.4% (41.7)",
        "savesPerGame": 28.7,
        "savesPerGameLast1": 30.0,
        "savesPerGameLast3": 28.7,
        "savesPerGameLast5": 26.6,
        "savesPer60": 28.7,
        "savesPer60Last1": 30.0,
        "savesPer60Last3": 28.4,
        "savesPer60Last5": 26.4,
        "shotsPerGame": 28.6,
        "shotsPerGameLast5": 28.0,
        "shotsAgainstPerGame": 32.4,
        "shotsAgainstPerGameLast5": 30.8,
        "oppSavesAgainstPer60": 27.0,
        "oppSavesAgainstPer60Last1": 27.7,
        "oppSavesAgainstPer60Last3": 24.4,
        "oppSavesAgainstPer60Last5": 22.0,
        "oppShotsAgainstPerGame": 33.5,
        "oppShotsAgainstPerGameLast5": 36.4,
        "savesProj": 25.3,
        "savesProjLast5": 18.8,
        "savesProjLast3": 22.3,
        "oppSavesAgainstProj": 27.5,
        "oppSavesAgainstProjLast5": 22.3,
        "oppSavesAgainstProjLast3": 26.4,
        "totalOver": 44,
        "totalOverLast5": 80,
        "totalOverLast15": 60,
        "lastTotalOver": 41,
        "last5": "1,1,1,1,0,1,0,1,1,1",
        "overOdds": "+130",
        "underOdds": "-160",
        "overUnder": "+130 / -160"
    },
    {
        "player": "Cody Glass",
        "team": "NSH",
        "opponent": "STL",
        "propType": "ast",
        "line": 0.5,
        "ppLine": "PP1",
        "avg": 0.27,
        "hit": false,
        "diffAvg": -0.46,
        "diffAbs": 0.8,
        "lastAvg": 0.1,
        "diff": -0.8,
        "avgMin": 14,
        "proj": 0.1,
        "lastAvgMin": 11.4,
        "oppOver": 0,
        "teamOver": 0,
        "gameLine": "-145",
        "+/-": "+9",
        "L5_+/-": "+3.0",
        "prevMatchup": "2023-01-19 0.0 ast 2022-12-12 0.0 ast 2022-10-27 0.0 ast",
        "winLossSplits": "0.42 - 0.12",
        "awayHome": "H",
        "playedYesterday": "N",
        "awayHomeSplits": "0.28 - 0.25",
        "savesAboveExp": -0.172,
        "gsaa": -21.76,
        "corsi": "48.0% (57.0) // 42.7% (46.6) // 40.8% (45.6) // 37.3% (44.0)",
        "fenwick": "47.6% (41.9) // 40.8% (33.1) // 38.6% (32.5) // 35.6% (31.3)",
        "shots": "47.0% (29.3) // 41.7% (23.5) // 38.9% (22.8) // 39.8% (25.3)",
        "scoring": "47.0% (29.6) // 40.9% (23.0) // 33.8% (18.7) // 30.6% (18.3)",
        "corsiAgainst": "52.0% (61.7) // 57.3% (62.5) // 59.2% (66.3) // 62.7% (74.0)",
        "fenwickAgainst": "52.4% (46.2) // 59.2% (48.0) // 61.4% (51.5) // 64.4% (56.7)",
        "shotsAgainst": "53.0% (33.0) // 58.3% (32.8) // 61.1% (35.8) // 60.2% (38.3)",
        "scoringAgainst": "53.0% (33.4) // 59.1% (33.2) // 66.2% (36.6) // 69.4% (41.7)",
        "oppCorsi": "46.1% (50.6) // 43.9% (47.4) // 43.8% (48.9) // 42.9% (50.5)",
        "oppFenwick": "46.2% (38.7) // 43.9% (36.2) // 43.5% (37.1) // 40.6% (36.6)",
        "oppShots": "46.9% (28.3) // 45.9% (26.8) // 47.6% (28.0) // 44.8% (27.3)",
        "oppScoring": "46.4% (27.4) // 44.4% (24.2) // 43.7% (24.8) // 41.1% (26.3)",
        "oppCorsiAgainst": "53.9% (59.2) // 56.1% (60.5) // 56.2% (62.9) // 57.1% (67.2)",
        "oppFenwickAgainst": "53.8% (45.1) // 56.1% (46.2) // 56.5% (48.3) // 59.4% (53.5)",
        "oppShotsAgainst": "53.1% (32.1) // 54.1% (31.5) // 52.4% (30.8) // 55.2% (33.6)",
        "oppScoringAgainst": "53.6% (31.6) // 55.6% (30.2) // 56.3% (32.0) // 58.9% (37.6)",
        "savesPerGame": 30.5,
        "savesPerGameLast1": 43.0,
        "savesPerGameLast3": 36.3,
        "savesPerGameLast5": 33.6,
        "savesPer60": 30.6,
        "savesPer60Last1": 42.5,
        "savesPer60Last3": 35.9,
        "savesPer60Last5": 33.9,
        "shotsPerGame": 29.7,
        "shotsPerGameLast5": 23.2,
        "shotsAgainstPerGame": 33.5,
        "shotsAgainstPerGameLast5": 36.4,
        "oppSavesAgainstPer60": 25.3,
        "oppSavesAgainstPer60Last1": 23.8,
        "oppSavesAgainstPer60Last3": 21.4,
        "oppSavesAgainstPer60Last5": 22.5,
        "oppShotsAgainstPerGame": 32.4,
        "oppShotsAgainstPerGameLast5": 30.8,
        "savesProj": 27.0,
        "savesProjLast5": 26.7,
        "savesProjLast3": 27.1,
        "oppSavesAgainstProj": 27.7,
        "oppSavesAgainstProjLast5": 26.3,
        "oppSavesAgainstProjLast3": 26.1,
        "totalOver": 23,
        "totalOverLast5": 20,
        "totalOverLast15": 13,
        "lastTotalOver": 10,
        "last5": "0,1,0,0,0,0,0,0,0,0",
        "overOdds": "+210",
        "underOdds": "-265",
        "overUnder": "+210 / -265"
    },
    {
        "player": "Jakub Vrana",
        "team": "STL",
        "opponent": "NSH",
        "propType": "ast",
        "line": 0.5,
        "ppLine": "PP1",
        "avg": 0.17,
        "hit": false,
        "diffAvg": -0.66,
        "diffAbs": 0.6,
        "lastAvg": 0.23,
        "diff": -0.54,
        "avgMin": 14,
        "proj": 0.2,
        "lastAvgMin": 14.93,
        "oppOver": 0,
        "teamOver": 0,
        "gameLine": "+125",
        "+/-": "+6",
        "L5_+/-": "+6.0",
        "prevMatchup": "",
        "winLossSplits": "0.28 - 0.0",
        "awayHome": "A",
        "playedYesterday": "Y",
        "awayHomeSplits": "0.3 - 0.0",
        "savesAboveExp": 0.483,
        "gsaa": 25.02,
        "corsi": "46.1% (50.6) // 43.9% (47.4) // 43.8% (48.9) // 42.9% (50.5)",
        "fenwick": "46.2% (38.7) // 43.9% (36.2) // 43.5% (37.1) // 40.6% (36.6)",
        "shots": "46.9% (28.3) // 45.9% (26.8) // 47.6% (28.0) // 44.8% (27.3)",
        "scoring": "46.4% (27.4) // 44.4% (24.2) // 43.7% (24.8) // 41.1% (26.3)",
        "corsiAgainst": "53.9% (59.2) // 56.1% (60.5) // 56.2% (62.9) // 57.1% (67.2)",
        "fenwickAgainst": "53.8% (45.1) // 56.1% (46.2) // 56.5% (48.3) // 59.4% (53.5)",
        "shotsAgainst": "53.1% (32.1) // 54.1% (31.5) // 52.4% (30.8) // 55.2% (33.6)",
        "scoringAgainst": "53.6% (31.6) // 55.6% (30.2) // 56.3% (32.0) // 58.9% (37.6)",
        "oppCorsi": "48.0% (57.0) // 42.7% (46.6) // 40.8% (45.6) // 37.3% (44.0)",
        "oppFenwick": "47.6% (41.9) // 40.8% (33.1) // 38.6% (32.5) // 35.6% (31.3)",
        "oppShots": "47.0% (29.3) // 41.7% (23.5) // 38.9% (22.8) // 39.8% (25.3)",
        "oppScoring": "47.0% (29.6) // 40.9% (23.0) // 33.8% (18.7) // 30.6% (18.3)",
        "oppCorsiAgainst": "52.0% (61.7) // 57.3% (62.5) // 59.2% (66.3) // 62.7% (74.0)",
        "oppFenwickAgainst": "52.4% (46.2) // 59.2% (48.0) // 61.4% (51.5) // 64.4% (56.7)",
        "oppShotsAgainst": "53.0% (33.0) // 58.3% (32.8) // 61.1% (35.8) // 60.2% (38.3)",
        "oppScoringAgainst": "53.0% (33.4) // 59.1% (33.2) // 66.2% (36.6) // 69.4% (41.7)",
        "savesPerGame": 28.7,
        "savesPerGameLast1": 30.0,
        "savesPerGameLast3": 28.7,
        "savesPerGameLast5": 26.6,
        "savesPer60": 28.7,
        "savesPer60Last1": 30.0,
        "savesPer60Last3": 28.4,
        "savesPer60Last5": 26.4,
        "shotsPerGame": 28.6,
        "shotsPerGameLast5": 28.0,
        "shotsAgainstPerGame": 32.4,
        "shotsAgainstPerGameLast5": 30.8,
        "oppSavesAgainstPer60": 27.0,
        "oppSavesAgainstPer60Last1": 27.7,
        "oppSavesAgainstPer60Last3": 24.4,
        "oppSavesAgainstPer60Last5": 22.0,
        "oppShotsAgainstPerGame": 33.5,
        "oppShotsAgainstPerGameLast5": 36.4,
        "savesProj": 25.3,
        "savesProjLast5": 18.8,
        "savesProjLast3": 22.3,
        "oppSavesAgainstProj": 27.5,
        "oppSavesAgainstProjLast5": 22.3,
        "oppSavesAgainstProjLast3": 26.4,
        "totalOver": 17,
        "totalOverLast5": 20,
        "totalOverLast15": 13,
        "lastTotalOver": 23,
        "last5": "0,0,0,1,0,0,0,1,0,0",
        "overOdds": "+215",
        "underOdds": "-270",
        "overUnder": "+215 / -270"
    },
    {
        "player": "Jordan Kyrou",
        "team": "STL",
        "opponent": "NSH",
        "propType": "ast",
        "line": 0.5,
        "ppLine": "PP1",
        "avg": 0.47,
        "hit": false,
        "diffAvg": -0.06,
        "diffAbs": 0.2,
        "lastAvg": 0.55,
        "diff": 0.1,
        "avgMin": 18,
        "proj": 0.6,
        "lastAvgMin": 16.57,
        "oppOver": 0,
        "teamOver": 0,
        "gameLine": "+125",
        "+/-": -35,
        "L5_+/-": -2.0,
        "prevMatchup": "2023-01-19 0.0 ast 2022-12-12 1.0 ast 2022-10-27 0.0 ast",
        "winLossSplits": "0.58 - 0.36",
        "awayHome": "A",
        "playedYesterday": "N",
        "awayHomeSplits": "0.4 - 0.54",
        "savesAboveExp": 0.483,
        "gsaa": 25.02,
        "corsi": "46.1% (50.6) // 43.9% (47.4) // 43.8% (48.9) // 42.9% (50.5)",
        "fenwick": "46.2% (38.7) // 43.9% (36.2) // 43.5% (37.1) // 40.6% (36.6)",
        "shots": "46.9% (28.3) // 45.9% (26.8) // 47.6% (28.0) // 44.8% (27.3)",
        "scoring": "46.4% (27.4) // 44.4% (24.2) // 43.7% (24.8) // 41.1% (26.3)",
        "corsiAgainst": "53.9% (59.2) // 56.1% (60.5) // 56.2% (62.9) // 57.1% (67.2)",
        "fenwickAgainst": "53.8% (45.1) // 56.1% (46.2) // 56.5% (48.3) // 59.4% (53.5)",
        "shotsAgainst": "53.1% (32.1) // 54.1% (31.5) // 52.4% (30.8) // 55.2% (33.6)",
        "scoringAgainst": "53.6% (31.6) // 55.6% (30.2) // 56.3% (32.0) // 58.9% (37.6)",
        "oppCorsi": "48.0% (57.0) // 42.7% (46.6) // 40.8% (45.6) // 37.3% (44.0)",
        "oppFenwick": "47.6% (41.9) // 40.8% (33.1) // 38.6% (32.5) // 35.6% (31.3)",
        "oppShots": "47.0% (29.3) // 41.7% (23.5) // 38.9% (22.8) // 39.8% (25.3)",
        "oppScoring": "47.0% (29.6) // 40.9% (23.0) // 33.8% (18.7) // 30.6% (18.3)",
        "oppCorsiAgainst": "52.0% (61.7) // 57.3% (62.5) // 59.2% (66.3) // 62.7% (74.0)",
        "oppFenwickAgainst": "52.4% (46.2) // 59.2% (48.0) // 61.4% (51.5) // 64.4% (56.7)",
        "oppShotsAgainst": "53.0% (33.0) // 58.3% (32.8) // 61.1% (35.8) // 60.2% (38.3)",
        "oppScoringAgainst": "53.0% (33.4) // 59.1% (33.2) // 66.2% (36.6) // 69.4% (41.7)",
        "savesPerGame": 28.7,
        "savesPerGameLast1": 30.0,
        "savesPerGameLast3": 28.7,
        "savesPerGameLast5": 26.6,
        "savesPer60": 28.7,
        "savesPer60Last1": 30.0,
        "savesPer60Last3": 28.4,
        "savesPer60Last5": 26.4,
        "shotsPerGame": 28.6,
        "shotsPerGameLast5": 28.0,
        "shotsAgainstPerGame": 32.4,
        "shotsAgainstPerGameLast5": 30.8,
        "oppSavesAgainstPer60": 27.0,
        "oppSavesAgainstPer60Last1": 27.7,
        "oppSavesAgainstPer60Last3": 24.4,
        "oppSavesAgainstPer60Last5": 22.0,
        "oppShotsAgainstPerGame": 33.5,
        "oppShotsAgainstPerGameLast5": 36.4,
        "savesProj": 25.3,
        "savesProjLast5": 18.8,
        "savesProjLast3": 22.3,
        "oppSavesAgainstProj": 27.5,
        "oppSavesAgainstProjLast5": 22.3,
        "oppSavesAgainstProjLast3": 26.4,
        "totalOver": 39,
        "totalOverLast5": 20,
        "totalOverLast15": 27,
        "lastTotalOver": 43,
        "last5": "0,0,0,0,1,0,0,0,1,1",
        "overOdds": "+175",
        "underOdds": "-215",
        "overUnder": "+175 / -215"
    },
    {
        "player": "Justin Faulk",
        "team": "STL",
        "opponent": "NSH",
        "propType": "ast",
        "line": 0.5,
        "ppLine": "PP2",
        "avg": 0.45,
        "hit": false,
        "diffAvg": -0.1,
        "diffAbs": 0.4,
        "lastAvg": 0.35,
        "diff": -0.3,
        "avgMin": 23,
        "proj": 0.3,
        "lastAvgMin": 23.18,
        "oppOver": 0,
        "teamOver": 0,
        "gameLine": "+125",
        "+/-": -8,
        "L5_+/-": "+5.0",
        "prevMatchup": "2023-01-19 1.0 ast 2022-12-12 0.0 ast 2022-10-27 2.0 ast",
        "winLossSplits": "0.48 - 0.44",
        "awayHome": "A",
        "playedYesterday": "N",
        "awayHomeSplits": "0.39 - 0.51",
        "savesAboveExp": 0.483,
        "gsaa": 25.02,
        "corsi": "46.1% (50.6) // 43.9% (47.4) // 43.8% (48.9) // 42.9% (50.5)",
        "fenwick": "46.2% (38.7) // 43.9% (36.2) // 43.5% (37.1) // 40.6% (36.6)",
        "shots": "46.9% (28.3) // 45.9% (26.8) // 47.6% (28.0) // 44.8% (27.3)",
        "scoring": "46.4% (27.4) // 44.4% (24.2) // 43.7% (24.8) // 41.1% (26.3)",
        "corsiAgainst": "53.9% (59.2) // 56.1% (60.5) // 56.2% (62.9) // 57.1% (67.2)",
        "fenwickAgainst": "53.8% (45.1) // 56.1% (46.2) // 56.5% (48.3) // 59.4% (53.5)",
        "shotsAgainst": "53.1% (32.1) // 54.1% (31.5) // 52.4% (30.8) // 55.2% (33.6)",
        "scoringAgainst": "53.6% (31.6) // 55.6% (30.2) // 56.3% (32.0) // 58.9% (37.6)",
        "oppCorsi": "48.0% (57.0) // 42.7% (46.6) // 40.8% (45.6) // 37.3% (44.0)",
        "oppFenwick": "47.6% (41.9) // 40.8% (33.1) // 38.6% (32.5) // 35.6% (31.3)",
        "oppShots": "47.0% (29.3) // 41.7% (23.5) // 38.9% (22.8) // 39.8% (25.3)",
        "oppScoring": "47.0% (29.6) // 40.9% (23.0) // 33.8% (18.7) // 30.6% (18.3)",
        "oppCorsiAgainst": "52.0% (61.7) // 57.3% (62.5) // 59.2% (66.3) // 62.7% (74.0)",
        "oppFenwickAgainst": "52.4% (46.2) // 59.2% (48.0) // 61.4% (51.5) // 64.4% (56.7)",
        "oppShotsAgainst": "53.0% (33.0) // 58.3% (32.8) // 61.1% (35.8) // 60.2% (38.3)",
        "oppScoringAgainst": "53.0% (33.4) // 59.1% (33.2) // 66.2% (36.6) // 69.4% (41.7)",
        "savesPerGame": 28.7,
        "savesPerGameLast1": 30.0,
        "savesPerGameLast3": 28.7,
        "savesPerGameLast5": 26.6,
        "savesPer60": 28.7,
        "savesPer60Last1": 30.0,
        "savesPer60Last3": 28.4,
        "savesPer60Last5": 26.4,
        "shotsPerGame": 28.6,
        "shotsPerGameLast5": 28.0,
        "shotsAgainstPerGame": 32.4,
        "shotsAgainstPerGameLast5": 30.8,
        "oppSavesAgainstPer60": 27.0,
        "oppSavesAgainstPer60Last1": 27.7,
        "oppSavesAgainstPer60Last3": 24.4,
        "oppSavesAgainstPer60Last5": 22.0,
        "oppShotsAgainstPerGame": 33.5,
        "oppShotsAgainstPerGameLast5": 36.4,
        "savesProj": 25.3,
        "savesProjLast5": 18.8,
        "savesProjLast3": 22.3,
        "oppSavesAgainstProj": 27.5,
        "oppSavesAgainstProjLast5": 22.3,
        "oppSavesAgainstProjLast3": 26.4,
        "totalOver": 36,
        "totalOverLast5": 80,
        "totalOverLast15": 53,
        "lastTotalOver": 40,
        "last5": "2,2,1,2,0,0,1,0,1,0",
        "overOdds": "+135",
        "underOdds": "-165",
        "overUnder": "+135 / -165"
    },
    {
        "player": "Luke Evangelista",
        "team": "NSH",
        "opponent": "STL",
        "propType": "ast",
        "line": 0.5,
        "ppLine": "PP1",
        "avg": 0.25,
        "hit": false,
        "diffAvg": -0.5,
        "diffAbs": 1.0,
        "lastAvg": 0,
        "diff": 0,
        "avgMin": 16,
        "proj": 0.0,
        "lastAvgMin": 0,
        "oppOver": 0,
        "teamOver": 0,
        "gameLine": "-145",
        "+/-": "+4",
        "L5_+/-": "+3.0",
        "prevMatchup": "",
        "winLossSplits": "0.47 - 0.09",
        "awayHome": "H",
        "playedYesterday": "N",
        "awayHomeSplits": "0.44 - 0.0",
        "savesAboveExp": -0.172,
        "gsaa": -21.76,
        "corsi": "48.0% (57.0) // 42.7% (46.6) // 40.8% (45.6) // 37.3% (44.0)",
        "fenwick": "47.6% (41.9) // 40.8% (33.1) // 38.6% (32.5) // 35.6% (31.3)",
        "shots": "47.0% (29.3) // 41.7% (23.5) // 38.9% (22.8) // 39.8% (25.3)",
        "scoring": "47.0% (29.6) // 40.9% (23.0) // 33.8% (18.7) // 30.6% (18.3)",
        "corsiAgainst": "52.0% (61.7) // 57.3% (62.5) // 59.2% (66.3) // 62.7% (74.0)",
        "fenwickAgainst": "52.4% (46.2) // 59.2% (48.0) // 61.4% (51.5) // 64.4% (56.7)",
        "shotsAgainst": "53.0% (33.0) // 58.3% (32.8) // 61.1% (35.8) // 60.2% (38.3)",
        "scoringAgainst": "53.0% (33.4) // 59.1% (33.2) // 66.2% (36.6) // 69.4% (41.7)",
        "oppCorsi": "46.1% (50.6) // 43.9% (47.4) // 43.8% (48.9) // 42.9% (50.5)",
        "oppFenwick": "46.2% (38.7) // 43.9% (36.2) // 43.5% (37.1) // 40.6% (36.6)",
        "oppShots": "46.9% (28.3) // 45.9% (26.8) // 47.6% (28.0) // 44.8% (27.3)",
        "oppScoring": "46.4% (27.4) // 44.4% (24.2) // 43.7% (24.8) // 41.1% (26.3)",
        "oppCorsiAgainst": "53.9% (59.2) // 56.1% (60.5) // 56.2% (62.9) // 57.1% (67.2)",
        "oppFenwickAgainst": "53.8% (45.1) // 56.1% (46.2) // 56.5% (48.3) // 59.4% (53.5)",
        "oppShotsAgainst": "53.1% (32.1) // 54.1% (31.5) // 52.4% (30.8) // 55.2% (33.6)",
        "oppScoringAgainst": "53.6% (31.6) // 55.6% (30.2) // 56.3% (32.0) // 58.9% (37.6)",
        "savesPerGame": 30.5,
        "savesPerGameLast1": 43.0,
        "savesPerGameLast3": 36.3,
        "savesPerGameLast5": 33.6,
        "savesPer60": 30.6,
        "savesPer60Last1": 42.5,
        "savesPer60Last3": 35.9,
        "savesPer60Last5": 33.9,
        "shotsPerGame": 29.7,
        "shotsPerGameLast5": 23.2,
        "shotsAgainstPerGame": 33.5,
        "shotsAgainstPerGameLast5": 36.4,
        "oppSavesAgainstPer60": 25.3,
        "oppSavesAgainstPer60Last1": 23.8,
        "oppSavesAgainstPer60Last3": 21.4,
        "oppSavesAgainstPer60Last5": 22.5,
        "oppShotsAgainstPerGame": 32.4,
        "oppShotsAgainstPerGameLast5": 30.8,
        "savesProj": 27.0,
        "savesProjLast5": 26.7,
        "savesProjLast3": 27.1,
        "oppSavesAgainstProj": 27.7,
        "oppSavesAgainstProjLast5": 26.3,
        "oppSavesAgainstProjLast3": 26.1,
        "totalOver": 19,
        "totalOverLast5": 0,
        "totalOverLast15": 13,
        "lastTotalOver": 0,
        "last5": "0,0,0,0,0,2,0,0,0,0",
        "overOdds": "+225",
        "underOdds": "-285",
        "overUnder": "+225 / -285"
    },
    {
        "player": "Phillip Tomasino",
        "team": "NSH",
        "opponent": "STL",
        "propType": "ast",
        "line": 0.5,
        "ppLine": "",
        "avg": 0.52,
        "hit": false,
        "diffAvg": 0.04,
        "diffAbs": 1.0,
        "lastAvg": 0,
        "diff": 0,
        "avgMin": 14,
        "proj": 0.0,
        "lastAvgMin": 0,
        "oppOver": 0,
        "teamOver": 0,
        "gameLine": "-145",
        "+/-": "+5",
        "L5_+/-": "+4.0",
        "prevMatchup": "",
        "winLossSplits": "0.6 - 0.37",
        "awayHome": "H",
        "playedYesterday": "N",
        "awayHomeSplits": "0.42 - 0.64",
        "savesAboveExp": -0.172,
        "gsaa": -21.76,
        "corsi": "48.0% (57.0) // 42.7% (46.6) // 40.8% (45.6) // 37.3% (44.0)",
        "fenwick": "47.6% (41.9) // 40.8% (33.1) // 38.6% (32.5) // 35.6% (31.3)",
        "shots": "47.0% (29.3) // 41.7% (23.5) // 38.9% (22.8) // 39.8% (25.3)",
        "scoring": "47.0% (29.6) // 40.9% (23.0) // 33.8% (18.7) // 30.6% (18.3)",
        "corsiAgainst": "52.0% (61.7) // 57.3% (62.5) // 59.2% (66.3) // 62.7% (74.0)",
        "fenwickAgainst": "52.4% (46.2) // 59.2% (48.0) // 61.4% (51.5) // 64.4% (56.7)",
        "shotsAgainst": "53.0% (33.0) // 58.3% (32.8) // 61.1% (35.8) // 60.2% (38.3)",
        "scoringAgainst": "53.0% (33.4) // 59.1% (33.2) // 66.2% (36.6) // 69.4% (41.7)",
        "oppCorsi": "46.1% (50.6) // 43.9% (47.4) // 43.8% (48.9) // 42.9% (50.5)",
        "oppFenwick": "46.2% (38.7) // 43.9% (36.2) // 43.5% (37.1) // 40.6% (36.6)",
        "oppShots": "46.9% (28.3) // 45.9% (26.8) // 47.6% (28.0) // 44.8% (27.3)",
        "oppScoring": "46.4% (27.4) // 44.4% (24.2) // 43.7% (24.8) // 41.1% (26.3)",
        "oppCorsiAgainst": "53.9% (59.2) // 56.1% (60.5) // 56.2% (62.9) // 57.1% (67.2)",
        "oppFenwickAgainst": "53.8% (45.1) // 56.1% (46.2) // 56.5% (48.3) // 59.4% (53.5)",
        "oppShotsAgainst": "53.1% (32.1) // 54.1% (31.5) // 52.4% (30.8) // 55.2% (33.6)",
        "oppScoringAgainst": "53.6% (31.6) // 55.6% (30.2) // 56.3% (32.0) // 58.9% (37.6)",
        "savesPerGame": 30.5,
        "savesPerGameLast1": 43.0,
        "savesPerGameLast3": 36.3,
        "savesPerGameLast5": 33.6,
        "savesPer60": 30.6,
        "savesPer60Last1": 42.5,
        "savesPer60Last3": 35.9,
        "savesPer60Last5": 33.9,
        "shotsPerGame": 29.7,
        "shotsPerGameLast5": 23.2,
        "shotsAgainstPerGame": 33.5,
        "shotsAgainstPerGameLast5": 36.4,
        "oppSavesAgainstPer60": 25.3,
        "oppSavesAgainstPer60Last1": 23.8,
        "oppSavesAgainstPer60Last3": 21.4,
        "oppSavesAgainstPer60Last5": 22.5,
        "oppShotsAgainstPerGame": 32.4,
        "oppShotsAgainstPerGameLast5": 30.8,
        "savesProj": 27.0,
        "savesProjLast5": 26.7,
        "savesProjLast3": 27.1,
        "oppSavesAgainstProj": 27.7,
        "oppSavesAgainstProjLast5": 26.3,
        "oppSavesAgainstProjLast3": 26.1,
        "totalOver": 43,
        "totalOverLast5": 40,
        "totalOverLast15": 47,
        "lastTotalOver": 0,
        "last5": "0,0,1,2,0,1,0,1,1,1",
        "overOdds": "+160",
        "underOdds": "-195",
        "overUnder": "+160 / -195"
    },
    {
        "player": "Thomas Novak",
        "team": "NSH",
        "opponent": "STL",
        "propType": "ast",
        "line": 0.5,
        "ppLine": "PP1",
        "avg": 0.47,
        "hit": false,
        "diffAvg": -0.06,
        "diffAbs": 0.4,
        "lastAvg": 0.22,
        "diff": -0.56,
        "avgMin": 14,
        "proj": 0.3,
        "lastAvgMin": 11.78,
        "oppOver": 0,
        "teamOver": 0,
        "gameLine": "-145",
        "+/-": "+2",
        "L5_+/-": 0.0,
        "prevMatchup": "2023-01-19 1.0 ast",
        "winLossSplits": "0.53 - 0.34",
        "awayHome": "H",
        "playedYesterday": "N",
        "awayHomeSplits": "0.45 - 0.48",
        "savesAboveExp": -0.172,
        "gsaa": -21.76,
        "corsi": "48.0% (57.0) // 42.7% (46.6) // 40.8% (45.6) // 37.3% (44.0)",
        "fenwick": "47.6% (41.9) // 40.8% (33.1) // 38.6% (32.5) // 35.6% (31.3)",
        "shots": "47.0% (29.3) // 41.7% (23.5) // 38.9% (22.8) // 39.8% (25.3)",
        "scoring": "47.0% (29.6) // 40.9% (23.0) // 33.8% (18.7) // 30.6% (18.3)",
        "corsiAgainst": "52.0% (61.7) // 57.3% (62.5) // 59.2% (66.3) // 62.7% (74.0)",
        "fenwickAgainst": "52.4% (46.2) // 59.2% (48.0) // 61.4% (51.5) // 64.4% (56.7)",
        "shotsAgainst": "53.0% (33.0) // 58.3% (32.8) // 61.1% (35.8) // 60.2% (38.3)",
        "scoringAgainst": "53.0% (33.4) // 59.1% (33.2) // 66.2% (36.6) // 69.4% (41.7)",
        "oppCorsi": "46.1% (50.6) // 43.9% (47.4) // 43.8% (48.9) // 42.9% (50.5)",
        "oppFenwick": "46.2% (38.7) // 43.9% (36.2) // 43.5% (37.1) // 40.6% (36.6)",
        "oppShots": "46.9% (28.3) // 45.9% (26.8) // 47.6% (28.0) // 44.8% (27.3)",
        "oppScoring": "46.4% (27.4) // 44.4% (24.2) // 43.7% (24.8) // 41.1% (26.3)",
        "oppCorsiAgainst": "53.9% (59.2) // 56.1% (60.5) // 56.2% (62.9) // 57.1% (67.2)",
        "oppFenwickAgainst": "53.8% (45.1) // 56.1% (46.2) // 56.5% (48.3) // 59.4% (53.5)",
        "oppShotsAgainst": "53.1% (32.1) // 54.1% (31.5) // 52.4% (30.8) // 55.2% (33.6)",
        "oppScoringAgainst": "53.6% (31.6) // 55.6% (30.2) // 56.3% (32.0) // 58.9% (37.6)",
        "savesPerGame": 30.5,
        "savesPerGameLast1": 43.0,
        "savesPerGameLast3": 36.3,
        "savesPerGameLast5": 33.6,
        "savesPer60": 30.6,
        "savesPer60Last1": 42.5,
        "savesPer60Last3": 35.9,
        "savesPer60Last5": 33.9,
        "shotsPerGame": 29.7,
        "shotsPerGameLast5": 23.2,
        "shotsAgainstPerGame": 33.5,
        "shotsAgainstPerGameLast5": 36.4,
        "oppSavesAgainstPer60": 25.3,
        "oppSavesAgainstPer60Last1": 23.8,
        "oppSavesAgainstPer60Last3": 21.4,
        "oppSavesAgainstPer60Last5": 22.5,
        "oppShotsAgainstPerGame": 32.4,
        "oppShotsAgainstPerGameLast5": 30.8,
        "savesProj": 27.0,
        "savesProjLast5": 26.7,
        "savesProjLast3": 27.1,
        "oppSavesAgainstProj": 27.7,
        "oppSavesAgainstProjLast5": 26.3,
        "oppSavesAgainstProjLast3": 26.1,
        "totalOver": 42,
        "totalOverLast5": 40,
        "totalOverLast15": 40,
        "lastTotalOver": 15,
        "last5": "0,0,1,0,1,1,0,1,1,0",
        "overOdds": "+135",
        "underOdds": "-165",
        "overUnder": "+135 / -165"
    },
    {
        "player": "Brad Marchand",
        "team": "BOS",
        "opponent": "PIT",
        "propType": "ast",
        "line": 0.5,
        "ppLine": "PP1",
        "avg": 0.65,
        "hit": false,
        "diffAvg": 0.3,
        "diffAbs": 0.2,
        "lastAvg": 0.62,
        "diff": 0.24,
        "avgMin": 18,
        "proj": 0.6,
        "lastAvgMin": 19.25,
        "oppOver": 0,
        "teamOver": 0,
        "gameLine": "-135",
        "+/-": "+26",
        "L5_+/-": "+2.0",
        "prevMatchup": "2023-01-02 1.0 ast 2022-11-01 0.0 ast",
        "winLossSplits": "0.79 - 0.24",
        "awayHome": "A",
        "playedYesterday": "N",
        "awayHomeSplits": "0.58 - 0.73",
        "savesAboveExp": 0.033,
        "gsaa": 7.22,
        "corsi": "51.3% (57.9) // 49.8% (56.6) // 50.3% (56.7) // 52.8% (61.4)",
        "fenwick": "51.6% (43.8) // 49.8% (43.8) // 49.7% (43.0) // 54.2% (47.8)",
        "shots": "52.6% (32.5) // 51.4% (32.1) // 52.6% (31.4) // 55.0% (33.9)",
        "scoring": "53.1% (32.3) // 53.6% (32.8) // 55.0% (32.4) // 57.6% (34.3)",
        "corsiAgainst": "48.7% (55.0) // 50.2% (57.1) // 49.7% (56.1) // 47.2% (54.9)",
        "fenwickAgainst": "48.4% (41.0) // 50.2% (44.2) // 50.3% (43.6) // 45.8% (40.4)",
        "shotsAgainst": "47.4% (29.3) // 48.6% (30.4) // 47.4% (28.3) // 45.0% (27.8)",
        "scoringAgainst": "46.9% (28.5) // 46.4% (28.3) // 45.0% (26.5) // 42.4% (25.2)",
        "oppCorsi": "52.0% (63.5) // 57.1% (73.9) // 56.3% (75.8) // 59.7% (78.5)",
        "oppFenwick": "52.0% (47.6) // 58.5% (55.6) // 58.1% (59.0) // 62.6% (62.0)",
        "oppShots": "51.3% (34.4) // 58.9% (40.2) // 58.5% (42.2) // 61.3% (42.0)",
        "oppScoring": "52.7% (33.4) // 59.2% (40.1) // 56.4% (39.8) // 63.7% (43.0)",
        "oppCorsiAgainst": "48.0% (58.6) // 42.9% (55.5) // 43.7% (58.8) // 40.3% (53.0)",
        "oppFenwickAgainst": "48.0% (43.9) // 41.5% (39.5) // 41.9% (42.6) // 37.4% (37.0)",
        "oppShotsAgainst": "48.7% (32.6) // 41.1% (28.0) // 41.5% (30.0) // 38.7% (26.5)",
        "oppScoringAgainst": "47.3% (30.0) // 40.8% (27.6) // 43.6% (30.8) // 36.3% (24.5)",
        "savesPerGame": 27.6,
        "savesPerGameLast1": 25.0,
        "savesPerGameLast3": 26.7,
        "savesPerGameLast5": 27.0,
        "savesPer60": 27.7,
        "savesPer60Last1": 25.3,
        "savesPer60Last3": 27.2,
        "savesPer60Last5": 27.3,
        "shotsPerGame": 32.9,
        "shotsPerGameLast5": 32.0,
        "shotsAgainstPerGame": 29.7,
        "shotsAgainstPerGameLast5": 28.8,
        "oppSavesAgainstPer60": 31.6,
        "oppSavesAgainstPer60Last1": 43.0,
        "oppSavesAgainstPer60Last3": 37.6,
        "oppSavesAgainstPer60Last5": 38.4,
        "oppShotsAgainstPerGame": 33.0,
        "oppShotsAgainstPerGameLast5": 30.0,
        "savesProj": 29.3,
        "savesProjLast5": 35.5,
        "savesProjLast3": 34.7,
        "oppSavesAgainstProj": 30.6,
        "oppSavesAgainstProjLast5": 37.4,
        "oppSavesAgainstProjLast3": 34.8,
        "totalOver": 48,
        "totalOverLast5": 40,
        "totalOverLast15": 40,
        "lastTotalOver": 51,
        "last5": "0,0,1,0,1,2,3,0,1,0",
        "overOdds": "+135",
        "underOdds": "-165",
        "overUnder": "+135 / -165"
    },
    {
        "player": "Bryan Rust",
        "team": "PIT",
        "opponent": "BOS",
        "propType": "ast",
        "line": 0.5,
        "ppLine": "PP2",
        "avg": 0.34,
        "hit": false,
        "diffAvg": -0.32,
        "diffAbs": 0.0,
        "lastAvg": 0.51,
        "diff": 0.02,
        "avgMin": 17,
        "proj": 0.5,
        "lastAvgMin": 18.77,
        "oppOver": 0,
        "teamOver": 0,
        "gameLine": "+115",
        "+/-": -8,
        "L5_+/-": -1.0,
        "prevMatchup": "2023-01-02 0.0 ast 2022-11-01 0.0 ast",
        "winLossSplits": "0.51 - 0.2",
        "awayHome": "H",
        "playedYesterday": "N",
        "awayHomeSplits": "0.26 - 0.42",
        "savesAboveExp": 0.19,
        "gsaa": 13.49,
        "corsi": "52.0% (63.5) // 57.1% (73.9) // 56.3% (75.8) // 59.7% (78.5)",
        "fenwick": "52.0% (47.6) // 58.5% (55.6) // 58.1% (59.0) // 62.6% (62.0)",
        "shots": "51.3% (34.4) // 58.9% (40.2) // 58.5% (42.2) // 61.3% (42.0)",
        "scoring": "52.7% (33.4) // 59.2% (40.1) // 56.4% (39.8) // 63.7% (43.0)",
        "corsiAgainst": "48.0% (58.6) // 42.9% (55.5) // 43.7% (58.8) // 40.3% (53.0)",
        "fenwickAgainst": "48.0% (43.9) // 41.5% (39.5) // 41.9% (42.6) // 37.4% (37.0)",
        "shotsAgainst": "48.7% (32.6) // 41.1% (28.0) // 41.5% (30.0) // 38.7% (26.5)",
        "scoringAgainst": "47.3% (30.0) // 40.8% (27.6) // 43.6% (30.8) // 36.3% (24.5)",
        "oppCorsi": "51.3% (57.9) // 49.8% (56.6) // 50.3% (56.7) // 52.8% (61.4)",
        "oppFenwick": "51.6% (43.8) // 49.8% (43.8) // 49.7% (43.0) // 54.2% (47.8)",
        "oppShots": "52.6% (32.5) // 51.4% (32.1) // 52.6% (31.4) // 55.0% (33.9)",
        "oppScoring": "53.1% (32.3) // 53.6% (32.8) // 55.0% (32.4) // 57.6% (34.3)",
        "oppCorsiAgainst": "48.7% (55.0) // 50.2% (57.1) // 49.7% (56.1) // 47.2% (54.9)",
        "oppFenwickAgainst": "48.4% (41.0) // 50.2% (44.2) // 50.3% (43.6) // 45.8% (40.4)",
        "oppShotsAgainst": "47.4% (29.3) // 48.6% (30.4) // 47.4% (28.3) // 45.0% (27.8)",
        "oppScoringAgainst": "46.9% (28.5) // 46.4% (28.3) // 45.0% (26.5) // 42.4% (25.2)",
        "savesPerGame": 29.7,
        "savesPerGameLast1": 28.0,
        "savesPerGameLast3": 25.7,
        "savesPerGameLast5": 27.0,
        "savesPer60": 29.8,
        "savesPer60Last1": 27.7,
        "savesPer60Last3": 25.3,
        "savesPer60Last5": 26.5,
        "shotsPerGame": 34.7,
        "shotsPerGameLast5": 42.2,
        "shotsAgainstPerGame": 33.0,
        "shotsAgainstPerGameLast5": 30.0,
        "oppSavesAgainstPer60": 29.1,
        "oppSavesAgainstPer60Last1": 29.0,
        "oppSavesAgainstPer60Last3": 33.9,
        "oppSavesAgainstPer60Last5": 30.0,
        "oppShotsAgainstPerGame": 29.7,
        "oppShotsAgainstPerGameLast5": 28.8,
        "savesProj": 31.4,
        "savesProjLast5": 28.3,
        "savesProjLast3": 30.1,
        "oppSavesAgainstProj": 30.7,
        "oppSavesAgainstProjLast5": 28.8,
        "oppSavesAgainstProjLast3": 31.9,
        "totalOver": 26,
        "totalOverLast5": 40,
        "totalOverLast15": 20,
        "lastTotalOver": 43,
        "last5": "0,1,0,0,1,0,0,0,1,0",
        "overOdds": "+165",
        "underOdds": "-205",
        "overUnder": "+165 / -205"
    },
    {
        "player": "David Pastrnak",
        "team": "BOS",
        "opponent": "PIT",
        "propType": "ast",
        "line": 0.5,
        "ppLine": "PP1",
        "avg": 0.6,
        "hit": false,
        "diffAvg": 0.2,
        "diffAbs": 0.0,
        "lastAvg": 0.47,
        "diff": -0.06,
        "avgMin": 19,
        "proj": 0.5,
        "lastAvgMin": 18.6,
        "oppOver": 0,
        "teamOver": 0,
        "gameLine": "-135",
        "+/-": "+33",
        "L5_+/-": "+3.0",
        "prevMatchup": "2023-01-02 0.0 ast 2022-11-01 1.0 ast",
        "winLossSplits": "0.65 - 0.44",
        "awayHome": "A",
        "playedYesterday": "N",
        "awayHomeSplits": "0.62 - 0.58",
        "savesAboveExp": 0.033,
        "gsaa": 7.22,
        "corsi": "51.3% (57.9) // 49.8% (56.6) // 50.3% (56.7) // 52.8% (61.4)",
        "fenwick": "51.6% (43.8) // 49.8% (43.8) // 49.7% (43.0) // 54.2% (47.8)",
        "shots": "52.6% (32.5) // 51.4% (32.1) // 52.6% (31.4) // 55.0% (33.9)",
        "scoring": "53.1% (32.3) // 53.6% (32.8) // 55.0% (32.4) // 57.6% (34.3)",
        "corsiAgainst": "48.7% (55.0) // 50.2% (57.1) // 49.7% (56.1) // 47.2% (54.9)",
        "fenwickAgainst": "48.4% (41.0) // 50.2% (44.2) // 50.3% (43.6) // 45.8% (40.4)",
        "shotsAgainst": "47.4% (29.3) // 48.6% (30.4) // 47.4% (28.3) // 45.0% (27.8)",
        "scoringAgainst": "46.9% (28.5) // 46.4% (28.3) // 45.0% (26.5) // 42.4% (25.2)",
        "oppCorsi": "52.0% (63.5) // 57.1% (73.9) // 56.3% (75.8) // 59.7% (78.5)",
        "oppFenwick": "52.0% (47.6) // 58.5% (55.6) // 58.1% (59.0) // 62.6% (62.0)",
        "oppShots": "51.3% (34.4) // 58.9% (40.2) // 58.5% (42.2) // 61.3% (42.0)",
        "oppScoring": "52.7% (33.4) // 59.2% (40.1) // 56.4% (39.8) // 63.7% (43.0)",
        "oppCorsiAgainst": "48.0% (58.6) // 42.9% (55.5) // 43.7% (58.8) // 40.3% (53.0)",
        "oppFenwickAgainst": "48.0% (43.9) // 41.5% (39.5) // 41.9% (42.6) // 37.4% (37.0)",
        "oppShotsAgainst": "48.7% (32.6) // 41.1% (28.0) // 41.5% (30.0) // 38.7% (26.5)",
        "oppScoringAgainst": "47.3% (30.0) // 40.8% (27.6) // 43.6% (30.8) // 36.3% (24.5)",
        "savesPerGame": 27.6,
        "savesPerGameLast1": 25.0,
        "savesPerGameLast3": 26.7,
        "savesPerGameLast5": 27.0,
        "savesPer60": 27.7,
        "savesPer60Last1": 25.3,
        "savesPer60Last3": 27.2,
        "savesPer60Last5": 27.3,
        "shotsPerGame": 32.9,
        "shotsPerGameLast5": 32.0,
        "shotsAgainstPerGame": 29.7,
        "shotsAgainstPerGameLast5": 28.8,
        "oppSavesAgainstPer60": 31.6,
        "oppSavesAgainstPer60Last1": 43.0,
        "oppSavesAgainstPer60Last3": 37.6,
        "oppSavesAgainstPer60Last5": 38.4,
        "oppShotsAgainstPerGame": 33.0,
        "oppShotsAgainstPerGameLast5": 30.0,
        "savesProj": 29.3,
        "savesProjLast5": 35.5,
        "savesProjLast3": 34.7,
        "oppSavesAgainstProj": 30.6,
        "oppSavesAgainstProjLast5": 37.4,
        "oppSavesAgainstProjLast3": 34.8,
        "totalOver": 49,
        "totalOverLast5": 20,
        "totalOverLast15": 40,
        "lastTotalOver": 43,
        "last5": "0,0,0,0,1,0,0,1,1,1",
        "overOdds": "+115",
        "underOdds": "-145",
        "overUnder": "+115 / -145"
    },
    {
        "player": "Evgeni Malkin",
        "team": "PIT",
        "opponent": "BOS",
        "propType": "ast",
        "line": 0.5,
        "ppLine": "PP1",
        "avg": 0.71,
        "hit": false,
        "diffAvg": 0.42,
        "diffAbs": 0.0,
        "lastAvg": 0.46,
        "diff": -0.08,
        "avgMin": 18,
        "proj": 0.5,
        "lastAvgMin": 18.32,
        "oppOver": 0,
        "teamOver": 0,
        "gameLine": "+115",
        "+/-": -9,
        "L5_+/-": -5.0,
        "prevMatchup": "2023-01-02 0.0 ast 2022-11-01 1.0 ast",
        "winLossSplits": "0.94 - 0.43",
        "awayHome": "H",
        "playedYesterday": "N",
        "awayHomeSplits": "0.58 - 0.84",
        "savesAboveExp": 0.19,
        "gsaa": 13.49,
        "corsi": "52.0% (63.5) // 57.1% (73.9) // 56.3% (75.8) // 59.7% (78.5)",
        "fenwick": "52.0% (47.6) // 58.5% (55.6) // 58.1% (59.0) // 62.6% (62.0)",
        "shots": "51.3% (34.4) // 58.9% (40.2) // 58.5% (42.2) // 61.3% (42.0)",
        "scoring": "52.7% (33.4) // 59.2% (40.1) // 56.4% (39.8) // 63.7% (43.0)",
        "corsiAgainst": "48.0% (58.6) // 42.9% (55.5) // 43.7% (58.8) // 40.3% (53.0)",
        "fenwickAgainst": "48.0% (43.9) // 41.5% (39.5) // 41.9% (42.6) // 37.4% (37.0)",
        "shotsAgainst": "48.7% (32.6) // 41.1% (28.0) // 41.5% (30.0) // 38.7% (26.5)",
        "scoringAgainst": "47.3% (30.0) // 40.8% (27.6) // 43.6% (30.8) // 36.3% (24.5)",
        "oppCorsi": "51.3% (57.9) // 49.8% (56.6) // 50.3% (56.7) // 52.8% (61.4)",
        "oppFenwick": "51.6% (43.8) // 49.8% (43.8) // 49.7% (43.0) // 54.2% (47.8)",
        "oppShots": "52.6% (32.5) // 51.4% (32.1) // 52.6% (31.4) // 55.0% (33.9)",
        "oppScoring": "53.1% (32.3) // 53.6% (32.8) // 55.0% (32.4) // 57.6% (34.3)",
        "oppCorsiAgainst": "48.7% (55.0) // 50.2% (57.1) // 49.7% (56.1) // 47.2% (54.9)",
        "oppFenwickAgainst": "48.4% (41.0) // 50.2% (44.2) // 50.3% (43.6) // 45.8% (40.4)",
        "oppShotsAgainst": "47.4% (29.3) // 48.6% (30.4) // 47.4% (28.3) // 45.0% (27.8)",
        "oppScoringAgainst": "46.9% (28.5) // 46.4% (28.3) // 45.0% (26.5) // 42.4% (25.2)",
        "savesPerGame": 29.7,
        "savesPerGameLast1": 28.0,
        "savesPerGameLast3": 25.7,
        "savesPerGameLast5": 27.0,
        "savesPer60": 29.8,
        "savesPer60Last1": 27.7,
        "savesPer60Last3": 25.3,
        "savesPer60Last5": 26.5,
        "shotsPerGame": 34.7,
        "shotsPerGameLast5": 42.2,
        "shotsAgainstPerGame": 33.0,
        "shotsAgainstPerGameLast5": 30.0,
        "oppSavesAgainstPer60": 29.1,
        "oppSavesAgainstPer60Last1": 29.0,
        "oppSavesAgainstPer60Last3": 33.9,
        "oppSavesAgainstPer60Last5": 30.0,
        "oppShotsAgainstPerGame": 29.7,
        "oppShotsAgainstPerGameLast5": 28.8,
        "savesProj": 31.4,
        "savesProjLast5": 28.3,
        "savesProjLast3": 30.1,
        "oppSavesAgainstProj": 30.7,
        "oppSavesAgainstProjLast5": 28.8,
        "oppSavesAgainstProjLast3": 31.9,
        "totalOver": 52,
        "totalOverLast5": 60,
        "totalOverLast15": 67,
        "lastTotalOver": 44,
        "last5": "1,2,0,0,1,1,0,0,1,2",
        "overOdds": "-120",
        "underOdds": "-110",
        "overUnder": "-120 / -110"
    },
    {
        "player": "Hampus Lindholm",
        "team": "BOS",
        "opponent": "PIT",
        "propType": "ast",
        "line": 0.5,
        "ppLine": "PP1",
        "avg": 0.55,
        "hit": false,
        "diffAvg": 0.1,
        "diffAbs": 0.4,
        "lastAvg": 0.29,
        "diff": -0.42,
        "avgMin": 23,
        "proj": 0.3,
        "lastAvgMin": 22.5,
        "oppOver": 0,
        "teamOver": 0,
        "gameLine": "-135",
        "+/-": "+46",
        "L5_+/-": "+7.0",
        "prevMatchup": "2023-01-02 0.0 ast 2022-11-01 3.0 ast",
        "winLossSplits": "0.62 - 0.3",
        "awayHome": "A",
        "playedYesterday": "N",
        "awayHomeSplits": "0.51 - 0.58",
        "savesAboveExp": 0.033,
        "gsaa": 7.22,
        "corsi": "51.3% (57.9) // 49.8% (56.6) // 50.3% (56.7) // 52.8% (61.4)",
