[
    {
        "player": "Aaron Ekblad",
        "team": "FLA",
        "opponent": "TOR",
        "propType": "sog",
        "line": 2.5,
        "ppLine": "PP2",
        "avg": 2.97,
        "hit": false,
        "diffAvg": 0.19,
        "diffAbs": 0.08,
        "lastAvg": 2.54,
        "diff": 0.02,
        "avgMin": 23,
        "proj": 2.3,
        "lastAvgMin": 24.92,
        "oppOver": 0,
        "teamOver": 0,
        "gameLine": "+150",
        "+/-": -8,
        "L5_+/-": "+5.0",
        "prevMatchup": "2023-04-10 3.0 sog 2023-03-29 5.0 sog 2023-03-23 2.0 sog 2023-01-17 1.0 sog",
        "winLossSplits": "55% - 57%",
        "awayHome": "A",
        "playedYesterday": "N",
        "awayHomeSplits": "44% - 68%",
        "savesAboveExp": 0.388,
        "gsaa": 17.37,
        "corsi": "54.2% (66.3) // 52.5% (66.0) // 54.2% (66.3) // 54.2% (66.3)",
        "fenwick": "53.6% (49.9) // 52.0% (49.3) // 53.6% (49.9) // 53.6% (49.9)",
        "shots": "53.7% (36.5) // 51.9% (35.5) // 53.7% (36.5) // 53.7% (36.5)",
        "scoring": "54.6% (34.8) // 53.4% (34.0) // 54.6% (34.8) // 54.6% (34.8)",
        "corsiAgainst": "45.8% (56.1) // 47.5% (59.7) // 45.8% (56.1) // 45.8% (56.1)",
        "fenwickAgainst": "46.4% (43.2) // 48.0% (45.5) // 46.4% (43.2) // 46.4% (43.2)",
        "shotsAgainst": "46.3% (31.5) // 48.1% (33.0) // 46.3% (31.5) // 46.3% (31.5)",
        "scoringAgainst": "45.4% (28.9) // 46.6% (29.7) // 45.4% (28.9) // 45.4% (28.9)",
        "oppCorsi": "50.8% (57.6) // 50.8% (59.1) // 50.8% (57.6) // 50.8% (57.6)",
        "oppFenwick": "51.7% (44.0) // 52.2% (46.4) // 51.7% (44.0) // 51.7% (44.0)",
        "oppShots": "52.1% (31.8) // 52.3% (33.2) // 52.1% (31.8) // 52.1% (31.8)",
        "oppScoring": "53.9% (33.4) // 55.3% (34.1) // 53.9% (33.4) // 53.9% (33.4)",
        "oppCorsiAgainst": "49.2% (55.8) // 49.2% (57.4) // 49.2% (55.8) // 49.2% (55.8)",
        "oppFenwickAgainst": "48.3% (41.1) // 47.8% (42.5) // 48.3% (41.1) // 48.3% (41.1)",
        "oppShotsAgainst": "47.9% (29.2) // 47.7% (30.3) // 47.9% (29.2) // 47.9% (29.2)",
        "oppScoringAgainst": "46.1% (28.5) // 44.7% (27.6) // 46.1% (28.5) // 46.1% (28.5)",
        "savesPerGame": 28.4,
        "savesPerGameLast1": 33.0,
        "savesPerGameLast3": 35.3,
        "savesPerGameLast5": 32.4,
        "savesPer60": 30.7,
        "savesPer60Last1": 37.2,
        "savesPer60Last3": 38.0,
        "savesPer60Last5": 33.2,
        "shotsPerGame": 36.8,
        "shotsPerGameLast5": 32.8,
        "shotsAgainstPerGame": 31.7,
        "shotsAgainstPerGameLast5": 36.6,
        "oppSavesAgainstPer60": 30.7,
        "oppSavesAgainstPer60Last1": 20.0,
        "oppSavesAgainstPer60Last3": 27.0,
        "oppSavesAgainstPer60Last5": 27.0,
        "oppShotsAgainstPerGame": 29.5,
        "oppShotsAgainstPerGameLast5": 32.4,
        "savesProj": 30.1,
        "savesProjLast5": 30.4,
        "savesProjLast3": 35.0,
        "oppSavesAgainstProj": 30.1,
        "oppSavesAgainstProjLast5": 27.5,
        "oppSavesAgainstProjLast3": 30.0,
        "totalOver": 56,
        "totalOverLast5": 20,
        "totalOverLast15": 53,
        "lastTotalOver": 56,
        "last5": "3,2,0,0,2,4,4,3,3,1",
        "overOdds": "-110",
        "underOdds": "-120",
        "overUnder": "-110 / -120"
    },
    {
        "player": "Aleksander Barkov",
        "team": "FLA",
        "opponent": "TOR",
        "propType": "sog",
        "line": 2.5,
        "ppLine": "PP1",
        "avg": 3.05,
        "hit": false,
        "diffAvg": 0.22,
        "diffAbs": 0.16,
        "lastAvg": 2.78,
        "diff": 0.11,
        "avgMin": 21,
        "proj": 2.9,
        "lastAvgMin": 20.3,
        "oppOver": 0,
        "teamOver": 0,
        "gameLine": "+150",
        "+/-": "+10",
        "L5_+/-": "+1.0",
        "prevMatchup": "2023-04-10 2.0 sog 2023-03-29 1.0 sog 2023-03-23 1.0 sog 2023-01-17 2.0 sog",
        "winLossSplits": "57% - 52%",
        "awayHome": "A",
        "playedYesterday": "N",
        "awayHomeSplits": "41% - 68%",
        "savesAboveExp": 0.388,
        "gsaa": 17.37,
        "corsi": "54.2% (66.3) // 52.5% (66.0) // 54.2% (66.3) // 54.2% (66.3)",
        "fenwick": "53.6% (49.9) // 52.0% (49.3) // 53.6% (49.9) // 53.6% (49.9)",
        "shots": "53.7% (36.5) // 51.9% (35.5) // 53.7% (36.5) // 53.7% (36.5)",
        "scoring": "54.6% (34.8) // 53.4% (34.0) // 54.6% (34.8) // 54.6% (34.8)",
        "corsiAgainst": "45.8% (56.1) // 47.5% (59.7) // 45.8% (56.1) // 45.8% (56.1)",
        "fenwickAgainst": "46.4% (43.2) // 48.0% (45.5) // 46.4% (43.2) // 46.4% (43.2)",
        "shotsAgainst": "46.3% (31.5) // 48.1% (33.0) // 46.3% (31.5) // 46.3% (31.5)",
        "scoringAgainst": "45.4% (28.9) // 46.6% (29.7) // 45.4% (28.9) // 45.4% (28.9)",
        "oppCorsi": "50.8% (57.6) // 50.8% (59.1) // 50.8% (57.6) // 50.8% (57.6)",
        "oppFenwick": "51.7% (44.0) // 52.2% (46.4) // 51.7% (44.0) // 51.7% (44.0)",
        "oppShots": "52.1% (31.8) // 52.3% (33.2) // 52.1% (31.8) // 52.1% (31.8)",
        "oppScoring": "53.9% (33.4) // 55.3% (34.1) // 53.9% (33.4) // 53.9% (33.4)",
        "oppCorsiAgainst": "49.2% (55.8) // 49.2% (57.4) // 49.2% (55.8) // 49.2% (55.8)",
        "oppFenwickAgainst": "48.3% (41.1) // 47.8% (42.5) // 48.3% (41.1) // 48.3% (41.1)",
        "oppShotsAgainst": "47.9% (29.2) // 47.7% (30.3) // 47.9% (29.2) // 47.9% (29.2)",
        "oppScoringAgainst": "46.1% (28.5) // 44.7% (27.6) // 46.1% (28.5) // 46.1% (28.5)",
        "savesPerGame": 28.4,
        "savesPerGameLast1": 33.0,
        "savesPerGameLast3": 35.3,
        "savesPerGameLast5": 32.4,
        "savesPer60": 30.7,
        "savesPer60Last1": 37.2,
        "savesPer60Last3": 38.0,
        "savesPer60Last5": 33.2,
        "shotsPerGame": 36.8,
        "shotsPerGameLast5": 32.8,
        "shotsAgainstPerGame": 31.7,
        "shotsAgainstPerGameLast5": 36.6,
        "oppSavesAgainstPer60": 30.7,
        "oppSavesAgainstPer60Last1": 20.0,
        "oppSavesAgainstPer60Last3": 27.0,
        "oppSavesAgainstPer60Last5": 27.0,
        "oppShotsAgainstPerGame": 29.5,
        "oppShotsAgainstPerGameLast5": 32.4,
        "savesProj": 30.1,
        "savesProjLast5": 30.4,
        "savesProjLast3": 35.0,
        "oppSavesAgainstProj": 30.1,
        "oppSavesAgainstProjLast5": 27.5,
        "oppSavesAgainstProjLast3": 30.0,
        "totalOver": 55,
        "totalOverLast5": 60,
        "totalOverLast15": 47,
        "lastTotalOver": 66,
        "last5": "4,2,2,7,3,1,0,5,2,3",
        "overOdds": "-140",
        "underOdds": "+110",
        "overUnder": "-140 / +110"
    },
    {
        "player": "Auston Matthews",
        "team": "TOR",
        "opponent": "FLA",
        "propType": "sog",
        "line": 4.5,
        "ppLine": "PP1",
        "avg": 4.38,
        "hit": false,
        "diffAvg": -0.03,
        "diffAbs": 0.07,
        "lastAvg": 4.3,
        "diff": -0.04,
        "avgMin": 20,
        "proj": 4.2,
        "lastAvgMin": 20.6,
        "oppOver": 0,
        "teamOver": 0,
        "gameLine": "-175",
        "+/-": "+34",
        "L5_+/-": "+4.0",
        "prevMatchup": "2023-04-10 4.0 sog 2023-03-29 5.0 sog 2023-03-23 4.0 sog 2023-01-17 5.0 sog",
        "winLossSplits": "44% - 43%",
        "awayHome": "H",
        "playedYesterday": "N",
        "awayHomeSplits": "39% - 49%",
        "savesAboveExp": "-",
        "gsaa": 3.73,
        "corsi": "50.8% (57.6) // 50.8% (59.1) // 50.8% (57.6) // 50.8% (57.6)",
        "fenwick": "51.7% (44.0) // 52.2% (46.4) // 51.7% (44.0) // 51.7% (44.0)",
        "shots": "52.1% (31.8) // 52.3% (33.2) // 52.1% (31.8) // 52.1% (31.8)",
        "scoring": "53.9% (33.4) // 55.3% (34.1) // 53.9% (33.4) // 53.9% (33.4)",
        "corsiAgainst": "49.2% (55.8) // 49.2% (57.4) // 49.2% (55.8) // 49.2% (55.8)",
        "fenwickAgainst": "48.3% (41.1) // 47.8% (42.5) // 48.3% (41.1) // 48.3% (41.1)",
        "shotsAgainst": "47.9% (29.2) // 47.7% (30.3) // 47.9% (29.2) // 47.9% (29.2)",
        "scoringAgainst": "46.1% (28.5) // 44.7% (27.6) // 46.1% (28.5) // 46.1% (28.5)",
        "oppCorsi": "54.2% (66.3) // 52.5% (66.0) // 54.2% (66.3) // 54.2% (66.3)",
        "oppFenwick": "53.6% (49.9) // 52.0% (49.3) // 53.6% (49.9) // 53.6% (49.9)",
        "oppShots": "53.7% (36.5) // 51.9% (35.5) // 53.7% (36.5) // 53.7% (36.5)",
        "oppScoring": "54.6% (34.8) // 53.4% (34.0) // 54.6% (34.8) // 54.6% (34.8)",
        "oppCorsiAgainst": "45.8% (56.1) // 47.5% (59.7) // 45.8% (56.1) // 45.8% (56.1)",
        "oppFenwickAgainst": "46.4% (43.2) // 48.0% (45.5) // 46.4% (43.2) // 46.4% (43.2)",
        "oppShotsAgainst": "46.3% (31.5) // 48.1% (33.0) // 46.3% (31.5) // 46.3% (31.5)",
        "oppScoringAgainst": "45.4% (28.9) // 46.6% (29.7) // 45.4% (28.9) // 45.4% (28.9)",
        "savesPerGame": 26.8,
        "savesPerGameLast1": 31.0,
        "savesPerGameLast3": 30.7,
        "savesPerGameLast5": 29.6,
        "savesPer60": 29.0,
        "savesPer60Last1": 33.2,
        "savesPer60Last3": 31.4,
        "savesPer60Last5": 31.8,
        "shotsPerGame": 32.0,
        "shotsPerGameLast5": 30.6,
        "shotsAgainstPerGame": 29.5,
        "shotsAgainstPerGameLast5": 32.4,
        "oppSavesAgainstPer60": 36.2,
        "oppSavesAgainstPer60Last1": 27.8,
        "oppSavesAgainstPer60Last3": 24.5,
        "oppSavesAgainstPer60Last5": 29.7,
        "oppShotsAgainstPerGame": 31.7,
        "oppShotsAgainstPerGameLast5": 36.6,
        "savesProj": 31.2,
        "savesProjLast5": 30.1,
        "savesProjLast3": 25.2,
        "oppSavesAgainstProj": 33.3,
        "oppSavesAgainstProjLast5": 28.5,
        "oppSavesAgainstProjLast3": 24.4,
        "totalOver": 44,
        "totalOverLast5": 40,
        "totalOverLast15": 40,
        "lastTotalOver": 41,
        "last5": "3,3,7,5,3,2,3,4,4,6",
        "overOdds": "-110",
        "underOdds": "-120",
        "overUnder": "-110 / -120"
    },
    {
        "player": "Brandon Montour",
        "team": "FLA",
        "opponent": "TOR",
        "propType": "sog",
        "line": 2.5,
        "ppLine": "PP1",
        "avg": 3.03,
        "hit": false,
        "diffAvg": 0.21,
        "diffAbs": 0.08,
        "lastAvg": 1.68,
        "diff": -0.33,
        "avgMin": 24,
        "proj": 2.3,
        "lastAvgMin": 17.88,
        "oppOver": 0,
        "teamOver": 0,
        "gameLine": "+150",
        "+/-": "+8",
        "L5_+/-": -1.0,
        "prevMatchup": "2023-04-10 4.0 sog 2023-03-29 1.0 sog 2023-03-23 4.0 sog 2023-01-17 1.0 sog",
        "winLossSplits": "53% - 62%",
        "awayHome": "A",
        "playedYesterday": "N",
        "awayHomeSplits": "45% - 70%",
        "savesAboveExp": 0.388,
        "gsaa": 17.37,
        "corsi": "54.2% (66.3) // 52.5% (66.0) // 54.2% (66.3) // 54.2% (66.3)",
        "fenwick": "53.6% (49.9) // 52.0% (49.3) // 53.6% (49.9) // 53.6% (49.9)",
        "shots": "53.7% (36.5) // 51.9% (35.5) // 53.7% (36.5) // 53.7% (36.5)",
        "scoring": "54.6% (34.8) // 53.4% (34.0) // 54.6% (34.8) // 54.6% (34.8)",
        "corsiAgainst": "45.8% (56.1) // 47.5% (59.7) // 45.8% (56.1) // 45.8% (56.1)",
        "fenwickAgainst": "46.4% (43.2) // 48.0% (45.5) // 46.4% (43.2) // 46.4% (43.2)",
        "shotsAgainst": "46.3% (31.5) // 48.1% (33.0) // 46.3% (31.5) // 46.3% (31.5)",
        "scoringAgainst": "45.4% (28.9) // 46.6% (29.7) // 45.4% (28.9) // 45.4% (28.9)",
        "oppCorsi": "50.8% (57.6) // 50.8% (59.1) // 50.8% (57.6) // 50.8% (57.6)",
        "oppFenwick": "51.7% (44.0) // 52.2% (46.4) // 51.7% (44.0) // 51.7% (44.0)",
        "oppShots": "52.1% (31.8) // 52.3% (33.2) // 52.1% (31.8) // 52.1% (31.8)",
        "oppScoring": "53.9% (33.4) // 55.3% (34.1) // 53.9% (33.4) // 53.9% (33.4)",
        "oppCorsiAgainst": "49.2% (55.8) // 49.2% (57.4) // 49.2% (55.8) // 49.2% (55.8)",
        "oppFenwickAgainst": "48.3% (41.1) // 47.8% (42.5) // 48.3% (41.1) // 48.3% (41.1)",
        "oppShotsAgainst": "47.9% (29.2) // 47.7% (30.3) // 47.9% (29.2) // 47.9% (29.2)",
        "oppScoringAgainst": "46.1% (28.5) // 44.7% (27.6) // 46.1% (28.5) // 46.1% (28.5)",
        "savesPerGame": 28.4,
        "savesPerGameLast1": 33.0,
        "savesPerGameLast3": 35.3,
        "savesPerGameLast5": 32.4,
        "savesPer60": 30.7,
        "savesPer60Last1": 37.2,
        "savesPer60Last3": 38.0,
        "savesPer60Last5": 33.2,
        "shotsPerGame": 36.8,
        "shotsPerGameLast5": 32.8,
        "shotsAgainstPerGame": 31.7,
        "shotsAgainstPerGameLast5": 36.6,
        "oppSavesAgainstPer60": 30.7,
        "oppSavesAgainstPer60Last1": 20.0,
        "oppSavesAgainstPer60Last3": 27.0,
        "oppSavesAgainstPer60Last5": 27.0,
        "oppShotsAgainstPerGame": 29.5,
        "oppShotsAgainstPerGameLast5": 32.4,
        "savesProj": 30.1,
        "savesProjLast5": 30.4,
        "savesProjLast3": 35.0,
        "oppSavesAgainstProj": 30.1,
        "oppSavesAgainstProjLast5": 27.5,
        "oppSavesAgainstProjLast3": 30.0,
        "totalOver": 57,
        "totalOverLast5": 60,
        "totalOverLast15": 47,
        "lastTotalOver": 48,
        "last5": "6,2,0,6,4,2,2,6,4,2",
        "overOdds": "-130",
        "underOdds": "+100",
        "overUnder": "-130 / +100"
    },
    {
        "player": "Carter Verhaeghe",
        "team": "FLA",
        "opponent": "TOR",
        "propType": "sog",
        "line": 2.5,
        "ppLine": "PP2",
        "avg": 3.35,
        "hit": false,
        "diffAvg": 0.34,
        "diffAbs": 0.2,
        "lastAvg": 1.9,
        "diff": -0.24,
        "avgMin": 17,
        "proj": 2.0,
        "lastAvgMin": 16.05,
        "oppOver": 0,
        "teamOver": 0,
        "gameLine": "+150",
        "+/-": "+14",
        "L5_+/-": "+2.0",
        "prevMatchup": "2023-04-10 2.0 sog 2023-03-29 1.0 sog 2023-03-23 4.0 sog 2023-01-17 6.0 sog",
        "winLossSplits": "76% - 51%",
        "awayHome": "A",
        "playedYesterday": "N",
        "awayHomeSplits": "56% - 72%",
        "savesAboveExp": 0.388,
        "gsaa": 17.37,
        "corsi": "54.2% (66.3) // 52.5% (66.0) // 54.2% (66.3) // 54.2% (66.3)",
        "fenwick": "53.6% (49.9) // 52.0% (49.3) // 53.6% (49.9) // 53.6% (49.9)",
        "shots": "53.7% (36.5) // 51.9% (35.5) // 53.7% (36.5) // 53.7% (36.5)",
        "scoring": "54.6% (34.8) // 53.4% (34.0) // 54.6% (34.8) // 54.6% (34.8)",
        "corsiAgainst": "45.8% (56.1) // 47.5% (59.7) // 45.8% (56.1) // 45.8% (56.1)",
        "fenwickAgainst": "46.4% (43.2) // 48.0% (45.5) // 46.4% (43.2) // 46.4% (43.2)",
        "shotsAgainst": "46.3% (31.5) // 48.1% (33.0) // 46.3% (31.5) // 46.3% (31.5)",
        "scoringAgainst": "45.4% (28.9) // 46.6% (29.7) // 45.4% (28.9) // 45.4% (28.9)",
        "oppCorsi": "50.8% (57.6) // 50.8% (59.1) // 50.8% (57.6) // 50.8% (57.6)",
        "oppFenwick": "51.7% (44.0) // 52.2% (46.4) // 51.7% (44.0) // 51.7% (44.0)",
        "oppShots": "52.1% (31.8) // 52.3% (33.2) // 52.1% (31.8) // 52.1% (31.8)",
        "oppScoring": "53.9% (33.4) // 55.3% (34.1) // 53.9% (33.4) // 53.9% (33.4)",
        "oppCorsiAgainst": "49.2% (55.8) // 49.2% (57.4) // 49.2% (55.8) // 49.2% (55.8)",
        "oppFenwickAgainst": "48.3% (41.1) // 47.8% (42.5) // 48.3% (41.1) // 48.3% (41.1)",
        "oppShotsAgainst": "47.9% (29.2) // 47.7% (30.3) // 47.9% (29.2) // 47.9% (29.2)",
        "oppScoringAgainst": "46.1% (28.5) // 44.7% (27.6) // 46.1% (28.5) // 46.1% (28.5)",
        "savesPerGame": 28.4,
        "savesPerGameLast1": 33.0,
        "savesPerGameLast3": 35.3,
        "savesPerGameLast5": 32.4,
        "savesPer60": 30.7,
        "savesPer60Last1": 37.2,
        "savesPer60Last3": 38.0,
        "savesPer60Last5": 33.2,
        "shotsPerGame": 36.8,
        "shotsPerGameLast5": 32.8,
        "shotsAgainstPerGame": 31.7,
        "shotsAgainstPerGameLast5": 36.6,
        "oppSavesAgainstPer60": 30.7,
        "oppSavesAgainstPer60Last1": 20.0,
        "oppSavesAgainstPer60Last3": 27.0,
        "oppSavesAgainstPer60Last5": 27.0,
        "oppShotsAgainstPerGame": 29.5,
        "oppShotsAgainstPerGameLast5": 32.4,
        "savesProj": 30.1,
        "savesProjLast5": 30.4,
        "savesProjLast3": 35.0,
        "oppSavesAgainstProj": 30.1,
        "oppSavesAgainstProjLast5": 27.5,
        "oppSavesAgainstProjLast3": 30.0,
        "totalOver": 64,
        "totalOverLast5": 60,
        "totalOverLast15": 47,
        "lastTotalOver": 35,
        "last5": "4,2,3,2,3,2,2,2,2,3",
        "overOdds": "-150",
        "underOdds": "+120",
        "overUnder": "-150 / +120"
    },
    {
        "player": "Gustav Forsling",
        "team": "FLA",
        "opponent": "TOR",
        "propType": "sog",
        "line": 2.5,
        "ppLine": "PP2",
        "avg": 2.52,
        "hit": false,
        "diffAvg": 0.01,
        "diffAbs": 0.24,
        "lastAvg": 1.79,
        "diff": -0.28,
        "avgMin": 23,
        "proj": 1.9,
        "lastAvgMin": 21.22,
        "oppOver": 0,
        "teamOver": 0,
        "gameLine": "+150",
        "+/-": "+25",
        "L5_+/-": "+4.0",
        "prevMatchup": "2023-04-10 3.0 sog 2023-03-29 3.0 sog 2023-03-23 4.0 sog 2023-01-17 1.0 sog",
        "winLossSplits": "57% - 51%",
        "awayHome": "A",
        "playedYesterday": "N",
        "awayHomeSplits": "53% - 55%",
        "savesAboveExp": 0.388,
        "gsaa": 17.37,
        "corsi": "54.2% (66.3) // 52.5% (66.0) // 54.2% (66.3) // 54.2% (66.3)",
        "fenwick": "53.6% (49.9) // 52.0% (49.3) // 53.6% (49.9) // 53.6% (49.9)",
        "shots": "53.7% (36.5) // 51.9% (35.5) // 53.7% (36.5) // 53.7% (36.5)",
        "scoring": "54.6% (34.8) // 53.4% (34.0) // 54.6% (34.8) // 54.6% (34.8)",
        "corsiAgainst": "45.8% (56.1) // 47.5% (59.7) // 45.8% (56.1) // 45.8% (56.1)",
        "fenwickAgainst": "46.4% (43.2) // 48.0% (45.5) // 46.4% (43.2) // 46.4% (43.2)",
        "shotsAgainst": "46.3% (31.5) // 48.1% (33.0) // 46.3% (31.5) // 46.3% (31.5)",
        "scoringAgainst": "45.4% (28.9) // 46.6% (29.7) // 45.4% (28.9) // 45.4% (28.9)",
        "oppCorsi": "50.8% (57.6) // 50.8% (59.1) // 50.8% (57.6) // 50.8% (57.6)",
        "oppFenwick": "51.7% (44.0) // 52.2% (46.4) // 51.7% (44.0) // 51.7% (44.0)",
        "oppShots": "52.1% (31.8) // 52.3% (33.2) // 52.1% (31.8) // 52.1% (31.8)",
        "oppScoring": "53.9% (33.4) // 55.3% (34.1) // 53.9% (33.4) // 53.9% (33.4)",
        "oppCorsiAgainst": "49.2% (55.8) // 49.2% (57.4) // 49.2% (55.8) // 49.2% (55.8)",
        "oppFenwickAgainst": "48.3% (41.1) // 47.8% (42.5) // 48.3% (41.1) // 48.3% (41.1)",
        "oppShotsAgainst": "47.9% (29.2) // 47.7% (30.3) // 47.9% (29.2) // 47.9% (29.2)",
        "oppScoringAgainst": "46.1% (28.5) // 44.7% (27.6) // 46.1% (28.5) // 46.1% (28.5)",
        "savesPerGame": 28.4,
        "savesPerGameLast1": 33.0,
        "savesPerGameLast3": 35.3,
        "savesPerGameLast5": 32.4,
        "savesPer60": 30.7,
        "savesPer60Last1": 37.2,
        "savesPer60Last3": 38.0,
        "savesPer60Last5": 33.2,
        "shotsPerGame": 36.8,
        "shotsPerGameLast5": 32.8,
        "shotsAgainstPerGame": 31.7,
        "shotsAgainstPerGameLast5": 36.6,
        "oppSavesAgainstPer60": 30.7,
        "oppSavesAgainstPer60Last1": 20.0,
        "oppSavesAgainstPer60Last3": 27.0,
        "oppSavesAgainstPer60Last5": 27.0,
        "oppShotsAgainstPerGame": 29.5,
        "oppShotsAgainstPerGameLast5": 32.4,
        "savesProj": 30.1,
        "savesProjLast5": 30.4,
        "savesProjLast3": 35.0,
        "oppSavesAgainstProj": 30.1,
        "oppSavesAgainstProjLast5": 27.5,
        "oppSavesAgainstProjLast3": 30.0,
        "totalOver": 54,
        "totalOverLast5": 40,
        "totalOverLast15": 53,
        "lastTotalOver": 32,
        "last5": "0,0,3,4,2,1,3,2,3,5",
        "overOdds": "+120",
        "underOdds": "-150",
        "overUnder": "+120 / -150"
    },
    {
        "player": "John Tavares",
        "team": "TOR",
        "opponent": "FLA",
        "propType": "sog",
        "line": 3.5,
        "ppLine": "PP1",
        "avg": 3.45,
        "hit": false,
        "diffAvg": -0.01,
        "diffAbs": 0.26,
        "lastAvg": 2.76,
        "diff": -0.21,
        "avgMin": 17,
        "proj": 2.6,
        "lastAvgMin": 18.07,
        "oppOver": 0,
        "teamOver": 0,
        "gameLine": "-175",
        "+/-": -6,
        "L5_+/-": "+1.0",
        "prevMatchup": "2023-04-10 3.0 sog 2023-03-29 1.0 sog 2023-03-23 2.0 sog 2023-01-17 6.0 sog",
        "winLossSplits": "44% - 38%",
        "awayHome": "H",
        "playedYesterday": "N",
        "awayHomeSplits": "38% - 45%",
        "savesAboveExp": "-",
        "gsaa": 3.73,
        "corsi": "50.8% (57.6) // 50.8% (59.1) // 50.8% (57.6) // 50.8% (57.6)",
        "fenwick": "51.7% (44.0) // 52.2% (46.4) // 51.7% (44.0) // 51.7% (44.0)",
        "shots": "52.1% (31.8) // 52.3% (33.2) // 52.1% (31.8) // 52.1% (31.8)",
        "scoring": "53.9% (33.4) // 55.3% (34.1) // 53.9% (33.4) // 53.9% (33.4)",
        "corsiAgainst": "49.2% (55.8) // 49.2% (57.4) // 49.2% (55.8) // 49.2% (55.8)",
        "fenwickAgainst": "48.3% (41.1) // 47.8% (42.5) // 48.3% (41.1) // 48.3% (41.1)",
        "shotsAgainst": "47.9% (29.2) // 47.7% (30.3) // 47.9% (29.2) // 47.9% (29.2)",
        "scoringAgainst": "46.1% (28.5) // 44.7% (27.6) // 46.1% (28.5) // 46.1% (28.5)",
        "oppCorsi": "54.2% (66.3) // 52.5% (66.0) // 54.2% (66.3) // 54.2% (66.3)",
        "oppFenwick": "53.6% (49.9) // 52.0% (49.3) // 53.6% (49.9) // 53.6% (49.9)",
        "oppShots": "53.7% (36.5) // 51.9% (35.5) // 53.7% (36.5) // 53.7% (36.5)",
        "oppScoring": "54.6% (34.8) // 53.4% (34.0) // 54.6% (34.8) // 54.6% (34.8)",
        "oppCorsiAgainst": "45.8% (56.1) // 47.5% (59.7) // 45.8% (56.1) // 45.8% (56.1)",
        "oppFenwickAgainst": "46.4% (43.2) // 48.0% (45.5) // 46.4% (43.2) // 46.4% (43.2)",
        "oppShotsAgainst": "46.3% (31.5) // 48.1% (33.0) // 46.3% (31.5) // 46.3% (31.5)",
        "oppScoringAgainst": "45.4% (28.9) // 46.6% (29.7) // 45.4% (28.9) // 45.4% (28.9)",
        "savesPerGame": 26.8,
        "savesPerGameLast1": 31.0,
        "savesPerGameLast3": 30.7,
        "savesPerGameLast5": 29.6,
        "savesPer60": 29.0,
        "savesPer60Last1": 33.2,
        "savesPer60Last3": 31.4,
        "savesPer60Last5": 31.8,
        "shotsPerGame": 32.0,
        "shotsPerGameLast5": 30.6,
        "shotsAgainstPerGame": 29.5,
        "shotsAgainstPerGameLast5": 32.4,
        "oppSavesAgainstPer60": 36.2,
        "oppSavesAgainstPer60Last1": 27.8,
        "oppSavesAgainstPer60Last3": 24.5,
        "oppSavesAgainstPer60Last5": 29.7,
        "oppShotsAgainstPerGame": 31.7,
        "oppShotsAgainstPerGameLast5": 36.6,
        "savesProj": 31.2,
        "savesProjLast5": 30.1,
        "savesProjLast3": 25.2,
        "oppSavesAgainstProj": 33.3,
        "oppSavesAgainstProjLast5": 28.5,
        "oppSavesAgainstProjLast3": 24.4,
        "totalOver": 42,
        "totalOverLast5": 40,
        "totalOverLast15": 47,
        "lastTotalOver": 29,
        "last5": "1,5,3,1,6,4,3,3,5,4",
        "overOdds": "+130",
        "underOdds": "-160",
        "overUnder": "+130 / -160"
    },
    {
        "player": "Matthew Tkachuk",
        "team": "FLA",
        "opponent": "TOR",
        "propType": "sog",
        "line": 3.5,
        "ppLine": "PP1",
        "avg": 4.01,
        "hit": false,
        "diffAvg": 0.15,
        "diffAbs": 0.14,
        "lastAvg": 2.69,
        "diff": -0.23,
        "avgMin": 20,
        "proj": 3.0,
        "lastAvgMin": 17.88,
        "oppOver": 0,
        "teamOver": 0,
        "gameLine": "+150",
        "+/-": "+34",
        "L5_+/-": "+6.0",
        "prevMatchup": "2023-04-10 8.0 sog 2023-03-29 3.0 sog 2023-03-23 4.0 sog 2023-01-17 1.0 sog",
        "winLossSplits": "57% - 50%",
        "awayHome": "A",
        "playedYesterday": "N",
        "awayHomeSplits": "39% - 69%",
        "savesAboveExp": 0.388,
        "gsaa": 17.37,
        "corsi": "54.2% (66.3) // 52.5% (66.0) // 54.2% (66.3) // 54.2% (66.3)",
        "fenwick": "53.6% (49.9) // 52.0% (49.3) // 53.6% (49.9) // 53.6% (49.9)",
        "shots": "53.7% (36.5) // 51.9% (35.5) // 53.7% (36.5) // 53.7% (36.5)",
        "scoring": "54.6% (34.8) // 53.4% (34.0) // 54.6% (34.8) // 54.6% (34.8)",
        "corsiAgainst": "45.8% (56.1) // 47.5% (59.7) // 45.8% (56.1) // 45.8% (56.1)",
        "fenwickAgainst": "46.4% (43.2) // 48.0% (45.5) // 46.4% (43.2) // 46.4% (43.2)",
        "shotsAgainst": "46.3% (31.5) // 48.1% (33.0) // 46.3% (31.5) // 46.3% (31.5)",
        "scoringAgainst": "45.4% (28.9) // 46.6% (29.7) // 45.4% (28.9) // 45.4% (28.9)",
        "oppCorsi": "50.8% (57.6) // 50.8% (59.1) // 50.8% (57.6) // 50.8% (57.6)",
        "oppFenwick": "51.7% (44.0) // 52.2% (46.4) // 51.7% (44.0) // 51.7% (44.0)",
        "oppShots": "52.1% (31.8) // 52.3% (33.2) // 52.1% (31.8) // 52.1% (31.8)",
        "oppScoring": "53.9% (33.4) // 55.3% (34.1) // 53.9% (33.4) // 53.9% (33.4)",
        "oppCorsiAgainst": "49.2% (55.8) // 49.2% (57.4) // 49.2% (55.8) // 49.2% (55.8)",
        "oppFenwickAgainst": "48.3% (41.1) // 47.8% (42.5) // 48.3% (41.1) // 48.3% (41.1)",
        "oppShotsAgainst": "47.9% (29.2) // 47.7% (30.3) // 47.9% (29.2) // 47.9% (29.2)",
        "oppScoringAgainst": "46.1% (28.5) // 44.7% (27.6) // 46.1% (28.5) // 46.1% (28.5)",
        "savesPerGame": 28.4,
        "savesPerGameLast1": 33.0,
        "savesPerGameLast3": 35.3,
        "savesPerGameLast5": 32.4,
        "savesPer60": 30.7,
        "savesPer60Last1": 37.2,
        "savesPer60Last3": 38.0,
        "savesPer60Last5": 33.2,
        "shotsPerGame": 36.8,
        "shotsPerGameLast5": 32.8,
        "shotsAgainstPerGame": 31.7,
        "shotsAgainstPerGameLast5": 36.6,
        "oppSavesAgainstPer60": 30.7,
        "oppSavesAgainstPer60Last1": 20.0,
        "oppSavesAgainstPer60Last3": 27.0,
        "oppSavesAgainstPer60Last5": 27.0,
        "oppShotsAgainstPerGame": 29.5,
        "oppShotsAgainstPerGameLast5": 32.4,
        "savesProj": 30.1,
        "savesProjLast5": 30.4,
        "savesProjLast3": 35.0,
        "oppSavesAgainstProj": 30.1,
        "oppSavesAgainstProjLast5": 27.5,
        "oppSavesAgainstProjLast3": 30.0,
        "totalOver": 53,
        "totalOverLast5": 60,
        "totalOverLast15": 47,
        "lastTotalOver": 44,
        "last5": "1,4,2,6,4,2,3,3,8,7",
        "overOdds": "-135",
        "underOdds": "+105",
        "overUnder": "-135 / +105"
    },
    {
        "player": "Mitchell Marner",
        "team": "TOR",
        "opponent": "FLA",
        "propType": "sog",
        "line": 2.5,
        "ppLine": "PP1",
        "avg": 2.47,
        "hit": false,
        "diffAvg": -0.01,
        "diffAbs": 0.16,
        "lastAvg": 2.84,
        "diff": 0.14,
        "avgMin": 21,
        "proj": 2.9,
        "lastAvgMin": 20.87,
        "oppOver": 0,
        "teamOver": 0,
        "gameLine": "-175",
        "+/-": "+27",
        "L5_+/-": "+11.0",
        "prevMatchup": "2023-04-10 1.0 sog 2023-03-29 3.0 sog 2023-03-23 3.0 sog 2023-01-17 0.0 sog",
        "winLossSplits": "49% - 45%",
        "awayHome": "H",
        "playedYesterday": "N",
        "awayHomeSplits": "47% - 49%",
        "savesAboveExp": "-",
        "gsaa": 3.73,
        "corsi": "50.8% (57.6) // 50.8% (59.1) // 50.8% (57.6) // 50.8% (57.6)",
        "fenwick": "51.7% (44.0) // 52.2% (46.4) // 51.7% (44.0) // 51.7% (44.0)",
        "shots": "52.1% (31.8) // 52.3% (33.2) // 52.1% (31.8) // 52.1% (31.8)",
        "scoring": "53.9% (33.4) // 55.3% (34.1) // 53.9% (33.4) // 53.9% (33.4)",
        "corsiAgainst": "49.2% (55.8) // 49.2% (57.4) // 49.2% (55.8) // 49.2% (55.8)",
        "fenwickAgainst": "48.3% (41.1) // 47.8% (42.5) // 48.3% (41.1) // 48.3% (41.1)",
        "shotsAgainst": "47.9% (29.2) // 47.7% (30.3) // 47.9% (29.2) // 47.9% (29.2)",
        "scoringAgainst": "46.1% (28.5) // 44.7% (27.6) // 46.1% (28.5) // 46.1% (28.5)",
        "oppCorsi": "54.2% (66.3) // 52.5% (66.0) // 54.2% (66.3) // 54.2% (66.3)",
        "oppFenwick": "53.6% (49.9) // 52.0% (49.3) // 53.6% (49.9) // 53.6% (49.9)",
        "oppShots": "53.7% (36.5) // 51.9% (35.5) // 53.7% (36.5) // 53.7% (36.5)",
        "oppScoring": "54.6% (34.8) // 53.4% (34.0) // 54.6% (34.8) // 54.6% (34.8)",
        "oppCorsiAgainst": "45.8% (56.1) // 47.5% (59.7) // 45.8% (56.1) // 45.8% (56.1)",
        "oppFenwickAgainst": "46.4% (43.2) // 48.0% (45.5) // 46.4% (43.2) // 46.4% (43.2)",
        "oppShotsAgainst": "46.3% (31.5) // 48.1% (33.0) // 46.3% (31.5) // 46.3% (31.5)",
        "oppScoringAgainst": "45.4% (28.9) // 46.6% (29.7) // 45.4% (28.9) // 45.4% (28.9)",
        "savesPerGame": 26.8,
        "savesPerGameLast1": 31.0,
        "savesPerGameLast3": 30.7,
        "savesPerGameLast5": 29.6,
        "savesPer60": 29.0,
        "savesPer60Last1": 33.2,
        "savesPer60Last3": 31.4,
        "savesPer60Last5": 31.8,
        "shotsPerGame": 32.0,
        "shotsPerGameLast5": 30.6,
        "shotsAgainstPerGame": 29.5,
        "shotsAgainstPerGameLast5": 32.4,
        "oppSavesAgainstPer60": 36.2,
        "oppSavesAgainstPer60Last1": 27.8,
        "oppSavesAgainstPer60Last3": 24.5,
        "oppSavesAgainstPer60Last5": 29.7,
        "oppShotsAgainstPerGame": 31.7,
        "oppShotsAgainstPerGameLast5": 36.6,
        "savesProj": 31.2,
        "savesProjLast5": 30.1,
        "savesProjLast3": 25.2,
        "oppSavesAgainstProj": 33.3,
        "oppSavesAgainstProjLast5": 28.5,
        "oppSavesAgainstProjLast3": 24.4,
        "totalOver": 48,
        "totalOverLast5": 60,
        "totalOverLast15": 53,
        "lastTotalOver": 51,
        "last5": "3,2,3,2,3,3,1,1,5,3",
        "overOdds": "-130",
        "underOdds": "+100",
        "overUnder": "-130 / +100"
    },
    {
        "player": "Morgan Rielly",
        "team": "TOR",
        "opponent": "FLA",
        "propType": "sog",
        "line": 1.5,
        "ppLine": "PP1",
        "avg": 1.94,
        "hit": false,
        "diffAvg": 0.29,
        "diffAbs": 0.47,
        "lastAvg": 2.48,
        "diff": 0.65,
        "avgMin": 21,
        "proj": 2.2,
        "lastAvgMin": 23.73,
        "oppOver": 0,
        "teamOver": 0,
        "gameLine": "-175",
        "+/-": -1,
        "L5_+/-": "+5.0",
        "prevMatchup": "2023-04-10 1.0 sog 2023-03-29 1.0 sog 2023-01-17 1.0 sog",
        "winLossSplits": "62% - 48%",
        "awayHome": "H",
        "playedYesterday": "N",
        "awayHomeSplits": "44% - 68%",
        "savesAboveExp": "-",
        "gsaa": 3.73,
        "corsi": "50.8% (57.6) // 50.8% (59.1) // 50.8% (57.6) // 50.8% (57.6)",
        "fenwick": "51.7% (44.0) // 52.2% (46.4) // 51.7% (44.0) // 51.7% (44.0)",
        "shots": "52.1% (31.8) // 52.3% (33.2) // 52.1% (31.8) // 52.1% (31.8)",
        "scoring": "53.9% (33.4) // 55.3% (34.1) // 53.9% (33.4) // 53.9% (33.4)",
        "corsiAgainst": "49.2% (55.8) // 49.2% (57.4) // 49.2% (55.8) // 49.2% (55.8)",
        "fenwickAgainst": "48.3% (41.1) // 47.8% (42.5) // 48.3% (41.1) // 48.3% (41.1)",
        "shotsAgainst": "47.9% (29.2) // 47.7% (30.3) // 47.9% (29.2) // 47.9% (29.2)",
        "scoringAgainst": "46.1% (28.5) // 44.7% (27.6) // 46.1% (28.5) // 46.1% (28.5)",
        "oppCorsi": "54.2% (66.3) // 52.5% (66.0) // 54.2% (66.3) // 54.2% (66.3)",
        "oppFenwick": "53.6% (49.9) // 52.0% (49.3) // 53.6% (49.9) // 53.6% (49.9)",
        "oppShots": "53.7% (36.5) // 51.9% (35.5) // 53.7% (36.5) // 53.7% (36.5)",
        "oppScoring": "54.6% (34.8) // 53.4% (34.0) // 54.6% (34.8) // 54.6% (34.8)",
        "oppCorsiAgainst": "45.8% (56.1) // 47.5% (59.7) // 45.8% (56.1) // 45.8% (56.1)",
        "oppFenwickAgainst": "46.4% (43.2) // 48.0% (45.5) // 46.4% (43.2) // 46.4% (43.2)",
        "oppShotsAgainst": "46.3% (31.5) // 48.1% (33.0) // 46.3% (31.5) // 46.3% (31.5)",
        "oppScoringAgainst": "45.4% (28.9) // 46.6% (29.7) // 45.4% (28.9) // 45.4% (28.9)",
        "savesPerGame": 26.8,
        "savesPerGameLast1": 31.0,
        "savesPerGameLast3": 30.7,
        "savesPerGameLast5": 29.6,
        "savesPer60": 29.0,
        "savesPer60Last1": 33.2,
        "savesPer60Last3": 31.4,
        "savesPer60Last5": 31.8,
        "shotsPerGame": 32.0,
        "shotsPerGameLast5": 30.6,
        "shotsAgainstPerGame": 29.5,
        "shotsAgainstPerGameLast5": 32.4,
        "oppSavesAgainstPer60": 36.2,
        "oppSavesAgainstPer60Last1": 27.8,
        "oppSavesAgainstPer60Last3": 24.5,
        "oppSavesAgainstPer60Last5": 29.7,
        "oppShotsAgainstPerGame": 31.7,
        "oppShotsAgainstPerGameLast5": 36.6,
        "savesProj": 31.2,
        "savesProjLast5": 30.1,
        "savesProjLast3": 25.2,
        "oppSavesAgainstProj": 33.3,
        "oppSavesAgainstProjLast5": 28.5,
        "oppSavesAgainstProjLast3": 24.4,
        "totalOver": 56,
        "totalOverLast5": 80,
        "totalOverLast15": 53,
        "lastTotalOver": 78,
        "last5": "2,3,1,2,2,2,0,0,1,0",
        "overOdds": "-190",
        "underOdds": "+155",
        "overUnder": "-190 / +155"
    },
    {
        "player": "Sam Bennett",
        "team": "FLA",
        "opponent": "TOR",
        "propType": "sog",
        "line": 2.5,
        "ppLine": "PP1",
        "avg": 3.07,
        "hit": false,
        "diffAvg": 0.23,
        "diffAbs": 0.2,
        "lastAvg": 2.98,
        "diff": 0.19,
        "avgMin": 17,
        "proj": 3.0,
        "lastAvgMin": 16.93,
        "oppOver": 0,
        "teamOver": 0,
        "gameLine": "+150",
        "+/-": "+10",
        "L5_+/-": "+9.0",
        "prevMatchup": "2023-01-17 0.0 sog",
        "winLossSplits": "57% - 66%",
        "awayHome": "A",
        "playedYesterday": "N",
        "awayHomeSplits": "59% - 63%",
        "savesAboveExp": 0.388,
        "gsaa": 17.37,
        "corsi": "54.2% (66.3) // 52.5% (66.0) // 54.2% (66.3) // 54.2% (66.3)",
        "fenwick": "53.6% (49.9) // 52.0% (49.3) // 53.6% (49.9) // 53.6% (49.9)",
        "shots": "53.7% (36.5) // 51.9% (35.5) // 53.7% (36.5) // 53.7% (36.5)",
        "scoring": "54.6% (34.8) // 53.4% (34.0) // 54.6% (34.8) // 54.6% (34.8)",
        "corsiAgainst": "45.8% (56.1) // 47.5% (59.7) // 45.8% (56.1) // 45.8% (56.1)",
        "fenwickAgainst": "46.4% (43.2) // 48.0% (45.5) // 46.4% (43.2) // 46.4% (43.2)",
        "shotsAgainst": "46.3% (31.5) // 48.1% (33.0) // 46.3% (31.5) // 46.3% (31.5)",
        "scoringAgainst": "45.4% (28.9) // 46.6% (29.7) // 45.4% (28.9) // 45.4% (28.9)",
        "oppCorsi": "50.8% (57.6) // 50.8% (59.1) // 50.8% (57.6) // 50.8% (57.6)",
        "oppFenwick": "51.7% (44.0) // 52.2% (46.4) // 51.7% (44.0) // 51.7% (44.0)",
        "oppShots": "52.1% (31.8) // 52.3% (33.2) // 52.1% (31.8) // 52.1% (31.8)",
        "oppScoring": "53.9% (33.4) // 55.3% (34.1) // 53.9% (33.4) // 53.9% (33.4)",
        "oppCorsiAgainst": "49.2% (55.8) // 49.2% (57.4) // 49.2% (55.8) // 49.2% (55.8)",
        "oppFenwickAgainst": "48.3% (41.1) // 47.8% (42.5) // 48.3% (41.1) // 48.3% (41.1)",
        "oppShotsAgainst": "47.9% (29.2) // 47.7% (30.3) // 47.9% (29.2) // 47.9% (29.2)",
        "oppScoringAgainst": "46.1% (28.5) // 44.7% (27.6) // 46.1% (28.5) // 46.1% (28.5)",
        "savesPerGame": 28.4,
        "savesPerGameLast1": 33.0,
        "savesPerGameLast3": 35.3,
        "savesPerGameLast5": 32.4,
        "savesPer60": 30.7,
        "savesPer60Last1": 37.2,
        "savesPer60Last3": 38.0,
        "savesPer60Last5": 33.2,
        "shotsPerGame": 36.8,
        "shotsPerGameLast5": 32.8,
        "shotsAgainstPerGame": 31.7,
        "shotsAgainstPerGameLast5": 36.6,
        "oppSavesAgainstPer60": 30.7,
        "oppSavesAgainstPer60Last1": 20.0,
        "oppSavesAgainstPer60Last3": 27.0,
        "oppSavesAgainstPer60Last5": 27.0,
        "oppShotsAgainstPerGame": 29.5,
        "oppShotsAgainstPerGameLast5": 32.4,
        "savesProj": 30.1,
        "savesProjLast5": 30.4,
        "savesProjLast3": 35.0,
        "oppSavesAgainstProj": 30.1,
        "oppSavesAgainstProjLast5": 27.5,
        "oppSavesAgainstProjLast3": 30.0,
        "totalOver": 61,
        "totalOverLast5": 60,
        "totalOverLast15": 53,
        "lastTotalOver": 64,
        "last5": "1,1,3,5,3,7,2,2,1,4",
        "overOdds": "-155",
        "underOdds": "+125",
        "overUnder": "-155 / +125"
    },
    {
        "player": "Sam Reinhart",
        "team": "FLA",
        "opponent": "TOR",
        "propType": "sog",
        "line": 2.5,
        "ppLine": "PP1",
        "avg": 2.73,
        "hit": false,
        "diffAvg": 0.09,
        "diffAbs": 0.08,
        "lastAvg": 2.11,
        "diff": -0.16,
        "avgMin": 19,
        "proj": 2.3,
        "lastAvgMin": 17.75,
        "oppOver": 0,
        "teamOver": 0,
        "gameLine": "+150",
        "+/-": -10,
        "L5_+/-": "+3.0",
        "prevMatchup": "2023-04-10 2.0 sog 2023-03-29 2.0 sog 2023-03-23 2.0 sog 2023-01-17 0.0 sog",
        "winLossSplits": "52% - 49%",
        "awayHome": "A",
        "playedYesterday": "N",
        "awayHomeSplits": "42% - 59%",
        "savesAboveExp": 0.388,
        "gsaa": 17.37,
        "corsi": "54.2% (66.3) // 52.5% (66.0) // 54.2% (66.3) // 54.2% (66.3)",
        "fenwick": "53.6% (49.9) // 52.0% (49.3) // 53.6% (49.9) // 53.6% (49.9)",
        "shots": "53.7% (36.5) // 51.9% (35.5) // 53.7% (36.5) // 53.7% (36.5)",
        "scoring": "54.6% (34.8) // 53.4% (34.0) // 54.6% (34.8) // 54.6% (34.8)",
        "corsiAgainst": "45.8% (56.1) // 47.5% (59.7) // 45.8% (56.1) // 45.8% (56.1)",
        "fenwickAgainst": "46.4% (43.2) // 48.0% (45.5) // 46.4% (43.2) // 46.4% (43.2)",
        "shotsAgainst": "46.3% (31.5) // 48.1% (33.0) // 46.3% (31.5) // 46.3% (31.5)",
        "scoringAgainst": "45.4% (28.9) // 46.6% (29.7) // 45.4% (28.9) // 45.4% (28.9)",
        "oppCorsi": "50.8% (57.6) // 50.8% (59.1) // 50.8% (57.6) // 50.8% (57.6)",
        "oppFenwick": "51.7% (44.0) // 52.2% (46.4) // 51.7% (44.0) // 51.7% (44.0)",
        "oppShots": "52.1% (31.8) // 52.3% (33.2) // 52.1% (31.8) // 52.1% (31.8)",
        "oppScoring": "53.9% (33.4) // 55.3% (34.1) // 53.9% (33.4) // 53.9% (33.4)",
        "oppCorsiAgainst": "49.2% (55.8) // 49.2% (57.4) // 49.2% (55.8) // 49.2% (55.8)",
        "oppFenwickAgainst": "48.3% (41.1) // 47.8% (42.5) // 48.3% (41.1) // 48.3% (41.1)",
        "oppShotsAgainst": "47.9% (29.2) // 47.7% (30.3) // 47.9% (29.2) // 47.9% (29.2)",
        "oppScoringAgainst": "46.1% (28.5) // 44.7% (27.6) // 46.1% (28.5) // 46.1% (28.5)",
        "savesPerGame": 28.4,
        "savesPerGameLast1": 33.0,
        "savesPerGameLast3": 35.3,
        "savesPerGameLast5": 32.4,
        "savesPer60": 30.7,
        "savesPer60Last1": 37.2,
        "savesPer60Last3": 38.0,
        "savesPer60Last5": 33.2,
        "shotsPerGame": 36.8,
        "shotsPerGameLast5": 32.8,
        "shotsAgainstPerGame": 31.7,
        "shotsAgainstPerGameLast5": 36.6,
        "oppSavesAgainstPer60": 30.7,
        "oppSavesAgainstPer60Last1": 20.0,
        "oppSavesAgainstPer60Last3": 27.0,
        "oppSavesAgainstPer60Last5": 27.0,
        "oppShotsAgainstPerGame": 29.5,
        "oppShotsAgainstPerGameLast5": 32.4,
        "savesProj": 30.1,
        "savesProjLast5": 30.4,
        "savesProjLast3": 35.0,
        "oppSavesAgainstProj": 30.1,
        "oppSavesAgainstProjLast5": 27.5,
        "oppSavesAgainstProjLast3": 30.0,
        "totalOver": 51,
        "totalOverLast5": 60,
        "totalOverLast15": 40,
        "lastTotalOver": 42,
        "last5": "4,4,2,2,3,0,1,3,2,8",
        "overOdds": "+105",
        "underOdds": "-135",
        "overUnder": "+105 / -135"
    },
    {
        "player": "William Nylander",
        "team": "TOR",
        "opponent": "FLA",
        "propType": "sog",
        "line": 3.5,
        "ppLine": "PP2",
        "avg": 3.59,
        "hit": false,
        "diffAvg": 0.03,
        "diffAbs": 0.17,
        "lastAvg": 2.91,
        "diff": -0.17,
        "avgMin": 18,
        "proj": 2.9,
        "lastAvgMin": 18.27,
        "oppOver": 0,
        "teamOver": 0,
