[
    {
        "player": "Adam Fox",
        "team": "NYR",
        "opponent": "WSH",
        "propType": "ast",
        "line": 0.5,
        "ppLine": "PP1",
        "avg": 0.72,
        "hit": false,
        "diffAvg": 0.44,
        "diffAbs": 0.2,
        "lastAvg": 0.64,
        "diff": 0.28,
        "avgMin": 24,
        "proj": 0.6,
        "lastAvgMin": 23.9,
        "oppOver": 0,
        "teamOver": 0,
        "gameLine": "-135",
        "+/-": "+29",
        "L5_+/-": "+10.0",
        "prevMatchup": "2023-03-14 1.0 ast 2023-02-25 1.0 ast 2022-12-27 0.0 ast",
        "winLossSplits": "0.99 - 0.38",
        "awayHome": "A",
        "playedYesterday": "N",
        "awayHomeSplits": "0.66 - 0.79",
        "savesAboveExp": 0.193,
        "gsaa": 10.35,
        "corsi": "51.4% (58.2) // 46.3% (52.3) // 45.2% (50.9) // 48.1% (55.1)",
        "fenwick": "52.1% (43.9) // 48.5% (41.2) // 47.8% (40.9) // 49.8% (44.5)",
        "shots": "51.8% (31.2) // 49.7% (31.1) // 48.9% (30.2) // 49.7% (31.0)",
        "scoring": "51.3% (30.8) // 48.0% (28.5) // 45.5% (26.8) // 44.0% (26.7)",
        "corsiAgainst": "48.6% (55.0) // 53.7% (60.7) // 54.8% (61.6) // 51.9% (59.4)",
        "fenwickAgainst": "47.9% (40.4) // 51.5% (43.7) // 52.2% (44.7) // 50.2% (44.9)",
        "shotsAgainst": "48.2% (29.1) // 50.3% (31.5) // 51.1% (31.6) // 50.3% (31.3)",
        "scoringAgainst": "48.7% (29.2) // 52.0% (30.9) // 54.5% (32.2) // 56.0% (34.0)",
        "oppCorsi": "50.7% (59.3) // 50.6% (58.5) // 47.6% (54.9) // 44.2% (48.0)",
        "oppFenwick": "50.5% (43.5) // 50.3% (43.0) // 48.8% (41.4) // 46.8% (35.5)",
        "oppShots": "50.6% (31.1) // 50.7% (31.6) // 47.6% (29.1) // 47.5% (27.4)",
        "oppScoring": "50.8% (29.6) // 51.0% (29.2) // 50.0% (29.6) // 40.2% (21.6)",
        "oppCorsiAgainst": "49.3% (57.7) // 49.4% (57.1) // 52.4% (60.5) // 55.8% (60.5)",
        "oppFenwickAgainst": "49.5% (42.7) // 49.7% (42.5) // 51.2% (43.3) // 53.2% (40.3)",
        "oppShotsAgainst": "49.4% (30.3) // 49.3% (30.7) // 52.4% (32.1) // 52.5% (30.2)",
        "oppScoringAgainst": "49.2% (28.7) // 49.0% (28.0) // 50.0% (29.6) // 59.8% (32.2)",
        "savesPerGame": 26.9,
        "savesPerGameLast1": 31.0,
        "savesPerGameLast3": 29.3,
        "savesPerGameLast5": 29.6,
        "savesPer60": 27.0,
        "savesPer60Last1": 31.9,
        "savesPer60Last3": 29.3,
        "savesPer60Last5": 29.5,
        "shotsPerGame": 31.7,
        "shotsPerGameLast5": 30.4,
        "shotsAgainstPerGame": 29.5,
        "shotsAgainstPerGameLast5": 31.8,
        "oppSavesAgainstPer60": 28.5,
        "oppSavesAgainstPer60Last1": 30.6,
        "oppSavesAgainstPer60Last3": 28.8,
        "oppSavesAgainstPer60Last5": 27.7,
        "oppShotsAgainstPerGame": 30.6,
        "oppShotsAgainstPerGameLast5": 34.0,
        "savesProj": 27.8,
        "savesProjLast5": 29.8,
        "savesProjLast3": 30.5,
        "oppSavesAgainstProj": 26.9,
        "oppSavesAgainstProjLast5": 27.1,
        "oppSavesAgainstProjLast3": 29.3,
        "totalOver": 55,
        "totalOverLast5": 20,
        "totalOverLast15": 53,
        "lastTotalOver": 57,
        "last5": "0,0,2,0,0,1,1,1,1,1",
        "overOdds": "-130",
        "underOdds": "+100",
        "overUnder": "-130 / +100"
    },
    {
        "player": "Alex Ovechkin",
        "team": "WSH",
        "opponent": "NYR",
        "propType": "ast",
        "line": 0.5,
        "ppLine": "PP1",
        "avg": 0.43,
        "hit": false,
        "diffAvg": -0.14,
        "diffAbs": 0.0,
        "lastAvg": 0.48,
        "diff": -0.04,
        "avgMin": 20,
        "proj": 0.5,
        "lastAvgMin": 20.57,
        "oppOver": 0,
        "teamOver": 0,
        "gameLine": "+115",
        "+/-": -13,
        "L5_+/-": -7.0,
        "prevMatchup": "2023-02-25 2.0 ast 2022-12-27 0.0 ast",
        "winLossSplits": "0.6 - 0.28",
        "awayHome": "H",
        "playedYesterday": "N",
        "awayHomeSplits": "0.31 - 0.56",
        "savesAboveExp": 0.388,
        "gsaa": 16.34,
        "corsi": "50.7% (59.3) // 50.6% (58.5) // 47.6% (54.9) // 44.2% (48.0)",
        "fenwick": "50.5% (43.5) // 50.3% (43.0) // 48.8% (41.4) // 46.8% (35.5)",
        "shots": "50.6% (31.1) // 50.7% (31.6) // 47.6% (29.1) // 47.5% (27.4)",
        "scoring": "50.8% (29.6) // 51.0% (29.2) // 50.0% (29.6) // 40.2% (21.6)",
        "corsiAgainst": "49.3% (57.7) // 49.4% (57.1) // 52.4% (60.5) // 55.8% (60.5)",
        "fenwickAgainst": "49.5% (42.7) // 49.7% (42.5) // 51.2% (43.3) // 53.2% (40.3)",
        "shotsAgainst": "49.4% (30.3) // 49.3% (30.7) // 52.4% (32.1) // 52.5% (30.2)",
        "scoringAgainst": "49.2% (28.7) // 49.0% (28.0) // 50.0% (29.6) // 59.8% (32.2)",
        "oppCorsi": "51.4% (58.2) // 46.3% (52.3) // 45.2% (50.9) // 48.1% (55.1)",
        "oppFenwick": "52.1% (43.9) // 48.5% (41.2) // 47.8% (40.9) // 49.8% (44.5)",
        "oppShots": "51.8% (31.2) // 49.7% (31.1) // 48.9% (30.2) // 49.7% (31.0)",
        "oppScoring": "51.3% (30.8) // 48.0% (28.5) // 45.5% (26.8) // 44.0% (26.7)",
        "oppCorsiAgainst": "48.6% (55.0) // 53.7% (60.7) // 54.8% (61.6) // 51.9% (59.4)",
        "oppFenwickAgainst": "47.9% (40.4) // 51.5% (43.7) // 52.2% (44.7) // 50.2% (44.9)",
        "oppShotsAgainst": "48.2% (29.1) // 50.3% (31.5) // 51.1% (31.6) // 50.3% (31.3)",
        "oppScoringAgainst": "48.7% (29.2) // 52.0% (30.9) // 54.5% (32.2) // 56.0% (34.0)",
        "savesPerGame": 27.5,
        "savesPerGameLast1": 29.0,
        "savesPerGameLast3": 31.0,
        "savesPerGameLast5": 30.4,
        "savesPer60": 27.5,
        "savesPer60Last1": 28.7,
        "savesPer60Last3": 31.6,
        "savesPer60Last5": 31.0,
        "shotsPerGame": 31.4,
        "shotsPerGameLast5": 31.2,
        "shotsAgainstPerGame": 30.6,
        "shotsAgainstPerGameLast5": 34.0,
        "oppSavesAgainstPer60": 28.5,
        "oppSavesAgainstPer60Last1": 31.0,
        "oppSavesAgainstPer60Last3": 28.2,
        "oppSavesAgainstPer60Last5": 27.2,
        "oppShotsAgainstPerGame": 29.5,
        "oppShotsAgainstPerGameLast5": 31.8,
        "savesProj": 28.9,
        "savesProjLast5": 31.5,
        "savesProjLast3": 33.1,
        "oppSavesAgainstProj": 27.8,
        "oppSavesAgainstProjLast5": 29.8,
        "oppSavesAgainstProjLast3": 29.8,
        "totalOver": 34,
        "totalOverLast5": 20,
        "totalOverLast15": 40,
        "lastTotalOver": 44,
        "last5": "0,0,0,1,0,1,1,1,1,0",
        "overOdds": "+125",
        "underOdds": "-155",
        "overUnder": "+125 / -155"
    },
    {
        "player": "Artemi Panarin",
        "team": "NYR",
        "opponent": "WSH",
        "propType": "ast",
        "line": 0.5,
        "ppLine": "PP1",
        "avg": 0.76,
        "hit": false,
        "diffAvg": 0.52,
        "diffAbs": 0.6,
        "lastAvg": 0.78,
        "diff": 0.56,
        "avgMin": 19,
        "proj": 0.8,
        "lastAvgMin": 19.22,
        "oppOver": 0,
        "teamOver": 0,
        "gameLine": "-135",
        "+/-": "+4",
        "L5_+/-": "+7.0",
        "prevMatchup": "2023-03-14 1.0 ast 2023-02-25 0.0 ast 2022-12-27 0.0 ast",
        "winLossSplits": "1.09 - 0.32",
        "awayHome": "A",
        "playedYesterday": "N",
        "awayHomeSplits": "0.74 - 0.79",
        "savesAboveExp": 0.193,
        "gsaa": 10.35,
        "corsi": "51.4% (58.2) // 46.3% (52.3) // 45.2% (50.9) // 48.1% (55.1)",
        "fenwick": "52.1% (43.9) // 48.5% (41.2) // 47.8% (40.9) // 49.8% (44.5)",
        "shots": "51.8% (31.2) // 49.7% (31.1) // 48.9% (30.2) // 49.7% (31.0)",
        "scoring": "51.3% (30.8) // 48.0% (28.5) // 45.5% (26.8) // 44.0% (26.7)",
        "corsiAgainst": "48.6% (55.0) // 53.7% (60.7) // 54.8% (61.6) // 51.9% (59.4)",
        "fenwickAgainst": "47.9% (40.4) // 51.5% (43.7) // 52.2% (44.7) // 50.2% (44.9)",
        "shotsAgainst": "48.2% (29.1) // 50.3% (31.5) // 51.1% (31.6) // 50.3% (31.3)",
        "scoringAgainst": "48.7% (29.2) // 52.0% (30.9) // 54.5% (32.2) // 56.0% (34.0)",
        "oppCorsi": "50.7% (59.3) // 50.6% (58.5) // 47.6% (54.9) // 44.2% (48.0)",
        "oppFenwick": "50.5% (43.5) // 50.3% (43.0) // 48.8% (41.4) // 46.8% (35.5)",
        "oppShots": "50.6% (31.1) // 50.7% (31.6) // 47.6% (29.1) // 47.5% (27.4)",
        "oppScoring": "50.8% (29.6) // 51.0% (29.2) // 50.0% (29.6) // 40.2% (21.6)",
        "oppCorsiAgainst": "49.3% (57.7) // 49.4% (57.1) // 52.4% (60.5) // 55.8% (60.5)",
        "oppFenwickAgainst": "49.5% (42.7) // 49.7% (42.5) // 51.2% (43.3) // 53.2% (40.3)",
        "oppShotsAgainst": "49.4% (30.3) // 49.3% (30.7) // 52.4% (32.1) // 52.5% (30.2)",
        "oppScoringAgainst": "49.2% (28.7) // 49.0% (28.0) // 50.0% (29.6) // 59.8% (32.2)",
        "savesPerGame": 26.9,
        "savesPerGameLast1": 31.0,
        "savesPerGameLast3": 29.3,
        "savesPerGameLast5": 29.6,
        "savesPer60": 27.0,
        "savesPer60Last1": 31.9,
        "savesPer60Last3": 29.3,
        "savesPer60Last5": 29.5,
        "shotsPerGame": 31.7,
        "shotsPerGameLast5": 30.4,
        "shotsAgainstPerGame": 29.5,
        "shotsAgainstPerGameLast5": 31.8,
        "oppSavesAgainstPer60": 28.5,
        "oppSavesAgainstPer60Last1": 30.6,
        "oppSavesAgainstPer60Last3": 28.8,
        "oppSavesAgainstPer60Last5": 27.7,
        "oppShotsAgainstPerGame": 30.6,
        "oppShotsAgainstPerGameLast5": 34.0,
        "savesProj": 27.8,
        "savesProjLast5": 29.8,
        "savesProjLast3": 30.5,
        "oppSavesAgainstProj": 26.9,
        "oppSavesAgainstProjLast5": 27.1,
        "oppSavesAgainstProjLast3": 29.3,
        "totalOver": 51,
        "totalOverLast5": 40,
        "totalOverLast15": 40,
        "lastTotalOver": 58,
        "last5": "0,0,1,0,1,0,2,0,1,1",
        "overOdds": "-125",
        "underOdds": "-105",
        "overUnder": "-125 / -105"
    },
    {
        "player": "Chris Kreider",
        "team": "NYR",
        "opponent": "WSH",
        "propType": "ast",
        "line": 0.5,
        "ppLine": "PP1",
        "avg": 0.26,
        "hit": false,
        "diffAvg": -0.48,
        "diffAbs": 0.6,
        "lastAvg": 0.24,
        "diff": -0.52,
        "avgMin": 18,
        "proj": 0.2,
        "lastAvgMin": 18.72,
        "oppOver": 0,
        "teamOver": 0,
        "gameLine": "-135",
        "+/-": "+22",
        "L5_+/-": "+4.0",
        "prevMatchup": "2023-03-14 0.0 ast 2023-02-25 1.0 ast 2022-12-27 0.0 ast",
        "winLossSplits": "0.26 - 0.23",
        "awayHome": "A",
        "playedYesterday": "N",
        "awayHomeSplits": "0.19 - 0.33",
        "savesAboveExp": 0.193,
        "gsaa": 10.35,
        "corsi": "51.4% (58.2) // 46.3% (52.3) // 45.2% (50.9) // 48.1% (55.1)",
        "fenwick": "52.1% (43.9) // 48.5% (41.2) // 47.8% (40.9) // 49.8% (44.5)",
        "shots": "51.8% (31.2) // 49.7% (31.1) // 48.9% (30.2) // 49.7% (31.0)",
        "scoring": "51.3% (30.8) // 48.0% (28.5) // 45.5% (26.8) // 44.0% (26.7)",
        "corsiAgainst": "48.6% (55.0) // 53.7% (60.7) // 54.8% (61.6) // 51.9% (59.4)",
        "fenwickAgainst": "47.9% (40.4) // 51.5% (43.7) // 52.2% (44.7) // 50.2% (44.9)",
        "shotsAgainst": "48.2% (29.1) // 50.3% (31.5) // 51.1% (31.6) // 50.3% (31.3)",
        "scoringAgainst": "48.7% (29.2) // 52.0% (30.9) // 54.5% (32.2) // 56.0% (34.0)",
        "oppCorsi": "50.7% (59.3) // 50.6% (58.5) // 47.6% (54.9) // 44.2% (48.0)",
        "oppFenwick": "50.5% (43.5) // 50.3% (43.0) // 48.8% (41.4) // 46.8% (35.5)",
        "oppShots": "50.6% (31.1) // 50.7% (31.6) // 47.6% (29.1) // 47.5% (27.4)",
        "oppScoring": "50.8% (29.6) // 51.0% (29.2) // 50.0% (29.6) // 40.2% (21.6)",
        "oppCorsiAgainst": "49.3% (57.7) // 49.4% (57.1) // 52.4% (60.5) // 55.8% (60.5)",
        "oppFenwickAgainst": "49.5% (42.7) // 49.7% (42.5) // 51.2% (43.3) // 53.2% (40.3)",
        "oppShotsAgainst": "49.4% (30.3) // 49.3% (30.7) // 52.4% (32.1) // 52.5% (30.2)",
        "oppScoringAgainst": "49.2% (28.7) // 49.0% (28.0) // 50.0% (29.6) // 59.8% (32.2)",
        "savesPerGame": 26.9,
        "savesPerGameLast1": 31.0,
        "savesPerGameLast3": 29.3,
        "savesPerGameLast5": 29.6,
        "savesPer60": 27.0,
        "savesPer60Last1": 31.9,
        "savesPer60Last3": 29.3,
        "savesPer60Last5": 29.5,
        "shotsPerGame": 31.7,
        "shotsPerGameLast5": 30.4,
        "shotsAgainstPerGame": 29.5,
        "shotsAgainstPerGameLast5": 31.8,
        "oppSavesAgainstPer60": 28.5,
        "oppSavesAgainstPer60Last1": 30.6,
        "oppSavesAgainstPer60Last3": 28.8,
        "oppSavesAgainstPer60Last5": 27.7,
        "oppShotsAgainstPerGame": 30.6,
        "oppShotsAgainstPerGameLast5": 34.0,
        "savesProj": 27.8,
        "savesProjLast5": 29.8,
        "savesProjLast3": 30.5,
        "oppSavesAgainstProj": 26.9,
        "oppSavesAgainstProjLast5": 27.1,
        "oppSavesAgainstProjLast3": 29.3,
        "totalOver": 23,
        "totalOverLast5": 20,
        "totalOverLast15": 7,
        "lastTotalOver": 26,
        "last5": "0,0,1,0,0,0,0,0,0,0",
        "overOdds": "+220",
        "underOdds": "-280",
        "overUnder": "+220 / -280"
    },
    {
        "player": "Dylan Strome",
        "team": "WSH",
        "opponent": "NYR",
        "propType": "ast",
        "line": 0.5,
        "ppLine": "PP1",
        "avg": 0.52,
        "hit": false,
        "diffAvg": 0.04,
        "diffAbs": 0.4,
        "lastAvg": 0.38,
        "diff": -0.24,
        "avgMin": 16,
        "proj": 0.3,
        "lastAvgMin": 17.43,
        "oppOver": 0,
        "teamOver": 0,
        "gameLine": "+115",
        "+/-": -5,
        "L5_+/-": 0.0,
        "prevMatchup": "2023-03-14 1.0 ast 2023-02-25 1.0 ast 2022-12-27 1.0 ast",
        "winLossSplits": "0.69 - 0.36",
        "awayHome": "H",
        "playedYesterday": "N",
        "awayHomeSplits": "0.62 - 0.42",
        "savesAboveExp": 0.388,
        "gsaa": 16.34,
        "corsi": "50.7% (59.3) // 50.6% (58.5) // 47.6% (54.9) // 44.2% (48.0)",
        "fenwick": "50.5% (43.5) // 50.3% (43.0) // 48.8% (41.4) // 46.8% (35.5)",
        "shots": "50.6% (31.1) // 50.7% (31.6) // 47.6% (29.1) // 47.5% (27.4)",
        "scoring": "50.8% (29.6) // 51.0% (29.2) // 50.0% (29.6) // 40.2% (21.6)",
        "corsiAgainst": "49.3% (57.7) // 49.4% (57.1) // 52.4% (60.5) // 55.8% (60.5)",
        "fenwickAgainst": "49.5% (42.7) // 49.7% (42.5) // 51.2% (43.3) // 53.2% (40.3)",
        "shotsAgainst": "49.4% (30.3) // 49.3% (30.7) // 52.4% (32.1) // 52.5% (30.2)",
        "scoringAgainst": "49.2% (28.7) // 49.0% (28.0) // 50.0% (29.6) // 59.8% (32.2)",
        "oppCorsi": "51.4% (58.2) // 46.3% (52.3) // 45.2% (50.9) // 48.1% (55.1)",
        "oppFenwick": "52.1% (43.9) // 48.5% (41.2) // 47.8% (40.9) // 49.8% (44.5)",
        "oppShots": "51.8% (31.2) // 49.7% (31.1) // 48.9% (30.2) // 49.7% (31.0)",
        "oppScoring": "51.3% (30.8) // 48.0% (28.5) // 45.5% (26.8) // 44.0% (26.7)",
        "oppCorsiAgainst": "48.6% (55.0) // 53.7% (60.7) // 54.8% (61.6) // 51.9% (59.4)",
        "oppFenwickAgainst": "47.9% (40.4) // 51.5% (43.7) // 52.2% (44.7) // 50.2% (44.9)",
        "oppShotsAgainst": "48.2% (29.1) // 50.3% (31.5) // 51.1% (31.6) // 50.3% (31.3)",
        "oppScoringAgainst": "48.7% (29.2) // 52.0% (30.9) // 54.5% (32.2) // 56.0% (34.0)",
        "savesPerGame": 27.5,
        "savesPerGameLast1": 29.0,
        "savesPerGameLast3": 31.0,
        "savesPerGameLast5": 30.4,
        "savesPer60": 27.5,
        "savesPer60Last1": 28.7,
        "savesPer60Last3": 31.6,
        "savesPer60Last5": 31.0,
        "shotsPerGame": 31.4,
        "shotsPerGameLast5": 31.2,
        "shotsAgainstPerGame": 30.6,
        "shotsAgainstPerGameLast5": 34.0,
        "oppSavesAgainstPer60": 28.5,
        "oppSavesAgainstPer60Last1": 31.0,
        "oppSavesAgainstPer60Last3": 28.2,
        "oppSavesAgainstPer60Last5": 27.2,
        "oppShotsAgainstPerGame": 29.5,
        "oppShotsAgainstPerGameLast5": 31.8,
        "savesProj": 28.9,
        "savesProjLast5": 31.5,
        "savesProjLast3": 33.1,
        "oppSavesAgainstProj": 27.8,
        "oppSavesAgainstProjLast5": 29.8,
        "oppSavesAgainstProjLast3": 29.8,
        "totalOver": 41,
        "totalOverLast5": 60,
        "totalOverLast15": 60,
        "lastTotalOver": 38,
        "last5": "0,0,1,2,1,1,0,2,1,1",
        "overOdds": "+135",
        "underOdds": "-165",
        "overUnder": "+135 / -165"
    },
    {
        "player": "Evgeny Kuznetsov",
        "team": "WSH",
        "opponent": "NYR",
        "propType": "ast",
        "line": 0.5,
        "ppLine": "PP2",
        "avg": 0.56,
        "hit": false,
        "diffAvg": 0.12,
        "diffAbs": 0.2,
        "lastAvg": 0.62,
        "diff": 0.24,
        "avgMin": 18,
        "proj": 0.6,
        "lastAvgMin": 20.27,
        "oppOver": 0,
        "teamOver": 0,
        "gameLine": "+115",
        "+/-": -19,
        "L5_+/-": -7.0,
        "prevMatchup": "2023-03-14 0.0 ast 2023-02-25 2.0 ast 2022-12-27 1.0 ast",
        "winLossSplits": "0.93 - 0.25",
        "awayHome": "H",
        "playedYesterday": "N",
        "awayHomeSplits": "0.55 - 0.57",
        "savesAboveExp": 0.388,
        "gsaa": 16.34,
        "corsi": "50.7% (59.3) // 50.6% (58.5) // 47.6% (54.9) // 44.2% (48.0)",
        "fenwick": "50.5% (43.5) // 50.3% (43.0) // 48.8% (41.4) // 46.8% (35.5)",
        "shots": "50.6% (31.1) // 50.7% (31.6) // 47.6% (29.1) // 47.5% (27.4)",
        "scoring": "50.8% (29.6) // 51.0% (29.2) // 50.0% (29.6) // 40.2% (21.6)",
        "corsiAgainst": "49.3% (57.7) // 49.4% (57.1) // 52.4% (60.5) // 55.8% (60.5)",
        "fenwickAgainst": "49.5% (42.7) // 49.7% (42.5) // 51.2% (43.3) // 53.2% (40.3)",
        "shotsAgainst": "49.4% (30.3) // 49.3% (30.7) // 52.4% (32.1) // 52.5% (30.2)",
        "scoringAgainst": "49.2% (28.7) // 49.0% (28.0) // 50.0% (29.6) // 59.8% (32.2)",
        "oppCorsi": "51.4% (58.2) // 46.3% (52.3) // 45.2% (50.9) // 48.1% (55.1)",
        "oppFenwick": "52.1% (43.9) // 48.5% (41.2) // 47.8% (40.9) // 49.8% (44.5)",
        "oppShots": "51.8% (31.2) // 49.7% (31.1) // 48.9% (30.2) // 49.7% (31.0)",
        "oppScoring": "51.3% (30.8) // 48.0% (28.5) // 45.5% (26.8) // 44.0% (26.7)",
        "oppCorsiAgainst": "48.6% (55.0) // 53.7% (60.7) // 54.8% (61.6) // 51.9% (59.4)",
        "oppFenwickAgainst": "47.9% (40.4) // 51.5% (43.7) // 52.2% (44.7) // 50.2% (44.9)",
        "oppShotsAgainst": "48.2% (29.1) // 50.3% (31.5) // 51.1% (31.6) // 50.3% (31.3)",
        "oppScoringAgainst": "48.7% (29.2) // 52.0% (30.9) // 54.5% (32.2) // 56.0% (34.0)",
        "savesPerGame": 27.5,
        "savesPerGameLast1": 29.0,
        "savesPerGameLast3": 31.0,
        "savesPerGameLast5": 30.4,
        "savesPer60": 27.5,
        "savesPer60Last1": 28.7,
        "savesPer60Last3": 31.6,
        "savesPer60Last5": 31.0,
        "shotsPerGame": 31.4,
        "shotsPerGameLast5": 31.2,
        "shotsAgainstPerGame": 30.6,
        "shotsAgainstPerGameLast5": 34.0,
        "oppSavesAgainstPer60": 28.5,
        "oppSavesAgainstPer60Last1": 31.0,
        "oppSavesAgainstPer60Last3": 28.2,
        "oppSavesAgainstPer60Last5": 27.2,
        "oppShotsAgainstPerGame": 29.5,
        "oppShotsAgainstPerGameLast5": 31.8,
        "savesProj": 28.9,
        "savesProjLast5": 31.5,
        "savesProjLast3": 33.1,
        "oppSavesAgainstProj": 27.8,
        "oppSavesAgainstProjLast5": 29.8,
        "oppSavesAgainstProjLast3": 29.8,
        "totalOver": 43,
        "totalOverLast5": 60,
        "totalOverLast15": 20,
        "lastTotalOver": 51,
        "last5": "1,0,1,1,0,0,0,0,0,0",
        "overOdds": "+160",
        "underOdds": "-195",
        "overUnder": "+160 / -195"
    },
    {
        "player": "Filip Chytil",
        "team": "NYR",
        "opponent": "WSH",
        "propType": "ast",
        "line": 0.5,
        "ppLine": "PP2",
        "avg": 0.31,
        "hit": false,
        "diffAvg": -0.38,
        "diffAbs": 0.6,
        "lastAvg": 0.16,
        "diff": -0.68,
        "avgMin": 14,
        "proj": 0.2,
        "lastAvgMin": 13.17,
        "oppOver": 0,
        "teamOver": 0,
        "gameLine": "-135",
        "+/-": "+16",
        "L5_+/-": "+6.0",
        "prevMatchup": "2023-03-14 0.0 ast 2023-02-25 0.0 ast 2022-12-27 0.0 ast",
        "winLossSplits": "0.45 - 0.12",
        "awayHome": "A",
        "playedYesterday": "N",
        "awayHomeSplits": "0.31 - 0.3",
        "savesAboveExp": 0.193,
        "gsaa": 10.35,
        "corsi": "51.4% (58.2) // 46.3% (52.3) // 45.2% (50.9) // 48.1% (55.1)",
        "fenwick": "52.1% (43.9) // 48.5% (41.2) // 47.8% (40.9) // 49.8% (44.5)",
        "shots": "51.8% (31.2) // 49.7% (31.1) // 48.9% (30.2) // 49.7% (31.0)",
        "scoring": "51.3% (30.8) // 48.0% (28.5) // 45.5% (26.8) // 44.0% (26.7)",
        "corsiAgainst": "48.6% (55.0) // 53.7% (60.7) // 54.8% (61.6) // 51.9% (59.4)",
        "fenwickAgainst": "47.9% (40.4) // 51.5% (43.7) // 52.2% (44.7) // 50.2% (44.9)",
        "shotsAgainst": "48.2% (29.1) // 50.3% (31.5) // 51.1% (31.6) // 50.3% (31.3)",
        "scoringAgainst": "48.7% (29.2) // 52.0% (30.9) // 54.5% (32.2) // 56.0% (34.0)",
        "oppCorsi": "50.7% (59.3) // 50.6% (58.5) // 47.6% (54.9) // 44.2% (48.0)",
        "oppFenwick": "50.5% (43.5) // 50.3% (43.0) // 48.8% (41.4) // 46.8% (35.5)",
        "oppShots": "50.6% (31.1) // 50.7% (31.6) // 47.6% (29.1) // 47.5% (27.4)",
        "oppScoring": "50.8% (29.6) // 51.0% (29.2) // 50.0% (29.6) // 40.2% (21.6)",
        "oppCorsiAgainst": "49.3% (57.7) // 49.4% (57.1) // 52.4% (60.5) // 55.8% (60.5)",
        "oppFenwickAgainst": "49.5% (42.7) // 49.7% (42.5) // 51.2% (43.3) // 53.2% (40.3)",
        "oppShotsAgainst": "49.4% (30.3) // 49.3% (30.7) // 52.4% (32.1) // 52.5% (30.2)",
        "oppScoringAgainst": "49.2% (28.7) // 49.0% (28.0) // 50.0% (29.6) // 59.8% (32.2)",
        "savesPerGame": 26.9,
        "savesPerGameLast1": 31.0,
        "savesPerGameLast3": 29.3,
        "savesPerGameLast5": 29.6,
        "savesPer60": 27.0,
        "savesPer60Last1": 31.9,
        "savesPer60Last3": 29.3,
        "savesPer60Last5": 29.5,
        "shotsPerGame": 31.7,
        "shotsPerGameLast5": 30.4,
        "shotsAgainstPerGame": 29.5,
        "shotsAgainstPerGameLast5": 31.8,
        "oppSavesAgainstPer60": 28.5,
        "oppSavesAgainstPer60Last1": 30.6,
        "oppSavesAgainstPer60Last3": 28.8,
        "oppSavesAgainstPer60Last5": 27.7,
        "oppShotsAgainstPerGame": 30.6,
        "oppShotsAgainstPerGameLast5": 34.0,
        "savesProj": 27.8,
        "savesProjLast5": 29.8,
        "savesProjLast3": 30.5,
        "oppSavesAgainstProj": 26.9,
        "oppSavesAgainstProjLast5": 27.1,
        "oppSavesAgainstProjLast3": 29.3,
        "totalOver": 28,
        "totalOverLast5": 40,
        "totalOverLast15": 20,
        "lastTotalOver": 19,
        "last5": "1,0,0,1,0,0,0,1,0,0",
        "overOdds": "+260",
        "underOdds": "-335",
        "overUnder": "+260 / -335"
    },
    {
        "player": "John Carlson",
        "team": "WSH",
        "opponent": "NYR",
        "propType": "ast",
        "line": 0.5,
        "ppLine": "PP1",
        "avg": 0.44,
        "hit": false,
        "diffAvg": -0.12,
        "diffAbs": 0.2,
        "lastAvg": 0.64,
        "diff": 0.28,
        "avgMin": 23,
        "proj": 0.6,
        "lastAvgMin": 23.8,
        "oppOver": 0,
        "teamOver": 0,
        "gameLine": "+115",
        "+/-": -3,
        "L5_+/-": "+6.0",
        "prevMatchup": "",
        "winLossSplits": "0.61 - 0.18",
        "awayHome": "H",
        "playedYesterday": "N",
        "awayHomeSplits": "0.47 - 0.4",
        "savesAboveExp": 0.388,
        "gsaa": 16.34,
        "corsi": "50.7% (59.3) // 50.6% (58.5) // 47.6% (54.9) // 44.2% (48.0)",
        "fenwick": "50.5% (43.5) // 50.3% (43.0) // 48.8% (41.4) // 46.8% (35.5)",
        "shots": "50.6% (31.1) // 50.7% (31.6) // 47.6% (29.1) // 47.5% (27.4)",
        "scoring": "50.8% (29.6) // 51.0% (29.2) // 50.0% (29.6) // 40.2% (21.6)",
        "corsiAgainst": "49.3% (57.7) // 49.4% (57.1) // 52.4% (60.5) // 55.8% (60.5)",
        "fenwickAgainst": "49.5% (42.7) // 49.7% (42.5) // 51.2% (43.3) // 53.2% (40.3)",
        "shotsAgainst": "49.4% (30.3) // 49.3% (30.7) // 52.4% (32.1) // 52.5% (30.2)",
        "scoringAgainst": "49.2% (28.7) // 49.0% (28.0) // 50.0% (29.6) // 59.8% (32.2)",
        "oppCorsi": "51.4% (58.2) // 46.3% (52.3) // 45.2% (50.9) // 48.1% (55.1)",
        "oppFenwick": "52.1% (43.9) // 48.5% (41.2) // 47.8% (40.9) // 49.8% (44.5)",
        "oppShots": "51.8% (31.2) // 49.7% (31.1) // 48.9% (30.2) // 49.7% (31.0)",
        "oppScoring": "51.3% (30.8) // 48.0% (28.5) // 45.5% (26.8) // 44.0% (26.7)",
        "oppCorsiAgainst": "48.6% (55.0) // 53.7% (60.7) // 54.8% (61.6) // 51.9% (59.4)",
        "oppFenwickAgainst": "47.9% (40.4) // 51.5% (43.7) // 52.2% (44.7) // 50.2% (44.9)",
        "oppShotsAgainst": "48.2% (29.1) // 50.3% (31.5) // 51.1% (31.6) // 50.3% (31.3)",
        "oppScoringAgainst": "48.7% (29.2) // 52.0% (30.9) // 54.5% (32.2) // 56.0% (34.0)",
        "savesPerGame": 27.5,
        "savesPerGameLast1": 29.0,
        "savesPerGameLast3": 31.0,
        "savesPerGameLast5": 30.4,
        "savesPer60": 27.5,
        "savesPer60Last1": 28.7,
        "savesPer60Last3": 31.6,
        "savesPer60Last5": 31.0,
        "shotsPerGame": 31.4,
        "shotsPerGameLast5": 31.2,
        "shotsAgainstPerGame": 30.6,
        "shotsAgainstPerGameLast5": 34.0,
        "oppSavesAgainstPer60": 28.5,
        "oppSavesAgainstPer60Last1": 31.0,
        "oppSavesAgainstPer60Last3": 28.2,
        "oppSavesAgainstPer60Last5": 27.2,
        "oppShotsAgainstPerGame": 29.5,
        "oppShotsAgainstPerGameLast5": 31.8,
        "savesProj": 28.9,
        "savesProjLast5": 31.5,
        "savesProjLast3": 33.1,
        "oppSavesAgainstProj": 27.8,
        "oppSavesAgainstProjLast5": 29.8,
        "oppSavesAgainstProjLast3": 29.8,
        "totalOver": 41,
        "totalOverLast5": 40,
        "totalOverLast15": 53,
        "lastTotalOver": 55,
        "last5": "0,0,1,1,0,1,0,1,0,1",
        "overOdds": "+105",
        "underOdds": "-135",
        "overUnder": "+105 / -135"
    },
    {
        "player": "Mika Zibanejad",
        "team": "NYR",
        "opponent": "WSH",
        "propType": "ast",
        "line": 0.5,
        "ppLine": "PP1",
        "avg": 0.58,
        "hit": false,
        "diffAvg": 0.16,
        "diffAbs": 0.0,
        "lastAvg": 0.51,
        "diff": 0.02,
        "avgMin": 20,
        "proj": 0.5,
        "lastAvgMin": 19.62,
        "oppOver": 0,
        "teamOver": 0,
        "gameLine": "-135",
        "+/-": "+24",
        "L5_+/-": "+7.0",
        "prevMatchup": "2023-03-14 0.0 ast 2023-02-25 2.0 ast 2022-12-27 0.0 ast",
        "winLossSplits": "0.82 - 0.3",
        "awayHome": "A",
        "playedYesterday": "N",
        "awayHomeSplits": "0.58 - 0.58",
        "savesAboveExp": 0.193,
        "gsaa": 10.35,
        "corsi": "51.4% (58.2) // 46.3% (52.3) // 45.2% (50.9) // 48.1% (55.1)",
        "fenwick": "52.1% (43.9) // 48.5% (41.2) // 47.8% (40.9) // 49.8% (44.5)",
        "shots": "51.8% (31.2) // 49.7% (31.1) // 48.9% (30.2) // 49.7% (31.0)",
        "scoring": "51.3% (30.8) // 48.0% (28.5) // 45.5% (26.8) // 44.0% (26.7)",
        "corsiAgainst": "48.6% (55.0) // 53.7% (60.7) // 54.8% (61.6) // 51.9% (59.4)",
        "fenwickAgainst": "47.9% (40.4) // 51.5% (43.7) // 52.2% (44.7) // 50.2% (44.9)",
        "shotsAgainst": "48.2% (29.1) // 50.3% (31.5) // 51.1% (31.6) // 50.3% (31.3)",
        "scoringAgainst": "48.7% (29.2) // 52.0% (30.9) // 54.5% (32.2) // 56.0% (34.0)",
        "oppCorsi": "50.7% (59.3) // 50.6% (58.5) // 47.6% (54.9) // 44.2% (48.0)",
        "oppFenwick": "50.5% (43.5) // 50.3% (43.0) // 48.8% (41.4) // 46.8% (35.5)",
        "oppShots": "50.6% (31.1) // 50.7% (31.6) // 47.6% (29.1) // 47.5% (27.4)",
        "oppScoring": "50.8% (29.6) // 51.0% (29.2) // 50.0% (29.6) // 40.2% (21.6)",
        "oppCorsiAgainst": "49.3% (57.7) // 49.4% (57.1) // 52.4% (60.5) // 55.8% (60.5)",
        "oppFenwickAgainst": "49.5% (42.7) // 49.7% (42.5) // 51.2% (43.3) // 53.2% (40.3)",
        "oppShotsAgainst": "49.4% (30.3) // 49.3% (30.7) // 52.4% (32.1) // 52.5% (30.2)",
        "oppScoringAgainst": "49.2% (28.7) // 49.0% (28.0) // 50.0% (29.6) // 59.8% (32.2)",
        "savesPerGame": 26.9,
        "savesPerGameLast1": 31.0,
        "savesPerGameLast3": 29.3,
        "savesPerGameLast5": 29.6,
        "savesPer60": 27.0,
        "savesPer60Last1": 31.9,
        "savesPer60Last3": 29.3,
        "savesPer60Last5": 29.5,
        "shotsPerGame": 31.7,
        "shotsPerGameLast5": 30.4,
        "shotsAgainstPerGame": 29.5,
        "shotsAgainstPerGameLast5": 31.8,
        "oppSavesAgainstPer60": 28.5,
        "oppSavesAgainstPer60Last1": 30.6,
        "oppSavesAgainstPer60Last3": 28.8,
        "oppSavesAgainstPer60Last5": 27.7,
        "oppShotsAgainstPerGame": 30.6,
        "oppShotsAgainstPerGameLast5": 34.0,
        "savesProj": 27.8,
        "savesProjLast5": 29.8,
        "savesProjLast3": 30.5,
        "oppSavesAgainstProj": 26.9,
        "oppSavesAgainstProjLast5": 27.1,
        "oppSavesAgainstProjLast3": 29.3,
        "totalOver": 46,
        "totalOverLast5": 60,
        "totalOverLast15": 47,
        "lastTotalOver": 51,
        "last5": "0,1,1,0,2,0,1,2,1,0",
        "overOdds": "+135",
        "underOdds": "-165",
        "overUnder": "+135 / -165"
    },
    {
        "player": "Patrick Kane",
        "team": "NYR",
        "opponent": "WSH",
        "propType": "ast",
        "line": 0.5,
        "ppLine": "PP1",
        "avg": 0.48,
        "hit": false,
        "diffAvg": -0.04,
        "diffAbs": 0.4,
        "lastAvg": 0.85,
        "diff": 0.7,
        "avgMin": 19,
        "proj": 0.7,
        "lastAvgMin": 21.82,
        "oppOver": 0,
        "teamOver": 0,
        "gameLine": "-135",
        "+/-": "+1",
        "L5_+/-": "+3.0",
        "prevMatchup": "2023-03-14 1.0 ast 2022-12-13 1.0 ast",
        "winLossSplits": "0.76 - 0.3",
        "awayHome": "A",
        "playedYesterday": "Y",
        "awayHomeSplits": "0.41 - 0.54",
        "savesAboveExp": 0.193,
        "gsaa": 10.35,
        "corsi": "51.4% (58.2) // 46.3% (52.3) // 45.2% (50.9) // 48.1% (55.1)",
        "fenwick": "52.1% (43.9) // 48.5% (41.2) // 47.8% (40.9) // 49.8% (44.5)",
        "shots": "51.8% (31.2) // 49.7% (31.1) // 48.9% (30.2) // 49.7% (31.0)",
        "scoring": "51.3% (30.8) // 48.0% (28.5) // 45.5% (26.8) // 44.0% (26.7)",
        "corsiAgainst": "48.6% (55.0) // 53.7% (60.7) // 54.8% (61.6) // 51.9% (59.4)",
        "fenwickAgainst": "47.9% (40.4) // 51.5% (43.7) // 52.2% (44.7) // 50.2% (44.9)",
        "shotsAgainst": "48.2% (29.1) // 50.3% (31.5) // 51.1% (31.6) // 50.3% (31.3)",
        "scoringAgainst": "48.7% (29.2) // 52.0% (30.9) // 54.5% (32.2) // 56.0% (34.0)",
        "oppCorsi": "50.7% (59.3) // 50.6% (58.5) // 47.6% (54.9) // 44.2% (48.0)",
        "oppFenwick": "50.5% (43.5) // 50.3% (43.0) // 48.8% (41.4) // 46.8% (35.5)",
        "oppShots": "50.6% (31.1) // 50.7% (31.6) // 47.6% (29.1) // 47.5% (27.4)",
        "oppScoring": "50.8% (29.6) // 51.0% (29.2) // 50.0% (29.6) // 40.2% (21.6)",
        "oppCorsiAgainst": "49.3% (57.7) // 49.4% (57.1) // 52.4% (60.5) // 55.8% (60.5)",
        "oppFenwickAgainst": "49.5% (42.7) // 49.7% (42.5) // 51.2% (43.3) // 53.2% (40.3)",
        "oppShotsAgainst": "49.4% (30.3) // 49.3% (30.7) // 52.4% (32.1) // 52.5% (30.2)",
        "oppScoringAgainst": "49.2% (28.7) // 49.0% (28.0) // 50.0% (29.6) // 59.8% (32.2)",
        "savesPerGame": 26.9,
        "savesPerGameLast1": 31.0,
        "savesPerGameLast3": 29.3,
        "savesPerGameLast5": 29.6,
        "savesPer60": 27.0,
        "savesPer60Last1": 31.9,
        "savesPer60Last3": 29.3,
        "savesPer60Last5": 29.5,
        "shotsPerGame": 31.7,
        "shotsPerGameLast5": 30.4,
        "shotsAgainstPerGame": 29.5,
        "shotsAgainstPerGameLast5": 31.8,
        "oppSavesAgainstPer60": 28.5,
        "oppSavesAgainstPer60Last1": 30.6,
        "oppSavesAgainstPer60Last3": 28.8,
        "oppSavesAgainstPer60Last5": 27.7,
        "oppShotsAgainstPerGame": 30.6,
        "oppShotsAgainstPerGameLast5": 34.0,
        "savesProj": 27.8,
        "savesProjLast5": 29.8,
        "savesProjLast3": 30.5,
        "oppSavesAgainstProj": 26.9,
        "oppSavesAgainstProjLast5": 27.1,
        "oppSavesAgainstProjLast3": 29.3,
        "totalOver": 38,
        "totalOverLast5": 0,
        "totalOverLast15": 20,
        "lastTotalOver": 61,
        "last5": "0,0,0,0,0,0,0,2,0,1",
        "overOdds": "+145",
        "underOdds": "-180",
        "overUnder": "+145 / -180"
    },
    {
        "player": "Tom Wilson",
        "team": "WSH",
        "opponent": "NYR",
        "propType": "ast",
        "line": 0.5,
        "ppLine": "PP2",
        "avg": 0.26,
        "hit": false,
        "diffAvg": -0.48,
        "diffAbs": 0.4,
        "lastAvg": 0.35,
        "diff": -0.3,
        "avgMin": 17,
        "proj": 0.3,
        "lastAvgMin": 18.57,
        "oppOver": 0,
        "teamOver": 0,
        "gameLine": "+115",
        "+/-": -17,
        "L5_+/-": -3.0,
        "prevMatchup": "2023-03-14 0.0 ast 2023-02-25 1.0 ast",
        "winLossSplits": "0.36 - 0.19",
        "awayHome": "H",
        "playedYesterday": "N",
        "awayHomeSplits": "0.27 - 0.25",
        "savesAboveExp": 0.388,
        "gsaa": 16.34,
        "corsi": "50.7% (59.3) // 50.6% (58.5) // 47.6% (54.9) // 44.2% (48.0)",
        "fenwick": "50.5% (43.5) // 50.3% (43.0) // 48.8% (41.4) // 46.8% (35.5)",
        "shots": "50.6% (31.1) // 50.7% (31.6) // 47.6% (29.1) // 47.5% (27.4)",
        "scoring": "50.8% (29.6) // 51.0% (29.2) // 50.0% (29.6) // 40.2% (21.6)",
        "corsiAgainst": "49.3% (57.7) // 49.4% (57.1) // 52.4% (60.5) // 55.8% (60.5)",
        "fenwickAgainst": "49.5% (42.7) // 49.7% (42.5) // 51.2% (43.3) // 53.2% (40.3)",
        "shotsAgainst": "49.4% (30.3) // 49.3% (30.7) // 52.4% (32.1) // 52.5% (30.2)",
        "scoringAgainst": "49.2% (28.7) // 49.0% (28.0) // 50.0% (29.6) // 59.8% (32.2)",
        "oppCorsi": "51.4% (58.2) // 46.3% (52.3) // 45.2% (50.9) // 48.1% (55.1)",
        "oppFenwick": "52.1% (43.9) // 48.5% (41.2) // 47.8% (40.9) // 49.8% (44.5)",
        "oppShots": "51.8% (31.2) // 49.7% (31.1) // 48.9% (30.2) // 49.7% (31.0)",
        "oppScoring": "51.3% (30.8) // 48.0% (28.5) // 45.5% (26.8) // 44.0% (26.7)",
        "oppCorsiAgainst": "48.6% (55.0) // 53.7% (60.7) // 54.8% (61.6) // 51.9% (59.4)",
        "oppFenwickAgainst": "47.9% (40.4) // 51.5% (43.7) // 52.2% (44.7) // 50.2% (44.9)",
        "oppShotsAgainst": "48.2% (29.1) // 50.3% (31.5) // 51.1% (31.6) // 50.3% (31.3)",
        "oppScoringAgainst": "48.7% (29.2) // 52.0% (30.9) // 54.5% (32.2) // 56.0% (34.0)",
        "savesPerGame": 27.5,
        "savesPerGameLast1": 29.0,
        "savesPerGameLast3": 31.0,
        "savesPerGameLast5": 30.4,
        "savesPer60": 27.5,
        "savesPer60Last1": 28.7,
        "savesPer60Last3": 31.6,
        "savesPer60Last5": 31.0,
        "shotsPerGame": 31.4,
        "shotsPerGameLast5": 31.2,
        "shotsAgainstPerGame": 30.6,
        "shotsAgainstPerGameLast5": 34.0,
        "oppSavesAgainstPer60": 28.5,
        "oppSavesAgainstPer60Last1": 31.0,
        "oppSavesAgainstPer60Last3": 28.2,
        "oppSavesAgainstPer60Last5": 27.2,
        "oppShotsAgainstPerGame": 29.5,
        "oppShotsAgainstPerGameLast5": 31.8,
        "savesProj": 28.9,
        "savesProjLast5": 31.5,
        "savesProjLast3": 33.1,
        "oppSavesAgainstProj": 27.8,
        "oppSavesAgainstProjLast5": 29.8,
        "oppSavesAgainstProjLast3": 29.8,
        "totalOver": 19,
        "totalOverLast5": 20,
        "totalOverLast15": 20,
        "lastTotalOver": 32,
        "last5": "0,0,0,0,2,2,0,0,0,0",
        "overOdds": "+225",
        "underOdds": "-285",
        "overUnder": "+225 / -285"
    },
    {
        "player": "Vincent Trocheck",
        "team": "NYR",
        "opponent": "WSH",
        "propType": "ast",
        "line": 0.5,
        "ppLine": "PP2",
        "avg": 0.51,
        "hit": false,
        "diffAvg": 0.02,
        "diffAbs": 0.4,
        "lastAvg": 0.32,
        "diff": -0.36,
        "avgMin": 19,
        "proj": 0.3,
        "lastAvgMin": 17.87,
        "oppOver": 0,
        "teamOver": 0,
        "gameLine": "-135",
        "+/-": "+3",
        "L5_+/-": "+4.0",
        "prevMatchup": "2023-03-14 2.0 ast 2023-02-25 0.0 ast 2022-12-27 0.0 ast",
        "winLossSplits": "0.7 - 0.3",
        "awayHome": "A",
        "playedYesterday": "N",
        "awayHomeSplits": "0.45 - 0.58",
        "savesAboveExp": 0.193,
        "gsaa": 10.35,
        "corsi": "51.4% (58.2) // 46.3% (52.3) // 45.2% (50.9) // 48.1% (55.1)",
        "fenwick": "52.1% (43.9) // 48.5% (41.2) // 47.8% (40.9) // 49.8% (44.5)",
        "shots": "51.8% (31.2) // 49.7% (31.1) // 48.9% (30.2) // 49.7% (31.0)",
        "scoring": "51.3% (30.8) // 48.0% (28.5) // 45.5% (26.8) // 44.0% (26.7)",
        "corsiAgainst": "48.6% (55.0) // 53.7% (60.7) // 54.8% (61.6) // 51.9% (59.4)",
        "fenwickAgainst": "47.9% (40.4) // 51.5% (43.7) // 52.2% (44.7) // 50.2% (44.9)",
        "shotsAgainst": "48.2% (29.1) // 50.3% (31.5) // 51.1% (31.6) // 50.3% (31.3)",
        "scoringAgainst": "48.7% (29.2) // 52.0% (30.9) // 54.5% (32.2) // 56.0% (34.0)",
        "oppCorsi": "50.7% (59.3) // 50.6% (58.5) // 47.6% (54.9) // 44.2% (48.0)",
        "oppFenwick": "50.5% (43.5) // 50.3% (43.0) // 48.8% (41.4) // 46.8% (35.5)",
        "oppShots": "50.6% (31.1) // 50.7% (31.6) // 47.6% (29.1) // 47.5% (27.4)",
        "oppScoring": "50.8% (29.6) // 51.0% (29.2) // 50.0% (29.6) // 40.2% (21.6)",
        "oppCorsiAgainst": "49.3% (57.7) // 49.4% (57.1) // 52.4% (60.5) // 55.8% (60.5)",
        "oppFenwickAgainst": "49.5% (42.7) // 49.7% (42.5) // 51.2% (43.3) // 53.2% (40.3)",
        "oppShotsAgainst": "49.4% (30.3) // 49.3% (30.7) // 52.4% (32.1) // 52.5% (30.2)",
        "oppScoringAgainst": "49.2% (28.7) // 49.0% (28.0) // 50.0% (29.6) // 59.8% (32.2)",
        "savesPerGame": 26.9,
        "savesPerGameLast1": 31.0,
        "savesPerGameLast3": 29.3,
        "savesPerGameLast5": 29.6,
        "savesPer60": 27.0,
        "savesPer60Last1": 31.9,
        "savesPer60Last3": 29.3,
        "savesPer60Last5": 29.5,
        "shotsPerGame": 31.7,
        "shotsPerGameLast5": 30.4,
        "shotsAgainstPerGame": 29.5,
        "shotsAgainstPerGameLast5": 31.8,
        "oppSavesAgainstPer60": 28.5,
        "oppSavesAgainstPer60Last1": 30.6,
        "oppSavesAgainstPer60Last3": 28.8,
        "oppSavesAgainstPer60Last5": 27.7,
        "oppShotsAgainstPerGame": 30.6,
        "oppShotsAgainstPerGameLast5": 34.0,
        "savesProj": 27.8,
        "savesProjLast5": 29.8,
        "savesProjLast3": 30.5,
        "oppSavesAgainstProj": 26.9,
        "oppSavesAgainstProjLast5": 27.1,
        "oppSavesAgainstProjLast3": 29.3,
        "totalOver": 42,
        "totalOverLast5": 20,
        "totalOverLast15": 40,
        "lastTotalOver": 30,
        "last5": "0,0,1,0,0,0,2,1,2,2",
        "overOdds": "+175",
        "underOdds": "-215",
        "overUnder": "+175 / -215"
    },
    {
        "player": "Vladimir Tarasenko",
        "team": "NYR",
        "opponent": "WSH",
        "propType": "ast",
        "line": 0.5,
        "ppLine": "PP2",
        "avg": 0.36,
        "hit": false,
        "diffAvg": -0.28,
        "diffAbs": 1.0,
        "lastAvg": 0,
        "diff": 0,
        "avgMin": 15,
        "proj": 0.0,
        "lastAvgMin": 0,
        "oppOver": 0,
        "teamOver": 0,
        "gameLine": "-135",
        "+/-": "+4",
        "L5_+/-": "+4.0",
        "prevMatchup": "2023-03-14 1.0 ast 2023-02-25 0.0 ast",
        "winLossSplits": "0.46 - 0.17",
        "awayHome": "A",
        "playedYesterday": "N",
