[
    {
        "player": "Mike Matheson",
        "team": "MTL",
        "opponent": "NYI",
        "propType": "bs",
        "line": 2.5,
        "ppLine": "PP1",
        "avg": 1.64,
        "hit": false,
        "diffAvg": -0.34,
        "diffAbs": 1.0,
        "lastAvg": 0.0,
        "diff": 0,
        "avgMin": 24,
        "proj": 0.0,
        "lastAvgMin": 18.78,
        "oppOver": 0,
        "teamOver": 0,
        "gameLine": "+300",
        "+/-": "+7",
        "L5_+/-": "+4.0",
        "prevMatchup": "2023-02-11 1.0 bs",
        "winLossSplits": "33% - 15%",
        "awayHome": "A",
        "playedYesterday": "N",
        "awayHomeSplits": "19% - 25%",
        "savesAboveExp": 0.704,
        "gsaa": 35.88,
        "corsi": "44.7% (50.7) // 46.9% (49.8) // 45.1% (47.3) // 45.5% (53.0)",
        "fenwick": "44.6% (36.9) // 46.7% (36.6) // 44.0% (34.3) // 42.0% (36.5)",
        "shots": "44.7% (27.0) // 46.0% (26.2) // 45.3% (25.7) // 42.4% (26.5)",
        "scoring": "42.6% (24.8) // 43.5% (22.2) // 38.2% (19.3) // 39.1% (22.5)",
        "corsiAgainst": "55.3% (62.7) // 53.1% (56.4) // 54.9% (57.7) // 54.5% (63.5)",
        "fenwickAgainst": "55.4% (45.8) // 53.3% (41.8) // 56.0% (43.7) // 58.0% (50.5)",
        "shotsAgainst": "55.3% (33.3) // 54.0% (30.7) // 54.7% (31.0) // 57.6% (36.0)",
        "scoringAgainst": "57.4% (33.5) // 56.5% (28.9) // 61.8% (31.3) // 60.9% (35.0)",
        "oppCorsi": "49.5% (58.5) // 52.5% (63.0) // 55.3% (69.5) // 59.4% (77.0)",
        "oppFenwick": "49.3% (42.6) // 51.8% (45.2) // 53.2% (48.0) // 57.0% (52.7)",
        "oppShots": "49.6% (30.4) // 52.0% (31.8) // 51.4% (31.3) // 55.4% (34.3)",
        "oppScoring": "49.8% (30.3) // 50.4% (29.9) // 55.2% (33.0) // 62.4% (39.3)",
        "oppCorsiAgainst": "50.5% (59.7) // 47.5% (57.1) // 44.7% (56.2) // 40.6% (52.7)",
        "oppFenwickAgainst": "50.7% (43.8) // 48.2% (42.1) // 46.8% (42.2) // 43.0% (39.7)",
        "oppShotsAgainst": "50.4% (30.8) // 48.0% (29.3) // 48.6% (29.5) // 44.6% (27.7)",
        "oppScoringAgainst": "50.2% (30.5) // 49.6% (29.4) // 44.8% (26.8) // 37.6% (23.7)",
        "savesPerGame": 30.0,
        "savesPerGameLast1": 39.0,
        "savesPerGameLast3": 26.3,
        "savesPerGameLast5": 30.2,
        "savesPer60": 29.7,
        "savesPer60Last1": 38.9,
        "savesPer60Last3": 26.2,
        "savesPer60Last5": 30.0,
        "shotsPerGame": 27.3,
        "shotsPerGameLast5": 22.2,
        "shotsAgainstPerGame": 33.7,
        "shotsAgainstPerGameLast5": 34.6,
        "oppSavesAgainstPer60": 27.8,
        "oppSavesAgainstPer60Last1": 38.0,
        "oppSavesAgainstPer60Last3": 30.3,
        "oppSavesAgainstPer60Last5": 30.0,
        "oppShotsAgainstPerGame": 31.2,
        "oppShotsAgainstPerGameLast5": 30.0,
        "savesProj": 29.0,
        "savesProjLast5": 31.6,
        "savesProjLast3": 27.9,
        "oppSavesAgainstProj": 29.4,
        "oppSavesAgainstProjLast5": 30.5,
        "oppSavesAgainstProjLast3": 28.8,
        "totalOver": 22,
        "totalOverLast5": 60,
        "totalOverLast15": 40,
        "lastTotalOver": 0,
        "last5": "3,4,4,1,0,1,1,2,3,0",
        "overOdds": "+140",
        "underOdds": "-175",
        "overUnder": "+140 / -175"
    },
    {
        "player": "Scott Mayfield",
        "team": "NYI",
        "opponent": "MTL",
        "propType": "bs",
        "line": 1.5,
        "ppLine": "",
        "avg": 2.07,
        "hit": false,
        "diffAvg": 0.38,
        "diffAbs": 1.0,
        "lastAvg": 0.0,
        "diff": 0,
        "avgMin": 20,
        "proj": 0.0,
        "lastAvgMin": 19.77,
        "oppOver": 0,
        "teamOver": 0,
        "gameLine": "-365",
        "+/-": "+7",
        "L5_+/-": "+2.0",
        "prevMatchup": "2023-02-11 5.0 bs 2023-01-14 1.0 bs",
        "winLossSplits": "59% - 58%",
        "awayHome": "H",
        "playedYesterday": "N",
        "awayHomeSplits": "61% - 55%",
        "savesAboveExp": 0.061,
        "gsaa": -0.78,
        "corsi": "49.5% (58.5) // 52.5% (63.0) // 55.3% (69.5) // 59.4% (77.0)",
        "fenwick": "49.3% (42.6) // 51.8% (45.2) // 53.2% (48.0) // 57.0% (52.7)",
        "shots": "49.6% (30.4) // 52.0% (31.8) // 51.4% (31.3) // 55.4% (34.3)",
        "scoring": "49.8% (30.3) // 50.4% (29.9) // 55.2% (33.0) // 62.4% (39.3)",
        "corsiAgainst": "50.5% (59.7) // 47.5% (57.1) // 44.7% (56.2) // 40.6% (52.7)",
        "fenwickAgainst": "50.7% (43.8) // 48.2% (42.1) // 46.8% (42.2) // 43.0% (39.7)",
        "shotsAgainst": "50.4% (30.8) // 48.0% (29.3) // 48.6% (29.5) // 44.6% (27.7)",
        "scoringAgainst": "50.2% (30.5) // 49.6% (29.4) // 44.8% (26.8) // 37.6% (23.7)",
        "oppCorsi": "44.7% (50.7) // 46.9% (49.8) // 45.1% (47.3) // 45.5% (53.0)",
        "oppFenwick": "44.6% (36.9) // 46.7% (36.6) // 44.0% (34.3) // 42.0% (36.5)",
        "oppShots": "44.7% (27.0) // 46.0% (26.2) // 45.3% (25.7) // 42.4% (26.5)",
        "oppScoring": "42.6% (24.8) // 43.5% (22.2) // 38.2% (19.3) // 39.1% (22.5)",
        "oppCorsiAgainst": "55.3% (62.7) // 53.1% (56.4) // 54.9% (57.7) // 54.5% (63.5)",
        "oppFenwickAgainst": "55.4% (45.8) // 53.3% (41.8) // 56.0% (43.7) // 58.0% (50.5)",
        "oppShotsAgainst": "55.3% (33.3) // 54.0% (30.7) // 54.7% (31.0) // 57.6% (36.0)",
        "oppScoringAgainst": "57.4% (33.5) // 56.5% (28.9) // 61.8% (31.3) // 60.9% (35.0)",
        "savesPerGame": 28.5,
        "savesPerGameLast1": 20.0,
        "savesPerGameLast3": 25.7,
        "savesPerGameLast5": 27.4,
        "savesPer60": 28.5,
        "savesPer60Last1": 19.0,
        "savesPer60Last3": 25.2,
        "savesPer60Last5": 27.0,
        "shotsPerGame": 30.7,
        "shotsPerGameLast5": 32.6,
        "shotsAgainstPerGame": 31.2,
        "shotsAgainstPerGameLast5": 30.0,
        "oppSavesAgainstPer60": 24.3,
        "oppSavesAgainstPer60Last1": 20.0,
        "oppSavesAgainstPer60Last3": 23.4,
        "oppSavesAgainstPer60Last5": 20.4,
        "oppShotsAgainstPerGame": 33.7,
        "oppShotsAgainstPerGameLast5": 34.6,
        "savesProj": 23.5,
        "savesProjLast5": 18.5,
        "savesProjLast3": 19.8,
        "oppSavesAgainstProj": 24.4,
        "oppSavesAgainstProjLast5": 19.4,
        "oppSavesAgainstProjLast3": 21.7,
        "totalOver": 58,
        "totalOverLast5": 80,
        "totalOverLast15": 73,
        "lastTotalOver": 0,
        "last5": "4,2,3,4,1,2,2,2,2,2",
        "overOdds": "-140",
        "underOdds": "+110",
        "overUnder": "-140 / +110"
    },
    {
        "player": "Adam Pelech",
        "team": "NYI",
        "opponent": "MTL",
        "propType": "bs",
        "line": 1.5,
        "ppLine": "",
        "avg": 1.82,
        "hit": false,
        "diffAvg": 0.21,
        "diffAbs": 1.0,
        "lastAvg": 0.0,
        "diff": 0,
        "avgMin": 21,
        "proj": 0.0,
        "lastAvgMin": 21.27,
        "oppOver": 0,
        "teamOver": 0,
        "gameLine": "-365",
        "+/-": "+16",
        "L5_+/-": "+3.0",
        "prevMatchup": "2023-02-11 1.0 bs",
        "winLossSplits": "56% - 50%",
        "awayHome": "H",
        "playedYesterday": "N",
        "awayHomeSplits": "57% - 50%",
        "savesAboveExp": 0.061,
        "gsaa": -0.78,
        "corsi": "49.5% (58.5) // 52.5% (63.0) // 55.3% (69.5) // 59.4% (77.0)",
        "fenwick": "49.3% (42.6) // 51.8% (45.2) // 53.2% (48.0) // 57.0% (52.7)",
        "shots": "49.6% (30.4) // 52.0% (31.8) // 51.4% (31.3) // 55.4% (34.3)",
        "scoring": "49.8% (30.3) // 50.4% (29.9) // 55.2% (33.0) // 62.4% (39.3)",
        "corsiAgainst": "50.5% (59.7) // 47.5% (57.1) // 44.7% (56.2) // 40.6% (52.7)",
        "fenwickAgainst": "50.7% (43.8) // 48.2% (42.1) // 46.8% (42.2) // 43.0% (39.7)",
        "shotsAgainst": "50.4% (30.8) // 48.0% (29.3) // 48.6% (29.5) // 44.6% (27.7)",
        "scoringAgainst": "50.2% (30.5) // 49.6% (29.4) // 44.8% (26.8) // 37.6% (23.7)",
        "oppCorsi": "44.7% (50.7) // 46.9% (49.8) // 45.1% (47.3) // 45.5% (53.0)",
        "oppFenwick": "44.6% (36.9) // 46.7% (36.6) // 44.0% (34.3) // 42.0% (36.5)",
        "oppShots": "44.7% (27.0) // 46.0% (26.2) // 45.3% (25.7) // 42.4% (26.5)",
        "oppScoring": "42.6% (24.8) // 43.5% (22.2) // 38.2% (19.3) // 39.1% (22.5)",
        "oppCorsiAgainst": "55.3% (62.7) // 53.1% (56.4) // 54.9% (57.7) // 54.5% (63.5)",
        "oppFenwickAgainst": "55.4% (45.8) // 53.3% (41.8) // 56.0% (43.7) // 58.0% (50.5)",
        "oppShotsAgainst": "55.3% (33.3) // 54.0% (30.7) // 54.7% (31.0) // 57.6% (36.0)",
        "oppScoringAgainst": "57.4% (33.5) // 56.5% (28.9) // 61.8% (31.3) // 60.9% (35.0)",
        "savesPerGame": 28.5,
        "savesPerGameLast1": 20.0,
        "savesPerGameLast3": 25.7,
        "savesPerGameLast5": 27.4,
        "savesPer60": 28.5,
        "savesPer60Last1": 19.0,
        "savesPer60Last3": 25.2,
        "savesPer60Last5": 27.0,
        "shotsPerGame": 30.7,
        "shotsPerGameLast5": 32.6,
        "shotsAgainstPerGame": 31.2,
        "shotsAgainstPerGameLast5": 30.0,
        "oppSavesAgainstPer60": 24.3,
        "oppSavesAgainstPer60Last1": 20.0,
        "oppSavesAgainstPer60Last3": 23.4,
        "oppSavesAgainstPer60Last5": 20.4,
        "oppShotsAgainstPerGame": 33.7,
        "oppShotsAgainstPerGameLast5": 34.6,
        "savesProj": 23.5,
        "savesProjLast5": 18.5,
        "savesProjLast3": 19.8,
        "oppSavesAgainstProj": 24.4,
        "oppSavesAgainstProjLast5": 19.4,
        "oppSavesAgainstProjLast3": 21.7,
        "totalOver": 53,
        "totalOverLast5": 60,
        "totalOverLast15": 60,
        "lastTotalOver": 0,
        "last5": "1,2,0,3,2,2,4,4,3,4",
        "overOdds": "-145",
        "underOdds": "+115",
        "overUnder": "-145 / +115"
    },
    {
        "player": "Joel Edmundson",
        "team": "MTL",
        "opponent": "NYI",
        "propType": "bs",
        "line": 1.5,
        "ppLine": "",
        "avg": 2.52,
        "hit": false,
        "diffAvg": 0.68,
        "diffAbs": 1.0,
        "lastAvg": 0.0,
        "diff": 0,
        "avgMin": 19,
        "proj": 0.0,
        "lastAvgMin": 19.58,
        "oppOver": 0,
        "teamOver": 0,
        "gameLine": "+300",
        "+/-": -25,
        "L5_+/-": -11.0,
        "prevMatchup": "2023-01-14 3.0 bs",
        "winLossSplits": "75% - 61%",
        "awayHome": "A",
        "playedYesterday": "N",
        "awayHomeSplits": "61% - 70%",
        "savesAboveExp": 0.704,
        "gsaa": 35.88,
        "corsi": "44.7% (50.7) // 46.9% (49.8) // 45.1% (47.3) // 45.5% (53.0)",
        "fenwick": "44.6% (36.9) // 46.7% (36.6) // 44.0% (34.3) // 42.0% (36.5)",
        "shots": "44.7% (27.0) // 46.0% (26.2) // 45.3% (25.7) // 42.4% (26.5)",
        "scoring": "42.6% (24.8) // 43.5% (22.2) // 38.2% (19.3) // 39.1% (22.5)",
        "corsiAgainst": "55.3% (62.7) // 53.1% (56.4) // 54.9% (57.7) // 54.5% (63.5)",
        "fenwickAgainst": "55.4% (45.8) // 53.3% (41.8) // 56.0% (43.7) // 58.0% (50.5)",
        "shotsAgainst": "55.3% (33.3) // 54.0% (30.7) // 54.7% (31.0) // 57.6% (36.0)",
        "scoringAgainst": "57.4% (33.5) // 56.5% (28.9) // 61.8% (31.3) // 60.9% (35.0)",
        "oppCorsi": "49.5% (58.5) // 52.5% (63.0) // 55.3% (69.5) // 59.4% (77.0)",
        "oppFenwick": "49.3% (42.6) // 51.8% (45.2) // 53.2% (48.0) // 57.0% (52.7)",
        "oppShots": "49.6% (30.4) // 52.0% (31.8) // 51.4% (31.3) // 55.4% (34.3)",
        "oppScoring": "49.8% (30.3) // 50.4% (29.9) // 55.2% (33.0) // 62.4% (39.3)",
        "oppCorsiAgainst": "50.5% (59.7) // 47.5% (57.1) // 44.7% (56.2) // 40.6% (52.7)",
        "oppFenwickAgainst": "50.7% (43.8) // 48.2% (42.1) // 46.8% (42.2) // 43.0% (39.7)",
        "oppShotsAgainst": "50.4% (30.8) // 48.0% (29.3) // 48.6% (29.5) // 44.6% (27.7)",
        "oppScoringAgainst": "50.2% (30.5) // 49.6% (29.4) // 44.8% (26.8) // 37.6% (23.7)",
        "savesPerGame": 30.0,
        "savesPerGameLast1": 39.0,
        "savesPerGameLast3": 26.3,
        "savesPerGameLast5": 30.2,
        "savesPer60": 29.7,
        "savesPer60Last1": 38.9,
        "savesPer60Last3": 26.2,
        "savesPer60Last5": 30.0,
        "shotsPerGame": 27.3,
        "shotsPerGameLast5": 22.2,
        "shotsAgainstPerGame": 33.7,
        "shotsAgainstPerGameLast5": 34.6,
        "oppSavesAgainstPer60": 27.8,
        "oppSavesAgainstPer60Last1": 38.0,
        "oppSavesAgainstPer60Last3": 30.3,
        "oppSavesAgainstPer60Last5": 30.0,
        "oppShotsAgainstPerGame": 31.2,
        "oppShotsAgainstPerGameLast5": 30.0,
        "savesProj": 29.0,
        "savesProjLast5": 31.6,
        "savesProjLast3": 27.9,
        "oppSavesAgainstProj": 29.4,
        "oppSavesAgainstProjLast5": 30.5,
        "oppSavesAgainstProjLast3": 28.8,
        "totalOver": 66,
        "totalOverLast5": 60,
        "totalOverLast15": 60,
        "lastTotalOver": 0,
        "last5": "1,5,2,3,1,0,3,1,2,3",
        "overOdds": "-185",
        "underOdds": "+150",
        "overUnder": "-185 / +150"
    },
    {
        "player": "Justin Faulk",
        "team": "STL",
        "opponent": "DAL",
        "propType": "bs",
        "line": 1.5,
        "ppLine": "PP2",
        "avg": 1.68,
        "hit": false,
        "diffAvg": 0.12,
        "diffAbs": 1.0,
        "lastAvg": 0.0,
        "diff": 0,
        "avgMin": 23,
        "proj": 0.0,
        "lastAvgMin": 23.18,
        "oppOver": 0,
        "teamOver": 0,
        "gameLine": "+140",
        "+/-": -2,
        "L5_+/-": "+10.0",
        "prevMatchup": "2022-11-28 3.0 bs",
        "winLossSplits": "62% - 44%",
        "awayHome": "H",
        "playedYesterday": "N",
        "awayHomeSplits": "48% - 58%",
        "savesAboveExp": 0.39,
        "gsaa": 23.38,
        "corsi": "46.4% (51.0) // 47.4% (53.2) // 52.8% (59.0) // 50.7% (54.4)",
        "fenwick": "46.4% (38.9) // 46.7% (39.7) // 52.6% (44.1) // 52.5% (41.1)",
        "shots": "47.1% (28.4) // 48.8% (29.1) // 52.6% (32.2) // 53.5% (30.7)",
        "scoring": "46.7% (27.6) // 47.6% (27.9) // 53.4% (32.6) // 54.3% (31.2)",
        "corsiAgainst": "53.6% (59.0) // 52.6% (59.0) // 47.2% (52.6) // 49.3% (52.9)",
        "fenwickAgainst": "53.6% (44.9) // 53.3% (45.3) // 47.4% (39.7) // 47.5% (37.1)",
        "shotsAgainst": "52.9% (31.9) // 51.2% (30.5) // 47.4% (29.0) // 46.5% (26.7)",
        "scoringAgainst": "53.3% (31.5) // 52.4% (30.7) // 46.6% (28.5) // 45.7% (26.2)",
        "oppCorsi": "51.8% (59.8) // 53.0% (54.8) // 53.9% (52.7) // 54.5% (52.9)",
        "oppFenwick": "51.1% (43.6) // 52.2% (39.9) // 53.1% (37.7) // 52.8% (37.0)",
        "oppShots": "51.4% (31.4) // 52.8% (28.0) // 52.8% (25.2) // 54.2% (25.0)",
        "oppScoring": "53.2% (31.3) // 55.0% (28.4) // 58.3% (27.4) // 56.1% (25.3)",
        "oppCorsiAgainst": "48.2% (55.7) // 47.0% (48.5) // 46.1% (45.1) // 45.5% (44.1)",
        "oppFenwickAgainst": "48.9% (41.8) // 47.8% (36.6) // 46.9% (33.3) // 47.2% (33.1)",
        "oppShotsAgainst": "48.6% (29.7) // 47.2% (25.0) // 47.2% (22.5) // 45.8% (21.1)",
        "oppScoringAgainst": "46.8% (27.5) // 45.0% (23.2) // 41.7% (19.6) // 43.9% (19.8)",
        "savesPerGame": 28.6,
        "savesPerGameLast1": 25.0,
        "savesPerGameLast3": 26.3,
        "savesPerGameLast5": 27.2,
        "savesPer60": 28.6,
        "savesPer60Last1": 24.8,
        "savesPer60Last3": 26.4,
        "savesPer60Last5": 27.6,
        "shotsPerGame": 28.7,
        "shotsPerGameLast5": 30.8,
        "shotsAgainstPerGame": 32.3,
        "shotsAgainstPerGameLast5": 30.8,
        "oppSavesAgainstPer60": 28.2,
        "oppSavesAgainstPer60Last1": 17.3,
        "oppSavesAgainstPer60Last3": 22.6,
        "oppSavesAgainstPer60Last5": 22.6,
        "oppShotsAgainstPerGame": 30.1,
        "oppShotsAgainstPerGameLast5": 24.8,
        "savesProj": 29.1,
        "savesProjLast5": 22.6,
        "savesProjLast3": 21.0,
        "oppSavesAgainstProj": 28.7,
        "oppSavesAgainstProjLast5": 22.1,
        "oppSavesAgainstProjLast3": 21.6,
        "totalOver": 52,
        "totalOverLast5": 80,
        "totalOverLast15": 47,
        "lastTotalOver": 0,
        "last5": "1,2,2,3,2,4,1,1,0,1",
        "overOdds": "-125",
        "underOdds": "-105",
        "overUnder": "-125 / -105"
    },
    {
        "player": "Esa Lindell",
        "team": "DAL",
        "opponent": "STL",
        "propType": "bs",
        "line": 1.5,
        "ppLine": "",
        "avg": 1.84,
        "hit": false,
        "diffAvg": 0.23,
        "diffAbs": 1.0,
        "lastAvg": 0.0,
        "diff": 0,
        "avgMin": 19,
        "proj": 0.0,
        "lastAvgMin": 22.03,
        "oppOver": 0,
        "teamOver": 0,
        "gameLine": "-165",
        "+/-": "+30",
        "L5_+/-": -1.0,
        "prevMatchup": "2022-11-28 1.0 bs",
        "winLossSplits": "60% - 46%",
        "awayHome": "A",
        "playedYesterday": "N",
        "awayHomeSplits": "55% - 52%",
        "savesAboveExp": -0.172,
        "gsaa": -21.7,
        "corsi": "51.8% (59.8) // 53.0% (54.8) // 53.9% (52.7) // 54.5% (52.9)",
        "fenwick": "51.1% (43.6) // 52.2% (39.9) // 53.1% (37.7) // 52.8% (37.0)",
        "shots": "51.4% (31.4) // 52.8% (28.0) // 52.8% (25.2) // 54.2% (25.0)",
        "scoring": "53.2% (31.3) // 55.0% (28.4) // 58.3% (27.4) // 56.1% (25.3)",
        "corsiAgainst": "48.2% (55.7) // 47.0% (48.5) // 46.1% (45.1) // 45.5% (44.1)",
        "fenwickAgainst": "48.9% (41.8) // 47.8% (36.6) // 46.9% (33.3) // 47.2% (33.1)",
        "shotsAgainst": "48.6% (29.7) // 47.2% (25.0) // 47.2% (22.5) // 45.8% (21.1)",
        "scoringAgainst": "46.8% (27.5) // 45.0% (23.2) // 41.7% (19.6) // 43.9% (19.8)",
        "oppCorsi": "46.4% (51.0) // 47.4% (53.2) // 52.8% (59.0) // 50.7% (54.4)",
        "oppFenwick": "46.4% (38.9) // 46.7% (39.7) // 52.6% (44.1) // 52.5% (41.1)",
        "oppShots": "47.1% (28.4) // 48.8% (29.1) // 52.6% (32.2) // 53.5% (30.7)",
        "oppScoring": "46.7% (27.6) // 47.6% (27.9) // 53.4% (32.6) // 54.3% (31.2)",
        "oppCorsiAgainst": "53.6% (59.0) // 52.6% (59.0) // 47.2% (52.6) // 49.3% (52.9)",
        "oppFenwickAgainst": "53.6% (44.9) // 53.3% (45.3) // 47.4% (39.7) // 47.5% (37.1)",
        "oppShotsAgainst": "52.9% (31.9) // 51.2% (30.5) // 47.4% (29.0) // 46.5% (26.7)",
        "oppScoringAgainst": "53.3% (31.5) // 52.4% (30.7) // 46.6% (28.5) // 45.7% (26.2)",
        "savesPerGame": 27.4,
        "savesPerGameLast1": 19.0,
        "savesPerGameLast3": 20.7,
        "savesPerGameLast5": 23.0,
        "savesPer60": 27.6,
        "savesPer60Last1": 19.0,
        "savesPer60Last3": 21.2,
        "savesPer60Last5": 23.1,
        "shotsPerGame": 31.8,
        "shotsPerGameLast5": 26.2,
        "shotsAgainstPerGame": 30.1,
        "shotsAgainstPerGameLast5": 24.8,
        "oppSavesAgainstPer60": 25.5,
        "oppSavesAgainstPer60Last1": 36.7,
        "oppSavesAgainstPer60Last3": 27.6,
        "oppSavesAgainstPer60Last5": 27.8,
        "oppShotsAgainstPerGame": 32.3,
        "oppShotsAgainstPerGameLast5": 30.8,
        "savesProj": 24.6,
        "savesProjLast5": 22.6,
        "savesProjLast3": 20.8,
        "oppSavesAgainstProj": 25.0,
        "oppSavesAgainstProjLast5": 23.3,
        "oppSavesAgainstProjLast3": 21.4,
        "totalOver": 54,
        "totalOverLast5": 40,
        "totalOverLast15": 47,
        "lastTotalOver": 0,
        "last5": "1,0,0,3,3,2,0,0,2,1",
        "overOdds": "-110",
        "underOdds": "-120",
        "overUnder": "-110 / -120"
    },
    {
        "player": "Colton Parayko",
        "team": "STL",
        "opponent": "DAL",
        "propType": "bs",
        "line": 1.5,
        "ppLine": "",
        "avg": 1.83,
        "hit": false,
        "diffAvg": 0.22,
        "diffAbs": 1.0,
        "lastAvg": 0.0,
        "diff": 0,
        "avgMin": 23,
        "proj": 0.0,
        "lastAvgMin": 23.55,
        "oppOver": 0,
        "teamOver": 0,
        "gameLine": "+140",
        "+/-": -19,
        "L5_+/-": -1.0,
        "prevMatchup": "2022-11-28 4.0 bs",
        "winLossSplits": "50% - 58%",
        "awayHome": "H",
        "playedYesterday": "N",
        "awayHomeSplits": "54% - 55%",
        "savesAboveExp": 0.39,
        "gsaa": 23.38,
        "corsi": "46.4% (51.0) // 47.4% (53.2) // 52.8% (59.0) // 50.7% (54.4)",
        "fenwick": "46.4% (38.9) // 46.7% (39.7) // 52.6% (44.1) // 52.5% (41.1)",
        "shots": "47.1% (28.4) // 48.8% (29.1) // 52.6% (32.2) // 53.5% (30.7)",
        "scoring": "46.7% (27.6) // 47.6% (27.9) // 53.4% (32.6) // 54.3% (31.2)",
        "corsiAgainst": "53.6% (59.0) // 52.6% (59.0) // 47.2% (52.6) // 49.3% (52.9)",
        "fenwickAgainst": "53.6% (44.9) // 53.3% (45.3) // 47.4% (39.7) // 47.5% (37.1)",
        "shotsAgainst": "52.9% (31.9) // 51.2% (30.5) // 47.4% (29.0) // 46.5% (26.7)",
        "scoringAgainst": "53.3% (31.5) // 52.4% (30.7) // 46.6% (28.5) // 45.7% (26.2)",
        "oppCorsi": "51.8% (59.8) // 53.0% (54.8) // 53.9% (52.7) // 54.5% (52.9)",
        "oppFenwick": "51.1% (43.6) // 52.2% (39.9) // 53.1% (37.7) // 52.8% (37.0)",
        "oppShots": "51.4% (31.4) // 52.8% (28.0) // 52.8% (25.2) // 54.2% (25.0)",
        "oppScoring": "53.2% (31.3) // 55.0% (28.4) // 58.3% (27.4) // 56.1% (25.3)",
        "oppCorsiAgainst": "48.2% (55.7) // 47.0% (48.5) // 46.1% (45.1) // 45.5% (44.1)",
        "oppFenwickAgainst": "48.9% (41.8) // 47.8% (36.6) // 46.9% (33.3) // 47.2% (33.1)",
        "oppShotsAgainst": "48.6% (29.7) // 47.2% (25.0) // 47.2% (22.5) // 45.8% (21.1)",
        "oppScoringAgainst": "46.8% (27.5) // 45.0% (23.2) // 41.7% (19.6) // 43.9% (19.8)",
        "savesPerGame": 28.6,
        "savesPerGameLast1": 25.0,
        "savesPerGameLast3": 26.3,
        "savesPerGameLast5": 27.2,
        "savesPer60": 28.6,
        "savesPer60Last1": 24.8,
        "savesPer60Last3": 26.4,
        "savesPer60Last5": 27.6,
        "shotsPerGame": 28.7,
        "shotsPerGameLast5": 30.8,
        "shotsAgainstPerGame": 32.3,
        "shotsAgainstPerGameLast5": 30.8,
        "oppSavesAgainstPer60": 28.2,
        "oppSavesAgainstPer60Last1": 17.3,
        "oppSavesAgainstPer60Last3": 22.6,
        "oppSavesAgainstPer60Last5": 22.6,
        "oppShotsAgainstPerGame": 30.1,
        "oppShotsAgainstPerGameLast5": 24.8,
        "savesProj": 29.1,
        "savesProjLast5": 22.6,
        "savesProjLast3": 21.0,
        "oppSavesAgainstProj": 28.7,
        "oppSavesAgainstProjLast5": 22.1,
        "oppSavesAgainstProjLast3": 21.6,
        "totalOver": 55,
        "totalOverLast5": 60,
        "totalOverLast15": 67,
        "lastTotalOver": 0,
        "last5": "3,4,0,1,4,1,4,2,2,2",
        "overOdds": "-175",
        "underOdds": "+140",
        "overUnder": "-175 / +140"
    },
    {
        "player": "Jani Hakanpaa",
        "team": "DAL",
        "opponent": "STL",
        "propType": "bs",
        "line": 1.5,
        "ppLine": "",
        "avg": 1.59,
        "hit": false,
        "diffAvg": 0.06,
        "diffAbs": 1.0,
        "lastAvg": 0.0,
        "diff": 0,
        "avgMin": 19,
        "proj": 0.0,
        "lastAvgMin": 16.2,
        "oppOver": 0,
        "teamOver": 0,
        "gameLine": "-165",
        "+/-": "+18",
        "L5_+/-": -4.0,
        "prevMatchup": "2022-11-28 0.0 bs",
        "winLossSplits": "44% - 54%",
        "awayHome": "A",
        "playedYesterday": "N",
        "awayHomeSplits": "48% - 50%",
        "savesAboveExp": -0.172,
        "gsaa": -21.7,
        "corsi": "51.8% (59.8) // 53.0% (54.8) // 53.9% (52.7) // 54.5% (52.9)",
        "fenwick": "51.1% (43.6) // 52.2% (39.9) // 53.1% (37.7) // 52.8% (37.0)",
        "shots": "51.4% (31.4) // 52.8% (28.0) // 52.8% (25.2) // 54.2% (25.0)",
        "scoring": "53.2% (31.3) // 55.0% (28.4) // 58.3% (27.4) // 56.1% (25.3)",
        "corsiAgainst": "48.2% (55.7) // 47.0% (48.5) // 46.1% (45.1) // 45.5% (44.1)",
        "fenwickAgainst": "48.9% (41.8) // 47.8% (36.6) // 46.9% (33.3) // 47.2% (33.1)",
        "shotsAgainst": "48.6% (29.7) // 47.2% (25.0) // 47.2% (22.5) // 45.8% (21.1)",
        "scoringAgainst": "46.8% (27.5) // 45.0% (23.2) // 41.7% (19.6) // 43.9% (19.8)",
        "oppCorsi": "46.4% (51.0) // 47.4% (53.2) // 52.8% (59.0) // 50.7% (54.4)",
        "oppFenwick": "46.4% (38.9) // 46.7% (39.7) // 52.6% (44.1) // 52.5% (41.1)",
        "oppShots": "47.1% (28.4) // 48.8% (29.1) // 52.6% (32.2) // 53.5% (30.7)",
        "oppScoring": "46.7% (27.6) // 47.6% (27.9) // 53.4% (32.6) // 54.3% (31.2)",
        "oppCorsiAgainst": "53.6% (59.0) // 52.6% (59.0) // 47.2% (52.6) // 49.3% (52.9)",
        "oppFenwickAgainst": "53.6% (44.9) // 53.3% (45.3) // 47.4% (39.7) // 47.5% (37.1)",
        "oppShotsAgainst": "52.9% (31.9) // 51.2% (30.5) // 47.4% (29.0) // 46.5% (26.7)",
        "oppScoringAgainst": "53.3% (31.5) // 52.4% (30.7) // 46.6% (28.5) // 45.7% (26.2)",
        "savesPerGame": 27.4,
        "savesPerGameLast1": 19.0,
        "savesPerGameLast3": 20.7,
        "savesPerGameLast5": 23.0,
        "savesPer60": 27.6,
        "savesPer60Last1": 19.0,
        "savesPer60Last3": 21.2,
        "savesPer60Last5": 23.1,
        "shotsPerGame": 31.8,
        "shotsPerGameLast5": 26.2,
        "shotsAgainstPerGame": 30.1,
        "shotsAgainstPerGameLast5": 24.8,
        "oppSavesAgainstPer60": 25.5,
        "oppSavesAgainstPer60Last1": 36.7,
        "oppSavesAgainstPer60Last3": 27.6,
        "oppSavesAgainstPer60Last5": 27.8,
        "oppShotsAgainstPerGame": 32.3,
        "oppShotsAgainstPerGameLast5": 30.8,
        "savesProj": 24.6,
        "savesProjLast5": 22.6,
        "savesProjLast3": 20.8,
        "oppSavesAgainstProj": 25.0,
        "oppSavesAgainstProjLast5": 23.3,
        "oppSavesAgainstProjLast3": 21.4,
        "totalOver": 49,
        "totalOverLast5": 40,
        "totalOverLast15": 40,
        "lastTotalOver": 0,
        "last5": "1,1,1,2,2,1,0,1,2,2",
        "overOdds": "+120",
        "underOdds": "-150",
        "overUnder": "+120 / -150"
    },
    {
        "player": "Rasmus Andersson",
        "team": "CGY",
        "opponent": "SJ",
        "propType": "bs",
        "line": 1.5,
        "ppLine": "PP1",
        "avg": 1.73,
        "hit": false,
        "diffAvg": 0.15,
        "diffAbs": 1.0,
        "lastAvg": 0.0,
        "diff": 0,
        "avgMin": 24,
        "proj": 0.0,
        "lastAvgMin": 22.67,
        "oppOver": 0,
        "teamOver": 0,
        "gameLine": "-225",
        "+/-": "+4",
        "L5_+/-": 0.0,
        "prevMatchup": "2023-03-25 2.0 bs 2022-12-20 1.0 bs 2022-12-18 1.0 bs",
        "winLossSplits": "61% - 43%",
        "awayHome": "H",
        "playedYesterday": "N",
        "awayHomeSplits": "58% - 45%",
        "savesAboveExp": -1.142,
        "gsaa": "-",
        "corsi": "56.8% (66.1) // 59.4% (71.8) // 59.1% (70.1) // 59.0% (71.1)",
        "fenwick": "56.4% (49.3) // 58.4% (53.6) // 57.3% (53.0) // 55.4% (52.2)",
        "shots": "56.6% (35.2) // 58.3% (38.0) // 58.4% (38.5) // 58.4% (40.2)",
        "scoring": "54.4% (32.8) // 59.0% (38.4) // 58.8% (37.5) // 56.2% (41.5)",
        "corsiAgainst": "43.2% (50.3) // 40.6% (49.1) // 40.9% (48.4) // 41.0% (49.4)",
        "fenwickAgainst": "43.6% (38.1) // 41.6% (38.2) // 42.7% (39.5) // 44.6% (42.0)",
        "shotsAgainst": "43.4% (27.0) // 41.7% (27.2) // 41.6% (27.5) // 41.6% (28.6)",
        "scoringAgainst": "45.6% (27.5) // 41.0% (26.7) // 41.2% (26.3) // 43.8% (32.3)",
        "oppCorsi": "48.1% (55.6) // 44.5% (50.5) // 47.1% (53.8) // 49.0% (55.0)",
        "oppFenwick": "47.9% (40.8) // 44.2% (37.6) // 45.3% (38.2) // 46.0% (38.7)",
        "oppShots": "48.1% (29.2) // 43.8% (26.2) // 41.0% (24.2) // 40.4% (22.3)",
        "oppScoring": "50.0% (31.9) // 46.4% (30.2) // 50.5% (34.0) // 50.2% (34.0)",
        "oppCorsiAgainst": "51.9% (60.0) // 55.5% (62.9) // 52.9% (60.4) // 51.0% (57.3)",
        "oppFenwickAgainst": "52.1% (44.4) // 55.8% (47.5) // 54.7% (46.1) // 54.0% (45.3)",
        "oppShotsAgainst": "51.9% (31.5) // 56.2% (33.7) // 59.0% (34.8) // 59.6% (33.0)",
        "oppScoringAgainst": "50.0% (31.8) // 53.6% (34.8) // 49.5% (33.3) // 49.8% (33.7)",
        "savesPerGame": 24.3,
        "savesPerGameLast1": 27.0,
        "savesPerGameLast3": 30.7,
        "savesPerGameLast5": 25.8,
        "savesPer60": 24.5,
        "savesPer60Last1": 29.2,
        "savesPer60Last3": 32.3,
        "savesPer60Last5": 26.4,
        "shotsPerGame": 35.8,
        "shotsPerGameLast5": 39.8,
        "shotsAgainstPerGame": 27.4,
        "shotsAgainstPerGameLast5": 28.4,
        "oppSavesAgainstPer60": 26.8,
        "oppSavesAgainstPer60Last1": 19.3,
        "oppSavesAgainstPer60Last3": 21.1,
        "oppSavesAgainstPer60Last5": 23.4,
        "oppShotsAgainstPerGame": 31.9,
        "oppShotsAgainstPerGameLast5": 34.4,
        "savesProj": 23.2,
        "savesProjLast5": 21.4,
        "savesProjLast3": 23.7,
        "oppSavesAgainstProj": 23.4,
        "oppSavesAgainstProjLast5": 22.8,
        "oppSavesAgainstProjLast3": 23.9,
        "totalOver": 51,
        "totalOverLast5": 80,
        "totalOverLast15": 53,
        "lastTotalOver": 0,
        "last5": "2,3,3,3,0,0,1,2,1,0",
        "overOdds": "-125",
        "underOdds": "-105",
        "overUnder": "-125 / -105"
    },
    {
        "player": "Mario Ferraro",
        "team": "SJ",
        "opponent": "CGY",
        "propType": "bs",
        "line": 2.5,
        "ppLine": "",
        "avg": 2.03,
        "hit": false,
        "diffAvg": -0.19,
        "diffAbs": 1.0,
        "lastAvg": 0.0,
        "diff": 0,
        "avgMin": 21,
        "proj": 0.0,
        "lastAvgMin": 23.0,
        "oppOver": 0,
        "teamOver": 0,
        "gameLine": "+190",
        "+/-": -31,
        "L5_+/-": -8.0,
        "prevMatchup": "2023-03-25 1.0 bs 2022-12-20 1.0 bs",
        "winLossSplits": "37% - 24%",
        "awayHome": "A",
        "playedYesterday": "N",
        "awayHomeSplits": "27% - 27%",
        "savesAboveExp": 0.114,
        "gsaa": -18.6,
        "corsi": "48.1% (55.6) // 44.5% (50.5) // 47.1% (53.8) // 49.0% (55.0)",
        "fenwick": "47.9% (40.8) // 44.2% (37.6) // 45.3% (38.2) // 46.0% (38.7)",
        "shots": "48.1% (29.2) // 43.8% (26.2) // 41.0% (24.2) // 40.4% (22.3)",
        "scoring": "50.0% (31.9) // 46.4% (30.2) // 50.5% (34.0) // 50.2% (34.0)",
        "corsiAgainst": "51.9% (60.0) // 55.5% (62.9) // 52.9% (60.4) // 51.0% (57.3)",
        "fenwickAgainst": "52.1% (44.4) // 55.8% (47.5) // 54.7% (46.1) // 54.0% (45.3)",
        "shotsAgainst": "51.9% (31.5) // 56.2% (33.7) // 59.0% (34.8) // 59.6% (33.0)",
        "scoringAgainst": "50.0% (31.8) // 53.6% (34.8) // 49.5% (33.3) // 49.8% (33.7)",
        "oppCorsi": "56.8% (66.1) // 59.4% (71.8) // 59.1% (70.1) // 59.0% (71.1)",
        "oppFenwick": "56.4% (49.3) // 58.4% (53.6) // 57.3% (53.0) // 55.4% (52.2)",
        "oppShots": "56.6% (35.2) // 58.3% (38.0) // 58.4% (38.5) // 58.4% (40.2)",
        "oppScoring": "54.4% (32.8) // 59.0% (38.4) // 58.8% (37.5) // 56.2% (41.5)",
        "oppCorsiAgainst": "43.2% (50.3) // 40.6% (49.1) // 40.9% (48.4) // 41.0% (49.4)",
        "oppFenwickAgainst": "43.6% (38.1) // 41.6% (38.2) // 42.7% (39.5) // 44.6% (42.0)",
        "oppShotsAgainst": "43.4% (27.0) // 41.7% (27.2) // 41.6% (27.5) // 41.6% (28.6)",
        "oppScoringAgainst": "45.6% (27.5) // 41.0% (26.7) // 41.2% (26.3) // 43.8% (32.3)",
        "savesPerGame": 28.1,
        "savesPerGameLast1": 27.0,
        "savesPerGameLast3": 27.0,
        "savesPerGameLast5": 29.6,
        "savesPer60": 28.2,
        "savesPer60Last1": 26.8,
        "savesPer60Last3": 26.9,
        "savesPer60Last5": 29.8,
        "shotsPerGame": 29.5,
        "shotsPerGameLast5": 25.8,
        "shotsAgainstPerGame": 31.9,
        "shotsAgainstPerGameLast5": 34.4,
        "oppSavesAgainstPer60": 32.9,
        "oppSavesAgainstPer60Last1": 41.1,
        "oppSavesAgainstPer60Last3": 38.1,
        "oppSavesAgainstPer60Last5": 37.3,
        "oppShotsAgainstPerGame": 27.4,
        "oppShotsAgainstPerGameLast5": 28.4,
        "savesProj": 37.6,
        "savesProjLast5": 44.8,
        "savesProjLast3": 42.1,
        "oppSavesAgainstProj": 32.9,
        "oppSavesAgainstProjLast5": 39.6,
        "oppSavesAgainstProjLast3": 35.5,
        "totalOver": 27,
        "totalOverLast5": 40,
        "totalOverLast15": 40,
        "lastTotalOver": 0,
        "last5": "2,1,1,4,3,3,4,1,3,1",
        "overOdds": "+140",
        "underOdds": "-175",
        "overUnder": "+140 / -175"
    },
    {
        "player": "Matt Benning",
        "team": "SJ",
        "opponent": "CGY",
        "propType": "bs",
        "line": 1.5,
        "ppLine": "PP2",
        "avg": 1.63,
        "hit": false,
        "diffAvg": 0.09,
        "diffAbs": 1.0,
        "lastAvg": 0.0,
        "diff": 0,
        "avgMin": 19,
        "proj": 0.0,
        "lastAvgMin": 16.33,
        "oppOver": 0,
        "teamOver": 0,
        "gameLine": "+190",
        "+/-": -19,
        "L5_+/-": -4.0,
        "prevMatchup": "2023-03-25 4.0 bs 2022-12-20 3.0 bs 2022-12-18 2.0 bs",
        "winLossSplits": "55% - 44%",
        "awayHome": "A",
        "playedYesterday": "N",
        "awayHomeSplits": "56% - 38%",
        "savesAboveExp": 0.114,
        "gsaa": -18.6,
        "corsi": "48.1% (55.6) // 44.5% (50.5) // 47.1% (53.8) // 49.0% (55.0)",
        "fenwick": "47.9% (40.8) // 44.2% (37.6) // 45.3% (38.2) // 46.0% (38.7)",
        "shots": "48.1% (29.2) // 43.8% (26.2) // 41.0% (24.2) // 40.4% (22.3)",
        "scoring": "50.0% (31.9) // 46.4% (30.2) // 50.5% (34.0) // 50.2% (34.0)",
        "corsiAgainst": "51.9% (60.0) // 55.5% (62.9) // 52.9% (60.4) // 51.0% (57.3)",
        "fenwickAgainst": "52.1% (44.4) // 55.8% (47.5) // 54.7% (46.1) // 54.0% (45.3)",
        "shotsAgainst": "51.9% (31.5) // 56.2% (33.7) // 59.0% (34.8) // 59.6% (33.0)",
        "scoringAgainst": "50.0% (31.8) // 53.6% (34.8) // 49.5% (33.3) // 49.8% (33.7)",
        "oppCorsi": "56.8% (66.1) // 59.4% (71.8) // 59.1% (70.1) // 59.0% (71.1)",
        "oppFenwick": "56.4% (49.3) // 58.4% (53.6) // 57.3% (53.0) // 55.4% (52.2)",
        "oppShots": "56.6% (35.2) // 58.3% (38.0) // 58.4% (38.5) // 58.4% (40.2)",
        "oppScoring": "54.4% (32.8) // 59.0% (38.4) // 58.8% (37.5) // 56.2% (41.5)",
        "oppCorsiAgainst": "43.2% (50.3) // 40.6% (49.1) // 40.9% (48.4) // 41.0% (49.4)",
        "oppFenwickAgainst": "43.6% (38.1) // 41.6% (38.2) // 42.7% (39.5) // 44.6% (42.0)",
        "oppShotsAgainst": "43.4% (27.0) // 41.7% (27.2) // 41.6% (27.5) // 41.6% (28.6)",
        "oppScoringAgainst": "45.6% (27.5) // 41.0% (26.7) // 41.2% (26.3) // 43.8% (32.3)",
        "savesPerGame": 28.1,
        "savesPerGameLast1": 27.0,
        "savesPerGameLast3": 27.0,
        "savesPerGameLast5": 29.6,
        "savesPer60": 28.2,
        "savesPer60Last1": 26.8,
        "savesPer60Last3": 26.9,
        "savesPer60Last5": 29.8,
        "shotsPerGame": 29.5,
        "shotsPerGameLast5": 25.8,
        "shotsAgainstPerGame": 31.9,
        "shotsAgainstPerGameLast5": 34.4,
        "oppSavesAgainstPer60": 32.9,
        "oppSavesAgainstPer60Last1": 41.1,
        "oppSavesAgainstPer60Last3": 38.1,
        "oppSavesAgainstPer60Last5": 37.3,
        "oppShotsAgainstPerGame": 27.4,
        "oppShotsAgainstPerGameLast5": 28.4,
        "savesProj": 37.6,
        "savesProjLast5": 44.8,
        "savesProjLast3": 42.1,
        "oppSavesAgainstProj": 32.9,
        "oppSavesAgainstProjLast5": 39.6,
        "oppSavesAgainstProjLast3": 35.5,
        "totalOver": 47,
        "totalOverLast5": 40,
        "totalOverLast15": 47,
        "lastTotalOver": 0,
        "last5": "3,0,0,2,1,4,2,2,0,2",
        "overOdds": "-175",
        "underOdds": "+140",
        "overUnder": "-175 / +140"
    },
    {
        "player": "Christopher Tanev",
        "team": "CGY",
        "opponent": "SJ",
        "propType": "bs",
        "line": 1.5,
        "ppLine": "",
        "avg": 2.0,
        "hit": false,
        "diffAvg": 0.33,
        "diffAbs": 1.0,
        "lastAvg": 0.0,
        "diff": 0,
        "avgMin": 20,
        "proj": 0.0,
        "lastAvgMin": 20.45,
        "oppOver": 0,
        "teamOver": 0,
        "gameLine": "-225",
        "+/-": "+7",
        "L5_+/-": "+4.0",
        "prevMatchup": "2022-12-20 3.0 bs",
        "winLossSplits": "53% - 60%",
        "awayHome": "H",
        "playedYesterday": "N",
        "awayHomeSplits": "62% - 52%",
        "savesAboveExp": -1.142,
        "gsaa": "-",
        "corsi": "56.8% (66.1) // 59.4% (71.8) // 59.1% (70.1) // 59.0% (71.1)",
        "fenwick": "56.4% (49.3) // 58.4% (53.6) // 57.3% (53.0) // 55.4% (52.2)",
        "shots": "56.6% (35.2) // 58.3% (38.0) // 58.4% (38.5) // 58.4% (40.2)",
        "scoring": "54.4% (32.8) // 59.0% (38.4) // 58.8% (37.5) // 56.2% (41.5)",
        "corsiAgainst": "43.2% (50.3) // 40.6% (49.1) // 40.9% (48.4) // 41.0% (49.4)",
        "fenwickAgainst": "43.6% (38.1) // 41.6% (38.2) // 42.7% (39.5) // 44.6% (42.0)",
        "shotsAgainst": "43.4% (27.0) // 41.7% (27.2) // 41.6% (27.5) // 41.6% (28.6)",
        "scoringAgainst": "45.6% (27.5) // 41.0% (26.7) // 41.2% (26.3) // 43.8% (32.3)",
        "oppCorsi": "48.1% (55.6) // 44.5% (50.5) // 47.1% (53.8) // 49.0% (55.0)",
        "oppFenwick": "47.9% (40.8) // 44.2% (37.6) // 45.3% (38.2) // 46.0% (38.7)",
        "oppShots": "48.1% (29.2) // 43.8% (26.2) // 41.0% (24.2) // 40.4% (22.3)",
        "oppScoring": "50.0% (31.9) // 46.4% (30.2) // 50.5% (34.0) // 50.2% (34.0)",
        "oppCorsiAgainst": "51.9% (60.0) // 55.5% (62.9) // 52.9% (60.4) // 51.0% (57.3)",
        "oppFenwickAgainst": "52.1% (44.4) // 55.8% (47.5) // 54.7% (46.1) // 54.0% (45.3)",
        "oppShotsAgainst": "51.9% (31.5) // 56.2% (33.7) // 59.0% (34.8) // 59.6% (33.0)",
        "oppScoringAgainst": "50.0% (31.8) // 53.6% (34.8) // 49.5% (33.3) // 49.8% (33.7)",
        "savesPerGame": 24.3,
        "savesPerGameLast1": 27.0,
        "savesPerGameLast3": 30.7,
        "savesPerGameLast5": 25.8,
        "savesPer60": 24.5,
        "savesPer60Last1": 29.2,
        "savesPer60Last3": 32.3,
        "savesPer60Last5": 26.4,
        "shotsPerGame": 35.8,
        "shotsPerGameLast5": 39.8,
        "shotsAgainstPerGame": 27.4,
        "shotsAgainstPerGameLast5": 28.4,
        "oppSavesAgainstPer60": 26.8,
        "oppSavesAgainstPer60Last1": 19.3,
        "oppSavesAgainstPer60Last3": 21.1,
        "oppSavesAgainstPer60Last5": 23.4,
        "oppShotsAgainstPerGame": 31.9,
        "oppShotsAgainstPerGameLast5": 34.4,
        "savesProj": 23.2,
        "savesProjLast5": 21.4,
        "savesProjLast3": 23.7,
        "oppSavesAgainstProj": 23.4,
        "oppSavesAgainstProjLast5": 22.8,
        "oppSavesAgainstProjLast3": 23.9,
        "totalOver": 57,
        "totalOverLast5": 60,
        "totalOverLast15": 73,
        "lastTotalOver": 0,
        "last5": "0,2,0,3,2,3,4,3,2,2",
        "overOdds": "-140",
        "underOdds": "+110",
        "overUnder": "-140 / +110"
    }
]