[
    {
        "player": "Aaron Ekblad",
        "team": "FLA",
        "opponent": "VGK",
        "propType": "ast",
        "line": 0.5,
        "ppLine": "PP2",
        "avg": 0.34,
        "hit": false,
        "diffAvg": -0.32,
        "diffAbs": 0.0,
        "lastAvg": 0.59,
        "diff": 0.18,
        "avgMin": 23,
        "proj": 0.5,
        "lastAvgMin": 24.92,
        "oppOver": 0,
        "teamOver": 0,
        "gameLine": "-115",
        "+/-": -6,
        "L5_+/-": "+2.0",
        "prevMatchup": "2023-06-08 1.0 ast 2023-06-05 0.0 ast 2023-06-03 0.0 ast 2023-03-07 0.0 ast 2023-01-12 1.0 ast",
        "winLossSplits": "35% - 18%",
        "awayHome": "H",
        "playedYesterday": "N",
        "awayHomeSplits": "28% - 26%",
        "savesAboveExp": -0.478,
        "gsaa": 8.04,
        "corsi": "54.2% (66.3) // 52.5% (66.0) // 54.2% (66.3) // 54.2% (66.3)",
        "fenwick": "53.6% (49.9) // 52.0% (49.3) // 53.6% (49.9) // 53.6% (49.9)",
        "shots": "53.7% (36.5) // 51.9% (35.5) // 53.7% (36.5) // 53.7% (36.5)",
        "scoring": "54.6% (34.8) // 53.4% (34.0) // 54.6% (34.8) // 54.6% (34.8)",
        "corsiAgainst": "45.8% (56.1) // 47.5% (59.7) // 45.8% (56.1) // 45.8% (56.1)",
        "fenwickAgainst": "46.4% (43.2) // 48.0% (45.5) // 46.4% (43.2) // 46.4% (43.2)",
        "shotsAgainst": "46.3% (31.5) // 48.1% (33.0) // 46.3% (31.5) // 46.3% (31.5)",
        "scoringAgainst": "45.4% (28.9) // 46.6% (29.7) // 45.4% (28.9) // 45.4% (28.9)",
        "oppCorsi": "48.6% (57.5) // 48.0% (56.0) // 48.6% (57.5) // 48.6% (57.5)",
        "oppFenwick": "49.7% (42.3) // 48.8% (40.5) // 49.7% (42.3) // 49.7% (42.3)",
        "oppShots": "50.5% (31.1) // 50.2% (28.8) // 50.5% (31.1) // 50.5% (31.1)",
        "oppScoring": "49.5% (29.2) // 49.0% (28.7) // 49.5% (29.2) // 49.5% (29.2)",
        "oppCorsiAgainst": "51.4% (60.7) // 52.0% (60.6) // 51.4% (60.7) // 51.4% (60.7)",
        "oppFenwickAgainst": "50.3% (42.8) // 51.2% (42.5) // 50.3% (42.8) // 50.3% (42.8)",
        "oppShotsAgainst": "49.5% (30.4) // 49.8% (28.5) // 49.5% (30.4) // 49.5% (30.4)",
        "oppScoringAgainst": "50.5% (29.8) // 51.0% (29.9) // 50.5% (29.8) // 50.5% (29.8)",
        "savesPerGame": 28.4,
        "savesPerGameLast1": 21.0,
        "savesPerGameLast3": 28.7,
        "savesPerGameLast5": 31.0,
        "savesPer60": 35.5,
        "savesPer60Last1": 22.5,
        "savesPer60Last3": 29.3,
        "savesPer60Last5": 31.4,
        "shotsPerGame": 36.8,
        "shotsPerGameLast5": 26.8,
        "shotsAgainstPerGame": 31.7,
        "shotsAgainstPerGameLast5": 34.2,
        "oppSavesAgainstPer60": 35.0,
        "oppSavesAgainstPer60Last1": 20.7,
        "oppSavesAgainstPer60Last3": 24.9,
        "oppSavesAgainstPer60Last5": 27.8,
        "oppShotsAgainstPerGame": 30.9,
        "oppShotsAgainstPerGameLast5": 33.2,
        "savesProj": 28.3,
        "savesProjLast5": 22.4,
        "savesProjLast3": 20.9,
        "oppSavesAgainstProj": 33.7,
        "oppSavesAgainstProjLast5": 21.9,
        "oppSavesAgainstProjLast3": 17.8,
        "totalOver": 27,
        "totalOverLast5": 40,
        "totalOverLast15": 33,
        "lastTotalOver": 41,
        "last5": "1,0,0,1,0,0,0,1,0,2",
        "overOdds": "+175",
        "underOdds": "-215",
        "overUnder": "+175 / -215"
    },
    {
        "player": "Aleksander Barkov",
        "team": "FLA",
        "opponent": "VGK",
        "propType": "ast",
        "line": 0.5,
        "ppLine": "PP1",
        "avg": 0.75,
        "hit": false,
        "diffAvg": 0.5,
        "diffAbs": 0.4,
        "lastAvg": 0.64,
        "diff": 0.28,
        "avgMin": 21,
        "proj": 0.7,
        "lastAvgMin": 20.3,
        "oppOver": 0,
        "teamOver": 0,
        "gameLine": "-115",
        "+/-": "+18",
        "L5_+/-": "+5.0",
        "prevMatchup": "2023-06-08 0.0 ast 2023-06-05 0.0 ast 2023-06-03 0.0 ast 2023-03-07 0.0 ast 2023-01-12 1.0 ast",
        "winLossSplits": "67% - 33%",
        "awayHome": "H",
        "playedYesterday": "N",
        "awayHomeSplits": "52% - 53%",
        "savesAboveExp": -0.478,
        "gsaa": 8.04,
        "corsi": "54.2% (66.3) // 52.5% (66.0) // 54.2% (66.3) // 54.2% (66.3)",
        "fenwick": "53.6% (49.9) // 52.0% (49.3) // 53.6% (49.9) // 53.6% (49.9)",
        "shots": "53.7% (36.5) // 51.9% (35.5) // 53.7% (36.5) // 53.7% (36.5)",
        "scoring": "54.6% (34.8) // 53.4% (34.0) // 54.6% (34.8) // 54.6% (34.8)",
        "corsiAgainst": "45.8% (56.1) // 47.5% (59.7) // 45.8% (56.1) // 45.8% (56.1)",
        "fenwickAgainst": "46.4% (43.2) // 48.0% (45.5) // 46.4% (43.2) // 46.4% (43.2)",
        "shotsAgainst": "46.3% (31.5) // 48.1% (33.0) // 46.3% (31.5) // 46.3% (31.5)",
        "scoringAgainst": "45.4% (28.9) // 46.6% (29.7) // 45.4% (28.9) // 45.4% (28.9)",
        "oppCorsi": "48.6% (57.5) // 48.0% (56.0) // 48.6% (57.5) // 48.6% (57.5)",
        "oppFenwick": "49.7% (42.3) // 48.8% (40.5) // 49.7% (42.3) // 49.7% (42.3)",
        "oppShots": "50.5% (31.1) // 50.2% (28.8) // 50.5% (31.1) // 50.5% (31.1)",
        "oppScoring": "49.5% (29.2) // 49.0% (28.7) // 49.5% (29.2) // 49.5% (29.2)",
        "oppCorsiAgainst": "51.4% (60.7) // 52.0% (60.6) // 51.4% (60.7) // 51.4% (60.7)",
        "oppFenwickAgainst": "50.3% (42.8) // 51.2% (42.5) // 50.3% (42.8) // 50.3% (42.8)",
        "oppShotsAgainst": "49.5% (30.4) // 49.8% (28.5) // 49.5% (30.4) // 49.5% (30.4)",
        "oppScoringAgainst": "50.5% (29.8) // 51.0% (29.9) // 50.5% (29.8) // 50.5% (29.8)",
        "savesPerGame": 28.4,
        "savesPerGameLast1": 21.0,
        "savesPerGameLast3": 28.7,
        "savesPerGameLast5": 31.0,
        "savesPer60": 35.5,
        "savesPer60Last1": 22.5,
        "savesPer60Last3": 29.3,
        "savesPer60Last5": 31.4,
        "shotsPerGame": 36.8,
        "shotsPerGameLast5": 26.8,
        "shotsAgainstPerGame": 31.7,
        "shotsAgainstPerGameLast5": 34.2,
        "oppSavesAgainstPer60": 35.0,
        "oppSavesAgainstPer60Last1": 20.7,
        "oppSavesAgainstPer60Last3": 24.9,
        "oppSavesAgainstPer60Last5": 27.8,
        "oppShotsAgainstPerGame": 30.9,
        "oppShotsAgainstPerGameLast5": 33.2,
        "savesProj": 28.3,
        "savesProjLast5": 22.4,
        "savesProjLast3": 20.9,
        "oppSavesAgainstProj": 33.7,
        "oppSavesAgainstProjLast5": 21.9,
        "oppSavesAgainstProjLast3": 17.8,
        "totalOver": 53,
        "totalOverLast5": 20,
        "totalOverLast15": 33,
        "lastTotalOver": 50,
        "last5": "0,0,0,2,0,0,1,0,0,0",
        "overOdds": "-120",
        "underOdds": "-110",
        "overUnder": "-120 / -110"
    },
    {
        "player": "Alex Pietrangelo",
        "team": "VGK",
        "opponent": "FLA",
        "propType": "ast",
        "line": 0.5,
        "ppLine": "PP2",
        "avg": 0.56,
        "hit": false,
        "diffAvg": 0.12,
        "diffAbs": 0.2,
        "lastAvg": 0.38,
        "diff": -0.24,
        "avgMin": 23,
        "proj": 0.4,
        "lastAvgMin": 24.63,
        "oppOver": 0,
        "teamOver": 0,
        "gameLine": "-105",
        "+/-": "+22",
        "L5_+/-": "+6.0",
        "prevMatchup": "2023-06-08 0.0 ast 2023-06-05 0.0 ast 2023-06-03 0.0 ast 2023-03-07 0.0 ast 2023-01-12 0.0 ast",
        "winLossSplits": "52% - 18%",
        "awayHome": "A",
        "playedYesterday": "N",
        "awayHomeSplits": "35% - 44%",
        "savesAboveExp": -0.102,
        "gsaa": -4.63,
        "corsi": "48.6% (57.5) // 48.0% (56.0) // 48.6% (57.5) // 48.6% (57.5)",
        "fenwick": "49.7% (42.3) // 48.8% (40.5) // 49.7% (42.3) // 49.7% (42.3)",
        "shots": "50.5% (31.1) // 50.2% (28.8) // 50.5% (31.1) // 50.5% (31.1)",
        "scoring": "49.5% (29.2) // 49.0% (28.7) // 49.5% (29.2) // 49.5% (29.2)",
        "corsiAgainst": "51.4% (60.7) // 52.0% (60.6) // 51.4% (60.7) // 51.4% (60.7)",
        "fenwickAgainst": "50.3% (42.8) // 51.2% (42.5) // 50.3% (42.8) // 50.3% (42.8)",
        "shotsAgainst": "49.5% (30.4) // 49.8% (28.5) // 49.5% (30.4) // 49.5% (30.4)",
        "scoringAgainst": "50.5% (29.8) // 51.0% (29.9) // 50.5% (29.8) // 50.5% (29.8)",
        "oppCorsi": "54.2% (66.3) // 52.5% (66.0) // 54.2% (66.3) // 54.2% (66.3)",
        "oppFenwick": "53.6% (49.9) // 52.0% (49.3) // 53.6% (49.9) // 53.6% (49.9)",
        "oppShots": "53.7% (36.5) // 51.9% (35.5) // 53.7% (36.5) // 53.7% (36.5)",
        "oppScoring": "54.6% (34.8) // 53.4% (34.0) // 54.6% (34.8) // 54.6% (34.8)",
        "oppCorsiAgainst": "45.8% (56.1) // 47.5% (59.7) // 45.8% (56.1) // 45.8% (56.1)",
        "oppFenwickAgainst": "46.4% (43.2) // 48.0% (45.5) // 46.4% (43.2) // 46.4% (43.2)",
        "oppShotsAgainst": "46.3% (31.5) // 48.1% (33.0) // 46.3% (31.5) // 46.3% (31.5)",
        "oppScoringAgainst": "45.4% (28.9) // 46.6% (29.7) // 45.4% (28.9) // 45.4% (28.9)",
        "savesPerGame": 28.1,
        "savesPerGameLast1": 29.0,
        "savesPerGameLast3": 28.7,
        "savesPerGameLast5": 31.0,
        "savesPer60": 35.0,
        "savesPer60Last1": 31.2,
        "savesPer60Last3": 29.4,
        "savesPer60Last5": 31.1,
        "shotsPerGame": 31.5,
        "shotsPerGameLast5": 31.8,
        "shotsAgainstPerGame": 30.9,
        "shotsAgainstPerGameLast5": 33.2,
        "oppSavesAgainstPer60": 41.7,
        "oppSavesAgainstPer60Last1": 29.8,
        "oppSavesAgainstPer60Last3": 27.5,
        "oppSavesAgainstPer60Last5": 25.2,
        "oppShotsAgainstPerGame": 31.7,
        "oppShotsAgainstPerGameLast5": 34.2,
        "savesProj": 32.0,
        "savesProjLast5": 20.7,
        "savesProjLast3": 22.6,
        "oppSavesAgainstProj": 38.9,
        "oppSavesAgainstProjLast5": 17.6,
        "oppSavesAgainstProjLast3": 18.0,
        "totalOver": 40,
        "totalOverLast5": 0,
        "totalOverLast15": 27,
        "lastTotalOver": 37,
        "last5": "0,0,0,0,0,0,0,1,1,0",
        "overOdds": "+165",
        "underOdds": "-205",
        "overUnder": "+165 / -205"
    },
    {
        "player": "Anthony Duclair",
        "team": "FLA",
        "opponent": "VGK",
        "propType": "ast",
        "line": 0.5,
        "ppLine": "PP2",
        "avg": 0.37,
        "hit": false,
        "diffAvg": -0.26,
        "diffAbs": 1.0,
        "lastAvg": 0,
        "diff": 0,
        "avgMin": 15,
        "proj": 0.0,
        "lastAvgMin": 0,
        "oppOver": 0,
        "teamOver": 0,
        "gameLine": "-115",
        "+/-": "+1",
        "L5_+/-": "+1.0",
        "prevMatchup": "2023-06-08 0.0 ast 2023-06-05 1.0 ast 2023-06-03 0.0 ast 2023-03-07 1.0 ast",
        "winLossSplits": "32% - 23%",
        "awayHome": "H",
        "playedYesterday": "N",
        "awayHomeSplits": "39% - 20%",
        "savesAboveExp": -0.478,
        "gsaa": 8.04,
        "corsi": "54.2% (66.3) // 52.5% (66.0) // 54.2% (66.3) // 54.2% (66.3)",
        "fenwick": "53.6% (49.9) // 52.0% (49.3) // 53.6% (49.9) // 53.6% (49.9)",
        "shots": "53.7% (36.5) // 51.9% (35.5) // 53.7% (36.5) // 53.7% (36.5)",
        "scoring": "54.6% (34.8) // 53.4% (34.0) // 54.6% (34.8) // 54.6% (34.8)",
        "corsiAgainst": "45.8% (56.1) // 47.5% (59.7) // 45.8% (56.1) // 45.8% (56.1)",
        "fenwickAgainst": "46.4% (43.2) // 48.0% (45.5) // 46.4% (43.2) // 46.4% (43.2)",
        "shotsAgainst": "46.3% (31.5) // 48.1% (33.0) // 46.3% (31.5) // 46.3% (31.5)",
        "scoringAgainst": "45.4% (28.9) // 46.6% (29.7) // 45.4% (28.9) // 45.4% (28.9)",
        "oppCorsi": "48.6% (57.5) // 48.0% (56.0) // 48.6% (57.5) // 48.6% (57.5)",
        "oppFenwick": "49.7% (42.3) // 48.8% (40.5) // 49.7% (42.3) // 49.7% (42.3)",
        "oppShots": "50.5% (31.1) // 50.2% (28.8) // 50.5% (31.1) // 50.5% (31.1)",
        "oppScoring": "49.5% (29.2) // 49.0% (28.7) // 49.5% (29.2) // 49.5% (29.2)",
        "oppCorsiAgainst": "51.4% (60.7) // 52.0% (60.6) // 51.4% (60.7) // 51.4% (60.7)",
        "oppFenwickAgainst": "50.3% (42.8) // 51.2% (42.5) // 50.3% (42.8) // 50.3% (42.8)",
        "oppShotsAgainst": "49.5% (30.4) // 49.8% (28.5) // 49.5% (30.4) // 49.5% (30.4)",
        "oppScoringAgainst": "50.5% (29.8) // 51.0% (29.9) // 50.5% (29.8) // 50.5% (29.8)",
        "savesPerGame": 28.4,
        "savesPerGameLast1": 21.0,
        "savesPerGameLast3": 28.7,
        "savesPerGameLast5": 31.0,
        "savesPer60": 35.5,
        "savesPer60Last1": 22.5,
        "savesPer60Last3": 29.3,
        "savesPer60Last5": 31.4,
        "shotsPerGame": 36.8,
        "shotsPerGameLast5": 26.8,
        "shotsAgainstPerGame": 31.7,
        "shotsAgainstPerGameLast5": 34.2,
        "oppSavesAgainstPer60": 35.0,
        "oppSavesAgainstPer60Last1": 20.7,
        "oppSavesAgainstPer60Last3": 24.9,
        "oppSavesAgainstPer60Last5": 27.8,
        "oppShotsAgainstPerGame": 30.9,
        "oppShotsAgainstPerGameLast5": 33.2,
        "savesProj": 28.3,
        "savesProjLast5": 22.4,
        "savesProjLast3": 20.9,
        "oppSavesAgainstProj": 33.7,
        "oppSavesAgainstProjLast5": 21.9,
        "oppSavesAgainstProjLast3": 17.8,
        "totalOver": 29,
        "totalOverLast5": 20,
        "totalOverLast15": 40,
        "lastTotalOver": 0,
        "last5": "0,1,0,0,0,0,2,1,0,0",
        "overOdds": "+220",
        "underOdds": "-280",
        "overUnder": "+220 / -280"
    },
    {
        "player": "Anton Lundell",
        "team": "FLA",
        "opponent": "VGK",
        "propType": "ast",
        "line": 0.5,
        "ppLine": "PP2",
        "avg": 0.3,
        "hit": false,
        "diffAvg": -0.4,
        "diffAbs": 0.2,
        "lastAvg": 0.35,
        "diff": -0.3,
        "avgMin": 16,
        "proj": 0.4,
        "lastAvgMin": 15.73,
        "oppOver": 0,
        "teamOver": 0,
        "gameLine": "-115",
        "+/-": "+3",
        "L5_+/-": -1.0,
        "prevMatchup": "2023-06-08 0.0 ast 2023-06-05 0.0 ast 2023-06-03 1.0 ast 2023-03-07 0.0 ast 2023-01-12 0.0 ast",
        "winLossSplits": "33% - 15%",
        "awayHome": "H",
        "playedYesterday": "N",
        "awayHomeSplits": "28% - 22%",
        "savesAboveExp": -0.478,
        "gsaa": 8.04,
        "corsi": "54.2% (66.3) // 52.5% (66.0) // 54.2% (66.3) // 54.2% (66.3)",
        "fenwick": "53.6% (49.9) // 52.0% (49.3) // 53.6% (49.9) // 53.6% (49.9)",
        "shots": "53.7% (36.5) // 51.9% (35.5) // 53.7% (36.5) // 53.7% (36.5)",
        "scoring": "54.6% (34.8) // 53.4% (34.0) // 54.6% (34.8) // 54.6% (34.8)",
        "corsiAgainst": "45.8% (56.1) // 47.5% (59.7) // 45.8% (56.1) // 45.8% (56.1)",
        "fenwickAgainst": "46.4% (43.2) // 48.0% (45.5) // 46.4% (43.2) // 46.4% (43.2)",
        "shotsAgainst": "46.3% (31.5) // 48.1% (33.0) // 46.3% (31.5) // 46.3% (31.5)",
        "scoringAgainst": "45.4% (28.9) // 46.6% (29.7) // 45.4% (28.9) // 45.4% (28.9)",
        "oppCorsi": "48.6% (57.5) // 48.0% (56.0) // 48.6% (57.5) // 48.6% (57.5)",
        "oppFenwick": "49.7% (42.3) // 48.8% (40.5) // 49.7% (42.3) // 49.7% (42.3)",
        "oppShots": "50.5% (31.1) // 50.2% (28.8) // 50.5% (31.1) // 50.5% (31.1)",
        "oppScoring": "49.5% (29.2) // 49.0% (28.7) // 49.5% (29.2) // 49.5% (29.2)",
        "oppCorsiAgainst": "51.4% (60.7) // 52.0% (60.6) // 51.4% (60.7) // 51.4% (60.7)",
        "oppFenwickAgainst": "50.3% (42.8) // 51.2% (42.5) // 50.3% (42.8) // 50.3% (42.8)",
        "oppShotsAgainst": "49.5% (30.4) // 49.8% (28.5) // 49.5% (30.4) // 49.5% (30.4)",
        "oppScoringAgainst": "50.5% (29.8) // 51.0% (29.9) // 50.5% (29.8) // 50.5% (29.8)",
        "savesPerGame": 28.4,
        "savesPerGameLast1": 21.0,
        "savesPerGameLast3": 28.7,
        "savesPerGameLast5": 31.0,
        "savesPer60": 35.5,
        "savesPer60Last1": 22.5,
        "savesPer60Last3": 29.3,
        "savesPer60Last5": 31.4,
        "shotsPerGame": 36.8,
        "shotsPerGameLast5": 26.8,
        "shotsAgainstPerGame": 31.7,
        "shotsAgainstPerGameLast5": 34.2,
        "oppSavesAgainstPer60": 35.0,
        "oppSavesAgainstPer60Last1": 20.7,
        "oppSavesAgainstPer60Last3": 24.9,
        "oppSavesAgainstPer60Last5": 27.8,
        "oppShotsAgainstPerGame": 30.9,
        "oppShotsAgainstPerGameLast5": 33.2,
        "savesProj": 28.3,
        "savesProjLast5": 22.4,
        "savesProjLast3": 20.9,
        "oppSavesAgainstProj": 33.7,
        "oppSavesAgainstProjLast5": 21.9,
        "oppSavesAgainstProjLast3": 17.8,
        "totalOver": 25,
        "totalOverLast5": 20,
        "totalOverLast15": 33,
        "lastTotalOver": 21,
        "last5": "0,0,1,0,0,0,0,0,0,1",
        "overOdds": "+210",
        "underOdds": "-265",
        "overUnder": "+210 / -265"
    },
    {
        "player": "Brandon Montour",
        "team": "FLA",
        "opponent": "VGK",
        "propType": "ast",
        "line": 0.5,
        "ppLine": "PP1",
        "avg": 0.61,
        "hit": false,
        "diffAvg": 0.22,
        "diffAbs": 0.2,
        "lastAvg": 0.29,
        "diff": -0.42,
        "avgMin": 24,
        "proj": 0.4,
        "lastAvgMin": 17.88,
        "oppOver": 0,
        "teamOver": 0,
        "gameLine": "-115",
        "+/-": "+13",
        "L5_+/-": 0.0,
        "prevMatchup": "2023-06-08 0.0 ast 2023-06-05 0.0 ast 2023-06-03 0.0 ast 2023-03-07 0.0 ast 2023-01-12 0.0 ast",
        "winLossSplits": "48% - 40%",
        "awayHome": "H",
        "playedYesterday": "N",
        "awayHomeSplits": "43% - 46%",
        "savesAboveExp": -0.478,
        "gsaa": 8.04,
        "corsi": "54.2% (66.3) // 52.5% (66.0) // 54.2% (66.3) // 54.2% (66.3)",
        "fenwick": "53.6% (49.9) // 52.0% (49.3) // 53.6% (49.9) // 53.6% (49.9)",
        "shots": "53.7% (36.5) // 51.9% (35.5) // 53.7% (36.5) // 53.7% (36.5)",
        "scoring": "54.6% (34.8) // 53.4% (34.0) // 54.6% (34.8) // 54.6% (34.8)",
        "corsiAgainst": "45.8% (56.1) // 47.5% (59.7) // 45.8% (56.1) // 45.8% (56.1)",
        "fenwickAgainst": "46.4% (43.2) // 48.0% (45.5) // 46.4% (43.2) // 46.4% (43.2)",
        "shotsAgainst": "46.3% (31.5) // 48.1% (33.0) // 46.3% (31.5) // 46.3% (31.5)",
        "scoringAgainst": "45.4% (28.9) // 46.6% (29.7) // 45.4% (28.9) // 45.4% (28.9)",
        "oppCorsi": "48.6% (57.5) // 48.0% (56.0) // 48.6% (57.5) // 48.6% (57.5)",
        "oppFenwick": "49.7% (42.3) // 48.8% (40.5) // 49.7% (42.3) // 49.7% (42.3)",
        "oppShots": "50.5% (31.1) // 50.2% (28.8) // 50.5% (31.1) // 50.5% (31.1)",
        "oppScoring": "49.5% (29.2) // 49.0% (28.7) // 49.5% (29.2) // 49.5% (29.2)",
        "oppCorsiAgainst": "51.4% (60.7) // 52.0% (60.6) // 51.4% (60.7) // 51.4% (60.7)",
        "oppFenwickAgainst": "50.3% (42.8) // 51.2% (42.5) // 50.3% (42.8) // 50.3% (42.8)",
        "oppShotsAgainst": "49.5% (30.4) // 49.8% (28.5) // 49.5% (30.4) // 49.5% (30.4)",
        "oppScoringAgainst": "50.5% (29.8) // 51.0% (29.9) // 50.5% (29.8) // 50.5% (29.8)",
        "savesPerGame": 28.4,
        "savesPerGameLast1": 21.0,
        "savesPerGameLast3": 28.7,
        "savesPerGameLast5": 31.0,
        "savesPer60": 35.5,
        "savesPer60Last1": 22.5,
        "savesPer60Last3": 29.3,
        "savesPer60Last5": 31.4,
        "shotsPerGame": 36.8,
        "shotsPerGameLast5": 26.8,
        "shotsAgainstPerGame": 31.7,
        "shotsAgainstPerGameLast5": 34.2,
        "oppSavesAgainstPer60": 35.0,
        "oppSavesAgainstPer60Last1": 20.7,
        "oppSavesAgainstPer60Last3": 24.9,
        "oppSavesAgainstPer60Last5": 27.8,
        "oppShotsAgainstPerGame": 30.9,
        "oppShotsAgainstPerGameLast5": 33.2,
        "savesProj": 28.3,
        "savesProjLast5": 22.4,
        "savesProjLast3": 20.9,
        "oppSavesAgainstProj": 33.7,
        "oppSavesAgainstProjLast5": 21.9,
        "oppSavesAgainstProjLast3": 17.8,
        "totalOver": 44,
        "totalOverLast5": 0,
        "totalOverLast15": 7,
        "lastTotalOver": 23,
        "last5": "0,0,0,0,0,0,0,0,0,0",
        "overOdds": "+105",
        "underOdds": "-135",
        "overUnder": "+105 / -135"
    },
    {
        "player": "Carter Verhaeghe",
        "team": "FLA",
        "opponent": "VGK",
        "propType": "ast",
        "line": 0.5,
        "ppLine": "PP2",
        "avg": 0.41,
        "hit": false,
        "diffAvg": -0.18,
        "diffAbs": 0.2,
        "lastAvg": 0.35,
        "diff": -0.3,
        "avgMin": 17,
        "proj": 0.4,
        "lastAvgMin": 16.05,
        "oppOver": 0,
        "teamOver": 0,
        "gameLine": "-115",
        "+/-": "+20",
        "L5_+/-": "+3.0",
        "prevMatchup": "2023-06-08 1.0 ast 2023-06-05 0.0 ast 2023-06-03 0.0 ast 2023-03-07 0.0 ast 2023-01-12 0.0 ast",
        "winLossSplits": "41% - 30%",
        "awayHome": "H",
        "playedYesterday": "N",
        "awayHomeSplits": "31% - 42%",
        "savesAboveExp": -0.478,
        "gsaa": 8.04,
        "corsi": "54.2% (66.3) // 52.5% (66.0) // 54.2% (66.3) // 54.2% (66.3)",
        "fenwick": "53.6% (49.9) // 52.0% (49.3) // 53.6% (49.9) // 53.6% (49.9)",
        "shots": "53.7% (36.5) // 51.9% (35.5) // 53.7% (36.5) // 53.7% (36.5)",
        "scoring": "54.6% (34.8) // 53.4% (34.0) // 54.6% (34.8) // 54.6% (34.8)",
        "corsiAgainst": "45.8% (56.1) // 47.5% (59.7) // 45.8% (56.1) // 45.8% (56.1)",
        "fenwickAgainst": "46.4% (43.2) // 48.0% (45.5) // 46.4% (43.2) // 46.4% (43.2)",
        "shotsAgainst": "46.3% (31.5) // 48.1% (33.0) // 46.3% (31.5) // 46.3% (31.5)",
        "scoringAgainst": "45.4% (28.9) // 46.6% (29.7) // 45.4% (28.9) // 45.4% (28.9)",
        "oppCorsi": "48.6% (57.5) // 48.0% (56.0) // 48.6% (57.5) // 48.6% (57.5)",
        "oppFenwick": "49.7% (42.3) // 48.8% (40.5) // 49.7% (42.3) // 49.7% (42.3)",
        "oppShots": "50.5% (31.1) // 50.2% (28.8) // 50.5% (31.1) // 50.5% (31.1)",
        "oppScoring": "49.5% (29.2) // 49.0% (28.7) // 49.5% (29.2) // 49.5% (29.2)",
        "oppCorsiAgainst": "51.4% (60.7) // 52.0% (60.6) // 51.4% (60.7) // 51.4% (60.7)",
        "oppFenwickAgainst": "50.3% (42.8) // 51.2% (42.5) // 50.3% (42.8) // 50.3% (42.8)",
        "oppShotsAgainst": "49.5% (30.4) // 49.8% (28.5) // 49.5% (30.4) // 49.5% (30.4)",
        "oppScoringAgainst": "50.5% (29.8) // 51.0% (29.9) // 50.5% (29.8) // 50.5% (29.8)",
        "savesPerGame": 28.4,
        "savesPerGameLast1": 21.0,
        "savesPerGameLast3": 28.7,
        "savesPerGameLast5": 31.0,
        "savesPer60": 35.5,
        "savesPer60Last1": 22.5,
        "savesPer60Last3": 29.3,
        "savesPer60Last5": 31.4,
        "shotsPerGame": 36.8,
        "shotsPerGameLast5": 26.8,
        "shotsAgainstPerGame": 31.7,
        "shotsAgainstPerGameLast5": 34.2,
        "oppSavesAgainstPer60": 35.0,
        "oppSavesAgainstPer60Last1": 20.7,
        "oppSavesAgainstPer60Last3": 24.9,
        "oppSavesAgainstPer60Last5": 27.8,
        "oppShotsAgainstPerGame": 30.9,
        "oppShotsAgainstPerGameLast5": 33.2,
        "savesProj": 28.3,
        "savesProjLast5": 22.4,
        "savesProjLast3": 20.9,
        "oppSavesAgainstProj": 33.7,
        "oppSavesAgainstProjLast5": 21.9,
        "oppSavesAgainstProjLast3": 17.8,
        "totalOver": 36,
        "totalOverLast5": 40,
        "totalOverLast15": 40,
        "lastTotalOver": 32,
        "last5": "1,0,0,1,0,0,1,1,0,0",
        "overOdds": "+160",
        "underOdds": "-195",
        "overUnder": "+160 / -195"
    },
    {
        "player": "Chandler Stephenson",
        "team": "VGK",
        "opponent": "FLA",
        "propType": "ast",
        "line": 0.5,
        "ppLine": "PP1",
        "avg": 0.58,
        "hit": false,
        "diffAvg": 0.16,
        "diffAbs": 0.0,
        "lastAvg": 0.54,
        "diff": 0.08,
        "avgMin": 18,
        "proj": 0.5,
        "lastAvgMin": 19.3,
        "oppOver": 0,
        "teamOver": 0,
        "gameLine": "-105",
        "+/-": "+12",
        "L5_+/-": -2.0,
        "prevMatchup": "2023-06-08 0.0 ast 2023-06-05 2.0 ast 2023-06-03 1.0 ast 2023-03-07 0.0 ast 2023-01-12 0.0 ast",
        "winLossSplits": "50% - 33%",
        "awayHome": "A",
        "playedYesterday": "N",
        "awayHomeSplits": "42% - 46%",
        "savesAboveExp": -0.102,
        "gsaa": -4.63,
        "corsi": "48.6% (57.5) // 48.0% (56.0) // 48.6% (57.5) // 48.6% (57.5)",
        "fenwick": "49.7% (42.3) // 48.8% (40.5) // 49.7% (42.3) // 49.7% (42.3)",
        "shots": "50.5% (31.1) // 50.2% (28.8) // 50.5% (31.1) // 50.5% (31.1)",
        "scoring": "49.5% (29.2) // 49.0% (28.7) // 49.5% (29.2) // 49.5% (29.2)",
        "corsiAgainst": "51.4% (60.7) // 52.0% (60.6) // 51.4% (60.7) // 51.4% (60.7)",
        "fenwickAgainst": "50.3% (42.8) // 51.2% (42.5) // 50.3% (42.8) // 50.3% (42.8)",
        "shotsAgainst": "49.5% (30.4) // 49.8% (28.5) // 49.5% (30.4) // 49.5% (30.4)",
        "scoringAgainst": "50.5% (29.8) // 51.0% (29.9) // 50.5% (29.8) // 50.5% (29.8)",
        "oppCorsi": "54.2% (66.3) // 52.5% (66.0) // 54.2% (66.3) // 54.2% (66.3)",
        "oppFenwick": "53.6% (49.9) // 52.0% (49.3) // 53.6% (49.9) // 53.6% (49.9)",
        "oppShots": "53.7% (36.5) // 51.9% (35.5) // 53.7% (36.5) // 53.7% (36.5)",
        "oppScoring": "54.6% (34.8) // 53.4% (34.0) // 54.6% (34.8) // 54.6% (34.8)",
        "oppCorsiAgainst": "45.8% (56.1) // 47.5% (59.7) // 45.8% (56.1) // 45.8% (56.1)",
        "oppFenwickAgainst": "46.4% (43.2) // 48.0% (45.5) // 46.4% (43.2) // 46.4% (43.2)",
        "oppShotsAgainst": "46.3% (31.5) // 48.1% (33.0) // 46.3% (31.5) // 46.3% (31.5)",
        "oppScoringAgainst": "45.4% (28.9) // 46.6% (29.7) // 45.4% (28.9) // 45.4% (28.9)",
        "savesPerGame": 28.1,
        "savesPerGameLast1": 29.0,
        "savesPerGameLast3": 28.7,
        "savesPerGameLast5": 31.0,
        "savesPer60": 35.0,
        "savesPer60Last1": 31.2,
        "savesPer60Last3": 29.4,
        "savesPer60Last5": 31.1,
        "shotsPerGame": 31.5,
        "shotsPerGameLast5": 31.8,
        "shotsAgainstPerGame": 30.9,
        "shotsAgainstPerGameLast5": 33.2,
        "oppSavesAgainstPer60": 41.7,
        "oppSavesAgainstPer60Last1": 29.8,
        "oppSavesAgainstPer60Last3": 27.5,
        "oppSavesAgainstPer60Last5": 25.2,
        "oppShotsAgainstPerGame": 31.7,
        "oppShotsAgainstPerGameLast5": 34.2,
        "savesProj": 32.0,
        "savesProjLast5": 20.7,
        "savesProjLast3": 22.6,
        "oppSavesAgainstProj": 38.9,
        "oppSavesAgainstProjLast5": 17.6,
        "oppSavesAgainstProjLast3": 18.0,
        "totalOver": 44,
        "totalOverLast5": 40,
        "totalOverLast15": 27,
        "lastTotalOver": 41,
        "last5": "0,2,1,0,0,0,1,1,0,0",
        "overOdds": "+135",
        "underOdds": "-165",
        "overUnder": "+135 / -165"
    },
    {
        "player": "Gustav Forsling",
        "team": "FLA",
        "opponent": "VGK",
        "propType": "ast",
        "line": 0.5,
        "ppLine": "PP2",
        "avg": 0.33,
        "hit": false,
        "diffAvg": -0.34,
        "diffAbs": 0.2,
        "lastAvg": 0.33,
        "diff": -0.34,
        "avgMin": 23,
        "proj": 0.4,
        "lastAvgMin": 21.22,
        "oppOver": 0,
        "teamOver": 0,
        "gameLine": "-115",
        "+/-": "+27",
        "L5_+/-": "+1.0",
        "prevMatchup": "2023-06-08 1.0 ast 2023-06-05 0.0 ast 2023-06-03 0.0 ast 2023-03-07 0.0 ast 2023-01-12 0.0 ast",
        "winLossSplits": "33% - 26%",
        "awayHome": "H",
        "playedYesterday": "N",
        "awayHomeSplits": "23% - 37%",
        "savesAboveExp": -0.478,
        "gsaa": 8.04,
        "corsi": "54.2% (66.3) // 52.5% (66.0) // 54.2% (66.3) // 54.2% (66.3)",
        "fenwick": "53.6% (49.9) // 52.0% (49.3) // 53.6% (49.9) // 53.6% (49.9)",
        "shots": "53.7% (36.5) // 51.9% (35.5) // 53.7% (36.5) // 53.7% (36.5)",
        "scoring": "54.6% (34.8) // 53.4% (34.0) // 54.6% (34.8) // 54.6% (34.8)",
        "corsiAgainst": "45.8% (56.1) // 47.5% (59.7) // 45.8% (56.1) // 45.8% (56.1)",
        "fenwickAgainst": "46.4% (43.2) // 48.0% (45.5) // 46.4% (43.2) // 46.4% (43.2)",
        "shotsAgainst": "46.3% (31.5) // 48.1% (33.0) // 46.3% (31.5) // 46.3% (31.5)",
        "scoringAgainst": "45.4% (28.9) // 46.6% (29.7) // 45.4% (28.9) // 45.4% (28.9)",
        "oppCorsi": "48.6% (57.5) // 48.0% (56.0) // 48.6% (57.5) // 48.6% (57.5)",
        "oppFenwick": "49.7% (42.3) // 48.8% (40.5) // 49.7% (42.3) // 49.7% (42.3)",
        "oppShots": "50.5% (31.1) // 50.2% (28.8) // 50.5% (31.1) // 50.5% (31.1)",
        "oppScoring": "49.5% (29.2) // 49.0% (28.7) // 49.5% (29.2) // 49.5% (29.2)",
        "oppCorsiAgainst": "51.4% (60.7) // 52.0% (60.6) // 51.4% (60.7) // 51.4% (60.7)",
        "oppFenwickAgainst": "50.3% (42.8) // 51.2% (42.5) // 50.3% (42.8) // 50.3% (42.8)",
        "oppShotsAgainst": "49.5% (30.4) // 49.8% (28.5) // 49.5% (30.4) // 49.5% (30.4)",
        "oppScoringAgainst": "50.5% (29.8) // 51.0% (29.9) // 50.5% (29.8) // 50.5% (29.8)",
        "savesPerGame": 28.4,
        "savesPerGameLast1": 21.0,
        "savesPerGameLast3": 28.7,
        "savesPerGameLast5": 31.0,
        "savesPer60": 35.5,
        "savesPer60Last1": 22.5,
        "savesPer60Last3": 29.3,
        "savesPer60Last5": 31.4,
        "shotsPerGame": 36.8,
        "shotsPerGameLast5": 26.8,
        "shotsAgainstPerGame": 31.7,
        "shotsAgainstPerGameLast5": 34.2,
        "oppSavesAgainstPer60": 35.0,
        "oppSavesAgainstPer60Last1": 20.7,
        "oppSavesAgainstPer60Last3": 24.9,
        "oppSavesAgainstPer60Last5": 27.8,
        "oppShotsAgainstPerGame": 30.9,
        "oppShotsAgainstPerGameLast5": 33.2,
        "savesProj": 28.3,
        "savesProjLast5": 22.4,
        "savesProjLast3": 20.9,
        "oppSavesAgainstProj": 33.7,
        "oppSavesAgainstProjLast5": 21.9,
        "oppSavesAgainstProjLast3": 17.8,
        "totalOver": 30,
        "totalOverLast5": 40,
        "totalOverLast15": 27,
        "lastTotalOver": 29,
        "last5": "1,0,0,1,0,0,0,1,0,0",
        "overOdds": "+170",
        "underOdds": "-210",
        "overUnder": "+170 / -210"
    },
    {
        "player": "Ivan Barbashev",
        "team": "VGK",
        "opponent": "FLA",
        "propType": "ast",
        "line": 0.5,
        "ppLine": "PP2",
        "avg": 0.4,
        "hit": false,
        "diffAvg": -0.2,
        "diffAbs": 0.2,
        "lastAvg": 0.37,
        "diff": -0.26,
        "avgMin": 16,
        "proj": 0.4,
        "lastAvgMin": 16.43,
        "oppOver": 0,
        "teamOver": 0,
        "gameLine": "-105",
        "+/-": "+23",
        "L5_+/-": "+9.0",
        "prevMatchup": "2023-06-08 0.0 ast 2023-06-05 1.0 ast 2023-06-03 1.0 ast 2023-03-07 0.0 ast 2023-02-14 2.0 ast 2022-11-26 1.0 ast",
        "winLossSplits": "45% - 24%",
        "awayHome": "A",
        "playedYesterday": "N",
        "awayHomeSplits": "35% - 36%",
        "savesAboveExp": -0.102,
        "gsaa": -4.63,
        "corsi": "48.6% (57.5) // 48.0% (56.0) // 48.6% (57.5) // 48.6% (57.5)",
        "fenwick": "49.7% (42.3) // 48.8% (40.5) // 49.7% (42.3) // 49.7% (42.3)",
        "shots": "50.5% (31.1) // 50.2% (28.8) // 50.5% (31.1) // 50.5% (31.1)",
        "scoring": "49.5% (29.2) // 49.0% (28.7) // 49.5% (29.2) // 49.5% (29.2)",
        "corsiAgainst": "51.4% (60.7) // 52.0% (60.6) // 51.4% (60.7) // 51.4% (60.7)",
        "fenwickAgainst": "50.3% (42.8) // 51.2% (42.5) // 50.3% (42.8) // 50.3% (42.8)",
        "shotsAgainst": "49.5% (30.4) // 49.8% (28.5) // 49.5% (30.4) // 49.5% (30.4)",
        "scoringAgainst": "50.5% (29.8) // 51.0% (29.9) // 50.5% (29.8) // 50.5% (29.8)",
        "oppCorsi": "54.2% (66.3) // 52.5% (66.0) // 54.2% (66.3) // 54.2% (66.3)",
        "oppFenwick": "53.6% (49.9) // 52.0% (49.3) // 53.6% (49.9) // 53.6% (49.9)",
        "oppShots": "53.7% (36.5) // 51.9% (35.5) // 53.7% (36.5) // 53.7% (36.5)",
        "oppScoring": "54.6% (34.8) // 53.4% (34.0) // 54.6% (34.8) // 54.6% (34.8)",
        "oppCorsiAgainst": "45.8% (56.1) // 47.5% (59.7) // 45.8% (56.1) // 45.8% (56.1)",
        "oppFenwickAgainst": "46.4% (43.2) // 48.0% (45.5) // 46.4% (43.2) // 46.4% (43.2)",
        "oppShotsAgainst": "46.3% (31.5) // 48.1% (33.0) // 46.3% (31.5) // 46.3% (31.5)",
        "oppScoringAgainst": "45.4% (28.9) // 46.6% (29.7) // 45.4% (28.9) // 45.4% (28.9)",
        "savesPerGame": 28.1,
        "savesPerGameLast1": 29.0,
        "savesPerGameLast3": 28.7,
        "savesPerGameLast5": 31.0,
        "savesPer60": 35.0,
        "savesPer60Last1": 31.2,
        "savesPer60Last3": 29.4,
        "savesPer60Last5": 31.1,
        "shotsPerGame": 31.5,
        "shotsPerGameLast5": 31.8,
        "shotsAgainstPerGame": 30.9,
        "shotsAgainstPerGameLast5": 33.2,
        "oppSavesAgainstPer60": 41.7,
        "oppSavesAgainstPer60Last1": 29.8,
        "oppSavesAgainstPer60Last3": 27.5,
        "oppSavesAgainstPer60Last5": 25.2,
        "oppShotsAgainstPerGame": 31.7,
        "oppShotsAgainstPerGameLast5": 34.2,
        "savesProj": 32.0,
        "savesProjLast5": 20.7,
        "savesProjLast3": 22.6,
        "oppSavesAgainstProj": 38.9,
        "oppSavesAgainstProjLast5": 17.6,
        "oppSavesAgainstProjLast3": 18.0,
        "totalOver": 36,
        "totalOverLast5": 60,
        "totalOverLast15": 47,
        "lastTotalOver": 32,
        "last5": "0,1,1,1,0,2,1,0,2,1",
        "overOdds": "+190",
        "underOdds": "-235",
        "overUnder": "+190 / -235"
    },
    {
        "player": "Jack Eichel",
        "team": "VGK",
        "opponent": "FLA",
        "propType": "ast",
        "line": 0.5,
        "ppLine": "PP1",
        "avg": 0.64,
        "hit": false,
        "diffAvg": 0.28,
        "diffAbs": 0.4,
        "lastAvg": 0.32,
        "diff": -0.36,
        "avgMin": 18,
        "proj": 0.3,
        "lastAvgMin": 19.38,
        "oppOver": 0,
        "teamOver": 0,
        "gameLine": "-105",
        "+/-": "+38",
        "L5_+/-": "+11.0",
        "prevMatchup": "2023-06-08 1.0 ast 2023-06-05 2.0 ast 2023-06-03 2.0 ast 2023-03-07 1.0 ast 2023-01-12 0.0 ast",
        "winLossSplits": "61% - 34%",
        "awayHome": "A",
        "playedYesterday": "N",
        "awayHomeSplits": "55% - 50%",
        "savesAboveExp": -0.102,
        "gsaa": -4.63,
        "corsi": "48.6% (57.5) // 48.0% (56.0) // 48.6% (57.5) // 48.6% (57.5)",
        "fenwick": "49.7% (42.3) // 48.8% (40.5) // 49.7% (42.3) // 49.7% (42.3)",
        "shots": "50.5% (31.1) // 50.2% (28.8) // 50.5% (31.1) // 50.5% (31.1)",
        "scoring": "49.5% (29.2) // 49.0% (28.7) // 49.5% (29.2) // 49.5% (29.2)",
        "corsiAgainst": "51.4% (60.7) // 52.0% (60.6) // 51.4% (60.7) // 51.4% (60.7)",
        "fenwickAgainst": "50.3% (42.8) // 51.2% (42.5) // 50.3% (42.8) // 50.3% (42.8)",
        "shotsAgainst": "49.5% (30.4) // 49.8% (28.5) // 49.5% (30.4) // 49.5% (30.4)",
        "scoringAgainst": "50.5% (29.8) // 51.0% (29.9) // 50.5% (29.8) // 50.5% (29.8)",
        "oppCorsi": "54.2% (66.3) // 52.5% (66.0) // 54.2% (66.3) // 54.2% (66.3)",
        "oppFenwick": "53.6% (49.9) // 52.0% (49.3) // 53.6% (49.9) // 53.6% (49.9)",
        "oppShots": "53.7% (36.5) // 51.9% (35.5) // 53.7% (36.5) // 53.7% (36.5)",
        "oppScoring": "54.6% (34.8) // 53.4% (34.0) // 54.6% (34.8) // 54.6% (34.8)",
        "oppCorsiAgainst": "45.8% (56.1) // 47.5% (59.7) // 45.8% (56.1) // 45.8% (56.1)",
        "oppFenwickAgainst": "46.4% (43.2) // 48.0% (45.5) // 46.4% (43.2) // 46.4% (43.2)",
        "oppShotsAgainst": "46.3% (31.5) // 48.1% (33.0) // 46.3% (31.5) // 46.3% (31.5)",
        "oppScoringAgainst": "45.4% (28.9) // 46.6% (29.7) // 45.4% (28.9) // 45.4% (28.9)",
        "savesPerGame": 28.1,
        "savesPerGameLast1": 29.0,
        "savesPerGameLast3": 28.7,
        "savesPerGameLast5": 31.0,
        "savesPer60": 35.0,
        "savesPer60Last1": 31.2,
        "savesPer60Last3": 29.4,
        "savesPer60Last5": 31.1,
        "shotsPerGame": 31.5,
        "shotsPerGameLast5": 31.8,
        "shotsAgainstPerGame": 30.9,
        "shotsAgainstPerGameLast5": 33.2,
        "oppSavesAgainstPer60": 41.7,
        "oppSavesAgainstPer60Last1": 29.8,
        "oppSavesAgainstPer60Last3": 27.5,
        "oppSavesAgainstPer60Last5": 25.2,
        "oppShotsAgainstPerGame": 31.7,
        "oppShotsAgainstPerGameLast5": 34.2,
        "savesProj": 32.0,
        "savesProjLast5": 20.7,
        "savesProjLast3": 22.6,
        "oppSavesAgainstProj": 38.9,
        "oppSavesAgainstProjLast5": 17.6,
        "oppSavesAgainstProjLast3": 18.0,
        "totalOver": 52,
        "totalOverLast5": 80,
        "totalOverLast15": 67,
        "lastTotalOver": 32,
        "last5": "1,2,2,0,1,1,1,0,1,2",
        "overOdds": "+100",
        "underOdds": "-130",
        "overUnder": "+100 / -130"
    },
    {
        "player": "Jonathan Marchessault",
        "team": "VGK",
        "opponent": "FLA",
        "propType": "ast",
        "line": 0.5,
        "ppLine": "PP1",
        "avg": 0.41,
        "hit": false,
        "diffAvg": -0.18,
        "diffAbs": 0.0,
        "lastAvg": 0.47,
        "diff": -0.06,
        "avgMin": 17,
        "proj": 0.5,
        "lastAvgMin": 17.57,
        "oppOver": 0,
        "teamOver": 0,
        "gameLine": "-105",
        "+/-": "+17",
        "L5_+/-": "+11.0",
        "prevMatchup": "2023-06-08 1.0 ast 2023-06-05 1.0 ast 2023-06-03 0.0 ast 2023-03-07 0.0 ast 2023-01-12 0.0 ast",
        "winLossSplits": "39% - 24%",
        "awayHome": "A",
        "playedYesterday": "N",
        "awayHomeSplits": "33% - 35%",
        "savesAboveExp": -0.102,
        "gsaa": -4.63,
        "corsi": "48.6% (57.5) // 48.0% (56.0) // 48.6% (57.5) // 48.6% (57.5)",
        "fenwick": "49.7% (42.3) // 48.8% (40.5) // 49.7% (42.3) // 49.7% (42.3)",
        "shots": "50.5% (31.1) // 50.2% (28.8) // 50.5% (31.1) // 50.5% (31.1)",
        "scoring": "49.5% (29.2) // 49.0% (28.7) // 49.5% (29.2) // 49.5% (29.2)",
        "corsiAgainst": "51.4% (60.7) // 52.0% (60.6) // 51.4% (60.7) // 51.4% (60.7)",
        "fenwickAgainst": "50.3% (42.8) // 51.2% (42.5) // 50.3% (42.8) // 50.3% (42.8)",
        "shotsAgainst": "49.5% (30.4) // 49.8% (28.5) // 49.5% (30.4) // 49.5% (30.4)",
        "scoringAgainst": "50.5% (29.8) // 51.0% (29.9) // 50.5% (29.8) // 50.5% (29.8)",
        "oppCorsi": "54.2% (66.3) // 52.5% (66.0) // 54.2% (66.3) // 54.2% (66.3)",
        "oppFenwick": "53.6% (49.9) // 52.0% (49.3) // 53.6% (49.9) // 53.6% (49.9)",
        "oppShots": "53.7% (36.5) // 51.9% (35.5) // 53.7% (36.5) // 53.7% (36.5)",
        "oppScoring": "54.6% (34.8) // 53.4% (34.0) // 54.6% (34.8) // 54.6% (34.8)",
        "oppCorsiAgainst": "45.8% (56.1) // 47.5% (59.7) // 45.8% (56.1) // 45.8% (56.1)",
        "oppFenwickAgainst": "46.4% (43.2) // 48.0% (45.5) // 46.4% (43.2) // 46.4% (43.2)",
        "oppShotsAgainst": "46.3% (31.5) // 48.1% (33.0) // 46.3% (31.5) // 46.3% (31.5)",
        "oppScoringAgainst": "45.4% (28.9) // 46.6% (29.7) // 45.4% (28.9) // 45.4% (28.9)",
        "savesPerGame": 28.1,
        "savesPerGameLast1": 29.0,
        "savesPerGameLast3": 28.7,
        "savesPerGameLast5": 31.0,
        "savesPer60": 35.0,
        "savesPer60Last1": 31.2,
        "savesPer60Last3": 29.4,
        "savesPer60Last5": 31.1,
        "shotsPerGame": 31.5,
        "shotsPerGameLast5": 31.8,
        "shotsAgainstPerGame": 30.9,
        "shotsAgainstPerGameLast5": 33.2,
        "oppSavesAgainstPer60": 41.7,
        "oppSavesAgainstPer60Last1": 29.8,
        "oppSavesAgainstPer60Last3": 27.5,
        "oppSavesAgainstPer60Last5": 25.2,
        "oppShotsAgainstPerGame": 31.7,
        "oppShotsAgainstPerGameLast5": 34.2,
        "savesProj": 32.0,
        "savesProjLast5": 20.7,
        "savesProjLast3": 22.6,
        "oppSavesAgainstProj": 38.9,
        "oppSavesAgainstProjLast5": 17.6,
        "oppSavesAgainstProjLast3": 18.0,
        "totalOver": 34,
        "totalOverLast5": 60,
        "totalOverLast15": 33,
        "lastTotalOver": 35,
        "last5": "1,1,0,0,2,0,1,0,0,3",
        "overOdds": "+175",
        "underOdds": "-215",
        "overUnder": "+175 / -215"
    },
    {
        "player": "Mark Stone",
        "team": "VGK",
        "opponent": "FLA",
        "propType": "ast",
