[
    {
        "player": "Alex Pietrangelo",
        "team": "VGK",
        "opponent": "EDM",
        "propType": "sog",
        "line": 1.5,
        "ppLine": "PP2",
        "avg": 2.29,
        "hit": false,
        "diffAvg": 0.53,
        "diffAbs": 0.8,
        "lastAvg": 2.8,
        "diff": 0.87,
        "avgMin": 24,
        "proj": 2.7,
        "lastAvgMin": 24.63,
        "oppOver": 0,
        "teamOver": 0,
        "gameLine": "+160",
        "+/-": "+15",
        "L5_+/-": "+4.0",
        "prevMatchup": "2023-05-10 1.0 sog 2023-05-08 0.0 sog 2023-05-06 3.0 sog 2023-05-03 4.0 sog 2023-03-28 3.0 sog 2023-03-25 0.0 sog 2023-01-14 4.0 sog 2022-11-19 2.0 sog",
        "winLossSplits": "61% - 77%",
        "awayHome": "A",
        "playedYesterday": "N",
        "awayHomeSplits": "67% - 67%",
        "savesAboveExp": 0.118,
        "gsaa": 14.07,
        "corsi": "48.6% (57.5) // 48.0% (56.0) // 48.6% (57.5) // 48.6% (57.5)",
        "fenwick": "49.7% (42.3) // 48.8% (40.5) // 49.7% (42.3) // 49.7% (42.3)",
        "shots": "50.5% (31.1) // 50.2% (28.8) // 50.5% (31.1) // 50.5% (31.1)",
        "scoring": "49.5% (29.2) // 49.0% (28.7) // 49.5% (29.2) // 49.5% (29.2)",
        "corsiAgainst": "51.4% (60.7) // 52.0% (60.6) // 51.4% (60.7) // 51.4% (60.7)",
        "fenwickAgainst": "50.3% (42.8) // 51.2% (42.5) // 50.3% (42.8) // 50.3% (42.8)",
        "shotsAgainst": "49.5% (30.4) // 49.8% (28.5) // 49.5% (30.4) // 49.5% (30.4)",
        "scoringAgainst": "50.5% (29.8) // 51.0% (29.9) // 50.5% (29.8) // 50.5% (29.8)",
        "oppCorsi": "52.1% (59.2) // 54.3% (61.2) // 52.1% (59.2) // 52.1% (59.2)",
        "oppFenwick": "51.6% (44.8) // 54.4% (46.8) // 51.6% (44.8) // 51.6% (44.8)",
        "oppShots": "51.7% (33.3) // 54.4% (35.4) // 51.7% (33.3) // 51.7% (33.3)",
        "oppScoring": "53.5% (32.9) // 54.3% (35.5) // 53.5% (32.9) // 53.5% (32.9)",
        "oppCorsiAgainst": "47.9% (54.5) // 45.7% (51.4) // 47.9% (54.5) // 47.9% (54.5)",
        "oppFenwickAgainst": "48.4% (42.0) // 45.6% (39.2) // 48.4% (42.0) // 48.4% (42.0)",
        "oppShotsAgainst": "48.3% (31.1) // 45.6% (29.7) // 48.3% (31.1) // 48.3% (31.1)",
        "oppScoringAgainst": "46.5% (28.6) // 45.7% (29.9) // 46.5% (28.6) // 46.5% (28.6)",
        "savesPerGame": 28.1,
        "savesPerGameLast1": 31.0,
        "savesPerGameLast3": 29.3,
        "savesPerGameLast5": 28.8,
        "savesPer60": 31.9,
        "savesPer60Last1": 31.0,
        "savesPer60Last3": 29.0,
        "savesPer60Last5": 28.6,
        "shotsPerGame": 31.5,
        "shotsPerGameLast5": 31.0,
        "shotsAgainstPerGame": 30.9,
        "shotsAgainstPerGameLast5": 32.2,
        "oppSavesAgainstPer60": 33.7,
        "oppSavesAgainstPer60Last1": 30.9,
        "oppSavesAgainstPer60Last3": 29.3,
        "oppSavesAgainstPer60Last5": 28.5,
        "oppShotsAgainstPerGame": 31.4,
        "oppShotsAgainstPerGameLast5": 31.0,
        "savesProj": 29.4,
        "savesProjLast5": 25.2,
        "savesProjLast3": 26.4,
        "oppSavesAgainstProj": 32.0,
        "oppSavesAgainstProjLast5": 24.0,
        "oppSavesAgainstProjLast3": 25.5,
        "totalOver": 67,
        "totalOverLast5": 40,
        "totalOverLast15": 53,
        "lastTotalOver": 71,
        "last5": "1,0,3,4,1,3,3,2,0,0",
        "overOdds": "-190",
        "underOdds": "+155",
        "overUnder": "-190 / +155"
    },
    {
        "player": "Connor Mcdavid",
        "team": "EDM",
        "opponent": "VGK",
        "propType": "sog",
        "line": 3.5,
        "ppLine": "PP1",
        "avg": 4.28,
        "hit": false,
        "diffAvg": 0.22,
        "diffAbs": 0.09,
        "lastAvg": 3.24,
        "diff": -0.07,
        "avgMin": 22,
        "proj": 3.2,
        "lastAvgMin": 22.05,
        "oppOver": 0,
        "teamOver": 0,
        "gameLine": "-190",
        "+/-": "+21",
        "L5_+/-": "+1.0",
        "prevMatchup": "2023-05-12 6.0 sog 2023-05-10 4.0 sog 2023-05-08 3.0 sog 2023-05-06 3.0 sog 2023-05-03 4.0 sog 2023-03-28 0.0 sog 2023-03-25 2.0 sog 2023-01-14 8.0 sog 2022-11-19 6.0 sog",
        "winLossSplits": "62% - 68%",
        "awayHome": "H",
        "playedYesterday": "N",
        "awayHomeSplits": "55% - 74%",
        "savesAboveExp": -0.478,
        "gsaa": 8.04,
        "corsi": "52.1% (59.2) // 54.3% (61.2) // 52.1% (59.2) // 52.1% (59.2)",
        "fenwick": "51.6% (44.8) // 54.4% (46.8) // 51.6% (44.8) // 51.6% (44.8)",
        "shots": "51.7% (33.3) // 54.4% (35.4) // 51.7% (33.3) // 51.7% (33.3)",
        "scoring": "53.5% (32.9) // 54.3% (35.5) // 53.5% (32.9) // 53.5% (32.9)",
        "corsiAgainst": "47.9% (54.5) // 45.7% (51.4) // 47.9% (54.5) // 47.9% (54.5)",
        "fenwickAgainst": "48.4% (42.0) // 45.6% (39.2) // 48.4% (42.0) // 48.4% (42.0)",
        "shotsAgainst": "48.3% (31.1) // 45.6% (29.7) // 48.3% (31.1) // 48.3% (31.1)",
        "scoringAgainst": "46.5% (28.6) // 45.7% (29.9) // 46.5% (28.6) // 46.5% (28.6)",
        "oppCorsi": "48.6% (57.5) // 48.0% (56.0) // 48.6% (57.5) // 48.6% (57.5)",
        "oppFenwick": "49.7% (42.3) // 48.8% (40.5) // 49.7% (42.3) // 49.7% (42.3)",
        "oppShots": "50.5% (31.1) // 50.2% (28.8) // 50.5% (31.1) // 50.5% (31.1)",
        "oppScoring": "49.5% (29.2) // 49.0% (28.7) // 49.5% (29.2) // 49.5% (29.2)",
        "oppCorsiAgainst": "51.4% (60.7) // 52.0% (60.6) // 51.4% (60.7) // 51.4% (60.7)",
        "oppFenwickAgainst": "50.3% (42.8) // 51.2% (42.5) // 50.3% (42.8) // 50.3% (42.8)",
        "oppShotsAgainst": "49.5% (30.4) // 49.8% (28.5) // 49.5% (30.4) // 49.5% (30.4)",
        "oppScoringAgainst": "50.5% (29.8) // 51.0% (29.9) // 50.5% (29.8) // 50.5% (29.8)",
        "savesPerGame": 28.2,
        "savesPerGameLast1": 27.0,
        "savesPerGameLast3": 26.7,
        "savesPerGameLast5": 27.6,
        "savesPer60": 32.2,
        "savesPer60Last1": 26.2,
        "savesPer60Last3": 26.4,
        "savesPer60Last5": 27.4,
        "shotsPerGame": 33.6,
        "shotsPerGameLast5": 32.2,
        "shotsAgainstPerGame": 31.4,
        "shotsAgainstPerGameLast5": 31.0,
        "oppSavesAgainstPer60": 31.9,
        "oppSavesAgainstPer60Last1": 26.7,
        "oppSavesAgainstPer60Last3": 27.3,
        "oppSavesAgainstPer60Last5": 28.0,
        "oppShotsAgainstPerGame": 30.9,
        "oppShotsAgainstPerGameLast5": 32.2,
        "savesProj": 28.6,
        "savesProjLast5": 23.7,
        "savesProjLast3": 22.1,
        "oppSavesAgainstProj": 30.5,
        "oppSavesAgainstProjLast5": 24.2,
        "oppSavesAgainstProjLast3": 22.8,
        "totalOver": 65,
        "totalOverLast5": 60,
        "totalOverLast15": 67,
        "lastTotalOver": 52,
        "last5": "6,4,3,3,4,3,4,2,7,6",
        "overOdds": "-160",
        "underOdds": "+130",
        "overUnder": "-160 / +130"
    },
    {
        "player": "Darnell Nurse",
        "team": "EDM",
        "opponent": "VGK",
        "propType": "sog",
        "line": 2.5,
        "ppLine": "PP2",
        "avg": 2.42,
        "hit": false,
        "diffAvg": -0.03,
        "diffAbs": 0.12,
        "lastAvg": 2.36,
        "diff": -0.06,
        "avgMin": 23,
        "proj": 2.2,
        "lastAvgMin": 25.03,
        "oppOver": 0,
        "teamOver": 0,
        "gameLine": "-190",
        "+/-": "+27",
        "L5_+/-": "+1.0",
        "prevMatchup": "2023-05-10 0.0 sog 2023-05-08 0.0 sog 2023-05-06 3.0 sog 2023-05-03 7.0 sog 2023-03-28 4.0 sog 2023-03-25 1.0 sog 2023-01-14 2.0 sog 2022-11-19 2.0 sog",
        "winLossSplits": "43% - 42%",
        "awayHome": "H",
        "playedYesterday": "N",
        "awayHomeSplits": "54% - 30%",
        "savesAboveExp": -0.478,
        "gsaa": 8.04,
        "corsi": "52.1% (59.2) // 54.3% (61.2) // 52.1% (59.2) // 52.1% (59.2)",
        "fenwick": "51.6% (44.8) // 54.4% (46.8) // 51.6% (44.8) // 51.6% (44.8)",
        "shots": "51.7% (33.3) // 54.4% (35.4) // 51.7% (33.3) // 51.7% (33.3)",
        "scoring": "53.5% (32.9) // 54.3% (35.5) // 53.5% (32.9) // 53.5% (32.9)",
        "corsiAgainst": "47.9% (54.5) // 45.7% (51.4) // 47.9% (54.5) // 47.9% (54.5)",
        "fenwickAgainst": "48.4% (42.0) // 45.6% (39.2) // 48.4% (42.0) // 48.4% (42.0)",
        "shotsAgainst": "48.3% (31.1) // 45.6% (29.7) // 48.3% (31.1) // 48.3% (31.1)",
        "scoringAgainst": "46.5% (28.6) // 45.7% (29.9) // 46.5% (28.6) // 46.5% (28.6)",
        "oppCorsi": "48.6% (57.5) // 48.0% (56.0) // 48.6% (57.5) // 48.6% (57.5)",
        "oppFenwick": "49.7% (42.3) // 48.8% (40.5) // 49.7% (42.3) // 49.7% (42.3)",
        "oppShots": "50.5% (31.1) // 50.2% (28.8) // 50.5% (31.1) // 50.5% (31.1)",
        "oppScoring": "49.5% (29.2) // 49.0% (28.7) // 49.5% (29.2) // 49.5% (29.2)",
        "oppCorsiAgainst": "51.4% (60.7) // 52.0% (60.6) // 51.4% (60.7) // 51.4% (60.7)",
        "oppFenwickAgainst": "50.3% (42.8) // 51.2% (42.5) // 50.3% (42.8) // 50.3% (42.8)",
        "oppShotsAgainst": "49.5% (30.4) // 49.8% (28.5) // 49.5% (30.4) // 49.5% (30.4)",
        "oppScoringAgainst": "50.5% (29.8) // 51.0% (29.9) // 50.5% (29.8) // 50.5% (29.8)",
        "savesPerGame": 28.2,
        "savesPerGameLast1": 27.0,
        "savesPerGameLast3": 26.7,
        "savesPerGameLast5": 27.6,
        "savesPer60": 32.2,
        "savesPer60Last1": 26.2,
        "savesPer60Last3": 26.4,
        "savesPer60Last5": 27.4,
        "shotsPerGame": 33.6,
        "shotsPerGameLast5": 32.2,
        "shotsAgainstPerGame": 31.4,
        "shotsAgainstPerGameLast5": 31.0,
        "oppSavesAgainstPer60": 31.9,
        "oppSavesAgainstPer60Last1": 26.7,
        "oppSavesAgainstPer60Last3": 27.3,
        "oppSavesAgainstPer60Last5": 28.0,
        "oppShotsAgainstPerGame": 30.9,
        "oppShotsAgainstPerGameLast5": 32.2,
        "savesProj": 28.6,
        "savesProjLast5": 23.7,
        "savesProjLast3": 22.1,
        "oppSavesAgainstProj": 30.5,
        "oppSavesAgainstProjLast5": 24.2,
        "oppSavesAgainstProjLast3": 22.8,
        "totalOver": 42,
        "totalOverLast5": 40,
        "totalOverLast15": 33,
        "lastTotalOver": 49,
        "last5": "0,0,3,7,1,0,2,4,2,1",
        "overOdds": "+145",
        "underOdds": "-180",
        "overUnder": "+145 / -180"
    },
    {
        "player": "Evan Bouchard",
        "team": "EDM",
        "opponent": "VGK",
        "propType": "sog",
        "line": 2.5,
        "ppLine": "PP1",
        "avg": 1.96,
        "hit": false,
        "diffAvg": -0.22,
        "diffAbs": 0.24,
        "lastAvg": 2.11,
        "diff": -0.16,
        "avgMin": 18,
        "proj": 1.9,
        "lastAvgMin": 19.8,
        "oppOver": 0,
        "teamOver": 0,
        "gameLine": "-190",
        "+/-": "+3",
        "L5_+/-": -2.0,
        "prevMatchup": "2023-05-12 4.0 sog 2023-05-10 3.0 sog 2023-05-08 2.0 sog 2023-05-06 2.0 sog 2023-05-03 2.0 sog 2023-03-28 3.0 sog 2023-03-25 3.0 sog 2023-01-14 2.0 sog 2022-11-19 0.0 sog",
        "winLossSplits": "32% - 35%",
        "awayHome": "H",
        "playedYesterday": "N",
        "awayHomeSplits": "34% - 33%",
        "savesAboveExp": -0.478,
        "gsaa": 8.04,
        "corsi": "52.1% (59.2) // 54.3% (61.2) // 52.1% (59.2) // 52.1% (59.2)",
        "fenwick": "51.6% (44.8) // 54.4% (46.8) // 51.6% (44.8) // 51.6% (44.8)",
        "shots": "51.7% (33.3) // 54.4% (35.4) // 51.7% (33.3) // 51.7% (33.3)",
        "scoring": "53.5% (32.9) // 54.3% (35.5) // 53.5% (32.9) // 53.5% (32.9)",
        "corsiAgainst": "47.9% (54.5) // 45.7% (51.4) // 47.9% (54.5) // 47.9% (54.5)",
        "fenwickAgainst": "48.4% (42.0) // 45.6% (39.2) // 48.4% (42.0) // 48.4% (42.0)",
        "shotsAgainst": "48.3% (31.1) // 45.6% (29.7) // 48.3% (31.1) // 48.3% (31.1)",
        "scoringAgainst": "46.5% (28.6) // 45.7% (29.9) // 46.5% (28.6) // 46.5% (28.6)",
        "oppCorsi": "48.6% (57.5) // 48.0% (56.0) // 48.6% (57.5) // 48.6% (57.5)",
        "oppFenwick": "49.7% (42.3) // 48.8% (40.5) // 49.7% (42.3) // 49.7% (42.3)",
        "oppShots": "50.5% (31.1) // 50.2% (28.8) // 50.5% (31.1) // 50.5% (31.1)",
        "oppScoring": "49.5% (29.2) // 49.0% (28.7) // 49.5% (29.2) // 49.5% (29.2)",
        "oppCorsiAgainst": "51.4% (60.7) // 52.0% (60.6) // 51.4% (60.7) // 51.4% (60.7)",
        "oppFenwickAgainst": "50.3% (42.8) // 51.2% (42.5) // 50.3% (42.8) // 50.3% (42.8)",
        "oppShotsAgainst": "49.5% (30.4) // 49.8% (28.5) // 49.5% (30.4) // 49.5% (30.4)",
        "oppScoringAgainst": "50.5% (29.8) // 51.0% (29.9) // 50.5% (29.8) // 50.5% (29.8)",
        "savesPerGame": 28.2,
        "savesPerGameLast1": 27.0,
        "savesPerGameLast3": 26.7,
        "savesPerGameLast5": 27.6,
        "savesPer60": 32.2,
        "savesPer60Last1": 26.2,
        "savesPer60Last3": 26.4,
        "savesPer60Last5": 27.4,
        "shotsPerGame": 33.6,
        "shotsPerGameLast5": 32.2,
        "shotsAgainstPerGame": 31.4,
        "shotsAgainstPerGameLast5": 31.0,
        "oppSavesAgainstPer60": 31.9,
        "oppSavesAgainstPer60Last1": 26.7,
        "oppSavesAgainstPer60Last3": 27.3,
        "oppSavesAgainstPer60Last5": 28.0,
        "oppShotsAgainstPerGame": 30.9,
        "oppShotsAgainstPerGameLast5": 32.2,
        "savesProj": 28.6,
        "savesProjLast5": 23.7,
        "savesProjLast3": 22.1,
        "oppSavesAgainstProj": 30.5,
        "oppSavesAgainstProjLast5": 24.2,
        "oppSavesAgainstProjLast3": 22.8,
        "totalOver": 33,
        "totalOverLast5": 40,
        "totalOverLast15": 33,
        "lastTotalOver": 43,
        "last5": "4,3,2,2,2,0,0,4,4,3",
        "overOdds": "+105",
        "underOdds": "-135",
        "overUnder": "+105 / -135"
    },
    {
        "player": "Evander Kane",
        "team": "EDM",
        "opponent": "VGK",
        "propType": "sog",
        "line": 3.5,
        "ppLine": "PP2",
        "avg": 3.48,
        "hit": false,
        "diffAvg": -0.01,
        "diffAbs": 0.31,
        "lastAvg": 2.62,
        "diff": -0.25,
        "avgMin": 18,
        "proj": 2.4,
        "lastAvgMin": 19.45,
        "oppOver": 0,
        "teamOver": 0,
        "gameLine": "-190",
        "+/-": -7,
        "L5_+/-": -5.0,
        "prevMatchup": "2023-05-12 4.0 sog 2023-05-10 3.0 sog 2023-05-08 2.0 sog 2023-05-06 5.0 sog 2023-05-03 1.0 sog 2023-03-28 11.0 sog 2023-03-25 2.0 sog",
        "winLossSplits": "37% - 41%",
        "awayHome": "H",
        "playedYesterday": "N",
        "awayHomeSplits": "36% - 41%",
        "savesAboveExp": -0.478,
        "gsaa": 8.04,
        "corsi": "52.1% (59.2) // 54.3% (61.2) // 52.1% (59.2) // 52.1% (59.2)",
        "fenwick": "51.6% (44.8) // 54.4% (46.8) // 51.6% (44.8) // 51.6% (44.8)",
        "shots": "51.7% (33.3) // 54.4% (35.4) // 51.7% (33.3) // 51.7% (33.3)",
        "scoring": "53.5% (32.9) // 54.3% (35.5) // 53.5% (32.9) // 53.5% (32.9)",
        "corsiAgainst": "47.9% (54.5) // 45.7% (51.4) // 47.9% (54.5) // 47.9% (54.5)",
        "fenwickAgainst": "48.4% (42.0) // 45.6% (39.2) // 48.4% (42.0) // 48.4% (42.0)",
        "shotsAgainst": "48.3% (31.1) // 45.6% (29.7) // 48.3% (31.1) // 48.3% (31.1)",
        "scoringAgainst": "46.5% (28.6) // 45.7% (29.9) // 46.5% (28.6) // 46.5% (28.6)",
        "oppCorsi": "48.6% (57.5) // 48.0% (56.0) // 48.6% (57.5) // 48.6% (57.5)",
        "oppFenwick": "49.7% (42.3) // 48.8% (40.5) // 49.7% (42.3) // 49.7% (42.3)",
        "oppShots": "50.5% (31.1) // 50.2% (28.8) // 50.5% (31.1) // 50.5% (31.1)",
        "oppScoring": "49.5% (29.2) // 49.0% (28.7) // 49.5% (29.2) // 49.5% (29.2)",
        "oppCorsiAgainst": "51.4% (60.7) // 52.0% (60.6) // 51.4% (60.7) // 51.4% (60.7)",
        "oppFenwickAgainst": "50.3% (42.8) // 51.2% (42.5) // 50.3% (42.8) // 50.3% (42.8)",
        "oppShotsAgainst": "49.5% (30.4) // 49.8% (28.5) // 49.5% (30.4) // 49.5% (30.4)",
        "oppScoringAgainst": "50.5% (29.8) // 51.0% (29.9) // 50.5% (29.8) // 50.5% (29.8)",
        "savesPerGame": 28.2,
        "savesPerGameLast1": 27.0,
        "savesPerGameLast3": 26.7,
        "savesPerGameLast5": 27.6,
        "savesPer60": 32.2,
        "savesPer60Last1": 26.2,
        "savesPer60Last3": 26.4,
        "savesPer60Last5": 27.4,
        "shotsPerGame": 33.6,
        "shotsPerGameLast5": 32.2,
        "shotsAgainstPerGame": 31.4,
        "shotsAgainstPerGameLast5": 31.0,
        "oppSavesAgainstPer60": 31.9,
        "oppSavesAgainstPer60Last1": 26.7,
        "oppSavesAgainstPer60Last3": 27.3,
        "oppSavesAgainstPer60Last5": 28.0,
        "oppShotsAgainstPerGame": 30.9,
        "oppShotsAgainstPerGameLast5": 32.2,
        "savesProj": 28.6,
        "savesProjLast5": 23.7,
        "savesProjLast3": 22.1,
        "oppSavesAgainstProj": 30.5,
        "oppSavesAgainstProjLast5": 24.2,
        "oppSavesAgainstProjLast3": 22.8,
        "totalOver": 38,
        "totalOverLast5": 40,
        "totalOverLast15": 33,
        "lastTotalOver": 41,
        "last5": "4,3,2,5,1,3,3,5,4,3",
        "overOdds": "+125",
        "underOdds": "-155",
        "overUnder": "+125 / -155"
    },
    {
        "player": "Jack Eichel",
        "team": "VGK",
        "opponent": "EDM",
        "propType": "sog",
        "line": 3.5,
        "ppLine": "PP1",
        "avg": 3.4,
        "hit": false,
        "diffAvg": -0.03,
        "diffAbs": 0.03,
        "lastAvg": 3.91,
        "diff": 0.12,
        "avgMin": 18,
        "proj": 3.6,
        "lastAvgMin": 19.38,
        "oppOver": 0,
        "teamOver": 0,
        "gameLine": "+160",
        "+/-": "+29",
        "L5_+/-": "+3.0",
        "prevMatchup": "2023-05-12 4.0 sog 2023-05-10 5.0 sog 2023-05-08 3.0 sog 2023-05-06 5.0 sog 2023-05-03 5.0 sog 2023-03-28 1.0 sog 2023-03-25 4.0 sog 2023-01-14 0.0 sog 2022-11-19 5.0 sog",
        "winLossSplits": "48% - 41%",
        "awayHome": "A",
        "playedYesterday": "N",
        "awayHomeSplits": "53% - 38%",
        "savesAboveExp": 0.118,
        "gsaa": 14.07,
        "corsi": "48.6% (57.5) // 48.0% (56.0) // 48.6% (57.5) // 48.6% (57.5)",
        "fenwick": "49.7% (42.3) // 48.8% (40.5) // 49.7% (42.3) // 49.7% (42.3)",
        "shots": "50.5% (31.1) // 50.2% (28.8) // 50.5% (31.1) // 50.5% (31.1)",
        "scoring": "49.5% (29.2) // 49.0% (28.7) // 49.5% (29.2) // 49.5% (29.2)",
        "corsiAgainst": "51.4% (60.7) // 52.0% (60.6) // 51.4% (60.7) // 51.4% (60.7)",
        "fenwickAgainst": "50.3% (42.8) // 51.2% (42.5) // 50.3% (42.8) // 50.3% (42.8)",
        "shotsAgainst": "49.5% (30.4) // 49.8% (28.5) // 49.5% (30.4) // 49.5% (30.4)",
        "scoringAgainst": "50.5% (29.8) // 51.0% (29.9) // 50.5% (29.8) // 50.5% (29.8)",
        "oppCorsi": "52.1% (59.2) // 54.3% (61.2) // 52.1% (59.2) // 52.1% (59.2)",
        "oppFenwick": "51.6% (44.8) // 54.4% (46.8) // 51.6% (44.8) // 51.6% (44.8)",
        "oppShots": "51.7% (33.3) // 54.4% (35.4) // 51.7% (33.3) // 51.7% (33.3)",
        "oppScoring": "53.5% (32.9) // 54.3% (35.5) // 53.5% (32.9) // 53.5% (32.9)",
        "oppCorsiAgainst": "47.9% (54.5) // 45.7% (51.4) // 47.9% (54.5) // 47.9% (54.5)",
        "oppFenwickAgainst": "48.4% (42.0) // 45.6% (39.2) // 48.4% (42.0) // 48.4% (42.0)",
        "oppShotsAgainst": "48.3% (31.1) // 45.6% (29.7) // 48.3% (31.1) // 48.3% (31.1)",
        "oppScoringAgainst": "46.5% (28.6) // 45.7% (29.9) // 46.5% (28.6) // 46.5% (28.6)",
        "savesPerGame": 28.1,
        "savesPerGameLast1": 31.0,
        "savesPerGameLast3": 29.3,
        "savesPerGameLast5": 28.8,
        "savesPer60": 31.9,
        "savesPer60Last1": 31.0,
        "savesPer60Last3": 29.0,
        "savesPer60Last5": 28.6,
        "shotsPerGame": 31.5,
        "shotsPerGameLast5": 31.0,
        "shotsAgainstPerGame": 30.9,
        "shotsAgainstPerGameLast5": 32.2,
        "oppSavesAgainstPer60": 33.7,
        "oppSavesAgainstPer60Last1": 30.9,
        "oppSavesAgainstPer60Last3": 29.3,
        "oppSavesAgainstPer60Last5": 28.5,
        "oppShotsAgainstPerGame": 31.4,
        "oppShotsAgainstPerGameLast5": 31.0,
        "savesProj": 29.4,
        "savesProjLast5": 25.2,
        "savesProjLast3": 26.4,
        "oppSavesAgainstProj": 32.0,
        "oppSavesAgainstProjLast5": 24.0,
        "oppSavesAgainstProjLast3": 25.5,
        "totalOver": 45,
        "totalOverLast5": 80,
        "totalOverLast15": 47,
        "lastTotalOver": 50,
        "last5": "4,5,3,5,5,1,4,7,3,2",
        "overOdds": "-105",
        "underOdds": "-125",
        "overUnder": "-105 / -125"
    },
    {
        "player": "Jonathan Marchessault",
        "team": "VGK",
        "opponent": "EDM",
        "propType": "sog",
        "line": 3.5,
        "ppLine": "PP1",
        "avg": 3.23,
        "hit": false,
        "diffAvg": -0.08,
        "diffAbs": 0.09,
        "lastAvg": 3.26,
        "diff": -0.07,
        "avgMin": 17,
        "proj": 3.2,
        "lastAvgMin": 17.57,
        "oppOver": 0,
        "teamOver": 0,
        "gameLine": "+160",
        "+/-": "+8",
        "L5_+/-": "+6.0",
        "prevMatchup": "2023-05-12 5.0 sog 2023-05-10 6.0 sog 2023-05-08 6.0 sog 2023-05-06 7.0 sog 2023-05-03 4.0 sog 2023-03-28 4.0 sog 2023-03-25 2.0 sog 2023-01-14 5.0 sog 2022-11-19 3.0 sog",
        "winLossSplits": "37% - 41%",
        "awayHome": "A",
        "playedYesterday": "N",
        "awayHomeSplits": "38% - 39%",
        "savesAboveExp": 0.118,
        "gsaa": 14.07,
        "corsi": "48.6% (57.5) // 48.0% (56.0) // 48.6% (57.5) // 48.6% (57.5)",
        "fenwick": "49.7% (42.3) // 48.8% (40.5) // 49.7% (42.3) // 49.7% (42.3)",
        "shots": "50.5% (31.1) // 50.2% (28.8) // 50.5% (31.1) // 50.5% (31.1)",
        "scoring": "49.5% (29.2) // 49.0% (28.7) // 49.5% (29.2) // 49.5% (29.2)",
        "corsiAgainst": "51.4% (60.7) // 52.0% (60.6) // 51.4% (60.7) // 51.4% (60.7)",
        "fenwickAgainst": "50.3% (42.8) // 51.2% (42.5) // 50.3% (42.8) // 50.3% (42.8)",
        "shotsAgainst": "49.5% (30.4) // 49.8% (28.5) // 49.5% (30.4) // 49.5% (30.4)",
        "scoringAgainst": "50.5% (29.8) // 51.0% (29.9) // 50.5% (29.8) // 50.5% (29.8)",
        "oppCorsi": "52.1% (59.2) // 54.3% (61.2) // 52.1% (59.2) // 52.1% (59.2)",
        "oppFenwick": "51.6% (44.8) // 54.4% (46.8) // 51.6% (44.8) // 51.6% (44.8)",
        "oppShots": "51.7% (33.3) // 54.4% (35.4) // 51.7% (33.3) // 51.7% (33.3)",
        "oppScoring": "53.5% (32.9) // 54.3% (35.5) // 53.5% (32.9) // 53.5% (32.9)",
        "oppCorsiAgainst": "47.9% (54.5) // 45.7% (51.4) // 47.9% (54.5) // 47.9% (54.5)",
        "oppFenwickAgainst": "48.4% (42.0) // 45.6% (39.2) // 48.4% (42.0) // 48.4% (42.0)",
        "oppShotsAgainst": "48.3% (31.1) // 45.6% (29.7) // 48.3% (31.1) // 48.3% (31.1)",
        "oppScoringAgainst": "46.5% (28.6) // 45.7% (29.9) // 46.5% (28.6) // 46.5% (28.6)",
        "savesPerGame": 28.1,
        "savesPerGameLast1": 31.0,
        "savesPerGameLast3": 29.3,
        "savesPerGameLast5": 28.8,
        "savesPer60": 31.9,
        "savesPer60Last1": 31.0,
        "savesPer60Last3": 29.0,
        "savesPer60Last5": 28.6,
        "shotsPerGame": 31.5,
        "shotsPerGameLast5": 31.0,
        "shotsAgainstPerGame": 30.9,
        "shotsAgainstPerGameLast5": 32.2,
        "oppSavesAgainstPer60": 33.7,
        "oppSavesAgainstPer60Last1": 30.9,
        "oppSavesAgainstPer60Last3": 29.3,
        "oppSavesAgainstPer60Last5": 28.5,
        "oppShotsAgainstPerGame": 31.4,
        "oppShotsAgainstPerGameLast5": 31.0,
        "savesProj": 29.4,
        "savesProjLast5": 25.2,
        "savesProjLast3": 26.4,
        "oppSavesAgainstProj": 32.0,
        "oppSavesAgainstProjLast5": 24.0,
        "oppSavesAgainstProjLast3": 25.5,
        "totalOver": 38,
        "totalOverLast5": 100,
        "totalOverLast15": 47,
        "lastTotalOver": 41,
        "last5": "5,6,6,7,4,2,1,7,2,0",
        "overOdds": "-105",
        "underOdds": "-125",
        "overUnder": "-105 / -125"
    },
    {
        "player": "Leon Draisaitl",
        "team": "EDM",
        "opponent": "VGK",
        "propType": "sog",
        "line": 3.5,
        "ppLine": "PP1",
        "avg": 3.18,
        "hit": false,
        "diffAvg": -0.09,
        "diffAbs": 0.23,
        "lastAvg": 2.87,
        "diff": -0.18,
        "avgMin": 21,
        "proj": 2.7,
        "lastAvgMin": 22.33,
        "oppOver": 0,
        "teamOver": 0,
        "gameLine": "-190",
        "+/-": "+10",
        "L5_+/-": "+2.0",
        "prevMatchup": "2023-05-12 4.0 sog 2023-05-10 1.0 sog 2023-05-08 3.0 sog 2023-05-06 4.0 sog 2023-05-03 5.0 sog 2023-03-28 4.0 sog 2023-03-25 4.0 sog 2023-01-14 4.0 sog 2022-11-19 1.0 sog",
        "winLossSplits": "35% - 53%",
        "awayHome": "H",
        "playedYesterday": "N",
        "awayHomeSplits": "52% - 31%",
        "savesAboveExp": -0.478,
        "gsaa": 8.04,
        "corsi": "52.1% (59.2) // 54.3% (61.2) // 52.1% (59.2) // 52.1% (59.2)",
        "fenwick": "51.6% (44.8) // 54.4% (46.8) // 51.6% (44.8) // 51.6% (44.8)",
        "shots": "51.7% (33.3) // 54.4% (35.4) // 51.7% (33.3) // 51.7% (33.3)",
        "scoring": "53.5% (32.9) // 54.3% (35.5) // 53.5% (32.9) // 53.5% (32.9)",
        "corsiAgainst": "47.9% (54.5) // 45.7% (51.4) // 47.9% (54.5) // 47.9% (54.5)",
        "fenwickAgainst": "48.4% (42.0) // 45.6% (39.2) // 48.4% (42.0) // 48.4% (42.0)",
        "shotsAgainst": "48.3% (31.1) // 45.6% (29.7) // 48.3% (31.1) // 48.3% (31.1)",
        "scoringAgainst": "46.5% (28.6) // 45.7% (29.9) // 46.5% (28.6) // 46.5% (28.6)",
        "oppCorsi": "48.6% (57.5) // 48.0% (56.0) // 48.6% (57.5) // 48.6% (57.5)",
        "oppFenwick": "49.7% (42.3) // 48.8% (40.5) // 49.7% (42.3) // 49.7% (42.3)",
        "oppShots": "50.5% (31.1) // 50.2% (28.8) // 50.5% (31.1) // 50.5% (31.1)",
        "oppScoring": "49.5% (29.2) // 49.0% (28.7) // 49.5% (29.2) // 49.5% (29.2)",
        "oppCorsiAgainst": "51.4% (60.7) // 52.0% (60.6) // 51.4% (60.7) // 51.4% (60.7)",
        "oppFenwickAgainst": "50.3% (42.8) // 51.2% (42.5) // 50.3% (42.8) // 50.3% (42.8)",
        "oppShotsAgainst": "49.5% (30.4) // 49.8% (28.5) // 49.5% (30.4) // 49.5% (30.4)",
        "oppScoringAgainst": "50.5% (29.8) // 51.0% (29.9) // 50.5% (29.8) // 50.5% (29.8)",
        "savesPerGame": 28.2,
        "savesPerGameLast1": 27.0,
        "savesPerGameLast3": 26.7,
        "savesPerGameLast5": 27.6,
        "savesPer60": 32.2,
        "savesPer60Last1": 26.2,
        "savesPer60Last3": 26.4,
        "savesPer60Last5": 27.4,
        "shotsPerGame": 33.6,
        "shotsPerGameLast5": 32.2,
        "shotsAgainstPerGame": 31.4,
        "shotsAgainstPerGameLast5": 31.0,
        "oppSavesAgainstPer60": 31.9,
        "oppSavesAgainstPer60Last1": 26.7,
        "oppSavesAgainstPer60Last3": 27.3,
        "oppSavesAgainstPer60Last5": 28.0,
        "oppShotsAgainstPerGame": 30.9,
        "oppShotsAgainstPerGameLast5": 32.2,
        "savesProj": 28.6,
        "savesProjLast5": 23.7,
        "savesProjLast3": 22.1,
        "oppSavesAgainstProj": 30.5,
        "oppSavesAgainstProjLast5": 24.2,
        "oppSavesAgainstProjLast3": 22.8,
        "totalOver": 42,
        "totalOverLast5": 60,
        "totalOverLast15": 40,
        "lastTotalOver": 39,
        "last5": "4,1,3,4,5,3,5,5,3,3",
        "overOdds": "-110",
        "underOdds": "-120",
        "overUnder": "-110 / -120"
    },
    {
        "player": "Mark Stone",
        "team": "VGK",
        "opponent": "EDM",
        "propType": "sog",
        "line": 2.5,
        "ppLine": "PP1",
        "avg": 2.53,
        "hit": false,
        "diffAvg": 0.01,
        "diffAbs": 0.24,
        "lastAvg": 1.87,
        "diff": -0.25,
        "avgMin": 19,
        "proj": 1.9,
        "lastAvgMin": 18.33,
        "oppOver": 0,
        "teamOver": 0,
        "gameLine": "+160",
        "+/-": "+15",
        "L5_+/-": "+4.0",
        "prevMatchup": "2023-05-12 3.0 sog 2023-05-10 1.0 sog 2023-05-08 2.0 sog 2023-05-06 1.0 sog 2023-05-03 3.0 sog 2022-11-19 4.0 sog",
        "winLossSplits": "63% - 33%",
        "awayHome": "A",
        "playedYesterday": "N",
        "awayHomeSplits": "58% - 48%",
        "savesAboveExp": 0.118,
        "gsaa": 14.07,
        "corsi": "48.6% (57.5) // 48.0% (56.0) // 48.6% (57.5) // 48.6% (57.5)",
        "fenwick": "49.7% (42.3) // 48.8% (40.5) // 49.7% (42.3) // 49.7% (42.3)",
        "shots": "50.5% (31.1) // 50.2% (28.8) // 50.5% (31.1) // 50.5% (31.1)",
        "scoring": "49.5% (29.2) // 49.0% (28.7) // 49.5% (29.2) // 49.5% (29.2)",
        "corsiAgainst": "51.4% (60.7) // 52.0% (60.6) // 51.4% (60.7) // 51.4% (60.7)",
        "fenwickAgainst": "50.3% (42.8) // 51.2% (42.5) // 50.3% (42.8) // 50.3% (42.8)",
        "shotsAgainst": "49.5% (30.4) // 49.8% (28.5) // 49.5% (30.4) // 49.5% (30.4)",
        "scoringAgainst": "50.5% (29.8) // 51.0% (29.9) // 50.5% (29.8) // 50.5% (29.8)",
        "oppCorsi": "52.1% (59.2) // 54.3% (61.2) // 52.1% (59.2) // 52.1% (59.2)",
        "oppFenwick": "51.6% (44.8) // 54.4% (46.8) // 51.6% (44.8) // 51.6% (44.8)",
        "oppShots": "51.7% (33.3) // 54.4% (35.4) // 51.7% (33.3) // 51.7% (33.3)",
        "oppScoring": "53.5% (32.9) // 54.3% (35.5) // 53.5% (32.9) // 53.5% (32.9)",
        "oppCorsiAgainst": "47.9% (54.5) // 45.7% (51.4) // 47.9% (54.5) // 47.9% (54.5)",
        "oppFenwickAgainst": "48.4% (42.0) // 45.6% (39.2) // 48.4% (42.0) // 48.4% (42.0)",
        "oppShotsAgainst": "48.3% (31.1) // 45.6% (29.7) // 48.3% (31.1) // 48.3% (31.1)",
        "oppScoringAgainst": "46.5% (28.6) // 45.7% (29.9) // 46.5% (28.6) // 46.5% (28.6)",
        "savesPerGame": 28.1,
        "savesPerGameLast1": 31.0,
        "savesPerGameLast3": 29.3,
        "savesPerGameLast5": 28.8,
        "savesPer60": 31.9,
        "savesPer60Last1": 31.0,
        "savesPer60Last3": 29.0,
        "savesPer60Last5": 28.6,
        "shotsPerGame": 31.5,
        "shotsPerGameLast5": 31.0,
        "shotsAgainstPerGame": 30.9,
        "shotsAgainstPerGameLast5": 32.2,
        "oppSavesAgainstPer60": 33.7,
        "oppSavesAgainstPer60Last1": 30.9,
        "oppSavesAgainstPer60Last3": 29.3,
        "oppSavesAgainstPer60Last5": 28.5,
        "oppShotsAgainstPerGame": 31.4,
        "oppShotsAgainstPerGameLast5": 31.0,
        "savesProj": 29.4,
        "savesProjLast5": 25.2,
        "savesProjLast3": 26.4,
        "oppSavesAgainstProj": 32.0,
        "oppSavesAgainstProjLast5": 24.0,
        "oppSavesAgainstProjLast3": 25.5,
        "totalOver": 53,
        "totalOverLast5": 40,
        "totalOverLast15": 33,
        "lastTotalOver": 32,
        "last5": "3,1,2,1,3,1,3,2,5,0",
        "overOdds": "+120",
        "underOdds": "-150",
        "overUnder": "+120 / -150"
    },
    {
        "player": "Reilly Smith",
        "team": "VGK",
        "opponent": "EDM",
        "propType": "sog",
        "line": 2.5,
        "ppLine": "PP2",
        "avg": 2.35,
        "hit": false,
        "diffAvg": -0.06,
        "diffAbs": 0.04,
        "lastAvg": 2.68,
        "diff": 0.07,
        "avgMin": 16,
        "proj": 2.4,
        "lastAvgMin": 17.78,
        "oppOver": 0,
        "teamOver": 0,
        "gameLine": "+160",
        "+/-": "+14",
        "L5_+/-": "+3.0",
        "prevMatchup": "2023-05-12 5.0 sog 2023-05-10 1.0 sog 2023-05-08 2.0 sog 2023-05-06 1.0 sog 2023-05-03 1.0 sog 2023-01-14 2.0 sog 2022-11-19 1.0 sog",
        "winLossSplits": "38% - 38%",
        "awayHome": "A",
        "playedYesterday": "N",
        "awayHomeSplits": "37% - 38%",
        "savesAboveExp": 0.118,
        "gsaa": 14.07,
        "corsi": "48.6% (57.5) // 48.0% (56.0) // 48.6% (57.5) // 48.6% (57.5)",
        "fenwick": "49.7% (42.3) // 48.8% (40.5) // 49.7% (42.3) // 49.7% (42.3)",
        "shots": "50.5% (31.1) // 50.2% (28.8) // 50.5% (31.1) // 50.5% (31.1)",
        "scoring": "49.5% (29.2) // 49.0% (28.7) // 49.5% (29.2) // 49.5% (29.2)",
        "corsiAgainst": "51.4% (60.7) // 52.0% (60.6) // 51.4% (60.7) // 51.4% (60.7)",
        "fenwickAgainst": "50.3% (42.8) // 51.2% (42.5) // 50.3% (42.8) // 50.3% (42.8)",
        "shotsAgainst": "49.5% (30.4) // 49.8% (28.5) // 49.5% (30.4) // 49.5% (30.4)",
        "scoringAgainst": "50.5% (29.8) // 51.0% (29.9) // 50.5% (29.8) // 50.5% (29.8)",
        "oppCorsi": "52.1% (59.2) // 54.3% (61.2) // 52.1% (59.2) // 52.1% (59.2)",
        "oppFenwick": "51.6% (44.8) // 54.4% (46.8) // 51.6% (44.8) // 51.6% (44.8)",
        "oppShots": "51.7% (33.3) // 54.4% (35.4) // 51.7% (33.3) // 51.7% (33.3)",
        "oppScoring": "53.5% (32.9) // 54.3% (35.5) // 53.5% (32.9) // 53.5% (32.9)",
        "oppCorsiAgainst": "47.9% (54.5) // 45.7% (51.4) // 47.9% (54.5) // 47.9% (54.5)",
        "oppFenwickAgainst": "48.4% (42.0) // 45.6% (39.2) // 48.4% (42.0) // 48.4% (42.0)",
        "oppShotsAgainst": "48.3% (31.1) // 45.6% (29.7) // 48.3% (31.1) // 48.3% (31.1)",
        "oppScoringAgainst": "46.5% (28.6) // 45.7% (29.9) // 46.5% (28.6) // 46.5% (28.6)",
        "savesPerGame": 28.1,
        "savesPerGameLast1": 31.0,
        "savesPerGameLast3": 29.3,
        "savesPerGameLast5": 28.8,
        "savesPer60": 31.9,
        "savesPer60Last1": 31.0,
        "savesPer60Last3": 29.0,
        "savesPer60Last5": 28.6,
        "shotsPerGame": 31.5,
        "shotsPerGameLast5": 31.0,
        "shotsAgainstPerGame": 30.9,
        "shotsAgainstPerGameLast5": 32.2,
        "oppSavesAgainstPer60": 33.7,
        "oppSavesAgainstPer60Last1": 30.9,
        "oppSavesAgainstPer60Last3": 29.3,
        "oppSavesAgainstPer60Last5": 28.5,
        "oppShotsAgainstPerGame": 31.4,
        "oppShotsAgainstPerGameLast5": 31.0,
        "savesProj": 29.4,
        "savesProjLast5": 25.2,
        "savesProjLast3": 26.4,
        "oppSavesAgainstProj": 32.0,
        "oppSavesAgainstProjLast5": 24.0,
        "oppSavesAgainstProjLast3": 25.5,
        "totalOver": 38,
        "totalOverLast5": 20,
        "totalOverLast15": 33,
        "lastTotalOver": 45,
        "last5": "5,1,2,1,1,2,3,3,2,5",
        "overOdds": "+140",
        "underOdds": "-175",
        "overUnder": "+140 / -175"
    },
    {
        "player": "Ryan Nugent-Hopkins",
        "team": "EDM",
        "opponent": "VGK",
        "propType": "sog",
        "line": 2.5,
        "ppLine": "",
        "avg": 2.39,
        "hit": false,
        "diffAvg": -0.04,
        "diffAbs": 0.24,
        "lastAvg": 1.95,
        "diff": -0.22,
        "avgMin": 19,
        "proj": 1.9,
        "lastAvgMin": 19.32,
        "oppOver": 0,
        "teamOver": 0,
        "gameLine": "-190",
        "+/-": "+8",
        "L5_+/-": -3.0,
        "prevMatchup": "2023-05-12 2.0 sog 2023-05-10 4.0 sog 2023-05-08 1.0 sog 2023-05-06 2.0 sog 2023-05-03 0.0 sog 2023-03-28 2.0 sog 2023-03-25 2.0 sog 2023-01-14 2.0 sog 2022-11-19 1.0 sog",
        "winLossSplits": "38% - 41%",
        "awayHome": "H",
        "playedYesterday": "N",
        "awayHomeSplits": "40% - 37%",
        "savesAboveExp": -0.478,
        "gsaa": 8.04,
        "corsi": "52.1% (59.2) // 54.3% (61.2) // 52.1% (59.2) // 52.1% (59.2)",
        "fenwick": "51.6% (44.8) // 54.4% (46.8) // 51.6% (44.8) // 51.6% (44.8)",
        "shots": "51.7% (33.3) // 54.4% (35.4) // 51.7% (33.3) // 51.7% (33.3)",
        "scoring": "53.5% (32.9) // 54.3% (35.5) // 53.5% (32.9) // 53.5% (32.9)",
        "corsiAgainst": "47.9% (54.5) // 45.7% (51.4) // 47.9% (54.5) // 47.9% (54.5)",
        "fenwickAgainst": "48.4% (42.0) // 45.6% (39.2) // 48.4% (42.0) // 48.4% (42.0)",
        "shotsAgainst": "48.3% (31.1) // 45.6% (29.7) // 48.3% (31.1) // 48.3% (31.1)",
        "scoringAgainst": "46.5% (28.6) // 45.7% (29.9) // 46.5% (28.6) // 46.5% (28.6)",
        "oppCorsi": "48.6% (57.5) // 48.0% (56.0) // 48.6% (57.5) // 48.6% (57.5)",
        "oppFenwick": "49.7% (42.3) // 48.8% (40.5) // 49.7% (42.3) // 49.7% (42.3)",
        "oppShots": "50.5% (31.1) // 50.2% (28.8) // 50.5% (31.1) // 50.5% (31.1)",
        "oppScoring": "49.5% (29.2) // 49.0% (28.7) // 49.5% (29.2) // 49.5% (29.2)",
        "oppCorsiAgainst": "51.4% (60.7) // 52.0% (60.6) // 51.4% (60.7) // 51.4% (60.7)",
        "oppFenwickAgainst": "50.3% (42.8) // 51.2% (42.5) // 50.3% (42.8) // 50.3% (42.8)",
        "oppShotsAgainst": "49.5% (30.4) // 49.8% (28.5) // 49.5% (30.4) // 49.5% (30.4)",
        "oppScoringAgainst": "50.5% (29.8) // 51.0% (29.9) // 50.5% (29.8) // 50.5% (29.8)",
        "savesPerGame": 28.2,
        "savesPerGameLast1": 27.0,
        "savesPerGameLast3": 26.7,
        "savesPerGameLast5": 27.6,
        "savesPer60": 32.2,
        "savesPer60Last1": 26.2,
        "savesPer60Last3": 26.4,
        "savesPer60Last5": 27.4,
        "shotsPerGame": 33.6,
        "shotsPerGameLast5": 32.2,
        "shotsAgainstPerGame": 31.4,
        "shotsAgainstPerGameLast5": 31.0,
        "oppSavesAgainstPer60": 31.9,
        "oppSavesAgainstPer60Last1": 26.7,
        "oppSavesAgainstPer60Last3": 27.3,
        "oppSavesAgainstPer60Last5": 28.0,
        "oppShotsAgainstPerGame": 30.9,
        "oppShotsAgainstPerGameLast5": 32.2,
        "savesProj": 28.6,
        "savesProjLast5": 23.7,
        "savesProjLast3": 22.1,
        "oppSavesAgainstProj": 30.5,
        "oppSavesAgainstProjLast5": 24.2,
        "oppSavesAgainstProjLast3": 22.8,
        "totalOver": 39,
        "totalOverLast5": 20,
        "totalOverLast15": 33,
        "lastTotalOver": 43,
        "last5": "2,4,1,2,0,0,3,0,3,5",
        "overOdds": "+135",
        "underOdds": "-165",
        "overUnder": "+135 / -165"
    },
    {
        "player": "Shea Theodore",
        "team": "VGK",
        "opponent": "EDM",
        "propType": "sog",
        "line": 2.5,
        "ppLine": "PP1",
        "avg": 2.39,
        "hit": false,
        "diffAvg": -0.04,
        "diffAbs": 0.04,
        "lastAvg": 2.63,
        "diff": 0.05,
        "avgMin": 21,
        "proj": 2.4,
        "lastAvgMin": 23.13,
        "oppOver": 0,
        "teamOver": 0,
        "gameLine": "+160",
        "+/-": "+19",
        "L5_+/-": "+2.0",
        "prevMatchup": "2023-05-12 1.0 sog 2023-05-10 1.0 sog 2023-05-08 2.0 sog 2023-05-06 1.0 sog 2023-05-03 4.0 sog 2023-03-28 0.0 sog 2023-03-25 3.0 sog 2022-11-19 4.0 sog",
        "winLossSplits": "27% - 65%",
        "awayHome": "A",
        "playedYesterday": "N",
        "awayHomeSplits": "38% - 40%",
        "savesAboveExp": 0.118,
        "gsaa": 14.07,
        "corsi": "48.6% (57.5) // 48.0% (56.0) // 48.6% (57.5) // 48.6% (57.5)",
        "fenwick": "49.7% (42.3) // 48.8% (40.5) // 49.7% (42.3) // 49.7% (42.3)",
        "shots": "50.5% (31.1) // 50.2% (28.8) // 50.5% (31.1) // 50.5% (31.1)",
        "scoring": "49.5% (29.2) // 49.0% (28.7) // 49.5% (29.2) // 49.5% (29.2)",
        "corsiAgainst": "51.4% (60.7) // 52.0% (60.6) // 51.4% (60.7) // 51.4% (60.7)",
        "fenwickAgainst": "50.3% (42.8) // 51.2% (42.5) // 50.3% (42.8) // 50.3% (42.8)",
        "shotsAgainst": "49.5% (30.4) // 49.8% (28.5) // 49.5% (30.4) // 49.5% (30.4)",
        "scoringAgainst": "50.5% (29.8) // 51.0% (29.9) // 50.5% (29.8) // 50.5% (29.8)",
        "oppCorsi": "52.1% (59.2) // 54.3% (61.2) // 52.1% (59.2) // 52.1% (59.2)",
        "oppFenwick": "51.6% (44.8) // 54.4% (46.8) // 51.6% (44.8) // 51.6% (44.8)",
        "oppShots": "51.7% (33.3) // 54.4% (35.4) // 51.7% (33.3) // 51.7% (33.3)",
        "oppScoring": "53.5% (32.9) // 54.3% (35.5) // 53.5% (32.9) // 53.5% (32.9)",
        "oppCorsiAgainst": "47.9% (54.5) // 45.7% (51.4) // 47.9% (54.5) // 47.9% (54.5)",
        "oppFenwickAgainst": "48.4% (42.0) // 45.6% (39.2) // 48.4% (42.0) // 48.4% (42.0)",
        "oppShotsAgainst": "48.3% (31.1) // 45.6% (29.7) // 48.3% (31.1) // 48.3% (31.1)",
        "oppScoringAgainst": "46.5% (28.6) // 45.7% (29.9) // 46.5% (28.6) // 46.5% (28.6)",
        "savesPerGame": 28.1,
        "savesPerGameLast1": 31.0,
        "savesPerGameLast3": 29.3,
        "savesPerGameLast5": 28.8,
        "savesPer60": 31.9,
        "savesPer60Last1": 31.0,
        "savesPer60Last3": 29.0,
        "savesPer60Last5": 28.6,
        "shotsPerGame": 31.5,
        "shotsPerGameLast5": 31.0,
        "shotsAgainstPerGame": 30.9,
        "shotsAgainstPerGameLast5": 32.2,
        "oppSavesAgainstPer60": 33.7,
        "oppSavesAgainstPer60Last1": 30.9,
