[
    {
        "player": "Ilya Samsonov",
        "team": "TOR",
        "opponent": "FLA",
        "propType": "sv",
        "line": 29.5,
        "ppLine": "",
        "avg": 26.23,
        "hit": false,
        "diffAvg": -0.11,
        "diffAbs": 0.22,
        "lastAvg": 20.94,
        "diff": -0.29,
        "avgMin": 59,
        "proj": 23.0,
        "lastAvgMin": 53.65,
        "oppOver": 71,
        "teamOver": 32,
        "gameLine": "-175",
        "+/-": 0,
        "L5_+/-": 0,
        "prevMatchup": "2023-01-17 fla @ tor 15.0 sv 2023-03-23 tor @ fla 33.0 sv 2023-03-29 fla @ tor 26.0 sv 2023-04-10 tor @ fla 45.0 sv",
        "winLossSplits": "35% - 18%",
        "awayHome": "H",
        "playedYesterday": "N",
        "awayHomeSplits": "50% - 14%",
        "savesAboveExp": 0.388,
        "gsaa": 17.37,
        "corsi": "50.8% (57.6) // 50.8% (59.1) // 50.8% (57.6) // 50.8% (57.6)",
        "fenwick": "51.7% (44.0) // 52.2% (46.4) // 51.7% (44.0) // 51.7% (44.0)",
        "shots": "52.1% (31.8) // 52.3% (33.2) // 52.1% (31.8) // 52.1% (31.8)",
        "scoring": "53.9% (33.4) // 55.3% (34.1) // 53.9% (33.4) // 53.9% (33.4)",
        "corsiAgainst": "49.2% (55.8) // 49.2% (57.4) // 49.2% (55.8) // 49.2% (55.8)",
        "fenwickAgainst": "48.3% (41.1) // 47.8% (42.5) // 48.3% (41.1) // 48.3% (41.1)",
        "shotsAgainst": "47.9% (29.2) // 47.7% (30.3) // 47.9% (29.2) // 47.9% (29.2)",
        "scoringAgainst": "46.1% (28.5) // 44.7% (27.6) // 46.1% (28.5) // 46.1% (28.5)",
        "oppCorsi": "54.2% (66.3) // 52.5% (66.0) // 54.2% (66.3) // 54.2% (66.3)",
        "oppFenwick": "53.6% (49.9) // 52.0% (49.3) // 53.6% (49.9) // 53.6% (49.9)",
        "oppShots": "53.7% (36.5) // 51.9% (35.5) // 53.7% (36.5) // 53.7% (36.5)",
        "oppScoring": "54.6% (34.8) // 53.4% (34.0) // 54.6% (34.8) // 54.6% (34.8)",
        "oppCorsiAgainst": "45.8% (56.1) // 47.5% (59.7) // 45.8% (56.1) // 45.8% (56.1)",
        "oppFenwickAgainst": "46.4% (43.2) // 48.0% (45.5) // 46.4% (43.2) // 46.4% (43.2)",
        "oppShotsAgainst": "46.3% (31.5) // 48.1% (33.0) // 46.3% (31.5) // 46.3% (31.5)",
        "oppScoringAgainst": "45.4% (28.9) // 46.6% (29.7) // 45.4% (28.9) // 45.4% (28.9)",
        "savesPerGame": 26.8,
        "savesPerGameLast1": 31.0,
        "savesPerGameLast3": 30.7,
        "savesPerGameLast5": 29.6,
        "savesPer60": 29.0,
        "savesPer60Last1": 33.2,
        "savesPer60Last3": 31.4,
        "savesPer60Last5": 31.8,
        "shotsPerGame": 32.0,
        "shotsPerGameLast5": 30.6,
        "shotsAgainstPerGame": 29.5,
        "shotsAgainstPerGameLast5": 32.4,
        "oppSavesAgainstPer60": 36.2,
        "oppSavesAgainstPer60Last1": 27.8,
        "oppSavesAgainstPer60Last3": 24.5,
        "oppSavesAgainstPer60Last5": 29.7,
        "oppShotsAgainstPerGame": 31.7,
        "oppShotsAgainstPerGameLast5": 36.6,
        "savesProj": 31.2,
        "savesProjLast5": 30.1,
        "savesProjLast3": 25.2,
        "oppSavesAgainstProj": 33.3,
        "oppSavesAgainstProjLast5": 28.5,
        "oppSavesAgainstProjLast3": 24.4,
        "totalOver": 29,
        "totalOverLast5": 60,
        "totalOverLast15": 47,
        "lastTotalOver": 24,
        "last5": "31,34,27,36,20,23,45,20,31,14",
        "overOdds": "-115",
        "underOdds": "-115",
        "overUnder": "-115 / -115"
    },
    {
        "player": "Jake Oettinger",
        "team": "DAL",
        "opponent": "SEA",
        "propType": "sv",
        "line": 26.5,
        "ppLine": "",
        "avg": 26.51,
        "hit": false,
        "diffAvg": 0.0,
        "diffAbs": 0.13,
        "lastAvg": 22.13,
        "diff": -0.16,
        "avgMin": 59,
        "proj": 23.1,
        "lastAvgMin": 56.4,
        "oppOver": 53,
        "teamOver": 56,
        "gameLine": "-190",
        "+/-": 0,
        "L5_+/-": 0,
        "prevMatchup": "2023-03-11 dal @ sea 28.0 sv 2023-03-13 dal @ sea 26.0 sv 2023-03-21 sea @ dal 22.0 sv",
        "winLossSplits": "60% - 38%",
        "awayHome": "H",
        "playedYesterday": "N",
        "awayHomeSplits": "53% - 50%",
        "savesAboveExp": 0.39,
        "gsaa": 26.05,
        "corsi": "52.0% (59.9) // 57.0% (56.0) // 52.0% (59.9) // 52.0% (59.9)",
        "fenwick": "51.3% (43.7) // 56.1% (40.6) // 51.3% (43.7) // 51.3% (43.7)",
        "shots": "51.6% (31.5) // 56.3% (29.0) // 51.6% (31.5) // 51.6% (31.5)",
        "scoring": "53.7% (31.5) // 61.3% (29.6) // 53.7% (31.5) // 53.7% (31.5)",
        "corsiAgainst": "48.0% (55.3) // 43.0% (42.3) // 48.0% (55.3) // 48.0% (55.3)",
        "fenwickAgainst": "48.7% (41.4) // 43.9% (31.7) // 48.7% (41.4) // 48.7% (41.4)",
        "shotsAgainst": "48.4% (29.5) // 43.7% (22.5) // 48.4% (29.5) // 48.4% (29.5)",
        "scoringAgainst": "46.3% (27.2) // 38.7% (18.6) // 46.3% (27.2) // 46.3% (27.2)",
        "oppCorsi": "52.2% (57.4) // 56.1% (59.4) // 52.2% (57.4) // 52.2% (57.4)",
        "oppFenwick": "52.5% (43.0) // 57.1% (44.7) // 52.5% (43.0) // 52.5% (43.0)",
        "oppShots": "53.0% (30.2) // 57.4% (31.5) // 53.0% (30.2) // 53.0% (30.2)",
        "oppScoring": "50.6% (27.4) // 55.4% (26.5) // 50.6% (27.4) // 50.6% (27.4)",
        "oppCorsiAgainst": "47.8% (52.6) // 43.9% (46.4) // 47.8% (52.6) // 47.8% (52.6)",
        "oppFenwickAgainst": "47.5% (39.0) // 42.9% (33.6) // 47.5% (39.0) // 47.5% (39.0)",
        "oppShotsAgainst": "47.0% (26.8) // 42.6% (23.4) // 47.0% (26.8) // 47.0% (26.8)",
        "oppScoringAgainst": "49.4% (26.8) // 44.6% (21.3) // 49.4% (26.8) // 49.4% (26.8)",
        "savesPerGame": 27.3,
        "savesPerGameLast1": 23.0,
        "savesPerGameLast3": 27.3,
        "savesPerGameLast5": 25.0,
        "savesPer60": 29.6,
        "savesPer60Last1": 23.0,
        "savesPer60Last3": 27.2,
        "savesPer60Last5": 24.7,
        "shotsPerGame": 31.9,
        "shotsPerGameLast5": 27.4,
        "shotsAgainstPerGame": 29.9,
        "shotsAgainstPerGameLast5": 27.2,
        "oppSavesAgainstPer60": 29.0,
        "oppSavesAgainstPer60Last1": 25.0,
        "oppSavesAgainstPer60Last3": 24.0,
        "oppSavesAgainstPer60Last5": 27.5,
        "oppShotsAgainstPerGame": 27.0,
        "oppShotsAgainstPerGameLast5": 31.4,
        "savesProj": 30.5,
        "savesProjLast5": 26.1,
        "savesProjLast3": 25.4,
        "oppSavesAgainstProj": 27.3,
        "oppSavesAgainstProjLast5": 22.6,
        "oppSavesAgainstProjLast3": 21.5,
        "totalOver": 51,
        "totalOverLast5": 40,
        "totalOverLast15": 33,
        "lastTotalOver": 55,
        "last5": "23,27,32,20,23,45,25,12,19,24",
        "overOdds": "-115",
        "underOdds": "-115",
        "overUnder": "-115 / -115"
    },
    {
        "player": "Philipp Grubauer",
        "team": "SEA",
        "opponent": "DAL",
        "propType": "sv",
        "line": 27.5,
        "ppLine": "",
        "avg": 22.74,
        "hit": false,
        "diffAvg": -0.17,
        "diffAbs": 0.19,
        "lastAvg": 23.91,
        "diff": -0.13,
        "avgMin": 53,
        "proj": 22.4,
        "lastAvgMin": 56.57,
        "oppOver": 55,
        "teamOver": 25,
        "gameLine": "+160",
        "+/-": 0,
        "L5_+/-": 0,
        "prevMatchup": "2023-03-11 dal @ sea 21.0 sv 2023-03-13 dal @ sea 27.0 sv 2023-03-21 sea @ dal 25.0 sv",
        "winLossSplits": "17% - 35%",
        "awayHome": "A",
        "playedYesterday": "N",
        "awayHomeSplits": "38% - 16%",
        "savesAboveExp": -0.168,
        "gsaa": -8.95,
        "corsi": "52.2% (57.4) // 56.1% (59.4) // 52.2% (57.4) // 52.2% (57.4)",
        "fenwick": "52.5% (43.0) // 57.1% (44.7) // 52.5% (43.0) // 52.5% (43.0)",
        "shots": "53.0% (30.2) // 57.4% (31.5) // 53.0% (30.2) // 53.0% (30.2)",
        "scoring": "50.6% (27.4) // 55.4% (26.5) // 50.6% (27.4) // 50.6% (27.4)",
        "corsiAgainst": "47.8% (52.6) // 43.9% (46.4) // 47.8% (52.6) // 47.8% (52.6)",
        "fenwickAgainst": "47.5% (39.0) // 42.9% (33.6) // 47.5% (39.0) // 47.5% (39.0)",
        "shotsAgainst": "47.0% (26.8) // 42.6% (23.4) // 47.0% (26.8) // 47.0% (26.8)",
        "scoringAgainst": "49.4% (26.8) // 44.6% (21.3) // 49.4% (26.8) // 49.4% (26.8)",
        "oppCorsi": "52.0% (59.9) // 57.0% (56.0) // 52.0% (59.9) // 52.0% (59.9)",
        "oppFenwick": "51.3% (43.7) // 56.1% (40.6) // 51.3% (43.7) // 51.3% (43.7)",
        "oppShots": "51.6% (31.5) // 56.3% (29.0) // 51.6% (31.5) // 51.6% (31.5)",
        "oppScoring": "53.7% (31.5) // 61.3% (29.6) // 53.7% (31.5) // 53.7% (31.5)",
        "oppCorsiAgainst": "48.0% (55.3) // 43.0% (42.3) // 48.0% (55.3) // 48.0% (55.3)",
        "oppFenwickAgainst": "48.7% (41.4) // 43.9% (31.7) // 48.7% (41.4) // 48.7% (41.4)",
        "oppShotsAgainst": "48.4% (29.5) // 43.7% (22.5) // 48.4% (29.5) // 48.4% (29.5)",
        "oppScoringAgainst": "46.3% (27.2) // 38.7% (18.6) // 46.3% (27.2) // 46.3% (27.2)",
        "savesPerGame": 23.9,
        "savesPerGameLast1": 33.0,
        "savesPerGameLast3": 31.3,
        "savesPerGameLast5": 28.4,
        "savesPer60": 26.1,
        "savesPer60Last1": 33.0,
        "savesPer60Last3": 31.0,
        "savesPer60Last5": 28.4,
        "shotsPerGame": 30.5,
        "shotsPerGameLast5": 30.2,
        "shotsAgainstPerGame": 27.0,
        "shotsAgainstPerGameLast5": 31.4,
        "oppSavesAgainstPer60": 30.5,
        "oppSavesAgainstPer60Last1": 31.4,
        "oppSavesAgainstPer60Last3": 24.3,
        "oppSavesAgainstPer60Last5": 23.6,
        "oppShotsAgainstPerGame": 29.9,
        "oppShotsAgainstPerGameLast5": 27.2,
        "savesProj": 24.8,
        "savesProjLast5": 22.6,
        "savesProjLast3": 24.8,
        "oppSavesAgainstProj": 25.3,
        "oppSavesAgainstProjLast5": 20.3,
        "oppSavesAgainstProjLast3": 23.1,
        "totalOver": 26,
        "totalOverLast5": 60,
        "totalOverLast15": 33,
        "lastTotalOver": 17,
        "last5": "33,35,26,20,28,38,34,16,22,11",
        "overOdds": "-115",
        "underOdds": "-115",
        "overUnder": "-115 / -115"
    }
]