[
    {
        "player": "Alex Debrincat",
        "team": "DET",
        "opponent": "COL",
        "propType": "ast",
        "line": 0.5,
        "ppLine": "",
        "avg": 0.51,
        "hit": false,
        "diffAvg": 0.02,
        "diffAbs": 0.2,
        "lastAvg": 0.48,
        "diff": -0.04,
        "avgMin": 17,
        "proj": 0.4,
        "lastAvgMin": 19.0,
        "oppOver": 0,
        "teamOver": 0,
        "gameLine": "+114",
        "+/-": 0,
        "L5_+/-": -1.0,
        "prevMatchup": "",
        "winLossSplits": "59% - 31%",
        "awayHome": "H",
        "playedYesterday": "N",
        "awayHomeSplits": "41% - 50%",
        "savesAboveExp": "-",
        "gsaa": "-",
        "corsi": "47.0% (56.4) // 47.0% (57.4) // 43.9% (54.8) // 45.3% (57.4)",
        "fenwick": "46.9% (41.3) // 45.6% (40.5) // 44.0% (37.8) // 41.0% (36.1)",
        "shots": "47.6% (29.2) // 43.1% (26.7) // 41.0% (25.1) // 36.6% (22.3)",
        "scoring": "46.7% (27.3) // 47.5% (27.6) // 43.5% (26.1) // 44.4% (27.2)",
        "corsiAgainst": "53.0% (63.7) // 53.0% (64.7) // 56.1% (70.1) // 54.7% (69.2)",
        "fenwickAgainst": "53.1% (46.7) // 54.4% (48.3) // 56.0% (48.0) // 59.0% (51.9)",
        "shotsAgainst": "52.4% (32.1) // 56.9% (35.2) // 59.0% (36.0) // 63.4% (38.6)",
        "scoringAgainst": "53.3% (31.2) // 52.5% (30.5) // 56.5% (33.9) // 55.6% (34.1)",
        "oppCorsi": "53.2% (63.4) // 52.8% (60.2) // 54.9% (65.8) // 52.8% (59.0)",
        "oppFenwick": "52.9% (45.4) // 52.6% (42.8) // 55.1% (45.0) // 53.1% (41.2)",
        "oppShots": "52.8% (31.7) // 53.8% (30.8) // 55.9% (33.0) // 54.8% (31.5)",
        "oppScoring": "53.6% (30.5) // 54.1% (28.3) // 55.7% (29.5) // 52.9% (26.6)",
        "oppCorsiAgainst": "46.8% (55.7) // 47.2% (53.9) // 45.1% (53.9) // 47.2% (52.9)",
        "oppFenwickAgainst": "47.1% (40.4) // 47.4% (38.5) // 44.9% (36.7) // 46.9% (36.3)",
        "oppShotsAgainst": "47.2% (28.3) // 46.2% (26.5) // 44.1% (26.0) // 45.2% (25.9)",
        "oppScoringAgainst": "46.4% (26.4) // 45.9% (24.0) // 44.3% (23.5) // 47.1% (23.7)",
        "totalOver": 45,
        "totalOverLast5": 60,
        "totalOverLast15": 47,
        "lastTotalOver": 41,
        "last5": "1,1,0,1,0,0,1,0,1,0",
        "fd": "+144",
        "dk": "+154/-200",
        "kambi": "0",
        "lowest": "154 DK",
        "implied": 39.37007874015748,
        "overOdds": "+154",
        "underOdds": "-200",
        "overUnder": "+154 / -200"
    },
    {
        "player": "Artturi Lehkonen",
        "team": "COL",
        "opponent": "DET",
        "propType": "ast",
        "line": 0.5,
        "ppLine": "",
        "avg": 0.41,
        "hit": false,
        "diffAvg": -0.18,
        "diffAbs": 0.2,
        "lastAvg": 0.42,
        "diff": -0.16,
        "avgMin": 18,
        "proj": 0.4,
        "lastAvgMin": 20.45,
        "oppOver": 0,
        "teamOver": 0,
        "gameLine": "-135",
        "+/-": -4,
        "L5_+/-": -1.0,
        "prevMatchup": "",
        "winLossSplits": "23% - 33%",
        "awayHome": "A",
        "playedYesterday": "N",
        "awayHomeSplits": "23% - 33%",
        "savesAboveExp": "-",
        "gsaa": 7.67,
        "corsi": "53.2% (63.4) // 52.8% (60.2) // 54.9% (65.8) // 52.8% (59.0)",
        "fenwick": "52.9% (45.4) // 52.6% (42.8) // 55.1% (45.0) // 53.1% (41.2)",
        "shots": "52.8% (31.7) // 53.8% (30.8) // 55.9% (33.0) // 54.8% (31.5)",
        "scoring": "53.6% (30.5) // 54.1% (28.3) // 55.7% (29.5) // 52.9% (26.6)",
        "corsiAgainst": "46.8% (55.7) // 47.2% (53.9) // 45.1% (53.9) // 47.2% (52.9)",
        "fenwickAgainst": "47.1% (40.4) // 47.4% (38.5) // 44.9% (36.7) // 46.9% (36.3)",
        "shotsAgainst": "47.2% (28.3) // 46.2% (26.5) // 44.1% (26.0) // 45.2% (25.9)",
        "scoringAgainst": "46.4% (26.4) // 45.9% (24.0) // 44.3% (23.5) // 47.1% (23.7)",
        "oppCorsi": "47.0% (56.4) // 47.0% (57.4) // 43.9% (54.8) // 45.3% (57.4)",
        "oppFenwick": "46.9% (41.3) // 45.6% (40.5) // 44.0% (37.8) // 41.0% (36.1)",
        "oppShots": "47.6% (29.2) // 43.1% (26.7) // 41.0% (25.1) // 36.6% (22.3)",
        "oppScoring": "46.7% (27.3) // 47.5% (27.6) // 43.5% (26.1) // 44.4% (27.2)",
        "oppCorsiAgainst": "53.0% (63.7) // 53.0% (64.7) // 56.1% (70.1) // 54.7% (69.2)",
        "oppFenwickAgainst": "53.1% (46.7) // 54.4% (48.3) // 56.0% (48.0) // 59.0% (51.9)",
        "oppShotsAgainst": "52.4% (32.1) // 56.9% (35.2) // 59.0% (36.0) // 63.4% (38.6)",
        "oppScoringAgainst": "53.3% (31.2) // 52.5% (30.5) // 56.5% (33.9) // 55.6% (34.1)",
        "totalOver": 27,
        "totalOverLast5": 40,
        "totalOverLast15": 27,
        "lastTotalOver": 39,
        "last5": "0,0,1,2,0,0,1,0,0,0",
        "fd": "0",
        "dk": "+150/-195",
        "kambi": "0",
        "lowest": "150 DK",
        "implied": 40.0,
        "overOdds": "+150",
        "underOdds": "-195",
        "overUnder": "+150 / -195"
    },
    {
        "player": "Cale Makar",
        "team": "COL",
        "opponent": "DET",
        "propType": "ast",
        "line": 0.5,
        "ppLine": "",
        "avg": 0.9,
        "hit": false,
        "diffAvg": 0.8,
        "diffAbs": 0.4,
        "lastAvg": 0.72,
        "diff": 0.44,
        "avgMin": 25,
        "proj": 0.7,
        "lastAvgMin": 26.37,
        "oppOver": 0,
        "teamOver": 0,
        "gameLine": "-135",
        "+/-": "+6",
        "L5_+/-": -2.0,
        "prevMatchup": "",
        "winLossSplits": "64% - 47%",
        "awayHome": "A",
        "playedYesterday": "N",
        "awayHomeSplits": "52% - 64%",
        "savesAboveExp": "-",
        "gsaa": 7.67,
        "corsi": "53.2% (63.4) // 52.8% (60.2) // 54.9% (65.8) // 52.8% (59.0)",
        "fenwick": "52.9% (45.4) // 52.6% (42.8) // 55.1% (45.0) // 53.1% (41.2)",
        "shots": "52.8% (31.7) // 53.8% (30.8) // 55.9% (33.0) // 54.8% (31.5)",
        "scoring": "53.6% (30.5) // 54.1% (28.3) // 55.7% (29.5) // 52.9% (26.6)",
        "corsiAgainst": "46.8% (55.7) // 47.2% (53.9) // 45.1% (53.9) // 47.2% (52.9)",
        "fenwickAgainst": "47.1% (40.4) // 47.4% (38.5) // 44.9% (36.7) // 46.9% (36.3)",
        "shotsAgainst": "47.2% (28.3) // 46.2% (26.5) // 44.1% (26.0) // 45.2% (25.9)",
        "scoringAgainst": "46.4% (26.4) // 45.9% (24.0) // 44.3% (23.5) // 47.1% (23.7)",
        "oppCorsi": "47.0% (56.4) // 47.0% (57.4) // 43.9% (54.8) // 45.3% (57.4)",
        "oppFenwick": "46.9% (41.3) // 45.6% (40.5) // 44.0% (37.8) // 41.0% (36.1)",
        "oppShots": "47.6% (29.2) // 43.1% (26.7) // 41.0% (25.1) // 36.6% (22.3)",
        "oppScoring": "46.7% (27.3) // 47.5% (27.6) // 43.5% (26.1) // 44.4% (27.2)",
        "oppCorsiAgainst": "53.0% (63.7) // 53.0% (64.7) // 56.1% (70.1) // 54.7% (69.2)",
        "oppFenwickAgainst": "53.1% (46.7) // 54.4% (48.3) // 56.0% (48.0) // 59.0% (51.9)",
        "oppShotsAgainst": "52.4% (32.1) // 56.9% (35.2) // 59.0% (36.0) // 63.4% (38.6)",
        "oppScoringAgainst": "53.3% (31.2) // 52.5% (30.5) // 56.5% (33.9) // 55.6% (34.1)",
        "totalOver": 58,
        "totalOverLast5": 0,
        "totalOverLast15": 40,
        "lastTotalOver": 56,
        "last5": "0,0,0,0,0,0,0,1,0,2",
        "fd": "-184",
        "dk": "-180/+140",
        "kambi": "0",
        "lowest": "-180 DK",
        "implied": 64.28571428571429,
        "overOdds": "-180",
        "underOdds": "+140",
        "overUnder": "-180 / +140"
    },
    {
        "player": "David Perron",
        "team": "DET",
        "opponent": "COL",
        "propType": "ast",
        "line": 0.5,
        "ppLine": "",
        "avg": 0.31,
        "hit": false,
        "diffAvg": -0.38,
        "diffAbs": 0.4,
        "lastAvg": 0.39,
        "diff": -0.22,
        "avgMin": 15,
        "proj": 0.3,
        "lastAvgMin": 16.92,
        "oppOver": 0,
        "teamOver": 0,
        "gameLine": "+114",
        "+/-": -12,
        "L5_+/-": 0.0,
        "prevMatchup": "",
        "winLossSplits": "43% - 10%",
        "awayHome": "H",
        "playedYesterday": "N",
        "awayHomeSplits": "26% - 31%",
        "savesAboveExp": "-",
        "gsaa": "-",
        "corsi": "47.0% (56.4) // 47.0% (57.4) // 43.9% (54.8) // 45.3% (57.4)",
        "fenwick": "46.9% (41.3) // 45.6% (40.5) // 44.0% (37.8) // 41.0% (36.1)",
        "shots": "47.6% (29.2) // 43.1% (26.7) // 41.0% (25.1) // 36.6% (22.3)",
        "scoring": "46.7% (27.3) // 47.5% (27.6) // 43.5% (26.1) // 44.4% (27.2)",
        "corsiAgainst": "53.0% (63.7) // 53.0% (64.7) // 56.1% (70.1) // 54.7% (69.2)",
        "fenwickAgainst": "53.1% (46.7) // 54.4% (48.3) // 56.0% (48.0) // 59.0% (51.9)",
        "shotsAgainst": "52.4% (32.1) // 56.9% (35.2) // 59.0% (36.0) // 63.4% (38.6)",
        "scoringAgainst": "53.3% (31.2) // 52.5% (30.5) // 56.5% (33.9) // 55.6% (34.1)",
        "oppCorsi": "53.2% (63.4) // 52.8% (60.2) // 54.9% (65.8) // 52.8% (59.0)",
        "oppFenwick": "52.9% (45.4) // 52.6% (42.8) // 55.1% (45.0) // 53.1% (41.2)",
        "oppShots": "52.8% (31.7) // 53.8% (30.8) // 55.9% (33.0) // 54.8% (31.5)",
        "oppScoring": "53.6% (30.5) // 54.1% (28.3) // 55.7% (29.5) // 52.9% (26.6)",
        "oppCorsiAgainst": "46.8% (55.7) // 47.2% (53.9) // 45.1% (53.9) // 47.2% (52.9)",
        "oppFenwickAgainst": "47.1% (40.4) // 47.4% (38.5) // 44.9% (36.7) // 46.9% (36.3)",
        "oppShotsAgainst": "47.2% (28.3) // 46.2% (26.5) // 44.1% (26.0) // 45.2% (25.9)",
        "oppScoringAgainst": "46.4% (26.4) // 45.9% (24.0) // 44.3% (23.5) // 47.1% (23.7)",
        "totalOver": 29,
        "totalOverLast5": 40,
        "totalOverLast15": 47,
        "lastTotalOver": 34,
        "last5": "0,0,0,1,1,0,1,0,0,1",
        "fd": "0",
        "dk": "+250/-345",
        "kambi": "0",
        "lowest": "250 DK",
        "implied": 28.57142857142857,
        "overOdds": "+250",
        "underOdds": "-345",
        "overUnder": "+250 / -345"
    },
    {
        "player": "Devon Toews",
        "team": "COL",
        "opponent": "DET",
        "propType": "ast",
        "line": 0.5,
        "ppLine": "",
        "avg": 0.39,
        "hit": false,
        "diffAvg": -0.22,
        "diffAbs": 0.0,
        "lastAvg": 0.49,
        "diff": -0.02,
        "avgMin": 23,
        "proj": 0.5,
        "lastAvgMin": 25.1,
        "oppOver": 0,
        "teamOver": 0,
        "gameLine": "-135",
        "+/-": "+12",
        "L5_+/-": "+2.0",
        "prevMatchup": "",
        "winLossSplits": "43% - 23%",
        "awayHome": "A",
        "playedYesterday": "N",
        "awayHomeSplits": "37% - 33%",
        "savesAboveExp": "-",
        "gsaa": 7.67,
        "corsi": "53.2% (63.4) // 52.8% (60.2) // 54.9% (65.8) // 52.8% (59.0)",
        "fenwick": "52.9% (45.4) // 52.6% (42.8) // 55.1% (45.0) // 53.1% (41.2)",
        "shots": "52.8% (31.7) // 53.8% (30.8) // 55.9% (33.0) // 54.8% (31.5)",
        "scoring": "53.6% (30.5) // 54.1% (28.3) // 55.7% (29.5) // 52.9% (26.6)",
        "corsiAgainst": "46.8% (55.7) // 47.2% (53.9) // 45.1% (53.9) // 47.2% (52.9)",
        "fenwickAgainst": "47.1% (40.4) // 47.4% (38.5) // 44.9% (36.7) // 46.9% (36.3)",
        "shotsAgainst": "47.2% (28.3) // 46.2% (26.5) // 44.1% (26.0) // 45.2% (25.9)",
        "scoringAgainst": "46.4% (26.4) // 45.9% (24.0) // 44.3% (23.5) // 47.1% (23.7)",
        "oppCorsi": "47.0% (56.4) // 47.0% (57.4) // 43.9% (54.8) // 45.3% (57.4)",
        "oppFenwick": "46.9% (41.3) // 45.6% (40.5) // 44.0% (37.8) // 41.0% (36.1)",
        "oppShots": "47.6% (29.2) // 43.1% (26.7) // 41.0% (25.1) // 36.6% (22.3)",
        "oppScoring": "46.7% (27.3) // 47.5% (27.6) // 43.5% (26.1) // 44.4% (27.2)",
        "oppCorsiAgainst": "53.0% (63.7) // 53.0% (64.7) // 56.1% (70.1) // 54.7% (69.2)",
        "oppFenwickAgainst": "53.1% (46.7) // 54.4% (48.3) // 56.0% (48.0) // 59.0% (51.9)",
        "oppShotsAgainst": "52.4% (32.1) // 56.9% (35.2) // 59.0% (36.0) // 63.4% (38.6)",
        "oppScoringAgainst": "53.3% (31.2) // 52.5% (30.5) // 56.5% (33.9) // 55.6% (34.1)",
        "totalOver": 35,
        "totalOverLast5": 20,
        "totalOverLast15": 27,
        "lastTotalOver": 45,
        "last5": "1,0,0,0,0,0,0,0,0,0",
        "fd": "0",
        "dk": "+145/-190",
        "kambi": "0",
        "lowest": "145 DK",
        "implied": 40.816326530612244,
        "overOdds": "+145",
        "underOdds": "-190",
        "overUnder": "+145 / -190"
    },
    {
        "player": "Dylan Larkin",
        "team": "DET",
        "opponent": "COL",
        "propType": "ast",
        "line": 0.5,
        "ppLine": "",
        "avg": 0.51,
        "hit": false,
        "diffAvg": 0.02,
        "diffAbs": 0.2,
        "lastAvg": 0.57,
        "diff": 0.14,
        "avgMin": 19,
        "proj": 0.6,
        "lastAvgMin": 19.55,
        "oppOver": 0,
        "teamOver": 0,
        "gameLine": "+114",
        "+/-": -8,
        "L5_+/-": -2.0,
        "prevMatchup": "",
        "winLossSplits": "44% - 41%",
        "awayHome": "H",
        "playedYesterday": "N",
        "awayHomeSplits": "35% - 50%",
        "savesAboveExp": "-",
        "gsaa": "-",
        "corsi": "47.0% (56.4) // 47.0% (57.4) // 43.9% (54.8) // 45.3% (57.4)",
        "fenwick": "46.9% (41.3) // 45.6% (40.5) // 44.0% (37.8) // 41.0% (36.1)",
        "shots": "47.6% (29.2) // 43.1% (26.7) // 41.0% (25.1) // 36.6% (22.3)",
        "scoring": "46.7% (27.3) // 47.5% (27.6) // 43.5% (26.1) // 44.4% (27.2)",
        "corsiAgainst": "53.0% (63.7) // 53.0% (64.7) // 56.1% (70.1) // 54.7% (69.2)",
        "fenwickAgainst": "53.1% (46.7) // 54.4% (48.3) // 56.0% (48.0) // 59.0% (51.9)",
        "shotsAgainst": "52.4% (32.1) // 56.9% (35.2) // 59.0% (36.0) // 63.4% (38.6)",
        "scoringAgainst": "53.3% (31.2) // 52.5% (30.5) // 56.5% (33.9) // 55.6% (34.1)",
        "oppCorsi": "53.2% (63.4) // 52.8% (60.2) // 54.9% (65.8) // 52.8% (59.0)",
        "oppFenwick": "52.9% (45.4) // 52.6% (42.8) // 55.1% (45.0) // 53.1% (41.2)",
        "oppShots": "52.8% (31.7) // 53.8% (30.8) // 55.9% (33.0) // 54.8% (31.5)",
        "oppScoring": "53.6% (30.5) // 54.1% (28.3) // 55.7% (29.5) // 52.9% (26.6)",
        "oppCorsiAgainst": "46.8% (55.7) // 47.2% (53.9) // 45.1% (53.9) // 47.2% (52.9)",
        "oppFenwickAgainst": "47.1% (40.4) // 47.4% (38.5) // 44.9% (36.7) // 46.9% (36.3)",
        "oppShotsAgainst": "47.2% (28.3) // 46.2% (26.5) // 44.1% (26.0) // 45.2% (25.9)",
        "oppScoringAgainst": "46.4% (26.4) // 45.9% (24.0) // 44.3% (23.5) // 47.1% (23.7)",
        "totalOver": 43,
        "totalOverLast5": 20,
        "totalOverLast15": 33,
        "lastTotalOver": 49,
        "last5": "1,0,0,0,0,0,0,0,1,1",
        "fd": "+114",
        "dk": "+124/-160",
        "kambi": "0",
        "lowest": "124 DK",
        "implied": 44.642857142857146,
        "overOdds": "+124",
        "underOdds": "-160",
        "overUnder": "+124 / -160"
    },
    {
        "player": "Jt Compher",
        "team": "DET",
        "opponent": "COL",
        "propType": "ast",
        "line": 0.5,
        "ppLine": "",
        "avg": 0.4,
        "hit": false,
        "diffAvg": -0.2,
        "diffAbs": 0.2,
        "lastAvg": 0.39,
        "diff": -0.22,
        "avgMin": 19,
        "proj": 0.4,
        "lastAvgMin": 20.53,
        "oppOver": 0,
        "teamOver": 0,
        "gameLine": "+114",
        "+/-": "+1",
        "L5_+/-": "+3.0",
        "prevMatchup": "",
        "winLossSplits": "43% - 27%",
        "awayHome": "H",
        "playedYesterday": "N",
        "awayHomeSplits": "36% - 36%",
        "savesAboveExp": "-",
        "gsaa": "-",
        "corsi": "47.0% (56.4) // 47.0% (57.4) // 43.9% (54.8) // 45.3% (57.4)",
        "fenwick": "46.9% (41.3) // 45.6% (40.5) // 44.0% (37.8) // 41.0% (36.1)",
        "shots": "47.6% (29.2) // 43.1% (26.7) // 41.0% (25.1) // 36.6% (22.3)",
        "scoring": "46.7% (27.3) // 47.5% (27.6) // 43.5% (26.1) // 44.4% (27.2)",
        "corsiAgainst": "53.0% (63.7) // 53.0% (64.7) // 56.1% (70.1) // 54.7% (69.2)",
        "fenwickAgainst": "53.1% (46.7) // 54.4% (48.3) // 56.0% (48.0) // 59.0% (51.9)",
        "shotsAgainst": "52.4% (32.1) // 56.9% (35.2) // 59.0% (36.0) // 63.4% (38.6)",
        "scoringAgainst": "53.3% (31.2) // 52.5% (30.5) // 56.5% (33.9) // 55.6% (34.1)",
        "oppCorsi": "53.2% (63.4) // 52.8% (60.2) // 54.9% (65.8) // 52.8% (59.0)",
        "oppFenwick": "52.9% (45.4) // 52.6% (42.8) // 55.1% (45.0) // 53.1% (41.2)",
        "oppShots": "52.8% (31.7) // 53.8% (30.8) // 55.9% (33.0) // 54.8% (31.5)",
        "oppScoring": "53.6% (30.5) // 54.1% (28.3) // 55.7% (29.5) // 52.9% (26.6)",
        "oppCorsiAgainst": "46.8% (55.7) // 47.2% (53.9) // 45.1% (53.9) // 47.2% (52.9)",
        "oppFenwickAgainst": "47.1% (40.4) // 47.4% (38.5) // 44.9% (36.7) // 46.9% (36.3)",
        "oppShotsAgainst": "47.2% (28.3) // 46.2% (26.5) // 44.1% (26.0) // 45.2% (25.9)",
        "oppScoringAgainst": "46.4% (26.4) // 45.9% (24.0) // 44.3% (23.5) // 47.1% (23.7)",
        "totalOver": 36,
        "totalOverLast5": 40,
        "totalOverLast15": 33,
        "lastTotalOver": 30,
        "last5": "1,0,0,1,0,1,1,0,0,1",
        "fd": "0",
        "dk": "+150/-195",
        "kambi": "0",
        "lowest": "150 DK",
        "implied": 40.0,
        "overOdds": "+150",
        "underOdds": "-195",
        "overUnder": "+150 / -195"
    },
    {
        "player": "Jonathan Drouin",
        "team": "COL",
        "opponent": "DET",
        "propType": "ast",
        "line": 0.5,
        "ppLine": "",
        "avg": 0.4,
        "hit": false,
        "diffAvg": -0.2,
        "diffAbs": 0.0,
        "lastAvg": 0.47,
        "diff": -0.06,
        "avgMin": 17,
        "proj": 0.5,
        "lastAvgMin": 14.9,
        "oppOver": 0,
        "teamOver": 0,
        "gameLine": "-135",
        "+/-": -2,
        "L5_+/-": "+1.0",
        "prevMatchup": "",
        "winLossSplits": "41% - 24%",
        "awayHome": "A",
        "playedYesterday": "N",
        "awayHomeSplits": "27% - 44%",
        "savesAboveExp": "-",
        "gsaa": 7.67,
        "corsi": "53.2% (63.4) // 52.8% (60.2) // 54.9% (65.8) // 52.8% (59.0)",
        "fenwick": "52.9% (45.4) // 52.6% (42.8) // 55.1% (45.0) // 53.1% (41.2)",
        "shots": "52.8% (31.7) // 53.8% (30.8) // 55.9% (33.0) // 54.8% (31.5)",
        "scoring": "53.6% (30.5) // 54.1% (28.3) // 55.7% (29.5) // 52.9% (26.6)",
        "corsiAgainst": "46.8% (55.7) // 47.2% (53.9) // 45.1% (53.9) // 47.2% (52.9)",
        "fenwickAgainst": "47.1% (40.4) // 47.4% (38.5) // 44.9% (36.7) // 46.9% (36.3)",
        "shotsAgainst": "47.2% (28.3) // 46.2% (26.5) // 44.1% (26.0) // 45.2% (25.9)",
        "scoringAgainst": "46.4% (26.4) // 45.9% (24.0) // 44.3% (23.5) // 47.1% (23.7)",
        "oppCorsi": "47.0% (56.4) // 47.0% (57.4) // 43.9% (54.8) // 45.3% (57.4)",
        "oppFenwick": "46.9% (41.3) // 45.6% (40.5) // 44.0% (37.8) // 41.0% (36.1)",
        "oppShots": "47.6% (29.2) // 43.1% (26.7) // 41.0% (25.1) // 36.6% (22.3)",
        "oppScoring": "46.7% (27.3) // 47.5% (27.6) // 43.5% (26.1) // 44.4% (27.2)",
        "oppCorsiAgainst": "53.0% (63.7) // 53.0% (64.7) // 56.1% (70.1) // 54.7% (69.2)",
        "oppFenwickAgainst": "53.1% (46.7) // 54.4% (48.3) // 56.0% (48.0) // 59.0% (51.9)",
        "oppShotsAgainst": "52.4% (32.1) // 56.9% (35.2) // 59.0% (36.0) // 63.4% (38.6)",
        "oppScoringAgainst": "53.3% (31.2) // 52.5% (30.5) // 56.5% (33.9) // 55.6% (34.1)",
        "totalOver": 35,
        "totalOverLast5": 40,
        "totalOverLast15": 47,
        "lastTotalOver": 35,
        "last5": "0,1,1,0,0,0,2,0,1,1",
        "fd": "+122",
        "dk": "+130/-166",
        "kambi": "0",
        "lowest": "130 DK",
        "implied": 43.47826086956522,
        "overOdds": "+130",
        "underOdds": "-166",
        "overUnder": "+130 / -166"
    },
    {
        "player": "Lucas Raymond",
        "team": "DET",
        "opponent": "COL",
        "propType": "ast",
        "line": 0.5,
        "ppLine": "",
        "avg": 0.55,
        "hit": false,
        "diffAvg": 0.1,
        "diffAbs": 0.2,
        "lastAvg": 0.38,
        "diff": -0.24,
        "avgMin": 17,
        "proj": 0.4,
        "lastAvgMin": 17.37,
        "oppOver": 0,
        "teamOver": 0,
        "gameLine": "+114",
        "+/-": -14,
        "L5_+/-": "+2.0",
        "prevMatchup": "",
        "winLossSplits": "59% - 15%",
        "awayHome": "H",
        "playedYesterday": "N",
        "awayHomeSplits": "37% - 39%",
        "savesAboveExp": "-",
        "gsaa": "-",
        "corsi": "47.0% (56.4) // 47.0% (57.4) // 43.9% (54.8) // 45.3% (57.4)",
        "fenwick": "46.9% (41.3) // 45.6% (40.5) // 44.0% (37.8) // 41.0% (36.1)",
        "shots": "47.6% (29.2) // 43.1% (26.7) // 41.0% (25.1) // 36.6% (22.3)",
        "scoring": "46.7% (27.3) // 47.5% (27.6) // 43.5% (26.1) // 44.4% (27.2)",
        "corsiAgainst": "53.0% (63.7) // 53.0% (64.7) // 56.1% (70.1) // 54.7% (69.2)",
        "fenwickAgainst": "53.1% (46.7) // 54.4% (48.3) // 56.0% (48.0) // 59.0% (51.9)",
        "shotsAgainst": "52.4% (32.1) // 56.9% (35.2) // 59.0% (36.0) // 63.4% (38.6)",
        "scoringAgainst": "53.3% (31.2) // 52.5% (30.5) // 56.5% (33.9) // 55.6% (34.1)",
        "oppCorsi": "53.2% (63.4) // 52.8% (60.2) // 54.9% (65.8) // 52.8% (59.0)",
        "oppFenwick": "52.9% (45.4) // 52.6% (42.8) // 55.1% (45.0) // 53.1% (41.2)",
        "oppShots": "52.8% (31.7) // 53.8% (30.8) // 55.9% (33.0) // 54.8% (31.5)",
        "oppScoring": "53.6% (30.5) // 54.1% (28.3) // 55.7% (29.5) // 52.9% (26.6)",
        "oppCorsiAgainst": "46.8% (55.7) // 47.2% (53.9) // 45.1% (53.9) // 47.2% (52.9)",
        "oppFenwickAgainst": "47.1% (40.4) // 47.4% (38.5) // 44.9% (36.7) // 46.9% (36.3)",
        "oppShotsAgainst": "47.2% (28.3) // 46.2% (26.5) // 44.1% (26.0) // 45.2% (25.9)",
        "oppScoringAgainst": "46.4% (26.4) // 45.9% (24.0) // 44.3% (23.5) // 47.1% (23.7)",
        "totalOver": 38,
        "totalOverLast5": 40,
        "totalOverLast15": 33,
        "lastTotalOver": 25,
        "last5": "1,1,0,0,0,0,2,2,2,0",
        "fd": "0",
        "dk": "+180/-238",
        "kambi": "0",
        "lowest": "180 DK",
        "implied": 35.714285714285715,
        "overOdds": "+180",
        "underOdds": "-238",
        "overUnder": "+180 / -238"
    },
    {
        "player": "Mikko Rantanen",
        "team": "COL",
        "opponent": "DET",
        "propType": "ast",
        "line": 0.5,
        "ppLine": "",
        "avg": 0.74,
        "hit": false,
        "diffAvg": 0.48,
        "diffAbs": 0.2,
        "lastAvg": 0.55,
        "diff": 0.1,
        "avgMin": 23,
        "proj": 0.6,
        "lastAvgMin": 22.22,
        "oppOver": 0,
        "teamOver": 0,
        "gameLine": "-135",
        "+/-": -1,
        "L5_+/-": -3.0,
        "prevMatchup": "",
        "winLossSplits": "54% - 45%",
        "awayHome": "A",
        "playedYesterday": "N",
        "awayHomeSplits": "47% - 56%",
        "savesAboveExp": "-",
        "gsaa": 7.67,
        "corsi": "53.2% (63.4) // 52.8% (60.2) // 54.9% (65.8) // 52.8% (59.0)",
        "fenwick": "52.9% (45.4) // 52.6% (42.8) // 55.1% (45.0) // 53.1% (41.2)",
        "shots": "52.8% (31.7) // 53.8% (30.8) // 55.9% (33.0) // 54.8% (31.5)",
        "scoring": "53.6% (30.5) // 54.1% (28.3) // 55.7% (29.5) // 52.9% (26.6)",
        "corsiAgainst": "46.8% (55.7) // 47.2% (53.9) // 45.1% (53.9) // 47.2% (52.9)",
        "fenwickAgainst": "47.1% (40.4) // 47.4% (38.5) // 44.9% (36.7) // 46.9% (36.3)",
        "shotsAgainst": "47.2% (28.3) // 46.2% (26.5) // 44.1% (26.0) // 45.2% (25.9)",
        "scoringAgainst": "46.4% (26.4) // 45.9% (24.0) // 44.3% (23.5) // 47.1% (23.7)",
        "oppCorsi": "47.0% (56.4) // 47.0% (57.4) // 43.9% (54.8) // 45.3% (57.4)",
        "oppFenwick": "46.9% (41.3) // 45.6% (40.5) // 44.0% (37.8) // 41.0% (36.1)",
        "oppShots": "47.6% (29.2) // 43.1% (26.7) // 41.0% (25.1) // 36.6% (22.3)",
        "oppScoring": "46.7% (27.3) // 47.5% (27.6) // 43.5% (26.1) // 44.4% (27.2)",
        "oppCorsiAgainst": "53.0% (63.7) // 53.0% (64.7) // 56.1% (70.1) // 54.7% (69.2)",
        "oppFenwickAgainst": "53.1% (46.7) // 54.4% (48.3) // 56.0% (48.0) // 59.0% (51.9)",
        "oppShotsAgainst": "52.4% (32.1) // 56.9% (35.2) // 59.0% (36.0) // 63.4% (38.6)",
        "oppScoringAgainst": "53.3% (31.2) // 52.5% (30.5) // 56.5% (33.9) // 55.6% (34.1)",
        "totalOver": 51,
        "totalOverLast5": 60,
        "totalOverLast15": 40,
        "lastTotalOver": 47,
        "last5": "1,0,1,1,0,0,0,0,1,4",
        "fd": "-164",
        "dk": "-150/+120",
        "kambi": "0",
        "lowest": "-150 DK",
        "implied": 60.0,
        "overOdds": "-150",
        "underOdds": "+120",
        "overUnder": "-150 / +120"
    },
    {
        "player": "Moritz Seider",
        "team": "DET",
        "opponent": "COL",
        "propType": "ast",
        "line": 0.5,
        "ppLine": "",
        "avg": 0.42,
        "hit": false,
        "diffAvg": -0.16,
        "diffAbs": 0.2,
        "lastAvg": 0.45,
        "diff": -0.1,
        "avgMin": 22,
        "proj": 0.4,
        "lastAvgMin": 23.13,
        "oppOver": 0,
        "teamOver": 0,
        "gameLine": "+114",
        "+/-": -3,
        "L5_+/-": -4.0,
        "prevMatchup": "",
        "winLossSplits": "38% - 19%",
        "awayHome": "H",
        "playedYesterday": "N",
        "awayHomeSplits": "33% - 25%",
        "savesAboveExp": "-",
        "gsaa": "-",
        "corsi": "47.0% (56.4) // 47.0% (57.4) // 43.9% (54.8) // 45.3% (57.4)",
        "fenwick": "46.9% (41.3) // 45.6% (40.5) // 44.0% (37.8) // 41.0% (36.1)",
        "shots": "47.6% (29.2) // 43.1% (26.7) // 41.0% (25.1) // 36.6% (22.3)",
        "scoring": "46.7% (27.3) // 47.5% (27.6) // 43.5% (26.1) // 44.4% (27.2)",
        "corsiAgainst": "53.0% (63.7) // 53.0% (64.7) // 56.1% (70.1) // 54.7% (69.2)",
        "fenwickAgainst": "53.1% (46.7) // 54.4% (48.3) // 56.0% (48.0) // 59.0% (51.9)",
        "shotsAgainst": "52.4% (32.1) // 56.9% (35.2) // 59.0% (36.0) // 63.4% (38.6)",
        "scoringAgainst": "53.3% (31.2) // 52.5% (30.5) // 56.5% (33.9) // 55.6% (34.1)",
        "oppCorsi": "53.2% (63.4) // 52.8% (60.2) // 54.9% (65.8) // 52.8% (59.0)",
        "oppFenwick": "52.9% (45.4) // 52.6% (42.8) // 55.1% (45.0) // 53.1% (41.2)",
        "oppShots": "52.8% (31.7) // 53.8% (30.8) // 55.9% (33.0) // 54.8% (31.5)",
        "oppScoring": "53.6% (30.5) // 54.1% (28.3) // 55.7% (29.5) // 52.9% (26.6)",
        "oppCorsiAgainst": "46.8% (55.7) // 47.2% (53.9) // 45.1% (53.9) // 47.2% (52.9)",
        "oppFenwickAgainst": "47.1% (40.4) // 47.4% (38.5) // 44.9% (36.7) // 46.9% (36.3)",
        "oppShotsAgainst": "47.2% (28.3) // 46.2% (26.5) // 44.1% (26.0) // 45.2% (25.9)",
        "oppScoringAgainst": "46.4% (26.4) // 45.9% (24.0) // 44.3% (23.5) // 47.1% (23.7)",
        "totalOver": 29,
        "totalOverLast5": 40,
        "totalOverLast15": 20,
        "lastTotalOver": 31,
        "last5": "0,2,0,1,0,0,2,0,0,0",
        "fd": "+162",
        "dk": "+180/-238",
        "kambi": "0",
        "lowest": "180 DK",
        "implied": 35.714285714285715,
        "overOdds": "+180",
        "underOdds": "-238",
        "overUnder": "+180 / -238"
    },
    {
        "player": "Nathan Mackinnon",
        "team": "COL",
        "opponent": "DET",
        "propType": "ast",
        "line": 0.5,
        "ppLine": "",
        "avg": 1.04,
        "hit": false,
        "diffAvg": 1.08,
        "diffAbs": 0.8,
        "lastAvg": 0.86,
        "diff": 0.72,
        "avgMin": 23,
        "proj": 0.9,
        "lastAvgMin": 22.32,
        "oppOver": 0,
        "teamOver": 0,
        "gameLine": "-135",
        "+/-": "+14",
        "L5_+/-": "+1.0",
        "prevMatchup": "",
        "winLossSplits": "83% - 55%",
        "awayHome": "A",
        "playedYesterday": "N",
        "awayHomeSplits": "53% - 93%",
        "savesAboveExp": "-",
        "gsaa": 7.67,
        "corsi": "53.2% (63.4) // 52.8% (60.2) // 54.9% (65.8) // 52.8% (59.0)",
        "fenwick": "52.9% (45.4) // 52.6% (42.8) // 55.1% (45.0) // 53.1% (41.2)",
        "shots": "52.8% (31.7) // 53.8% (30.8) // 55.9% (33.0) // 54.8% (31.5)",
        "scoring": "53.6% (30.5) // 54.1% (28.3) // 55.7% (29.5) // 52.9% (26.6)",
        "corsiAgainst": "46.8% (55.7) // 47.2% (53.9) // 45.1% (53.9) // 47.2% (52.9)",
        "fenwickAgainst": "47.1% (40.4) // 47.4% (38.5) // 44.9% (36.7) // 46.9% (36.3)",
        "shotsAgainst": "47.2% (28.3) // 46.2% (26.5) // 44.1% (26.0) // 45.2% (25.9)",
        "scoringAgainst": "46.4% (26.4) // 45.9% (24.0) // 44.3% (23.5) // 47.1% (23.7)",
        "oppCorsi": "47.0% (56.4) // 47.0% (57.4) // 43.9% (54.8) // 45.3% (57.4)",
        "oppFenwick": "46.9% (41.3) // 45.6% (40.5) // 44.0% (37.8) // 41.0% (36.1)",
        "oppShots": "47.6% (29.2) // 43.1% (26.7) // 41.0% (25.1) // 36.6% (22.3)",
        "oppScoring": "46.7% (27.3) // 47.5% (27.6) // 43.5% (26.1) // 44.4% (27.2)",
        "oppCorsiAgainst": "53.0% (63.7) // 53.0% (64.7) // 56.1% (70.1) // 54.7% (69.2)",
        "oppFenwickAgainst": "53.1% (46.7) // 54.4% (48.3) // 56.0% (48.0) // 59.0% (51.9)",
        "oppShotsAgainst": "52.4% (32.1) // 56.9% (35.2) // 59.0% (36.0) // 63.4% (38.6)",
        "oppScoringAgainst": "53.3% (31.2) // 52.5% (30.5) // 56.5% (33.9) // 55.6% (34.1)",
        "totalOver": 72,
        "totalOverLast5": 80,
        "totalOverLast15": 60,
        "lastTotalOver": 63,
        "last5": "1,1,2,2,0,0,0,0,1,1",
        "fd": "-225",
        "dk": "-215/+165",
        "kambi": "0",
        "lowest": "-215 DK",
        "implied": 68.25396825396825,
        "overOdds": "-215",
        "underOdds": "+165",
        "overUnder": "-215 / +165"
    },
    {
        "player": "Patrick Kane",
        "team": "DET",
        "opponent": "COL",
        "propType": "ast",
        "line": 0.5,
        "ppLine": "",
        "avg": 0.58,
        "hit": false,
        "diffAvg": 0.16,
        "diffAbs": 1.0,
        "lastAvg": 0,
        "diff": 0,
        "avgMin": 17,
        "proj": 0.0,
        "lastAvgMin": 0,
        "oppOver": 0,
        "teamOver": 0,
        "gameLine": "+114",
        "+/-": -5,
        "L5_+/-": -2.0,
        "prevMatchup": "",
        "winLossSplits": "73% - 31%",
        "awayHome": "H",
        "playedYesterday": "N",
        "awayHomeSplits": "50% - 50%",
        "savesAboveExp": "-",
        "gsaa": "-",
        "corsi": "47.0% (56.4) // 47.0% (57.4) // 43.9% (54.8) // 45.3% (57.4)",
        "fenwick": "46.9% (41.3) // 45.6% (40.5) // 44.0% (37.8) // 41.0% (36.1)",
        "shots": "47.6% (29.2) // 43.1% (26.7) // 41.0% (25.1) // 36.6% (22.3)",
        "scoring": "46.7% (27.3) // 47.5% (27.6) // 43.5% (26.1) // 44.4% (27.2)",
        "corsiAgainst": "53.0% (63.7) // 53.0% (64.7) // 56.1% (70.1) // 54.7% (69.2)",
        "fenwickAgainst": "53.1% (46.7) // 54.4% (48.3) // 56.0% (48.0) // 59.0% (51.9)",
        "shotsAgainst": "52.4% (32.1) // 56.9% (35.2) // 59.0% (36.0) // 63.4% (38.6)",
        "scoringAgainst": "53.3% (31.2) // 52.5% (30.5) // 56.5% (33.9) // 55.6% (34.1)",
        "oppCorsi": "53.2% (63.4) // 52.8% (60.2) // 54.9% (65.8) // 52.8% (59.0)",
        "oppFenwick": "52.9% (45.4) // 52.6% (42.8) // 55.1% (45.0) // 53.1% (41.2)",
        "oppShots": "52.8% (31.7) // 53.8% (30.8) // 55.9% (33.0) // 54.8% (31.5)",
        "oppScoring": "53.6% (30.5) // 54.1% (28.3) // 55.7% (29.5) // 52.9% (26.6)",
        "oppCorsiAgainst": "46.8% (55.7) // 47.2% (53.9) // 45.1% (53.9) // 47.2% (52.9)",
        "oppFenwickAgainst": "47.1% (40.4) // 47.4% (38.5) // 44.9% (36.7) // 46.9% (36.3)",
        "oppShotsAgainst": "47.2% (28.3) // 46.2% (26.5) // 44.1% (26.0) // 45.2% (25.9)",
        "oppScoringAgainst": "46.4% (26.4) // 45.9% (24.0) // 44.3% (23.5) // 47.1% (23.7)",
        "totalOver": 50,
        "totalOverLast5": 100,
        "totalOverLast15": 53,
        "lastTotalOver": 0,
        "last5": "1,1,1,1,1,0,1,0,0,1",
        "fd": "+112",
        "dk": "+120/-150",
        "kambi": "0",
        "lowest": "120 DK",
        "implied": 45.45454545454545,
        "overOdds": "+120",
        "underOdds": "-150",
        "overUnder": "+120 / -150"
    },
    {
        "player": "Ross Colton",
        "team": "COL",
        "opponent": "DET",
        "propType": "ast",
        "line": 0.5,
        "ppLine": "",
        "avg": 0.33,
        "hit": false,
        "diffAvg": -0.34,
        "diffAbs": 0.6,
        "lastAvg": 0.18,
        "diff": -0.64,
        "avgMin": 14,
        "proj": 0.2,
        "lastAvgMin": 12.35,
        "oppOver": 0,
        "teamOver": 0,
        "gameLine": "-135",
        "+/-": -1,
        "L5_+/-": -1.0,
        "prevMatchup": "",
        "winLossSplits": "33% - 18%",
        "awayHome": "A",
        "playedYesterday": "N",
        "awayHomeSplits": "31% - 23%",
        "savesAboveExp": "-",
        "gsaa": 7.67,
        "corsi": "53.2% (63.4) // 52.8% (60.2) // 54.9% (65.8) // 52.8% (59.0)",
        "fenwick": "52.9% (45.4) // 52.6% (42.8) // 55.1% (45.0) // 53.1% (41.2)",
        "shots": "52.8% (31.7) // 53.8% (30.8) // 55.9% (33.0) // 54.8% (31.5)",
        "scoring": "53.6% (30.5) // 54.1% (28.3) // 55.7% (29.5) // 52.9% (26.6)",
        "corsiAgainst": "46.8% (55.7) // 47.2% (53.9) // 45.1% (53.9) // 47.2% (52.9)",
        "fenwickAgainst": "47.1% (40.4) // 47.4% (38.5) // 44.9% (36.7) // 46.9% (36.3)",
        "shotsAgainst": "47.2% (28.3) // 46.2% (26.5) // 44.1% (26.0) // 45.2% (25.9)",
        "scoringAgainst": "46.4% (26.4) // 45.9% (24.0) // 44.3% (23.5) // 47.1% (23.7)",
        "oppCorsi": "47.0% (56.4) // 47.0% (57.4) // 43.9% (54.8) // 45.3% (57.4)",
        "oppFenwick": "46.9% (41.3) // 45.6% (40.5) // 44.0% (37.8) // 41.0% (36.1)",
        "oppShots": "47.6% (29.2) // 43.1% (26.7) // 41.0% (25.1) // 36.6% (22.3)",
        "oppScoring": "46.7% (27.3) // 47.5% (27.6) // 43.5% (26.1) // 44.4% (27.2)",
        "oppCorsiAgainst": "53.0% (63.7) // 53.0% (64.7) // 56.1% (70.1) // 54.7% (69.2)",
        "oppFenwickAgainst": "53.1% (46.7) // 54.4% (48.3) // 56.0% (48.0) // 59.0% (51.9)",
        "oppShotsAgainst": "52.4% (32.1) // 56.9% (35.2) // 59.0% (36.0) // 63.4% (38.6)",
        "oppScoringAgainst": "53.3% (31.2) // 52.5% (30.5) // 56.5% (33.9) // 55.6% (34.1)",
        "totalOver": 27,
        "totalOverLast5": 40,
        "totalOverLast15": 33,
        "lastTotalOver": 20,
        "last5": "0,0,1,1,0,0,0,0,2,1",
        "fd": "0",
        "dk": "+270/-375",
        "kambi": "0",
        "lowest": "270 DK",
        "implied": 27.027027027027028,
        "overOdds": "+270",
        "underOdds": "-375",
        "overUnder": "+270 / -375"
    },
    {
        "player": "Brady Tkachuk",
        "team": "OTT",
        "opponent": "DAL",
        "propType": "ast",
        "line": 0.5,
        "ppLine": "",
        "avg": 0.38,
        "hit": false,
        "diffAvg": -0.24,
        "diffAbs": 0.2,
        "lastAvg": 0.57,
        "diff": 0.14,
        "avgMin": 18,
        "proj": 0.6,
        "lastAvgMin": 18.62,
        "oppOver": 0,
        "teamOver": 0,
        "gameLine": "+142",
        "+/-": -4,
        "L5_+/-": 0.0,
        "prevMatchup": "2023-12-15 1.0 ast",
        "winLossSplits": "35% - 30%",
        "awayHome": "H",
        "playedYesterday": "N",
        "awayHomeSplits": "26% - 37%",
        "savesAboveExp": 0.39,
        "gsaa": -0.9,
        "corsi": "50.3% (61.5) // 48.7% (63.0) // 52.5% (67.6) // 50.9% (63.0)",
        "fenwick": "50.9% (44.8) // 48.5% (45.0) // 51.8% (47.2) // 48.3% (42.7)",
        "shots": "50.5% (32.1) // 47.6% (32.0) // 49.1% (32.4) // 44.4% (30.3)",
        "scoring": "47.7% (27.6) // 45.7% (27.1) // 47.2% (27.0) // 43.3% (24.7)",
        "corsiAgainst": "49.7% (60.9) // 51.3% (66.4) // 47.5% (61.2) // 49.1% (60.7)",
        "fenwickAgainst": "49.1% (43.2) // 51.5% (47.7) // 48.2% (44.0) // 51.7% (45.7)",
        "shotsAgainst": "49.5% (31.4) // 52.4% (35.2) // 50.9% (33.6) // 55.6% (38.0)",
        "scoringAgainst": "52.3% (30.3) // 54.3% (32.2) // 52.8% (30.2) // 56.7% (32.3)",
        "oppCorsi": "52.1% (62.2) // 56.6% (66.9) // 55.4% (65.2) // 52.1% (59.0)",
        "oppFenwick": "51.6% (44.3) // 57.1% (47.3) // 55.9% (44.9) // 54.4% (41.7)",
        "oppShots": "50.7% (30.0) // 57.8% (32.7) // 55.2% (29.2) // 55.0% (27.7)",
        "oppScoring": "54.3% (30.8) // 58.9% (33.4) // 56.5% (31.6) // 54.5% (28.0)",
        "oppCorsiAgainst": "47.9% (57.2) // 43.4% (51.3) // 44.6% (52.6) // 47.9% (54.3)",
        "oppFenwickAgainst": "48.4% (41.6) // 42.9% (35.5) // 44.1% (35.4) // 45.6% (35.0)",
        "oppShotsAgainst": "49.3% (29.2) // 42.2% (23.9) // 44.8% (23.7) // 45.0% (22.7)",
        "oppScoringAgainst": "45.7% (25.9) // 41.1% (23.3) // 43.5% (24.3) // 45.5% (23.3)",
        "totalOver": 32,
        "totalOverLast5": 20,
        "totalOverLast15": 27,
        "lastTotalOver": 48,
        "last5": "0,1,0,0,0,0,0,1,0,0",
        "fd": "+164",
        "dk": "+175/-230",
        "kambi": "0",
        "lowest": "175 DK",
        "implied": 36.36363636363637,
        "overOdds": "+175",
        "underOdds": "-230",
        "overUnder": "+175 / -230"
    },
    {
        "player": "Claude Giroux",
        "team": "OTT",
        "opponent": "DAL",
        "propType": "ast",
        "line": 0.5,
        "ppLine": "",
        "avg": 0.6,
        "hit": false,
        "diffAvg": 0.2,
        "diffAbs": 0.0,
        "lastAvg": 0.54,
        "diff": 0.08,
        "avgMin": 19,
        "proj": 0.5,
        "lastAvgMin": 18.78,
        "oppOver": 0,
        "teamOver": 0,
        "gameLine": "+142",
        "+/-": 0,
        "L5_+/-": -2.0,
        "prevMatchup": "2023-12-15 1.0 ast",
        "winLossSplits": "65% - 33%",
        "awayHome": "H",
        "playedYesterday": "N",
        "awayHomeSplits": "52% - 43%",
        "savesAboveExp": 0.39,
        "gsaa": -0.9,
        "corsi": "50.3% (61.5) // 48.7% (63.0) // 52.5% (67.6) // 50.9% (63.0)",
        "fenwick": "50.9% (44.8) // 48.5% (45.0) // 51.8% (47.2) // 48.3% (42.7)",
        "shots": "50.5% (32.1) // 47.6% (32.0) // 49.1% (32.4) // 44.4% (30.3)",
        "scoring": "47.7% (27.6) // 45.7% (27.1) // 47.2% (27.0) // 43.3% (24.7)",
        "corsiAgainst": "49.7% (60.9) // 51.3% (66.4) // 47.5% (61.2) // 49.1% (60.7)",
        "fenwickAgainst": "49.1% (43.2) // 51.5% (47.7) // 48.2% (44.0) // 51.7% (45.7)",
        "shotsAgainst": "49.5% (31.4) // 52.4% (35.2) // 50.9% (33.6) // 55.6% (38.0)",
        "scoringAgainst": "52.3% (30.3) // 54.3% (32.2) // 52.8% (30.2) // 56.7% (32.3)",
        "oppCorsi": "52.1% (62.2) // 56.6% (66.9) // 55.4% (65.2) // 52.1% (59.0)",
        "oppFenwick": "51.6% (44.3) // 57.1% (47.3) // 55.9% (44.9) // 54.4% (41.7)",
        "oppShots": "50.7% (30.0) // 57.8% (32.7) // 55.2% (29.2) // 55.0% (27.7)",
        "oppScoring": "54.3% (30.8) // 58.9% (33.4) // 56.5% (31.6) // 54.5% (28.0)",
        "oppCorsiAgainst": "47.9% (57.2) // 43.4% (51.3) // 44.6% (52.6) // 47.9% (54.3)",
        "oppFenwickAgainst": "48.4% (41.6) // 42.9% (35.5) // 44.1% (35.4) // 45.6% (35.0)",
        "oppShotsAgainst": "49.3% (29.2) // 42.2% (23.9) // 44.8% (23.7) // 45.0% (22.7)",
        "oppScoringAgainst": "45.7% (25.9) // 41.1% (23.3) // 43.5% (24.3) // 45.5% (23.3)",
        "totalOver": 47,
        "totalOverLast5": 80,
        "totalOverLast15": 40,
        "lastTotalOver": 36,
        "last5": "1,1,1,0,2,0,0,0,1,0",
        "fd": "+114",
        "dk": "+114/-145",
        "kambi": "0",
        "lowest": "114 DK",
        "implied": 46.728971962616825,
        "overOdds": "+114",
        "underOdds": "-145",
        "overUnder": "+114 / -145"
    },
    {
        "player": "Drake Batherson",
        "team": "OTT",
        "opponent": "DAL",
        "propType": "ast",
        "line": 0.5,
        "ppLine": "",
        "avg": 0.4,
        "hit": false,
        "diffAvg": -0.2,
        "diffAbs": 0.2,
