[
    {
        "player": "Adam Fantilli",
        "team": "CBJ",
        "opponent": "BOS",
        "propType": "ast",
        "line": 0.5,
        "ppLine": "PP2",
        "avg": 0.32,
        "hit": false,
        "diffAvg": -0.36,
        "diffAbs": 1.0,
        "lastAvg": 0,
        "diff": 0,
        "avgMin": 15,
        "proj": 0.0,
        "lastAvgMin": 0,
        "oppOver": 0,
        "teamOver": 0,
        "gameLine": "+190",
        "+/-": -10,
        "L5_+/-": -1.0,
        "prevMatchup": "2023-12-03 0.0 ast 2023-11-27 0.0 ast",
        "winLossSplits": "25% - 35%",
        "awayHome": "H",
        "playedYesterday": "N",
        "awayHomeSplits": "24% - 38%",
        "savesAboveExp": 0.892,
        "gsaa": 6.5,
        "corsi": "46.6% (60.1) // 43.5% (53.4) // 44.5% (52.3) // 42.0% (49.6)",
        "fenwick": "46.8% (42.7) // 44.5% (39.0) // 43.3% (36.0) // 41.1% (34.4)",
        "shots": "46.0% (28.9) // 43.1% (26.4) // 41.2% (23.9) // 38.9% (22.5)",
        "scoring": "46.4% (28.0) // 42.0% (25.6) // 41.2% (23.4) // 38.8% (21.2)",
        "corsiAgainst": "53.4% (68.7) // 56.5% (69.4) // 55.5% (65.2) // 58.0% (68.5)",
        "fenwickAgainst": "53.2% (48.6) // 55.5% (48.6) // 56.7% (47.2) // 58.9% (49.2)",
        "shotsAgainst": "54.0% (33.9) // 56.9% (34.9) // 58.8% (34.1) // 61.1% (35.4)",
        "scoringAgainst": "53.6% (32.3) // 58.0% (35.4) // 58.8% (33.4) // 61.2% (33.5)",
        "oppCorsi": "48.2% (58.0) // 46.0% (53.4) // 43.1% (47.0) // 44.2% (48.0)",
        "oppFenwick": "48.4% (42.6) // 46.0% (39.4) // 43.4% (34.2) // 45.5% (35.3)",
        "oppShots": "48.8% (30.2) // 45.9% (27.2) // 44.7% (25.2) // 47.3% (26.7)",
        "oppScoring": "49.9% (29.4) // 44.5% (25.3) // 42.9% (21.2) // 47.6% (23.7)",
        "oppCorsiAgainst": "51.8% (62.4) // 54.0% (62.8) // 56.9% (62.0) // 55.8% (60.7)",
        "oppFenwickAgainst": "51.6% (45.5) // 54.0% (46.1) // 56.6% (44.8) // 54.5% (42.3)",
        "oppShotsAgainst": "51.2% (31.7) // 54.1% (32.1) // 55.3% (31.3) // 52.7% (29.7)",
        "oppScoringAgainst": "50.1% (29.5) // 55.5% (31.5) // 57.1% (28.2) // 52.4% (26.0)",
        "totalOver": 32,
        "totalOverLast5": 40,
        "totalOverLast15": 40,
        "lastTotalOver": 0,
        "last5": "0,0,1,1,0,1,1,0,0,0",
        "fd": "0",
        "dk": "+240/-330",
        "kambi": "0",
        "lowest": "240 DK",
        "implied": 29.411764705882355,
        "overOdds": "+240",
        "underOdds": "-330",
        "overUnder": "+240 / -330"
    },
    {
        "player": "Brad Marchand",
        "team": "BOS",
        "opponent": "CBJ",
        "propType": "ast",
        "line": 0.5,
        "ppLine": "PP1",
        "avg": 0.57,
        "hit": false,
        "diffAvg": 0.14,
        "diffAbs": 0.2,
        "lastAvg": 0.57,
        "diff": 0.14,
        "avgMin": 19,
        "proj": 0.6,
        "lastAvgMin": 18.52,
        "oppOver": 0,
        "teamOver": 0,
        "gameLine": "-230",
        "+/-": 0,
        "L5_+/-": -1.0,
        "prevMatchup": "2023-12-03 0.0 ast 2023-11-27 0.0 ast",
        "winLossSplits": "59% - 23%",
        "awayHome": "A",
        "playedYesterday": "N",
        "awayHomeSplits": "42% - 50%",
        "savesAboveExp": -0.547,
        "gsaa": -4.83,
        "corsi": "48.2% (58.0) // 46.0% (53.4) // 43.1% (47.0) // 44.2% (48.0)",
        "fenwick": "48.4% (42.6) // 46.0% (39.4) // 43.4% (34.2) // 45.5% (35.3)",
        "shots": "48.8% (30.2) // 45.9% (27.2) // 44.7% (25.2) // 47.3% (26.7)",
        "scoring": "49.9% (29.4) // 44.5% (25.3) // 42.9% (21.2) // 47.6% (23.7)",
        "corsiAgainst": "51.8% (62.4) // 54.0% (62.8) // 56.9% (62.0) // 55.8% (60.7)",
        "fenwickAgainst": "51.6% (45.5) // 54.0% (46.1) // 56.6% (44.8) // 54.5% (42.3)",
        "shotsAgainst": "51.2% (31.7) // 54.1% (32.1) // 55.3% (31.3) // 52.7% (29.7)",
        "scoringAgainst": "50.1% (29.5) // 55.5% (31.5) // 57.1% (28.2) // 52.4% (26.0)",
        "oppCorsi": "46.6% (60.1) // 43.5% (53.4) // 44.5% (52.3) // 42.0% (49.6)",
        "oppFenwick": "46.8% (42.7) // 44.5% (39.0) // 43.3% (36.0) // 41.1% (34.4)",
        "oppShots": "46.0% (28.9) // 43.1% (26.4) // 41.2% (23.9) // 38.9% (22.5)",
        "oppScoring": "46.4% (28.0) // 42.0% (25.6) // 41.2% (23.4) // 38.8% (21.2)",
        "oppCorsiAgainst": "53.4% (68.7) // 56.5% (69.4) // 55.5% (65.2) // 58.0% (68.5)",
        "oppFenwickAgainst": "53.2% (48.6) // 55.5% (48.6) // 56.7% (47.2) // 58.9% (49.2)",
        "oppShotsAgainst": "54.0% (33.9) // 56.9% (34.9) // 58.8% (34.1) // 61.1% (35.4)",
        "oppScoringAgainst": "53.6% (32.3) // 58.0% (35.4) // 58.8% (33.4) // 61.2% (33.5)",
        "totalOver": 46,
        "totalOverLast5": 80,
        "totalOverLast15": 40,
        "lastTotalOver": 45,
        "last5": "1,2,2,1,0,0,0,1,0,1",
        "fd": "0",
        "dk": "-160/+124",
        "kambi": "0",
        "lowest": "-160 DK",
        "implied": 61.53846153846154,
        "overOdds": "-160",
        "underOdds": "+124",
        "overUnder": "-160 / +124"
    },
    {
        "player": "Charlie Coyle",
        "team": "BOS",
        "opponent": "CBJ",
        "propType": "ast",
        "line": 0.5,
        "ppLine": "PP2",
        "avg": 0.34,
        "hit": false,
        "diffAvg": -0.32,
        "diffAbs": 0.4,
        "lastAvg": 0.33,
        "diff": -0.34,
        "avgMin": 17,
        "proj": 0.3,
        "lastAvgMin": 16.98,
        "oppOver": 0,
        "teamOver": 0,
        "gameLine": "-230",
        "+/-": "+3",
        "L5_+/-": 0.0,
        "prevMatchup": "2023-12-03 1.0 ast 2023-11-27 0.0 ast",
        "winLossSplits": "41% - 8%",
        "awayHome": "A",
        "playedYesterday": "N",
        "awayHomeSplits": "16% - 44%",
        "savesAboveExp": -0.547,
        "gsaa": -4.83,
        "corsi": "48.2% (58.0) // 46.0% (53.4) // 43.1% (47.0) // 44.2% (48.0)",
        "fenwick": "48.4% (42.6) // 46.0% (39.4) // 43.4% (34.2) // 45.5% (35.3)",
        "shots": "48.8% (30.2) // 45.9% (27.2) // 44.7% (25.2) // 47.3% (26.7)",
        "scoring": "49.9% (29.4) // 44.5% (25.3) // 42.9% (21.2) // 47.6% (23.7)",
        "corsiAgainst": "51.8% (62.4) // 54.0% (62.8) // 56.9% (62.0) // 55.8% (60.7)",
        "fenwickAgainst": "51.6% (45.5) // 54.0% (46.1) // 56.6% (44.8) // 54.5% (42.3)",
        "shotsAgainst": "51.2% (31.7) // 54.1% (32.1) // 55.3% (31.3) // 52.7% (29.7)",
        "scoringAgainst": "50.1% (29.5) // 55.5% (31.5) // 57.1% (28.2) // 52.4% (26.0)",
        "oppCorsi": "46.6% (60.1) // 43.5% (53.4) // 44.5% (52.3) // 42.0% (49.6)",
        "oppFenwick": "46.8% (42.7) // 44.5% (39.0) // 43.3% (36.0) // 41.1% (34.4)",
        "oppShots": "46.0% (28.9) // 43.1% (26.4) // 41.2% (23.9) // 38.9% (22.5)",
        "oppScoring": "46.4% (28.0) // 42.0% (25.6) // 41.2% (23.4) // 38.8% (21.2)",
        "oppCorsiAgainst": "53.4% (68.7) // 56.5% (69.4) // 55.5% (65.2) // 58.0% (68.5)",
        "oppFenwickAgainst": "53.2% (48.6) // 55.5% (48.6) // 56.7% (47.2) // 58.9% (49.2)",
        "oppShotsAgainst": "54.0% (33.9) // 56.9% (34.9) // 58.8% (34.1) // 61.1% (35.4)",
        "oppScoringAgainst": "53.6% (32.3) // 58.0% (35.4) // 58.8% (33.4) // 61.2% (33.5)",
        "totalOver": 29,
        "totalOverLast5": 20,
        "totalOverLast15": 13,
        "lastTotalOver": 28,
        "last5": "0,2,0,0,0,0,0,0,0,0",
        "fd": "0",
        "dk": "+165/-215",
        "kambi": "0",
        "lowest": "165 DK",
        "implied": 37.735849056603776,
        "overOdds": "+165",
        "underOdds": "-215",
        "overUnder": "+165 / -215"
    },
    {
        "player": "Charlie Mcavoy",
        "team": "BOS",
        "opponent": "CBJ",
        "propType": "ast",
        "line": 0.5,
        "ppLine": "PP1",
        "avg": 0.78,
        "hit": false,
        "diffAvg": 0.56,
        "diffAbs": 0.4,
        "lastAvg": 0.61,
        "diff": 0.22,
        "avgMin": 24,
        "proj": 0.7,
        "lastAvgMin": 22.3,
        "oppOver": 0,
        "teamOver": 0,
        "gameLine": "-230",
        "+/-": -4,
        "L5_+/-": -2.0,
        "prevMatchup": "2023-12-03 2.0 ast 2023-11-27 1.0 ast",
        "winLossSplits": "53% - 50%",
        "awayHome": "A",
        "playedYesterday": "N",
        "awayHomeSplits": "53% - 50%",
        "savesAboveExp": -0.547,
        "gsaa": -4.83,
        "corsi": "48.2% (58.0) // 46.0% (53.4) // 43.1% (47.0) // 44.2% (48.0)",
        "fenwick": "48.4% (42.6) // 46.0% (39.4) // 43.4% (34.2) // 45.5% (35.3)",
        "shots": "48.8% (30.2) // 45.9% (27.2) // 44.7% (25.2) // 47.3% (26.7)",
        "scoring": "49.9% (29.4) // 44.5% (25.3) // 42.9% (21.2) // 47.6% (23.7)",
        "corsiAgainst": "51.8% (62.4) // 54.0% (62.8) // 56.9% (62.0) // 55.8% (60.7)",
        "fenwickAgainst": "51.6% (45.5) // 54.0% (46.1) // 56.6% (44.8) // 54.5% (42.3)",
        "shotsAgainst": "51.2% (31.7) // 54.1% (32.1) // 55.3% (31.3) // 52.7% (29.7)",
        "scoringAgainst": "50.1% (29.5) // 55.5% (31.5) // 57.1% (28.2) // 52.4% (26.0)",
        "oppCorsi": "46.6% (60.1) // 43.5% (53.4) // 44.5% (52.3) // 42.0% (49.6)",
        "oppFenwick": "46.8% (42.7) // 44.5% (39.0) // 43.3% (36.0) // 41.1% (34.4)",
        "oppShots": "46.0% (28.9) // 43.1% (26.4) // 41.2% (23.9) // 38.9% (22.5)",
        "oppScoring": "46.4% (28.0) // 42.0% (25.6) // 41.2% (23.4) // 38.8% (21.2)",
        "oppCorsiAgainst": "53.4% (68.7) // 56.5% (69.4) // 55.5% (65.2) // 58.0% (68.5)",
        "oppFenwickAgainst": "53.2% (48.6) // 55.5% (48.6) // 56.7% (47.2) // 58.9% (49.2)",
        "oppShotsAgainst": "54.0% (33.9) // 56.9% (34.9) // 58.8% (34.1) // 61.1% (35.4)",
        "oppScoringAgainst": "53.6% (32.3) // 58.0% (35.4) // 58.8% (33.4) // 61.2% (33.5)",
        "totalOver": 52,
        "totalOverLast5": 80,
        "totalOverLast15": 47,
        "lastTotalOver": 49,
        "last5": "3,1,1,1,0,0,0,2,0,1",
        "fd": "0",
        "dk": "-145/+114",
        "kambi": "0",
        "lowest": "-145 DK",
        "implied": 59.183673469387756,
        "overOdds": "-145",
        "underOdds": "+114",
        "overUnder": "-145 / +114"
    },
    {
        "player": "David Pastrnak",
        "team": "BOS",
        "opponent": "CBJ",
        "propType": "ast",
        "line": 0.5,
        "ppLine": "PP1",
        "avg": 0.8,
        "hit": false,
        "diffAvg": 0.6,
        "diffAbs": 0.2,
        "lastAvg": 0.57,
        "diff": 0.14,
        "avgMin": 19,
        "proj": 0.6,
        "lastAvgMin": 19.55,
        "oppOver": 0,
        "teamOver": 0,
        "gameLine": "-230",
        "+/-": "+7",
        "L5_+/-": 0.0,
        "prevMatchup": "2023-12-03 0.0 ast 2023-11-27 0.0 ast",
        "winLossSplits": "68% - 38%",
        "awayHome": "A",
        "playedYesterday": "N",
        "awayHomeSplits": "53% - 62%",
        "savesAboveExp": -0.547,
        "gsaa": -4.83,
        "corsi": "48.2% (58.0) // 46.0% (53.4) // 43.1% (47.0) // 44.2% (48.0)",
        "fenwick": "48.4% (42.6) // 46.0% (39.4) // 43.4% (34.2) // 45.5% (35.3)",
        "shots": "48.8% (30.2) // 45.9% (27.2) // 44.7% (25.2) // 47.3% (26.7)",
        "scoring": "49.9% (29.4) // 44.5% (25.3) // 42.9% (21.2) // 47.6% (23.7)",
        "corsiAgainst": "51.8% (62.4) // 54.0% (62.8) // 56.9% (62.0) // 55.8% (60.7)",
        "fenwickAgainst": "51.6% (45.5) // 54.0% (46.1) // 56.6% (44.8) // 54.5% (42.3)",
        "shotsAgainst": "51.2% (31.7) // 54.1% (32.1) // 55.3% (31.3) // 52.7% (29.7)",
        "scoringAgainst": "50.1% (29.5) // 55.5% (31.5) // 57.1% (28.2) // 52.4% (26.0)",
        "oppCorsi": "46.6% (60.1) // 43.5% (53.4) // 44.5% (52.3) // 42.0% (49.6)",
        "oppFenwick": "46.8% (42.7) // 44.5% (39.0) // 43.3% (36.0) // 41.1% (34.4)",
        "oppShots": "46.0% (28.9) // 43.1% (26.4) // 41.2% (23.9) // 38.9% (22.5)",
        "oppScoring": "46.4% (28.0) // 42.0% (25.6) // 41.2% (23.4) // 38.8% (21.2)",
        "oppCorsiAgainst": "53.4% (68.7) // 56.5% (69.4) // 55.5% (65.2) // 58.0% (68.5)",
        "oppFenwickAgainst": "53.2% (48.6) // 55.5% (48.6) // 56.7% (47.2) // 58.9% (49.2)",
        "oppShotsAgainst": "54.0% (33.9) // 56.9% (34.9) // 58.8% (34.1) // 61.1% (35.4)",
        "oppScoringAgainst": "53.6% (32.3) // 58.0% (35.4) // 58.8% (33.4) // 61.2% (33.5)",
        "totalOver": 57,
        "totalOverLast5": 60,
        "totalOverLast15": 47,
        "lastTotalOver": 52,
        "last5": "2,1,1,0,0,0,0,1,0,1",
        "fd": "0",
        "dk": "-215/+165",
        "kambi": "0",
        "lowest": "-215 DK",
        "implied": 68.25396825396825,
        "overOdds": "-215",
        "underOdds": "+165",
        "overUnder": "-215 / +165"
    },
    {
        "player": "Dmitri Voronkov",
        "team": "CBJ",
        "opponent": "BOS",
        "propType": "ast",
        "line": 0.5,
        "ppLine": "PP1",
        "avg": 0.38,
        "hit": false,
        "diffAvg": -0.24,
        "diffAbs": 1.0,
        "lastAvg": 0,
        "diff": 0,
        "avgMin": 13,
        "proj": 0.0,
        "lastAvgMin": 0,
        "oppOver": 0,
        "teamOver": 0,
        "gameLine": "+190",
        "+/-": "+4",
        "L5_+/-": -1.0,
        "prevMatchup": "2023-12-03 0.0 ast 2023-11-27 0.0 ast",
        "winLossSplits": "22% - 39%",
        "awayHome": "H",
        "playedYesterday": "N",
        "awayHomeSplits": "25% - 44%",
        "savesAboveExp": 0.892,
        "gsaa": 6.5,
        "corsi": "46.6% (60.1) // 43.5% (53.4) // 44.5% (52.3) // 42.0% (49.6)",
        "fenwick": "46.8% (42.7) // 44.5% (39.0) // 43.3% (36.0) // 41.1% (34.4)",
        "shots": "46.0% (28.9) // 43.1% (26.4) // 41.2% (23.9) // 38.9% (22.5)",
        "scoring": "46.4% (28.0) // 42.0% (25.6) // 41.2% (23.4) // 38.8% (21.2)",
        "corsiAgainst": "53.4% (68.7) // 56.5% (69.4) // 55.5% (65.2) // 58.0% (68.5)",
        "fenwickAgainst": "53.2% (48.6) // 55.5% (48.6) // 56.7% (47.2) // 58.9% (49.2)",
        "shotsAgainst": "54.0% (33.9) // 56.9% (34.9) // 58.8% (34.1) // 61.1% (35.4)",
        "scoringAgainst": "53.6% (32.3) // 58.0% (35.4) // 58.8% (33.4) // 61.2% (33.5)",
        "oppCorsi": "48.2% (58.0) // 46.0% (53.4) // 43.1% (47.0) // 44.2% (48.0)",
        "oppFenwick": "48.4% (42.6) // 46.0% (39.4) // 43.4% (34.2) // 45.5% (35.3)",
        "oppShots": "48.8% (30.2) // 45.9% (27.2) // 44.7% (25.2) // 47.3% (26.7)",
        "oppScoring": "49.9% (29.4) // 44.5% (25.3) // 42.9% (21.2) // 47.6% (23.7)",
        "oppCorsiAgainst": "51.8% (62.4) // 54.0% (62.8) // 56.9% (62.0) // 55.8% (60.7)",
        "oppFenwickAgainst": "51.6% (45.5) // 54.0% (46.1) // 56.6% (44.8) // 54.5% (42.3)",
        "oppShotsAgainst": "51.2% (31.7) // 54.1% (32.1) // 55.3% (31.3) // 52.7% (29.7)",
        "oppScoringAgainst": "50.1% (29.5) // 55.5% (31.5) // 57.1% (28.2) // 52.4% (26.0)",
        "totalOver": 34,
        "totalOverLast5": 40,
        "totalOverLast15": 27,
        "lastTotalOver": 0,
        "last5": "1,0,0,0,1,0,1,0,0,2",
        "fd": "0",
        "dk": "+270/-375",
        "kambi": "0",
        "lowest": "270 DK",
        "implied": 27.027027027027028,
        "overOdds": "+270",
        "underOdds": "-375",
        "overUnder": "+270 / -375"
    },
    {
        "player": "Hampus Lindholm",
        "team": "BOS",
        "opponent": "CBJ",
        "propType": "ast",
        "line": 0.5,
        "ppLine": "PP2",
        "avg": 0.23,
        "hit": false,
        "diffAvg": -0.54,
        "diffAbs": 0.0,
        "lastAvg": 0.49,
        "diff": -0.02,
        "avgMin": 23,
        "proj": 0.5,
        "lastAvgMin": 23.18,
        "oppOver": 0,
        "teamOver": 0,
        "gameLine": "-230",
        "+/-": "+3",
        "L5_+/-": -3.0,
        "prevMatchup": "2023-12-03 0.0 ast 2023-11-27 0.0 ast",
        "winLossSplits": "23% - 15%",
        "awayHome": "A",
        "playedYesterday": "N",
        "awayHomeSplits": "26% - 12%",
        "savesAboveExp": -0.547,
        "gsaa": -4.83,
        "corsi": "48.2% (58.0) // 46.0% (53.4) // 43.1% (47.0) // 44.2% (48.0)",
        "fenwick": "48.4% (42.6) // 46.0% (39.4) // 43.4% (34.2) // 45.5% (35.3)",
        "shots": "48.8% (30.2) // 45.9% (27.2) // 44.7% (25.2) // 47.3% (26.7)",
        "scoring": "49.9% (29.4) // 44.5% (25.3) // 42.9% (21.2) // 47.6% (23.7)",
        "corsiAgainst": "51.8% (62.4) // 54.0% (62.8) // 56.9% (62.0) // 55.8% (60.7)",
        "fenwickAgainst": "51.6% (45.5) // 54.0% (46.1) // 56.6% (44.8) // 54.5% (42.3)",
        "shotsAgainst": "51.2% (31.7) // 54.1% (32.1) // 55.3% (31.3) // 52.7% (29.7)",
        "scoringAgainst": "50.1% (29.5) // 55.5% (31.5) // 57.1% (28.2) // 52.4% (26.0)",
        "oppCorsi": "46.6% (60.1) // 43.5% (53.4) // 44.5% (52.3) // 42.0% (49.6)",
        "oppFenwick": "46.8% (42.7) // 44.5% (39.0) // 43.3% (36.0) // 41.1% (34.4)",
        "oppShots": "46.0% (28.9) // 43.1% (26.4) // 41.2% (23.9) // 38.9% (22.5)",
        "oppScoring": "46.4% (28.0) // 42.0% (25.6) // 41.2% (23.4) // 38.8% (21.2)",
        "oppCorsiAgainst": "53.4% (68.7) // 56.5% (69.4) // 55.5% (65.2) // 58.0% (68.5)",
        "oppFenwickAgainst": "53.2% (48.6) // 55.5% (48.6) // 56.7% (47.2) // 58.9% (49.2)",
        "oppShotsAgainst": "54.0% (33.9) // 56.9% (34.9) // 58.8% (34.1) // 61.1% (35.4)",
        "oppScoringAgainst": "53.6% (32.3) // 58.0% (35.4) // 58.8% (33.4) // 61.2% (33.5)",
        "totalOver": 20,
        "totalOverLast5": 20,
        "totalOverLast15": 20,
        "lastTotalOver": 40,
        "last5": "2,0,0,0,0,0,0,0,0,0",
        "fd": "0",
        "dk": "+180/-238",
        "kambi": "0",
        "lowest": "180 DK",
        "implied": 35.714285714285715,
        "overOdds": "+180",
        "underOdds": "-238",
        "overUnder": "+180 / -238"
    },
    {
        "player": "Ivan Provorov",
        "team": "CBJ",
        "opponent": "BOS",
        "propType": "ast",
        "line": 0.5,
        "ppLine": "PP1",
        "avg": 0.47,
        "hit": false,
        "diffAvg": -0.06,
        "diffAbs": 0.4,
        "lastAvg": 0.26,
        "diff": -0.48,
        "avgMin": 23,
        "proj": 0.3,
        "lastAvgMin": 23.02,
        "oppOver": 0,
        "teamOver": 0,
        "gameLine": "+190",
        "+/-": -12,
        "L5_+/-": -3.0,
        "prevMatchup": "2023-12-03 0.0 ast 2023-11-27 0.0 ast",
        "winLossSplits": "75% - 23%",
        "awayHome": "H",
        "playedYesterday": "N",
        "awayHomeSplits": "41% - 38%",
        "savesAboveExp": 0.892,
        "gsaa": 6.5,
        "corsi": "46.6% (60.1) // 43.5% (53.4) // 44.5% (52.3) // 42.0% (49.6)",
        "fenwick": "46.8% (42.7) // 44.5% (39.0) // 43.3% (36.0) // 41.1% (34.4)",
        "shots": "46.0% (28.9) // 43.1% (26.4) // 41.2% (23.9) // 38.9% (22.5)",
        "scoring": "46.4% (28.0) // 42.0% (25.6) // 41.2% (23.4) // 38.8% (21.2)",
        "corsiAgainst": "53.4% (68.7) // 56.5% (69.4) // 55.5% (65.2) // 58.0% (68.5)",
        "fenwickAgainst": "53.2% (48.6) // 55.5% (48.6) // 56.7% (47.2) // 58.9% (49.2)",
        "shotsAgainst": "54.0% (33.9) // 56.9% (34.9) // 58.8% (34.1) // 61.1% (35.4)",
        "scoringAgainst": "53.6% (32.3) // 58.0% (35.4) // 58.8% (33.4) // 61.2% (33.5)",
        "oppCorsi": "48.2% (58.0) // 46.0% (53.4) // 43.1% (47.0) // 44.2% (48.0)",
        "oppFenwick": "48.4% (42.6) // 46.0% (39.4) // 43.4% (34.2) // 45.5% (35.3)",
        "oppShots": "48.8% (30.2) // 45.9% (27.2) // 44.7% (25.2) // 47.3% (26.7)",
        "oppScoring": "49.9% (29.4) // 44.5% (25.3) // 42.9% (21.2) // 47.6% (23.7)",
        "oppCorsiAgainst": "51.8% (62.4) // 54.0% (62.8) // 56.9% (62.0) // 55.8% (60.7)",
        "oppFenwickAgainst": "51.6% (45.5) // 54.0% (46.1) // 56.6% (44.8) // 54.5% (42.3)",
        "oppShotsAgainst": "51.2% (31.7) // 54.1% (32.1) // 55.3% (31.3) // 52.7% (29.7)",
        "oppScoringAgainst": "50.1% (29.5) // 55.5% (31.5) // 57.1% (28.2) // 52.4% (26.0)",
        "totalOver": 39,
        "totalOverLast5": 20,
        "totalOverLast15": 27,
        "lastTotalOver": 24,
        "last5": "0,1,0,0,0,2,0,2,0,0",
        "fd": "0",
        "dk": "+154/-200",
        "kambi": "0",
        "lowest": "154 DK",
        "implied": 39.37007874015748,
        "overOdds": "+154",
        "underOdds": "-200",
        "overUnder": "+154 / -200"
    },
    {
        "player": "Jack Roslovic",
        "team": "CBJ",
        "opponent": "BOS",
        "propType": "ast",
        "line": 0.5,
        "ppLine": "",
        "avg": 0.38,
        "hit": false,
        "diffAvg": -0.24,
        "diffAbs": 0.2,
        "lastAvg": 0.43,
        "diff": -0.14,
        "avgMin": 16,
        "proj": 0.4,
        "lastAvgMin": 16.43,
        "oppOver": 0,
        "teamOver": 0,
        "gameLine": "+190",
        "+/-": -8,
        "L5_+/-": -8.0,
        "prevMatchup": "",
        "winLossSplits": "25% - 33%",
        "awayHome": "H",
        "playedYesterday": "N",
        "awayHomeSplits": "25% - 38%",
        "savesAboveExp": 0.892,
        "gsaa": 6.5,
        "corsi": "46.6% (60.1) // 43.5% (53.4) // 44.5% (52.3) // 42.0% (49.6)",
        "fenwick": "46.8% (42.7) // 44.5% (39.0) // 43.3% (36.0) // 41.1% (34.4)",
        "shots": "46.0% (28.9) // 43.1% (26.4) // 41.2% (23.9) // 38.9% (22.5)",
        "scoring": "46.4% (28.0) // 42.0% (25.6) // 41.2% (23.4) // 38.8% (21.2)",
        "corsiAgainst": "53.4% (68.7) // 56.5% (69.4) // 55.5% (65.2) // 58.0% (68.5)",
        "fenwickAgainst": "53.2% (48.6) // 55.5% (48.6) // 56.7% (47.2) // 58.9% (49.2)",
        "shotsAgainst": "54.0% (33.9) // 56.9% (34.9) // 58.8% (34.1) // 61.1% (35.4)",
        "scoringAgainst": "53.6% (32.3) // 58.0% (35.4) // 58.8% (33.4) // 61.2% (33.5)",
        "oppCorsi": "48.2% (58.0) // 46.0% (53.4) // 43.1% (47.0) // 44.2% (48.0)",
        "oppFenwick": "48.4% (42.6) // 46.0% (39.4) // 43.4% (34.2) // 45.5% (35.3)",
        "oppShots": "48.8% (30.2) // 45.9% (27.2) // 44.7% (25.2) // 47.3% (26.7)",
        "oppScoring": "49.9% (29.4) // 44.5% (25.3) // 42.9% (21.2) // 47.6% (23.7)",
        "oppCorsiAgainst": "51.8% (62.4) // 54.0% (62.8) // 56.9% (62.0) // 55.8% (60.7)",
        "oppFenwickAgainst": "51.6% (45.5) // 54.0% (46.1) // 56.6% (44.8) // 54.5% (42.3)",
        "oppShotsAgainst": "51.2% (31.7) // 54.1% (32.1) // 55.3% (31.3) // 52.7% (29.7)",
        "oppScoringAgainst": "50.1% (29.5) // 55.5% (31.5) // 57.1% (28.2) // 52.4% (26.0)",
        "totalOver": 31,
        "totalOverLast5": 20,
        "totalOverLast15": 33,
        "lastTotalOver": 34,
        "last5": "0,0,0,0,1,1,0,0,0,0",
        "fd": "0",
        "dk": "+210/-280",
        "kambi": "0",
        "lowest": "210 DK",
        "implied": 32.25806451612903,
        "overOdds": "+210",
        "underOdds": "-280",
        "overUnder": "+210 / -280"
    },
    {
        "player": "Jake Debrusk",
        "team": "BOS",
        "opponent": "CBJ",
        "propType": "ast",
        "line": 0.5,
        "ppLine": "PP2",
        "avg": 0.29,
        "hit": false,
        "diffAvg": -0.42,
        "diffAbs": 0.4,
        "lastAvg": 0.32,
        "diff": -0.36,
        "avgMin": 16,
        "proj": 0.3,
        "lastAvgMin": 16.77,
        "oppOver": 0,
        "teamOver": 0,
        "gameLine": "-230",
        "+/-": "+8",
        "L5_+/-": "+2.0",
        "prevMatchup": "2023-12-03 0.0 ast 2023-11-27 0.0 ast",
        "winLossSplits": "38% - 8%",
        "awayHome": "A",
        "playedYesterday": "N",
        "awayHomeSplits": "28% - 25%",
        "savesAboveExp": -0.547,
        "gsaa": -4.83,
        "corsi": "48.2% (58.0) // 46.0% (53.4) // 43.1% (47.0) // 44.2% (48.0)",
        "fenwick": "48.4% (42.6) // 46.0% (39.4) // 43.4% (34.2) // 45.5% (35.3)",
        "shots": "48.8% (30.2) // 45.9% (27.2) // 44.7% (25.2) // 47.3% (26.7)",
        "scoring": "49.9% (29.4) // 44.5% (25.3) // 42.9% (21.2) // 47.6% (23.7)",
        "corsiAgainst": "51.8% (62.4) // 54.0% (62.8) // 56.9% (62.0) // 55.8% (60.7)",
        "fenwickAgainst": "51.6% (45.5) // 54.0% (46.1) // 56.6% (44.8) // 54.5% (42.3)",
        "shotsAgainst": "51.2% (31.7) // 54.1% (32.1) // 55.3% (31.3) // 52.7% (29.7)",
        "scoringAgainst": "50.1% (29.5) // 55.5% (31.5) // 57.1% (28.2) // 52.4% (26.0)",
        "oppCorsi": "46.6% (60.1) // 43.5% (53.4) // 44.5% (52.3) // 42.0% (49.6)",
        "oppFenwick": "46.8% (42.7) // 44.5% (39.0) // 43.3% (36.0) // 41.1% (34.4)",
        "oppShots": "46.0% (28.9) // 43.1% (26.4) // 41.2% (23.9) // 38.9% (22.5)",
        "oppScoring": "46.4% (28.0) // 42.0% (25.6) // 41.2% (23.4) // 38.8% (21.2)",
        "oppCorsiAgainst": "53.4% (68.7) // 56.5% (69.4) // 55.5% (65.2) // 58.0% (68.5)",
        "oppFenwickAgainst": "53.2% (48.6) // 55.5% (48.6) // 56.7% (47.2) // 58.9% (49.2)",
        "oppShotsAgainst": "54.0% (33.9) // 56.9% (34.9) // 58.8% (34.1) // 61.1% (35.4)",
        "oppScoringAgainst": "53.6% (32.3) // 58.0% (35.4) // 58.8% (33.4) // 61.2% (33.5)",
        "totalOver": 26,
        "totalOverLast5": 40,
        "totalOverLast15": 27,
        "lastTotalOver": 26,
        "last5": "0,1,2,0,0,0,0,0,0,1",
        "fd": "0",
        "dk": "+185/-245",
        "kambi": "0",
        "lowest": "185 DK",
        "implied": 35.08771929824561,
        "overOdds": "+185",
        "underOdds": "-245",
        "overUnder": "+185 / -245"
    },
    {
        "player": "Johnny Gaudreau",
        "team": "CBJ",
        "opponent": "BOS",
        "propType": "ast",
        "line": 0.5,
        "ppLine": "PP1",
        "avg": 0.47,
        "hit": false,
        "diffAvg": -0.06,
        "diffAbs": 0.2,
        "lastAvg": 0.65,
        "diff": 0.3,
        "avgMin": 18,
        "proj": 0.6,
        "lastAvgMin": 19.42,
        "oppOver": 0,
        "teamOver": 0,
        "gameLine": "+190",
        "+/-": -15,
        "L5_+/-": -7.0,
        "prevMatchup": "2023-12-03 0.0 ast 2023-11-27 0.0 ast",
        "winLossSplits": "58% - 27%",
        "awayHome": "H",
        "playedYesterday": "N",
        "awayHomeSplits": "29% - 43%",
        "savesAboveExp": 0.892,
        "gsaa": 6.5,
        "corsi": "46.6% (60.1) // 43.5% (53.4) // 44.5% (52.3) // 42.0% (49.6)",
        "fenwick": "46.8% (42.7) // 44.5% (39.0) // 43.3% (36.0) // 41.1% (34.4)",
        "shots": "46.0% (28.9) // 43.1% (26.4) // 41.2% (23.9) // 38.9% (22.5)",
        "scoring": "46.4% (28.0) // 42.0% (25.6) // 41.2% (23.4) // 38.8% (21.2)",
        "corsiAgainst": "53.4% (68.7) // 56.5% (69.4) // 55.5% (65.2) // 58.0% (68.5)",
        "fenwickAgainst": "53.2% (48.6) // 55.5% (48.6) // 56.7% (47.2) // 58.9% (49.2)",
        "shotsAgainst": "54.0% (33.9) // 56.9% (34.9) // 58.8% (34.1) // 61.1% (35.4)",
        "scoringAgainst": "53.6% (32.3) // 58.0% (35.4) // 58.8% (33.4) // 61.2% (33.5)",
        "oppCorsi": "48.2% (58.0) // 46.0% (53.4) // 43.1% (47.0) // 44.2% (48.0)",
        "oppFenwick": "48.4% (42.6) // 46.0% (39.4) // 43.4% (34.2) // 45.5% (35.3)",
        "oppShots": "48.8% (30.2) // 45.9% (27.2) // 44.7% (25.2) // 47.3% (26.7)",
        "oppScoring": "49.9% (29.4) // 44.5% (25.3) // 42.9% (21.2) // 47.6% (23.7)",
        "oppCorsiAgainst": "51.8% (62.4) // 54.0% (62.8) // 56.9% (62.0) // 55.8% (60.7)",
        "oppFenwickAgainst": "51.6% (45.5) // 54.0% (46.1) // 56.6% (44.8) // 54.5% (42.3)",
        "oppShotsAgainst": "51.2% (31.7) // 54.1% (32.1) // 55.3% (31.3) // 52.7% (29.7)",
        "oppScoringAgainst": "50.1% (29.5) // 55.5% (31.5) // 57.1% (28.2) // 52.4% (26.0)",
        "totalOver": 37,
        "totalOverLast5": 60,
        "totalOverLast15": 47,
        "lastTotalOver": 47,
        "last5": "0,2,0,1,1,2,1,0,0,0",
        "fd": "0",
        "dk": "+150/-195",
        "kambi": "0",
        "lowest": "150 DK",
        "implied": 40.0,
        "overOdds": "+150",
        "underOdds": "-195",
        "overUnder": "+150 / -195"
    },
    {
        "player": "Justin Danforth",
        "team": "CBJ",
        "opponent": "BOS",
        "propType": "ast",
        "line": 0.5,
        "ppLine": "PP2",
        "avg": 0.24,
        "hit": false,
        "diffAvg": -0.52,
        "diffAbs": 1.0,
        "lastAvg": 0,
        "diff": 0,
        "avgMin": 15,
        "proj": 0.0,
        "lastAvgMin": 0,
        "oppOver": 0,
        "teamOver": 0,
        "gameLine": "+190",
        "+/-": "+2",
        "L5_+/-": -1.0,
        "prevMatchup": "2023-12-03 0.0 ast 2023-11-27 0.0 ast",
        "winLossSplits": "50% - 12%",
        "awayHome": "H",
        "playedYesterday": "N",
        "awayHomeSplits": "24% - 24%",
        "savesAboveExp": 0.892,
        "gsaa": 6.5,
        "corsi": "46.6% (60.1) // 43.5% (53.4) // 44.5% (52.3) // 42.0% (49.6)",
        "fenwick": "46.8% (42.7) // 44.5% (39.0) // 43.3% (36.0) // 41.1% (34.4)",
        "shots": "46.0% (28.9) // 43.1% (26.4) // 41.2% (23.9) // 38.9% (22.5)",
        "scoring": "46.4% (28.0) // 42.0% (25.6) // 41.2% (23.4) // 38.8% (21.2)",
        "corsiAgainst": "53.4% (68.7) // 56.5% (69.4) // 55.5% (65.2) // 58.0% (68.5)",
        "fenwickAgainst": "53.2% (48.6) // 55.5% (48.6) // 56.7% (47.2) // 58.9% (49.2)",
        "shotsAgainst": "54.0% (33.9) // 56.9% (34.9) // 58.8% (34.1) // 61.1% (35.4)",
        "scoringAgainst": "53.6% (32.3) // 58.0% (35.4) // 58.8% (33.4) // 61.2% (33.5)",
        "oppCorsi": "48.2% (58.0) // 46.0% (53.4) // 43.1% (47.0) // 44.2% (48.0)",
        "oppFenwick": "48.4% (42.6) // 46.0% (39.4) // 43.4% (34.2) // 45.5% (35.3)",
        "oppShots": "48.8% (30.2) // 45.9% (27.2) // 44.7% (25.2) // 47.3% (26.7)",
        "oppScoring": "49.9% (29.4) // 44.5% (25.3) // 42.9% (21.2) // 47.6% (23.7)",
        "oppCorsiAgainst": "51.8% (62.4) // 54.0% (62.8) // 56.9% (62.0) // 55.8% (60.7)",
        "oppFenwickAgainst": "51.6% (45.5) // 54.0% (46.1) // 56.6% (44.8) // 54.5% (42.3)",
        "oppShotsAgainst": "51.2% (31.7) // 54.1% (32.1) // 55.3% (31.3) // 52.7% (29.7)",
        "oppScoringAgainst": "50.1% (29.5) // 55.5% (31.5) // 57.1% (28.2) // 52.4% (26.0)",
        "totalOver": 24,
        "totalOverLast5": 40,
        "totalOverLast15": 33,
        "lastTotalOver": 17,
        "last5": "1,1,0,0,0,0,0,1,0,1",
        "fd": "0",
        "dk": "+240/-330",
        "kambi": "0",
        "lowest": "240 DK",
        "implied": 29.411764705882355,
        "overOdds": "+240",
        "underOdds": "-330",
        "overUnder": "+240 / -330"
    },
    {
        "player": "Kent Johnson",
        "team": "CBJ",
        "opponent": "BOS",
        "propType": "ast",
        "line": 0.5,
        "ppLine": "PP2",
        "avg": 0.32,
        "hit": false,
        "diffAvg": -0.36,
        "diffAbs": 0.4,
        "lastAvg": 0.3,
        "diff": -0.4,
        "avgMin": 13,
        "proj": 0.3,
        "lastAvgMin": 14.5,
        "oppOver": 0,
        "teamOver": 0,
        "gameLine": "+190",
        "+/-": "+1",
        "L5_+/-": "+3.0",
        "prevMatchup": "2023-12-03 0.0 ast",
        "winLossSplits": "44% - 15%",
        "awayHome": "H",
        "playedYesterday": "N",
        "awayHomeSplits": "50% - 14%",
        "savesAboveExp": 0.892,
        "gsaa": 6.5,
        "corsi": "46.6% (60.1) // 43.5% (53.4) // 44.5% (52.3) // 42.0% (49.6)",
        "fenwick": "46.8% (42.7) // 44.5% (39.0) // 43.3% (36.0) // 41.1% (34.4)",
        "shots": "46.0% (28.9) // 43.1% (26.4) // 41.2% (23.9) // 38.9% (22.5)",
        "scoring": "46.4% (28.0) // 42.0% (25.6) // 41.2% (23.4) // 38.8% (21.2)",
        "corsiAgainst": "53.4% (68.7) // 56.5% (69.4) // 55.5% (65.2) // 58.0% (68.5)",
        "fenwickAgainst": "53.2% (48.6) // 55.5% (48.6) // 56.7% (47.2) // 58.9% (49.2)",
        "shotsAgainst": "54.0% (33.9) // 56.9% (34.9) // 58.8% (34.1) // 61.1% (35.4)",
        "scoringAgainst": "53.6% (32.3) // 58.0% (35.4) // 58.8% (33.4) // 61.2% (33.5)",
        "oppCorsi": "48.2% (58.0) // 46.0% (53.4) // 43.1% (47.0) // 44.2% (48.0)",
        "oppFenwick": "48.4% (42.6) // 46.0% (39.4) // 43.4% (34.2) // 45.5% (35.3)",
        "oppShots": "48.8% (30.2) // 45.9% (27.2) // 44.7% (25.2) // 47.3% (26.7)",
        "oppScoring": "49.9% (29.4) // 44.5% (25.3) // 42.9% (21.2) // 47.6% (23.7)",
        "oppCorsiAgainst": "51.8% (62.4) // 54.0% (62.8) // 56.9% (62.0) // 55.8% (60.7)",
        "oppFenwickAgainst": "51.6% (45.5) // 54.0% (46.1) // 56.6% (44.8) // 54.5% (42.3)",
        "oppShotsAgainst": "51.2% (31.7) // 54.1% (32.1) // 55.3% (31.3) // 52.7% (29.7)",
        "oppScoringAgainst": "50.1% (29.5) // 55.5% (31.5) // 57.1% (28.2) // 52.4% (26.0)",
        "totalOver": 27,
        "totalOverLast5": 0,
        "totalOverLast15": 27,
        "lastTotalOver": 26,
        "last5": "0,0,0,0,0,1,0,1,0,1",
        "fd": "0",
        "dk": "+280/-395",
        "kambi": "0",
        "lowest": "280 DK",
        "implied": 26.31578947368421,
        "overOdds": "+280",
        "underOdds": "-395",
        "overUnder": "+280 / -395"
    },
    {
        "player": "Kirill Marchenko",
        "team": "CBJ",
        "opponent": "BOS",
        "propType": "ast",
        "line": 0.5,
        "ppLine": "PP1",
        "avg": 0.22,
        "hit": false,
        "diffAvg": -0.56,
        "diffAbs": 0.8,
        "lastAvg": 0.07,
        "diff": -0.86,
        "avgMin": 16,
        "proj": 0.1,
        "lastAvgMin": 16.18,
        "oppOver": 0,
        "teamOver": 0,
        "gameLine": "+190",
        "+/-": "+5",
        "L5_+/-": "+1.0",
        "prevMatchup": "2023-12-03 0.0 ast 2023-11-27 0.0 ast",
        "winLossSplits": "25% - 17%",
        "awayHome": "H",
        "playedYesterday": "N",
        "awayHomeSplits": "12% - 25%",
        "savesAboveExp": 0.892,
        "gsaa": 6.5,
        "corsi": "46.6% (60.1) // 43.5% (53.4) // 44.5% (52.3) // 42.0% (49.6)",
        "fenwick": "46.8% (42.7) // 44.5% (39.0) // 43.3% (36.0) // 41.1% (34.4)",
        "shots": "46.0% (28.9) // 43.1% (26.4) // 41.2% (23.9) // 38.9% (22.5)",
        "scoring": "46.4% (28.0) // 42.0% (25.6) // 41.2% (23.4) // 38.8% (21.2)",
        "corsiAgainst": "53.4% (68.7) // 56.5% (69.4) // 55.5% (65.2) // 58.0% (68.5)",
        "fenwickAgainst": "53.2% (48.6) // 55.5% (48.6) // 56.7% (47.2) // 58.9% (49.2)",
        "shotsAgainst": "54.0% (33.9) // 56.9% (34.9) // 58.8% (34.1) // 61.1% (35.4)",
        "scoringAgainst": "53.6% (32.3) // 58.0% (35.4) // 58.8% (33.4) // 61.2% (33.5)",
        "oppCorsi": "48.2% (58.0) // 46.0% (53.4) // 43.1% (47.0) // 44.2% (48.0)",
        "oppFenwick": "48.4% (42.6) // 46.0% (39.4) // 43.4% (34.2) // 45.5% (35.3)",
        "oppShots": "48.8% (30.2) // 45.9% (27.2) // 44.7% (25.2) // 47.3% (26.7)",
        "oppScoring": "49.9% (29.4) // 44.5% (25.3) // 42.9% (21.2) // 47.6% (23.7)",
        "oppCorsiAgainst": "51.8% (62.4) // 54.0% (62.8) // 56.9% (62.0) // 55.8% (60.7)",
        "oppFenwickAgainst": "51.6% (45.5) // 54.0% (46.1) // 56.6% (44.8) // 54.5% (42.3)",
        "oppShotsAgainst": "51.2% (31.7) // 54.1% (32.1) // 55.3% (31.3) // 52.7% (29.7)",
        "oppScoringAgainst": "50.1% (29.5) // 55.5% (31.5) // 57.1% (28.2) // 52.4% (26.0)",
        "totalOver": 19,
        "totalOverLast5": 0,
        "totalOverLast15": 13,
        "lastTotalOver": 5,
        "last5": "0,0,0,0,0,0,0,0,1,1",
        "fd": "0",
        "dk": "+270/-375",
        "kambi": "0",
        "lowest": "270 DK",
        "implied": 27.027027027027028,
        "overOdds": "+270",
        "underOdds": "-375",
        "overUnder": "+270 / -375"
    },
    {
        "player": "Morgan Geekie",
        "team": "BOS",
        "opponent": "CBJ",
        "propType": "ast",
        "line": 0.5,
        "ppLine": "PP1",
        "avg": 0.28,
        "hit": false,
        "diffAvg": -0.44,
        "diffAbs": 0.4,
        "lastAvg": 0.23,
        "diff": -0.54,
        "avgMin": 15,
        "proj": 0.3,
        "lastAvgMin": 10.45,
        "oppOver": 0,
        "teamOver": 0,
        "gameLine": "-230",
        "+/-": "+1",
        "L5_+/-": 0.0,
        "prevMatchup": "2023-12-03 0.0 ast 2023-11-27 0.0 ast",
        "winLossSplits": "33% - 18%",
        "awayHome": "A",
        "playedYesterday": "N",
        "awayHomeSplits": "33% - 21%",
        "savesAboveExp": -0.547,
        "gsaa": -4.83,
        "corsi": "48.2% (58.0) // 46.0% (53.4) // 43.1% (47.0) // 44.2% (48.0)",
        "fenwick": "48.4% (42.6) // 46.0% (39.4) // 43.4% (34.2) // 45.5% (35.3)",
        "shots": "48.8% (30.2) // 45.9% (27.2) // 44.7% (25.2) // 47.3% (26.7)",
        "scoring": "49.9% (29.4) // 44.5% (25.3) // 42.9% (21.2) // 47.6% (23.7)",
        "corsiAgainst": "51.8% (62.4) // 54.0% (62.8) // 56.9% (62.0) // 55.8% (60.7)",
        "fenwickAgainst": "51.6% (45.5) // 54.0% (46.1) // 56.6% (44.8) // 54.5% (42.3)",
        "shotsAgainst": "51.2% (31.7) // 54.1% (32.1) // 55.3% (31.3) // 52.7% (29.7)",
        "scoringAgainst": "50.1% (29.5) // 55.5% (31.5) // 57.1% (28.2) // 52.4% (26.0)",
        "oppCorsi": "46.6% (60.1) // 43.5% (53.4) // 44.5% (52.3) // 42.0% (49.6)",
        "oppFenwick": "46.8% (42.7) // 44.5% (39.0) // 43.3% (36.0) // 41.1% (34.4)",
        "oppShots": "46.0% (28.9) // 43.1% (26.4) // 41.2% (23.9) // 38.9% (22.5)",
        "oppScoring": "46.4% (28.0) // 42.0% (25.6) // 41.2% (23.4) // 38.8% (21.2)",
        "oppCorsiAgainst": "53.4% (68.7) // 56.5% (69.4) // 55.5% (65.2) // 58.0% (68.5)",
        "oppFenwickAgainst": "53.2% (48.6) // 55.5% (48.6) // 56.7% (47.2) // 58.9% (49.2)",
        "oppShotsAgainst": "54.0% (33.9) // 56.9% (34.9) // 58.8% (34.1) // 61.1% (35.4)",
        "oppScoringAgainst": "53.6% (32.3) // 58.0% (35.4) // 58.8% (33.4) // 61.2% (33.5)",
        "totalOver": 28,
        "totalOverLast5": 20,
        "totalOverLast15": 33,
        "lastTotalOver": 26,
        "last5": "0,1,0,0,0,1,0,1,0,1",
        "fd": "0",
        "dk": "+200/-270",
        "kambi": "0",
        "lowest": "200 DK",
        "implied": 33.33333333333333,
        "overOdds": "+200",
        "underOdds": "-270",
        "overUnder": "+200 / -270"
    },
    {
        "player": "Pavel Zacha",
        "team": "BOS",
        "opponent": "CBJ",
        "propType": "ast",
        "line": 0.5,
        "ppLine": "PP1",
        "avg": 0.41,
        "hit": false,
        "diffAvg": -0.18,
        "diffAbs": 0.0,
        "lastAvg": 0.4,
        "diff": -0.2,
        "avgMin": 18,
        "proj": 0.5,
        "lastAvgMin": 16.05,
        "oppOver": 0,
        "teamOver": 0,
        "gameLine": "-230",
        "+/-": -1,
        "L5_+/-": -3.0,
        "prevMatchup": "2023-12-03 1.0 ast 2023-11-27 0.0 ast",
        "winLossSplits": "29% - 45%",
        "awayHome": "A",
        "playedYesterday": "N",
        "awayHomeSplits": "24% - 47%",
        "savesAboveExp": -0.547,
        "gsaa": -4.83,
        "corsi": "48.2% (58.0) // 46.0% (53.4) // 43.1% (47.0) // 44.2% (48.0)",
        "fenwick": "48.4% (42.6) // 46.0% (39.4) // 43.4% (34.2) // 45.5% (35.3)",
        "shots": "48.8% (30.2) // 45.9% (27.2) // 44.7% (25.2) // 47.3% (26.7)",
        "scoring": "49.9% (29.4) // 44.5% (25.3) // 42.9% (21.2) // 47.6% (23.7)",
        "corsiAgainst": "51.8% (62.4) // 54.0% (62.8) // 56.9% (62.0) // 55.8% (60.7)",
        "fenwickAgainst": "51.6% (45.5) // 54.0% (46.1) // 56.6% (44.8) // 54.5% (42.3)",
        "shotsAgainst": "51.2% (31.7) // 54.1% (32.1) // 55.3% (31.3) // 52.7% (29.7)",
        "scoringAgainst": "50.1% (29.5) // 55.5% (31.5) // 57.1% (28.2) // 52.4% (26.0)",
        "oppCorsi": "46.6% (60.1) // 43.5% (53.4) // 44.5% (52.3) // 42.0% (49.6)",
        "oppFenwick": "46.8% (42.7) // 44.5% (39.0) // 43.3% (36.0) // 41.1% (34.4)",
        "oppShots": "46.0% (28.9) // 43.1% (26.4) // 41.2% (23.9) // 38.9% (22.5)",
        "oppScoring": "46.4% (28.0) // 42.0% (25.6) // 41.2% (23.4) // 38.8% (21.2)",
        "oppCorsiAgainst": "53.4% (68.7) // 56.5% (69.4) // 55.5% (65.2) // 58.0% (68.5)",
        "oppFenwickAgainst": "53.2% (48.6) // 55.5% (48.6) // 56.7% (47.2) // 58.9% (49.2)",
        "oppShotsAgainst": "54.0% (33.9) // 56.9% (34.9) // 58.8% (34.1) // 61.1% (35.4)",
        "oppScoringAgainst": "53.6% (32.3) // 58.0% (35.4) // 58.8% (33.4) // 61.2% (33.5)",
        "totalOver": 34,
        "totalOverLast5": 0,
