[
    {
        "player": "Adam Lowry",
        "team": "WPG",
        "opponent": "MIN",
        "propType": "ast",
        "line": 0.5,
        "ppLine": "",
        "avg": 0.29,
        "hit": false,
        "diffAvg": -0.42,
        "diffAbs": 0.4,
        "lastAvg": 0.26,
        "diff": -0.48,
        "avgMin": 15,
        "proj": 0.3,
        "lastAvgMin": 15.63,
        "oppOver": 0,
        "teamOver": 0,
        "gameLine": "-118",
        "+/-": "+9",
        "L5_+/-": 0.0,
        "prevMatchup": "2023-12-31 0.0 ast 2023-12-30 1.0 ast",
        "winLossSplits": "36% - 8%",
        "awayHome": "A",
        "playedYesterday": "Y",
        "awayHomeSplits": "19% - 32%",
        "savesAboveExp": 0.141,
        "gsaa": -4.19,
        "corsi": "50.8% (59.6) // 52.4% (65.7) // 53.8% (68.1) // 53.9% (68.1)",
        "fenwick": "51.3% (43.5) // 53.7% (48.6) // 55.2% (48.5) // 56.2% (49.1)",
        "shots": "52.0% (31.0) // 53.0% (32.5) // 54.1% (32.7) // 53.2% (32.6)",
        "scoring": "50.6% (27.9) // 53.1% (31.0) // 54.9% (31.7) // 54.4% (30.6)",
        "corsiAgainst": "49.2% (57.7) // 47.6% (59.8) // 46.2% (58.5) // 46.1% (58.3)",
        "fenwickAgainst": "48.7% (41.4) // 46.3% (42.0) // 44.8% (39.4) // 43.8% (38.2)",
        "shotsAgainst": "48.0% (28.5) // 47.0% (28.8) // 45.9% (27.7) // 46.8% (28.6)",
        "scoringAgainst": "49.4% (27.2) // 46.9% (27.4) // 45.1% (26.0) // 45.6% (25.7)",
        "oppCorsi": "50.8% (61.1) // 50.3% (59.7) // 52.1% (62.5) // 49.7% (61.3)",
        "oppFenwick": "50.6% (43.4) // 49.0% (41.8) // 52.2% (44.8) // 48.9% (42.3)",
        "oppShots": "50.0% (29.7) // 49.5% (29.0) // 54.0% (32.2) // 51.1% (31.0)",
        "oppScoring": "51.6% (30.0) // 52.1% (29.6) // 53.1% (29.5) // 48.0% (27.7)",
        "oppCorsiAgainst": "49.2% (59.1) // 49.7% (58.9) // 47.9% (57.5) // 50.3% (62.0)",
        "oppFenwickAgainst": "49.4% (42.3) // 51.0% (43.4) // 47.8% (41.0) // 51.1% (44.3)",
        "oppShotsAgainst": "50.0% (29.7) // 50.5% (29.6) // 46.0% (27.5) // 48.9% (29.7)",
        "oppScoringAgainst": "48.4% (28.1) // 47.9% (27.2) // 46.9% (26.0) // 52.0% (30.0)",
        "totalOver": 26,
        "totalOverLast5": 20,
        "totalOverLast15": 7,
        "lastTotalOver": 26,
        "last5": "0,1,0,0,0,0,0,0,0,0",
        "fd": "0",
        "dk": "+250/-345",
        "kambi": "0",
        "lowest": "250 DK",
        "implied": 28.57142857142857,
        "overOdds": "+250",
        "underOdds": "-345",
        "overUnder": "+250 / -345"
    },
    {
        "player": "Alex Iafallo",
        "team": "WPG",
        "opponent": "MIN",
        "propType": "ast",
        "line": 0.5,
        "ppLine": "",
        "avg": 0.29,
        "hit": false,
        "diffAvg": -0.42,
        "diffAbs": 0.4,
        "lastAvg": 0.34,
        "diff": -0.32,
        "avgMin": 16,
        "proj": 0.3,
        "lastAvgMin": 16.3,
        "oppOver": 0,
        "teamOver": 0,
        "gameLine": "-118",
        "+/-": -2,
        "L5_+/-": "+2.0",
        "prevMatchup": "2023-12-31 0.0 ast 2023-12-30 0.0 ast",
        "winLossSplits": "23% - 8%",
        "awayHome": "A",
        "playedYesterday": "Y",
        "awayHomeSplits": "19% - 16%",
        "savesAboveExp": 0.141,
        "gsaa": -4.19,
        "corsi": "50.8% (59.6) // 52.4% (65.7) // 53.8% (68.1) // 53.9% (68.1)",
        "fenwick": "51.3% (43.5) // 53.7% (48.6) // 55.2% (48.5) // 56.2% (49.1)",
        "shots": "52.0% (31.0) // 53.0% (32.5) // 54.1% (32.7) // 53.2% (32.6)",
        "scoring": "50.6% (27.9) // 53.1% (31.0) // 54.9% (31.7) // 54.4% (30.6)",
        "corsiAgainst": "49.2% (57.7) // 47.6% (59.8) // 46.2% (58.5) // 46.1% (58.3)",
        "fenwickAgainst": "48.7% (41.4) // 46.3% (42.0) // 44.8% (39.4) // 43.8% (38.2)",
        "shotsAgainst": "48.0% (28.5) // 47.0% (28.8) // 45.9% (27.7) // 46.8% (28.6)",
        "scoringAgainst": "49.4% (27.2) // 46.9% (27.4) // 45.1% (26.0) // 45.6% (25.7)",
        "oppCorsi": "50.8% (61.1) // 50.3% (59.7) // 52.1% (62.5) // 49.7% (61.3)",
        "oppFenwick": "50.6% (43.4) // 49.0% (41.8) // 52.2% (44.8) // 48.9% (42.3)",
        "oppShots": "50.0% (29.7) // 49.5% (29.0) // 54.0% (32.2) // 51.1% (31.0)",
        "oppScoring": "51.6% (30.0) // 52.1% (29.6) // 53.1% (29.5) // 48.0% (27.7)",
        "oppCorsiAgainst": "49.2% (59.1) // 49.7% (58.9) // 47.9% (57.5) // 50.3% (62.0)",
        "oppFenwickAgainst": "49.4% (42.3) // 51.0% (43.4) // 47.8% (41.0) // 51.1% (44.3)",
        "oppShotsAgainst": "50.0% (29.7) // 50.5% (29.6) // 46.0% (27.5) // 48.9% (29.7)",
        "oppScoringAgainst": "48.4% (28.1) // 47.9% (27.2) // 46.9% (26.0) // 52.0% (30.0)",
        "totalOver": 17,
        "totalOverLast5": 0,
        "totalOverLast15": 7,
        "lastTotalOver": 33,
        "last5": "0,0,0,0,0,0,1,0,0,0",
        "fd": "0",
        "dk": "+250/-345",
        "kambi": "0",
        "lowest": "250 DK",
        "implied": 28.57142857142857,
        "overOdds": "+250",
        "underOdds": "-345",
        "overUnder": "+250 / -345"
    },
    {
        "player": "Brock Faber",
        "team": "MIN",
        "opponent": "WPG",
        "propType": "ast",
        "line": 0.5,
        "ppLine": "",
        "avg": 0.4,
        "hit": false,
        "diffAvg": -0.2,
        "diffAbs": 1.0,
        "lastAvg": 0,
        "diff": 0,
        "avgMin": 24,
        "proj": 0.0,
        "lastAvgMin": 0,
        "oppOver": 0,
        "teamOver": 0,
        "gameLine": "-102",
        "+/-": "+11",
        "L5_+/-": "+4.0",
        "prevMatchup": "2023-12-31 0.0 ast 2023-12-30 0.0 ast",
        "winLossSplits": "31% - 37%",
        "awayHome": "H",
        "playedYesterday": "Y",
        "awayHomeSplits": "44% - 24%",
        "savesAboveExp": "-",
        "gsaa": 2.39,
        "corsi": "50.8% (61.1) // 50.3% (59.7) // 52.1% (62.5) // 49.7% (61.3)",
        "fenwick": "50.6% (43.4) // 49.0% (41.8) // 52.2% (44.8) // 48.9% (42.3)",
        "shots": "50.0% (29.7) // 49.5% (29.0) // 54.0% (32.2) // 51.1% (31.0)",
        "scoring": "51.6% (30.0) // 52.1% (29.6) // 53.1% (29.5) // 48.0% (27.7)",
        "corsiAgainst": "49.2% (59.1) // 49.7% (58.9) // 47.9% (57.5) // 50.3% (62.0)",
        "fenwickAgainst": "49.4% (42.3) // 51.0% (43.4) // 47.8% (41.0) // 51.1% (44.3)",
        "shotsAgainst": "50.0% (29.7) // 50.5% (29.6) // 46.0% (27.5) // 48.9% (29.7)",
        "scoringAgainst": "48.4% (28.1) // 47.9% (27.2) // 46.9% (26.0) // 52.0% (30.0)",
        "oppCorsi": "50.8% (59.6) // 52.4% (65.7) // 53.8% (68.1) // 53.9% (68.1)",
        "oppFenwick": "51.3% (43.5) // 53.7% (48.6) // 55.2% (48.5) // 56.2% (49.1)",
        "oppShots": "52.0% (31.0) // 53.0% (32.5) // 54.1% (32.7) // 53.2% (32.6)",
        "oppScoring": "50.6% (27.9) // 53.1% (31.0) // 54.9% (31.7) // 54.4% (30.6)",
        "oppCorsiAgainst": "49.2% (57.7) // 47.6% (59.8) // 46.2% (58.5) // 46.1% (58.3)",
        "oppFenwickAgainst": "48.7% (41.4) // 46.3% (42.0) // 44.8% (39.4) // 43.8% (38.2)",
        "oppShotsAgainst": "48.0% (28.5) // 47.0% (28.8) // 45.9% (27.7) // 46.8% (28.6)",
        "oppScoringAgainst": "49.4% (27.2) // 46.9% (27.4) // 45.1% (26.0) // 45.6% (25.7)",
        "totalOver": 34,
        "totalOverLast5": 20,
        "totalOverLast15": 33,
        "lastTotalOver": 0,
        "last5": "0,0,0,0,1,1,1,0,0,0",
        "fd": "0",
        "dk": "+170/-220",
        "kambi": "0",
        "lowest": "170 DK",
        "implied": 37.03703703703704,
        "overOdds": "+170",
        "underOdds": "-220",
        "overUnder": "+170 / -220"
    },
    {
        "player": "Cole Perfetti",
        "team": "WPG",
        "opponent": "MIN",
        "propType": "ast",
        "line": 0.5,
        "ppLine": "",
        "avg": 0.37,
        "hit": false,
        "diffAvg": -0.26,
        "diffAbs": 0.2,
        "lastAvg": 0.43,
        "diff": -0.14,
        "avgMin": 14,
        "proj": 0.4,
        "lastAvgMin": 14.97,
        "oppOver": 0,
        "teamOver": 0,
        "gameLine": "-118",
        "+/-": "+10",
        "L5_+/-": "+3.0",
        "prevMatchup": "2023-12-31 1.0 ast 2023-12-30 0.0 ast",
        "winLossSplits": "45% - 15%",
        "awayHome": "A",
        "playedYesterday": "Y",
        "awayHomeSplits": "38% - 32%",
        "savesAboveExp": 0.141,
        "gsaa": -4.19,
        "corsi": "50.8% (59.6) // 52.4% (65.7) // 53.8% (68.1) // 53.9% (68.1)",
        "fenwick": "51.3% (43.5) // 53.7% (48.6) // 55.2% (48.5) // 56.2% (49.1)",
        "shots": "52.0% (31.0) // 53.0% (32.5) // 54.1% (32.7) // 53.2% (32.6)",
        "scoring": "50.6% (27.9) // 53.1% (31.0) // 54.9% (31.7) // 54.4% (30.6)",
        "corsiAgainst": "49.2% (57.7) // 47.6% (59.8) // 46.2% (58.5) // 46.1% (58.3)",
        "fenwickAgainst": "48.7% (41.4) // 46.3% (42.0) // 44.8% (39.4) // 43.8% (38.2)",
        "shotsAgainst": "48.0% (28.5) // 47.0% (28.8) // 45.9% (27.7) // 46.8% (28.6)",
        "scoringAgainst": "49.4% (27.2) // 46.9% (27.4) // 45.1% (26.0) // 45.6% (25.7)",
        "oppCorsi": "50.8% (61.1) // 50.3% (59.7) // 52.1% (62.5) // 49.7% (61.3)",
        "oppFenwick": "50.6% (43.4) // 49.0% (41.8) // 52.2% (44.8) // 48.9% (42.3)",
        "oppShots": "50.0% (29.7) // 49.5% (29.0) // 54.0% (32.2) // 51.1% (31.0)",
        "oppScoring": "51.6% (30.0) // 52.1% (29.6) // 53.1% (29.5) // 48.0% (27.7)",
        "oppCorsiAgainst": "49.2% (59.1) // 49.7% (58.9) // 47.9% (57.5) // 50.3% (62.0)",
        "oppFenwickAgainst": "49.4% (42.3) // 51.0% (43.4) // 47.8% (41.0) // 51.1% (44.3)",
        "oppShotsAgainst": "50.0% (29.7) // 50.5% (29.6) // 46.0% (27.5) // 48.9% (29.7)",
        "oppScoringAgainst": "48.4% (28.1) // 47.9% (27.2) // 46.9% (26.0) // 52.0% (30.0)",
        "totalOver": 34,
        "totalOverLast5": 60,
        "totalOverLast15": 20,
        "lastTotalOver": 36,
        "last5": "1,0,0,1,1,0,0,0,0,0",
        "fd": "0",
        "dk": "+240/-330",
        "kambi": "0",
        "lowest": "240 DK",
        "implied": 29.411764705882355,
        "overOdds": "+240",
        "underOdds": "-330",
        "overUnder": "+240 / -330"
    },
    {
        "player": "Gabriel Vilardi",
        "team": "WPG",
        "opponent": "MIN",
        "propType": "ast",
        "line": 0.5,
        "ppLine": "",
        "avg": 0.47,
        "hit": false,
        "diffAvg": -0.06,
        "diffAbs": 0.4,
        "lastAvg": 0.26,
        "diff": -0.48,
        "avgMin": 17,
        "proj": 0.3,
        "lastAvgMin": 15.6,
        "oppOver": 0,
        "teamOver": 0,
        "gameLine": "-118",
        "+/-": "+12",
        "L5_+/-": "+12.0",
        "prevMatchup": "2023-12-31 0.0 ast 2023-12-30 0.0 ast",
        "winLossSplits": "45% - 0%",
        "awayHome": "A",
        "playedYesterday": "Y",
        "awayHomeSplits": "14% - 40%",
        "savesAboveExp": 0.141,
        "gsaa": -4.19,
        "corsi": "50.8% (59.6) // 52.4% (65.7) // 53.8% (68.1) // 53.9% (68.1)",
        "fenwick": "51.3% (43.5) // 53.7% (48.6) // 55.2% (48.5) // 56.2% (49.1)",
        "shots": "52.0% (31.0) // 53.0% (32.5) // 54.1% (32.7) // 53.2% (32.6)",
        "scoring": "50.6% (27.9) // 53.1% (31.0) // 54.9% (31.7) // 54.4% (30.6)",
        "corsiAgainst": "49.2% (57.7) // 47.6% (59.8) // 46.2% (58.5) // 46.1% (58.3)",
        "fenwickAgainst": "48.7% (41.4) // 46.3% (42.0) // 44.8% (39.4) // 43.8% (38.2)",
        "shotsAgainst": "48.0% (28.5) // 47.0% (28.8) // 45.9% (27.7) // 46.8% (28.6)",
        "scoringAgainst": "49.4% (27.2) // 46.9% (27.4) // 45.1% (26.0) // 45.6% (25.7)",
        "oppCorsi": "50.8% (61.1) // 50.3% (59.7) // 52.1% (62.5) // 49.7% (61.3)",
        "oppFenwick": "50.6% (43.4) // 49.0% (41.8) // 52.2% (44.8) // 48.9% (42.3)",
        "oppShots": "50.0% (29.7) // 49.5% (29.0) // 54.0% (32.2) // 51.1% (31.0)",
        "oppScoring": "51.6% (30.0) // 52.1% (29.6) // 53.1% (29.5) // 48.0% (27.7)",
        "oppCorsiAgainst": "49.2% (59.1) // 49.7% (58.9) // 47.9% (57.5) // 50.3% (62.0)",
        "oppFenwickAgainst": "49.4% (42.3) // 51.0% (43.4) // 47.8% (41.0) // 51.1% (44.3)",
        "oppShotsAgainst": "50.0% (29.7) // 50.5% (29.6) // 46.0% (27.5) // 48.9% (29.7)",
        "oppScoringAgainst": "48.4% (28.1) // 47.9% (27.2) // 46.9% (26.0) // 52.0% (30.0)",
        "totalOver": 29,
        "totalOverLast5": 40,
        "totalOverLast15": 27,
        "lastTotalOver": 25,
        "last5": "0,0,0,1,2,0,0,3,0,0",
        "fd": "+172",
        "dk": "+190/-250",
        "kambi": "0",
        "lowest": "190 DK",
        "implied": 34.48275862068966,
        "overOdds": "+190",
        "underOdds": "-250",
        "overUnder": "+190 / -250"
    },
    {
        "player": "Jared Spurgeon",
        "team": "MIN",
        "opponent": "WPG",
        "propType": "ast",
        "line": 0.5,
        "ppLine": "",
        "avg": 0.33,
        "hit": false,
        "diffAvg": -0.34,
        "diffAbs": 0.4,
        "lastAvg": 0.27,
        "diff": -0.46,
        "avgMin": 23,
        "proj": 0.3,
        "lastAvgMin": 21.8,
        "oppOver": 0,
        "teamOver": 0,
        "gameLine": "-102",
        "+/-": "+6",
        "L5_+/-": "+8.0",
        "prevMatchup": "2023-12-31 1.0 ast 2023-12-30 0.0 ast",
        "winLossSplits": "80% - 10%",
        "awayHome": "H",
        "playedYesterday": "Y",
        "awayHomeSplits": "22% - 50%",
        "savesAboveExp": "-",
        "gsaa": 2.39,
        "corsi": "50.8% (61.1) // 50.3% (59.7) // 52.1% (62.5) // 49.7% (61.3)",
        "fenwick": "50.6% (43.4) // 49.0% (41.8) // 52.2% (44.8) // 48.9% (42.3)",
        "shots": "50.0% (29.7) // 49.5% (29.0) // 54.0% (32.2) // 51.1% (31.0)",
        "scoring": "51.6% (30.0) // 52.1% (29.6) // 53.1% (29.5) // 48.0% (27.7)",
        "corsiAgainst": "49.2% (59.1) // 49.7% (58.9) // 47.9% (57.5) // 50.3% (62.0)",
        "fenwickAgainst": "49.4% (42.3) // 51.0% (43.4) // 47.8% (41.0) // 51.1% (44.3)",
        "shotsAgainst": "50.0% (29.7) // 50.5% (29.6) // 46.0% (27.5) // 48.9% (29.7)",
        "scoringAgainst": "48.4% (28.1) // 47.9% (27.2) // 46.9% (26.0) // 52.0% (30.0)",
        "oppCorsi": "50.8% (59.6) // 52.4% (65.7) // 53.8% (68.1) // 53.9% (68.1)",
        "oppFenwick": "51.3% (43.5) // 53.7% (48.6) // 55.2% (48.5) // 56.2% (49.1)",
        "oppShots": "52.0% (31.0) // 53.0% (32.5) // 54.1% (32.7) // 53.2% (32.6)",
        "oppScoring": "50.6% (27.9) // 53.1% (31.0) // 54.9% (31.7) // 54.4% (30.6)",
        "oppCorsiAgainst": "49.2% (57.7) // 47.6% (59.8) // 46.2% (58.5) // 46.1% (58.3)",
        "oppFenwickAgainst": "48.7% (41.4) // 46.3% (42.0) // 44.8% (39.4) // 43.8% (38.2)",
        "oppShotsAgainst": "48.0% (28.5) // 47.0% (28.8) // 45.9% (27.7) // 46.8% (28.6)",
        "oppScoringAgainst": "49.4% (27.2) // 46.9% (27.4) // 45.1% (26.0) // 45.6% (25.7)",
        "totalOver": 33,
        "totalOverLast5": 20,
        "totalOverLast15": 33,
        "lastTotalOver": 29,
        "last5": "1,0,0,0,0,1,1,1,1,0",
        "fd": "+142",
        "dk": "+160/-210",
        "kambi": "0",
        "lowest": "160 DK",
        "implied": 38.46153846153847,
        "overOdds": "+160",
        "underOdds": "-210",
        "overUnder": "+160 / -210"
    },
    {
        "player": "Joel Eriksson Ek",
        "team": "MIN",
        "opponent": "WPG",
        "propType": "ast",
        "line": 0.5,
        "ppLine": "",
        "avg": 0.29,
        "hit": false,
        "diffAvg": -0.42,
        "diffAbs": 0.0,
        "lastAvg": 0.48,
        "diff": -0.04,
        "avgMin": 20,
        "proj": 0.5,
        "lastAvgMin": 18.98,
        "oppOver": 0,
        "teamOver": 0,
        "gameLine": "-102",
        "+/-": "+12",
        "L5_+/-": "+8.0",
        "prevMatchup": "2023-12-31 0.0 ast 2023-12-30 0.0 ast",
        "winLossSplits": "38% - 16%",
        "awayHome": "H",
        "playedYesterday": "Y",
        "awayHomeSplits": "17% - 35%",
        "savesAboveExp": "-",
        "gsaa": 2.39,
        "corsi": "50.8% (61.1) // 50.3% (59.7) // 52.1% (62.5) // 49.7% (61.3)",
        "fenwick": "50.6% (43.4) // 49.0% (41.8) // 52.2% (44.8) // 48.9% (42.3)",
        "shots": "50.0% (29.7) // 49.5% (29.0) // 54.0% (32.2) // 51.1% (31.0)",
        "scoring": "51.6% (30.0) // 52.1% (29.6) // 53.1% (29.5) // 48.0% (27.7)",
        "corsiAgainst": "49.2% (59.1) // 49.7% (58.9) // 47.9% (57.5) // 50.3% (62.0)",
        "fenwickAgainst": "49.4% (42.3) // 51.0% (43.4) // 47.8% (41.0) // 51.1% (44.3)",
        "shotsAgainst": "50.0% (29.7) // 50.5% (29.6) // 46.0% (27.5) // 48.9% (29.7)",
        "scoringAgainst": "48.4% (28.1) // 47.9% (27.2) // 46.9% (26.0) // 52.0% (30.0)",
        "oppCorsi": "50.8% (59.6) // 52.4% (65.7) // 53.8% (68.1) // 53.9% (68.1)",
        "oppFenwick": "51.3% (43.5) // 53.7% (48.6) // 55.2% (48.5) // 56.2% (49.1)",
        "oppShots": "52.0% (31.0) // 53.0% (32.5) // 54.1% (32.7) // 53.2% (32.6)",
        "oppScoring": "50.6% (27.9) // 53.1% (31.0) // 54.9% (31.7) // 54.4% (30.6)",
        "oppCorsiAgainst": "49.2% (57.7) // 47.6% (59.8) // 46.2% (58.5) // 46.1% (58.3)",
        "oppFenwickAgainst": "48.7% (41.4) // 46.3% (42.0) // 44.8% (39.4) // 43.8% (38.2)",
        "oppShotsAgainst": "48.0% (28.5) // 47.0% (28.8) // 45.9% (27.7) // 46.8% (28.6)",
        "oppScoringAgainst": "49.4% (27.2) // 46.9% (27.4) // 45.1% (26.0) // 45.6% (25.7)",
        "totalOver": 26,
        "totalOverLast5": 40,
        "totalOverLast15": 20,
        "lastTotalOver": 41,
        "last5": "0,0,1,1,0,1,0,0,0,0",
        "fd": "+126",
        "dk": "+130/-166",
        "kambi": "0",
        "lowest": "130 DK",
        "implied": 43.47826086956522,
        "overOdds": "+130",
        "underOdds": "-166",
        "overUnder": "+130 / -166"
    },
    {
        "player": "Josh Morrissey",
        "team": "WPG",
        "opponent": "MIN",
        "propType": "ast",
        "line": 0.5,
        "ppLine": "",
        "avg": 0.69,
        "hit": false,
        "diffAvg": 0.38,
        "diffAbs": 0.4,
        "lastAvg": 0.72,
        "diff": 0.44,
        "avgMin": 24,
        "proj": 0.7,
        "lastAvgMin": 24.22,
        "oppOver": 0,
        "teamOver": 0,
        "gameLine": "-118",
        "+/-": "+21",
        "L5_+/-": "+12.0",
        "prevMatchup": "2023-12-31 0.0 ast 2023-12-30 1.0 ast",
        "winLossSplits": "64% - 23%",
        "awayHome": "A",
        "playedYesterday": "Y",
        "awayHomeSplits": "50% - 47%",
        "savesAboveExp": 0.141,
        "gsaa": -4.19,
        "corsi": "50.8% (59.6) // 52.4% (65.7) // 53.8% (68.1) // 53.9% (68.1)",
        "fenwick": "51.3% (43.5) // 53.7% (48.6) // 55.2% (48.5) // 56.2% (49.1)",
        "shots": "52.0% (31.0) // 53.0% (32.5) // 54.1% (32.7) // 53.2% (32.6)",
        "scoring": "50.6% (27.9) // 53.1% (31.0) // 54.9% (31.7) // 54.4% (30.6)",
        "corsiAgainst": "49.2% (57.7) // 47.6% (59.8) // 46.2% (58.5) // 46.1% (58.3)",
        "fenwickAgainst": "48.7% (41.4) // 46.3% (42.0) // 44.8% (39.4) // 43.8% (38.2)",
        "shotsAgainst": "48.0% (28.5) // 47.0% (28.8) // 45.9% (27.7) // 46.8% (28.6)",
        "scoringAgainst": "49.4% (27.2) // 46.9% (27.4) // 45.1% (26.0) // 45.6% (25.7)",
        "oppCorsi": "50.8% (61.1) // 50.3% (59.7) // 52.1% (62.5) // 49.7% (61.3)",
        "oppFenwick": "50.6% (43.4) // 49.0% (41.8) // 52.2% (44.8) // 48.9% (42.3)",
        "oppShots": "50.0% (29.7) // 49.5% (29.0) // 54.0% (32.2) // 51.1% (31.0)",
        "oppScoring": "51.6% (30.0) // 52.1% (29.6) // 53.1% (29.5) // 48.0% (27.7)",
        "oppCorsiAgainst": "49.2% (59.1) // 49.7% (58.9) // 47.9% (57.5) // 50.3% (62.0)",
        "oppFenwickAgainst": "49.4% (42.3) // 51.0% (43.4) // 47.8% (41.0) // 51.1% (44.3)",
        "oppShotsAgainst": "50.0% (29.7) // 50.5% (29.6) // 46.0% (27.5) // 48.9% (29.7)",
        "oppScoringAgainst": "48.4% (28.1) // 47.9% (27.2) // 46.9% (26.0) // 52.0% (30.0)",
        "totalOver": 49,
        "totalOverLast5": 40,
        "totalOverLast15": 47,
        "lastTotalOver": 56,
        "last5": "0,1,0,0,1,1,2,0,0,2",
        "fd": "+114",
        "dk": "+120/-150",
        "kambi": "0",
        "lowest": "120 DK",
        "implied": 45.45454545454545,
        "overOdds": "+120",
        "underOdds": "-150",
        "overUnder": "+120 / -150"
    },
    {
        "player": "Marco Rossi",
        "team": "MIN",
        "opponent": "WPG",
        "propType": "ast",
        "line": 0.5,
        "ppLine": "",
        "avg": 0.31,
        "hit": false,
        "diffAvg": -0.38,
        "diffAbs": 0.8,
        "lastAvg": 0.05,
        "diff": -0.9,
        "avgMin": 16,
        "proj": 0.1,
        "lastAvgMin": 12.52,
        "oppOver": 0,
        "teamOver": 0,
        "gameLine": "-102",
        "+/-": "+9",
        "L5_+/-": "+5.0",
        "prevMatchup": "2023-12-31 0.0 ast 2023-12-30 0.0 ast",
        "winLossSplits": "31% - 26%",
        "awayHome": "H",
        "playedYesterday": "Y",
        "awayHomeSplits": "22% - 35%",
        "savesAboveExp": "-",
        "gsaa": 2.39,
        "corsi": "50.8% (61.1) // 50.3% (59.7) // 52.1% (62.5) // 49.7% (61.3)",
        "fenwick": "50.6% (43.4) // 49.0% (41.8) // 52.2% (44.8) // 48.9% (42.3)",
        "shots": "50.0% (29.7) // 49.5% (29.0) // 54.0% (32.2) // 51.1% (31.0)",
        "scoring": "51.6% (30.0) // 52.1% (29.6) // 53.1% (29.5) // 48.0% (27.7)",
        "corsiAgainst": "49.2% (59.1) // 49.7% (58.9) // 47.9% (57.5) // 50.3% (62.0)",
        "fenwickAgainst": "49.4% (42.3) // 51.0% (43.4) // 47.8% (41.0) // 51.1% (44.3)",
        "shotsAgainst": "50.0% (29.7) // 50.5% (29.6) // 46.0% (27.5) // 48.9% (29.7)",
        "scoringAgainst": "48.4% (28.1) // 47.9% (27.2) // 46.9% (26.0) // 52.0% (30.0)",
        "oppCorsi": "50.8% (59.6) // 52.4% (65.7) // 53.8% (68.1) // 53.9% (68.1)",
        "oppFenwick": "51.3% (43.5) // 53.7% (48.6) // 55.2% (48.5) // 56.2% (49.1)",
        "oppShots": "52.0% (31.0) // 53.0% (32.5) // 54.1% (32.7) // 53.2% (32.6)",
        "oppScoring": "50.6% (27.9) // 53.1% (31.0) // 54.9% (31.7) // 54.4% (30.6)",
        "oppCorsiAgainst": "49.2% (57.7) // 47.6% (59.8) // 46.2% (58.5) // 46.1% (58.3)",
        "oppFenwickAgainst": "48.7% (41.4) // 46.3% (42.0) // 44.8% (39.4) // 43.8% (38.2)",
        "oppShotsAgainst": "48.0% (28.5) // 47.0% (28.8) // 45.9% (27.7) // 46.8% (28.6)",
        "oppScoringAgainst": "49.4% (27.2) // 46.9% (27.4) // 45.1% (26.0) // 45.6% (25.7)",
        "totalOver": 29,
        "totalOverLast5": 40,
        "totalOverLast15": 27,
        "lastTotalOver": 5,
        "last5": "0,0,1,0,2,1,0,0,0,0",
        "fd": "+215",
        "dk": "+220/-298",
        "kambi": "0",
        "lowest": "220 DK",
        "implied": 31.25,
        "overOdds": "+220",
        "underOdds": "-298",
        "overUnder": "+220 / -298"
    },
    {
        "player": "Marcus Johansson",
        "team": "MIN",
        "opponent": "WPG",
        "propType": "ast",
        "line": 0.5,
        "ppLine": "",
        "avg": 0.46,
        "hit": false,
        "diffAvg": -0.08,
        "diffAbs": 0.4,
        "lastAvg": 0.31,
        "diff": -0.38,
        "avgMin": 16,
        "proj": 0.3,
        "lastAvgMin": 16.48,
        "oppOver": 0,
        "teamOver": 0,
        "gameLine": "-102",
        "+/-": "+3",
        "L5_+/-": "+5.0",
        "prevMatchup": "2023-12-31 1.0 ast 2023-12-30 1.0 ast",
        "winLossSplits": "44% - 42%",
        "awayHome": "H",
        "playedYesterday": "Y",
        "awayHomeSplits": "39% - 47%",
        "savesAboveExp": "-",
        "gsaa": 2.39,
        "corsi": "50.8% (61.1) // 50.3% (59.7) // 52.1% (62.5) // 49.7% (61.3)",
        "fenwick": "50.6% (43.4) // 49.0% (41.8) // 52.2% (44.8) // 48.9% (42.3)",
        "shots": "50.0% (29.7) // 49.5% (29.0) // 54.0% (32.2) // 51.1% (31.0)",
        "scoring": "51.6% (30.0) // 52.1% (29.6) // 53.1% (29.5) // 48.0% (27.7)",
        "corsiAgainst": "49.2% (59.1) // 49.7% (58.9) // 47.9% (57.5) // 50.3% (62.0)",
        "fenwickAgainst": "49.4% (42.3) // 51.0% (43.4) // 47.8% (41.0) // 51.1% (44.3)",
        "shotsAgainst": "50.0% (29.7) // 50.5% (29.6) // 46.0% (27.5) // 48.9% (29.7)",
        "scoringAgainst": "48.4% (28.1) // 47.9% (27.2) // 46.9% (26.0) // 52.0% (30.0)",
        "oppCorsi": "50.8% (59.6) // 52.4% (65.7) // 53.8% (68.1) // 53.9% (68.1)",
        "oppFenwick": "51.3% (43.5) // 53.7% (48.6) // 55.2% (48.5) // 56.2% (49.1)",
        "oppShots": "52.0% (31.0) // 53.0% (32.5) // 54.1% (32.7) // 53.2% (32.6)",
        "oppScoring": "50.6% (27.9) // 53.1% (31.0) // 54.9% (31.7) // 54.4% (30.6)",
        "oppCorsiAgainst": "49.2% (57.7) // 47.6% (59.8) // 46.2% (58.5) // 46.1% (58.3)",
        "oppFenwickAgainst": "48.7% (41.4) // 46.3% (42.0) // 44.8% (39.4) // 43.8% (38.2)",
        "oppShotsAgainst": "48.0% (28.5) // 47.0% (28.8) // 45.9% (27.7) // 46.8% (28.6)",
        "oppScoringAgainst": "49.4% (27.2) // 46.9% (27.4) // 45.1% (26.0) // 45.6% (25.7)",
        "totalOver": 43,
        "totalOverLast5": 80,
        "totalOverLast15": 53,
        "lastTotalOver": 26,
        "last5": "1,1,1,0,1,0,1,0,1,0",
        "fd": "0",
        "dk": "+200/-270",
        "kambi": "0",
        "lowest": "200 DK",
        "implied": 33.33333333333333,
        "overOdds": "+200",
        "underOdds": "-270",
        "overUnder": "+200 / -270"
    },
    {
        "player": "Mark Scheifele",
        "team": "WPG",
        "opponent": "MIN",
        "propType": "ast",
        "line": 0.5,
        "ppLine": "",
        "avg": 0.69,
        "hit": false,
        "diffAvg": 0.38,
        "diffAbs": 0.4,
        "lastAvg": 0.31,
        "diff": -0.38,
        "avgMin": 20,
        "proj": 0.3,
        "lastAvgMin": 20.47,
        "oppOver": 0,
        "teamOver": 0,
        "gameLine": "-118",
        "+/-": "+14",
        "L5_+/-": "+13.0",
        "prevMatchup": "2023-12-31 0.0 ast 2023-12-30 0.0 ast",
        "winLossSplits": "45% - 46%",
        "awayHome": "A",
        "playedYesterday": "Y",
        "awayHomeSplits": "25% - 63%",
        "savesAboveExp": 0.141,
        "gsaa": -4.19,
        "corsi": "50.8% (59.6) // 52.4% (65.7) // 53.8% (68.1) // 53.9% (68.1)",
        "fenwick": "51.3% (43.5) // 53.7% (48.6) // 55.2% (48.5) // 56.2% (49.1)",
        "shots": "52.0% (31.0) // 53.0% (32.5) // 54.1% (32.7) // 53.2% (32.6)",
        "scoring": "50.6% (27.9) // 53.1% (31.0) // 54.9% (31.7) // 54.4% (30.6)",
        "corsiAgainst": "49.2% (57.7) // 47.6% (59.8) // 46.2% (58.5) // 46.1% (58.3)",
        "fenwickAgainst": "48.7% (41.4) // 46.3% (42.0) // 44.8% (39.4) // 43.8% (38.2)",
        "shotsAgainst": "48.0% (28.5) // 47.0% (28.8) // 45.9% (27.7) // 46.8% (28.6)",
        "scoringAgainst": "49.4% (27.2) // 46.9% (27.4) // 45.1% (26.0) // 45.6% (25.7)",
        "oppCorsi": "50.8% (61.1) // 50.3% (59.7) // 52.1% (62.5) // 49.7% (61.3)",
        "oppFenwick": "50.6% (43.4) // 49.0% (41.8) // 52.2% (44.8) // 48.9% (42.3)",
        "oppShots": "50.0% (29.7) // 49.5% (29.0) // 54.0% (32.2) // 51.1% (31.0)",
        "oppScoring": "51.6% (30.0) // 52.1% (29.6) // 53.1% (29.5) // 48.0% (27.7)",
        "oppCorsiAgainst": "49.2% (59.1) // 49.7% (58.9) // 47.9% (57.5) // 50.3% (62.0)",
        "oppFenwickAgainst": "49.4% (42.3) // 51.0% (43.4) // 47.8% (41.0) // 51.1% (44.3)",
        "oppShotsAgainst": "50.0% (29.7) // 50.5% (29.6) // 46.0% (27.5) // 48.9% (29.7)",
        "oppScoringAgainst": "48.4% (28.1) // 47.9% (27.2) // 46.9% (26.0) // 52.0% (30.0)",
        "totalOver": 46,
        "totalOverLast5": 20,
        "totalOverLast15": 33,
        "lastTotalOver": 23,
        "last5": "0,0,0,2,0,0,2,1,0,0",
        "fd": "+126",
        "dk": "+130/-166",
        "kambi": "0",
        "lowest": "130 DK",
        "implied": 43.47826086956522,
        "overOdds": "+130",
        "underOdds": "-166",
        "overUnder": "+130 / -166"
    },
    {
        "player": "Matthew Boldy",
        "team": "MIN",
        "opponent": "WPG",
        "propType": "ast",
        "line": 0.5,
        "ppLine": "",
        "avg": 0.36,
        "hit": false,
        "diffAvg": -0.28,
        "diffAbs": 0.4,
        "lastAvg": 0.37,
        "diff": -0.26,
        "avgMin": 17,
        "proj": 0.3,
        "lastAvgMin": 18.48,
        "oppOver": 0,
        "teamOver": 0,
        "gameLine": "-102",
        "+/-": "+5",
        "L5_+/-": "+5.0",
        "prevMatchup": "2023-12-31 0.0 ast 2023-12-30 0.0 ast",
        "winLossSplits": "29% - 36%",
        "awayHome": "H",
        "playedYesterday": "Y",
        "awayHomeSplits": "36% - 29%",
        "savesAboveExp": "-",
        "gsaa": 2.39,
        "corsi": "50.8% (61.1) // 50.3% (59.7) // 52.1% (62.5) // 49.7% (61.3)",
        "fenwick": "50.6% (43.4) // 49.0% (41.8) // 52.2% (44.8) // 48.9% (42.3)",
        "shots": "50.0% (29.7) // 49.5% (29.0) // 54.0% (32.2) // 51.1% (31.0)",
        "scoring": "51.6% (30.0) // 52.1% (29.6) // 53.1% (29.5) // 48.0% (27.7)",
        "corsiAgainst": "49.2% (59.1) // 49.7% (58.9) // 47.9% (57.5) // 50.3% (62.0)",
        "fenwickAgainst": "49.4% (42.3) // 51.0% (43.4) // 47.8% (41.0) // 51.1% (44.3)",
        "shotsAgainst": "50.0% (29.7) // 50.5% (29.6) // 46.0% (27.5) // 48.9% (29.7)",
        "scoringAgainst": "48.4% (28.1) // 47.9% (27.2) // 46.9% (26.0) // 52.0% (30.0)",
        "oppCorsi": "50.8% (59.6) // 52.4% (65.7) // 53.8% (68.1) // 53.9% (68.1)",
        "oppFenwick": "51.3% (43.5) // 53.7% (48.6) // 55.2% (48.5) // 56.2% (49.1)",
        "oppShots": "52.0% (31.0) // 53.0% (32.5) // 54.1% (32.7) // 53.2% (32.6)",
        "oppScoring": "50.6% (27.9) // 53.1% (31.0) // 54.9% (31.7) // 54.4% (30.6)",
        "oppCorsiAgainst": "49.2% (57.7) // 47.6% (59.8) // 46.2% (58.5) // 46.1% (58.3)",
        "oppFenwickAgainst": "48.7% (41.4) // 46.3% (42.0) // 44.8% (39.4) // 43.8% (38.2)",
        "oppShotsAgainst": "48.0% (28.5) // 47.0% (28.8) // 45.9% (27.7) // 46.8% (28.6)",
        "oppScoringAgainst": "49.4% (27.2) // 46.9% (27.4) // 45.1% (26.0) // 45.6% (25.7)",
        "totalOver": 32,
        "totalOverLast5": 0,
        "totalOverLast15": 20,
        "lastTotalOver": 35,
        "last5": "0,0,0,0,0,0,1,0,0,0",
        "fd": "0",
        "dk": "+120/-150",
        "kambi": "0",
        "lowest": "120 DK",
        "implied": 45.45454545454545,
        "overOdds": "+120",
        "underOdds": "-150",
        "overUnder": "+120 / -150"
    },
    {
        "player": "Nikolaj Ehlers",
        "team": "WPG",
        "opponent": "MIN",
        "propType": "ast",
        "line": 0.5,
        "ppLine": "",
        "avg": 0.43,
        "hit": false,
        "diffAvg": -0.14,
        "diffAbs": 0.2,
        "lastAvg": 0.57,
        "diff": 0.14,
        "avgMin": 16,
        "proj": 0.6,
        "lastAvgMin": 15.63,
        "oppOver": 0,
        "teamOver": 0,
        "gameLine": "-118",
        "+/-": "+16",
        "L5_+/-": "+12.0",
        "prevMatchup": "2023-12-31 0.0 ast 2023-12-30 0.0 ast",
        "winLossSplits": "45% - 23%",
        "awayHome": "A",
        "playedYesterday": "Y",
        "awayHomeSplits": "31% - 42%",
        "savesAboveExp": 0.141,
        "gsaa": -4.19,
        "corsi": "50.8% (59.6) // 52.4% (65.7) // 53.8% (68.1) // 53.9% (68.1)",
        "fenwick": "51.3% (43.5) // 53.7% (48.6) // 55.2% (48.5) // 56.2% (49.1)",
        "shots": "52.0% (31.0) // 53.0% (32.5) // 54.1% (32.7) // 53.2% (32.6)",
        "scoring": "50.6% (27.9) // 53.1% (31.0) // 54.9% (31.7) // 54.4% (30.6)",
        "corsiAgainst": "49.2% (57.7) // 47.6% (59.8) // 46.2% (58.5) // 46.1% (58.3)",
        "fenwickAgainst": "48.7% (41.4) // 46.3% (42.0) // 44.8% (39.4) // 43.8% (38.2)",
        "shotsAgainst": "48.0% (28.5) // 47.0% (28.8) // 45.9% (27.7) // 46.8% (28.6)",
        "scoringAgainst": "49.4% (27.2) // 46.9% (27.4) // 45.1% (26.0) // 45.6% (25.7)",
        "oppCorsi": "50.8% (61.1) // 50.3% (59.7) // 52.1% (62.5) // 49.7% (61.3)",
        "oppFenwick": "50.6% (43.4) // 49.0% (41.8) // 52.2% (44.8) // 48.9% (42.3)",
        "oppShots": "50.0% (29.7) // 49.5% (29.0) // 54.0% (32.2) // 51.1% (31.0)",
        "oppScoring": "51.6% (30.0) // 52.1% (29.6) // 53.1% (29.5) // 48.0% (27.7)",
        "oppCorsiAgainst": "49.2% (59.1) // 49.7% (58.9) // 47.9% (57.5) // 50.3% (62.0)",
        "oppFenwickAgainst": "49.4% (42.3) // 51.0% (43.4) // 47.8% (41.0) // 51.1% (44.3)",
        "oppShotsAgainst": "50.0% (29.7) // 50.5% (29.6) // 46.0% (27.5) // 48.9% (29.7)",
        "oppScoringAgainst": "48.4% (28.1) // 47.9% (27.2) // 46.9% (26.0) // 52.0% (30.0)",
        "totalOver": 37,
        "totalOverLast5": 40,
        "totalOverLast15": 60,
        "lastTotalOver": 46,
        "last5": "0,0,0,1,1,1,1,2,0,1",
        "fd": "+164",
        "dk": "+175/-230",
        "kambi": "0",
        "lowest": "175 DK",
        "implied": 36.36363636363637,
        "overOdds": "+175",
        "underOdds": "-230",
        "overUnder": "+175 / -230"
    },
    {
        "player": "Nino Niederreiter",
        "team": "WPG",
        "opponent": "MIN",
        "propType": "ast",
        "line": 0.5,
        "ppLine": "",
        "avg": 0.29,
        "hit": false,
        "diffAvg": -0.42,
        "diffAbs": 0.6,
        "lastAvg": 0.2,
        "diff": -0.6,
        "avgMin": 15,
        "proj": 0.2,
        "lastAvgMin": 16.28,
        "oppOver": 0,
        "teamOver": 0,
        "gameLine": "-118",
        "+/-": "+12",
        "L5_+/-": "+1.0",
        "prevMatchup": "2023-12-31 0.0 ast 2023-12-30 0.0 ast",
        "winLossSplits": "32% - 15%",
        "awayHome": "A",
        "playedYesterday": "Y",
        "awayHomeSplits": "19% - 32%",
        "savesAboveExp": 0.141,
        "gsaa": -4.19,
        "corsi": "50.8% (59.6) // 52.4% (65.7) // 53.8% (68.1) // 53.9% (68.1)",
        "fenwick": "51.3% (43.5) // 53.7% (48.6) // 55.2% (48.5) // 56.2% (49.1)",
        "shots": "52.0% (31.0) // 53.0% (32.5) // 54.1% (32.7) // 53.2% (32.6)",
        "scoring": "50.6% (27.9) // 53.1% (31.0) // 54.9% (31.7) // 54.4% (30.6)",
        "corsiAgainst": "49.2% (57.7) // 47.6% (59.8) // 46.2% (58.5) // 46.1% (58.3)",
        "fenwickAgainst": "48.7% (41.4) // 46.3% (42.0) // 44.8% (39.4) // 43.8% (38.2)",
        "shotsAgainst": "48.0% (28.5) // 47.0% (28.8) // 45.9% (27.7) // 46.8% (28.6)",
        "scoringAgainst": "49.4% (27.2) // 46.9% (27.4) // 45.1% (26.0) // 45.6% (25.7)",
        "oppCorsi": "50.8% (61.1) // 50.3% (59.7) // 52.1% (62.5) // 49.7% (61.3)",
        "oppFenwick": "50.6% (43.4) // 49.0% (41.8) // 52.2% (44.8) // 48.9% (42.3)",
        "oppShots": "50.0% (29.7) // 49.5% (29.0) // 54.0% (32.2) // 51.1% (31.0)",
        "oppScoring": "51.6% (30.0) // 52.1% (29.6) // 53.1% (29.5) // 48.0% (27.7)",
        "oppCorsiAgainst": "49.2% (59.1) // 49.7% (58.9) // 47.9% (57.5) // 50.3% (62.0)",
        "oppFenwickAgainst": "49.4% (42.3) // 51.0% (43.4) // 47.8% (41.0) // 51.1% (44.3)",
        "oppShotsAgainst": "50.0% (29.7) // 50.5% (29.6) // 46.0% (27.5) // 48.9% (29.7)",
        "oppScoringAgainst": "48.4% (28.1) // 47.9% (27.2) // 46.9% (26.0) // 52.0% (30.0)",
        "totalOver": 26,
        "totalOverLast5": 20,
        "totalOverLast15": 13,
        "lastTotalOver": 21,
        "last5": "0,0,0,1,0,0,0,0,0,0",
        "fd": "0",
        "dk": "+290/-410",
        "kambi": "0",
        "lowest": "290 DK",
        "implied": 25.64102564102564,
        "overOdds": "+290",
        "underOdds": "-410",
        "overUnder": "+290 / -410"
    },
    {
        "player": "Brad Marchand",
        "team": "BOS",
        "opponent": "DET",
        "propType": "ast",
        "line": 0.5,
        "ppLine": "",
        "avg": 0.57,
        "hit": false,
        "diffAvg": 0.14,
        "diffAbs": 0.2,
        "lastAvg": 0.57,
        "diff": 0.14,
        "avgMin": 19,
        "proj": 0.6,
        "lastAvgMin": 18.52,
        "oppOver": 0,
        "teamOver": 0,
        "gameLine": "-135",
        "+/-": 0,
        "L5_+/-": -1.0,
        "prevMatchup": "2023-12-31 1.0 ast 2023-11-24 0.0 ast 2023-11-04 0.0 ast 2023-10-28 1.0 ast",
        "winLossSplits": "59% - 23%",
        "awayHome": "A",
        "playedYesterday": "Y",
        "awayHomeSplits": "42% - 50%",
        "savesAboveExp": "-",
        "gsaa": 4.29,
        "corsi": "48.2% (58.0) // 46.0% (53.4) // 43.9% (49.4) // 44.2% (48.0)",
        "fenwick": "48.4% (42.6) // 46.0% (39.4) // 44.3% (36.0) // 45.5% (35.3)",
        "shots": "48.8% (30.2) // 45.9% (27.2) // 44.4% (25.2) // 47.3% (26.7)",
        "scoring": "49.9% (29.4) // 44.5% (25.3) // 43.1% (22.4) // 47.6% (23.7)",
        "corsiAgainst": "51.8% (62.4) // 54.0% (62.8) // 56.1% (63.2) // 55.8% (60.7)",
        "fenwickAgainst": "51.6% (45.5) // 54.0% (46.1) // 55.7% (45.2) // 54.5% (42.3)",
        "shotsAgainst": "51.2% (31.7) // 54.1% (32.1) // 55.6% (31.6) // 52.7% (29.7)",
        "scoringAgainst": "50.1% (29.5) // 55.5% (31.5) // 56.9% (29.6) // 52.4% (26.0)",
        "oppCorsi": "47.4% (56.6) // 49.1% (60.0) // 48.9% (57.4) // 51.4% (59.9)",
        "oppFenwick": "47.2% (41.7) // 46.8% (42.5) // 46.9% (41.6) // 49.6% (42.5)",
        "oppShots": "48.3% (29.6) // 46.1% (29.0) // 45.4% (27.7) // 46.8% (26.7)",
        "oppScoring": "47.0% (27.4) // 49.3% (28.6) // 49.5% (27.7) // 50.3% (29.3)",
        "oppCorsiAgainst": "52.6% (63.0) // 50.9% (62.1) // 51.1% (60.0) // 48.6% (56.6)",
        "oppFenwickAgainst": "52.8% (46.6) // 53.2% (48.2) // 53.1% (47.1) // 50.4% (43.1)",
        "oppShotsAgainst": "51.7% (31.7) // 53.9% (33.9) // 54.6% (33.4) // 53.2% (30.3)",
        "oppScoringAgainst": "53.0% (30.9) // 50.7% (29.3) // 50.5% (28.3) // 49.7% (29.0)",
        "totalOver": 46,
        "totalOverLast5": 80,
        "totalOverLast15": 40,
        "lastTotalOver": 45,
        "last5": "1,2,2,1,0,0,0,1,0,1",
        "fd": "-130",
        "dk": "-125/-105",
        "kambi": "0",
        "lowest": "-125 DK",
        "implied": 55.55555555555556,
        "overOdds": "-125",
        "underOdds": "-105",
        "overUnder": "-125 / -105"
    },
    {
        "player": "Charlie Coyle",
        "team": "BOS",
        "opponent": "DET",
        "propType": "ast",
        "line": 0.5,
        "ppLine": "",
        "avg": 0.34,
        "hit": false,
        "diffAvg": -0.32,
        "diffAbs": 0.4,
        "lastAvg": 0.33,
        "diff": -0.34,
        "avgMin": 17,
        "proj": 0.3,
        "lastAvgMin": 16.98,
        "oppOver": 0,
        "teamOver": 0,
        "gameLine": "-135",
        "+/-": "+3",
        "L5_+/-": 0.0,
        "prevMatchup": "2023-12-31 0.0 ast 2023-11-24 1.0 ast 2023-11-04 0.0 ast 2023-10-28 0.0 ast",
        "winLossSplits": "41% - 8%",
        "awayHome": "A",
        "playedYesterday": "Y",
        "awayHomeSplits": "16% - 44%",
        "savesAboveExp": "-",
        "gsaa": 4.29,
        "corsi": "48.2% (58.0) // 46.0% (53.4) // 43.9% (49.4) // 44.2% (48.0)",
        "fenwick": "48.4% (42.6) // 46.0% (39.4) // 44.3% (36.0) // 45.5% (35.3)",
        "shots": "48.8% (30.2) // 45.9% (27.2) // 44.4% (25.2) // 47.3% (26.7)",
        "scoring": "49.9% (29.4) // 44.5% (25.3) // 43.1% (22.4) // 47.6% (23.7)",
        "corsiAgainst": "51.8% (62.4) // 54.0% (62.8) // 56.1% (63.2) // 55.8% (60.7)",
        "fenwickAgainst": "51.6% (45.5) // 54.0% (46.1) // 55.7% (45.2) // 54.5% (42.3)",
        "shotsAgainst": "51.2% (31.7) // 54.1% (32.1) // 55.6% (31.6) // 52.7% (29.7)",
        "scoringAgainst": "50.1% (29.5) // 55.5% (31.5) // 56.9% (29.6) // 52.4% (26.0)",
        "oppCorsi": "47.4% (56.6) // 49.1% (60.0) // 48.9% (57.4) // 51.4% (59.9)",
        "oppFenwick": "47.2% (41.7) // 46.8% (42.5) // 46.9% (41.6) // 49.6% (42.5)",
        "oppShots": "48.3% (29.6) // 46.1% (29.0) // 45.4% (27.7) // 46.8% (26.7)",
        "oppScoring": "47.0% (27.4) // 49.3% (28.6) // 49.5% (27.7) // 50.3% (29.3)",
        "oppCorsiAgainst": "52.6% (63.0) // 50.9% (62.1) // 51.1% (60.0) // 48.6% (56.6)",
        "oppFenwickAgainst": "52.8% (46.6) // 53.2% (48.2) // 53.1% (47.1) // 50.4% (43.1)",
        "oppShotsAgainst": "51.7% (31.7) // 53.9% (33.9) // 54.6% (33.4) // 53.2% (30.3)",
