[
    {
        "player": "Adam Fox",
        "team": "NYR",
        "opponent": "NYI",
        "propType": "ast",
        "line": 0.5,
        "ppLine": "",
        "avg": 0.8,
        "hit": false,
        "diffAvg": 0.6,
        "diffAbs": 0.2,
        "lastAvg": 0.67,
        "diff": 0.34,
        "avgMin": 23,
        "proj": 0.6,
        "lastAvgMin": 24.37,
        "oppOver": 0,
        "teamOver": 0,
        "gameLine": "-148",
        "+/-": "+10",
        "L5_+/-": "+10.0",
        "prevMatchup": "",
        "winLossSplits": "68% - 38%",
        "awayHome": "A",
        "playedYesterday": "N",
        "awayHomeSplits": "65% - 48%",
        "savesAboveExp": 0.704,
        "gsaa": 5.74,
        "corsi": "50.5% (61.1) // 53.6% (64.8) // 59.8% (71.2) // 62.7% (80.1)",
        "fenwick": "51.4% (45.4) // 54.2% (48.1) // 60.2% (53.5) // 62.3% (59.0)",
        "shots": "52.0% (31.4) // 55.5% (34.2) // 60.5% (38.0) // 63.5% (42.8)",
        "scoring": "51.8% (30.0) // 55.8% (32.6) // 60.9% (35.8) // 65.2% (42.5)",
        "corsiAgainst": "49.5% (59.8) // 46.4% (56.0) // 40.2% (47.8) // 37.3% (47.7)",
        "fenwickAgainst": "48.6% (43.0) // 45.8% (40.7) // 39.8% (35.4) // 37.7% (35.7)",
        "shotsAgainst": "48.0% (29.0) // 44.5% (27.5) // 39.5% (24.8) // 36.5% (24.6)",
        "scoringAgainst": "48.2% (27.9) // 44.2% (25.8) // 39.1% (23.0) // 34.8% (22.7)",
        "oppCorsi": "44.7% (56.8) // 44.4% (54.6) // 43.4% (50.9) // 46.0% (52.9)",
        "oppFenwick": "45.5% (41.5) // 44.8% (38.7) // 43.5% (34.7) // 44.5% (34.9)",
        "oppShots": "45.8% (29.2) // 45.8% (28.4) // 44.8% (26.5) // 44.9% (26.6)",
        "oppScoring": "45.4% (28.2) // 44.8% (26.8) // 43.3% (23.3) // 45.5% (25.3)",
        "oppCorsiAgainst": "55.3% (70.4) // 55.6% (68.4) // 56.6% (66.2) // 54.0% (62.2)",
        "oppFenwickAgainst": "54.5% (49.6) // 55.2% (47.8) // 56.5% (45.1) // 55.5% (43.6)",
        "oppShotsAgainst": "54.2% (34.6) // 54.2% (33.6) // 55.2% (32.7) // 55.1% (32.6)",
        "oppScoringAgainst": "54.6% (33.9) // 55.2% (33.1) // 56.7% (30.5) // 54.5% (30.3)",
        "totalOver": 57,
        "totalOverLast5": 40,
        "totalOverLast15": 53,
        "lastTotalOver": 54,
        "last5": "4,0,2,0,0,1,1,1,2,1",
        "fd": "-138",
        "dk": "-125/-105",
        "kambi": "0",
        "lowest": "-125 DK",
        "implied": 55.55555555555556,
        "overOdds": "-125",
        "underOdds": "-105",
        "overUnder": "-125 / -105"
    },
    {
        "player": "Alexis Lafreniere",
        "team": "NYR",
        "opponent": "NYI",
        "propType": "ast",
        "line": 0.5,
        "ppLine": "",
        "avg": 0.31,
        "hit": false,
        "diffAvg": -0.38,
        "diffAbs": 0.4,
        "lastAvg": 0.26,
        "diff": -0.48,
        "avgMin": 17,
        "proj": 0.3,
        "lastAvgMin": 15.22,
        "oppOver": 0,
        "teamOver": 0,
        "gameLine": "-148",
        "+/-": -9,
        "L5_+/-": "+1.0",
        "prevMatchup": "",
        "winLossSplits": "20% - 32%",
        "awayHome": "A",
        "playedYesterday": "N",
        "awayHomeSplits": "21% - 27%",
        "savesAboveExp": 0.704,
        "gsaa": 5.74,
        "corsi": "50.5% (61.1) // 53.6% (64.8) // 59.8% (71.2) // 62.7% (80.1)",
        "fenwick": "51.4% (45.4) // 54.2% (48.1) // 60.2% (53.5) // 62.3% (59.0)",
        "shots": "52.0% (31.4) // 55.5% (34.2) // 60.5% (38.0) // 63.5% (42.8)",
        "scoring": "51.8% (30.0) // 55.8% (32.6) // 60.9% (35.8) // 65.2% (42.5)",
        "corsiAgainst": "49.5% (59.8) // 46.4% (56.0) // 40.2% (47.8) // 37.3% (47.7)",
        "fenwickAgainst": "48.6% (43.0) // 45.8% (40.7) // 39.8% (35.4) // 37.7% (35.7)",
        "shotsAgainst": "48.0% (29.0) // 44.5% (27.5) // 39.5% (24.8) // 36.5% (24.6)",
        "scoringAgainst": "48.2% (27.9) // 44.2% (25.8) // 39.1% (23.0) // 34.8% (22.7)",
        "oppCorsi": "44.7% (56.8) // 44.4% (54.6) // 43.4% (50.9) // 46.0% (52.9)",
        "oppFenwick": "45.5% (41.5) // 44.8% (38.7) // 43.5% (34.7) // 44.5% (34.9)",
        "oppShots": "45.8% (29.2) // 45.8% (28.4) // 44.8% (26.5) // 44.9% (26.6)",
        "oppScoring": "45.4% (28.2) // 44.8% (26.8) // 43.3% (23.3) // 45.5% (25.3)",
        "oppCorsiAgainst": "55.3% (70.4) // 55.6% (68.4) // 56.6% (66.2) // 54.0% (62.2)",
        "oppFenwickAgainst": "54.5% (49.6) // 55.2% (47.8) // 56.5% (45.1) // 55.5% (43.6)",
        "oppShotsAgainst": "54.2% (34.6) // 54.2% (33.6) // 55.2% (32.7) // 55.1% (32.6)",
        "oppScoringAgainst": "54.6% (33.9) // 55.2% (33.1) // 56.7% (30.5) // 54.5% (30.3)",
        "totalOver": 24,
        "totalOverLast5": 0,
        "totalOverLast15": 13,
        "lastTotalOver": 21,
        "last5": "0,0,0,0,0,1,0,1,0,0",
        "fd": "0",
        "dk": "+230/-315",
        "kambi": "0",
        "lowest": "230 DK",
        "implied": 30.303030303030305,
        "overOdds": "+230",
        "underOdds": "-315",
        "overUnder": "+230 / -315"
    },
    {
        "player": "Anders Lee",
        "team": "NYI",
        "opponent": "NYR",
        "propType": "ast",
        "line": 0.5,
        "ppLine": "",
        "avg": 0.13,
        "hit": false,
        "diffAvg": -0.74,
        "diffAbs": 0.6,
        "lastAvg": 0.25,
        "diff": -0.5,
        "avgMin": 15,
        "proj": 0.2,
        "lastAvgMin": 17.22,
        "oppOver": 0,
        "teamOver": 0,
        "gameLine": "+124",
        "+/-": "+1",
        "L5_+/-": 0.0,
        "prevMatchup": "",
        "winLossSplits": "14% - 10%",
        "awayHome": "H",
        "playedYesterday": "N",
        "awayHomeSplits": "20% - 4%",
        "savesAboveExp": 0.388,
        "gsaa": -1.33,
        "corsi": "44.7% (56.8) // 44.4% (54.6) // 43.4% (50.9) // 46.0% (52.9)",
        "fenwick": "45.5% (41.5) // 44.8% (38.7) // 43.5% (34.7) // 44.5% (34.9)",
        "shots": "45.8% (29.2) // 45.8% (28.4) // 44.8% (26.5) // 44.9% (26.6)",
        "scoring": "45.4% (28.2) // 44.8% (26.8) // 43.3% (23.3) // 45.5% (25.3)",
        "corsiAgainst": "55.3% (70.4) // 55.6% (68.4) // 56.6% (66.2) // 54.0% (62.2)",
        "fenwickAgainst": "54.5% (49.6) // 55.2% (47.8) // 56.5% (45.1) // 55.5% (43.6)",
        "shotsAgainst": "54.2% (34.6) // 54.2% (33.6) // 55.2% (32.7) // 55.1% (32.6)",
        "scoringAgainst": "54.6% (33.9) // 55.2% (33.1) // 56.7% (30.5) // 54.5% (30.3)",
        "oppCorsi": "50.5% (61.1) // 53.6% (64.8) // 59.8% (71.2) // 62.7% (80.1)",
        "oppFenwick": "51.4% (45.4) // 54.2% (48.1) // 60.2% (53.5) // 62.3% (59.0)",
        "oppShots": "52.0% (31.4) // 55.5% (34.2) // 60.5% (38.0) // 63.5% (42.8)",
        "oppScoring": "51.8% (30.0) // 55.8% (32.6) // 60.9% (35.8) // 65.2% (42.5)",
        "oppCorsiAgainst": "49.5% (59.8) // 46.4% (56.0) // 40.2% (47.8) // 37.3% (47.7)",
        "oppFenwickAgainst": "48.6% (43.0) // 45.8% (40.7) // 39.8% (35.4) // 37.7% (35.7)",
        "oppShotsAgainst": "48.0% (29.0) // 44.5% (27.5) // 39.5% (24.8) // 36.5% (24.6)",
        "oppScoringAgainst": "48.2% (27.9) // 44.2% (25.8) // 39.1% (23.0) // 34.8% (22.7)",
        "totalOver": 11,
        "totalOverLast5": 20,
        "totalOverLast15": 7,
        "lastTotalOver": 22,
        "last5": "0,0,0,1,0,0,0,0,0,0",
        "fd": "+265",
        "dk": "+290/-410",
        "kambi": "0",
        "lowest": "290 DK",
        "implied": 25.64102564102564,
        "overOdds": "+290",
        "underOdds": "-410",
        "overUnder": "+290 / -410"
    },
    {
        "player": "Artemi Panarin",
        "team": "NYR",
        "opponent": "NYI",
        "propType": "ast",
        "line": 0.5,
        "ppLine": "",
        "avg": 0.74,
        "hit": false,
        "diffAvg": 0.48,
        "diffAbs": 0.4,
        "lastAvg": 0.7,
        "diff": 0.4,
        "avgMin": 20,
        "proj": 0.7,
        "lastAvgMin": 19.6,
        "oppOver": 0,
        "teamOver": 0,
        "gameLine": "-148",
        "+/-": "+2",
        "L5_+/-": "+6.0",
        "prevMatchup": "",
        "winLossSplits": "60% - 58%",
        "awayHome": "A",
        "playedYesterday": "N",
        "awayHomeSplits": "50% - 69%",
        "savesAboveExp": 0.704,
        "gsaa": 5.74,
        "corsi": "50.5% (61.1) // 53.6% (64.8) // 59.8% (71.2) // 62.7% (80.1)",
        "fenwick": "51.4% (45.4) // 54.2% (48.1) // 60.2% (53.5) // 62.3% (59.0)",
        "shots": "52.0% (31.4) // 55.5% (34.2) // 60.5% (38.0) // 63.5% (42.8)",
        "scoring": "51.8% (30.0) // 55.8% (32.6) // 60.9% (35.8) // 65.2% (42.5)",
        "corsiAgainst": "49.5% (59.8) // 46.4% (56.0) // 40.2% (47.8) // 37.3% (47.7)",
        "fenwickAgainst": "48.6% (43.0) // 45.8% (40.7) // 39.8% (35.4) // 37.7% (35.7)",
        "shotsAgainst": "48.0% (29.0) // 44.5% (27.5) // 39.5% (24.8) // 36.5% (24.6)",
        "scoringAgainst": "48.2% (27.9) // 44.2% (25.8) // 39.1% (23.0) // 34.8% (22.7)",
        "oppCorsi": "44.7% (56.8) // 44.4% (54.6) // 43.4% (50.9) // 46.0% (52.9)",
        "oppFenwick": "45.5% (41.5) // 44.8% (38.7) // 43.5% (34.7) // 44.5% (34.9)",
        "oppShots": "45.8% (29.2) // 45.8% (28.4) // 44.8% (26.5) // 44.9% (26.6)",
        "oppScoring": "45.4% (28.2) // 44.8% (26.8) // 43.3% (23.3) // 45.5% (25.3)",
        "oppCorsiAgainst": "55.3% (70.4) // 55.6% (68.4) // 56.6% (66.2) // 54.0% (62.2)",
        "oppFenwickAgainst": "54.5% (49.6) // 55.2% (47.8) // 56.5% (45.1) // 55.5% (43.6)",
        "oppShotsAgainst": "54.2% (34.6) // 54.2% (33.6) // 55.2% (32.7) // 55.1% (32.6)",
        "oppScoringAgainst": "54.6% (33.9) // 55.2% (33.1) // 56.7% (30.5) // 54.5% (30.3)",
        "totalOver": 59,
        "totalOverLast5": 40,
        "totalOverLast15": 33,
        "lastTotalOver": 48,
        "last5": "3,0,1,0,0,2,0,0,0,0",
        "fd": "-148",
        "dk": "-150/+120",
        "kambi": "0",
        "lowest": "-148 FD",
        "implied": 59.67741935483871,
        "overOdds": "-150",
        "underOdds": "+120",
        "overUnder": "-150 / +120"
    },
    {
        "player": "Bo Horvat",
        "team": "NYI",
        "opponent": "NYR",
        "propType": "ast",
        "line": 0.5,
        "ppLine": "",
        "avg": 0.5,
        "hit": false,
        "diffAvg": 0.0,
        "diffAbs": 0.4,
        "lastAvg": 0.37,
        "diff": -0.26,
        "avgMin": 19,
        "proj": 0.3,
        "lastAvgMin": 20.65,
        "oppOver": 0,
        "teamOver": 0,
        "gameLine": "+124",
        "+/-": "+5",
        "L5_+/-": -1.0,
        "prevMatchup": "",
        "winLossSplits": "45% - 37%",
        "awayHome": "H",
        "playedYesterday": "N",
        "awayHomeSplits": "40% - 41%",
        "savesAboveExp": 0.388,
        "gsaa": -1.33,
        "corsi": "44.7% (56.8) // 44.4% (54.6) // 43.4% (50.9) // 46.0% (52.9)",
        "fenwick": "45.5% (41.5) // 44.8% (38.7) // 43.5% (34.7) // 44.5% (34.9)",
        "shots": "45.8% (29.2) // 45.8% (28.4) // 44.8% (26.5) // 44.9% (26.6)",
        "scoring": "45.4% (28.2) // 44.8% (26.8) // 43.3% (23.3) // 45.5% (25.3)",
        "corsiAgainst": "55.3% (70.4) // 55.6% (68.4) // 56.6% (66.2) // 54.0% (62.2)",
        "fenwickAgainst": "54.5% (49.6) // 55.2% (47.8) // 56.5% (45.1) // 55.5% (43.6)",
        "shotsAgainst": "54.2% (34.6) // 54.2% (33.6) // 55.2% (32.7) // 55.1% (32.6)",
        "scoringAgainst": "54.6% (33.9) // 55.2% (33.1) // 56.7% (30.5) // 54.5% (30.3)",
        "oppCorsi": "50.5% (61.1) // 53.6% (64.8) // 59.8% (71.2) // 62.7% (80.1)",
        "oppFenwick": "51.4% (45.4) // 54.2% (48.1) // 60.2% (53.5) // 62.3% (59.0)",
        "oppShots": "52.0% (31.4) // 55.5% (34.2) // 60.5% (38.0) // 63.5% (42.8)",
        "oppScoring": "51.8% (30.0) // 55.8% (32.6) // 60.9% (35.8) // 65.2% (42.5)",
        "oppCorsiAgainst": "49.5% (59.8) // 46.4% (56.0) // 40.2% (47.8) // 37.3% (47.7)",
        "oppFenwickAgainst": "48.6% (43.0) // 45.8% (40.7) // 39.8% (35.4) // 37.7% (35.7)",
        "oppShotsAgainst": "48.0% (29.0) // 44.5% (27.5) // 39.5% (24.8) // 36.5% (24.6)",
        "oppScoringAgainst": "48.2% (27.9) // 44.2% (25.8) // 39.1% (23.0) // 34.8% (22.7)",
        "totalOver": 40,
        "totalOverLast5": 20,
        "totalOverLast15": 20,
        "lastTotalOver": 27,
        "last5": "0,0,1,0,0,1,0,0,0,1",
        "fd": "+116",
        "dk": "+120/-150",
        "kambi": "0",
        "lowest": "120 DK",
        "implied": 45.45454545454545,
        "overOdds": "+120",
        "underOdds": "-150",
        "overUnder": "+120 / -150"
    },
    {
        "player": "Brock Nelson",
        "team": "NYI",
        "opponent": "NYR",
        "propType": "ast",
        "line": 0.5,
        "ppLine": "",
        "avg": 0.36,
        "hit": false,
        "diffAvg": -0.28,
        "diffAbs": 0.2,
        "lastAvg": 0.44,
        "diff": -0.12,
        "avgMin": 17,
        "proj": 0.4,
        "lastAvgMin": 18.43,
        "oppOver": 0,
        "teamOver": 0,
        "gameLine": "+124",
        "+/-": -10,
        "L5_+/-": -1.0,
        "prevMatchup": "",
        "winLossSplits": "64% - 10%",
        "awayHome": "H",
        "playedYesterday": "N",
        "awayHomeSplits": "36% - 29%",
        "savesAboveExp": 0.388,
        "gsaa": -1.33,
        "corsi": "44.7% (56.8) // 44.4% (54.6) // 43.4% (50.9) // 46.0% (52.9)",
        "fenwick": "45.5% (41.5) // 44.8% (38.7) // 43.5% (34.7) // 44.5% (34.9)",
        "shots": "45.8% (29.2) // 45.8% (28.4) // 44.8% (26.5) // 44.9% (26.6)",
        "scoring": "45.4% (28.2) // 44.8% (26.8) // 43.3% (23.3) // 45.5% (25.3)",
        "corsiAgainst": "55.3% (70.4) // 55.6% (68.4) // 56.6% (66.2) // 54.0% (62.2)",
        "fenwickAgainst": "54.5% (49.6) // 55.2% (47.8) // 56.5% (45.1) // 55.5% (43.6)",
        "shotsAgainst": "54.2% (34.6) // 54.2% (33.6) // 55.2% (32.7) // 55.1% (32.6)",
        "scoringAgainst": "54.6% (33.9) // 55.2% (33.1) // 56.7% (30.5) // 54.5% (30.3)",
        "oppCorsi": "50.5% (61.1) // 53.6% (64.8) // 59.8% (71.2) // 62.7% (80.1)",
        "oppFenwick": "51.4% (45.4) // 54.2% (48.1) // 60.2% (53.5) // 62.3% (59.0)",
        "oppShots": "52.0% (31.4) // 55.5% (34.2) // 60.5% (38.0) // 63.5% (42.8)",
        "oppScoring": "51.8% (30.0) // 55.8% (32.6) // 60.9% (35.8) // 65.2% (42.5)",
        "oppCorsiAgainst": "49.5% (59.8) // 46.4% (56.0) // 40.2% (47.8) // 37.3% (47.7)",
        "oppFenwickAgainst": "48.6% (43.0) // 45.8% (40.7) // 39.8% (35.4) // 37.7% (35.7)",
        "oppShotsAgainst": "48.0% (29.0) // 44.5% (27.5) // 39.5% (24.8) // 36.5% (24.6)",
        "oppScoringAgainst": "48.2% (27.9) // 44.2% (25.8) // 39.1% (23.0) // 34.8% (22.7)",
        "totalOver": 32,
        "totalOverLast5": 40,
        "totalOverLast15": 20,
        "lastTotalOver": 43,
        "last5": "0,0,1,1,0,0,0,1,0,0",
        "fd": "+176",
        "dk": "+170/-220",
        "kambi": "0",
        "lowest": "176 FD",
        "implied": 36.231884057971016,
        "overOdds": "+170",
        "underOdds": "-220",
        "overUnder": "+170 / -220"
    },
    {
        "player": "Chris Kreider",
        "team": "NYR",
        "opponent": "NYI",
        "propType": "ast",
        "line": 0.5,
        "ppLine": "",
        "avg": 0.44,
        "hit": false,
        "diffAvg": -0.12,
        "diffAbs": 0.6,
        "lastAvg": 0.21,
        "diff": -0.58,
        "avgMin": 18,
        "proj": 0.2,
        "lastAvgMin": 18.4,
        "oppOver": 0,
        "teamOver": 0,
        "gameLine": "-148",
        "+/-": "+17",
        "L5_+/-": "+10.0",
        "prevMatchup": "",
        "winLossSplits": "43% - 32%",
        "awayHome": "A",
        "playedYesterday": "N",
        "awayHomeSplits": "43% - 35%",
        "savesAboveExp": 0.704,
        "gsaa": 5.74,
        "corsi": "50.5% (61.1) // 53.6% (64.8) // 59.8% (71.2) // 62.7% (80.1)",
        "fenwick": "51.4% (45.4) // 54.2% (48.1) // 60.2% (53.5) // 62.3% (59.0)",
        "shots": "52.0% (31.4) // 55.5% (34.2) // 60.5% (38.0) // 63.5% (42.8)",
        "scoring": "51.8% (30.0) // 55.8% (32.6) // 60.9% (35.8) // 65.2% (42.5)",
        "corsiAgainst": "49.5% (59.8) // 46.4% (56.0) // 40.2% (47.8) // 37.3% (47.7)",
        "fenwickAgainst": "48.6% (43.0) // 45.8% (40.7) // 39.8% (35.4) // 37.7% (35.7)",
        "shotsAgainst": "48.0% (29.0) // 44.5% (27.5) // 39.5% (24.8) // 36.5% (24.6)",
        "scoringAgainst": "48.2% (27.9) // 44.2% (25.8) // 39.1% (23.0) // 34.8% (22.7)",
        "oppCorsi": "44.7% (56.8) // 44.4% (54.6) // 43.4% (50.9) // 46.0% (52.9)",
        "oppFenwick": "45.5% (41.5) // 44.8% (38.7) // 43.5% (34.7) // 44.5% (34.9)",
        "oppShots": "45.8% (29.2) // 45.8% (28.4) // 44.8% (26.5) // 44.9% (26.6)",
        "oppScoring": "45.4% (28.2) // 44.8% (26.8) // 43.3% (23.3) // 45.5% (25.3)",
        "oppCorsiAgainst": "55.3% (70.4) // 55.6% (68.4) // 56.6% (66.2) // 54.0% (62.2)",
        "oppFenwickAgainst": "54.5% (49.6) // 55.2% (47.8) // 56.5% (45.1) // 55.5% (43.6)",
        "oppShotsAgainst": "54.2% (34.6) // 54.2% (33.6) // 55.2% (32.7) // 55.1% (32.6)",
        "oppScoringAgainst": "54.6% (33.9) // 55.2% (33.1) // 56.7% (30.5) // 54.5% (30.3)",
        "totalOver": 39,
        "totalOverLast5": 40,
        "totalOverLast15": 47,
        "lastTotalOver": 23,
        "last5": "0,0,1,1,0,1,0,0,2,0",
        "fd": "+168",
        "dk": "+154/-200",
        "kambi": "0",
        "lowest": "168 FD",
        "implied": 37.3134328358209,
        "overOdds": "+154",
        "underOdds": "-200",
        "overUnder": "+154 / -200"
    },
    {
        "player": "Kyle Palmieri",
        "team": "NYI",
        "opponent": "NYR",
        "propType": "ast",
        "line": 0.5,
        "ppLine": "",
        "avg": 0.32,
        "hit": false,
        "diffAvg": -0.36,
        "diffAbs": 0.4,
        "lastAvg": 0.28,
        "diff": -0.44,
        "avgMin": 17,
        "proj": 0.3,
        "lastAvgMin": 17.08,
        "oppOver": 0,
        "teamOver": 0,
        "gameLine": "+124",
        "+/-": -15,
        "L5_+/-": -3.0,
        "prevMatchup": "",
        "winLossSplits": "41% - 19%",
        "awayHome": "H",
        "playedYesterday": "N",
        "awayHomeSplits": "32% - 25%",
        "savesAboveExp": 0.388,
        "gsaa": -1.33,
        "corsi": "44.7% (56.8) // 44.4% (54.6) // 43.4% (50.9) // 46.0% (52.9)",
        "fenwick": "45.5% (41.5) // 44.8% (38.7) // 43.5% (34.7) // 44.5% (34.9)",
        "shots": "45.8% (29.2) // 45.8% (28.4) // 44.8% (26.5) // 44.9% (26.6)",
        "scoring": "45.4% (28.2) // 44.8% (26.8) // 43.3% (23.3) // 45.5% (25.3)",
        "corsiAgainst": "55.3% (70.4) // 55.6% (68.4) // 56.6% (66.2) // 54.0% (62.2)",
        "fenwickAgainst": "54.5% (49.6) // 55.2% (47.8) // 56.5% (45.1) // 55.5% (43.6)",
        "shotsAgainst": "54.2% (34.6) // 54.2% (33.6) // 55.2% (32.7) // 55.1% (32.6)",
        "scoringAgainst": "54.6% (33.9) // 55.2% (33.1) // 56.7% (30.5) // 54.5% (30.3)",
        "oppCorsi": "50.5% (61.1) // 53.6% (64.8) // 59.8% (71.2) // 62.7% (80.1)",
        "oppFenwick": "51.4% (45.4) // 54.2% (48.1) // 60.2% (53.5) // 62.3% (59.0)",
        "oppShots": "52.0% (31.4) // 55.5% (34.2) // 60.5% (38.0) // 63.5% (42.8)",
        "oppScoring": "51.8% (30.0) // 55.8% (32.6) // 60.9% (35.8) // 65.2% (42.5)",
        "oppCorsiAgainst": "49.5% (59.8) // 46.4% (56.0) // 40.2% (47.8) // 37.3% (47.7)",
        "oppFenwickAgainst": "48.6% (43.0) // 45.8% (40.7) // 39.8% (35.4) // 37.7% (35.7)",
        "oppShotsAgainst": "48.0% (29.0) // 44.5% (27.5) // 39.5% (24.8) // 36.5% (24.6)",
        "oppScoringAgainst": "48.2% (27.9) // 44.2% (25.8) // 39.1% (23.0) // 34.8% (22.7)",
        "totalOver": 28,
        "totalOverLast5": 40,
        "totalOverLast15": 33,
        "lastTotalOver": 28,
        "last5": "0,1,0,1,0,1,0,0,1,0",
        "fd": "+190",
        "dk": "+195/-260",
        "kambi": "0",
        "lowest": "195 DK",
        "implied": 33.89830508474576,
        "overOdds": "+195",
        "underOdds": "-260",
        "overUnder": "+195 / -260"
    },
    {
        "player": "Mathew Barzal",
        "team": "NYI",
        "opponent": "NYR",
        "propType": "ast",
        "line": 0.5,
        "ppLine": "",
        "avg": 0.79,
        "hit": false,
        "diffAvg": 0.58,
        "diffAbs": 0.2,
        "lastAvg": 0.58,
        "diff": 0.16,
        "avgMin": 20,
        "proj": 0.6,
        "lastAvgMin": 18.7,
        "oppOver": 0,
        "teamOver": 0,
        "gameLine": "+124",
        "+/-": "+1",
        "L5_+/-": "+1.0",
        "prevMatchup": "",
        "winLossSplits": "57% - 55%",
        "awayHome": "H",
        "playedYesterday": "N",
        "awayHomeSplits": "46% - 64%",
        "savesAboveExp": 0.388,
        "gsaa": -1.33,
        "corsi": "44.7% (56.8) // 44.4% (54.6) // 43.4% (50.9) // 46.0% (52.9)",
        "fenwick": "45.5% (41.5) // 44.8% (38.7) // 43.5% (34.7) // 44.5% (34.9)",
        "shots": "45.8% (29.2) // 45.8% (28.4) // 44.8% (26.5) // 44.9% (26.6)",
        "scoring": "45.4% (28.2) // 44.8% (26.8) // 43.3% (23.3) // 45.5% (25.3)",
        "corsiAgainst": "55.3% (70.4) // 55.6% (68.4) // 56.6% (66.2) // 54.0% (62.2)",
        "fenwickAgainst": "54.5% (49.6) // 55.2% (47.8) // 56.5% (45.1) // 55.5% (43.6)",
        "shotsAgainst": "54.2% (34.6) // 54.2% (33.6) // 55.2% (32.7) // 55.1% (32.6)",
        "scoringAgainst": "54.6% (33.9) // 55.2% (33.1) // 56.7% (30.5) // 54.5% (30.3)",
        "oppCorsi": "50.5% (61.1) // 53.6% (64.8) // 59.8% (71.2) // 62.7% (80.1)",
        "oppFenwick": "51.4% (45.4) // 54.2% (48.1) // 60.2% (53.5) // 62.3% (59.0)",
        "oppShots": "52.0% (31.4) // 55.5% (34.2) // 60.5% (38.0) // 63.5% (42.8)",
        "oppScoring": "51.8% (30.0) // 55.8% (32.6) // 60.9% (35.8) // 65.2% (42.5)",
        "oppCorsiAgainst": "49.5% (59.8) // 46.4% (56.0) // 40.2% (47.8) // 37.3% (47.7)",
        "oppFenwickAgainst": "48.6% (43.0) // 45.8% (40.7) // 39.8% (35.4) // 37.7% (35.7)",
        "oppShotsAgainst": "48.0% (29.0) // 44.5% (27.5) // 39.5% (24.8) // 36.5% (24.6)",
        "oppScoringAgainst": "48.2% (27.9) // 44.2% (25.8) // 39.1% (23.0) // 34.8% (22.7)",
        "totalOver": 56,
        "totalOverLast5": 80,
        "totalOverLast15": 60,
        "lastTotalOver": 43,
        "last5": "1,1,1,0,1,1,0,2,1,0",
        "fd": "-142",
        "dk": "-135/+105",
        "kambi": "0",
        "lowest": "-135 DK",
        "implied": 57.446808510638306,
        "overOdds": "-135",
        "underOdds": "+105",
        "overUnder": "-135 / +105"
    },
    {
        "player": "Mika Zibanejad",
        "team": "NYR",
        "opponent": "NYI",
        "propType": "ast",
        "line": 0.5,
        "ppLine": "",
        "avg": 0.64,
        "hit": false,
        "diffAvg": 0.28,
        "diffAbs": 0.2,
        "lastAvg": 0.58,
        "diff": 0.16,
        "avgMin": 19,
        "proj": 0.6,
        "lastAvgMin": 19.95,
        "oppOver": 0,
        "teamOver": 0,
        "gameLine": "-148",
        "+/-": "+14",
        "L5_+/-": "+9.0",
        "prevMatchup": "",
        "winLossSplits": "57% - 33%",
        "awayHome": "A",
        "playedYesterday": "N",
        "awayHomeSplits": "37% - 62%",
        "savesAboveExp": 0.704,
        "gsaa": 5.74,
        "corsi": "50.5% (61.1) // 53.6% (64.8) // 59.8% (71.2) // 62.7% (80.1)",
        "fenwick": "51.4% (45.4) // 54.2% (48.1) // 60.2% (53.5) // 62.3% (59.0)",
        "shots": "52.0% (31.4) // 55.5% (34.2) // 60.5% (38.0) // 63.5% (42.8)",
        "scoring": "51.8% (30.0) // 55.8% (32.6) // 60.9% (35.8) // 65.2% (42.5)",
        "corsiAgainst": "49.5% (59.8) // 46.4% (56.0) // 40.2% (47.8) // 37.3% (47.7)",
        "fenwickAgainst": "48.6% (43.0) // 45.8% (40.7) // 39.8% (35.4) // 37.7% (35.7)",
        "shotsAgainst": "48.0% (29.0) // 44.5% (27.5) // 39.5% (24.8) // 36.5% (24.6)",
        "scoringAgainst": "48.2% (27.9) // 44.2% (25.8) // 39.1% (23.0) // 34.8% (22.7)",
        "oppCorsi": "44.7% (56.8) // 44.4% (54.6) // 43.4% (50.9) // 46.0% (52.9)",
        "oppFenwick": "45.5% (41.5) // 44.8% (38.7) // 43.5% (34.7) // 44.5% (34.9)",
        "oppShots": "45.8% (29.2) // 45.8% (28.4) // 44.8% (26.5) // 44.9% (26.6)",
        "oppScoring": "45.4% (28.2) // 44.8% (26.8) // 43.3% (23.3) // 45.5% (25.3)",
        "oppCorsiAgainst": "55.3% (70.4) // 55.6% (68.4) // 56.6% (66.2) // 54.0% (62.2)",
        "oppFenwickAgainst": "54.5% (49.6) // 55.2% (47.8) // 56.5% (45.1) // 55.5% (43.6)",
        "oppShotsAgainst": "54.2% (34.6) // 54.2% (33.6) // 55.2% (32.7) // 55.1% (32.6)",
        "oppScoringAgainst": "54.6% (33.9) // 55.2% (33.1) // 56.7% (30.5) // 54.5% (30.3)",
        "totalOver": 49,
        "totalOverLast5": 40,
        "totalOverLast15": 40,
        "lastTotalOver": 48,
        "last5": "2,0,0,0,1,2,0,0,1,1",
        "fd": "+108",
        "dk": "+120/-150",
        "kambi": "0",
        "lowest": "120 DK",
        "implied": 45.45454545454545,
        "overOdds": "+120",
        "underOdds": "-150",
        "overUnder": "+120 / -150"
    },
    {
        "player": "Noah Dobson",
        "team": "NYI",
        "opponent": "NYR",
        "propType": "ast",
        "line": 0.5,
        "ppLine": "",
        "avg": 0.91,
        "hit": false,
        "diffAvg": 0.82,
        "diffAbs": 0.0,
        "lastAvg": 0.43,
        "diff": -0.14,
        "avgMin": 25,
        "proj": 0.5,
        "lastAvgMin": 20.37,
        "oppOver": 0,
        "teamOver": 0,
        "gameLine": "+124",
        "+/-": "+20",
        "L5_+/-": "+4.0",
        "prevMatchup": "",
        "winLossSplits": "64% - 52%",
        "awayHome": "H",
        "playedYesterday": "N",
        "awayHomeSplits": "52% - 61%",
        "savesAboveExp": 0.388,
        "gsaa": -1.33,
        "corsi": "44.7% (56.8) // 44.4% (54.6) // 43.4% (50.9) // 46.0% (52.9)",
        "fenwick": "45.5% (41.5) // 44.8% (38.7) // 43.5% (34.7) // 44.5% (34.9)",
        "shots": "45.8% (29.2) // 45.8% (28.4) // 44.8% (26.5) // 44.9% (26.6)",
        "scoring": "45.4% (28.2) // 44.8% (26.8) // 43.3% (23.3) // 45.5% (25.3)",
        "corsiAgainst": "55.3% (70.4) // 55.6% (68.4) // 56.6% (66.2) // 54.0% (62.2)",
        "fenwickAgainst": "54.5% (49.6) // 55.2% (47.8) // 56.5% (45.1) // 55.5% (43.6)",
        "shotsAgainst": "54.2% (34.6) // 54.2% (33.6) // 55.2% (32.7) // 55.1% (32.6)",
        "scoringAgainst": "54.6% (33.9) // 55.2% (33.1) // 56.7% (30.5) // 54.5% (30.3)",
        "oppCorsi": "50.5% (61.1) // 53.6% (64.8) // 59.8% (71.2) // 62.7% (80.1)",
        "oppFenwick": "51.4% (45.4) // 54.2% (48.1) // 60.2% (53.5) // 62.3% (59.0)",
        "oppShots": "52.0% (31.4) // 55.5% (34.2) // 60.5% (38.0) // 63.5% (42.8)",
        "oppScoring": "51.8% (30.0) // 55.8% (32.6) // 60.9% (35.8) // 65.2% (42.5)",
        "oppCorsiAgainst": "49.5% (59.8) // 46.4% (56.0) // 40.2% (47.8) // 37.3% (47.7)",
        "oppFenwickAgainst": "48.6% (43.0) // 45.8% (40.7) // 39.8% (35.4) // 37.7% (35.7)",
        "oppShotsAgainst": "48.0% (29.0) // 44.5% (27.5) // 39.5% (24.8) // 36.5% (24.6)",
        "oppScoringAgainst": "48.2% (27.9) // 44.2% (25.8) // 39.1% (23.0) // 34.8% (22.7)",
        "totalOver": 57,
        "totalOverLast5": 60,
        "totalOverLast15": 60,
        "lastTotalOver": 38,
        "last5": "1,1,0,0,1,3,1,2,2,0",
        "fd": "-108",
        "dk": "-105/-125",
        "kambi": "0",
        "lowest": "-105 DK",
        "implied": 51.21951219512195,
        "overOdds": "-105",
        "underOdds": "-125",
        "overUnder": "-105 / -125"
    },
    {
        "player": "Pierre Engvall",
        "team": "NYI",
        "opponent": "NYR",
        "propType": "ast",
        "line": 0.5,
        "ppLine": "",
        "avg": 0.21,
        "hit": false,
        "diffAvg": -0.58,
        "diffAbs": 0.6,
        "lastAvg": 0.16,
        "diff": -0.68,
        "avgMin": 15,
        "proj": 0.2,
        "lastAvgMin": 13.63,
        "oppOver": 0,
        "teamOver": 0,
        "gameLine": "+124",
        "+/-": "+1",
        "L5_+/-": "+1.0",
        "prevMatchup": "",
        "winLossSplits": "29% - 12%",
        "awayHome": "H",
        "playedYesterday": "N",
        "awayHomeSplits": "14% - 23%",
        "savesAboveExp": 0.388,
        "gsaa": -1.33,
        "corsi": "44.7% (56.8) // 44.4% (54.6) // 43.4% (50.9) // 46.0% (52.9)",
        "fenwick": "45.5% (41.5) // 44.8% (38.7) // 43.5% (34.7) // 44.5% (34.9)",
        "shots": "45.8% (29.2) // 45.8% (28.4) // 44.8% (26.5) // 44.9% (26.6)",
        "scoring": "45.4% (28.2) // 44.8% (26.8) // 43.3% (23.3) // 45.5% (25.3)",
        "corsiAgainst": "55.3% (70.4) // 55.6% (68.4) // 56.6% (66.2) // 54.0% (62.2)",
        "fenwickAgainst": "54.5% (49.6) // 55.2% (47.8) // 56.5% (45.1) // 55.5% (43.6)",
        "shotsAgainst": "54.2% (34.6) // 54.2% (33.6) // 55.2% (32.7) // 55.1% (32.6)",
        "scoringAgainst": "54.6% (33.9) // 55.2% (33.1) // 56.7% (30.5) // 54.5% (30.3)",
        "oppCorsi": "50.5% (61.1) // 53.6% (64.8) // 59.8% (71.2) // 62.7% (80.1)",
        "oppFenwick": "51.4% (45.4) // 54.2% (48.1) // 60.2% (53.5) // 62.3% (59.0)",
        "oppShots": "52.0% (31.4) // 55.5% (34.2) // 60.5% (38.0) // 63.5% (42.8)",
        "oppScoring": "51.8% (30.0) // 55.8% (32.6) // 60.9% (35.8) // 65.2% (42.5)",
        "oppCorsiAgainst": "49.5% (59.8) // 46.4% (56.0) // 40.2% (47.8) // 37.3% (47.7)",
        "oppFenwickAgainst": "48.6% (43.0) // 45.8% (40.7) // 39.8% (35.4) // 37.7% (35.7)",
        "oppShotsAgainst": "48.0% (29.0) // 44.5% (27.5) // 39.5% (24.8) // 36.5% (24.6)",
        "oppScoringAgainst": "48.2% (27.9) // 44.2% (25.8) // 39.1% (23.0) // 34.8% (22.7)",
        "totalOver": 19,
        "totalOverLast5": 20,
        "totalOverLast15": 7,
        "lastTotalOver": 18,
        "last5": "0,0,1,0,0,0,0,0,0,0",
        "fd": "+255",
        "dk": "+250/-345",
        "kambi": "0",
        "lowest": "255 FD",
        "implied": 28.169014084507044,
        "overOdds": "+250",
        "underOdds": "-345",
        "overUnder": "+250 / -345"
    },
    {
        "player": "Vincent Trocheck",
        "team": "NYR",
        "opponent": "NYI",
        "propType": "ast",
        "line": 0.5,
        "ppLine": "",
        "avg": 0.59,
        "hit": false,
        "diffAvg": 0.18,
        "diffAbs": 0.0,
        "lastAvg": 0.47,
        "diff": -0.06,
        "avgMin": 21,
        "proj": 0.5,
        "lastAvgMin": 19.3,
        "oppOver": 0,
        "teamOver": 0,
        "gameLine": "-148",
        "+/-": "+1",
        "L5_+/-": "+1.0",
        "prevMatchup": "",
        "winLossSplits": "49% - 21%",
        "awayHome": "A",
        "playedYesterday": "N",
        "awayHomeSplits": "39% - 38%",
        "savesAboveExp": 0.704,
        "gsaa": 5.74,
        "corsi": "50.5% (61.1) // 53.6% (64.8) // 59.8% (71.2) // 62.7% (80.1)",
        "fenwick": "51.4% (45.4) // 54.2% (48.1) // 60.2% (53.5) // 62.3% (59.0)",
        "shots": "52.0% (31.4) // 55.5% (34.2) // 60.5% (38.0) // 63.5% (42.8)",
        "scoring": "51.8% (30.0) // 55.8% (32.6) // 60.9% (35.8) // 65.2% (42.5)",
        "corsiAgainst": "49.5% (59.8) // 46.4% (56.0) // 40.2% (47.8) // 37.3% (47.7)",
        "fenwickAgainst": "48.6% (43.0) // 45.8% (40.7) // 39.8% (35.4) // 37.7% (35.7)",
        "shotsAgainst": "48.0% (29.0) // 44.5% (27.5) // 39.5% (24.8) // 36.5% (24.6)",
        "scoringAgainst": "48.2% (27.9) // 44.2% (25.8) // 39.1% (23.0) // 34.8% (22.7)",
        "oppCorsi": "44.7% (56.8) // 44.4% (54.6) // 43.4% (50.9) // 46.0% (52.9)",
        "oppFenwick": "45.5% (41.5) // 44.8% (38.7) // 43.5% (34.7) // 44.5% (34.9)",
        "oppShots": "45.8% (29.2) // 45.8% (28.4) // 44.8% (26.5) // 44.9% (26.6)",
        "oppScoring": "45.4% (28.2) // 44.8% (26.8) // 43.3% (23.3) // 45.5% (25.3)",
        "oppCorsiAgainst": "55.3% (70.4) // 55.6% (68.4) // 56.6% (66.2) // 54.0% (62.2)",
        "oppFenwickAgainst": "54.5% (49.6) // 55.2% (47.8) // 56.5% (45.1) // 55.5% (43.6)",
        "oppShotsAgainst": "54.2% (34.6) // 54.2% (33.6) // 55.2% (32.7) // 55.1% (32.6)",
        "oppScoringAgainst": "54.6% (33.9) // 55.2% (33.1) // 56.7% (30.5) // 54.5% (30.3)",
        "totalOver": 39,
        "totalOverLast5": 20,
        "totalOverLast15": 27,
        "lastTotalOver": 37,
        "last5": "0,0,0,1,0,1,0,1,0,0",
        "fd": "-113",
        "dk": "-105/-125",
        "kambi": "0",
        "lowest": "-105 DK",
        "implied": 51.21951219512195,
        "overOdds": "-105",
        "underOdds": "-125",
        "overUnder": "-105 / -125"
    },
    {
        "player": "Artturi Lehkonen",
        "team": "COL",
        "opponent": "ARI",
        "propType": "ast",
        "line": 0.5,
        "ppLine": "",
        "avg": 0.45,
        "hit": false,
        "diffAvg": -0.1,
        "diffAbs": 0.2,
        "lastAvg": 0.42,
        "diff": -0.16,
        "avgMin": 18,
        "proj": 0.4,
        "lastAvgMin": 20.45,
        "oppOver": 0,
        "teamOver": 0,
        "gameLine": "-258",
        "+/-": -5,
        "L5_+/-": -3.0,
        "prevMatchup": "",
        "winLossSplits": "27% - 33%",
        "awayHome": "H",
        "playedYesterday": "N",
        "awayHomeSplits": "23% - 43%",
        "savesAboveExp": 0.539,
        "gsaa": -4.24,
        "corsi": "53.2% (63.4) // 52.8% (60.2) // 54.9% (65.8) // 52.8% (59.0)",
        "fenwick": "52.9% (45.4) // 52.6% (42.8) // 55.1% (45.0) // 53.1% (41.2)",
        "shots": "52.8% (31.7) // 53.8% (30.8) // 55.9% (33.0) // 54.8% (31.5)",
        "scoring": "53.6% (30.5) // 54.1% (28.3) // 55.7% (29.5) // 52.9% (26.6)",
        "corsiAgainst": "46.8% (55.7) // 47.2% (53.9) // 45.1% (53.9) // 47.2% (52.9)",
        "fenwickAgainst": "47.1% (40.4) // 47.4% (38.5) // 44.9% (36.7) // 46.9% (36.3)",
        "shotsAgainst": "47.2% (28.3) // 46.2% (26.5) // 44.1% (26.0) // 45.2% (25.9)",
        "scoringAgainst": "46.4% (26.4) // 45.9% (24.0) // 44.3% (23.5) // 47.1% (23.7)",
        "oppCorsi": "47.5% (54.9) // 50.6% (58.6) // 47.5% (57.2) // 49.9% (61.6)",
        "oppFenwick": "47.1% (39.9) // 49.6% (42.4) // 46.1% (41.2) // 48.5% (43.4)",
        "oppShots": "46.5% (27.0) // 48.9% (28.4) // 44.4% (26.8) // 46.5% (28.4)",
        "oppScoring": "47.6% (27.8) // 52.0% (29.5) // 46.3% (27.4) // 49.7% (30.3)",
        "oppCorsiAgainst": "52.5% (60.8) // 49.4% (57.3) // 52.5% (63.1) // 50.1% (61.9)",
        "oppFenwickAgainst": "52.9% (44.8) // 50.4% (43.0) // 53.9% (48.1) // 51.5% (46.0)",
        "oppShotsAgainst": "53.5% (31.0) // 51.1% (29.7) // 55.6% (33.5) // 53.5% (32.6)",
        "oppScoringAgainst": "52.4% (30.5) // 48.0% (27.2) // 53.7% (31.8) // 50.3% (30.6)",
        "totalOver": 30,
        "totalOverLast5": 60,
        "totalOverLast15": 27,
        "lastTotalOver": 39,
        "last5": "1,2,0,0,1,0,0,0,1,0",
        "fd": "0",
        "dk": "+145/-190",
        "kambi": "0",
        "lowest": "145 DK",
        "implied": 40.816326530612244,
        "overOdds": "+145",
        "underOdds": "-190",
        "overUnder": "+145 / -190"
    },
    {
        "player": "Cale Makar",
        "team": "COL",
        "opponent": "ARI",
        "propType": "ast",
        "line": 0.5,
        "ppLine": "",
        "avg": 0.94,
        "hit": false,
        "diffAvg": 0.88,
        "diffAbs": 0.4,
        "lastAvg": 0.72,
        "diff": 0.44,
        "avgMin": 25,
        "proj": 0.7,
        "lastAvgMin": 26.37,
        "oppOver": 0,
        "teamOver": 0,
        "gameLine": "-258",
        "+/-": "+7",
        "L5_+/-": -3.0,
        "prevMatchup": "2023-12-27 2.0 ast 2023-12-23 0.0 ast 2023-11-30 1.0 ast",
        "winLossSplits": "68% - 47%",
        "awayHome": "H",
        "playedYesterday": "N",
        "awayHomeSplits": "52% - 70%",
        "savesAboveExp": 0.539,
        "gsaa": -4.24,
        "corsi": "53.2% (63.4) // 52.8% (60.2) // 54.9% (65.8) // 52.8% (59.0)",
        "fenwick": "52.9% (45.4) // 52.6% (42.8) // 55.1% (45.0) // 53.1% (41.2)",
        "shots": "52.8% (31.7) // 53.8% (30.8) // 55.9% (33.0) // 54.8% (31.5)",
        "scoring": "53.6% (30.5) // 54.1% (28.3) // 55.7% (29.5) // 52.9% (26.6)",
        "corsiAgainst": "46.8% (55.7) // 47.2% (53.9) // 45.1% (53.9) // 47.2% (52.9)",
        "fenwickAgainst": "47.1% (40.4) // 47.4% (38.5) // 44.9% (36.7) // 46.9% (36.3)",
        "shotsAgainst": "47.2% (28.3) // 46.2% (26.5) // 44.1% (26.0) // 45.2% (25.9)",
        "scoringAgainst": "46.4% (26.4) // 45.9% (24.0) // 44.3% (23.5) // 47.1% (23.7)",
        "oppCorsi": "47.5% (54.9) // 50.6% (58.6) // 47.5% (57.2) // 49.9% (61.6)",
        "oppFenwick": "47.1% (39.9) // 49.6% (42.4) // 46.1% (41.2) // 48.5% (43.4)",
        "oppShots": "46.5% (27.0) // 48.9% (28.4) // 44.4% (26.8) // 46.5% (28.4)",
        "oppScoring": "47.6% (27.8) // 52.0% (29.5) // 46.3% (27.4) // 49.7% (30.3)",
        "oppCorsiAgainst": "52.5% (60.8) // 49.4% (57.3) // 52.5% (63.1) // 50.1% (61.9)",
        "oppFenwickAgainst": "52.9% (44.8) // 50.4% (43.0) // 53.9% (48.1) // 51.5% (46.0)",
        "oppShotsAgainst": "53.5% (31.0) // 51.1% (29.7) // 55.6% (33.5) // 53.5% (32.6)",
        "oppScoringAgainst": "52.4% (30.5) // 48.0% (27.2) // 53.7% (31.8) // 50.3% (30.6)",
        "totalOver": 60,
        "totalOverLast5": 0,
        "totalOverLast15": 40,
        "lastTotalOver": 56,
        "last5": "0,0,0,0,0,1,0,2,1,1",
        "fd": "-194",
        "dk": "-175/+135",
        "kambi": "0",
        "lowest": "-175 DK",
        "implied": 63.63636363636363,
        "overOdds": "-175",
        "underOdds": "+135",
        "overUnder": "-175 / +135"
    },
    {
        "player": "Devon Toews",
        "team": "COL",
        "opponent": "ARI",
        "propType": "ast",
        "line": 0.5,
        "ppLine": "",
        "avg": 0.38,
        "hit": false,
        "diffAvg": -0.24,
        "diffAbs": 0.0,
        "lastAvg": 0.49,
        "diff": -0.02,
        "avgMin": 23,
        "proj": 0.5,
        "lastAvgMin": 25.1,
        "oppOver": 0,
        "teamOver": 0,
        "gameLine": "-258",
        "+/-": "+12",
        "L5_+/-": "+1.0",
        "prevMatchup": "2023-12-27 1.0 ast 2023-12-23 1.0 ast 2023-11-30 0.0 ast",
        "winLossSplits": "42% - 23%",
        "awayHome": "H",
        "playedYesterday": "N",
        "awayHomeSplits": "37% - 32%",
        "savesAboveExp": 0.539,
        "gsaa": -4.24,
        "corsi": "53.2% (63.4) // 52.8% (60.2) // 54.9% (65.8) // 52.8% (59.0)",
        "fenwick": "52.9% (45.4) // 52.6% (42.8) // 55.1% (45.0) // 53.1% (41.2)",
        "shots": "52.8% (31.7) // 53.8% (30.8) // 55.9% (33.0) // 54.8% (31.5)",
        "scoring": "53.6% (30.5) // 54.1% (28.3) // 55.7% (29.5) // 52.9% (26.6)",
        "corsiAgainst": "46.8% (55.7) // 47.2% (53.9) // 45.1% (53.9) // 47.2% (52.9)",
        "fenwickAgainst": "47.1% (40.4) // 47.4% (38.5) // 44.9% (36.7) // 46.9% (36.3)",
        "shotsAgainst": "47.2% (28.3) // 46.2% (26.5) // 44.1% (26.0) // 45.2% (25.9)",
        "scoringAgainst": "46.4% (26.4) // 45.9% (24.0) // 44.3% (23.5) // 47.1% (23.7)",
        "oppCorsi": "47.5% (54.9) // 50.6% (58.6) // 47.5% (57.2) // 49.9% (61.6)",
        "oppFenwick": "47.1% (39.9) // 49.6% (42.4) // 46.1% (41.2) // 48.5% (43.4)",
        "oppShots": "46.5% (27.0) // 48.9% (28.4) // 44.4% (26.8) // 46.5% (28.4)",
        "oppScoring": "47.6% (27.8) // 52.0% (29.5) // 46.3% (27.4) // 49.7% (30.3)",
        "oppCorsiAgainst": "52.5% (60.8) // 49.4% (57.3) // 52.5% (63.1) // 50.1% (61.9)",
        "oppFenwickAgainst": "52.9% (44.8) // 50.4% (43.0) // 53.9% (48.1) // 51.5% (46.0)",
        "oppShotsAgainst": "53.5% (31.0) // 51.1% (29.7) // 55.6% (33.5) // 53.5% (32.6)",
        "oppScoringAgainst": "52.4% (30.5) // 48.0% (27.2) // 53.7% (31.8) // 50.3% (30.6)",
        "totalOver": 35,
        "totalOverLast5": 0,
        "totalOverLast15": 20,
        "lastTotalOver": 45,
        "last5": "0,0,0,0,0,0,0,0,1,1",
        "fd": "0",
        "dk": "+150/-195",
        "kambi": "0",
        "lowest": "150 DK",
        "implied": 40.0,
        "overOdds": "+150",
        "underOdds": "-195",
        "overUnder": "+150 / -195"
    },
    {
        "player": "Jonathan Drouin",
        "team": "COL",
