[
    {
        "player": "Andrei Kuzmenko",
        "team": "VAN",
        "opponent": "PHI",
        "propType": "ast",
        "line": 0.5,
        "ppLine": "PP1",
        "avg": 0.37,
        "hit": false,
        "diffAvg": -0.26,
        "diffAbs": 0.2,
        "lastAvg": 0.43,
        "diff": -0.14,
        "avgMin": 14,
        "proj": 0.4,
        "lastAvgMin": 16.23,
        "oppOver": 0,
        "teamOver": 0,
        "gameLine": "-155",
        "+/-": 0,
        "L5_+/-": -2.0,
        "prevMatchup": "2023-10-17 0.0 ast",
        "winLossSplits": "48% - 0%",
        "awayHome": "H",
        "playedYesterday": "N",
        "awayHomeSplits": "38% - 29%",
        "savesAboveExp": 0.232,
        "gsaa": -1.32,
        "corsi": "49.6% (57.1) // 47.1% (50.6) // 51.1% (54.2) // 60.8% (65.0)",
        "fenwick": "49.1% (40.8) // 47.7% (37.4) // 50.6% (39.9) // 56.2% (41.0)",
        "shots": "48.3% (27.8) // 46.6% (25.4) // 47.6% (26.3) // 51.0% (26.0)",
        "scoring": "50.7% (28.9) // 50.1% (26.4) // 51.0% (25.6) // 57.8% (26.0)",
        "corsiAgainst": "50.4% (58.1) // 52.9% (56.8) // 48.9% (51.9) // 39.2% (42.0)",
        "fenwickAgainst": "50.9% (42.3) // 52.3% (41.0) // 49.4% (39.0) // 43.8% (32.0)",
        "shotsAgainst": "51.7% (29.8) // 53.4% (29.0) // 52.4% (28.9) // 49.0% (25.0)",
        "scoringAgainst": "49.3% (28.1) // 49.9% (26.3) // 49.0% (24.7) // 42.2% (19.0)",
        "oppCorsi": "49.8% (59.8) // 47.0% (56.5) // 49.0% (56.7) // 51.5% (64.6)",
        "oppFenwick": "52.0% (44.5) // 50.5% (44.4) // 52.4% (45.5) // 54.7% (53.5)",
        "oppShots": "53.5% (32.4) // 51.9% (31.9) // 51.5% (31.8) // 53.8% (39.7)",
        "oppScoring": "48.5% (27.3) // 44.8% (26.7) // 42.2% (24.2) // 45.6% (28.6)",
        "oppCorsiAgainst": "50.2% (60.4) // 53.0% (63.7) // 51.0% (58.9) // 48.5% (60.9)",
        "oppFenwickAgainst": "48.0% (41.1) // 49.5% (43.5) // 47.6% (41.4) // 45.3% (44.3)",
        "oppShotsAgainst": "46.5% (28.2) // 48.1% (29.6) // 48.5% (29.9) // 46.2% (34.2)",
        "oppScoringAgainst": "51.5% (29.0) // 55.2% (33.0) // 57.8% (33.1) // 54.4% (34.2)",
        "totalOver": 33,
        "totalOverLast5": 0,
        "totalOverLast15": 0,
        "lastTotalOver": 35,
        "last5": "0,0,0,0,0,0,0,0,0,0",
        "fd": "0",
        "dk": "+190/-250",
        "implied": 34.48275862068966,
        "overOdds": "+190",
        "underOdds": "-250",
        "overUnder": "+190 / -250"
    },
    {
        "player": "Brock Boeser",
        "team": "VAN",
        "opponent": "PHI",
        "propType": "ast",
        "line": 0.5,
        "ppLine": "PP1",
        "avg": 0.4,
        "hit": false,
        "diffAvg": -0.2,
        "diffAbs": 0.0,
        "lastAvg": 0.5,
        "diff": 0.0,
        "avgMin": 18,
        "proj": 0.5,
        "lastAvgMin": 17.23,
        "oppOver": 0,
        "teamOver": 0,
        "gameLine": "-155",
        "+/-": "+12",
        "L5_+/-": "+3.0",
        "prevMatchup": "2023-10-17 0.0 ast",
        "winLossSplits": "48% - 17%",
        "awayHome": "H",
        "playedYesterday": "N",
        "awayHomeSplits": "28% - 47%",
        "savesAboveExp": 0.232,
        "gsaa": -1.32,
        "corsi": "49.6% (57.1) // 47.1% (50.6) // 51.1% (54.2) // 60.8% (65.0)",
        "fenwick": "49.1% (40.8) // 47.7% (37.4) // 50.6% (39.9) // 56.2% (41.0)",
        "shots": "48.3% (27.8) // 46.6% (25.4) // 47.6% (26.3) // 51.0% (26.0)",
        "scoring": "50.7% (28.9) // 50.1% (26.4) // 51.0% (25.6) // 57.8% (26.0)",
        "corsiAgainst": "50.4% (58.1) // 52.9% (56.8) // 48.9% (51.9) // 39.2% (42.0)",
        "fenwickAgainst": "50.9% (42.3) // 52.3% (41.0) // 49.4% (39.0) // 43.8% (32.0)",
        "shotsAgainst": "51.7% (29.8) // 53.4% (29.0) // 52.4% (28.9) // 49.0% (25.0)",
        "scoringAgainst": "49.3% (28.1) // 49.9% (26.3) // 49.0% (24.7) // 42.2% (19.0)",
        "oppCorsi": "49.8% (59.8) // 47.0% (56.5) // 49.0% (56.7) // 51.5% (64.6)",
        "oppFenwick": "52.0% (44.5) // 50.5% (44.4) // 52.4% (45.5) // 54.7% (53.5)",
        "oppShots": "53.5% (32.4) // 51.9% (31.9) // 51.5% (31.8) // 53.8% (39.7)",
        "oppScoring": "48.5% (27.3) // 44.8% (26.7) // 42.2% (24.2) // 45.6% (28.6)",
        "oppCorsiAgainst": "50.2% (60.4) // 53.0% (63.7) // 51.0% (58.9) // 48.5% (60.9)",
        "oppFenwickAgainst": "48.0% (41.1) // 49.5% (43.5) // 47.6% (41.4) // 45.3% (44.3)",
        "oppShotsAgainst": "46.5% (28.2) // 48.1% (29.6) // 48.5% (29.9) // 46.2% (34.2)",
        "oppScoringAgainst": "51.5% (29.0) // 55.2% (33.0) // 57.8% (33.1) // 54.4% (34.2)",
        "totalOver": 37,
        "totalOverLast5": 0,
        "totalOverLast15": 33,
        "lastTotalOver": 42,
        "last5": "0,0,0,0,0,0,0,1,1,1",
        "fd": "+146",
        "dk": "+150/-195",
        "implied": 40.65040650406504,
        "overOdds": "+150",
        "underOdds": "-195",
        "overUnder": "+150 / -195"
    },
    {
        "player": "Cam Atkinson",
        "team": "PHI",
        "opponent": "VAN",
        "propType": "ast",
        "line": 0.5,
        "ppLine": "PP2",
        "avg": 0.27,
        "hit": false,
        "diffAvg": -0.46,
        "diffAbs": 1.0,
        "lastAvg": 0,
        "diff": 0,
        "avgMin": 17,
        "proj": 0.0,
        "lastAvgMin": 0,
        "oppOver": 0,
        "teamOver": 0,
        "gameLine": "+130",
        "+/-": -9,
        "L5_+/-": 0.0,
        "prevMatchup": "2023-10-17 0.0 ast",
        "winLossSplits": "22% - 20%",
        "awayHome": "A",
        "playedYesterday": "N",
        "awayHomeSplits": "24% - 19%",
        "savesAboveExp": 0.063,
        "gsaa": 5.31,
        "corsi": "49.8% (59.8) // 47.0% (56.5) // 49.0% (56.7) // 51.5% (64.6)",
        "fenwick": "52.0% (44.5) // 50.5% (44.4) // 52.4% (45.5) // 54.7% (53.5)",
        "shots": "53.5% (32.4) // 51.9% (31.9) // 51.5% (31.8) // 53.8% (39.7)",
        "scoring": "48.5% (27.3) // 44.8% (26.7) // 42.2% (24.2) // 45.6% (28.6)",
        "corsiAgainst": "50.2% (60.4) // 53.0% (63.7) // 51.0% (58.9) // 48.5% (60.9)",
        "fenwickAgainst": "48.0% (41.1) // 49.5% (43.5) // 47.6% (41.4) // 45.3% (44.3)",
        "shotsAgainst": "46.5% (28.2) // 48.1% (29.6) // 48.5% (29.9) // 46.2% (34.2)",
        "scoringAgainst": "51.5% (29.0) // 55.2% (33.0) // 57.8% (33.1) // 54.4% (34.2)",
        "oppCorsi": "49.6% (57.1) // 47.1% (50.6) // 51.1% (54.2) // 60.8% (65.0)",
        "oppFenwick": "49.1% (40.8) // 47.7% (37.4) // 50.6% (39.9) // 56.2% (41.0)",
        "oppShots": "48.3% (27.8) // 46.6% (25.4) // 47.6% (26.3) // 51.0% (26.0)",
        "oppScoring": "50.7% (28.9) // 50.1% (26.4) // 51.0% (25.6) // 57.8% (26.0)",
        "oppCorsiAgainst": "50.4% (58.1) // 52.9% (56.8) // 48.9% (51.9) // 39.2% (42.0)",
        "oppFenwickAgainst": "50.9% (42.3) // 52.3% (41.0) // 49.4% (39.0) // 43.8% (32.0)",
        "oppShotsAgainst": "51.7% (29.8) // 53.4% (29.0) // 52.4% (28.9) // 49.0% (25.0)",
        "oppScoringAgainst": "49.3% (28.1) // 49.9% (26.3) // 49.0% (24.7) // 42.2% (19.0)",
        "totalOver": 21,
        "totalOverLast5": 20,
        "totalOverLast15": 27,
        "lastTotalOver": 0,
        "last5": "1,0,0,0,0,1,0,1,0,0",
        "fd": "0",
        "dk": "+310/-445",
        "implied": 24.390243902439025,
        "overOdds": "+310",
        "underOdds": "-445",
        "overUnder": "+310 / -445"
    },
    {
        "player": "Elias Pettersson",
        "team": "VAN",
        "opponent": "PHI",
        "propType": "ast",
        "line": 0.5,
        "ppLine": "PP1",
        "avg": 0.86,
        "hit": false,
        "diffAvg": 0.72,
        "diffAbs": 0.4,
        "lastAvg": 0.78,
        "diff": 0.56,
        "avgMin": 19,
        "proj": 0.7,
        "lastAvgMin": 20.55,
        "oppOver": 0,
        "teamOver": 0,
        "gameLine": "-155",
        "+/-": "+9",
        "L5_+/-": "+3.0",
        "prevMatchup": "2023-10-17 0.0 ast",
        "winLossSplits": "57% - 50%",
        "awayHome": "H",
        "playedYesterday": "N",
        "awayHomeSplits": "50% - 59%",
        "savesAboveExp": 0.232,
        "gsaa": -1.32,
        "corsi": "49.6% (57.1) // 47.1% (50.6) // 51.1% (54.2) // 60.8% (65.0)",
        "fenwick": "49.1% (40.8) // 47.7% (37.4) // 50.6% (39.9) // 56.2% (41.0)",
        "shots": "48.3% (27.8) // 46.6% (25.4) // 47.6% (26.3) // 51.0% (26.0)",
        "scoring": "50.7% (28.9) // 50.1% (26.4) // 51.0% (25.6) // 57.8% (26.0)",
        "corsiAgainst": "50.4% (58.1) // 52.9% (56.8) // 48.9% (51.9) // 39.2% (42.0)",
        "fenwickAgainst": "50.9% (42.3) // 52.3% (41.0) // 49.4% (39.0) // 43.8% (32.0)",
        "shotsAgainst": "51.7% (29.8) // 53.4% (29.0) // 52.4% (28.9) // 49.0% (25.0)",
        "scoringAgainst": "49.3% (28.1) // 49.9% (26.3) // 49.0% (24.7) // 42.2% (19.0)",
        "oppCorsi": "49.8% (59.8) // 47.0% (56.5) // 49.0% (56.7) // 51.5% (64.6)",
        "oppFenwick": "52.0% (44.5) // 50.5% (44.4) // 52.4% (45.5) // 54.7% (53.5)",
        "oppShots": "53.5% (32.4) // 51.9% (31.9) // 51.5% (31.8) // 53.8% (39.7)",
        "oppScoring": "48.5% (27.3) // 44.8% (26.7) // 42.2% (24.2) // 45.6% (28.6)",
        "oppCorsiAgainst": "50.2% (60.4) // 53.0% (63.7) // 51.0% (58.9) // 48.5% (60.9)",
        "oppFenwickAgainst": "48.0% (41.1) // 49.5% (43.5) // 47.6% (41.4) // 45.3% (44.3)",
        "oppShotsAgainst": "46.5% (28.2) // 48.1% (29.6) // 48.5% (29.9) // 46.2% (34.2)",
        "oppScoringAgainst": "51.5% (29.0) // 55.2% (33.0) // 57.8% (33.1) // 54.4% (34.2)",
        "totalOver": 54,
        "totalOverLast5": 40,
        "totalOverLast15": 47,
        "lastTotalOver": 54,
        "last5": "2,0,1,0,0,1,0,2,0,2",
        "fd": "-113",
        "dk": "-115/-115",
        "implied": 53.48837209302325,
        "overOdds": "-115",
        "underOdds": "-115",
        "overUnder": "-115 / -115"
    },
    {
        "player": "Filip Hronek",
        "team": "VAN",
        "opponent": "PHI",
        "propType": "ast",
        "line": 0.5,
        "ppLine": "PP2",
        "avg": 0.77,
        "hit": false,
        "diffAvg": 0.54,
        "diffAbs": 0.0,
        "lastAvg": 0.47,
        "diff": -0.06,
        "avgMin": 24,
        "proj": 0.5,
        "lastAvgMin": 21.68,
        "oppOver": 0,
        "teamOver": 0,
        "gameLine": "-155",
        "+/-": "+23",
        "L5_+/-": "+9.0",
        "prevMatchup": "2023-10-17 0.0 ast",
        "winLossSplits": "70% - 50%",
        "awayHome": "H",
        "playedYesterday": "N",
        "awayHomeSplits": "67% - 59%",
        "savesAboveExp": 0.232,
        "gsaa": -1.32,
        "corsi": "49.6% (57.1) // 47.1% (50.6) // 51.1% (54.2) // 60.8% (65.0)",
        "fenwick": "49.1% (40.8) // 47.7% (37.4) // 50.6% (39.9) // 56.2% (41.0)",
        "shots": "48.3% (27.8) // 46.6% (25.4) // 47.6% (26.3) // 51.0% (26.0)",
        "scoring": "50.7% (28.9) // 50.1% (26.4) // 51.0% (25.6) // 57.8% (26.0)",
        "corsiAgainst": "50.4% (58.1) // 52.9% (56.8) // 48.9% (51.9) // 39.2% (42.0)",
        "fenwickAgainst": "50.9% (42.3) // 52.3% (41.0) // 49.4% (39.0) // 43.8% (32.0)",
        "shotsAgainst": "51.7% (29.8) // 53.4% (29.0) // 52.4% (28.9) // 49.0% (25.0)",
        "scoringAgainst": "49.3% (28.1) // 49.9% (26.3) // 49.0% (24.7) // 42.2% (19.0)",
        "oppCorsi": "49.8% (59.8) // 47.0% (56.5) // 49.0% (56.7) // 51.5% (64.6)",
        "oppFenwick": "52.0% (44.5) // 50.5% (44.4) // 52.4% (45.5) // 54.7% (53.5)",
        "oppShots": "53.5% (32.4) // 51.9% (31.9) // 51.5% (31.8) // 53.8% (39.7)",
        "oppScoring": "48.5% (27.3) // 44.8% (26.7) // 42.2% (24.2) // 45.6% (28.6)",
        "oppCorsiAgainst": "50.2% (60.4) // 53.0% (63.7) // 51.0% (58.9) // 48.5% (60.9)",
        "oppFenwickAgainst": "48.0% (41.1) // 49.5% (43.5) // 47.6% (41.4) // 45.3% (44.3)",
        "oppShotsAgainst": "46.5% (28.2) // 48.1% (29.6) // 48.5% (29.9) // 46.2% (34.2)",
        "oppScoringAgainst": "51.5% (29.0) // 55.2% (33.0) // 57.8% (33.1) // 54.4% (34.2)",
        "totalOver": 63,
        "totalOverLast5": 40,
        "totalOverLast15": 47,
        "lastTotalOver": 41,
        "last5": "0,0,1,1,0,0,1,1,0,0",
        "fd": "0",
        "dk": "+114/-145",
        "implied": 46.728971962616825,
        "overOdds": "+114",
        "underOdds": "-145",
        "overUnder": "+114 / -145"
    },
    {
        "player": "Ilya Mikheyev",
        "team": "VAN",
        "opponent": "PHI",
        "propType": "ast",
        "line": 0.5,
        "ppLine": "PP2",
        "avg": 0.32,
        "hit": false,
        "diffAvg": -0.36,
        "diffAbs": 0.4,
        "lastAvg": 0.33,
        "diff": -0.34,
        "avgMin": 14,
        "proj": 0.3,
        "lastAvgMin": 16.9,
        "oppOver": 0,
        "teamOver": 0,
        "gameLine": "-155",
        "+/-": "+7",
        "L5_+/-": "+4.0",
        "prevMatchup": "",
        "winLossSplits": "38% - 10%",
        "awayHome": "H",
        "playedYesterday": "N",
        "awayHomeSplits": "20% - 38%",
        "savesAboveExp": 0.232,
        "gsaa": -1.32,
        "corsi": "49.6% (57.1) // 47.1% (50.6) // 51.1% (54.2) // 60.8% (65.0)",
        "fenwick": "49.1% (40.8) // 47.7% (37.4) // 50.6% (39.9) // 56.2% (41.0)",
        "shots": "48.3% (27.8) // 46.6% (25.4) // 47.6% (26.3) // 51.0% (26.0)",
        "scoring": "50.7% (28.9) // 50.1% (26.4) // 51.0% (25.6) // 57.8% (26.0)",
        "corsiAgainst": "50.4% (58.1) // 52.9% (56.8) // 48.9% (51.9) // 39.2% (42.0)",
        "fenwickAgainst": "50.9% (42.3) // 52.3% (41.0) // 49.4% (39.0) // 43.8% (32.0)",
        "shotsAgainst": "51.7% (29.8) // 53.4% (29.0) // 52.4% (28.9) // 49.0% (25.0)",
        "scoringAgainst": "49.3% (28.1) // 49.9% (26.3) // 49.0% (24.7) // 42.2% (19.0)",
        "oppCorsi": "49.8% (59.8) // 47.0% (56.5) // 49.0% (56.7) // 51.5% (64.6)",
        "oppFenwick": "52.0% (44.5) // 50.5% (44.4) // 52.4% (45.5) // 54.7% (53.5)",
        "oppShots": "53.5% (32.4) // 51.9% (31.9) // 51.5% (31.8) // 53.8% (39.7)",
        "oppScoring": "48.5% (27.3) // 44.8% (26.7) // 42.2% (24.2) // 45.6% (28.6)",
        "oppCorsiAgainst": "50.2% (60.4) // 53.0% (63.7) // 51.0% (58.9) // 48.5% (60.9)",
        "oppFenwickAgainst": "48.0% (41.1) // 49.5% (43.5) // 47.6% (41.4) // 45.3% (44.3)",
        "oppShotsAgainst": "46.5% (28.2) // 48.1% (29.6) // 48.5% (29.9) // 46.2% (34.2)",
        "oppScoringAgainst": "51.5% (29.0) // 55.2% (33.0) // 57.8% (33.1) // 54.4% (34.2)",
        "totalOver": 29,
        "totalOverLast5": 40,
        "totalOverLast15": 33,
        "lastTotalOver": 0,
        "last5": "1,0,2,0,0,0,0,1,0,0",
        "fd": "0",
        "dk": "+230/-315",
        "implied": 30.303030303030305,
        "overOdds": "+230",
        "underOdds": "-315",
        "overUnder": "+230 / -315"
    },
    {
        "player": "Jt Miller",
        "team": "VAN",
        "opponent": "PHI",
        "propType": "ast",
        "line": 0.5,
        "ppLine": "PP1",
        "avg": 0.94,
        "hit": false,
        "diffAvg": 0.88,
        "diffAbs": 0.2,
        "lastAvg": 0.62,
        "diff": 0.24,
        "avgMin": 19,
        "proj": 0.6,
        "lastAvgMin": 20.67,
        "oppOver": 0,
        "teamOver": 0,
        "gameLine": "-155",
        "+/-": "+13",
        "L5_+/-": "+2.0",
        "prevMatchup": "2023-10-17 0.0 ast",
        "winLossSplits": "57% - 50%",
        "awayHome": "H",
        "playedYesterday": "N",
        "awayHomeSplits": "50% - 59%",
        "savesAboveExp": 0.232,
        "gsaa": -1.32,
        "corsi": "49.6% (57.1) // 47.1% (50.6) // 51.1% (54.2) // 60.8% (65.0)",
        "fenwick": "49.1% (40.8) // 47.7% (37.4) // 50.6% (39.9) // 56.2% (41.0)",
        "shots": "48.3% (27.8) // 46.6% (25.4) // 47.6% (26.3) // 51.0% (26.0)",
        "scoring": "50.7% (28.9) // 50.1% (26.4) // 51.0% (25.6) // 57.8% (26.0)",
        "corsiAgainst": "50.4% (58.1) // 52.9% (56.8) // 48.9% (51.9) // 39.2% (42.0)",
        "fenwickAgainst": "50.9% (42.3) // 52.3% (41.0) // 49.4% (39.0) // 43.8% (32.0)",
        "shotsAgainst": "51.7% (29.8) // 53.4% (29.0) // 52.4% (28.9) // 49.0% (25.0)",
        "scoringAgainst": "49.3% (28.1) // 49.9% (26.3) // 49.0% (24.7) // 42.2% (19.0)",
        "oppCorsi": "49.8% (59.8) // 47.0% (56.5) // 49.0% (56.7) // 51.5% (64.6)",
        "oppFenwick": "52.0% (44.5) // 50.5% (44.4) // 52.4% (45.5) // 54.7% (53.5)",
        "oppShots": "53.5% (32.4) // 51.9% (31.9) // 51.5% (31.8) // 53.8% (39.7)",
        "oppScoring": "48.5% (27.3) // 44.8% (26.7) // 42.2% (24.2) // 45.6% (28.6)",
        "oppCorsiAgainst": "50.2% (60.4) // 53.0% (63.7) // 51.0% (58.9) // 48.5% (60.9)",
        "oppFenwickAgainst": "48.0% (41.1) // 49.5% (43.5) // 47.6% (41.4) // 45.3% (44.3)",
        "oppShotsAgainst": "46.5% (28.2) // 48.1% (29.6) // 48.5% (29.9) // 46.2% (34.2)",
        "oppScoringAgainst": "51.5% (29.0) // 55.2% (33.0) // 57.8% (33.1) // 54.4% (34.2)",
        "totalOver": 54,
        "totalOverLast5": 60,
        "totalOverLast15": 60,
        "lastTotalOver": 50,
        "last5": "2,1,0,2,0,1,2,0,0,2",
        "fd": "+102",
        "dk": "-105/-125",
        "implied": 51.21951219512195,
        "overOdds": "-105",
        "underOdds": "-125",
        "overUnder": "-105 / -125"
    },
    {
        "player": "Joel Farabee",
        "team": "PHI",
        "opponent": "VAN",
        "propType": "ast",
        "line": 0.5,
        "ppLine": "PP2",
        "avg": 0.33,
        "hit": false,
        "diffAvg": -0.34,
        "diffAbs": 0.6,
        "lastAvg": 0.29,
        "diff": -0.42,
        "avgMin": 14,
        "proj": 0.2,
        "lastAvgMin": 17.0,
        "oppOver": 0,
        "teamOver": 0,
        "gameLine": "+130",
        "+/-": "+9",
        "L5_+/-": "+4.0",
        "prevMatchup": "2023-10-17 0.0 ast",
        "winLossSplits": "28% - 20%",
        "awayHome": "A",
        "playedYesterday": "N",
        "awayHomeSplits": "35% - 12%",
        "savesAboveExp": 0.063,
        "gsaa": 5.31,
        "corsi": "49.8% (59.8) // 47.0% (56.5) // 49.0% (56.7) // 51.5% (64.6)",
        "fenwick": "52.0% (44.5) // 50.5% (44.4) // 52.4% (45.5) // 54.7% (53.5)",
        "shots": "53.5% (32.4) // 51.9% (31.9) // 51.5% (31.8) // 53.8% (39.7)",
        "scoring": "48.5% (27.3) // 44.8% (26.7) // 42.2% (24.2) // 45.6% (28.6)",
        "corsiAgainst": "50.2% (60.4) // 53.0% (63.7) // 51.0% (58.9) // 48.5% (60.9)",
        "fenwickAgainst": "48.0% (41.1) // 49.5% (43.5) // 47.6% (41.4) // 45.3% (44.3)",
        "shotsAgainst": "46.5% (28.2) // 48.1% (29.6) // 48.5% (29.9) // 46.2% (34.2)",
        "scoringAgainst": "51.5% (29.0) // 55.2% (33.0) // 57.8% (33.1) // 54.4% (34.2)",
        "oppCorsi": "49.6% (57.1) // 47.1% (50.6) // 51.1% (54.2) // 60.8% (65.0)",
        "oppFenwick": "49.1% (40.8) // 47.7% (37.4) // 50.6% (39.9) // 56.2% (41.0)",
        "oppShots": "48.3% (27.8) // 46.6% (25.4) // 47.6% (26.3) // 51.0% (26.0)",
        "oppScoring": "50.7% (28.9) // 50.1% (26.4) // 51.0% (25.6) // 57.8% (26.0)",
        "oppCorsiAgainst": "50.4% (58.1) // 52.9% (56.8) // 48.9% (51.9) // 39.2% (42.0)",
        "oppFenwickAgainst": "50.9% (42.3) // 52.3% (41.0) // 49.4% (39.0) // 43.8% (32.0)",
        "oppShotsAgainst": "51.7% (29.8) // 53.4% (29.0) // 52.4% (28.9) // 49.0% (25.0)",
        "oppScoringAgainst": "49.3% (28.1) // 49.9% (26.3) // 49.0% (24.7) // 42.2% (19.0)",
        "totalOver": 24,
        "totalOverLast5": 40,
        "totalOverLast15": 20,
        "lastTotalOver": 29,
        "last5": "2,0,1,0,0,1,0,0,0,0",
        "fd": "0",
        "dk": "+250/-345",
        "implied": 28.57142857142857,
        "overOdds": "+250",
        "underOdds": "-345",
        "overUnder": "+250 / -345"
    },
    {
        "player": "Owen Tippett",
        "team": "PHI",
        "opponent": "VAN",
        "propType": "ast",
        "line": 0.5,
        "ppLine": "PP2",
        "avg": 0.27,
        "hit": false,
        "diffAvg": -0.46,
        "diffAbs": 0.6,
        "lastAvg": 0.29,
        "diff": -0.42,
        "avgMin": 15,
        "proj": 0.2,
        "lastAvgMin": 17.42,
        "oppOver": 0,
        "teamOver": 0,
        "gameLine": "+130",
        "+/-": "+2",
        "L5_+/-": "+4.0",
        "prevMatchup": "2023-10-17 0.0 ast",
        "winLossSplits": "22% - 27%",
        "awayHome": "A",
        "playedYesterday": "N",
        "awayHomeSplits": "24% - 25%",
        "savesAboveExp": 0.063,
        "gsaa": 5.31,
        "corsi": "49.8% (59.8) // 47.0% (56.5) // 49.0% (56.7) // 51.5% (64.6)",
        "fenwick": "52.0% (44.5) // 50.5% (44.4) // 52.4% (45.5) // 54.7% (53.5)",
        "shots": "53.5% (32.4) // 51.9% (31.9) // 51.5% (31.8) // 53.8% (39.7)",
        "scoring": "48.5% (27.3) // 44.8% (26.7) // 42.2% (24.2) // 45.6% (28.6)",
        "corsiAgainst": "50.2% (60.4) // 53.0% (63.7) // 51.0% (58.9) // 48.5% (60.9)",
        "fenwickAgainst": "48.0% (41.1) // 49.5% (43.5) // 47.6% (41.4) // 45.3% (44.3)",
        "shotsAgainst": "46.5% (28.2) // 48.1% (29.6) // 48.5% (29.9) // 46.2% (34.2)",
        "scoringAgainst": "51.5% (29.0) // 55.2% (33.0) // 57.8% (33.1) // 54.4% (34.2)",
        "oppCorsi": "49.6% (57.1) // 47.1% (50.6) // 51.1% (54.2) // 60.8% (65.0)",
        "oppFenwick": "49.1% (40.8) // 47.7% (37.4) // 50.6% (39.9) // 56.2% (41.0)",
        "oppShots": "48.3% (27.8) // 46.6% (25.4) // 47.6% (26.3) // 51.0% (26.0)",
        "oppScoring": "50.7% (28.9) // 50.1% (26.4) // 51.0% (25.6) // 57.8% (26.0)",
        "oppCorsiAgainst": "50.4% (58.1) // 52.9% (56.8) // 48.9% (51.9) // 39.2% (42.0)",
        "oppFenwickAgainst": "50.9% (42.3) // 52.3% (41.0) // 49.4% (39.0) // 43.8% (32.0)",
        "oppShotsAgainst": "51.7% (29.8) // 53.4% (29.0) // 52.4% (28.9) // 49.0% (25.0)",
        "oppScoringAgainst": "49.3% (28.1) // 49.9% (26.3) // 49.0% (24.7) // 42.2% (19.0)",
        "totalOver": 24,
        "totalOverLast5": 20,
        "totalOverLast15": 13,
        "lastTotalOver": 30,
        "last5": "0,1,0,0,0,0,1,0,0,0",
        "fd": "+240",
        "dk": "+260/-360",
        "implied": 29.411764705882355,
        "overOdds": "+260",
        "underOdds": "-360",
        "overUnder": "+260 / -360"
    },
    {
        "player": "Quinn Hughes",
        "team": "VAN",
        "opponent": "PHI",
        "propType": "ast",
        "line": 0.5,
        "ppLine": "PP1",
        "avg": 0.97,
        "hit": false,
        "diffAvg": 0.94,
        "diffAbs": 0.6,
        "lastAvg": 0.88,
        "diff": 0.76,
        "avgMin": 24,
        "proj": 0.8,
        "lastAvgMin": 25.65,
        "oppOver": 0,
        "teamOver": 0,
        "gameLine": "-155",
        "+/-": "+28",
        "L5_+/-": "+10.0",
        "prevMatchup": "2023-10-17 0.0 ast",
        "winLossSplits": "61% - 50%",
        "awayHome": "H",
        "playedYesterday": "N",
        "awayHomeSplits": "67% - 47%",
        "savesAboveExp": 0.232,
        "gsaa": -1.32,
        "corsi": "49.6% (57.1) // 47.1% (50.6) // 51.1% (54.2) // 60.8% (65.0)",
        "fenwick": "49.1% (40.8) // 47.7% (37.4) // 50.6% (39.9) // 56.2% (41.0)",
        "shots": "48.3% (27.8) // 46.6% (25.4) // 47.6% (26.3) // 51.0% (26.0)",
        "scoring": "50.7% (28.9) // 50.1% (26.4) // 51.0% (25.6) // 57.8% (26.0)",
        "corsiAgainst": "50.4% (58.1) // 52.9% (56.8) // 48.9% (51.9) // 39.2% (42.0)",
        "fenwickAgainst": "50.9% (42.3) // 52.3% (41.0) // 49.4% (39.0) // 43.8% (32.0)",
        "shotsAgainst": "51.7% (29.8) // 53.4% (29.0) // 52.4% (28.9) // 49.0% (25.0)",
        "scoringAgainst": "49.3% (28.1) // 49.9% (26.3) // 49.0% (24.7) // 42.2% (19.0)",
        "oppCorsi": "49.8% (59.8) // 47.0% (56.5) // 49.0% (56.7) // 51.5% (64.6)",
        "oppFenwick": "52.0% (44.5) // 50.5% (44.4) // 52.4% (45.5) // 54.7% (53.5)",
        "oppShots": "53.5% (32.4) // 51.9% (31.9) // 51.5% (31.8) // 53.8% (39.7)",
        "oppScoring": "48.5% (27.3) // 44.8% (26.7) // 42.2% (24.2) // 45.6% (28.6)",
        "oppCorsiAgainst": "50.2% (60.4) // 53.0% (63.7) // 51.0% (58.9) // 48.5% (60.9)",
        "oppFenwickAgainst": "48.0% (41.1) // 49.5% (43.5) // 47.6% (41.4) // 45.3% (44.3)",
        "oppShotsAgainst": "46.5% (28.2) // 48.1% (29.6) // 48.5% (29.9) // 46.2% (34.2)",
        "oppScoringAgainst": "51.5% (29.0) // 55.2% (33.0) // 57.8% (33.1) // 54.4% (34.2)",
        "totalOver": 57,
        "totalOverLast5": 60,
        "totalOverLast15": 40,
        "lastTotalOver": 62,
        "last5": "1,1,2,0,0,0,3,0,0,2",
        "fd": "-120",
        "dk": "-120/-110",
        "implied": 54.54545454545454,
        "overOdds": "-120",
        "underOdds": "-110",
        "overUnder": "-120 / -110"
    },
    {
        "player": "Scott Laughton",
        "team": "PHI",
        "opponent": "VAN",
        "propType": "ast",
        "line": 0.5,
        "ppLine": "",
        "avg": 0.36,
        "hit": false,
        "diffAvg": -0.28,
        "diffAbs": 0.4,
        "lastAvg": 0.32,
        "diff": -0.36,
        "avgMin": 15,
        "proj": 0.3,
        "lastAvgMin": 18.28,
        "oppOver": 0,
        "teamOver": 0,
        "gameLine": "+130",
        "+/-": "+2",
        "L5_+/-": "+2.0",
        "prevMatchup": "2023-10-17 1.0 ast",
        "winLossSplits": "28% - 40%",
        "awayHome": "A",
        "playedYesterday": "N",
        "awayHomeSplits": "41% - 25%",
        "savesAboveExp": 0.063,
        "gsaa": 5.31,
        "corsi": "49.8% (59.8) // 47.0% (56.5) // 49.0% (56.7) // 51.5% (64.6)",
        "fenwick": "52.0% (44.5) // 50.5% (44.4) // 52.4% (45.5) // 54.7% (53.5)",
        "shots": "53.5% (32.4) // 51.9% (31.9) // 51.5% (31.8) // 53.8% (39.7)",
        "scoring": "48.5% (27.3) // 44.8% (26.7) // 42.2% (24.2) // 45.6% (28.6)",
        "corsiAgainst": "50.2% (60.4) // 53.0% (63.7) // 51.0% (58.9) // 48.5% (60.9)",
        "fenwickAgainst": "48.0% (41.1) // 49.5% (43.5) // 47.6% (41.4) // 45.3% (44.3)",
        "shotsAgainst": "46.5% (28.2) // 48.1% (29.6) // 48.5% (29.9) // 46.2% (34.2)",
        "scoringAgainst": "51.5% (29.0) // 55.2% (33.0) // 57.8% (33.1) // 54.4% (34.2)",
        "oppCorsi": "49.6% (57.1) // 47.1% (50.6) // 51.1% (54.2) // 60.8% (65.0)",
        "oppFenwick": "49.1% (40.8) // 47.7% (37.4) // 50.6% (39.9) // 56.2% (41.0)",
        "oppShots": "48.3% (27.8) // 46.6% (25.4) // 47.6% (26.3) // 51.0% (26.0)",
        "oppScoring": "50.7% (28.9) // 50.1% (26.4) // 51.0% (25.6) // 57.8% (26.0)",
        "oppCorsiAgainst": "50.4% (58.1) // 52.9% (56.8) // 48.9% (51.9) // 39.2% (42.0)",
        "oppFenwickAgainst": "50.9% (42.3) // 52.3% (41.0) // 49.4% (39.0) // 43.8% (32.0)",
        "oppShotsAgainst": "51.7% (29.8) // 53.4% (29.0) // 52.4% (28.9) // 49.0% (25.0)",
        "oppScoringAgainst": "49.3% (28.1) // 49.9% (26.3) // 49.0% (24.7) // 42.2% (19.0)",
        "totalOver": 33,
        "totalOverLast5": 20,
        "totalOverLast15": 20,
        "lastTotalOver": 24,
        "last5": "1,0,0,0,0,0,0,1,0,0",
        "fd": "0",
        "dk": "+260/-360",
        "implied": 27.77777777777778,
        "overOdds": "+260",
        "underOdds": "-360",
        "overUnder": "+260 / -360"
    },
    {
        "player": "Sean Couturier",
        "team": "PHI",
        "opponent": "VAN",
        "propType": "ast",
        "line": 0.5,
        "ppLine": "PP1",
        "avg": 0.45,
        "hit": false,
        "diffAvg": -0.1,
        "diffAbs": 1.0,
        "lastAvg": 0,
        "diff": 0,
        "avgMin": 19,
        "proj": 0.0,
        "lastAvgMin": 0,
        "oppOver": 0,
        "teamOver": 0,
        "gameLine": "+130",
        "+/-": "+5",
        "L5_+/-": "+1.0",
        "prevMatchup": "2023-10-17 0.0 ast",
        "winLossSplits": "53% - 29%",
        "awayHome": "A",
        "playedYesterday": "N",
        "awayHomeSplits": "44% - 40%",
        "savesAboveExp": 0.063,
        "gsaa": 5.31,
        "corsi": "49.8% (59.8) // 47.0% (56.5) // 49.0% (56.7) // 51.5% (64.6)",
        "fenwick": "52.0% (44.5) // 50.5% (44.4) // 52.4% (45.5) // 54.7% (53.5)",
        "shots": "53.5% (32.4) // 51.9% (31.9) // 51.5% (31.8) // 53.8% (39.7)",
        "scoring": "48.5% (27.3) // 44.8% (26.7) // 42.2% (24.2) // 45.6% (28.6)",
        "corsiAgainst": "50.2% (60.4) // 53.0% (63.7) // 51.0% (58.9) // 48.5% (60.9)",
        "fenwickAgainst": "48.0% (41.1) // 49.5% (43.5) // 47.6% (41.4) // 45.3% (44.3)",
        "shotsAgainst": "46.5% (28.2) // 48.1% (29.6) // 48.5% (29.9) // 46.2% (34.2)",
        "scoringAgainst": "51.5% (29.0) // 55.2% (33.0) // 57.8% (33.1) // 54.4% (34.2)",
        "oppCorsi": "49.6% (57.1) // 47.1% (50.6) // 51.1% (54.2) // 60.8% (65.0)",
        "oppFenwick": "49.1% (40.8) // 47.7% (37.4) // 50.6% (39.9) // 56.2% (41.0)",
        "oppShots": "48.3% (27.8) // 46.6% (25.4) // 47.6% (26.3) // 51.0% (26.0)",
        "oppScoring": "50.7% (28.9) // 50.1% (26.4) // 51.0% (25.6) // 57.8% (26.0)",
        "oppCorsiAgainst": "50.4% (58.1) // 52.9% (56.8) // 48.9% (51.9) // 39.2% (42.0)",
        "oppFenwickAgainst": "50.9% (42.3) // 52.3% (41.0) // 49.4% (39.0) // 43.8% (32.0)",
        "oppShotsAgainst": "51.7% (29.8) // 53.4% (29.0) // 52.4% (28.9) // 49.0% (25.0)",
        "oppScoringAgainst": "49.3% (28.1) // 49.9% (26.3) // 49.0% (24.7) // 42.2% (19.0)",
        "totalOver": 42,
        "totalOverLast5": 0,
        "totalOverLast15": 33,
        "lastTotalOver": 0,
        "last5": "0,0,0,0,0,1,1,1,0,1",
        "fd": "+154",
        "dk": "+150/-195",
        "implied": 40.0,
        "overOdds": "+150",
        "underOdds": "-195",
        "overUnder": "+150 / -195"
    },
    {
        "player": "Travis Konecny",
        "team": "PHI",
        "opponent": "VAN",
        "propType": "ast",
        "line": 0.5,
        "ppLine": "PP1",
        "avg": 0.36,
        "hit": false,
        "diffAvg": -0.28,
        "diffAbs": 0.0,
        "lastAvg": 0.5,
        "diff": 0.0,
        "avgMin": 19,
        "proj": 0.5,
        "lastAvgMin": 20.1,
        "oppOver": 0,
        "teamOver": 0,
        "gameLine": "+130",
        "+/-": "+9",
        "L5_+/-": "+1.0",
        "prevMatchup": "2023-10-17 1.0 ast",
        "winLossSplits": "33% - 27%",
        "awayHome": "A",
        "playedYesterday": "N",
        "awayHomeSplits": "29% - 31%",
        "savesAboveExp": 0.063,
        "gsaa": 5.31,
        "corsi": "49.8% (59.8) // 47.0% (56.5) // 49.0% (56.7) // 51.5% (64.6)",
        "fenwick": "52.0% (44.5) // 50.5% (44.4) // 52.4% (45.5) // 54.7% (53.5)",
        "shots": "53.5% (32.4) // 51.9% (31.9) // 51.5% (31.8) // 53.8% (39.7)",
        "scoring": "48.5% (27.3) // 44.8% (26.7) // 42.2% (24.2) // 45.6% (28.6)",
        "corsiAgainst": "50.2% (60.4) // 53.0% (63.7) // 51.0% (58.9) // 48.5% (60.9)",
        "fenwickAgainst": "48.0% (41.1) // 49.5% (43.5) // 47.6% (41.4) // 45.3% (44.3)",
        "shotsAgainst": "46.5% (28.2) // 48.1% (29.6) // 48.5% (29.9) // 46.2% (34.2)",
        "scoringAgainst": "51.5% (29.0) // 55.2% (33.0) // 57.8% (33.1) // 54.4% (34.2)",
        "oppCorsi": "49.6% (57.1) // 47.1% (50.6) // 51.1% (54.2) // 60.8% (65.0)",
        "oppFenwick": "49.1% (40.8) // 47.7% (37.4) // 50.6% (39.9) // 56.2% (41.0)",
        "oppShots": "48.3% (27.8) // 46.6% (25.4) // 47.6% (26.3) // 51.0% (26.0)",
        "oppScoring": "50.7% (28.9) // 50.1% (26.4) // 51.0% (25.6) // 57.8% (26.0)",
        "oppCorsiAgainst": "50.4% (58.1) // 52.9% (56.8) // 48.9% (51.9) // 39.2% (42.0)",
        "oppFenwickAgainst": "50.9% (42.3) // 52.3% (41.0) // 49.4% (39.0) // 43.8% (32.0)",
        "oppShotsAgainst": "51.7% (29.8) // 53.4% (29.0) // 52.4% (28.9) // 49.0% (25.0)",
        "oppScoringAgainst": "49.3% (28.1) // 49.9% (26.3) // 49.0% (24.7) // 42.2% (19.0)",
        "totalOver": 30,
        "totalOverLast5": 60,
        "totalOverLast15": 40,
        "lastTotalOver": 36,
        "last5": "1,0,1,1,0,1,0,0,2,0",
        "fd": "+176",
        "dk": "+185/-245",
        "implied": 36.231884057971016,
        "overOdds": "+185",
        "underOdds": "-245",
        "overUnder": "+185 / -245"
    },
    {
        "player": "Travis Sanheim",
        "team": "PHI",
        "opponent": "VAN",
        "propType": "ast",
        "line": 0.5,
        "ppLine": "",
        "avg": 0.62,
        "hit": false,
        "diffAvg": 0.24,
        "diffAbs": 0.6,
        "lastAvg": 0.2,
        "diff": -0.6,
        "avgMin": 25,
        "proj": 0.2,
        "lastAvgMin": 20.4,
        "oppOver": 0,
        "teamOver": 0,
        "gameLine": "+130",
        "+/-": -7,
        "L5_+/-": "+2.0",
        "prevMatchup": "2023-10-17 0.0 ast",
        "winLossSplits": "53% - 40%",
        "awayHome": "A",
        "playedYesterday": "N",
        "awayHomeSplits": "59% - 33%",
        "savesAboveExp": 0.063,
        "gsaa": 5.31,
        "corsi": "49.8% (59.8) // 47.0% (56.5) // 49.0% (56.7) // 51.5% (64.6)",
        "fenwick": "52.0% (44.5) // 50.5% (44.4) // 52.4% (45.5) // 54.7% (53.5)",
        "shots": "53.5% (32.4) // 51.9% (31.9) // 51.5% (31.8) // 53.8% (39.7)",
        "scoring": "48.5% (27.3) // 44.8% (26.7) // 42.2% (24.2) // 45.6% (28.6)",
        "corsiAgainst": "50.2% (60.4) // 53.0% (63.7) // 51.0% (58.9) // 48.5% (60.9)",
        "fenwickAgainst": "48.0% (41.1) // 49.5% (43.5) // 47.6% (41.4) // 45.3% (44.3)",
        "shotsAgainst": "46.5% (28.2) // 48.1% (29.6) // 48.5% (29.9) // 46.2% (34.2)",
        "scoringAgainst": "51.5% (29.0) // 55.2% (33.0) // 57.8% (33.1) // 54.4% (34.2)",
        "oppCorsi": "49.6% (57.1) // 47.1% (50.6) // 51.1% (54.2) // 60.8% (65.0)",
        "oppFenwick": "49.1% (40.8) // 47.7% (37.4) // 50.6% (39.9) // 56.2% (41.0)",
        "oppShots": "48.3% (27.8) // 46.6% (25.4) // 47.6% (26.3) // 51.0% (26.0)",
        "oppScoring": "50.7% (28.9) // 50.1% (26.4) // 51.0% (25.6) // 57.8% (26.0)",
        "oppCorsiAgainst": "50.4% (58.1) // 52.9% (56.8) // 48.9% (51.9) // 39.2% (42.0)",
        "oppFenwickAgainst": "50.9% (42.3) // 52.3% (41.0) // 49.4% (39.0) // 43.8% (32.0)",
        "oppShotsAgainst": "51.7% (29.8) // 53.4% (29.0) // 52.4% (28.9) // 49.0% (25.0)",
        "oppScoringAgainst": "49.3% (28.1) // 49.9% (26.3) // 49.0% (24.7) // 42.2% (19.0)",
        "totalOver": 47,
        "totalOverLast5": 40,
        "totalOverLast15": 33,
        "lastTotalOver": 21,
        "last5": "2,0,1,0,0,1,1,1,0,0",
        "fd": "+196",
        "dk": "+180/-238",
        "implied": 35.714285714285715,
        "overOdds": "+180",
        "underOdds": "-238",
        "overUnder": "+180 / -238"
    },
    {
        "player": "Tyson Foerster",
        "team": "PHI",
        "opponent": "VAN",
        "propType": "ast",
        "line": 0.5,
        "ppLine": "PP1",
        "avg": 0.25,
        "hit": false,
        "diffAvg": -0.5,
        "diffAbs": 1.0,
        "lastAvg": 0,
        "diff": 0,
        "avgMin": 17,
        "proj": 0.0,
        "lastAvgMin": 0,
        "oppOver": 0,
        "teamOver": 0,
        "gameLine": "+130",
        "+/-": "+4",
        "L5_+/-": -1.0,
        "prevMatchup": "2023-10-17 0.0 ast",
        "winLossSplits": "29% - 20%",
        "awayHome": "A",
        "playedYesterday": "N",
        "awayHomeSplits": "31% - 19%",
        "savesAboveExp": 0.063,
        "gsaa": 5.31,
        "corsi": "49.8% (59.8) // 47.0% (56.5) // 49.0% (56.7) // 51.5% (64.6)",
        "fenwick": "52.0% (44.5) // 50.5% (44.4) // 52.4% (45.5) // 54.7% (53.5)",
        "shots": "53.5% (32.4) // 51.9% (31.9) // 51.5% (31.8) // 53.8% (39.7)",
        "scoring": "48.5% (27.3) // 44.8% (26.7) // 42.2% (24.2) // 45.6% (28.6)",
        "corsiAgainst": "50.2% (60.4) // 53.0% (63.7) // 51.0% (58.9) // 48.5% (60.9)",
        "fenwickAgainst": "48.0% (41.1) // 49.5% (43.5) // 47.6% (41.4) // 45.3% (44.3)",
        "shotsAgainst": "46.5% (28.2) // 48.1% (29.6) // 48.5% (29.9) // 46.2% (34.2)",
        "scoringAgainst": "51.5% (29.0) // 55.2% (33.0) // 57.8% (33.1) // 54.4% (34.2)",
        "oppCorsi": "49.6% (57.1) // 47.1% (50.6) // 51.1% (54.2) // 60.8% (65.0)",
        "oppFenwick": "49.1% (40.8) // 47.7% (37.4) // 50.6% (39.9) // 56.2% (41.0)",
        "oppShots": "48.3% (27.8) // 46.6% (25.4) // 47.6% (26.3) // 51.0% (26.0)",
        "oppScoring": "50.7% (28.9) // 50.1% (26.4) // 51.0% (25.6) // 57.8% (26.0)",
        "oppCorsiAgainst": "50.4% (58.1) // 52.9% (56.8) // 48.9% (51.9) // 39.2% (42.0)",
        "oppFenwickAgainst": "50.9% (42.3) // 52.3% (41.0) // 49.4% (39.0) // 43.8% (32.0)",
        "oppShotsAgainst": "51.7% (29.8) // 53.4% (29.0) // 52.4% (28.9) // 49.0% (25.0)",
        "oppScoringAgainst": "49.3% (28.1) // 49.9% (26.3) // 49.0% (24.7) // 42.2% (19.0)",
        "totalOver": 25,
        "totalOverLast5": 40,
        "totalOverLast15": 33,
        "lastTotalOver": 38,
        "last5": "1,0,0,1,0,0,1,0,0,1",
        "fd": "0",
        "dk": "+230/-315",
        "implied": 30.303030303030305,
        "overOdds": "+230",
        "underOdds": "-315",
        "overUnder": "+230 / -315"
    },
    {
        "player": "Adrian Kempe",
        "team": "LA",
        "opponent": "VGK",
        "propType": "ast",
        "line": 0.5,
        "ppLine": "PP1",
        "avg": 0.61,
        "hit": false,
        "diffAvg": 0.22,
        "diffAbs": 0.4,
        "lastAvg": 0.3,
        "diff": -0.4,
        "avgMin": 18,
        "proj": 0.3,
        "lastAvgMin": 18.75,
        "oppOver": 0,
        "teamOver": 0,
        "gameLine": "-112",
        "+/-": "+16",
        "L5_+/-": "+2.0",
        "prevMatchup": "2023-11-08 1.0 ast 2023-10-28 1.0 ast",
        "winLossSplits": "60% - 27%",
        "awayHome": "A",
        "playedYesterday": "Y",
        "awayHomeSplits": "60% - 38%",
        "savesAboveExp": "-",
        "gsaa": "-",
        "corsi": "55.5% (67.3) // 55.5% (70.4) // 56.6% (76.2) // 55.2% (79.0)",
        "fenwick": "56.1% (49.1) // 57.4% (53.3) // 60.6% (57.8) // 58.2% (56.5)",
        "shots": "56.3% (33.9) // 58.9% (37.0) // 60.7% (39.8) // 57.5% (38.5)",
        "scoring": "55.7% (31.8) // 55.3% (31.5) // 59.8% (36.5) // 65.9% (44.5)",
        "corsiAgainst": "44.5% (53.9) // 44.5% (56.4) // 43.4% (58.5) // 44.8% (64.0)",
        "fenwickAgainst": "43.9% (38.5) // 42.6% (39.6) // 39.4% (37.5) // 41.8% (40.5)",
        "shotsAgainst": "43.7% (26.3) // 41.1% (25.9) // 39.3% (25.8) // 42.5% (28.5)",
        "scoringAgainst": "44.3% (25.3) // 44.7% (25.5) // 40.2% (24.5) // 34.1% (23.0)",
        "oppCorsi": "49.4% (60.4) // 50.3% (61.7) // 46.6% (59.2) // 49.4% (62.0)",
        "oppFenwick": "50.3% (43.5) // 50.5% (45.1) // 45.5% (42.5) // 46.4% (41.5)",
        "oppShots": "51.9% (31.8) // 51.5% (32.9) // 46.4% (31.0) // 45.6% (28.5)",
        "oppScoring": "51.6% (30.1) // 52.9% (31.2) // 44.2% (25.8) // 47.3% (26.0)",
        "oppCorsiAgainst": "50.6% (61.8) // 49.7% (61.0) // 53.4% (68.0) // 50.6% (63.5)",
        "oppFenwickAgainst": "49.7% (43.0) // 49.5% (44.1) // 54.5% (51.0) // 53.6% (48.0)",
        "oppShotsAgainst": "48.1% (29.4) // 48.5% (31.0) // 53.6% (35.8) // 54.4% (34.0)",
        "oppScoringAgainst": "48.4% (28.2) // 47.1% (27.8) // 55.8% (32.5) // 52.7% (29.0)",
        "totalOver": 48,
        "totalOverLast5": 40,
        "totalOverLast15": 47,
        "lastTotalOver": 31,
        "last5": "0,1,0,0,1,0,1,0,1,1",
        "fd": "+150",
        "dk": "+154/-200",
        "implied": 40.0,
        "overOdds": "+154",
        "underOdds": "-200",
        "overUnder": "+154 / -200"
    },
    {
        "player": "Alex Pietrangelo",
        "team": "VGK",
        "opponent": "LA",
        "propType": "ast",
        "line": 0.5,
        "ppLine": "PP1",
        "avg": 0.42,
        "hit": false,
        "diffAvg": -0.16,
        "diffAbs": 0.0,
        "lastAvg": 0.46,
        "diff": -0.08,
        "avgMin": 24,
        "proj": 0.5,
        "lastAvgMin": 23.97,
        "oppOver": 0,
        "teamOver": 0,
        "gameLine": "-108",
        "+/-": -2,
        "L5_+/-": -8.0,
        "prevMatchup": "2023-11-08 1.0 ast 2023-10-28 0.0 ast",
        "winLossSplits": "50% - 13%",
        "awayHome": "H",
        "playedYesterday": "Y",
        "awayHomeSplits": "12% - 57%",
