[
    {
        "player": "Adam Fox",
        "team": "NYR",
        "opponent": "CHI",
        "propType": "ast",
        "line": 0.5,
        "ppLine": "PP1",
        "avg": 0.81,
        "hit": false,
        "diffAvg": 0.62,
        "diffAbs": 0.2,
        "lastAvg": 0.67,
        "diff": 0.34,
        "avgMin": 22,
        "proj": 0.6,
        "lastAvgMin": 24.37,
        "oppOver": 0,
        "teamOver": 0,
        "gameLine": "-470",
        "+/-": "+1",
        "L5_+/-": "+2.0",
        "prevMatchup": "",
        "winLossSplits": "78% - 38%",
        "awayHome": "H",
        "playedYesterday": "N",
        "awayHomeSplits": "71% - 58%",
        "savesAboveExp": -0.91,
        "gsaa": 0.7,
        "corsi": "49.3% (59.3) // 50.6% (60.7) // 43.5% (49.2) // 42.4% (49.0)",
        "fenwick": "50.1% (44.1) // 50.5% (44.7) // 46.8% (40.0) // 45.1% (38.7)",
        "shots": "50.7% (30.4) // 52.3% (32.0) // 48.7% (28.8) // 47.2% (28.0)",
        "scoring": "50.4% (28.9) // 51.9% (29.8) // 45.5% (24.0) // 41.9% (22.3)",
        "corsiAgainst": "50.7% (61.1) // 49.4% (59.4) // 56.5% (64.0) // 57.6% (66.7)",
        "fenwickAgainst": "49.9% (43.9) // 49.5% (43.9) // 53.2% (45.5) // 54.9% (47.0)",
        "shotsAgainst": "49.3% (29.5) // 47.7% (29.2) // 51.3% (30.2) // 52.8% (31.3)",
        "scoringAgainst": "49.6% (28.5) // 48.1% (27.6) // 54.5% (28.8) // 58.1% (31.0)",
        "oppCorsi": "44.4% (51.6) // 41.4% (47.7) // 40.4% (50.0) // 42.0% (52.3)",
        "oppFenwick": "44.3% (37.1) // 42.0% (35.1) // 40.3% (35.9) // 42.0% (37.3)",
        "oppShots": "44.3% (26.2) // 40.7% (23.2) // 39.8% (24.0) // 39.8% (24.0)",
        "oppScoring": "43.1% (24.7) // 38.1% (20.4) // 37.5% (21.9) // 37.7% (22.4)",
        "oppCorsiAgainst": "55.6% (64.6) // 58.6% (67.7) // 59.6% (73.8) // 58.0% (72.1)",
        "oppFenwickAgainst": "55.7% (46.6) // 58.0% (48.5) // 59.7% (53.2) // 58.0% (51.6)",
        "oppShotsAgainst": "55.7% (33.0) // 59.3% (33.8) // 60.2% (36.4) // 60.2% (36.4)",
        "oppScoringAgainst": "56.9% (32.7) // 61.9% (33.0) // 62.5% (36.4) // 62.3% (37.0)",
        "totalOver": 65,
        "totalOverLast5": 60,
        "totalOverLast15": 60,
        "lastTotalOver": 54,
        "last5": "0,1,0,1,1,0,0,1,2,1",
        "fd": "-230",
        "dk": "-215/+165",
        "kambi": "0",
        "lowest": "-215 DK",
        "implied": 68.25396825396825,
        "overOdds": "-215",
        "underOdds": "+165",
        "overUnder": "-215 / +165"
    },
    {
        "player": "Alexis Lafreniere",
        "team": "NYR",
        "opponent": "CHI",
        "propType": "ast",
        "line": 0.5,
        "ppLine": "PP2",
        "avg": 0.33,
        "hit": false,
        "diffAvg": -0.34,
        "diffAbs": 0.4,
        "lastAvg": 0.26,
        "diff": -0.48,
        "avgMin": 17,
        "proj": 0.3,
        "lastAvgMin": 15.22,
        "oppOver": 0,
        "teamOver": 0,
        "gameLine": "-470",
        "+/-": -6,
        "L5_+/-": -3.0,
        "prevMatchup": "",
        "winLossSplits": "20% - 36%",
        "awayHome": "H",
        "playedYesterday": "N",
        "awayHomeSplits": "21% - 29%",
        "savesAboveExp": -0.91,
        "gsaa": 0.7,
        "corsi": "49.3% (59.3) // 50.6% (60.7) // 43.5% (49.2) // 42.4% (49.0)",
        "fenwick": "50.1% (44.1) // 50.5% (44.7) // 46.8% (40.0) // 45.1% (38.7)",
        "shots": "50.7% (30.4) // 52.3% (32.0) // 48.7% (28.8) // 47.2% (28.0)",
        "scoring": "50.4% (28.9) // 51.9% (29.8) // 45.5% (24.0) // 41.9% (22.3)",
        "corsiAgainst": "50.7% (61.1) // 49.4% (59.4) // 56.5% (64.0) // 57.6% (66.7)",
        "fenwickAgainst": "49.9% (43.9) // 49.5% (43.9) // 53.2% (45.5) // 54.9% (47.0)",
        "shotsAgainst": "49.3% (29.5) // 47.7% (29.2) // 51.3% (30.2) // 52.8% (31.3)",
        "scoringAgainst": "49.6% (28.5) // 48.1% (27.6) // 54.5% (28.8) // 58.1% (31.0)",
        "oppCorsi": "44.4% (51.6) // 41.4% (47.7) // 40.4% (50.0) // 42.0% (52.3)",
        "oppFenwick": "44.3% (37.1) // 42.0% (35.1) // 40.3% (35.9) // 42.0% (37.3)",
        "oppShots": "44.3% (26.2) // 40.7% (23.2) // 39.8% (24.0) // 39.8% (24.0)",
        "oppScoring": "43.1% (24.7) // 38.1% (20.4) // 37.5% (21.9) // 37.7% (22.4)",
        "oppCorsiAgainst": "55.6% (64.6) // 58.6% (67.7) // 59.6% (73.8) // 58.0% (72.1)",
        "oppFenwickAgainst": "55.7% (46.6) // 58.0% (48.5) // 59.7% (53.2) // 58.0% (51.6)",
        "oppShotsAgainst": "55.7% (33.0) // 59.3% (33.8) // 60.2% (36.4) // 60.2% (36.4)",
        "oppScoringAgainst": "56.9% (32.7) // 61.9% (33.0) // 62.5% (36.4) // 62.3% (37.0)",
        "totalOver": 25,
        "totalOverLast5": 40,
        "totalOverLast15": 33,
        "lastTotalOver": 21,
        "last5": "0,2,1,0,0,1,0,0,0,0",
        "fd": "0",
        "dk": "+200/-270",
        "kambi": "0",
        "lowest": "200 DK",
        "implied": 33.33333333333333,
        "overOdds": "+200",
        "underOdds": "-270",
        "overUnder": "+200 / -270"
    },
    {
        "player": "Artemi Panarin",
        "team": "NYR",
        "opponent": "CHI",
        "propType": "ast",
        "line": 0.5,
        "ppLine": "PP1",
        "avg": 0.78,
        "hit": false,
        "diffAvg": 0.56,
        "diffAbs": 0.4,
        "lastAvg": 0.7,
        "diff": 0.4,
        "avgMin": 19,
        "proj": 0.7,
        "lastAvgMin": 19.6,
        "oppOver": 0,
        "teamOver": 0,
        "gameLine": "-470",
        "+/-": 0,
        "L5_+/-": "+1.0",
        "prevMatchup": "",
        "winLossSplits": "64% - 64%",
        "awayHome": "H",
        "playedYesterday": "N",
        "awayHomeSplits": "47% - 82%",
        "savesAboveExp": -0.91,
        "gsaa": 0.7,
        "corsi": "49.3% (59.3) // 50.6% (60.7) // 43.5% (49.2) // 42.4% (49.0)",
        "fenwick": "50.1% (44.1) // 50.5% (44.7) // 46.8% (40.0) // 45.1% (38.7)",
        "shots": "50.7% (30.4) // 52.3% (32.0) // 48.7% (28.8) // 47.2% (28.0)",
        "scoring": "50.4% (28.9) // 51.9% (29.8) // 45.5% (24.0) // 41.9% (22.3)",
        "corsiAgainst": "50.7% (61.1) // 49.4% (59.4) // 56.5% (64.0) // 57.6% (66.7)",
        "fenwickAgainst": "49.9% (43.9) // 49.5% (43.9) // 53.2% (45.5) // 54.9% (47.0)",
        "shotsAgainst": "49.3% (29.5) // 47.7% (29.2) // 51.3% (30.2) // 52.8% (31.3)",
        "scoringAgainst": "49.6% (28.5) // 48.1% (27.6) // 54.5% (28.8) // 58.1% (31.0)",
        "oppCorsi": "44.4% (51.6) // 41.4% (47.7) // 40.4% (50.0) // 42.0% (52.3)",
        "oppFenwick": "44.3% (37.1) // 42.0% (35.1) // 40.3% (35.9) // 42.0% (37.3)",
        "oppShots": "44.3% (26.2) // 40.7% (23.2) // 39.8% (24.0) // 39.8% (24.0)",
        "oppScoring": "43.1% (24.7) // 38.1% (20.4) // 37.5% (21.9) // 37.7% (22.4)",
        "oppCorsiAgainst": "55.6% (64.6) // 58.6% (67.7) // 59.6% (73.8) // 58.0% (72.1)",
        "oppFenwickAgainst": "55.7% (46.6) // 58.0% (48.5) // 59.7% (53.2) // 58.0% (51.6)",
        "oppShotsAgainst": "55.7% (33.0) // 59.3% (33.8) // 60.2% (36.4) // 60.2% (36.4)",
        "oppScoringAgainst": "56.9% (32.7) // 61.9% (33.0) // 62.5% (36.4) // 62.3% (37.0)",
        "totalOver": 64,
        "totalOverLast5": 40,
        "totalOverLast15": 53,
        "lastTotalOver": 48,
        "last5": "1,0,0,1,0,0,0,1,2,1",
        "fd": "-230",
        "dk": "-210/+160",
        "kambi": "0",
        "lowest": "-210 DK",
        "implied": 67.74193548387096,
        "overOdds": "-210",
        "underOdds": "+160",
        "overUnder": "-210 / +160"
    },
    {
        "player": "Blake Wheeler",
        "team": "NYR",
        "opponent": "CHI",
        "propType": "ast",
        "line": 0.5,
        "ppLine": "PP2",
        "avg": 0.28,
        "hit": false,
        "diffAvg": -0.44,
        "diffAbs": 0.2,
        "lastAvg": 0.51,
        "diff": 0.02,
        "avgMin": 12,
        "proj": 0.4,
        "lastAvgMin": 17.03,
        "oppOver": 0,
        "teamOver": 0,
        "gameLine": "-470",
        "+/-": -1,
        "L5_+/-": "+2.0",
        "prevMatchup": "",
        "winLossSplits": "28% - 9%",
        "awayHome": "H",
        "playedYesterday": "N",
        "awayHomeSplits": "21% - 24%",
        "savesAboveExp": -0.91,
        "gsaa": 0.7,
        "corsi": "49.3% (59.3) // 50.6% (60.7) // 43.5% (49.2) // 42.4% (49.0)",
        "fenwick": "50.1% (44.1) // 50.5% (44.7) // 46.8% (40.0) // 45.1% (38.7)",
        "shots": "50.7% (30.4) // 52.3% (32.0) // 48.7% (28.8) // 47.2% (28.0)",
        "scoring": "50.4% (28.9) // 51.9% (29.8) // 45.5% (24.0) // 41.9% (22.3)",
        "corsiAgainst": "50.7% (61.1) // 49.4% (59.4) // 56.5% (64.0) // 57.6% (66.7)",
        "fenwickAgainst": "49.9% (43.9) // 49.5% (43.9) // 53.2% (45.5) // 54.9% (47.0)",
        "shotsAgainst": "49.3% (29.5) // 47.7% (29.2) // 51.3% (30.2) // 52.8% (31.3)",
        "scoringAgainst": "49.6% (28.5) // 48.1% (27.6) // 54.5% (28.8) // 58.1% (31.0)",
        "oppCorsi": "44.4% (51.6) // 41.4% (47.7) // 40.4% (50.0) // 42.0% (52.3)",
        "oppFenwick": "44.3% (37.1) // 42.0% (35.1) // 40.3% (35.9) // 42.0% (37.3)",
        "oppShots": "44.3% (26.2) // 40.7% (23.2) // 39.8% (24.0) // 39.8% (24.0)",
        "oppScoring": "43.1% (24.7) // 38.1% (20.4) // 37.5% (21.9) // 37.7% (22.4)",
        "oppCorsiAgainst": "55.6% (64.6) // 58.6% (67.7) // 59.6% (73.8) // 58.0% (72.1)",
        "oppFenwickAgainst": "55.7% (46.6) // 58.0% (48.5) // 59.7% (53.2) // 58.0% (51.6)",
        "oppShotsAgainst": "55.7% (33.0) // 59.3% (33.8) // 60.2% (36.4) // 60.2% (36.4)",
        "oppScoringAgainst": "56.9% (32.7) // 61.9% (33.0) // 62.5% (36.4) // 62.3% (37.0)",
        "totalOver": 22,
        "totalOverLast5": 60,
        "totalOverLast15": 33,
        "lastTotalOver": 46,
        "last5": "0,1,0,1,1,0,2,0,1,0",
        "fd": "0",
        "dk": "+195/-260",
        "kambi": "0",
        "lowest": "195 DK",
        "implied": 33.89830508474576,
        "overOdds": "+195",
        "underOdds": "-260",
        "overUnder": "+195 / -260"
    },
    {
        "player": "Chris Kreider",
        "team": "NYR",
        "opponent": "CHI",
        "propType": "ast",
        "line": 0.5,
        "ppLine": "PP1",
        "avg": 0.42,
        "hit": false,
        "diffAvg": -0.16,
        "diffAbs": 0.6,
        "lastAvg": 0.21,
        "diff": -0.58,
        "avgMin": 18,
        "proj": 0.2,
        "lastAvgMin": 18.4,
        "oppOver": 0,
        "teamOver": 0,
        "gameLine": "-470",
        "+/-": "+9",
        "L5_+/-": "+5.0",
        "prevMatchup": "",
        "winLossSplits": "40% - 27%",
        "awayHome": "H",
        "playedYesterday": "N",
        "awayHomeSplits": "32% - 41%",
        "savesAboveExp": -0.91,
        "gsaa": 0.7,
        "corsi": "49.3% (59.3) // 50.6% (60.7) // 43.5% (49.2) // 42.4% (49.0)",
        "fenwick": "50.1% (44.1) // 50.5% (44.7) // 46.8% (40.0) // 45.1% (38.7)",
        "shots": "50.7% (30.4) // 52.3% (32.0) // 48.7% (28.8) // 47.2% (28.0)",
        "scoring": "50.4% (28.9) // 51.9% (29.8) // 45.5% (24.0) // 41.9% (22.3)",
        "corsiAgainst": "50.7% (61.1) // 49.4% (59.4) // 56.5% (64.0) // 57.6% (66.7)",
        "fenwickAgainst": "49.9% (43.9) // 49.5% (43.9) // 53.2% (45.5) // 54.9% (47.0)",
        "shotsAgainst": "49.3% (29.5) // 47.7% (29.2) // 51.3% (30.2) // 52.8% (31.3)",
        "scoringAgainst": "49.6% (28.5) // 48.1% (27.6) // 54.5% (28.8) // 58.1% (31.0)",
        "oppCorsi": "44.4% (51.6) // 41.4% (47.7) // 40.4% (50.0) // 42.0% (52.3)",
        "oppFenwick": "44.3% (37.1) // 42.0% (35.1) // 40.3% (35.9) // 42.0% (37.3)",
        "oppShots": "44.3% (26.2) // 40.7% (23.2) // 39.8% (24.0) // 39.8% (24.0)",
        "oppScoring": "43.1% (24.7) // 38.1% (20.4) // 37.5% (21.9) // 37.7% (22.4)",
        "oppCorsiAgainst": "55.6% (64.6) // 58.6% (67.7) // 59.6% (73.8) // 58.0% (72.1)",
        "oppFenwickAgainst": "55.7% (46.6) // 58.0% (48.5) // 59.7% (53.2) // 58.0% (51.6)",
        "oppShotsAgainst": "55.7% (33.0) // 59.3% (33.8) // 60.2% (36.4) // 60.2% (36.4)",
        "oppScoringAgainst": "56.9% (32.7) // 61.9% (33.0) // 62.5% (36.4) // 62.3% (37.0)",
        "totalOver": 36,
        "totalOverLast5": 60,
        "totalOverLast15": 40,
        "lastTotalOver": 23,
        "last5": "0,0,1,1,1,2,2,0,0,0",
        "fd": "+158",
        "dk": "+145/-190",
        "kambi": "0",
        "lowest": "158 FD",
        "implied": 38.759689922480625,
        "overOdds": "+145",
        "underOdds": "-190",
        "overUnder": "+145 / -190"
    },
    {
        "player": "Connor Bedard",
        "team": "CHI",
        "opponent": "NYR",
        "propType": "ast",
        "line": 0.5,
        "ppLine": "PP1",
        "avg": 0.49,
        "hit": false,
        "diffAvg": -0.02,
        "diffAbs": 1.0,
        "lastAvg": 0,
        "diff": 0,
        "avgMin": 19,
        "proj": 0.0,
        "lastAvgMin": 0,
        "oppOver": 0,
        "teamOver": 0,
        "gameLine": "+360",
        "+/-": -20,
        "L5_+/-": -6.0,
        "prevMatchup": "",
        "winLossSplits": "45% - 35%",
        "awayHome": "A",
        "playedYesterday": "N",
        "awayHomeSplits": "35% - 41%",
        "savesAboveExp": 0.388,
        "gsaa": 2.17,
        "corsi": "44.4% (51.6) // 41.4% (47.7) // 40.4% (50.0) // 42.0% (52.3)",
        "fenwick": "44.3% (37.1) // 42.0% (35.1) // 40.3% (35.9) // 42.0% (37.3)",
        "shots": "44.3% (26.2) // 40.7% (23.2) // 39.8% (24.0) // 39.8% (24.0)",
        "scoring": "43.1% (24.7) // 38.1% (20.4) // 37.5% (21.9) // 37.7% (22.4)",
        "corsiAgainst": "55.6% (64.6) // 58.6% (67.7) // 59.6% (73.8) // 58.0% (72.1)",
        "fenwickAgainst": "55.7% (46.6) // 58.0% (48.5) // 59.7% (53.2) // 58.0% (51.6)",
        "shotsAgainst": "55.7% (33.0) // 59.3% (33.8) // 60.2% (36.4) // 60.2% (36.4)",
        "scoringAgainst": "56.9% (32.7) // 61.9% (33.0) // 62.5% (36.4) // 62.3% (37.0)",
        "oppCorsi": "49.3% (59.3) // 50.6% (60.7) // 43.5% (49.2) // 42.4% (49.0)",
        "oppFenwick": "50.1% (44.1) // 50.5% (44.7) // 46.8% (40.0) // 45.1% (38.7)",
        "oppShots": "50.7% (30.4) // 52.3% (32.0) // 48.7% (28.8) // 47.2% (28.0)",
        "oppScoring": "50.4% (28.9) // 51.9% (29.8) // 45.5% (24.0) // 41.9% (22.3)",
        "oppCorsiAgainst": "50.7% (61.1) // 49.4% (59.4) // 56.5% (64.0) // 57.6% (66.7)",
        "oppFenwickAgainst": "49.9% (43.9) // 49.5% (43.9) // 53.2% (45.5) // 54.9% (47.0)",
        "oppShotsAgainst": "49.3% (29.5) // 47.7% (29.2) // 51.3% (30.2) // 52.8% (31.3)",
        "oppScoringAgainst": "49.6% (28.5) // 48.1% (27.6) // 54.5% (28.8) // 58.1% (31.0)",
        "totalOver": 38,
        "totalOverLast5": 20,
        "totalOverLast15": 40,
        "lastTotalOver": 0,
        "last5": "0,1,0,0,0,1,2,2,0,0",
        "fd": "+140",
        "dk": "+145/-190",
        "kambi": "0",
        "lowest": "145 DK",
        "implied": 40.816326530612244,
        "overOdds": "+145",
        "underOdds": "-190",
        "overUnder": "+145 / -190"
    },
    {
        "player": "Jason Dickinson",
        "team": "CHI",
        "opponent": "NYR",
        "propType": "ast",
        "line": 0.5,
        "ppLine": "PP2",
        "avg": 0.16,
        "hit": false,
        "diffAvg": -0.68,
        "diffAbs": 0.4,
        "lastAvg": 0.27,
        "diff": -0.46,
        "avgMin": 15,
        "proj": 0.3,
        "lastAvgMin": 15.93,
        "oppOver": 0,
        "teamOver": 0,
        "gameLine": "+360",
        "+/-": "+8",
        "L5_+/-": "+3.0",
        "prevMatchup": "",
        "winLossSplits": "18% - 15%",
        "awayHome": "A",
        "playedYesterday": "N",
        "awayHomeSplits": "15% - 18%",
        "savesAboveExp": 0.388,
        "gsaa": 2.17,
        "corsi": "44.4% (51.6) // 41.4% (47.7) // 40.4% (50.0) // 42.0% (52.3)",
        "fenwick": "44.3% (37.1) // 42.0% (35.1) // 40.3% (35.9) // 42.0% (37.3)",
        "shots": "44.3% (26.2) // 40.7% (23.2) // 39.8% (24.0) // 39.8% (24.0)",
        "scoring": "43.1% (24.7) // 38.1% (20.4) // 37.5% (21.9) // 37.7% (22.4)",
        "corsiAgainst": "55.6% (64.6) // 58.6% (67.7) // 59.6% (73.8) // 58.0% (72.1)",
        "fenwickAgainst": "55.7% (46.6) // 58.0% (48.5) // 59.7% (53.2) // 58.0% (51.6)",
        "shotsAgainst": "55.7% (33.0) // 59.3% (33.8) // 60.2% (36.4) // 60.2% (36.4)",
        "scoringAgainst": "56.9% (32.7) // 61.9% (33.0) // 62.5% (36.4) // 62.3% (37.0)",
        "oppCorsi": "49.3% (59.3) // 50.6% (60.7) // 43.5% (49.2) // 42.4% (49.0)",
        "oppFenwick": "50.1% (44.1) // 50.5% (44.7) // 46.8% (40.0) // 45.1% (38.7)",
        "oppShots": "50.7% (30.4) // 52.3% (32.0) // 48.7% (28.8) // 47.2% (28.0)",
        "oppScoring": "50.4% (28.9) // 51.9% (29.8) // 45.5% (24.0) // 41.9% (22.3)",
        "oppCorsiAgainst": "50.7% (61.1) // 49.4% (59.4) // 56.5% (64.0) // 57.6% (66.7)",
        "oppFenwickAgainst": "49.9% (43.9) // 49.5% (43.9) // 53.2% (45.5) // 54.9% (47.0)",
        "oppShotsAgainst": "49.3% (29.5) // 47.7% (29.2) // 51.3% (30.2) // 52.8% (31.3)",
        "oppScoringAgainst": "49.6% (28.5) // 48.1% (27.6) // 54.5% (28.8) // 58.1% (31.0)",
        "totalOver": 16,
        "totalOverLast5": 20,
        "totalOverLast15": 7,
        "lastTotalOver": 26,
        "last5": "0,0,1,0,0,0,0,0,0,0",
        "fd": "+210",
        "dk": "+220/-298",
        "kambi": "0",
        "lowest": "220 DK",
        "implied": 31.25,
        "overOdds": "+220",
        "underOdds": "-298",
        "overUnder": "+220 / -298"
    },
    {
        "player": "Mika Zibanejad",
        "team": "NYR",
        "opponent": "CHI",
        "propType": "ast",
        "line": 0.5,
        "ppLine": "PP1",
        "avg": 0.64,
        "hit": false,
        "diffAvg": 0.28,
        "diffAbs": 0.2,
        "lastAvg": 0.58,
        "diff": 0.16,
        "avgMin": 19,
        "proj": 0.6,
        "lastAvgMin": 19.95,
        "oppOver": 0,
        "teamOver": 0,
        "gameLine": "-470",
        "+/-": "+6",
        "L5_+/-": "+2.0",
        "prevMatchup": "",
        "winLossSplits": "56% - 36%",
        "awayHome": "H",
        "playedYesterday": "N",
        "awayHomeSplits": "37% - 65%",
        "savesAboveExp": -0.91,
        "gsaa": 0.7,
        "corsi": "49.3% (59.3) // 50.6% (60.7) // 43.5% (49.2) // 42.4% (49.0)",
        "fenwick": "50.1% (44.1) // 50.5% (44.7) // 46.8% (40.0) // 45.1% (38.7)",
        "shots": "50.7% (30.4) // 52.3% (32.0) // 48.7% (28.8) // 47.2% (28.0)",
        "scoring": "50.4% (28.9) // 51.9% (29.8) // 45.5% (24.0) // 41.9% (22.3)",
        "corsiAgainst": "50.7% (61.1) // 49.4% (59.4) // 56.5% (64.0) // 57.6% (66.7)",
        "fenwickAgainst": "49.9% (43.9) // 49.5% (43.9) // 53.2% (45.5) // 54.9% (47.0)",
        "shotsAgainst": "49.3% (29.5) // 47.7% (29.2) // 51.3% (30.2) // 52.8% (31.3)",
        "scoringAgainst": "49.6% (28.5) // 48.1% (27.6) // 54.5% (28.8) // 58.1% (31.0)",
        "oppCorsi": "44.4% (51.6) // 41.4% (47.7) // 40.4% (50.0) // 42.0% (52.3)",
        "oppFenwick": "44.3% (37.1) // 42.0% (35.1) // 40.3% (35.9) // 42.0% (37.3)",
        "oppShots": "44.3% (26.2) // 40.7% (23.2) // 39.8% (24.0) // 39.8% (24.0)",
        "oppScoring": "43.1% (24.7) // 38.1% (20.4) // 37.5% (21.9) // 37.7% (22.4)",
        "oppCorsiAgainst": "55.6% (64.6) // 58.6% (67.7) // 59.6% (73.8) // 58.0% (72.1)",
        "oppFenwickAgainst": "55.7% (46.6) // 58.0% (48.5) // 59.7% (53.2) // 58.0% (51.6)",
        "oppShotsAgainst": "55.7% (33.0) // 59.3% (33.8) // 60.2% (36.4) // 60.2% (36.4)",
        "oppScoringAgainst": "56.9% (32.7) // 61.9% (33.0) // 62.5% (36.4) // 62.3% (37.0)",
        "totalOver": 50,
        "totalOverLast5": 60,
        "totalOverLast15": 60,
        "lastTotalOver": 48,
        "last5": "0,1,0,2,2,1,0,1,1,1",
        "fd": "-128",
        "dk": "-115/-115",
        "kambi": "0",
        "lowest": "-115 DK",
        "implied": 53.48837209302325,
        "overOdds": "-115",
        "underOdds": "-115",
        "overUnder": "-115 / -115"
    },
    {
        "player": "Nick Foligno",
        "team": "CHI",
        "opponent": "NYR",
        "propType": "ast",
        "line": 0.5,
        "ppLine": "PP1",
        "avg": 0.24,
        "hit": false,
        "diffAvg": -0.52,
        "diffAbs": 0.4,
        "lastAvg": 0.24,
        "diff": -0.52,
        "avgMin": 17,
        "proj": 0.3,
        "lastAvgMin": 12.35,
        "oppOver": 0,
        "teamOver": 0,
        "gameLine": "+360",
        "+/-": -4,
        "L5_+/-": -7.0,
        "prevMatchup": "",
        "winLossSplits": "36% - 12%",
        "awayHome": "A",
        "playedYesterday": "N",
        "awayHomeSplits": "15% - 24%",
        "savesAboveExp": 0.388,
        "gsaa": 2.17,
        "corsi": "44.4% (51.6) // 41.4% (47.7) // 40.4% (50.0) // 42.0% (52.3)",
        "fenwick": "44.3% (37.1) // 42.0% (35.1) // 40.3% (35.9) // 42.0% (37.3)",
        "shots": "44.3% (26.2) // 40.7% (23.2) // 39.8% (24.0) // 39.8% (24.0)",
        "scoring": "43.1% (24.7) // 38.1% (20.4) // 37.5% (21.9) // 37.7% (22.4)",
        "corsiAgainst": "55.6% (64.6) // 58.6% (67.7) // 59.6% (73.8) // 58.0% (72.1)",
        "fenwickAgainst": "55.7% (46.6) // 58.0% (48.5) // 59.7% (53.2) // 58.0% (51.6)",
        "shotsAgainst": "55.7% (33.0) // 59.3% (33.8) // 60.2% (36.4) // 60.2% (36.4)",
        "scoringAgainst": "56.9% (32.7) // 61.9% (33.0) // 62.5% (36.4) // 62.3% (37.0)",
        "oppCorsi": "49.3% (59.3) // 50.6% (60.7) // 43.5% (49.2) // 42.4% (49.0)",
        "oppFenwick": "50.1% (44.1) // 50.5% (44.7) // 46.8% (40.0) // 45.1% (38.7)",
        "oppShots": "50.7% (30.4) // 52.3% (32.0) // 48.7% (28.8) // 47.2% (28.0)",
        "oppScoring": "50.4% (28.9) // 51.9% (29.8) // 45.5% (24.0) // 41.9% (22.3)",
        "oppCorsiAgainst": "50.7% (61.1) // 49.4% (59.4) // 56.5% (64.0) // 57.6% (66.7)",
        "oppFenwickAgainst": "49.9% (43.9) // 49.5% (43.9) // 53.2% (45.5) // 54.9% (47.0)",
        "oppShotsAgainst": "49.3% (29.5) // 47.7% (29.2) // 51.3% (30.2) // 52.8% (31.3)",
        "oppScoringAgainst": "49.6% (28.5) // 48.1% (27.6) // 54.5% (28.8) // 58.1% (31.0)",
        "totalOver": 19,
        "totalOverLast5": 0,
        "totalOverLast15": 13,
        "lastTotalOver": 23,
        "last5": "0,0,0,0,0,0,1,0,0,0",
        "fd": "+180",
        "dk": "+190/-250",
        "kambi": "0",
        "lowest": "190 DK",
        "implied": 34.48275862068966,
        "overOdds": "+190",
        "underOdds": "-250",
        "overUnder": "+190 / -250"
    },
    {
        "player": "Philipp Kurashev",
        "team": "CHI",
        "opponent": "NYR",
        "propType": "ast",
        "line": 0.5,
        "ppLine": "PP1",
        "avg": 0.5,
        "hit": false,
        "diffAvg": 0.0,
        "diffAbs": 0.6,
        "lastAvg": 0.23,
        "diff": -0.54,
        "avgMin": 18,
        "proj": 0.2,
        "lastAvgMin": 17.42,
        "oppOver": 0,
        "teamOver": 0,
        "gameLine": "+360",
        "+/-": -17,
        "L5_+/-": -9.0,
        "prevMatchup": "",
        "winLossSplits": "50% - 36%",
        "awayHome": "A",
        "playedYesterday": "N",
        "awayHomeSplits": "33% - 47%",
        "savesAboveExp": 0.388,
        "gsaa": 2.17,
        "corsi": "44.4% (51.6) // 41.4% (47.7) // 40.4% (50.0) // 42.0% (52.3)",
        "fenwick": "44.3% (37.1) // 42.0% (35.1) // 40.3% (35.9) // 42.0% (37.3)",
        "shots": "44.3% (26.2) // 40.7% (23.2) // 39.8% (24.0) // 39.8% (24.0)",
        "scoring": "43.1% (24.7) // 38.1% (20.4) // 37.5% (21.9) // 37.7% (22.4)",
        "corsiAgainst": "55.6% (64.6) // 58.6% (67.7) // 59.6% (73.8) // 58.0% (72.1)",
        "fenwickAgainst": "55.7% (46.6) // 58.0% (48.5) // 59.7% (53.2) // 58.0% (51.6)",
        "shotsAgainst": "55.7% (33.0) // 59.3% (33.8) // 60.2% (36.4) // 60.2% (36.4)",
        "scoringAgainst": "56.9% (32.7) // 61.9% (33.0) // 62.5% (36.4) // 62.3% (37.0)",
        "oppCorsi": "49.3% (59.3) // 50.6% (60.7) // 43.5% (49.2) // 42.4% (49.0)",
        "oppFenwick": "50.1% (44.1) // 50.5% (44.7) // 46.8% (40.0) // 45.1% (38.7)",
        "oppShots": "50.7% (30.4) // 52.3% (32.0) // 48.7% (28.8) // 47.2% (28.0)",
        "oppScoring": "50.4% (28.9) // 51.9% (29.8) // 45.5% (24.0) // 41.9% (22.3)",
        "oppCorsiAgainst": "50.7% (61.1) // 49.4% (59.4) // 56.5% (64.0) // 57.6% (66.7)",
        "oppFenwickAgainst": "49.9% (43.9) // 49.5% (43.9) // 53.2% (45.5) // 54.9% (47.0)",
        "oppShotsAgainst": "49.3% (29.5) // 47.7% (29.2) // 51.3% (30.2) // 52.8% (31.3)",
        "oppScoringAgainst": "49.6% (28.5) // 48.1% (27.6) // 54.5% (28.8) // 58.1% (31.0)",
        "totalOver": 40,
        "totalOverLast5": 60,
        "totalOverLast15": 33,
        "lastTotalOver": 0,
        "last5": "0,0,1,1,2,0,1,0,0,1",
        "fd": "+164",
        "dk": "+170/-220",
        "kambi": "0",
        "lowest": "170 DK",
        "implied": 37.03703703703704,
        "overOdds": "+170",
        "underOdds": "-220",
        "overUnder": "+170 / -220"
    },
    {
        "player": "Vincent Trocheck",
        "team": "NYR",
        "opponent": "CHI",
        "propType": "ast",
        "line": 0.5,
        "ppLine": "PP1",
        "avg": 0.67,
        "hit": false,
        "diffAvg": 0.34,
        "diffAbs": 0.0,
        "lastAvg": 0.47,
        "diff": -0.06,
        "avgMin": 20,
        "proj": 0.5,
        "lastAvgMin": 19.3,
        "oppOver": 0,
        "teamOver": 0,
        "gameLine": "-470",
        "+/-": "+2",
        "L5_+/-": "+1.0",
        "prevMatchup": "",
        "winLossSplits": "52% - 18%",
        "awayHome": "H",
        "playedYesterday": "N",
        "awayHomeSplits": "42% - 41%",
        "savesAboveExp": -0.91,
        "gsaa": 0.7,
        "corsi": "49.3% (59.3) // 50.6% (60.7) // 43.5% (49.2) // 42.4% (49.0)",
        "fenwick": "50.1% (44.1) // 50.5% (44.7) // 46.8% (40.0) // 45.1% (38.7)",
        "shots": "50.7% (30.4) // 52.3% (32.0) // 48.7% (28.8) // 47.2% (28.0)",
        "scoring": "50.4% (28.9) // 51.9% (29.8) // 45.5% (24.0) // 41.9% (22.3)",
        "corsiAgainst": "50.7% (61.1) // 49.4% (59.4) // 56.5% (64.0) // 57.6% (66.7)",
        "fenwickAgainst": "49.9% (43.9) // 49.5% (43.9) // 53.2% (45.5) // 54.9% (47.0)",
        "shotsAgainst": "49.3% (29.5) // 47.7% (29.2) // 51.3% (30.2) // 52.8% (31.3)",
        "scoringAgainst": "49.6% (28.5) // 48.1% (27.6) // 54.5% (28.8) // 58.1% (31.0)",
        "oppCorsi": "44.4% (51.6) // 41.4% (47.7) // 40.4% (50.0) // 42.0% (52.3)",
        "oppFenwick": "44.3% (37.1) // 42.0% (35.1) // 40.3% (35.9) // 42.0% (37.3)",
        "oppShots": "44.3% (26.2) // 40.7% (23.2) // 39.8% (24.0) // 39.8% (24.0)",
        "oppScoring": "43.1% (24.7) // 38.1% (20.4) // 37.5% (21.9) // 37.7% (22.4)",
        "oppCorsiAgainst": "55.6% (64.6) // 58.6% (67.7) // 59.6% (73.8) // 58.0% (72.1)",
        "oppFenwickAgainst": "55.7% (46.6) // 58.0% (48.5) // 59.7% (53.2) // 58.0% (51.6)",
        "oppShotsAgainst": "55.7% (33.0) // 59.3% (33.8) // 60.2% (36.4) // 60.2% (36.4)",
        "oppScoringAgainst": "56.9% (32.7) // 61.9% (33.0) // 62.5% (36.4) // 62.3% (37.0)",
        "totalOver": 42,
        "totalOverLast5": 40,
        "totalOverLast15": 33,
        "lastTotalOver": 37,
        "last5": "0,3,0,1,0,0,1,0,0,0",
        "fd": "0",
        "dk": "-110/-120",
        "kambi": "0",
        "lowest": "-110 DK",
        "implied": 52.38095238095239,
        "overOdds": "-110",
        "underOdds": "-120",
        "overUnder": "-110 / -120"
    },
    {
        "player": "Brad Marchand",
        "team": "BOS",
        "opponent": "PIT",
        "propType": "ast",
        "line": 0.5,
        "ppLine": "PP1",
        "avg": 0.56,
        "hit": false,
        "diffAvg": 0.12,
        "diffAbs": 0.2,
        "lastAvg": 0.57,
        "diff": 0.14,
        "avgMin": 19,
        "proj": 0.6,
        "lastAvgMin": 18.52,
        "oppOver": 0,
        "teamOver": 0,
        "gameLine": "-148",
        "+/-": 0,
        "L5_+/-": 0.0,
        "prevMatchup": "",
        "winLossSplits": "57% - 23%",
        "awayHome": "H",
        "playedYesterday": "N",
        "awayHomeSplits": "40% - 50%",
        "savesAboveExp": -1.293,
        "gsaa": 7.71,
        "corsi": "48.2% (57.7) // 46.0% (52.7) // 45.0% (48.0) // 46.4% (49.0)",
        "fenwick": "48.3% (42.3) // 45.7% (38.4) // 45.4% (34.8) // 46.0% (34.7)",
        "shots": "48.8% (30.1) // 46.2% (27.0) // 48.0% (26.8) // 47.7% (27.3)",
        "scoring": "49.9% (29.2) // 44.7% (24.6) // 49.0% (24.0) // 48.0% (24.0)",
        "corsiAgainst": "51.8% (62.1) // 54.0% (61.9) // 55.0% (58.8) // 53.6% (56.7)",
        "fenwickAgainst": "51.7% (45.3) // 54.3% (45.6) // 54.6% (41.8) // 54.0% (40.7)",
        "shotsAgainst": "51.2% (31.6) // 53.8% (31.4) // 52.0% (29.0) // 52.3% (30.0)",
        "scoringAgainst": "50.1% (29.3) // 55.3% (30.4) // 51.0% (25.0) // 52.0% (26.0)",
        "oppCorsi": "52.5% (65.7) // 53.8% (68.3) // 56.8% (73.8) // 56.3% (75.7)",
        "oppFenwick": "51.5% (46.9) // 53.1% (47.5) // 55.8% (50.5) // 55.2% (51.7)",
        "oppShots": "52.2% (32.5) // 54.1% (32.9) // 55.3% (33.8) // 54.2% (34.3)",
        "oppScoring": "52.5% (32.0) // 53.1% (33.2) // 56.6% (36.5) // 54.5% (34.3)",
        "oppCorsiAgainst": "47.5% (59.3) // 46.2% (58.8) // 43.2% (56.0) // 43.7% (58.7)",
        "oppFenwickAgainst": "48.5% (44.2) // 46.9% (41.9) // 44.2% (40.0) // 44.8% (42.0)",
        "oppShotsAgainst": "47.8% (29.8) // 45.9% (27.9) // 44.7% (27.2) // 45.8% (29.0)",
        "oppScoringAgainst": "47.5% (28.9) // 46.9% (29.4) // 43.4% (28.0) // 45.5% (28.7)",
        "totalOver": 44,
        "totalOverLast5": 80,
        "totalOverLast15": 40,
        "lastTotalOver": 45,
        "last5": "0,1,2,2,1,0,0,0,1,0",
        "fd": "-125",
        "dk": "-125/-105",
        "kambi": "0",
        "lowest": "-125 DK",
        "implied": 55.55555555555556,
        "overOdds": "-125",
        "underOdds": "-105",
        "overUnder": "-125 / -105"
    },
    {
        "player": "Bryan Rust",
        "team": "PIT",
        "opponent": "BOS",
        "propType": "ast",
        "line": 0.5,
        "ppLine": "PP2",
        "avg": 0.43,
        "hit": false,
        "diffAvg": -0.14,
        "diffAbs": 0.4,
        "lastAvg": 0.32,
        "diff": -0.36,
        "avgMin": 18,
        "proj": 0.3,
        "lastAvgMin": 17.88,
        "oppOver": 0,
        "teamOver": 0,
        "gameLine": "+124",
        "+/-": "+12",
        "L5_+/-": "+4.0",
        "prevMatchup": "",
        "winLossSplits": "30% - 31%",
        "awayHome": "A",
        "playedYesterday": "N",
        "awayHomeSplits": "33% - 27%",
        "savesAboveExp": 0.892,
        "gsaa": 8.09,
        "corsi": "52.5% (65.7) // 53.8% (68.3) // 56.8% (73.8) // 56.3% (75.7)",
        "fenwick": "51.5% (46.9) // 53.1% (47.5) // 55.8% (50.5) // 55.2% (51.7)",
        "shots": "52.2% (32.5) // 54.1% (32.9) // 55.3% (33.8) // 54.2% (34.3)",
        "scoring": "52.5% (32.0) // 53.1% (33.2) // 56.6% (36.5) // 54.5% (34.3)",
        "corsiAgainst": "47.5% (59.3) // 46.2% (58.8) // 43.2% (56.0) // 43.7% (58.7)",
        "fenwickAgainst": "48.5% (44.2) // 46.9% (41.9) // 44.2% (40.0) // 44.8% (42.0)",
        "shotsAgainst": "47.8% (29.8) // 45.9% (27.9) // 44.7% (27.2) // 45.8% (29.0)",
        "scoringAgainst": "47.5% (28.9) // 46.9% (29.4) // 43.4% (28.0) // 45.5% (28.7)",
        "oppCorsi": "48.2% (57.7) // 46.0% (52.7) // 45.0% (48.0) // 46.4% (49.0)",
        "oppFenwick": "48.3% (42.3) // 45.7% (38.4) // 45.4% (34.8) // 46.0% (34.7)",
        "oppShots": "48.8% (30.1) // 46.2% (27.0) // 48.0% (26.8) // 47.7% (27.3)",
        "oppScoring": "49.9% (29.2) // 44.7% (24.6) // 49.0% (24.0) // 48.0% (24.0)",
        "oppCorsiAgainst": "51.8% (62.1) // 54.0% (61.9) // 55.0% (58.8) // 53.6% (56.7)",
        "oppFenwickAgainst": "51.7% (45.3) // 54.3% (45.6) // 54.6% (41.8) // 54.0% (40.7)",
        "oppShotsAgainst": "51.2% (31.6) // 53.8% (31.4) // 52.0% (29.0) // 52.3% (30.0)",
        "oppScoringAgainst": "50.1% (29.3) // 55.3% (30.4) // 51.0% (25.0) // 52.0% (26.0)",
        "totalOver": 30,
        "totalOverLast5": 40,
        "totalOverLast15": 33,
        "lastTotalOver": 25,
        "last5": "0,0,1,2,0,0,0,1,0,1",
        "fd": "+215",
        "dk": "+210/-280",
        "kambi": "0",
        "lowest": "215 FD",
        "implied": 31.746031746031743,
        "overOdds": "+210",
        "underOdds": "-280",
        "overUnder": "+210 / -280"
    },
    {
        "player": "Charlie Coyle",
        "team": "BOS",
        "opponent": "PIT",
        "propType": "ast",
        "line": 0.5,
        "ppLine": "PP2",
        "avg": 0.36,
        "hit": false,
        "diffAvg": -0.28,
        "diffAbs": 0.4,
        "lastAvg": 0.33,
        "diff": -0.34,
        "avgMin": 17,
        "proj": 0.3,
        "lastAvgMin": 16.98,
        "oppOver": 0,
        "teamOver": 0,
        "gameLine": "-148",
        "+/-": "+3",
        "L5_+/-": -1.0,
        "prevMatchup": "",
        "winLossSplits": "43% - 8%",
        "awayHome": "H",
        "playedYesterday": "N",
        "awayHomeSplits": "20% - 44%",
        "savesAboveExp": -1.293,
        "gsaa": 7.71,
        "corsi": "48.2% (57.7) // 46.0% (52.7) // 45.0% (48.0) // 46.4% (49.0)",
        "fenwick": "48.3% (42.3) // 45.7% (38.4) // 45.4% (34.8) // 46.0% (34.7)",
        "shots": "48.8% (30.1) // 46.2% (27.0) // 48.0% (26.8) // 47.7% (27.3)",
        "scoring": "49.9% (29.2) // 44.7% (24.6) // 49.0% (24.0) // 48.0% (24.0)",
        "corsiAgainst": "51.8% (62.1) // 54.0% (61.9) // 55.0% (58.8) // 53.6% (56.7)",
        "fenwickAgainst": "51.7% (45.3) // 54.3% (45.6) // 54.6% (41.8) // 54.0% (40.7)",
        "shotsAgainst": "51.2% (31.6) // 53.8% (31.4) // 52.0% (29.0) // 52.3% (30.0)",
        "scoringAgainst": "50.1% (29.3) // 55.3% (30.4) // 51.0% (25.0) // 52.0% (26.0)",
        "oppCorsi": "52.5% (65.7) // 53.8% (68.3) // 56.8% (73.8) // 56.3% (75.7)",
        "oppFenwick": "51.5% (46.9) // 53.1% (47.5) // 55.8% (50.5) // 55.2% (51.7)",
        "oppShots": "52.2% (32.5) // 54.1% (32.9) // 55.3% (33.8) // 54.2% (34.3)",
        "oppScoring": "52.5% (32.0) // 53.1% (33.2) // 56.6% (36.5) // 54.5% (34.3)",
        "oppCorsiAgainst": "47.5% (59.3) // 46.2% (58.8) // 43.2% (56.0) // 43.7% (58.7)",
        "oppFenwickAgainst": "48.5% (44.2) // 46.9% (41.9) // 44.2% (40.0) // 44.8% (42.0)",
        "oppShotsAgainst": "47.8% (29.8) // 45.9% (27.9) // 44.7% (27.2) // 45.8% (29.0)",
        "oppScoringAgainst": "47.5% (28.9) // 46.9% (29.4) // 43.4% (28.0) // 45.5% (28.7)",
        "totalOver": 31,
        "totalOverLast5": 40,
        "totalOverLast15": 20,
        "lastTotalOver": 28,
        "last5": "1,0,2,0,0,0,0,0,0,0",
        "fd": "+168",
        "dk": "+175/-230",
        "kambi": "0",
        "lowest": "175 DK",
        "implied": 36.36363636363637,
        "overOdds": "+175",
        "underOdds": "-230",
        "overUnder": "+175 / -230"
    },
    {
        "player": "Charlie Mcavoy",
        "team": "BOS",
        "opponent": "PIT",
        "propType": "ast",
        "line": 0.5,
        "ppLine": "PP1",
        "avg": 0.75,
        "hit": false,
        "diffAvg": 0.5,
        "diffAbs": 0.4,
        "lastAvg": 0.61,
        "diff": 0.22,
        "avgMin": 24,
        "proj": 0.7,
        "lastAvgMin": 22.3,
        "oppOver": 0,
        "teamOver": 0,
        "gameLine": "-148",
        "+/-": -4,
        "L5_+/-": -3.0,
        "prevMatchup": "",
        "winLossSplits": "50% - 50%",
        "awayHome": "H",
        "playedYesterday": "N",
        "awayHomeSplits": "50% - 50%",
        "savesAboveExp": -1.293,
        "gsaa": 7.71,
        "corsi": "48.2% (57.7) // 46.0% (52.7) // 45.0% (48.0) // 46.4% (49.0)",
        "fenwick": "48.3% (42.3) // 45.7% (38.4) // 45.4% (34.8) // 46.0% (34.7)",
        "shots": "48.8% (30.1) // 46.2% (27.0) // 48.0% (26.8) // 47.7% (27.3)",
        "scoring": "49.9% (29.2) // 44.7% (24.6) // 49.0% (24.0) // 48.0% (24.0)",
        "corsiAgainst": "51.8% (62.1) // 54.0% (61.9) // 55.0% (58.8) // 53.6% (56.7)",
        "fenwickAgainst": "51.7% (45.3) // 54.3% (45.6) // 54.6% (41.8) // 54.0% (40.7)",
        "shotsAgainst": "51.2% (31.6) // 53.8% (31.4) // 52.0% (29.0) // 52.3% (30.0)",
        "scoringAgainst": "50.1% (29.3) // 55.3% (30.4) // 51.0% (25.0) // 52.0% (26.0)",
        "oppCorsi": "52.5% (65.7) // 53.8% (68.3) // 56.8% (73.8) // 56.3% (75.7)",
        "oppFenwick": "51.5% (46.9) // 53.1% (47.5) // 55.8% (50.5) // 55.2% (51.7)",
        "oppShots": "52.2% (32.5) // 54.1% (32.9) // 55.3% (33.8) // 54.2% (34.3)",
        "oppScoring": "52.5% (32.0) // 53.1% (33.2) // 56.6% (36.5) // 54.5% (34.3)",
        "oppCorsiAgainst": "47.5% (59.3) // 46.2% (58.8) // 43.2% (56.0) // 43.7% (58.7)",
        "oppFenwickAgainst": "48.5% (44.2) // 46.9% (41.9) // 44.2% (40.0) // 44.8% (42.0)",
        "oppShotsAgainst": "47.8% (29.8) // 45.9% (27.9) // 44.7% (27.2) // 45.8% (29.0)",
        "oppScoringAgainst": "47.5% (28.9) // 46.9% (29.4) // 43.4% (28.0) // 45.5% (28.7)",
        "totalOver": 50,
        "totalOverLast5": 80,
        "totalOverLast15": 47,
        "lastTotalOver": 49,
        "last5": "0,3,1,1,1,0,0,0,2,0",
        "fd": "-122",
        "dk": "-120/-110",
        "kambi": "0",
        "lowest": "-120 DK",
        "implied": 54.54545454545454,
        "overOdds": "-120",
        "underOdds": "-110",
        "overUnder": "-120 / -110"
    },
    {
        "player": "David Pastrnak",
        "team": "BOS",
        "opponent": "PIT",
        "propType": "ast",
        "line": 0.5,
        "ppLine": "PP1",
        "avg": 0.78,
        "hit": false,
        "diffAvg": 0.56,
        "diffAbs": 0.2,
        "lastAvg": 0.57,
        "diff": 0.14,
        "avgMin": 19,
        "proj": 0.6,
        "lastAvgMin": 19.55,
        "oppOver": 0,
        "teamOver": 0,
        "gameLine": "-148",
        "+/-": "+7",
        "L5_+/-": -1.0,
        "prevMatchup": "",
        "winLossSplits": "65% - 38%",
        "awayHome": "H",
        "playedYesterday": "N",
        "awayHomeSplits": "50% - 62%",
        "savesAboveExp": -1.293,
        "gsaa": 7.71,
        "corsi": "48.2% (57.7) // 46.0% (52.7) // 45.0% (48.0) // 46.4% (49.0)",
        "fenwick": "48.3% (42.3) // 45.7% (38.4) // 45.4% (34.8) // 46.0% (34.7)",
        "shots": "48.8% (30.1) // 46.2% (27.0) // 48.0% (26.8) // 47.7% (27.3)",
        "scoring": "49.9% (29.2) // 44.7% (24.6) // 49.0% (24.0) // 48.0% (24.0)",
        "corsiAgainst": "51.8% (62.1) // 54.0% (61.9) // 55.0% (58.8) // 53.6% (56.7)",
        "fenwickAgainst": "51.7% (45.3) // 54.3% (45.6) // 54.6% (41.8) // 54.0% (40.7)",
        "shotsAgainst": "51.2% (31.6) // 53.8% (31.4) // 52.0% (29.0) // 52.3% (30.0)",
        "scoringAgainst": "50.1% (29.3) // 55.3% (30.4) // 51.0% (25.0) // 52.0% (26.0)",
        "oppCorsi": "52.5% (65.7) // 53.8% (68.3) // 56.8% (73.8) // 56.3% (75.7)",
        "oppFenwick": "51.5% (46.9) // 53.1% (47.5) // 55.8% (50.5) // 55.2% (51.7)",
        "oppShots": "52.2% (32.5) // 54.1% (32.9) // 55.3% (33.8) // 54.2% (34.3)",
        "oppScoring": "52.5% (32.0) // 53.1% (33.2) // 56.6% (36.5) // 54.5% (34.3)",
        "oppCorsiAgainst": "47.5% (59.3) // 46.2% (58.8) // 43.2% (56.0) // 43.7% (58.7)",
        "oppFenwickAgainst": "48.5% (44.2) // 46.9% (41.9) // 44.2% (40.0) // 44.8% (42.0)",
        "oppShotsAgainst": "47.8% (29.8) // 45.9% (27.9) // 44.7% (27.2) // 45.8% (29.0)",
        "oppScoringAgainst": "47.5% (28.9) // 46.9% (29.4) // 43.4% (28.0) // 45.5% (28.7)",
        "totalOver": 56,
        "totalOverLast5": 60,
        "totalOverLast15": 40,
        "lastTotalOver": 52,
        "last5": "0,2,1,1,0,0,0,0,1,0",
        "fd": "-170",
        "dk": "-145/+114",
        "kambi": "0",
        "lowest": "-145 DK",
        "implied": 59.183673469387756,
        "overOdds": "-145",
        "underOdds": "+114",
        "overUnder": "-145 / +114"
    },
    {
        "player": "Erik Karlsson",
        "team": "PIT",
        "opponent": "BOS",
        "propType": "ast",
        "line": 0.5,
