[
    {
        "player": "Adam Lowry",
        "team": "WPG",
        "opponent": "MIN",
        "propType": "ast",
        "line": 0.5,
        "ppLine": "",
        "avg": 0.29,
        "hit": false,
        "diffAvg": -0.42,
        "diffAbs": 0.4,
        "lastAvg": 0.26,
        "diff": -0.48,
        "avgMin": 15,
        "proj": 0.3,
        "lastAvgMin": 15.63,
        "oppOver": 0,
        "teamOver": 0,
        "gameLine": "-118",
        "+/-": "+9",
        "L5_+/-": "+1.0",
        "prevMatchup": "2023-12-30 1.0 ast",
        "winLossSplits": "38% - 8%",
        "awayHome": "A",
        "playedYesterday": "Y",
        "awayHomeSplits": "20% - 32%",
        "savesAboveExp": 0.141,
        "gsaa": -4.0,
        "corsi": "50.9% (59.6) // 52.4% (65.3) // 56.1% (71.1) // 57.4% (72.6)",
        "fenwick": "51.2% (43.6) // 52.8% (48.3) // 55.6% (51.0) // 57.1% (53.0)",
        "shots": "52.0% (31.0) // 52.2% (32.4) // 54.5% (33.9) // 53.4% (34.4)",
        "scoring": "50.6% (28.0) // 52.6% (30.7) // 56.0% (33.6) // 55.8% (32.9)",
        "corsiAgainst": "49.1% (57.4) // 47.6% (59.3) // 43.9% (55.6) // 42.6% (54.0)",
        "fenwickAgainst": "48.8% (41.6) // 47.2% (43.2) // 44.4% (40.8) // 42.9% (39.8)",
        "shotsAgainst": "48.0% (28.6) // 47.8% (29.6) // 45.5% (28.3) // 46.6% (29.9)",
        "scoringAgainst": "49.4% (27.3) // 47.4% (27.6) // 44.0% (26.3) // 44.2% (26.0)",
        "oppCorsi": "50.8% (60.9) // 49.5% (58.8) // 51.4% (57.8) // 48.0% (58.5)",
        "oppFenwick": "50.8% (43.6) // 48.8% (42.4) // 52.6% (44.3) // 50.0% (46.0)",
        "oppShots": "50.1% (29.8) // 48.1% (28.5) // 54.5% (31.1) // 52.8% (33.5)",
        "oppScoring": "51.7% (30.1) // 51.0% (29.8) // 56.0% (29.9) // 47.5% (29.0)",
        "oppCorsiAgainst": "49.2% (59.1) // 50.5% (59.9) // 48.6% (54.6) // 52.0% (63.5)",
        "oppFenwickAgainst": "49.2% (42.3) // 51.2% (44.5) // 47.4% (39.9) // 50.0% (46.0)",
        "oppShotsAgainst": "49.9% (29.7) // 51.9% (30.7) // 45.5% (26.0) // 47.2% (30.0)",
        "oppScoringAgainst": "48.3% (28.2) // 49.0% (28.6) // 44.0% (23.5) // 52.5% (32.0)",
        "totalOver": 26,
        "totalOverLast5": 20,
        "totalOverLast15": 7,
        "lastTotalOver": 26,
        "last5": "1,0,0,0,0,0,0,0,0,0",
        "fd": "0",
        "dk": "+250/-345",
        "kambi": "0",
        "lowest": "250 DK",
        "implied": 28.57142857142857,
        "overOdds": "+250",
        "underOdds": "-345",
        "overUnder": "+250 / -345"
    },
    {
        "player": "Alex Iafallo",
        "team": "WPG",
        "opponent": "MIN",
        "propType": "ast",
        "line": 0.5,
        "ppLine": "PP1",
        "avg": 0.29,
        "hit": false,
        "diffAvg": -0.42,
        "diffAbs": 0.4,
        "lastAvg": 0.34,
        "diff": -0.32,
        "avgMin": 16,
        "proj": 0.3,
        "lastAvgMin": 16.3,
        "oppOver": 0,
        "teamOver": 0,
        "gameLine": "-118",
        "+/-": -2,
        "L5_+/-": "+1.0",
        "prevMatchup": "2023-12-30 0.0 ast",
        "winLossSplits": "24% - 8%",
        "awayHome": "A",
        "playedYesterday": "Y",
        "awayHomeSplits": "20% - 16%",
        "savesAboveExp": 0.141,
        "gsaa": -4.0,
        "corsi": "50.9% (59.6) // 52.4% (65.3) // 56.1% (71.1) // 57.4% (72.6)",
        "fenwick": "51.2% (43.6) // 52.8% (48.3) // 55.6% (51.0) // 57.1% (53.0)",
        "shots": "52.0% (31.0) // 52.2% (32.4) // 54.5% (33.9) // 53.4% (34.4)",
        "scoring": "50.6% (28.0) // 52.6% (30.7) // 56.0% (33.6) // 55.8% (32.9)",
        "corsiAgainst": "49.1% (57.4) // 47.6% (59.3) // 43.9% (55.6) // 42.6% (54.0)",
        "fenwickAgainst": "48.8% (41.6) // 47.2% (43.2) // 44.4% (40.8) // 42.9% (39.8)",
        "shotsAgainst": "48.0% (28.6) // 47.8% (29.6) // 45.5% (28.3) // 46.6% (29.9)",
        "scoringAgainst": "49.4% (27.3) // 47.4% (27.6) // 44.0% (26.3) // 44.2% (26.0)",
        "oppCorsi": "50.8% (60.9) // 49.5% (58.8) // 51.4% (57.8) // 48.0% (58.5)",
        "oppFenwick": "50.8% (43.6) // 48.8% (42.4) // 52.6% (44.3) // 50.0% (46.0)",
        "oppShots": "50.1% (29.8) // 48.1% (28.5) // 54.5% (31.1) // 52.8% (33.5)",
        "oppScoring": "51.7% (30.1) // 51.0% (29.8) // 56.0% (29.9) // 47.5% (29.0)",
        "oppCorsiAgainst": "49.2% (59.1) // 50.5% (59.9) // 48.6% (54.6) // 52.0% (63.5)",
        "oppFenwickAgainst": "49.2% (42.3) // 51.2% (44.5) // 47.4% (39.9) // 50.0% (46.0)",
        "oppShotsAgainst": "49.9% (29.7) // 51.9% (30.7) // 45.5% (26.0) // 47.2% (30.0)",
        "oppScoringAgainst": "48.3% (28.2) // 49.0% (28.6) // 44.0% (23.5) // 52.5% (32.0)",
        "totalOver": 18,
        "totalOverLast5": 0,
        "totalOverLast15": 7,
        "lastTotalOver": 33,
        "last5": "0,0,0,0,0,1,0,0,0,0",
        "fd": "0",
        "dk": "+250/-345",
        "kambi": "0",
        "lowest": "250 DK",
        "implied": 28.57142857142857,
        "overOdds": "+250",
        "underOdds": "-345",
        "overUnder": "+250 / -345"
    },
    {
        "player": "Brock Faber",
        "team": "MIN",
        "opponent": "WPG",
        "propType": "ast",
        "line": 0.5,
        "ppLine": "PP2",
        "avg": 0.41,
        "hit": false,
        "diffAvg": -0.18,
        "diffAbs": 1.0,
        "lastAvg": 0,
        "diff": 0,
        "avgMin": 24,
        "proj": 0.0,
        "lastAvgMin": 0,
        "oppOver": 0,
        "teamOver": 0,
        "gameLine": "-102",
        "+/-": "+11",
        "L5_+/-": "+6.0",
        "prevMatchup": "2023-12-30 0.0 ast",
        "winLossSplits": "31% - 39%",
        "awayHome": "H",
        "playedYesterday": "Y",
        "awayHomeSplits": "44% - 25%",
        "savesAboveExp": "-",
        "gsaa": 1.87,
        "corsi": "50.8% (60.9) // 49.5% (58.8) // 51.4% (57.8) // 48.0% (58.5)",
        "fenwick": "50.8% (43.6) // 48.8% (42.4) // 52.6% (44.3) // 50.0% (46.0)",
        "shots": "50.1% (29.8) // 48.1% (28.5) // 54.5% (31.1) // 52.8% (33.5)",
        "scoring": "51.7% (30.1) // 51.0% (29.8) // 56.0% (29.9) // 47.5% (29.0)",
        "corsiAgainst": "49.2% (59.1) // 50.5% (59.9) // 48.6% (54.6) // 52.0% (63.5)",
        "fenwickAgainst": "49.2% (42.3) // 51.2% (44.5) // 47.4% (39.9) // 50.0% (46.0)",
        "shotsAgainst": "49.9% (29.7) // 51.9% (30.7) // 45.5% (26.0) // 47.2% (30.0)",
        "scoringAgainst": "48.3% (28.2) // 49.0% (28.6) // 44.0% (23.5) // 52.5% (32.0)",
        "oppCorsi": "50.9% (59.6) // 52.4% (65.3) // 56.1% (71.1) // 57.4% (72.6)",
        "oppFenwick": "51.2% (43.6) // 52.8% (48.3) // 55.6% (51.0) // 57.1% (53.0)",
        "oppShots": "52.0% (31.0) // 52.2% (32.4) // 54.5% (33.9) // 53.4% (34.4)",
        "oppScoring": "50.6% (28.0) // 52.6% (30.7) // 56.0% (33.6) // 55.8% (32.9)",
        "oppCorsiAgainst": "49.1% (57.4) // 47.6% (59.3) // 43.9% (55.6) // 42.6% (54.0)",
        "oppFenwickAgainst": "48.8% (41.6) // 47.2% (43.2) // 44.4% (40.8) // 42.9% (39.8)",
        "oppShotsAgainst": "48.0% (28.6) // 47.8% (29.6) // 45.5% (28.3) // 46.6% (29.9)",
        "oppScoringAgainst": "49.4% (27.3) // 47.4% (27.6) // 44.0% (26.3) // 44.2% (26.0)",
        "totalOver": 35,
        "totalOverLast5": 40,
        "totalOverLast15": 33,
        "lastTotalOver": 0,
        "last5": "0,0,0,1,1,1,0,0,0,2",
        "fd": "0",
        "dk": "+170/-220",
        "kambi": "0",
        "lowest": "170 DK",
        "implied": 37.03703703703704,
        "overOdds": "+170",
        "underOdds": "-220",
        "overUnder": "+170 / -220"
    },
    {
        "player": "Cole Perfetti",
        "team": "WPG",
        "opponent": "MIN",
        "propType": "ast",
        "line": 0.5,
        "ppLine": "PP2",
        "avg": 0.35,
        "hit": false,
        "diffAvg": -0.3,
        "diffAbs": 0.2,
        "lastAvg": 0.43,
        "diff": -0.14,
        "avgMin": 14,
        "proj": 0.4,
        "lastAvgMin": 14.97,
        "oppOver": 0,
        "teamOver": 0,
        "gameLine": "-118",
        "+/-": "+10",
        "L5_+/-": "+3.0",
        "prevMatchup": "2023-12-30 0.0 ast",
        "winLossSplits": "43% - 15%",
        "awayHome": "A",
        "playedYesterday": "Y",
        "awayHomeSplits": "33% - 32%",
        "savesAboveExp": 0.141,
        "gsaa": -4.0,
        "corsi": "50.9% (59.6) // 52.4% (65.3) // 56.1% (71.1) // 57.4% (72.6)",
        "fenwick": "51.2% (43.6) // 52.8% (48.3) // 55.6% (51.0) // 57.1% (53.0)",
        "shots": "52.0% (31.0) // 52.2% (32.4) // 54.5% (33.9) // 53.4% (34.4)",
        "scoring": "50.6% (28.0) // 52.6% (30.7) // 56.0% (33.6) // 55.8% (32.9)",
        "corsiAgainst": "49.1% (57.4) // 47.6% (59.3) // 43.9% (55.6) // 42.6% (54.0)",
        "fenwickAgainst": "48.8% (41.6) // 47.2% (43.2) // 44.4% (40.8) // 42.9% (39.8)",
        "shotsAgainst": "48.0% (28.6) // 47.8% (29.6) // 45.5% (28.3) // 46.6% (29.9)",
        "scoringAgainst": "49.4% (27.3) // 47.4% (27.6) // 44.0% (26.3) // 44.2% (26.0)",
        "oppCorsi": "50.8% (60.9) // 49.5% (58.8) // 51.4% (57.8) // 48.0% (58.5)",
        "oppFenwick": "50.8% (43.6) // 48.8% (42.4) // 52.6% (44.3) // 50.0% (46.0)",
        "oppShots": "50.1% (29.8) // 48.1% (28.5) // 54.5% (31.1) // 52.8% (33.5)",
        "oppScoring": "51.7% (30.1) // 51.0% (29.8) // 56.0% (29.9) // 47.5% (29.0)",
        "oppCorsiAgainst": "49.2% (59.1) // 50.5% (59.9) // 48.6% (54.6) // 52.0% (63.5)",
        "oppFenwickAgainst": "49.2% (42.3) // 51.2% (44.5) // 47.4% (39.9) // 50.0% (46.0)",
        "oppShotsAgainst": "49.9% (29.7) // 51.9% (30.7) // 45.5% (26.0) // 47.2% (30.0)",
        "oppScoringAgainst": "48.3% (28.2) // 49.0% (28.6) // 44.0% (23.5) // 52.5% (32.0)",
        "totalOver": 32,
        "totalOverLast5": 40,
        "totalOverLast15": 13,
        "lastTotalOver": 36,
        "last5": "0,0,1,1,0,0,0,0,0,0",
        "fd": "0",
        "dk": "+240/-330",
        "kambi": "0",
        "lowest": "240 DK",
        "implied": 29.411764705882355,
        "overOdds": "+240",
        "underOdds": "-330",
        "overUnder": "+240 / -330"
    },
    {
        "player": "Gabriel Vilardi",
        "team": "WPG",
        "opponent": "MIN",
        "propType": "ast",
        "line": 0.5,
        "ppLine": "PP1",
        "avg": 0.5,
        "hit": false,
        "diffAvg": 0.0,
        "diffAbs": 0.4,
        "lastAvg": 0.26,
        "diff": -0.48,
        "avgMin": 16,
        "proj": 0.3,
        "lastAvgMin": 15.6,
        "oppOver": 0,
        "teamOver": 0,
        "gameLine": "-118",
        "+/-": "+12",
        "L5_+/-": "+12.0",
        "prevMatchup": "2023-12-30 0.0 ast",
        "winLossSplits": "50% - 0%",
        "awayHome": "A",
        "playedYesterday": "Y",
        "awayHomeSplits": "17% - 40%",
        "savesAboveExp": 0.141,
        "gsaa": -4.0,
        "corsi": "50.9% (59.6) // 52.4% (65.3) // 56.1% (71.1) // 57.4% (72.6)",
        "fenwick": "51.2% (43.6) // 52.8% (48.3) // 55.6% (51.0) // 57.1% (53.0)",
        "shots": "52.0% (31.0) // 52.2% (32.4) // 54.5% (33.9) // 53.4% (34.4)",
        "scoring": "50.6% (28.0) // 52.6% (30.7) // 56.0% (33.6) // 55.8% (32.9)",
        "corsiAgainst": "49.1% (57.4) // 47.6% (59.3) // 43.9% (55.6) // 42.6% (54.0)",
        "fenwickAgainst": "48.8% (41.6) // 47.2% (43.2) // 44.4% (40.8) // 42.9% (39.8)",
        "shotsAgainst": "48.0% (28.6) // 47.8% (29.6) // 45.5% (28.3) // 46.6% (29.9)",
        "scoringAgainst": "49.4% (27.3) // 47.4% (27.6) // 44.0% (26.3) // 44.2% (26.0)",
        "oppCorsi": "50.8% (60.9) // 49.5% (58.8) // 51.4% (57.8) // 48.0% (58.5)",
        "oppFenwick": "50.8% (43.6) // 48.8% (42.4) // 52.6% (44.3) // 50.0% (46.0)",
        "oppShots": "50.1% (29.8) // 48.1% (28.5) // 54.5% (31.1) // 52.8% (33.5)",
        "oppScoring": "51.7% (30.1) // 51.0% (29.8) // 56.0% (29.9) // 47.5% (29.0)",
        "oppCorsiAgainst": "49.2% (59.1) // 50.5% (59.9) // 48.6% (54.6) // 52.0% (63.5)",
        "oppFenwickAgainst": "49.2% (42.3) // 51.2% (44.5) // 47.4% (39.9) // 50.0% (46.0)",
        "oppShotsAgainst": "49.9% (29.7) // 51.9% (30.7) // 45.5% (26.0) // 47.2% (30.0)",
        "oppScoringAgainst": "48.3% (28.2) // 49.0% (28.6) // 44.0% (23.5) // 52.5% (32.0)",
        "totalOver": 31,
        "totalOverLast5": 40,
        "totalOverLast15": 27,
        "lastTotalOver": 25,
        "last5": "0,0,1,2,0,0,3,0,0,0",
        "fd": "+172",
        "dk": "+190/-250",
        "kambi": "0",
        "lowest": "190 DK",
        "implied": 34.48275862068966,
        "overOdds": "+190",
        "underOdds": "-250",
        "overUnder": "+190 / -250"
    },
    {
        "player": "Jared Spurgeon",
        "team": "MIN",
        "opponent": "WPG",
        "propType": "ast",
        "line": 0.5,
        "ppLine": "PP1",
        "avg": 0.29,
        "hit": false,
        "diffAvg": -0.42,
        "diffAbs": 0.4,
        "lastAvg": 0.27,
        "diff": -0.46,
        "avgMin": 23,
        "proj": 0.3,
        "lastAvgMin": 21.8,
        "oppOver": 0,
        "teamOver": 0,
        "gameLine": "-102",
        "+/-": "+5",
        "L5_+/-": "+6.0",
        "prevMatchup": "2023-12-30 0.0 ast",
        "winLossSplits": "80% - 0%",
        "awayHome": "H",
        "playedYesterday": "Y",
        "awayHomeSplits": "22% - 40%",
        "savesAboveExp": "-",
        "gsaa": 1.87,
        "corsi": "50.8% (60.9) // 49.5% (58.8) // 51.4% (57.8) // 48.0% (58.5)",
        "fenwick": "50.8% (43.6) // 48.8% (42.4) // 52.6% (44.3) // 50.0% (46.0)",
        "shots": "50.1% (29.8) // 48.1% (28.5) // 54.5% (31.1) // 52.8% (33.5)",
        "scoring": "51.7% (30.1) // 51.0% (29.8) // 56.0% (29.9) // 47.5% (29.0)",
        "corsiAgainst": "49.2% (59.1) // 50.5% (59.9) // 48.6% (54.6) // 52.0% (63.5)",
        "fenwickAgainst": "49.2% (42.3) // 51.2% (44.5) // 47.4% (39.9) // 50.0% (46.0)",
        "shotsAgainst": "49.9% (29.7) // 51.9% (30.7) // 45.5% (26.0) // 47.2% (30.0)",
        "scoringAgainst": "48.3% (28.2) // 49.0% (28.6) // 44.0% (23.5) // 52.5% (32.0)",
        "oppCorsi": "50.9% (59.6) // 52.4% (65.3) // 56.1% (71.1) // 57.4% (72.6)",
        "oppFenwick": "51.2% (43.6) // 52.8% (48.3) // 55.6% (51.0) // 57.1% (53.0)",
        "oppShots": "52.0% (31.0) // 52.2% (32.4) // 54.5% (33.9) // 53.4% (34.4)",
        "oppScoring": "50.6% (28.0) // 52.6% (30.7) // 56.0% (33.6) // 55.8% (32.9)",
        "oppCorsiAgainst": "49.1% (57.4) // 47.6% (59.3) // 43.9% (55.6) // 42.6% (54.0)",
        "oppFenwickAgainst": "48.8% (41.6) // 47.2% (43.2) // 44.4% (40.8) // 42.9% (39.8)",
        "oppShotsAgainst": "48.0% (28.6) // 47.8% (29.6) // 45.5% (28.3) // 46.6% (29.9)",
        "oppScoringAgainst": "49.4% (27.3) // 47.4% (27.6) // 44.0% (26.3) // 44.2% (26.0)",
        "totalOver": 29,
        "totalOverLast5": 20,
        "totalOverLast15": 29,
        "lastTotalOver": 29,
        "last5": "0,0,0,0,1,1,1,1,0,0",
        "fd": "+142",
        "dk": "+160/-210",
        "kambi": "0",
        "lowest": "160 DK",
        "implied": 38.46153846153847,
        "overOdds": "+160",
        "underOdds": "-210",
        "overUnder": "+160 / -210"
    },
    {
        "player": "Joel Eriksson Ek",
        "team": "MIN",
        "opponent": "WPG",
        "propType": "ast",
        "line": 0.5,
        "ppLine": "PP1",
        "avg": 0.29,
        "hit": false,
        "diffAvg": -0.42,
        "diffAbs": 0.0,
        "lastAvg": 0.48,
        "diff": -0.04,
        "avgMin": 20,
        "proj": 0.5,
        "lastAvgMin": 18.98,
        "oppOver": 0,
        "teamOver": 0,
        "gameLine": "-102",
        "+/-": "+12",
        "L5_+/-": "+9.0",
        "prevMatchup": "2023-12-30 0.0 ast",
        "winLossSplits": "38% - 17%",
        "awayHome": "H",
        "playedYesterday": "Y",
        "awayHomeSplits": "17% - 38%",
        "savesAboveExp": "-",
        "gsaa": 1.87,
        "corsi": "50.8% (60.9) // 49.5% (58.8) // 51.4% (57.8) // 48.0% (58.5)",
        "fenwick": "50.8% (43.6) // 48.8% (42.4) // 52.6% (44.3) // 50.0% (46.0)",
        "shots": "50.1% (29.8) // 48.1% (28.5) // 54.5% (31.1) // 52.8% (33.5)",
        "scoring": "51.7% (30.1) // 51.0% (29.8) // 56.0% (29.9) // 47.5% (29.0)",
        "corsiAgainst": "49.2% (59.1) // 50.5% (59.9) // 48.6% (54.6) // 52.0% (63.5)",
        "fenwickAgainst": "49.2% (42.3) // 51.2% (44.5) // 47.4% (39.9) // 50.0% (46.0)",
        "shotsAgainst": "49.9% (29.7) // 51.9% (30.7) // 45.5% (26.0) // 47.2% (30.0)",
        "scoringAgainst": "48.3% (28.2) // 49.0% (28.6) // 44.0% (23.5) // 52.5% (32.0)",
        "oppCorsi": "50.9% (59.6) // 52.4% (65.3) // 56.1% (71.1) // 57.4% (72.6)",
        "oppFenwick": "51.2% (43.6) // 52.8% (48.3) // 55.6% (51.0) // 57.1% (53.0)",
        "oppShots": "52.0% (31.0) // 52.2% (32.4) // 54.5% (33.9) // 53.4% (34.4)",
        "oppScoring": "50.6% (28.0) // 52.6% (30.7) // 56.0% (33.6) // 55.8% (32.9)",
        "oppCorsiAgainst": "49.1% (57.4) // 47.6% (59.3) // 43.9% (55.6) // 42.6% (54.0)",
        "oppFenwickAgainst": "48.8% (41.6) // 47.2% (43.2) // 44.4% (40.8) // 42.9% (39.8)",
        "oppShotsAgainst": "48.0% (28.6) // 47.8% (29.6) // 45.5% (28.3) // 46.6% (29.9)",
        "oppScoringAgainst": "49.4% (27.3) // 47.4% (27.6) // 44.0% (26.3) // 44.2% (26.0)",
        "totalOver": 26,
        "totalOverLast5": 60,
        "totalOverLast15": 20,
        "lastTotalOver": 41,
        "last5": "0,1,1,0,1,0,0,0,0,0",
        "fd": "+126",
        "dk": "+130/-166",
        "kambi": "0",
        "lowest": "130 DK",
        "implied": 43.47826086956522,
        "overOdds": "+130",
        "underOdds": "-166",
        "overUnder": "+130 / -166"
    },
    {
        "player": "Josh Morrissey",
        "team": "WPG",
        "opponent": "MIN",
        "propType": "ast",
        "line": 0.5,
        "ppLine": "PP1",
        "avg": 0.71,
        "hit": false,
        "diffAvg": 0.42,
        "diffAbs": 0.4,
        "lastAvg": 0.72,
        "diff": 0.44,
        "avgMin": 24,
        "proj": 0.7,
        "lastAvgMin": 24.22,
        "oppOver": 0,
        "teamOver": 0,
        "gameLine": "-118",
        "+/-": "+21",
        "L5_+/-": "+16.0",
        "prevMatchup": "2023-12-30 1.0 ast",
        "winLossSplits": "67% - 23%",
        "awayHome": "A",
        "playedYesterday": "Y",
        "awayHomeSplits": "53% - 47%",
        "savesAboveExp": 0.141,
        "gsaa": -4.0,
        "corsi": "50.9% (59.6) // 52.4% (65.3) // 56.1% (71.1) // 57.4% (72.6)",
        "fenwick": "51.2% (43.6) // 52.8% (48.3) // 55.6% (51.0) // 57.1% (53.0)",
        "shots": "52.0% (31.0) // 52.2% (32.4) // 54.5% (33.9) // 53.4% (34.4)",
        "scoring": "50.6% (28.0) // 52.6% (30.7) // 56.0% (33.6) // 55.8% (32.9)",
        "corsiAgainst": "49.1% (57.4) // 47.6% (59.3) // 43.9% (55.6) // 42.6% (54.0)",
        "fenwickAgainst": "48.8% (41.6) // 47.2% (43.2) // 44.4% (40.8) // 42.9% (39.8)",
        "shotsAgainst": "48.0% (28.6) // 47.8% (29.6) // 45.5% (28.3) // 46.6% (29.9)",
        "scoringAgainst": "49.4% (27.3) // 47.4% (27.6) // 44.0% (26.3) // 44.2% (26.0)",
        "oppCorsi": "50.8% (60.9) // 49.5% (58.8) // 51.4% (57.8) // 48.0% (58.5)",
        "oppFenwick": "50.8% (43.6) // 48.8% (42.4) // 52.6% (44.3) // 50.0% (46.0)",
        "oppShots": "50.1% (29.8) // 48.1% (28.5) // 54.5% (31.1) // 52.8% (33.5)",
        "oppScoring": "51.7% (30.1) // 51.0% (29.8) // 56.0% (29.9) // 47.5% (29.0)",
        "oppCorsiAgainst": "49.2% (59.1) // 50.5% (59.9) // 48.6% (54.6) // 52.0% (63.5)",
        "oppFenwickAgainst": "49.2% (42.3) // 51.2% (44.5) // 47.4% (39.9) // 50.0% (46.0)",
        "oppShotsAgainst": "49.9% (29.7) // 51.9% (30.7) // 45.5% (26.0) // 47.2% (30.0)",
        "oppScoringAgainst": "48.3% (28.2) // 49.0% (28.6) // 44.0% (23.5) // 52.5% (32.0)",
        "totalOver": 50,
        "totalOverLast5": 60,
        "totalOverLast15": 47,
        "lastTotalOver": 56,
        "last5": "1,0,0,1,1,2,0,0,2,1",
        "fd": "+114",
        "dk": "+120/-150",
        "kambi": "0",
        "lowest": "120 DK",
        "implied": 45.45454545454545,
        "overOdds": "+120",
        "underOdds": "-150",
        "overUnder": "+120 / -150"
    },
    {
        "player": "Marco Rossi",
        "team": "MIN",
        "opponent": "WPG",
        "propType": "ast",
        "line": 0.5,
        "ppLine": "PP1",
        "avg": 0.32,
        "hit": false,
        "diffAvg": -0.36,
        "diffAbs": 0.8,
        "lastAvg": 0.05,
        "diff": -0.9,
        "avgMin": 16,
        "proj": 0.1,
        "lastAvgMin": 12.52,
        "oppOver": 0,
        "teamOver": 0,
        "gameLine": "-102",
        "+/-": "+10",
        "L5_+/-": "+5.0",
        "prevMatchup": "2023-12-30 0.0 ast",
        "winLossSplits": "31% - 28%",
        "awayHome": "H",
        "playedYesterday": "Y",
        "awayHomeSplits": "22% - 38%",
        "savesAboveExp": "-",
        "gsaa": 1.87,
        "corsi": "50.8% (60.9) // 49.5% (58.8) // 51.4% (57.8) // 48.0% (58.5)",
        "fenwick": "50.8% (43.6) // 48.8% (42.4) // 52.6% (44.3) // 50.0% (46.0)",
        "shots": "50.1% (29.8) // 48.1% (28.5) // 54.5% (31.1) // 52.8% (33.5)",
        "scoring": "51.7% (30.1) // 51.0% (29.8) // 56.0% (29.9) // 47.5% (29.0)",
        "corsiAgainst": "49.2% (59.1) // 50.5% (59.9) // 48.6% (54.6) // 52.0% (63.5)",
        "fenwickAgainst": "49.2% (42.3) // 51.2% (44.5) // 47.4% (39.9) // 50.0% (46.0)",
        "shotsAgainst": "49.9% (29.7) // 51.9% (30.7) // 45.5% (26.0) // 47.2% (30.0)",
        "scoringAgainst": "48.3% (28.2) // 49.0% (28.6) // 44.0% (23.5) // 52.5% (32.0)",
        "oppCorsi": "50.9% (59.6) // 52.4% (65.3) // 56.1% (71.1) // 57.4% (72.6)",
        "oppFenwick": "51.2% (43.6) // 52.8% (48.3) // 55.6% (51.0) // 57.1% (53.0)",
        "oppShots": "52.0% (31.0) // 52.2% (32.4) // 54.5% (33.9) // 53.4% (34.4)",
        "oppScoring": "50.6% (28.0) // 52.6% (30.7) // 56.0% (33.6) // 55.8% (32.9)",
        "oppCorsiAgainst": "49.1% (57.4) // 47.6% (59.3) // 43.9% (55.6) // 42.6% (54.0)",
        "oppFenwickAgainst": "48.8% (41.6) // 47.2% (43.2) // 44.4% (40.8) // 42.9% (39.8)",
        "oppShotsAgainst": "48.0% (28.6) // 47.8% (29.6) // 45.5% (28.3) // 46.6% (29.9)",
        "oppScoringAgainst": "49.4% (27.3) // 47.4% (27.6) // 44.0% (26.3) // 44.2% (26.0)",
        "totalOver": 29,
        "totalOverLast5": 60,
        "totalOverLast15": 33,
        "lastTotalOver": 5,
        "last5": "0,1,0,2,1,0,0,0,0,0",
        "fd": "+215",
        "dk": "+220/-298",
        "kambi": "0",
        "lowest": "220 DK",
        "implied": 31.25,
        "overOdds": "+220",
        "underOdds": "-298",
        "overUnder": "+220 / -298"
    },
    {
        "player": "Marcus Johansson",
        "team": "MIN",
        "opponent": "WPG",
        "propType": "ast",
        "line": 0.5,
        "ppLine": "PP2",
        "avg": 0.44,
        "hit": false,
        "diffAvg": -0.12,
        "diffAbs": 0.4,
        "lastAvg": 0.31,
        "diff": -0.38,
        "avgMin": 16,
        "proj": 0.3,
        "lastAvgMin": 16.48,
        "oppOver": 0,
        "teamOver": 0,
        "gameLine": "-102",
        "+/-": "+3",
        "L5_+/-": "+6.0",
        "prevMatchup": "2023-12-30 1.0 ast",
        "winLossSplits": "44% - 39%",
        "awayHome": "H",
        "playedYesterday": "Y",
        "awayHomeSplits": "39% - 44%",
        "savesAboveExp": "-",
        "gsaa": 1.87,
        "corsi": "50.8% (60.9) // 49.5% (58.8) // 51.4% (57.8) // 48.0% (58.5)",
        "fenwick": "50.8% (43.6) // 48.8% (42.4) // 52.6% (44.3) // 50.0% (46.0)",
        "shots": "50.1% (29.8) // 48.1% (28.5) // 54.5% (31.1) // 52.8% (33.5)",
        "scoring": "51.7% (30.1) // 51.0% (29.8) // 56.0% (29.9) // 47.5% (29.0)",
        "corsiAgainst": "49.2% (59.1) // 50.5% (59.9) // 48.6% (54.6) // 52.0% (63.5)",
        "fenwickAgainst": "49.2% (42.3) // 51.2% (44.5) // 47.4% (39.9) // 50.0% (46.0)",
        "shotsAgainst": "49.9% (29.7) // 51.9% (30.7) // 45.5% (26.0) // 47.2% (30.0)",
        "scoringAgainst": "48.3% (28.2) // 49.0% (28.6) // 44.0% (23.5) // 52.5% (32.0)",
        "oppCorsi": "50.9% (59.6) // 52.4% (65.3) // 56.1% (71.1) // 57.4% (72.6)",
        "oppFenwick": "51.2% (43.6) // 52.8% (48.3) // 55.6% (51.0) // 57.1% (53.0)",
        "oppShots": "52.0% (31.0) // 52.2% (32.4) // 54.5% (33.9) // 53.4% (34.4)",
        "oppScoring": "50.6% (28.0) // 52.6% (30.7) // 56.0% (33.6) // 55.8% (32.9)",
        "oppCorsiAgainst": "49.1% (57.4) // 47.6% (59.3) // 43.9% (55.6) // 42.6% (54.0)",
        "oppFenwickAgainst": "48.8% (41.6) // 47.2% (43.2) // 44.4% (40.8) // 42.9% (39.8)",
        "oppShotsAgainst": "48.0% (28.6) // 47.8% (29.6) // 45.5% (28.3) // 46.6% (29.9)",
        "oppScoringAgainst": "49.4% (27.3) // 47.4% (27.6) // 44.0% (26.3) // 44.2% (26.0)",
        "totalOver": 41,
        "totalOverLast5": 60,
        "totalOverLast15": 47,
        "lastTotalOver": 26,
        "last5": "1,1,0,1,0,1,0,1,0,2",
        "fd": "0",
        "dk": "+200/-270",
        "kambi": "0",
        "lowest": "200 DK",
        "implied": 33.33333333333333,
        "overOdds": "+200",
        "underOdds": "-270",
        "overUnder": "+200 / -270"
    },
    {
        "player": "Mark Scheifele",
        "team": "WPG",
        "opponent": "MIN",
        "propType": "ast",
        "line": 0.5,
        "ppLine": "PP1",
        "avg": 0.71,
        "hit": false,
        "diffAvg": 0.42,
        "diffAbs": 0.4,
        "lastAvg": 0.31,
        "diff": -0.38,
        "avgMin": 20,
        "proj": 0.3,
        "lastAvgMin": 20.47,
        "oppOver": 0,
        "teamOver": 0,
        "gameLine": "-118",
        "+/-": "+13",
        "L5_+/-": "+14.0",
        "prevMatchup": "2023-12-30 0.0 ast",
        "winLossSplits": "48% - 46%",
        "awayHome": "A",
        "playedYesterday": "Y",
        "awayHomeSplits": "27% - 63%",
        "savesAboveExp": 0.141,
        "gsaa": -4.0,
        "corsi": "50.9% (59.6) // 52.4% (65.3) // 56.1% (71.1) // 57.4% (72.6)",
        "fenwick": "51.2% (43.6) // 52.8% (48.3) // 55.6% (51.0) // 57.1% (53.0)",
        "shots": "52.0% (31.0) // 52.2% (32.4) // 54.5% (33.9) // 53.4% (34.4)",
        "scoring": "50.6% (28.0) // 52.6% (30.7) // 56.0% (33.6) // 55.8% (32.9)",
        "corsiAgainst": "49.1% (57.4) // 47.6% (59.3) // 43.9% (55.6) // 42.6% (54.0)",
        "fenwickAgainst": "48.8% (41.6) // 47.2% (43.2) // 44.4% (40.8) // 42.9% (39.8)",
        "shotsAgainst": "48.0% (28.6) // 47.8% (29.6) // 45.5% (28.3) // 46.6% (29.9)",
        "scoringAgainst": "49.4% (27.3) // 47.4% (27.6) // 44.0% (26.3) // 44.2% (26.0)",
        "oppCorsi": "50.8% (60.9) // 49.5% (58.8) // 51.4% (57.8) // 48.0% (58.5)",
        "oppFenwick": "50.8% (43.6) // 48.8% (42.4) // 52.6% (44.3) // 50.0% (46.0)",
        "oppShots": "50.1% (29.8) // 48.1% (28.5) // 54.5% (31.1) // 52.8% (33.5)",
        "oppScoring": "51.7% (30.1) // 51.0% (29.8) // 56.0% (29.9) // 47.5% (29.0)",
        "oppCorsiAgainst": "49.2% (59.1) // 50.5% (59.9) // 48.6% (54.6) // 52.0% (63.5)",
        "oppFenwickAgainst": "49.2% (42.3) // 51.2% (44.5) // 47.4% (39.9) // 50.0% (46.0)",
        "oppShotsAgainst": "49.9% (29.7) // 51.9% (30.7) // 45.5% (26.0) // 47.2% (30.0)",
        "oppScoringAgainst": "48.3% (28.2) // 49.0% (28.6) // 44.0% (23.5) // 52.5% (32.0)",
        "totalOver": 47,
        "totalOverLast5": 20,
        "totalOverLast15": 33,
        "lastTotalOver": 23,
        "last5": "0,0,2,0,0,2,1,0,0,0",
        "fd": "+126",
        "dk": "+130/-166",
        "kambi": "0",
        "lowest": "130 DK",
        "implied": 43.47826086956522,
        "overOdds": "+130",
        "underOdds": "-166",
        "overUnder": "+130 / -166"
    },
    {
        "player": "Matthew Boldy",
        "team": "MIN",
        "opponent": "WPG",
        "propType": "ast",
        "line": 0.5,
        "ppLine": "",
        "avg": 0.37,
        "hit": false,
        "diffAvg": -0.26,
        "diffAbs": 0.4,
        "lastAvg": 0.37,
        "diff": -0.26,
        "avgMin": 17,
        "proj": 0.3,
        "lastAvgMin": 18.48,
        "oppOver": 0,
        "teamOver": 0,
        "gameLine": "-102",
        "+/-": "+5",
        "L5_+/-": "+6.0",
        "prevMatchup": "2023-12-30 0.0 ast",
        "winLossSplits": "29% - 38%",
        "awayHome": "H",
        "playedYesterday": "Y",
        "awayHomeSplits": "36% - 31%",
        "savesAboveExp": "-",
        "gsaa": 1.87,
        "corsi": "50.8% (60.9) // 49.5% (58.8) // 51.4% (57.8) // 48.0% (58.5)",
        "fenwick": "50.8% (43.6) // 48.8% (42.4) // 52.6% (44.3) // 50.0% (46.0)",
        "shots": "50.1% (29.8) // 48.1% (28.5) // 54.5% (31.1) // 52.8% (33.5)",
        "scoring": "51.7% (30.1) // 51.0% (29.8) // 56.0% (29.9) // 47.5% (29.0)",
        "corsiAgainst": "49.2% (59.1) // 50.5% (59.9) // 48.6% (54.6) // 52.0% (63.5)",
        "fenwickAgainst": "49.2% (42.3) // 51.2% (44.5) // 47.4% (39.9) // 50.0% (46.0)",
        "shotsAgainst": "49.9% (29.7) // 51.9% (30.7) // 45.5% (26.0) // 47.2% (30.0)",
        "scoringAgainst": "48.3% (28.2) // 49.0% (28.6) // 44.0% (23.5) // 52.5% (32.0)",
        "oppCorsi": "50.9% (59.6) // 52.4% (65.3) // 56.1% (71.1) // 57.4% (72.6)",
        "oppFenwick": "51.2% (43.6) // 52.8% (48.3) // 55.6% (51.0) // 57.1% (53.0)",
        "oppShots": "52.0% (31.0) // 52.2% (32.4) // 54.5% (33.9) // 53.4% (34.4)",
        "oppScoring": "50.6% (28.0) // 52.6% (30.7) // 56.0% (33.6) // 55.8% (32.9)",
        "oppCorsiAgainst": "49.1% (57.4) // 47.6% (59.3) // 43.9% (55.6) // 42.6% (54.0)",
        "oppFenwickAgainst": "48.8% (41.6) // 47.2% (43.2) // 44.4% (40.8) // 42.9% (39.8)",
        "oppShotsAgainst": "48.0% (28.6) // 47.8% (29.6) // 45.5% (28.3) // 46.6% (29.9)",
        "oppScoringAgainst": "49.4% (27.3) // 47.4% (27.6) // 44.0% (26.3) // 44.2% (26.0)",
        "totalOver": 33,
        "totalOverLast5": 0,
        "totalOverLast15": 20,
        "lastTotalOver": 35,
        "last5": "0,0,0,0,0,1,0,0,0,1",
        "fd": "0",
        "dk": "+120/-150",
        "kambi": "0",
        "lowest": "120 DK",
        "implied": 45.45454545454545,
        "overOdds": "+120",
        "underOdds": "-150",
        "overUnder": "+120 / -150"
    },
    {
        "player": "Nikolaj Ehlers",
        "team": "WPG",
        "opponent": "MIN",
        "propType": "ast",
        "line": 0.5,
        "ppLine": "PP1",
        "avg": 0.44,
        "hit": false,
        "diffAvg": -0.12,
        "diffAbs": 0.2,
        "lastAvg": 0.57,
        "diff": 0.14,
        "avgMin": 16,
        "proj": 0.6,
        "lastAvgMin": 15.63,
        "oppOver": 0,
        "teamOver": 0,
        "gameLine": "-118",
        "+/-": "+16",
        "L5_+/-": "+14.0",
        "prevMatchup": "2023-12-30 0.0 ast",
        "winLossSplits": "48% - 23%",
        "awayHome": "A",
        "playedYesterday": "Y",
        "awayHomeSplits": "33% - 42%",
        "savesAboveExp": 0.141,
        "gsaa": -4.0,
        "corsi": "50.9% (59.6) // 52.4% (65.3) // 56.1% (71.1) // 57.4% (72.6)",
        "fenwick": "51.2% (43.6) // 52.8% (48.3) // 55.6% (51.0) // 57.1% (53.0)",
        "shots": "52.0% (31.0) // 52.2% (32.4) // 54.5% (33.9) // 53.4% (34.4)",
        "scoring": "50.6% (28.0) // 52.6% (30.7) // 56.0% (33.6) // 55.8% (32.9)",
        "corsiAgainst": "49.1% (57.4) // 47.6% (59.3) // 43.9% (55.6) // 42.6% (54.0)",
        "fenwickAgainst": "48.8% (41.6) // 47.2% (43.2) // 44.4% (40.8) // 42.9% (39.8)",
        "shotsAgainst": "48.0% (28.6) // 47.8% (29.6) // 45.5% (28.3) // 46.6% (29.9)",
        "scoringAgainst": "49.4% (27.3) // 47.4% (27.6) // 44.0% (26.3) // 44.2% (26.0)",
        "oppCorsi": "50.8% (60.9) // 49.5% (58.8) // 51.4% (57.8) // 48.0% (58.5)",
        "oppFenwick": "50.8% (43.6) // 48.8% (42.4) // 52.6% (44.3) // 50.0% (46.0)",
        "oppShots": "50.1% (29.8) // 48.1% (28.5) // 54.5% (31.1) // 52.8% (33.5)",
        "oppScoring": "51.7% (30.1) // 51.0% (29.8) // 56.0% (29.9) // 47.5% (29.0)",
        "oppCorsiAgainst": "49.2% (59.1) // 50.5% (59.9) // 48.6% (54.6) // 52.0% (63.5)",
        "oppFenwickAgainst": "49.2% (42.3) // 51.2% (44.5) // 47.4% (39.9) // 50.0% (46.0)",
        "oppShotsAgainst": "49.9% (29.7) // 51.9% (30.7) // 45.5% (26.0) // 47.2% (30.0)",
        "oppScoringAgainst": "48.3% (28.2) // 49.0% (28.6) // 44.0% (23.5) // 52.5% (32.0)",
        "totalOver": 38,
        "totalOverLast5": 60,
        "totalOverLast15": 60,
        "lastTotalOver": 46,
        "last5": "0,0,1,1,1,1,2,0,1,1",
        "fd": "+164",
        "dk": "+175/-230",
        "kambi": "0",
        "lowest": "175 DK",
        "implied": 36.36363636363637,
        "overOdds": "+175",
        "underOdds": "-230",
        "overUnder": "+175 / -230"
    },
    {
        "player": "Nino Niederreiter",
        "team": "WPG",
        "opponent": "MIN",
        "propType": "ast",
        "line": 0.5,
        "ppLine": "PP2",
        "avg": 0.29,
        "hit": false,
        "diffAvg": -0.42,
        "diffAbs": 0.6,
        "lastAvg": 0.2,
        "diff": -0.6,
        "avgMin": 15,
        "proj": 0.2,
        "lastAvgMin": 16.28,
        "oppOver": 0,
        "teamOver": 0,
        "gameLine": "-118",
        "+/-": "+12",
        "L5_+/-": "+3.0",
        "prevMatchup": "2023-12-30 0.0 ast",
        "winLossSplits": "33% - 15%",
        "awayHome": "A",
        "playedYesterday": "Y",
        "awayHomeSplits": "20% - 32%",
        "savesAboveExp": 0.141,
        "gsaa": -4.0,
        "corsi": "50.9% (59.6) // 52.4% (65.3) // 56.1% (71.1) // 57.4% (72.6)",
        "fenwick": "51.2% (43.6) // 52.8% (48.3) // 55.6% (51.0) // 57.1% (53.0)",
        "shots": "52.0% (31.0) // 52.2% (32.4) // 54.5% (33.9) // 53.4% (34.4)",
        "scoring": "50.6% (28.0) // 52.6% (30.7) // 56.0% (33.6) // 55.8% (32.9)",
        "corsiAgainst": "49.1% (57.4) // 47.6% (59.3) // 43.9% (55.6) // 42.6% (54.0)",
        "fenwickAgainst": "48.8% (41.6) // 47.2% (43.2) // 44.4% (40.8) // 42.9% (39.8)",
        "shotsAgainst": "48.0% (28.6) // 47.8% (29.6) // 45.5% (28.3) // 46.6% (29.9)",
        "scoringAgainst": "49.4% (27.3) // 47.4% (27.6) // 44.0% (26.3) // 44.2% (26.0)",
        "oppCorsi": "50.8% (60.9) // 49.5% (58.8) // 51.4% (57.8) // 48.0% (58.5)",
        "oppFenwick": "50.8% (43.6) // 48.8% (42.4) // 52.6% (44.3) // 50.0% (46.0)",
        "oppShots": "50.1% (29.8) // 48.1% (28.5) // 54.5% (31.1) // 52.8% (33.5)",
        "oppScoring": "51.7% (30.1) // 51.0% (29.8) // 56.0% (29.9) // 47.5% (29.0)",
        "oppCorsiAgainst": "49.2% (59.1) // 50.5% (59.9) // 48.6% (54.6) // 52.0% (63.5)",
        "oppFenwickAgainst": "49.2% (42.3) // 51.2% (44.5) // 47.4% (39.9) // 50.0% (46.0)",
        "oppShotsAgainst": "49.9% (29.7) // 51.9% (30.7) // 45.5% (26.0) // 47.2% (30.0)",
        "oppScoringAgainst": "48.3% (28.2) // 49.0% (28.6) // 44.0% (23.5) // 52.5% (32.0)",
        "totalOver": 26,
        "totalOverLast5": 20,
        "totalOverLast15": 13,
        "lastTotalOver": 21,
        "last5": "0,0,1,0,0,0,0,0,0,1",
        "fd": "0",
        "dk": "+290/-410",
        "kambi": "0",
        "lowest": "290 DK",
        "implied": 25.64102564102564,
        "overOdds": "+290",
        "underOdds": "-410",
        "overUnder": "+290 / -410"
    },
    {
        "player": "Alex Debrincat",
        "team": "DET",
        "opponent": "BOS",
        "propType": "ast",
        "line": 0.5,
        "ppLine": "PP1",
        "avg": 0.56,
        "hit": false,
        "diffAvg": 0.12,
        "diffAbs": 0.0,
        "lastAvg": 0.48,
        "diff": -0.04,
        "avgMin": 18,
        "proj": 0.5,
        "lastAvgMin": 19.0,
        "oppOver": 0,
        "teamOver": 0,
        "gameLine": "+114",
        "+/-": "+2",
        "L5_+/-": -2.0,
        "prevMatchup": "2023-11-24 1.0 ast 2023-11-04 1.0 ast 2023-10-28 0.0 ast",
        "winLossSplits": "71% - 26%",
        "awayHome": "H",
        "playedYesterday": "N",
        "awayHomeSplits": "41% - 53%",
        "savesAboveExp": 0.19,
        "gsaa": 13.56,
        "corsi": "47.1% (56.5) // 47.4% (58.6) // 46.9% (56.3) // 48.4% (58.9)",
        "fenwick": "47.0% (41.7) // 45.5% (42.1) // 44.9% (41.7) // 46.6% (43.2)",
        "shots": "48.1% (29.6) // 45.3% (29.0) // 43.2% (27.2) // 42.9% (25.0)",
        "scoring": "46.7% (27.3) // 46.9% (27.8) // 46.6% (26.7) // 45.2% (28.0)",
        "corsiAgainst": "52.9% (63.5) // 52.6% (65.1) // 53.1% (63.8) // 51.6% (62.8)",
        "fenwickAgainst": "53.0% (47.0) // 54.5% (50.4) // 55.1% (51.2) // 53.4% (49.6)",
        "shotsAgainst": "51.9% (31.9) // 54.7% (35.0) // 56.8% (35.7) // 57.1% (33.4)",
        "scoringAgainst": "53.3% (31.2) // 53.1% (31.4) // 53.4% (30.6) // 54.8% (33.9)",
        "oppCorsi": "48.4% (58.4) // 47.4% (55.7) // 44.4% (50.8) // 45.5% (50.0)",
        "oppFenwick": "48.5% (42.9) // 47.0% (41.0) // 44.8% (37.5) // 46.9% (38.0)",
        "oppShots": "48.9% (30.4) // 46.2% (28.0) // 44.4% (25.5) // 48.7% (28.0)",
        "oppScoring": "50.2% (29.7) // 46.4% (26.8) // 44.5% (23.2) // 53.1% (26.0)",
        "oppCorsiAgainst": "51.6% (62.4) // 52.6% (61.9) // 55.6% (63.5) // 54.5% (60.0)",
        "oppFenwickAgainst": "51.5% (45.6) // 53.0% (46.2) // 55.2% (46.2) // 53.1% (43.0)",
        "oppShotsAgainst": "51.1% (31.8) // 53.8% (32.6) // 55.6% (32.0) // 51.3% (29.5)",
        "oppScoringAgainst": "49.8% (29.5) // 53.6% (31.0) // 55.5% (29.0) // 46.9% (23.0)",
        "totalOver": 47,
        "totalOverLast5": 80,
        "totalOverLast15": 53,
        "lastTotalOver": 41,
        "last5": "2,1,1,3,0,0,0,0,0,1",
        "fd": "+164",
        "dk": "+165/-215",
        "kambi": "0",
        "lowest": "165 DK",
        "implied": 37.735849056603776,
        "overOdds": "+165",
        "underOdds": "-215",
        "overUnder": "+165 / -215"
    },
    {
        "player": "Brad Marchand",
        "team": "BOS",
        "opponent": "DET",
        "propType": "ast",
        "line": 0.5,
        "ppLine": "PP1",
        "avg": 0.56,
        "hit": false,
        "diffAvg": 0.12,
        "diffAbs": 0.2,
        "lastAvg": 0.57,
        "diff": 0.14,
        "avgMin": 19,
        "proj": 0.6,
        "lastAvgMin": 18.52,
        "oppOver": 0,
        "teamOver": 0,
        "gameLine": "-135",
        "+/-": -1,
        "L5_+/-": -1.0,
        "prevMatchup": "2023-11-24 0.0 ast 2023-11-04 0.0 ast 2023-10-28 1.0 ast",
        "winLossSplits": "57% - 23%",
        "awayHome": "A",
        "playedYesterday": "Y",
        "awayHomeSplits": "39% - 50%",
        "savesAboveExp": "-",
        "gsaa": 5.16,
        "corsi": "48.4% (58.4) // 47.4% (55.7) // 44.4% (50.8) // 45.5% (50.0)",
        "fenwick": "48.5% (42.9) // 47.0% (41.0) // 44.8% (37.5) // 46.9% (38.0)",
        "shots": "48.9% (30.4) // 46.2% (28.0) // 44.4% (25.5) // 48.7% (28.0)",
        "scoring": "50.2% (29.7) // 46.4% (26.8) // 44.5% (23.2) // 53.1% (26.0)",
        "corsiAgainst": "51.6% (62.4) // 52.6% (61.9) // 55.6% (63.5) // 54.5% (60.0)",
        "fenwickAgainst": "51.5% (45.6) // 53.0% (46.2) // 55.2% (46.2) // 53.1% (43.0)",
        "shotsAgainst": "51.1% (31.8) // 53.8% (32.6) // 55.6% (32.0) // 51.3% (29.5)",
        "scoringAgainst": "49.8% (29.5) // 53.6% (31.0) // 55.5% (29.0) // 46.9% (23.0)",
        "oppCorsi": "47.1% (56.5) // 47.4% (58.6) // 46.9% (56.3) // 48.4% (58.9)",
        "oppFenwick": "47.0% (41.7) // 45.5% (42.1) // 44.9% (41.7) // 46.6% (43.2)",
        "oppShots": "48.1% (29.6) // 45.3% (29.0) // 43.2% (27.2) // 42.9% (25.0)",
        "oppScoring": "46.7% (27.3) // 46.9% (27.8) // 46.6% (26.7) // 45.2% (28.0)",
        "oppCorsiAgainst": "52.9% (63.5) // 52.6% (65.1) // 53.1% (63.8) // 51.6% (62.8)",
        "oppFenwickAgainst": "53.0% (47.0) // 54.5% (50.4) // 55.1% (51.2) // 53.4% (49.6)",
        "oppShotsAgainst": "51.9% (31.9) // 54.7% (35.0) // 56.8% (35.7) // 57.1% (33.4)",
        "oppScoringAgainst": "53.3% (31.2) // 53.1% (31.4) // 53.4% (30.6) // 54.8% (33.9)",
        "totalOver": 44,
        "totalOverLast5": 60,
        "totalOverLast15": 33,
        "lastTotalOver": 45,
        "last5": "2,2,1,0,0,0,1,0,1,0",
        "fd": "-130",
