[
    {
        "player": "Adam Fox",
        "team": "NYR",
        "opponent": "VAN",
        "propType": "atgs",
        "line": 0.5,
        "ppLine": "PP1",
        "avg": 0.0,
        "hit": false,
        "diffAvg": 0,
        "diffAbs": 1.0,
        "lastAvg": 0.0,
        "diff": 0,
        "avgMin": 22,
        "proj": 0.0,
        "lastAvgMin": 24.37,
        "oppOver": 0,
        "teamOver": 0,
        "gameLine": "-148",
        "+/-": "+1",
        "L5_+/-": -1.0,
        "prevMatchup": "2023-10-28 0.0 atgs",
        "winLossSplits": "0% - 0%",
        "awayHome": "H",
        "playedYesterday": "N",
        "awayHomeSplits": "0% - 0%",
        "savesAboveExp": -0.786,
        "gsaa": 10.67,
        "corsi": "49.8% (60.2) // 51.2% (61.8) // 49.5% (59.4) // 56.5% (66.2)",
        "fenwick": "50.6% (44.7) // 51.9% (45.8) // 51.5% (45.4) // 57.0% (49.9)",
        "shots": "51.3% (30.8) // 53.6% (32.7) // 52.7% (32.3) // 57.7% (35.4)",
        "scoring": "50.9% (29.3) // 51.9% (29.4) // 49.5% (28.3) // 54.9% (30.8)",
        "corsiAgainst": "50.2% (60.6) // 48.8% (59.0) // 50.5% (60.6) // 43.5% (50.9)",
        "fenwickAgainst": "49.4% (43.5) // 48.1% (42.4) // 48.5% (42.9) // 43.0% (37.6)",
        "shotsAgainst": "48.7% (29.3) // 46.4% (28.3) // 47.3% (28.9) // 42.3% (25.9)",
        "scoringAgainst": "49.1% (28.3) // 48.1% (27.3) // 50.5% (28.9) // 45.1% (25.3)",
        "oppCorsi": "50.0% (57.8) // 51.5% (57.7) // 53.8% (66.3) // 53.8% (66.3)",
        "oppFenwick": "49.5% (41.2) // 50.5% (41.2) // 53.6% (47.0) // 53.6% (47.0)",
        "oppShots": "48.5% (28.0) // 48.2% (27.8) // 49.7% (31.3) // 49.7% (31.3)",
        "oppScoring": "51.1% (29.0) // 53.6% (27.7) // 55.2% (31.7) // 55.2% (31.7)",
        "oppCorsiAgainst": "50.0% (57.8) // 48.5% (54.2) // 46.2% (57.0) // 46.2% (57.0)",
        "oppFenwickAgainst": "50.5% (42.0) // 49.5% (40.3) // 46.4% (40.7) // 46.4% (40.7)",
        "oppShotsAgainst": "51.5% (29.8) // 51.8% (29.9) // 50.3% (31.7) // 50.3% (31.7)",
        "oppScoringAgainst": "48.9% (27.8) // 46.4% (24.0) // 44.8% (25.7) // 44.8% (25.7)",
        "totalOver": 0,
        "totalOverLast5": 0,
        "totalOverLast15": 0,
        "lastTotalOver": 0,
        "last5": "0,0,0,0,0,0,0,0,0,0",
        "fd": "0",
        "dk": "+550",
        "kambi": "390",
        "lowest": "550 DK",
        "implied": 15.384615384615385,
        "overOdds": "+550",
        "underOdds": "0",
        "overUnder": "+550 / 0"
    },
    {
        "player": "Alexis Lafreniere",
        "team": "NYR",
        "opponent": "VAN",
        "propType": "atgs",
        "line": 0.5,
        "ppLine": "PP2",
        "avg": 0.0,
        "hit": false,
        "diffAvg": 0,
        "diffAbs": 1.0,
        "lastAvg": 0.0,
        "diff": 0,
        "avgMin": 17,
        "proj": 0.0,
        "lastAvgMin": 15.22,
        "oppOver": 0,
        "teamOver": 0,
        "gameLine": "-148",
        "+/-": -3,
        "L5_+/-": "+1.0",
        "prevMatchup": "2023-10-28 0.0 atgs",
        "winLossSplits": "0% - 0%",
        "awayHome": "H",
        "playedYesterday": "N",
        "awayHomeSplits": "0% - 0%",
        "savesAboveExp": -0.786,
        "gsaa": 10.67,
        "corsi": "49.8% (60.2) // 51.2% (61.8) // 49.5% (59.4) // 56.5% (66.2)",
        "fenwick": "50.6% (44.7) // 51.9% (45.8) // 51.5% (45.4) // 57.0% (49.9)",
        "shots": "51.3% (30.8) // 53.6% (32.7) // 52.7% (32.3) // 57.7% (35.4)",
        "scoring": "50.9% (29.3) // 51.9% (29.4) // 49.5% (28.3) // 54.9% (30.8)",
        "corsiAgainst": "50.2% (60.6) // 48.8% (59.0) // 50.5% (60.6) // 43.5% (50.9)",
        "fenwickAgainst": "49.4% (43.5) // 48.1% (42.4) // 48.5% (42.9) // 43.0% (37.6)",
        "shotsAgainst": "48.7% (29.3) // 46.4% (28.3) // 47.3% (28.9) // 42.3% (25.9)",
        "scoringAgainst": "49.1% (28.3) // 48.1% (27.3) // 50.5% (28.9) // 45.1% (25.3)",
        "oppCorsi": "50.0% (57.8) // 51.5% (57.7) // 53.8% (66.3) // 53.8% (66.3)",
        "oppFenwick": "49.5% (41.2) // 50.5% (41.2) // 53.6% (47.0) // 53.6% (47.0)",
        "oppShots": "48.5% (28.0) // 48.2% (27.8) // 49.7% (31.3) // 49.7% (31.3)",
        "oppScoring": "51.1% (29.0) // 53.6% (27.7) // 55.2% (31.7) // 55.2% (31.7)",
        "oppCorsiAgainst": "50.0% (57.8) // 48.5% (54.2) // 46.2% (57.0) // 46.2% (57.0)",
        "oppFenwickAgainst": "50.5% (42.0) // 49.5% (40.3) // 46.4% (40.7) // 46.4% (40.7)",
        "oppShotsAgainst": "51.5% (29.8) // 51.8% (29.9) // 50.3% (31.7) // 50.3% (31.7)",
        "oppScoringAgainst": "48.9% (27.8) // 46.4% (24.0) // 44.8% (25.7) // 44.8% (25.7)",
        "totalOver": 0,
        "totalOverLast5": 0,
        "totalOverLast15": 0,
        "lastTotalOver": 0,
        "last5": "0,0,0,0,0,0,0,0,0,0",
        "fd": "0",
        "dk": "+265",
        "kambi": "205",
        "lowest": "265 DK",
        "implied": 27.397260273972602,
        "overOdds": "+265",
        "underOdds": "0",
        "overUnder": "+265 / 0"
    },
    {
        "player": "Andrei Kuzmenko",
        "team": "VAN",
        "opponent": "NYR",
        "propType": "atgs",
        "line": 0.5,
        "ppLine": "PP1",
        "avg": 0.0,
        "hit": false,
        "diffAvg": 0,
        "diffAbs": 1.0,
        "lastAvg": 0.0,
        "diff": 0,
        "avgMin": 14,
        "proj": 0.0,
        "lastAvgMin": 16.23,
        "oppOver": 0,
        "teamOver": 0,
        "gameLine": "+124",
        "+/-": -1,
        "L5_+/-": -1.0,
        "prevMatchup": "2023-10-28 0.0 atgs",
        "winLossSplits": "0% - 0%",
        "awayHome": "A",
        "playedYesterday": "N",
        "awayHomeSplits": "0% - 0%",
        "savesAboveExp": 0.388,
        "gsaa": 3.34,
        "corsi": "50.0% (57.8) // 51.5% (57.7) // 53.8% (66.3) // 53.8% (66.3)",
        "fenwick": "49.5% (41.2) // 50.5% (41.2) // 53.6% (47.0) // 53.6% (47.0)",
        "shots": "48.5% (28.0) // 48.2% (27.8) // 49.7% (31.3) // 49.7% (31.3)",
        "scoring": "51.1% (29.0) // 53.6% (27.7) // 55.2% (31.7) // 55.2% (31.7)",
        "corsiAgainst": "50.0% (57.8) // 48.5% (54.2) // 46.2% (57.0) // 46.2% (57.0)",
        "fenwickAgainst": "50.5% (42.0) // 49.5% (40.3) // 46.4% (40.7) // 46.4% (40.7)",
        "shotsAgainst": "51.5% (29.8) // 51.8% (29.9) // 50.3% (31.7) // 50.3% (31.7)",
        "scoringAgainst": "48.9% (27.8) // 46.4% (24.0) // 44.8% (25.7) // 44.8% (25.7)",
        "oppCorsi": "49.8% (60.2) // 51.2% (61.8) // 49.5% (59.4) // 56.5% (66.2)",
        "oppFenwick": "50.6% (44.7) // 51.9% (45.8) // 51.5% (45.4) // 57.0% (49.9)",
        "oppShots": "51.3% (30.8) // 53.6% (32.7) // 52.7% (32.3) // 57.7% (35.4)",
        "oppScoring": "50.9% (29.3) // 51.9% (29.4) // 49.5% (28.3) // 54.9% (30.8)",
        "oppCorsiAgainst": "50.2% (60.6) // 48.8% (59.0) // 50.5% (60.6) // 43.5% (50.9)",
        "oppFenwickAgainst": "49.4% (43.5) // 48.1% (42.4) // 48.5% (42.9) // 43.0% (37.6)",
        "oppShotsAgainst": "48.7% (29.3) // 46.4% (28.3) // 47.3% (28.9) // 42.3% (25.9)",
        "oppScoringAgainst": "49.1% (28.3) // 48.1% (27.3) // 50.5% (28.9) // 45.1% (25.3)",
        "totalOver": 0,
        "totalOverLast5": 0,
        "totalOverLast15": 0,
        "lastTotalOver": 0,
        "last5": "0,0,0,0,0,0,0,0,0,0",
        "fd": "0",
        "dk": "+285",
        "kambi": "260",
        "lowest": "285 DK",
        "implied": 25.97402597402597,
        "overOdds": "+285",
        "underOdds": "0",
        "overUnder": "+285 / 0"
    },
    {
        "player": "Artemi Panarin",
        "team": "NYR",
        "opponent": "VAN",
        "propType": "atgs",
        "line": 0.5,
        "ppLine": "PP1",
        "avg": 0.0,
        "hit": false,
        "diffAvg": 0,
        "diffAbs": 1.0,
        "lastAvg": 0.0,
        "diff": 0,
        "avgMin": 19,
        "proj": 0.0,
        "lastAvgMin": 19.6,
        "oppOver": 0,
        "teamOver": 0,
        "gameLine": "-148",
        "+/-": "+2",
        "L5_+/-": "+5.0",
        "prevMatchup": "2023-10-28 0.0 atgs",
        "winLossSplits": "0% - 0%",
        "awayHome": "H",
        "playedYesterday": "N",
        "awayHomeSplits": "0% - 0%",
        "savesAboveExp": -0.786,
        "gsaa": 10.67,
        "corsi": "49.8% (60.2) // 51.2% (61.8) // 49.5% (59.4) // 56.5% (66.2)",
        "fenwick": "50.6% (44.7) // 51.9% (45.8) // 51.5% (45.4) // 57.0% (49.9)",
        "shots": "51.3% (30.8) // 53.6% (32.7) // 52.7% (32.3) // 57.7% (35.4)",
        "scoring": "50.9% (29.3) // 51.9% (29.4) // 49.5% (28.3) // 54.9% (30.8)",
        "corsiAgainst": "50.2% (60.6) // 48.8% (59.0) // 50.5% (60.6) // 43.5% (50.9)",
        "fenwickAgainst": "49.4% (43.5) // 48.1% (42.4) // 48.5% (42.9) // 43.0% (37.6)",
        "shotsAgainst": "48.7% (29.3) // 46.4% (28.3) // 47.3% (28.9) // 42.3% (25.9)",
        "scoringAgainst": "49.1% (28.3) // 48.1% (27.3) // 50.5% (28.9) // 45.1% (25.3)",
        "oppCorsi": "50.0% (57.8) // 51.5% (57.7) // 53.8% (66.3) // 53.8% (66.3)",
        "oppFenwick": "49.5% (41.2) // 50.5% (41.2) // 53.6% (47.0) // 53.6% (47.0)",
        "oppShots": "48.5% (28.0) // 48.2% (27.8) // 49.7% (31.3) // 49.7% (31.3)",
        "oppScoring": "51.1% (29.0) // 53.6% (27.7) // 55.2% (31.7) // 55.2% (31.7)",
        "oppCorsiAgainst": "50.0% (57.8) // 48.5% (54.2) // 46.2% (57.0) // 46.2% (57.0)",
        "oppFenwickAgainst": "50.5% (42.0) // 49.5% (40.3) // 46.4% (40.7) // 46.4% (40.7)",
        "oppShotsAgainst": "51.5% (29.8) // 51.8% (29.9) // 50.3% (31.7) // 50.3% (31.7)",
        "oppScoringAgainst": "48.9% (27.8) // 46.4% (24.0) // 44.8% (25.7) // 44.8% (25.7)",
        "totalOver": 0,
        "totalOverLast5": 0,
        "totalOverLast15": 0,
        "lastTotalOver": 0,
        "last5": "0,0,0,0,0,0,0,0,0,0",
        "fd": "0",
        "dk": "+125",
        "kambi": "130",
        "lowest": "130 BR",
        "implied": 43.47826086956522,
        "overOdds": "+125",
        "underOdds": "0",
        "overUnder": "+125 / 0"
    },
    {
        "player": "Brock Boeser",
        "team": "VAN",
        "opponent": "NYR",
        "propType": "atgs",
        "line": 0.5,
        "ppLine": "PP1",
        "avg": 0.0,
        "hit": false,
        "diffAvg": 0,
        "diffAbs": 1.0,
        "lastAvg": 0.0,
        "diff": 0,
        "avgMin": 18,
        "proj": 0.0,
        "lastAvgMin": 17.23,
        "oppOver": 0,
        "teamOver": 0,
        "gameLine": "+124",
        "+/-": "+15",
        "L5_+/-": "+4.0",
        "prevMatchup": "2023-10-28 0.0 atgs",
        "winLossSplits": "0% - 0%",
        "awayHome": "A",
        "playedYesterday": "N",
        "awayHomeSplits": "0% - 0%",
        "savesAboveExp": 0.388,
        "gsaa": 3.34,
        "corsi": "50.0% (57.8) // 51.5% (57.7) // 53.8% (66.3) // 53.8% (66.3)",
        "fenwick": "49.5% (41.2) // 50.5% (41.2) // 53.6% (47.0) // 53.6% (47.0)",
        "shots": "48.5% (28.0) // 48.2% (27.8) // 49.7% (31.3) // 49.7% (31.3)",
        "scoring": "51.1% (29.0) // 53.6% (27.7) // 55.2% (31.7) // 55.2% (31.7)",
        "corsiAgainst": "50.0% (57.8) // 48.5% (54.2) // 46.2% (57.0) // 46.2% (57.0)",
        "fenwickAgainst": "50.5% (42.0) // 49.5% (40.3) // 46.4% (40.7) // 46.4% (40.7)",
        "shotsAgainst": "51.5% (29.8) // 51.8% (29.9) // 50.3% (31.7) // 50.3% (31.7)",
        "scoringAgainst": "48.9% (27.8) // 46.4% (24.0) // 44.8% (25.7) // 44.8% (25.7)",
        "oppCorsi": "49.8% (60.2) // 51.2% (61.8) // 49.5% (59.4) // 56.5% (66.2)",
        "oppFenwick": "50.6% (44.7) // 51.9% (45.8) // 51.5% (45.4) // 57.0% (49.9)",
        "oppShots": "51.3% (30.8) // 53.6% (32.7) // 52.7% (32.3) // 57.7% (35.4)",
        "oppScoring": "50.9% (29.3) // 51.9% (29.4) // 49.5% (28.3) // 54.9% (30.8)",
        "oppCorsiAgainst": "50.2% (60.6) // 48.8% (59.0) // 50.5% (60.6) // 43.5% (50.9)",
        "oppFenwickAgainst": "49.4% (43.5) // 48.1% (42.4) // 48.5% (42.9) // 43.0% (37.6)",
        "oppShotsAgainst": "48.7% (29.3) // 46.4% (28.3) // 47.3% (28.9) // 42.3% (25.9)",
        "oppScoringAgainst": "49.1% (28.3) // 48.1% (27.3) // 50.5% (28.9) // 45.1% (25.3)",
        "totalOver": 0,
        "totalOverLast5": 0,
        "totalOverLast15": 0,
        "lastTotalOver": 0,
        "last5": "0,0,0,0,0,0,0,0,0,0",
        "fd": "0",
        "dk": "+160",
        "kambi": "140",
        "lowest": "160 DK",
        "implied": 38.46153846153847,
        "overOdds": "+160",
        "underOdds": "0",
        "overUnder": "+160 / 0"
    },
    {
        "player": "Chris Kreider",
        "team": "NYR",
        "opponent": "VAN",
        "propType": "atgs",
        "line": 0.5,
        "ppLine": "PP1",
        "avg": 0.0,
        "hit": false,
        "diffAvg": 0,
        "diffAbs": 1.0,
        "lastAvg": 0.0,
        "diff": 0,
        "avgMin": 18,
        "proj": 0.0,
        "lastAvgMin": 18.4,
        "oppOver": 0,
        "teamOver": 0,
        "gameLine": "-148",
        "+/-": "+8",
        "L5_+/-": "+4.0",
        "prevMatchup": "2023-10-28 0.0 atgs",
        "winLossSplits": "0% - 0%",
        "awayHome": "H",
        "playedYesterday": "N",
        "awayHomeSplits": "0% - 0%",
        "savesAboveExp": -0.786,
        "gsaa": 10.67,
        "corsi": "49.8% (60.2) // 51.2% (61.8) // 49.5% (59.4) // 56.5% (66.2)",
        "fenwick": "50.6% (44.7) // 51.9% (45.8) // 51.5% (45.4) // 57.0% (49.9)",
        "shots": "51.3% (30.8) // 53.6% (32.7) // 52.7% (32.3) // 57.7% (35.4)",
        "scoring": "50.9% (29.3) // 51.9% (29.4) // 49.5% (28.3) // 54.9% (30.8)",
        "corsiAgainst": "50.2% (60.6) // 48.8% (59.0) // 50.5% (60.6) // 43.5% (50.9)",
        "fenwickAgainst": "49.4% (43.5) // 48.1% (42.4) // 48.5% (42.9) // 43.0% (37.6)",
        "shotsAgainst": "48.7% (29.3) // 46.4% (28.3) // 47.3% (28.9) // 42.3% (25.9)",
        "scoringAgainst": "49.1% (28.3) // 48.1% (27.3) // 50.5% (28.9) // 45.1% (25.3)",
        "oppCorsi": "50.0% (57.8) // 51.5% (57.7) // 53.8% (66.3) // 53.8% (66.3)",
        "oppFenwick": "49.5% (41.2) // 50.5% (41.2) // 53.6% (47.0) // 53.6% (47.0)",
        "oppShots": "48.5% (28.0) // 48.2% (27.8) // 49.7% (31.3) // 49.7% (31.3)",
        "oppScoring": "51.1% (29.0) // 53.6% (27.7) // 55.2% (31.7) // 55.2% (31.7)",
        "oppCorsiAgainst": "50.0% (57.8) // 48.5% (54.2) // 46.2% (57.0) // 46.2% (57.0)",
        "oppFenwickAgainst": "50.5% (42.0) // 49.5% (40.3) // 46.4% (40.7) // 46.4% (40.7)",
        "oppShotsAgainst": "51.5% (29.8) // 51.8% (29.9) // 50.3% (31.7) // 50.3% (31.7)",
        "oppScoringAgainst": "48.9% (27.8) // 46.4% (24.0) // 44.8% (25.7) // 44.8% (25.7)",
        "totalOver": 0,
        "totalOverLast5": 0,
        "totalOverLast15": 0,
        "lastTotalOver": 0,
        "last5": "0,0,0,0,0,0,0,0,0,0",
        "fd": "0",
        "dk": "+155",
        "kambi": "130",
        "lowest": "155 DK",
        "implied": 39.21568627450981,
        "overOdds": "+155",
        "underOdds": "0",
        "overUnder": "+155 / 0"
    },
    {
        "player": "Elias Pettersson",
        "team": "VAN",
        "opponent": "NYR",
        "propType": "atgs",
        "line": 0.5,
        "ppLine": "PP1",
        "avg": 0.0,
        "hit": false,
        "diffAvg": 0,
        "diffAbs": 1.0,
        "lastAvg": 0.0,
        "diff": 0,
        "avgMin": 19,
        "proj": 0.0,
        "lastAvgMin": 20.55,
        "oppOver": 0,
        "teamOver": 0,
        "gameLine": "+124",
        "+/-": "+13",
        "L5_+/-": "+5.0",
        "prevMatchup": "2023-10-28 0.0 atgs",
        "winLossSplits": "0% - 0%",
        "awayHome": "A",
        "playedYesterday": "N",
        "awayHomeSplits": "0% - 0%",
        "savesAboveExp": 0.388,
        "gsaa": 3.34,
        "corsi": "50.0% (57.8) // 51.5% (57.7) // 53.8% (66.3) // 53.8% (66.3)",
        "fenwick": "49.5% (41.2) // 50.5% (41.2) // 53.6% (47.0) // 53.6% (47.0)",
        "shots": "48.5% (28.0) // 48.2% (27.8) // 49.7% (31.3) // 49.7% (31.3)",
        "scoring": "51.1% (29.0) // 53.6% (27.7) // 55.2% (31.7) // 55.2% (31.7)",
        "corsiAgainst": "50.0% (57.8) // 48.5% (54.2) // 46.2% (57.0) // 46.2% (57.0)",
        "fenwickAgainst": "50.5% (42.0) // 49.5% (40.3) // 46.4% (40.7) // 46.4% (40.7)",
        "shotsAgainst": "51.5% (29.8) // 51.8% (29.9) // 50.3% (31.7) // 50.3% (31.7)",
        "scoringAgainst": "48.9% (27.8) // 46.4% (24.0) // 44.8% (25.7) // 44.8% (25.7)",
        "oppCorsi": "49.8% (60.2) // 51.2% (61.8) // 49.5% (59.4) // 56.5% (66.2)",
        "oppFenwick": "50.6% (44.7) // 51.9% (45.8) // 51.5% (45.4) // 57.0% (49.9)",
        "oppShots": "51.3% (30.8) // 53.6% (32.7) // 52.7% (32.3) // 57.7% (35.4)",
        "oppScoring": "50.9% (29.3) // 51.9% (29.4) // 49.5% (28.3) // 54.9% (30.8)",
        "oppCorsiAgainst": "50.2% (60.6) // 48.8% (59.0) // 50.5% (60.6) // 43.5% (50.9)",
        "oppFenwickAgainst": "49.4% (43.5) // 48.1% (42.4) // 48.5% (42.9) // 43.0% (37.6)",
        "oppShotsAgainst": "48.7% (29.3) // 46.4% (28.3) // 47.3% (28.9) // 42.3% (25.9)",
        "oppScoringAgainst": "49.1% (28.3) // 48.1% (27.3) // 50.5% (28.9) // 45.1% (25.3)",
        "totalOver": 0,
        "totalOverLast5": 0,
        "totalOverLast15": 0,
        "lastTotalOver": 0,
        "last5": "0,0,0,0,0,0,0,0,0,0",
        "fd": "0",
        "dk": "+170",
        "kambi": "145",
        "lowest": "170 DK",
        "implied": 37.03703703703704,
        "overOdds": "+170",
        "underOdds": "0",
        "overUnder": "+170 / 0"
    },
    {
        "player": "Filip Hronek",
        "team": "VAN",
        "opponent": "NYR",
        "propType": "atgs",
        "line": 0.5,
        "ppLine": "PP2",
        "avg": 0.0,
        "hit": false,
        "diffAvg": 0,
        "diffAbs": 1.0,
        "lastAvg": 0.0,
        "diff": 0,
        "avgMin": 23,
        "proj": 0.0,
        "lastAvgMin": 21.68,
        "oppOver": 0,
        "teamOver": 0,
        "gameLine": "+124",
        "+/-": "+24",
        "L5_+/-": "+5.0",
        "prevMatchup": "2023-10-28 0.0 atgs",
        "winLossSplits": "0% - 0%",
        "awayHome": "A",
        "playedYesterday": "N",
        "awayHomeSplits": "0% - 0%",
        "savesAboveExp": 0.388,
        "gsaa": 3.34,
        "corsi": "50.0% (57.8) // 51.5% (57.7) // 53.8% (66.3) // 53.8% (66.3)",
        "fenwick": "49.5% (41.2) // 50.5% (41.2) // 53.6% (47.0) // 53.6% (47.0)",
        "shots": "48.5% (28.0) // 48.2% (27.8) // 49.7% (31.3) // 49.7% (31.3)",
        "scoring": "51.1% (29.0) // 53.6% (27.7) // 55.2% (31.7) // 55.2% (31.7)",
        "corsiAgainst": "50.0% (57.8) // 48.5% (54.2) // 46.2% (57.0) // 46.2% (57.0)",
        "fenwickAgainst": "50.5% (42.0) // 49.5% (40.3) // 46.4% (40.7) // 46.4% (40.7)",
        "shotsAgainst": "51.5% (29.8) // 51.8% (29.9) // 50.3% (31.7) // 50.3% (31.7)",
        "scoringAgainst": "48.9% (27.8) // 46.4% (24.0) // 44.8% (25.7) // 44.8% (25.7)",
        "oppCorsi": "49.8% (60.2) // 51.2% (61.8) // 49.5% (59.4) // 56.5% (66.2)",
        "oppFenwick": "50.6% (44.7) // 51.9% (45.8) // 51.5% (45.4) // 57.0% (49.9)",
        "oppShots": "51.3% (30.8) // 53.6% (32.7) // 52.7% (32.3) // 57.7% (35.4)",
        "oppScoring": "50.9% (29.3) // 51.9% (29.4) // 49.5% (28.3) // 54.9% (30.8)",
        "oppCorsiAgainst": "50.2% (60.6) // 48.8% (59.0) // 50.5% (60.6) // 43.5% (50.9)",
        "oppFenwickAgainst": "49.4% (43.5) // 48.1% (42.4) // 48.5% (42.9) // 43.0% (37.6)",
        "oppShotsAgainst": "48.7% (29.3) // 46.4% (28.3) // 47.3% (28.9) // 42.3% (25.9)",
        "oppScoringAgainst": "49.1% (28.3) // 48.1% (27.3) // 50.5% (28.9) // 45.1% (25.3)",
        "totalOver": 0,
        "totalOverLast5": 0,
        "totalOverLast15": 0,
        "lastTotalOver": 0,
        "last5": "0,0,0,0,0,0,0,0,0,0",
        "fd": "0",
        "dk": "+700",
        "kambi": "600",
        "lowest": "700 DK",
        "implied": 12.5,
        "overOdds": "+700",
        "underOdds": "0",
        "overUnder": "+700 / 0"
    },
    {
        "player": "Ilya Mikheyev",
        "team": "VAN",
        "opponent": "NYR",
        "propType": "atgs",
        "line": 0.5,
        "ppLine": "PP2",
        "avg": 0.0,
        "hit": false,
        "diffAvg": 0,
        "diffAbs": 1.0,
        "lastAvg": 0.0,
        "diff": 0,
        "avgMin": 14,
        "proj": 0.0,
        "lastAvgMin": 16.9,
        "oppOver": 0,
        "teamOver": 0,
        "gameLine": "+124",
        "+/-": "+6",
        "L5_+/-": 0.0,
        "prevMatchup": "2023-10-28 0.0 atgs",
        "winLossSplits": "0% - 0%",
        "awayHome": "A",
        "playedYesterday": "N",
        "awayHomeSplits": "0% - 0%",
        "savesAboveExp": 0.388,
        "gsaa": 3.34,
        "corsi": "50.0% (57.8) // 51.5% (57.7) // 53.8% (66.3) // 53.8% (66.3)",
        "fenwick": "49.5% (41.2) // 50.5% (41.2) // 53.6% (47.0) // 53.6% (47.0)",
        "shots": "48.5% (28.0) // 48.2% (27.8) // 49.7% (31.3) // 49.7% (31.3)",
        "scoring": "51.1% (29.0) // 53.6% (27.7) // 55.2% (31.7) // 55.2% (31.7)",
        "corsiAgainst": "50.0% (57.8) // 48.5% (54.2) // 46.2% (57.0) // 46.2% (57.0)",
        "fenwickAgainst": "50.5% (42.0) // 49.5% (40.3) // 46.4% (40.7) // 46.4% (40.7)",
        "shotsAgainst": "51.5% (29.8) // 51.8% (29.9) // 50.3% (31.7) // 50.3% (31.7)",
        "scoringAgainst": "48.9% (27.8) // 46.4% (24.0) // 44.8% (25.7) // 44.8% (25.7)",
        "oppCorsi": "49.8% (60.2) // 51.2% (61.8) // 49.5% (59.4) // 56.5% (66.2)",
        "oppFenwick": "50.6% (44.7) // 51.9% (45.8) // 51.5% (45.4) // 57.0% (49.9)",
        "oppShots": "51.3% (30.8) // 53.6% (32.7) // 52.7% (32.3) // 57.7% (35.4)",
        "oppScoring": "50.9% (29.3) // 51.9% (29.4) // 49.5% (28.3) // 54.9% (30.8)",
        "oppCorsiAgainst": "50.2% (60.6) // 48.8% (59.0) // 50.5% (60.6) // 43.5% (50.9)",
        "oppFenwickAgainst": "49.4% (43.5) // 48.1% (42.4) // 48.5% (42.9) // 43.0% (37.6)",
        "oppShotsAgainst": "48.7% (29.3) // 46.4% (28.3) // 47.3% (28.9) // 42.3% (25.9)",
        "oppScoringAgainst": "49.1% (28.3) // 48.1% (27.3) // 50.5% (28.9) // 45.1% (25.3)",
        "totalOver": 0,
        "totalOverLast5": 0,
        "totalOverLast15": 0,
        "lastTotalOver": 0,
        "last5": "0,0,0,0,0,0,0,0,0,0",
        "fd": "0",
        "dk": "+300",
        "kambi": "275",
        "lowest": "300 DK",
        "implied": 25.0,
        "overOdds": "+300",
        "underOdds": "0",
        "overUnder": "+300 / 0"
    },
    {
        "player": "Jt Miller",
        "team": "VAN",
        "opponent": "NYR",
        "propType": "atgs",
        "line": 0.5,
        "ppLine": "PP1",
        "avg": 0.0,
        "hit": false,
        "diffAvg": 0,
        "diffAbs": 1.0,
        "lastAvg": 0.0,
        "diff": 0,
        "avgMin": 19,
        "proj": 0.0,
        "lastAvgMin": 20.67,
        "oppOver": 0,
        "teamOver": 0,
        "gameLine": "+124",
        "+/-": "+18",
        "L5_+/-": "+5.0",
        "prevMatchup": "2023-10-28 0.0 atgs",
        "winLossSplits": "0% - 0%",
        "awayHome": "A",
        "playedYesterday": "N",
        "awayHomeSplits": "0% - 0%",
        "savesAboveExp": 0.388,
        "gsaa": 3.34,
        "corsi": "50.0% (57.8) // 51.5% (57.7) // 53.8% (66.3) // 53.8% (66.3)",
        "fenwick": "49.5% (41.2) // 50.5% (41.2) // 53.6% (47.0) // 53.6% (47.0)",
        "shots": "48.5% (28.0) // 48.2% (27.8) // 49.7% (31.3) // 49.7% (31.3)",
        "scoring": "51.1% (29.0) // 53.6% (27.7) // 55.2% (31.7) // 55.2% (31.7)",
        "corsiAgainst": "50.0% (57.8) // 48.5% (54.2) // 46.2% (57.0) // 46.2% (57.0)",
        "fenwickAgainst": "50.5% (42.0) // 49.5% (40.3) // 46.4% (40.7) // 46.4% (40.7)",
        "shotsAgainst": "51.5% (29.8) // 51.8% (29.9) // 50.3% (31.7) // 50.3% (31.7)",
        "scoringAgainst": "48.9% (27.8) // 46.4% (24.0) // 44.8% (25.7) // 44.8% (25.7)",
        "oppCorsi": "49.8% (60.2) // 51.2% (61.8) // 49.5% (59.4) // 56.5% (66.2)",
        "oppFenwick": "50.6% (44.7) // 51.9% (45.8) // 51.5% (45.4) // 57.0% (49.9)",
        "oppShots": "51.3% (30.8) // 53.6% (32.7) // 52.7% (32.3) // 57.7% (35.4)",
        "oppScoring": "50.9% (29.3) // 51.9% (29.4) // 49.5% (28.3) // 54.9% (30.8)",
        "oppCorsiAgainst": "50.2% (60.6) // 48.8% (59.0) // 50.5% (60.6) // 43.5% (50.9)",
        "oppFenwickAgainst": "49.4% (43.5) // 48.1% (42.4) // 48.5% (42.9) // 43.0% (37.6)",
        "oppShotsAgainst": "48.7% (29.3) // 46.4% (28.3) // 47.3% (28.9) // 42.3% (25.9)",
        "oppScoringAgainst": "49.1% (28.3) // 48.1% (27.3) // 50.5% (28.9) // 45.1% (25.3)",
        "totalOver": 0,
        "totalOverLast5": 0,
        "totalOverLast15": 0,
        "lastTotalOver": 0,
        "last5": "0,0,0,0,0,0,0,0,0,0",
        "fd": "0",
        "dk": "+190",
        "kambi": "160",
        "lowest": "190 DK",
        "implied": 34.48275862068966,
        "overOdds": "+190",
        "underOdds": "0",
        "overUnder": "+190 / 0"
    },
    {
        "player": "Mika Zibanejad",
        "team": "NYR",
        "opponent": "VAN",
        "propType": "atgs",
        "line": 0.5,
        "ppLine": "PP1",
        "avg": 0.0,
        "hit": false,
        "diffAvg": 0,
        "diffAbs": 1.0,
        "lastAvg": 0.0,
        "diff": 0,
        "avgMin": 19,
        "proj": 0.0,
        "lastAvgMin": 19.95,
        "oppOver": 0,
        "teamOver": 0,
        "gameLine": "-148",
        "+/-": "+5",
        "L5_+/-": "+1.0",
        "prevMatchup": "2023-10-28 0.0 atgs",
        "winLossSplits": "0% - 0%",
        "awayHome": "H",
        "playedYesterday": "N",
        "awayHomeSplits": "0% - 0%",
        "savesAboveExp": -0.786,
        "gsaa": 10.67,
        "corsi": "49.8% (60.2) // 51.2% (61.8) // 49.5% (59.4) // 56.5% (66.2)",
        "fenwick": "50.6% (44.7) // 51.9% (45.8) // 51.5% (45.4) // 57.0% (49.9)",
        "shots": "51.3% (30.8) // 53.6% (32.7) // 52.7% (32.3) // 57.7% (35.4)",
        "scoring": "50.9% (29.3) // 51.9% (29.4) // 49.5% (28.3) // 54.9% (30.8)",
        "corsiAgainst": "50.2% (60.6) // 48.8% (59.0) // 50.5% (60.6) // 43.5% (50.9)",
        "fenwickAgainst": "49.4% (43.5) // 48.1% (42.4) // 48.5% (42.9) // 43.0% (37.6)",
        "shotsAgainst": "48.7% (29.3) // 46.4% (28.3) // 47.3% (28.9) // 42.3% (25.9)",
        "scoringAgainst": "49.1% (28.3) // 48.1% (27.3) // 50.5% (28.9) // 45.1% (25.3)",
        "oppCorsi": "50.0% (57.8) // 51.5% (57.7) // 53.8% (66.3) // 53.8% (66.3)",
        "oppFenwick": "49.5% (41.2) // 50.5% (41.2) // 53.6% (47.0) // 53.6% (47.0)",
        "oppShots": "48.5% (28.0) // 48.2% (27.8) // 49.7% (31.3) // 49.7% (31.3)",
        "oppScoring": "51.1% (29.0) // 53.6% (27.7) // 55.2% (31.7) // 55.2% (31.7)",
        "oppCorsiAgainst": "50.0% (57.8) // 48.5% (54.2) // 46.2% (57.0) // 46.2% (57.0)",
        "oppFenwickAgainst": "50.5% (42.0) // 49.5% (40.3) // 46.4% (40.7) // 46.4% (40.7)",
        "oppShotsAgainst": "51.5% (29.8) // 51.8% (29.9) // 50.3% (31.7) // 50.3% (31.7)",
        "oppScoringAgainst": "48.9% (27.8) // 46.4% (24.0) // 44.8% (25.7) // 44.8% (25.7)",
        "totalOver": 0,
        "totalOverLast5": 0,
        "totalOverLast15": 0,
        "lastTotalOver": 0,
        "last5": "0,0,0,0,0,0,0,0,0,0",
        "fd": "0",
        "dk": "+190",
        "kambi": "110",
        "lowest": "190 DK",
        "implied": 34.48275862068966,
        "overOdds": "+190",
        "underOdds": "0",
        "overUnder": "+190 / 0"
    },
    {
        "player": "Quinn Hughes",
        "team": "VAN",
        "opponent": "NYR",
        "propType": "atgs",
        "line": 0.5,
        "ppLine": "PP1",
        "avg": 0.0,
        "hit": false,
        "diffAvg": 0,
        "diffAbs": 1.0,
        "lastAvg": 0.0,
        "diff": 0,
        "avgMin": 24,
        "proj": 0.0,
        "lastAvgMin": 25.65,
        "oppOver": 0,
        "teamOver": 0,
        "gameLine": "+124",
        "+/-": "+26",
        "L5_+/-": "+3.0",
        "prevMatchup": "2023-10-28 0.0 atgs",
        "winLossSplits": "0% - 0%",
        "awayHome": "A",
        "playedYesterday": "N",
        "awayHomeSplits": "0% - 0%",
        "savesAboveExp": 0.388,
        "gsaa": 3.34,
        "corsi": "50.0% (57.8) // 51.5% (57.7) // 53.8% (66.3) // 53.8% (66.3)",
        "fenwick": "49.5% (41.2) // 50.5% (41.2) // 53.6% (47.0) // 53.6% (47.0)",
        "shots": "48.5% (28.0) // 48.2% (27.8) // 49.7% (31.3) // 49.7% (31.3)",
        "scoring": "51.1% (29.0) // 53.6% (27.7) // 55.2% (31.7) // 55.2% (31.7)",
        "corsiAgainst": "50.0% (57.8) // 48.5% (54.2) // 46.2% (57.0) // 46.2% (57.0)",
        "fenwickAgainst": "50.5% (42.0) // 49.5% (40.3) // 46.4% (40.7) // 46.4% (40.7)",
        "shotsAgainst": "51.5% (29.8) // 51.8% (29.9) // 50.3% (31.7) // 50.3% (31.7)",
        "scoringAgainst": "48.9% (27.8) // 46.4% (24.0) // 44.8% (25.7) // 44.8% (25.7)",
        "oppCorsi": "49.8% (60.2) // 51.2% (61.8) // 49.5% (59.4) // 56.5% (66.2)",
        "oppFenwick": "50.6% (44.7) // 51.9% (45.8) // 51.5% (45.4) // 57.0% (49.9)",
        "oppShots": "51.3% (30.8) // 53.6% (32.7) // 52.7% (32.3) // 57.7% (35.4)",
        "oppScoring": "50.9% (29.3) // 51.9% (29.4) // 49.5% (28.3) // 54.9% (30.8)",
        "oppCorsiAgainst": "50.2% (60.6) // 48.8% (59.0) // 50.5% (60.6) // 43.5% (50.9)",
        "oppFenwickAgainst": "49.4% (43.5) // 48.1% (42.4) // 48.5% (42.9) // 43.0% (37.6)",
        "oppShotsAgainst": "48.7% (29.3) // 46.4% (28.3) // 47.3% (28.9) // 42.3% (25.9)",
        "oppScoringAgainst": "49.1% (28.3) // 48.1% (27.3) // 50.5% (28.9) // 45.1% (25.3)",
        "totalOver": 0,
        "totalOverLast5": 0,
        "totalOverLast15": 0,
        "lastTotalOver": 0,
        "last5": "0,0,0,0,0,0,0,0,0,0",
        "fd": "0",
        "dk": "+425",
        "kambi": "380",
        "lowest": "425 DK",
        "implied": 19.047619047619047,
        "overOdds": "+425",
        "underOdds": "0",
        "overUnder": "+425 / 0"
    },
    {
        "player": "Vincent Trocheck",
        "team": "NYR",
        "opponent": "VAN",
        "propType": "atgs",
        "line": 0.5,
        "ppLine": "PP1",
        "avg": 0.0,
        "hit": false,
        "diffAvg": 0,
        "diffAbs": 1.0,
        "lastAvg": 0.0,
        "diff": 0,
        "avgMin": 20,
        "proj": 0.0,
        "lastAvgMin": 19.3,
        "oppOver": 0,
        "teamOver": 0,
        "gameLine": "-148",
        "+/-": "+5",
        "L5_+/-": "+8.0",
        "prevMatchup": "2023-10-28 0.0 atgs",
        "winLossSplits": "0% - 0%",
        "awayHome": "H",
        "playedYesterday": "N",
        "awayHomeSplits": "0% - 0%",
        "savesAboveExp": -0.786,
        "gsaa": 10.67,
        "corsi": "49.8% (60.2) // 51.2% (61.8) // 49.5% (59.4) // 56.5% (66.2)",
        "fenwick": "50.6% (44.7) // 51.9% (45.8) // 51.5% (45.4) // 57.0% (49.9)",
        "shots": "51.3% (30.8) // 53.6% (32.7) // 52.7% (32.3) // 57.7% (35.4)",
        "scoring": "50.9% (29.3) // 51.9% (29.4) // 49.5% (28.3) // 54.9% (30.8)",
        "corsiAgainst": "50.2% (60.6) // 48.8% (59.0) // 50.5% (60.6) // 43.5% (50.9)",
        "fenwickAgainst": "49.4% (43.5) // 48.1% (42.4) // 48.5% (42.9) // 43.0% (37.6)",
        "shotsAgainst": "48.7% (29.3) // 46.4% (28.3) // 47.3% (28.9) // 42.3% (25.9)",
        "scoringAgainst": "49.1% (28.3) // 48.1% (27.3) // 50.5% (28.9) // 45.1% (25.3)",
        "oppCorsi": "50.0% (57.8) // 51.5% (57.7) // 53.8% (66.3) // 53.8% (66.3)",
        "oppFenwick": "49.5% (41.2) // 50.5% (41.2) // 53.6% (47.0) // 53.6% (47.0)",
        "oppShots": "48.5% (28.0) // 48.2% (27.8) // 49.7% (31.3) // 49.7% (31.3)",
        "oppScoring": "51.1% (29.0) // 53.6% (27.7) // 55.2% (31.7) // 55.2% (31.7)",
        "oppCorsiAgainst": "50.0% (57.8) // 48.5% (54.2) // 46.2% (57.0) // 46.2% (57.0)",
        "oppFenwickAgainst": "50.5% (42.0) // 49.5% (40.3) // 46.4% (40.7) // 46.4% (40.7)",
        "oppShotsAgainst": "51.5% (29.8) // 51.8% (29.9) // 50.3% (31.7) // 50.3% (31.7)",
        "oppScoringAgainst": "48.9% (27.8) // 46.4% (24.0) // 44.8% (25.7) // 44.8% (25.7)",
        "totalOver": 0,
        "totalOverLast5": 0,
        "totalOverLast15": 0,
        "lastTotalOver": 0,
        "last5": "0,0,0,0,0,0,0,0,0,0",
        "fd": "0",
        "dk": "+200",
        "kambi": "195",
        "lowest": "200 DK",
        "implied": 33.33333333333333,
        "overOdds": "+200",
        "underOdds": "0",
        "overUnder": "+200 / 0"
    },
    {
        "player": "Conor Garland",
        "team": "VAN",
        "opponent": "NYR",
        "propType": "atgs",
        "line": 0.5,
        "ppLine": "PP2",
        "avg": 0.0,
        "hit": false,
        "diffAvg": 0,
        "diffAbs": 1.0,
        "lastAvg": 0.0,
        "diff": 0,
        "avgMin": 13,
        "proj": 0.0,
        "lastAvgMin": 15.1,
        "oppOver": 0,
        "teamOver": 0,
        "gameLine": "+124",
        "+/-": "+11",
        "L5_+/-": "+8.0",
        "prevMatchup": "2023-10-28 0.0 atgs",
        "winLossSplits": "0% - 0%",
        "awayHome": "A",
        "playedYesterday": "N",
        "awayHomeSplits": "0% - 0%",
        "savesAboveExp": 0.388,
        "gsaa": 3.34,
        "corsi": "50.0% (57.8) // 51.5% (57.7) // 53.8% (66.3) // 53.8% (66.3)",
        "fenwick": "49.5% (41.2) // 50.5% (41.2) // 53.6% (47.0) // 53.6% (47.0)",
        "shots": "48.5% (28.0) // 48.2% (27.8) // 49.7% (31.3) // 49.7% (31.3)",
        "scoring": "51.1% (29.0) // 53.6% (27.7) // 55.2% (31.7) // 55.2% (31.7)",
        "corsiAgainst": "50.0% (57.8) // 48.5% (54.2) // 46.2% (57.0) // 46.2% (57.0)",
        "fenwickAgainst": "50.5% (42.0) // 49.5% (40.3) // 46.4% (40.7) // 46.4% (40.7)",
        "shotsAgainst": "51.5% (29.8) // 51.8% (29.9) // 50.3% (31.7) // 50.3% (31.7)",
        "scoringAgainst": "48.9% (27.8) // 46.4% (24.0) // 44.8% (25.7) // 44.8% (25.7)",
        "oppCorsi": "49.8% (60.2) // 51.2% (61.8) // 49.5% (59.4) // 56.5% (66.2)",
        "oppFenwick": "50.6% (44.7) // 51.9% (45.8) // 51.5% (45.4) // 57.0% (49.9)",
        "oppShots": "51.3% (30.8) // 53.6% (32.7) // 52.7% (32.3) // 57.7% (35.4)",
        "oppScoring": "50.9% (29.3) // 51.9% (29.4) // 49.5% (28.3) // 54.9% (30.8)",
        "oppCorsiAgainst": "50.2% (60.6) // 48.8% (59.0) // 50.5% (60.6) // 43.5% (50.9)",
        "oppFenwickAgainst": "49.4% (43.5) // 48.1% (42.4) // 48.5% (42.9) // 43.0% (37.6)",
        "oppShotsAgainst": "48.7% (29.3) // 46.4% (28.3) // 47.3% (28.9) // 42.3% (25.9)",
        "oppScoringAgainst": "49.1% (28.3) // 48.1% (27.3) // 50.5% (28.9) // 45.1% (25.3)",
        "totalOver": 0,
        "totalOverLast5": 0,
        "totalOverLast15": 0,
        "lastTotalOver": 0,
        "last5": "0,0,0,0,0,0,0,0,0,0",
        "fd": "0",
        "dk": "+320",
        "kambi": "380",
        "lowest": "380 BR",
        "implied": 20.833333333333336,
        "overOdds": "+320",
        "underOdds": "0",
        "overUnder": "+320 / 0"
    },
    {
        "player": "Jacob Trouba",
        "team": "NYR",
        "opponent": "VAN",
        "propType": "atgs",
        "line": 0.5,
        "ppLine": "",
        "avg": 0.0,
        "hit": false,
        "diffAvg": 0,
        "diffAbs": 1.0,
        "lastAvg": 0.0,
        "diff": 0,
        "avgMin": 22,
        "proj": 0.0,
        "lastAvgMin": 21.18,
        "oppOver": 0,
        "teamOver": 0,
        "gameLine": "-148",
        "+/-": "+9",
        "L5_+/-": "+3.0",
        "prevMatchup": "2023-10-28 0.0 atgs",
        "winLossSplits": "0% - 0%",
        "awayHome": "H",
        "playedYesterday": "N",
        "awayHomeSplits": "0% - 0%",
        "savesAboveExp": -0.786,
        "gsaa": 10.67,
        "corsi": "49.8% (60.2) // 51.2% (61.8) // 49.5% (59.4) // 56.5% (66.2)",
        "fenwick": "50.6% (44.7) // 51.9% (45.8) // 51.5% (45.4) // 57.0% (49.9)",
        "shots": "51.3% (30.8) // 53.6% (32.7) // 52.7% (32.3) // 57.7% (35.4)",
        "scoring": "50.9% (29.3) // 51.9% (29.4) // 49.5% (28.3) // 54.9% (30.8)",
        "corsiAgainst": "50.2% (60.6) // 48.8% (59.0) // 50.5% (60.6) // 43.5% (50.9)",
        "fenwickAgainst": "49.4% (43.5) // 48.1% (42.4) // 48.5% (42.9) // 43.0% (37.6)",
        "shotsAgainst": "48.7% (29.3) // 46.4% (28.3) // 47.3% (28.9) // 42.3% (25.9)",
        "scoringAgainst": "49.1% (28.3) // 48.1% (27.3) // 50.5% (28.9) // 45.1% (25.3)",
        "oppCorsi": "50.0% (57.8) // 51.5% (57.7) // 53.8% (66.3) // 53.8% (66.3)",
        "oppFenwick": "49.5% (41.2) // 50.5% (41.2) // 53.6% (47.0) // 53.6% (47.0)",
        "oppShots": "48.5% (28.0) // 48.2% (27.8) // 49.7% (31.3) // 49.7% (31.3)",
        "oppScoring": "51.1% (29.0) // 53.6% (27.7) // 55.2% (31.7) // 55.2% (31.7)",
        "oppCorsiAgainst": "50.0% (57.8) // 48.5% (54.2) // 46.2% (57.0) // 46.2% (57.0)",
        "oppFenwickAgainst": "50.5% (42.0) // 49.5% (40.3) // 46.4% (40.7) // 46.4% (40.7)",
        "oppShotsAgainst": "51.5% (29.8) // 51.8% (29.9) // 50.3% (31.7) // 50.3% (31.7)",
        "oppScoringAgainst": "48.9% (27.8) // 46.4% (24.0) // 44.8% (25.7) // 44.8% (25.7)",
        "totalOver": 0,
        "totalOverLast5": 0,
        "totalOverLast15": 0,
        "lastTotalOver": 0,
        "last5": "0,0,0,0,0,0,0,0,0,0",
        "fd": "0",
        "dk": "+950",
        "kambi": "700",
        "lowest": "950 DK",
        "implied": 9.523809523809524,
        "overOdds": "+950",
        "underOdds": "0",
        "overUnder": "+950 / 0"
    },
    {
        "player": "Pius Suter",
        "team": "VAN",
        "opponent": "NYR",
        "propType": "atgs",
        "line": 0.5,
        "ppLine": "PP2",
        "avg": 0.0,
        "hit": false,
        "diffAvg": 0,
        "diffAbs": 1.0,
        "lastAvg": 0.0,
        "diff": 0,
        "avgMin": 15,
        "proj": 0.0,
        "lastAvgMin": 14.05,
        "oppOver": 0,
        "teamOver": 0,
        "gameLine": "+124",
        "+/-": "+12",
        "L5_+/-": "+9.0",
        "prevMatchup": "2023-10-28 0.0 atgs",
        "winLossSplits": "0% - 0%",
        "awayHome": "A",
        "playedYesterday": "N",
        "awayHomeSplits": "0% - 0%",
        "savesAboveExp": 0.388,
        "gsaa": 3.34,
        "corsi": "50.0% (57.8) // 51.5% (57.7) // 53.8% (66.3) // 53.8% (66.3)",
        "fenwick": "49.5% (41.2) // 50.5% (41.2) // 53.6% (47.0) // 53.6% (47.0)",
        "shots": "48.5% (28.0) // 48.2% (27.8) // 49.7% (31.3) // 49.7% (31.3)",
        "scoring": "51.1% (29.0) // 53.6% (27.7) // 55.2% (31.7) // 55.2% (31.7)",
        "corsiAgainst": "50.0% (57.8) // 48.5% (54.2) // 46.2% (57.0) // 46.2% (57.0)",
        "fenwickAgainst": "50.5% (42.0) // 49.5% (40.3) // 46.4% (40.7) // 46.4% (40.7)",
        "shotsAgainst": "51.5% (29.8) // 51.8% (29.9) // 50.3% (31.7) // 50.3% (31.7)",
        "scoringAgainst": "48.9% (27.8) // 46.4% (24.0) // 44.8% (25.7) // 44.8% (25.7)",
        "oppCorsi": "49.8% (60.2) // 51.2% (61.8) // 49.5% (59.4) // 56.5% (66.2)",
        "oppFenwick": "50.6% (44.7) // 51.9% (45.8) // 51.5% (45.4) // 57.0% (49.9)",
        "oppShots": "51.3% (30.8) // 53.6% (32.7) // 52.7% (32.3) // 57.7% (35.4)",
        "oppScoring": "50.9% (29.3) // 51.9% (29.4) // 49.5% (28.3) // 54.9% (30.8)",
        "oppCorsiAgainst": "50.2% (60.6) // 48.8% (59.0) // 50.5% (60.6) // 43.5% (50.9)",
        "oppFenwickAgainst": "49.4% (43.5) // 48.1% (42.4) // 48.5% (42.9) // 43.0% (37.6)",
        "oppShotsAgainst": "48.7% (29.3) // 46.4% (28.3) // 47.3% (28.9) // 42.3% (25.9)",
        "oppScoringAgainst": "49.1% (28.3) // 48.1% (27.3) // 50.5% (28.9) // 45.1% (25.3)",
        "totalOver": 0,
        "totalOverLast5": 0,
        "totalOverLast15": 0,
        "lastTotalOver": 0,
        "last5": "0,0,0,0,0,0,0,0,0,0",
        "fd": "0",
        "dk": "+330",
        "kambi": "330",
        "lowest": "330 DK",
        "implied": 23.25581395348837,
        "overOdds": "+330",
        "underOdds": "0",
        "overUnder": "+330 / 0"
    },
    {
        "player": "Nils Hoglander",
        "team": "VAN",
        "opponent": "NYR",
        "propType": "atgs",
        "line": 0.5,
        "ppLine": "",
        "avg": 0.0,
        "hit": false,
        "diffAvg": 0,
        "diffAbs": 1.0,
