[
    {
        "player": "Adam Lowry",
        "team": "WPG",
        "opponent": "MIN",
        "propType": "atgs",
        "line": 0.5,
        "ppLine": "",
        "avg": 0.0,
        "hit": false,
        "diffAvg": 0,
        "diffAbs": 1.0,
        "lastAvg": 0.0,
        "diff": 0,
        "avgMin": 15,
        "proj": 0.0,
        "lastAvgMin": 15.63,
        "oppOver": 0,
        "teamOver": 0,
        "gameLine": "-118",
        "+/-": "+9",
        "L5_+/-": "+1.0",
        "prevMatchup": "2023-12-30 0.0 atgs",
        "winLossSplits": "0% - 0%",
        "awayHome": "A",
        "playedYesterday": "Y",
        "awayHomeSplits": "0% - 0%",
        "savesAboveExp": 0.141,
        "gsaa": -4.0,
        "corsi": "50.9% (59.6) // 52.4% (65.3) // 56.1% (71.1) // 57.4% (72.6)",
        "fenwick": "51.2% (43.6) // 52.8% (48.3) // 55.6% (51.0) // 57.1% (53.0)",
        "shots": "52.0% (31.0) // 52.2% (32.4) // 54.5% (33.9) // 53.4% (34.4)",
        "scoring": "50.6% (28.0) // 52.6% (30.7) // 56.0% (33.6) // 55.8% (32.9)",
        "corsiAgainst": "49.1% (57.4) // 47.6% (59.3) // 43.9% (55.6) // 42.6% (54.0)",
        "fenwickAgainst": "48.8% (41.6) // 47.2% (43.2) // 44.4% (40.8) // 42.9% (39.8)",
        "shotsAgainst": "48.0% (28.6) // 47.8% (29.6) // 45.5% (28.3) // 46.6% (29.9)",
        "scoringAgainst": "49.4% (27.3) // 47.4% (27.6) // 44.0% (26.3) // 44.2% (26.0)",
        "oppCorsi": "50.8% (60.9) // 49.5% (58.8) // 51.4% (57.8) // 48.0% (58.5)",
        "oppFenwick": "50.8% (43.6) // 48.8% (42.4) // 52.6% (44.3) // 50.0% (46.0)",
        "oppShots": "50.1% (29.8) // 48.1% (28.5) // 54.5% (31.1) // 52.8% (33.5)",
        "oppScoring": "51.7% (30.1) // 51.0% (29.8) // 56.0% (29.9) // 47.5% (29.0)",
        "oppCorsiAgainst": "49.2% (59.1) // 50.5% (59.9) // 48.6% (54.6) // 52.0% (63.5)",
        "oppFenwickAgainst": "49.2% (42.3) // 51.2% (44.5) // 47.4% (39.9) // 50.0% (46.0)",
        "oppShotsAgainst": "49.9% (29.7) // 51.9% (30.7) // 45.5% (26.0) // 47.2% (30.0)",
        "oppScoringAgainst": "48.3% (28.2) // 49.0% (28.6) // 44.0% (23.5) // 52.5% (32.0)",
        "totalOver": 0,
        "totalOverLast5": 0,
        "totalOverLast15": 0,
        "lastTotalOver": 0,
        "last5": "0,0,0,0,0,0,0,0,0,0",
        "fd": "0",
        "dk": "+450",
        "kambi": "475",
        "lowest": "475 BR",
        "implied": 17.391304347826086,
        "overOdds": "+450",
        "underOdds": "0",
        "overUnder": "+450 / 0"
    },
    {
        "player": "Alex Iafallo",
        "team": "WPG",
        "opponent": "MIN",
        "propType": "atgs",
        "line": 0.5,
        "ppLine": "PP1",
        "avg": 0.0,
        "hit": false,
        "diffAvg": 0,
        "diffAbs": 1.0,
        "lastAvg": 0.0,
        "diff": 0,
        "avgMin": 16,
        "proj": 0.0,
        "lastAvgMin": 16.3,
        "oppOver": 0,
        "teamOver": 0,
        "gameLine": "-118",
        "+/-": -2,
        "L5_+/-": "+1.0",
        "prevMatchup": "2023-12-30 0.0 atgs",
        "winLossSplits": "0% - 0%",
        "awayHome": "A",
        "playedYesterday": "Y",
        "awayHomeSplits": "0% - 0%",
        "savesAboveExp": 0.141,
        "gsaa": -4.0,
        "corsi": "50.9% (59.6) // 52.4% (65.3) // 56.1% (71.1) // 57.4% (72.6)",
        "fenwick": "51.2% (43.6) // 52.8% (48.3) // 55.6% (51.0) // 57.1% (53.0)",
        "shots": "52.0% (31.0) // 52.2% (32.4) // 54.5% (33.9) // 53.4% (34.4)",
        "scoring": "50.6% (28.0) // 52.6% (30.7) // 56.0% (33.6) // 55.8% (32.9)",
        "corsiAgainst": "49.1% (57.4) // 47.6% (59.3) // 43.9% (55.6) // 42.6% (54.0)",
        "fenwickAgainst": "48.8% (41.6) // 47.2% (43.2) // 44.4% (40.8) // 42.9% (39.8)",
        "shotsAgainst": "48.0% (28.6) // 47.8% (29.6) // 45.5% (28.3) // 46.6% (29.9)",
        "scoringAgainst": "49.4% (27.3) // 47.4% (27.6) // 44.0% (26.3) // 44.2% (26.0)",
        "oppCorsi": "50.8% (60.9) // 49.5% (58.8) // 51.4% (57.8) // 48.0% (58.5)",
        "oppFenwick": "50.8% (43.6) // 48.8% (42.4) // 52.6% (44.3) // 50.0% (46.0)",
        "oppShots": "50.1% (29.8) // 48.1% (28.5) // 54.5% (31.1) // 52.8% (33.5)",
        "oppScoring": "51.7% (30.1) // 51.0% (29.8) // 56.0% (29.9) // 47.5% (29.0)",
        "oppCorsiAgainst": "49.2% (59.1) // 50.5% (59.9) // 48.6% (54.6) // 52.0% (63.5)",
        "oppFenwickAgainst": "49.2% (42.3) // 51.2% (44.5) // 47.4% (39.9) // 50.0% (46.0)",
        "oppShotsAgainst": "49.9% (29.7) // 51.9% (30.7) // 45.5% (26.0) // 47.2% (30.0)",
        "oppScoringAgainst": "48.3% (28.2) // 49.0% (28.6) // 44.0% (23.5) // 52.5% (32.0)",
        "totalOver": 0,
        "totalOverLast5": 0,
        "totalOverLast15": 0,
        "lastTotalOver": 0,
        "last5": "0,0,0,0,0,0,0,0,0,0",
        "fd": "0",
        "dk": "+295",
        "kambi": "295",
        "lowest": "295 DK",
        "implied": 25.31645569620253,
        "overOdds": "+295",
        "underOdds": "0",
        "overUnder": "+295 / 0"
    },
    {
        "player": "Brock Faber",
        "team": "MIN",
        "opponent": "WPG",
        "propType": "atgs",
        "line": 0.5,
        "ppLine": "PP2",
        "avg": 0.0,
        "hit": false,
        "diffAvg": 0,
        "diffAbs": 1.0,
        "lastAvg": 0,
        "diff": 0,
        "avgMin": 24,
        "proj": 0.0,
        "lastAvgMin": 0,
        "oppOver": 0,
        "teamOver": 0,
        "gameLine": "-102",
        "+/-": "+11",
        "L5_+/-": "+6.0",
        "prevMatchup": "2023-12-30 0.0 atgs",
        "winLossSplits": "0% - 0%",
        "awayHome": "H",
        "playedYesterday": "Y",
        "awayHomeSplits": "0% - 0%",
        "savesAboveExp": "-",
        "gsaa": 1.87,
        "corsi": "50.8% (60.9) // 49.5% (58.8) // 51.4% (57.8) // 48.0% (58.5)",
        "fenwick": "50.8% (43.6) // 48.8% (42.4) // 52.6% (44.3) // 50.0% (46.0)",
        "shots": "50.1% (29.8) // 48.1% (28.5) // 54.5% (31.1) // 52.8% (33.5)",
        "scoring": "51.7% (30.1) // 51.0% (29.8) // 56.0% (29.9) // 47.5% (29.0)",
        "corsiAgainst": "49.2% (59.1) // 50.5% (59.9) // 48.6% (54.6) // 52.0% (63.5)",
        "fenwickAgainst": "49.2% (42.3) // 51.2% (44.5) // 47.4% (39.9) // 50.0% (46.0)",
        "shotsAgainst": "49.9% (29.7) // 51.9% (30.7) // 45.5% (26.0) // 47.2% (30.0)",
        "scoringAgainst": "48.3% (28.2) // 49.0% (28.6) // 44.0% (23.5) // 52.5% (32.0)",
        "oppCorsi": "50.9% (59.6) // 52.4% (65.3) // 56.1% (71.1) // 57.4% (72.6)",
        "oppFenwick": "51.2% (43.6) // 52.8% (48.3) // 55.6% (51.0) // 57.1% (53.0)",
        "oppShots": "52.0% (31.0) // 52.2% (32.4) // 54.5% (33.9) // 53.4% (34.4)",
        "oppScoring": "50.6% (28.0) // 52.6% (30.7) // 56.0% (33.6) // 55.8% (32.9)",
        "oppCorsiAgainst": "49.1% (57.4) // 47.6% (59.3) // 43.9% (55.6) // 42.6% (54.0)",
        "oppFenwickAgainst": "48.8% (41.6) // 47.2% (43.2) // 44.4% (40.8) // 42.9% (39.8)",
        "oppShotsAgainst": "48.0% (28.6) // 47.8% (29.6) // 45.5% (28.3) // 46.6% (29.9)",
        "oppScoringAgainst": "49.4% (27.3) // 47.4% (27.6) // 44.0% (26.3) // 44.2% (26.0)",
        "totalOver": 0,
        "totalOverLast5": 0,
        "totalOverLast15": 0,
        "lastTotalOver": 0,
        "last5": "0,0,0,0,0,0,0,0,0,0",
        "fd": "0",
        "dk": "+650",
        "kambi": "540",
        "lowest": "650 DK",
        "implied": 13.333333333333334,
        "overOdds": "+650",
        "underOdds": "0",
        "overUnder": "+650 / 0"
    },
    {
        "player": "Cole Perfetti",
        "team": "WPG",
        "opponent": "MIN",
        "propType": "atgs",
        "line": 0.5,
        "ppLine": "PP2",
        "avg": 0.0,
        "hit": false,
        "diffAvg": 0,
        "diffAbs": 1.0,
        "lastAvg": 0.0,
        "diff": 0,
        "avgMin": 14,
        "proj": 0.0,
        "lastAvgMin": 14.97,
        "oppOver": 0,
        "teamOver": 0,
        "gameLine": "-118",
        "+/-": "+10",
        "L5_+/-": "+3.0",
        "prevMatchup": "2023-12-30 0.0 atgs",
        "winLossSplits": "0% - 0%",
        "awayHome": "A",
        "playedYesterday": "Y",
        "awayHomeSplits": "0% - 0%",
        "savesAboveExp": 0.141,
        "gsaa": -4.0,
        "corsi": "50.9% (59.6) // 52.4% (65.3) // 56.1% (71.1) // 57.4% (72.6)",
        "fenwick": "51.2% (43.6) // 52.8% (48.3) // 55.6% (51.0) // 57.1% (53.0)",
        "shots": "52.0% (31.0) // 52.2% (32.4) // 54.5% (33.9) // 53.4% (34.4)",
        "scoring": "50.6% (28.0) // 52.6% (30.7) // 56.0% (33.6) // 55.8% (32.9)",
        "corsiAgainst": "49.1% (57.4) // 47.6% (59.3) // 43.9% (55.6) // 42.6% (54.0)",
        "fenwickAgainst": "48.8% (41.6) // 47.2% (43.2) // 44.4% (40.8) // 42.9% (39.8)",
        "shotsAgainst": "48.0% (28.6) // 47.8% (29.6) // 45.5% (28.3) // 46.6% (29.9)",
        "scoringAgainst": "49.4% (27.3) // 47.4% (27.6) // 44.0% (26.3) // 44.2% (26.0)",
        "oppCorsi": "50.8% (60.9) // 49.5% (58.8) // 51.4% (57.8) // 48.0% (58.5)",
        "oppFenwick": "50.8% (43.6) // 48.8% (42.4) // 52.6% (44.3) // 50.0% (46.0)",
        "oppShots": "50.1% (29.8) // 48.1% (28.5) // 54.5% (31.1) // 52.8% (33.5)",
        "oppScoring": "51.7% (30.1) // 51.0% (29.8) // 56.0% (29.9) // 47.5% (29.0)",
        "oppCorsiAgainst": "49.2% (59.1) // 50.5% (59.9) // 48.6% (54.6) // 52.0% (63.5)",
        "oppFenwickAgainst": "49.2% (42.3) // 51.2% (44.5) // 47.4% (39.9) // 50.0% (46.0)",
        "oppShotsAgainst": "49.9% (29.7) // 51.9% (30.7) // 45.5% (26.0) // 47.2% (30.0)",
        "oppScoringAgainst": "48.3% (28.2) // 49.0% (28.6) // 44.0% (23.5) // 52.5% (32.0)",
        "totalOver": 0,
        "totalOverLast5": 0,
        "totalOverLast15": 0,
        "lastTotalOver": 0,
        "last5": "0,0,0,0,0,0,0,0,0,0",
        "fd": "0",
        "dk": "+260",
        "kambi": "230",
        "lowest": "260 DK",
        "implied": 27.77777777777778,
        "overOdds": "+260",
        "underOdds": "0",
        "overUnder": "+260 / 0"
    },
    {
        "player": "Gabriel Vilardi",
        "team": "WPG",
        "opponent": "MIN",
        "propType": "atgs",
        "line": 0.5,
        "ppLine": "PP1",
        "avg": 0.0,
        "hit": false,
        "diffAvg": 0,
        "diffAbs": 1.0,
        "lastAvg": 0.0,
        "diff": 0,
        "avgMin": 16,
        "proj": 0.0,
        "lastAvgMin": 15.6,
        "oppOver": 0,
        "teamOver": 0,
        "gameLine": "-118",
        "+/-": "+12",
        "L5_+/-": "+12.0",
        "prevMatchup": "2023-12-30 0.0 atgs",
        "winLossSplits": "0% - 0%",
        "awayHome": "A",
        "playedYesterday": "Y",
        "awayHomeSplits": "0% - 0%",
        "savesAboveExp": 0.141,
        "gsaa": -4.0,
        "corsi": "50.9% (59.6) // 52.4% (65.3) // 56.1% (71.1) // 57.4% (72.6)",
        "fenwick": "51.2% (43.6) // 52.8% (48.3) // 55.6% (51.0) // 57.1% (53.0)",
        "shots": "52.0% (31.0) // 52.2% (32.4) // 54.5% (33.9) // 53.4% (34.4)",
        "scoring": "50.6% (28.0) // 52.6% (30.7) // 56.0% (33.6) // 55.8% (32.9)",
        "corsiAgainst": "49.1% (57.4) // 47.6% (59.3) // 43.9% (55.6) // 42.6% (54.0)",
        "fenwickAgainst": "48.8% (41.6) // 47.2% (43.2) // 44.4% (40.8) // 42.9% (39.8)",
        "shotsAgainst": "48.0% (28.6) // 47.8% (29.6) // 45.5% (28.3) // 46.6% (29.9)",
        "scoringAgainst": "49.4% (27.3) // 47.4% (27.6) // 44.0% (26.3) // 44.2% (26.0)",
        "oppCorsi": "50.8% (60.9) // 49.5% (58.8) // 51.4% (57.8) // 48.0% (58.5)",
        "oppFenwick": "50.8% (43.6) // 48.8% (42.4) // 52.6% (44.3) // 50.0% (46.0)",
        "oppShots": "50.1% (29.8) // 48.1% (28.5) // 54.5% (31.1) // 52.8% (33.5)",
        "oppScoring": "51.7% (30.1) // 51.0% (29.8) // 56.0% (29.9) // 47.5% (29.0)",
        "oppCorsiAgainst": "49.2% (59.1) // 50.5% (59.9) // 48.6% (54.6) // 52.0% (63.5)",
        "oppFenwickAgainst": "49.2% (42.3) // 51.2% (44.5) // 47.4% (39.9) // 50.0% (46.0)",
        "oppShotsAgainst": "49.9% (29.7) // 51.9% (30.7) // 45.5% (26.0) // 47.2% (30.0)",
        "oppScoringAgainst": "48.3% (28.2) // 49.0% (28.6) // 44.0% (23.5) // 52.5% (32.0)",
        "totalOver": 0,
        "totalOverLast5": 0,
        "totalOverLast15": 0,
        "lastTotalOver": 0,
        "last5": "0,0,0,0,0,0,0,0,0,0",
        "fd": "0",
        "dk": "+170",
        "kambi": "148",
        "lowest": "170 DK",
        "implied": 37.03703703703704,
        "overOdds": "+170",
        "underOdds": "0",
        "overUnder": "+170 / 0"
    },
    {
        "player": "Jared Spurgeon",
        "team": "MIN",
        "opponent": "WPG",
        "propType": "atgs",
        "line": 0.5,
        "ppLine": "PP1",
        "avg": 0.0,
        "hit": false,
        "diffAvg": 0,
        "diffAbs": 1.0,
        "lastAvg": 0.0,
        "diff": 0,
        "avgMin": 23,
        "proj": 0.0,
        "lastAvgMin": 21.8,
        "oppOver": 0,
        "teamOver": 0,
        "gameLine": "-102",
        "+/-": "+5",
        "L5_+/-": "+6.0",
        "prevMatchup": "2023-12-30 0.0 atgs",
        "winLossSplits": "0% - 0%",
        "awayHome": "H",
        "playedYesterday": "Y",
        "awayHomeSplits": "0% - 0%",
        "savesAboveExp": "-",
        "gsaa": 1.87,
        "corsi": "50.8% (60.9) // 49.5% (58.8) // 51.4% (57.8) // 48.0% (58.5)",
        "fenwick": "50.8% (43.6) // 48.8% (42.4) // 52.6% (44.3) // 50.0% (46.0)",
        "shots": "50.1% (29.8) // 48.1% (28.5) // 54.5% (31.1) // 52.8% (33.5)",
        "scoring": "51.7% (30.1) // 51.0% (29.8) // 56.0% (29.9) // 47.5% (29.0)",
        "corsiAgainst": "49.2% (59.1) // 50.5% (59.9) // 48.6% (54.6) // 52.0% (63.5)",
        "fenwickAgainst": "49.2% (42.3) // 51.2% (44.5) // 47.4% (39.9) // 50.0% (46.0)",
        "shotsAgainst": "49.9% (29.7) // 51.9% (30.7) // 45.5% (26.0) // 47.2% (30.0)",
        "scoringAgainst": "48.3% (28.2) // 49.0% (28.6) // 44.0% (23.5) // 52.5% (32.0)",
        "oppCorsi": "50.9% (59.6) // 52.4% (65.3) // 56.1% (71.1) // 57.4% (72.6)",
        "oppFenwick": "51.2% (43.6) // 52.8% (48.3) // 55.6% (51.0) // 57.1% (53.0)",
        "oppShots": "52.0% (31.0) // 52.2% (32.4) // 54.5% (33.9) // 53.4% (34.4)",
        "oppScoring": "50.6% (28.0) // 52.6% (30.7) // 56.0% (33.6) // 55.8% (32.9)",
        "oppCorsiAgainst": "49.1% (57.4) // 47.6% (59.3) // 43.9% (55.6) // 42.6% (54.0)",
        "oppFenwickAgainst": "48.8% (41.6) // 47.2% (43.2) // 44.4% (40.8) // 42.9% (39.8)",
        "oppShotsAgainst": "48.0% (28.6) // 47.8% (29.6) // 45.5% (28.3) // 46.6% (29.9)",
        "oppScoringAgainst": "49.4% (27.3) // 47.4% (27.6) // 44.0% (26.3) // 44.2% (26.0)",
        "totalOver": 0,
        "totalOverLast5": 0,
        "totalOverLast15": 0,
        "lastTotalOver": 0,
        "last5": "0,0,0,0,0,0,0,0,0,0",
        "fd": "0",
        "dk": "+800",
        "kambi": "540",
        "lowest": "800 DK",
        "implied": 11.11111111111111,
        "overOdds": "+800",
        "underOdds": "0",
        "overUnder": "+800 / 0"
    },
    {
        "player": "Joel Eriksson Ek",
        "team": "MIN",
        "opponent": "WPG",
        "propType": "atgs",
        "line": 0.5,
        "ppLine": "PP1",
        "avg": 0.0,
        "hit": false,
        "diffAvg": 0,
        "diffAbs": 1.0,
        "lastAvg": 0.0,
        "diff": 0,
        "avgMin": 20,
        "proj": 0.0,
        "lastAvgMin": 18.98,
        "oppOver": 0,
        "teamOver": 0,
        "gameLine": "-102",
        "+/-": "+12",
        "L5_+/-": "+9.0",
        "prevMatchup": "2023-12-30 0.0 atgs",
        "winLossSplits": "0% - 0%",
        "awayHome": "H",
        "playedYesterday": "Y",
        "awayHomeSplits": "0% - 0%",
        "savesAboveExp": "-",
        "gsaa": 1.87,
        "corsi": "50.8% (60.9) // 49.5% (58.8) // 51.4% (57.8) // 48.0% (58.5)",
        "fenwick": "50.8% (43.6) // 48.8% (42.4) // 52.6% (44.3) // 50.0% (46.0)",
        "shots": "50.1% (29.8) // 48.1% (28.5) // 54.5% (31.1) // 52.8% (33.5)",
        "scoring": "51.7% (30.1) // 51.0% (29.8) // 56.0% (29.9) // 47.5% (29.0)",
        "corsiAgainst": "49.2% (59.1) // 50.5% (59.9) // 48.6% (54.6) // 52.0% (63.5)",
        "fenwickAgainst": "49.2% (42.3) // 51.2% (44.5) // 47.4% (39.9) // 50.0% (46.0)",
        "shotsAgainst": "49.9% (29.7) // 51.9% (30.7) // 45.5% (26.0) // 47.2% (30.0)",
        "scoringAgainst": "48.3% (28.2) // 49.0% (28.6) // 44.0% (23.5) // 52.5% (32.0)",
        "oppCorsi": "50.9% (59.6) // 52.4% (65.3) // 56.1% (71.1) // 57.4% (72.6)",
        "oppFenwick": "51.2% (43.6) // 52.8% (48.3) // 55.6% (51.0) // 57.1% (53.0)",
        "oppShots": "52.0% (31.0) // 52.2% (32.4) // 54.5% (33.9) // 53.4% (34.4)",
        "oppScoring": "50.6% (28.0) // 52.6% (30.7) // 56.0% (33.6) // 55.8% (32.9)",
        "oppCorsiAgainst": "49.1% (57.4) // 47.6% (59.3) // 43.9% (55.6) // 42.6% (54.0)",
        "oppFenwickAgainst": "48.8% (41.6) // 47.2% (43.2) // 44.4% (40.8) // 42.9% (39.8)",
        "oppShotsAgainst": "48.0% (28.6) // 47.8% (29.6) // 45.5% (28.3) // 46.6% (29.9)",
        "oppScoringAgainst": "49.4% (27.3) // 47.4% (27.6) // 44.0% (26.3) // 44.2% (26.0)",
        "totalOver": 0,
        "totalOverLast5": 0,
        "totalOverLast15": 0,
        "lastTotalOver": 0,
        "last5": "0,0,0,0,0,0,0,0,0,0",
        "fd": "0",
        "dk": "+145",
        "kambi": "132",
        "lowest": "145 DK",
        "implied": 40.816326530612244,
        "overOdds": "+145",
        "underOdds": "0",
        "overUnder": "+145 / 0"
    },
    {
        "player": "Josh Morrissey",
        "team": "WPG",
        "opponent": "MIN",
        "propType": "atgs",
        "line": 0.5,
        "ppLine": "PP1",
        "avg": 0.0,
        "hit": false,
        "diffAvg": 0,
        "diffAbs": 1.0,
        "lastAvg": 0.0,
        "diff": 0,
        "avgMin": 24,
        "proj": 0.0,
        "lastAvgMin": 24.22,
        "oppOver": 0,
        "teamOver": 0,
        "gameLine": "-118",
        "+/-": "+21",
        "L5_+/-": "+16.0",
        "prevMatchup": "2023-12-30 0.0 atgs",
        "winLossSplits": "0% - 0%",
        "awayHome": "A",
        "playedYesterday": "Y",
        "awayHomeSplits": "0% - 0%",
        "savesAboveExp": 0.141,
        "gsaa": -4.0,
        "corsi": "50.9% (59.6) // 52.4% (65.3) // 56.1% (71.1) // 57.4% (72.6)",
        "fenwick": "51.2% (43.6) // 52.8% (48.3) // 55.6% (51.0) // 57.1% (53.0)",
        "shots": "52.0% (31.0) // 52.2% (32.4) // 54.5% (33.9) // 53.4% (34.4)",
        "scoring": "50.6% (28.0) // 52.6% (30.7) // 56.0% (33.6) // 55.8% (32.9)",
        "corsiAgainst": "49.1% (57.4) // 47.6% (59.3) // 43.9% (55.6) // 42.6% (54.0)",
        "fenwickAgainst": "48.8% (41.6) // 47.2% (43.2) // 44.4% (40.8) // 42.9% (39.8)",
        "shotsAgainst": "48.0% (28.6) // 47.8% (29.6) // 45.5% (28.3) // 46.6% (29.9)",
        "scoringAgainst": "49.4% (27.3) // 47.4% (27.6) // 44.0% (26.3) // 44.2% (26.0)",
        "oppCorsi": "50.8% (60.9) // 49.5% (58.8) // 51.4% (57.8) // 48.0% (58.5)",
        "oppFenwick": "50.8% (43.6) // 48.8% (42.4) // 52.6% (44.3) // 50.0% (46.0)",
        "oppShots": "50.1% (29.8) // 48.1% (28.5) // 54.5% (31.1) // 52.8% (33.5)",
        "oppScoring": "51.7% (30.1) // 51.0% (29.8) // 56.0% (29.9) // 47.5% (29.0)",
        "oppCorsiAgainst": "49.2% (59.1) // 50.5% (59.9) // 48.6% (54.6) // 52.0% (63.5)",
        "oppFenwickAgainst": "49.2% (42.3) // 51.2% (44.5) // 47.4% (39.9) // 50.0% (46.0)",
        "oppShotsAgainst": "49.9% (29.7) // 51.9% (30.7) // 45.5% (26.0) // 47.2% (30.0)",
        "oppScoringAgainst": "48.3% (28.2) // 49.0% (28.6) // 44.0% (23.5) // 52.5% (32.0)",
        "totalOver": 0,
        "totalOverLast5": 0,
        "totalOverLast15": 0,
        "lastTotalOver": 0,
        "last5": "0,0,0,0,0,0,0,0,0,0",
        "fd": "0",
        "dk": "+425",
        "kambi": "0",
        "lowest": "425 DK",
        "implied": 19.047619047619047,
        "overOdds": "+425",
        "underOdds": "0",
        "overUnder": "+425 / 0"
    },
    {
        "player": "Marco Rossi",
        "team": "MIN",
        "opponent": "WPG",
        "propType": "atgs",
        "line": 0.5,
        "ppLine": "PP1",
        "avg": 0.0,
        "hit": false,
        "diffAvg": 0,
        "diffAbs": 1.0,
        "lastAvg": 0.0,
        "diff": 0,
        "avgMin": 16,
        "proj": 0.0,
        "lastAvgMin": 12.52,
        "oppOver": 0,
        "teamOver": 0,
        "gameLine": "-102",
        "+/-": "+10",
        "L5_+/-": "+5.0",
        "prevMatchup": "2023-12-30 0.0 atgs",
        "winLossSplits": "0% - 0%",
        "awayHome": "H",
        "playedYesterday": "Y",
        "awayHomeSplits": "0% - 0%",
        "savesAboveExp": "-",
        "gsaa": 1.87,
        "corsi": "50.8% (60.9) // 49.5% (58.8) // 51.4% (57.8) // 48.0% (58.5)",
        "fenwick": "50.8% (43.6) // 48.8% (42.4) // 52.6% (44.3) // 50.0% (46.0)",
        "shots": "50.1% (29.8) // 48.1% (28.5) // 54.5% (31.1) // 52.8% (33.5)",
        "scoring": "51.7% (30.1) // 51.0% (29.8) // 56.0% (29.9) // 47.5% (29.0)",
        "corsiAgainst": "49.2% (59.1) // 50.5% (59.9) // 48.6% (54.6) // 52.0% (63.5)",
        "fenwickAgainst": "49.2% (42.3) // 51.2% (44.5) // 47.4% (39.9) // 50.0% (46.0)",
        "shotsAgainst": "49.9% (29.7) // 51.9% (30.7) // 45.5% (26.0) // 47.2% (30.0)",
        "scoringAgainst": "48.3% (28.2) // 49.0% (28.6) // 44.0% (23.5) // 52.5% (32.0)",
        "oppCorsi": "50.9% (59.6) // 52.4% (65.3) // 56.1% (71.1) // 57.4% (72.6)",
        "oppFenwick": "51.2% (43.6) // 52.8% (48.3) // 55.6% (51.0) // 57.1% (53.0)",
        "oppShots": "52.0% (31.0) // 52.2% (32.4) // 54.5% (33.9) // 53.4% (34.4)",
        "oppScoring": "50.6% (28.0) // 52.6% (30.7) // 56.0% (33.6) // 55.8% (32.9)",
        "oppCorsiAgainst": "49.1% (57.4) // 47.6% (59.3) // 43.9% (55.6) // 42.6% (54.0)",
        "oppFenwickAgainst": "48.8% (41.6) // 47.2% (43.2) // 44.4% (40.8) // 42.9% (39.8)",
        "oppShotsAgainst": "48.0% (28.6) // 47.8% (29.6) // 45.5% (28.3) // 46.6% (29.9)",
        "oppScoringAgainst": "49.4% (27.3) // 47.4% (27.6) // 44.0% (26.3) // 44.2% (26.0)",
        "totalOver": 0,
        "totalOverLast5": 0,
        "totalOverLast15": 0,
        "lastTotalOver": 0,
        "last5": "0,0,0,0,0,0,0,0,0,0",
        "fd": "0",
        "dk": "+235",
        "kambi": "255",
        "lowest": "255 BR",
        "implied": 28.169014084507044,
        "overOdds": "+235",
        "underOdds": "0",
        "overUnder": "+235 / 0"
    },
    {
        "player": "Marcus Johansson",
        "team": "MIN",
        "opponent": "WPG",
        "propType": "atgs",
        "line": 0.5,
        "ppLine": "PP2",
        "avg": 0.0,
        "hit": false,
        "diffAvg": 0,
        "diffAbs": 1.0,
        "lastAvg": 0.0,
        "diff": 0,
        "avgMin": 16,
        "proj": 0.0,
        "lastAvgMin": 16.48,
        "oppOver": 0,
        "teamOver": 0,
        "gameLine": "-102",
        "+/-": "+3",
        "L5_+/-": "+6.0",
        "prevMatchup": "2023-12-30 0.0 atgs",
        "winLossSplits": "0% - 0%",
        "awayHome": "H",
        "playedYesterday": "Y",
        "awayHomeSplits": "0% - 0%",
        "savesAboveExp": "-",
        "gsaa": 1.87,
        "corsi": "50.8% (60.9) // 49.5% (58.8) // 51.4% (57.8) // 48.0% (58.5)",
        "fenwick": "50.8% (43.6) // 48.8% (42.4) // 52.6% (44.3) // 50.0% (46.0)",
        "shots": "50.1% (29.8) // 48.1% (28.5) // 54.5% (31.1) // 52.8% (33.5)",
        "scoring": "51.7% (30.1) // 51.0% (29.8) // 56.0% (29.9) // 47.5% (29.0)",
        "corsiAgainst": "49.2% (59.1) // 50.5% (59.9) // 48.6% (54.6) // 52.0% (63.5)",
        "fenwickAgainst": "49.2% (42.3) // 51.2% (44.5) // 47.4% (39.9) // 50.0% (46.0)",
        "shotsAgainst": "49.9% (29.7) // 51.9% (30.7) // 45.5% (26.0) // 47.2% (30.0)",
        "scoringAgainst": "48.3% (28.2) // 49.0% (28.6) // 44.0% (23.5) // 52.5% (32.0)",
        "oppCorsi": "50.9% (59.6) // 52.4% (65.3) // 56.1% (71.1) // 57.4% (72.6)",
        "oppFenwick": "51.2% (43.6) // 52.8% (48.3) // 55.6% (51.0) // 57.1% (53.0)",
        "oppShots": "52.0% (31.0) // 52.2% (32.4) // 54.5% (33.9) // 53.4% (34.4)",
        "oppScoring": "50.6% (28.0) // 52.6% (30.7) // 56.0% (33.6) // 55.8% (32.9)",
        "oppCorsiAgainst": "49.1% (57.4) // 47.6% (59.3) // 43.9% (55.6) // 42.6% (54.0)",
        "oppFenwickAgainst": "48.8% (41.6) // 47.2% (43.2) // 44.4% (40.8) // 42.9% (39.8)",
        "oppShotsAgainst": "48.0% (28.6) // 47.8% (29.6) // 45.5% (28.3) // 46.6% (29.9)",
        "oppScoringAgainst": "49.4% (27.3) // 47.4% (27.6) // 44.0% (26.3) // 44.2% (26.0)",
        "totalOver": 0,
        "totalOverLast5": 0,
        "totalOverLast15": 0,
        "lastTotalOver": 0,
        "last5": "0,0,0,0,0,0,0,0,0,0",
        "fd": "0",
        "dk": "+340",
        "kambi": "300",
        "lowest": "340 DK",
        "implied": 22.727272727272727,
        "overOdds": "+340",
        "underOdds": "0",
        "overUnder": "+340 / 0"
    },
    {
        "player": "Mark Scheifele",
        "team": "WPG",
        "opponent": "MIN",
        "propType": "atgs",
        "line": 0.5,
        "ppLine": "PP1",
        "avg": 0.0,
        "hit": false,
        "diffAvg": 0,
        "diffAbs": 1.0,
        "lastAvg": 0.0,
        "diff": 0,
        "avgMin": 20,
        "proj": 0.0,
        "lastAvgMin": 20.47,
        "oppOver": 0,
        "teamOver": 0,
        "gameLine": "-118",
        "+/-": "+13",
        "L5_+/-": "+14.0",
        "prevMatchup": "2023-12-30 0.0 atgs",
        "winLossSplits": "0% - 0%",
        "awayHome": "A",
        "playedYesterday": "Y",
        "awayHomeSplits": "0% - 0%",
        "savesAboveExp": 0.141,
        "gsaa": -4.0,
        "corsi": "50.9% (59.6) // 52.4% (65.3) // 56.1% (71.1) // 57.4% (72.6)",
        "fenwick": "51.2% (43.6) // 52.8% (48.3) // 55.6% (51.0) // 57.1% (53.0)",
        "shots": "52.0% (31.0) // 52.2% (32.4) // 54.5% (33.9) // 53.4% (34.4)",
        "scoring": "50.6% (28.0) // 52.6% (30.7) // 56.0% (33.6) // 55.8% (32.9)",
        "corsiAgainst": "49.1% (57.4) // 47.6% (59.3) // 43.9% (55.6) // 42.6% (54.0)",
        "fenwickAgainst": "48.8% (41.6) // 47.2% (43.2) // 44.4% (40.8) // 42.9% (39.8)",
        "shotsAgainst": "48.0% (28.6) // 47.8% (29.6) // 45.5% (28.3) // 46.6% (29.9)",
        "scoringAgainst": "49.4% (27.3) // 47.4% (27.6) // 44.0% (26.3) // 44.2% (26.0)",
        "oppCorsi": "50.8% (60.9) // 49.5% (58.8) // 51.4% (57.8) // 48.0% (58.5)",
        "oppFenwick": "50.8% (43.6) // 48.8% (42.4) // 52.6% (44.3) // 50.0% (46.0)",
        "oppShots": "50.1% (29.8) // 48.1% (28.5) // 54.5% (31.1) // 52.8% (33.5)",
        "oppScoring": "51.7% (30.1) // 51.0% (29.8) // 56.0% (29.9) // 47.5% (29.0)",
        "oppCorsiAgainst": "49.2% (59.1) // 50.5% (59.9) // 48.6% (54.6) // 52.0% (63.5)",
        "oppFenwickAgainst": "49.2% (42.3) // 51.2% (44.5) // 47.4% (39.9) // 50.0% (46.0)",
        "oppShotsAgainst": "49.9% (29.7) // 51.9% (30.7) // 45.5% (26.0) // 47.2% (30.0)",
        "oppScoringAgainst": "48.3% (28.2) // 49.0% (28.6) // 44.0% (23.5) // 52.5% (32.0)",
        "totalOver": 0,
        "totalOverLast5": 0,
        "totalOverLast15": 0,
        "lastTotalOver": 0,
        "last5": "0,0,0,0,0,0,0,0,0,0",
        "fd": "0",
        "dk": "+150",
        "kambi": "148",
        "lowest": "150 DK",
        "implied": 40.0,
        "overOdds": "+150",
        "underOdds": "0",
        "overUnder": "+150 / 0"
    },
    {
        "player": "Matthew Boldy",
        "team": "MIN",
        "opponent": "WPG",
        "propType": "atgs",
        "line": 0.5,
        "ppLine": "",
        "avg": 0.0,
        "hit": false,
        "diffAvg": 0,
        "diffAbs": 1.0,
        "lastAvg": 0.0,
        "diff": 0,
        "avgMin": 17,
        "proj": 0.0,
        "lastAvgMin": 18.48,
        "oppOver": 0,
        "teamOver": 0,
        "gameLine": "-102",
        "+/-": "+5",
        "L5_+/-": "+6.0",
        "prevMatchup": "2023-12-30 0.0 atgs",
        "winLossSplits": "0% - 0%",
        "awayHome": "H",
        "playedYesterday": "Y",
        "awayHomeSplits": "0% - 0%",
        "savesAboveExp": "-",
        "gsaa": 1.87,
        "corsi": "50.8% (60.9) // 49.5% (58.8) // 51.4% (57.8) // 48.0% (58.5)",
        "fenwick": "50.8% (43.6) // 48.8% (42.4) // 52.6% (44.3) // 50.0% (46.0)",
        "shots": "50.1% (29.8) // 48.1% (28.5) // 54.5% (31.1) // 52.8% (33.5)",
        "scoring": "51.7% (30.1) // 51.0% (29.8) // 56.0% (29.9) // 47.5% (29.0)",
        "corsiAgainst": "49.2% (59.1) // 50.5% (59.9) // 48.6% (54.6) // 52.0% (63.5)",
        "fenwickAgainst": "49.2% (42.3) // 51.2% (44.5) // 47.4% (39.9) // 50.0% (46.0)",
        "shotsAgainst": "49.9% (29.7) // 51.9% (30.7) // 45.5% (26.0) // 47.2% (30.0)",
        "scoringAgainst": "48.3% (28.2) // 49.0% (28.6) // 44.0% (23.5) // 52.5% (32.0)",
        "oppCorsi": "50.9% (59.6) // 52.4% (65.3) // 56.1% (71.1) // 57.4% (72.6)",
        "oppFenwick": "51.2% (43.6) // 52.8% (48.3) // 55.6% (51.0) // 57.1% (53.0)",
        "oppShots": "52.0% (31.0) // 52.2% (32.4) // 54.5% (33.9) // 53.4% (34.4)",
        "oppScoring": "50.6% (28.0) // 52.6% (30.7) // 56.0% (33.6) // 55.8% (32.9)",
        "oppCorsiAgainst": "49.1% (57.4) // 47.6% (59.3) // 43.9% (55.6) // 42.6% (54.0)",
        "oppFenwickAgainst": "48.8% (41.6) // 47.2% (43.2) // 44.4% (40.8) // 42.9% (39.8)",
        "oppShotsAgainst": "48.0% (28.6) // 47.8% (29.6) // 45.5% (28.3) // 46.6% (29.9)",
        "oppScoringAgainst": "49.4% (27.3) // 47.4% (27.6) // 44.0% (26.3) // 44.2% (26.0)",
        "totalOver": 0,
        "totalOverLast5": 0,
        "totalOverLast15": 0,
        "lastTotalOver": 0,
        "last5": "0,0,0,0,0,0,0,0,0,0",
        "fd": "0",
        "dk": "+160",
        "kambi": "155",
        "lowest": "160 DK",
        "implied": 38.46153846153847,
        "overOdds": "+160",
        "underOdds": "0",
        "overUnder": "+160 / 0"
    },
    {
        "player": "Nikolaj Ehlers",
        "team": "WPG",
        "opponent": "MIN",
        "propType": "atgs",
        "line": 0.5,
        "ppLine": "PP1",
        "avg": 0.0,
        "hit": false,
        "diffAvg": 0,
        "diffAbs": 1.0,
        "lastAvg": 0.0,
        "diff": 0,
        "avgMin": 16,
        "proj": 0.0,
        "lastAvgMin": 15.63,
        "oppOver": 0,
        "teamOver": 0,
        "gameLine": "-118",
        "+/-": "+16",
        "L5_+/-": "+14.0",
        "prevMatchup": "2023-12-30 0.0 atgs",
        "winLossSplits": "0% - 0%",
        "awayHome": "A",
        "playedYesterday": "Y",
        "awayHomeSplits": "0% - 0%",
        "savesAboveExp": 0.141,
        "gsaa": -4.0,
        "corsi": "50.9% (59.6) // 52.4% (65.3) // 56.1% (71.1) // 57.4% (72.6)",
        "fenwick": "51.2% (43.6) // 52.8% (48.3) // 55.6% (51.0) // 57.1% (53.0)",
        "shots": "52.0% (31.0) // 52.2% (32.4) // 54.5% (33.9) // 53.4% (34.4)",
        "scoring": "50.6% (28.0) // 52.6% (30.7) // 56.0% (33.6) // 55.8% (32.9)",
        "corsiAgainst": "49.1% (57.4) // 47.6% (59.3) // 43.9% (55.6) // 42.6% (54.0)",
        "fenwickAgainst": "48.8% (41.6) // 47.2% (43.2) // 44.4% (40.8) // 42.9% (39.8)",
        "shotsAgainst": "48.0% (28.6) // 47.8% (29.6) // 45.5% (28.3) // 46.6% (29.9)",
        "scoringAgainst": "49.4% (27.3) // 47.4% (27.6) // 44.0% (26.3) // 44.2% (26.0)",
        "oppCorsi": "50.8% (60.9) // 49.5% (58.8) // 51.4% (57.8) // 48.0% (58.5)",
        "oppFenwick": "50.8% (43.6) // 48.8% (42.4) // 52.6% (44.3) // 50.0% (46.0)",
        "oppShots": "50.1% (29.8) // 48.1% (28.5) // 54.5% (31.1) // 52.8% (33.5)",
        "oppScoring": "51.7% (30.1) // 51.0% (29.8) // 56.0% (29.9) // 47.5% (29.0)",
        "oppCorsiAgainst": "49.2% (59.1) // 50.5% (59.9) // 48.6% (54.6) // 52.0% (63.5)",
        "oppFenwickAgainst": "49.2% (42.3) // 51.2% (44.5) // 47.4% (39.9) // 50.0% (46.0)",
        "oppShotsAgainst": "49.9% (29.7) // 51.9% (30.7) // 45.5% (26.0) // 47.2% (30.0)",
        "oppScoringAgainst": "48.3% (28.2) // 49.0% (28.6) // 44.0% (23.5) // 52.5% (32.0)",
        "totalOver": 0,
        "totalOverLast5": 0,
        "totalOverLast15": 0,
        "lastTotalOver": 0,
        "last5": "0,0,0,0,0,0,0,0,0,0",
        "fd": "0",
        "dk": "+160",
        "kambi": "163",
        "lowest": "163 BR",
        "implied": 38.02281368821293,
        "overOdds": "+160",
        "underOdds": "0",
        "overUnder": "+160 / 0"
    },
    {
        "player": "Nino Niederreiter",
        "team": "WPG",
        "opponent": "MIN",
        "propType": "atgs",
        "line": 0.5,
        "ppLine": "PP2",
        "avg": 0.0,
        "hit": false,
        "diffAvg": 0,
        "diffAbs": 1.0,
        "lastAvg": 0.0,
        "diff": 0,
        "avgMin": 15,
        "proj": 0.0,
        "lastAvgMin": 16.28,
        "oppOver": 0,
        "teamOver": 0,
        "gameLine": "-118",
        "+/-": "+12",
        "L5_+/-": "+3.0",
        "prevMatchup": "2023-12-30 0.0 atgs",
        "winLossSplits": "0% - 0%",
        "awayHome": "A",
        "playedYesterday": "Y",
        "awayHomeSplits": "0% - 0%",
        "savesAboveExp": 0.141,
        "gsaa": -4.0,
        "corsi": "50.9% (59.6) // 52.4% (65.3) // 56.1% (71.1) // 57.4% (72.6)",
        "fenwick": "51.2% (43.6) // 52.8% (48.3) // 55.6% (51.0) // 57.1% (53.0)",
        "shots": "52.0% (31.0) // 52.2% (32.4) // 54.5% (33.9) // 53.4% (34.4)",
        "scoring": "50.6% (28.0) // 52.6% (30.7) // 56.0% (33.6) // 55.8% (32.9)",
        "corsiAgainst": "49.1% (57.4) // 47.6% (59.3) // 43.9% (55.6) // 42.6% (54.0)",
        "fenwickAgainst": "48.8% (41.6) // 47.2% (43.2) // 44.4% (40.8) // 42.9% (39.8)",
        "shotsAgainst": "48.0% (28.6) // 47.8% (29.6) // 45.5% (28.3) // 46.6% (29.9)",
        "scoringAgainst": "49.4% (27.3) // 47.4% (27.6) // 44.0% (26.3) // 44.2% (26.0)",
        "oppCorsi": "50.8% (60.9) // 49.5% (58.8) // 51.4% (57.8) // 48.0% (58.5)",
        "oppFenwick": "50.8% (43.6) // 48.8% (42.4) // 52.6% (44.3) // 50.0% (46.0)",
        "oppShots": "50.1% (29.8) // 48.1% (28.5) // 54.5% (31.1) // 52.8% (33.5)",
        "oppScoring": "51.7% (30.1) // 51.0% (29.8) // 56.0% (29.9) // 47.5% (29.0)",
        "oppCorsiAgainst": "49.2% (59.1) // 50.5% (59.9) // 48.6% (54.6) // 52.0% (63.5)",
        "oppFenwickAgainst": "49.2% (42.3) // 51.2% (44.5) // 47.4% (39.9) // 50.0% (46.0)",
        "oppShotsAgainst": "49.9% (29.7) // 51.9% (30.7) // 45.5% (26.0) // 47.2% (30.0)",
        "oppScoringAgainst": "48.3% (28.2) // 49.0% (28.6) // 44.0% (23.5) // 52.5% (32.0)",
        "totalOver": 0,
        "totalOverLast5": 0,
        "totalOverLast15": 0,
        "lastTotalOver": 0,
        "last5": "0,0,0,0,0,0,0,0,0,0",
        "fd": "0",
        "dk": "+245",
        "kambi": "275",
        "lowest": "275 BR",
        "implied": 26.666666666666668,
        "overOdds": "+245",
        "underOdds": "0",
        "overUnder": "+245 / 0"
    },
    {
        "player": "Ryan Hartman",
        "team": "MIN",
        "opponent": "WPG",
        "propType": "atgs",
        "line": 0.5,
        "ppLine": "PP2",
        "avg": 0.0,
        "hit": false,
        "diffAvg": 0,
        "diffAbs": 1.0,
        "lastAvg": 0.0,
        "diff": 0,
        "avgMin": 15,
        "proj": 0.0,
        "lastAvgMin": 16.28,
        "oppOver": 0,
        "teamOver": 0,
        "gameLine": "-102",
        "+/-": "+3",
        "L5_+/-": "+3.0",
        "prevMatchup": "2023-12-30 0.0 atgs",
        "winLossSplits": "0% - 0%",
        "awayHome": "H",
        "playedYesterday": "Y",
        "awayHomeSplits": "0% - 0%",
        "savesAboveExp": "-",
        "gsaa": 1.87,
        "corsi": "50.8% (60.9) // 49.5% (58.8) // 51.4% (57.8) // 48.0% (58.5)",
        "fenwick": "50.8% (43.6) // 48.8% (42.4) // 52.6% (44.3) // 50.0% (46.0)",
        "shots": "50.1% (29.8) // 48.1% (28.5) // 54.5% (31.1) // 52.8% (33.5)",
        "scoring": "51.7% (30.1) // 51.0% (29.8) // 56.0% (29.9) // 47.5% (29.0)",
        "corsiAgainst": "49.2% (59.1) // 50.5% (59.9) // 48.6% (54.6) // 52.0% (63.5)",
        "fenwickAgainst": "49.2% (42.3) // 51.2% (44.5) // 47.4% (39.9) // 50.0% (46.0)",
        "shotsAgainst": "49.9% (29.7) // 51.9% (30.7) // 45.5% (26.0) // 47.2% (30.0)",
        "scoringAgainst": "48.3% (28.2) // 49.0% (28.6) // 44.0% (23.5) // 52.5% (32.0)",
        "oppCorsi": "50.9% (59.6) // 52.4% (65.3) // 56.1% (71.1) // 57.4% (72.6)",
        "oppFenwick": "51.2% (43.6) // 52.8% (48.3) // 55.6% (51.0) // 57.1% (53.0)",
        "oppShots": "52.0% (31.0) // 52.2% (32.4) // 54.5% (33.9) // 53.4% (34.4)",
        "oppScoring": "50.6% (28.0) // 52.6% (30.7) // 56.0% (33.6) // 55.8% (32.9)",
        "oppCorsiAgainst": "49.1% (57.4) // 47.6% (59.3) // 43.9% (55.6) // 42.6% (54.0)",
        "oppFenwickAgainst": "48.8% (41.6) // 47.2% (43.2) // 44.4% (40.8) // 42.9% (39.8)",
        "oppShotsAgainst": "48.0% (28.6) // 47.8% (29.6) // 45.5% (28.3) // 46.6% (29.9)",
        "oppScoringAgainst": "49.4% (27.3) // 47.4% (27.6) // 44.0% (26.3) // 44.2% (26.0)",
        "totalOver": 0,
        "totalOverLast5": 0,
        "totalOverLast15": 0,
        "lastTotalOver": 0,
        "last5": "0,0,0,0,0,0,0,0,0,0",
        "fd": "0",
        "dk": "+310",
        "kambi": "300",
        "lowest": "310 DK",
        "implied": 24.390243902439025,
        "overOdds": "+310",
        "underOdds": "0",
        "overUnder": "+310 / 0"
    },
    {
        "player": "Vladislav Namestnikov",
        "team": "WPG",
        "opponent": "MIN",
        "propType": "atgs",
        "line": 0.5,
        "ppLine": "PP2",
        "avg": 0.0,
        "hit": false,
        "diffAvg": 0,
        "diffAbs": 1.0,
        "lastAvg": 0.0,
        "diff": 0,
        "avgMin": 15,
        "proj": 0.0,
        "lastAvgMin": 12.62,
        "oppOver": 0,
        "teamOver": 0,
        "gameLine": "-118",
        "+/-": "+15",
        "L5_+/-": "+5.0",
        "prevMatchup": "2023-12-30 0.0 atgs",
        "winLossSplits": "0% - 0%",
        "awayHome": "A",
        "playedYesterday": "Y",
        "awayHomeSplits": "0% - 0%",
        "savesAboveExp": 0.141,
        "gsaa": -4.0,
        "corsi": "50.9% (59.6) // 52.4% (65.3) // 56.1% (71.1) // 57.4% (72.6)",
        "fenwick": "51.2% (43.6) // 52.8% (48.3) // 55.6% (51.0) // 57.1% (53.0)",
        "shots": "52.0% (31.0) // 52.2% (32.4) // 54.5% (33.9) // 53.4% (34.4)",
        "scoring": "50.6% (28.0) // 52.6% (30.7) // 56.0% (33.6) // 55.8% (32.9)",
        "corsiAgainst": "49.1% (57.4) // 47.6% (59.3) // 43.9% (55.6) // 42.6% (54.0)",
        "fenwickAgainst": "48.8% (41.6) // 47.2% (43.2) // 44.4% (40.8) // 42.9% (39.8)",
        "shotsAgainst": "48.0% (28.6) // 47.8% (29.6) // 45.5% (28.3) // 46.6% (29.9)",
        "scoringAgainst": "49.4% (27.3) // 47.4% (27.6) // 44.0% (26.3) // 44.2% (26.0)",
        "oppCorsi": "50.8% (60.9) // 49.5% (58.8) // 51.4% (57.8) // 48.0% (58.5)",
        "oppFenwick": "50.8% (43.6) // 48.8% (42.4) // 52.6% (44.3) // 50.0% (46.0)",
        "oppShots": "50.1% (29.8) // 48.1% (28.5) // 54.5% (31.1) // 52.8% (33.5)",
        "oppScoring": "51.7% (30.1) // 51.0% (29.8) // 56.0% (29.9) // 47.5% (29.0)",
        "oppCorsiAgainst": "49.2% (59.1) // 50.5% (59.9) // 48.6% (54.6) // 52.0% (63.5)",
        "oppFenwickAgainst": "49.2% (42.3) // 51.2% (44.5) // 47.4% (39.9) // 50.0% (46.0)",
        "oppShotsAgainst": "49.9% (29.7) // 51.9% (30.7) // 45.5% (26.0) // 47.2% (30.0)",
        "oppScoringAgainst": "48.3% (28.2) // 49.0% (28.6) // 44.0% (23.5) // 52.5% (32.0)",
        "totalOver": 0,
        "totalOverLast5": 0,
        "totalOverLast15": 0,
        "lastTotalOver": 0,
        "last5": "0,0,0,0,0,0,0,0,0,0",
        "fd": "0",
        "dk": "+350",
        "kambi": "335",
        "lowest": "350 DK",
        "implied": 22.22222222222222,
        "overOdds": "+350",
        "underOdds": "0",
        "overUnder": "+350 / 0"
    },
    {
        "player": "Frederick Gaudreau",
        "team": "MIN",
        "opponent": "WPG",
        "propType": "atgs",
        "line": 0.5,
        "ppLine": "PP2",
        "avg": 0.0,
        "hit": false,
        "diffAvg": 0,
