[
    {
        "player": "Cam Atkinson",
        "team": "PHI",
        "opponent": "MTL",
        "propType": "atgs",
        "line": 0.5,
        "ppLine": "",
        "avg": 0.0,
        "hit": false,
        "diffAvg": 0,
        "diffAbs": 1.0,
        "lastAvg": 0,
        "diff": 0,
        "avgMin": 16,
        "proj": 0.0,
        "lastAvgMin": 0,
        "oppOver": 0,
        "teamOver": 0,
        "gameLine": "-185",
        "+/-": -13,
        "L5_+/-": -5.0,
        "prevMatchup": "2024-01-10 0.0 atgs",
        "winLossSplits": "0% - 0%",
        "awayHome": "H",
        "playedYesterday": "Y",
        "awayHomeSplits": "0% - 0%",
        "savesAboveExp": "-",
        "gsaa": 0.52,
        "corsi": "50.2% (60.6) // 51.7% (63.1) // 54.5% (68.5) // 56.7% (75.2)",
        "fenwick": "52.1% (44.9) // 52.6% (46.8) // 54.9% (50.1) // 56.4% (52.9)",
        "shots": "53.6% (32.7) // 53.9% (34.4) // 57.3% (37.9) // 59.0% (38.3)",
        "scoring": "48.9% (27.6) // 49.2% (28.3) // 51.6% (30.4) // 54.0% (33.1)",
        "corsiAgainst": "49.8% (60.1) // 48.3% (59.0) // 45.5% (57.3) // 43.3% (57.4)",
        "fenwickAgainst": "47.9% (41.2) // 47.4% (42.2) // 45.1% (41.2) // 43.6% (40.9)",
        "shotsAgainst": "46.4% (28.3) // 46.1% (29.4) // 42.7% (28.3) // 41.0% (26.6)",
        "scoringAgainst": "51.1% (28.8) // 50.8% (29.2) // 48.4% (28.5) // 46.0% (28.2)",
        "oppCorsi": "46.2% (55.8) // 44.0% (52.0) // 39.5% (49.9) // 39.1% (49.8)",
        "oppFenwick": "46.6% (40.3) // 45.5% (37.1) // 40.0% (35.8) // 39.7% (35.5)",
        "oppShots": "45.8% (27.7) // 44.4% (24.3) // 38.8% (24.0) // 36.0% (22.6)",
        "oppScoring": "45.8% (27.3) // 41.6% (22.4) // 39.2% (23.5) // 40.9% (24.9)",
        "oppCorsiAgainst": "53.8% (64.9) // 56.0% (66.2) // 60.5% (76.6) // 60.9% (77.5)",
        "oppFenwickAgainst": "53.4% (46.1) // 54.5% (44.5) // 60.0% (53.8) // 60.3% (54.0)",
        "oppShotsAgainst": "54.2% (32.8) // 55.6% (30.4) // 61.2% (37.9) // 64.0% (40.2)",
        "oppScoringAgainst": "54.2% (32.4) // 58.4% (31.5) // 60.8% (36.5) // 59.1% (36.0)",
        "totalOver": 0,
        "totalOverLast5": 0,
        "totalOverLast15": 0,
        "lastTotalOver": 0,
        "last5": "0,0,0,0,0,0,0,0,0,0",
        "fd": "0",
        "dk": "+265",
        "kambi": "240",
        "lowest": "265 DK",
        "implied": 27.397260273972602,
        "overOdds": "+265",
        "underOdds": "0",
        "overUnder": "+265 / 0"
    },
    {
        "player": "Cole Caufield",
        "team": "MTL",
        "opponent": "PHI",
        "propType": "atgs",
        "line": 0.5,
        "ppLine": "PP1",
        "avg": 0.0,
        "hit": false,
        "diffAvg": 0,
        "diffAbs": 1.0,
        "lastAvg": 0.0,
        "diff": 0,
        "avgMin": 19,
        "proj": 0.0,
        "lastAvgMin": 18.03,
        "oppOver": 0,
        "teamOver": 0,
        "gameLine": "+154",
        "+/-": -3,
        "L5_+/-": -3.0,
        "prevMatchup": "2024-01-10 0.0 atgs",
        "winLossSplits": "0% - 0%",
        "awayHome": "A",
        "playedYesterday": "Y",
        "awayHomeSplits": "0% - 0%",
        "savesAboveExp": 0.232,
        "gsaa": 0.19,
        "corsi": "46.2% (55.8) // 44.0% (52.0) // 39.5% (49.9) // 39.1% (49.8)",
        "fenwick": "46.6% (40.3) // 45.5% (37.1) // 40.0% (35.8) // 39.7% (35.5)",
        "shots": "45.8% (27.7) // 44.4% (24.3) // 38.8% (24.0) // 36.0% (22.6)",
        "scoring": "45.8% (27.3) // 41.6% (22.4) // 39.2% (23.5) // 40.9% (24.9)",
        "corsiAgainst": "53.8% (64.9) // 56.0% (66.2) // 60.5% (76.6) // 60.9% (77.5)",
        "fenwickAgainst": "53.4% (46.1) // 54.5% (44.5) // 60.0% (53.8) // 60.3% (54.0)",
        "shotsAgainst": "54.2% (32.8) // 55.6% (30.4) // 61.2% (37.9) // 64.0% (40.2)",
        "scoringAgainst": "54.2% (32.4) // 58.4% (31.5) // 60.8% (36.5) // 59.1% (36.0)",
        "oppCorsi": "50.2% (60.6) // 51.7% (63.1) // 54.5% (68.5) // 56.7% (75.2)",
        "oppFenwick": "52.1% (44.9) // 52.6% (46.8) // 54.9% (50.1) // 56.4% (52.9)",
        "oppShots": "53.6% (32.7) // 53.9% (34.4) // 57.3% (37.9) // 59.0% (38.3)",
        "oppScoring": "48.9% (27.6) // 49.2% (28.3) // 51.6% (30.4) // 54.0% (33.1)",
        "oppCorsiAgainst": "49.8% (60.1) // 48.3% (59.0) // 45.5% (57.3) // 43.3% (57.4)",
        "oppFenwickAgainst": "47.9% (41.2) // 47.4% (42.2) // 45.1% (41.2) // 43.6% (40.9)",
        "oppShotsAgainst": "46.4% (28.3) // 46.1% (29.4) // 42.7% (28.3) // 41.0% (26.6)",
        "oppScoringAgainst": "51.1% (28.8) // 50.8% (29.2) // 48.4% (28.5) // 46.0% (28.2)",
        "totalOver": 0,
        "totalOverLast5": 0,
        "totalOverLast15": 0,
        "lastTotalOver": 0,
        "last5": "0,0,0,0,0,0,0,0,0,0",
        "fd": "0",
        "dk": "+140",
        "kambi": "133",
        "lowest": "140 DK",
        "implied": 41.66666666666667,
        "overOdds": "+140",
        "underOdds": "0",
        "overUnder": "+140 / 0"
    },
    {
        "player": "Joel Farabee",
        "team": "PHI",
        "opponent": "MTL",
        "propType": "atgs",
        "line": 0.5,
        "ppLine": "",
        "avg": 0.0,
        "hit": false,
        "diffAvg": 0,
        "diffAbs": 1.0,
        "lastAvg": 0.0,
        "diff": 0,
        "avgMin": 15,
        "proj": 0.0,
        "lastAvgMin": 17.0,
        "oppOver": 0,
        "teamOver": 0,
        "gameLine": "-185",
        "+/-": "+9",
        "L5_+/-": "+2.0",
        "prevMatchup": "2024-01-10 0.0 atgs",
        "winLossSplits": "0% - 0%",
        "awayHome": "H",
        "playedYesterday": "Y",
        "awayHomeSplits": "0% - 0%",
        "savesAboveExp": "-",
        "gsaa": 0.52,
        "corsi": "50.2% (60.6) // 51.7% (63.1) // 54.5% (68.5) // 56.7% (75.2)",
        "fenwick": "52.1% (44.9) // 52.6% (46.8) // 54.9% (50.1) // 56.4% (52.9)",
        "shots": "53.6% (32.7) // 53.9% (34.4) // 57.3% (37.9) // 59.0% (38.3)",
        "scoring": "48.9% (27.6) // 49.2% (28.3) // 51.6% (30.4) // 54.0% (33.1)",
        "corsiAgainst": "49.8% (60.1) // 48.3% (59.0) // 45.5% (57.3) // 43.3% (57.4)",
        "fenwickAgainst": "47.9% (41.2) // 47.4% (42.2) // 45.1% (41.2) // 43.6% (40.9)",
        "shotsAgainst": "46.4% (28.3) // 46.1% (29.4) // 42.7% (28.3) // 41.0% (26.6)",
        "scoringAgainst": "51.1% (28.8) // 50.8% (29.2) // 48.4% (28.5) // 46.0% (28.2)",
        "oppCorsi": "46.2% (55.8) // 44.0% (52.0) // 39.5% (49.9) // 39.1% (49.8)",
        "oppFenwick": "46.6% (40.3) // 45.5% (37.1) // 40.0% (35.8) // 39.7% (35.5)",
        "oppShots": "45.8% (27.7) // 44.4% (24.3) // 38.8% (24.0) // 36.0% (22.6)",
        "oppScoring": "45.8% (27.3) // 41.6% (22.4) // 39.2% (23.5) // 40.9% (24.9)",
        "oppCorsiAgainst": "53.8% (64.9) // 56.0% (66.2) // 60.5% (76.6) // 60.9% (77.5)",
        "oppFenwickAgainst": "53.4% (46.1) // 54.5% (44.5) // 60.0% (53.8) // 60.3% (54.0)",
        "oppShotsAgainst": "54.2% (32.8) // 55.6% (30.4) // 61.2% (37.9) // 64.0% (40.2)",
        "oppScoringAgainst": "54.2% (32.4) // 58.4% (31.5) // 60.8% (36.5) // 59.1% (36.0)",
        "totalOver": 0,
        "totalOverLast5": 0,
        "totalOverLast15": 0,
        "lastTotalOver": 0,
        "last5": "0,0,0,0,0,0,0,0,0,0",
        "fd": "0",
        "dk": "+205",
        "kambi": "188",
        "lowest": "205 DK",
        "implied": 32.78688524590164,
        "overOdds": "+205",
        "underOdds": "0",
        "overUnder": "+205 / 0"
    },
    {
        "player": "Josh Anderson",
        "team": "MTL",
        "opponent": "PHI",
        "propType": "atgs",
        "line": 0.5,
        "ppLine": "PP2",
        "avg": 0.0,
        "hit": false,
        "diffAvg": 0,
        "diffAbs": 1.0,
        "lastAvg": 0.0,
        "diff": 0,
        "avgMin": 16,
        "proj": 0.0,
        "lastAvgMin": 16.95,
        "oppOver": 0,
        "teamOver": 0,
        "gameLine": "+154",
        "+/-": -10,
        "L5_+/-": -1.0,
        "prevMatchup": "2024-01-10 0.0 atgs",
        "winLossSplits": "0% - 0%",
        "awayHome": "A",
        "playedYesterday": "Y",
        "awayHomeSplits": "0% - 0%",
        "savesAboveExp": 0.232,
        "gsaa": 0.19,
        "corsi": "46.2% (55.8) // 44.0% (52.0) // 39.5% (49.9) // 39.1% (49.8)",
        "fenwick": "46.6% (40.3) // 45.5% (37.1) // 40.0% (35.8) // 39.7% (35.5)",
        "shots": "45.8% (27.7) // 44.4% (24.3) // 38.8% (24.0) // 36.0% (22.6)",
        "scoring": "45.8% (27.3) // 41.6% (22.4) // 39.2% (23.5) // 40.9% (24.9)",
        "corsiAgainst": "53.8% (64.9) // 56.0% (66.2) // 60.5% (76.6) // 60.9% (77.5)",
        "fenwickAgainst": "53.4% (46.1) // 54.5% (44.5) // 60.0% (53.8) // 60.3% (54.0)",
        "shotsAgainst": "54.2% (32.8) // 55.6% (30.4) // 61.2% (37.9) // 64.0% (40.2)",
        "scoringAgainst": "54.2% (32.4) // 58.4% (31.5) // 60.8% (36.5) // 59.1% (36.0)",
        "oppCorsi": "50.2% (60.6) // 51.7% (63.1) // 54.5% (68.5) // 56.7% (75.2)",
        "oppFenwick": "52.1% (44.9) // 52.6% (46.8) // 54.9% (50.1) // 56.4% (52.9)",
        "oppShots": "53.6% (32.7) // 53.9% (34.4) // 57.3% (37.9) // 59.0% (38.3)",
        "oppScoring": "48.9% (27.6) // 49.2% (28.3) // 51.6% (30.4) // 54.0% (33.1)",
        "oppCorsiAgainst": "49.8% (60.1) // 48.3% (59.0) // 45.5% (57.3) // 43.3% (57.4)",
        "oppFenwickAgainst": "47.9% (41.2) // 47.4% (42.2) // 45.1% (41.2) // 43.6% (40.9)",
        "oppShotsAgainst": "46.4% (28.3) // 46.1% (29.4) // 42.7% (28.3) // 41.0% (26.6)",
        "oppScoringAgainst": "51.1% (28.8) // 50.8% (29.2) // 48.4% (28.5) // 46.0% (28.2)",
        "totalOver": 0,
        "totalOverLast5": 0,
        "totalOverLast15": 0,
        "lastTotalOver": 0,
        "last5": "0,0,0,0,0,0,0,0,0,0",
        "fd": "0",
        "dk": "+310",
        "kambi": "325",
        "lowest": "325 BR",
        "implied": 23.52941176470588,
        "overOdds": "+310",
        "underOdds": "0",
        "overUnder": "+310 / 0"
    },
    {
        "player": "Juraj Slafkovsky",
        "team": "MTL",
        "opponent": "PHI",
        "propType": "atgs",
        "line": 0.5,
        "ppLine": "PP1",
        "avg": 0.0,
        "hit": false,
        "diffAvg": 0,
        "diffAbs": 1.0,
        "lastAvg": 0.0,
        "diff": 0,
        "avgMin": 16,
        "proj": 0.0,
        "lastAvgMin": 12.2,
        "oppOver": 0,
        "teamOver": 0,
        "gameLine": "+154",
        "+/-": -7,
        "L5_+/-": -1.0,
        "prevMatchup": "2024-01-10 0.0 atgs",
        "winLossSplits": "0% - 0%",
        "awayHome": "A",
        "playedYesterday": "Y",
        "awayHomeSplits": "0% - 0%",
        "savesAboveExp": 0.232,
        "gsaa": 0.19,
        "corsi": "46.2% (55.8) // 44.0% (52.0) // 39.5% (49.9) // 39.1% (49.8)",
        "fenwick": "46.6% (40.3) // 45.5% (37.1) // 40.0% (35.8) // 39.7% (35.5)",
        "shots": "45.8% (27.7) // 44.4% (24.3) // 38.8% (24.0) // 36.0% (22.6)",
        "scoring": "45.8% (27.3) // 41.6% (22.4) // 39.2% (23.5) // 40.9% (24.9)",
        "corsiAgainst": "53.8% (64.9) // 56.0% (66.2) // 60.5% (76.6) // 60.9% (77.5)",
        "fenwickAgainst": "53.4% (46.1) // 54.5% (44.5) // 60.0% (53.8) // 60.3% (54.0)",
        "shotsAgainst": "54.2% (32.8) // 55.6% (30.4) // 61.2% (37.9) // 64.0% (40.2)",
        "scoringAgainst": "54.2% (32.4) // 58.4% (31.5) // 60.8% (36.5) // 59.1% (36.0)",
        "oppCorsi": "50.2% (60.6) // 51.7% (63.1) // 54.5% (68.5) // 56.7% (75.2)",
        "oppFenwick": "52.1% (44.9) // 52.6% (46.8) // 54.9% (50.1) // 56.4% (52.9)",
        "oppShots": "53.6% (32.7) // 53.9% (34.4) // 57.3% (37.9) // 59.0% (38.3)",
        "oppScoring": "48.9% (27.6) // 49.2% (28.3) // 51.6% (30.4) // 54.0% (33.1)",
        "oppCorsiAgainst": "49.8% (60.1) // 48.3% (59.0) // 45.5% (57.3) // 43.3% (57.4)",
        "oppFenwickAgainst": "47.9% (41.2) // 47.4% (42.2) // 45.1% (41.2) // 43.6% (40.9)",
        "oppShotsAgainst": "46.4% (28.3) // 46.1% (29.4) // 42.7% (28.3) // 41.0% (26.6)",
        "oppScoringAgainst": "51.1% (28.8) // 50.8% (29.2) // 48.4% (28.5) // 46.0% (28.2)",
        "totalOver": 0,
        "totalOverLast5": 0,
        "totalOverLast15": 0,
        "lastTotalOver": 0,
        "last5": "0,0,0,0,0,0,0,0,0,0",
        "fd": "0",
        "dk": "+285",
        "kambi": "310",
        "lowest": "310 BR",
        "implied": 24.390243902439025,
        "overOdds": "+285",
        "underOdds": "0",
        "overUnder": "+285 / 0"
    },
    {
        "player": "Mike Matheson",
        "team": "MTL",
        "opponent": "PHI",
        "propType": "atgs",
        "line": 0.5,
        "ppLine": "PP1",
        "avg": 0.0,
        "hit": false,
        "diffAvg": 0,
        "diffAbs": 1.0,
        "lastAvg": 0.0,
        "diff": 0,
        "avgMin": 25,
        "proj": 0.0,
        "lastAvgMin": 24.45,
        "oppOver": 0,
        "teamOver": 0,
        "gameLine": "+154",
        "+/-": -9,
        "L5_+/-": "+1.0",
        "prevMatchup": "2024-01-10 0.0 atgs",
        "winLossSplits": "0% - 0%",
        "awayHome": "A",
        "playedYesterday": "Y",
        "awayHomeSplits": "0% - 0%",
        "savesAboveExp": 0.232,
        "gsaa": 0.19,
        "corsi": "46.2% (55.8) // 44.0% (52.0) // 39.5% (49.9) // 39.1% (49.8)",
        "fenwick": "46.6% (40.3) // 45.5% (37.1) // 40.0% (35.8) // 39.7% (35.5)",
        "shots": "45.8% (27.7) // 44.4% (24.3) // 38.8% (24.0) // 36.0% (22.6)",
        "scoring": "45.8% (27.3) // 41.6% (22.4) // 39.2% (23.5) // 40.9% (24.9)",
        "corsiAgainst": "53.8% (64.9) // 56.0% (66.2) // 60.5% (76.6) // 60.9% (77.5)",
        "fenwickAgainst": "53.4% (46.1) // 54.5% (44.5) // 60.0% (53.8) // 60.3% (54.0)",
        "shotsAgainst": "54.2% (32.8) // 55.6% (30.4) // 61.2% (37.9) // 64.0% (40.2)",
        "scoringAgainst": "54.2% (32.4) // 58.4% (31.5) // 60.8% (36.5) // 59.1% (36.0)",
        "oppCorsi": "50.2% (60.6) // 51.7% (63.1) // 54.5% (68.5) // 56.7% (75.2)",
        "oppFenwick": "52.1% (44.9) // 52.6% (46.8) // 54.9% (50.1) // 56.4% (52.9)",
        "oppShots": "53.6% (32.7) // 53.9% (34.4) // 57.3% (37.9) // 59.0% (38.3)",
        "oppScoring": "48.9% (27.6) // 49.2% (28.3) // 51.6% (30.4) // 54.0% (33.1)",
        "oppCorsiAgainst": "49.8% (60.1) // 48.3% (59.0) // 45.5% (57.3) // 43.3% (57.4)",
        "oppFenwickAgainst": "47.9% (41.2) // 47.4% (42.2) // 45.1% (41.2) // 43.6% (40.9)",
        "oppShotsAgainst": "46.4% (28.3) // 46.1% (29.4) // 42.7% (28.3) // 41.0% (26.6)",
        "oppScoringAgainst": "51.1% (28.8) // 50.8% (29.2) // 48.4% (28.5) // 46.0% (28.2)",
        "totalOver": 0,
        "totalOverLast5": 0,
        "totalOverLast15": 0,
        "lastTotalOver": 0,
        "last5": "0,0,0,0,0,0,0,0,0,0",
        "fd": "0",
        "dk": "+550",
        "kambi": "0",
        "lowest": "550 DK",
        "implied": 15.384615384615385,
        "overOdds": "+550",
        "underOdds": "0",
        "overUnder": "+550 / 0"
    },
    {
        "player": "Morgan Frost",
        "team": "PHI",
        "opponent": "MTL",
        "propType": "atgs",
        "line": 0.5,
        "ppLine": "",
        "avg": 0.0,
        "hit": false,
        "diffAvg": 0,
        "diffAbs": 1.0,
        "lastAvg": 0.0,
        "diff": 0,
        "avgMin": 15,
        "proj": 0.0,
        "lastAvgMin": 16.33,
        "oppOver": 0,
        "teamOver": 0,
        "gameLine": "-185",
        "+/-": "+5",
        "L5_+/-": -1.0,
        "prevMatchup": "2024-01-10 0.0 atgs",
        "winLossSplits": "0% - 0%",
        "awayHome": "H",
        "playedYesterday": "Y",
        "awayHomeSplits": "0% - 0%",
        "savesAboveExp": "-",
        "gsaa": 0.52,
        "corsi": "50.2% (60.6) // 51.7% (63.1) // 54.5% (68.5) // 56.7% (75.2)",
        "fenwick": "52.1% (44.9) // 52.6% (46.8) // 54.9% (50.1) // 56.4% (52.9)",
        "shots": "53.6% (32.7) // 53.9% (34.4) // 57.3% (37.9) // 59.0% (38.3)",
        "scoring": "48.9% (27.6) // 49.2% (28.3) // 51.6% (30.4) // 54.0% (33.1)",
        "corsiAgainst": "49.8% (60.1) // 48.3% (59.0) // 45.5% (57.3) // 43.3% (57.4)",
        "fenwickAgainst": "47.9% (41.2) // 47.4% (42.2) // 45.1% (41.2) // 43.6% (40.9)",
        "shotsAgainst": "46.4% (28.3) // 46.1% (29.4) // 42.7% (28.3) // 41.0% (26.6)",
        "scoringAgainst": "51.1% (28.8) // 50.8% (29.2) // 48.4% (28.5) // 46.0% (28.2)",
        "oppCorsi": "46.2% (55.8) // 44.0% (52.0) // 39.5% (49.9) // 39.1% (49.8)",
        "oppFenwick": "46.6% (40.3) // 45.5% (37.1) // 40.0% (35.8) // 39.7% (35.5)",
        "oppShots": "45.8% (27.7) // 44.4% (24.3) // 38.8% (24.0) // 36.0% (22.6)",
        "oppScoring": "45.8% (27.3) // 41.6% (22.4) // 39.2% (23.5) // 40.9% (24.9)",
        "oppCorsiAgainst": "53.8% (64.9) // 56.0% (66.2) // 60.5% (76.6) // 60.9% (77.5)",
        "oppFenwickAgainst": "53.4% (46.1) // 54.5% (44.5) // 60.0% (53.8) // 60.3% (54.0)",
        "oppShotsAgainst": "54.2% (32.8) // 55.6% (30.4) // 61.2% (37.9) // 64.0% (40.2)",
        "oppScoringAgainst": "54.2% (32.4) // 58.4% (31.5) // 60.8% (36.5) // 59.1% (36.0)",
        "totalOver": 0,
        "totalOverLast5": 0,
        "totalOverLast15": 0,
        "lastTotalOver": 0,
        "last5": "0,0,0,0,0,0,0,0,0,0",
        "fd": "0",
        "dk": "+340",
        "kambi": "240",
        "lowest": "340 DK",
        "implied": 22.727272727272727,
        "overOdds": "+340",
        "underOdds": "0",
        "overUnder": "+340 / 0"
    },
    {
        "player": "Nick Suzuki",
        "team": "MTL",
        "opponent": "PHI",
        "propType": "atgs",
        "line": 0.5,
        "ppLine": "PP1",
        "avg": 0.0,
        "hit": false,
        "diffAvg": 0,
        "diffAbs": 1.0,
        "lastAvg": 0.0,
        "diff": 0,
        "avgMin": 21,
        "proj": 0.0,
        "lastAvgMin": 21.08,
        "oppOver": 0,
        "teamOver": 0,
        "gameLine": "+154",
        "+/-": -10,
        "L5_+/-": -3.0,
        "prevMatchup": "2024-01-10 0.0 atgs",
        "winLossSplits": "0% - 0%",
        "awayHome": "A",
        "playedYesterday": "Y",
        "awayHomeSplits": "0% - 0%",
        "savesAboveExp": 0.232,
        "gsaa": 0.19,
        "corsi": "46.2% (55.8) // 44.0% (52.0) // 39.5% (49.9) // 39.1% (49.8)",
        "fenwick": "46.6% (40.3) // 45.5% (37.1) // 40.0% (35.8) // 39.7% (35.5)",
        "shots": "45.8% (27.7) // 44.4% (24.3) // 38.8% (24.0) // 36.0% (22.6)",
        "scoring": "45.8% (27.3) // 41.6% (22.4) // 39.2% (23.5) // 40.9% (24.9)",
        "corsiAgainst": "53.8% (64.9) // 56.0% (66.2) // 60.5% (76.6) // 60.9% (77.5)",
        "fenwickAgainst": "53.4% (46.1) // 54.5% (44.5) // 60.0% (53.8) // 60.3% (54.0)",
        "shotsAgainst": "54.2% (32.8) // 55.6% (30.4) // 61.2% (37.9) // 64.0% (40.2)",
        "scoringAgainst": "54.2% (32.4) // 58.4% (31.5) // 60.8% (36.5) // 59.1% (36.0)",
        "oppCorsi": "50.2% (60.6) // 51.7% (63.1) // 54.5% (68.5) // 56.7% (75.2)",
        "oppFenwick": "52.1% (44.9) // 52.6% (46.8) // 54.9% (50.1) // 56.4% (52.9)",
        "oppShots": "53.6% (32.7) // 53.9% (34.4) // 57.3% (37.9) // 59.0% (38.3)",
        "oppScoring": "48.9% (27.6) // 49.2% (28.3) // 51.6% (30.4) // 54.0% (33.1)",
        "oppCorsiAgainst": "49.8% (60.1) // 48.3% (59.0) // 45.5% (57.3) // 43.3% (57.4)",
        "oppFenwickAgainst": "47.9% (41.2) // 47.4% (42.2) // 45.1% (41.2) // 43.6% (40.9)",
        "oppShotsAgainst": "46.4% (28.3) // 46.1% (29.4) // 42.7% (28.3) // 41.0% (26.6)",
        "oppScoringAgainst": "51.1% (28.8) // 50.8% (29.2) // 48.4% (28.5) // 46.0% (28.2)",
        "totalOver": 0,
        "totalOverLast5": 0,
        "totalOverLast15": 0,
        "lastTotalOver": 0,
        "last5": "0,0,0,0,0,0,0,0,0,0",
        "fd": "0",
        "dk": "+205",
        "kambi": "195",
        "lowest": "205 DK",
        "implied": 32.78688524590164,
        "overOdds": "+205",
        "underOdds": "0",
        "overUnder": "+205 / 0"
    },
    {
        "player": "Owen Tippett",
        "team": "PHI",
        "opponent": "MTL",
        "propType": "atgs",
        "line": 0.5,
        "ppLine": "",
        "avg": 0.0,
        "hit": false,
        "diffAvg": 0,
        "diffAbs": 1.0,
        "lastAvg": 0.0,
        "diff": 0,
        "avgMin": 15,
        "proj": 0.0,
        "lastAvgMin": 17.42,
        "oppOver": 0,
        "teamOver": 0,
        "gameLine": "-185",
        "+/-": -6,
        "L5_+/-": -9.0,
        "prevMatchup": "2024-01-10 0.0 atgs",
        "winLossSplits": "0% - 0%",
        "awayHome": "H",
        "playedYesterday": "Y",
        "awayHomeSplits": "0% - 0%",
        "savesAboveExp": "-",
        "gsaa": 0.52,
        "corsi": "50.2% (60.6) // 51.7% (63.1) // 54.5% (68.5) // 56.7% (75.2)",
        "fenwick": "52.1% (44.9) // 52.6% (46.8) // 54.9% (50.1) // 56.4% (52.9)",
        "shots": "53.6% (32.7) // 53.9% (34.4) // 57.3% (37.9) // 59.0% (38.3)",
        "scoring": "48.9% (27.6) // 49.2% (28.3) // 51.6% (30.4) // 54.0% (33.1)",
        "corsiAgainst": "49.8% (60.1) // 48.3% (59.0) // 45.5% (57.3) // 43.3% (57.4)",
        "fenwickAgainst": "47.9% (41.2) // 47.4% (42.2) // 45.1% (41.2) // 43.6% (40.9)",
        "shotsAgainst": "46.4% (28.3) // 46.1% (29.4) // 42.7% (28.3) // 41.0% (26.6)",
        "scoringAgainst": "51.1% (28.8) // 50.8% (29.2) // 48.4% (28.5) // 46.0% (28.2)",
        "oppCorsi": "46.2% (55.8) // 44.0% (52.0) // 39.5% (49.9) // 39.1% (49.8)",
        "oppFenwick": "46.6% (40.3) // 45.5% (37.1) // 40.0% (35.8) // 39.7% (35.5)",
        "oppShots": "45.8% (27.7) // 44.4% (24.3) // 38.8% (24.0) // 36.0% (22.6)",
        "oppScoring": "45.8% (27.3) // 41.6% (22.4) // 39.2% (23.5) // 40.9% (24.9)",
        "oppCorsiAgainst": "53.8% (64.9) // 56.0% (66.2) // 60.5% (76.6) // 60.9% (77.5)",
        "oppFenwickAgainst": "53.4% (46.1) // 54.5% (44.5) // 60.0% (53.8) // 60.3% (54.0)",
        "oppShotsAgainst": "54.2% (32.8) // 55.6% (30.4) // 61.2% (37.9) // 64.0% (40.2)",
        "oppScoringAgainst": "54.2% (32.4) // 58.4% (31.5) // 60.8% (36.5) // 59.1% (36.0)",
        "totalOver": 0,
        "totalOverLast5": 0,
        "totalOverLast15": 0,
        "lastTotalOver": 0,
        "last5": "0,0,0,0,0,0,0,0,0,0",
        "fd": "0",
        "dk": "+160",
        "kambi": "180",
        "lowest": "180 BR",
        "implied": 35.714285714285715,
        "overOdds": "+160",
        "underOdds": "0",
        "overUnder": "+160 / 0"
    },
    {
        "player": "Scott Laughton",
        "team": "PHI",
        "opponent": "MTL",
        "propType": "atgs",
        "line": 0.5,
        "ppLine": "",
        "avg": 0.0,
        "hit": false,
        "diffAvg": 0,
        "diffAbs": 1.0,
        "lastAvg": 0.0,
        "diff": 0,
        "avgMin": 15,
        "proj": 0.0,
        "lastAvgMin": 18.28,
        "oppOver": 0,
        "teamOver": 0,
        "gameLine": "-185",
        "+/-": -2,
        "L5_+/-": -2.0,
        "prevMatchup": "2024-01-10 0.0 atgs",
        "winLossSplits": "0% - 0%",
        "awayHome": "H",
        "playedYesterday": "Y",
        "awayHomeSplits": "0% - 0%",
        "savesAboveExp": "-",
        "gsaa": 0.52,
        "corsi": "50.2% (60.6) // 51.7% (63.1) // 54.5% (68.5) // 56.7% (75.2)",
        "fenwick": "52.1% (44.9) // 52.6% (46.8) // 54.9% (50.1) // 56.4% (52.9)",
        "shots": "53.6% (32.7) // 53.9% (34.4) // 57.3% (37.9) // 59.0% (38.3)",
        "scoring": "48.9% (27.6) // 49.2% (28.3) // 51.6% (30.4) // 54.0% (33.1)",
        "corsiAgainst": "49.8% (60.1) // 48.3% (59.0) // 45.5% (57.3) // 43.3% (57.4)",
        "fenwickAgainst": "47.9% (41.2) // 47.4% (42.2) // 45.1% (41.2) // 43.6% (40.9)",
        "shotsAgainst": "46.4% (28.3) // 46.1% (29.4) // 42.7% (28.3) // 41.0% (26.6)",
        "scoringAgainst": "51.1% (28.8) // 50.8% (29.2) // 48.4% (28.5) // 46.0% (28.2)",
        "oppCorsi": "46.2% (55.8) // 44.0% (52.0) // 39.5% (49.9) // 39.1% (49.8)",
        "oppFenwick": "46.6% (40.3) // 45.5% (37.1) // 40.0% (35.8) // 39.7% (35.5)",
        "oppShots": "45.8% (27.7) // 44.4% (24.3) // 38.8% (24.0) // 36.0% (22.6)",
        "oppScoring": "45.8% (27.3) // 41.6% (22.4) // 39.2% (23.5) // 40.9% (24.9)",
        "oppCorsiAgainst": "53.8% (64.9) // 56.0% (66.2) // 60.5% (76.6) // 60.9% (77.5)",
        "oppFenwickAgainst": "53.4% (46.1) // 54.5% (44.5) // 60.0% (53.8) // 60.3% (54.0)",
        "oppShotsAgainst": "54.2% (32.8) // 55.6% (30.4) // 61.2% (37.9) // 64.0% (40.2)",
        "oppScoringAgainst": "54.2% (32.4) // 58.4% (31.5) // 60.8% (36.5) // 59.1% (36.0)",
        "totalOver": 0,
        "totalOverLast5": 0,
        "totalOverLast15": 0,
        "lastTotalOver": 0,
        "last5": "0,0,0,0,0,0,0,0,0,0",
        "fd": "0",
        "dk": "+380",
        "kambi": "295",
        "lowest": "380 DK",
        "implied": 20.833333333333336,
        "overOdds": "+380",
        "underOdds": "0",
        "overUnder": "+380 / 0"
    },
    {
        "player": "Sean Couturier",
        "team": "PHI",
        "opponent": "MTL",
        "propType": "atgs",
        "line": 0.5,
        "ppLine": "",
        "avg": 0.0,
        "hit": false,
        "diffAvg": 0,
        "diffAbs": 1.0,
        "lastAvg": 0,
        "diff": 0,
        "avgMin": 19,
        "proj": 0.0,
        "lastAvgMin": 0,
        "oppOver": 0,
        "teamOver": 0,
        "gameLine": "-185",
        "+/-": "+10",
        "L5_+/-": "+2.0",
        "prevMatchup": "2024-01-10 0.0 atgs",
        "winLossSplits": "0% - 0%",
        "awayHome": "H",
        "playedYesterday": "Y",
        "awayHomeSplits": "0% - 0%",
        "savesAboveExp": "-",
        "gsaa": 0.52,
        "corsi": "50.2% (60.6) // 51.7% (63.1) // 54.5% (68.5) // 56.7% (75.2)",
        "fenwick": "52.1% (44.9) // 52.6% (46.8) // 54.9% (50.1) // 56.4% (52.9)",
        "shots": "53.6% (32.7) // 53.9% (34.4) // 57.3% (37.9) // 59.0% (38.3)",
        "scoring": "48.9% (27.6) // 49.2% (28.3) // 51.6% (30.4) // 54.0% (33.1)",
        "corsiAgainst": "49.8% (60.1) // 48.3% (59.0) // 45.5% (57.3) // 43.3% (57.4)",
        "fenwickAgainst": "47.9% (41.2) // 47.4% (42.2) // 45.1% (41.2) // 43.6% (40.9)",
        "shotsAgainst": "46.4% (28.3) // 46.1% (29.4) // 42.7% (28.3) // 41.0% (26.6)",
        "scoringAgainst": "51.1% (28.8) // 50.8% (29.2) // 48.4% (28.5) // 46.0% (28.2)",
        "oppCorsi": "46.2% (55.8) // 44.0% (52.0) // 39.5% (49.9) // 39.1% (49.8)",
        "oppFenwick": "46.6% (40.3) // 45.5% (37.1) // 40.0% (35.8) // 39.7% (35.5)",
        "oppShots": "45.8% (27.7) // 44.4% (24.3) // 38.8% (24.0) // 36.0% (22.6)",
        "oppScoring": "45.8% (27.3) // 41.6% (22.4) // 39.2% (23.5) // 40.9% (24.9)",
        "oppCorsiAgainst": "53.8% (64.9) // 56.0% (66.2) // 60.5% (76.6) // 60.9% (77.5)",
        "oppFenwickAgainst": "53.4% (46.1) // 54.5% (44.5) // 60.0% (53.8) // 60.3% (54.0)",
        "oppShotsAgainst": "54.2% (32.8) // 55.6% (30.4) // 61.2% (37.9) // 64.0% (40.2)",
        "oppScoringAgainst": "54.2% (32.4) // 58.4% (31.5) // 60.8% (36.5) // 59.1% (36.0)",
        "totalOver": 0,
        "totalOverLast5": 0,
        "totalOverLast15": 0,
        "lastTotalOver": 0,
        "last5": "0,0,0,0,0,0,0,0,0,0",
        "fd": "0",
        "dk": "+180",
        "kambi": "160",
        "lowest": "180 DK",
        "implied": 35.714285714285715,
        "overOdds": "+180",
        "underOdds": "0",
        "overUnder": "+180 / 0"
    },
    {
        "player": "Sean Monahan",
        "team": "MTL",
        "opponent": "PHI",
        "propType": "atgs",
        "line": 0.5,
        "ppLine": "PP1",
        "avg": 0.0,
        "hit": false,
        "diffAvg": 0,
        "diffAbs": 1.0,
        "lastAvg": 0.0,
        "diff": 0,
        "avgMin": 18,
        "proj": 0.0,
        "lastAvgMin": 17.37,
        "oppOver": 0,
        "teamOver": 0,
        "gameLine": "+154",
        "+/-": -8,
        "L5_+/-": -1.0,
        "prevMatchup": "2024-01-10 0.0 atgs",
        "winLossSplits": "0% - 0%",
        "awayHome": "A",
        "playedYesterday": "Y",
        "awayHomeSplits": "0% - 0%",
        "savesAboveExp": 0.232,
        "gsaa": 0.19,
        "corsi": "46.2% (55.8) // 44.0% (52.0) // 39.5% (49.9) // 39.1% (49.8)",
        "fenwick": "46.6% (40.3) // 45.5% (37.1) // 40.0% (35.8) // 39.7% (35.5)",
        "shots": "45.8% (27.7) // 44.4% (24.3) // 38.8% (24.0) // 36.0% (22.6)",
        "scoring": "45.8% (27.3) // 41.6% (22.4) // 39.2% (23.5) // 40.9% (24.9)",
        "corsiAgainst": "53.8% (64.9) // 56.0% (66.2) // 60.5% (76.6) // 60.9% (77.5)",
        "fenwickAgainst": "53.4% (46.1) // 54.5% (44.5) // 60.0% (53.8) // 60.3% (54.0)",
        "shotsAgainst": "54.2% (32.8) // 55.6% (30.4) // 61.2% (37.9) // 64.0% (40.2)",
        "scoringAgainst": "54.2% (32.4) // 58.4% (31.5) // 60.8% (36.5) // 59.1% (36.0)",
        "oppCorsi": "50.2% (60.6) // 51.7% (63.1) // 54.5% (68.5) // 56.7% (75.2)",
        "oppFenwick": "52.1% (44.9) // 52.6% (46.8) // 54.9% (50.1) // 56.4% (52.9)",
        "oppShots": "53.6% (32.7) // 53.9% (34.4) // 57.3% (37.9) // 59.0% (38.3)",
        "oppScoring": "48.9% (27.6) // 49.2% (28.3) // 51.6% (30.4) // 54.0% (33.1)",
        "oppCorsiAgainst": "49.8% (60.1) // 48.3% (59.0) // 45.5% (57.3) // 43.3% (57.4)",
        "oppFenwickAgainst": "47.9% (41.2) // 47.4% (42.2) // 45.1% (41.2) // 43.6% (40.9)",
        "oppShotsAgainst": "46.4% (28.3) // 46.1% (29.4) // 42.7% (28.3) // 41.0% (26.6)",
        "oppScoringAgainst": "51.1% (28.8) // 50.8% (29.2) // 48.4% (28.5) // 46.0% (28.2)",
        "totalOver": 0,
        "totalOverLast5": 0,
        "totalOverLast15": 0,
        "lastTotalOver": 0,
        "last5": "0,0,0,0,0,0,0,0,0,0",
        "fd": "0",
        "dk": "+265",
        "kambi": "235",
        "lowest": "265 DK",
        "implied": 27.397260273972602,
        "overOdds": "+265",
        "underOdds": "0",
        "overUnder": "+265 / 0"
    },
    {
        "player": "Travis Konecny",
        "team": "PHI",
        "opponent": "MTL",
        "propType": "atgs",
        "line": 0.5,
        "ppLine": "",
        "avg": 0.0,
        "hit": false,
        "diffAvg": 0,
        "diffAbs": 1.0,
        "lastAvg": 0.0,
        "diff": 0,
        "avgMin": 19,
        "proj": 0.0,
        "lastAvgMin": 20.1,
        "oppOver": 0,
        "teamOver": 0,
        "gameLine": "-185",
        "+/-": "+15",
        "L5_+/-": "+3.0",
        "prevMatchup": "2024-01-10 0.0 atgs",
        "winLossSplits": "0% - 0%",
        "awayHome": "H",
        "playedYesterday": "Y",
        "awayHomeSplits": "0% - 0%",
        "savesAboveExp": "-",
        "gsaa": 0.52,
        "corsi": "50.2% (60.6) // 51.7% (63.1) // 54.5% (68.5) // 56.7% (75.2)",
        "fenwick": "52.1% (44.9) // 52.6% (46.8) // 54.9% (50.1) // 56.4% (52.9)",
        "shots": "53.6% (32.7) // 53.9% (34.4) // 57.3% (37.9) // 59.0% (38.3)",
        "scoring": "48.9% (27.6) // 49.2% (28.3) // 51.6% (30.4) // 54.0% (33.1)",
        "corsiAgainst": "49.8% (60.1) // 48.3% (59.0) // 45.5% (57.3) // 43.3% (57.4)",
        "fenwickAgainst": "47.9% (41.2) // 47.4% (42.2) // 45.1% (41.2) // 43.6% (40.9)",
        "shotsAgainst": "46.4% (28.3) // 46.1% (29.4) // 42.7% (28.3) // 41.0% (26.6)",
        "scoringAgainst": "51.1% (28.8) // 50.8% (29.2) // 48.4% (28.5) // 46.0% (28.2)",
        "oppCorsi": "46.2% (55.8) // 44.0% (52.0) // 39.5% (49.9) // 39.1% (49.8)",
        "oppFenwick": "46.6% (40.3) // 45.5% (37.1) // 40.0% (35.8) // 39.7% (35.5)",
        "oppShots": "45.8% (27.7) // 44.4% (24.3) // 38.8% (24.0) // 36.0% (22.6)",
        "oppScoring": "45.8% (27.3) // 41.6% (22.4) // 39.2% (23.5) // 40.9% (24.9)",
        "oppCorsiAgainst": "53.8% (64.9) // 56.0% (66.2) // 60.5% (76.6) // 60.9% (77.5)",
        "oppFenwickAgainst": "53.4% (46.1) // 54.5% (44.5) // 60.0% (53.8) // 60.3% (54.0)",
        "oppShotsAgainst": "54.2% (32.8) // 55.6% (30.4) // 61.2% (37.9) // 64.0% (40.2)",
        "oppScoringAgainst": "54.2% (32.4) // 58.4% (31.5) // 60.8% (36.5) // 59.1% (36.0)",
        "totalOver": 0,
        "totalOverLast5": 0,
        "totalOverLast15": 0,
        "lastTotalOver": 0,
        "last5": "0,0,0,0,0,0,0,0,0,0",
        "fd": "0",
        "dk": "+130",
        "kambi": "117",
        "lowest": "130 DK",
        "implied": 43.47826086956522,
        "overOdds": "+130",
        "underOdds": "0",
        "overUnder": "+130 / 0"
    },
    {
        "player": "Travis Sanheim",
        "team": "PHI",
        "opponent": "MTL",
        "propType": "atgs",
        "line": 0.5,
        "ppLine": "",
        "avg": 0.0,
        "hit": false,
        "diffAvg": 0,
        "diffAbs": 1.0,
        "lastAvg": 0.0,
        "diff": 0,
        "avgMin": 24,
        "proj": 0.0,
        "lastAvgMin": 20.4,
        "oppOver": 0,
        "teamOver": 0,
        "gameLine": "-185",
        "+/-": -10,
        "L5_+/-": -3.0,
        "prevMatchup": "2024-01-10 0.0 atgs",
        "winLossSplits": "0% - 0%",
        "awayHome": "H",
        "playedYesterday": "Y",
        "awayHomeSplits": "0% - 0%",
        "savesAboveExp": "-",
        "gsaa": 0.52,
        "corsi": "50.2% (60.6) // 51.7% (63.1) // 54.5% (68.5) // 56.7% (75.2)",
        "fenwick": "52.1% (44.9) // 52.6% (46.8) // 54.9% (50.1) // 56.4% (52.9)",
        "shots": "53.6% (32.7) // 53.9% (34.4) // 57.3% (37.9) // 59.0% (38.3)",
        "scoring": "48.9% (27.6) // 49.2% (28.3) // 51.6% (30.4) // 54.0% (33.1)",
        "corsiAgainst": "49.8% (60.1) // 48.3% (59.0) // 45.5% (57.3) // 43.3% (57.4)",
        "fenwickAgainst": "47.9% (41.2) // 47.4% (42.2) // 45.1% (41.2) // 43.6% (40.9)",
        "shotsAgainst": "46.4% (28.3) // 46.1% (29.4) // 42.7% (28.3) // 41.0% (26.6)",
        "scoringAgainst": "51.1% (28.8) // 50.8% (29.2) // 48.4% (28.5) // 46.0% (28.2)",
        "oppCorsi": "46.2% (55.8) // 44.0% (52.0) // 39.5% (49.9) // 39.1% (49.8)",
        "oppFenwick": "46.6% (40.3) // 45.5% (37.1) // 40.0% (35.8) // 39.7% (35.5)",
        "oppShots": "45.8% (27.7) // 44.4% (24.3) // 38.8% (24.0) // 36.0% (22.6)",
        "oppScoring": "45.8% (27.3) // 41.6% (22.4) // 39.2% (23.5) // 40.9% (24.9)",
        "oppCorsiAgainst": "53.8% (64.9) // 56.0% (66.2) // 60.5% (76.6) // 60.9% (77.5)",
        "oppFenwickAgainst": "53.4% (46.1) // 54.5% (44.5) // 60.0% (53.8) // 60.3% (54.0)",
        "oppShotsAgainst": "54.2% (32.8) // 55.6% (30.4) // 61.2% (37.9) // 64.0% (40.2)",
        "oppScoringAgainst": "54.2% (32.4) // 58.4% (31.5) // 60.8% (36.5) // 59.1% (36.0)",
        "totalOver": 0,
        "totalOverLast5": 0,
        "totalOverLast15": 0,
        "lastTotalOver": 0,
        "last5": "0,0,0,0,0,0,0,0,0,0",
        "fd": "0",
        "dk": "+800",
        "kambi": "460",
        "lowest": "800 DK",
        "implied": 11.11111111111111,
        "overOdds": "+800",
        "underOdds": "0",
        "overUnder": "+800 / 0"
    },
    {
        "player": "Tyson Foerster",
        "team": "PHI",
        "opponent": "MTL",
        "propType": "atgs",
        "line": 0.5,
        "ppLine": "",
        "avg": 0.0,
        "hit": false,
        "diffAvg": 0,
        "diffAbs": 1.0,
        "lastAvg": 0,
        "diff": 0,
        "avgMin": 16,
        "proj": 0.0,
        "lastAvgMin": 0,
        "oppOver": 0,
        "teamOver": 0,
        "gameLine": "-185",
        "+/-": "+4",
        "L5_+/-": -3.0,
        "prevMatchup": "2024-01-10 0.0 atgs",
        "winLossSplits": "0% - 0%",
        "awayHome": "H",
        "playedYesterday": "Y",
        "awayHomeSplits": "0% - 0%",
        "savesAboveExp": "-",
        "gsaa": 0.52,
        "corsi": "50.2% (60.6) // 51.7% (63.1) // 54.5% (68.5) // 56.7% (75.2)",
        "fenwick": "52.1% (44.9) // 52.6% (46.8) // 54.9% (50.1) // 56.4% (52.9)",
        "shots": "53.6% (32.7) // 53.9% (34.4) // 57.3% (37.9) // 59.0% (38.3)",
        "scoring": "48.9% (27.6) // 49.2% (28.3) // 51.6% (30.4) // 54.0% (33.1)",
        "corsiAgainst": "49.8% (60.1) // 48.3% (59.0) // 45.5% (57.3) // 43.3% (57.4)",
        "fenwickAgainst": "47.9% (41.2) // 47.4% (42.2) // 45.1% (41.2) // 43.6% (40.9)",
        "shotsAgainst": "46.4% (28.3) // 46.1% (29.4) // 42.7% (28.3) // 41.0% (26.6)",
        "scoringAgainst": "51.1% (28.8) // 50.8% (29.2) // 48.4% (28.5) // 46.0% (28.2)",
        "oppCorsi": "46.2% (55.8) // 44.0% (52.0) // 39.5% (49.9) // 39.1% (49.8)",
        "oppFenwick": "46.6% (40.3) // 45.5% (37.1) // 40.0% (35.8) // 39.7% (35.5)",
        "oppShots": "45.8% (27.7) // 44.4% (24.3) // 38.8% (24.0) // 36.0% (22.6)",
        "oppScoring": "45.8% (27.3) // 41.6% (22.4) // 39.2% (23.5) // 40.9% (24.9)",
        "oppCorsiAgainst": "53.8% (64.9) // 56.0% (66.2) // 60.5% (76.6) // 60.9% (77.5)",
        "oppFenwickAgainst": "53.4% (46.1) // 54.5% (44.5) // 60.0% (53.8) // 60.3% (54.0)",
        "oppShotsAgainst": "54.2% (32.8) // 55.6% (30.4) // 61.2% (37.9) // 64.0% (40.2)",
        "oppScoringAgainst": "54.2% (32.4) // 58.4% (31.5) // 60.8% (36.5) // 59.1% (36.0)",
        "totalOver": 0,
        "totalOverLast5": 0,
        "totalOverLast15": 0,
        "lastTotalOver": 0,
        "last5": "0,0,0,0,0,0,0,0,0,0",
        "fd": "0",
        "dk": "+300",
        "kambi": "255",
        "lowest": "300 DK",
        "implied": 25.0,
        "overOdds": "+300",
        "underOdds": "0",
        "overUnder": "+300 / 0"
    },
    {
        "player": "Brendan Gallagher",
        "team": "MTL",
        "opponent": "PHI",
        "propType": "atgs",
        "line": 0.5,
        "ppLine": "PP2",
        "avg": 0.0,
        "hit": false,
        "diffAvg": 0,
        "diffAbs": 1.0,
        "lastAvg": 0.0,
        "diff": 0,
        "avgMin": 14,
        "proj": 0.0,
        "lastAvgMin": 14.27,
        "oppOver": 0,
        "teamOver": 0,
        "gameLine": "+154",
        "+/-": -18,
        "L5_+/-": -6.0,
        "prevMatchup": "2024-01-10 0.0 atgs",
        "winLossSplits": "0% - 0%",
        "awayHome": "A",
        "playedYesterday": "Y",
        "awayHomeSplits": "0% - 0%",
        "savesAboveExp": 0.232,
        "gsaa": 0.19,
        "corsi": "46.2% (55.8) // 44.0% (52.0) // 39.5% (49.9) // 39.1% (49.8)",
        "fenwick": "46.6% (40.3) // 45.5% (37.1) // 40.0% (35.8) // 39.7% (35.5)",
        "shots": "45.8% (27.7) // 44.4% (24.3) // 38.8% (24.0) // 36.0% (22.6)",
        "scoring": "45.8% (27.3) // 41.6% (22.4) // 39.2% (23.5) // 40.9% (24.9)",
        "corsiAgainst": "53.8% (64.9) // 56.0% (66.2) // 60.5% (76.6) // 60.9% (77.5)",
        "fenwickAgainst": "53.4% (46.1) // 54.5% (44.5) // 60.0% (53.8) // 60.3% (54.0)",
        "shotsAgainst": "54.2% (32.8) // 55.6% (30.4) // 61.2% (37.9) // 64.0% (40.2)",
        "scoringAgainst": "54.2% (32.4) // 58.4% (31.5) // 60.8% (36.5) // 59.1% (36.0)",
        "oppCorsi": "50.2% (60.6) // 51.7% (63.1) // 54.5% (68.5) // 56.7% (75.2)",
        "oppFenwick": "52.1% (44.9) // 52.6% (46.8) // 54.9% (50.1) // 56.4% (52.9)",
        "oppShots": "53.6% (32.7) // 53.9% (34.4) // 57.3% (37.9) // 59.0% (38.3)",
        "oppScoring": "48.9% (27.6) // 49.2% (28.3) // 51.6% (30.4) // 54.0% (33.1)",
        "oppCorsiAgainst": "49.8% (60.1) // 48.3% (59.0) // 45.5% (57.3) // 43.3% (57.4)",
        "oppFenwickAgainst": "47.9% (41.2) // 47.4% (42.2) // 45.1% (41.2) // 43.6% (40.9)",
        "oppShotsAgainst": "46.4% (28.3) // 46.1% (29.4) // 42.7% (28.3) // 41.0% (26.6)",
        "oppScoringAgainst": "51.1% (28.8) // 50.8% (29.2) // 48.4% (28.5) // 46.0% (28.2)",
        "totalOver": 0,
        "totalOverLast5": 0,
        "totalOverLast15": 0,
        "lastTotalOver": 0,
        "last5": "0,0,0,0,0,0,0,0,0,0",
        "fd": "0",
        "dk": "+320",
        "kambi": "325",
        "lowest": "325 BR",
        "implied": 23.52941176470588,
        "overOdds": "+320",
        "underOdds": "0",
        "overUnder": "+320 / 0"
    },
    {
        "player": "Bobby Brink",
        "team": "PHI",
        "opponent": "MTL",
        "propType": "atgs",
        "line": 0.5,
        "ppLine": "",
        "avg": 0.0,
        "hit": false,
        "diffAvg": 0,
        "diffAbs": 1.0,
        "lastAvg": 0,
        "diff": 0,
        "avgMin": 14,
        "proj": 0.0,
