[
    {
        "player": "Adam Lowry",
        "team": "WPG",
        "opponent": "MIN",
        "propType": "atgs",
        "line": 0.5,
        "ppLine": "",
        "avg": 0.0,
        "hit": false,
        "diffAvg": 0,
        "diffAbs": 1.0,
        "lastAvg": 0.0,
        "diff": 0,
        "avgMin": 15,
        "proj": 0.0,
        "lastAvgMin": 15.63,
        "oppOver": 0,
        "teamOver": 0,
        "gameLine": "-118",
        "+/-": "+9",
        "L5_+/-": 0.0,
        "prevMatchup": "2023-12-31 0.0 atgs 2023-12-30 0.0 atgs",
        "winLossSplits": "0% - 0%",
        "awayHome": "A",
        "playedYesterday": "Y",
        "awayHomeSplits": "0% - 0%",
        "savesAboveExp": 0.141,
        "gsaa": -4.19,
        "corsi": "50.8% (59.6) // 52.4% (65.7) // 53.8% (68.1) // 53.9% (68.1)",
        "fenwick": "51.3% (43.5) // 53.7% (48.6) // 55.2% (48.5) // 56.2% (49.1)",
        "shots": "52.0% (31.0) // 53.0% (32.5) // 54.1% (32.7) // 53.2% (32.6)",
        "scoring": "50.6% (27.9) // 53.1% (31.0) // 54.9% (31.7) // 54.4% (30.6)",
        "corsiAgainst": "49.2% (57.7) // 47.6% (59.8) // 46.2% (58.5) // 46.1% (58.3)",
        "fenwickAgainst": "48.7% (41.4) // 46.3% (42.0) // 44.8% (39.4) // 43.8% (38.2)",
        "shotsAgainst": "48.0% (28.5) // 47.0% (28.8) // 45.9% (27.7) // 46.8% (28.6)",
        "scoringAgainst": "49.4% (27.2) // 46.9% (27.4) // 45.1% (26.0) // 45.6% (25.7)",
        "oppCorsi": "50.8% (61.1) // 50.3% (59.7) // 52.1% (62.5) // 49.7% (61.3)",
        "oppFenwick": "50.6% (43.4) // 49.0% (41.8) // 52.2% (44.8) // 48.9% (42.3)",
        "oppShots": "50.0% (29.7) // 49.5% (29.0) // 54.0% (32.2) // 51.1% (31.0)",
        "oppScoring": "51.6% (30.0) // 52.1% (29.6) // 53.1% (29.5) // 48.0% (27.7)",
        "oppCorsiAgainst": "49.2% (59.1) // 49.7% (58.9) // 47.9% (57.5) // 50.3% (62.0)",
        "oppFenwickAgainst": "49.4% (42.3) // 51.0% (43.4) // 47.8% (41.0) // 51.1% (44.3)",
        "oppShotsAgainst": "50.0% (29.7) // 50.5% (29.6) // 46.0% (27.5) // 48.9% (29.7)",
        "oppScoringAgainst": "48.4% (28.1) // 47.9% (27.2) // 46.9% (26.0) // 52.0% (30.0)",
        "totalOver": 0,
        "totalOverLast5": 0,
        "totalOverLast15": 0,
        "lastTotalOver": 0,
        "last5": "0,0,0,0,0,0,0,0,0,0",
        "fd": "0",
        "dk": "+450",
        "kambi": "475",
        "lowest": "475 BR",
        "implied": 17.391304347826086,
        "overOdds": "+450",
        "underOdds": "0",
        "overUnder": "+450 / 0"
    },
    {
        "player": "Alex Iafallo",
        "team": "WPG",
        "opponent": "MIN",
        "propType": "atgs",
        "line": 0.5,
        "ppLine": "",
        "avg": 0.0,
        "hit": false,
        "diffAvg": 0,
        "diffAbs": 1.0,
        "lastAvg": 0.0,
        "diff": 0,
        "avgMin": 16,
        "proj": 0.0,
        "lastAvgMin": 16.3,
        "oppOver": 0,
        "teamOver": 0,
        "gameLine": "-118",
        "+/-": -2,
        "L5_+/-": "+2.0",
        "prevMatchup": "2023-12-31 0.0 atgs 2023-12-30 0.0 atgs",
        "winLossSplits": "0% - 0%",
        "awayHome": "A",
        "playedYesterday": "Y",
        "awayHomeSplits": "0% - 0%",
        "savesAboveExp": 0.141,
        "gsaa": -4.19,
        "corsi": "50.8% (59.6) // 52.4% (65.7) // 53.8% (68.1) // 53.9% (68.1)",
        "fenwick": "51.3% (43.5) // 53.7% (48.6) // 55.2% (48.5) // 56.2% (49.1)",
        "shots": "52.0% (31.0) // 53.0% (32.5) // 54.1% (32.7) // 53.2% (32.6)",
        "scoring": "50.6% (27.9) // 53.1% (31.0) // 54.9% (31.7) // 54.4% (30.6)",
        "corsiAgainst": "49.2% (57.7) // 47.6% (59.8) // 46.2% (58.5) // 46.1% (58.3)",
        "fenwickAgainst": "48.7% (41.4) // 46.3% (42.0) // 44.8% (39.4) // 43.8% (38.2)",
        "shotsAgainst": "48.0% (28.5) // 47.0% (28.8) // 45.9% (27.7) // 46.8% (28.6)",
        "scoringAgainst": "49.4% (27.2) // 46.9% (27.4) // 45.1% (26.0) // 45.6% (25.7)",
        "oppCorsi": "50.8% (61.1) // 50.3% (59.7) // 52.1% (62.5) // 49.7% (61.3)",
        "oppFenwick": "50.6% (43.4) // 49.0% (41.8) // 52.2% (44.8) // 48.9% (42.3)",
        "oppShots": "50.0% (29.7) // 49.5% (29.0) // 54.0% (32.2) // 51.1% (31.0)",
        "oppScoring": "51.6% (30.0) // 52.1% (29.6) // 53.1% (29.5) // 48.0% (27.7)",
        "oppCorsiAgainst": "49.2% (59.1) // 49.7% (58.9) // 47.9% (57.5) // 50.3% (62.0)",
        "oppFenwickAgainst": "49.4% (42.3) // 51.0% (43.4) // 47.8% (41.0) // 51.1% (44.3)",
        "oppShotsAgainst": "50.0% (29.7) // 50.5% (29.6) // 46.0% (27.5) // 48.9% (29.7)",
        "oppScoringAgainst": "48.4% (28.1) // 47.9% (27.2) // 46.9% (26.0) // 52.0% (30.0)",
        "totalOver": 0,
        "totalOverLast5": 0,
        "totalOverLast15": 0,
        "lastTotalOver": 0,
        "last5": "0,0,0,0,0,0,0,0,0,0",
        "fd": "0",
        "dk": "+295",
        "kambi": "295",
        "lowest": "295 DK",
        "implied": 25.31645569620253,
        "overOdds": "+295",
        "underOdds": "0",
        "overUnder": "+295 / 0"
    },
    {
        "player": "Brock Faber",
        "team": "MIN",
        "opponent": "WPG",
        "propType": "atgs",
        "line": 0.5,
        "ppLine": "",
        "avg": 0.0,
        "hit": false,
        "diffAvg": 0,
        "diffAbs": 1.0,
        "lastAvg": 0,
        "diff": 0,
        "avgMin": 24,
        "proj": 0.0,
        "lastAvgMin": 0,
        "oppOver": 0,
        "teamOver": 0,
        "gameLine": "-102",
        "+/-": "+11",
        "L5_+/-": "+4.0",
        "prevMatchup": "2023-12-31 0.0 atgs 2023-12-30 0.0 atgs",
        "winLossSplits": "0% - 0%",
        "awayHome": "H",
        "playedYesterday": "Y",
        "awayHomeSplits": "0% - 0%",
        "savesAboveExp": "-",
        "gsaa": 2.39,
        "corsi": "50.8% (61.1) // 50.3% (59.7) // 52.1% (62.5) // 49.7% (61.3)",
        "fenwick": "50.6% (43.4) // 49.0% (41.8) // 52.2% (44.8) // 48.9% (42.3)",
        "shots": "50.0% (29.7) // 49.5% (29.0) // 54.0% (32.2) // 51.1% (31.0)",
        "scoring": "51.6% (30.0) // 52.1% (29.6) // 53.1% (29.5) // 48.0% (27.7)",
        "corsiAgainst": "49.2% (59.1) // 49.7% (58.9) // 47.9% (57.5) // 50.3% (62.0)",
        "fenwickAgainst": "49.4% (42.3) // 51.0% (43.4) // 47.8% (41.0) // 51.1% (44.3)",
        "shotsAgainst": "50.0% (29.7) // 50.5% (29.6) // 46.0% (27.5) // 48.9% (29.7)",
        "scoringAgainst": "48.4% (28.1) // 47.9% (27.2) // 46.9% (26.0) // 52.0% (30.0)",
        "oppCorsi": "50.8% (59.6) // 52.4% (65.7) // 53.8% (68.1) // 53.9% (68.1)",
        "oppFenwick": "51.3% (43.5) // 53.7% (48.6) // 55.2% (48.5) // 56.2% (49.1)",
        "oppShots": "52.0% (31.0) // 53.0% (32.5) // 54.1% (32.7) // 53.2% (32.6)",
        "oppScoring": "50.6% (27.9) // 53.1% (31.0) // 54.9% (31.7) // 54.4% (30.6)",
        "oppCorsiAgainst": "49.2% (57.7) // 47.6% (59.8) // 46.2% (58.5) // 46.1% (58.3)",
        "oppFenwickAgainst": "48.7% (41.4) // 46.3% (42.0) // 44.8% (39.4) // 43.8% (38.2)",
        "oppShotsAgainst": "48.0% (28.5) // 47.0% (28.8) // 45.9% (27.7) // 46.8% (28.6)",
        "oppScoringAgainst": "49.4% (27.2) // 46.9% (27.4) // 45.1% (26.0) // 45.6% (25.7)",
        "totalOver": 0,
        "totalOverLast5": 0,
        "totalOverLast15": 0,
        "lastTotalOver": 0,
        "last5": "0,0,0,0,0,0,0,0,0,0",
        "fd": "0",
        "dk": "+650",
        "kambi": "540",
        "lowest": "650 DK",
        "implied": 13.333333333333334,
        "overOdds": "+650",
        "underOdds": "0",
        "overUnder": "+650 / 0"
    },
    {
        "player": "Cole Perfetti",
        "team": "WPG",
        "opponent": "MIN",
        "propType": "atgs",
        "line": 0.5,
        "ppLine": "",
        "avg": 0.0,
        "hit": false,
        "diffAvg": 0,
        "diffAbs": 1.0,
        "lastAvg": 0.0,
        "diff": 0,
        "avgMin": 14,
        "proj": 0.0,
        "lastAvgMin": 14.97,
        "oppOver": 0,
        "teamOver": 0,
        "gameLine": "-118",
        "+/-": "+10",
        "L5_+/-": "+3.0",
        "prevMatchup": "2023-12-31 0.0 atgs 2023-12-30 0.0 atgs",
        "winLossSplits": "0% - 0%",
        "awayHome": "A",
        "playedYesterday": "Y",
        "awayHomeSplits": "0% - 0%",
        "savesAboveExp": 0.141,
        "gsaa": -4.19,
        "corsi": "50.8% (59.6) // 52.4% (65.7) // 53.8% (68.1) // 53.9% (68.1)",
        "fenwick": "51.3% (43.5) // 53.7% (48.6) // 55.2% (48.5) // 56.2% (49.1)",
        "shots": "52.0% (31.0) // 53.0% (32.5) // 54.1% (32.7) // 53.2% (32.6)",
        "scoring": "50.6% (27.9) // 53.1% (31.0) // 54.9% (31.7) // 54.4% (30.6)",
        "corsiAgainst": "49.2% (57.7) // 47.6% (59.8) // 46.2% (58.5) // 46.1% (58.3)",
        "fenwickAgainst": "48.7% (41.4) // 46.3% (42.0) // 44.8% (39.4) // 43.8% (38.2)",
        "shotsAgainst": "48.0% (28.5) // 47.0% (28.8) // 45.9% (27.7) // 46.8% (28.6)",
        "scoringAgainst": "49.4% (27.2) // 46.9% (27.4) // 45.1% (26.0) // 45.6% (25.7)",
        "oppCorsi": "50.8% (61.1) // 50.3% (59.7) // 52.1% (62.5) // 49.7% (61.3)",
        "oppFenwick": "50.6% (43.4) // 49.0% (41.8) // 52.2% (44.8) // 48.9% (42.3)",
        "oppShots": "50.0% (29.7) // 49.5% (29.0) // 54.0% (32.2) // 51.1% (31.0)",
        "oppScoring": "51.6% (30.0) // 52.1% (29.6) // 53.1% (29.5) // 48.0% (27.7)",
        "oppCorsiAgainst": "49.2% (59.1) // 49.7% (58.9) // 47.9% (57.5) // 50.3% (62.0)",
        "oppFenwickAgainst": "49.4% (42.3) // 51.0% (43.4) // 47.8% (41.0) // 51.1% (44.3)",
        "oppShotsAgainst": "50.0% (29.7) // 50.5% (29.6) // 46.0% (27.5) // 48.9% (29.7)",
        "oppScoringAgainst": "48.4% (28.1) // 47.9% (27.2) // 46.9% (26.0) // 52.0% (30.0)",
        "totalOver": 0,
        "totalOverLast5": 0,
        "totalOverLast15": 0,
        "lastTotalOver": 0,
        "last5": "0,0,0,0,0,0,0,0,0,0",
        "fd": "0",
        "dk": "+260",
        "kambi": "230",
        "lowest": "260 DK",
        "implied": 27.77777777777778,
        "overOdds": "+260",
        "underOdds": "0",
        "overUnder": "+260 / 0"
    },
    {
        "player": "Gabriel Vilardi",
        "team": "WPG",
        "opponent": "MIN",
        "propType": "atgs",
        "line": 0.5,
        "ppLine": "",
        "avg": 0.0,
        "hit": false,
        "diffAvg": 0,
        "diffAbs": 1.0,
        "lastAvg": 0.0,
        "diff": 0,
        "avgMin": 17,
        "proj": 0.0,
        "lastAvgMin": 15.6,
        "oppOver": 0,
        "teamOver": 0,
        "gameLine": "-118",
        "+/-": "+12",
        "L5_+/-": "+12.0",
        "prevMatchup": "2023-12-31 0.0 atgs 2023-12-30 0.0 atgs",
        "winLossSplits": "0% - 0%",
        "awayHome": "A",
        "playedYesterday": "Y",
        "awayHomeSplits": "0% - 0%",
        "savesAboveExp": 0.141,
        "gsaa": -4.19,
        "corsi": "50.8% (59.6) // 52.4% (65.7) // 53.8% (68.1) // 53.9% (68.1)",
        "fenwick": "51.3% (43.5) // 53.7% (48.6) // 55.2% (48.5) // 56.2% (49.1)",
        "shots": "52.0% (31.0) // 53.0% (32.5) // 54.1% (32.7) // 53.2% (32.6)",
        "scoring": "50.6% (27.9) // 53.1% (31.0) // 54.9% (31.7) // 54.4% (30.6)",
        "corsiAgainst": "49.2% (57.7) // 47.6% (59.8) // 46.2% (58.5) // 46.1% (58.3)",
        "fenwickAgainst": "48.7% (41.4) // 46.3% (42.0) // 44.8% (39.4) // 43.8% (38.2)",
        "shotsAgainst": "48.0% (28.5) // 47.0% (28.8) // 45.9% (27.7) // 46.8% (28.6)",
        "scoringAgainst": "49.4% (27.2) // 46.9% (27.4) // 45.1% (26.0) // 45.6% (25.7)",
        "oppCorsi": "50.8% (61.1) // 50.3% (59.7) // 52.1% (62.5) // 49.7% (61.3)",
        "oppFenwick": "50.6% (43.4) // 49.0% (41.8) // 52.2% (44.8) // 48.9% (42.3)",
        "oppShots": "50.0% (29.7) // 49.5% (29.0) // 54.0% (32.2) // 51.1% (31.0)",
        "oppScoring": "51.6% (30.0) // 52.1% (29.6) // 53.1% (29.5) // 48.0% (27.7)",
        "oppCorsiAgainst": "49.2% (59.1) // 49.7% (58.9) // 47.9% (57.5) // 50.3% (62.0)",
        "oppFenwickAgainst": "49.4% (42.3) // 51.0% (43.4) // 47.8% (41.0) // 51.1% (44.3)",
        "oppShotsAgainst": "50.0% (29.7) // 50.5% (29.6) // 46.0% (27.5) // 48.9% (29.7)",
        "oppScoringAgainst": "48.4% (28.1) // 47.9% (27.2) // 46.9% (26.0) // 52.0% (30.0)",
        "totalOver": 0,
        "totalOverLast5": 0,
        "totalOverLast15": 0,
        "lastTotalOver": 0,
        "last5": "0,0,0,0,0,0,0,0,0,0",
        "fd": "0",
        "dk": "+170",
        "kambi": "148",
        "lowest": "170 DK",
        "implied": 37.03703703703704,
        "overOdds": "+170",
        "underOdds": "0",
        "overUnder": "+170 / 0"
    },
    {
        "player": "Jared Spurgeon",
        "team": "MIN",
        "opponent": "WPG",
        "propType": "atgs",
        "line": 0.5,
        "ppLine": "",
        "avg": 0.0,
        "hit": false,
        "diffAvg": 0,
        "diffAbs": 1.0,
        "lastAvg": 0.0,
        "diff": 0,
        "avgMin": 23,
        "proj": 0.0,
        "lastAvgMin": 21.8,
        "oppOver": 0,
        "teamOver": 0,
        "gameLine": "-102",
        "+/-": "+6",
        "L5_+/-": "+8.0",
        "prevMatchup": "2023-12-31 0.0 atgs 2023-12-30 0.0 atgs",
        "winLossSplits": "0% - 0%",
        "awayHome": "H",
        "playedYesterday": "Y",
        "awayHomeSplits": "0% - 0%",
        "savesAboveExp": "-",
        "gsaa": 2.39,
        "corsi": "50.8% (61.1) // 50.3% (59.7) // 52.1% (62.5) // 49.7% (61.3)",
        "fenwick": "50.6% (43.4) // 49.0% (41.8) // 52.2% (44.8) // 48.9% (42.3)",
        "shots": "50.0% (29.7) // 49.5% (29.0) // 54.0% (32.2) // 51.1% (31.0)",
        "scoring": "51.6% (30.0) // 52.1% (29.6) // 53.1% (29.5) // 48.0% (27.7)",
        "corsiAgainst": "49.2% (59.1) // 49.7% (58.9) // 47.9% (57.5) // 50.3% (62.0)",
        "fenwickAgainst": "49.4% (42.3) // 51.0% (43.4) // 47.8% (41.0) // 51.1% (44.3)",
        "shotsAgainst": "50.0% (29.7) // 50.5% (29.6) // 46.0% (27.5) // 48.9% (29.7)",
        "scoringAgainst": "48.4% (28.1) // 47.9% (27.2) // 46.9% (26.0) // 52.0% (30.0)",
        "oppCorsi": "50.8% (59.6) // 52.4% (65.7) // 53.8% (68.1) // 53.9% (68.1)",
        "oppFenwick": "51.3% (43.5) // 53.7% (48.6) // 55.2% (48.5) // 56.2% (49.1)",
        "oppShots": "52.0% (31.0) // 53.0% (32.5) // 54.1% (32.7) // 53.2% (32.6)",
        "oppScoring": "50.6% (27.9) // 53.1% (31.0) // 54.9% (31.7) // 54.4% (30.6)",
        "oppCorsiAgainst": "49.2% (57.7) // 47.6% (59.8) // 46.2% (58.5) // 46.1% (58.3)",
        "oppFenwickAgainst": "48.7% (41.4) // 46.3% (42.0) // 44.8% (39.4) // 43.8% (38.2)",
        "oppShotsAgainst": "48.0% (28.5) // 47.0% (28.8) // 45.9% (27.7) // 46.8% (28.6)",
        "oppScoringAgainst": "49.4% (27.2) // 46.9% (27.4) // 45.1% (26.0) // 45.6% (25.7)",
        "totalOver": 0,
        "totalOverLast5": 0,
        "totalOverLast15": 0,
        "lastTotalOver": 0,
        "last5": "0,0,0,0,0,0,0,0,0,0",
        "fd": "0",
        "dk": "+800",
        "kambi": "540",
        "lowest": "800 DK",
        "implied": 11.11111111111111,
        "overOdds": "+800",
        "underOdds": "0",
        "overUnder": "+800 / 0"
    },
    {
        "player": "Joel Eriksson Ek",
        "team": "MIN",
        "opponent": "WPG",
        "propType": "atgs",
        "line": 0.5,
        "ppLine": "",
        "avg": 0.0,
        "hit": false,
        "diffAvg": 0,
        "diffAbs": 1.0,
        "lastAvg": 0.0,
        "diff": 0,
        "avgMin": 20,
        "proj": 0.0,
        "lastAvgMin": 18.98,
        "oppOver": 0,
        "teamOver": 0,
        "gameLine": "-102",
        "+/-": "+12",
        "L5_+/-": "+8.0",
        "prevMatchup": "2023-12-31 0.0 atgs 2023-12-30 0.0 atgs",
        "winLossSplits": "0% - 0%",
        "awayHome": "H",
        "playedYesterday": "Y",
        "awayHomeSplits": "0% - 0%",
        "savesAboveExp": "-",
        "gsaa": 2.39,
        "corsi": "50.8% (61.1) // 50.3% (59.7) // 52.1% (62.5) // 49.7% (61.3)",
        "fenwick": "50.6% (43.4) // 49.0% (41.8) // 52.2% (44.8) // 48.9% (42.3)",
        "shots": "50.0% (29.7) // 49.5% (29.0) // 54.0% (32.2) // 51.1% (31.0)",
        "scoring": "51.6% (30.0) // 52.1% (29.6) // 53.1% (29.5) // 48.0% (27.7)",
        "corsiAgainst": "49.2% (59.1) // 49.7% (58.9) // 47.9% (57.5) // 50.3% (62.0)",
        "fenwickAgainst": "49.4% (42.3) // 51.0% (43.4) // 47.8% (41.0) // 51.1% (44.3)",
        "shotsAgainst": "50.0% (29.7) // 50.5% (29.6) // 46.0% (27.5) // 48.9% (29.7)",
        "scoringAgainst": "48.4% (28.1) // 47.9% (27.2) // 46.9% (26.0) // 52.0% (30.0)",
        "oppCorsi": "50.8% (59.6) // 52.4% (65.7) // 53.8% (68.1) // 53.9% (68.1)",
        "oppFenwick": "51.3% (43.5) // 53.7% (48.6) // 55.2% (48.5) // 56.2% (49.1)",
        "oppShots": "52.0% (31.0) // 53.0% (32.5) // 54.1% (32.7) // 53.2% (32.6)",
        "oppScoring": "50.6% (27.9) // 53.1% (31.0) // 54.9% (31.7) // 54.4% (30.6)",
        "oppCorsiAgainst": "49.2% (57.7) // 47.6% (59.8) // 46.2% (58.5) // 46.1% (58.3)",
        "oppFenwickAgainst": "48.7% (41.4) // 46.3% (42.0) // 44.8% (39.4) // 43.8% (38.2)",
        "oppShotsAgainst": "48.0% (28.5) // 47.0% (28.8) // 45.9% (27.7) // 46.8% (28.6)",
        "oppScoringAgainst": "49.4% (27.2) // 46.9% (27.4) // 45.1% (26.0) // 45.6% (25.7)",
        "totalOver": 0,
        "totalOverLast5": 0,
        "totalOverLast15": 0,
        "lastTotalOver": 0,
        "last5": "0,0,0,0,0,0,0,0,0,0",
        "fd": "0",
        "dk": "+145",
        "kambi": "132",
        "lowest": "145 DK",
        "implied": 40.816326530612244,
        "overOdds": "+145",
        "underOdds": "0",
        "overUnder": "+145 / 0"
    },
    {
        "player": "Josh Morrissey",
        "team": "WPG",
        "opponent": "MIN",
        "propType": "atgs",
        "line": 0.5,
        "ppLine": "",
        "avg": 0.0,
        "hit": false,
        "diffAvg": 0,
        "diffAbs": 1.0,
        "lastAvg": 0.0,
        "diff": 0,
        "avgMin": 24,
        "proj": 0.0,
        "lastAvgMin": 24.22,
        "oppOver": 0,
        "teamOver": 0,
        "gameLine": "-118",
        "+/-": "+21",
        "L5_+/-": "+12.0",
        "prevMatchup": "2023-12-31 0.0 atgs 2023-12-30 0.0 atgs",
        "winLossSplits": "0% - 0%",
        "awayHome": "A",
        "playedYesterday": "Y",
        "awayHomeSplits": "0% - 0%",
        "savesAboveExp": 0.141,
        "gsaa": -4.19,
        "corsi": "50.8% (59.6) // 52.4% (65.7) // 53.8% (68.1) // 53.9% (68.1)",
        "fenwick": "51.3% (43.5) // 53.7% (48.6) // 55.2% (48.5) // 56.2% (49.1)",
        "shots": "52.0% (31.0) // 53.0% (32.5) // 54.1% (32.7) // 53.2% (32.6)",
        "scoring": "50.6% (27.9) // 53.1% (31.0) // 54.9% (31.7) // 54.4% (30.6)",
        "corsiAgainst": "49.2% (57.7) // 47.6% (59.8) // 46.2% (58.5) // 46.1% (58.3)",
        "fenwickAgainst": "48.7% (41.4) // 46.3% (42.0) // 44.8% (39.4) // 43.8% (38.2)",
        "shotsAgainst": "48.0% (28.5) // 47.0% (28.8) // 45.9% (27.7) // 46.8% (28.6)",
        "scoringAgainst": "49.4% (27.2) // 46.9% (27.4) // 45.1% (26.0) // 45.6% (25.7)",
        "oppCorsi": "50.8% (61.1) // 50.3% (59.7) // 52.1% (62.5) // 49.7% (61.3)",
        "oppFenwick": "50.6% (43.4) // 49.0% (41.8) // 52.2% (44.8) // 48.9% (42.3)",
        "oppShots": "50.0% (29.7) // 49.5% (29.0) // 54.0% (32.2) // 51.1% (31.0)",
        "oppScoring": "51.6% (30.0) // 52.1% (29.6) // 53.1% (29.5) // 48.0% (27.7)",
        "oppCorsiAgainst": "49.2% (59.1) // 49.7% (58.9) // 47.9% (57.5) // 50.3% (62.0)",
        "oppFenwickAgainst": "49.4% (42.3) // 51.0% (43.4) // 47.8% (41.0) // 51.1% (44.3)",
        "oppShotsAgainst": "50.0% (29.7) // 50.5% (29.6) // 46.0% (27.5) // 48.9% (29.7)",
        "oppScoringAgainst": "48.4% (28.1) // 47.9% (27.2) // 46.9% (26.0) // 52.0% (30.0)",
        "totalOver": 0,
        "totalOverLast5": 0,
        "totalOverLast15": 0,
        "lastTotalOver": 0,
        "last5": "0,0,0,0,0,0,0,0,0,0",
        "fd": "0",
        "dk": "+425",
        "kambi": "0",
        "lowest": "425 DK",
        "implied": 19.047619047619047,
        "overOdds": "+425",
        "underOdds": "0",
        "overUnder": "+425 / 0"
    },
    {
        "player": "Marco Rossi",
        "team": "MIN",
        "opponent": "WPG",
        "propType": "atgs",
        "line": 0.5,
        "ppLine": "",
        "avg": 0.0,
        "hit": false,
        "diffAvg": 0,
        "diffAbs": 1.0,
        "lastAvg": 0.0,
        "diff": 0,
        "avgMin": 16,
        "proj": 0.0,
        "lastAvgMin": 12.52,
        "oppOver": 0,
        "teamOver": 0,
        "gameLine": "-102",
        "+/-": "+9",
        "L5_+/-": "+5.0",
        "prevMatchup": "2023-12-31 0.0 atgs 2023-12-30 0.0 atgs",
        "winLossSplits": "0% - 0%",
        "awayHome": "H",
        "playedYesterday": "Y",
        "awayHomeSplits": "0% - 0%",
        "savesAboveExp": "-",
        "gsaa": 2.39,
        "corsi": "50.8% (61.1) // 50.3% (59.7) // 52.1% (62.5) // 49.7% (61.3)",
        "fenwick": "50.6% (43.4) // 49.0% (41.8) // 52.2% (44.8) // 48.9% (42.3)",
        "shots": "50.0% (29.7) // 49.5% (29.0) // 54.0% (32.2) // 51.1% (31.0)",
        "scoring": "51.6% (30.0) // 52.1% (29.6) // 53.1% (29.5) // 48.0% (27.7)",
        "corsiAgainst": "49.2% (59.1) // 49.7% (58.9) // 47.9% (57.5) // 50.3% (62.0)",
        "fenwickAgainst": "49.4% (42.3) // 51.0% (43.4) // 47.8% (41.0) // 51.1% (44.3)",
        "shotsAgainst": "50.0% (29.7) // 50.5% (29.6) // 46.0% (27.5) // 48.9% (29.7)",
        "scoringAgainst": "48.4% (28.1) // 47.9% (27.2) // 46.9% (26.0) // 52.0% (30.0)",
        "oppCorsi": "50.8% (59.6) // 52.4% (65.7) // 53.8% (68.1) // 53.9% (68.1)",
        "oppFenwick": "51.3% (43.5) // 53.7% (48.6) // 55.2% (48.5) // 56.2% (49.1)",
        "oppShots": "52.0% (31.0) // 53.0% (32.5) // 54.1% (32.7) // 53.2% (32.6)",
        "oppScoring": "50.6% (27.9) // 53.1% (31.0) // 54.9% (31.7) // 54.4% (30.6)",
        "oppCorsiAgainst": "49.2% (57.7) // 47.6% (59.8) // 46.2% (58.5) // 46.1% (58.3)",
        "oppFenwickAgainst": "48.7% (41.4) // 46.3% (42.0) // 44.8% (39.4) // 43.8% (38.2)",
        "oppShotsAgainst": "48.0% (28.5) // 47.0% (28.8) // 45.9% (27.7) // 46.8% (28.6)",
        "oppScoringAgainst": "49.4% (27.2) // 46.9% (27.4) // 45.1% (26.0) // 45.6% (25.7)",
        "totalOver": 0,
        "totalOverLast5": 0,
        "totalOverLast15": 0,
        "lastTotalOver": 0,
        "last5": "0,0,0,0,0,0,0,0,0,0",
        "fd": "0",
        "dk": "+235",
        "kambi": "255",
        "lowest": "255 BR",
        "implied": 28.169014084507044,
        "overOdds": "+235",
        "underOdds": "0",
        "overUnder": "+235 / 0"
    },
    {
        "player": "Marcus Johansson",
        "team": "MIN",
        "opponent": "WPG",
        "propType": "atgs",
        "line": 0.5,
        "ppLine": "",
        "avg": 0.0,
        "hit": false,
        "diffAvg": 0,
        "diffAbs": 1.0,
        "lastAvg": 0.0,
        "diff": 0,
        "avgMin": 16,
        "proj": 0.0,
        "lastAvgMin": 16.48,
        "oppOver": 0,
        "teamOver": 0,
        "gameLine": "-102",
        "+/-": "+3",
        "L5_+/-": "+5.0",
        "prevMatchup": "2023-12-31 0.0 atgs 2023-12-30 0.0 atgs",
        "winLossSplits": "0% - 0%",
        "awayHome": "H",
        "playedYesterday": "Y",
        "awayHomeSplits": "0% - 0%",
        "savesAboveExp": "-",
        "gsaa": 2.39,
        "corsi": "50.8% (61.1) // 50.3% (59.7) // 52.1% (62.5) // 49.7% (61.3)",
        "fenwick": "50.6% (43.4) // 49.0% (41.8) // 52.2% (44.8) // 48.9% (42.3)",
        "shots": "50.0% (29.7) // 49.5% (29.0) // 54.0% (32.2) // 51.1% (31.0)",
        "scoring": "51.6% (30.0) // 52.1% (29.6) // 53.1% (29.5) // 48.0% (27.7)",
        "corsiAgainst": "49.2% (59.1) // 49.7% (58.9) // 47.9% (57.5) // 50.3% (62.0)",
        "fenwickAgainst": "49.4% (42.3) // 51.0% (43.4) // 47.8% (41.0) // 51.1% (44.3)",
        "shotsAgainst": "50.0% (29.7) // 50.5% (29.6) // 46.0% (27.5) // 48.9% (29.7)",
        "scoringAgainst": "48.4% (28.1) // 47.9% (27.2) // 46.9% (26.0) // 52.0% (30.0)",
        "oppCorsi": "50.8% (59.6) // 52.4% (65.7) // 53.8% (68.1) // 53.9% (68.1)",
        "oppFenwick": "51.3% (43.5) // 53.7% (48.6) // 55.2% (48.5) // 56.2% (49.1)",
        "oppShots": "52.0% (31.0) // 53.0% (32.5) // 54.1% (32.7) // 53.2% (32.6)",
        "oppScoring": "50.6% (27.9) // 53.1% (31.0) // 54.9% (31.7) // 54.4% (30.6)",
        "oppCorsiAgainst": "49.2% (57.7) // 47.6% (59.8) // 46.2% (58.5) // 46.1% (58.3)",
        "oppFenwickAgainst": "48.7% (41.4) // 46.3% (42.0) // 44.8% (39.4) // 43.8% (38.2)",
        "oppShotsAgainst": "48.0% (28.5) // 47.0% (28.8) // 45.9% (27.7) // 46.8% (28.6)",
        "oppScoringAgainst": "49.4% (27.2) // 46.9% (27.4) // 45.1% (26.0) // 45.6% (25.7)",
        "totalOver": 0,
        "totalOverLast5": 0,
        "totalOverLast15": 0,
        "lastTotalOver": 0,
        "last5": "0,0,0,0,0,0,0,0,0,0",
        "fd": "0",
        "dk": "+340",
        "kambi": "300",
        "lowest": "340 DK",
        "implied": 22.727272727272727,
        "overOdds": "+340",
        "underOdds": "0",
        "overUnder": "+340 / 0"
    },
    {
        "player": "Mark Scheifele",
        "team": "WPG",
        "opponent": "MIN",
        "propType": "atgs",
        "line": 0.5,
        "ppLine": "",
        "avg": 0.0,
        "hit": false,
        "diffAvg": 0,
        "diffAbs": 1.0,
        "lastAvg": 0.0,
        "diff": 0,
        "avgMin": 20,
        "proj": 0.0,
        "lastAvgMin": 20.47,
        "oppOver": 0,
        "teamOver": 0,
        "gameLine": "-118",
        "+/-": "+14",
        "L5_+/-": "+13.0",
        "prevMatchup": "2023-12-31 0.0 atgs 2023-12-30 0.0 atgs",
        "winLossSplits": "0% - 0%",
        "awayHome": "A",
        "playedYesterday": "Y",
        "awayHomeSplits": "0% - 0%",
        "savesAboveExp": 0.141,
        "gsaa": -4.19,
        "corsi": "50.8% (59.6) // 52.4% (65.7) // 53.8% (68.1) // 53.9% (68.1)",
        "fenwick": "51.3% (43.5) // 53.7% (48.6) // 55.2% (48.5) // 56.2% (49.1)",
        "shots": "52.0% (31.0) // 53.0% (32.5) // 54.1% (32.7) // 53.2% (32.6)",
        "scoring": "50.6% (27.9) // 53.1% (31.0) // 54.9% (31.7) // 54.4% (30.6)",
        "corsiAgainst": "49.2% (57.7) // 47.6% (59.8) // 46.2% (58.5) // 46.1% (58.3)",
        "fenwickAgainst": "48.7% (41.4) // 46.3% (42.0) // 44.8% (39.4) // 43.8% (38.2)",
        "shotsAgainst": "48.0% (28.5) // 47.0% (28.8) // 45.9% (27.7) // 46.8% (28.6)",
        "scoringAgainst": "49.4% (27.2) // 46.9% (27.4) // 45.1% (26.0) // 45.6% (25.7)",
        "oppCorsi": "50.8% (61.1) // 50.3% (59.7) // 52.1% (62.5) // 49.7% (61.3)",
        "oppFenwick": "50.6% (43.4) // 49.0% (41.8) // 52.2% (44.8) // 48.9% (42.3)",
        "oppShots": "50.0% (29.7) // 49.5% (29.0) // 54.0% (32.2) // 51.1% (31.0)",
        "oppScoring": "51.6% (30.0) // 52.1% (29.6) // 53.1% (29.5) // 48.0% (27.7)",
        "oppCorsiAgainst": "49.2% (59.1) // 49.7% (58.9) // 47.9% (57.5) // 50.3% (62.0)",
        "oppFenwickAgainst": "49.4% (42.3) // 51.0% (43.4) // 47.8% (41.0) // 51.1% (44.3)",
        "oppShotsAgainst": "50.0% (29.7) // 50.5% (29.6) // 46.0% (27.5) // 48.9% (29.7)",
        "oppScoringAgainst": "48.4% (28.1) // 47.9% (27.2) // 46.9% (26.0) // 52.0% (30.0)",
        "totalOver": 0,
        "totalOverLast5": 0,
        "totalOverLast15": 0,
        "lastTotalOver": 0,
        "last5": "0,0,0,0,0,0,0,0,0,0",
        "fd": "0",
        "dk": "+150",
        "kambi": "148",
        "lowest": "150 DK",
        "implied": 40.0,
        "overOdds": "+150",
        "underOdds": "0",
        "overUnder": "+150 / 0"
    },
    {
        "player": "Matthew Boldy",
        "team": "MIN",
        "opponent": "WPG",
        "propType": "atgs",
        "line": 0.5,
        "ppLine": "",
        "avg": 0.0,
        "hit": false,
        "diffAvg": 0,
        "diffAbs": 1.0,
        "lastAvg": 0.0,
        "diff": 0,
        "avgMin": 17,
        "proj": 0.0,
        "lastAvgMin": 18.48,
        "oppOver": 0,
        "teamOver": 0,
        "gameLine": "-102",
        "+/-": "+5",
        "L5_+/-": "+5.0",
        "prevMatchup": "2023-12-31 0.0 atgs 2023-12-30 0.0 atgs",
        "winLossSplits": "0% - 0%",
        "awayHome": "H",
        "playedYesterday": "Y",
        "awayHomeSplits": "0% - 0%",
        "savesAboveExp": "-",
        "gsaa": 2.39,
        "corsi": "50.8% (61.1) // 50.3% (59.7) // 52.1% (62.5) // 49.7% (61.3)",
        "fenwick": "50.6% (43.4) // 49.0% (41.8) // 52.2% (44.8) // 48.9% (42.3)",
        "shots": "50.0% (29.7) // 49.5% (29.0) // 54.0% (32.2) // 51.1% (31.0)",
        "scoring": "51.6% (30.0) // 52.1% (29.6) // 53.1% (29.5) // 48.0% (27.7)",
        "corsiAgainst": "49.2% (59.1) // 49.7% (58.9) // 47.9% (57.5) // 50.3% (62.0)",
        "fenwickAgainst": "49.4% (42.3) // 51.0% (43.4) // 47.8% (41.0) // 51.1% (44.3)",
        "shotsAgainst": "50.0% (29.7) // 50.5% (29.6) // 46.0% (27.5) // 48.9% (29.7)",
        "scoringAgainst": "48.4% (28.1) // 47.9% (27.2) // 46.9% (26.0) // 52.0% (30.0)",
        "oppCorsi": "50.8% (59.6) // 52.4% (65.7) // 53.8% (68.1) // 53.9% (68.1)",
        "oppFenwick": "51.3% (43.5) // 53.7% (48.6) // 55.2% (48.5) // 56.2% (49.1)",
        "oppShots": "52.0% (31.0) // 53.0% (32.5) // 54.1% (32.7) // 53.2% (32.6)",
        "oppScoring": "50.6% (27.9) // 53.1% (31.0) // 54.9% (31.7) // 54.4% (30.6)",
        "oppCorsiAgainst": "49.2% (57.7) // 47.6% (59.8) // 46.2% (58.5) // 46.1% (58.3)",
        "oppFenwickAgainst": "48.7% (41.4) // 46.3% (42.0) // 44.8% (39.4) // 43.8% (38.2)",
        "oppShotsAgainst": "48.0% (28.5) // 47.0% (28.8) // 45.9% (27.7) // 46.8% (28.6)",
        "oppScoringAgainst": "49.4% (27.2) // 46.9% (27.4) // 45.1% (26.0) // 45.6% (25.7)",
        "totalOver": 0,
        "totalOverLast5": 0,
        "totalOverLast15": 0,
        "lastTotalOver": 0,
        "last5": "0,0,0,0,0,0,0,0,0,0",
        "fd": "0",
        "dk": "+160",
        "kambi": "155",
        "lowest": "160 DK",
        "implied": 38.46153846153847,
        "overOdds": "+160",
        "underOdds": "0",
        "overUnder": "+160 / 0"
    },
    {
        "player": "Nikolaj Ehlers",
        "team": "WPG",
        "opponent": "MIN",
        "propType": "atgs",
        "line": 0.5,
        "ppLine": "",
        "avg": 0.0,
        "hit": false,
        "diffAvg": 0,
        "diffAbs": 1.0,
        "lastAvg": 0.0,
        "diff": 0,
        "avgMin": 16,
        "proj": 0.0,
        "lastAvgMin": 15.63,
        "oppOver": 0,
        "teamOver": 0,
        "gameLine": "-118",
        "+/-": "+16",
        "L5_+/-": "+12.0",
        "prevMatchup": "2023-12-31 0.0 atgs 2023-12-30 0.0 atgs",
        "winLossSplits": "0% - 0%",
        "awayHome": "A",
        "playedYesterday": "Y",
        "awayHomeSplits": "0% - 0%",
        "savesAboveExp": 0.141,
        "gsaa": -4.19,
        "corsi": "50.8% (59.6) // 52.4% (65.7) // 53.8% (68.1) // 53.9% (68.1)",
        "fenwick": "51.3% (43.5) // 53.7% (48.6) // 55.2% (48.5) // 56.2% (49.1)",
        "shots": "52.0% (31.0) // 53.0% (32.5) // 54.1% (32.7) // 53.2% (32.6)",
        "scoring": "50.6% (27.9) // 53.1% (31.0) // 54.9% (31.7) // 54.4% (30.6)",
        "corsiAgainst": "49.2% (57.7) // 47.6% (59.8) // 46.2% (58.5) // 46.1% (58.3)",
        "fenwickAgainst": "48.7% (41.4) // 46.3% (42.0) // 44.8% (39.4) // 43.8% (38.2)",
        "shotsAgainst": "48.0% (28.5) // 47.0% (28.8) // 45.9% (27.7) // 46.8% (28.6)",
        "scoringAgainst": "49.4% (27.2) // 46.9% (27.4) // 45.1% (26.0) // 45.6% (25.7)",
        "oppCorsi": "50.8% (61.1) // 50.3% (59.7) // 52.1% (62.5) // 49.7% (61.3)",
        "oppFenwick": "50.6% (43.4) // 49.0% (41.8) // 52.2% (44.8) // 48.9% (42.3)",
        "oppShots": "50.0% (29.7) // 49.5% (29.0) // 54.0% (32.2) // 51.1% (31.0)",
        "oppScoring": "51.6% (30.0) // 52.1% (29.6) // 53.1% (29.5) // 48.0% (27.7)",
        "oppCorsiAgainst": "49.2% (59.1) // 49.7% (58.9) // 47.9% (57.5) // 50.3% (62.0)",
        "oppFenwickAgainst": "49.4% (42.3) // 51.0% (43.4) // 47.8% (41.0) // 51.1% (44.3)",
        "oppShotsAgainst": "50.0% (29.7) // 50.5% (29.6) // 46.0% (27.5) // 48.9% (29.7)",
        "oppScoringAgainst": "48.4% (28.1) // 47.9% (27.2) // 46.9% (26.0) // 52.0% (30.0)",
        "totalOver": 0,
        "totalOverLast5": 0,
        "totalOverLast15": 0,
        "lastTotalOver": 0,
        "last5": "0,0,0,0,0,0,0,0,0,0",
        "fd": "0",
        "dk": "+160",
        "kambi": "163",
        "lowest": "163 BR",
        "implied": 38.02281368821293,
        "overOdds": "+160",
        "underOdds": "0",
        "overUnder": "+160 / 0"
    },
    {
        "player": "Nino Niederreiter",
        "team": "WPG",
        "opponent": "MIN",
        "propType": "atgs",
        "line": 0.5,
        "ppLine": "",
        "avg": 0.0,
        "hit": false,
        "diffAvg": 0,
        "diffAbs": 1.0,
        "lastAvg": 0.0,
        "diff": 0,
        "avgMin": 15,
        "proj": 0.0,
        "lastAvgMin": 16.28,
        "oppOver": 0,
        "teamOver": 0,
        "gameLine": "-118",
        "+/-": "+12",
        "L5_+/-": "+1.0",
        "prevMatchup": "2023-12-31 0.0 atgs 2023-12-30 0.0 atgs",
        "winLossSplits": "0% - 0%",
        "awayHome": "A",
        "playedYesterday": "Y",
        "awayHomeSplits": "0% - 0%",
        "savesAboveExp": 0.141,
        "gsaa": -4.19,
        "corsi": "50.8% (59.6) // 52.4% (65.7) // 53.8% (68.1) // 53.9% (68.1)",
        "fenwick": "51.3% (43.5) // 53.7% (48.6) // 55.2% (48.5) // 56.2% (49.1)",
        "shots": "52.0% (31.0) // 53.0% (32.5) // 54.1% (32.7) // 53.2% (32.6)",
        "scoring": "50.6% (27.9) // 53.1% (31.0) // 54.9% (31.7) // 54.4% (30.6)",
        "corsiAgainst": "49.2% (57.7) // 47.6% (59.8) // 46.2% (58.5) // 46.1% (58.3)",
        "fenwickAgainst": "48.7% (41.4) // 46.3% (42.0) // 44.8% (39.4) // 43.8% (38.2)",
        "shotsAgainst": "48.0% (28.5) // 47.0% (28.8) // 45.9% (27.7) // 46.8% (28.6)",
        "scoringAgainst": "49.4% (27.2) // 46.9% (27.4) // 45.1% (26.0) // 45.6% (25.7)",
        "oppCorsi": "50.8% (61.1) // 50.3% (59.7) // 52.1% (62.5) // 49.7% (61.3)",
        "oppFenwick": "50.6% (43.4) // 49.0% (41.8) // 52.2% (44.8) // 48.9% (42.3)",
        "oppShots": "50.0% (29.7) // 49.5% (29.0) // 54.0% (32.2) // 51.1% (31.0)",
        "oppScoring": "51.6% (30.0) // 52.1% (29.6) // 53.1% (29.5) // 48.0% (27.7)",
        "oppCorsiAgainst": "49.2% (59.1) // 49.7% (58.9) // 47.9% (57.5) // 50.3% (62.0)",
        "oppFenwickAgainst": "49.4% (42.3) // 51.0% (43.4) // 47.8% (41.0) // 51.1% (44.3)",
        "oppShotsAgainst": "50.0% (29.7) // 50.5% (29.6) // 46.0% (27.5) // 48.9% (29.7)",
        "oppScoringAgainst": "48.4% (28.1) // 47.9% (27.2) // 46.9% (26.0) // 52.0% (30.0)",
        "totalOver": 0,
        "totalOverLast5": 0,
        "totalOverLast15": 0,
        "lastTotalOver": 0,
        "last5": "0,0,0,0,0,0,0,0,0,0",
        "fd": "0",
        "dk": "+245",
        "kambi": "275",
        "lowest": "275 BR",
        "implied": 26.666666666666668,
        "overOdds": "+245",
        "underOdds": "0",
        "overUnder": "+245 / 0"
    },
    {
        "player": "Ryan Hartman",
        "team": "MIN",
        "opponent": "WPG",
        "propType": "atgs",
        "line": 0.5,
        "ppLine": "",
        "avg": 0.0,
        "hit": false,
        "diffAvg": 0,
        "diffAbs": 1.0,
        "lastAvg": 0.0,
        "diff": 0,
        "avgMin": 15,
        "proj": 0.0,
        "lastAvgMin": 16.28,
        "oppOver": 0,
        "teamOver": 0,
        "gameLine": "-102",
        "+/-": "+2",
        "L5_+/-": "+3.0",
        "prevMatchup": "2023-12-31 0.0 atgs 2023-12-30 0.0 atgs",
        "winLossSplits": "0% - 0%",
        "awayHome": "H",
        "playedYesterday": "Y",
        "awayHomeSplits": "0% - 0%",
        "savesAboveExp": "-",
        "gsaa": 2.39,
        "corsi": "50.8% (61.1) // 50.3% (59.7) // 52.1% (62.5) // 49.7% (61.3)",
        "fenwick": "50.6% (43.4) // 49.0% (41.8) // 52.2% (44.8) // 48.9% (42.3)",
        "shots": "50.0% (29.7) // 49.5% (29.0) // 54.0% (32.2) // 51.1% (31.0)",
        "scoring": "51.6% (30.0) // 52.1% (29.6) // 53.1% (29.5) // 48.0% (27.7)",
        "corsiAgainst": "49.2% (59.1) // 49.7% (58.9) // 47.9% (57.5) // 50.3% (62.0)",
        "fenwickAgainst": "49.4% (42.3) // 51.0% (43.4) // 47.8% (41.0) // 51.1% (44.3)",
        "shotsAgainst": "50.0% (29.7) // 50.5% (29.6) // 46.0% (27.5) // 48.9% (29.7)",
        "scoringAgainst": "48.4% (28.1) // 47.9% (27.2) // 46.9% (26.0) // 52.0% (30.0)",
        "oppCorsi": "50.8% (59.6) // 52.4% (65.7) // 53.8% (68.1) // 53.9% (68.1)",
        "oppFenwick": "51.3% (43.5) // 53.7% (48.6) // 55.2% (48.5) // 56.2% (49.1)",
        "oppShots": "52.0% (31.0) // 53.0% (32.5) // 54.1% (32.7) // 53.2% (32.6)",
        "oppScoring": "50.6% (27.9) // 53.1% (31.0) // 54.9% (31.7) // 54.4% (30.6)",
        "oppCorsiAgainst": "49.2% (57.7) // 47.6% (59.8) // 46.2% (58.5) // 46.1% (58.3)",
        "oppFenwickAgainst": "48.7% (41.4) // 46.3% (42.0) // 44.8% (39.4) // 43.8% (38.2)",
        "oppShotsAgainst": "48.0% (28.5) // 47.0% (28.8) // 45.9% (27.7) // 46.8% (28.6)",
        "oppScoringAgainst": "49.4% (27.2) // 46.9% (27.4) // 45.1% (26.0) // 45.6% (25.7)",
        "totalOver": 0,
        "totalOverLast5": 0,
        "totalOverLast15": 0,
        "lastTotalOver": 0,
        "last5": "0,0,0,0,0,0,0,0,0,0",
        "fd": "0",
        "dk": "+310",
        "kambi": "300",
        "lowest": "310 DK",
        "implied": 24.390243902439025,
        "overOdds": "+310",
        "underOdds": "0",
        "overUnder": "+310 / 0"
    },
    {
        "player": "Vladislav Namestnikov",
        "team": "WPG",
        "opponent": "MIN",
        "propType": "atgs",
        "line": 0.5,
        "ppLine": "",
        "avg": 0.0,
        "hit": false,
        "diffAvg": 0,
        "diffAbs": 1.0,
        "lastAvg": 0.0,
        "diff": 0,
        "avgMin": 15,
        "proj": 0.0,
        "lastAvgMin": 12.62,
        "oppOver": 0,
        "teamOver": 0,
        "gameLine": "-118",
        "+/-": "+15",
        "L5_+/-": "+5.0",
        "prevMatchup": "2023-12-31 0.0 atgs 2023-12-30 0.0 atgs",
        "winLossSplits": "0% - 0%",
        "awayHome": "A",
        "playedYesterday": "Y",
        "awayHomeSplits": "0% - 0%",
        "savesAboveExp": 0.141,
        "gsaa": -4.19,
        "corsi": "50.8% (59.6) // 52.4% (65.7) // 53.8% (68.1) // 53.9% (68.1)",
        "fenwick": "51.3% (43.5) // 53.7% (48.6) // 55.2% (48.5) // 56.2% (49.1)",
        "shots": "52.0% (31.0) // 53.0% (32.5) // 54.1% (32.7) // 53.2% (32.6)",
        "scoring": "50.6% (27.9) // 53.1% (31.0) // 54.9% (31.7) // 54.4% (30.6)",
        "corsiAgainst": "49.2% (57.7) // 47.6% (59.8) // 46.2% (58.5) // 46.1% (58.3)",
        "fenwickAgainst": "48.7% (41.4) // 46.3% (42.0) // 44.8% (39.4) // 43.8% (38.2)",
        "shotsAgainst": "48.0% (28.5) // 47.0% (28.8) // 45.9% (27.7) // 46.8% (28.6)",
        "scoringAgainst": "49.4% (27.2) // 46.9% (27.4) // 45.1% (26.0) // 45.6% (25.7)",
        "oppCorsi": "50.8% (61.1) // 50.3% (59.7) // 52.1% (62.5) // 49.7% (61.3)",
        "oppFenwick": "50.6% (43.4) // 49.0% (41.8) // 52.2% (44.8) // 48.9% (42.3)",
        "oppShots": "50.0% (29.7) // 49.5% (29.0) // 54.0% (32.2) // 51.1% (31.0)",
        "oppScoring": "51.6% (30.0) // 52.1% (29.6) // 53.1% (29.5) // 48.0% (27.7)",
        "oppCorsiAgainst": "49.2% (59.1) // 49.7% (58.9) // 47.9% (57.5) // 50.3% (62.0)",
        "oppFenwickAgainst": "49.4% (42.3) // 51.0% (43.4) // 47.8% (41.0) // 51.1% (44.3)",
        "oppShotsAgainst": "50.0% (29.7) // 50.5% (29.6) // 46.0% (27.5) // 48.9% (29.7)",
        "oppScoringAgainst": "48.4% (28.1) // 47.9% (27.2) // 46.9% (26.0) // 52.0% (30.0)",
        "totalOver": 0,
        "totalOverLast5": 0,
        "totalOverLast15": 0,
        "lastTotalOver": 0,
        "last5": "0,0,0,0,0,0,0,0,0,0",
        "fd": "0",
        "dk": "+350",
        "kambi": "335",
        "lowest": "350 DK",
        "implied": 22.22222222222222,
        "overOdds": "+350",
        "underOdds": "0",
