[
    {
        "player": "Alex Debrincat",
        "team": "DET",
        "opponent": "NSH",
        "propType": "atgs",
        "line": 0.5,
        "ppLine": "PP1",
        "avg": 0.0,
        "hit": false,
        "diffAvg": 0,
        "diffAbs": 1.0,
        "lastAvg": 0.0,
        "diff": 0,
        "avgMin": 18,
        "proj": 0.0,
        "lastAvgMin": 19.0,
        "oppOver": 0,
        "teamOver": 0,
        "gameLine": "-120",
        "+/-": "+1",
        "L5_+/-": -6.0,
        "prevMatchup": "",
        "winLossSplits": "0% - 0%",
        "awayHome": "H",
        "playedYesterday": "N",
        "awayHomeSplits": "0% - 0%",
        "savesAboveExp": 0.483,
        "gsaa": 1.53,
        "corsi": "47.2% (56.5) // 47.4% (58.8) // 48.7% (59.0) // 47.8% (53.5)",
        "fenwick": "47.1% (41.7) // 45.5% (42.1) // 45.3% (42.6) // 45.5% (40.0)",
        "shots": "48.4% (29.8) // 46.0% (29.9) // 43.7% (28.7) // 43.7% (26.0)",
        "scoring": "47.0% (27.4) // 48.4% (28.8) // 51.7% (29.1) // 48.5% (24.5)",
        "corsiAgainst": "52.8% (63.2) // 52.6% (65.3) // 51.3% (62.2) // 52.2% (58.5)",
        "fenwickAgainst": "52.9% (46.8) // 54.5% (50.5) // 54.7% (51.4) // 54.5% (48.0)",
        "shotsAgainst": "51.6% (31.8) // 54.0% (35.1) // 56.3% (37.0) // 56.3% (33.5)",
        "scoringAgainst": "53.0% (30.9) // 51.6% (30.6) // 48.3% (27.2) // 51.5% (26.0)",
        "oppCorsi": "49.9% (58.1) // 46.7% (53.4) // 47.4% (52.5) // 42.7% (47.0)",
        "oppFenwick": "50.3% (42.7) // 45.6% (37.5) // 47.5% (38.5) // 47.0% (35.5)",
        "oppShots": "49.3% (29.9) // 45.6% (27.2) // 48.4% (29.2) // 49.6% (29.0)",
        "oppScoring": "51.5% (30.2) // 48.0% (27.7) // 47.4% (27.2) // 41.7% (24.0)",
        "oppCorsiAgainst": "50.1% (58.3) // 53.3% (61.0) // 52.6% (58.2) // 57.3% (63.0)",
        "oppFenwickAgainst": "49.7% (42.2) // 54.4% (44.7) // 52.5% (42.5) // 53.0% (40.0)",
        "oppShotsAgainst": "50.7% (30.8) // 54.4% (32.4) // 51.6% (31.3) // 50.4% (29.5)",
        "oppScoringAgainst": "48.5% (28.5) // 52.0% (30.0) // 52.6% (30.2) // 58.3% (33.5)",
        "totalOver": 0,
        "totalOverLast5": 0,
        "totalOverLast15": 0,
        "lastTotalOver": 0,
        "last5": "0,0,0,0,0,0,0,0,0,0",
        "fd": "0",
        "dk": "+170",
        "implied": 37.03703703703704,
        "overOdds": "+170",
        "underOdds": "0",
        "overUnder": "+170 / 0"
    },
    {
        "player": "Colton Sissons",
        "team": "NSH",
        "opponent": "DET",
        "propType": "atgs",
        "line": 0.5,
        "ppLine": "PP1",
        "avg": 0.0,
        "hit": false,
        "diffAvg": 0,
        "diffAbs": 1.0,
        "lastAvg": 0.0,
        "diff": 0,
        "avgMin": 16,
        "proj": 0.0,
        "lastAvgMin": 15.82,
        "oppOver": 0,
        "teamOver": 0,
        "gameLine": "+100",
        "+/-": 0,
        "L5_+/-": "+2.0",
        "prevMatchup": "",
        "winLossSplits": "0% - 0%",
        "awayHome": "A",
        "playedYesterday": "N",
        "awayHomeSplits": "0% - 0%",
        "savesAboveExp": "-",
        "gsaa": 5.56,
        "corsi": "49.9% (58.1) // 46.7% (53.4) // 47.4% (52.5) // 42.7% (47.0)",
        "fenwick": "50.3% (42.7) // 45.6% (37.5) // 47.5% (38.5) // 47.0% (35.5)",
        "shots": "49.3% (29.9) // 45.6% (27.2) // 48.4% (29.2) // 49.6% (29.0)",
        "scoring": "51.5% (30.2) // 48.0% (27.7) // 47.4% (27.2) // 41.7% (24.0)",
        "corsiAgainst": "50.1% (58.3) // 53.3% (61.0) // 52.6% (58.2) // 57.3% (63.0)",
        "fenwickAgainst": "49.7% (42.2) // 54.4% (44.7) // 52.5% (42.5) // 53.0% (40.0)",
        "shotsAgainst": "50.7% (30.8) // 54.4% (32.4) // 51.6% (31.3) // 50.4% (29.5)",
        "scoringAgainst": "48.5% (28.5) // 52.0% (30.0) // 52.6% (30.2) // 58.3% (33.5)",
        "oppCorsi": "47.2% (56.5) // 47.4% (58.8) // 48.7% (59.0) // 47.8% (53.5)",
        "oppFenwick": "47.1% (41.7) // 45.5% (42.1) // 45.3% (42.6) // 45.5% (40.0)",
        "oppShots": "48.4% (29.8) // 46.0% (29.9) // 43.7% (28.7) // 43.7% (26.0)",
        "oppScoring": "47.0% (27.4) // 48.4% (28.8) // 51.7% (29.1) // 48.5% (24.5)",
        "oppCorsiAgainst": "52.8% (63.2) // 52.6% (65.3) // 51.3% (62.2) // 52.2% (58.5)",
        "oppFenwickAgainst": "52.9% (46.8) // 54.5% (50.5) // 54.7% (51.4) // 54.5% (48.0)",
        "oppShotsAgainst": "51.6% (31.8) // 54.0% (35.1) // 56.3% (37.0) // 56.3% (33.5)",
        "oppScoringAgainst": "53.0% (30.9) // 51.6% (30.6) // 48.3% (27.2) // 51.5% (26.0)",
        "totalOver": 0,
        "totalOverLast5": 0,
        "totalOverLast15": 0,
        "lastTotalOver": 0,
        "last5": "0,0,0,0,0,0,0,0,0,0",
        "fd": "0",
        "dk": "+310",
        "implied": 24.390243902439025,
        "overOdds": "+310",
        "underOdds": "0",
        "overUnder": "+310 / 0"
    },
    {
        "player": "Dylan Larkin",
        "team": "DET",
        "opponent": "NSH",
        "propType": "atgs",
        "line": 0.5,
        "ppLine": "PP1",
        "avg": 0.0,
        "hit": false,
        "diffAvg": 0,
        "diffAbs": 1.0,
        "lastAvg": 0.0,
        "diff": 0,
        "avgMin": 19,
        "proj": 0.0,
        "lastAvgMin": 19.55,
        "oppOver": 0,
        "teamOver": 0,
        "gameLine": "-120",
        "+/-": "+3",
        "L5_+/-": "+2.0",
        "prevMatchup": "",
        "winLossSplits": "0% - 0%",
        "awayHome": "H",
        "playedYesterday": "N",
        "awayHomeSplits": "0% - 0%",
        "savesAboveExp": 0.483,
        "gsaa": 1.53,
        "corsi": "47.2% (56.5) // 47.4% (58.8) // 48.7% (59.0) // 47.8% (53.5)",
        "fenwick": "47.1% (41.7) // 45.5% (42.1) // 45.3% (42.6) // 45.5% (40.0)",
        "shots": "48.4% (29.8) // 46.0% (29.9) // 43.7% (28.7) // 43.7% (26.0)",
        "scoring": "47.0% (27.4) // 48.4% (28.8) // 51.7% (29.1) // 48.5% (24.5)",
        "corsiAgainst": "52.8% (63.2) // 52.6% (65.3) // 51.3% (62.2) // 52.2% (58.5)",
        "fenwickAgainst": "52.9% (46.8) // 54.5% (50.5) // 54.7% (51.4) // 54.5% (48.0)",
        "shotsAgainst": "51.6% (31.8) // 54.0% (35.1) // 56.3% (37.0) // 56.3% (33.5)",
        "scoringAgainst": "53.0% (30.9) // 51.6% (30.6) // 48.3% (27.2) // 51.5% (26.0)",
        "oppCorsi": "49.9% (58.1) // 46.7% (53.4) // 47.4% (52.5) // 42.7% (47.0)",
        "oppFenwick": "50.3% (42.7) // 45.6% (37.5) // 47.5% (38.5) // 47.0% (35.5)",
        "oppShots": "49.3% (29.9) // 45.6% (27.2) // 48.4% (29.2) // 49.6% (29.0)",
        "oppScoring": "51.5% (30.2) // 48.0% (27.7) // 47.4% (27.2) // 41.7% (24.0)",
        "oppCorsiAgainst": "50.1% (58.3) // 53.3% (61.0) // 52.6% (58.2) // 57.3% (63.0)",
        "oppFenwickAgainst": "49.7% (42.2) // 54.4% (44.7) // 52.5% (42.5) // 53.0% (40.0)",
        "oppShotsAgainst": "50.7% (30.8) // 54.4% (32.4) // 51.6% (31.3) // 50.4% (29.5)",
        "oppScoringAgainst": "48.5% (28.5) // 52.0% (30.0) // 52.6% (30.2) // 58.3% (33.5)",
        "totalOver": 0,
        "totalOverLast5": 0,
        "totalOverLast15": 0,
        "lastTotalOver": 0,
        "last5": "0,0,0,0,0,0,0,0,0,0",
        "fd": "0",
        "dk": "+165",
        "implied": 37.735849056603776,
        "overOdds": "+165",
        "underOdds": "0",
        "overUnder": "+165 / 0"
    },
    {
        "player": "Filip Forsberg",
        "team": "NSH",
        "opponent": "DET",
        "propType": "atgs",
        "line": 0.5,
        "ppLine": "PP1",
        "avg": 0.0,
        "hit": false,
        "diffAvg": 0,
        "diffAbs": 1.0,
        "lastAvg": 0.0,
        "diff": 0,
        "avgMin": 18,
        "proj": 0.0,
        "lastAvgMin": 17.47,
        "oppOver": 0,
        "teamOver": 0,
        "gameLine": "+100",
        "+/-": "+4",
        "L5_+/-": "+3.0",
        "prevMatchup": "",
        "winLossSplits": "0% - 0%",
        "awayHome": "A",
        "playedYesterday": "N",
        "awayHomeSplits": "0% - 0%",
        "savesAboveExp": "-",
        "gsaa": 5.56,
        "corsi": "49.9% (58.1) // 46.7% (53.4) // 47.4% (52.5) // 42.7% (47.0)",
        "fenwick": "50.3% (42.7) // 45.6% (37.5) // 47.5% (38.5) // 47.0% (35.5)",
        "shots": "49.3% (29.9) // 45.6% (27.2) // 48.4% (29.2) // 49.6% (29.0)",
        "scoring": "51.5% (30.2) // 48.0% (27.7) // 47.4% (27.2) // 41.7% (24.0)",
        "corsiAgainst": "50.1% (58.3) // 53.3% (61.0) // 52.6% (58.2) // 57.3% (63.0)",
        "fenwickAgainst": "49.7% (42.2) // 54.4% (44.7) // 52.5% (42.5) // 53.0% (40.0)",
        "shotsAgainst": "50.7% (30.8) // 54.4% (32.4) // 51.6% (31.3) // 50.4% (29.5)",
        "scoringAgainst": "48.5% (28.5) // 52.0% (30.0) // 52.6% (30.2) // 58.3% (33.5)",
        "oppCorsi": "47.2% (56.5) // 47.4% (58.8) // 48.7% (59.0) // 47.8% (53.5)",
        "oppFenwick": "47.1% (41.7) // 45.5% (42.1) // 45.3% (42.6) // 45.5% (40.0)",
        "oppShots": "48.4% (29.8) // 46.0% (29.9) // 43.7% (28.7) // 43.7% (26.0)",
        "oppScoring": "47.0% (27.4) // 48.4% (28.8) // 51.7% (29.1) // 48.5% (24.5)",
        "oppCorsiAgainst": "52.8% (63.2) // 52.6% (65.3) // 51.3% (62.2) // 52.2% (58.5)",
        "oppFenwickAgainst": "52.9% (46.8) // 54.5% (50.5) // 54.7% (51.4) // 54.5% (48.0)",
        "oppShotsAgainst": "51.6% (31.8) // 54.0% (35.1) // 56.3% (37.0) // 56.3% (33.5)",
        "oppScoringAgainst": "53.0% (30.9) // 51.6% (30.6) // 48.3% (27.2) // 51.5% (26.0)",
        "totalOver": 0,
        "totalOverLast5": 0,
        "totalOverLast15": 0,
        "lastTotalOver": 0,
        "last5": "0,0,0,0,0,0,0,0,0,0",
        "fd": "0",
        "dk": "+155",
        "implied": 39.21568627450981,
        "overOdds": "+155",
        "underOdds": "0",
        "overUnder": "+155 / 0"
    },
    {
        "player": "Gustav Nyquist",
        "team": "NSH",
        "opponent": "DET",
        "propType": "atgs",
        "line": 0.5,
        "ppLine": "PP1",
        "avg": 0.0,
        "hit": false,
        "diffAvg": 0,
        "diffAbs": 1.0,
        "lastAvg": 0.0,
        "diff": 0,
        "avgMin": 17,
        "proj": 0.0,
        "lastAvgMin": 17.62,
        "oppOver": 0,
        "teamOver": 0,
        "gameLine": "+100",
        "+/-": 0,
        "L5_+/-": -1.0,
        "prevMatchup": "",
        "winLossSplits": "0% - 0%",
        "awayHome": "A",
        "playedYesterday": "N",
        "awayHomeSplits": "0% - 0%",
        "savesAboveExp": "-",
        "gsaa": 5.56,
        "corsi": "49.9% (58.1) // 46.7% (53.4) // 47.4% (52.5) // 42.7% (47.0)",
        "fenwick": "50.3% (42.7) // 45.6% (37.5) // 47.5% (38.5) // 47.0% (35.5)",
        "shots": "49.3% (29.9) // 45.6% (27.2) // 48.4% (29.2) // 49.6% (29.0)",
        "scoring": "51.5% (30.2) // 48.0% (27.7) // 47.4% (27.2) // 41.7% (24.0)",
        "corsiAgainst": "50.1% (58.3) // 53.3% (61.0) // 52.6% (58.2) // 57.3% (63.0)",
        "fenwickAgainst": "49.7% (42.2) // 54.4% (44.7) // 52.5% (42.5) // 53.0% (40.0)",
        "shotsAgainst": "50.7% (30.8) // 54.4% (32.4) // 51.6% (31.3) // 50.4% (29.5)",
        "scoringAgainst": "48.5% (28.5) // 52.0% (30.0) // 52.6% (30.2) // 58.3% (33.5)",
        "oppCorsi": "47.2% (56.5) // 47.4% (58.8) // 48.7% (59.0) // 47.8% (53.5)",
        "oppFenwick": "47.1% (41.7) // 45.5% (42.1) // 45.3% (42.6) // 45.5% (40.0)",
        "oppShots": "48.4% (29.8) // 46.0% (29.9) // 43.7% (28.7) // 43.7% (26.0)",
        "oppScoring": "47.0% (27.4) // 48.4% (28.8) // 51.7% (29.1) // 48.5% (24.5)",
        "oppCorsiAgainst": "52.8% (63.2) // 52.6% (65.3) // 51.3% (62.2) // 52.2% (58.5)",
        "oppFenwickAgainst": "52.9% (46.8) // 54.5% (50.5) // 54.7% (51.4) // 54.5% (48.0)",
        "oppShotsAgainst": "51.6% (31.8) // 54.0% (35.1) // 56.3% (37.0) // 56.3% (33.5)",
        "oppScoringAgainst": "53.0% (30.9) // 51.6% (30.6) // 48.3% (27.2) // 51.5% (26.0)",
        "totalOver": 0,
        "totalOverLast5": 0,
        "totalOverLast15": 0,
        "lastTotalOver": 0,
        "last5": "0,0,0,0,0,0,0,0,0,0",
        "fd": "0",
        "dk": "+285",
        "implied": 25.97402597402597,
        "overOdds": "+285",
        "underOdds": "0",
        "overUnder": "+285 / 0"
    },
    {
        "player": "Jt Compher",
        "team": "DET",
        "opponent": "NSH",
        "propType": "atgs",
        "line": 0.5,
        "ppLine": "PP1",
        "avg": 0.0,
        "hit": false,
        "diffAvg": 0,
        "diffAbs": 1.0,
        "lastAvg": 0.0,
        "diff": 0,
        "avgMin": 19,
        "proj": 0.0,
        "lastAvgMin": 20.53,
        "oppOver": 0,
        "teamOver": 0,
        "gameLine": "-120",
        "+/-": -1,
        "L5_+/-": -7.0,
        "prevMatchup": "",
        "winLossSplits": "0% - 0%",
        "awayHome": "H",
        "playedYesterday": "N",
        "awayHomeSplits": "0% - 0%",
        "savesAboveExp": 0.483,
        "gsaa": 1.53,
        "corsi": "47.2% (56.5) // 47.4% (58.8) // 48.7% (59.0) // 47.8% (53.5)",
        "fenwick": "47.1% (41.7) // 45.5% (42.1) // 45.3% (42.6) // 45.5% (40.0)",
        "shots": "48.4% (29.8) // 46.0% (29.9) // 43.7% (28.7) // 43.7% (26.0)",
        "scoring": "47.0% (27.4) // 48.4% (28.8) // 51.7% (29.1) // 48.5% (24.5)",
        "corsiAgainst": "52.8% (63.2) // 52.6% (65.3) // 51.3% (62.2) // 52.2% (58.5)",
        "fenwickAgainst": "52.9% (46.8) // 54.5% (50.5) // 54.7% (51.4) // 54.5% (48.0)",
        "shotsAgainst": "51.6% (31.8) // 54.0% (35.1) // 56.3% (37.0) // 56.3% (33.5)",
        "scoringAgainst": "53.0% (30.9) // 51.6% (30.6) // 48.3% (27.2) // 51.5% (26.0)",
        "oppCorsi": "49.9% (58.1) // 46.7% (53.4) // 47.4% (52.5) // 42.7% (47.0)",
        "oppFenwick": "50.3% (42.7) // 45.6% (37.5) // 47.5% (38.5) // 47.0% (35.5)",
        "oppShots": "49.3% (29.9) // 45.6% (27.2) // 48.4% (29.2) // 49.6% (29.0)",
        "oppScoring": "51.5% (30.2) // 48.0% (27.7) // 47.4% (27.2) // 41.7% (24.0)",
        "oppCorsiAgainst": "50.1% (58.3) // 53.3% (61.0) // 52.6% (58.2) // 57.3% (63.0)",
        "oppFenwickAgainst": "49.7% (42.2) // 54.4% (44.7) // 52.5% (42.5) // 53.0% (40.0)",
        "oppShotsAgainst": "50.7% (30.8) // 54.4% (32.4) // 51.6% (31.3) // 50.4% (29.5)",
        "oppScoringAgainst": "48.5% (28.5) // 52.0% (30.0) // 52.6% (30.2) // 58.3% (33.5)",
        "totalOver": 0,
        "totalOverLast5": 0,
        "totalOverLast15": 0,
        "lastTotalOver": 0,
        "last5": "0,0,0,0,0,0,0,0,0,0",
        "fd": "0",
        "dk": "+320",
        "implied": 23.809523809523807,
        "overOdds": "+320",
        "underOdds": "0",
        "overUnder": "+320 / 0"
    },
    {
        "player": "Luke Evangelista",
        "team": "NSH",
        "opponent": "DET",
        "propType": "atgs",
        "line": 0.5,
        "ppLine": "PP2",
        "avg": 0.0,
        "hit": false,
        "diffAvg": 0,
        "diffAbs": 1.0,
        "lastAvg": 0.0,
        "diff": 0,
        "avgMin": 13,
        "proj": 0.0,
        "lastAvgMin": 16.57,
        "oppOver": 0,
        "teamOver": 0,
        "gameLine": "+100",
        "+/-": 0,
        "L5_+/-": -1.0,
        "prevMatchup": "",
        "winLossSplits": "0% - 0%",
        "awayHome": "A",
        "playedYesterday": "N",
        "awayHomeSplits": "0% - 0%",
        "savesAboveExp": "-",
        "gsaa": 5.56,
        "corsi": "49.9% (58.1) // 46.7% (53.4) // 47.4% (52.5) // 42.7% (47.0)",
        "fenwick": "50.3% (42.7) // 45.6% (37.5) // 47.5% (38.5) // 47.0% (35.5)",
        "shots": "49.3% (29.9) // 45.6% (27.2) // 48.4% (29.2) // 49.6% (29.0)",
        "scoring": "51.5% (30.2) // 48.0% (27.7) // 47.4% (27.2) // 41.7% (24.0)",
        "corsiAgainst": "50.1% (58.3) // 53.3% (61.0) // 52.6% (58.2) // 57.3% (63.0)",
        "fenwickAgainst": "49.7% (42.2) // 54.4% (44.7) // 52.5% (42.5) // 53.0% (40.0)",
        "shotsAgainst": "50.7% (30.8) // 54.4% (32.4) // 51.6% (31.3) // 50.4% (29.5)",
        "scoringAgainst": "48.5% (28.5) // 52.0% (30.0) // 52.6% (30.2) // 58.3% (33.5)",
        "oppCorsi": "47.2% (56.5) // 47.4% (58.8) // 48.7% (59.0) // 47.8% (53.5)",
        "oppFenwick": "47.1% (41.7) // 45.5% (42.1) // 45.3% (42.6) // 45.5% (40.0)",
        "oppShots": "48.4% (29.8) // 46.0% (29.9) // 43.7% (28.7) // 43.7% (26.0)",
        "oppScoring": "47.0% (27.4) // 48.4% (28.8) // 51.7% (29.1) // 48.5% (24.5)",
        "oppCorsiAgainst": "52.8% (63.2) // 52.6% (65.3) // 51.3% (62.2) // 52.2% (58.5)",
        "oppFenwickAgainst": "52.9% (46.8) // 54.5% (50.5) // 54.7% (51.4) // 54.5% (48.0)",
        "oppShotsAgainst": "51.6% (31.8) // 54.0% (35.1) // 56.3% (37.0) // 56.3% (33.5)",
        "oppScoringAgainst": "53.0% (30.9) // 51.6% (30.6) // 48.3% (27.2) // 51.5% (26.0)",
        "totalOver": 0,
        "totalOverLast5": 0,
        "totalOverLast15": 0,
        "lastTotalOver": 0,
        "last5": "0,0,0,0,0,0,0,0,0,0",
        "fd": "0",
        "dk": "+390",
        "implied": 20.408163265306122,
        "overOdds": "+390",
        "underOdds": "0",
        "overUnder": "+390 / 0"
    },
    {
        "player": "Moritz Seider",
        "team": "DET",
        "opponent": "NSH",
        "propType": "atgs",
        "line": 0.5,
        "ppLine": "PP2",
        "avg": 0.0,
        "hit": false,
        "diffAvg": 0,
        "diffAbs": 1.0,
        "lastAvg": 0.0,
        "diff": 0,
        "avgMin": 22,
        "proj": 0.0,
        "lastAvgMin": 23.13,
        "oppOver": 0,
        "teamOver": 0,
        "gameLine": "-120",
        "+/-": -2,
        "L5_+/-": -7.0,
        "prevMatchup": "",
        "winLossSplits": "0% - 0%",
        "awayHome": "H",
        "playedYesterday": "N",
        "awayHomeSplits": "0% - 0%",
        "savesAboveExp": 0.483,
        "gsaa": 1.53,
        "corsi": "47.2% (56.5) // 47.4% (58.8) // 48.7% (59.0) // 47.8% (53.5)",
        "fenwick": "47.1% (41.7) // 45.5% (42.1) // 45.3% (42.6) // 45.5% (40.0)",
        "shots": "48.4% (29.8) // 46.0% (29.9) // 43.7% (28.7) // 43.7% (26.0)",
        "scoring": "47.0% (27.4) // 48.4% (28.8) // 51.7% (29.1) // 48.5% (24.5)",
        "corsiAgainst": "52.8% (63.2) // 52.6% (65.3) // 51.3% (62.2) // 52.2% (58.5)",
        "fenwickAgainst": "52.9% (46.8) // 54.5% (50.5) // 54.7% (51.4) // 54.5% (48.0)",
        "shotsAgainst": "51.6% (31.8) // 54.0% (35.1) // 56.3% (37.0) // 56.3% (33.5)",
        "scoringAgainst": "53.0% (30.9) // 51.6% (30.6) // 48.3% (27.2) // 51.5% (26.0)",
        "oppCorsi": "49.9% (58.1) // 46.7% (53.4) // 47.4% (52.5) // 42.7% (47.0)",
        "oppFenwick": "50.3% (42.7) // 45.6% (37.5) // 47.5% (38.5) // 47.0% (35.5)",
        "oppShots": "49.3% (29.9) // 45.6% (27.2) // 48.4% (29.2) // 49.6% (29.0)",
        "oppScoring": "51.5% (30.2) // 48.0% (27.7) // 47.4% (27.2) // 41.7% (24.0)",
        "oppCorsiAgainst": "50.1% (58.3) // 53.3% (61.0) // 52.6% (58.2) // 57.3% (63.0)",
        "oppFenwickAgainst": "49.7% (42.2) // 54.4% (44.7) // 52.5% (42.5) // 53.0% (40.0)",
        "oppShotsAgainst": "50.7% (30.8) // 54.4% (32.4) // 51.6% (31.3) // 50.4% (29.5)",
        "oppScoringAgainst": "48.5% (28.5) // 52.0% (30.0) // 52.6% (30.2) // 58.3% (33.5)",
        "totalOver": 0,
        "totalOverLast5": 0,
        "totalOverLast15": 0,
        "lastTotalOver": 0,
        "last5": "0,0,0,0,0,0,0,0,0,0",
        "fd": "0",
        "dk": "+650",
        "implied": 13.333333333333334,
        "overOdds": "+650",
        "underOdds": "0",
        "overUnder": "+650 / 0"
    },
    {
        "player": "Patrick Kane",
        "team": "DET",
        "opponent": "NSH",
        "propType": "atgs",
        "line": 0.5,
        "ppLine": "PP1",
        "avg": 0.0,
        "hit": false,
        "diffAvg": 0,
        "diffAbs": 1.0,
        "lastAvg": 0,
        "diff": 0,
        "avgMin": 19,
        "proj": 0.0,
        "lastAvgMin": 0,
        "oppOver": 0,
        "teamOver": 0,
        "gameLine": "-120",
        "+/-": -2,
        "L5_+/-": -1.0,
        "prevMatchup": "",
        "winLossSplits": "0% - 0%",
        "awayHome": "H",
        "playedYesterday": "N",
        "awayHomeSplits": "0% - 0%",
        "savesAboveExp": 0.483,
        "gsaa": 1.53,
        "corsi": "47.2% (56.5) // 47.4% (58.8) // 48.7% (59.0) // 47.8% (53.5)",
        "fenwick": "47.1% (41.7) // 45.5% (42.1) // 45.3% (42.6) // 45.5% (40.0)",
        "shots": "48.4% (29.8) // 46.0% (29.9) // 43.7% (28.7) // 43.7% (26.0)",
        "scoring": "47.0% (27.4) // 48.4% (28.8) // 51.7% (29.1) // 48.5% (24.5)",
        "corsiAgainst": "52.8% (63.2) // 52.6% (65.3) // 51.3% (62.2) // 52.2% (58.5)",
        "fenwickAgainst": "52.9% (46.8) // 54.5% (50.5) // 54.7% (51.4) // 54.5% (48.0)",
        "shotsAgainst": "51.6% (31.8) // 54.0% (35.1) // 56.3% (37.0) // 56.3% (33.5)",
        "scoringAgainst": "53.0% (30.9) // 51.6% (30.6) // 48.3% (27.2) // 51.5% (26.0)",
        "oppCorsi": "49.9% (58.1) // 46.7% (53.4) // 47.4% (52.5) // 42.7% (47.0)",
        "oppFenwick": "50.3% (42.7) // 45.6% (37.5) // 47.5% (38.5) // 47.0% (35.5)",
        "oppShots": "49.3% (29.9) // 45.6% (27.2) // 48.4% (29.2) // 49.6% (29.0)",
        "oppScoring": "51.5% (30.2) // 48.0% (27.7) // 47.4% (27.2) // 41.7% (24.0)",
        "oppCorsiAgainst": "50.1% (58.3) // 53.3% (61.0) // 52.6% (58.2) // 57.3% (63.0)",
        "oppFenwickAgainst": "49.7% (42.2) // 54.4% (44.7) // 52.5% (42.5) // 53.0% (40.0)",
        "oppShotsAgainst": "50.7% (30.8) // 54.4% (32.4) // 51.6% (31.3) // 50.4% (29.5)",
        "oppScoringAgainst": "48.5% (28.5) // 52.0% (30.0) // 52.6% (30.2) // 58.3% (33.5)",
        "totalOver": 0,
        "totalOverLast5": 0,
        "totalOverLast15": 0,
        "lastTotalOver": 0,
        "last5": "0,0,0,0,0,0,0,0,0,0",
        "fd": "0",
        "dk": "+195",
        "implied": 33.89830508474576,
        "overOdds": "+195",
        "underOdds": "0",
        "overUnder": "+195 / 0"
    },
    {
        "player": "Robby Fabbri",
        "team": "DET",
        "opponent": "NSH",
        "propType": "atgs",
        "line": 0.5,
        "ppLine": "PP2",
        "avg": 0.0,
        "hit": false,
        "diffAvg": 0,
        "diffAbs": 1.0,
        "lastAvg": 0.0,
        "diff": 0,
        "avgMin": 13,
        "proj": 0.0,
        "lastAvgMin": 15.98,
        "oppOver": 0,
        "teamOver": 0,
        "gameLine": "-120",
        "+/-": -5,
        "L5_+/-": -6.0,
        "prevMatchup": "",
        "winLossSplits": "0% - 0%",
        "awayHome": "H",
        "playedYesterday": "N",
        "awayHomeSplits": "0% - 0%",
        "savesAboveExp": 0.483,
        "gsaa": 1.53,
        "corsi": "47.2% (56.5) // 47.4% (58.8) // 48.7% (59.0) // 47.8% (53.5)",
        "fenwick": "47.1% (41.7) // 45.5% (42.1) // 45.3% (42.6) // 45.5% (40.0)",
        "shots": "48.4% (29.8) // 46.0% (29.9) // 43.7% (28.7) // 43.7% (26.0)",
        "scoring": "47.0% (27.4) // 48.4% (28.8) // 51.7% (29.1) // 48.5% (24.5)",
        "corsiAgainst": "52.8% (63.2) // 52.6% (65.3) // 51.3% (62.2) // 52.2% (58.5)",
        "fenwickAgainst": "52.9% (46.8) // 54.5% (50.5) // 54.7% (51.4) // 54.5% (48.0)",
        "shotsAgainst": "51.6% (31.8) // 54.0% (35.1) // 56.3% (37.0) // 56.3% (33.5)",
        "scoringAgainst": "53.0% (30.9) // 51.6% (30.6) // 48.3% (27.2) // 51.5% (26.0)",
        "oppCorsi": "49.9% (58.1) // 46.7% (53.4) // 47.4% (52.5) // 42.7% (47.0)",
        "oppFenwick": "50.3% (42.7) // 45.6% (37.5) // 47.5% (38.5) // 47.0% (35.5)",
        "oppShots": "49.3% (29.9) // 45.6% (27.2) // 48.4% (29.2) // 49.6% (29.0)",
        "oppScoring": "51.5% (30.2) // 48.0% (27.7) // 47.4% (27.2) // 41.7% (24.0)",
        "oppCorsiAgainst": "50.1% (58.3) // 53.3% (61.0) // 52.6% (58.2) // 57.3% (63.0)",
        "oppFenwickAgainst": "49.7% (42.2) // 54.4% (44.7) // 52.5% (42.5) // 53.0% (40.0)",
        "oppShotsAgainst": "50.7% (30.8) // 54.4% (32.4) // 51.6% (31.3) // 50.4% (29.5)",
        "oppScoringAgainst": "48.5% (28.5) // 52.0% (30.0) // 52.6% (30.2) // 58.3% (33.5)",
        "totalOver": 0,
        "totalOverLast5": 0,
        "totalOverLast15": 0,
        "lastTotalOver": 0,
        "last5": "0,0,0,0,0,0,0,0,0,0",
        "fd": "0",
        "dk": "+360",
        "implied": 21.73913043478261,
        "overOdds": "+360",
        "underOdds": "0",
        "overUnder": "+360 / 0"
    },
    {
        "player": "Roman Josi",
        "team": "NSH",
        "opponent": "DET",
        "propType": "atgs",
        "line": 0.5,
        "ppLine": "PP1",
        "avg": 0.0,
        "hit": false,
        "diffAvg": 0,
        "diffAbs": 1.0,
        "lastAvg": 0.0,
        "diff": 0,
        "avgMin": 24,
        "proj": 0.0,
        "lastAvgMin": 25.17,
        "oppOver": 0,
        "teamOver": 0,
        "gameLine": "+100",
        "+/-": "+2",
        "L5_+/-": "+5.0",
        "prevMatchup": "",
        "winLossSplits": "0% - 0%",
        "awayHome": "A",
        "playedYesterday": "N",
        "awayHomeSplits": "0% - 0%",
        "savesAboveExp": "-",
        "gsaa": 5.56,
        "corsi": "49.9% (58.1) // 46.7% (53.4) // 47.4% (52.5) // 42.7% (47.0)",
        "fenwick": "50.3% (42.7) // 45.6% (37.5) // 47.5% (38.5) // 47.0% (35.5)",
        "shots": "49.3% (29.9) // 45.6% (27.2) // 48.4% (29.2) // 49.6% (29.0)",
        "scoring": "51.5% (30.2) // 48.0% (27.7) // 47.4% (27.2) // 41.7% (24.0)",
        "corsiAgainst": "50.1% (58.3) // 53.3% (61.0) // 52.6% (58.2) // 57.3% (63.0)",
        "fenwickAgainst": "49.7% (42.2) // 54.4% (44.7) // 52.5% (42.5) // 53.0% (40.0)",
        "shotsAgainst": "50.7% (30.8) // 54.4% (32.4) // 51.6% (31.3) // 50.4% (29.5)",
        "scoringAgainst": "48.5% (28.5) // 52.0% (30.0) // 52.6% (30.2) // 58.3% (33.5)",
        "oppCorsi": "47.2% (56.5) // 47.4% (58.8) // 48.7% (59.0) // 47.8% (53.5)",
        "oppFenwick": "47.1% (41.7) // 45.5% (42.1) // 45.3% (42.6) // 45.5% (40.0)",
        "oppShots": "48.4% (29.8) // 46.0% (29.9) // 43.7% (28.7) // 43.7% (26.0)",
        "oppScoring": "47.0% (27.4) // 48.4% (28.8) // 51.7% (29.1) // 48.5% (24.5)",
        "oppCorsiAgainst": "52.8% (63.2) // 52.6% (65.3) // 51.3% (62.2) // 52.2% (58.5)",
        "oppFenwickAgainst": "52.9% (46.8) // 54.5% (50.5) // 54.7% (51.4) // 54.5% (48.0)",
        "oppShotsAgainst": "51.6% (31.8) // 54.0% (35.1) // 56.3% (37.0) // 56.3% (33.5)",
        "oppScoringAgainst": "53.0% (30.9) // 51.6% (30.6) // 48.3% (27.2) // 51.5% (26.0)",
        "totalOver": 0,
        "totalOverLast5": 0,
        "totalOverLast15": 0,
        "lastTotalOver": 0,
        "last5": "0,0,0,0,0,0,0,0,0,0",
        "fd": "0",
        "dk": "+320",
        "implied": 23.809523809523807,
        "overOdds": "+320",
        "underOdds": "0",
        "overUnder": "+320 / 0"
    },
    {
        "player": "Shayne Gostisbehere",
        "team": "DET",
        "opponent": "NSH",
        "propType": "atgs",
        "line": 0.5,
        "ppLine": "PP1",
        "avg": 0.0,
        "hit": false,
        "diffAvg": 0,
        "diffAbs": 1.0,
        "lastAvg": 0.0,
        "diff": 0,
        "avgMin": 19,
        "proj": 0.0,
        "lastAvgMin": 20.82,
        "oppOver": 0,
        "teamOver": 0,
        "gameLine": "-120",
        "+/-": -11,
        "L5_+/-": -7.0,
        "prevMatchup": "",
        "winLossSplits": "0% - 0%",
        "awayHome": "H",
        "playedYesterday": "N",
        "awayHomeSplits": "0% - 0%",
        "savesAboveExp": 0.483,
        "gsaa": 1.53,
        "corsi": "47.2% (56.5) // 47.4% (58.8) // 48.7% (59.0) // 47.8% (53.5)",
        "fenwick": "47.1% (41.7) // 45.5% (42.1) // 45.3% (42.6) // 45.5% (40.0)",
        "shots": "48.4% (29.8) // 46.0% (29.9) // 43.7% (28.7) // 43.7% (26.0)",
        "scoring": "47.0% (27.4) // 48.4% (28.8) // 51.7% (29.1) // 48.5% (24.5)",
        "corsiAgainst": "52.8% (63.2) // 52.6% (65.3) // 51.3% (62.2) // 52.2% (58.5)",
        "fenwickAgainst": "52.9% (46.8) // 54.5% (50.5) // 54.7% (51.4) // 54.5% (48.0)",
        "shotsAgainst": "51.6% (31.8) // 54.0% (35.1) // 56.3% (37.0) // 56.3% (33.5)",
        "scoringAgainst": "53.0% (30.9) // 51.6% (30.6) // 48.3% (27.2) // 51.5% (26.0)",
        "oppCorsi": "49.9% (58.1) // 46.7% (53.4) // 47.4% (52.5) // 42.7% (47.0)",
        "oppFenwick": "50.3% (42.7) // 45.6% (37.5) // 47.5% (38.5) // 47.0% (35.5)",
        "oppShots": "49.3% (29.9) // 45.6% (27.2) // 48.4% (29.2) // 49.6% (29.0)",
        "oppScoring": "51.5% (30.2) // 48.0% (27.7) // 47.4% (27.2) // 41.7% (24.0)",
        "oppCorsiAgainst": "50.1% (58.3) // 53.3% (61.0) // 52.6% (58.2) // 57.3% (63.0)",
        "oppFenwickAgainst": "49.7% (42.2) // 54.4% (44.7) // 52.5% (42.5) // 53.0% (40.0)",
        "oppShotsAgainst": "50.7% (30.8) // 54.4% (32.4) // 51.6% (31.3) // 50.4% (29.5)",
        "oppScoringAgainst": "48.5% (28.5) // 52.0% (30.0) // 52.6% (30.2) // 58.3% (33.5)",
        "totalOver": 0,
        "totalOverLast5": 0,
        "totalOverLast15": 0,
        "lastTotalOver": 0,
        "last5": "0,0,0,0,0,0,0,0,0,0",
        "fd": "0",
        "dk": "+650",
        "implied": 13.333333333333334,
        "overOdds": "+650",
        "underOdds": "0",
        "overUnder": "+650 / 0"
    },
    {
        "player": "Thomas Novak",
        "team": "NSH",
        "opponent": "DET",
        "propType": "atgs",
        "line": 0.5,
        "ppLine": "",
        "avg": 0.0,
        "hit": false,
        "diffAvg": 0,
        "diffAbs": 1.0,
        "lastAvg": 0.0,
        "diff": 0,
        "avgMin": 14,
        "proj": 0.0,
        "lastAvgMin": 14.65,
        "oppOver": 0,
        "teamOver": 0,
        "gameLine": "+100",
        "+/-": -3,
        "L5_+/-": -3.0,
        "prevMatchup": "",
        "winLossSplits": "0% - 0%",
        "awayHome": "A",
        "playedYesterday": "N",
        "awayHomeSplits": "0% - 0%",
        "savesAboveExp": "-",
        "gsaa": 5.56,
        "corsi": "49.9% (58.1) // 46.7% (53.4) // 47.4% (52.5) // 42.7% (47.0)",
        "fenwick": "50.3% (42.7) // 45.6% (37.5) // 47.5% (38.5) // 47.0% (35.5)",
        "shots": "49.3% (29.9) // 45.6% (27.2) // 48.4% (29.2) // 49.6% (29.0)",
        "scoring": "51.5% (30.2) // 48.0% (27.7) // 47.4% (27.2) // 41.7% (24.0)",
        "corsiAgainst": "50.1% (58.3) // 53.3% (61.0) // 52.6% (58.2) // 57.3% (63.0)",
        "fenwickAgainst": "49.7% (42.2) // 54.4% (44.7) // 52.5% (42.5) // 53.0% (40.0)",
        "shotsAgainst": "50.7% (30.8) // 54.4% (32.4) // 51.6% (31.3) // 50.4% (29.5)",
        "scoringAgainst": "48.5% (28.5) // 52.0% (30.0) // 52.6% (30.2) // 58.3% (33.5)",
        "oppCorsi": "47.2% (56.5) // 47.4% (58.8) // 48.7% (59.0) // 47.8% (53.5)",
        "oppFenwick": "47.1% (41.7) // 45.5% (42.1) // 45.3% (42.6) // 45.5% (40.0)",
        "oppShots": "48.4% (29.8) // 46.0% (29.9) // 43.7% (28.7) // 43.7% (26.0)",
        "oppScoring": "47.0% (27.4) // 48.4% (28.8) // 51.7% (29.1) // 48.5% (24.5)",
        "oppCorsiAgainst": "52.8% (63.2) // 52.6% (65.3) // 51.3% (62.2) // 52.2% (58.5)",
        "oppFenwickAgainst": "52.9% (46.8) // 54.5% (50.5) // 54.7% (51.4) // 54.5% (48.0)",
        "oppShotsAgainst": "51.6% (31.8) // 54.0% (35.1) // 56.3% (37.0) // 56.3% (33.5)",
        "oppScoringAgainst": "53.0% (30.9) // 51.6% (30.6) // 48.3% (27.2) // 51.5% (26.0)",
        "totalOver": 0,
        "totalOverLast5": 0,
        "totalOverLast15": 0,
        "lastTotalOver": 0,
        "last5": "0,0,0,0,0,0,0,0,0,0",
        "fd": "0",
        "dk": "+340",
        "implied": 22.727272727272727,
        "overOdds": "+340",
        "underOdds": "0",
        "overUnder": "+340 / 0"
    },
    {
        "player": "Lucas Raymond",
        "team": "DET",
        "opponent": "NSH",
        "propType": "atgs",
        "line": 0.5,
        "ppLine": "PP2",
        "avg": 0.0,
        "hit": false,
        "diffAvg": 0,
        "diffAbs": 1.0,
        "lastAvg": 0.0,
        "diff": 0,
        "avgMin": 17,
        "proj": 0.0,
        "lastAvgMin": 17.37,
        "oppOver": 0,
        "teamOver": 0,
        "gameLine": "-120",
        "+/-": -8,
        "L5_+/-": -12.0,
        "prevMatchup": "",
        "winLossSplits": "0% - 0%",
        "awayHome": "H",
        "playedYesterday": "N",
        "awayHomeSplits": "0% - 0%",
        "savesAboveExp": 0.483,
        "gsaa": 1.53,
        "corsi": "47.2% (56.5) // 47.4% (58.8) // 48.7% (59.0) // 47.8% (53.5)",
        "fenwick": "47.1% (41.7) // 45.5% (42.1) // 45.3% (42.6) // 45.5% (40.0)",
        "shots": "48.4% (29.8) // 46.0% (29.9) // 43.7% (28.7) // 43.7% (26.0)",
        "scoring": "47.0% (27.4) // 48.4% (28.8) // 51.7% (29.1) // 48.5% (24.5)",
        "corsiAgainst": "52.8% (63.2) // 52.6% (65.3) // 51.3% (62.2) // 52.2% (58.5)",
        "fenwickAgainst": "52.9% (46.8) // 54.5% (50.5) // 54.7% (51.4) // 54.5% (48.0)",
        "shotsAgainst": "51.6% (31.8) // 54.0% (35.1) // 56.3% (37.0) // 56.3% (33.5)",
        "scoringAgainst": "53.0% (30.9) // 51.6% (30.6) // 48.3% (27.2) // 51.5% (26.0)",
        "oppCorsi": "49.9% (58.1) // 46.7% (53.4) // 47.4% (52.5) // 42.7% (47.0)",
        "oppFenwick": "50.3% (42.7) // 45.6% (37.5) // 47.5% (38.5) // 47.0% (35.5)",
        "oppShots": "49.3% (29.9) // 45.6% (27.2) // 48.4% (29.2) // 49.6% (29.0)",
        "oppScoring": "51.5% (30.2) // 48.0% (27.7) // 47.4% (27.2) // 41.7% (24.0)",
        "oppCorsiAgainst": "50.1% (58.3) // 53.3% (61.0) // 52.6% (58.2) // 57.3% (63.0)",
        "oppFenwickAgainst": "49.7% (42.2) // 54.4% (44.7) // 52.5% (42.5) // 53.0% (40.0)",
        "oppShotsAgainst": "50.7% (30.8) // 54.4% (32.4) // 51.6% (31.3) // 50.4% (29.5)",
        "oppScoringAgainst": "48.5% (28.5) // 52.0% (30.0) // 52.6% (30.2) // 58.3% (33.5)",
        "totalOver": 0,
        "totalOverLast5": 0,
        "totalOverLast15": 0,
        "lastTotalOver": 0,
        "last5": "0,0,0,0,0,0,0,0,0,0",
        "fd": "0",
        "dk": "+295",
        "implied": 25.31645569620253,
        "overOdds": "+295",
        "underOdds": "0",
        "overUnder": "+295 / 0"
    },
    {
        "player": "Daniel Sprong",
        "team": "DET",
        "opponent": "NSH",
        "propType": "atgs",
        "line": 0.5,
        "ppLine": "PP2",
        "avg": 0.0,
        "hit": false,
        "diffAvg": 0,
        "diffAbs": 1.0,
        "lastAvg": 0.0,
        "diff": 0,
        "avgMin": 13,
        "proj": 0.0,
        "lastAvgMin": 11.42,
        "oppOver": 0,
        "teamOver": 0,
        "gameLine": "-120",
        "+/-": "+3",
        "L5_+/-": -4.0,
        "prevMatchup": "",
        "winLossSplits": "0% - 0%",
        "awayHome": "H",
        "playedYesterday": "N",
        "awayHomeSplits": "0% - 0%",
        "savesAboveExp": 0.483,
        "gsaa": 1.53,
        "corsi": "47.2% (56.5) // 47.4% (58.8) // 48.7% (59.0) // 47.8% (53.5)",
        "fenwick": "47.1% (41.7) // 45.5% (42.1) // 45.3% (42.6) // 45.5% (40.0)",
        "shots": "48.4% (29.8) // 46.0% (29.9) // 43.7% (28.7) // 43.7% (26.0)",
        "scoring": "47.0% (27.4) // 48.4% (28.8) // 51.7% (29.1) // 48.5% (24.5)",
        "corsiAgainst": "52.8% (63.2) // 52.6% (65.3) // 51.3% (62.2) // 52.2% (58.5)",
        "fenwickAgainst": "52.9% (46.8) // 54.5% (50.5) // 54.7% (51.4) // 54.5% (48.0)",
        "shotsAgainst": "51.6% (31.8) // 54.0% (35.1) // 56.3% (37.0) // 56.3% (33.5)",
        "scoringAgainst": "53.0% (30.9) // 51.6% (30.6) // 48.3% (27.2) // 51.5% (26.0)",
        "oppCorsi": "49.9% (58.1) // 46.7% (53.4) // 47.4% (52.5) // 42.7% (47.0)",
        "oppFenwick": "50.3% (42.7) // 45.6% (37.5) // 47.5% (38.5) // 47.0% (35.5)",
        "oppShots": "49.3% (29.9) // 45.6% (27.2) // 48.4% (29.2) // 49.6% (29.0)",
        "oppScoring": "51.5% (30.2) // 48.0% (27.7) // 47.4% (27.2) // 41.7% (24.0)",
        "oppCorsiAgainst": "50.1% (58.3) // 53.3% (61.0) // 52.6% (58.2) // 57.3% (63.0)",
        "oppFenwickAgainst": "49.7% (42.2) // 54.4% (44.7) // 52.5% (42.5) // 53.0% (40.0)",
        "oppShotsAgainst": "50.7% (30.8) // 54.4% (32.4) // 51.6% (31.3) // 50.4% (29.5)",
        "oppScoringAgainst": "48.5% (28.5) // 52.0% (30.0) // 52.6% (30.2) // 58.3% (33.5)",
        "totalOver": 0,
        "totalOverLast5": 0,
        "totalOverLast15": 0,
        "lastTotalOver": 0,
        "last5": "0,0,0,0,0,0,0,0,0,0",
        "fd": "0",
        "dk": "+350",
        "implied": 22.22222222222222,
        "overOdds": "+350",
        "underOdds": "0",
        "overUnder": "+350 / 0"
    },
    {
        "player": "David Perron",
        "team": "DET",
        "opponent": "NSH",
        "propType": "atgs",
        "line": 0.5,
        "ppLine": "PP2",
        "avg": 0.0,
        "hit": false,
        "diffAvg": 0,
        "diffAbs": 1.0,
        "lastAvg": 0.0,
        "diff": 0,
        "avgMin": 14,
        "proj": 0.0,
        "lastAvgMin": 16.92,
        "oppOver": 0,
        "teamOver": 0,
        "gameLine": "-120",
        "+/-": -5,
        "L5_+/-": -4.0,
        "prevMatchup": "",
        "winLossSplits": "0% - 0%",
        "awayHome": "H",
        "playedYesterday": "N",
        "awayHomeSplits": "0% - 0%",
        "savesAboveExp": 0.483,
        "gsaa": 1.53,
        "corsi": "47.2% (56.5) // 47.4% (58.8) // 48.7% (59.0) // 47.8% (53.5)",
        "fenwick": "47.1% (41.7) // 45.5% (42.1) // 45.3% (42.6) // 45.5% (40.0)",
        "shots": "48.4% (29.8) // 46.0% (29.9) // 43.7% (28.7) // 43.7% (26.0)",
        "scoring": "47.0% (27.4) // 48.4% (28.8) // 51.7% (29.1) // 48.5% (24.5)",
        "corsiAgainst": "52.8% (63.2) // 52.6% (65.3) // 51.3% (62.2) // 52.2% (58.5)",
        "fenwickAgainst": "52.9% (46.8) // 54.5% (50.5) // 54.7% (51.4) // 54.5% (48.0)",
        "shotsAgainst": "51.6% (31.8) // 54.0% (35.1) // 56.3% (37.0) // 56.3% (33.5)",
        "scoringAgainst": "53.0% (30.9) // 51.6% (30.6) // 48.3% (27.2) // 51.5% (26.0)",
        "oppCorsi": "49.9% (58.1) // 46.7% (53.4) // 47.4% (52.5) // 42.7% (47.0)",
        "oppFenwick": "50.3% (42.7) // 45.6% (37.5) // 47.5% (38.5) // 47.0% (35.5)",
        "oppShots": "49.3% (29.9) // 45.6% (27.2) // 48.4% (29.2) // 49.6% (29.0)",
        "oppScoring": "51.5% (30.2) // 48.0% (27.7) // 47.4% (27.2) // 41.7% (24.0)",
        "oppCorsiAgainst": "50.1% (58.3) // 53.3% (61.0) // 52.6% (58.2) // 57.3% (63.0)",
        "oppFenwickAgainst": "49.7% (42.2) // 54.4% (44.7) // 52.5% (42.5) // 53.0% (40.0)",
        "oppShotsAgainst": "50.7% (30.8) // 54.4% (32.4) // 51.6% (31.3) // 50.4% (29.5)",
        "oppScoringAgainst": "48.5% (28.5) // 52.0% (30.0) // 52.6% (30.2) // 58.3% (33.5)",
        "totalOver": 0,
        "totalOverLast5": 0,
        "totalOverLast15": 0,
        "lastTotalOver": 0,
        "last5": "0,0,0,0,0,0,0,0,0,0",
        "fd": "0",
        "dk": "+360",
        "implied": 21.73913043478261,
        "overOdds": "+360",
        "underOdds": "0",
        "overUnder": "+360 / 0"
    },
    {
        "player": "Cody Glass",
        "team": "NSH",
        "opponent": "DET",
        "propType": "atgs",
        "line": 0.5,
        "ppLine": "PP2",
        "avg": 0.0,
        "hit": false,
        "diffAvg": 0,
        "diffAbs": 1.0,
        "lastAvg": 0.0,
        "diff": 0,
        "avgMin": 13,
        "proj": 0.0,
        "lastAvgMin": 14.77,
        "oppOver": 0,
        "teamOver": 0,
        "gameLine": "+100",
        "+/-": -8,
        "L5_+/-": -8.0,
        "prevMatchup": "",
        "winLossSplits": "0% - 0%",
        "awayHome": "A",
        "playedYesterday": "N",
        "awayHomeSplits": "0% - 0%",
        "savesAboveExp": "-",
        "gsaa": 5.56,
        "corsi": "49.9% (58.1) // 46.7% (53.4) // 47.4% (52.5) // 42.7% (47.0)",
        "fenwick": "50.3% (42.7) // 45.6% (37.5) // 47.5% (38.5) // 47.0% (35.5)",
        "shots": "49.3% (29.9) // 45.6% (27.2) // 48.4% (29.2) // 49.6% (29.0)",
        "scoring": "51.5% (30.2) // 48.0% (27.7) // 47.4% (27.2) // 41.7% (24.0)",
        "corsiAgainst": "50.1% (58.3) // 53.3% (61.0) // 52.6% (58.2) // 57.3% (63.0)",
        "fenwickAgainst": "49.7% (42.2) // 54.4% (44.7) // 52.5% (42.5) // 53.0% (40.0)",
        "shotsAgainst": "50.7% (30.8) // 54.4% (32.4) // 51.6% (31.3) // 50.4% (29.5)",
        "scoringAgainst": "48.5% (28.5) // 52.0% (30.0) // 52.6% (30.2) // 58.3% (33.5)",
