[
    {
        "player": "Alex Debrincat",
        "team": "DET",
        "opponent": "DAL",
        "propType": "atgs",
        "line": 0.5,
        "ppLine": "",
        "avg": 0.0,
        "hit": false,
        "diffAvg": 0,
        "diffAbs": 1.0,
        "lastAvg": 0.0,
        "diff": 0,
        "avgMin": 18,
        "proj": 0.0,
        "lastAvgMin": 19.0,
        "oppOver": 0,
        "teamOver": 0,
        "gameLine": "+120",
        "+/-": "+2",
        "L5_+/-": 0.0,
        "prevMatchup": "2023-12-11 0.0 atgs",
        "winLossSplits": "0% - 0%",
        "awayHome": "H",
        "playedYesterday": "N",
        "awayHomeSplits": "0% - 0%",
        "savesAboveExp": 0.285,
        "gsaa": -4.49,
        "corsi": "47.0% (56.4) // 47.0% (57.4) // 43.9% (54.8) // 45.3% (57.4)",
        "fenwick": "46.9% (41.3) // 45.6% (40.5) // 44.0% (37.8) // 41.0% (36.1)",
        "shots": "47.6% (29.2) // 43.1% (26.7) // 41.0% (25.1) // 36.6% (22.3)",
        "scoring": "46.7% (27.3) // 47.5% (27.6) // 43.5% (26.1) // 44.4% (27.2)",
        "corsiAgainst": "53.0% (63.7) // 53.0% (64.7) // 56.1% (70.1) // 54.7% (69.2)",
        "fenwickAgainst": "53.1% (46.7) // 54.4% (48.3) // 56.0% (48.0) // 59.0% (51.9)",
        "shotsAgainst": "52.4% (32.1) // 56.9% (35.2) // 59.0% (36.0) // 63.4% (38.6)",
        "scoringAgainst": "53.3% (31.2) // 52.5% (30.5) // 56.5% (33.9) // 55.6% (34.1)",
        "oppCorsi": "52.1% (62.2) // 56.6% (66.9) // 55.4% (65.2) // 52.1% (59.0)",
        "oppFenwick": "51.6% (44.3) // 57.1% (47.3) // 55.9% (44.9) // 54.4% (41.7)",
        "oppShots": "50.7% (30.0) // 57.8% (32.7) // 55.2% (29.2) // 55.0% (27.7)",
        "oppScoring": "54.3% (30.8) // 58.9% (33.4) // 56.5% (31.6) // 54.5% (28.0)",
        "oppCorsiAgainst": "47.9% (57.2) // 43.4% (51.3) // 44.6% (52.6) // 47.9% (54.3)",
        "oppFenwickAgainst": "48.4% (41.6) // 42.9% (35.5) // 44.1% (35.4) // 45.6% (35.0)",
        "oppShotsAgainst": "49.3% (29.2) // 42.2% (23.9) // 44.8% (23.7) // 45.0% (22.7)",
        "oppScoringAgainst": "45.7% (25.9) // 41.1% (23.3) // 43.5% (24.3) // 45.5% (23.3)",
        "totalOver": 0,
        "totalOverLast5": 0,
        "totalOverLast15": 0,
        "lastTotalOver": 0,
        "last5": "0,0,0,0,0,0,0,0,0,0",
        "fd": "0",
        "dk": "+205",
        "kambi": "155",
        "lowest": "205 DK",
        "implied": 32.78688524590164,
        "overOdds": "+205",
        "underOdds": "0",
        "overUnder": "+205 / 0"
    },
    {
        "player": "David Perron",
        "team": "DET",
        "opponent": "DAL",
        "propType": "atgs",
        "line": 0.5,
        "ppLine": "",
        "avg": 0.0,
        "hit": false,
        "diffAvg": 0,
        "diffAbs": 1.0,
        "lastAvg": 0.0,
        "diff": 0,
        "avgMin": 15,
        "proj": 0.0,
        "lastAvgMin": 16.92,
        "oppOver": 0,
        "teamOver": 0,
        "gameLine": "+120",
        "+/-": -12,
        "L5_+/-": -6.0,
        "prevMatchup": "",
        "winLossSplits": "0% - 0%",
        "awayHome": "H",
        "playedYesterday": "N",
        "awayHomeSplits": "0% - 0%",
        "savesAboveExp": 0.285,
        "gsaa": -4.49,
        "corsi": "47.0% (56.4) // 47.0% (57.4) // 43.9% (54.8) // 45.3% (57.4)",
        "fenwick": "46.9% (41.3) // 45.6% (40.5) // 44.0% (37.8) // 41.0% (36.1)",
        "shots": "47.6% (29.2) // 43.1% (26.7) // 41.0% (25.1) // 36.6% (22.3)",
        "scoring": "46.7% (27.3) // 47.5% (27.6) // 43.5% (26.1) // 44.4% (27.2)",
        "corsiAgainst": "53.0% (63.7) // 53.0% (64.7) // 56.1% (70.1) // 54.7% (69.2)",
        "fenwickAgainst": "53.1% (46.7) // 54.4% (48.3) // 56.0% (48.0) // 59.0% (51.9)",
        "shotsAgainst": "52.4% (32.1) // 56.9% (35.2) // 59.0% (36.0) // 63.4% (38.6)",
        "scoringAgainst": "53.3% (31.2) // 52.5% (30.5) // 56.5% (33.9) // 55.6% (34.1)",
        "oppCorsi": "52.1% (62.2) // 56.6% (66.9) // 55.4% (65.2) // 52.1% (59.0)",
        "oppFenwick": "51.6% (44.3) // 57.1% (47.3) // 55.9% (44.9) // 54.4% (41.7)",
        "oppShots": "50.7% (30.0) // 57.8% (32.7) // 55.2% (29.2) // 55.0% (27.7)",
        "oppScoring": "54.3% (30.8) // 58.9% (33.4) // 56.5% (31.6) // 54.5% (28.0)",
        "oppCorsiAgainst": "47.9% (57.2) // 43.4% (51.3) // 44.6% (52.6) // 47.9% (54.3)",
        "oppFenwickAgainst": "48.4% (41.6) // 42.9% (35.5) // 44.1% (35.4) // 45.6% (35.0)",
        "oppShotsAgainst": "49.3% (29.2) // 42.2% (23.9) // 44.8% (23.7) // 45.0% (22.7)",
        "oppScoringAgainst": "45.7% (25.9) // 41.1% (23.3) // 43.5% (24.3) // 45.5% (23.3)",
        "totalOver": 0,
        "totalOverLast5": 0,
        "totalOverLast15": 0,
        "lastTotalOver": 0,
        "last5": "0,0,0,0,0,0,0,0,0,0",
        "fd": "0",
        "dk": "+310",
        "kambi": "235",
        "lowest": "310 DK",
        "implied": 24.390243902439025,
        "overOdds": "+310",
        "underOdds": "0",
        "overUnder": "+310 / 0"
    },
    {
        "player": "Dylan Larkin",
        "team": "DET",
        "opponent": "DAL",
        "propType": "atgs",
        "line": 0.5,
        "ppLine": "",
        "avg": 0.0,
        "hit": false,
        "diffAvg": 0,
        "diffAbs": 1.0,
        "lastAvg": 0.0,
        "diff": 0,
        "avgMin": 20,
        "proj": 0.0,
        "lastAvgMin": 19.55,
        "oppOver": 0,
        "teamOver": 0,
        "gameLine": "+120",
        "+/-": -6,
        "L5_+/-": -8.0,
        "prevMatchup": "",
        "winLossSplits": "0% - 0%",
        "awayHome": "H",
        "playedYesterday": "N",
        "awayHomeSplits": "0% - 0%",
        "savesAboveExp": 0.285,
        "gsaa": -4.49,
        "corsi": "47.0% (56.4) // 47.0% (57.4) // 43.9% (54.8) // 45.3% (57.4)",
        "fenwick": "46.9% (41.3) // 45.6% (40.5) // 44.0% (37.8) // 41.0% (36.1)",
        "shots": "47.6% (29.2) // 43.1% (26.7) // 41.0% (25.1) // 36.6% (22.3)",
        "scoring": "46.7% (27.3) // 47.5% (27.6) // 43.5% (26.1) // 44.4% (27.2)",
        "corsiAgainst": "53.0% (63.7) // 53.0% (64.7) // 56.1% (70.1) // 54.7% (69.2)",
        "fenwickAgainst": "53.1% (46.7) // 54.4% (48.3) // 56.0% (48.0) // 59.0% (51.9)",
        "shotsAgainst": "52.4% (32.1) // 56.9% (35.2) // 59.0% (36.0) // 63.4% (38.6)",
        "scoringAgainst": "53.3% (31.2) // 52.5% (30.5) // 56.5% (33.9) // 55.6% (34.1)",
        "oppCorsi": "52.1% (62.2) // 56.6% (66.9) // 55.4% (65.2) // 52.1% (59.0)",
        "oppFenwick": "51.6% (44.3) // 57.1% (47.3) // 55.9% (44.9) // 54.4% (41.7)",
        "oppShots": "50.7% (30.0) // 57.8% (32.7) // 55.2% (29.2) // 55.0% (27.7)",
        "oppScoring": "54.3% (30.8) // 58.9% (33.4) // 56.5% (31.6) // 54.5% (28.0)",
        "oppCorsiAgainst": "47.9% (57.2) // 43.4% (51.3) // 44.6% (52.6) // 47.9% (54.3)",
        "oppFenwickAgainst": "48.4% (41.6) // 42.9% (35.5) // 44.1% (35.4) // 45.6% (35.0)",
        "oppShotsAgainst": "49.3% (29.2) // 42.2% (23.9) // 44.8% (23.7) // 45.0% (22.7)",
        "oppScoringAgainst": "45.7% (25.9) // 41.1% (23.3) // 43.5% (24.3) // 45.5% (23.3)",
        "totalOver": 0,
        "totalOverLast5": 0,
        "totalOverLast15": 0,
        "lastTotalOver": 0,
        "last5": "0,0,0,0,0,0,0,0,0,0",
        "fd": "0",
        "dk": "+170",
        "kambi": "165",
        "lowest": "170 DK",
        "implied": 37.03703703703704,
        "overOdds": "+170",
        "underOdds": "0",
        "overUnder": "+170 / 0"
    },
    {
        "player": "Jt Compher",
        "team": "DET",
        "opponent": "DAL",
        "propType": "atgs",
        "line": 0.5,
        "ppLine": "",
        "avg": 0.0,
        "hit": false,
        "diffAvg": 0,
        "diffAbs": 1.0,
        "lastAvg": 0.0,
        "diff": 0,
        "avgMin": 19,
        "proj": 0.0,
        "lastAvgMin": 20.53,
        "oppOver": 0,
        "teamOver": 0,
        "gameLine": "+120",
        "+/-": -1,
        "L5_+/-": 0.0,
        "prevMatchup": "",
        "winLossSplits": "0% - 0%",
        "awayHome": "H",
        "playedYesterday": "N",
        "awayHomeSplits": "0% - 0%",
        "savesAboveExp": 0.285,
        "gsaa": -4.49,
        "corsi": "47.0% (56.4) // 47.0% (57.4) // 43.9% (54.8) // 45.3% (57.4)",
        "fenwick": "46.9% (41.3) // 45.6% (40.5) // 44.0% (37.8) // 41.0% (36.1)",
        "shots": "47.6% (29.2) // 43.1% (26.7) // 41.0% (25.1) // 36.6% (22.3)",
        "scoring": "46.7% (27.3) // 47.5% (27.6) // 43.5% (26.1) // 44.4% (27.2)",
        "corsiAgainst": "53.0% (63.7) // 53.0% (64.7) // 56.1% (70.1) // 54.7% (69.2)",
        "fenwickAgainst": "53.1% (46.7) // 54.4% (48.3) // 56.0% (48.0) // 59.0% (51.9)",
        "shotsAgainst": "52.4% (32.1) // 56.9% (35.2) // 59.0% (36.0) // 63.4% (38.6)",
        "scoringAgainst": "53.3% (31.2) // 52.5% (30.5) // 56.5% (33.9) // 55.6% (34.1)",
        "oppCorsi": "52.1% (62.2) // 56.6% (66.9) // 55.4% (65.2) // 52.1% (59.0)",
        "oppFenwick": "51.6% (44.3) // 57.1% (47.3) // 55.9% (44.9) // 54.4% (41.7)",
        "oppShots": "50.7% (30.0) // 57.8% (32.7) // 55.2% (29.2) // 55.0% (27.7)",
        "oppScoring": "54.3% (30.8) // 58.9% (33.4) // 56.5% (31.6) // 54.5% (28.0)",
        "oppCorsiAgainst": "47.9% (57.2) // 43.4% (51.3) // 44.6% (52.6) // 47.9% (54.3)",
        "oppFenwickAgainst": "48.4% (41.6) // 42.9% (35.5) // 44.1% (35.4) // 45.6% (35.0)",
        "oppShotsAgainst": "49.3% (29.2) // 42.2% (23.9) // 44.8% (23.7) // 45.0% (22.7)",
        "oppScoringAgainst": "45.7% (25.9) // 41.1% (23.3) // 43.5% (24.3) // 45.5% (23.3)",
        "totalOver": 0,
        "totalOverLast5": 0,
        "totalOverLast15": 0,
        "lastTotalOver": 0,
        "last5": "0,0,0,0,0,0,0,0,0,0",
        "fd": "0",
        "dk": "+310",
        "kambi": "300",
        "lowest": "310 DK",
        "implied": 24.390243902439025,
        "overOdds": "+310",
        "underOdds": "0",
        "overUnder": "+310 / 0"
    },
    {
        "player": "Jamie Benn",
        "team": "DAL",
        "opponent": "DET",
        "propType": "atgs",
        "line": 0.5,
        "ppLine": "PP1",
        "avg": 0.0,
        "hit": false,
        "diffAvg": 0,
        "diffAbs": 1.0,
        "lastAvg": 0.0,
        "diff": 0,
        "avgMin": 15,
        "proj": 0.0,
        "lastAvgMin": 15.78,
        "oppOver": 0,
        "teamOver": 0,
        "gameLine": "-142",
        "+/-": "+1",
        "L5_+/-": -3.0,
        "prevMatchup": "2023-12-11 0.0 atgs",
        "winLossSplits": "0% - 0%",
        "awayHome": "A",
        "playedYesterday": "N",
        "awayHomeSplits": "0% - 0%",
        "savesAboveExp": "-",
        "gsaa": 7.67,
        "corsi": "52.1% (62.2) // 56.6% (66.9) // 55.4% (65.2) // 52.1% (59.0)",
        "fenwick": "51.6% (44.3) // 57.1% (47.3) // 55.9% (44.9) // 54.4% (41.7)",
        "shots": "50.7% (30.0) // 57.8% (32.7) // 55.2% (29.2) // 55.0% (27.7)",
        "scoring": "54.3% (30.8) // 58.9% (33.4) // 56.5% (31.6) // 54.5% (28.0)",
        "corsiAgainst": "47.9% (57.2) // 43.4% (51.3) // 44.6% (52.6) // 47.9% (54.3)",
        "fenwickAgainst": "48.4% (41.6) // 42.9% (35.5) // 44.1% (35.4) // 45.6% (35.0)",
        "shotsAgainst": "49.3% (29.2) // 42.2% (23.9) // 44.8% (23.7) // 45.0% (22.7)",
        "scoringAgainst": "45.7% (25.9) // 41.1% (23.3) // 43.5% (24.3) // 45.5% (23.3)",
        "oppCorsi": "47.0% (56.4) // 47.0% (57.4) // 43.9% (54.8) // 45.3% (57.4)",
        "oppFenwick": "46.9% (41.3) // 45.6% (40.5) // 44.0% (37.8) // 41.0% (36.1)",
        "oppShots": "47.6% (29.2) // 43.1% (26.7) // 41.0% (25.1) // 36.6% (22.3)",
        "oppScoring": "46.7% (27.3) // 47.5% (27.6) // 43.5% (26.1) // 44.4% (27.2)",
        "oppCorsiAgainst": "53.0% (63.7) // 53.0% (64.7) // 56.1% (70.1) // 54.7% (69.2)",
        "oppFenwickAgainst": "53.1% (46.7) // 54.4% (48.3) // 56.0% (48.0) // 59.0% (51.9)",
        "oppShotsAgainst": "52.4% (32.1) // 56.9% (35.2) // 59.0% (36.0) // 63.4% (38.6)",
        "oppScoringAgainst": "53.3% (31.2) // 52.5% (30.5) // 56.5% (33.9) // 55.6% (34.1)",
        "totalOver": 0,
        "totalOverLast5": 0,
        "totalOverLast15": 0,
        "lastTotalOver": 0,
        "last5": "0,0,0,0,0,0,0,0,0,0",
        "fd": "0",
        "dk": "+300",
        "kambi": "300",
        "lowest": "300 DK",
        "implied": 25.0,
        "overOdds": "+300",
        "underOdds": "0",
        "overUnder": "+300 / 0"
    },
    {
        "player": "Jason Robertson",
        "team": "DAL",
        "opponent": "DET",
        "propType": "atgs",
        "line": 0.5,
        "ppLine": "PP1",
        "avg": 0.0,
        "hit": false,
        "diffAvg": 0,
        "diffAbs": 1.0,
        "lastAvg": 0.0,
        "diff": 0,
        "avgMin": 18,
        "proj": 0.0,
        "lastAvgMin": 18.83,
        "oppOver": 0,
        "teamOver": 0,
        "gameLine": "-142",
        "+/-": "+7",
        "L5_+/-": "+3.0",
        "prevMatchup": "2023-12-11 0.0 atgs",
        "winLossSplits": "0% - 0%",
        "awayHome": "A",
        "playedYesterday": "N",
        "awayHomeSplits": "0% - 0%",
        "savesAboveExp": "-",
        "gsaa": 7.67,
        "corsi": "52.1% (62.2) // 56.6% (66.9) // 55.4% (65.2) // 52.1% (59.0)",
        "fenwick": "51.6% (44.3) // 57.1% (47.3) // 55.9% (44.9) // 54.4% (41.7)",
        "shots": "50.7% (30.0) // 57.8% (32.7) // 55.2% (29.2) // 55.0% (27.7)",
        "scoring": "54.3% (30.8) // 58.9% (33.4) // 56.5% (31.6) // 54.5% (28.0)",
        "corsiAgainst": "47.9% (57.2) // 43.4% (51.3) // 44.6% (52.6) // 47.9% (54.3)",
        "fenwickAgainst": "48.4% (41.6) // 42.9% (35.5) // 44.1% (35.4) // 45.6% (35.0)",
        "shotsAgainst": "49.3% (29.2) // 42.2% (23.9) // 44.8% (23.7) // 45.0% (22.7)",
        "scoringAgainst": "45.7% (25.9) // 41.1% (23.3) // 43.5% (24.3) // 45.5% (23.3)",
        "oppCorsi": "47.0% (56.4) // 47.0% (57.4) // 43.9% (54.8) // 45.3% (57.4)",
        "oppFenwick": "46.9% (41.3) // 45.6% (40.5) // 44.0% (37.8) // 41.0% (36.1)",
        "oppShots": "47.6% (29.2) // 43.1% (26.7) // 41.0% (25.1) // 36.6% (22.3)",
        "oppScoring": "46.7% (27.3) // 47.5% (27.6) // 43.5% (26.1) // 44.4% (27.2)",
        "oppCorsiAgainst": "53.0% (63.7) // 53.0% (64.7) // 56.1% (70.1) // 54.7% (69.2)",
        "oppFenwickAgainst": "53.1% (46.7) // 54.4% (48.3) // 56.0% (48.0) // 59.0% (51.9)",
        "oppShotsAgainst": "52.4% (32.1) // 56.9% (35.2) // 59.0% (36.0) // 63.4% (38.6)",
        "oppScoringAgainst": "53.3% (31.2) // 52.5% (30.5) // 56.5% (33.9) // 55.6% (34.1)",
        "totalOver": 0,
        "totalOverLast5": 0,
        "totalOverLast15": 0,
        "lastTotalOver": 0,
        "last5": "0,0,0,0,0,0,0,0,0,0",
        "fd": "0",
        "dk": "+165",
        "kambi": "143",
        "lowest": "165 DK",
        "implied": 37.735849056603776,
        "overOdds": "+165",
        "underOdds": "0",
        "overUnder": "+165 / 0"
    },
    {
        "player": "Joe Pavelski",
        "team": "DAL",
        "opponent": "DET",
        "propType": "atgs",
        "line": 0.5,
        "ppLine": "PP1",
        "avg": 0.0,
        "hit": false,
        "diffAvg": 0,
        "diffAbs": 1.0,
        "lastAvg": 0.0,
        "diff": 0,
        "avgMin": 16,
        "proj": 0.0,
        "lastAvgMin": 17.72,
        "oppOver": 0,
        "teamOver": 0,
        "gameLine": "-142",
        "+/-": "+2",
        "L5_+/-": -1.0,
        "prevMatchup": "2023-12-11 0.0 atgs",
        "winLossSplits": "0% - 0%",
        "awayHome": "A",
        "playedYesterday": "N",
        "awayHomeSplits": "0% - 0%",
        "savesAboveExp": "-",
        "gsaa": 7.67,
        "corsi": "52.1% (62.2) // 56.6% (66.9) // 55.4% (65.2) // 52.1% (59.0)",
        "fenwick": "51.6% (44.3) // 57.1% (47.3) // 55.9% (44.9) // 54.4% (41.7)",
        "shots": "50.7% (30.0) // 57.8% (32.7) // 55.2% (29.2) // 55.0% (27.7)",
        "scoring": "54.3% (30.8) // 58.9% (33.4) // 56.5% (31.6) // 54.5% (28.0)",
        "corsiAgainst": "47.9% (57.2) // 43.4% (51.3) // 44.6% (52.6) // 47.9% (54.3)",
        "fenwickAgainst": "48.4% (41.6) // 42.9% (35.5) // 44.1% (35.4) // 45.6% (35.0)",
        "shotsAgainst": "49.3% (29.2) // 42.2% (23.9) // 44.8% (23.7) // 45.0% (22.7)",
        "scoringAgainst": "45.7% (25.9) // 41.1% (23.3) // 43.5% (24.3) // 45.5% (23.3)",
        "oppCorsi": "47.0% (56.4) // 47.0% (57.4) // 43.9% (54.8) // 45.3% (57.4)",
        "oppFenwick": "46.9% (41.3) // 45.6% (40.5) // 44.0% (37.8) // 41.0% (36.1)",
        "oppShots": "47.6% (29.2) // 43.1% (26.7) // 41.0% (25.1) // 36.6% (22.3)",
        "oppScoring": "46.7% (27.3) // 47.5% (27.6) // 43.5% (26.1) // 44.4% (27.2)",
        "oppCorsiAgainst": "53.0% (63.7) // 53.0% (64.7) // 56.1% (70.1) // 54.7% (69.2)",
        "oppFenwickAgainst": "53.1% (46.7) // 54.4% (48.3) // 56.0% (48.0) // 59.0% (51.9)",
        "oppShotsAgainst": "52.4% (32.1) // 56.9% (35.2) // 59.0% (36.0) // 63.4% (38.6)",
        "oppScoringAgainst": "53.3% (31.2) // 52.5% (30.5) // 56.5% (33.9) // 55.6% (34.1)",
        "totalOver": 0,
        "totalOverLast5": 0,
        "totalOverLast15": 0,
        "lastTotalOver": 0,
        "last5": "0,0,0,0,0,0,0,0,0,0",
        "fd": "0",
        "dk": "+195",
        "kambi": "195",
        "lowest": "195 DK",
        "implied": 33.89830508474576,
        "overOdds": "+195",
        "underOdds": "0",
        "overUnder": "+195 / 0"
    },
    {
        "player": "Lucas Raymond",
        "team": "DET",
        "opponent": "DAL",
        "propType": "atgs",
        "line": 0.5,
        "ppLine": "",
        "avg": 0.0,
        "hit": false,
        "diffAvg": 0,
        "diffAbs": 1.0,
        "lastAvg": 0.0,
        "diff": 0,
        "avgMin": 17,
        "proj": 0.0,
        "lastAvgMin": 17.37,
        "oppOver": 0,
        "teamOver": 0,
        "gameLine": "+120",
        "+/-": -15,
        "L5_+/-": -6.0,
        "prevMatchup": "2023-12-11 0.0 atgs",
        "winLossSplits": "0% - 0%",
        "awayHome": "H",
        "playedYesterday": "N",
        "awayHomeSplits": "0% - 0%",
        "savesAboveExp": 0.285,
        "gsaa": -4.49,
        "corsi": "47.0% (56.4) // 47.0% (57.4) // 43.9% (54.8) // 45.3% (57.4)",
        "fenwick": "46.9% (41.3) // 45.6% (40.5) // 44.0% (37.8) // 41.0% (36.1)",
        "shots": "47.6% (29.2) // 43.1% (26.7) // 41.0% (25.1) // 36.6% (22.3)",
        "scoring": "46.7% (27.3) // 47.5% (27.6) // 43.5% (26.1) // 44.4% (27.2)",
        "corsiAgainst": "53.0% (63.7) // 53.0% (64.7) // 56.1% (70.1) // 54.7% (69.2)",
        "fenwickAgainst": "53.1% (46.7) // 54.4% (48.3) // 56.0% (48.0) // 59.0% (51.9)",
        "shotsAgainst": "52.4% (32.1) // 56.9% (35.2) // 59.0% (36.0) // 63.4% (38.6)",
        "scoringAgainst": "53.3% (31.2) // 52.5% (30.5) // 56.5% (33.9) // 55.6% (34.1)",
        "oppCorsi": "52.1% (62.2) // 56.6% (66.9) // 55.4% (65.2) // 52.1% (59.0)",
        "oppFenwick": "51.6% (44.3) // 57.1% (47.3) // 55.9% (44.9) // 54.4% (41.7)",
        "oppShots": "50.7% (30.0) // 57.8% (32.7) // 55.2% (29.2) // 55.0% (27.7)",
        "oppScoring": "54.3% (30.8) // 58.9% (33.4) // 56.5% (31.6) // 54.5% (28.0)",
        "oppCorsiAgainst": "47.9% (57.2) // 43.4% (51.3) // 44.6% (52.6) // 47.9% (54.3)",
        "oppFenwickAgainst": "48.4% (41.6) // 42.9% (35.5) // 44.1% (35.4) // 45.6% (35.0)",
        "oppShotsAgainst": "49.3% (29.2) // 42.2% (23.9) // 44.8% (23.7) // 45.0% (22.7)",
        "oppScoringAgainst": "45.7% (25.9) // 41.1% (23.3) // 43.5% (24.3) // 45.5% (23.3)",
        "totalOver": 0,
        "totalOverLast5": 0,
        "totalOverLast15": 0,
        "lastTotalOver": 0,
        "last5": "0,0,0,0,0,0,0,0,0,0",
        "fd": "0",
        "dk": "+280",
        "kambi": "265",
        "lowest": "280 DK",
        "implied": 26.31578947368421,
        "overOdds": "+280",
        "underOdds": "0",
        "overUnder": "+280 / 0"
    },
    {
        "player": "Mason Marchment",
        "team": "DAL",
        "opponent": "DET",
        "propType": "atgs",
        "line": 0.5,
        "ppLine": "PP2",
        "avg": 0.0,
        "hit": false,
        "diffAvg": 0,
        "diffAbs": 1.0,
        "lastAvg": 0.0,
        "diff": 0,
        "avgMin": 14,
        "proj": 0.0,
        "lastAvgMin": 15.7,
        "oppOver": 0,
        "teamOver": 0,
        "gameLine": "-142",
        "+/-": "+17",
        "L5_+/-": "+8.0",
        "prevMatchup": "2023-12-11 0.0 atgs",
        "winLossSplits": "0% - 0%",
        "awayHome": "A",
        "playedYesterday": "N",
        "awayHomeSplits": "0% - 0%",
        "savesAboveExp": "-",
        "gsaa": 7.67,
        "corsi": "52.1% (62.2) // 56.6% (66.9) // 55.4% (65.2) // 52.1% (59.0)",
        "fenwick": "51.6% (44.3) // 57.1% (47.3) // 55.9% (44.9) // 54.4% (41.7)",
        "shots": "50.7% (30.0) // 57.8% (32.7) // 55.2% (29.2) // 55.0% (27.7)",
        "scoring": "54.3% (30.8) // 58.9% (33.4) // 56.5% (31.6) // 54.5% (28.0)",
        "corsiAgainst": "47.9% (57.2) // 43.4% (51.3) // 44.6% (52.6) // 47.9% (54.3)",
        "fenwickAgainst": "48.4% (41.6) // 42.9% (35.5) // 44.1% (35.4) // 45.6% (35.0)",
        "shotsAgainst": "49.3% (29.2) // 42.2% (23.9) // 44.8% (23.7) // 45.0% (22.7)",
        "scoringAgainst": "45.7% (25.9) // 41.1% (23.3) // 43.5% (24.3) // 45.5% (23.3)",
        "oppCorsi": "47.0% (56.4) // 47.0% (57.4) // 43.9% (54.8) // 45.3% (57.4)",
        "oppFenwick": "46.9% (41.3) // 45.6% (40.5) // 44.0% (37.8) // 41.0% (36.1)",
        "oppShots": "47.6% (29.2) // 43.1% (26.7) // 41.0% (25.1) // 36.6% (22.3)",
        "oppScoring": "46.7% (27.3) // 47.5% (27.6) // 43.5% (26.1) // 44.4% (27.2)",
        "oppCorsiAgainst": "53.0% (63.7) // 53.0% (64.7) // 56.1% (70.1) // 54.7% (69.2)",
        "oppFenwickAgainst": "53.1% (46.7) // 54.4% (48.3) // 56.0% (48.0) // 59.0% (51.9)",
        "oppShotsAgainst": "52.4% (32.1) // 56.9% (35.2) // 59.0% (36.0) // 63.4% (38.6)",
        "oppScoringAgainst": "53.3% (31.2) // 52.5% (30.5) // 56.5% (33.9) // 55.6% (34.1)",
        "totalOver": 0,
        "totalOverLast5": 0,
        "totalOverLast15": 0,
        "lastTotalOver": 0,
        "last5": "0,0,0,0,0,0,0,0,0,0",
        "fd": "0",
        "dk": "+300",
        "kambi": "330",
        "lowest": "330 BR",
        "implied": 23.25581395348837,
        "overOdds": "+300",
        "underOdds": "0",
        "overUnder": "+300 / 0"
    },
    {
        "player": "Matt Duchene",
        "team": "DAL",
        "opponent": "DET",
        "propType": "atgs",
        "line": 0.5,
        "ppLine": "PP2",
        "avg": 0.0,
        "hit": false,
        "diffAvg": 0,
        "diffAbs": 1.0,
        "lastAvg": 0.0,
        "diff": 0,
        "avgMin": 17,
        "proj": 0.0,
        "lastAvgMin": 18.32,
        "oppOver": 0,
        "teamOver": 0,
        "gameLine": "-142",
        "+/-": "+12",
        "L5_+/-": -1.0,
        "prevMatchup": "2023-12-11 0.0 atgs",
        "winLossSplits": "0% - 0%",
        "awayHome": "A",
        "playedYesterday": "N",
        "awayHomeSplits": "0% - 0%",
        "savesAboveExp": "-",
        "gsaa": 7.67,
        "corsi": "52.1% (62.2) // 56.6% (66.9) // 55.4% (65.2) // 52.1% (59.0)",
        "fenwick": "51.6% (44.3) // 57.1% (47.3) // 55.9% (44.9) // 54.4% (41.7)",
        "shots": "50.7% (30.0) // 57.8% (32.7) // 55.2% (29.2) // 55.0% (27.7)",
        "scoring": "54.3% (30.8) // 58.9% (33.4) // 56.5% (31.6) // 54.5% (28.0)",
        "corsiAgainst": "47.9% (57.2) // 43.4% (51.3) // 44.6% (52.6) // 47.9% (54.3)",
        "fenwickAgainst": "48.4% (41.6) // 42.9% (35.5) // 44.1% (35.4) // 45.6% (35.0)",
        "shotsAgainst": "49.3% (29.2) // 42.2% (23.9) // 44.8% (23.7) // 45.0% (22.7)",
        "scoringAgainst": "45.7% (25.9) // 41.1% (23.3) // 43.5% (24.3) // 45.5% (23.3)",
        "oppCorsi": "47.0% (56.4) // 47.0% (57.4) // 43.9% (54.8) // 45.3% (57.4)",
        "oppFenwick": "46.9% (41.3) // 45.6% (40.5) // 44.0% (37.8) // 41.0% (36.1)",
        "oppShots": "47.6% (29.2) // 43.1% (26.7) // 41.0% (25.1) // 36.6% (22.3)",
        "oppScoring": "46.7% (27.3) // 47.5% (27.6) // 43.5% (26.1) // 44.4% (27.2)",
        "oppCorsiAgainst": "53.0% (63.7) // 53.0% (64.7) // 56.1% (70.1) // 54.7% (69.2)",
        "oppFenwickAgainst": "53.1% (46.7) // 54.4% (48.3) // 56.0% (48.0) // 59.0% (51.9)",
        "oppShotsAgainst": "52.4% (32.1) // 56.9% (35.2) // 59.0% (36.0) // 63.4% (38.6)",
        "oppScoringAgainst": "53.3% (31.2) // 52.5% (30.5) // 56.5% (33.9) // 55.6% (34.1)",
        "totalOver": 0,
        "totalOverLast5": 0,
        "totalOverLast15": 0,
        "lastTotalOver": 0,
        "last5": "0,0,0,0,0,0,0,0,0,0",
        "fd": "0",
        "dk": "+240",
        "kambi": "265",
        "lowest": "265 BR",
        "implied": 27.397260273972602,
        "overOdds": "+240",
        "underOdds": "0",
        "overUnder": "+240 / 0"
    },
    {
        "player": "Moritz Seider",
        "team": "DET",
        "opponent": "DAL",
        "propType": "atgs",
        "line": 0.5,
        "ppLine": "",
        "avg": 0.0,
        "hit": false,
        "diffAvg": 0,
        "diffAbs": 1.0,
        "lastAvg": 0.0,
        "diff": 0,
        "avgMin": 22,
        "proj": 0.0,
        "lastAvgMin": 23.13,
        "oppOver": 0,
        "teamOver": 0,
        "gameLine": "+120",
        "+/-": "+1",
        "L5_+/-": "+2.0",
        "prevMatchup": "2023-12-11 0.0 atgs",
        "winLossSplits": "0% - 0%",
        "awayHome": "H",
        "playedYesterday": "N",
        "awayHomeSplits": "0% - 0%",
        "savesAboveExp": 0.285,
        "gsaa": -4.49,
        "corsi": "47.0% (56.4) // 47.0% (57.4) // 43.9% (54.8) // 45.3% (57.4)",
        "fenwick": "46.9% (41.3) // 45.6% (40.5) // 44.0% (37.8) // 41.0% (36.1)",
        "shots": "47.6% (29.2) // 43.1% (26.7) // 41.0% (25.1) // 36.6% (22.3)",
        "scoring": "46.7% (27.3) // 47.5% (27.6) // 43.5% (26.1) // 44.4% (27.2)",
        "corsiAgainst": "53.0% (63.7) // 53.0% (64.7) // 56.1% (70.1) // 54.7% (69.2)",
        "fenwickAgainst": "53.1% (46.7) // 54.4% (48.3) // 56.0% (48.0) // 59.0% (51.9)",
        "shotsAgainst": "52.4% (32.1) // 56.9% (35.2) // 59.0% (36.0) // 63.4% (38.6)",
        "scoringAgainst": "53.3% (31.2) // 52.5% (30.5) // 56.5% (33.9) // 55.6% (34.1)",
        "oppCorsi": "52.1% (62.2) // 56.6% (66.9) // 55.4% (65.2) // 52.1% (59.0)",
        "oppFenwick": "51.6% (44.3) // 57.1% (47.3) // 55.9% (44.9) // 54.4% (41.7)",
        "oppShots": "50.7% (30.0) // 57.8% (32.7) // 55.2% (29.2) // 55.0% (27.7)",
        "oppScoring": "54.3% (30.8) // 58.9% (33.4) // 56.5% (31.6) // 54.5% (28.0)",
        "oppCorsiAgainst": "47.9% (57.2) // 43.4% (51.3) // 44.6% (52.6) // 47.9% (54.3)",
        "oppFenwickAgainst": "48.4% (41.6) // 42.9% (35.5) // 44.1% (35.4) // 45.6% (35.0)",
        "oppShotsAgainst": "49.3% (29.2) // 42.2% (23.9) // 44.8% (23.7) // 45.0% (22.7)",
        "oppScoringAgainst": "45.7% (25.9) // 41.1% (23.3) // 43.5% (24.3) // 45.5% (23.3)",
        "totalOver": 0,
        "totalOverLast5": 0,
        "totalOverLast15": 0,
        "lastTotalOver": 0,
        "last5": "0,0,0,0,0,0,0,0,0,0",
        "fd": "0",
        "dk": "+600",
        "kambi": "600",
        "lowest": "600 DK",
        "implied": 14.285714285714285,
        "overOdds": "+600",
        "underOdds": "0",
        "overUnder": "+600 / 0"
    },
    {
        "player": "Roope Hintz",
        "team": "DAL",
        "opponent": "DET",
        "propType": "atgs",
        "line": 0.5,
        "ppLine": "PP1",
        "avg": 0.0,
        "hit": false,
        "diffAvg": 0,
        "diffAbs": 1.0,
        "lastAvg": 0.0,
        "diff": 0,
        "avgMin": 17,
        "proj": 0.0,
        "lastAvgMin": 17.55,
        "oppOver": 0,
        "teamOver": 0,
        "gameLine": "-142",
        "+/-": "+14",
        "L5_+/-": "+4.0",
        "prevMatchup": "2023-12-11 0.0 atgs",
        "winLossSplits": "0% - 0%",
        "awayHome": "A",
        "playedYesterday": "N",
        "awayHomeSplits": "0% - 0%",
        "savesAboveExp": "-",
        "gsaa": 7.67,
        "corsi": "52.1% (62.2) // 56.6% (66.9) // 55.4% (65.2) // 52.1% (59.0)",
        "fenwick": "51.6% (44.3) // 57.1% (47.3) // 55.9% (44.9) // 54.4% (41.7)",
        "shots": "50.7% (30.0) // 57.8% (32.7) // 55.2% (29.2) // 55.0% (27.7)",
        "scoring": "54.3% (30.8) // 58.9% (33.4) // 56.5% (31.6) // 54.5% (28.0)",
        "corsiAgainst": "47.9% (57.2) // 43.4% (51.3) // 44.6% (52.6) // 47.9% (54.3)",
        "fenwickAgainst": "48.4% (41.6) // 42.9% (35.5) // 44.1% (35.4) // 45.6% (35.0)",
        "shotsAgainst": "49.3% (29.2) // 42.2% (23.9) // 44.8% (23.7) // 45.0% (22.7)",
        "scoringAgainst": "45.7% (25.9) // 41.1% (23.3) // 43.5% (24.3) // 45.5% (23.3)",
        "oppCorsi": "47.0% (56.4) // 47.0% (57.4) // 43.9% (54.8) // 45.3% (57.4)",
        "oppFenwick": "46.9% (41.3) // 45.6% (40.5) // 44.0% (37.8) // 41.0% (36.1)",
        "oppShots": "47.6% (29.2) // 43.1% (26.7) // 41.0% (25.1) // 36.6% (22.3)",
        "oppScoring": "46.7% (27.3) // 47.5% (27.6) // 43.5% (26.1) // 44.4% (27.2)",
        "oppCorsiAgainst": "53.0% (63.7) // 53.0% (64.7) // 56.1% (70.1) // 54.7% (69.2)",
        "oppFenwickAgainst": "53.1% (46.7) // 54.4% (48.3) // 56.0% (48.0) // 59.0% (51.9)",
        "oppShotsAgainst": "52.4% (32.1) // 56.9% (35.2) // 59.0% (36.0) // 63.4% (38.6)",
        "oppScoringAgainst": "53.3% (31.2) // 52.5% (30.5) // 56.5% (33.9) // 55.6% (34.1)",
        "totalOver": 0,
        "totalOverLast5": 0,
        "totalOverLast15": 0,
        "lastTotalOver": 0,
        "last5": "0,0,0,0,0,0,0,0,0,0",
        "fd": "0",
        "dk": "+180",
        "kambi": "143",
        "lowest": "180 DK",
        "implied": 35.714285714285715,
        "overOdds": "+180",
        "underOdds": "0",
        "overUnder": "+180 / 0"
    },
    {
        "player": "Shayne Gostisbehere",
        "team": "DET",
        "opponent": "DAL",
        "propType": "atgs",
        "line": 0.5,
        "ppLine": "",
        "avg": 0.0,
        "hit": false,
        "diffAvg": 0,
        "diffAbs": 1.0,
        "lastAvg": 0.0,
        "diff": 0,
        "avgMin": 19,
        "proj": 0.0,
        "lastAvgMin": 20.82,
        "oppOver": 0,
        "teamOver": 0,
        "gameLine": "+120",
        "+/-": -19,
        "L5_+/-": -7.0,
        "prevMatchup": "2023-12-11 0.0 atgs",
        "winLossSplits": "0% - 0%",
        "awayHome": "H",
        "playedYesterday": "N",
        "awayHomeSplits": "0% - 0%",
        "savesAboveExp": 0.285,
        "gsaa": -4.49,
        "corsi": "47.0% (56.4) // 47.0% (57.4) // 43.9% (54.8) // 45.3% (57.4)",
        "fenwick": "46.9% (41.3) // 45.6% (40.5) // 44.0% (37.8) // 41.0% (36.1)",
        "shots": "47.6% (29.2) // 43.1% (26.7) // 41.0% (25.1) // 36.6% (22.3)",
        "scoring": "46.7% (27.3) // 47.5% (27.6) // 43.5% (26.1) // 44.4% (27.2)",
        "corsiAgainst": "53.0% (63.7) // 53.0% (64.7) // 56.1% (70.1) // 54.7% (69.2)",
        "fenwickAgainst": "53.1% (46.7) // 54.4% (48.3) // 56.0% (48.0) // 59.0% (51.9)",
        "shotsAgainst": "52.4% (32.1) // 56.9% (35.2) // 59.0% (36.0) // 63.4% (38.6)",
        "scoringAgainst": "53.3% (31.2) // 52.5% (30.5) // 56.5% (33.9) // 55.6% (34.1)",
        "oppCorsi": "52.1% (62.2) // 56.6% (66.9) // 55.4% (65.2) // 52.1% (59.0)",
        "oppFenwick": "51.6% (44.3) // 57.1% (47.3) // 55.9% (44.9) // 54.4% (41.7)",
        "oppShots": "50.7% (30.0) // 57.8% (32.7) // 55.2% (29.2) // 55.0% (27.7)",
        "oppScoring": "54.3% (30.8) // 58.9% (33.4) // 56.5% (31.6) // 54.5% (28.0)",
        "oppCorsiAgainst": "47.9% (57.2) // 43.4% (51.3) // 44.6% (52.6) // 47.9% (54.3)",
        "oppFenwickAgainst": "48.4% (41.6) // 42.9% (35.5) // 44.1% (35.4) // 45.6% (35.0)",
        "oppShotsAgainst": "49.3% (29.2) // 42.2% (23.9) // 44.8% (23.7) // 45.0% (22.7)",
        "oppScoringAgainst": "45.7% (25.9) // 41.1% (23.3) // 43.5% (24.3) // 45.5% (23.3)",
        "totalOver": 0,
        "totalOverLast5": 0,
        "totalOverLast15": 0,
        "lastTotalOver": 0,
        "last5": "0,0,0,0,0,0,0,0,0,0",
        "fd": "0",
        "dk": "+650",
        "kambi": "600",
        "lowest": "650 DK",
        "implied": 13.333333333333334,
        "overOdds": "+650",
        "underOdds": "0",
        "overUnder": "+650 / 0"
    },
    {
        "player": "Tyler Seguin",
        "team": "DAL",
        "opponent": "DET",
        "propType": "atgs",
        "line": 0.5,
        "ppLine": "PP2",
        "avg": 0.0,
        "hit": false,
        "diffAvg": 0,
        "diffAbs": 1.0,
        "lastAvg": 0.0,
        "diff": 0,
        "avgMin": 16,
        "proj": 0.0,
        "lastAvgMin": 16.62,
        "oppOver": 0,
        "teamOver": 0,
        "gameLine": "-142",
        "+/-": "+6",
        "L5_+/-": "+1.0",
        "prevMatchup": "2023-12-11 0.0 atgs",
        "winLossSplits": "0% - 0%",
        "awayHome": "A",
        "playedYesterday": "N",
        "awayHomeSplits": "0% - 0%",
        "savesAboveExp": "-",
        "gsaa": 7.67,
        "corsi": "52.1% (62.2) // 56.6% (66.9) // 55.4% (65.2) // 52.1% (59.0)",
        "fenwick": "51.6% (44.3) // 57.1% (47.3) // 55.9% (44.9) // 54.4% (41.7)",
        "shots": "50.7% (30.0) // 57.8% (32.7) // 55.2% (29.2) // 55.0% (27.7)",
        "scoring": "54.3% (30.8) // 58.9% (33.4) // 56.5% (31.6) // 54.5% (28.0)",
        "corsiAgainst": "47.9% (57.2) // 43.4% (51.3) // 44.6% (52.6) // 47.9% (54.3)",
        "fenwickAgainst": "48.4% (41.6) // 42.9% (35.5) // 44.1% (35.4) // 45.6% (35.0)",
        "shotsAgainst": "49.3% (29.2) // 42.2% (23.9) // 44.8% (23.7) // 45.0% (22.7)",
        "scoringAgainst": "45.7% (25.9) // 41.1% (23.3) // 43.5% (24.3) // 45.5% (23.3)",
        "oppCorsi": "47.0% (56.4) // 47.0% (57.4) // 43.9% (54.8) // 45.3% (57.4)",
        "oppFenwick": "46.9% (41.3) // 45.6% (40.5) // 44.0% (37.8) // 41.0% (36.1)",
        "oppShots": "47.6% (29.2) // 43.1% (26.7) // 41.0% (25.1) // 36.6% (22.3)",
        "oppScoring": "46.7% (27.3) // 47.5% (27.6) // 43.5% (26.1) // 44.4% (27.2)",
        "oppCorsiAgainst": "53.0% (63.7) // 53.0% (64.7) // 56.1% (70.1) // 54.7% (69.2)",
        "oppFenwickAgainst": "53.1% (46.7) // 54.4% (48.3) // 56.0% (48.0) // 59.0% (51.9)",
        "oppShotsAgainst": "52.4% (32.1) // 56.9% (35.2) // 59.0% (36.0) // 63.4% (38.6)",
        "oppScoringAgainst": "53.3% (31.2) // 52.5% (30.5) // 56.5% (33.9) // 55.6% (34.1)",
        "totalOver": 0,
        "totalOverLast5": 0,
        "totalOverLast15": 0,
        "lastTotalOver": 0,
        "last5": "0,0,0,0,0,0,0,0,0,0",
        "fd": "0",
        "dk": "+245",
        "kambi": "205",
        "lowest": "245 DK",
        "implied": 28.985507246376812,
        "overOdds": "+245",
        "underOdds": "0",
        "overUnder": "+245 / 0"
    },
    {
        "player": "Wyatt Johnston",
        "team": "DAL",
        "opponent": "DET",
        "propType": "atgs",
        "line": 0.5,
        "ppLine": "PP2",
        "avg": 0.0,
        "hit": false,
        "diffAvg": 0,
        "diffAbs": 1.0,
        "lastAvg": 0.0,
        "diff": 0,
        "avgMin": 16,
        "proj": 0.0,
        "lastAvgMin": 15.47,
        "oppOver": 0,
        "teamOver": 0,
        "gameLine": "-142",
        "+/-": -2,
        "L5_+/-": "+2.0",
        "prevMatchup": "2023-12-11 0.0 atgs",
        "winLossSplits": "0% - 0%",
        "awayHome": "A",
        "playedYesterday": "N",
        "awayHomeSplits": "0% - 0%",
        "savesAboveExp": "-",
        "gsaa": 7.67,
        "corsi": "52.1% (62.2) // 56.6% (66.9) // 55.4% (65.2) // 52.1% (59.0)",
        "fenwick": "51.6% (44.3) // 57.1% (47.3) // 55.9% (44.9) // 54.4% (41.7)",
        "shots": "50.7% (30.0) // 57.8% (32.7) // 55.2% (29.2) // 55.0% (27.7)",
        "scoring": "54.3% (30.8) // 58.9% (33.4) // 56.5% (31.6) // 54.5% (28.0)",
        "corsiAgainst": "47.9% (57.2) // 43.4% (51.3) // 44.6% (52.6) // 47.9% (54.3)",
        "fenwickAgainst": "48.4% (41.6) // 42.9% (35.5) // 44.1% (35.4) // 45.6% (35.0)",
        "shotsAgainst": "49.3% (29.2) // 42.2% (23.9) // 44.8% (23.7) // 45.0% (22.7)",
        "scoringAgainst": "45.7% (25.9) // 41.1% (23.3) // 43.5% (24.3) // 45.5% (23.3)",
        "oppCorsi": "47.0% (56.4) // 47.0% (57.4) // 43.9% (54.8) // 45.3% (57.4)",
        "oppFenwick": "46.9% (41.3) // 45.6% (40.5) // 44.0% (37.8) // 41.0% (36.1)",
        "oppShots": "47.6% (29.2) // 43.1% (26.7) // 41.0% (25.1) // 36.6% (22.3)",
        "oppScoring": "46.7% (27.3) // 47.5% (27.6) // 43.5% (26.1) // 44.4% (27.2)",
        "oppCorsiAgainst": "53.0% (63.7) // 53.0% (64.7) // 56.1% (70.1) // 54.7% (69.2)",
        "oppFenwickAgainst": "53.1% (46.7) // 54.4% (48.3) // 56.0% (48.0) // 59.0% (51.9)",
        "oppShotsAgainst": "52.4% (32.1) // 56.9% (35.2) // 59.0% (36.0) // 63.4% (38.6)",
        "oppScoringAgainst": "53.3% (31.2) // 52.5% (30.5) // 56.5% (33.9) // 55.6% (34.1)",
        "totalOver": 0,
        "totalOverLast5": 0,
        "totalOverLast15": 0,
        "lastTotalOver": 0,
        "last5": "0,0,0,0,0,0,0,0,0,0",
        "fd": "0",
        "dk": "+260",
        "kambi": "265",
        "lowest": "265 BR",
        "implied": 27.397260273972602,
        "overOdds": "+260",
        "underOdds": "0",
        "overUnder": "+260 / 0"
    },
    {
        "player": "Daniel Sprong",
        "team": "DET",
        "opponent": "DAL",
        "propType": "atgs",
        "line": 0.5,
        "ppLine": "",
        "avg": 0.0,
        "hit": false,
        "diffAvg": 0,
        "diffAbs": 1.0,
        "lastAvg": 0.0,
        "diff": 0,
        "avgMin": 12,
        "proj": 0.0,
        "lastAvgMin": 11.42,
        "oppOver": 0,
        "teamOver": 0,
        "gameLine": "+120",
        "+/-": "+7",
        "L5_+/-": "+4.0",
        "prevMatchup": "2023-12-11 0.0 atgs",
        "winLossSplits": "0% - 0%",
        "awayHome": "H",
        "playedYesterday": "N",
        "awayHomeSplits": "0% - 0%",
        "savesAboveExp": 0.285,
        "gsaa": -4.49,
        "corsi": "47.0% (56.4) // 47.0% (57.4) // 43.9% (54.8) // 45.3% (57.4)",
        "fenwick": "46.9% (41.3) // 45.6% (40.5) // 44.0% (37.8) // 41.0% (36.1)",
        "shots": "47.6% (29.2) // 43.1% (26.7) // 41.0% (25.1) // 36.6% (22.3)",
        "scoring": "46.7% (27.3) // 47.5% (27.6) // 43.5% (26.1) // 44.4% (27.2)",
        "corsiAgainst": "53.0% (63.7) // 53.0% (64.7) // 56.1% (70.1) // 54.7% (69.2)",
        "fenwickAgainst": "53.1% (46.7) // 54.4% (48.3) // 56.0% (48.0) // 59.0% (51.9)",
        "shotsAgainst": "52.4% (32.1) // 56.9% (35.2) // 59.0% (36.0) // 63.4% (38.6)",
        "scoringAgainst": "53.3% (31.2) // 52.5% (30.5) // 56.5% (33.9) // 55.6% (34.1)",
        "oppCorsi": "52.1% (62.2) // 56.6% (66.9) // 55.4% (65.2) // 52.1% (59.0)",
        "oppFenwick": "51.6% (44.3) // 57.1% (47.3) // 55.9% (44.9) // 54.4% (41.7)",
        "oppShots": "50.7% (30.0) // 57.8% (32.7) // 55.2% (29.2) // 55.0% (27.7)",
        "oppScoring": "54.3% (30.8) // 58.9% (33.4) // 56.5% (31.6) // 54.5% (28.0)",
        "oppCorsiAgainst": "47.9% (57.2) // 43.4% (51.3) // 44.6% (52.6) // 47.9% (54.3)",
        "oppFenwickAgainst": "48.4% (41.6) // 42.9% (35.5) // 44.1% (35.4) // 45.6% (35.0)",
        "oppShotsAgainst": "49.3% (29.2) // 42.2% (23.9) // 44.8% (23.7) // 45.0% (22.7)",
        "oppScoringAgainst": "45.7% (25.9) // 41.1% (23.3) // 43.5% (24.3) // 45.5% (23.3)",
        "totalOver": 0,
        "totalOverLast5": 0,
        "totalOverLast15": 0,
        "lastTotalOver": 0,
        "last5": "0,0,0,0,0,0,0,0,0,0",
        "fd": "0",
        "dk": "+295",
        "kambi": "280",
        "lowest": "295 DK",
        "implied": 25.31645569620253,
        "overOdds": "+295",
        "underOdds": "0",
        "overUnder": "+295 / 0"
    },
    {
        "player": "Thomas Harley",
        "team": "DAL",
        "opponent": "DET",
        "propType": "atgs",
        "line": 0.5,
        "ppLine": "PP1",
        "avg": 0.0,
        "hit": false,
        "diffAvg": 0,
        "diffAbs": 1.0,
        "lastAvg": 0,
        "diff": 0,
        "avgMin": 19,
        "proj": 0.0,
