[
    {
        "player": "Connor Bedard",
        "team": "CHI",
        "opponent": "NJ",
        "propType": "atgs",
        "line": 0.5,
        "ppLine": "PP1",
        "avg": 0.0,
        "hit": false,
        "diffAvg": 0,
        "diffAbs": 1.0,
        "lastAvg": 0,
        "diff": 0,
        "avgMin": 19,
        "proj": 0.0,
        "lastAvgMin": 0,
        "oppOver": 0,
        "teamOver": 0,
        "gameLine": "+340",
        "+/-": -22,
        "L5_+/-": -8.0,
        "prevMatchup": "2023-11-05 0.0 atgs",
        "winLossSplits": "0% - 0%",
        "awayHome": "A",
        "playedYesterday": "Y",
        "awayHomeSplits": "0% - 0%",
        "savesAboveExp": 0.109,
        "gsaa": -12.36,
        "corsi": "44.3% (51.5) // 41.7% (48.2) // 40.5% (49.2) // 40.9% (48.3)",
        "fenwick": "44.1% (36.9) // 41.7% (35.1) // 39.7% (34.8) // 38.7% (32.7)",
        "shots": "44.2% (26.1) // 40.4% (23.1) // 39.9% (23.6) // 38.1% (22.3)",
        "scoring": "43.0% (24.7) // 38.9% (20.6) // 38.0% (21.9) // 39.4% (23.0)",
        "corsiAgainst": "55.7% (64.6) // 58.3% (67.5) // 59.5% (72.3) // 59.1% (70.0)",
        "fenwickAgainst": "55.9% (46.7) // 58.3% (49.0) // 60.3% (52.7) // 61.3% (51.7)",
        "shotsAgainst": "55.8% (32.9) // 59.6% (34.1) // 60.1% (35.6) // 61.9% (36.3)",
        "scoringAgainst": "57.0% (32.7) // 61.1% (32.3) // 62.0% (35.8) // 60.6% (35.3)",
        "oppCorsi": "54.5% (64.2) // 53.1% (61.1) // 53.4% (62.2) // 53.7% (58.5)",
        "oppFenwick": "52.5% (44.6) // 51.7% (42.6) // 52.1% (42.6) // 51.2% (41.5)",
        "oppShots": "52.2% (31.4) // 52.5% (30.4) // 52.7% (31.2) // 51.7% (30.5)",
        "oppScoring": "55.0% (31.2) // 54.2% (28.6) // 53.8% (28.2) // 51.0% (24.5)",
        "oppCorsiAgainst": "45.5% (53.6) // 46.9% (53.9) // 46.6% (54.3) // 46.3% (50.5)",
        "oppFenwickAgainst": "47.5% (40.4) // 48.3% (39.7) // 47.9% (39.1) // 48.8% (39.5)",
        "oppShotsAgainst": "47.8% (28.8) // 47.5% (27.5) // 47.3% (28.0) // 48.3% (28.5)",
        "oppScoringAgainst": "45.0% (25.5) // 45.8% (24.2) // 46.2% (24.3) // 49.0% (23.5)",
        "totalOver": 0,
        "totalOverLast5": 0,
        "totalOverLast15": 0,
        "lastTotalOver": 0,
        "last5": "0,0,0,0,0,0,0,0,0,0",
        "fd": "0",
        "dk": "+165",
        "kambi": "180",
        "lowest": "180 BR",
        "implied": 35.714285714285715,
        "overOdds": "+165",
        "underOdds": "0",
        "overUnder": "+165 / 0"
    },
    {
        "player": "Dawson Mercer",
        "team": "NJ",
        "opponent": "CHI",
        "propType": "atgs",
        "line": 0.5,
        "ppLine": "PP2",
        "avg": 0.0,
        "hit": false,
        "diffAvg": 0,
        "diffAbs": 1.0,
        "lastAvg": 0.0,
        "diff": 0,
        "avgMin": 17,
        "proj": 0.0,
        "lastAvgMin": 16.55,
        "oppOver": 0,
        "teamOver": 0,
        "gameLine": "-440",
        "+/-": -3,
        "L5_+/-": "+5.0",
        "prevMatchup": "2023-11-05 0.0 atgs",
        "winLossSplits": "0% - 0%",
        "awayHome": "H",
        "playedYesterday": "N",
        "awayHomeSplits": "0% - 0%",
        "savesAboveExp": -0.269,
        "gsaa": -14.19,
        "corsi": "54.5% (64.2) // 53.1% (61.1) // 53.4% (62.2) // 53.7% (58.5)",
        "fenwick": "52.5% (44.6) // 51.7% (42.6) // 52.1% (42.6) // 51.2% (41.5)",
        "shots": "52.2% (31.4) // 52.5% (30.4) // 52.7% (31.2) // 51.7% (30.5)",
        "scoring": "55.0% (31.2) // 54.2% (28.6) // 53.8% (28.2) // 51.0% (24.5)",
        "corsiAgainst": "45.5% (53.6) // 46.9% (53.9) // 46.6% (54.3) // 46.3% (50.5)",
        "fenwickAgainst": "47.5% (40.4) // 48.3% (39.7) // 47.9% (39.1) // 48.8% (39.5)",
        "shotsAgainst": "47.8% (28.8) // 47.5% (27.5) // 47.3% (28.0) // 48.3% (28.5)",
        "scoringAgainst": "45.0% (25.5) // 45.8% (24.2) // 46.2% (24.3) // 49.0% (23.5)",
        "oppCorsi": "44.3% (51.5) // 41.7% (48.2) // 40.5% (49.2) // 40.9% (48.3)",
        "oppFenwick": "44.1% (36.9) // 41.7% (35.1) // 39.7% (34.8) // 38.7% (32.7)",
        "oppShots": "44.2% (26.1) // 40.4% (23.1) // 39.9% (23.6) // 38.1% (22.3)",
        "oppScoring": "43.0% (24.7) // 38.9% (20.6) // 38.0% (21.9) // 39.4% (23.0)",
        "oppCorsiAgainst": "55.7% (64.6) // 58.3% (67.5) // 59.5% (72.3) // 59.1% (70.0)",
        "oppFenwickAgainst": "55.9% (46.7) // 58.3% (49.0) // 60.3% (52.7) // 61.3% (51.7)",
        "oppShotsAgainst": "55.8% (32.9) // 59.6% (34.1) // 60.1% (35.6) // 61.9% (36.3)",
        "oppScoringAgainst": "57.0% (32.7) // 61.1% (32.3) // 62.0% (35.8) // 60.6% (35.3)",
        "totalOver": 0,
        "totalOverLast5": 0,
        "totalOverLast15": 0,
        "lastTotalOver": 0,
        "last5": "0,0,0,0,0,0,0,0,0,0",
        "fd": "0",
        "dk": "+185",
        "kambi": "165",
        "lowest": "185 DK",
        "implied": 35.08771929824561,
        "overOdds": "+185",
        "underOdds": "0",
        "overUnder": "+185 / 0"
    },
    {
        "player": "Erik Haula",
        "team": "NJ",
        "opponent": "CHI",
        "propType": "atgs",
        "line": 0.5,
        "ppLine": "PP2",
        "avg": 0.0,
        "hit": false,
        "diffAvg": 0,
        "diffAbs": 1.0,
        "lastAvg": 0.0,
        "diff": 0,
        "avgMin": 15,
        "proj": 0.0,
        "lastAvgMin": 16.62,
        "oppOver": 0,
        "teamOver": 0,
        "gameLine": "-440",
        "+/-": -2,
        "L5_+/-": -2.0,
        "prevMatchup": "2023-11-05 0.0 atgs",
        "winLossSplits": "0% - 0%",
        "awayHome": "H",
        "playedYesterday": "N",
        "awayHomeSplits": "0% - 0%",
        "savesAboveExp": -0.269,
        "gsaa": -14.19,
        "corsi": "54.5% (64.2) // 53.1% (61.1) // 53.4% (62.2) // 53.7% (58.5)",
        "fenwick": "52.5% (44.6) // 51.7% (42.6) // 52.1% (42.6) // 51.2% (41.5)",
        "shots": "52.2% (31.4) // 52.5% (30.4) // 52.7% (31.2) // 51.7% (30.5)",
        "scoring": "55.0% (31.2) // 54.2% (28.6) // 53.8% (28.2) // 51.0% (24.5)",
        "corsiAgainst": "45.5% (53.6) // 46.9% (53.9) // 46.6% (54.3) // 46.3% (50.5)",
        "fenwickAgainst": "47.5% (40.4) // 48.3% (39.7) // 47.9% (39.1) // 48.8% (39.5)",
        "shotsAgainst": "47.8% (28.8) // 47.5% (27.5) // 47.3% (28.0) // 48.3% (28.5)",
        "scoringAgainst": "45.0% (25.5) // 45.8% (24.2) // 46.2% (24.3) // 49.0% (23.5)",
        "oppCorsi": "44.3% (51.5) // 41.7% (48.2) // 40.5% (49.2) // 40.9% (48.3)",
        "oppFenwick": "44.1% (36.9) // 41.7% (35.1) // 39.7% (34.8) // 38.7% (32.7)",
        "oppShots": "44.2% (26.1) // 40.4% (23.1) // 39.9% (23.6) // 38.1% (22.3)",
        "oppScoring": "43.0% (24.7) // 38.9% (20.6) // 38.0% (21.9) // 39.4% (23.0)",
        "oppCorsiAgainst": "55.7% (64.6) // 58.3% (67.5) // 59.5% (72.3) // 59.1% (70.0)",
        "oppFenwickAgainst": "55.9% (46.7) // 58.3% (49.0) // 60.3% (52.7) // 61.3% (51.7)",
        "oppShotsAgainst": "55.8% (32.9) // 59.6% (34.1) // 60.1% (35.6) // 61.9% (36.3)",
        "oppScoringAgainst": "57.0% (32.7) // 61.1% (32.3) // 62.0% (35.8) // 60.6% (35.3)",
        "totalOver": 0,
        "totalOverLast5": 0,
        "totalOverLast15": 0,
        "lastTotalOver": 0,
        "last5": "0,0,0,0,0,0,0,0,0,0",
        "fd": "0",
        "dk": "+225",
        "kambi": "215",
        "lowest": "225 DK",
        "implied": 30.76923076923077,
        "overOdds": "+225",
        "underOdds": "0",
        "overUnder": "+225 / 0"
    },
    {
        "player": "Jack Hughes",
        "team": "NJ",
        "opponent": "CHI",
        "propType": "atgs",
        "line": 0.5,
        "ppLine": "PP1",
        "avg": 0.0,
        "hit": false,
        "diffAvg": 0,
        "diffAbs": 1.0,
        "lastAvg": 0.0,
        "diff": 0,
        "avgMin": 20,
        "proj": 0.0,
        "lastAvgMin": 19.95,
        "oppOver": 0,
        "teamOver": 0,
        "gameLine": "-440",
        "+/-": -4,
        "L5_+/-": -3.0,
        "prevMatchup": "",
        "winLossSplits": "0% - 0%",
        "awayHome": "H",
        "playedYesterday": "N",
        "awayHomeSplits": "0% - 0%",
        "savesAboveExp": -0.269,
        "gsaa": -14.19,
        "corsi": "54.5% (64.2) // 53.1% (61.1) // 53.4% (62.2) // 53.7% (58.5)",
        "fenwick": "52.5% (44.6) // 51.7% (42.6) // 52.1% (42.6) // 51.2% (41.5)",
        "shots": "52.2% (31.4) // 52.5% (30.4) // 52.7% (31.2) // 51.7% (30.5)",
        "scoring": "55.0% (31.2) // 54.2% (28.6) // 53.8% (28.2) // 51.0% (24.5)",
        "corsiAgainst": "45.5% (53.6) // 46.9% (53.9) // 46.6% (54.3) // 46.3% (50.5)",
        "fenwickAgainst": "47.5% (40.4) // 48.3% (39.7) // 47.9% (39.1) // 48.8% (39.5)",
        "shotsAgainst": "47.8% (28.8) // 47.5% (27.5) // 47.3% (28.0) // 48.3% (28.5)",
        "scoringAgainst": "45.0% (25.5) // 45.8% (24.2) // 46.2% (24.3) // 49.0% (23.5)",
        "oppCorsi": "44.3% (51.5) // 41.7% (48.2) // 40.5% (49.2) // 40.9% (48.3)",
        "oppFenwick": "44.1% (36.9) // 41.7% (35.1) // 39.7% (34.8) // 38.7% (32.7)",
        "oppShots": "44.2% (26.1) // 40.4% (23.1) // 39.9% (23.6) // 38.1% (22.3)",
        "oppScoring": "43.0% (24.7) // 38.9% (20.6) // 38.0% (21.9) // 39.4% (23.0)",
        "oppCorsiAgainst": "55.7% (64.6) // 58.3% (67.5) // 59.5% (72.3) // 59.1% (70.0)",
        "oppFenwickAgainst": "55.9% (46.7) // 58.3% (49.0) // 60.3% (52.7) // 61.3% (51.7)",
        "oppShotsAgainst": "55.8% (32.9) // 59.6% (34.1) // 60.1% (35.6) // 61.9% (36.3)",
        "oppScoringAgainst": "57.0% (32.7) // 61.1% (32.3) // 62.0% (35.8) // 60.6% (35.3)",
        "totalOver": 0,
        "totalOverLast5": 0,
        "totalOverLast15": 0,
        "lastTotalOver": 0,
        "last5": "0,0,0,0,0,0,0,0,0,0",
        "fd": "0",
        "dk": "-110",
        "kambi": "-137",
        "lowest": "-110 DK",
        "implied": 52.38095238095239,
        "overOdds": "-110",
        "underOdds": "0",
        "overUnder": "-110 / 0"
    },
    {
        "player": "Jason Dickinson",
        "team": "CHI",
        "opponent": "NJ",
        "propType": "atgs",
        "line": 0.5,
        "ppLine": "PP2",
        "avg": 0.0,
        "hit": false,
        "diffAvg": 0,
        "diffAbs": 1.0,
        "lastAvg": 0.0,
        "diff": 0,
        "avgMin": 15,
        "proj": 0.0,
        "lastAvgMin": 15.93,
        "oppOver": 0,
        "teamOver": 0,
        "gameLine": "+340",
        "+/-": "+8",
        "L5_+/-": "+3.0",
        "prevMatchup": "2023-11-05 0.0 atgs",
        "winLossSplits": "0% - 0%",
        "awayHome": "A",
        "playedYesterday": "Y",
        "awayHomeSplits": "0% - 0%",
        "savesAboveExp": 0.109,
        "gsaa": -12.36,
        "corsi": "44.3% (51.5) // 41.7% (48.2) // 40.5% (49.2) // 40.9% (48.3)",
        "fenwick": "44.1% (36.9) // 41.7% (35.1) // 39.7% (34.8) // 38.7% (32.7)",
        "shots": "44.2% (26.1) // 40.4% (23.1) // 39.9% (23.6) // 38.1% (22.3)",
        "scoring": "43.0% (24.7) // 38.9% (20.6) // 38.0% (21.9) // 39.4% (23.0)",
        "corsiAgainst": "55.7% (64.6) // 58.3% (67.5) // 59.5% (72.3) // 59.1% (70.0)",
        "fenwickAgainst": "55.9% (46.7) // 58.3% (49.0) // 60.3% (52.7) // 61.3% (51.7)",
        "shotsAgainst": "55.8% (32.9) // 59.6% (34.1) // 60.1% (35.6) // 61.9% (36.3)",
        "scoringAgainst": "57.0% (32.7) // 61.1% (32.3) // 62.0% (35.8) // 60.6% (35.3)",
        "oppCorsi": "54.5% (64.2) // 53.1% (61.1) // 53.4% (62.2) // 53.7% (58.5)",
        "oppFenwick": "52.5% (44.6) // 51.7% (42.6) // 52.1% (42.6) // 51.2% (41.5)",
        "oppShots": "52.2% (31.4) // 52.5% (30.4) // 52.7% (31.2) // 51.7% (30.5)",
        "oppScoring": "55.0% (31.2) // 54.2% (28.6) // 53.8% (28.2) // 51.0% (24.5)",
        "oppCorsiAgainst": "45.5% (53.6) // 46.9% (53.9) // 46.6% (54.3) // 46.3% (50.5)",
        "oppFenwickAgainst": "47.5% (40.4) // 48.3% (39.7) // 47.9% (39.1) // 48.8% (39.5)",
        "oppShotsAgainst": "47.8% (28.8) // 47.5% (27.5) // 47.3% (28.0) // 48.3% (28.5)",
        "oppScoringAgainst": "45.0% (25.5) // 45.8% (24.2) // 46.2% (24.3) // 49.0% (23.5)",
        "totalOver": 0,
        "totalOverLast5": 0,
        "totalOverLast15": 0,
        "lastTotalOver": 0,
        "last5": "0,0,0,0,0,0,0,0,0,0",
        "fd": "0",
        "dk": "+320",
        "kambi": "360",
        "lowest": "360 BR",
        "implied": 21.73913043478261,
        "overOdds": "+320",
        "underOdds": "0",
        "overUnder": "+320 / 0"
    },
    {
        "player": "Jesper Bratt",
        "team": "NJ",
        "opponent": "CHI",
        "propType": "atgs",
        "line": 0.5,
        "ppLine": "PP1",
        "avg": 0.0,
        "hit": false,
        "diffAvg": 0,
        "diffAbs": 1.0,
        "lastAvg": 0.0,
        "diff": 0,
        "avgMin": 18,
        "proj": 0.0,
        "lastAvgMin": 17.37,
        "oppOver": 0,
        "teamOver": 0,
        "gameLine": "-440",
        "+/-": -2,
        "L5_+/-": 0.0,
        "prevMatchup": "2023-11-05 0.0 atgs",
        "winLossSplits": "0% - 0%",
        "awayHome": "H",
        "playedYesterday": "N",
        "awayHomeSplits": "0% - 0%",
        "savesAboveExp": -0.269,
        "gsaa": -14.19,
        "corsi": "54.5% (64.2) // 53.1% (61.1) // 53.4% (62.2) // 53.7% (58.5)",
        "fenwick": "52.5% (44.6) // 51.7% (42.6) // 52.1% (42.6) // 51.2% (41.5)",
        "shots": "52.2% (31.4) // 52.5% (30.4) // 52.7% (31.2) // 51.7% (30.5)",
        "scoring": "55.0% (31.2) // 54.2% (28.6) // 53.8% (28.2) // 51.0% (24.5)",
        "corsiAgainst": "45.5% (53.6) // 46.9% (53.9) // 46.6% (54.3) // 46.3% (50.5)",
        "fenwickAgainst": "47.5% (40.4) // 48.3% (39.7) // 47.9% (39.1) // 48.8% (39.5)",
        "shotsAgainst": "47.8% (28.8) // 47.5% (27.5) // 47.3% (28.0) // 48.3% (28.5)",
        "scoringAgainst": "45.0% (25.5) // 45.8% (24.2) // 46.2% (24.3) // 49.0% (23.5)",
        "oppCorsi": "44.3% (51.5) // 41.7% (48.2) // 40.5% (49.2) // 40.9% (48.3)",
        "oppFenwick": "44.1% (36.9) // 41.7% (35.1) // 39.7% (34.8) // 38.7% (32.7)",
        "oppShots": "44.2% (26.1) // 40.4% (23.1) // 39.9% (23.6) // 38.1% (22.3)",
        "oppScoring": "43.0% (24.7) // 38.9% (20.6) // 38.0% (21.9) // 39.4% (23.0)",
        "oppCorsiAgainst": "55.7% (64.6) // 58.3% (67.5) // 59.5% (72.3) // 59.1% (70.0)",
        "oppFenwickAgainst": "55.9% (46.7) // 58.3% (49.0) // 60.3% (52.7) // 61.3% (51.7)",
        "oppShotsAgainst": "55.8% (32.9) // 59.6% (34.1) // 60.1% (35.6) // 61.9% (36.3)",
        "oppScoringAgainst": "57.0% (32.7) // 61.1% (32.3) // 62.0% (35.8) // 60.6% (35.3)",
        "totalOver": 0,
        "totalOverLast5": 0,
        "totalOverLast15": 0,
        "lastTotalOver": 0,
        "last5": "0,0,0,0,0,0,0,0,0,0",
        "fd": "0",
        "dk": "+135",
        "kambi": "117",
        "lowest": "135 DK",
        "implied": 42.5531914893617,
        "overOdds": "+135",
        "underOdds": "0",
        "overUnder": "+135 / 0"
    },
    {
        "player": "Luke Hughes",
        "team": "NJ",
        "opponent": "CHI",
        "propType": "atgs",
        "line": 0.5,
        "ppLine": "PP1",
        "avg": 0.0,
        "hit": false,
        "diffAvg": 0,
        "diffAbs": 1.0,
        "lastAvg": 0,
        "diff": 0,
        "avgMin": 19,
        "proj": 0.0,
        "lastAvgMin": 0,
        "oppOver": 0,
        "teamOver": 0,
        "gameLine": "-440",
        "+/-": -3,
        "L5_+/-": -2.0,
        "prevMatchup": "2023-11-05 0.0 atgs",
        "winLossSplits": "0% - 0%",
        "awayHome": "H",
        "playedYesterday": "N",
        "awayHomeSplits": "0% - 0%",
        "savesAboveExp": -0.269,
        "gsaa": -14.19,
        "corsi": "54.5% (64.2) // 53.1% (61.1) // 53.4% (62.2) // 53.7% (58.5)",
        "fenwick": "52.5% (44.6) // 51.7% (42.6) // 52.1% (42.6) // 51.2% (41.5)",
        "shots": "52.2% (31.4) // 52.5% (30.4) // 52.7% (31.2) // 51.7% (30.5)",
        "scoring": "55.0% (31.2) // 54.2% (28.6) // 53.8% (28.2) // 51.0% (24.5)",
        "corsiAgainst": "45.5% (53.6) // 46.9% (53.9) // 46.6% (54.3) // 46.3% (50.5)",
        "fenwickAgainst": "47.5% (40.4) // 48.3% (39.7) // 47.9% (39.1) // 48.8% (39.5)",
        "shotsAgainst": "47.8% (28.8) // 47.5% (27.5) // 47.3% (28.0) // 48.3% (28.5)",
        "scoringAgainst": "45.0% (25.5) // 45.8% (24.2) // 46.2% (24.3) // 49.0% (23.5)",
        "oppCorsi": "44.3% (51.5) // 41.7% (48.2) // 40.5% (49.2) // 40.9% (48.3)",
        "oppFenwick": "44.1% (36.9) // 41.7% (35.1) // 39.7% (34.8) // 38.7% (32.7)",
        "oppShots": "44.2% (26.1) // 40.4% (23.1) // 39.9% (23.6) // 38.1% (22.3)",
        "oppScoring": "43.0% (24.7) // 38.9% (20.6) // 38.0% (21.9) // 39.4% (23.0)",
        "oppCorsiAgainst": "55.7% (64.6) // 58.3% (67.5) // 59.5% (72.3) // 59.1% (70.0)",
        "oppFenwickAgainst": "55.9% (46.7) // 58.3% (49.0) // 60.3% (52.7) // 61.3% (51.7)",
        "oppShotsAgainst": "55.8% (32.9) // 59.6% (34.1) // 60.1% (35.6) // 61.9% (36.3)",
        "oppScoringAgainst": "57.0% (32.7) // 61.1% (32.3) // 62.0% (35.8) // 60.6% (35.3)",
        "totalOver": 0,
        "totalOverLast5": 0,
        "totalOverLast15": 0,
        "lastTotalOver": 0,
        "last5": "0,0,0,0,0,0,0,0,0,0",
        "fd": "0",
        "dk": "+370",
        "kambi": "475",
        "lowest": "475 BR",
        "implied": 17.391304347826086,
        "overOdds": "+370",
        "underOdds": "0",
        "overUnder": "+370 / 0"
    },
    {
        "player": "Nick Foligno",
        "team": "CHI",
        "opponent": "NJ",
        "propType": "atgs",
        "line": 0.5,
        "ppLine": "PP1",
        "avg": 0.0,
        "hit": false,
        "diffAvg": 0,
        "diffAbs": 1.0,
        "lastAvg": 0.0,
        "diff": 0,
        "avgMin": 17,
        "proj": 0.0,
        "lastAvgMin": 12.35,
        "oppOver": 0,
        "teamOver": 0,
        "gameLine": "+340",
        "+/-": -4,
        "L5_+/-": -7.0,
        "prevMatchup": "2023-11-05 0.0 atgs",
        "winLossSplits": "0% - 0%",
        "awayHome": "A",
        "playedYesterday": "Y",
        "awayHomeSplits": "0% - 0%",
        "savesAboveExp": 0.109,
        "gsaa": -12.36,
        "corsi": "44.3% (51.5) // 41.7% (48.2) // 40.5% (49.2) // 40.9% (48.3)",
        "fenwick": "44.1% (36.9) // 41.7% (35.1) // 39.7% (34.8) // 38.7% (32.7)",
        "shots": "44.2% (26.1) // 40.4% (23.1) // 39.9% (23.6) // 38.1% (22.3)",
        "scoring": "43.0% (24.7) // 38.9% (20.6) // 38.0% (21.9) // 39.4% (23.0)",
        "corsiAgainst": "55.7% (64.6) // 58.3% (67.5) // 59.5% (72.3) // 59.1% (70.0)",
        "fenwickAgainst": "55.9% (46.7) // 58.3% (49.0) // 60.3% (52.7) // 61.3% (51.7)",
        "shotsAgainst": "55.8% (32.9) // 59.6% (34.1) // 60.1% (35.6) // 61.9% (36.3)",
        "scoringAgainst": "57.0% (32.7) // 61.1% (32.3) // 62.0% (35.8) // 60.6% (35.3)",
        "oppCorsi": "54.5% (64.2) // 53.1% (61.1) // 53.4% (62.2) // 53.7% (58.5)",
        "oppFenwick": "52.5% (44.6) // 51.7% (42.6) // 52.1% (42.6) // 51.2% (41.5)",
        "oppShots": "52.2% (31.4) // 52.5% (30.4) // 52.7% (31.2) // 51.7% (30.5)",
        "oppScoring": "55.0% (31.2) // 54.2% (28.6) // 53.8% (28.2) // 51.0% (24.5)",
        "oppCorsiAgainst": "45.5% (53.6) // 46.9% (53.9) // 46.6% (54.3) // 46.3% (50.5)",
        "oppFenwickAgainst": "47.5% (40.4) // 48.3% (39.7) // 47.9% (39.1) // 48.8% (39.5)",
        "oppShotsAgainst": "47.8% (28.8) // 47.5% (27.5) // 47.3% (28.0) // 48.3% (28.5)",
        "oppScoringAgainst": "45.0% (25.5) // 45.8% (24.2) // 46.2% (24.3) // 49.0% (23.5)",
        "totalOver": 0,
        "totalOverLast5": 0,
        "totalOverLast15": 0,
        "lastTotalOver": 0,
        "last5": "0,0,0,0,0,0,0,0,0,0",
        "fd": "0",
        "dk": "+300",
        "kambi": "310",
        "lowest": "310 BR",
        "implied": 24.390243902439025,
        "overOdds": "+300",
        "underOdds": "0",
        "overUnder": "+300 / 0"
    },
    {
        "player": "Nico Hischier",
        "team": "NJ",
        "opponent": "CHI",
        "propType": "atgs",
        "line": 0.5,
        "ppLine": "PP1",
        "avg": 0.0,
        "hit": false,
        "diffAvg": 0,
        "diffAbs": 1.0,
        "lastAvg": 0.0,
        "diff": 0,
        "avgMin": 17,
        "proj": 0.0,
        "lastAvgMin": 19.28,
        "oppOver": 0,
        "teamOver": 0,
        "gameLine": "-440",
        "+/-": -2,
        "L5_+/-": -4.0,
        "prevMatchup": "",
        "winLossSplits": "0% - 0%",
        "awayHome": "H",
        "playedYesterday": "N",
        "awayHomeSplits": "0% - 0%",
        "savesAboveExp": -0.269,
        "gsaa": -14.19,
        "corsi": "54.5% (64.2) // 53.1% (61.1) // 53.4% (62.2) // 53.7% (58.5)",
        "fenwick": "52.5% (44.6) // 51.7% (42.6) // 52.1% (42.6) // 51.2% (41.5)",
        "shots": "52.2% (31.4) // 52.5% (30.4) // 52.7% (31.2) // 51.7% (30.5)",
        "scoring": "55.0% (31.2) // 54.2% (28.6) // 53.8% (28.2) // 51.0% (24.5)",
        "corsiAgainst": "45.5% (53.6) // 46.9% (53.9) // 46.6% (54.3) // 46.3% (50.5)",
        "fenwickAgainst": "47.5% (40.4) // 48.3% (39.7) // 47.9% (39.1) // 48.8% (39.5)",
        "shotsAgainst": "47.8% (28.8) // 47.5% (27.5) // 47.3% (28.0) // 48.3% (28.5)",
        "scoringAgainst": "45.0% (25.5) // 45.8% (24.2) // 46.2% (24.3) // 49.0% (23.5)",
        "oppCorsi": "44.3% (51.5) // 41.7% (48.2) // 40.5% (49.2) // 40.9% (48.3)",
        "oppFenwick": "44.1% (36.9) // 41.7% (35.1) // 39.7% (34.8) // 38.7% (32.7)",
        "oppShots": "44.2% (26.1) // 40.4% (23.1) // 39.9% (23.6) // 38.1% (22.3)",
        "oppScoring": "43.0% (24.7) // 38.9% (20.6) // 38.0% (21.9) // 39.4% (23.0)",
        "oppCorsiAgainst": "55.7% (64.6) // 58.3% (67.5) // 59.5% (72.3) // 59.1% (70.0)",
        "oppFenwickAgainst": "55.9% (46.7) // 58.3% (49.0) // 60.3% (52.7) // 61.3% (51.7)",
        "oppShotsAgainst": "55.8% (32.9) // 59.6% (34.1) // 60.1% (35.6) // 61.9% (36.3)",
        "oppScoringAgainst": "57.0% (32.7) // 61.1% (32.3) // 62.0% (35.8) // 60.6% (35.3)",
        "totalOver": 0,
        "totalOverLast5": 0,
        "totalOverLast15": 0,
        "lastTotalOver": 0,
        "last5": "0,0,0,0,0,0,0,0,0,0",
        "fd": "0",
        "dk": "+145",
        "kambi": "123",
        "lowest": "145 DK",
        "implied": 40.816326530612244,
        "overOdds": "+145",
        "underOdds": "0",
        "overUnder": "+145 / 0"
    },
    {
        "player": "Philipp Kurashev",
        "team": "CHI",
        "opponent": "NJ",
        "propType": "atgs",
        "line": 0.5,
        "ppLine": "PP1",
        "avg": 0.0,
        "hit": false,
        "diffAvg": 0,
        "diffAbs": 1.0,
        "lastAvg": 0.0,
        "diff": 0,
        "avgMin": 18,
        "proj": 0.0,
        "lastAvgMin": 17.42,
        "oppOver": 0,
        "teamOver": 0,
        "gameLine": "+340",
        "+/-": -19,
        "L5_+/-": -12.0,
        "prevMatchup": "2023-11-05 0.0 atgs",
        "winLossSplits": "0% - 0%",
        "awayHome": "A",
        "playedYesterday": "Y",
        "awayHomeSplits": "0% - 0%",
        "savesAboveExp": 0.109,
        "gsaa": -12.36,
        "corsi": "44.3% (51.5) // 41.7% (48.2) // 40.5% (49.2) // 40.9% (48.3)",
        "fenwick": "44.1% (36.9) // 41.7% (35.1) // 39.7% (34.8) // 38.7% (32.7)",
        "shots": "44.2% (26.1) // 40.4% (23.1) // 39.9% (23.6) // 38.1% (22.3)",
        "scoring": "43.0% (24.7) // 38.9% (20.6) // 38.0% (21.9) // 39.4% (23.0)",
        "corsiAgainst": "55.7% (64.6) // 58.3% (67.5) // 59.5% (72.3) // 59.1% (70.0)",
        "fenwickAgainst": "55.9% (46.7) // 58.3% (49.0) // 60.3% (52.7) // 61.3% (51.7)",
        "shotsAgainst": "55.8% (32.9) // 59.6% (34.1) // 60.1% (35.6) // 61.9% (36.3)",
        "scoringAgainst": "57.0% (32.7) // 61.1% (32.3) // 62.0% (35.8) // 60.6% (35.3)",
        "oppCorsi": "54.5% (64.2) // 53.1% (61.1) // 53.4% (62.2) // 53.7% (58.5)",
        "oppFenwick": "52.5% (44.6) // 51.7% (42.6) // 52.1% (42.6) // 51.2% (41.5)",
        "oppShots": "52.2% (31.4) // 52.5% (30.4) // 52.7% (31.2) // 51.7% (30.5)",
        "oppScoring": "55.0% (31.2) // 54.2% (28.6) // 53.8% (28.2) // 51.0% (24.5)",
        "oppCorsiAgainst": "45.5% (53.6) // 46.9% (53.9) // 46.6% (54.3) // 46.3% (50.5)",
        "oppFenwickAgainst": "47.5% (40.4) // 48.3% (39.7) // 47.9% (39.1) // 48.8% (39.5)",
        "oppShotsAgainst": "47.8% (28.8) // 47.5% (27.5) // 47.3% (28.0) // 48.3% (28.5)",
        "oppScoringAgainst": "45.0% (25.5) // 45.8% (24.2) // 46.2% (24.3) // 49.0% (23.5)",
        "totalOver": 0,
        "totalOverLast5": 0,
        "totalOverLast15": 0,
        "lastTotalOver": 0,
        "last5": "0,0,0,0,0,0,0,0,0,0",
        "fd": "0",
        "dk": "+280",
        "kambi": "280",
        "lowest": "280 DK",
        "implied": 26.31578947368421,
        "overOdds": "+280",
        "underOdds": "0",
        "overUnder": "+280 / 0"
    },
    {
        "player": "Ryan Donato",
        "team": "CHI",
        "opponent": "NJ",
        "propType": "atgs",
        "line": 0.5,
        "ppLine": "PP2",
        "avg": 0.0,
        "hit": false,
        "diffAvg": 0,
        "diffAbs": 1.0,
        "lastAvg": 0.0,
        "diff": 0,
        "avgMin": 14,
        "proj": 0.0,
        "lastAvgMin": 11.25,
        "oppOver": 0,
        "teamOver": 0,
        "gameLine": "+340",
        "+/-": -10,
        "L5_+/-": -9.0,
        "prevMatchup": "2023-11-05 0.0 atgs",
        "winLossSplits": "0% - 0%",
        "awayHome": "A",
        "playedYesterday": "Y",
        "awayHomeSplits": "0% - 0%",
        "savesAboveExp": 0.109,
        "gsaa": -12.36,
        "corsi": "44.3% (51.5) // 41.7% (48.2) // 40.5% (49.2) // 40.9% (48.3)",
        "fenwick": "44.1% (36.9) // 41.7% (35.1) // 39.7% (34.8) // 38.7% (32.7)",
        "shots": "44.2% (26.1) // 40.4% (23.1) // 39.9% (23.6) // 38.1% (22.3)",
        "scoring": "43.0% (24.7) // 38.9% (20.6) // 38.0% (21.9) // 39.4% (23.0)",
        "corsiAgainst": "55.7% (64.6) // 58.3% (67.5) // 59.5% (72.3) // 59.1% (70.0)",
        "fenwickAgainst": "55.9% (46.7) // 58.3% (49.0) // 60.3% (52.7) // 61.3% (51.7)",
        "shotsAgainst": "55.8% (32.9) // 59.6% (34.1) // 60.1% (35.6) // 61.9% (36.3)",
        "scoringAgainst": "57.0% (32.7) // 61.1% (32.3) // 62.0% (35.8) // 60.6% (35.3)",
        "oppCorsi": "54.5% (64.2) // 53.1% (61.1) // 53.4% (62.2) // 53.7% (58.5)",
        "oppFenwick": "52.5% (44.6) // 51.7% (42.6) // 52.1% (42.6) // 51.2% (41.5)",
        "oppShots": "52.2% (31.4) // 52.5% (30.4) // 52.7% (31.2) // 51.7% (30.5)",
        "oppScoring": "55.0% (31.2) // 54.2% (28.6) // 53.8% (28.2) // 51.0% (24.5)",
        "oppCorsiAgainst": "45.5% (53.6) // 46.9% (53.9) // 46.6% (54.3) // 46.3% (50.5)",
        "oppFenwickAgainst": "47.5% (40.4) // 48.3% (39.7) // 47.9% (39.1) // 48.8% (39.5)",
        "oppShotsAgainst": "47.8% (28.8) // 47.5% (27.5) // 47.3% (28.0) // 48.3% (28.5)",
        "oppScoringAgainst": "45.0% (25.5) // 45.8% (24.2) // 46.2% (24.3) // 49.0% (23.5)",
        "totalOver": 0,
        "totalOverLast5": 0,
        "totalOverLast15": 0,
        "lastTotalOver": 0,
        "last5": "0,0,0,0,0,0,0,0,0,0",
        "fd": "0",
        "dk": "+320",
        "kambi": "475",
        "lowest": "475 BR",
        "implied": 17.391304347826086,
        "overOdds": "+320",
        "underOdds": "0",
        "overUnder": "+320 / 0"
    },
    {
        "player": "Tyler Toffoli",
        "team": "NJ",
        "opponent": "CHI",
        "propType": "atgs",
        "line": 0.5,
        "ppLine": "PP1",
        "avg": 0.0,
        "hit": false,
        "diffAvg": 0,
        "diffAbs": 1.0,
        "lastAvg": 0.0,
        "diff": 0,
        "avgMin": 17,
        "proj": 0.0,
        "lastAvgMin": 16.6,
        "oppOver": 0,
        "teamOver": 0,
        "gameLine": "-440",
        "+/-": -8,
        "L5_+/-": "+2.0",
        "prevMatchup": "2023-11-05 0.0 atgs",
        "winLossSplits": "0% - 0%",
        "awayHome": "H",
        "playedYesterday": "N",
        "awayHomeSplits": "0% - 0%",
        "savesAboveExp": -0.269,
        "gsaa": -14.19,
        "corsi": "54.5% (64.2) // 53.1% (61.1) // 53.4% (62.2) // 53.7% (58.5)",
        "fenwick": "52.5% (44.6) // 51.7% (42.6) // 52.1% (42.6) // 51.2% (41.5)",
        "shots": "52.2% (31.4) // 52.5% (30.4) // 52.7% (31.2) // 51.7% (30.5)",
        "scoring": "55.0% (31.2) // 54.2% (28.6) // 53.8% (28.2) // 51.0% (24.5)",
        "corsiAgainst": "45.5% (53.6) // 46.9% (53.9) // 46.6% (54.3) // 46.3% (50.5)",
        "fenwickAgainst": "47.5% (40.4) // 48.3% (39.7) // 47.9% (39.1) // 48.8% (39.5)",
        "shotsAgainst": "47.8% (28.8) // 47.5% (27.5) // 47.3% (28.0) // 48.3% (28.5)",
        "scoringAgainst": "45.0% (25.5) // 45.8% (24.2) // 46.2% (24.3) // 49.0% (23.5)",
        "oppCorsi": "44.3% (51.5) // 41.7% (48.2) // 40.5% (49.2) // 40.9% (48.3)",
        "oppFenwick": "44.1% (36.9) // 41.7% (35.1) // 39.7% (34.8) // 38.7% (32.7)",
        "oppShots": "44.2% (26.1) // 40.4% (23.1) // 39.9% (23.6) // 38.1% (22.3)",
        "oppScoring": "43.0% (24.7) // 38.9% (20.6) // 38.0% (21.9) // 39.4% (23.0)",
        "oppCorsiAgainst": "55.7% (64.6) // 58.3% (67.5) // 59.5% (72.3) // 59.1% (70.0)",
        "oppFenwickAgainst": "55.9% (46.7) // 58.3% (49.0) // 60.3% (52.7) // 61.3% (51.7)",
        "oppShotsAgainst": "55.8% (32.9) // 59.6% (34.1) // 60.1% (35.6) // 61.9% (36.3)",
        "oppScoringAgainst": "57.0% (32.7) // 61.1% (32.3) // 62.0% (35.8) // 60.6% (35.3)",
        "totalOver": 0,
        "totalOverLast5": 0,
        "totalOverLast15": 0,
        "lastTotalOver": 0,
        "last5": "0,0,0,0,0,0,0,0,0,0",
        "fd": "0",
        "dk": "+150",
        "kambi": "112",
        "lowest": "150 DK",
        "implied": 40.0,
        "overOdds": "+150",
        "underOdds": "0",
        "overUnder": "+150 / 0"
    },
    {
        "player": "Alexander Holtz",
        "team": "NJ",
        "opponent": "CHI",
        "propType": "atgs",
        "line": 0.5,
        "ppLine": "PP2",
        "avg": 0.0,
        "hit": false,
        "diffAvg": 0,
        "diffAbs": 1.0,
        "lastAvg": 0.0,
        "diff": 0,
        "avgMin": 11,
        "proj": 0.0,
        "lastAvgMin": 10.27,
        "oppOver": 0,
        "teamOver": 0,
        "gameLine": "-440",
        "+/-": -2,
        "L5_+/-": "+3.0",
        "prevMatchup": "2023-11-05 0.0 atgs",
        "winLossSplits": "0% - 0%",
        "awayHome": "H",
        "playedYesterday": "N",
        "awayHomeSplits": "0% - 0%",
        "savesAboveExp": -0.269,
        "gsaa": -14.19,
        "corsi": "54.5% (64.2) // 53.1% (61.1) // 53.4% (62.2) // 53.7% (58.5)",
        "fenwick": "52.5% (44.6) // 51.7% (42.6) // 52.1% (42.6) // 51.2% (41.5)",
        "shots": "52.2% (31.4) // 52.5% (30.4) // 52.7% (31.2) // 51.7% (30.5)",
        "scoring": "55.0% (31.2) // 54.2% (28.6) // 53.8% (28.2) // 51.0% (24.5)",
        "corsiAgainst": "45.5% (53.6) // 46.9% (53.9) // 46.6% (54.3) // 46.3% (50.5)",
        "fenwickAgainst": "47.5% (40.4) // 48.3% (39.7) // 47.9% (39.1) // 48.8% (39.5)",
        "shotsAgainst": "47.8% (28.8) // 47.5% (27.5) // 47.3% (28.0) // 48.3% (28.5)",
        "scoringAgainst": "45.0% (25.5) // 45.8% (24.2) // 46.2% (24.3) // 49.0% (23.5)",
        "oppCorsi": "44.3% (51.5) // 41.7% (48.2) // 40.5% (49.2) // 40.9% (48.3)",
        "oppFenwick": "44.1% (36.9) // 41.7% (35.1) // 39.7% (34.8) // 38.7% (32.7)",
        "oppShots": "44.2% (26.1) // 40.4% (23.1) // 39.9% (23.6) // 38.1% (22.3)",
        "oppScoring": "43.0% (24.7) // 38.9% (20.6) // 38.0% (21.9) // 39.4% (23.0)",
        "oppCorsiAgainst": "55.7% (64.6) // 58.3% (67.5) // 59.5% (72.3) // 59.1% (70.0)",
        "oppFenwickAgainst": "55.9% (46.7) // 58.3% (49.0) // 60.3% (52.7) // 61.3% (51.7)",
        "oppShotsAgainst": "55.8% (32.9) // 59.6% (34.1) // 60.1% (35.6) // 61.9% (36.3)",
        "oppScoringAgainst": "57.0% (32.7) // 61.1% (32.3) // 62.0% (35.8) // 60.6% (35.3)",
        "totalOver": 0,
        "totalOverLast5": 0,
        "totalOverLast15": 0,
        "lastTotalOver": 0,
        "last5": "0,0,0,0,0,0,0,0,0,0",
        "fd": "0",
        "dk": "+340",
        "kambi": "215",
        "lowest": "340 DK",
        "implied": 22.727272727272727,
        "overOdds": "+340",
        "underOdds": "0",
        "overUnder": "+340 / 0"
    },
    {
        "player": "Cole Guttman",
        "team": "CHI",
        "opponent": "NJ",
        "propType": "atgs",
        "line": 0.5,
        "ppLine": "PP1",
        "avg": 0.0,
        "hit": false,
        "diffAvg": 0,
        "diffAbs": 1.0,
        "lastAvg": 0.0,
        "diff": 0,
        "avgMin": 12,
        "proj": 0.0,
        "lastAvgMin": 14.55,
        "oppOver": 0,
        "teamOver": 0,
        "gameLine": "+340",
        "+/-": -10,
        "L5_+/-": -8.0,
        "prevMatchup": "",
        "winLossSplits": "0% - 0%",
        "awayHome": "A",
        "playedYesterday": "Y",
        "awayHomeSplits": "0% - 0%",
        "savesAboveExp": 0.109,
        "gsaa": -12.36,
        "corsi": "44.3% (51.5) // 41.7% (48.2) // 40.5% (49.2) // 40.9% (48.3)",
        "fenwick": "44.1% (36.9) // 41.7% (35.1) // 39.7% (34.8) // 38.7% (32.7)",
        "shots": "44.2% (26.1) // 40.4% (23.1) // 39.9% (23.6) // 38.1% (22.3)",
        "scoring": "43.0% (24.7) // 38.9% (20.6) // 38.0% (21.9) // 39.4% (23.0)",
        "corsiAgainst": "55.7% (64.6) // 58.3% (67.5) // 59.5% (72.3) // 59.1% (70.0)",
        "fenwickAgainst": "55.9% (46.7) // 58.3% (49.0) // 60.3% (52.7) // 61.3% (51.7)",
        "shotsAgainst": "55.8% (32.9) // 59.6% (34.1) // 60.1% (35.6) // 61.9% (36.3)",
        "scoringAgainst": "57.0% (32.7) // 61.1% (32.3) // 62.0% (35.8) // 60.6% (35.3)",
        "oppCorsi": "54.5% (64.2) // 53.1% (61.1) // 53.4% (62.2) // 53.7% (58.5)",
        "oppFenwick": "52.5% (44.6) // 51.7% (42.6) // 52.1% (42.6) // 51.2% (41.5)",
        "oppShots": "52.2% (31.4) // 52.5% (30.4) // 52.7% (31.2) // 51.7% (30.5)",
        "oppScoring": "55.0% (31.2) // 54.2% (28.6) // 53.8% (28.2) // 51.0% (24.5)",
        "oppCorsiAgainst": "45.5% (53.6) // 46.9% (53.9) // 46.6% (54.3) // 46.3% (50.5)",
        "oppFenwickAgainst": "47.5% (40.4) // 48.3% (39.7) // 47.9% (39.1) // 48.8% (39.5)",
        "oppShotsAgainst": "47.8% (28.8) // 47.5% (27.5) // 47.3% (28.0) // 48.3% (28.5)",
        "oppScoringAgainst": "45.0% (25.5) // 45.8% (24.2) // 46.2% (24.3) // 49.0% (23.5)",
        "totalOver": 0,
        "totalOverLast5": 0,
        "totalOverLast15": 0,
        "lastTotalOver": 0,
        "last5": "0,0,0,0,0,0,0,0,0,0",
        "fd": "0",
        "dk": "+370",
        "kambi": "440",
        "lowest": "440 BR",
        "implied": 18.51851851851852,
        "overOdds": "+370",
        "underOdds": "0",
        "overUnder": "+370 / 0"
    },
    {
        "player": "Michael Mcleod",
        "team": "NJ",
        "opponent": "CHI",
        "propType": "atgs",
        "line": 0.5,
        "ppLine": "",
        "avg": 0.0,
        "hit": false,
        "diffAvg": 0,
        "diffAbs": 1.0,
        "lastAvg": 0.0,
        "diff": 0,
        "avgMin": 14,
        "proj": 0.0,
        "lastAvgMin": 12.25,
        "oppOver": 0,
        "teamOver": 0,
        "gameLine": "-440",
        "+/-": "+10",
        "L5_+/-": "+7.0",
        "prevMatchup": "2023-11-05 0.0 atgs",
        "winLossSplits": "0% - 0%",
        "awayHome": "H",
        "playedYesterday": "N",
        "awayHomeSplits": "0% - 0%",
        "savesAboveExp": -0.269,
        "gsaa": -14.19,
        "corsi": "54.5% (64.2) // 53.1% (61.1) // 53.4% (62.2) // 53.7% (58.5)",
        "fenwick": "52.5% (44.6) // 51.7% (42.6) // 52.1% (42.6) // 51.2% (41.5)",
        "shots": "52.2% (31.4) // 52.5% (30.4) // 52.7% (31.2) // 51.7% (30.5)",
        "scoring": "55.0% (31.2) // 54.2% (28.6) // 53.8% (28.2) // 51.0% (24.5)",
        "corsiAgainst": "45.5% (53.6) // 46.9% (53.9) // 46.6% (54.3) // 46.3% (50.5)",
        "fenwickAgainst": "47.5% (40.4) // 48.3% (39.7) // 47.9% (39.1) // 48.8% (39.5)",
        "shotsAgainst": "47.8% (28.8) // 47.5% (27.5) // 47.3% (28.0) // 48.3% (28.5)",
        "scoringAgainst": "45.0% (25.5) // 45.8% (24.2) // 46.2% (24.3) // 49.0% (23.5)",
        "oppCorsi": "44.3% (51.5) // 41.7% (48.2) // 40.5% (49.2) // 40.9% (48.3)",
        "oppFenwick": "44.1% (36.9) // 41.7% (35.1) // 39.7% (34.8) // 38.7% (32.7)",
        "oppShots": "44.2% (26.1) // 40.4% (23.1) // 39.9% (23.6) // 38.1% (22.3)",
        "oppScoring": "43.0% (24.7) // 38.9% (20.6) // 38.0% (21.9) // 39.4% (23.0)",
        "oppCorsiAgainst": "55.7% (64.6) // 58.3% (67.5) // 59.5% (72.3) // 59.1% (70.0)",
        "oppFenwickAgainst": "55.9% (46.7) // 58.3% (49.0) // 60.3% (52.7) // 61.3% (51.7)",
        "oppShotsAgainst": "55.8% (32.9) // 59.6% (34.1) // 60.1% (35.6) // 61.9% (36.3)",
        "oppScoringAgainst": "57.0% (32.7) // 61.1% (32.3) // 62.0% (35.8) // 60.6% (35.3)",
        "totalOver": 0,
        "totalOverLast5": 0,
        "totalOverLast15": 0,
        "lastTotalOver": 0,
        "last5": "0,0,0,0,0,0,0,0,0,0",
        "fd": "0",
        "dk": "+390",
        "kambi": "235",
        "lowest": "390 DK",
        "implied": 20.408163265306122,
        "overOdds": "+390",
        "underOdds": "0",
        "overUnder": "+390 / 0"
    },
    {
        "player": "Lukas Reichel",
        "team": "CHI",
        "opponent": "NJ",
        "propType": "atgs",
        "line": 0.5,
        "ppLine": "PP2",
        "avg": 0.0,
        "hit": false,
        "diffAvg": 0,
        "diffAbs": 1.0,
        "lastAvg": 0.0,
        "diff": 0,
        "avgMin": 14,
        "proj": 0.0,
        "lastAvgMin": 16.37,
        "oppOver": 0,
        "teamOver": 0,
        "gameLine": "+340",
        "+/-": -21,
        "L5_+/-": -2.0,
        "prevMatchup": "2023-11-05 0.0 atgs",
        "winLossSplits": "0% - 0%",
        "awayHome": "A",
        "playedYesterday": "Y",
        "awayHomeSplits": "0% - 0%",
        "savesAboveExp": 0.109,
        "gsaa": -12.36,
        "corsi": "44.3% (51.5) // 41.7% (48.2) // 40.5% (49.2) // 40.9% (48.3)",
        "fenwick": "44.1% (36.9) // 41.7% (35.1) // 39.7% (34.8) // 38.7% (32.7)",
        "shots": "44.2% (26.1) // 40.4% (23.1) // 39.9% (23.6) // 38.1% (22.3)",
        "scoring": "43.0% (24.7) // 38.9% (20.6) // 38.0% (21.9) // 39.4% (23.0)",
        "corsiAgainst": "55.7% (64.6) // 58.3% (67.5) // 59.5% (72.3) // 59.1% (70.0)",
        "fenwickAgainst": "55.9% (46.7) // 58.3% (49.0) // 60.3% (52.7) // 61.3% (51.7)",
        "shotsAgainst": "55.8% (32.9) // 59.6% (34.1) // 60.1% (35.6) // 61.9% (36.3)",
        "scoringAgainst": "57.0% (32.7) // 61.1% (32.3) // 62.0% (35.8) // 60.6% (35.3)",
        "oppCorsi": "54.5% (64.2) // 53.1% (61.1) // 53.4% (62.2) // 53.7% (58.5)",
        "oppFenwick": "52.5% (44.6) // 51.7% (42.6) // 52.1% (42.6) // 51.2% (41.5)",
        "oppShots": "52.2% (31.4) // 52.5% (30.4) // 52.7% (31.2) // 51.7% (30.5)",
        "oppScoring": "55.0% (31.2) // 54.2% (28.6) // 53.8% (28.2) // 51.0% (24.5)",
        "oppCorsiAgainst": "45.5% (53.6) // 46.9% (53.9) // 46.6% (54.3) // 46.3% (50.5)",
        "oppFenwickAgainst": "47.5% (40.4) // 48.3% (39.7) // 47.9% (39.1) // 48.8% (39.5)",
        "oppShotsAgainst": "47.8% (28.8) // 47.5% (27.5) // 47.3% (28.0) // 48.3% (28.5)",
        "oppScoringAgainst": "45.0% (25.5) // 45.8% (24.2) // 46.2% (24.3) // 49.0% (23.5)",
        "totalOver": 0,
        "totalOverLast5": 0,
        "totalOverLast15": 0,
        "lastTotalOver": 0,
        "last5": "0,0,0,0,0,0,0,0,0,0",
        "fd": "0",
        "dk": "+400",
        "kambi": "310",
        "lowest": "400 DK",
        "implied": 20.0,
        "overOdds": "+400",
        "underOdds": "0",
        "overUnder": "+400 / 0"
    },
    {
        "player": "Curtis Lazar",
        "team": "NJ",
        "opponent": "CHI",
        "propType": "atgs",
        "line": 0.5,
        "ppLine": "",
        "avg": 0.0,
        "hit": false,
        "diffAvg": 0,
        "diffAbs": 1.0,
        "lastAvg": 0.0,
        "diff": 0,
        "avgMin": 12,
        "proj": 0.0,
