[
    {
        "player": "Adam Fox",
        "team": "NYR",
        "opponent": "CHI",
        "propType": "atgs",
        "line": 0.5,
        "ppLine": "PP1",
        "avg": 0.0,
        "hit": false,
        "diffAvg": 0,
        "diffAbs": 1.0,
        "lastAvg": 0.0,
        "diff": 0,
        "avgMin": 22,
        "proj": 0.0,
        "lastAvgMin": 24.37,
        "oppOver": 0,
        "teamOver": 0,
        "gameLine": "-470",
        "+/-": "+1",
        "L5_+/-": "+2.0",
        "prevMatchup": "",
        "winLossSplits": "0% - 0%",
        "awayHome": "H",
        "playedYesterday": "N",
        "awayHomeSplits": "0% - 0%",
        "savesAboveExp": -0.91,
        "gsaa": 0.7,
        "corsi": "49.3% (59.3) // 50.6% (60.7) // 43.5% (49.2) // 42.4% (49.0)",
        "fenwick": "50.1% (44.1) // 50.5% (44.7) // 46.8% (40.0) // 45.1% (38.7)",
        "shots": "50.7% (30.4) // 52.3% (32.0) // 48.7% (28.8) // 47.2% (28.0)",
        "scoring": "50.4% (28.9) // 51.9% (29.8) // 45.5% (24.0) // 41.9% (22.3)",
        "corsiAgainst": "50.7% (61.1) // 49.4% (59.4) // 56.5% (64.0) // 57.6% (66.7)",
        "fenwickAgainst": "49.9% (43.9) // 49.5% (43.9) // 53.2% (45.5) // 54.9% (47.0)",
        "shotsAgainst": "49.3% (29.5) // 47.7% (29.2) // 51.3% (30.2) // 52.8% (31.3)",
        "scoringAgainst": "49.6% (28.5) // 48.1% (27.6) // 54.5% (28.8) // 58.1% (31.0)",
        "oppCorsi": "44.4% (51.6) // 41.4% (47.7) // 40.4% (50.0) // 42.0% (52.3)",
        "oppFenwick": "44.3% (37.1) // 42.0% (35.1) // 40.3% (35.9) // 42.0% (37.3)",
        "oppShots": "44.3% (26.2) // 40.7% (23.2) // 39.8% (24.0) // 39.8% (24.0)",
        "oppScoring": "43.1% (24.7) // 38.1% (20.4) // 37.5% (21.9) // 37.7% (22.4)",
        "oppCorsiAgainst": "55.6% (64.6) // 58.6% (67.7) // 59.6% (73.8) // 58.0% (72.1)",
        "oppFenwickAgainst": "55.7% (46.6) // 58.0% (48.5) // 59.7% (53.2) // 58.0% (51.6)",
        "oppShotsAgainst": "55.7% (33.0) // 59.3% (33.8) // 60.2% (36.4) // 60.2% (36.4)",
        "oppScoringAgainst": "56.9% (32.7) // 61.9% (33.0) // 62.5% (36.4) // 62.3% (37.0)",
        "totalOver": 0,
        "totalOverLast5": 0,
        "totalOverLast15": 0,
        "lastTotalOver": 0,
        "last5": "0,0,0,0,0,0,0,0,0,0",
        "fd": "0",
        "dk": "+500",
        "kambi": "310",
        "lowest": "500 DK",
        "implied": 16.666666666666664,
        "overOdds": "+500",
        "underOdds": "0",
        "overUnder": "+500 / 0"
    },
    {
        "player": "Alexis Lafreniere",
        "team": "NYR",
        "opponent": "CHI",
        "propType": "atgs",
        "line": 0.5,
        "ppLine": "PP2",
        "avg": 0.0,
        "hit": false,
        "diffAvg": 0,
        "diffAbs": 1.0,
        "lastAvg": 0.0,
        "diff": 0,
        "avgMin": 17,
        "proj": 0.0,
        "lastAvgMin": 15.22,
        "oppOver": 0,
        "teamOver": 0,
        "gameLine": "-470",
        "+/-": -6,
        "L5_+/-": -3.0,
        "prevMatchup": "",
        "winLossSplits": "0% - 0%",
        "awayHome": "H",
        "playedYesterday": "N",
        "awayHomeSplits": "0% - 0%",
        "savesAboveExp": -0.91,
        "gsaa": 0.7,
        "corsi": "49.3% (59.3) // 50.6% (60.7) // 43.5% (49.2) // 42.4% (49.0)",
        "fenwick": "50.1% (44.1) // 50.5% (44.7) // 46.8% (40.0) // 45.1% (38.7)",
        "shots": "50.7% (30.4) // 52.3% (32.0) // 48.7% (28.8) // 47.2% (28.0)",
        "scoring": "50.4% (28.9) // 51.9% (29.8) // 45.5% (24.0) // 41.9% (22.3)",
        "corsiAgainst": "50.7% (61.1) // 49.4% (59.4) // 56.5% (64.0) // 57.6% (66.7)",
        "fenwickAgainst": "49.9% (43.9) // 49.5% (43.9) // 53.2% (45.5) // 54.9% (47.0)",
        "shotsAgainst": "49.3% (29.5) // 47.7% (29.2) // 51.3% (30.2) // 52.8% (31.3)",
        "scoringAgainst": "49.6% (28.5) // 48.1% (27.6) // 54.5% (28.8) // 58.1% (31.0)",
        "oppCorsi": "44.4% (51.6) // 41.4% (47.7) // 40.4% (50.0) // 42.0% (52.3)",
        "oppFenwick": "44.3% (37.1) // 42.0% (35.1) // 40.3% (35.9) // 42.0% (37.3)",
        "oppShots": "44.3% (26.2) // 40.7% (23.2) // 39.8% (24.0) // 39.8% (24.0)",
        "oppScoring": "43.1% (24.7) // 38.1% (20.4) // 37.5% (21.9) // 37.7% (22.4)",
        "oppCorsiAgainst": "55.6% (64.6) // 58.6% (67.7) // 59.6% (73.8) // 58.0% (72.1)",
        "oppFenwickAgainst": "55.7% (46.6) // 58.0% (48.5) // 59.7% (53.2) // 58.0% (51.6)",
        "oppShotsAgainst": "55.7% (33.0) // 59.3% (33.8) // 60.2% (36.4) // 60.2% (36.4)",
        "oppScoringAgainst": "56.9% (32.7) // 61.9% (33.0) // 62.5% (36.4) // 62.3% (37.0)",
        "totalOver": 0,
        "totalOverLast5": 0,
        "totalOverLast15": 0,
        "lastTotalOver": 0,
        "last5": "0,0,0,0,0,0,0,0,0,0",
        "fd": "0",
        "dk": "+215",
        "kambi": "163",
        "lowest": "215 DK",
        "implied": 31.746031746031743,
        "overOdds": "+215",
        "underOdds": "0",
        "overUnder": "+215 / 0"
    },
    {
        "player": "Artemi Panarin",
        "team": "NYR",
        "opponent": "CHI",
        "propType": "atgs",
        "line": 0.5,
        "ppLine": "PP1",
        "avg": 0.0,
        "hit": false,
        "diffAvg": 0,
        "diffAbs": 1.0,
        "lastAvg": 0.0,
        "diff": 0,
        "avgMin": 19,
        "proj": 0.0,
        "lastAvgMin": 19.6,
        "oppOver": 0,
        "teamOver": 0,
        "gameLine": "-470",
        "+/-": 0,
        "L5_+/-": "+1.0",
        "prevMatchup": "",
        "winLossSplits": "0% - 0%",
        "awayHome": "H",
        "playedYesterday": "N",
        "awayHomeSplits": "0% - 0%",
        "savesAboveExp": -0.91,
        "gsaa": 0.7,
        "corsi": "49.3% (59.3) // 50.6% (60.7) // 43.5% (49.2) // 42.4% (49.0)",
        "fenwick": "50.1% (44.1) // 50.5% (44.7) // 46.8% (40.0) // 45.1% (38.7)",
        "shots": "50.7% (30.4) // 52.3% (32.0) // 48.7% (28.8) // 47.2% (28.0)",
        "scoring": "50.4% (28.9) // 51.9% (29.8) // 45.5% (24.0) // 41.9% (22.3)",
        "corsiAgainst": "50.7% (61.1) // 49.4% (59.4) // 56.5% (64.0) // 57.6% (66.7)",
        "fenwickAgainst": "49.9% (43.9) // 49.5% (43.9) // 53.2% (45.5) // 54.9% (47.0)",
        "shotsAgainst": "49.3% (29.5) // 47.7% (29.2) // 51.3% (30.2) // 52.8% (31.3)",
        "scoringAgainst": "49.6% (28.5) // 48.1% (27.6) // 54.5% (28.8) // 58.1% (31.0)",
        "oppCorsi": "44.4% (51.6) // 41.4% (47.7) // 40.4% (50.0) // 42.0% (52.3)",
        "oppFenwick": "44.3% (37.1) // 42.0% (35.1) // 40.3% (35.9) // 42.0% (37.3)",
        "oppShots": "44.3% (26.2) // 40.7% (23.2) // 39.8% (24.0) // 39.8% (24.0)",
        "oppScoring": "43.1% (24.7) // 38.1% (20.4) // 37.5% (21.9) // 37.7% (22.4)",
        "oppCorsiAgainst": "55.6% (64.6) // 58.6% (67.7) // 59.6% (73.8) // 58.0% (72.1)",
        "oppFenwickAgainst": "55.7% (46.6) // 58.0% (48.5) // 59.7% (53.2) // 58.0% (51.6)",
        "oppShotsAgainst": "55.7% (33.0) // 59.3% (33.8) // 60.2% (36.4) // 60.2% (36.4)",
        "oppScoringAgainst": "56.9% (32.7) // 61.9% (33.0) // 62.5% (36.4) // 62.3% (37.0)",
        "totalOver": 0,
        "totalOverLast5": 0,
        "totalOverLast15": 0,
        "lastTotalOver": 0,
        "last5": "0,0,0,0,0,0,0,0,0,0",
        "fd": "0",
        "dk": "+105",
        "kambi": "100",
        "lowest": "105 DK",
        "implied": 48.78048780487805,
        "overOdds": "+105",
        "underOdds": "0",
        "overUnder": "+105 / 0"
    },
    {
        "player": "Blake Wheeler",
        "team": "NYR",
        "opponent": "CHI",
        "propType": "atgs",
        "line": 0.5,
        "ppLine": "PP2",
        "avg": 0.0,
        "hit": false,
        "diffAvg": 0,
        "diffAbs": 1.0,
        "lastAvg": 0.0,
        "diff": 0,
        "avgMin": 12,
        "proj": 0.0,
        "lastAvgMin": 17.03,
        "oppOver": 0,
        "teamOver": 0,
        "gameLine": "-470",
        "+/-": -1,
        "L5_+/-": "+2.0",
        "prevMatchup": "",
        "winLossSplits": "0% - 0%",
        "awayHome": "H",
        "playedYesterday": "N",
        "awayHomeSplits": "0% - 0%",
        "savesAboveExp": -0.91,
        "gsaa": 0.7,
        "corsi": "49.3% (59.3) // 50.6% (60.7) // 43.5% (49.2) // 42.4% (49.0)",
        "fenwick": "50.1% (44.1) // 50.5% (44.7) // 46.8% (40.0) // 45.1% (38.7)",
        "shots": "50.7% (30.4) // 52.3% (32.0) // 48.7% (28.8) // 47.2% (28.0)",
        "scoring": "50.4% (28.9) // 51.9% (29.8) // 45.5% (24.0) // 41.9% (22.3)",
        "corsiAgainst": "50.7% (61.1) // 49.4% (59.4) // 56.5% (64.0) // 57.6% (66.7)",
        "fenwickAgainst": "49.9% (43.9) // 49.5% (43.9) // 53.2% (45.5) // 54.9% (47.0)",
        "shotsAgainst": "49.3% (29.5) // 47.7% (29.2) // 51.3% (30.2) // 52.8% (31.3)",
        "scoringAgainst": "49.6% (28.5) // 48.1% (27.6) // 54.5% (28.8) // 58.1% (31.0)",
        "oppCorsi": "44.4% (51.6) // 41.4% (47.7) // 40.4% (50.0) // 42.0% (52.3)",
        "oppFenwick": "44.3% (37.1) // 42.0% (35.1) // 40.3% (35.9) // 42.0% (37.3)",
        "oppShots": "44.3% (26.2) // 40.7% (23.2) // 39.8% (24.0) // 39.8% (24.0)",
        "oppScoring": "43.1% (24.7) // 38.1% (20.4) // 37.5% (21.9) // 37.7% (22.4)",
        "oppCorsiAgainst": "55.6% (64.6) // 58.6% (67.7) // 59.6% (73.8) // 58.0% (72.1)",
        "oppFenwickAgainst": "55.7% (46.6) // 58.0% (48.5) // 59.7% (53.2) // 58.0% (51.6)",
        "oppShotsAgainst": "55.7% (33.0) // 59.3% (33.8) // 60.2% (36.4) // 60.2% (36.4)",
        "oppScoringAgainst": "56.9% (32.7) // 61.9% (33.0) // 62.5% (36.4) // 62.3% (37.0)",
        "totalOver": 0,
        "totalOverLast5": 0,
        "totalOverLast15": 0,
        "lastTotalOver": 0,
        "last5": "0,0,0,0,0,0,0,0,0,0",
        "fd": "0",
        "dk": "+360",
        "kambi": "245",
        "lowest": "360 DK",
        "implied": 21.73913043478261,
        "overOdds": "+360",
        "underOdds": "0",
        "overUnder": "+360 / 0"
    },
    {
        "player": "Chris Kreider",
        "team": "NYR",
        "opponent": "CHI",
        "propType": "atgs",
        "line": 0.5,
        "ppLine": "PP1",
        "avg": 0.0,
        "hit": false,
        "diffAvg": 0,
        "diffAbs": 1.0,
        "lastAvg": 0.0,
        "diff": 0,
        "avgMin": 18,
        "proj": 0.0,
        "lastAvgMin": 18.4,
        "oppOver": 0,
        "teamOver": 0,
        "gameLine": "-470",
        "+/-": "+9",
        "L5_+/-": "+5.0",
        "prevMatchup": "",
        "winLossSplits": "0% - 0%",
        "awayHome": "H",
        "playedYesterday": "N",
        "awayHomeSplits": "0% - 0%",
        "savesAboveExp": -0.91,
        "gsaa": 0.7,
        "corsi": "49.3% (59.3) // 50.6% (60.7) // 43.5% (49.2) // 42.4% (49.0)",
        "fenwick": "50.1% (44.1) // 50.5% (44.7) // 46.8% (40.0) // 45.1% (38.7)",
        "shots": "50.7% (30.4) // 52.3% (32.0) // 48.7% (28.8) // 47.2% (28.0)",
        "scoring": "50.4% (28.9) // 51.9% (29.8) // 45.5% (24.0) // 41.9% (22.3)",
        "corsiAgainst": "50.7% (61.1) // 49.4% (59.4) // 56.5% (64.0) // 57.6% (66.7)",
        "fenwickAgainst": "49.9% (43.9) // 49.5% (43.9) // 53.2% (45.5) // 54.9% (47.0)",
        "shotsAgainst": "49.3% (29.5) // 47.7% (29.2) // 51.3% (30.2) // 52.8% (31.3)",
        "scoringAgainst": "49.6% (28.5) // 48.1% (27.6) // 54.5% (28.8) // 58.1% (31.0)",
        "oppCorsi": "44.4% (51.6) // 41.4% (47.7) // 40.4% (50.0) // 42.0% (52.3)",
        "oppFenwick": "44.3% (37.1) // 42.0% (35.1) // 40.3% (35.9) // 42.0% (37.3)",
        "oppShots": "44.3% (26.2) // 40.7% (23.2) // 39.8% (24.0) // 39.8% (24.0)",
        "oppScoring": "43.1% (24.7) // 38.1% (20.4) // 37.5% (21.9) // 37.7% (22.4)",
        "oppCorsiAgainst": "55.6% (64.6) // 58.6% (67.7) // 59.6% (73.8) // 58.0% (72.1)",
        "oppFenwickAgainst": "55.7% (46.6) // 58.0% (48.5) // 59.7% (53.2) // 58.0% (51.6)",
        "oppShotsAgainst": "55.7% (33.0) // 59.3% (33.8) // 60.2% (36.4) // 60.2% (36.4)",
        "oppScoringAgainst": "56.9% (32.7) // 61.9% (33.0) // 62.5% (36.4) // 62.3% (37.0)",
        "totalOver": 0,
        "totalOverLast5": 0,
        "totalOverLast15": 0,
        "lastTotalOver": 0,
        "last5": "0,0,0,0,0,0,0,0,0,0",
        "fd": "0",
        "dk": "+135",
        "kambi": "100",
        "lowest": "135 DK",
        "implied": 42.5531914893617,
        "overOdds": "+135",
        "underOdds": "0",
        "overUnder": "+135 / 0"
    },
    {
        "player": "Connor Bedard",
        "team": "CHI",
        "opponent": "NYR",
        "propType": "atgs",
        "line": 0.5,
        "ppLine": "PP1",
        "avg": 0.0,
        "hit": false,
        "diffAvg": 0,
        "diffAbs": 1.0,
        "lastAvg": 0,
        "diff": 0,
        "avgMin": 19,
        "proj": 0.0,
        "lastAvgMin": 0,
        "oppOver": 0,
        "teamOver": 0,
        "gameLine": "+360",
        "+/-": -20,
        "L5_+/-": -6.0,
        "prevMatchup": "",
        "winLossSplits": "0% - 0%",
        "awayHome": "A",
        "playedYesterday": "N",
        "awayHomeSplits": "0% - 0%",
        "savesAboveExp": 0.388,
        "gsaa": 2.17,
        "corsi": "44.4% (51.6) // 41.4% (47.7) // 40.4% (50.0) // 42.0% (52.3)",
        "fenwick": "44.3% (37.1) // 42.0% (35.1) // 40.3% (35.9) // 42.0% (37.3)",
        "shots": "44.3% (26.2) // 40.7% (23.2) // 39.8% (24.0) // 39.8% (24.0)",
        "scoring": "43.1% (24.7) // 38.1% (20.4) // 37.5% (21.9) // 37.7% (22.4)",
        "corsiAgainst": "55.6% (64.6) // 58.6% (67.7) // 59.6% (73.8) // 58.0% (72.1)",
        "fenwickAgainst": "55.7% (46.6) // 58.0% (48.5) // 59.7% (53.2) // 58.0% (51.6)",
        "shotsAgainst": "55.7% (33.0) // 59.3% (33.8) // 60.2% (36.4) // 60.2% (36.4)",
        "scoringAgainst": "56.9% (32.7) // 61.9% (33.0) // 62.5% (36.4) // 62.3% (37.0)",
        "oppCorsi": "49.3% (59.3) // 50.6% (60.7) // 43.5% (49.2) // 42.4% (49.0)",
        "oppFenwick": "50.1% (44.1) // 50.5% (44.7) // 46.8% (40.0) // 45.1% (38.7)",
        "oppShots": "50.7% (30.4) // 52.3% (32.0) // 48.7% (28.8) // 47.2% (28.0)",
        "oppScoring": "50.4% (28.9) // 51.9% (29.8) // 45.5% (24.0) // 41.9% (22.3)",
        "oppCorsiAgainst": "50.7% (61.1) // 49.4% (59.4) // 56.5% (64.0) // 57.6% (66.7)",
        "oppFenwickAgainst": "49.9% (43.9) // 49.5% (43.9) // 53.2% (45.5) // 54.9% (47.0)",
        "oppShotsAgainst": "49.3% (29.5) // 47.7% (29.2) // 51.3% (30.2) // 52.8% (31.3)",
        "oppScoringAgainst": "49.6% (28.5) // 48.1% (27.6) // 54.5% (28.8) // 58.1% (31.0)",
        "totalOver": 0,
        "totalOverLast5": 0,
        "totalOverLast15": 0,
        "lastTotalOver": 0,
        "last5": "0,0,0,0,0,0,0,0,0,0",
        "fd": "0",
        "dk": "+170",
        "kambi": "190",
        "lowest": "190 BR",
        "implied": 34.48275862068966,
        "overOdds": "+170",
        "underOdds": "0",
        "overUnder": "+170 / 0"
    },
    {
        "player": "Jason Dickinson",
        "team": "CHI",
        "opponent": "NYR",
        "propType": "atgs",
        "line": 0.5,
        "ppLine": "PP2",
        "avg": 0.0,
        "hit": false,
        "diffAvg": 0,
        "diffAbs": 1.0,
        "lastAvg": 0.0,
        "diff": 0,
        "avgMin": 15,
        "proj": 0.0,
        "lastAvgMin": 15.93,
        "oppOver": 0,
        "teamOver": 0,
        "gameLine": "+360",
        "+/-": "+8",
        "L5_+/-": "+3.0",
        "prevMatchup": "",
        "winLossSplits": "0% - 0%",
        "awayHome": "A",
        "playedYesterday": "N",
        "awayHomeSplits": "0% - 0%",
        "savesAboveExp": 0.388,
        "gsaa": 2.17,
        "corsi": "44.4% (51.6) // 41.4% (47.7) // 40.4% (50.0) // 42.0% (52.3)",
        "fenwick": "44.3% (37.1) // 42.0% (35.1) // 40.3% (35.9) // 42.0% (37.3)",
        "shots": "44.3% (26.2) // 40.7% (23.2) // 39.8% (24.0) // 39.8% (24.0)",
        "scoring": "43.1% (24.7) // 38.1% (20.4) // 37.5% (21.9) // 37.7% (22.4)",
        "corsiAgainst": "55.6% (64.6) // 58.6% (67.7) // 59.6% (73.8) // 58.0% (72.1)",
        "fenwickAgainst": "55.7% (46.6) // 58.0% (48.5) // 59.7% (53.2) // 58.0% (51.6)",
        "shotsAgainst": "55.7% (33.0) // 59.3% (33.8) // 60.2% (36.4) // 60.2% (36.4)",
        "scoringAgainst": "56.9% (32.7) // 61.9% (33.0) // 62.5% (36.4) // 62.3% (37.0)",
        "oppCorsi": "49.3% (59.3) // 50.6% (60.7) // 43.5% (49.2) // 42.4% (49.0)",
        "oppFenwick": "50.1% (44.1) // 50.5% (44.7) // 46.8% (40.0) // 45.1% (38.7)",
        "oppShots": "50.7% (30.4) // 52.3% (32.0) // 48.7% (28.8) // 47.2% (28.0)",
        "oppScoring": "50.4% (28.9) // 51.9% (29.8) // 45.5% (24.0) // 41.9% (22.3)",
        "oppCorsiAgainst": "50.7% (61.1) // 49.4% (59.4) // 56.5% (64.0) // 57.6% (66.7)",
        "oppFenwickAgainst": "49.9% (43.9) // 49.5% (43.9) // 53.2% (45.5) // 54.9% (47.0)",
        "oppShotsAgainst": "49.3% (29.5) // 47.7% (29.2) // 51.3% (30.2) // 52.8% (31.3)",
        "oppScoringAgainst": "49.6% (28.5) // 48.1% (27.6) // 54.5% (28.8) // 58.1% (31.0)",
        "totalOver": 0,
        "totalOverLast5": 0,
        "totalOverLast15": 0,
        "lastTotalOver": 0,
        "last5": "0,0,0,0,0,0,0,0,0,0",
        "fd": "0",
        "dk": "+330",
        "kambi": "380",
        "lowest": "380 BR",
        "implied": 20.833333333333336,
        "overOdds": "+330",
        "underOdds": "0",
        "overUnder": "+330 / 0"
    },
    {
        "player": "Mika Zibanejad",
        "team": "NYR",
        "opponent": "CHI",
        "propType": "atgs",
        "line": 0.5,
        "ppLine": "PP1",
        "avg": 0.0,
        "hit": false,
        "diffAvg": 0,
        "diffAbs": 1.0,
        "lastAvg": 0.0,
        "diff": 0,
        "avgMin": 19,
        "proj": 0.0,
        "lastAvgMin": 19.95,
        "oppOver": 0,
        "teamOver": 0,
        "gameLine": "-470",
        "+/-": "+6",
        "L5_+/-": "+2.0",
        "prevMatchup": "",
        "winLossSplits": "0% - 0%",
        "awayHome": "H",
        "playedYesterday": "N",
        "awayHomeSplits": "0% - 0%",
        "savesAboveExp": -0.91,
        "gsaa": 0.7,
        "corsi": "49.3% (59.3) // 50.6% (60.7) // 43.5% (49.2) // 42.4% (49.0)",
        "fenwick": "50.1% (44.1) // 50.5% (44.7) // 46.8% (40.0) // 45.1% (38.7)",
        "shots": "50.7% (30.4) // 52.3% (32.0) // 48.7% (28.8) // 47.2% (28.0)",
        "scoring": "50.4% (28.9) // 51.9% (29.8) // 45.5% (24.0) // 41.9% (22.3)",
        "corsiAgainst": "50.7% (61.1) // 49.4% (59.4) // 56.5% (64.0) // 57.6% (66.7)",
        "fenwickAgainst": "49.9% (43.9) // 49.5% (43.9) // 53.2% (45.5) // 54.9% (47.0)",
        "shotsAgainst": "49.3% (29.5) // 47.7% (29.2) // 51.3% (30.2) // 52.8% (31.3)",
        "scoringAgainst": "49.6% (28.5) // 48.1% (27.6) // 54.5% (28.8) // 58.1% (31.0)",
        "oppCorsi": "44.4% (51.6) // 41.4% (47.7) // 40.4% (50.0) // 42.0% (52.3)",
        "oppFenwick": "44.3% (37.1) // 42.0% (35.1) // 40.3% (35.9) // 42.0% (37.3)",
        "oppShots": "44.3% (26.2) // 40.7% (23.2) // 39.8% (24.0) // 39.8% (24.0)",
        "oppScoring": "43.1% (24.7) // 38.1% (20.4) // 37.5% (21.9) // 37.7% (22.4)",
        "oppCorsiAgainst": "55.6% (64.6) // 58.6% (67.7) // 59.6% (73.8) // 58.0% (72.1)",
        "oppFenwickAgainst": "55.7% (46.6) // 58.0% (48.5) // 59.7% (53.2) // 58.0% (51.6)",
        "oppShotsAgainst": "55.7% (33.0) // 59.3% (33.8) // 60.2% (36.4) // 60.2% (36.4)",
        "oppScoringAgainst": "56.9% (32.7) // 61.9% (33.0) // 62.5% (36.4) // 62.3% (37.0)",
        "totalOver": 0,
        "totalOverLast5": 0,
        "totalOverLast15": 0,
        "lastTotalOver": 0,
        "last5": "0,0,0,0,0,0,0,0,0,0",
        "fd": "0",
        "dk": "+150",
        "kambi": "-120",
        "lowest": "150 DK",
        "implied": 40.0,
        "overOdds": "+150",
        "underOdds": "0",
        "overUnder": "+150 / 0"
    },
    {
        "player": "Nick Foligno",
        "team": "CHI",
        "opponent": "NYR",
        "propType": "atgs",
        "line": 0.5,
        "ppLine": "PP1",
        "avg": 0.0,
        "hit": false,
        "diffAvg": 0,
        "diffAbs": 1.0,
        "lastAvg": 0.0,
        "diff": 0,
        "avgMin": 17,
        "proj": 0.0,
        "lastAvgMin": 12.35,
        "oppOver": 0,
        "teamOver": 0,
        "gameLine": "+360",
        "+/-": -4,
        "L5_+/-": -7.0,
        "prevMatchup": "",
        "winLossSplits": "0% - 0%",
        "awayHome": "A",
        "playedYesterday": "N",
        "awayHomeSplits": "0% - 0%",
        "savesAboveExp": 0.388,
        "gsaa": 2.17,
        "corsi": "44.4% (51.6) // 41.4% (47.7) // 40.4% (50.0) // 42.0% (52.3)",
        "fenwick": "44.3% (37.1) // 42.0% (35.1) // 40.3% (35.9) // 42.0% (37.3)",
        "shots": "44.3% (26.2) // 40.7% (23.2) // 39.8% (24.0) // 39.8% (24.0)",
        "scoring": "43.1% (24.7) // 38.1% (20.4) // 37.5% (21.9) // 37.7% (22.4)",
        "corsiAgainst": "55.6% (64.6) // 58.6% (67.7) // 59.6% (73.8) // 58.0% (72.1)",
        "fenwickAgainst": "55.7% (46.6) // 58.0% (48.5) // 59.7% (53.2) // 58.0% (51.6)",
        "shotsAgainst": "55.7% (33.0) // 59.3% (33.8) // 60.2% (36.4) // 60.2% (36.4)",
        "scoringAgainst": "56.9% (32.7) // 61.9% (33.0) // 62.5% (36.4) // 62.3% (37.0)",
        "oppCorsi": "49.3% (59.3) // 50.6% (60.7) // 43.5% (49.2) // 42.4% (49.0)",
        "oppFenwick": "50.1% (44.1) // 50.5% (44.7) // 46.8% (40.0) // 45.1% (38.7)",
        "oppShots": "50.7% (30.4) // 52.3% (32.0) // 48.7% (28.8) // 47.2% (28.0)",
        "oppScoring": "50.4% (28.9) // 51.9% (29.8) // 45.5% (24.0) // 41.9% (22.3)",
        "oppCorsiAgainst": "50.7% (61.1) // 49.4% (59.4) // 56.5% (64.0) // 57.6% (66.7)",
        "oppFenwickAgainst": "49.9% (43.9) // 49.5% (43.9) // 53.2% (45.5) // 54.9% (47.0)",
        "oppShotsAgainst": "49.3% (29.5) // 47.7% (29.2) // 51.3% (30.2) // 52.8% (31.3)",
        "oppScoringAgainst": "49.6% (28.5) // 48.1% (27.6) // 54.5% (28.8) // 58.1% (31.0)",
        "totalOver": 0,
        "totalOverLast5": 0,
        "totalOverLast15": 0,
        "lastTotalOver": 0,
        "last5": "0,0,0,0,0,0,0,0,0,0",
        "fd": "0",
        "dk": "+285",
        "kambi": "325",
        "lowest": "325 BR",
        "implied": 23.52941176470588,
        "overOdds": "+285",
        "underOdds": "0",
        "overUnder": "+285 / 0"
    },
    {
        "player": "Philipp Kurashev",
        "team": "CHI",
        "opponent": "NYR",
        "propType": "atgs",
        "line": 0.5,
        "ppLine": "PP1",
        "avg": 0.0,
        "hit": false,
        "diffAvg": 0,
        "diffAbs": 1.0,
        "lastAvg": 0.0,
        "diff": 0,
        "avgMin": 18,
        "proj": 0.0,
        "lastAvgMin": 17.42,
        "oppOver": 0,
        "teamOver": 0,
        "gameLine": "+360",
        "+/-": -17,
        "L5_+/-": -9.0,
        "prevMatchup": "",
        "winLossSplits": "0% - 0%",
        "awayHome": "A",
        "playedYesterday": "N",
        "awayHomeSplits": "0% - 0%",
        "savesAboveExp": 0.388,
        "gsaa": 2.17,
        "corsi": "44.4% (51.6) // 41.4% (47.7) // 40.4% (50.0) // 42.0% (52.3)",
        "fenwick": "44.3% (37.1) // 42.0% (35.1) // 40.3% (35.9) // 42.0% (37.3)",
        "shots": "44.3% (26.2) // 40.7% (23.2) // 39.8% (24.0) // 39.8% (24.0)",
        "scoring": "43.1% (24.7) // 38.1% (20.4) // 37.5% (21.9) // 37.7% (22.4)",
        "corsiAgainst": "55.6% (64.6) // 58.6% (67.7) // 59.6% (73.8) // 58.0% (72.1)",
        "fenwickAgainst": "55.7% (46.6) // 58.0% (48.5) // 59.7% (53.2) // 58.0% (51.6)",
        "shotsAgainst": "55.7% (33.0) // 59.3% (33.8) // 60.2% (36.4) // 60.2% (36.4)",
        "scoringAgainst": "56.9% (32.7) // 61.9% (33.0) // 62.5% (36.4) // 62.3% (37.0)",
        "oppCorsi": "49.3% (59.3) // 50.6% (60.7) // 43.5% (49.2) // 42.4% (49.0)",
        "oppFenwick": "50.1% (44.1) // 50.5% (44.7) // 46.8% (40.0) // 45.1% (38.7)",
        "oppShots": "50.7% (30.4) // 52.3% (32.0) // 48.7% (28.8) // 47.2% (28.0)",
        "oppScoring": "50.4% (28.9) // 51.9% (29.8) // 45.5% (24.0) // 41.9% (22.3)",
        "oppCorsiAgainst": "50.7% (61.1) // 49.4% (59.4) // 56.5% (64.0) // 57.6% (66.7)",
        "oppFenwickAgainst": "49.9% (43.9) // 49.5% (43.9) // 53.2% (45.5) // 54.9% (47.0)",
        "oppShotsAgainst": "49.3% (29.5) // 47.7% (29.2) // 51.3% (30.2) // 52.8% (31.3)",
        "oppScoringAgainst": "49.6% (28.5) // 48.1% (27.6) // 54.5% (28.8) // 58.1% (31.0)",
        "totalOver": 0,
        "totalOverLast5": 0,
        "totalOverLast15": 0,
        "lastTotalOver": 0,
        "last5": "0,0,0,0,0,0,0,0,0,0",
        "fd": "0",
        "dk": "+295",
        "kambi": "295",
        "lowest": "295 DK",
        "implied": 25.31645569620253,
        "overOdds": "+295",
        "underOdds": "0",
        "overUnder": "+295 / 0"
    },
    {
        "player": "Vincent Trocheck",
        "team": "NYR",
        "opponent": "CHI",
        "propType": "atgs",
        "line": 0.5,
        "ppLine": "PP1",
        "avg": 0.0,
        "hit": false,
        "diffAvg": 0,
        "diffAbs": 1.0,
        "lastAvg": 0.0,
        "diff": 0,
        "avgMin": 20,
        "proj": 0.0,
        "lastAvgMin": 19.3,
        "oppOver": 0,
        "teamOver": 0,
        "gameLine": "-470",
        "+/-": "+2",
        "L5_+/-": "+1.0",
        "prevMatchup": "",
        "winLossSplits": "0% - 0%",
        "awayHome": "H",
        "playedYesterday": "N",
        "awayHomeSplits": "0% - 0%",
        "savesAboveExp": -0.91,
        "gsaa": 0.7,
        "corsi": "49.3% (59.3) // 50.6% (60.7) // 43.5% (49.2) // 42.4% (49.0)",
        "fenwick": "50.1% (44.1) // 50.5% (44.7) // 46.8% (40.0) // 45.1% (38.7)",
        "shots": "50.7% (30.4) // 52.3% (32.0) // 48.7% (28.8) // 47.2% (28.0)",
        "scoring": "50.4% (28.9) // 51.9% (29.8) // 45.5% (24.0) // 41.9% (22.3)",
        "corsiAgainst": "50.7% (61.1) // 49.4% (59.4) // 56.5% (64.0) // 57.6% (66.7)",
        "fenwickAgainst": "49.9% (43.9) // 49.5% (43.9) // 53.2% (45.5) // 54.9% (47.0)",
        "shotsAgainst": "49.3% (29.5) // 47.7% (29.2) // 51.3% (30.2) // 52.8% (31.3)",
        "scoringAgainst": "49.6% (28.5) // 48.1% (27.6) // 54.5% (28.8) // 58.1% (31.0)",
        "oppCorsi": "44.4% (51.6) // 41.4% (47.7) // 40.4% (50.0) // 42.0% (52.3)",
        "oppFenwick": "44.3% (37.1) // 42.0% (35.1) // 40.3% (35.9) // 42.0% (37.3)",
        "oppShots": "44.3% (26.2) // 40.7% (23.2) // 39.8% (24.0) // 39.8% (24.0)",
        "oppScoring": "43.1% (24.7) // 38.1% (20.4) // 37.5% (21.9) // 37.7% (22.4)",
        "oppCorsiAgainst": "55.6% (64.6) // 58.6% (67.7) // 59.6% (73.8) // 58.0% (72.1)",
        "oppFenwickAgainst": "55.7% (46.6) // 58.0% (48.5) // 59.7% (53.2) // 58.0% (51.6)",
        "oppShotsAgainst": "55.7% (33.0) // 59.3% (33.8) // 60.2% (36.4) // 60.2% (36.4)",
        "oppScoringAgainst": "56.9% (32.7) // 61.9% (33.0) // 62.5% (36.4) // 62.3% (37.0)",
        "totalOver": 0,
        "totalOverLast5": 0,
        "totalOverLast15": 0,
        "lastTotalOver": 0,
        "last5": "0,0,0,0,0,0,0,0,0,0",
        "fd": "0",
        "dk": "+170",
        "kambi": "150",
        "lowest": "170 DK",
        "implied": 37.03703703703704,
        "overOdds": "+170",
        "underOdds": "0",
        "overUnder": "+170 / 0"
    },
    {
        "player": "Ryan Donato",
        "team": "CHI",
        "opponent": "NYR",
        "propType": "atgs",
        "line": 0.5,
        "ppLine": "PP2",
        "avg": 0.0,
        "hit": false,
        "diffAvg": 0,
        "diffAbs": 1.0,
        "lastAvg": 0.0,
        "diff": 0,
        "avgMin": 14,
        "proj": 0.0,
        "lastAvgMin": 11.25,
        "oppOver": 0,
        "teamOver": 0,
        "gameLine": "+360",
        "+/-": -8,
        "L5_+/-": -7.0,
        "prevMatchup": "",
        "winLossSplits": "0% - 0%",
        "awayHome": "A",
        "playedYesterday": "N",
        "awayHomeSplits": "0% - 0%",
        "savesAboveExp": 0.388,
        "gsaa": 2.17,
        "corsi": "44.4% (51.6) // 41.4% (47.7) // 40.4% (50.0) // 42.0% (52.3)",
        "fenwick": "44.3% (37.1) // 42.0% (35.1) // 40.3% (35.9) // 42.0% (37.3)",
        "shots": "44.3% (26.2) // 40.7% (23.2) // 39.8% (24.0) // 39.8% (24.0)",
        "scoring": "43.1% (24.7) // 38.1% (20.4) // 37.5% (21.9) // 37.7% (22.4)",
        "corsiAgainst": "55.6% (64.6) // 58.6% (67.7) // 59.6% (73.8) // 58.0% (72.1)",
        "fenwickAgainst": "55.7% (46.6) // 58.0% (48.5) // 59.7% (53.2) // 58.0% (51.6)",
        "shotsAgainst": "55.7% (33.0) // 59.3% (33.8) // 60.2% (36.4) // 60.2% (36.4)",
        "scoringAgainst": "56.9% (32.7) // 61.9% (33.0) // 62.5% (36.4) // 62.3% (37.0)",
        "oppCorsi": "49.3% (59.3) // 50.6% (60.7) // 43.5% (49.2) // 42.4% (49.0)",
        "oppFenwick": "50.1% (44.1) // 50.5% (44.7) // 46.8% (40.0) // 45.1% (38.7)",
        "oppShots": "50.7% (30.4) // 52.3% (32.0) // 48.7% (28.8) // 47.2% (28.0)",
        "oppScoring": "50.4% (28.9) // 51.9% (29.8) // 45.5% (24.0) // 41.9% (22.3)",
        "oppCorsiAgainst": "50.7% (61.1) // 49.4% (59.4) // 56.5% (64.0) // 57.6% (66.7)",
        "oppFenwickAgainst": "49.9% (43.9) // 49.5% (43.9) // 53.2% (45.5) // 54.9% (47.0)",
        "oppShotsAgainst": "49.3% (29.5) // 47.7% (29.2) // 51.3% (30.2) // 52.8% (31.3)",
        "oppScoringAgainst": "49.6% (28.5) // 48.1% (27.6) // 54.5% (28.8) // 58.1% (31.0)",
        "totalOver": 0,
        "totalOverLast5": 0,
        "totalOverLast15": 0,
        "lastTotalOver": 0,
        "last5": "0,0,0,0,0,0,0,0,0,0",
        "fd": "0",
        "dk": "+350",
        "kambi": "500",
        "lowest": "500 BR",
        "implied": 16.666666666666664,
        "overOdds": "+350",
        "underOdds": "0",
        "overUnder": "+350 / 0"
    },
    {
        "player": "Jimmy Vesey",
        "team": "NYR",
        "opponent": "CHI",
        "propType": "atgs",
        "line": 0.5,
        "ppLine": "",
        "avg": 0.0,
        "hit": false,
        "diffAvg": 0,
        "diffAbs": 1.0,
        "lastAvg": 0.0,
        "diff": 0,
        "avgMin": 12,
        "proj": 0.0,
        "lastAvgMin": 13.6,
        "oppOver": 0,
        "teamOver": 0,
        "gameLine": "-470",
        "+/-": "+4",
        "L5_+/-": -1.0,
        "prevMatchup": "",
        "winLossSplits": "0% - 0%",
        "awayHome": "H",
        "playedYesterday": "N",
        "awayHomeSplits": "0% - 0%",
        "savesAboveExp": -0.91,
        "gsaa": 0.7,
        "corsi": "49.3% (59.3) // 50.6% (60.7) // 43.5% (49.2) // 42.4% (49.0)",
        "fenwick": "50.1% (44.1) // 50.5% (44.7) // 46.8% (40.0) // 45.1% (38.7)",
        "shots": "50.7% (30.4) // 52.3% (32.0) // 48.7% (28.8) // 47.2% (28.0)",
        "scoring": "50.4% (28.9) // 51.9% (29.8) // 45.5% (24.0) // 41.9% (22.3)",
        "corsiAgainst": "50.7% (61.1) // 49.4% (59.4) // 56.5% (64.0) // 57.6% (66.7)",
        "fenwickAgainst": "49.9% (43.9) // 49.5% (43.9) // 53.2% (45.5) // 54.9% (47.0)",
        "shotsAgainst": "49.3% (29.5) // 47.7% (29.2) // 51.3% (30.2) // 52.8% (31.3)",
        "scoringAgainst": "49.6% (28.5) // 48.1% (27.6) // 54.5% (28.8) // 58.1% (31.0)",
        "oppCorsi": "44.4% (51.6) // 41.4% (47.7) // 40.4% (50.0) // 42.0% (52.3)",
        "oppFenwick": "44.3% (37.1) // 42.0% (35.1) // 40.3% (35.9) // 42.0% (37.3)",
        "oppShots": "44.3% (26.2) // 40.7% (23.2) // 39.8% (24.0) // 39.8% (24.0)",
        "oppScoring": "43.1% (24.7) // 38.1% (20.4) // 37.5% (21.9) // 37.7% (22.4)",
        "oppCorsiAgainst": "55.6% (64.6) // 58.6% (67.7) // 59.6% (73.8) // 58.0% (72.1)",
        "oppFenwickAgainst": "55.7% (46.6) // 58.0% (48.5) // 59.7% (53.2) // 58.0% (51.6)",
        "oppShotsAgainst": "55.7% (33.0) // 59.3% (33.8) // 60.2% (36.4) // 60.2% (36.4)",
        "oppScoringAgainst": "56.9% (32.7) // 61.9% (33.0) // 62.5% (36.4) // 62.3% (37.0)",
        "totalOver": 0,
        "totalOverLast5": 0,
        "totalOverLast15": 0,
        "lastTotalOver": 0,
        "last5": "0,0,0,0,0,0,0,0,0,0",
        "fd": "0",
        "dk": "+380",
        "kambi": "380",
        "lowest": "380 DK",
        "implied": 20.833333333333336,
        "overOdds": "+380",
        "underOdds": "0",
        "overUnder": "+380 / 0"
    },
    {
        "player": "Cole Guttman",
        "team": "CHI",
        "opponent": "NYR",
        "propType": "atgs",
        "line": 0.5,
        "ppLine": "PP1",
        "avg": 0.0,
        "hit": false,
        "diffAvg": 0,
        "diffAbs": 1.0,
        "lastAvg": 0.0,
        "diff": 0,
        "avgMin": 12,
        "proj": 0.0,
        "lastAvgMin": 14.55,
        "oppOver": 0,
        "teamOver": 0,
        "gameLine": "+360",
        "+/-": -10,
        "L5_+/-": -7.0,
        "prevMatchup": "",
        "winLossSplits": "0% - 0%",
        "awayHome": "A",
        "playedYesterday": "N",
        "awayHomeSplits": "0% - 0%",
        "savesAboveExp": 0.388,
        "gsaa": 2.17,
        "corsi": "44.4% (51.6) // 41.4% (47.7) // 40.4% (50.0) // 42.0% (52.3)",
        "fenwick": "44.3% (37.1) // 42.0% (35.1) // 40.3% (35.9) // 42.0% (37.3)",
        "shots": "44.3% (26.2) // 40.7% (23.2) // 39.8% (24.0) // 39.8% (24.0)",
        "scoring": "43.1% (24.7) // 38.1% (20.4) // 37.5% (21.9) // 37.7% (22.4)",
        "corsiAgainst": "55.6% (64.6) // 58.6% (67.7) // 59.6% (73.8) // 58.0% (72.1)",
        "fenwickAgainst": "55.7% (46.6) // 58.0% (48.5) // 59.7% (53.2) // 58.0% (51.6)",
        "shotsAgainst": "55.7% (33.0) // 59.3% (33.8) // 60.2% (36.4) // 60.2% (36.4)",
        "scoringAgainst": "56.9% (32.7) // 61.9% (33.0) // 62.5% (36.4) // 62.3% (37.0)",
        "oppCorsi": "49.3% (59.3) // 50.6% (60.7) // 43.5% (49.2) // 42.4% (49.0)",
        "oppFenwick": "50.1% (44.1) // 50.5% (44.7) // 46.8% (40.0) // 45.1% (38.7)",
        "oppShots": "50.7% (30.4) // 52.3% (32.0) // 48.7% (28.8) // 47.2% (28.0)",
        "oppScoring": "50.4% (28.9) // 51.9% (29.8) // 45.5% (24.0) // 41.9% (22.3)",
        "oppCorsiAgainst": "50.7% (61.1) // 49.4% (59.4) // 56.5% (64.0) // 57.6% (66.7)",
        "oppFenwickAgainst": "49.9% (43.9) // 49.5% (43.9) // 53.2% (45.5) // 54.9% (47.0)",
        "oppShotsAgainst": "49.3% (29.5) // 47.7% (29.2) // 51.3% (30.2) // 52.8% (31.3)",
        "oppScoringAgainst": "49.6% (28.5) // 48.1% (27.6) // 54.5% (28.8) // 58.1% (31.0)",
        "totalOver": 0,
        "totalOverLast5": 0,
        "totalOverLast15": 0,
        "lastTotalOver": 0,
        "last5": "0,0,0,0,0,0,0,0,0,0",
        "fd": "0",
        "dk": "+425",
        "kambi": "460",
        "lowest": "460 BR",
        "implied": 17.857142857142858,
        "overOdds": "+425",
        "underOdds": "0",
        "overUnder": "+425 / 0"
    },
    {
        "player": "Lukas Reichel",
        "team": "CHI",
        "opponent": "NYR",
        "propType": "atgs",
        "line": 0.5,
        "ppLine": "PP2",
        "avg": 0.0,
        "hit": false,
        "diffAvg": 0,
        "diffAbs": 1.0,
        "lastAvg": 0.0,
        "diff": 0,
        "avgMin": 14,
        "proj": 0.0,
        "lastAvgMin": 16.37,
        "oppOver": 0,
        "teamOver": 0,
        "gameLine": "+360",
        "+/-": -21,
        "L5_+/-": -3.0,
        "prevMatchup": "",
        "winLossSplits": "0% - 0%",
        "awayHome": "A",
        "playedYesterday": "N",
        "awayHomeSplits": "0% - 0%",
        "savesAboveExp": 0.388,
        "gsaa": 2.17,
        "corsi": "44.4% (51.6) // 41.4% (47.7) // 40.4% (50.0) // 42.0% (52.3)",
        "fenwick": "44.3% (37.1) // 42.0% (35.1) // 40.3% (35.9) // 42.0% (37.3)",
        "shots": "44.3% (26.2) // 40.7% (23.2) // 39.8% (24.0) // 39.8% (24.0)",
        "scoring": "43.1% (24.7) // 38.1% (20.4) // 37.5% (21.9) // 37.7% (22.4)",
        "corsiAgainst": "55.6% (64.6) // 58.6% (67.7) // 59.6% (73.8) // 58.0% (72.1)",
        "fenwickAgainst": "55.7% (46.6) // 58.0% (48.5) // 59.7% (53.2) // 58.0% (51.6)",
        "shotsAgainst": "55.7% (33.0) // 59.3% (33.8) // 60.2% (36.4) // 60.2% (36.4)",
        "scoringAgainst": "56.9% (32.7) // 61.9% (33.0) // 62.5% (36.4) // 62.3% (37.0)",
        "oppCorsi": "49.3% (59.3) // 50.6% (60.7) // 43.5% (49.2) // 42.4% (49.0)",
        "oppFenwick": "50.1% (44.1) // 50.5% (44.7) // 46.8% (40.0) // 45.1% (38.7)",
        "oppShots": "50.7% (30.4) // 52.3% (32.0) // 48.7% (28.8) // 47.2% (28.0)",
        "oppScoring": "50.4% (28.9) // 51.9% (29.8) // 45.5% (24.0) // 41.9% (22.3)",
        "oppCorsiAgainst": "50.7% (61.1) // 49.4% (59.4) // 56.5% (64.0) // 57.6% (66.7)",
        "oppFenwickAgainst": "49.9% (43.9) // 49.5% (43.9) // 53.2% (45.5) // 54.9% (47.0)",
        "oppShotsAgainst": "49.3% (29.5) // 47.7% (29.2) // 51.3% (30.2) // 52.8% (31.3)",
        "oppScoringAgainst": "49.6% (28.5) // 48.1% (27.6) // 54.5% (28.8) // 58.1% (31.0)",
        "totalOver": 0,
        "totalOverLast5": 0,
        "totalOverLast15": 0,
        "lastTotalOver": 0,
        "last5": "0,0,0,0,0,0,0,0,0,0",
        "fd": "0",
        "dk": "+450",
        "kambi": "325",
        "lowest": "450 DK",
        "implied": 18.181818181818183,
        "overOdds": "+450",
        "underOdds": "0",
        "overUnder": "+450 / 0"
    },
    {
        "player": "Brett Seney",
        "team": "CHI",
        "opponent": "NYR",
        "propType": "atgs",
        "line": 0.5,
        "ppLine": "",
        "avg": 0.0,
        "hit": false,
        "diffAvg": 0,
        "diffAbs": 1.0,
        "lastAvg": 0.0,
        "diff": 0,
        "avgMin": 11,
        "proj": 0.0,
        "lastAvgMin": 13.12,
        "oppOver": 0,
        "teamOver": 0,
        "gameLine": "+360",
        "+/-": 0,
        "L5_+/-": 0.0,
        "prevMatchup": "",
        "winLossSplits": "0% - 0%",
        "awayHome": "A",
        "playedYesterday": "N",
        "awayHomeSplits": "0% - 0%",
        "savesAboveExp": 0.388,
        "gsaa": 2.17,
        "corsi": "44.4% (51.6) // 41.4% (47.7) // 40.4% (50.0) // 42.0% (52.3)",
        "fenwick": "44.3% (37.1) // 42.0% (35.1) // 40.3% (35.9) // 42.0% (37.3)",
        "shots": "44.3% (26.2) // 40.7% (23.2) // 39.8% (24.0) // 39.8% (24.0)",
        "scoring": "43.1% (24.7) // 38.1% (20.4) // 37.5% (21.9) // 37.7% (22.4)",
        "corsiAgainst": "55.6% (64.6) // 58.6% (67.7) // 59.6% (73.8) // 58.0% (72.1)",
        "fenwickAgainst": "55.7% (46.6) // 58.0% (48.5) // 59.7% (53.2) // 58.0% (51.6)",
        "shotsAgainst": "55.7% (33.0) // 59.3% (33.8) // 60.2% (36.4) // 60.2% (36.4)",
        "scoringAgainst": "56.9% (32.7) // 61.9% (33.0) // 62.5% (36.4) // 62.3% (37.0)",
        "oppCorsi": "49.3% (59.3) // 50.6% (60.7) // 43.5% (49.2) // 42.4% (49.0)",
        "oppFenwick": "50.1% (44.1) // 50.5% (44.7) // 46.8% (40.0) // 45.1% (38.7)",
        "oppShots": "50.7% (30.4) // 52.3% (32.0) // 48.7% (28.8) // 47.2% (28.0)",
        "oppScoring": "50.4% (28.9) // 51.9% (29.8) // 45.5% (24.0) // 41.9% (22.3)",
        "oppCorsiAgainst": "50.7% (61.1) // 49.4% (59.4) // 56.5% (64.0) // 57.6% (66.7)",
        "oppFenwickAgainst": "49.9% (43.9) // 49.5% (43.9) // 53.2% (45.5) // 54.9% (47.0)",
        "oppShotsAgainst": "49.3% (29.5) // 47.7% (29.2) // 51.3% (30.2) // 52.8% (31.3)",
        "oppScoringAgainst": "49.6% (28.5) // 48.1% (27.6) // 54.5% (28.8) // 58.1% (31.0)",
        "totalOver": 0,
        "totalOverLast5": 0,
        "totalOverLast15": 0,
        "lastTotalOver": 0,
        "last5": "0",
        "fd": "0",
        "dk": "+550",
        "kambi": "0",
        "lowest": "550 DK",
        "implied": 15.384615384615385,
        "overOdds": "+550",
        "underOdds": "0",
        "overUnder": "+550 / 0"
    },
    {
        "player": "Barclay Goodrow",
        "team": "NYR",
        "opponent": "CHI",
        "propType": "atgs",
        "line": 0.5,
        "ppLine": "",
        "avg": 0.0,
        "hit": false,
        "diffAvg": 0,
        "diffAbs": 1.0,
        "lastAvg": 0.0,
        "diff": 0,
        "avgMin": 12,
        "proj": 0.0,
        "lastAvgMin": 14.17,
        "oppOver": 0,
        "teamOver": 0,
        "gameLine": "-470",
        "+/-": -4,
        "L5_+/-": -4.0,
        "prevMatchup": "",
        "winLossSplits": "0% - 0%",
        "awayHome": "H",
        "playedYesterday": "N",
