[
    {
        "player": "Andrei Svechnikov",
        "team": "CAR",
        "opponent": "MTL",
        "propType": "atgs",
        "line": 0.5,
        "ppLine": "PP1",
        "avg": 0.0,
        "hit": false,
        "diffAvg": 0,
        "diffAbs": 1.0,
        "lastAvg": 0.0,
        "diff": 0,
        "avgMin": 16,
        "proj": 0.0,
        "lastAvgMin": 18.03,
        "oppOver": 0,
        "teamOver": 0,
        "gameLine": "-265",
        "+/-": -1,
        "L5_+/-": -1.0,
        "prevMatchup": "",
        "winLossSplits": "0% - 0%",
        "awayHome": "H",
        "playedYesterday": "Y",
        "awayHomeSplits": "0% - 0%",
        "savesAboveExp": "-",
        "gsaa": -0.17,
        "corsi": "60.0% (71.2) // 57.2% (65.4) // 57.4% (67.6) // 58.7% (69.0)",
        "fenwick": "58.4% (49.9) // 55.3% (45.8) // 55.1% (46.3) // 54.6% (47.0)",
        "shots": "56.5% (33.2) // 52.2% (30.4) // 51.0% (31.3) // 50.0% (32.5)",
        "scoring": "57.4% (31.2) // 56.1% (30.3) // 59.5% (33.1) // 59.3% (35.0)",
        "corsiAgainst": "40.0% (47.4) // 42.8% (48.9) // 42.6% (50.2) // 41.3% (48.5)",
        "fenwickAgainst": "41.6% (35.6) // 44.7% (37.0) // 44.9% (37.7) // 45.4% (39.0)",
        "shotsAgainst": "43.5% (25.6) // 47.8% (27.8) // 49.0% (30.1) // 50.0% (32.5)",
        "scoringAgainst": "42.6% (23.1) // 43.9% (23.7) // 40.5% (22.5) // 40.7% (24.0)",
        "oppCorsi": "47.0% (56.6) // 49.3% (59.0) // 47.7% (52.6) // 52.6% (61.0)",
        "oppFenwick": "47.2% (41.0) // 50.5% (44.0) // 48.9% (36.8) // 51.4% (38.0)",
        "oppShots": "46.5% (28.6) // 48.9% (30.5) // 50.6% (25.5) // 57.1% (28.0)",
        "oppScoring": "46.6% (28.4) // 48.2% (28.6) // 42.7% (22.6) // 49.1% (28.0)",
        "oppCorsiAgainst": "53.0% (63.8) // 50.7% (60.7) // 52.3% (57.7) // 47.4% (55.0)",
        "oppFenwickAgainst": "52.8% (45.9) // 49.5% (43.2) // 51.1% (38.4) // 48.6% (36.0)",
        "oppShotsAgainst": "53.5% (32.8) // 51.1% (31.9) // 49.4% (24.8) // 42.9% (21.0)",
        "oppScoringAgainst": "53.4% (32.5) // 51.8% (30.7) // 57.3% (30.3) // 50.9% (29.0)",
        "totalOver": 0,
        "totalOverLast5": 0,
        "totalOverLast15": 0,
        "lastTotalOver": 0,
        "last5": "0,0,0,0,0,0,0,0,0,0",
        "fd": "0",
        "dk": "+180",
        "implied": 35.714285714285715,
        "overOdds": "+180",
        "underOdds": "0",
        "overUnder": "+180 / 0"
    },
    {
        "player": "Brady Skjei",
        "team": "CAR",
        "opponent": "MTL",
        "propType": "atgs",
        "line": 0.5,
        "ppLine": "PP2",
        "avg": 0.0,
        "hit": false,
        "diffAvg": 0,
        "diffAbs": 1.0,
        "lastAvg": 0.0,
        "diff": 0,
        "avgMin": 21,
        "proj": 0.0,
        "lastAvgMin": 21.8,
        "oppOver": 0,
        "teamOver": 0,
        "gameLine": "-265",
        "+/-": "+4",
        "L5_+/-": "+1.0",
        "prevMatchup": "",
        "winLossSplits": "0% - 0%",
        "awayHome": "H",
        "playedYesterday": "Y",
        "awayHomeSplits": "0% - 0%",
        "savesAboveExp": "-",
        "gsaa": -0.17,
        "corsi": "60.0% (71.2) // 57.2% (65.4) // 57.4% (67.6) // 58.7% (69.0)",
        "fenwick": "58.4% (49.9) // 55.3% (45.8) // 55.1% (46.3) // 54.6% (47.0)",
        "shots": "56.5% (33.2) // 52.2% (30.4) // 51.0% (31.3) // 50.0% (32.5)",
        "scoring": "57.4% (31.2) // 56.1% (30.3) // 59.5% (33.1) // 59.3% (35.0)",
        "corsiAgainst": "40.0% (47.4) // 42.8% (48.9) // 42.6% (50.2) // 41.3% (48.5)",
        "fenwickAgainst": "41.6% (35.6) // 44.7% (37.0) // 44.9% (37.7) // 45.4% (39.0)",
        "shotsAgainst": "43.5% (25.6) // 47.8% (27.8) // 49.0% (30.1) // 50.0% (32.5)",
        "scoringAgainst": "42.6% (23.1) // 43.9% (23.7) // 40.5% (22.5) // 40.7% (24.0)",
        "oppCorsi": "47.0% (56.6) // 49.3% (59.0) // 47.7% (52.6) // 52.6% (61.0)",
        "oppFenwick": "47.2% (41.0) // 50.5% (44.0) // 48.9% (36.8) // 51.4% (38.0)",
        "oppShots": "46.5% (28.6) // 48.9% (30.5) // 50.6% (25.5) // 57.1% (28.0)",
        "oppScoring": "46.6% (28.4) // 48.2% (28.6) // 42.7% (22.6) // 49.1% (28.0)",
        "oppCorsiAgainst": "53.0% (63.8) // 50.7% (60.7) // 52.3% (57.7) // 47.4% (55.0)",
        "oppFenwickAgainst": "52.8% (45.9) // 49.5% (43.2) // 51.1% (38.4) // 48.6% (36.0)",
        "oppShotsAgainst": "53.5% (32.8) // 51.1% (31.9) // 49.4% (24.8) // 42.9% (21.0)",
        "oppScoringAgainst": "53.4% (32.5) // 51.8% (30.7) // 57.3% (30.3) // 50.9% (29.0)",
        "totalOver": 0,
        "totalOverLast5": 0,
        "totalOverLast15": 0,
        "lastTotalOver": 0,
        "last5": "0,0,0,0,0,0,0,0,0,0",
        "fd": "0",
        "dk": "+500",
        "implied": 16.666666666666664,
        "overOdds": "+500",
        "underOdds": "0",
        "overUnder": "+500 / 0"
    },
    {
        "player": "Brent Burns",
        "team": "CAR",
        "opponent": "MTL",
        "propType": "atgs",
        "line": 0.5,
        "ppLine": "PP1",
        "avg": 0.0,
        "hit": false,
        "diffAvg": 0,
        "diffAbs": 1.0,
        "lastAvg": 0.0,
        "diff": 0,
        "avgMin": 21,
        "proj": 0.0,
        "lastAvgMin": 23.2,
        "oppOver": 0,
        "teamOver": 0,
        "gameLine": "-265",
        "+/-": "+7",
        "L5_+/-": 0.0,
        "prevMatchup": "",
        "winLossSplits": "0% - 0%",
        "awayHome": "H",
        "playedYesterday": "Y",
        "awayHomeSplits": "0% - 0%",
        "savesAboveExp": "-",
        "gsaa": -0.17,
        "corsi": "60.0% (71.2) // 57.2% (65.4) // 57.4% (67.6) // 58.7% (69.0)",
        "fenwick": "58.4% (49.9) // 55.3% (45.8) // 55.1% (46.3) // 54.6% (47.0)",
        "shots": "56.5% (33.2) // 52.2% (30.4) // 51.0% (31.3) // 50.0% (32.5)",
        "scoring": "57.4% (31.2) // 56.1% (30.3) // 59.5% (33.1) // 59.3% (35.0)",
        "corsiAgainst": "40.0% (47.4) // 42.8% (48.9) // 42.6% (50.2) // 41.3% (48.5)",
        "fenwickAgainst": "41.6% (35.6) // 44.7% (37.0) // 44.9% (37.7) // 45.4% (39.0)",
        "shotsAgainst": "43.5% (25.6) // 47.8% (27.8) // 49.0% (30.1) // 50.0% (32.5)",
        "scoringAgainst": "42.6% (23.1) // 43.9% (23.7) // 40.5% (22.5) // 40.7% (24.0)",
        "oppCorsi": "47.0% (56.6) // 49.3% (59.0) // 47.7% (52.6) // 52.6% (61.0)",
        "oppFenwick": "47.2% (41.0) // 50.5% (44.0) // 48.9% (36.8) // 51.4% (38.0)",
        "oppShots": "46.5% (28.6) // 48.9% (30.5) // 50.6% (25.5) // 57.1% (28.0)",
        "oppScoring": "46.6% (28.4) // 48.2% (28.6) // 42.7% (22.6) // 49.1% (28.0)",
        "oppCorsiAgainst": "53.0% (63.8) // 50.7% (60.7) // 52.3% (57.7) // 47.4% (55.0)",
        "oppFenwickAgainst": "52.8% (45.9) // 49.5% (43.2) // 51.1% (38.4) // 48.6% (36.0)",
        "oppShotsAgainst": "53.5% (32.8) // 51.1% (31.9) // 49.4% (24.8) // 42.9% (21.0)",
        "oppScoringAgainst": "53.4% (32.5) // 51.8% (30.7) // 57.3% (30.3) // 50.9% (29.0)",
        "totalOver": 0,
        "totalOverLast5": 0,
        "totalOverLast15": 0,
        "lastTotalOver": 0,
        "last5": "0,0,0,0,0,0,0,0,0,0",
        "fd": "0",
        "dk": "+425",
        "implied": 19.047619047619047,
        "overOdds": "+425",
        "underOdds": "0",
        "overUnder": "+425 / 0"
    },
    {
        "player": "Cole Caufield",
        "team": "MTL",
        "opponent": "CAR",
        "propType": "atgs",
        "line": 0.5,
        "ppLine": "PP1",
        "avg": 0.0,
        "hit": false,
        "diffAvg": 0,
        "diffAbs": 1.0,
        "lastAvg": 0.0,
        "diff": 0,
        "avgMin": 18,
        "proj": 0.0,
        "lastAvgMin": 18.03,
        "oppOver": 0,
        "teamOver": 0,
        "gameLine": "+215",
        "+/-": "+1",
        "L5_+/-": 0.0,
        "prevMatchup": "",
        "winLossSplits": "0% - 0%",
        "awayHome": "A",
        "playedYesterday": "N",
        "awayHomeSplits": "0% - 0%",
        "savesAboveExp": -0.166,
        "gsaa": -14.98,
        "corsi": "47.0% (56.6) // 49.3% (59.0) // 47.7% (52.6) // 52.6% (61.0)",
        "fenwick": "47.2% (41.0) // 50.5% (44.0) // 48.9% (36.8) // 51.4% (38.0)",
        "shots": "46.5% (28.6) // 48.9% (30.5) // 50.6% (25.5) // 57.1% (28.0)",
        "scoring": "46.6% (28.4) // 48.2% (28.6) // 42.7% (22.6) // 49.1% (28.0)",
        "corsiAgainst": "53.0% (63.8) // 50.7% (60.7) // 52.3% (57.7) // 47.4% (55.0)",
        "fenwickAgainst": "52.8% (45.9) // 49.5% (43.2) // 51.1% (38.4) // 48.6% (36.0)",
        "shotsAgainst": "53.5% (32.8) // 51.1% (31.9) // 49.4% (24.8) // 42.9% (21.0)",
        "scoringAgainst": "53.4% (32.5) // 51.8% (30.7) // 57.3% (30.3) // 50.9% (29.0)",
        "oppCorsi": "60.0% (71.2) // 57.2% (65.4) // 57.4% (67.6) // 58.7% (69.0)",
        "oppFenwick": "58.4% (49.9) // 55.3% (45.8) // 55.1% (46.3) // 54.6% (47.0)",
        "oppShots": "56.5% (33.2) // 52.2% (30.4) // 51.0% (31.3) // 50.0% (32.5)",
        "oppScoring": "57.4% (31.2) // 56.1% (30.3) // 59.5% (33.1) // 59.3% (35.0)",
        "oppCorsiAgainst": "40.0% (47.4) // 42.8% (48.9) // 42.6% (50.2) // 41.3% (48.5)",
        "oppFenwickAgainst": "41.6% (35.6) // 44.7% (37.0) // 44.9% (37.7) // 45.4% (39.0)",
        "oppShotsAgainst": "43.5% (25.6) // 47.8% (27.8) // 49.0% (30.1) // 50.0% (32.5)",
        "oppScoringAgainst": "42.6% (23.1) // 43.9% (23.7) // 40.5% (22.5) // 40.7% (24.0)",
        "totalOver": 0,
        "totalOverLast5": 0,
        "totalOverLast15": 0,
        "lastTotalOver": 0,
        "last5": "0,0,0,0,0,0,0,0,0,0",
        "fd": "0",
        "dk": "+175",
        "implied": 36.36363636363637,
        "overOdds": "+175",
        "underOdds": "0",
        "overUnder": "+175 / 0"
    },
    {
        "player": "Jesperi Kotkaniemi",
        "team": "CAR",
        "opponent": "MTL",
        "propType": "atgs",
        "line": 0.5,
        "ppLine": "",
        "avg": 0.0,
        "hit": false,
        "diffAvg": 0,
        "diffAbs": 1.0,
        "lastAvg": 0.0,
        "diff": 0,
        "avgMin": 14,
        "proj": 0.0,
        "lastAvgMin": 14.73,
        "oppOver": 0,
        "teamOver": 0,
        "gameLine": "-265",
        "+/-": -7,
        "L5_+/-": -3.0,
        "prevMatchup": "",
        "winLossSplits": "0% - 0%",
        "awayHome": "H",
        "playedYesterday": "Y",
        "awayHomeSplits": "0% - 0%",
        "savesAboveExp": "-",
        "gsaa": -0.17,
        "corsi": "60.0% (71.2) // 57.2% (65.4) // 57.4% (67.6) // 58.7% (69.0)",
        "fenwick": "58.4% (49.9) // 55.3% (45.8) // 55.1% (46.3) // 54.6% (47.0)",
        "shots": "56.5% (33.2) // 52.2% (30.4) // 51.0% (31.3) // 50.0% (32.5)",
        "scoring": "57.4% (31.2) // 56.1% (30.3) // 59.5% (33.1) // 59.3% (35.0)",
        "corsiAgainst": "40.0% (47.4) // 42.8% (48.9) // 42.6% (50.2) // 41.3% (48.5)",
        "fenwickAgainst": "41.6% (35.6) // 44.7% (37.0) // 44.9% (37.7) // 45.4% (39.0)",
        "shotsAgainst": "43.5% (25.6) // 47.8% (27.8) // 49.0% (30.1) // 50.0% (32.5)",
        "scoringAgainst": "42.6% (23.1) // 43.9% (23.7) // 40.5% (22.5) // 40.7% (24.0)",
        "oppCorsi": "47.0% (56.6) // 49.3% (59.0) // 47.7% (52.6) // 52.6% (61.0)",
        "oppFenwick": "47.2% (41.0) // 50.5% (44.0) // 48.9% (36.8) // 51.4% (38.0)",
        "oppShots": "46.5% (28.6) // 48.9% (30.5) // 50.6% (25.5) // 57.1% (28.0)",
        "oppScoring": "46.6% (28.4) // 48.2% (28.6) // 42.7% (22.6) // 49.1% (28.0)",
        "oppCorsiAgainst": "53.0% (63.8) // 50.7% (60.7) // 52.3% (57.7) // 47.4% (55.0)",
        "oppFenwickAgainst": "52.8% (45.9) // 49.5% (43.2) // 51.1% (38.4) // 48.6% (36.0)",
        "oppShotsAgainst": "53.5% (32.8) // 51.1% (31.9) // 49.4% (24.8) // 42.9% (21.0)",
        "oppScoringAgainst": "53.4% (32.5) // 51.8% (30.7) // 57.3% (30.3) // 50.9% (29.0)",
        "totalOver": 0,
        "totalOverLast5": 0,
        "totalOverLast15": 0,
        "lastTotalOver": 0,
        "last5": "0,0,0,0,0,0,0,0,0,0",
        "fd": "0",
        "dk": "+265",
        "implied": 27.397260273972602,
        "overOdds": "+265",
        "underOdds": "0",
        "overUnder": "+265 / 0"
    },
    {
        "player": "Josh Anderson",
        "team": "MTL",
        "opponent": "CAR",
        "propType": "atgs",
        "line": 0.5,
        "ppLine": "PP2",
        "avg": 0.0,
        "hit": false,
        "diffAvg": 0,
        "diffAbs": 1.0,
        "lastAvg": 0.0,
        "diff": 0,
        "avgMin": 16,
        "proj": 0.0,
        "lastAvgMin": 16.95,
        "oppOver": 0,
        "teamOver": 0,
        "gameLine": "+215",
        "+/-": -8,
        "L5_+/-": -2.0,
        "prevMatchup": "",
        "winLossSplits": "0% - 0%",
        "awayHome": "A",
        "playedYesterday": "N",
        "awayHomeSplits": "0% - 0%",
        "savesAboveExp": -0.166,
        "gsaa": -14.98,
        "corsi": "47.0% (56.6) // 49.3% (59.0) // 47.7% (52.6) // 52.6% (61.0)",
        "fenwick": "47.2% (41.0) // 50.5% (44.0) // 48.9% (36.8) // 51.4% (38.0)",
        "shots": "46.5% (28.6) // 48.9% (30.5) // 50.6% (25.5) // 57.1% (28.0)",
        "scoring": "46.6% (28.4) // 48.2% (28.6) // 42.7% (22.6) // 49.1% (28.0)",
        "corsiAgainst": "53.0% (63.8) // 50.7% (60.7) // 52.3% (57.7) // 47.4% (55.0)",
        "fenwickAgainst": "52.8% (45.9) // 49.5% (43.2) // 51.1% (38.4) // 48.6% (36.0)",
        "shotsAgainst": "53.5% (32.8) // 51.1% (31.9) // 49.4% (24.8) // 42.9% (21.0)",
        "scoringAgainst": "53.4% (32.5) // 51.8% (30.7) // 57.3% (30.3) // 50.9% (29.0)",
        "oppCorsi": "60.0% (71.2) // 57.2% (65.4) // 57.4% (67.6) // 58.7% (69.0)",
        "oppFenwick": "58.4% (49.9) // 55.3% (45.8) // 55.1% (46.3) // 54.6% (47.0)",
        "oppShots": "56.5% (33.2) // 52.2% (30.4) // 51.0% (31.3) // 50.0% (32.5)",
        "oppScoring": "57.4% (31.2) // 56.1% (30.3) // 59.5% (33.1) // 59.3% (35.0)",
        "oppCorsiAgainst": "40.0% (47.4) // 42.8% (48.9) // 42.6% (50.2) // 41.3% (48.5)",
        "oppFenwickAgainst": "41.6% (35.6) // 44.7% (37.0) // 44.9% (37.7) // 45.4% (39.0)",
        "oppShotsAgainst": "43.5% (25.6) // 47.8% (27.8) // 49.0% (30.1) // 50.0% (32.5)",
        "oppScoringAgainst": "42.6% (23.1) // 43.9% (23.7) // 40.5% (22.5) // 40.7% (24.0)",
        "totalOver": 0,
        "totalOverLast5": 0,
        "totalOverLast15": 0,
        "lastTotalOver": 0,
        "last5": "0,0,0,0,0,0,0,0,0,0",
        "fd": "0",
        "dk": "+330",
        "implied": 23.25581395348837,
        "overOdds": "+330",
        "underOdds": "0",
        "overUnder": "+330 / 0"
    },
    {
        "player": "Juraj Slafkovsky",
        "team": "MTL",
        "opponent": "CAR",
        "propType": "atgs",
        "line": 0.5,
        "ppLine": "PP1",
        "avg": 0.0,
        "hit": false,
        "diffAvg": 0,
        "diffAbs": 1.0,
        "lastAvg": 0.0,
        "diff": 0,
        "avgMin": 15,
        "proj": 0.0,
        "lastAvgMin": 12.2,
        "oppOver": 0,
        "teamOver": 0,
        "gameLine": "+215",
        "+/-": -3,
        "L5_+/-": "+1.0",
        "prevMatchup": "",
        "winLossSplits": "0% - 0%",
        "awayHome": "A",
        "playedYesterday": "N",
        "awayHomeSplits": "0% - 0%",
        "savesAboveExp": -0.166,
        "gsaa": -14.98,
        "corsi": "47.0% (56.6) // 49.3% (59.0) // 47.7% (52.6) // 52.6% (61.0)",
        "fenwick": "47.2% (41.0) // 50.5% (44.0) // 48.9% (36.8) // 51.4% (38.0)",
        "shots": "46.5% (28.6) // 48.9% (30.5) // 50.6% (25.5) // 57.1% (28.0)",
        "scoring": "46.6% (28.4) // 48.2% (28.6) // 42.7% (22.6) // 49.1% (28.0)",
        "corsiAgainst": "53.0% (63.8) // 50.7% (60.7) // 52.3% (57.7) // 47.4% (55.0)",
        "fenwickAgainst": "52.8% (45.9) // 49.5% (43.2) // 51.1% (38.4) // 48.6% (36.0)",
        "shotsAgainst": "53.5% (32.8) // 51.1% (31.9) // 49.4% (24.8) // 42.9% (21.0)",
        "scoringAgainst": "53.4% (32.5) // 51.8% (30.7) // 57.3% (30.3) // 50.9% (29.0)",
        "oppCorsi": "60.0% (71.2) // 57.2% (65.4) // 57.4% (67.6) // 58.7% (69.0)",
        "oppFenwick": "58.4% (49.9) // 55.3% (45.8) // 55.1% (46.3) // 54.6% (47.0)",
        "oppShots": "56.5% (33.2) // 52.2% (30.4) // 51.0% (31.3) // 50.0% (32.5)",
        "oppScoring": "57.4% (31.2) // 56.1% (30.3) // 59.5% (33.1) // 59.3% (35.0)",
        "oppCorsiAgainst": "40.0% (47.4) // 42.8% (48.9) // 42.6% (50.2) // 41.3% (48.5)",
        "oppFenwickAgainst": "41.6% (35.6) // 44.7% (37.0) // 44.9% (37.7) // 45.4% (39.0)",
        "oppShotsAgainst": "43.5% (25.6) // 47.8% (27.8) // 49.0% (30.1) // 50.0% (32.5)",
        "oppScoringAgainst": "42.6% (23.1) // 43.9% (23.7) // 40.5% (22.5) // 40.7% (24.0)",
        "totalOver": 0,
        "totalOverLast5": 0,
        "totalOverLast15": 0,
        "lastTotalOver": 0,
        "last5": "0,0,0,0,0,0,0,0,0,0",
        "fd": "0",
        "dk": "+360",
        "implied": 21.73913043478261,
        "overOdds": "+360",
        "underOdds": "0",
        "overUnder": "+360 / 0"
    },
    {
        "player": "Martin Necas",
        "team": "CAR",
        "opponent": "MTL",
        "propType": "atgs",
        "line": 0.5,
        "ppLine": "PP2",
        "avg": 0.0,
        "hit": false,
        "diffAvg": 0,
        "diffAbs": 1.0,
        "lastAvg": 0.0,
        "diff": 0,
        "avgMin": 17,
        "proj": 0.0,
        "lastAvgMin": 18.4,
        "oppOver": 0,
        "teamOver": 0,
        "gameLine": "-265",
        "+/-": -13,
        "L5_+/-": -5.0,
        "prevMatchup": "",
        "winLossSplits": "0% - 0%",
        "awayHome": "H",
        "playedYesterday": "Y",
        "awayHomeSplits": "0% - 0%",
        "savesAboveExp": "-",
        "gsaa": -0.17,
        "corsi": "60.0% (71.2) // 57.2% (65.4) // 57.4% (67.6) // 58.7% (69.0)",
        "fenwick": "58.4% (49.9) // 55.3% (45.8) // 55.1% (46.3) // 54.6% (47.0)",
        "shots": "56.5% (33.2) // 52.2% (30.4) // 51.0% (31.3) // 50.0% (32.5)",
        "scoring": "57.4% (31.2) // 56.1% (30.3) // 59.5% (33.1) // 59.3% (35.0)",
        "corsiAgainst": "40.0% (47.4) // 42.8% (48.9) // 42.6% (50.2) // 41.3% (48.5)",
        "fenwickAgainst": "41.6% (35.6) // 44.7% (37.0) // 44.9% (37.7) // 45.4% (39.0)",
        "shotsAgainst": "43.5% (25.6) // 47.8% (27.8) // 49.0% (30.1) // 50.0% (32.5)",
        "scoringAgainst": "42.6% (23.1) // 43.9% (23.7) // 40.5% (22.5) // 40.7% (24.0)",
        "oppCorsi": "47.0% (56.6) // 49.3% (59.0) // 47.7% (52.6) // 52.6% (61.0)",
        "oppFenwick": "47.2% (41.0) // 50.5% (44.0) // 48.9% (36.8) // 51.4% (38.0)",
        "oppShots": "46.5% (28.6) // 48.9% (30.5) // 50.6% (25.5) // 57.1% (28.0)",
        "oppScoring": "46.6% (28.4) // 48.2% (28.6) // 42.7% (22.6) // 49.1% (28.0)",
        "oppCorsiAgainst": "53.0% (63.8) // 50.7% (60.7) // 52.3% (57.7) // 47.4% (55.0)",
        "oppFenwickAgainst": "52.8% (45.9) // 49.5% (43.2) // 51.1% (38.4) // 48.6% (36.0)",
        "oppShotsAgainst": "53.5% (32.8) // 51.1% (31.9) // 49.4% (24.8) // 42.9% (21.0)",
        "oppScoringAgainst": "53.4% (32.5) // 51.8% (30.7) // 57.3% (30.3) // 50.9% (29.0)",
        "totalOver": 0,
        "totalOverLast5": 0,
        "totalOverLast15": 0,
        "lastTotalOver": 0,
        "last5": "0,0,0,0,0,0,0,0,0,0",
        "fd": "0",
        "dk": "+220",
        "implied": 31.25,
        "overOdds": "+220",
        "underOdds": "0",
        "overUnder": "+220 / 0"
    },
    {
        "player": "Michael Bunting",
        "team": "CAR",
        "opponent": "MTL",
        "propType": "atgs",
        "line": 0.5,
        "ppLine": "PP1",
        "avg": 0.0,
        "hit": false,
        "diffAvg": 0,
        "diffAbs": 1.0,
        "lastAvg": 0.0,
        "diff": 0,
        "avgMin": 14,
        "proj": 0.0,
        "lastAvgMin": 15.78,
        "oppOver": 0,
        "teamOver": 0,
        "gameLine": "-265",
        "+/-": -8,
        "L5_+/-": -5.0,
        "prevMatchup": "",
        "winLossSplits": "0% - 0%",
        "awayHome": "H",
        "playedYesterday": "Y",
        "awayHomeSplits": "0% - 0%",
        "savesAboveExp": "-",
        "gsaa": -0.17,
        "corsi": "60.0% (71.2) // 57.2% (65.4) // 57.4% (67.6) // 58.7% (69.0)",
        "fenwick": "58.4% (49.9) // 55.3% (45.8) // 55.1% (46.3) // 54.6% (47.0)",
        "shots": "56.5% (33.2) // 52.2% (30.4) // 51.0% (31.3) // 50.0% (32.5)",
        "scoring": "57.4% (31.2) // 56.1% (30.3) // 59.5% (33.1) // 59.3% (35.0)",
        "corsiAgainst": "40.0% (47.4) // 42.8% (48.9) // 42.6% (50.2) // 41.3% (48.5)",
        "fenwickAgainst": "41.6% (35.6) // 44.7% (37.0) // 44.9% (37.7) // 45.4% (39.0)",
        "shotsAgainst": "43.5% (25.6) // 47.8% (27.8) // 49.0% (30.1) // 50.0% (32.5)",
        "scoringAgainst": "42.6% (23.1) // 43.9% (23.7) // 40.5% (22.5) // 40.7% (24.0)",
        "oppCorsi": "47.0% (56.6) // 49.3% (59.0) // 47.7% (52.6) // 52.6% (61.0)",
        "oppFenwick": "47.2% (41.0) // 50.5% (44.0) // 48.9% (36.8) // 51.4% (38.0)",
        "oppShots": "46.5% (28.6) // 48.9% (30.5) // 50.6% (25.5) // 57.1% (28.0)",
        "oppScoring": "46.6% (28.4) // 48.2% (28.6) // 42.7% (22.6) // 49.1% (28.0)",
        "oppCorsiAgainst": "53.0% (63.8) // 50.7% (60.7) // 52.3% (57.7) // 47.4% (55.0)",
        "oppFenwickAgainst": "52.8% (45.9) // 49.5% (43.2) // 51.1% (38.4) // 48.6% (36.0)",
        "oppShotsAgainst": "53.5% (32.8) // 51.1% (31.9) // 49.4% (24.8) // 42.9% (21.0)",
        "oppScoringAgainst": "53.4% (32.5) // 51.8% (30.7) // 57.3% (30.3) // 50.9% (29.0)",
        "totalOver": 0,
        "totalOverLast5": 0,
        "totalOverLast15": 0,
        "lastTotalOver": 0,
        "last5": "0,0,0,0,0,0,0,0,0,0",
        "fd": "0",
        "dk": "+265",
        "implied": 27.397260273972602,
        "overOdds": "+265",
        "underOdds": "0",
        "overUnder": "+265 / 0"
    },
    {
        "player": "Mike Matheson",
        "team": "MTL",
        "opponent": "CAR",
        "propType": "atgs",
        "line": 0.5,
        "ppLine": "PP1",
        "avg": 0.0,
        "hit": false,
        "diffAvg": 0,
        "diffAbs": 1.0,
        "lastAvg": 0.0,
        "diff": 0,
        "avgMin": 25,
        "proj": 0.0,
        "lastAvgMin": 24.45,
        "oppOver": 0,
        "teamOver": 0,
        "gameLine": "+215",
        "+/-": -6,
        "L5_+/-": "+4.0",
        "prevMatchup": "",
        "winLossSplits": "0% - 0%",
        "awayHome": "A",
        "playedYesterday": "N",
        "awayHomeSplits": "0% - 0%",
        "savesAboveExp": -0.166,
        "gsaa": -14.98,
        "corsi": "47.0% (56.6) // 49.3% (59.0) // 47.7% (52.6) // 52.6% (61.0)",
        "fenwick": "47.2% (41.0) // 50.5% (44.0) // 48.9% (36.8) // 51.4% (38.0)",
        "shots": "46.5% (28.6) // 48.9% (30.5) // 50.6% (25.5) // 57.1% (28.0)",
        "scoring": "46.6% (28.4) // 48.2% (28.6) // 42.7% (22.6) // 49.1% (28.0)",
        "corsiAgainst": "53.0% (63.8) // 50.7% (60.7) // 52.3% (57.7) // 47.4% (55.0)",
        "fenwickAgainst": "52.8% (45.9) // 49.5% (43.2) // 51.1% (38.4) // 48.6% (36.0)",
        "shotsAgainst": "53.5% (32.8) // 51.1% (31.9) // 49.4% (24.8) // 42.9% (21.0)",
        "scoringAgainst": "53.4% (32.5) // 51.8% (30.7) // 57.3% (30.3) // 50.9% (29.0)",
        "oppCorsi": "60.0% (71.2) // 57.2% (65.4) // 57.4% (67.6) // 58.7% (69.0)",
        "oppFenwick": "58.4% (49.9) // 55.3% (45.8) // 55.1% (46.3) // 54.6% (47.0)",
        "oppShots": "56.5% (33.2) // 52.2% (30.4) // 51.0% (31.3) // 50.0% (32.5)",
        "oppScoring": "57.4% (31.2) // 56.1% (30.3) // 59.5% (33.1) // 59.3% (35.0)",
        "oppCorsiAgainst": "40.0% (47.4) // 42.8% (48.9) // 42.6% (50.2) // 41.3% (48.5)",
        "oppFenwickAgainst": "41.6% (35.6) // 44.7% (37.0) // 44.9% (37.7) // 45.4% (39.0)",
        "oppShotsAgainst": "43.5% (25.6) // 47.8% (27.8) // 49.0% (30.1) // 50.0% (32.5)",
        "oppScoringAgainst": "42.6% (23.1) // 43.9% (23.7) // 40.5% (22.5) // 40.7% (24.0)",
        "totalOver": 0,
        "totalOverLast5": 0,
        "totalOverLast15": 0,
        "lastTotalOver": 0,
        "last5": "0,0,0,0,0,0,0,0,0,0",
        "fd": "0",
        "dk": "+550",
        "implied": 15.384615384615385,
        "overOdds": "+550",
        "underOdds": "0",
        "overUnder": "+550 / 0"
    },
    {
        "player": "Nick Suzuki",
        "team": "MTL",
        "opponent": "CAR",
        "propType": "atgs",
        "line": 0.5,
        "ppLine": "PP1",
        "avg": 0.0,
        "hit": false,
        "diffAvg": 0,
        "diffAbs": 1.0,
        "lastAvg": 0.0,
        "diff": 0,
        "avgMin": 20,
        "proj": 0.0,
        "lastAvgMin": 21.08,
        "oppOver": 0,
        "teamOver": 0,
        "gameLine": "+215",
        "+/-": -5,
        "L5_+/-": "+2.0",
        "prevMatchup": "",
        "winLossSplits": "0% - 0%",
        "awayHome": "A",
        "playedYesterday": "N",
        "awayHomeSplits": "0% - 0%",
        "savesAboveExp": -0.166,
        "gsaa": -14.98,
        "corsi": "47.0% (56.6) // 49.3% (59.0) // 47.7% (52.6) // 52.6% (61.0)",
        "fenwick": "47.2% (41.0) // 50.5% (44.0) // 48.9% (36.8) // 51.4% (38.0)",
        "shots": "46.5% (28.6) // 48.9% (30.5) // 50.6% (25.5) // 57.1% (28.0)",
        "scoring": "46.6% (28.4) // 48.2% (28.6) // 42.7% (22.6) // 49.1% (28.0)",
        "corsiAgainst": "53.0% (63.8) // 50.7% (60.7) // 52.3% (57.7) // 47.4% (55.0)",
        "fenwickAgainst": "52.8% (45.9) // 49.5% (43.2) // 51.1% (38.4) // 48.6% (36.0)",
        "shotsAgainst": "53.5% (32.8) // 51.1% (31.9) // 49.4% (24.8) // 42.9% (21.0)",
        "scoringAgainst": "53.4% (32.5) // 51.8% (30.7) // 57.3% (30.3) // 50.9% (29.0)",
        "oppCorsi": "60.0% (71.2) // 57.2% (65.4) // 57.4% (67.6) // 58.7% (69.0)",
        "oppFenwick": "58.4% (49.9) // 55.3% (45.8) // 55.1% (46.3) // 54.6% (47.0)",
        "oppShots": "56.5% (33.2) // 52.2% (30.4) // 51.0% (31.3) // 50.0% (32.5)",
        "oppScoring": "57.4% (31.2) // 56.1% (30.3) // 59.5% (33.1) // 59.3% (35.0)",
        "oppCorsiAgainst": "40.0% (47.4) // 42.8% (48.9) // 42.6% (50.2) // 41.3% (48.5)",
        "oppFenwickAgainst": "41.6% (35.6) // 44.7% (37.0) // 44.9% (37.7) // 45.4% (39.0)",
        "oppShotsAgainst": "43.5% (25.6) // 47.8% (27.8) // 49.0% (30.1) // 50.0% (32.5)",
        "oppScoringAgainst": "42.6% (23.1) // 43.9% (23.7) // 40.5% (22.5) // 40.7% (24.0)",
        "totalOver": 0,
        "totalOverLast5": 0,
        "totalOverLast15": 0,
        "lastTotalOver": 0,
        "last5": "0,0,0,0,0,0,0,0,0,0",
        "fd": "0",
        "dk": "+230",
        "implied": 30.303030303030305,
        "overOdds": "+230",
        "underOdds": "0",
        "overUnder": "+230 / 0"
    },
    {
        "player": "Sean Monahan",
        "team": "MTL",
        "opponent": "CAR",
        "propType": "atgs",
        "line": 0.5,
        "ppLine": "PP1",
        "avg": 0.0,
        "hit": false,
        "diffAvg": 0,
        "diffAbs": 1.0,
        "lastAvg": 0.0,
        "diff": 0,
        "avgMin": 18,
        "proj": 0.0,
        "lastAvgMin": 17.37,
        "oppOver": 0,
        "teamOver": 0,
        "gameLine": "+215",
        "+/-": -7,
        "L5_+/-": "+1.0",
        "prevMatchup": "",
        "winLossSplits": "0% - 0%",
        "awayHome": "A",
        "playedYesterday": "N",
        "awayHomeSplits": "0% - 0%",
        "savesAboveExp": -0.166,
        "gsaa": -14.98,
        "corsi": "47.0% (56.6) // 49.3% (59.0) // 47.7% (52.6) // 52.6% (61.0)",
        "fenwick": "47.2% (41.0) // 50.5% (44.0) // 48.9% (36.8) // 51.4% (38.0)",
        "shots": "46.5% (28.6) // 48.9% (30.5) // 50.6% (25.5) // 57.1% (28.0)",
        "scoring": "46.6% (28.4) // 48.2% (28.6) // 42.7% (22.6) // 49.1% (28.0)",
        "corsiAgainst": "53.0% (63.8) // 50.7% (60.7) // 52.3% (57.7) // 47.4% (55.0)",
        "fenwickAgainst": "52.8% (45.9) // 49.5% (43.2) // 51.1% (38.4) // 48.6% (36.0)",
        "shotsAgainst": "53.5% (32.8) // 51.1% (31.9) // 49.4% (24.8) // 42.9% (21.0)",
        "scoringAgainst": "53.4% (32.5) // 51.8% (30.7) // 57.3% (30.3) // 50.9% (29.0)",
        "oppCorsi": "60.0% (71.2) // 57.2% (65.4) // 57.4% (67.6) // 58.7% (69.0)",
        "oppFenwick": "58.4% (49.9) // 55.3% (45.8) // 55.1% (46.3) // 54.6% (47.0)",
        "oppShots": "56.5% (33.2) // 52.2% (30.4) // 51.0% (31.3) // 50.0% (32.5)",
        "oppScoring": "57.4% (31.2) // 56.1% (30.3) // 59.5% (33.1) // 59.3% (35.0)",
        "oppCorsiAgainst": "40.0% (47.4) // 42.8% (48.9) // 42.6% (50.2) // 41.3% (48.5)",
        "oppFenwickAgainst": "41.6% (35.6) // 44.7% (37.0) // 44.9% (37.7) // 45.4% (39.0)",
        "oppShotsAgainst": "43.5% (25.6) // 47.8% (27.8) // 49.0% (30.1) // 50.0% (32.5)",
        "oppScoringAgainst": "42.6% (23.1) // 43.9% (23.7) // 40.5% (22.5) // 40.7% (24.0)",
        "totalOver": 0,
        "totalOverLast5": 0,
        "totalOverLast15": 0,
        "lastTotalOver": 0,
        "last5": "0,0,0,0,0,0,0,0,0,0",
        "fd": "0",
        "dk": "+300",
        "implied": 25.0,
        "overOdds": "+300",
        "underOdds": "0",
        "overUnder": "+300 / 0"
    },
    {
        "player": "Sebastian Aho",
        "team": "CAR",
        "opponent": "MTL",
        "propType": "atgs",
        "line": 0.5,
        "ppLine": "PP1",
        "avg": 0.0,
        "hit": false,
        "diffAvg": 0,
        "diffAbs": 1.0,
        "lastAvg": 0.0,
        "diff": 0,
        "avgMin": 19,
        "proj": 0.0,
        "lastAvgMin": 19.48,
        "oppOver": 0,
        "teamOver": 0,
        "gameLine": "-265",
        "+/-": "+3",
        "L5_+/-": 0.0,
        "prevMatchup": "",
        "winLossSplits": "0% - 0%",
        "awayHome": "H",
        "playedYesterday": "Y",
        "awayHomeSplits": "0% - 0%",
        "savesAboveExp": "-",
        "gsaa": -0.17,
        "corsi": "60.0% (71.2) // 57.2% (65.4) // 57.4% (67.6) // 58.7% (69.0)",
        "fenwick": "58.4% (49.9) // 55.3% (45.8) // 55.1% (46.3) // 54.6% (47.0)",
        "shots": "56.5% (33.2) // 52.2% (30.4) // 51.0% (31.3) // 50.0% (32.5)",
        "scoring": "57.4% (31.2) // 56.1% (30.3) // 59.5% (33.1) // 59.3% (35.0)",
        "corsiAgainst": "40.0% (47.4) // 42.8% (48.9) // 42.6% (50.2) // 41.3% (48.5)",
        "fenwickAgainst": "41.6% (35.6) // 44.7% (37.0) // 44.9% (37.7) // 45.4% (39.0)",
        "shotsAgainst": "43.5% (25.6) // 47.8% (27.8) // 49.0% (30.1) // 50.0% (32.5)",
        "scoringAgainst": "42.6% (23.1) // 43.9% (23.7) // 40.5% (22.5) // 40.7% (24.0)",
        "oppCorsi": "47.0% (56.6) // 49.3% (59.0) // 47.7% (52.6) // 52.6% (61.0)",
        "oppFenwick": "47.2% (41.0) // 50.5% (44.0) // 48.9% (36.8) // 51.4% (38.0)",
        "oppShots": "46.5% (28.6) // 48.9% (30.5) // 50.6% (25.5) // 57.1% (28.0)",
        "oppScoring": "46.6% (28.4) // 48.2% (28.6) // 42.7% (22.6) // 49.1% (28.0)",
        "oppCorsiAgainst": "53.0% (63.8) // 50.7% (60.7) // 52.3% (57.7) // 47.4% (55.0)",
        "oppFenwickAgainst": "52.8% (45.9) // 49.5% (43.2) // 51.1% (38.4) // 48.6% (36.0)",
        "oppShotsAgainst": "53.5% (32.8) // 51.1% (31.9) // 49.4% (24.8) // 42.9% (21.0)",
        "oppScoringAgainst": "53.4% (32.5) // 51.8% (30.7) // 57.3% (30.3) // 50.9% (29.0)",
        "totalOver": 0,
        "totalOverLast5": 0,
        "totalOverLast15": 0,
        "lastTotalOver": 0,
        "last5": "0,0,0,0,0,0,0,0,0,0",
        "fd": "0",
        "dk": "+135",
        "implied": 42.5531914893617,
        "overOdds": "+135",
        "underOdds": "0",
        "overUnder": "+135 / 0"
    },
    {
        "player": "Seth Jarvis",
        "team": "CAR",
        "opponent": "MTL",
        "propType": "atgs",
        "line": 0.5,
        "ppLine": "PP1",
        "avg": 0.0,
        "hit": false,
        "diffAvg": 0,
        "diffAbs": 1.0,
        "lastAvg": 0.0,
        "diff": 0,
        "avgMin": 18,
        "proj": 0.0,
        "lastAvgMin": 16.2,
        "oppOver": 0,
        "teamOver": 0,
        "gameLine": "-265",
        "+/-": -1,
        "L5_+/-": -1.0,
        "prevMatchup": "",
        "winLossSplits": "0% - 0%",
        "awayHome": "H",
        "playedYesterday": "Y",
        "awayHomeSplits": "0% - 0%",
        "savesAboveExp": "-",
        "gsaa": -0.17,
        "corsi": "60.0% (71.2) // 57.2% (65.4) // 57.4% (67.6) // 58.7% (69.0)",
        "fenwick": "58.4% (49.9) // 55.3% (45.8) // 55.1% (46.3) // 54.6% (47.0)",
        "shots": "56.5% (33.2) // 52.2% (30.4) // 51.0% (31.3) // 50.0% (32.5)",
        "scoring": "57.4% (31.2) // 56.1% (30.3) // 59.5% (33.1) // 59.3% (35.0)",
        "corsiAgainst": "40.0% (47.4) // 42.8% (48.9) // 42.6% (50.2) // 41.3% (48.5)",
        "fenwickAgainst": "41.6% (35.6) // 44.7% (37.0) // 44.9% (37.7) // 45.4% (39.0)",
        "shotsAgainst": "43.5% (25.6) // 47.8% (27.8) // 49.0% (30.1) // 50.0% (32.5)",
        "scoringAgainst": "42.6% (23.1) // 43.9% (23.7) // 40.5% (22.5) // 40.7% (24.0)",
        "oppCorsi": "47.0% (56.6) // 49.3% (59.0) // 47.7% (52.6) // 52.6% (61.0)",
        "oppFenwick": "47.2% (41.0) // 50.5% (44.0) // 48.9% (36.8) // 51.4% (38.0)",
        "oppShots": "46.5% (28.6) // 48.9% (30.5) // 50.6% (25.5) // 57.1% (28.0)",
        "oppScoring": "46.6% (28.4) // 48.2% (28.6) // 42.7% (22.6) // 49.1% (28.0)",
        "oppCorsiAgainst": "53.0% (63.8) // 50.7% (60.7) // 52.3% (57.7) // 47.4% (55.0)",
        "oppFenwickAgainst": "52.8% (45.9) // 49.5% (43.2) // 51.1% (38.4) // 48.6% (36.0)",
        "oppShotsAgainst": "53.5% (32.8) // 51.1% (31.9) // 49.4% (24.8) // 42.9% (21.0)",
        "oppScoringAgainst": "53.4% (32.5) // 51.8% (30.7) // 57.3% (30.3) // 50.9% (29.0)",
        "totalOver": 0,
        "totalOverLast5": 0,
        "totalOverLast15": 0,
        "lastTotalOver": 0,
        "last5": "0,0,0,0,0,0,0,0,0,0",
        "fd": "0",
        "dk": "+215",
        "implied": 31.746031746031743,
        "overOdds": "+215",
        "underOdds": "0",
        "overUnder": "+215 / 0"
    },
    {
        "player": "Teuvo Teravainen",
        "team": "CAR",
        "opponent": "MTL",
        "propType": "atgs",
        "line": 0.5,
        "ppLine": "PP2",
        "avg": 0.0,
        "hit": false,
        "diffAvg": 0,
        "diffAbs": 1.0,
        "lastAvg": 0.0,
        "diff": 0,
        "avgMin": 16,
        "proj": 0.0,
        "lastAvgMin": 16.9,
        "oppOver": 0,
        "teamOver": 0,
        "gameLine": "-265",
        "+/-": -2,
        "L5_+/-": -2.0,
        "prevMatchup": "",
        "winLossSplits": "0% - 0%",
        "awayHome": "H",
        "playedYesterday": "Y",
        "awayHomeSplits": "0% - 0%",
        "savesAboveExp": "-",
        "gsaa": -0.17,
        "corsi": "60.0% (71.2) // 57.2% (65.4) // 57.4% (67.6) // 58.7% (69.0)",
        "fenwick": "58.4% (49.9) // 55.3% (45.8) // 55.1% (46.3) // 54.6% (47.0)",
        "shots": "56.5% (33.2) // 52.2% (30.4) // 51.0% (31.3) // 50.0% (32.5)",
        "scoring": "57.4% (31.2) // 56.1% (30.3) // 59.5% (33.1) // 59.3% (35.0)",
        "corsiAgainst": "40.0% (47.4) // 42.8% (48.9) // 42.6% (50.2) // 41.3% (48.5)",
        "fenwickAgainst": "41.6% (35.6) // 44.7% (37.0) // 44.9% (37.7) // 45.4% (39.0)",
        "shotsAgainst": "43.5% (25.6) // 47.8% (27.8) // 49.0% (30.1) // 50.0% (32.5)",
        "scoringAgainst": "42.6% (23.1) // 43.9% (23.7) // 40.5% (22.5) // 40.7% (24.0)",
        "oppCorsi": "47.0% (56.6) // 49.3% (59.0) // 47.7% (52.6) // 52.6% (61.0)",
        "oppFenwick": "47.2% (41.0) // 50.5% (44.0) // 48.9% (36.8) // 51.4% (38.0)",
        "oppShots": "46.5% (28.6) // 48.9% (30.5) // 50.6% (25.5) // 57.1% (28.0)",
        "oppScoring": "46.6% (28.4) // 48.2% (28.6) // 42.7% (22.6) // 49.1% (28.0)",
        "oppCorsiAgainst": "53.0% (63.8) // 50.7% (60.7) // 52.3% (57.7) // 47.4% (55.0)",
        "oppFenwickAgainst": "52.8% (45.9) // 49.5% (43.2) // 51.1% (38.4) // 48.6% (36.0)",
        "oppShotsAgainst": "53.5% (32.8) // 51.1% (31.9) // 49.4% (24.8) // 42.9% (21.0)",
        "oppScoringAgainst": "53.4% (32.5) // 51.8% (30.7) // 57.3% (30.3) // 50.9% (29.0)",
        "totalOver": 0,
        "totalOverLast5": 0,
        "totalOverLast15": 0,
        "lastTotalOver": 0,
        "last5": "0,0,0,0,0,0,0,0,0,0",
        "fd": "0",
        "dk": "+225",
        "implied": 30.76923076923077,
        "overOdds": "+225",
        "underOdds": "0",
        "overUnder": "+225 / 0"
    },
    {
        "player": "Brendan Gallagher",
        "team": "MTL",
        "opponent": "CAR",
        "propType": "atgs",
        "line": 0.5,
        "ppLine": "PP2",
        "avg": 0.0,
        "hit": false,
        "diffAvg": 0,
        "diffAbs": 1.0,
        "lastAvg": 0.0,
        "diff": 0,
        "avgMin": 14,
        "proj": 0.0,
        "lastAvgMin": 14.27,
        "oppOver": 0,
        "teamOver": 0,
        "gameLine": "+215",
        "+/-": -14,
        "L5_+/-": -3.0,
        "prevMatchup": "",
        "winLossSplits": "0% - 0%",
        "awayHome": "A",
        "playedYesterday": "N",
        "awayHomeSplits": "0% - 0%",
        "savesAboveExp": -0.166,
        "gsaa": -14.98,
        "corsi": "47.0% (56.6) // 49.3% (59.0) // 47.7% (52.6) // 52.6% (61.0)",
        "fenwick": "47.2% (41.0) // 50.5% (44.0) // 48.9% (36.8) // 51.4% (38.0)",
        "shots": "46.5% (28.6) // 48.9% (30.5) // 50.6% (25.5) // 57.1% (28.0)",
        "scoring": "46.6% (28.4) // 48.2% (28.6) // 42.7% (22.6) // 49.1% (28.0)",
        "corsiAgainst": "53.0% (63.8) // 50.7% (60.7) // 52.3% (57.7) // 47.4% (55.0)",
        "fenwickAgainst": "52.8% (45.9) // 49.5% (43.2) // 51.1% (38.4) // 48.6% (36.0)",
        "shotsAgainst": "53.5% (32.8) // 51.1% (31.9) // 49.4% (24.8) // 42.9% (21.0)",
        "scoringAgainst": "53.4% (32.5) // 51.8% (30.7) // 57.3% (30.3) // 50.9% (29.0)",
        "oppCorsi": "60.0% (71.2) // 57.2% (65.4) // 57.4% (67.6) // 58.7% (69.0)",
        "oppFenwick": "58.4% (49.9) // 55.3% (45.8) // 55.1% (46.3) // 54.6% (47.0)",
        "oppShots": "56.5% (33.2) // 52.2% (30.4) // 51.0% (31.3) // 50.0% (32.5)",
        "oppScoring": "57.4% (31.2) // 56.1% (30.3) // 59.5% (33.1) // 59.3% (35.0)",
        "oppCorsiAgainst": "40.0% (47.4) // 42.8% (48.9) // 42.6% (50.2) // 41.3% (48.5)",
        "oppFenwickAgainst": "41.6% (35.6) // 44.7% (37.0) // 44.9% (37.7) // 45.4% (39.0)",
        "oppShotsAgainst": "43.5% (25.6) // 47.8% (27.8) // 49.0% (30.1) // 50.0% (32.5)",
        "oppScoringAgainst": "42.6% (23.1) // 43.9% (23.7) // 40.5% (22.5) // 40.7% (24.0)",
        "totalOver": 0,
        "totalOverLast5": 0,
        "totalOverLast15": 0,
        "lastTotalOver": 0,
        "last5": "0,0,0,0,0,0,0,0,0,0",
        "fd": "0",
        "dk": "+370",
        "implied": 21.27659574468085,
        "overOdds": "+370",
        "underOdds": "0",
        "overUnder": "+370 / 0"
    },
    {
        "player": "Jaccob Slavin",
        "team": "CAR",
        "opponent": "MTL",
        "propType": "atgs",
        "line": 0.5,
        "ppLine": "",
        "avg": 0.0,
        "hit": false,
        "diffAvg": 0,
        "diffAbs": 1.0,
        "lastAvg": 0.0,
        "diff": 0,
        "avgMin": 21,
        "proj": 0.0,
        "lastAvgMin": 21.98,
        "oppOver": 0,
        "teamOver": 0,
        "gameLine": "-265",
        "+/-": "+6",
        "L5_+/-": -4.0,
        "prevMatchup": "",
        "winLossSplits": "0% - 0%",
        "awayHome": "H",
        "playedYesterday": "Y",
        "awayHomeSplits": "0% - 0%",
        "savesAboveExp": "-",
        "gsaa": -0.17,
        "corsi": "60.0% (71.2) // 57.2% (65.4) // 57.4% (67.6) // 58.7% (69.0)",
        "fenwick": "58.4% (49.9) // 55.3% (45.8) // 55.1% (46.3) // 54.6% (47.0)",
        "shots": "56.5% (33.2) // 52.2% (30.4) // 51.0% (31.3) // 50.0% (32.5)",
        "scoring": "57.4% (31.2) // 56.1% (30.3) // 59.5% (33.1) // 59.3% (35.0)",
        "corsiAgainst": "40.0% (47.4) // 42.8% (48.9) // 42.6% (50.2) // 41.3% (48.5)",
        "fenwickAgainst": "41.6% (35.6) // 44.7% (37.0) // 44.9% (37.7) // 45.4% (39.0)",
        "shotsAgainst": "43.5% (25.6) // 47.8% (27.8) // 49.0% (30.1) // 50.0% (32.5)",
        "scoringAgainst": "42.6% (23.1) // 43.9% (23.7) // 40.5% (22.5) // 40.7% (24.0)",
