[
    {
        "player": "Adam Lowry",
        "team": "WPG",
        "opponent": "MIN",
        "propType": "atgs",
        "line": 0.5,
        "ppLine": "",
        "avg": 0.0,
        "hit": false,
        "diffAvg": 0,
        "diffAbs": 1.0,
        "lastAvg": 0.0,
        "diff": 0,
        "avgMin": 15,
        "proj": 0.0,
        "lastAvgMin": 15.63,
        "oppOver": 0,
        "teamOver": 0,
        "gameLine": "-148",
        "+/-": "+8",
        "L5_+/-": 0.0,
        "prevMatchup": "",
        "winLossSplits": "0% - 0%",
        "awayHome": "H",
        "playedYesterday": "N",
        "awayHomeSplits": "0% - 0%",
        "savesAboveExp": 0.594,
        "gsaa": 0.77,
        "corsi": "50.9% (59.4) // 50.4% (63.0) // 55.8% (71.4) // 64.6% (79.0)",
        "fenwick": "51.2% (43.5) // 50.7% (46.7) // 57.2% (53.7) // 64.5% (57.8)",
        "shots": "52.2% (31.0) // 50.9% (31.4) // 59.0% (36.9) // 60.3% (36.6)",
        "scoring": "50.6% (27.9) // 51.5% (30.0) // 55.0% (32.6) // 63.2% (34.7)",
        "corsiAgainst": "49.1% (57.2) // 49.6% (61.9) // 44.2% (56.6) // 35.4% (43.4)",
        "fenwickAgainst": "48.8% (41.4) // 49.3% (45.4) // 42.8% (40.2) // 35.5% (31.8)",
        "shotsAgainst": "47.8% (28.4) // 49.1% (30.3) // 41.0% (25.7) // 39.7% (24.1)",
        "scoringAgainst": "49.4% (27.2) // 48.5% (28.2) // 45.0% (26.7) // 36.8% (20.2)",
        "oppCorsi": "50.8% (60.8) // 50.4% (58.9) // 52.1% (55.5) // 46.0% (52.0)",
        "oppFenwick": "50.8% (43.5) // 49.1% (41.6) // 53.6% (43.2) // 50.0% (44.0)",
        "oppShots": "50.0% (29.6) // 48.5% (27.5) // 55.1% (29.5) // 52.5% (31.0)",
        "oppScoring": "51.7% (30.1) // 51.6% (30.0) // 58.1% (29.2) // 44.1% (26.0)",
        "oppCorsiAgainst": "49.2% (58.9) // 49.6% (58.1) // 47.9% (50.9) // 54.0% (61.0)",
        "oppFenwickAgainst": "49.2% (42.2) // 50.9% (43.1) // 46.4% (37.3) // 50.0% (44.0)",
        "oppShotsAgainst": "50.0% (29.6) // 51.5% (29.2) // 44.9% (24.0) // 47.5% (28.0)",
        "oppScoringAgainst": "48.3% (28.1) // 48.4% (28.2) // 41.9% (21.1) // 55.9% (33.0)",
        "totalOver": 0,
        "totalOverLast5": 0,
        "totalOverLast15": 0,
        "lastTotalOver": 0,
        "last5": "0,0,0,0,0,0,0,0,0,0",
        "fd": "0",
        "dk": "+425",
        "kambi": "460",
        "lowest": "460 BR",
        "implied": 17.857142857142858,
        "overOdds": "+425",
        "underOdds": "0",
        "overUnder": "+425 / 0"
    },
    {
        "player": "Alex Iafallo",
        "team": "WPG",
        "opponent": "MIN",
        "propType": "atgs",
        "line": 0.5,
        "ppLine": "PP1",
        "avg": 0.0,
        "hit": false,
        "diffAvg": 0,
        "diffAbs": 1.0,
        "lastAvg": 0.0,
        "diff": 0,
        "avgMin": 16,
        "proj": 0.0,
        "lastAvgMin": 16.3,
        "oppOver": 0,
        "teamOver": 0,
        "gameLine": "-148",
        "+/-": -3,
        "L5_+/-": -1.0,
        "prevMatchup": "",
        "winLossSplits": "0% - 0%",
        "awayHome": "H",
        "playedYesterday": "N",
        "awayHomeSplits": "0% - 0%",
        "savesAboveExp": 0.594,
        "gsaa": 0.77,
        "corsi": "50.9% (59.4) // 50.4% (63.0) // 55.8% (71.4) // 64.6% (79.0)",
        "fenwick": "51.2% (43.5) // 50.7% (46.7) // 57.2% (53.7) // 64.5% (57.8)",
        "shots": "52.2% (31.0) // 50.9% (31.4) // 59.0% (36.9) // 60.3% (36.6)",
        "scoring": "50.6% (27.9) // 51.5% (30.0) // 55.0% (32.6) // 63.2% (34.7)",
        "corsiAgainst": "49.1% (57.2) // 49.6% (61.9) // 44.2% (56.6) // 35.4% (43.4)",
        "fenwickAgainst": "48.8% (41.4) // 49.3% (45.4) // 42.8% (40.2) // 35.5% (31.8)",
        "shotsAgainst": "47.8% (28.4) // 49.1% (30.3) // 41.0% (25.7) // 39.7% (24.1)",
        "scoringAgainst": "49.4% (27.2) // 48.5% (28.2) // 45.0% (26.7) // 36.8% (20.2)",
        "oppCorsi": "50.8% (60.8) // 50.4% (58.9) // 52.1% (55.5) // 46.0% (52.0)",
        "oppFenwick": "50.8% (43.5) // 49.1% (41.6) // 53.6% (43.2) // 50.0% (44.0)",
        "oppShots": "50.0% (29.6) // 48.5% (27.5) // 55.1% (29.5) // 52.5% (31.0)",
        "oppScoring": "51.7% (30.1) // 51.6% (30.0) // 58.1% (29.2) // 44.1% (26.0)",
        "oppCorsiAgainst": "49.2% (58.9) // 49.6% (58.1) // 47.9% (50.9) // 54.0% (61.0)",
        "oppFenwickAgainst": "49.2% (42.2) // 50.9% (43.1) // 46.4% (37.3) // 50.0% (44.0)",
        "oppShotsAgainst": "50.0% (29.6) // 51.5% (29.2) // 44.9% (24.0) // 47.5% (28.0)",
        "oppScoringAgainst": "48.3% (28.1) // 48.4% (28.2) // 41.9% (21.1) // 55.9% (33.0)",
        "totalOver": 0,
        "totalOverLast5": 0,
        "totalOverLast15": 0,
        "lastTotalOver": 0,
        "last5": "0,0,0,0,0,0,0,0,0,0",
        "fd": "0",
        "dk": "+340",
        "kambi": "290",
        "lowest": "340 DK",
        "implied": 22.727272727272727,
        "overOdds": "+340",
        "underOdds": "0",
        "overUnder": "+340 / 0"
    },
    {
        "player": "Brock Faber",
        "team": "MIN",
        "opponent": "WPG",
        "propType": "atgs",
        "line": 0.5,
        "ppLine": "PP2",
        "avg": 0.0,
        "hit": false,
        "diffAvg": 0,
        "diffAbs": 1.0,
        "lastAvg": 0,
        "diff": 0,
        "avgMin": 24,
        "proj": 0.0,
        "lastAvgMin": 0,
        "oppOver": 0,
        "teamOver": 0,
        "gameLine": "+124",
        "+/-": "+11",
        "L5_+/-": "+5.0",
        "prevMatchup": "",
        "winLossSplits": "0% - 0%",
        "awayHome": "A",
        "playedYesterday": "N",
        "awayHomeSplits": "0% - 0%",
        "savesAboveExp": 0.641,
        "gsaa": 10.7,
        "corsi": "50.8% (60.8) // 50.4% (58.9) // 52.1% (55.5) // 46.0% (52.0)",
        "fenwick": "50.8% (43.5) // 49.1% (41.6) // 53.6% (43.2) // 50.0% (44.0)",
        "shots": "50.0% (29.6) // 48.5% (27.5) // 55.1% (29.5) // 52.5% (31.0)",
        "scoring": "51.7% (30.1) // 51.6% (30.0) // 58.1% (29.2) // 44.1% (26.0)",
        "corsiAgainst": "49.2% (58.9) // 49.6% (58.1) // 47.9% (50.9) // 54.0% (61.0)",
        "fenwickAgainst": "49.2% (42.2) // 50.9% (43.1) // 46.4% (37.3) // 50.0% (44.0)",
        "shotsAgainst": "50.0% (29.6) // 51.5% (29.2) // 44.9% (24.0) // 47.5% (28.0)",
        "scoringAgainst": "48.3% (28.1) // 48.4% (28.2) // 41.9% (21.1) // 55.9% (33.0)",
        "oppCorsi": "50.9% (59.4) // 50.4% (63.0) // 55.8% (71.4) // 64.6% (79.0)",
        "oppFenwick": "51.2% (43.5) // 50.7% (46.7) // 57.2% (53.7) // 64.5% (57.8)",
        "oppShots": "52.2% (31.0) // 50.9% (31.4) // 59.0% (36.9) // 60.3% (36.6)",
        "oppScoring": "50.6% (27.9) // 51.5% (30.0) // 55.0% (32.6) // 63.2% (34.7)",
        "oppCorsiAgainst": "49.1% (57.2) // 49.6% (61.9) // 44.2% (56.6) // 35.4% (43.4)",
        "oppFenwickAgainst": "48.8% (41.4) // 49.3% (45.4) // 42.8% (40.2) // 35.5% (31.8)",
        "oppShotsAgainst": "47.8% (28.4) // 49.1% (30.3) // 41.0% (25.7) // 39.7% (24.1)",
        "oppScoringAgainst": "49.4% (27.2) // 48.5% (28.2) // 45.0% (26.7) // 36.8% (20.2)",
        "totalOver": 0,
        "totalOverLast5": 0,
        "totalOverLast15": 0,
        "lastTotalOver": 0,
        "last5": "0,0,0,0,0,0,0,0,0,0",
        "fd": "0",
        "dk": "+550",
        "kambi": "575",
        "lowest": "575 BR",
        "implied": 14.814814814814813,
        "overOdds": "+550",
        "underOdds": "0",
        "overUnder": "+550 / 0"
    },
    {
        "player": "Cole Perfetti",
        "team": "WPG",
        "opponent": "MIN",
        "propType": "atgs",
        "line": 0.5,
        "ppLine": "PP2",
        "avg": 0.0,
        "hit": false,
        "diffAvg": 0,
        "diffAbs": 1.0,
        "lastAvg": 0.0,
        "diff": 0,
        "avgMin": 14,
        "proj": 0.0,
        "lastAvgMin": 14.97,
        "oppOver": 0,
        "teamOver": 0,
        "gameLine": "-148",
        "+/-": "+9",
        "L5_+/-": "+2.0",
        "prevMatchup": "",
        "winLossSplits": "0% - 0%",
        "awayHome": "H",
        "playedYesterday": "N",
        "awayHomeSplits": "0% - 0%",
        "savesAboveExp": 0.594,
        "gsaa": 0.77,
        "corsi": "50.9% (59.4) // 50.4% (63.0) // 55.8% (71.4) // 64.6% (79.0)",
        "fenwick": "51.2% (43.5) // 50.7% (46.7) // 57.2% (53.7) // 64.5% (57.8)",
        "shots": "52.2% (31.0) // 50.9% (31.4) // 59.0% (36.9) // 60.3% (36.6)",
        "scoring": "50.6% (27.9) // 51.5% (30.0) // 55.0% (32.6) // 63.2% (34.7)",
        "corsiAgainst": "49.1% (57.2) // 49.6% (61.9) // 44.2% (56.6) // 35.4% (43.4)",
        "fenwickAgainst": "48.8% (41.4) // 49.3% (45.4) // 42.8% (40.2) // 35.5% (31.8)",
        "shotsAgainst": "47.8% (28.4) // 49.1% (30.3) // 41.0% (25.7) // 39.7% (24.1)",
        "scoringAgainst": "49.4% (27.2) // 48.5% (28.2) // 45.0% (26.7) // 36.8% (20.2)",
        "oppCorsi": "50.8% (60.8) // 50.4% (58.9) // 52.1% (55.5) // 46.0% (52.0)",
        "oppFenwick": "50.8% (43.5) // 49.1% (41.6) // 53.6% (43.2) // 50.0% (44.0)",
        "oppShots": "50.0% (29.6) // 48.5% (27.5) // 55.1% (29.5) // 52.5% (31.0)",
        "oppScoring": "51.7% (30.1) // 51.6% (30.0) // 58.1% (29.2) // 44.1% (26.0)",
        "oppCorsiAgainst": "49.2% (58.9) // 49.6% (58.1) // 47.9% (50.9) // 54.0% (61.0)",
        "oppFenwickAgainst": "49.2% (42.2) // 50.9% (43.1) // 46.4% (37.3) // 50.0% (44.0)",
        "oppShotsAgainst": "50.0% (29.6) // 51.5% (29.2) // 44.9% (24.0) // 47.5% (28.0)",
        "oppScoringAgainst": "48.3% (28.1) // 48.4% (28.2) // 41.9% (21.1) // 55.9% (33.0)",
        "totalOver": 0,
        "totalOverLast5": 0,
        "totalOverLast15": 0,
        "lastTotalOver": 0,
        "last5": "0,0,0,0,0,0,0,0,0,0",
        "fd": "0",
        "dk": "+295",
        "kambi": "215",
        "lowest": "295 DK",
        "implied": 25.31645569620253,
        "overOdds": "+295",
        "underOdds": "0",
        "overUnder": "+295 / 0"
    },
    {
        "player": "Gabriel Vilardi",
        "team": "WPG",
        "opponent": "MIN",
        "propType": "atgs",
        "line": 0.5,
        "ppLine": "PP1",
        "avg": 0.0,
        "hit": false,
        "diffAvg": 0,
        "diffAbs": 1.0,
        "lastAvg": 0.0,
        "diff": 0,
        "avgMin": 16,
        "proj": 0.0,
        "lastAvgMin": 15.6,
        "oppOver": 0,
        "teamOver": 0,
        "gameLine": "-148",
        "+/-": "+12",
        "L5_+/-": "+12.0",
        "prevMatchup": "",
        "winLossSplits": "0% - 0%",
        "awayHome": "H",
        "playedYesterday": "N",
        "awayHomeSplits": "0% - 0%",
        "savesAboveExp": 0.594,
        "gsaa": 0.77,
        "corsi": "50.9% (59.4) // 50.4% (63.0) // 55.8% (71.4) // 64.6% (79.0)",
        "fenwick": "51.2% (43.5) // 50.7% (46.7) // 57.2% (53.7) // 64.5% (57.8)",
        "shots": "52.2% (31.0) // 50.9% (31.4) // 59.0% (36.9) // 60.3% (36.6)",
        "scoring": "50.6% (27.9) // 51.5% (30.0) // 55.0% (32.6) // 63.2% (34.7)",
        "corsiAgainst": "49.1% (57.2) // 49.6% (61.9) // 44.2% (56.6) // 35.4% (43.4)",
        "fenwickAgainst": "48.8% (41.4) // 49.3% (45.4) // 42.8% (40.2) // 35.5% (31.8)",
        "shotsAgainst": "47.8% (28.4) // 49.1% (30.3) // 41.0% (25.7) // 39.7% (24.1)",
        "scoringAgainst": "49.4% (27.2) // 48.5% (28.2) // 45.0% (26.7) // 36.8% (20.2)",
        "oppCorsi": "50.8% (60.8) // 50.4% (58.9) // 52.1% (55.5) // 46.0% (52.0)",
        "oppFenwick": "50.8% (43.5) // 49.1% (41.6) // 53.6% (43.2) // 50.0% (44.0)",
        "oppShots": "50.0% (29.6) // 48.5% (27.5) // 55.1% (29.5) // 52.5% (31.0)",
        "oppScoring": "51.7% (30.1) // 51.6% (30.0) // 58.1% (29.2) // 44.1% (26.0)",
        "oppCorsiAgainst": "49.2% (58.9) // 49.6% (58.1) // 47.9% (50.9) // 54.0% (61.0)",
        "oppFenwickAgainst": "49.2% (42.2) // 50.9% (43.1) // 46.4% (37.3) // 50.0% (44.0)",
        "oppShotsAgainst": "50.0% (29.6) // 51.5% (29.2) // 44.9% (24.0) // 47.5% (28.0)",
        "oppScoringAgainst": "48.3% (28.1) // 48.4% (28.2) // 41.9% (21.1) // 55.9% (33.0)",
        "totalOver": 0,
        "totalOverLast5": 0,
        "totalOverLast15": 0,
        "lastTotalOver": 0,
        "last5": "0,0,0,0,0,0,0,0,0,0",
        "fd": "0",
        "dk": "+175",
        "kambi": "145",
        "lowest": "175 DK",
        "implied": 36.36363636363637,
        "overOdds": "+175",
        "underOdds": "0",
        "overUnder": "+175 / 0"
    },
    {
        "player": "Joel Eriksson Ek",
        "team": "MIN",
        "opponent": "WPG",
        "propType": "atgs",
        "line": 0.5,
        "ppLine": "PP1",
        "avg": 0.0,
        "hit": false,
        "diffAvg": 0,
        "diffAbs": 1.0,
        "lastAvg": 0.0,
        "diff": 0,
        "avgMin": 20,
        "proj": 0.0,
        "lastAvgMin": 18.98,
        "oppOver": 0,
        "teamOver": 0,
        "gameLine": "+124",
        "+/-": "+12",
        "L5_+/-": "+9.0",
        "prevMatchup": "",
        "winLossSplits": "0% - 0%",
        "awayHome": "A",
        "playedYesterday": "N",
        "awayHomeSplits": "0% - 0%",
        "savesAboveExp": 0.641,
        "gsaa": 10.7,
        "corsi": "50.8% (60.8) // 50.4% (58.9) // 52.1% (55.5) // 46.0% (52.0)",
        "fenwick": "50.8% (43.5) // 49.1% (41.6) // 53.6% (43.2) // 50.0% (44.0)",
        "shots": "50.0% (29.6) // 48.5% (27.5) // 55.1% (29.5) // 52.5% (31.0)",
        "scoring": "51.7% (30.1) // 51.6% (30.0) // 58.1% (29.2) // 44.1% (26.0)",
        "corsiAgainst": "49.2% (58.9) // 49.6% (58.1) // 47.9% (50.9) // 54.0% (61.0)",
        "fenwickAgainst": "49.2% (42.2) // 50.9% (43.1) // 46.4% (37.3) // 50.0% (44.0)",
        "shotsAgainst": "50.0% (29.6) // 51.5% (29.2) // 44.9% (24.0) // 47.5% (28.0)",
        "scoringAgainst": "48.3% (28.1) // 48.4% (28.2) // 41.9% (21.1) // 55.9% (33.0)",
        "oppCorsi": "50.9% (59.4) // 50.4% (63.0) // 55.8% (71.4) // 64.6% (79.0)",
        "oppFenwick": "51.2% (43.5) // 50.7% (46.7) // 57.2% (53.7) // 64.5% (57.8)",
        "oppShots": "52.2% (31.0) // 50.9% (31.4) // 59.0% (36.9) // 60.3% (36.6)",
        "oppScoring": "50.6% (27.9) // 51.5% (30.0) // 55.0% (32.6) // 63.2% (34.7)",
        "oppCorsiAgainst": "49.1% (57.2) // 49.6% (61.9) // 44.2% (56.6) // 35.4% (43.4)",
        "oppFenwickAgainst": "48.8% (41.4) // 49.3% (45.4) // 42.8% (40.2) // 35.5% (31.8)",
        "oppShotsAgainst": "47.8% (28.4) // 49.1% (30.3) // 41.0% (25.7) // 39.7% (24.1)",
        "oppScoringAgainst": "49.4% (27.2) // 48.5% (28.2) // 45.0% (26.7) // 36.8% (20.2)",
        "totalOver": 0,
        "totalOverLast5": 0,
        "totalOverLast15": 0,
        "lastTotalOver": 0,
        "last5": "0,0,0,0,0,0,0,0,0,0",
        "fd": "0",
        "dk": "+145",
        "kambi": "143",
        "lowest": "145 DK",
        "implied": 40.816326530612244,
        "overOdds": "+145",
        "underOdds": "0",
        "overUnder": "+145 / 0"
    },
    {
        "player": "Josh Morrissey",
        "team": "WPG",
        "opponent": "MIN",
        "propType": "atgs",
        "line": 0.5,
        "ppLine": "PP1",
        "avg": 0.0,
        "hit": false,
        "diffAvg": 0,
        "diffAbs": 1.0,
        "lastAvg": 0.0,
        "diff": 0,
        "avgMin": 24,
        "proj": 0.0,
        "lastAvgMin": 24.22,
        "oppOver": 0,
        "teamOver": 0,
        "gameLine": "-148",
        "+/-": "+19",
        "L5_+/-": "+14.0",
        "prevMatchup": "",
        "winLossSplits": "0% - 0%",
        "awayHome": "H",
        "playedYesterday": "N",
        "awayHomeSplits": "0% - 0%",
        "savesAboveExp": 0.594,
        "gsaa": 0.77,
        "corsi": "50.9% (59.4) // 50.4% (63.0) // 55.8% (71.4) // 64.6% (79.0)",
        "fenwick": "51.2% (43.5) // 50.7% (46.7) // 57.2% (53.7) // 64.5% (57.8)",
        "shots": "52.2% (31.0) // 50.9% (31.4) // 59.0% (36.9) // 60.3% (36.6)",
        "scoring": "50.6% (27.9) // 51.5% (30.0) // 55.0% (32.6) // 63.2% (34.7)",
        "corsiAgainst": "49.1% (57.2) // 49.6% (61.9) // 44.2% (56.6) // 35.4% (43.4)",
        "fenwickAgainst": "48.8% (41.4) // 49.3% (45.4) // 42.8% (40.2) // 35.5% (31.8)",
        "shotsAgainst": "47.8% (28.4) // 49.1% (30.3) // 41.0% (25.7) // 39.7% (24.1)",
        "scoringAgainst": "49.4% (27.2) // 48.5% (28.2) // 45.0% (26.7) // 36.8% (20.2)",
        "oppCorsi": "50.8% (60.8) // 50.4% (58.9) // 52.1% (55.5) // 46.0% (52.0)",
        "oppFenwick": "50.8% (43.5) // 49.1% (41.6) // 53.6% (43.2) // 50.0% (44.0)",
        "oppShots": "50.0% (29.6) // 48.5% (27.5) // 55.1% (29.5) // 52.5% (31.0)",
        "oppScoring": "51.7% (30.1) // 51.6% (30.0) // 58.1% (29.2) // 44.1% (26.0)",
        "oppCorsiAgainst": "49.2% (58.9) // 49.6% (58.1) // 47.9% (50.9) // 54.0% (61.0)",
        "oppFenwickAgainst": "49.2% (42.2) // 50.9% (43.1) // 46.4% (37.3) // 50.0% (44.0)",
        "oppShotsAgainst": "50.0% (29.6) // 51.5% (29.2) // 44.9% (24.0) // 47.5% (28.0)",
        "oppScoringAgainst": "48.3% (28.1) // 48.4% (28.2) // 41.9% (21.1) // 55.9% (33.0)",
        "totalOver": 0,
        "totalOverLast5": 0,
        "totalOverLast15": 0,
        "lastTotalOver": 0,
        "last5": "0,0,0,0,0,0,0,0,0,0",
        "fd": "0",
        "dk": "+425",
        "kambi": "0",
        "lowest": "425 DK",
        "implied": 19.047619047619047,
        "overOdds": "+425",
        "underOdds": "0",
        "overUnder": "+425 / 0"
    },
    {
        "player": "Kirill Kaprizov",
        "team": "MIN",
        "opponent": "WPG",
        "propType": "atgs",
        "line": 0.5,
        "ppLine": "PP1",
        "avg": 0.0,
        "hit": false,
        "diffAvg": 0,
        "diffAbs": 1.0,
        "lastAvg": 0.0,
        "diff": 0,
        "avgMin": 21,
        "proj": 0.0,
        "lastAvgMin": 21.1,
        "oppOver": 0,
        "teamOver": 0,
        "gameLine": "+124",
        "+/-": "+1",
        "L5_+/-": "+5.0",
        "prevMatchup": "",
        "winLossSplits": "0% - 0%",
        "awayHome": "A",
        "playedYesterday": "N",
        "awayHomeSplits": "0% - 0%",
        "savesAboveExp": 0.641,
        "gsaa": 10.7,
        "corsi": "50.8% (60.8) // 50.4% (58.9) // 52.1% (55.5) // 46.0% (52.0)",
        "fenwick": "50.8% (43.5) // 49.1% (41.6) // 53.6% (43.2) // 50.0% (44.0)",
        "shots": "50.0% (29.6) // 48.5% (27.5) // 55.1% (29.5) // 52.5% (31.0)",
        "scoring": "51.7% (30.1) // 51.6% (30.0) // 58.1% (29.2) // 44.1% (26.0)",
        "corsiAgainst": "49.2% (58.9) // 49.6% (58.1) // 47.9% (50.9) // 54.0% (61.0)",
        "fenwickAgainst": "49.2% (42.2) // 50.9% (43.1) // 46.4% (37.3) // 50.0% (44.0)",
        "shotsAgainst": "50.0% (29.6) // 51.5% (29.2) // 44.9% (24.0) // 47.5% (28.0)",
        "scoringAgainst": "48.3% (28.1) // 48.4% (28.2) // 41.9% (21.1) // 55.9% (33.0)",
        "oppCorsi": "50.9% (59.4) // 50.4% (63.0) // 55.8% (71.4) // 64.6% (79.0)",
        "oppFenwick": "51.2% (43.5) // 50.7% (46.7) // 57.2% (53.7) // 64.5% (57.8)",
        "oppShots": "52.2% (31.0) // 50.9% (31.4) // 59.0% (36.9) // 60.3% (36.6)",
        "oppScoring": "50.6% (27.9) // 51.5% (30.0) // 55.0% (32.6) // 63.2% (34.7)",
        "oppCorsiAgainst": "49.1% (57.2) // 49.6% (61.9) // 44.2% (56.6) // 35.4% (43.4)",
        "oppFenwickAgainst": "48.8% (41.4) // 49.3% (45.4) // 42.8% (40.2) // 35.5% (31.8)",
        "oppShotsAgainst": "47.8% (28.4) // 49.1% (30.3) // 41.0% (25.7) // 39.7% (24.1)",
        "oppScoringAgainst": "49.4% (27.2) // 48.5% (28.2) // 45.0% (26.7) // 36.8% (20.2)",
        "totalOver": 0,
        "totalOverLast5": 0,
        "totalOverLast15": 0,
        "lastTotalOver": 0,
        "last5": "0,0,0,0,0,0,0,0,0,0",
        "fd": "0",
        "dk": "+115",
        "kambi": "132",
        "lowest": "132 BR",
        "implied": 43.103448275862064,
        "overOdds": "+115",
        "underOdds": "0",
        "overUnder": "+115 / 0"
    },
    {
        "player": "Marco Rossi",
        "team": "MIN",
        "opponent": "WPG",
        "propType": "atgs",
        "line": 0.5,
        "ppLine": "PP1",
        "avg": 0.0,
        "hit": false,
        "diffAvg": 0,
        "diffAbs": 1.0,
        "lastAvg": 0.0,
        "diff": 0,
        "avgMin": 16,
        "proj": 0.0,
        "lastAvgMin": 12.52,
        "oppOver": 0,
        "teamOver": 0,
        "gameLine": "+124",
        "+/-": "+10",
        "L5_+/-": "+4.0",
        "prevMatchup": "",
        "winLossSplits": "0% - 0%",
        "awayHome": "A",
        "playedYesterday": "N",
        "awayHomeSplits": "0% - 0%",
        "savesAboveExp": 0.641,
        "gsaa": 10.7,
        "corsi": "50.8% (60.8) // 50.4% (58.9) // 52.1% (55.5) // 46.0% (52.0)",
        "fenwick": "50.8% (43.5) // 49.1% (41.6) // 53.6% (43.2) // 50.0% (44.0)",
        "shots": "50.0% (29.6) // 48.5% (27.5) // 55.1% (29.5) // 52.5% (31.0)",
        "scoring": "51.7% (30.1) // 51.6% (30.0) // 58.1% (29.2) // 44.1% (26.0)",
        "corsiAgainst": "49.2% (58.9) // 49.6% (58.1) // 47.9% (50.9) // 54.0% (61.0)",
        "fenwickAgainst": "49.2% (42.2) // 50.9% (43.1) // 46.4% (37.3) // 50.0% (44.0)",
        "shotsAgainst": "50.0% (29.6) // 51.5% (29.2) // 44.9% (24.0) // 47.5% (28.0)",
        "scoringAgainst": "48.3% (28.1) // 48.4% (28.2) // 41.9% (21.1) // 55.9% (33.0)",
        "oppCorsi": "50.9% (59.4) // 50.4% (63.0) // 55.8% (71.4) // 64.6% (79.0)",
        "oppFenwick": "51.2% (43.5) // 50.7% (46.7) // 57.2% (53.7) // 64.5% (57.8)",
        "oppShots": "52.2% (31.0) // 50.9% (31.4) // 59.0% (36.9) // 60.3% (36.6)",
        "oppScoring": "50.6% (27.9) // 51.5% (30.0) // 55.0% (32.6) // 63.2% (34.7)",
        "oppCorsiAgainst": "49.1% (57.2) // 49.6% (61.9) // 44.2% (56.6) // 35.4% (43.4)",
        "oppFenwickAgainst": "48.8% (41.4) // 49.3% (45.4) // 42.8% (40.2) // 35.5% (31.8)",
        "oppShotsAgainst": "47.8% (28.4) // 49.1% (30.3) // 41.0% (25.7) // 39.7% (24.1)",
        "oppScoringAgainst": "49.4% (27.2) // 48.5% (28.2) // 45.0% (26.7) // 36.8% (20.2)",
        "totalOver": 0,
        "totalOverLast5": 0,
        "totalOverLast15": 0,
        "lastTotalOver": 0,
        "last5": "0,0,0,0,0,0,0,0,0,0",
        "fd": "0",
        "dk": "+250",
        "kambi": "270",
        "lowest": "270 BR",
        "implied": 27.027027027027028,
        "overOdds": "+250",
        "underOdds": "0",
        "overUnder": "+250 / 0"
    },
    {
        "player": "Marcus Johansson",
        "team": "MIN",
        "opponent": "WPG",
        "propType": "atgs",
        "line": 0.5,
        "ppLine": "",
        "avg": 0.0,
        "hit": false,
        "diffAvg": 0,
        "diffAbs": 1.0,
        "lastAvg": 0.0,
        "diff": 0,
        "avgMin": 16,
        "proj": 0.0,
        "lastAvgMin": 16.48,
        "oppOver": 0,
        "teamOver": 0,
        "gameLine": "+124",
        "+/-": "+4",
        "L5_+/-": "+7.0",
        "prevMatchup": "",
        "winLossSplits": "0% - 0%",
        "awayHome": "A",
        "playedYesterday": "N",
        "awayHomeSplits": "0% - 0%",
        "savesAboveExp": 0.641,
        "gsaa": 10.7,
        "corsi": "50.8% (60.8) // 50.4% (58.9) // 52.1% (55.5) // 46.0% (52.0)",
        "fenwick": "50.8% (43.5) // 49.1% (41.6) // 53.6% (43.2) // 50.0% (44.0)",
        "shots": "50.0% (29.6) // 48.5% (27.5) // 55.1% (29.5) // 52.5% (31.0)",
        "scoring": "51.7% (30.1) // 51.6% (30.0) // 58.1% (29.2) // 44.1% (26.0)",
        "corsiAgainst": "49.2% (58.9) // 49.6% (58.1) // 47.9% (50.9) // 54.0% (61.0)",
        "fenwickAgainst": "49.2% (42.2) // 50.9% (43.1) // 46.4% (37.3) // 50.0% (44.0)",
        "shotsAgainst": "50.0% (29.6) // 51.5% (29.2) // 44.9% (24.0) // 47.5% (28.0)",
        "scoringAgainst": "48.3% (28.1) // 48.4% (28.2) // 41.9% (21.1) // 55.9% (33.0)",
        "oppCorsi": "50.9% (59.4) // 50.4% (63.0) // 55.8% (71.4) // 64.6% (79.0)",
        "oppFenwick": "51.2% (43.5) // 50.7% (46.7) // 57.2% (53.7) // 64.5% (57.8)",
        "oppShots": "52.2% (31.0) // 50.9% (31.4) // 59.0% (36.9) // 60.3% (36.6)",
        "oppScoring": "50.6% (27.9) // 51.5% (30.0) // 55.0% (32.6) // 63.2% (34.7)",
        "oppCorsiAgainst": "49.1% (57.2) // 49.6% (61.9) // 44.2% (56.6) // 35.4% (43.4)",
        "oppFenwickAgainst": "48.8% (41.4) // 49.3% (45.4) // 42.8% (40.2) // 35.5% (31.8)",
        "oppShotsAgainst": "47.8% (28.4) // 49.1% (30.3) // 41.0% (25.7) // 39.7% (24.1)",
        "oppScoringAgainst": "49.4% (27.2) // 48.5% (28.2) // 45.0% (26.7) // 36.8% (20.2)",
        "totalOver": 0,
        "totalOverLast5": 0,
        "totalOverLast15": 0,
        "lastTotalOver": 0,
        "last5": "0,0,0,0,0,0,0,0,0,0",
        "fd": "0",
        "dk": "+390",
        "kambi": "325",
        "lowest": "390 DK",
        "implied": 20.408163265306122,
        "overOdds": "+390",
        "underOdds": "0",
        "overUnder": "+390 / 0"
    },
    {
        "player": "Mark Scheifele",
        "team": "WPG",
        "opponent": "MIN",
        "propType": "atgs",
        "line": 0.5,
        "ppLine": "PP1",
        "avg": 0.0,
        "hit": false,
        "diffAvg": 0,
        "diffAbs": 1.0,
        "lastAvg": 0.0,
        "diff": 0,
        "avgMin": 20,
        "proj": 0.0,
        "lastAvgMin": 20.47,
        "oppOver": 0,
        "teamOver": 0,
        "gameLine": "-148",
        "+/-": "+13",
        "L5_+/-": "+16.0",
        "prevMatchup": "",
        "winLossSplits": "0% - 0%",
        "awayHome": "H",
        "playedYesterday": "N",
        "awayHomeSplits": "0% - 0%",
        "savesAboveExp": 0.594,
        "gsaa": 0.77,
        "corsi": "50.9% (59.4) // 50.4% (63.0) // 55.8% (71.4) // 64.6% (79.0)",
        "fenwick": "51.2% (43.5) // 50.7% (46.7) // 57.2% (53.7) // 64.5% (57.8)",
        "shots": "52.2% (31.0) // 50.9% (31.4) // 59.0% (36.9) // 60.3% (36.6)",
        "scoring": "50.6% (27.9) // 51.5% (30.0) // 55.0% (32.6) // 63.2% (34.7)",
        "corsiAgainst": "49.1% (57.2) // 49.6% (61.9) // 44.2% (56.6) // 35.4% (43.4)",
        "fenwickAgainst": "48.8% (41.4) // 49.3% (45.4) // 42.8% (40.2) // 35.5% (31.8)",
        "shotsAgainst": "47.8% (28.4) // 49.1% (30.3) // 41.0% (25.7) // 39.7% (24.1)",
        "scoringAgainst": "49.4% (27.2) // 48.5% (28.2) // 45.0% (26.7) // 36.8% (20.2)",
        "oppCorsi": "50.8% (60.8) // 50.4% (58.9) // 52.1% (55.5) // 46.0% (52.0)",
        "oppFenwick": "50.8% (43.5) // 49.1% (41.6) // 53.6% (43.2) // 50.0% (44.0)",
        "oppShots": "50.0% (29.6) // 48.5% (27.5) // 55.1% (29.5) // 52.5% (31.0)",
        "oppScoring": "51.7% (30.1) // 51.6% (30.0) // 58.1% (29.2) // 44.1% (26.0)",
        "oppCorsiAgainst": "49.2% (58.9) // 49.6% (58.1) // 47.9% (50.9) // 54.0% (61.0)",
        "oppFenwickAgainst": "49.2% (42.2) // 50.9% (43.1) // 46.4% (37.3) // 50.0% (44.0)",
        "oppShotsAgainst": "50.0% (29.6) // 51.5% (29.2) // 44.9% (24.0) // 47.5% (28.0)",
        "oppScoringAgainst": "48.3% (28.1) // 48.4% (28.2) // 41.9% (21.1) // 55.9% (33.0)",
        "totalOver": 0,
        "totalOverLast5": 0,
        "totalOverLast15": 0,
        "lastTotalOver": 0,
        "last5": "0,0,0,0,0,0,0,0,0,0",
        "fd": "0",
        "dk": "+155",
        "kambi": "145",
        "lowest": "155 DK",
        "implied": 39.21568627450981,
        "overOdds": "+155",
        "underOdds": "0",
        "overUnder": "+155 / 0"
    },
    {
        "player": "Matthew Boldy",
        "team": "MIN",
        "opponent": "WPG",
        "propType": "atgs",
        "line": 0.5,
        "ppLine": "",
        "avg": 0.0,
        "hit": false,
        "diffAvg": 0,
        "diffAbs": 1.0,
        "lastAvg": 0.0,
        "diff": 0,
        "avgMin": 17,
        "proj": 0.0,
        "lastAvgMin": 18.48,
        "oppOver": 0,
        "teamOver": 0,
        "gameLine": "+124",
        "+/-": "+5",
        "L5_+/-": "+6.0",
        "prevMatchup": "",
        "winLossSplits": "0% - 0%",
        "awayHome": "A",
        "playedYesterday": "N",
        "awayHomeSplits": "0% - 0%",
        "savesAboveExp": 0.641,
        "gsaa": 10.7,
        "corsi": "50.8% (60.8) // 50.4% (58.9) // 52.1% (55.5) // 46.0% (52.0)",
        "fenwick": "50.8% (43.5) // 49.1% (41.6) // 53.6% (43.2) // 50.0% (44.0)",
        "shots": "50.0% (29.6) // 48.5% (27.5) // 55.1% (29.5) // 52.5% (31.0)",
        "scoring": "51.7% (30.1) // 51.6% (30.0) // 58.1% (29.2) // 44.1% (26.0)",
        "corsiAgainst": "49.2% (58.9) // 49.6% (58.1) // 47.9% (50.9) // 54.0% (61.0)",
        "fenwickAgainst": "49.2% (42.2) // 50.9% (43.1) // 46.4% (37.3) // 50.0% (44.0)",
        "shotsAgainst": "50.0% (29.6) // 51.5% (29.2) // 44.9% (24.0) // 47.5% (28.0)",
        "scoringAgainst": "48.3% (28.1) // 48.4% (28.2) // 41.9% (21.1) // 55.9% (33.0)",
        "oppCorsi": "50.9% (59.4) // 50.4% (63.0) // 55.8% (71.4) // 64.6% (79.0)",
        "oppFenwick": "51.2% (43.5) // 50.7% (46.7) // 57.2% (53.7) // 64.5% (57.8)",
        "oppShots": "52.2% (31.0) // 50.9% (31.4) // 59.0% (36.9) // 60.3% (36.6)",
        "oppScoring": "50.6% (27.9) // 51.5% (30.0) // 55.0% (32.6) // 63.2% (34.7)",
        "oppCorsiAgainst": "49.1% (57.2) // 49.6% (61.9) // 44.2% (56.6) // 35.4% (43.4)",
        "oppFenwickAgainst": "48.8% (41.4) // 49.3% (45.4) // 42.8% (40.2) // 35.5% (31.8)",
        "oppShotsAgainst": "47.8% (28.4) // 49.1% (30.3) // 41.0% (25.7) // 39.7% (24.1)",
        "oppScoringAgainst": "49.4% (27.2) // 48.5% (28.2) // 45.0% (26.7) // 36.8% (20.2)",
        "totalOver": 0,
        "totalOverLast5": 0,
        "totalOverLast15": 0,
        "lastTotalOver": 0,
        "last5": "0,0,0,0,0,0,0,0,0,0",
        "fd": "0",
        "dk": "+165",
        "kambi": "165",
        "lowest": "165 DK",
        "implied": 37.735849056603776,
        "overOdds": "+165",
        "underOdds": "0",
        "overUnder": "+165 / 0"
    },
    {
        "player": "Nikolaj Ehlers",
        "team": "WPG",
        "opponent": "MIN",
        "propType": "atgs",
        "line": 0.5,
        "ppLine": "PP1",
        "avg": 0.0,
        "hit": false,
        "diffAvg": 0,
        "diffAbs": 1.0,
        "lastAvg": 0.0,
        "diff": 0,
        "avgMin": 16,
        "proj": 0.0,
        "lastAvgMin": 15.63,
        "oppOver": 0,
        "teamOver": 0,
        "gameLine": "-148",
        "+/-": "+16",
        "L5_+/-": "+16.0",
        "prevMatchup": "",
        "winLossSplits": "0% - 0%",
        "awayHome": "H",
        "playedYesterday": "N",
        "awayHomeSplits": "0% - 0%",
        "savesAboveExp": 0.594,
        "gsaa": 0.77,
        "corsi": "50.9% (59.4) // 50.4% (63.0) // 55.8% (71.4) // 64.6% (79.0)",
        "fenwick": "51.2% (43.5) // 50.7% (46.7) // 57.2% (53.7) // 64.5% (57.8)",
        "shots": "52.2% (31.0) // 50.9% (31.4) // 59.0% (36.9) // 60.3% (36.6)",
        "scoring": "50.6% (27.9) // 51.5% (30.0) // 55.0% (32.6) // 63.2% (34.7)",
        "corsiAgainst": "49.1% (57.2) // 49.6% (61.9) // 44.2% (56.6) // 35.4% (43.4)",
        "fenwickAgainst": "48.8% (41.4) // 49.3% (45.4) // 42.8% (40.2) // 35.5% (31.8)",
        "shotsAgainst": "47.8% (28.4) // 49.1% (30.3) // 41.0% (25.7) // 39.7% (24.1)",
        "scoringAgainst": "49.4% (27.2) // 48.5% (28.2) // 45.0% (26.7) // 36.8% (20.2)",
        "oppCorsi": "50.8% (60.8) // 50.4% (58.9) // 52.1% (55.5) // 46.0% (52.0)",
        "oppFenwick": "50.8% (43.5) // 49.1% (41.6) // 53.6% (43.2) // 50.0% (44.0)",
        "oppShots": "50.0% (29.6) // 48.5% (27.5) // 55.1% (29.5) // 52.5% (31.0)",
        "oppScoring": "51.7% (30.1) // 51.6% (30.0) // 58.1% (29.2) // 44.1% (26.0)",
        "oppCorsiAgainst": "49.2% (58.9) // 49.6% (58.1) // 47.9% (50.9) // 54.0% (61.0)",
        "oppFenwickAgainst": "49.2% (42.2) // 50.9% (43.1) // 46.4% (37.3) // 50.0% (44.0)",
        "oppShotsAgainst": "50.0% (29.6) // 51.5% (29.2) // 44.9% (24.0) // 47.5% (28.0)",
        "oppScoringAgainst": "48.3% (28.1) // 48.4% (28.2) // 41.9% (21.1) // 55.9% (33.0)",
        "totalOver": 0,
        "totalOverLast5": 0,
        "totalOverLast15": 0,
        "lastTotalOver": 0,
        "last5": "0,0,0,0,0,0,0,0,0,0",
        "fd": "0",
        "dk": "+160",
        "kambi": "160",
        "lowest": "160 DK",
        "implied": 38.46153846153847,
        "overOdds": "+160",
        "underOdds": "0",
        "overUnder": "+160 / 0"
    },
    {
        "player": "Nino Niederreiter",
        "team": "WPG",
        "opponent": "MIN",
        "propType": "atgs",
        "line": 0.5,
        "ppLine": "PP2",
        "avg": 0.0,
        "hit": false,
        "diffAvg": 0,
        "diffAbs": 1.0,
        "lastAvg": 0.0,
        "diff": 0,
        "avgMin": 15,
        "proj": 0.0,
        "lastAvgMin": 16.28,
        "oppOver": 0,
        "teamOver": 0,
        "gameLine": "-148",
        "+/-": "+11",
        "L5_+/-": "+2.0",
        "prevMatchup": "",
        "winLossSplits": "0% - 0%",
        "awayHome": "H",
        "playedYesterday": "N",
        "awayHomeSplits": "0% - 0%",
        "savesAboveExp": 0.594,
        "gsaa": 0.77,
        "corsi": "50.9% (59.4) // 50.4% (63.0) // 55.8% (71.4) // 64.6% (79.0)",
        "fenwick": "51.2% (43.5) // 50.7% (46.7) // 57.2% (53.7) // 64.5% (57.8)",
        "shots": "52.2% (31.0) // 50.9% (31.4) // 59.0% (36.9) // 60.3% (36.6)",
        "scoring": "50.6% (27.9) // 51.5% (30.0) // 55.0% (32.6) // 63.2% (34.7)",
        "corsiAgainst": "49.1% (57.2) // 49.6% (61.9) // 44.2% (56.6) // 35.4% (43.4)",
        "fenwickAgainst": "48.8% (41.4) // 49.3% (45.4) // 42.8% (40.2) // 35.5% (31.8)",
        "shotsAgainst": "47.8% (28.4) // 49.1% (30.3) // 41.0% (25.7) // 39.7% (24.1)",
        "scoringAgainst": "49.4% (27.2) // 48.5% (28.2) // 45.0% (26.7) // 36.8% (20.2)",
        "oppCorsi": "50.8% (60.8) // 50.4% (58.9) // 52.1% (55.5) // 46.0% (52.0)",
        "oppFenwick": "50.8% (43.5) // 49.1% (41.6) // 53.6% (43.2) // 50.0% (44.0)",
        "oppShots": "50.0% (29.6) // 48.5% (27.5) // 55.1% (29.5) // 52.5% (31.0)",
        "oppScoring": "51.7% (30.1) // 51.6% (30.0) // 58.1% (29.2) // 44.1% (26.0)",
        "oppCorsiAgainst": "49.2% (58.9) // 49.6% (58.1) // 47.9% (50.9) // 54.0% (61.0)",
        "oppFenwickAgainst": "49.2% (42.2) // 50.9% (43.1) // 46.4% (37.3) // 50.0% (44.0)",
        "oppShotsAgainst": "50.0% (29.6) // 51.5% (29.2) // 44.9% (24.0) // 47.5% (28.0)",
        "oppScoringAgainst": "48.3% (28.1) // 48.4% (28.2) // 41.9% (21.1) // 55.9% (33.0)",
        "totalOver": 0,
        "totalOverLast5": 0,
        "totalOverLast15": 0,
        "lastTotalOver": 0,
        "last5": "0,0,0,0,0,0,0,0,0,0",
        "fd": "0",
        "dk": "+290",
        "kambi": "270",
        "lowest": "290 DK",
        "implied": 25.64102564102564,
        "overOdds": "+290",
        "underOdds": "0",
        "overUnder": "+290 / 0"
    },
    {
        "player": "Neal Pionk",
        "team": "WPG",
        "opponent": "MIN",
        "propType": "atgs",
        "line": 0.5,
        "ppLine": "PP2",
        "avg": 0.0,
        "hit": false,
        "diffAvg": 0,
        "diffAbs": 1.0,
        "lastAvg": 0.0,
        "diff": 0,
        "avgMin": 20,
        "proj": 0.0,
        "lastAvgMin": 21.93,
        "oppOver": 0,
        "teamOver": 0,
        "gameLine": "-148",
        "+/-": "+9",
        "L5_+/-": "+2.0",
        "prevMatchup": "",
        "winLossSplits": "0% - 0%",
        "awayHome": "H",
        "playedYesterday": "N",
        "awayHomeSplits": "0% - 0%",
        "savesAboveExp": 0.594,
        "gsaa": 0.77,
        "corsi": "50.9% (59.4) // 50.4% (63.0) // 55.8% (71.4) // 64.6% (79.0)",
        "fenwick": "51.2% (43.5) // 50.7% (46.7) // 57.2% (53.7) // 64.5% (57.8)",
        "shots": "52.2% (31.0) // 50.9% (31.4) // 59.0% (36.9) // 60.3% (36.6)",
        "scoring": "50.6% (27.9) // 51.5% (30.0) // 55.0% (32.6) // 63.2% (34.7)",
        "corsiAgainst": "49.1% (57.2) // 49.6% (61.9) // 44.2% (56.6) // 35.4% (43.4)",
        "fenwickAgainst": "48.8% (41.4) // 49.3% (45.4) // 42.8% (40.2) // 35.5% (31.8)",
        "shotsAgainst": "47.8% (28.4) // 49.1% (30.3) // 41.0% (25.7) // 39.7% (24.1)",
        "scoringAgainst": "49.4% (27.2) // 48.5% (28.2) // 45.0% (26.7) // 36.8% (20.2)",
        "oppCorsi": "50.8% (60.8) // 50.4% (58.9) // 52.1% (55.5) // 46.0% (52.0)",
        "oppFenwick": "50.8% (43.5) // 49.1% (41.6) // 53.6% (43.2) // 50.0% (44.0)",
        "oppShots": "50.0% (29.6) // 48.5% (27.5) // 55.1% (29.5) // 52.5% (31.0)",
        "oppScoring": "51.7% (30.1) // 51.6% (30.0) // 58.1% (29.2) // 44.1% (26.0)",
        "oppCorsiAgainst": "49.2% (58.9) // 49.6% (58.1) // 47.9% (50.9) // 54.0% (61.0)",
        "oppFenwickAgainst": "49.2% (42.2) // 50.9% (43.1) // 46.4% (37.3) // 50.0% (44.0)",
        "oppShotsAgainst": "50.0% (29.6) // 51.5% (29.2) // 44.9% (24.0) // 47.5% (28.0)",
        "oppScoringAgainst": "48.3% (28.1) // 48.4% (28.2) // 41.9% (21.1) // 55.9% (33.0)",
        "totalOver": 0,
        "totalOverLast5": 0,
        "totalOverLast15": 0,
        "lastTotalOver": 0,
        "last5": "0,0,0,0,0,0,0,0,0,0",
        "fd": "0",
        "dk": "+800",
        "kambi": "650",
        "lowest": "800 DK",
        "implied": 11.11111111111111,
        "overOdds": "+800",
        "underOdds": "0",
        "overUnder": "+800 / 0"
    },
    {
        "player": "Ryan Hartman",
        "team": "MIN",
        "opponent": "WPG",
        "propType": "atgs",
        "line": 0.5,
        "ppLine": "PP2",
        "avg": 0.0,
        "hit": false,
        "diffAvg": 0,
        "diffAbs": 1.0,
        "lastAvg": 0.0,
        "diff": 0,
        "avgMin": 15,
        "proj": 0.0,
        "lastAvgMin": 16.28,
        "oppOver": 0,
        "teamOver": 0,
        "gameLine": "+124",
        "+/-": "+4",
        "L5_+/-": "+4.0",
        "prevMatchup": "",
        "winLossSplits": "0% - 0%",
        "awayHome": "A",
        "playedYesterday": "N",
        "awayHomeSplits": "0% - 0%",
        "savesAboveExp": 0.641,
        "gsaa": 10.7,
        "corsi": "50.8% (60.8) // 50.4% (58.9) // 52.1% (55.5) // 46.0% (52.0)",
        "fenwick": "50.8% (43.5) // 49.1% (41.6) // 53.6% (43.2) // 50.0% (44.0)",
        "shots": "50.0% (29.6) // 48.5% (27.5) // 55.1% (29.5) // 52.5% (31.0)",
        "scoring": "51.7% (30.1) // 51.6% (30.0) // 58.1% (29.2) // 44.1% (26.0)",
        "corsiAgainst": "49.2% (58.9) // 49.6% (58.1) // 47.9% (50.9) // 54.0% (61.0)",
        "fenwickAgainst": "49.2% (42.2) // 50.9% (43.1) // 46.4% (37.3) // 50.0% (44.0)",
        "shotsAgainst": "50.0% (29.6) // 51.5% (29.2) // 44.9% (24.0) // 47.5% (28.0)",
        "scoringAgainst": "48.3% (28.1) // 48.4% (28.2) // 41.9% (21.1) // 55.9% (33.0)",
        "oppCorsi": "50.9% (59.4) // 50.4% (63.0) // 55.8% (71.4) // 64.6% (79.0)",
        "oppFenwick": "51.2% (43.5) // 50.7% (46.7) // 57.2% (53.7) // 64.5% (57.8)",
        "oppShots": "52.2% (31.0) // 50.9% (31.4) // 59.0% (36.9) // 60.3% (36.6)",
        "oppScoring": "50.6% (27.9) // 51.5% (30.0) // 55.0% (32.6) // 63.2% (34.7)",
        "oppCorsiAgainst": "49.1% (57.2) // 49.6% (61.9) // 44.2% (56.6) // 35.4% (43.4)",
        "oppFenwickAgainst": "48.8% (41.4) // 49.3% (45.4) // 42.8% (40.2) // 35.5% (31.8)",
        "oppShotsAgainst": "47.8% (28.4) // 49.1% (30.3) // 41.0% (25.7) // 39.7% (24.1)",
        "oppScoringAgainst": "49.4% (27.2) // 48.5% (28.2) // 45.0% (26.7) // 36.8% (20.2)",
        "totalOver": 0,
        "totalOverLast5": 0,
        "totalOverLast15": 0,
        "lastTotalOver": 0,
        "last5": "0,0,0,0,0,0,0,0,0,0",
        "fd": "0",
        "dk": "+350",
        "kambi": "325",
        "lowest": "350 DK",
        "implied": 22.22222222222222,
        "overOdds": "+350",
        "underOdds": "0",
        "overUnder": "+350 / 0"
    },
    {
        "player": "Vladislav Namestnikov",
        "team": "WPG",
        "opponent": "MIN",
        "propType": "atgs",
        "line": 0.5,
        "ppLine": "PP2",
        "avg": 0.0,
        "hit": false,
        "diffAvg": 0,
        "diffAbs": 1.0,
        "lastAvg": 0.0,
        "diff": 0,
        "avgMin": 15,
        "proj": 0.0,
        "lastAvgMin": 12.62,
        "oppOver": 0,
        "teamOver": 0,
        "gameLine": "-148",
        "+/-": "+14",
        "L5_+/-": "+3.0",
        "prevMatchup": "",
