[
    {
        "player": "Andrei Svechnikov",
        "team": "CAR",
        "opponent": "MTL",
        "propType": "ast",
        "line": 0.5,
        "ppLine": "PP1",
        "avg": 0.65,
        "hit": false,
        "diffAvg": 0.3,
        "diffAbs": 0.2,
        "lastAvg": 0.49,
        "diff": -0.02,
        "avgMin": 16,
        "proj": 0.4,
        "lastAvgMin": 18.03,
        "oppOver": 0,
        "teamOver": 0,
        "gameLine": "-265",
        "+/-": -1,
        "L5_+/-": -1.0,
        "prevMatchup": "",
        "winLossSplits": "73% - 22%",
        "awayHome": "H",
        "playedYesterday": "Y",
        "awayHomeSplits": "44% - 55%",
        "savesAboveExp": "-",
        "gsaa": -0.17,
        "corsi": "60.0% (71.2) // 57.2% (65.4) // 57.4% (67.6) // 58.7% (69.0)",
        "fenwick": "58.4% (49.9) // 55.3% (45.8) // 55.1% (46.3) // 54.6% (47.0)",
        "shots": "56.5% (33.2) // 52.2% (30.4) // 51.0% (31.3) // 50.0% (32.5)",
        "scoring": "57.4% (31.2) // 56.1% (30.3) // 59.5% (33.1) // 59.3% (35.0)",
        "corsiAgainst": "40.0% (47.4) // 42.8% (48.9) // 42.6% (50.2) // 41.3% (48.5)",
        "fenwickAgainst": "41.6% (35.6) // 44.7% (37.0) // 44.9% (37.7) // 45.4% (39.0)",
        "shotsAgainst": "43.5% (25.6) // 47.8% (27.8) // 49.0% (30.1) // 50.0% (32.5)",
        "scoringAgainst": "42.6% (23.1) // 43.9% (23.7) // 40.5% (22.5) // 40.7% (24.0)",
        "oppCorsi": "47.0% (56.6) // 49.3% (59.0) // 47.7% (52.6) // 52.6% (61.0)",
        "oppFenwick": "47.2% (41.0) // 50.5% (44.0) // 48.9% (36.8) // 51.4% (38.0)",
        "oppShots": "46.5% (28.6) // 48.9% (30.5) // 50.6% (25.5) // 57.1% (28.0)",
        "oppScoring": "46.6% (28.4) // 48.2% (28.6) // 42.7% (22.6) // 49.1% (28.0)",
        "oppCorsiAgainst": "53.0% (63.8) // 50.7% (60.7) // 52.3% (57.7) // 47.4% (55.0)",
        "oppFenwickAgainst": "52.8% (45.9) // 49.5% (43.2) // 51.1% (38.4) // 48.6% (36.0)",
        "oppShotsAgainst": "53.5% (32.8) // 51.1% (31.9) // 49.4% (24.8) // 42.9% (21.0)",
        "oppScoringAgainst": "53.4% (32.5) // 51.8% (30.7) // 57.3% (30.3) // 50.9% (29.0)",
        "totalOver": 50,
        "totalOverLast5": 40,
        "totalOverLast15": 53,
        "lastTotalOver": 38,
        "last5": "1,2,0,0,0,0,2,0,1,1",
        "fd": "+132",
        "dk": "+135/-175",
        "implied": 43.103448275862064,
        "overOdds": "+135",
        "underOdds": "-175",
        "overUnder": "+135 / -175"
    },
    {
        "player": "Andrei Svechnikov",
        "team": "CAR",
        "opponent": "MTL",
        "propType": "pts",
        "line": 0.5,
        "ppLine": "PP1",
        "avg": 0.8,
        "hit": false,
        "diffAvg": 0.6,
        "diffAbs": 0.6,
        "lastAvg": 0.85,
        "diff": 0.7,
        "avgMin": 16,
        "proj": 0.8,
        "lastAvgMin": 18.03,
        "oppOver": 0,
        "teamOver": 0,
        "gameLine": "-265",
        "+/-": -1,
        "L5_+/-": -1.0,
        "prevMatchup": "",
        "winLossSplits": "82% - 22%",
        "awayHome": "H",
        "playedYesterday": "Y",
        "awayHomeSplits": "44% - 64%",
        "savesAboveExp": "-",
        "gsaa": -0.17,
        "corsi": "60.0% (71.2) // 57.2% (65.4) // 57.4% (67.6) // 58.7% (69.0)",
        "fenwick": "58.4% (49.9) // 55.3% (45.8) // 55.1% (46.3) // 54.6% (47.0)",
        "shots": "56.5% (33.2) // 52.2% (30.4) // 51.0% (31.3) // 50.0% (32.5)",
        "scoring": "57.4% (31.2) // 56.1% (30.3) // 59.5% (33.1) // 59.3% (35.0)",
        "corsiAgainst": "40.0% (47.4) // 42.8% (48.9) // 42.6% (50.2) // 41.3% (48.5)",
        "fenwickAgainst": "41.6% (35.6) // 44.7% (37.0) // 44.9% (37.7) // 45.4% (39.0)",
        "shotsAgainst": "43.5% (25.6) // 47.8% (27.8) // 49.0% (30.1) // 50.0% (32.5)",
        "scoringAgainst": "42.6% (23.1) // 43.9% (23.7) // 40.5% (22.5) // 40.7% (24.0)",
        "oppCorsi": "47.0% (56.6) // 49.3% (59.0) // 47.7% (52.6) // 52.6% (61.0)",
        "oppFenwick": "47.2% (41.0) // 50.5% (44.0) // 48.9% (36.8) // 51.4% (38.0)",
        "oppShots": "46.5% (28.6) // 48.9% (30.5) // 50.6% (25.5) // 57.1% (28.0)",
        "oppScoring": "46.6% (28.4) // 48.2% (28.6) // 42.7% (22.6) // 49.1% (28.0)",
        "oppCorsiAgainst": "53.0% (63.8) // 50.7% (60.7) // 52.3% (57.7) // 47.4% (55.0)",
        "oppFenwickAgainst": "52.8% (45.9) // 49.5% (43.2) // 51.1% (38.4) // 48.6% (36.0)",
        "oppShotsAgainst": "53.5% (32.8) // 51.1% (31.9) // 49.4% (24.8) // 42.9% (21.0)",
        "oppScoringAgainst": "53.4% (32.5) // 51.8% (30.7) // 57.3% (30.3) // 50.9% (29.0)",
        "totalOver": 55,
        "totalOverLast5": 60,
        "totalOverLast15": 60,
        "lastTotalOver": 58,
        "last5": "2,2,0,1,0,0,2,0,2,1",
        "fd": "-162",
        "dk": "-160/+124",
        "implied": 61.832061068702295,
        "overOdds": "-160",
        "underOdds": "+124",
        "overUnder": "-160 / +124"
    },
    {
        "player": "Andrei Svechnikov",
        "team": "CAR",
        "opponent": "MTL",
        "propType": "sog",
        "line": 2.5,
        "ppLine": "PP1",
        "avg": 2.6,
        "hit": false,
        "diffAvg": 0.04,
        "diffAbs": 0.12,
        "lastAvg": 3.15,
        "diff": 0.26,
        "avgMin": 16,
        "proj": 2.8,
        "lastAvgMin": 18.03,
        "oppOver": 0,
        "teamOver": 0,
        "gameLine": "-265",
        "+/-": -1,
        "L5_+/-": -1.0,
        "prevMatchup": "",
        "winLossSplits": "27% - 67%",
        "awayHome": "H",
        "playedYesterday": "Y",
        "awayHomeSplits": "33% - 55%",
        "savesAboveExp": "-",
        "gsaa": -0.17,
        "corsi": "60.0% (71.2) // 57.2% (65.4) // 57.4% (67.6) // 58.7% (69.0)",
        "fenwick": "58.4% (49.9) // 55.3% (45.8) // 55.1% (46.3) // 54.6% (47.0)",
        "shots": "56.5% (33.2) // 52.2% (30.4) // 51.0% (31.3) // 50.0% (32.5)",
        "scoring": "57.4% (31.2) // 56.1% (30.3) // 59.5% (33.1) // 59.3% (35.0)",
        "corsiAgainst": "40.0% (47.4) // 42.8% (48.9) // 42.6% (50.2) // 41.3% (48.5)",
        "fenwickAgainst": "41.6% (35.6) // 44.7% (37.0) // 44.9% (37.7) // 45.4% (39.0)",
        "shotsAgainst": "43.5% (25.6) // 47.8% (27.8) // 49.0% (30.1) // 50.0% (32.5)",
        "scoringAgainst": "42.6% (23.1) // 43.9% (23.7) // 40.5% (22.5) // 40.7% (24.0)",
        "oppCorsi": "47.0% (56.6) // 49.3% (59.0) // 47.7% (52.6) // 52.6% (61.0)",
        "oppFenwick": "47.2% (41.0) // 50.5% (44.0) // 48.9% (36.8) // 51.4% (38.0)",
        "oppShots": "46.5% (28.6) // 48.9% (30.5) // 50.6% (25.5) // 57.1% (28.0)",
        "oppScoring": "46.6% (28.4) // 48.2% (28.6) // 42.7% (22.6) // 49.1% (28.0)",
        "oppCorsiAgainst": "53.0% (63.8) // 50.7% (60.7) // 52.3% (57.7) // 47.4% (55.0)",
        "oppFenwickAgainst": "52.8% (45.9) // 49.5% (43.2) // 51.1% (38.4) // 48.6% (36.0)",
        "oppShotsAgainst": "53.5% (32.8) // 51.1% (31.9) // 49.4% (24.8) // 42.9% (21.0)",
        "oppScoringAgainst": "53.4% (32.5) // 51.8% (30.7) // 57.3% (30.3) // 50.9% (29.0)",
        "totalOver": 45,
        "totalOverLast5": 60,
        "totalOverLast15": 47,
        "lastTotalOver": 56,
        "last5": "2,4,0,4,3,5,1,4,6,1",
        "fd": "-165/+126",
        "dk": "-145/+114",
        "implied": 62.264150943396224,
        "overOdds": "-145",
        "underOdds": "+114",
        "overUnder": "-145 / +114"
    },
    {
        "player": "Andrei Svechnikov",
        "team": "CAR",
        "opponent": "MTL",
        "propType": "atgs",
        "line": 0.5,
        "ppLine": "PP1",
        "avg": 0.0,
        "hit": false,
        "diffAvg": 0,
        "diffAbs": 1.0,
        "lastAvg": 0.0,
        "diff": 0,
        "avgMin": 16,
        "proj": 0.0,
        "lastAvgMin": 18.03,
        "oppOver": 0,
        "teamOver": 0,
        "gameLine": "-265",
        "+/-": -1,
        "L5_+/-": -1.0,
        "prevMatchup": "",
        "winLossSplits": "0% - 0%",
        "awayHome": "H",
        "playedYesterday": "Y",
        "awayHomeSplits": "0% - 0%",
        "savesAboveExp": "-",
        "gsaa": -0.17,
        "corsi": "60.0% (71.2) // 57.2% (65.4) // 57.4% (67.6) // 58.7% (69.0)",
        "fenwick": "58.4% (49.9) // 55.3% (45.8) // 55.1% (46.3) // 54.6% (47.0)",
        "shots": "56.5% (33.2) // 52.2% (30.4) // 51.0% (31.3) // 50.0% (32.5)",
        "scoring": "57.4% (31.2) // 56.1% (30.3) // 59.5% (33.1) // 59.3% (35.0)",
        "corsiAgainst": "40.0% (47.4) // 42.8% (48.9) // 42.6% (50.2) // 41.3% (48.5)",
        "fenwickAgainst": "41.6% (35.6) // 44.7% (37.0) // 44.9% (37.7) // 45.4% (39.0)",
        "shotsAgainst": "43.5% (25.6) // 47.8% (27.8) // 49.0% (30.1) // 50.0% (32.5)",
        "scoringAgainst": "42.6% (23.1) // 43.9% (23.7) // 40.5% (22.5) // 40.7% (24.0)",
        "oppCorsi": "47.0% (56.6) // 49.3% (59.0) // 47.7% (52.6) // 52.6% (61.0)",
        "oppFenwick": "47.2% (41.0) // 50.5% (44.0) // 48.9% (36.8) // 51.4% (38.0)",
        "oppShots": "46.5% (28.6) // 48.9% (30.5) // 50.6% (25.5) // 57.1% (28.0)",
        "oppScoring": "46.6% (28.4) // 48.2% (28.6) // 42.7% (22.6) // 49.1% (28.0)",
        "oppCorsiAgainst": "53.0% (63.8) // 50.7% (60.7) // 52.3% (57.7) // 47.4% (55.0)",
        "oppFenwickAgainst": "52.8% (45.9) // 49.5% (43.2) // 51.1% (38.4) // 48.6% (36.0)",
        "oppShotsAgainst": "53.5% (32.8) // 51.1% (31.9) // 49.4% (24.8) // 42.9% (21.0)",
        "oppScoringAgainst": "53.4% (32.5) // 51.8% (30.7) // 57.3% (30.3) // 50.9% (29.0)",
        "totalOver": 0,
        "totalOverLast5": 0,
        "totalOverLast15": 0,
        "lastTotalOver": 0,
        "last5": "0,0,0,0,0,0,0,0,0,0",
        "fd": "0",
        "dk": "+180",
        "implied": 35.714285714285715,
        "overOdds": "+180",
        "underOdds": "0",
        "overUnder": "+180 / 0"
    },
    {
        "player": "Brady Skjei",
        "team": "CAR",
        "opponent": "MTL",
        "propType": "ast",
        "line": 0.5,
        "ppLine": "PP2",
        "avg": 0.43,
        "hit": false,
        "diffAvg": -0.14,
        "diffAbs": 0.6,
        "lastAvg": 0.21,
        "diff": -0.58,
        "avgMin": 21,
        "proj": 0.2,
        "lastAvgMin": 21.8,
        "oppOver": 0,
        "teamOver": 0,
        "gameLine": "-265",
        "+/-": "+4",
        "L5_+/-": "+1.0",
        "prevMatchup": "",
        "winLossSplits": "56% - 18%",
        "awayHome": "H",
        "playedYesterday": "Y",
        "awayHomeSplits": "35% - 40%",
        "savesAboveExp": "-",
        "gsaa": -0.17,
        "corsi": "60.0% (71.2) // 57.2% (65.4) // 57.4% (67.6) // 58.7% (69.0)",
        "fenwick": "58.4% (49.9) // 55.3% (45.8) // 55.1% (46.3) // 54.6% (47.0)",
        "shots": "56.5% (33.2) // 52.2% (30.4) // 51.0% (31.3) // 50.0% (32.5)",
        "scoring": "57.4% (31.2) // 56.1% (30.3) // 59.5% (33.1) // 59.3% (35.0)",
        "corsiAgainst": "40.0% (47.4) // 42.8% (48.9) // 42.6% (50.2) // 41.3% (48.5)",
        "fenwickAgainst": "41.6% (35.6) // 44.7% (37.0) // 44.9% (37.7) // 45.4% (39.0)",
        "shotsAgainst": "43.5% (25.6) // 47.8% (27.8) // 49.0% (30.1) // 50.0% (32.5)",
        "scoringAgainst": "42.6% (23.1) // 43.9% (23.7) // 40.5% (22.5) // 40.7% (24.0)",
        "oppCorsi": "47.0% (56.6) // 49.3% (59.0) // 47.7% (52.6) // 52.6% (61.0)",
        "oppFenwick": "47.2% (41.0) // 50.5% (44.0) // 48.9% (36.8) // 51.4% (38.0)",
        "oppShots": "46.5% (28.6) // 48.9% (30.5) // 50.6% (25.5) // 57.1% (28.0)",
        "oppScoring": "46.6% (28.4) // 48.2% (28.6) // 42.7% (22.6) // 49.1% (28.0)",
        "oppCorsiAgainst": "53.0% (63.8) // 50.7% (60.7) // 52.3% (57.7) // 47.4% (55.0)",
        "oppFenwickAgainst": "52.8% (45.9) // 49.5% (43.2) // 51.1% (38.4) // 48.6% (36.0)",
        "oppShotsAgainst": "53.5% (32.8) // 51.1% (31.9) // 49.4% (24.8) // 42.9% (21.0)",
        "oppScoringAgainst": "53.4% (32.5) // 51.8% (30.7) // 57.3% (30.3) // 50.9% (29.0)",
        "totalOver": 37,
        "totalOverLast5": 40,
        "totalOverLast15": 20,
        "lastTotalOver": 23,
        "last5": "0,1,0,1,0,0,0,2,0,0",
        "fd": "0",
        "dk": "+175/-230",
        "implied": 36.36363636363637,
        "overOdds": "+175",
        "underOdds": "-230",
        "overUnder": "+175 / -230"
    },
    {
        "player": "Brady Skjei",
        "team": "CAR",
        "opponent": "MTL",
        "propType": "pts",
        "line": 0.5,
        "ppLine": "PP2",
        "avg": 0.6,
        "hit": false,
        "diffAvg": 0.2,
        "diffAbs": 0.2,
        "lastAvg": 0.4,
        "diff": -0.2,
        "avgMin": 21,
        "proj": 0.4,
        "lastAvgMin": 21.8,
        "oppOver": 0,
        "teamOver": 0,
        "gameLine": "-265",
        "+/-": "+4",
        "L5_+/-": "+1.0",
        "prevMatchup": "",
        "winLossSplits": "67% - 24%",
        "awayHome": "H",
        "playedYesterday": "Y",
        "awayHomeSplits": "40% - 53%",
        "savesAboveExp": "-",
        "gsaa": -0.17,
        "corsi": "60.0% (71.2) // 57.2% (65.4) // 57.4% (67.6) // 58.7% (69.0)",
        "fenwick": "58.4% (49.9) // 55.3% (45.8) // 55.1% (46.3) // 54.6% (47.0)",
        "shots": "56.5% (33.2) // 52.2% (30.4) // 51.0% (31.3) // 50.0% (32.5)",
        "scoring": "57.4% (31.2) // 56.1% (30.3) // 59.5% (33.1) // 59.3% (35.0)",
        "corsiAgainst": "40.0% (47.4) // 42.8% (48.9) // 42.6% (50.2) // 41.3% (48.5)",
        "fenwickAgainst": "41.6% (35.6) // 44.7% (37.0) // 44.9% (37.7) // 45.4% (39.0)",
        "shotsAgainst": "43.5% (25.6) // 47.8% (27.8) // 49.0% (30.1) // 50.0% (32.5)",
        "scoringAgainst": "42.6% (23.1) // 43.9% (23.7) // 40.5% (22.5) // 40.7% (24.0)",
        "oppCorsi": "47.0% (56.6) // 49.3% (59.0) // 47.7% (52.6) // 52.6% (61.0)",
        "oppFenwick": "47.2% (41.0) // 50.5% (44.0) // 48.9% (36.8) // 51.4% (38.0)",
        "oppShots": "46.5% (28.6) // 48.9% (30.5) // 50.6% (25.5) // 57.1% (28.0)",
        "oppScoring": "46.6% (28.4) // 48.2% (28.6) // 42.7% (22.6) // 49.1% (28.0)",
        "oppCorsiAgainst": "53.0% (63.8) // 50.7% (60.7) // 52.3% (57.7) // 47.4% (55.0)",
        "oppFenwickAgainst": "52.8% (45.9) // 49.5% (43.2) // 51.1% (38.4) // 48.6% (36.0)",
        "oppShotsAgainst": "53.5% (32.8) // 51.1% (31.9) // 49.4% (24.8) // 42.9% (21.0)",
        "oppScoringAgainst": "53.4% (32.5) // 51.8% (30.7) // 57.3% (30.3) // 50.9% (29.0)",
        "totalOver": 46,
        "totalOverLast5": 40,
        "totalOverLast15": 33,
        "lastTotalOver": 37,
        "last5": "0,1,0,2,0,0,0,2,1,0",
        "fd": "0",
        "dk": "+120/-150",
        "implied": 45.45454545454545,
        "overOdds": "+120",
        "underOdds": "-150",
        "overUnder": "+120 / -150"
    },
    {
        "player": "Brady Skjei",
        "team": "CAR",
        "opponent": "MTL",
        "propType": "sog",
        "line": 2.5,
        "ppLine": "PP2",
        "avg": 2.11,
        "hit": false,
        "diffAvg": -0.16,
        "diffAbs": 0.24,
        "lastAvg": 1.96,
        "diff": -0.22,
        "avgMin": 21,
        "proj": 1.9,
        "lastAvgMin": 21.8,
        "oppOver": 0,
        "teamOver": 0,
        "gameLine": "-265",
        "+/-": "+4",
        "L5_+/-": "+1.0",
        "prevMatchup": "",
        "winLossSplits": "61% - 29%",
        "awayHome": "H",
        "playedYesterday": "Y",
        "awayHomeSplits": "40% - 53%",
        "savesAboveExp": "-",
        "gsaa": -0.17,
        "corsi": "60.0% (71.2) // 57.2% (65.4) // 57.4% (67.6) // 58.7% (69.0)",
        "fenwick": "58.4% (49.9) // 55.3% (45.8) // 55.1% (46.3) // 54.6% (47.0)",
        "shots": "56.5% (33.2) // 52.2% (30.4) // 51.0% (31.3) // 50.0% (32.5)",
        "scoring": "57.4% (31.2) // 56.1% (30.3) // 59.5% (33.1) // 59.3% (35.0)",
        "corsiAgainst": "40.0% (47.4) // 42.8% (48.9) // 42.6% (50.2) // 41.3% (48.5)",
        "fenwickAgainst": "41.6% (35.6) // 44.7% (37.0) // 44.9% (37.7) // 45.4% (39.0)",
        "shotsAgainst": "43.5% (25.6) // 47.8% (27.8) // 49.0% (30.1) // 50.0% (32.5)",
        "scoringAgainst": "42.6% (23.1) // 43.9% (23.7) // 40.5% (22.5) // 40.7% (24.0)",
        "oppCorsi": "47.0% (56.6) // 49.3% (59.0) // 47.7% (52.6) // 52.6% (61.0)",
        "oppFenwick": "47.2% (41.0) // 50.5% (44.0) // 48.9% (36.8) // 51.4% (38.0)",
        "oppShots": "46.5% (28.6) // 48.9% (30.5) // 50.6% (25.5) // 57.1% (28.0)",
        "oppScoring": "46.6% (28.4) // 48.2% (28.6) // 42.7% (22.6) // 49.1% (28.0)",
        "oppCorsiAgainst": "53.0% (63.8) // 50.7% (60.7) // 52.3% (57.7) // 47.4% (55.0)",
        "oppFenwickAgainst": "52.8% (45.9) // 49.5% (43.2) // 51.1% (38.4) // 48.6% (36.0)",
        "oppShotsAgainst": "53.5% (32.8) // 51.1% (31.9) // 49.4% (24.8) // 42.9% (21.0)",
        "oppScoringAgainst": "53.4% (32.5) // 51.8% (30.7) // 57.3% (30.3) // 50.9% (29.0)",
        "totalOver": 46,
        "totalOverLast5": 40,
        "totalOverLast15": 53,
        "lastTotalOver": 44,
        "last5": "1,4,1,3,1,2,3,4,4,1",
        "fd": "0",
        "dk": "+135/-175",
        "implied": 42.5531914893617,
        "overOdds": "+135",
        "underOdds": "-175",
        "overUnder": "+135 / -175"
    },
    {
        "player": "Brady Skjei",
        "team": "CAR",
        "opponent": "MTL",
        "propType": "atgs",
        "line": 0.5,
        "ppLine": "PP2",
        "avg": 0.0,
        "hit": false,
        "diffAvg": 0,
        "diffAbs": 1.0,
        "lastAvg": 0.0,
        "diff": 0,
        "avgMin": 21,
        "proj": 0.0,
        "lastAvgMin": 21.8,
        "oppOver": 0,
        "teamOver": 0,
        "gameLine": "-265",
        "+/-": "+4",
        "L5_+/-": "+1.0",
        "prevMatchup": "",
        "winLossSplits": "0% - 0%",
        "awayHome": "H",
        "playedYesterday": "Y",
        "awayHomeSplits": "0% - 0%",
        "savesAboveExp": "-",
        "gsaa": -0.17,
        "corsi": "60.0% (71.2) // 57.2% (65.4) // 57.4% (67.6) // 58.7% (69.0)",
        "fenwick": "58.4% (49.9) // 55.3% (45.8) // 55.1% (46.3) // 54.6% (47.0)",
        "shots": "56.5% (33.2) // 52.2% (30.4) // 51.0% (31.3) // 50.0% (32.5)",
        "scoring": "57.4% (31.2) // 56.1% (30.3) // 59.5% (33.1) // 59.3% (35.0)",
        "corsiAgainst": "40.0% (47.4) // 42.8% (48.9) // 42.6% (50.2) // 41.3% (48.5)",
        "fenwickAgainst": "41.6% (35.6) // 44.7% (37.0) // 44.9% (37.7) // 45.4% (39.0)",
        "shotsAgainst": "43.5% (25.6) // 47.8% (27.8) // 49.0% (30.1) // 50.0% (32.5)",
        "scoringAgainst": "42.6% (23.1) // 43.9% (23.7) // 40.5% (22.5) // 40.7% (24.0)",
        "oppCorsi": "47.0% (56.6) // 49.3% (59.0) // 47.7% (52.6) // 52.6% (61.0)",
        "oppFenwick": "47.2% (41.0) // 50.5% (44.0) // 48.9% (36.8) // 51.4% (38.0)",
        "oppShots": "46.5% (28.6) // 48.9% (30.5) // 50.6% (25.5) // 57.1% (28.0)",
        "oppScoring": "46.6% (28.4) // 48.2% (28.6) // 42.7% (22.6) // 49.1% (28.0)",
        "oppCorsiAgainst": "53.0% (63.8) // 50.7% (60.7) // 52.3% (57.7) // 47.4% (55.0)",
        "oppFenwickAgainst": "52.8% (45.9) // 49.5% (43.2) // 51.1% (38.4) // 48.6% (36.0)",
        "oppShotsAgainst": "53.5% (32.8) // 51.1% (31.9) // 49.4% (24.8) // 42.9% (21.0)",
        "oppScoringAgainst": "53.4% (32.5) // 51.8% (30.7) // 57.3% (30.3) // 50.9% (29.0)",
        "totalOver": 0,
        "totalOverLast5": 0,
        "totalOverLast15": 0,
        "lastTotalOver": 0,
        "last5": "0,0,0,0,0,0,0,0,0,0",
        "fd": "0",
        "dk": "+500",
        "implied": 16.666666666666664,
        "overOdds": "+500",
        "underOdds": "0",
        "overUnder": "+500 / 0"
    },
    {
        "player": "Brent Burns",
        "team": "CAR",
        "opponent": "MTL",
        "propType": "ast",
        "line": 0.5,
        "ppLine": "PP1",
        "avg": 0.29,
        "hit": false,
        "diffAvg": -0.42,
        "diffAbs": 0.2,
        "lastAvg": 0.44,
        "diff": -0.12,
        "avgMin": 21,
        "proj": 0.4,
        "lastAvgMin": 23.2,
        "oppOver": 0,
        "teamOver": 0,
        "gameLine": "-265",
        "+/-": "+7",
        "L5_+/-": 0.0,
        "prevMatchup": "",
        "winLossSplits": "33% - 18%",
        "awayHome": "H",
        "playedYesterday": "Y",
        "awayHomeSplits": "25% - 27%",
        "savesAboveExp": "-",
        "gsaa": -0.17,
        "corsi": "60.0% (71.2) // 57.2% (65.4) // 57.4% (67.6) // 58.7% (69.0)",
        "fenwick": "58.4% (49.9) // 55.3% (45.8) // 55.1% (46.3) // 54.6% (47.0)",
        "shots": "56.5% (33.2) // 52.2% (30.4) // 51.0% (31.3) // 50.0% (32.5)",
        "scoring": "57.4% (31.2) // 56.1% (30.3) // 59.5% (33.1) // 59.3% (35.0)",
        "corsiAgainst": "40.0% (47.4) // 42.8% (48.9) // 42.6% (50.2) // 41.3% (48.5)",
        "fenwickAgainst": "41.6% (35.6) // 44.7% (37.0) // 44.9% (37.7) // 45.4% (39.0)",
        "shotsAgainst": "43.5% (25.6) // 47.8% (27.8) // 49.0% (30.1) // 50.0% (32.5)",
        "scoringAgainst": "42.6% (23.1) // 43.9% (23.7) // 40.5% (22.5) // 40.7% (24.0)",
        "oppCorsi": "47.0% (56.6) // 49.3% (59.0) // 47.7% (52.6) // 52.6% (61.0)",
        "oppFenwick": "47.2% (41.0) // 50.5% (44.0) // 48.9% (36.8) // 51.4% (38.0)",
        "oppShots": "46.5% (28.6) // 48.9% (30.5) // 50.6% (25.5) // 57.1% (28.0)",
        "oppScoring": "46.6% (28.4) // 48.2% (28.6) // 42.7% (22.6) // 49.1% (28.0)",
        "oppCorsiAgainst": "53.0% (63.8) // 50.7% (60.7) // 52.3% (57.7) // 47.4% (55.0)",
        "oppFenwickAgainst": "52.8% (45.9) // 49.5% (43.2) // 51.1% (38.4) // 48.6% (36.0)",
        "oppShotsAgainst": "53.5% (32.8) // 51.1% (31.9) // 49.4% (24.8) // 42.9% (21.0)",
        "oppScoringAgainst": "53.4% (32.5) // 51.8% (30.7) // 57.3% (30.3) // 50.9% (29.0)",
        "totalOver": 26,
        "totalOverLast5": 40,
        "totalOverLast15": 33,
        "lastTotalOver": 39,
        "last5": "1,0,0,1,0,0,0,0,1,0",
        "fd": "+172",
        "dk": "+180/-238",
        "implied": 36.76470588235294,
        "overOdds": "+180",
        "underOdds": "-238",
        "overUnder": "+180 / -238"
    },
    {
        "player": "Brent Burns",
        "team": "CAR",
        "opponent": "MTL",
        "propType": "pts",
        "line": 0.5,
        "ppLine": "PP1",
        "avg": 0.46,
        "hit": false,
        "diffAvg": -0.08,
        "diffAbs": 0.2,
        "lastAvg": 0.63,
        "diff": 0.26,
        "avgMin": 21,
        "proj": 0.6,
        "lastAvgMin": 23.2,
        "oppOver": 0,
        "teamOver": 0,
        "gameLine": "-265",
        "+/-": "+7",
        "L5_+/-": 0.0,
        "prevMatchup": "",
        "winLossSplits": "44% - 24%",
        "awayHome": "H",
        "playedYesterday": "Y",
        "awayHomeSplits": "35% - 33%",
        "savesAboveExp": "-",
        "gsaa": -0.17,
        "corsi": "60.0% (71.2) // 57.2% (65.4) // 57.4% (67.6) // 58.7% (69.0)",
        "fenwick": "58.4% (49.9) // 55.3% (45.8) // 55.1% (46.3) // 54.6% (47.0)",
        "shots": "56.5% (33.2) // 52.2% (30.4) // 51.0% (31.3) // 50.0% (32.5)",
        "scoring": "57.4% (31.2) // 56.1% (30.3) // 59.5% (33.1) // 59.3% (35.0)",
        "corsiAgainst": "40.0% (47.4) // 42.8% (48.9) // 42.6% (50.2) // 41.3% (48.5)",
        "fenwickAgainst": "41.6% (35.6) // 44.7% (37.0) // 44.9% (37.7) // 45.4% (39.0)",
        "shotsAgainst": "43.5% (25.6) // 47.8% (27.8) // 49.0% (30.1) // 50.0% (32.5)",
        "scoringAgainst": "42.6% (23.1) // 43.9% (23.7) // 40.5% (22.5) // 40.7% (24.0)",
        "oppCorsi": "47.0% (56.6) // 49.3% (59.0) // 47.7% (52.6) // 52.6% (61.0)",
        "oppFenwick": "47.2% (41.0) // 50.5% (44.0) // 48.9% (36.8) // 51.4% (38.0)",
        "oppShots": "46.5% (28.6) // 48.9% (30.5) // 50.6% (25.5) // 57.1% (28.0)",
        "oppScoring": "46.6% (28.4) // 48.2% (28.6) // 42.7% (22.6) // 49.1% (28.0)",
        "oppCorsiAgainst": "53.0% (63.8) // 50.7% (60.7) // 52.3% (57.7) // 47.4% (55.0)",
        "oppFenwickAgainst": "52.8% (45.9) // 49.5% (43.2) // 51.1% (38.4) // 48.6% (36.0)",
        "oppShotsAgainst": "53.5% (32.8) // 51.1% (31.9) // 49.4% (24.8) // 42.9% (21.0)",
        "oppScoringAgainst": "53.4% (32.5) // 51.8% (30.7) // 57.3% (30.3) // 50.9% (29.0)",
        "totalOver": 34,
        "totalOverLast5": 40,
        "totalOverLast15": 33,
        "lastTotalOver": 52,
        "last5": "2,0,0,1,0,0,0,0,1,0",
        "fd": "+108",
        "dk": "+120/-150",
        "implied": 48.07692307692308,
        "overOdds": "+120",
        "underOdds": "-150",
        "overUnder": "+120 / -150"
    },
    {
        "player": "Brent Burns",
        "team": "CAR",
        "opponent": "MTL",
        "propType": "sog",
        "line": 2.5,
        "ppLine": "PP1",
        "avg": 2.34,
        "hit": false,
        "diffAvg": -0.06,
        "diffAbs": 0.04,
        "lastAvg": 2.63,
        "diff": 0.05,
        "avgMin": 21,
        "proj": 2.4,
        "lastAvgMin": 23.2,
        "oppOver": 0,
        "teamOver": 0,
        "gameLine": "-265",
        "+/-": "+7",
        "L5_+/-": 0.0,
        "prevMatchup": "",
        "winLossSplits": "50% - 35%",
        "awayHome": "H",
        "playedYesterday": "Y",
        "awayHomeSplits": "45% - 40%",
        "savesAboveExp": "-",
        "gsaa": -0.17,
        "corsi": "60.0% (71.2) // 57.2% (65.4) // 57.4% (67.6) // 58.7% (69.0)",
        "fenwick": "58.4% (49.9) // 55.3% (45.8) // 55.1% (46.3) // 54.6% (47.0)",
        "shots": "56.5% (33.2) // 52.2% (30.4) // 51.0% (31.3) // 50.0% (32.5)",
        "scoring": "57.4% (31.2) // 56.1% (30.3) // 59.5% (33.1) // 59.3% (35.0)",
        "corsiAgainst": "40.0% (47.4) // 42.8% (48.9) // 42.6% (50.2) // 41.3% (48.5)",
        "fenwickAgainst": "41.6% (35.6) // 44.7% (37.0) // 44.9% (37.7) // 45.4% (39.0)",
        "shotsAgainst": "43.5% (25.6) // 47.8% (27.8) // 49.0% (30.1) // 50.0% (32.5)",
        "scoringAgainst": "42.6% (23.1) // 43.9% (23.7) // 40.5% (22.5) // 40.7% (24.0)",
        "oppCorsi": "47.0% (56.6) // 49.3% (59.0) // 47.7% (52.6) // 52.6% (61.0)",
        "oppFenwick": "47.2% (41.0) // 50.5% (44.0) // 48.9% (36.8) // 51.4% (38.0)",
        "oppShots": "46.5% (28.6) // 48.9% (30.5) // 50.6% (25.5) // 57.1% (28.0)",
        "oppScoring": "46.6% (28.4) // 48.2% (28.6) // 42.7% (22.6) // 49.1% (28.0)",
        "oppCorsiAgainst": "53.0% (63.8) // 50.7% (60.7) // 52.3% (57.7) // 47.4% (55.0)",
        "oppFenwickAgainst": "52.8% (45.9) // 49.5% (43.2) // 51.1% (38.4) // 48.6% (36.0)",
        "oppShotsAgainst": "53.5% (32.8) // 51.1% (31.9) // 49.4% (24.8) // 42.9% (21.0)",
        "oppScoringAgainst": "53.4% (32.5) // 51.8% (30.7) // 57.3% (30.3) // 50.9% (29.0)",
        "totalOver": 43,
        "totalOverLast5": 60,
        "totalOverLast15": 33,
        "lastTotalOver": 57,
        "last5": "5,4,3,0,1,0,4,2,1,0",
        "fd": "-113/-115",
        "dk": "-120/-110",
        "implied": 54.54545454545454,
        "overOdds": "-120",
        "underOdds": "-110",
        "overUnder": "-120 / -110"
    },
    {
        "player": "Brent Burns",
        "team": "CAR",
        "opponent": "MTL",
        "propType": "atgs",
        "line": 0.5,
        "ppLine": "PP1",
        "avg": 0.0,
        "hit": false,
        "diffAvg": 0,
        "diffAbs": 1.0,
        "lastAvg": 0.0,
        "diff": 0,
        "avgMin": 21,
        "proj": 0.0,
        "lastAvgMin": 23.2,
        "oppOver": 0,
        "teamOver": 0,
        "gameLine": "-265",
        "+/-": "+7",
        "L5_+/-": 0.0,
        "prevMatchup": "",
        "winLossSplits": "0% - 0%",
        "awayHome": "H",
        "playedYesterday": "Y",
        "awayHomeSplits": "0% - 0%",
        "savesAboveExp": "-",
        "gsaa": -0.17,
        "corsi": "60.0% (71.2) // 57.2% (65.4) // 57.4% (67.6) // 58.7% (69.0)",
        "fenwick": "58.4% (49.9) // 55.3% (45.8) // 55.1% (46.3) // 54.6% (47.0)",
        "shots": "56.5% (33.2) // 52.2% (30.4) // 51.0% (31.3) // 50.0% (32.5)",
        "scoring": "57.4% (31.2) // 56.1% (30.3) // 59.5% (33.1) // 59.3% (35.0)",
        "corsiAgainst": "40.0% (47.4) // 42.8% (48.9) // 42.6% (50.2) // 41.3% (48.5)",
        "fenwickAgainst": "41.6% (35.6) // 44.7% (37.0) // 44.9% (37.7) // 45.4% (39.0)",
        "shotsAgainst": "43.5% (25.6) // 47.8% (27.8) // 49.0% (30.1) // 50.0% (32.5)",
        "scoringAgainst": "42.6% (23.1) // 43.9% (23.7) // 40.5% (22.5) // 40.7% (24.0)",
        "oppCorsi": "47.0% (56.6) // 49.3% (59.0) // 47.7% (52.6) // 52.6% (61.0)",
        "oppFenwick": "47.2% (41.0) // 50.5% (44.0) // 48.9% (36.8) // 51.4% (38.0)",
        "oppShots": "46.5% (28.6) // 48.9% (30.5) // 50.6% (25.5) // 57.1% (28.0)",
        "oppScoring": "46.6% (28.4) // 48.2% (28.6) // 42.7% (22.6) // 49.1% (28.0)",
        "oppCorsiAgainst": "53.0% (63.8) // 50.7% (60.7) // 52.3% (57.7) // 47.4% (55.0)",
        "oppFenwickAgainst": "52.8% (45.9) // 49.5% (43.2) // 51.1% (38.4) // 48.6% (36.0)",
        "oppShotsAgainst": "53.5% (32.8) // 51.1% (31.9) // 49.4% (24.8) // 42.9% (21.0)",
        "oppScoringAgainst": "53.4% (32.5) // 51.8% (30.7) // 57.3% (30.3) // 50.9% (29.0)",
        "totalOver": 0,
        "totalOverLast5": 0,
        "totalOverLast15": 0,
        "lastTotalOver": 0,
        "last5": "0,0,0,0,0,0,0,0,0,0",
        "fd": "0",
        "dk": "+425",
        "implied": 19.047619047619047,
        "overOdds": "+425",
        "underOdds": "0",
        "overUnder": "+425 / 0"
    },
    {
        "player": "Cole Caufield",
        "team": "MTL",
        "opponent": "CAR",
        "propType": "ast",
        "line": 0.5,
        "ppLine": "PP1",
        "avg": 0.48,
        "hit": false,
        "diffAvg": -0.04,
        "diffAbs": 0.6,
        "lastAvg": 0.22,
        "diff": -0.56,
        "avgMin": 18,
        "proj": 0.2,
        "lastAvgMin": 18.03,
        "oppOver": 0,
        "teamOver": 0,
        "gameLine": "+215",
        "+/-": "+1",
        "L5_+/-": 0.0,
        "prevMatchup": "",
        "winLossSplits": "47% - 44%",
        "awayHome": "A",
        "playedYesterday": "N",
        "awayHomeSplits": "40% - 50%",
        "savesAboveExp": -0.166,
        "gsaa": -14.98,
        "corsi": "47.0% (56.6) // 49.3% (59.0) // 47.7% (52.6) // 52.6% (61.0)",
        "fenwick": "47.2% (41.0) // 50.5% (44.0) // 48.9% (36.8) // 51.4% (38.0)",
        "shots": "46.5% (28.6) // 48.9% (30.5) // 50.6% (25.5) // 57.1% (28.0)",
        "scoring": "46.6% (28.4) // 48.2% (28.6) // 42.7% (22.6) // 49.1% (28.0)",
        "corsiAgainst": "53.0% (63.8) // 50.7% (60.7) // 52.3% (57.7) // 47.4% (55.0)",
        "fenwickAgainst": "52.8% (45.9) // 49.5% (43.2) // 51.1% (38.4) // 48.6% (36.0)",
        "shotsAgainst": "53.5% (32.8) // 51.1% (31.9) // 49.4% (24.8) // 42.9% (21.0)",
        "scoringAgainst": "53.4% (32.5) // 51.8% (30.7) // 57.3% (30.3) // 50.9% (29.0)",
        "oppCorsi": "60.0% (71.2) // 57.2% (65.4) // 57.4% (67.6) // 58.7% (69.0)",
        "oppFenwick": "58.4% (49.9) // 55.3% (45.8) // 55.1% (46.3) // 54.6% (47.0)",
        "oppShots": "56.5% (33.2) // 52.2% (30.4) // 51.0% (31.3) // 50.0% (32.5)",
        "oppScoring": "57.4% (31.2) // 56.1% (30.3) // 59.5% (33.1) // 59.3% (35.0)",
        "oppCorsiAgainst": "40.0% (47.4) // 42.8% (48.9) // 42.6% (50.2) // 41.3% (48.5)",
        "oppFenwickAgainst": "41.6% (35.6) // 44.7% (37.0) // 44.9% (37.7) // 45.4% (39.0)",
        "oppShotsAgainst": "43.5% (25.6) // 47.8% (27.8) // 49.0% (30.1) // 50.0% (32.5)",
        "oppScoringAgainst": "42.6% (23.1) // 43.9% (23.7) // 40.5% (22.5) // 40.7% (24.0)",
        "totalOver": 45,
        "totalOverLast5": 60,
        "totalOverLast15": 40,
        "lastTotalOver": 21,
        "last5": "1,1,1,0,0,0,0,0,1,0",
        "fd": "+144",
        "dk": "+154/-200",
        "implied": 40.98360655737705,
        "overOdds": "+154",
        "underOdds": "-200",
        "overUnder": "+154 / -200"
    },
    {
        "player": "Cole Caufield",
        "team": "MTL",
        "opponent": "CAR",
        "propType": "pts",
        "line": 0.5,
        "ppLine": "PP1",
        "avg": 0.73,
        "hit": false,
        "diffAvg": 0.46,
        "diffAbs": 0.6,
        "lastAvg": 0.78,
        "diff": 0.56,
        "avgMin": 18,
        "proj": 0.8,
        "lastAvgMin": 18.03,
        "oppOver": 0,
        "teamOver": 0,
        "gameLine": "+215",
        "+/-": "+1",
        "L5_+/-": 0.0,
        "prevMatchup": "",
        "winLossSplits": "73% - 50%",
        "awayHome": "A",
        "playedYesterday": "N",
        "awayHomeSplits": "60% - 61%",
        "savesAboveExp": -0.166,
        "gsaa": -14.98,
        "corsi": "47.0% (56.6) // 49.3% (59.0) // 47.7% (52.6) // 52.6% (61.0)",
        "fenwick": "47.2% (41.0) // 50.5% (44.0) // 48.9% (36.8) // 51.4% (38.0)",
        "shots": "46.5% (28.6) // 48.9% (30.5) // 50.6% (25.5) // 57.1% (28.0)",
        "scoring": "46.6% (28.4) // 48.2% (28.6) // 42.7% (22.6) // 49.1% (28.0)",
        "corsiAgainst": "53.0% (63.8) // 50.7% (60.7) // 52.3% (57.7) // 47.4% (55.0)",
        "fenwickAgainst": "52.8% (45.9) // 49.5% (43.2) // 51.1% (38.4) // 48.6% (36.0)",
        "shotsAgainst": "53.5% (32.8) // 51.1% (31.9) // 49.4% (24.8) // 42.9% (21.0)",
        "scoringAgainst": "53.4% (32.5) // 51.8% (30.7) // 57.3% (30.3) // 50.9% (29.0)",
        "oppCorsi": "60.0% (71.2) // 57.2% (65.4) // 57.4% (67.6) // 58.7% (69.0)",
        "oppFenwick": "58.4% (49.9) // 55.3% (45.8) // 55.1% (46.3) // 54.6% (47.0)",
        "oppShots": "56.5% (33.2) // 52.2% (30.4) // 51.0% (31.3) // 50.0% (32.5)",
        "oppScoring": "57.4% (31.2) // 56.1% (30.3) // 59.5% (33.1) // 59.3% (35.0)",
        "oppCorsiAgainst": "40.0% (47.4) // 42.8% (48.9) // 42.6% (50.2) // 41.3% (48.5)",
        "oppFenwickAgainst": "41.6% (35.6) // 44.7% (37.0) // 44.9% (37.7) // 45.4% (39.0)",
        "oppShotsAgainst": "43.5% (25.6) // 47.8% (27.8) // 49.0% (30.1) // 50.0% (32.5)",
        "oppScoringAgainst": "42.6% (23.1) // 43.9% (23.7) // 40.5% (22.5) // 40.7% (24.0)",
        "totalOver": 61,
        "totalOverLast5": 80,
        "totalOverLast15": 53,
        "lastTotalOver": 56,
        "last5": "1,1,1,1,0,0,0,0,1,0",
        "fd": "-146",
        "dk": "-145/+114",
        "implied": 59.34959349593496,
        "overOdds": "-145",
        "underOdds": "+114",
        "overUnder": "-145 / +114"
    },
    {
        "player": "Cole Caufield",
        "team": "MTL",
        "opponent": "CAR",
        "propType": "sog",
        "line": 2.5,
        "ppLine": "PP1",
        "avg": 3.67,
        "hit": false,
        "diffAvg": 0.47,
        "diffAbs": 0.36,
        "lastAvg": 3.43,
        "diff": 0.37,
        "avgMin": 18,
        "proj": 3.4,
        "lastAvgMin": 18.03,
        "oppOver": 0,
        "teamOver": 0,
        "gameLine": "+215",
        "+/-": "+1",
        "L5_+/-": 0.0,
        "prevMatchup": "",
        "winLossSplits": "73% - 56%",
        "awayHome": "A",
        "playedYesterday": "N",
        "awayHomeSplits": "67% - 61%",
        "savesAboveExp": -0.166,
        "gsaa": -14.98,
        "corsi": "47.0% (56.6) // 49.3% (59.0) // 47.7% (52.6) // 52.6% (61.0)",
        "fenwick": "47.2% (41.0) // 50.5% (44.0) // 48.9% (36.8) // 51.4% (38.0)",
        "shots": "46.5% (28.6) // 48.9% (30.5) // 50.6% (25.5) // 57.1% (28.0)",
        "scoring": "46.6% (28.4) // 48.2% (28.6) // 42.7% (22.6) // 49.1% (28.0)",
        "corsiAgainst": "53.0% (63.8) // 50.7% (60.7) // 52.3% (57.7) // 47.4% (55.0)",
        "fenwickAgainst": "52.8% (45.9) // 49.5% (43.2) // 51.1% (38.4) // 48.6% (36.0)",
        "shotsAgainst": "53.5% (32.8) // 51.1% (31.9) // 49.4% (24.8) // 42.9% (21.0)",
        "scoringAgainst": "53.4% (32.5) // 51.8% (30.7) // 57.3% (30.3) // 50.9% (29.0)",
        "oppCorsi": "60.0% (71.2) // 57.2% (65.4) // 57.4% (67.6) // 58.7% (69.0)",
        "oppFenwick": "58.4% (49.9) // 55.3% (45.8) // 55.1% (46.3) // 54.6% (47.0)",
        "oppShots": "56.5% (33.2) // 52.2% (30.4) // 51.0% (31.3) // 50.0% (32.5)",
        "oppScoring": "57.4% (31.2) // 56.1% (30.3) // 59.5% (33.1) // 59.3% (35.0)",
        "oppCorsiAgainst": "40.0% (47.4) // 42.8% (48.9) // 42.6% (50.2) // 41.3% (48.5)",
        "oppFenwickAgainst": "41.6% (35.6) // 44.7% (37.0) // 44.9% (37.7) // 45.4% (39.0)",
        "oppShotsAgainst": "43.5% (25.6) // 47.8% (27.8) // 49.0% (30.1) // 50.0% (32.5)",
        "oppScoringAgainst": "42.6% (23.1) // 43.9% (23.7) // 40.5% (22.5) // 40.7% (24.0)",
        "totalOver": 64,
        "totalOverLast5": 60,
        "totalOverLast15": 60,
        "lastTotalOver": 67,
        "last5": "2,4,0,4,6,2,9,3,3,4",
        "fd": "-198",
        "dk": "-175/+135",
        "implied": 66.44295302013423,
        "overOdds": "-175",
        "underOdds": "+135",
        "overUnder": "-175 / +135"
    },
    {
        "player": "Cole Caufield",
        "team": "MTL",
        "opponent": "CAR",
        "propType": "atgs",
        "line": 0.5,
        "ppLine": "PP1",
        "avg": 0.0,
        "hit": false,
        "diffAvg": 0,
        "diffAbs": 1.0,
        "lastAvg": 0.0,
        "diff": 0,
        "avgMin": 18,
        "proj": 0.0,
        "lastAvgMin": 18.03,
        "oppOver": 0,
        "teamOver": 0,
        "gameLine": "+215",
        "+/-": "+1",
        "L5_+/-": 0.0,
        "prevMatchup": "",
        "winLossSplits": "0% - 0%",
        "awayHome": "A",
        "playedYesterday": "N",
        "awayHomeSplits": "0% - 0%",
        "savesAboveExp": -0.166,
        "gsaa": -14.98,
        "corsi": "47.0% (56.6) // 49.3% (59.0) // 47.7% (52.6) // 52.6% (61.0)",
        "fenwick": "47.2% (41.0) // 50.5% (44.0) // 48.9% (36.8) // 51.4% (38.0)",
        "shots": "46.5% (28.6) // 48.9% (30.5) // 50.6% (25.5) // 57.1% (28.0)",
        "scoring": "46.6% (28.4) // 48.2% (28.6) // 42.7% (22.6) // 49.1% (28.0)",
        "corsiAgainst": "53.0% (63.8) // 50.7% (60.7) // 52.3% (57.7) // 47.4% (55.0)",
        "fenwickAgainst": "52.8% (45.9) // 49.5% (43.2) // 51.1% (38.4) // 48.6% (36.0)",
        "shotsAgainst": "53.5% (32.8) // 51.1% (31.9) // 49.4% (24.8) // 42.9% (21.0)",
        "scoringAgainst": "53.4% (32.5) // 51.8% (30.7) // 57.3% (30.3) // 50.9% (29.0)",
        "oppCorsi": "60.0% (71.2) // 57.2% (65.4) // 57.4% (67.6) // 58.7% (69.0)",
        "oppFenwick": "58.4% (49.9) // 55.3% (45.8) // 55.1% (46.3) // 54.6% (47.0)",
        "oppShots": "56.5% (33.2) // 52.2% (30.4) // 51.0% (31.3) // 50.0% (32.5)",
        "oppScoring": "57.4% (31.2) // 56.1% (30.3) // 59.5% (33.1) // 59.3% (35.0)",
        "oppCorsiAgainst": "40.0% (47.4) // 42.8% (48.9) // 42.6% (50.2) // 41.3% (48.5)",
        "oppFenwickAgainst": "41.6% (35.6) // 44.7% (37.0) // 44.9% (37.7) // 45.4% (39.0)",
        "oppShotsAgainst": "43.5% (25.6) // 47.8% (27.8) // 49.0% (30.1) // 50.0% (32.5)",
        "oppScoringAgainst": "42.6% (23.1) // 43.9% (23.7) // 40.5% (22.5) // 40.7% (24.0)",
        "totalOver": 0,
        "totalOverLast5": 0,
        "totalOverLast15": 0,
        "lastTotalOver": 0,
        "last5": "0,0,0,0,0,0,0,0,0,0",
        "fd": "0",
        "dk": "+175",
        "implied": 36.36363636363637,
        "overOdds": "+175",
        "underOdds": "0",
        "overUnder": "+175 / 0"
    },
    {
        "player": "Jesperi Kotkaniemi",
        "team": "CAR",
        "opponent": "MTL",
        "propType": "ast",
        "line": 0.5,
        "ppLine": "",
        "avg": 0.2,
        "hit": false,
        "diffAvg": -0.6,
        "diffAbs": 0.6,
        "lastAvg": 0.26,
        "diff": -0.48,
        "avgMin": 14,
        "proj": 0.2,
        "lastAvgMin": 14.73,
        "oppOver": 0,
        "teamOver": 0,
        "gameLine": "-265",
        "+/-": -7,
        "L5_+/-": -3.0,
        "prevMatchup": "",
        "winLossSplits": "28% - 6%",
        "awayHome": "H",
        "playedYesterday": "Y",
        "awayHomeSplits": "20% - 13%",
        "savesAboveExp": "-",
        "gsaa": -0.17,
        "corsi": "60.0% (71.2) // 57.2% (65.4) // 57.4% (67.6) // 58.7% (69.0)",
        "fenwick": "58.4% (49.9) // 55.3% (45.8) // 55.1% (46.3) // 54.6% (47.0)",
        "shots": "56.5% (33.2) // 52.2% (30.4) // 51.0% (31.3) // 50.0% (32.5)",
        "scoring": "57.4% (31.2) // 56.1% (30.3) // 59.5% (33.1) // 59.3% (35.0)",
