[
    {
        "player": "Adam Fantilli",
        "team": "CBJ",
        "opponent": "BOS",
        "propType": "ast",
        "line": 0.5,
        "ppLine": "PP2",
        "avg": 0.32,
        "hit": false,
        "diffAvg": -0.36,
        "diffAbs": 1.0,
        "lastAvg": 0,
        "diff": 0,
        "avgMin": 15,
        "proj": 0.0,
        "lastAvgMin": 0,
        "oppOver": 0,
        "teamOver": 0,
        "gameLine": "+190",
        "+/-": -10,
        "L5_+/-": -1.0,
        "prevMatchup": "2023-12-03 0.0 ast 2023-11-27 0.0 ast",
        "winLossSplits": "25% - 35%",
        "awayHome": "H",
        "playedYesterday": "N",
        "awayHomeSplits": "24% - 38%",
        "savesAboveExp": 0.892,
        "gsaa": 6.5,
        "corsi": "46.6% (60.1) // 43.5% (53.4) // 44.5% (52.3) // 42.0% (49.6)",
        "fenwick": "46.8% (42.7) // 44.5% (39.0) // 43.3% (36.0) // 41.1% (34.4)",
        "shots": "46.0% (28.9) // 43.1% (26.4) // 41.2% (23.9) // 38.9% (22.5)",
        "scoring": "46.4% (28.0) // 42.0% (25.6) // 41.2% (23.4) // 38.8% (21.2)",
        "corsiAgainst": "53.4% (68.7) // 56.5% (69.4) // 55.5% (65.2) // 58.0% (68.5)",
        "fenwickAgainst": "53.2% (48.6) // 55.5% (48.6) // 56.7% (47.2) // 58.9% (49.2)",
        "shotsAgainst": "54.0% (33.9) // 56.9% (34.9) // 58.8% (34.1) // 61.1% (35.4)",
        "scoringAgainst": "53.6% (32.3) // 58.0% (35.4) // 58.8% (33.4) // 61.2% (33.5)",
        "oppCorsi": "48.2% (58.0) // 46.0% (53.4) // 43.1% (47.0) // 44.2% (48.0)",
        "oppFenwick": "48.4% (42.6) // 46.0% (39.4) // 43.4% (34.2) // 45.5% (35.3)",
        "oppShots": "48.8% (30.2) // 45.9% (27.2) // 44.7% (25.2) // 47.3% (26.7)",
        "oppScoring": "49.9% (29.4) // 44.5% (25.3) // 42.9% (21.2) // 47.6% (23.7)",
        "oppCorsiAgainst": "51.8% (62.4) // 54.0% (62.8) // 56.9% (62.0) // 55.8% (60.7)",
        "oppFenwickAgainst": "51.6% (45.5) // 54.0% (46.1) // 56.6% (44.8) // 54.5% (42.3)",
        "oppShotsAgainst": "51.2% (31.7) // 54.1% (32.1) // 55.3% (31.3) // 52.7% (29.7)",
        "oppScoringAgainst": "50.1% (29.5) // 55.5% (31.5) // 57.1% (28.2) // 52.4% (26.0)",
        "totalOver": 32,
        "totalOverLast5": 40,
        "totalOverLast15": 40,
        "lastTotalOver": 0,
        "last5": "0,0,1,1,0,1,1,0,0,0",
        "fd": "0",
        "dk": "+240/-330",
        "kambi": "0",
        "lowest": "240 DK",
        "implied": 29.411764705882355,
        "overOdds": "+240",
        "underOdds": "-330",
        "overUnder": "+240 / -330"
    },
    {
        "player": "Adam Fantilli",
        "team": "CBJ",
        "opponent": "BOS",
        "propType": "pts",
        "line": 0.5,
        "ppLine": "PP2",
        "avg": 0.61,
        "hit": false,
        "diffAvg": 0.22,
        "diffAbs": 1.0,
        "lastAvg": 0,
        "diff": 0,
        "avgMin": 15,
        "proj": 0.0,
        "lastAvgMin": 0,
        "oppOver": 0,
        "teamOver": 0,
        "gameLine": "+190",
        "+/-": -10,
        "L5_+/-": -1.0,
        "prevMatchup": "2023-12-03 0.0 pts 2023-11-27 0.0 pts",
        "winLossSplits": "58% - 46%",
        "awayHome": "H",
        "playedYesterday": "N",
        "awayHomeSplits": "47% - 52%",
        "savesAboveExp": 0.892,
        "gsaa": 6.5,
        "corsi": "46.6% (60.1) // 43.5% (53.4) // 44.5% (52.3) // 42.0% (49.6)",
        "fenwick": "46.8% (42.7) // 44.5% (39.0) // 43.3% (36.0) // 41.1% (34.4)",
        "shots": "46.0% (28.9) // 43.1% (26.4) // 41.2% (23.9) // 38.9% (22.5)",
        "scoring": "46.4% (28.0) // 42.0% (25.6) // 41.2% (23.4) // 38.8% (21.2)",
        "corsiAgainst": "53.4% (68.7) // 56.5% (69.4) // 55.5% (65.2) // 58.0% (68.5)",
        "fenwickAgainst": "53.2% (48.6) // 55.5% (48.6) // 56.7% (47.2) // 58.9% (49.2)",
        "shotsAgainst": "54.0% (33.9) // 56.9% (34.9) // 58.8% (34.1) // 61.1% (35.4)",
        "scoringAgainst": "53.6% (32.3) // 58.0% (35.4) // 58.8% (33.4) // 61.2% (33.5)",
        "oppCorsi": "48.2% (58.0) // 46.0% (53.4) // 43.1% (47.0) // 44.2% (48.0)",
        "oppFenwick": "48.4% (42.6) // 46.0% (39.4) // 43.4% (34.2) // 45.5% (35.3)",
        "oppShots": "48.8% (30.2) // 45.9% (27.2) // 44.7% (25.2) // 47.3% (26.7)",
        "oppScoring": "49.9% (29.4) // 44.5% (25.3) // 42.9% (21.2) // 47.6% (23.7)",
        "oppCorsiAgainst": "51.8% (62.4) // 54.0% (62.8) // 56.9% (62.0) // 55.8% (60.7)",
        "oppFenwickAgainst": "51.6% (45.5) // 54.0% (46.1) // 56.6% (44.8) // 54.5% (42.3)",
        "oppShotsAgainst": "51.2% (31.7) // 54.1% (32.1) // 55.3% (31.3) // 52.7% (29.7)",
        "oppScoringAgainst": "50.1% (29.5) // 55.5% (31.5) // 57.1% (28.2) // 52.4% (26.0)",
        "totalOver": 50,
        "totalOverLast5": 80,
        "totalOverLast15": 67,
        "lastTotalOver": 0,
        "last5": "1,1,1,1,0,2,1,0,0,1",
        "fd": "0",
        "dk": "+120/-150",
        "kambi": "0",
        "lowest": "120 DK",
        "implied": 45.45454545454545,
        "overOdds": "+120",
        "underOdds": "-150",
        "overUnder": "+120 / -150"
    },
    {
        "player": "Adam Fantilli",
        "team": "CBJ",
        "opponent": "BOS",
        "propType": "sog",
        "line": 2.5,
        "ppLine": "PP2",
        "avg": 2.42,
        "hit": false,
        "diffAvg": -0.03,
        "diffAbs": 1.0,
        "lastAvg": 0,
        "diff": 0,
        "avgMin": 15,
        "proj": 0.0,
        "lastAvgMin": 0,
        "oppOver": 0,
        "teamOver": 0,
        "gameLine": "+190",
        "+/-": -10,
        "L5_+/-": -1.0,
        "prevMatchup": "2023-12-03 5.0 sog 2023-11-27 1.0 sog",
        "winLossSplits": "33% - 35%",
        "awayHome": "H",
        "playedYesterday": "N",
        "awayHomeSplits": "35% - 33%",
        "savesAboveExp": 0.892,
        "gsaa": 6.5,
        "corsi": "46.6% (60.1) // 43.5% (53.4) // 44.5% (52.3) // 42.0% (49.6)",
        "fenwick": "46.8% (42.7) // 44.5% (39.0) // 43.3% (36.0) // 41.1% (34.4)",
        "shots": "46.0% (28.9) // 43.1% (26.4) // 41.2% (23.9) // 38.9% (22.5)",
        "scoring": "46.4% (28.0) // 42.0% (25.6) // 41.2% (23.4) // 38.8% (21.2)",
        "corsiAgainst": "53.4% (68.7) // 56.5% (69.4) // 55.5% (65.2) // 58.0% (68.5)",
        "fenwickAgainst": "53.2% (48.6) // 55.5% (48.6) // 56.7% (47.2) // 58.9% (49.2)",
        "shotsAgainst": "54.0% (33.9) // 56.9% (34.9) // 58.8% (34.1) // 61.1% (35.4)",
        "scoringAgainst": "53.6% (32.3) // 58.0% (35.4) // 58.8% (33.4) // 61.2% (33.5)",
        "oppCorsi": "48.2% (58.0) // 46.0% (53.4) // 43.1% (47.0) // 44.2% (48.0)",
        "oppFenwick": "48.4% (42.6) // 46.0% (39.4) // 43.4% (34.2) // 45.5% (35.3)",
        "oppShots": "48.8% (30.2) // 45.9% (27.2) // 44.7% (25.2) // 47.3% (26.7)",
        "oppScoring": "49.9% (29.4) // 44.5% (25.3) // 42.9% (21.2) // 47.6% (23.7)",
        "oppCorsiAgainst": "51.8% (62.4) // 54.0% (62.8) // 56.9% (62.0) // 55.8% (60.7)",
        "oppFenwickAgainst": "51.6% (45.5) // 54.0% (46.1) // 56.6% (44.8) // 54.5% (42.3)",
        "oppShotsAgainst": "51.2% (31.7) // 54.1% (32.1) // 55.3% (31.3) // 52.7% (29.7)",
        "oppScoringAgainst": "50.1% (29.5) // 55.5% (31.5) // 57.1% (28.2) // 52.4% (26.0)",
        "totalOver": 34,
        "totalOverLast5": 20,
        "totalOverLast15": 27,
        "lastTotalOver": 0,
        "last5": "1,2,1,1,5,2,2,3,1,2",
        "fd": "0",
        "dk": "+120/-150",
        "kambi": "0",
        "lowest": "120 DK",
        "implied": 45.45454545454545,
        "overOdds": "+120",
        "underOdds": "-150",
        "overUnder": "+120 / -150"
    },
    {
        "player": "Adam Fantilli",
        "team": "CBJ",
        "opponent": "BOS",
        "propType": "atgs",
        "line": 0.5,
        "ppLine": "PP2",
        "avg": 0.0,
        "hit": false,
        "diffAvg": 0,
        "diffAbs": 1.0,
        "lastAvg": 0,
        "diff": 0,
        "avgMin": 15,
        "proj": 0.0,
        "lastAvgMin": 0,
        "oppOver": 0,
        "teamOver": 0,
        "gameLine": "+190",
        "+/-": -10,
        "L5_+/-": -1.0,
        "prevMatchup": "2023-12-03 0.0 atgs 2023-11-27 0.0 atgs",
        "winLossSplits": "0% - 0%",
        "awayHome": "H",
        "playedYesterday": "N",
        "awayHomeSplits": "0% - 0%",
        "savesAboveExp": 0.892,
        "gsaa": 6.5,
        "corsi": "46.6% (60.1) // 43.5% (53.4) // 44.5% (52.3) // 42.0% (49.6)",
        "fenwick": "46.8% (42.7) // 44.5% (39.0) // 43.3% (36.0) // 41.1% (34.4)",
        "shots": "46.0% (28.9) // 43.1% (26.4) // 41.2% (23.9) // 38.9% (22.5)",
        "scoring": "46.4% (28.0) // 42.0% (25.6) // 41.2% (23.4) // 38.8% (21.2)",
        "corsiAgainst": "53.4% (68.7) // 56.5% (69.4) // 55.5% (65.2) // 58.0% (68.5)",
        "fenwickAgainst": "53.2% (48.6) // 55.5% (48.6) // 56.7% (47.2) // 58.9% (49.2)",
        "shotsAgainst": "54.0% (33.9) // 56.9% (34.9) // 58.8% (34.1) // 61.1% (35.4)",
        "scoringAgainst": "53.6% (32.3) // 58.0% (35.4) // 58.8% (33.4) // 61.2% (33.5)",
        "oppCorsi": "48.2% (58.0) // 46.0% (53.4) // 43.1% (47.0) // 44.2% (48.0)",
        "oppFenwick": "48.4% (42.6) // 46.0% (39.4) // 43.4% (34.2) // 45.5% (35.3)",
        "oppShots": "48.8% (30.2) // 45.9% (27.2) // 44.7% (25.2) // 47.3% (26.7)",
        "oppScoring": "49.9% (29.4) // 44.5% (25.3) // 42.9% (21.2) // 47.6% (23.7)",
        "oppCorsiAgainst": "51.8% (62.4) // 54.0% (62.8) // 56.9% (62.0) // 55.8% (60.7)",
        "oppFenwickAgainst": "51.6% (45.5) // 54.0% (46.1) // 56.6% (44.8) // 54.5% (42.3)",
        "oppShotsAgainst": "51.2% (31.7) // 54.1% (32.1) // 55.3% (31.3) // 52.7% (29.7)",
        "oppScoringAgainst": "50.1% (29.5) // 55.5% (31.5) // 57.1% (28.2) // 52.4% (26.0)",
        "totalOver": 0,
        "totalOverLast5": 0,
        "totalOverLast15": 0,
        "lastTotalOver": 0,
        "last5": "0,0,0,0,0,0,0,0,0,0",
        "fd": "0",
        "dk": "+275",
        "kambi": "295",
        "lowest": "295 BR",
        "implied": 25.31645569620253,
        "overOdds": "+275",
        "underOdds": "0",
        "overUnder": "+275 / 0"
    },
    {
        "player": "Brad Marchand",
        "team": "BOS",
        "opponent": "CBJ",
        "propType": "ast",
        "line": 0.5,
        "ppLine": "PP1",
        "avg": 0.57,
        "hit": false,
        "diffAvg": 0.14,
        "diffAbs": 0.2,
        "lastAvg": 0.57,
        "diff": 0.14,
        "avgMin": 19,
        "proj": 0.6,
        "lastAvgMin": 18.52,
        "oppOver": 0,
        "teamOver": 0,
        "gameLine": "-230",
        "+/-": 0,
        "L5_+/-": -1.0,
        "prevMatchup": "2023-12-03 0.0 ast 2023-11-27 0.0 ast",
        "winLossSplits": "59% - 23%",
        "awayHome": "A",
        "playedYesterday": "N",
        "awayHomeSplits": "42% - 50%",
        "savesAboveExp": -0.547,
        "gsaa": -4.83,
        "corsi": "48.2% (58.0) // 46.0% (53.4) // 43.1% (47.0) // 44.2% (48.0)",
        "fenwick": "48.4% (42.6) // 46.0% (39.4) // 43.4% (34.2) // 45.5% (35.3)",
        "shots": "48.8% (30.2) // 45.9% (27.2) // 44.7% (25.2) // 47.3% (26.7)",
        "scoring": "49.9% (29.4) // 44.5% (25.3) // 42.9% (21.2) // 47.6% (23.7)",
        "corsiAgainst": "51.8% (62.4) // 54.0% (62.8) // 56.9% (62.0) // 55.8% (60.7)",
        "fenwickAgainst": "51.6% (45.5) // 54.0% (46.1) // 56.6% (44.8) // 54.5% (42.3)",
        "shotsAgainst": "51.2% (31.7) // 54.1% (32.1) // 55.3% (31.3) // 52.7% (29.7)",
        "scoringAgainst": "50.1% (29.5) // 55.5% (31.5) // 57.1% (28.2) // 52.4% (26.0)",
        "oppCorsi": "46.6% (60.1) // 43.5% (53.4) // 44.5% (52.3) // 42.0% (49.6)",
        "oppFenwick": "46.8% (42.7) // 44.5% (39.0) // 43.3% (36.0) // 41.1% (34.4)",
        "oppShots": "46.0% (28.9) // 43.1% (26.4) // 41.2% (23.9) // 38.9% (22.5)",
        "oppScoring": "46.4% (28.0) // 42.0% (25.6) // 41.2% (23.4) // 38.8% (21.2)",
        "oppCorsiAgainst": "53.4% (68.7) // 56.5% (69.4) // 55.5% (65.2) // 58.0% (68.5)",
        "oppFenwickAgainst": "53.2% (48.6) // 55.5% (48.6) // 56.7% (47.2) // 58.9% (49.2)",
        "oppShotsAgainst": "54.0% (33.9) // 56.9% (34.9) // 58.8% (34.1) // 61.1% (35.4)",
        "oppScoringAgainst": "53.6% (32.3) // 58.0% (35.4) // 58.8% (33.4) // 61.2% (33.5)",
        "totalOver": 46,
        "totalOverLast5": 80,
        "totalOverLast15": 40,
        "lastTotalOver": 45,
        "last5": "1,2,2,1,0,0,0,1,0,1",
        "fd": "0",
        "dk": "-160/+124",
        "kambi": "0",
        "lowest": "-160 DK",
        "implied": 61.53846153846154,
        "overOdds": "-160",
        "underOdds": "+124",
        "overUnder": "-160 / +124"
    },
    {
        "player": "Brad Marchand",
        "team": "BOS",
        "opponent": "CBJ",
        "propType": "pts",
        "line": 1.5,
        "ppLine": "PP1",
        "avg": 0.94,
        "hit": false,
        "diffAvg": -0.37,
        "diffAbs": 0.4,
        "lastAvg": 0.84,
        "diff": -0.44,
        "avgMin": 19,
        "proj": 0.9,
        "lastAvgMin": 18.52,
        "oppOver": 0,
        "teamOver": 0,
        "gameLine": "-230",
        "+/-": 0,
        "L5_+/-": -1.0,
        "prevMatchup": "2023-12-03 3.0 pts 2023-11-27 0.0 pts",
        "winLossSplits": "27% - 8%",
        "awayHome": "A",
        "playedYesterday": "N",
        "awayHomeSplits": "16% - 25%",
        "savesAboveExp": -0.547,
        "gsaa": -4.83,
        "corsi": "48.2% (58.0) // 46.0% (53.4) // 43.1% (47.0) // 44.2% (48.0)",
        "fenwick": "48.4% (42.6) // 46.0% (39.4) // 43.4% (34.2) // 45.5% (35.3)",
        "shots": "48.8% (30.2) // 45.9% (27.2) // 44.7% (25.2) // 47.3% (26.7)",
        "scoring": "49.9% (29.4) // 44.5% (25.3) // 42.9% (21.2) // 47.6% (23.7)",
        "corsiAgainst": "51.8% (62.4) // 54.0% (62.8) // 56.9% (62.0) // 55.8% (60.7)",
        "fenwickAgainst": "51.6% (45.5) // 54.0% (46.1) // 56.6% (44.8) // 54.5% (42.3)",
        "shotsAgainst": "51.2% (31.7) // 54.1% (32.1) // 55.3% (31.3) // 52.7% (29.7)",
        "scoringAgainst": "50.1% (29.5) // 55.5% (31.5) // 57.1% (28.2) // 52.4% (26.0)",
        "oppCorsi": "46.6% (60.1) // 43.5% (53.4) // 44.5% (52.3) // 42.0% (49.6)",
        "oppFenwick": "46.8% (42.7) // 44.5% (39.0) // 43.3% (36.0) // 41.1% (34.4)",
        "oppShots": "46.0% (28.9) // 43.1% (26.4) // 41.2% (23.9) // 38.9% (22.5)",
        "oppScoring": "46.4% (28.0) // 42.0% (25.6) // 41.2% (23.4) // 38.8% (21.2)",
        "oppCorsiAgainst": "53.4% (68.7) // 56.5% (69.4) // 55.5% (65.2) // 58.0% (68.5)",
        "oppFenwickAgainst": "53.2% (48.6) // 55.5% (48.6) // 56.7% (47.2) // 58.9% (49.2)",
        "oppShotsAgainst": "54.0% (33.9) // 56.9% (34.9) // 58.8% (34.1) // 61.1% (35.4)",
        "oppScoringAgainst": "53.6% (32.3) // 58.0% (35.4) // 58.8% (33.4) // 61.2% (33.5)",
        "totalOver": 20,
        "totalOverLast5": 40,
        "totalOverLast15": 20,
        "lastTotalOver": 18,
        "last5": "1,2,2,1,0,1,0,1,0,1",
        "fd": "0",
        "dk": "+150/-195",
        "kambi": "0",
        "lowest": "150 DK",
        "implied": 40.0,
        "overOdds": "+150",
        "underOdds": "-195",
        "overUnder": "+150 / -195"
    },
    {
        "player": "Brad Marchand",
        "team": "BOS",
        "opponent": "CBJ",
        "propType": "sog",
        "line": 2.5,
        "ppLine": "PP1",
        "avg": 2.86,
        "hit": false,
        "diffAvg": 0.14,
        "diffAbs": 0.08,
        "lastAvg": 2.29,
        "diff": -0.08,
        "avgMin": 19,
        "proj": 2.3,
        "lastAvgMin": 18.52,
        "oppOver": 0,
        "teamOver": 0,
        "gameLine": "-230",
        "+/-": 0,
        "L5_+/-": -1.0,
        "prevMatchup": "2023-12-03 5.0 sog 2023-11-27 4.0 sog",
        "winLossSplits": "64% - 38%",
        "awayHome": "A",
        "playedYesterday": "N",
        "awayHomeSplits": "53% - 56%",
        "savesAboveExp": -0.547,
        "gsaa": -4.83,
        "corsi": "48.2% (58.0) // 46.0% (53.4) // 43.1% (47.0) // 44.2% (48.0)",
        "fenwick": "48.4% (42.6) // 46.0% (39.4) // 43.4% (34.2) // 45.5% (35.3)",
        "shots": "48.8% (30.2) // 45.9% (27.2) // 44.7% (25.2) // 47.3% (26.7)",
        "scoring": "49.9% (29.4) // 44.5% (25.3) // 42.9% (21.2) // 47.6% (23.7)",
        "corsiAgainst": "51.8% (62.4) // 54.0% (62.8) // 56.9% (62.0) // 55.8% (60.7)",
        "fenwickAgainst": "51.6% (45.5) // 54.0% (46.1) // 56.6% (44.8) // 54.5% (42.3)",
        "shotsAgainst": "51.2% (31.7) // 54.1% (32.1) // 55.3% (31.3) // 52.7% (29.7)",
        "scoringAgainst": "50.1% (29.5) // 55.5% (31.5) // 57.1% (28.2) // 52.4% (26.0)",
        "oppCorsi": "46.6% (60.1) // 43.5% (53.4) // 44.5% (52.3) // 42.0% (49.6)",
        "oppFenwick": "46.8% (42.7) // 44.5% (39.0) // 43.3% (36.0) // 41.1% (34.4)",
        "oppShots": "46.0% (28.9) // 43.1% (26.4) // 41.2% (23.9) // 38.9% (22.5)",
        "oppScoring": "46.4% (28.0) // 42.0% (25.6) // 41.2% (23.4) // 38.8% (21.2)",
        "oppCorsiAgainst": "53.4% (68.7) // 56.5% (69.4) // 55.5% (65.2) // 58.0% (68.5)",
        "oppFenwickAgainst": "53.2% (48.6) // 55.5% (48.6) // 56.7% (47.2) // 58.9% (49.2)",
        "oppShotsAgainst": "54.0% (33.9) // 56.9% (34.9) // 58.8% (34.1) // 61.1% (35.4)",
        "oppScoringAgainst": "53.6% (32.3) // 58.0% (35.4) // 58.8% (33.4) // 61.2% (33.5)",
        "totalOver": 54,
        "totalOverLast5": 0,
        "totalOverLast15": 40,
        "lastTotalOver": 48,
        "last5": "0,0,2,0,0,2,0,3,2,3",
        "fd": "0",
        "dk": "-115/-115",
        "kambi": "0",
        "lowest": "-115 DK",
        "implied": 53.48837209302325,
        "overOdds": "-115",
        "underOdds": "-115",
        "overUnder": "-115 / -115"
    },
    {
        "player": "Brad Marchand",
        "team": "BOS",
        "opponent": "CBJ",
        "propType": "atgs",
        "line": 0.5,
        "ppLine": "PP1",
        "avg": 0.0,
        "hit": false,
        "diffAvg": 0,
        "diffAbs": 1.0,
        "lastAvg": 0.0,
        "diff": 0,
        "avgMin": 19,
        "proj": 0.0,
        "lastAvgMin": 18.52,
        "oppOver": 0,
        "teamOver": 0,
        "gameLine": "-230",
        "+/-": 0,
        "L5_+/-": -1.0,
        "prevMatchup": "2023-12-03 0.0 atgs 2023-11-27 0.0 atgs",
        "winLossSplits": "0% - 0%",
        "awayHome": "A",
        "playedYesterday": "N",
        "awayHomeSplits": "0% - 0%",
        "savesAboveExp": -0.547,
        "gsaa": -4.83,
        "corsi": "48.2% (58.0) // 46.0% (53.4) // 43.1% (47.0) // 44.2% (48.0)",
        "fenwick": "48.4% (42.6) // 46.0% (39.4) // 43.4% (34.2) // 45.5% (35.3)",
        "shots": "48.8% (30.2) // 45.9% (27.2) // 44.7% (25.2) // 47.3% (26.7)",
        "scoring": "49.9% (29.4) // 44.5% (25.3) // 42.9% (21.2) // 47.6% (23.7)",
        "corsiAgainst": "51.8% (62.4) // 54.0% (62.8) // 56.9% (62.0) // 55.8% (60.7)",
        "fenwickAgainst": "51.6% (45.5) // 54.0% (46.1) // 56.6% (44.8) // 54.5% (42.3)",
        "shotsAgainst": "51.2% (31.7) // 54.1% (32.1) // 55.3% (31.3) // 52.7% (29.7)",
        "scoringAgainst": "50.1% (29.5) // 55.5% (31.5) // 57.1% (28.2) // 52.4% (26.0)",
        "oppCorsi": "46.6% (60.1) // 43.5% (53.4) // 44.5% (52.3) // 42.0% (49.6)",
        "oppFenwick": "46.8% (42.7) // 44.5% (39.0) // 43.3% (36.0) // 41.1% (34.4)",
        "oppShots": "46.0% (28.9) // 43.1% (26.4) // 41.2% (23.9) // 38.9% (22.5)",
        "oppScoring": "46.4% (28.0) // 42.0% (25.6) // 41.2% (23.4) // 38.8% (21.2)",
        "oppCorsiAgainst": "53.4% (68.7) // 56.5% (69.4) // 55.5% (65.2) // 58.0% (68.5)",
        "oppFenwickAgainst": "53.2% (48.6) // 55.5% (48.6) // 56.7% (47.2) // 58.9% (49.2)",
        "oppShotsAgainst": "54.0% (33.9) // 56.9% (34.9) // 58.8% (34.1) // 61.1% (35.4)",
        "oppScoringAgainst": "53.6% (32.3) // 58.0% (35.4) // 58.8% (33.4) // 61.2% (33.5)",
        "totalOver": 0,
        "totalOverLast5": 0,
        "totalOverLast15": 0,
        "lastTotalOver": 0,
        "last5": "0,0,0,0,0,0,0,0,0,0",
        "fd": "0",
        "dk": "+165",
        "kambi": "140",
        "lowest": "165 DK",
        "implied": 37.735849056603776,
        "overOdds": "+165",
        "underOdds": "0",
        "overUnder": "+165 / 0"
    },
    {
        "player": "Charlie Coyle",
        "team": "BOS",
        "opponent": "CBJ",
        "propType": "ast",
        "line": 0.5,
        "ppLine": "PP2",
        "avg": 0.34,
        "hit": false,
        "diffAvg": -0.32,
        "diffAbs": 0.4,
        "lastAvg": 0.33,
        "diff": -0.34,
        "avgMin": 17,
        "proj": 0.3,
        "lastAvgMin": 16.98,
        "oppOver": 0,
        "teamOver": 0,
        "gameLine": "-230",
        "+/-": "+3",
        "L5_+/-": 0.0,
        "prevMatchup": "2023-12-03 1.0 ast 2023-11-27 0.0 ast",
        "winLossSplits": "41% - 8%",
        "awayHome": "A",
        "playedYesterday": "N",
        "awayHomeSplits": "16% - 44%",
        "savesAboveExp": -0.547,
        "gsaa": -4.83,
        "corsi": "48.2% (58.0) // 46.0% (53.4) // 43.1% (47.0) // 44.2% (48.0)",
        "fenwick": "48.4% (42.6) // 46.0% (39.4) // 43.4% (34.2) // 45.5% (35.3)",
        "shots": "48.8% (30.2) // 45.9% (27.2) // 44.7% (25.2) // 47.3% (26.7)",
        "scoring": "49.9% (29.4) // 44.5% (25.3) // 42.9% (21.2) // 47.6% (23.7)",
        "corsiAgainst": "51.8% (62.4) // 54.0% (62.8) // 56.9% (62.0) // 55.8% (60.7)",
        "fenwickAgainst": "51.6% (45.5) // 54.0% (46.1) // 56.6% (44.8) // 54.5% (42.3)",
        "shotsAgainst": "51.2% (31.7) // 54.1% (32.1) // 55.3% (31.3) // 52.7% (29.7)",
        "scoringAgainst": "50.1% (29.5) // 55.5% (31.5) // 57.1% (28.2) // 52.4% (26.0)",
        "oppCorsi": "46.6% (60.1) // 43.5% (53.4) // 44.5% (52.3) // 42.0% (49.6)",
        "oppFenwick": "46.8% (42.7) // 44.5% (39.0) // 43.3% (36.0) // 41.1% (34.4)",
        "oppShots": "46.0% (28.9) // 43.1% (26.4) // 41.2% (23.9) // 38.9% (22.5)",
        "oppScoring": "46.4% (28.0) // 42.0% (25.6) // 41.2% (23.4) // 38.8% (21.2)",
        "oppCorsiAgainst": "53.4% (68.7) // 56.5% (69.4) // 55.5% (65.2) // 58.0% (68.5)",
        "oppFenwickAgainst": "53.2% (48.6) // 55.5% (48.6) // 56.7% (47.2) // 58.9% (49.2)",
        "oppShotsAgainst": "54.0% (33.9) // 56.9% (34.9) // 58.8% (34.1) // 61.1% (35.4)",
        "oppScoringAgainst": "53.6% (32.3) // 58.0% (35.4) // 58.8% (33.4) // 61.2% (33.5)",
        "totalOver": 29,
        "totalOverLast5": 20,
        "totalOverLast15": 13,
        "lastTotalOver": 28,
        "last5": "0,2,0,0,0,0,0,0,0,0",
        "fd": "0",
        "dk": "+165/-215",
        "kambi": "0",
        "lowest": "165 DK",
        "implied": 37.735849056603776,
        "overOdds": "+165",
        "underOdds": "-215",
        "overUnder": "+165 / -215"
    },
    {
        "player": "Charlie Coyle",
        "team": "BOS",
        "opponent": "CBJ",
        "propType": "pts",
        "line": 0.5,
        "ppLine": "PP2",
        "avg": 0.71,
        "hit": false,
        "diffAvg": 0.42,
        "diffAbs": 0.0,
        "lastAvg": 0.51,
        "diff": 0.02,
        "avgMin": 17,
        "proj": 0.5,
        "lastAvgMin": 16.98,
        "oppOver": 0,
        "teamOver": 0,
        "gameLine": "-230",
        "+/-": "+3",
        "L5_+/-": 0.0,
        "prevMatchup": "2023-12-03 1.0 pts 2023-11-27 0.0 pts",
        "winLossSplits": "59% - 38%",
        "awayHome": "A",
        "playedYesterday": "N",
        "awayHomeSplits": "47% - 56%",
        "savesAboveExp": -0.547,
        "gsaa": -4.83,
        "corsi": "48.2% (58.0) // 46.0% (53.4) // 43.1% (47.0) // 44.2% (48.0)",
        "fenwick": "48.4% (42.6) // 46.0% (39.4) // 43.4% (34.2) // 45.5% (35.3)",
        "shots": "48.8% (30.2) // 45.9% (27.2) // 44.7% (25.2) // 47.3% (26.7)",
        "scoring": "49.9% (29.4) // 44.5% (25.3) // 42.9% (21.2) // 47.6% (23.7)",
        "corsiAgainst": "51.8% (62.4) // 54.0% (62.8) // 56.9% (62.0) // 55.8% (60.7)",
        "fenwickAgainst": "51.6% (45.5) // 54.0% (46.1) // 56.6% (44.8) // 54.5% (42.3)",
        "shotsAgainst": "51.2% (31.7) // 54.1% (32.1) // 55.3% (31.3) // 52.7% (29.7)",
        "scoringAgainst": "50.1% (29.5) // 55.5% (31.5) // 57.1% (28.2) // 52.4% (26.0)",
        "oppCorsi": "46.6% (60.1) // 43.5% (53.4) // 44.5% (52.3) // 42.0% (49.6)",
        "oppFenwick": "46.8% (42.7) // 44.5% (39.0) // 43.3% (36.0) // 41.1% (34.4)",
        "oppShots": "46.0% (28.9) // 43.1% (26.4) // 41.2% (23.9) // 38.9% (22.5)",
        "oppScoring": "46.4% (28.0) // 42.0% (25.6) // 41.2% (23.4) // 38.8% (21.2)",
        "oppCorsiAgainst": "53.4% (68.7) // 56.5% (69.4) // 55.5% (65.2) // 58.0% (68.5)",
        "oppFenwickAgainst": "53.2% (48.6) // 55.5% (48.6) // 56.7% (47.2) // 58.9% (49.2)",
        "oppShotsAgainst": "54.0% (33.9) // 56.9% (34.9) // 58.8% (34.1) // 61.1% (35.4)",
        "oppScoringAgainst": "53.6% (32.3) // 58.0% (35.4) // 58.8% (33.4) // 61.2% (33.5)",
        "totalOver": 51,
        "totalOverLast5": 60,
        "totalOverLast15": 33,
        "lastTotalOver": 42,
        "last5": "1,2,2,0,0,0,0,0,0,1",
        "fd": "0",
        "dk": "-120/-110",
        "kambi": "0",
        "lowest": "-120 DK",
        "implied": 54.54545454545454,
        "overOdds": "-120",
        "underOdds": "-110",
        "overUnder": "-120 / -110"
    },
    {
        "player": "Charlie Coyle",
        "team": "BOS",
        "opponent": "CBJ",
        "propType": "sog",
        "line": 1.5,
        "ppLine": "PP2",
        "avg": 1.86,
        "hit": false,
        "diffAvg": 0.24,
        "diffAbs": 0.07,
        "lastAvg": 1.56,
        "diff": 0.04,
        "avgMin": 17,
        "proj": 1.6,
        "lastAvgMin": 16.98,
        "oppOver": 0,
        "teamOver": 0,
        "gameLine": "-230",
        "+/-": "+3",
        "L5_+/-": 0.0,
        "prevMatchup": "2023-12-03 1.0 sog 2023-11-27 3.0 sog",
        "winLossSplits": "45% - 62%",
        "awayHome": "A",
        "playedYesterday": "N",
        "awayHomeSplits": "58% - 44%",
        "savesAboveExp": -0.547,
        "gsaa": -4.83,
        "corsi": "48.2% (58.0) // 46.0% (53.4) // 43.1% (47.0) // 44.2% (48.0)",
        "fenwick": "48.4% (42.6) // 46.0% (39.4) // 43.4% (34.2) // 45.5% (35.3)",
        "shots": "48.8% (30.2) // 45.9% (27.2) // 44.7% (25.2) // 47.3% (26.7)",
        "scoring": "49.9% (29.4) // 44.5% (25.3) // 42.9% (21.2) // 47.6% (23.7)",
        "corsiAgainst": "51.8% (62.4) // 54.0% (62.8) // 56.9% (62.0) // 55.8% (60.7)",
        "fenwickAgainst": "51.6% (45.5) // 54.0% (46.1) // 56.6% (44.8) // 54.5% (42.3)",
        "shotsAgainst": "51.2% (31.7) // 54.1% (32.1) // 55.3% (31.3) // 52.7% (29.7)",
        "scoringAgainst": "50.1% (29.5) // 55.5% (31.5) // 57.1% (28.2) // 52.4% (26.0)",
        "oppCorsi": "46.6% (60.1) // 43.5% (53.4) // 44.5% (52.3) // 42.0% (49.6)",
        "oppFenwick": "46.8% (42.7) // 44.5% (39.0) // 43.3% (36.0) // 41.1% (34.4)",
        "oppShots": "46.0% (28.9) // 43.1% (26.4) // 41.2% (23.9) // 38.9% (22.5)",
        "oppScoring": "46.4% (28.0) // 42.0% (25.6) // 41.2% (23.4) // 38.8% (21.2)",
        "oppCorsiAgainst": "53.4% (68.7) // 56.5% (69.4) // 55.5% (65.2) // 58.0% (68.5)",
        "oppFenwickAgainst": "53.2% (48.6) // 55.5% (48.6) // 56.7% (47.2) // 58.9% (49.2)",
        "oppShotsAgainst": "54.0% (33.9) // 56.9% (34.9) // 58.8% (34.1) // 61.1% (35.4)",
        "oppScoringAgainst": "53.6% (32.3) // 58.0% (35.4) // 58.8% (33.4) // 61.2% (33.5)",
        "totalOver": 51,
        "totalOverLast5": 60,
        "totalOverLast15": 53,
        "lastTotalOver": 52,
        "last5": "2,0,2,1,2,3,2,4,0,1",
        "fd": "0",
        "dk": "-160/+124",
        "kambi": "0",
        "lowest": "-160 DK",
        "implied": 61.53846153846154,
        "overOdds": "-160",
        "underOdds": "+124",
        "overUnder": "-160 / +124"
    },
    {
        "player": "Charlie Coyle",
        "team": "BOS",
        "opponent": "CBJ",
        "propType": "atgs",
        "line": 0.5,
        "ppLine": "PP2",
        "avg": 0.0,
        "hit": false,
        "diffAvg": 0,
        "diffAbs": 1.0,
        "lastAvg": 0.0,
        "diff": 0,
        "avgMin": 17,
        "proj": 0.0,
        "lastAvgMin": 16.98,
        "oppOver": 0,
        "teamOver": 0,
        "gameLine": "-230",
        "+/-": "+3",
        "L5_+/-": 0.0,
        "prevMatchup": "2023-12-03 0.0 atgs 2023-11-27 0.0 atgs",
        "winLossSplits": "0% - 0%",
        "awayHome": "A",
        "playedYesterday": "N",
        "awayHomeSplits": "0% - 0%",
        "savesAboveExp": -0.547,
        "gsaa": -4.83,
        "corsi": "48.2% (58.0) // 46.0% (53.4) // 43.1% (47.0) // 44.2% (48.0)",
        "fenwick": "48.4% (42.6) // 46.0% (39.4) // 43.4% (34.2) // 45.5% (35.3)",
        "shots": "48.8% (30.2) // 45.9% (27.2) // 44.7% (25.2) // 47.3% (26.7)",
        "scoring": "49.9% (29.4) // 44.5% (25.3) // 42.9% (21.2) // 47.6% (23.7)",
        "corsiAgainst": "51.8% (62.4) // 54.0% (62.8) // 56.9% (62.0) // 55.8% (60.7)",
        "fenwickAgainst": "51.6% (45.5) // 54.0% (46.1) // 56.6% (44.8) // 54.5% (42.3)",
        "shotsAgainst": "51.2% (31.7) // 54.1% (32.1) // 55.3% (31.3) // 52.7% (29.7)",
        "scoringAgainst": "50.1% (29.5) // 55.5% (31.5) // 57.1% (28.2) // 52.4% (26.0)",
        "oppCorsi": "46.6% (60.1) // 43.5% (53.4) // 44.5% (52.3) // 42.0% (49.6)",
        "oppFenwick": "46.8% (42.7) // 44.5% (39.0) // 43.3% (36.0) // 41.1% (34.4)",
        "oppShots": "46.0% (28.9) // 43.1% (26.4) // 41.2% (23.9) // 38.9% (22.5)",
        "oppScoring": "46.4% (28.0) // 42.0% (25.6) // 41.2% (23.4) // 38.8% (21.2)",
        "oppCorsiAgainst": "53.4% (68.7) // 56.5% (69.4) // 55.5% (65.2) // 58.0% (68.5)",
        "oppFenwickAgainst": "53.2% (48.6) // 55.5% (48.6) // 56.7% (47.2) // 58.9% (49.2)",
        "oppShotsAgainst": "54.0% (33.9) // 56.9% (34.9) // 58.8% (34.1) // 61.1% (35.4)",
        "oppScoringAgainst": "53.6% (32.3) // 58.0% (35.4) // 58.8% (33.4) // 61.2% (33.5)",
        "totalOver": 0,
        "totalOverLast5": 0,
        "totalOverLast15": 0,
        "lastTotalOver": 0,
        "last5": "0,0,0,0,0,0,0,0,0,0",
        "fd": "0",
        "dk": "+230",
        "kambi": "240",
        "lowest": "240 BR",
        "implied": 29.411764705882355,
        "overOdds": "+230",
        "underOdds": "0",
        "overUnder": "+230 / 0"
    },
    {
        "player": "Charlie Mcavoy",
        "team": "BOS",
        "opponent": "CBJ",
        "propType": "ast",
        "line": 0.5,
        "ppLine": "PP1",
        "avg": 0.78,
        "hit": false,
        "diffAvg": 0.56,
        "diffAbs": 0.4,
        "lastAvg": 0.61,
        "diff": 0.22,
        "avgMin": 24,
        "proj": 0.7,
        "lastAvgMin": 22.3,
        "oppOver": 0,
        "teamOver": 0,
        "gameLine": "-230",
        "+/-": -4,
        "L5_+/-": -2.0,
        "prevMatchup": "2023-12-03 2.0 ast 2023-11-27 1.0 ast",
        "winLossSplits": "53% - 50%",
        "awayHome": "A",
        "playedYesterday": "N",
        "awayHomeSplits": "53% - 50%",
        "savesAboveExp": -0.547,
        "gsaa": -4.83,
        "corsi": "48.2% (58.0) // 46.0% (53.4) // 43.1% (47.0) // 44.2% (48.0)",
        "fenwick": "48.4% (42.6) // 46.0% (39.4) // 43.4% (34.2) // 45.5% (35.3)",
        "shots": "48.8% (30.2) // 45.9% (27.2) // 44.7% (25.2) // 47.3% (26.7)",
        "scoring": "49.9% (29.4) // 44.5% (25.3) // 42.9% (21.2) // 47.6% (23.7)",
        "corsiAgainst": "51.8% (62.4) // 54.0% (62.8) // 56.9% (62.0) // 55.8% (60.7)",
        "fenwickAgainst": "51.6% (45.5) // 54.0% (46.1) // 56.6% (44.8) // 54.5% (42.3)",
        "shotsAgainst": "51.2% (31.7) // 54.1% (32.1) // 55.3% (31.3) // 52.7% (29.7)",
        "scoringAgainst": "50.1% (29.5) // 55.5% (31.5) // 57.1% (28.2) // 52.4% (26.0)",
        "oppCorsi": "46.6% (60.1) // 43.5% (53.4) // 44.5% (52.3) // 42.0% (49.6)",
        "oppFenwick": "46.8% (42.7) // 44.5% (39.0) // 43.3% (36.0) // 41.1% (34.4)",
        "oppShots": "46.0% (28.9) // 43.1% (26.4) // 41.2% (23.9) // 38.9% (22.5)",
        "oppScoring": "46.4% (28.0) // 42.0% (25.6) // 41.2% (23.4) // 38.8% (21.2)",
        "oppCorsiAgainst": "53.4% (68.7) // 56.5% (69.4) // 55.5% (65.2) // 58.0% (68.5)",
        "oppFenwickAgainst": "53.2% (48.6) // 55.5% (48.6) // 56.7% (47.2) // 58.9% (49.2)",
        "oppShotsAgainst": "54.0% (33.9) // 56.9% (34.9) // 58.8% (34.1) // 61.1% (35.4)",
        "oppScoringAgainst": "53.6% (32.3) // 58.0% (35.4) // 58.8% (33.4) // 61.2% (33.5)",
        "totalOver": 52,
        "totalOverLast5": 80,
        "totalOverLast15": 47,
        "lastTotalOver": 49,
        "last5": "3,1,1,1,0,0,0,2,0,1",
        "fd": "0",
        "dk": "-145/+114",
        "kambi": "0",
        "lowest": "-145 DK",
        "implied": 59.183673469387756,
        "overOdds": "-145",
        "underOdds": "+114",
        "overUnder": "-145 / +114"
    },
    {
        "player": "Charlie Mcavoy",
        "team": "BOS",
        "opponent": "CBJ",
        "propType": "pts",
        "line": 0.5,
        "ppLine": "PP1",
        "avg": 0.89,
        "hit": false,
        "diffAvg": 0.78,
        "diffAbs": 0.6,
        "lastAvg": 0.7,
        "diff": 0.4,
        "avgMin": 24,
        "proj": 0.8,
        "lastAvgMin": 22.3,
        "oppOver": 0,
        "teamOver": 0,
        "gameLine": "-230",
        "+/-": -4,
        "L5_+/-": -2.0,
        "prevMatchup": "2023-12-03 2.0 pts 2023-11-27 1.0 pts",
        "winLossSplits": "71% - 50%",
        "awayHome": "A",
        "playedYesterday": "N",
        "awayHomeSplits": "53% - 75%",
        "savesAboveExp": -0.547,
        "gsaa": -4.83,
        "corsi": "48.2% (58.0) // 46.0% (53.4) // 43.1% (47.0) // 44.2% (48.0)",
        "fenwick": "48.4% (42.6) // 46.0% (39.4) // 43.4% (34.2) // 45.5% (35.3)",
        "shots": "48.8% (30.2) // 45.9% (27.2) // 44.7% (25.2) // 47.3% (26.7)",
        "scoring": "49.9% (29.4) // 44.5% (25.3) // 42.9% (21.2) // 47.6% (23.7)",
        "corsiAgainst": "51.8% (62.4) // 54.0% (62.8) // 56.9% (62.0) // 55.8% (60.7)",
        "fenwickAgainst": "51.6% (45.5) // 54.0% (46.1) // 56.6% (44.8) // 54.5% (42.3)",
        "shotsAgainst": "51.2% (31.7) // 54.1% (32.1) // 55.3% (31.3) // 52.7% (29.7)",
        "scoringAgainst": "50.1% (29.5) // 55.5% (31.5) // 57.1% (28.2) // 52.4% (26.0)",
        "oppCorsi": "46.6% (60.1) // 43.5% (53.4) // 44.5% (52.3) // 42.0% (49.6)",
        "oppFenwick": "46.8% (42.7) // 44.5% (39.0) // 43.3% (36.0) // 41.1% (34.4)",
        "oppShots": "46.0% (28.9) // 43.1% (26.4) // 41.2% (23.9) // 38.9% (22.5)",
        "oppScoring": "46.4% (28.0) // 42.0% (25.6) // 41.2% (23.4) // 38.8% (21.2)",
        "oppCorsiAgainst": "53.4% (68.7) // 56.5% (69.4) // 55.5% (65.2) // 58.0% (68.5)",
        "oppFenwickAgainst": "53.2% (48.6) // 55.5% (48.6) // 56.7% (47.2) // 58.9% (49.2)",
        "oppShotsAgainst": "54.0% (33.9) // 56.9% (34.9) // 58.8% (34.1) // 61.1% (35.4)",
        "oppScoringAgainst": "53.6% (32.3) // 58.0% (35.4) // 58.8% (33.4) // 61.2% (33.5)",
        "totalOver": 63,
        "totalOverLast5": 80,
        "totalOverLast15": 47,
        "lastTotalOver": 54,
        "last5": "3,1,1,1,0,0,0,2,0,1",
        "fd": "0",
        "dk": "-180/+140",
        "kambi": "0",
        "lowest": "-180 DK",
        "implied": 64.28571428571429,
        "overOdds": "-180",
        "underOdds": "+140",
        "overUnder": "-180 / +140"
    },
    {
        "player": "Charlie Mcavoy",
        "team": "BOS",
        "opponent": "CBJ",
        "propType": "sog",
        "line": 1.5,
        "ppLine": "PP1",
        "avg": 1.78,
        "hit": false,
        "diffAvg": 0.19,
        "diffAbs": 0.0,
        "lastAvg": 1.42,
        "diff": -0.05,
        "avgMin": 24,
        "proj": 1.5,
        "lastAvgMin": 22.3,
        "oppOver": 0,
        "teamOver": 0,
        "gameLine": "-230",
        "+/-": -4,
        "L5_+/-": -2.0,
        "prevMatchup": "2023-12-03 4.0 sog 2023-11-27 1.0 sog",
        "winLossSplits": "53% - 30%",
        "awayHome": "A",
        "playedYesterday": "N",
        "awayHomeSplits": "33% - 58%",
        "savesAboveExp": -0.547,
        "gsaa": -4.83,
        "corsi": "48.2% (58.0) // 46.0% (53.4) // 43.1% (47.0) // 44.2% (48.0)",
        "fenwick": "48.4% (42.6) // 46.0% (39.4) // 43.4% (34.2) // 45.5% (35.3)",
        "shots": "48.8% (30.2) // 45.9% (27.2) // 44.7% (25.2) // 47.3% (26.7)",
        "scoring": "49.9% (29.4) // 44.5% (25.3) // 42.9% (21.2) // 47.6% (23.7)",
        "corsiAgainst": "51.8% (62.4) // 54.0% (62.8) // 56.9% (62.0) // 55.8% (60.7)",
        "fenwickAgainst": "51.6% (45.5) // 54.0% (46.1) // 56.6% (44.8) // 54.5% (42.3)",
        "shotsAgainst": "51.2% (31.7) // 54.1% (32.1) // 55.3% (31.3) // 52.7% (29.7)",
        "scoringAgainst": "50.1% (29.5) // 55.5% (31.5) // 57.1% (28.2) // 52.4% (26.0)",
        "oppCorsi": "46.6% (60.1) // 43.5% (53.4) // 44.5% (52.3) // 42.0% (49.6)",
        "oppFenwick": "46.8% (42.7) // 44.5% (39.0) // 43.3% (36.0) // 41.1% (34.4)",
        "oppShots": "46.0% (28.9) // 43.1% (26.4) // 41.2% (23.9) // 38.9% (22.5)",
        "oppScoring": "46.4% (28.0) // 42.0% (25.6) // 41.2% (23.4) // 38.8% (21.2)",
        "oppCorsiAgainst": "53.4% (68.7) // 56.5% (69.4) // 55.5% (65.2) // 58.0% (68.5)",
        "oppFenwickAgainst": "53.2% (48.6) // 55.5% (48.6) // 56.7% (47.2) // 58.9% (49.2)",
        "oppShotsAgainst": "54.0% (33.9) // 56.9% (34.9) // 58.8% (34.1) // 61.1% (35.4)",
        "oppScoringAgainst": "53.6% (32.3) // 58.0% (35.4) // 58.8% (33.4) // 61.2% (33.5)",
        "totalOver": 44,
        "totalOverLast5": 20,
        "totalOverLast15": 27,
        "lastTotalOver": 49,
        "last5": "1,2,1,0,1,1,0,4,1,3",
        "fd": "0",
        "dk": "-166/+130",
        "kambi": "0",
        "lowest": "-166 DK",
        "implied": 62.40601503759399,
        "overOdds": "-166",
        "underOdds": "+130",
        "overUnder": "-166 / +130"
    },
    {
        "player": "Charlie Mcavoy",
        "team": "BOS",
        "opponent": "CBJ",
        "propType": "atgs",
        "line": 0.5,
        "ppLine": "PP1",
        "avg": 0.0,
        "hit": false,
        "diffAvg": 0,
        "diffAbs": 1.0,
        "lastAvg": 0.0,
        "diff": 0,
        "avgMin": 24,
        "proj": 0.0,
        "lastAvgMin": 22.3,
        "oppOver": 0,
        "teamOver": 0,
        "gameLine": "-230",
        "+/-": -4,
        "L5_+/-": -2.0,
        "prevMatchup": "2023-12-03 0.0 atgs 2023-11-27 0.0 atgs",
        "winLossSplits": "0% - 0%",
        "awayHome": "A",
        "playedYesterday": "N",
        "awayHomeSplits": "0% - 0%",
        "savesAboveExp": -0.547,
        "gsaa": -4.83,
        "corsi": "48.2% (58.0) // 46.0% (53.4) // 43.1% (47.0) // 44.2% (48.0)",
        "fenwick": "48.4% (42.6) // 46.0% (39.4) // 43.4% (34.2) // 45.5% (35.3)",
        "shots": "48.8% (30.2) // 45.9% (27.2) // 44.7% (25.2) // 47.3% (26.7)",
        "scoring": "49.9% (29.4) // 44.5% (25.3) // 42.9% (21.2) // 47.6% (23.7)",
        "corsiAgainst": "51.8% (62.4) // 54.0% (62.8) // 56.9% (62.0) // 55.8% (60.7)",
        "fenwickAgainst": "51.6% (45.5) // 54.0% (46.1) // 56.6% (44.8) // 54.5% (42.3)",
        "shotsAgainst": "51.2% (31.7) // 54.1% (32.1) // 55.3% (31.3) // 52.7% (29.7)",
        "scoringAgainst": "50.1% (29.5) // 55.5% (31.5) // 57.1% (28.2) // 52.4% (26.0)",
        "oppCorsi": "46.6% (60.1) // 43.5% (53.4) // 44.5% (52.3) // 42.0% (49.6)",
        "oppFenwick": "46.8% (42.7) // 44.5% (39.0) // 43.3% (36.0) // 41.1% (34.4)",
        "oppShots": "46.0% (28.9) // 43.1% (26.4) // 41.2% (23.9) // 38.9% (22.5)",
        "oppScoring": "46.4% (28.0) // 42.0% (25.6) // 41.2% (23.4) // 38.8% (21.2)",
        "oppCorsiAgainst": "53.4% (68.7) // 56.5% (69.4) // 55.5% (65.2) // 58.0% (68.5)",
        "oppFenwickAgainst": "53.2% (48.6) // 55.5% (48.6) // 56.7% (47.2) // 58.9% (49.2)",
        "oppShotsAgainst": "54.0% (33.9) // 56.9% (34.9) // 58.8% (34.1) // 61.1% (35.4)",
        "oppScoringAgainst": "53.6% (32.3) // 58.0% (35.4) // 58.8% (33.4) // 61.2% (33.5)",
        "totalOver": 0,
        "totalOverLast5": 0,
        "totalOverLast15": 0,
