[
    {
        "player": "Igor Shesterkin",
        "team": "NYR",
        "opponent": "CHI",
        "propType": "saves",
        "line": 23.5,
        "ppLine": "",
        "avg": 26.87,
        "hit": false,
        "diffAvg": 0.14,
        "diffAbs": 0.02,
        "lastAvg": 23.86,
        "diff": 0.02,
        "avgMin": 58,
        "proj": 23.0,
        "lastAvgMin": 60.15,
        "oppOver": 0,
        "teamOver": 78,
        "gameLine": "-470",
        "+/-": 0,
        "L5_+/-": 0,
        "prevMatchup": "",
        "winLossSplits": "93% - 50%",
        "awayHome": "H",
        "playedYesterday": "N",
        "awayHomeSplits": "86% - 67%",
        "savesAboveExp": 0.388,
        "gsaa": 2.17,
        "corsi": "49.3% (59.3) // 50.6% (60.7) // 43.5% (49.2) // 42.4% (49.0)",
        "fenwick": "50.1% (44.1) // 50.5% (44.7) // 46.8% (40.0) // 45.1% (38.7)",
        "shots": "50.7% (30.4) // 52.3% (32.0) // 48.7% (28.8) // 47.2% (28.0)",
        "scoring": "50.4% (28.9) // 51.9% (29.8) // 45.5% (24.0) // 41.9% (22.3)",
        "corsiAgainst": "50.7% (61.1) // 49.4% (59.4) // 56.5% (64.0) // 57.6% (66.7)",
        "fenwickAgainst": "49.9% (43.9) // 49.5% (43.9) // 53.2% (45.5) // 54.9% (47.0)",
        "shotsAgainst": "49.3% (29.5) // 47.7% (29.2) // 51.3% (30.2) // 52.8% (31.3)",
        "scoringAgainst": "49.6% (28.5) // 48.1% (27.6) // 54.5% (28.8) // 58.1% (31.0)",
        "oppCorsi": "44.4% (51.6) // 41.4% (47.7) // 40.4% (50.0) // 42.0% (52.3)",
        "oppFenwick": "44.3% (37.1) // 42.0% (35.1) // 40.3% (35.9) // 42.0% (37.3)",
        "oppShots": "44.3% (26.2) // 40.7% (23.2) // 39.8% (24.0) // 39.8% (24.0)",
        "oppScoring": "43.1% (24.7) // 38.1% (20.4) // 37.5% (21.9) // 37.7% (22.4)",
        "oppCorsiAgainst": "55.6% (64.6) // 58.6% (67.7) // 59.6% (73.8) // 58.0% (72.1)",
        "oppFenwickAgainst": "55.7% (46.6) // 58.0% (48.5) // 59.7% (53.2) // 58.0% (51.6)",
        "oppShotsAgainst": "55.7% (33.0) // 59.3% (33.8) // 60.2% (36.4) // 60.2% (36.4)",
        "oppScoringAgainst": "56.9% (32.7) // 61.9% (33.0) // 62.5% (36.4) // 62.3% (37.0)",
        "totalOver": 78,
        "totalOverLast5": 80,
        "totalOverLast15": 73,
        "lastTotalOver": 69,
        "last5": "21,34,26,27,31,21,23,25,30,38",
        "fd": "-118/-108",
        "dk": "-120/-110",
        "kambi": "0",
        "lowest": "-118 FD",
        "implied": 54.12844036697248,
        "overOdds": "-120",
        "underOdds": "-110",
        "overUnder": "-120 / -110"
    },
    {
        "player": "Petr Mrazek",
        "team": "CHI",
        "opponent": "NYR",
        "propType": "saves",
        "line": 29.5,
        "ppLine": "",
        "avg": 27.67,
        "hit": false,
        "diffAvg": -0.06,
        "diffAbs": 0.06,
        "lastAvg": 28.62,
        "diff": -0.03,
        "avgMin": 54,
        "proj": 27.8,
        "lastAvgMin": 55.52,
        "oppOver": 0,
        "teamOver": 54,
        "gameLine": "+360",
        "+/-": 0,
        "L5_+/-": 0,
        "prevMatchup": "",
        "winLossSplits": "89% - 33%",
        "awayHome": "A",
        "playedYesterday": "N",
        "awayHomeSplits": "46% - 64%",
        "savesAboveExp": -0.91,
        "gsaa": 0.7,
        "corsi": "44.4% (51.6) // 41.4% (47.7) // 40.4% (50.0) // 42.0% (52.3)",
        "fenwick": "44.3% (37.1) // 42.0% (35.1) // 40.3% (35.9) // 42.0% (37.3)",
        "shots": "44.3% (26.2) // 40.7% (23.2) // 39.8% (24.0) // 39.8% (24.0)",
        "scoring": "43.1% (24.7) // 38.1% (20.4) // 37.5% (21.9) // 37.7% (22.4)",
        "corsiAgainst": "55.6% (64.6) // 58.6% (67.7) // 59.6% (73.8) // 58.0% (72.1)",
        "fenwickAgainst": "55.7% (46.6) // 58.0% (48.5) // 59.7% (53.2) // 58.0% (51.6)",
        "shotsAgainst": "55.7% (33.0) // 59.3% (33.8) // 60.2% (36.4) // 60.2% (36.4)",
        "scoringAgainst": "56.9% (32.7) // 61.9% (33.0) // 62.5% (36.4) // 62.3% (37.0)",
        "oppCorsi": "49.3% (59.3) // 50.6% (60.7) // 43.5% (49.2) // 42.4% (49.0)",
        "oppFenwick": "50.1% (44.1) // 50.5% (44.7) // 46.8% (40.0) // 45.1% (38.7)",
        "oppShots": "50.7% (30.4) // 52.3% (32.0) // 48.7% (28.8) // 47.2% (28.0)",
        "oppScoring": "50.4% (28.9) // 51.9% (29.8) // 45.5% (24.0) // 41.9% (22.3)",
        "oppCorsiAgainst": "50.7% (61.1) // 49.4% (59.4) // 56.5% (64.0) // 57.6% (66.7)",
        "oppFenwickAgainst": "49.9% (43.9) // 49.5% (43.9) // 53.2% (45.5) // 54.9% (47.0)",
        "oppShotsAgainst": "49.3% (29.5) // 47.7% (29.2) // 51.3% (30.2) // 52.8% (31.3)",
        "oppScoringAgainst": "49.6% (28.5) // 48.1% (27.6) // 54.5% (28.8) // 58.1% (31.0)",
        "totalOver": 54,
        "totalOverLast5": 60,
        "totalOverLast15": 47,
        "lastTotalOver": 43,
        "last5": "25,30,37,23,35,22,5,25,38,37",
        "fd": "-108/-118",
        "dk": "-110/-120",
        "kambi": "0",
        "lowest": "-108 FD",
        "implied": 51.92307692307693,
        "overOdds": "-110",
        "underOdds": "-120",
        "overUnder": "-110 / -120"
    },
    {
        "player": "Adam Fox",
        "team": "NYR",
        "opponent": "CHI",
        "propType": "ast",
        "line": 0.5,
        "ppLine": "PP1",
        "avg": 0.81,
        "hit": false,
        "diffAvg": 0.62,
        "diffAbs": 0.2,
        "lastAvg": 0.67,
        "diff": 0.34,
        "avgMin": 22,
        "proj": 0.6,
        "lastAvgMin": 24.37,
        "oppOver": 0,
        "teamOver": 0,
        "gameLine": "-470",
        "+/-": "+1",
        "L5_+/-": "+2.0",
        "prevMatchup": "",
        "winLossSplits": "78% - 38%",
        "awayHome": "H",
        "playedYesterday": "N",
        "awayHomeSplits": "71% - 58%",
        "savesAboveExp": -0.91,
        "gsaa": 0.7,
        "corsi": "49.3% (59.3) // 50.6% (60.7) // 43.5% (49.2) // 42.4% (49.0)",
        "fenwick": "50.1% (44.1) // 50.5% (44.7) // 46.8% (40.0) // 45.1% (38.7)",
        "shots": "50.7% (30.4) // 52.3% (32.0) // 48.7% (28.8) // 47.2% (28.0)",
        "scoring": "50.4% (28.9) // 51.9% (29.8) // 45.5% (24.0) // 41.9% (22.3)",
        "corsiAgainst": "50.7% (61.1) // 49.4% (59.4) // 56.5% (64.0) // 57.6% (66.7)",
        "fenwickAgainst": "49.9% (43.9) // 49.5% (43.9) // 53.2% (45.5) // 54.9% (47.0)",
        "shotsAgainst": "49.3% (29.5) // 47.7% (29.2) // 51.3% (30.2) // 52.8% (31.3)",
        "scoringAgainst": "49.6% (28.5) // 48.1% (27.6) // 54.5% (28.8) // 58.1% (31.0)",
        "oppCorsi": "44.4% (51.6) // 41.4% (47.7) // 40.4% (50.0) // 42.0% (52.3)",
        "oppFenwick": "44.3% (37.1) // 42.0% (35.1) // 40.3% (35.9) // 42.0% (37.3)",
        "oppShots": "44.3% (26.2) // 40.7% (23.2) // 39.8% (24.0) // 39.8% (24.0)",
        "oppScoring": "43.1% (24.7) // 38.1% (20.4) // 37.5% (21.9) // 37.7% (22.4)",
        "oppCorsiAgainst": "55.6% (64.6) // 58.6% (67.7) // 59.6% (73.8) // 58.0% (72.1)",
        "oppFenwickAgainst": "55.7% (46.6) // 58.0% (48.5) // 59.7% (53.2) // 58.0% (51.6)",
        "oppShotsAgainst": "55.7% (33.0) // 59.3% (33.8) // 60.2% (36.4) // 60.2% (36.4)",
        "oppScoringAgainst": "56.9% (32.7) // 61.9% (33.0) // 62.5% (36.4) // 62.3% (37.0)",
        "totalOver": 65,
        "totalOverLast5": 60,
        "totalOverLast15": 60,
        "lastTotalOver": 54,
        "last5": "0,1,0,1,1,0,0,1,2,1",
        "fd": "-230",
        "dk": "-215/+165",
        "kambi": "0",
        "lowest": "-215 DK",
        "implied": 68.25396825396825,
        "overOdds": "-215",
        "underOdds": "+165",
        "overUnder": "-215 / +165"
    },
    {
        "player": "Adam Fox",
        "team": "NYR",
        "opponent": "CHI",
        "propType": "pts",
        "line": 1.5,
        "ppLine": "PP1",
        "avg": 0.92,
        "hit": false,
        "diffAvg": -0.39,
        "diffAbs": 0.53,
        "lastAvg": 0.8,
        "diff": -0.47,
        "avgMin": 22,
        "proj": 0.7,
        "lastAvgMin": 24.37,
        "oppOver": 0,
        "teamOver": 0,
        "gameLine": "-470",
        "+/-": "+1",
        "L5_+/-": "+2.0",
        "prevMatchup": "",
        "winLossSplits": "22% - 12%",
        "awayHome": "H",
        "playedYesterday": "N",
        "awayHomeSplits": "29% - 8%",
        "savesAboveExp": -0.91,
        "gsaa": 0.7,
        "corsi": "49.3% (59.3) // 50.6% (60.7) // 43.5% (49.2) // 42.4% (49.0)",
        "fenwick": "50.1% (44.1) // 50.5% (44.7) // 46.8% (40.0) // 45.1% (38.7)",
        "shots": "50.7% (30.4) // 52.3% (32.0) // 48.7% (28.8) // 47.2% (28.0)",
        "scoring": "50.4% (28.9) // 51.9% (29.8) // 45.5% (24.0) // 41.9% (22.3)",
        "corsiAgainst": "50.7% (61.1) // 49.4% (59.4) // 56.5% (64.0) // 57.6% (66.7)",
        "fenwickAgainst": "49.9% (43.9) // 49.5% (43.9) // 53.2% (45.5) // 54.9% (47.0)",
        "shotsAgainst": "49.3% (29.5) // 47.7% (29.2) // 51.3% (30.2) // 52.8% (31.3)",
        "scoringAgainst": "49.6% (28.5) // 48.1% (27.6) // 54.5% (28.8) // 58.1% (31.0)",
        "oppCorsi": "44.4% (51.6) // 41.4% (47.7) // 40.4% (50.0) // 42.0% (52.3)",
        "oppFenwick": "44.3% (37.1) // 42.0% (35.1) // 40.3% (35.9) // 42.0% (37.3)",
        "oppShots": "44.3% (26.2) // 40.7% (23.2) // 39.8% (24.0) // 39.8% (24.0)",
        "oppScoring": "43.1% (24.7) // 38.1% (20.4) // 37.5% (21.9) // 37.7% (22.4)",
        "oppCorsiAgainst": "55.6% (64.6) // 58.6% (67.7) // 59.6% (73.8) // 58.0% (72.1)",
        "oppFenwickAgainst": "55.7% (46.6) // 58.0% (48.5) // 59.7% (53.2) // 58.0% (51.6)",
        "oppShotsAgainst": "55.7% (33.0) // 59.3% (33.8) // 60.2% (36.4) // 60.2% (36.4)",
        "oppScoringAgainst": "56.9% (32.7) // 61.9% (33.0) // 62.5% (36.4) // 62.3% (37.0)",
        "totalOver": 19,
        "totalOverLast5": 0,
        "totalOverLast15": 7,
        "lastTotalOver": 18,
        "last5": "0,1,0,1,1,0,0,1,2,1",
        "fd": "+162",
        "dk": "+170/-220",
        "kambi": "160/-215",
        "lowest": "170 DK",
        "implied": 37.03703703703704,
        "overOdds": "+170",
        "underOdds": "-220",
        "overUnder": "+170 / -220"
    },
    {
        "player": "Adam Fox",
        "team": "NYR",
        "opponent": "CHI",
        "propType": "sog",
        "line": 1.5,
        "ppLine": "PP1",
        "avg": 1.54,
        "hit": false,
        "diffAvg": 0.03,
        "diffAbs": 0.07,
        "lastAvg": 1.77,
        "diff": 0.18,
        "avgMin": 22,
        "proj": 1.6,
        "lastAvgMin": 24.37,
        "oppOver": 0,
        "teamOver": 0,
        "gameLine": "-470",
        "+/-": "+1",
        "L5_+/-": "+2.0",
        "prevMatchup": "",
        "winLossSplits": "44% - 62%",
        "awayHome": "H",
        "playedYesterday": "N",
        "awayHomeSplits": "50% - 50%",
        "savesAboveExp": -0.91,
        "gsaa": 0.7,
        "corsi": "49.3% (59.3) // 50.6% (60.7) // 43.5% (49.2) // 42.4% (49.0)",
        "fenwick": "50.1% (44.1) // 50.5% (44.7) // 46.8% (40.0) // 45.1% (38.7)",
        "shots": "50.7% (30.4) // 52.3% (32.0) // 48.7% (28.8) // 47.2% (28.0)",
        "scoring": "50.4% (28.9) // 51.9% (29.8) // 45.5% (24.0) // 41.9% (22.3)",
        "corsiAgainst": "50.7% (61.1) // 49.4% (59.4) // 56.5% (64.0) // 57.6% (66.7)",
        "fenwickAgainst": "49.9% (43.9) // 49.5% (43.9) // 53.2% (45.5) // 54.9% (47.0)",
        "shotsAgainst": "49.3% (29.5) // 47.7% (29.2) // 51.3% (30.2) // 52.8% (31.3)",
        "scoringAgainst": "49.6% (28.5) // 48.1% (27.6) // 54.5% (28.8) // 58.1% (31.0)",
        "oppCorsi": "44.4% (51.6) // 41.4% (47.7) // 40.4% (50.0) // 42.0% (52.3)",
        "oppFenwick": "44.3% (37.1) // 42.0% (35.1) // 40.3% (35.9) // 42.0% (37.3)",
        "oppShots": "44.3% (26.2) // 40.7% (23.2) // 39.8% (24.0) // 39.8% (24.0)",
        "oppScoring": "43.1% (24.7) // 38.1% (20.4) // 37.5% (21.9) // 37.7% (22.4)",
        "oppCorsiAgainst": "55.6% (64.6) // 58.6% (67.7) // 59.6% (73.8) // 58.0% (72.1)",
        "oppFenwickAgainst": "55.7% (46.6) // 58.0% (48.5) // 59.7% (53.2) // 58.0% (51.6)",
        "oppShotsAgainst": "55.7% (33.0) // 59.3% (33.8) // 60.2% (36.4) // 60.2% (36.4)",
        "oppScoringAgainst": "56.9% (32.7) // 61.9% (33.0) // 62.5% (36.4) // 62.3% (37.0)",
        "totalOver": 50,
        "totalOverLast5": 20,
        "totalOverLast15": 47,
        "lastTotalOver": 51,
        "last5": "1,0,1,4,1,3,1,2,2,1",
        "fd": "-152/+116",
        "dk": "-145/+114",
        "kambi": "-157/120",
        "lowest": "-145 DK",
        "implied": 59.183673469387756,
        "overOdds": "-145",
        "underOdds": "+114",
        "overUnder": "-145 / +114"
    },
    {
        "player": "Adam Fox",
        "team": "NYR",
        "opponent": "CHI",
        "propType": "atgs",
        "line": 0.5,
        "ppLine": "PP1",
        "avg": 0.0,
        "hit": false,
        "diffAvg": 0,
        "diffAbs": 1.0,
        "lastAvg": 0.0,
        "diff": 0,
        "avgMin": 22,
        "proj": 0.0,
        "lastAvgMin": 24.37,
        "oppOver": 0,
        "teamOver": 0,
        "gameLine": "-470",
        "+/-": "+1",
        "L5_+/-": "+2.0",
        "prevMatchup": "",
        "winLossSplits": "0% - 0%",
        "awayHome": "H",
        "playedYesterday": "N",
        "awayHomeSplits": "0% - 0%",
        "savesAboveExp": -0.91,
        "gsaa": 0.7,
        "corsi": "49.3% (59.3) // 50.6% (60.7) // 43.5% (49.2) // 42.4% (49.0)",
        "fenwick": "50.1% (44.1) // 50.5% (44.7) // 46.8% (40.0) // 45.1% (38.7)",
        "shots": "50.7% (30.4) // 52.3% (32.0) // 48.7% (28.8) // 47.2% (28.0)",
        "scoring": "50.4% (28.9) // 51.9% (29.8) // 45.5% (24.0) // 41.9% (22.3)",
        "corsiAgainst": "50.7% (61.1) // 49.4% (59.4) // 56.5% (64.0) // 57.6% (66.7)",
        "fenwickAgainst": "49.9% (43.9) // 49.5% (43.9) // 53.2% (45.5) // 54.9% (47.0)",
        "shotsAgainst": "49.3% (29.5) // 47.7% (29.2) // 51.3% (30.2) // 52.8% (31.3)",
        "scoringAgainst": "49.6% (28.5) // 48.1% (27.6) // 54.5% (28.8) // 58.1% (31.0)",
        "oppCorsi": "44.4% (51.6) // 41.4% (47.7) // 40.4% (50.0) // 42.0% (52.3)",
        "oppFenwick": "44.3% (37.1) // 42.0% (35.1) // 40.3% (35.9) // 42.0% (37.3)",
        "oppShots": "44.3% (26.2) // 40.7% (23.2) // 39.8% (24.0) // 39.8% (24.0)",
        "oppScoring": "43.1% (24.7) // 38.1% (20.4) // 37.5% (21.9) // 37.7% (22.4)",
        "oppCorsiAgainst": "55.6% (64.6) // 58.6% (67.7) // 59.6% (73.8) // 58.0% (72.1)",
        "oppFenwickAgainst": "55.7% (46.6) // 58.0% (48.5) // 59.7% (53.2) // 58.0% (51.6)",
        "oppShotsAgainst": "55.7% (33.0) // 59.3% (33.8) // 60.2% (36.4) // 60.2% (36.4)",
        "oppScoringAgainst": "56.9% (32.7) // 61.9% (33.0) // 62.5% (36.4) // 62.3% (37.0)",
        "totalOver": 0,
        "totalOverLast5": 0,
        "totalOverLast15": 0,
        "lastTotalOver": 0,
        "last5": "0,0,0,0,0,0,0,0,0,0",
        "fd": "0",
        "dk": "+500",
        "kambi": "310",
        "lowest": "500 DK",
        "implied": 16.666666666666664,
        "overOdds": "+500",
        "underOdds": "0",
        "overUnder": "+500 / 0"
    },
    {
        "player": "Alexis Lafreniere",
        "team": "NYR",
        "opponent": "CHI",
        "propType": "ast",
        "line": 0.5,
        "ppLine": "PP2",
        "avg": 0.33,
        "hit": false,
        "diffAvg": -0.34,
        "diffAbs": 0.4,
        "lastAvg": 0.26,
        "diff": -0.48,
        "avgMin": 17,
        "proj": 0.3,
        "lastAvgMin": 15.22,
        "oppOver": 0,
        "teamOver": 0,
        "gameLine": "-470",
        "+/-": -6,
        "L5_+/-": -3.0,
        "prevMatchup": "",
        "winLossSplits": "20% - 36%",
        "awayHome": "H",
        "playedYesterday": "N",
        "awayHomeSplits": "21% - 29%",
        "savesAboveExp": -0.91,
        "gsaa": 0.7,
        "corsi": "49.3% (59.3) // 50.6% (60.7) // 43.5% (49.2) // 42.4% (49.0)",
        "fenwick": "50.1% (44.1) // 50.5% (44.7) // 46.8% (40.0) // 45.1% (38.7)",
        "shots": "50.7% (30.4) // 52.3% (32.0) // 48.7% (28.8) // 47.2% (28.0)",
        "scoring": "50.4% (28.9) // 51.9% (29.8) // 45.5% (24.0) // 41.9% (22.3)",
        "corsiAgainst": "50.7% (61.1) // 49.4% (59.4) // 56.5% (64.0) // 57.6% (66.7)",
        "fenwickAgainst": "49.9% (43.9) // 49.5% (43.9) // 53.2% (45.5) // 54.9% (47.0)",
        "shotsAgainst": "49.3% (29.5) // 47.7% (29.2) // 51.3% (30.2) // 52.8% (31.3)",
        "scoringAgainst": "49.6% (28.5) // 48.1% (27.6) // 54.5% (28.8) // 58.1% (31.0)",
        "oppCorsi": "44.4% (51.6) // 41.4% (47.7) // 40.4% (50.0) // 42.0% (52.3)",
        "oppFenwick": "44.3% (37.1) // 42.0% (35.1) // 40.3% (35.9) // 42.0% (37.3)",
        "oppShots": "44.3% (26.2) // 40.7% (23.2) // 39.8% (24.0) // 39.8% (24.0)",
        "oppScoring": "43.1% (24.7) // 38.1% (20.4) // 37.5% (21.9) // 37.7% (22.4)",
        "oppCorsiAgainst": "55.6% (64.6) // 58.6% (67.7) // 59.6% (73.8) // 58.0% (72.1)",
        "oppFenwickAgainst": "55.7% (46.6) // 58.0% (48.5) // 59.7% (53.2) // 58.0% (51.6)",
        "oppShotsAgainst": "55.7% (33.0) // 59.3% (33.8) // 60.2% (36.4) // 60.2% (36.4)",
        "oppScoringAgainst": "56.9% (32.7) // 61.9% (33.0) // 62.5% (36.4) // 62.3% (37.0)",
        "totalOver": 25,
        "totalOverLast5": 40,
        "totalOverLast15": 33,
        "lastTotalOver": 21,
        "last5": "0,2,1,0,0,1,0,0,0,0",
        "fd": "0",
        "dk": "+200/-270",
        "kambi": "0",
        "lowest": "200 DK",
        "implied": 33.33333333333333,
        "overOdds": "+200",
        "underOdds": "-270",
        "overUnder": "+200 / -270"
    },
    {
        "player": "Alexis Lafreniere",
        "team": "NYR",
        "opponent": "CHI",
        "propType": "pts",
        "line": 0.5,
        "ppLine": "PP2",
        "avg": 0.61,
        "hit": false,
        "diffAvg": 0.22,
        "diffAbs": 0.0,
        "lastAvg": 0.44,
        "diff": -0.12,
        "avgMin": 17,
        "proj": 0.5,
        "lastAvgMin": 15.22,
        "oppOver": 0,
        "teamOver": 0,
        "gameLine": "-470",
        "+/-": -6,
        "L5_+/-": -3.0,
        "prevMatchup": "",
        "winLossSplits": "52% - 36%",
        "awayHome": "H",
        "playedYesterday": "N",
        "awayHomeSplits": "53% - 41%",
        "savesAboveExp": -0.91,
        "gsaa": 0.7,
        "corsi": "49.3% (59.3) // 50.6% (60.7) // 43.5% (49.2) // 42.4% (49.0)",
        "fenwick": "50.1% (44.1) // 50.5% (44.7) // 46.8% (40.0) // 45.1% (38.7)",
        "shots": "50.7% (30.4) // 52.3% (32.0) // 48.7% (28.8) // 47.2% (28.0)",
        "scoring": "50.4% (28.9) // 51.9% (29.8) // 45.5% (24.0) // 41.9% (22.3)",
        "corsiAgainst": "50.7% (61.1) // 49.4% (59.4) // 56.5% (64.0) // 57.6% (66.7)",
        "fenwickAgainst": "49.9% (43.9) // 49.5% (43.9) // 53.2% (45.5) // 54.9% (47.0)",
        "shotsAgainst": "49.3% (29.5) // 47.7% (29.2) // 51.3% (30.2) // 52.8% (31.3)",
        "scoringAgainst": "49.6% (28.5) // 48.1% (27.6) // 54.5% (28.8) // 58.1% (31.0)",
        "oppCorsi": "44.4% (51.6) // 41.4% (47.7) // 40.4% (50.0) // 42.0% (52.3)",
        "oppFenwick": "44.3% (37.1) // 42.0% (35.1) // 40.3% (35.9) // 42.0% (37.3)",
        "oppShots": "44.3% (26.2) // 40.7% (23.2) // 39.8% (24.0) // 39.8% (24.0)",
        "oppScoring": "43.1% (24.7) // 38.1% (20.4) // 37.5% (21.9) // 37.7% (22.4)",
        "oppCorsiAgainst": "55.6% (64.6) // 58.6% (67.7) // 59.6% (73.8) // 58.0% (72.1)",
        "oppFenwickAgainst": "55.7% (46.6) // 58.0% (48.5) // 59.7% (53.2) // 58.0% (51.6)",
        "oppShotsAgainst": "55.7% (33.0) // 59.3% (33.8) // 60.2% (36.4) // 60.2% (36.4)",
        "oppScoringAgainst": "56.9% (32.7) // 61.9% (33.0) // 62.5% (36.4) // 62.3% (37.0)",
        "totalOver": 47,
        "totalOverLast5": 60,
        "totalOverLast15": 47,
        "lastTotalOver": 33,
        "last5": "0,2,1,1,0,1,1,0,0,0",
        "fd": "0",
        "dk": "-110/-120",
        "kambi": "-121/-108",
        "lowest": "-110 DK",
        "implied": 52.38095238095239,
        "overOdds": "-110",
        "underOdds": "-120",
        "overUnder": "-110 / -120"
    },
    {
        "player": "Alexis Lafreniere",
        "team": "NYR",
        "opponent": "CHI",
        "propType": "sog",
        "line": 2.5,
        "ppLine": "PP2",
        "avg": 2.39,
        "hit": false,
        "diffAvg": -0.04,
        "diffAbs": 0.32,
        "lastAvg": 1.53,
        "diff": -0.39,
        "avgMin": 17,
        "proj": 1.7,
        "lastAvgMin": 15.22,
        "oppOver": 0,
        "teamOver": 0,
        "gameLine": "-470",
        "+/-": -6,
        "L5_+/-": -3.0,
        "prevMatchup": "",
        "winLossSplits": "44% - 55%",
        "awayHome": "H",
        "playedYesterday": "N",
        "awayHomeSplits": "37% - 59%",
        "savesAboveExp": -0.91,
        "gsaa": 0.7,
        "corsi": "49.3% (59.3) // 50.6% (60.7) // 43.5% (49.2) // 42.4% (49.0)",
        "fenwick": "50.1% (44.1) // 50.5% (44.7) // 46.8% (40.0) // 45.1% (38.7)",
        "shots": "50.7% (30.4) // 52.3% (32.0) // 48.7% (28.8) // 47.2% (28.0)",
        "scoring": "50.4% (28.9) // 51.9% (29.8) // 45.5% (24.0) // 41.9% (22.3)",
        "corsiAgainst": "50.7% (61.1) // 49.4% (59.4) // 56.5% (64.0) // 57.6% (66.7)",
        "fenwickAgainst": "49.9% (43.9) // 49.5% (43.9) // 53.2% (45.5) // 54.9% (47.0)",
        "shotsAgainst": "49.3% (29.5) // 47.7% (29.2) // 51.3% (30.2) // 52.8% (31.3)",
        "scoringAgainst": "49.6% (28.5) // 48.1% (27.6) // 54.5% (28.8) // 58.1% (31.0)",
        "oppCorsi": "44.4% (51.6) // 41.4% (47.7) // 40.4% (50.0) // 42.0% (52.3)",
        "oppFenwick": "44.3% (37.1) // 42.0% (35.1) // 40.3% (35.9) // 42.0% (37.3)",
        "oppShots": "44.3% (26.2) // 40.7% (23.2) // 39.8% (24.0) // 39.8% (24.0)",
        "oppScoring": "43.1% (24.7) // 38.1% (20.4) // 37.5% (21.9) // 37.7% (22.4)",
        "oppCorsiAgainst": "55.6% (64.6) // 58.6% (67.7) // 59.6% (73.8) // 58.0% (72.1)",
        "oppFenwickAgainst": "55.7% (46.6) // 58.0% (48.5) // 59.7% (53.2) // 58.0% (51.6)",
        "oppShotsAgainst": "55.7% (33.0) // 59.3% (33.8) // 60.2% (36.4) // 60.2% (36.4)",
        "oppScoringAgainst": "56.9% (32.7) // 61.9% (33.0) // 62.5% (36.4) // 62.3% (37.0)",
        "totalOver": 47,
        "totalOverLast5": 60,
        "totalOverLast15": 53,
        "lastTotalOver": 24,
        "last5": "3,1,2,3,3,4,2,2,4,0",
        "fd": "0",
        "dk": "-115/-115",
        "kambi": "0",
        "lowest": "-115 DK",
        "implied": 53.48837209302325,
        "overOdds": "-115",
        "underOdds": "-115",
        "overUnder": "-115 / -115"
    },
    {
        "player": "Alexis Lafreniere",
        "team": "NYR",
        "opponent": "CHI",
        "propType": "atgs",
        "line": 0.5,
        "ppLine": "PP2",
        "avg": 0.0,
        "hit": false,
        "diffAvg": 0,
        "diffAbs": 1.0,
        "lastAvg": 0.0,
        "diff": 0,
        "avgMin": 17,
        "proj": 0.0,
        "lastAvgMin": 15.22,
        "oppOver": 0,
        "teamOver": 0,
        "gameLine": "-470",
        "+/-": -6,
        "L5_+/-": -3.0,
        "prevMatchup": "",
        "winLossSplits": "0% - 0%",
        "awayHome": "H",
        "playedYesterday": "N",
        "awayHomeSplits": "0% - 0%",
        "savesAboveExp": -0.91,
        "gsaa": 0.7,
        "corsi": "49.3% (59.3) // 50.6% (60.7) // 43.5% (49.2) // 42.4% (49.0)",
        "fenwick": "50.1% (44.1) // 50.5% (44.7) // 46.8% (40.0) // 45.1% (38.7)",
        "shots": "50.7% (30.4) // 52.3% (32.0) // 48.7% (28.8) // 47.2% (28.0)",
        "scoring": "50.4% (28.9) // 51.9% (29.8) // 45.5% (24.0) // 41.9% (22.3)",
        "corsiAgainst": "50.7% (61.1) // 49.4% (59.4) // 56.5% (64.0) // 57.6% (66.7)",
        "fenwickAgainst": "49.9% (43.9) // 49.5% (43.9) // 53.2% (45.5) // 54.9% (47.0)",
        "shotsAgainst": "49.3% (29.5) // 47.7% (29.2) // 51.3% (30.2) // 52.8% (31.3)",
        "scoringAgainst": "49.6% (28.5) // 48.1% (27.6) // 54.5% (28.8) // 58.1% (31.0)",
        "oppCorsi": "44.4% (51.6) // 41.4% (47.7) // 40.4% (50.0) // 42.0% (52.3)",
        "oppFenwick": "44.3% (37.1) // 42.0% (35.1) // 40.3% (35.9) // 42.0% (37.3)",
        "oppShots": "44.3% (26.2) // 40.7% (23.2) // 39.8% (24.0) // 39.8% (24.0)",
        "oppScoring": "43.1% (24.7) // 38.1% (20.4) // 37.5% (21.9) // 37.7% (22.4)",
        "oppCorsiAgainst": "55.6% (64.6) // 58.6% (67.7) // 59.6% (73.8) // 58.0% (72.1)",
        "oppFenwickAgainst": "55.7% (46.6) // 58.0% (48.5) // 59.7% (53.2) // 58.0% (51.6)",
        "oppShotsAgainst": "55.7% (33.0) // 59.3% (33.8) // 60.2% (36.4) // 60.2% (36.4)",
        "oppScoringAgainst": "56.9% (32.7) // 61.9% (33.0) // 62.5% (36.4) // 62.3% (37.0)",
        "totalOver": 0,
        "totalOverLast5": 0,
        "totalOverLast15": 0,
        "lastTotalOver": 0,
        "last5": "0,0,0,0,0,0,0,0,0,0",
        "fd": "0",
        "dk": "+215",
        "kambi": "163",
        "lowest": "215 DK",
        "implied": 31.746031746031743,
        "overOdds": "+215",
        "underOdds": "0",
        "overUnder": "+215 / 0"
    },
    {
        "player": "Artemi Panarin",
        "team": "NYR",
        "opponent": "CHI",
        "propType": "ast",
        "line": 0.5,
        "ppLine": "PP1",
        "avg": 0.78,
        "hit": false,
        "diffAvg": 0.56,
        "diffAbs": 0.4,
        "lastAvg": 0.7,
        "diff": 0.4,
        "avgMin": 19,
        "proj": 0.7,
        "lastAvgMin": 19.6,
        "oppOver": 0,
        "teamOver": 0,
        "gameLine": "-470",
        "+/-": 0,
        "L5_+/-": "+1.0",
        "prevMatchup": "",
        "winLossSplits": "64% - 64%",
        "awayHome": "H",
        "playedYesterday": "N",
        "awayHomeSplits": "47% - 82%",
        "savesAboveExp": -0.91,
        "gsaa": 0.7,
        "corsi": "49.3% (59.3) // 50.6% (60.7) // 43.5% (49.2) // 42.4% (49.0)",
        "fenwick": "50.1% (44.1) // 50.5% (44.7) // 46.8% (40.0) // 45.1% (38.7)",
        "shots": "50.7% (30.4) // 52.3% (32.0) // 48.7% (28.8) // 47.2% (28.0)",
        "scoring": "50.4% (28.9) // 51.9% (29.8) // 45.5% (24.0) // 41.9% (22.3)",
        "corsiAgainst": "50.7% (61.1) // 49.4% (59.4) // 56.5% (64.0) // 57.6% (66.7)",
        "fenwickAgainst": "49.9% (43.9) // 49.5% (43.9) // 53.2% (45.5) // 54.9% (47.0)",
        "shotsAgainst": "49.3% (29.5) // 47.7% (29.2) // 51.3% (30.2) // 52.8% (31.3)",
        "scoringAgainst": "49.6% (28.5) // 48.1% (27.6) // 54.5% (28.8) // 58.1% (31.0)",
        "oppCorsi": "44.4% (51.6) // 41.4% (47.7) // 40.4% (50.0) // 42.0% (52.3)",
        "oppFenwick": "44.3% (37.1) // 42.0% (35.1) // 40.3% (35.9) // 42.0% (37.3)",
        "oppShots": "44.3% (26.2) // 40.7% (23.2) // 39.8% (24.0) // 39.8% (24.0)",
        "oppScoring": "43.1% (24.7) // 38.1% (20.4) // 37.5% (21.9) // 37.7% (22.4)",
        "oppCorsiAgainst": "55.6% (64.6) // 58.6% (67.7) // 59.6% (73.8) // 58.0% (72.1)",
        "oppFenwickAgainst": "55.7% (46.6) // 58.0% (48.5) // 59.7% (53.2) // 58.0% (51.6)",
        "oppShotsAgainst": "55.7% (33.0) // 59.3% (33.8) // 60.2% (36.4) // 60.2% (36.4)",
        "oppScoringAgainst": "56.9% (32.7) // 61.9% (33.0) // 62.5% (36.4) // 62.3% (37.0)",
        "totalOver": 64,
        "totalOverLast5": 40,
        "totalOverLast15": 53,
        "lastTotalOver": 48,
        "last5": "1,0,0,1,0,0,0,1,2,1",
        "fd": "-230",
        "dk": "-210/+160",
        "kambi": "0",
        "lowest": "-210 DK",
        "implied": 67.74193548387096,
        "overOdds": "-210",
        "underOdds": "+160",
        "overUnder": "-210 / +160"
    },
    {
        "player": "Artemi Panarin",
        "team": "NYR",
        "opponent": "CHI",
        "propType": "pts",
        "line": 1.5,
        "ppLine": "PP1",
        "avg": 1.42,
        "hit": false,
        "diffAvg": -0.05,
        "diffAbs": 0.33,
        "lastAvg": 1.02,
        "diff": -0.32,
        "avgMin": 19,
        "proj": 1.0,
        "lastAvgMin": 19.6,
        "oppOver": 0,
        "teamOver": 0,
        "gameLine": "-470",
        "+/-": 0,
        "L5_+/-": "+1.0",
        "prevMatchup": "",
        "winLossSplits": "56% - 18%",
        "awayHome": "H",
        "playedYesterday": "N",
        "awayHomeSplits": "47% - 41%",
        "savesAboveExp": -0.91,
        "gsaa": 0.7,
        "corsi": "49.3% (59.3) // 50.6% (60.7) // 43.5% (49.2) // 42.4% (49.0)",
        "fenwick": "50.1% (44.1) // 50.5% (44.7) // 46.8% (40.0) // 45.1% (38.7)",
        "shots": "50.7% (30.4) // 52.3% (32.0) // 48.7% (28.8) // 47.2% (28.0)",
        "scoring": "50.4% (28.9) // 51.9% (29.8) // 45.5% (24.0) // 41.9% (22.3)",
        "corsiAgainst": "50.7% (61.1) // 49.4% (59.4) // 56.5% (64.0) // 57.6% (66.7)",
        "fenwickAgainst": "49.9% (43.9) // 49.5% (43.9) // 53.2% (45.5) // 54.9% (47.0)",
        "shotsAgainst": "49.3% (29.5) // 47.7% (29.2) // 51.3% (30.2) // 52.8% (31.3)",
        "scoringAgainst": "49.6% (28.5) // 48.1% (27.6) // 54.5% (28.8) // 58.1% (31.0)",
        "oppCorsi": "44.4% (51.6) // 41.4% (47.7) // 40.4% (50.0) // 42.0% (52.3)",
        "oppFenwick": "44.3% (37.1) // 42.0% (35.1) // 40.3% (35.9) // 42.0% (37.3)",
        "oppShots": "44.3% (26.2) // 40.7% (23.2) // 39.8% (24.0) // 39.8% (24.0)",
        "oppScoring": "43.1% (24.7) // 38.1% (20.4) // 37.5% (21.9) // 37.7% (22.4)",
        "oppCorsiAgainst": "55.6% (64.6) // 58.6% (67.7) // 59.6% (73.8) // 58.0% (72.1)",
        "oppFenwickAgainst": "55.7% (46.6) // 58.0% (48.5) // 59.7% (53.2) // 58.0% (51.6)",
        "oppShotsAgainst": "55.7% (33.0) // 59.3% (33.8) // 60.2% (36.4) // 60.2% (36.4)",
        "oppScoringAgainst": "56.9% (32.7) // 61.9% (33.0) // 62.5% (36.4) // 62.3% (37.0)",
        "totalOver": 44,
        "totalOverLast5": 40,
        "totalOverLast15": 33,
        "lastTotalOver": 28,
        "last5": "1,3,1,2,1,0,1,1,2,1",
        "fd": "-113",
        "dk": "-110/-120",
        "kambi": "-117/-112",
        "lowest": "-110 DK",
        "implied": 52.38095238095239,
        "overOdds": "-110",
        "underOdds": "-120",
        "overUnder": "-110 / -120"
    },
    {
        "player": "Artemi Panarin",
        "team": "NYR",
        "opponent": "CHI",
        "propType": "sog",
        "line": 3.5,
        "ppLine": "PP1",
        "avg": 4.08,
        "hit": false,
        "diffAvg": 0.17,
        "diffAbs": 0.37,
        "lastAvg": 2.27,
        "diff": -0.35,
        "avgMin": 19,
        "proj": 2.2,
        "lastAvgMin": 19.6,
        "oppOver": 0,
        "teamOver": 0,
        "gameLine": "-470",
        "+/-": 0,
        "L5_+/-": "+1.0",
        "prevMatchup": "",
        "winLossSplits": "56% - 45%",
        "awayHome": "H",
        "playedYesterday": "N",
        "awayHomeSplits": "58% - 47%",
        "savesAboveExp": -0.91,
        "gsaa": 0.7,
        "corsi": "49.3% (59.3) // 50.6% (60.7) // 43.5% (49.2) // 42.4% (49.0)",
        "fenwick": "50.1% (44.1) // 50.5% (44.7) // 46.8% (40.0) // 45.1% (38.7)",
        "shots": "50.7% (30.4) // 52.3% (32.0) // 48.7% (28.8) // 47.2% (28.0)",
        "scoring": "50.4% (28.9) // 51.9% (29.8) // 45.5% (24.0) // 41.9% (22.3)",
        "corsiAgainst": "50.7% (61.1) // 49.4% (59.4) // 56.5% (64.0) // 57.6% (66.7)",
        "fenwickAgainst": "49.9% (43.9) // 49.5% (43.9) // 53.2% (45.5) // 54.9% (47.0)",
        "shotsAgainst": "49.3% (29.5) // 47.7% (29.2) // 51.3% (30.2) // 52.8% (31.3)",
        "scoringAgainst": "49.6% (28.5) // 48.1% (27.6) // 54.5% (28.8) // 58.1% (31.0)",
        "oppCorsi": "44.4% (51.6) // 41.4% (47.7) // 40.4% (50.0) // 42.0% (52.3)",
        "oppFenwick": "44.3% (37.1) // 42.0% (35.1) // 40.3% (35.9) // 42.0% (37.3)",
        "oppShots": "44.3% (26.2) // 40.7% (23.2) // 39.8% (24.0) // 39.8% (24.0)",
        "oppScoring": "43.1% (24.7) // 38.1% (20.4) // 37.5% (21.9) // 37.7% (22.4)",
        "oppCorsiAgainst": "55.6% (64.6) // 58.6% (67.7) // 59.6% (73.8) // 58.0% (72.1)",
        "oppFenwickAgainst": "55.7% (46.6) // 58.0% (48.5) // 59.7% (53.2) // 58.0% (51.6)",
        "oppShotsAgainst": "55.7% (33.0) // 59.3% (33.8) // 60.2% (36.4) // 60.2% (36.4)",
        "oppScoringAgainst": "56.9% (32.7) // 61.9% (33.0) // 62.5% (36.4) // 62.3% (37.0)",
        "totalOver": 53,
        "totalOverLast5": 60,
        "totalOverLast15": 53,
        "lastTotalOver": 29,
        "last5": "2,4,6,1,5,3,8,10,3,2",
        "fd": "-120/-108",
        "dk": "-110/-120",
        "kambi": "-112/-117",
        "lowest": "-110 DK",
        "implied": 52.38095238095239,
        "overOdds": "-110",
        "underOdds": "-120",
        "overUnder": "-110 / -120"
    },
    {
        "player": "Artemi Panarin",
        "team": "NYR",
        "opponent": "CHI",
        "propType": "atgs",
        "line": 0.5,
        "ppLine": "PP1",
        "avg": 0.0,
        "hit": false,
        "diffAvg": 0,
        "diffAbs": 1.0,
        "lastAvg": 0.0,
        "diff": 0,
        "avgMin": 19,
        "proj": 0.0,
        "lastAvgMin": 19.6,
        "oppOver": 0,
        "teamOver": 0,
        "gameLine": "-470",
        "+/-": 0,
        "L5_+/-": "+1.0",
        "prevMatchup": "",
        "winLossSplits": "0% - 0%",
        "awayHome": "H",
        "playedYesterday": "N",
        "awayHomeSplits": "0% - 0%",
        "savesAboveExp": -0.91,
        "gsaa": 0.7,
        "corsi": "49.3% (59.3) // 50.6% (60.7) // 43.5% (49.2) // 42.4% (49.0)",
        "fenwick": "50.1% (44.1) // 50.5% (44.7) // 46.8% (40.0) // 45.1% (38.7)",
        "shots": "50.7% (30.4) // 52.3% (32.0) // 48.7% (28.8) // 47.2% (28.0)",
        "scoring": "50.4% (28.9) // 51.9% (29.8) // 45.5% (24.0) // 41.9% (22.3)",
        "corsiAgainst": "50.7% (61.1) // 49.4% (59.4) // 56.5% (64.0) // 57.6% (66.7)",
        "fenwickAgainst": "49.9% (43.9) // 49.5% (43.9) // 53.2% (45.5) // 54.9% (47.0)",
        "shotsAgainst": "49.3% (29.5) // 47.7% (29.2) // 51.3% (30.2) // 52.8% (31.3)",
        "scoringAgainst": "49.6% (28.5) // 48.1% (27.6) // 54.5% (28.8) // 58.1% (31.0)",
        "oppCorsi": "44.4% (51.6) // 41.4% (47.7) // 40.4% (50.0) // 42.0% (52.3)",
        "oppFenwick": "44.3% (37.1) // 42.0% (35.1) // 40.3% (35.9) // 42.0% (37.3)",
        "oppShots": "44.3% (26.2) // 40.7% (23.2) // 39.8% (24.0) // 39.8% (24.0)",
        "oppScoring": "43.1% (24.7) // 38.1% (20.4) // 37.5% (21.9) // 37.7% (22.4)",
        "oppCorsiAgainst": "55.6% (64.6) // 58.6% (67.7) // 59.6% (73.8) // 58.0% (72.1)",
        "oppFenwickAgainst": "55.7% (46.6) // 58.0% (48.5) // 59.7% (53.2) // 58.0% (51.6)",
        "oppShotsAgainst": "55.7% (33.0) // 59.3% (33.8) // 60.2% (36.4) // 60.2% (36.4)",
        "oppScoringAgainst": "56.9% (32.7) // 61.9% (33.0) // 62.5% (36.4) // 62.3% (37.0)",
        "totalOver": 0,
        "totalOverLast5": 0,
        "totalOverLast15": 0,
        "lastTotalOver": 0,
        "last5": "0,0,0,0,0,0,0,0,0,0",
        "fd": "0",
        "dk": "+105",
        "kambi": "100",
        "lowest": "105 DK",
        "implied": 48.78048780487805,
        "overOdds": "+105",
        "underOdds": "0",
        "overUnder": "+105 / 0"
    },
    {
        "player": "Blake Wheeler",
        "team": "NYR",
        "opponent": "CHI",
        "propType": "ast",
        "line": 0.5,
        "ppLine": "PP2",
        "avg": 0.28,
        "hit": false,
        "diffAvg": -0.44,
        "diffAbs": 0.2,
        "lastAvg": 0.51,
        "diff": 0.02,
        "avgMin": 12,
        "proj": 0.4,
        "lastAvgMin": 17.03,
        "oppOver": 0,
        "teamOver": 0,
        "gameLine": "-470",
        "+/-": -1,
        "L5_+/-": "+2.0",
        "prevMatchup": "",
        "winLossSplits": "28% - 9%",
        "awayHome": "H",
        "playedYesterday": "N",
        "awayHomeSplits": "21% - 24%",
        "savesAboveExp": -0.91,
        "gsaa": 0.7,
        "corsi": "49.3% (59.3) // 50.6% (60.7) // 43.5% (49.2) // 42.4% (49.0)",
        "fenwick": "50.1% (44.1) // 50.5% (44.7) // 46.8% (40.0) // 45.1% (38.7)",
        "shots": "50.7% (30.4) // 52.3% (32.0) // 48.7% (28.8) // 47.2% (28.0)",
        "scoring": "50.4% (28.9) // 51.9% (29.8) // 45.5% (24.0) // 41.9% (22.3)",
        "corsiAgainst": "50.7% (61.1) // 49.4% (59.4) // 56.5% (64.0) // 57.6% (66.7)",
        "fenwickAgainst": "49.9% (43.9) // 49.5% (43.9) // 53.2% (45.5) // 54.9% (47.0)",
        "shotsAgainst": "49.3% (29.5) // 47.7% (29.2) // 51.3% (30.2) // 52.8% (31.3)",
        "scoringAgainst": "49.6% (28.5) // 48.1% (27.6) // 54.5% (28.8) // 58.1% (31.0)",
        "oppCorsi": "44.4% (51.6) // 41.4% (47.7) // 40.4% (50.0) // 42.0% (52.3)",
        "oppFenwick": "44.3% (37.1) // 42.0% (35.1) // 40.3% (35.9) // 42.0% (37.3)",
        "oppShots": "44.3% (26.2) // 40.7% (23.2) // 39.8% (24.0) // 39.8% (24.0)",
        "oppScoring": "43.1% (24.7) // 38.1% (20.4) // 37.5% (21.9) // 37.7% (22.4)",
        "oppCorsiAgainst": "55.6% (64.6) // 58.6% (67.7) // 59.6% (73.8) // 58.0% (72.1)",
        "oppFenwickAgainst": "55.7% (46.6) // 58.0% (48.5) // 59.7% (53.2) // 58.0% (51.6)",
        "oppShotsAgainst": "55.7% (33.0) // 59.3% (33.8) // 60.2% (36.4) // 60.2% (36.4)",
        "oppScoringAgainst": "56.9% (32.7) // 61.9% (33.0) // 62.5% (36.4) // 62.3% (37.0)",
        "totalOver": 22,
        "totalOverLast5": 60,
        "totalOverLast15": 33,
        "lastTotalOver": 46,
        "last5": "0,1,0,1,1,0,2,0,1,0",
        "fd": "0",
        "dk": "+195/-260",
        "kambi": "0",
        "lowest": "195 DK",
        "implied": 33.89830508474576,
        "overOdds": "+195",
        "underOdds": "-260",
        "overUnder": "+195 / -260"
    },
    {
        "player": "Blake Wheeler",
        "team": "NYR",
        "opponent": "CHI",
        "propType": "pts",
        "line": 0.5,
        "ppLine": "PP2",
        "avg": 0.42,
        "hit": false,
        "diffAvg": -0.16,
        "diffAbs": 0.0,
        "lastAvg": 0.71,
        "diff": 0.42,
        "avgMin": 12,
        "proj": 0.5,
        "lastAvgMin": 17.03,
        "oppOver": 0,
        "teamOver": 0,
        "gameLine": "-470",
        "+/-": -1,
        "L5_+/-": "+2.0",
        "prevMatchup": "",
        "winLossSplits": "36% - 27%",
        "awayHome": "H",
        "playedYesterday": "N",
        "awayHomeSplits": "26% - 41%",
        "savesAboveExp": -0.91,
        "gsaa": 0.7,
        "corsi": "49.3% (59.3) // 50.6% (60.7) // 43.5% (49.2) // 42.4% (49.0)",
        "fenwick": "50.1% (44.1) // 50.5% (44.7) // 46.8% (40.0) // 45.1% (38.7)",
        "shots": "50.7% (30.4) // 52.3% (32.0) // 48.7% (28.8) // 47.2% (28.0)",
        "scoring": "50.4% (28.9) // 51.9% (29.8) // 45.5% (24.0) // 41.9% (22.3)",
        "corsiAgainst": "50.7% (61.1) // 49.4% (59.4) // 56.5% (64.0) // 57.6% (66.7)",
        "fenwickAgainst": "49.9% (43.9) // 49.5% (43.9) // 53.2% (45.5) // 54.9% (47.0)",
        "shotsAgainst": "49.3% (29.5) // 47.7% (29.2) // 51.3% (30.2) // 52.8% (31.3)",
        "scoringAgainst": "49.6% (28.5) // 48.1% (27.6) // 54.5% (28.8) // 58.1% (31.0)",
        "oppCorsi": "44.4% (51.6) // 41.4% (47.7) // 40.4% (50.0) // 42.0% (52.3)",
        "oppFenwick": "44.3% (37.1) // 42.0% (35.1) // 40.3% (35.9) // 42.0% (37.3)",
        "oppShots": "44.3% (26.2) // 40.7% (23.2) // 39.8% (24.0) // 39.8% (24.0)",
        "oppScoring": "43.1% (24.7) // 38.1% (20.4) // 37.5% (21.9) // 37.7% (22.4)",
        "oppCorsiAgainst": "55.6% (64.6) // 58.6% (67.7) // 59.6% (73.8) // 58.0% (72.1)",
        "oppFenwickAgainst": "55.7% (46.6) // 58.0% (48.5) // 59.7% (53.2) // 58.0% (51.6)",
        "oppShotsAgainst": "55.7% (33.0) // 59.3% (33.8) // 60.2% (36.4) // 60.2% (36.4)",
        "oppScoringAgainst": "56.9% (32.7) // 61.9% (33.0) // 62.5% (36.4) // 62.3% (37.0)",
        "totalOver": 33,
        "totalOverLast5": 60,
        "totalOverLast15": 47,
        "lastTotalOver": 54,
        "last5": "0,1,0,1,1,1,2,0,1,2",
        "fd": "0",
        "dk": "+120/-150",
        "kambi": "114/-148",
        "lowest": "120 DK",
        "implied": 45.45454545454545,
        "overOdds": "+120",
        "underOdds": "-150",
        "overUnder": "+120 / -150"
    },
    {
        "player": "Blake Wheeler",
        "team": "NYR",
        "opponent": "CHI",
        "propType": "atgs",
        "line": 0.5,
