[
    {
        "player": "Akira Schmid",
        "team": "NJ",
        "opponent": "FLA",
        "propType": "saves",
        "line": 28.5,
        "ppLine": "",
        "avg": 21.28,
        "hit": false,
        "diffAvg": -0.25,
        "diffAbs": 0.54,
        "lastAvg": 13.93,
        "diff": -0.51,
        "avgMin": 47,
        "proj": 13.1,
        "lastAvgMin": 50.07,
        "oppOver": 0,
        "teamOver": 33,
        "gameLine": "+110",
        "+/-": 0,
        "L5_+/-": 0,
        "prevMatchup": "2023-10-16 fla @ nj 26.0 sv 2024-01-13 nj @ fla 36.0 sv",
        "winLossSplits": "40% - 15%",
        "awayHome": "H",
        "playedYesterday": "N",
        "awayHomeSplits": "33% - 11%",
        "savesAboveExp": 0.922,
        "gsaa": -3.79,
        "corsi": "54.2% (63.6) // 51.8% (59.2) // 52.5% (58.3) // 46.3% (51.7)",
        "fenwick": "52.2% (44.2) // 50.4% (40.8) // 50.0% (39.4) // 45.7% (36.4)",
        "shots": "52.0% (31.2) // 51.1% (29.7) // 50.4% (28.5) // 47.0% (27.1)",
        "scoring": "54.6% (30.8) // 51.6% (26.8) // 51.0% (25.8) // 43.8% (24.1)",
        "corsiAgainst": "45.8% (53.7) // 48.2% (55.1) // 47.5% (52.8) // 53.7% (60.1)",
        "fenwickAgainst": "47.8% (40.4) // 49.6% (40.2) // 50.0% (39.4) // 54.3% (43.3)",
        "shotsAgainst": "48.0% (28.8) // 48.9% (28.4) // 49.6% (28.0) // 53.0% (30.5)",
        "scoringAgainst": "45.4% (25.6) // 48.4% (25.1) // 49.0% (24.8) // 56.2% (31.0)",
        "oppCorsi": "56.8% (68.9) // 57.5% (67.6) // 55.9% (64.5) // 54.5% (60.3)",
        "oppFenwick": "55.7% (48.5) // 55.8% (49.6) // 55.1% (49.0) // 53.5% (44.8)",
        "oppShots": "55.6% (33.9) // 56.2% (34.2) // 56.0% (34.6) // 53.2% (32.8)",
        "oppScoring": "57.1% (31.9) // 60.6% (31.5) // 60.7% (30.7) // 57.2% (28.2)",
        "oppCorsiAgainst": "43.2% (52.4) // 42.5% (50.1) // 44.1% (51.0) // 45.5% (50.3)",
        "oppFenwickAgainst": "44.3% (38.5) // 44.2% (39.3) // 44.9% (39.9) // 46.5% (38.9)",
        "oppShotsAgainst": "44.4% (27.0) // 43.8% (26.7) // 44.0% (27.1) // 46.8% (28.9)",
        "oppScoringAgainst": "42.9% (23.9) // 39.4% (20.5) // 39.3% (19.9) // 42.8% (21.1)",
        "totalOver": 22,
        "totalOverLast5": 0,
        "totalOverLast15": 13,
        "lastTotalOver": 7,
        "last5": "9,9,23,4,23,23,26,37,12,44",
        "fd": "-110/-120",
        "dk": "-110/-120",
        "kambi": "0",
        "lowest": "-110 DK",
        "implied": 52.38095238095239,
        "overOdds": "-110",
        "underOdds": "-120",
        "overUnder": "-110 / -120"
    },
    {
        "player": "Aleksander Barkov",
        "team": "FLA",
        "opponent": "NJ",
        "propType": "ast",
        "line": 0.5,
        "ppLine": "",
        "avg": 0.84,
        "hit": false,
        "diffAvg": 0.68,
        "diffAbs": 0.0,
        "lastAvg": 0.6,
        "diff": 0.2,
        "avgMin": 19,
        "proj": 0.5,
        "lastAvgMin": 21.22,
        "oppOver": 0,
        "teamOver": 0,
        "gameLine": "-130",
        "+/-": "+23",
        "L5_+/-": "+4.0",
        "prevMatchup": "2024-01-13 0.0 ast 2023-10-16 1.0 ast",
        "winLossSplits": "62% - 41%",
        "awayHome": "A",
        "playedYesterday": "Y",
        "awayHomeSplits": "65% - 44%",
        "savesAboveExp": 0.922,
        "gsaa": -3.79,
        "corsi": "56.8% (68.9) // 57.5% (67.6) // 55.9% (64.5) // 54.5% (60.3)",
        "fenwick": "55.7% (48.5) // 55.8% (49.6) // 55.1% (49.0) // 53.5% (44.8)",
        "shots": "55.6% (33.9) // 56.2% (34.2) // 56.0% (34.6) // 53.2% (32.8)",
        "scoring": "57.1% (31.9) // 60.6% (31.5) // 60.7% (30.7) // 57.2% (28.2)",
        "corsiAgainst": "43.2% (52.4) // 42.5% (50.1) // 44.1% (51.0) // 45.5% (50.3)",
        "fenwickAgainst": "44.3% (38.5) // 44.2% (39.3) // 44.9% (39.9) // 46.5% (38.9)",
        "shotsAgainst": "44.4% (27.0) // 43.8% (26.7) // 44.0% (27.1) // 46.8% (28.9)",
        "scoringAgainst": "42.9% (23.9) // 39.4% (20.5) // 39.3% (19.9) // 42.8% (21.1)",
        "oppCorsi": "54.2% (63.6) // 51.8% (59.2) // 52.5% (58.3) // 46.3% (51.7)",
        "oppFenwick": "52.2% (44.2) // 50.4% (40.8) // 50.0% (39.4) // 45.7% (36.4)",
        "oppShots": "52.0% (31.2) // 51.1% (29.7) // 50.4% (28.5) // 47.0% (27.1)",
        "oppScoring": "54.6% (30.8) // 51.6% (26.8) // 51.0% (25.8) // 43.8% (24.1)",
        "oppCorsiAgainst": "45.8% (53.7) // 48.2% (55.1) // 47.5% (52.8) // 53.7% (60.1)",
        "oppFenwickAgainst": "47.8% (40.4) // 49.6% (40.2) // 50.0% (39.4) // 54.3% (43.3)",
        "oppShotsAgainst": "48.0% (28.8) // 48.9% (28.4) // 49.6% (28.0) // 53.0% (30.5)",
        "oppScoringAgainst": "45.4% (25.6) // 48.4% (25.1) // 49.0% (24.8) // 56.2% (31.0)",
        "totalOver": 55,
        "totalOverLast5": 60,
        "totalOverLast15": 47,
        "lastTotalOver": 52,
        "last5": "2,1,2,0,0,0,0,1,2,0",
        "fd": "-200",
        "dk": "-175/+135",
        "kambi": "0",
        "lowest": "-175 DK",
        "implied": 63.63636363636363,
        "overOdds": "-175",
        "underOdds": "+135",
        "overUnder": "-175 / +135"
    },
    {
        "player": "Aleksander Barkov",
        "team": "FLA",
        "opponent": "NJ",
        "propType": "pts",
        "line": 1.5,
        "ppLine": "",
        "avg": 1.09,
        "hit": false,
        "diffAvg": -0.27,
        "diffAbs": 0.47,
        "lastAvg": 0.86,
        "diff": -0.43,
        "avgMin": 19,
        "proj": 0.8,
        "lastAvgMin": 21.22,
        "oppOver": 0,
        "teamOver": 0,
        "gameLine": "-130",
        "+/-": "+23",
        "L5_+/-": "+4.0",
        "prevMatchup": "2024-01-13 0.0 pts 2023-10-16 1.0 pts",
        "winLossSplits": "38% - 18%",
        "awayHome": "A",
        "playedYesterday": "Y",
        "awayHomeSplits": "35% - 28%",
        "savesAboveExp": 0.922,
        "gsaa": -3.79,
        "corsi": "56.8% (68.9) // 57.5% (67.6) // 55.9% (64.5) // 54.5% (60.3)",
        "fenwick": "55.7% (48.5) // 55.8% (49.6) // 55.1% (49.0) // 53.5% (44.8)",
        "shots": "55.6% (33.9) // 56.2% (34.2) // 56.0% (34.6) // 53.2% (32.8)",
        "scoring": "57.1% (31.9) // 60.6% (31.5) // 60.7% (30.7) // 57.2% (28.2)",
        "corsiAgainst": "43.2% (52.4) // 42.5% (50.1) // 44.1% (51.0) // 45.5% (50.3)",
        "fenwickAgainst": "44.3% (38.5) // 44.2% (39.3) // 44.9% (39.9) // 46.5% (38.9)",
        "shotsAgainst": "44.4% (27.0) // 43.8% (26.7) // 44.0% (27.1) // 46.8% (28.9)",
        "scoringAgainst": "42.9% (23.9) // 39.4% (20.5) // 39.3% (19.9) // 42.8% (21.1)",
        "oppCorsi": "54.2% (63.6) // 51.8% (59.2) // 52.5% (58.3) // 46.3% (51.7)",
        "oppFenwick": "52.2% (44.2) // 50.4% (40.8) // 50.0% (39.4) // 45.7% (36.4)",
        "oppShots": "52.0% (31.2) // 51.1% (29.7) // 50.4% (28.5) // 47.0% (27.1)",
        "oppScoring": "54.6% (30.8) // 51.6% (26.8) // 51.0% (25.8) // 43.8% (24.1)",
        "oppCorsiAgainst": "45.8% (53.7) // 48.2% (55.1) // 47.5% (52.8) // 53.7% (60.1)",
        "oppFenwickAgainst": "47.8% (40.4) // 49.6% (40.2) // 50.0% (39.4) // 54.3% (43.3)",
        "oppShotsAgainst": "48.0% (28.8) // 48.9% (28.4) // 49.6% (28.0) // 53.0% (30.5)",
        "oppScoringAgainst": "45.4% (25.6) // 48.4% (25.1) // 49.0% (24.8) // 56.2% (31.0)",
        "totalOver": 32,
        "totalOverLast5": 40,
        "totalOverLast15": 27,
        "lastTotalOver": 32,
        "last5": "2,1,3,0,1,0,0,1,2,0",
        "fd": "+142",
        "dk": "+145/-190",
        "kambi": "150/-195",
        "lowest": "150 BR",
        "implied": 40.0,
        "overOdds": "+145",
        "underOdds": "-190",
        "overUnder": "+145 / -190"
    },
    {
        "player": "Aleksander Barkov",
        "team": "FLA",
        "opponent": "NJ",
        "propType": "sog",
        "line": 2.5,
        "ppLine": "",
        "avg": 2.7,
        "hit": false,
        "diffAvg": 0.08,
        "diffAbs": 0.2,
        "lastAvg": 2.29,
        "diff": -0.08,
        "avgMin": 19,
        "proj": 2.0,
        "lastAvgMin": 21.22,
        "oppOver": 0,
        "teamOver": 0,
        "gameLine": "-130",
        "+/-": "+23",
        "L5_+/-": "+4.0",
        "prevMatchup": "2024-01-13 3.0 sog 2023-10-16 2.0 sog",
        "winLossSplits": "54% - 59%",
        "awayHome": "A",
        "playedYesterday": "Y",
        "awayHomeSplits": "52% - 60%",
        "savesAboveExp": 0.922,
        "gsaa": -3.79,
        "corsi": "56.8% (68.9) // 57.5% (67.6) // 55.9% (64.5) // 54.5% (60.3)",
        "fenwick": "55.7% (48.5) // 55.8% (49.6) // 55.1% (49.0) // 53.5% (44.8)",
        "shots": "55.6% (33.9) // 56.2% (34.2) // 56.0% (34.6) // 53.2% (32.8)",
        "scoring": "57.1% (31.9) // 60.6% (31.5) // 60.7% (30.7) // 57.2% (28.2)",
        "corsiAgainst": "43.2% (52.4) // 42.5% (50.1) // 44.1% (51.0) // 45.5% (50.3)",
        "fenwickAgainst": "44.3% (38.5) // 44.2% (39.3) // 44.9% (39.9) // 46.5% (38.9)",
        "shotsAgainst": "44.4% (27.0) // 43.8% (26.7) // 44.0% (27.1) // 46.8% (28.9)",
        "scoringAgainst": "42.9% (23.9) // 39.4% (20.5) // 39.3% (19.9) // 42.8% (21.1)",
        "oppCorsi": "54.2% (63.6) // 51.8% (59.2) // 52.5% (58.3) // 46.3% (51.7)",
        "oppFenwick": "52.2% (44.2) // 50.4% (40.8) // 50.0% (39.4) // 45.7% (36.4)",
        "oppShots": "52.0% (31.2) // 51.1% (29.7) // 50.4% (28.5) // 47.0% (27.1)",
        "oppScoring": "54.6% (30.8) // 51.6% (26.8) // 51.0% (25.8) // 43.8% (24.1)",
        "oppCorsiAgainst": "45.8% (53.7) // 48.2% (55.1) // 47.5% (52.8) // 53.7% (60.1)",
        "oppFenwickAgainst": "47.8% (40.4) // 49.6% (40.2) // 50.0% (39.4) // 54.3% (43.3)",
        "oppShotsAgainst": "48.0% (28.8) // 48.9% (28.4) // 49.6% (28.0) // 53.0% (30.5)",
        "oppScoringAgainst": "45.4% (25.6) // 48.4% (25.1) // 49.0% (24.8) // 56.2% (31.0)",
        "totalOver": 55,
        "totalOverLast5": 60,
        "totalOverLast15": 40,
        "lastTotalOver": 51,
        "last5": "1,0,3,3,4,4,3,0,2,1",
        "fd": "-128/-102",
        "dk": "-120/-110",
        "kambi": "-112/-117",
        "lowest": "-112 BR",
        "implied": 52.83018867924528,
        "overOdds": "-120",
        "underOdds": "-110",
        "overUnder": "-120 / -110"
    },
    {
        "player": "Anton Lundell",
        "team": "FLA",
        "opponent": "NJ",
        "propType": "ast",
        "line": 0.5,
        "ppLine": "",
        "avg": 0.31,
        "hit": false,
        "diffAvg": -0.38,
        "diffAbs": 0.6,
        "lastAvg": 0.22,
        "diff": -0.56,
        "avgMin": 15,
        "proj": 0.2,
        "lastAvgMin": 16.37,
        "oppOver": 0,
        "teamOver": 0,
        "gameLine": "-130",
        "+/-": "+15",
        "L5_+/-": "+8.0",
        "prevMatchup": "2024-01-13 0.0 ast 2023-10-16 0.0 ast",
        "winLossSplits": "32% - 12%",
        "awayHome": "A",
        "playedYesterday": "Y",
        "awayHomeSplits": "24% - 28%",
        "savesAboveExp": 0.922,
        "gsaa": -3.79,
        "corsi": "56.8% (68.9) // 57.5% (67.6) // 55.9% (64.5) // 54.5% (60.3)",
        "fenwick": "55.7% (48.5) // 55.8% (49.6) // 55.1% (49.0) // 53.5% (44.8)",
        "shots": "55.6% (33.9) // 56.2% (34.2) // 56.0% (34.6) // 53.2% (32.8)",
        "scoring": "57.1% (31.9) // 60.6% (31.5) // 60.7% (30.7) // 57.2% (28.2)",
        "corsiAgainst": "43.2% (52.4) // 42.5% (50.1) // 44.1% (51.0) // 45.5% (50.3)",
        "fenwickAgainst": "44.3% (38.5) // 44.2% (39.3) // 44.9% (39.9) // 46.5% (38.9)",
        "shotsAgainst": "44.4% (27.0) // 43.8% (26.7) // 44.0% (27.1) // 46.8% (28.9)",
        "scoringAgainst": "42.9% (23.9) // 39.4% (20.5) // 39.3% (19.9) // 42.8% (21.1)",
        "oppCorsi": "54.2% (63.6) // 51.8% (59.2) // 52.5% (58.3) // 46.3% (51.7)",
        "oppFenwick": "52.2% (44.2) // 50.4% (40.8) // 50.0% (39.4) // 45.7% (36.4)",
        "oppShots": "52.0% (31.2) // 51.1% (29.7) // 50.4% (28.5) // 47.0% (27.1)",
        "oppScoring": "54.6% (30.8) // 51.6% (26.8) // 51.0% (25.8) // 43.8% (24.1)",
        "oppCorsiAgainst": "45.8% (53.7) // 48.2% (55.1) // 47.5% (52.8) // 53.7% (60.1)",
        "oppFenwickAgainst": "47.8% (40.4) // 49.6% (40.2) // 50.0% (39.4) // 54.3% (43.3)",
        "oppShotsAgainst": "48.0% (28.8) // 48.9% (28.4) // 49.6% (28.0) // 53.0% (30.5)",
        "oppScoringAgainst": "45.4% (25.6) // 48.4% (25.1) // 49.0% (24.8) // 56.2% (31.0)",
        "totalOver": 26,
        "totalOverLast5": 20,
        "totalOverLast15": 20,
        "lastTotalOver": 24,
        "last5": "0,2,0,0,0,0,0,1,1,0",
        "fd": "0",
        "dk": "+250/-345",
        "kambi": "0",
        "lowest": "250 DK",
        "implied": 28.57142857142857,
        "overOdds": "+250",
        "underOdds": "-345",
        "overUnder": "+250 / -345"
    },
    {
        "player": "Anton Lundell",
        "team": "FLA",
        "opponent": "NJ",
        "propType": "pts",
        "line": 0.5,
        "ppLine": "",
        "avg": 0.47,
        "hit": false,
        "diffAvg": -0.06,
        "diffAbs": 0.4,
        "lastAvg": 0.35,
        "diff": -0.3,
        "avgMin": 15,
        "proj": 0.3,
        "lastAvgMin": 16.37,
        "oppOver": 0,
        "teamOver": 0,
        "gameLine": "-130",
        "+/-": "+15",
        "L5_+/-": "+8.0",
        "prevMatchup": "2024-01-13 0.0 pts 2023-10-16 0.0 pts",
        "winLossSplits": "41% - 18%",
        "awayHome": "A",
        "playedYesterday": "Y",
        "awayHomeSplits": "34% - 34%",
        "savesAboveExp": 0.922,
        "gsaa": -3.79,
        "corsi": "56.8% (68.9) // 57.5% (67.6) // 55.9% (64.5) // 54.5% (60.3)",
        "fenwick": "55.7% (48.5) // 55.8% (49.6) // 55.1% (49.0) // 53.5% (44.8)",
        "shots": "55.6% (33.9) // 56.2% (34.2) // 56.0% (34.6) // 53.2% (32.8)",
        "scoring": "57.1% (31.9) // 60.6% (31.5) // 60.7% (30.7) // 57.2% (28.2)",
        "corsiAgainst": "43.2% (52.4) // 42.5% (50.1) // 44.1% (51.0) // 45.5% (50.3)",
        "fenwickAgainst": "44.3% (38.5) // 44.2% (39.3) // 44.9% (39.9) // 46.5% (38.9)",
        "shotsAgainst": "44.4% (27.0) // 43.8% (26.7) // 44.0% (27.1) // 46.8% (28.9)",
        "scoringAgainst": "42.9% (23.9) // 39.4% (20.5) // 39.3% (19.9) // 42.8% (21.1)",
        "oppCorsi": "54.2% (63.6) // 51.8% (59.2) // 52.5% (58.3) // 46.3% (51.7)",
        "oppFenwick": "52.2% (44.2) // 50.4% (40.8) // 50.0% (39.4) // 45.7% (36.4)",
        "oppShots": "52.0% (31.2) // 51.1% (29.7) // 50.4% (28.5) // 47.0% (27.1)",
        "oppScoring": "54.6% (30.8) // 51.6% (26.8) // 51.0% (25.8) // 43.8% (24.1)",
        "oppCorsiAgainst": "45.8% (53.7) // 48.2% (55.1) // 47.5% (52.8) // 53.7% (60.1)",
        "oppFenwickAgainst": "47.8% (40.4) // 49.6% (40.2) // 50.0% (39.4) // 54.3% (43.3)",
        "oppShotsAgainst": "48.0% (28.8) // 48.9% (28.4) // 49.6% (28.0) // 53.0% (30.5)",
        "oppScoringAgainst": "45.4% (25.6) // 48.4% (25.1) // 49.0% (24.8) // 56.2% (31.0)",
        "totalOver": 34,
        "totalOverLast5": 40,
        "totalOverLast15": 40,
        "lastTotalOver": 34,
        "last5": "1,2,0,0,0,0,1,1,2,2",
        "fd": "0",
        "dk": "+150/-195",
        "kambi": "140/-182",
        "lowest": "150 DK",
        "implied": 40.0,
        "overOdds": "+150",
        "underOdds": "-195",
        "overUnder": "+150 / -195"
    },
    {
        "player": "Brandon Montour",
        "team": "FLA",
        "opponent": "NJ",
        "propType": "ast",
        "line": 0.5,
        "ppLine": "",
        "avg": 0.43,
        "hit": false,
        "diffAvg": -0.14,
        "diffAbs": 0.0,
        "lastAvg": 0.56,
        "diff": 0.12,
        "avgMin": 23,
        "proj": 0.5,
        "lastAvgMin": 24.12,
        "oppOver": 0,
        "teamOver": 0,
        "gameLine": "-130",
        "+/-": "+3",
        "L5_+/-": "+5.0",
        "prevMatchup": "2024-01-13 1.0 ast",
        "winLossSplits": "34% - 21%",
        "awayHome": "A",
        "playedYesterday": "Y",
        "awayHomeSplits": "30% - 30%",
        "savesAboveExp": 0.922,
        "gsaa": -3.79,
        "corsi": "56.8% (68.9) // 57.5% (67.6) // 55.9% (64.5) // 54.5% (60.3)",
        "fenwick": "55.7% (48.5) // 55.8% (49.6) // 55.1% (49.0) // 53.5% (44.8)",
        "shots": "55.6% (33.9) // 56.2% (34.2) // 56.0% (34.6) // 53.2% (32.8)",
        "scoring": "57.1% (31.9) // 60.6% (31.5) // 60.7% (30.7) // 57.2% (28.2)",
        "corsiAgainst": "43.2% (52.4) // 42.5% (50.1) // 44.1% (51.0) // 45.5% (50.3)",
        "fenwickAgainst": "44.3% (38.5) // 44.2% (39.3) // 44.9% (39.9) // 46.5% (38.9)",
        "shotsAgainst": "44.4% (27.0) // 43.8% (26.7) // 44.0% (27.1) // 46.8% (28.9)",
        "scoringAgainst": "42.9% (23.9) // 39.4% (20.5) // 39.3% (19.9) // 42.8% (21.1)",
        "oppCorsi": "54.2% (63.6) // 51.8% (59.2) // 52.5% (58.3) // 46.3% (51.7)",
        "oppFenwick": "52.2% (44.2) // 50.4% (40.8) // 50.0% (39.4) // 45.7% (36.4)",
        "oppShots": "52.0% (31.2) // 51.1% (29.7) // 50.4% (28.5) // 47.0% (27.1)",
        "oppScoring": "54.6% (30.8) // 51.6% (26.8) // 51.0% (25.8) // 43.8% (24.1)",
        "oppCorsiAgainst": "45.8% (53.7) // 48.2% (55.1) // 47.5% (52.8) // 53.7% (60.1)",
        "oppFenwickAgainst": "47.8% (40.4) // 49.6% (40.2) // 50.0% (39.4) // 54.3% (43.3)",
        "oppShotsAgainst": "48.0% (28.8) // 48.9% (28.4) // 49.6% (28.0) // 53.0% (30.5)",
        "oppScoringAgainst": "45.4% (25.6) // 48.4% (25.1) // 49.0% (24.8) // 56.2% (31.0)",
        "totalOver": 30,
        "totalOverLast5": 60,
        "totalOverLast15": 47,
        "lastTotalOver": 46,
        "last5": "0,2,0,2,2,0,1,2,0,1",
        "fd": "+124",
        "dk": "+120/-150",
        "kambi": "0",
        "lowest": "124 FD",
        "implied": 44.642857142857146,
        "overOdds": "+120",
        "underOdds": "-150",
        "overUnder": "+120 / -150"
    },
    {
        "player": "Brandon Montour",
        "team": "FLA",
        "opponent": "NJ",
        "propType": "pts",
        "line": 0.5,
        "ppLine": "",
        "avg": 0.57,
        "hit": false,
        "diffAvg": 0.14,
        "diffAbs": 0.4,
        "lastAvg": 0.72,
        "diff": 0.44,
        "avgMin": 23,
        "proj": 0.7,
        "lastAvgMin": 24.12,
        "oppOver": 0,
        "teamOver": 0,
        "gameLine": "-130",
        "+/-": "+3",
        "L5_+/-": "+5.0",
        "prevMatchup": "2024-01-13 1.0 pts",
        "winLossSplits": "38% - 21%",
        "awayHome": "A",
        "playedYesterday": "Y",
        "awayHomeSplits": "35% - 30%",
        "savesAboveExp": 0.922,
        "gsaa": -3.79,
        "corsi": "56.8% (68.9) // 57.5% (67.6) // 55.9% (64.5) // 54.5% (60.3)",
        "fenwick": "55.7% (48.5) // 55.8% (49.6) // 55.1% (49.0) // 53.5% (44.8)",
        "shots": "55.6% (33.9) // 56.2% (34.2) // 56.0% (34.6) // 53.2% (32.8)",
        "scoring": "57.1% (31.9) // 60.6% (31.5) // 60.7% (30.7) // 57.2% (28.2)",
        "corsiAgainst": "43.2% (52.4) // 42.5% (50.1) // 44.1% (51.0) // 45.5% (50.3)",
        "fenwickAgainst": "44.3% (38.5) // 44.2% (39.3) // 44.9% (39.9) // 46.5% (38.9)",
        "shotsAgainst": "44.4% (27.0) // 43.8% (26.7) // 44.0% (27.1) // 46.8% (28.9)",
        "scoringAgainst": "42.9% (23.9) // 39.4% (20.5) // 39.3% (19.9) // 42.8% (21.1)",
        "oppCorsi": "54.2% (63.6) // 51.8% (59.2) // 52.5% (58.3) // 46.3% (51.7)",
        "oppFenwick": "52.2% (44.2) // 50.4% (40.8) // 50.0% (39.4) // 45.7% (36.4)",
        "oppShots": "52.0% (31.2) // 51.1% (29.7) // 50.4% (28.5) // 47.0% (27.1)",
        "oppScoring": "54.6% (30.8) // 51.6% (26.8) // 51.0% (25.8) // 43.8% (24.1)",
        "oppCorsiAgainst": "45.8% (53.7) // 48.2% (55.1) // 47.5% (52.8) // 53.7% (60.1)",
        "oppFenwickAgainst": "47.8% (40.4) // 49.6% (40.2) // 50.0% (39.4) // 54.3% (43.3)",
        "oppShotsAgainst": "48.0% (28.8) // 48.9% (28.4) // 49.6% (28.0) // 53.0% (30.5)",
        "oppScoringAgainst": "45.4% (25.6) // 48.4% (25.1) // 49.0% (24.8) // 56.2% (31.0)",
        "totalOver": 33,
        "totalOverLast5": 60,
        "totalOverLast15": 47,
        "lastTotalOver": 59,
        "last5": "0,3,0,3,2,0,2,3,0,1",
        "fd": "-118",
        "dk": "-125/-105",
        "kambi": "-130/100",
        "lowest": "-118 FD",
        "implied": 54.12844036697248,
        "overOdds": "-125",
        "underOdds": "-105",
        "overUnder": "-125 / -105"
    },
    {
        "player": "Brandon Montour",
        "team": "FLA",
        "opponent": "NJ",
        "propType": "sog",
        "line": 2.5,
        "ppLine": "",
        "avg": 2.59,
        "hit": false,
        "diffAvg": 0.04,
        "diffAbs": 0.08,
        "lastAvg": 2.4,
        "diff": -0.04,
        "avgMin": 23,
        "proj": 2.3,
        "lastAvgMin": 24.12,
        "oppOver": 0,
        "teamOver": 0,
        "gameLine": "-130",
        "+/-": "+3",
        "L5_+/-": "+5.0",
        "prevMatchup": "2024-01-13 2.0 sog",
        "winLossSplits": "44% - 57%",
        "awayHome": "A",
        "playedYesterday": "Y",
        "awayHomeSplits": "39% - 57%",
        "savesAboveExp": 0.922,
        "gsaa": -3.79,
        "corsi": "56.8% (68.9) // 57.5% (67.6) // 55.9% (64.5) // 54.5% (60.3)",
        "fenwick": "55.7% (48.5) // 55.8% (49.6) // 55.1% (49.0) // 53.5% (44.8)",
        "shots": "55.6% (33.9) // 56.2% (34.2) // 56.0% (34.6) // 53.2% (32.8)",
        "scoring": "57.1% (31.9) // 60.6% (31.5) // 60.7% (30.7) // 57.2% (28.2)",
        "corsiAgainst": "43.2% (52.4) // 42.5% (50.1) // 44.1% (51.0) // 45.5% (50.3)",
        "fenwickAgainst": "44.3% (38.5) // 44.2% (39.3) // 44.9% (39.9) // 46.5% (38.9)",
        "shotsAgainst": "44.4% (27.0) // 43.8% (26.7) // 44.0% (27.1) // 46.8% (28.9)",
        "scoringAgainst": "42.9% (23.9) // 39.4% (20.5) // 39.3% (19.9) // 42.8% (21.1)",
        "oppCorsi": "54.2% (63.6) // 51.8% (59.2) // 52.5% (58.3) // 46.3% (51.7)",
        "oppFenwick": "52.2% (44.2) // 50.4% (40.8) // 50.0% (39.4) // 45.7% (36.4)",
        "oppShots": "52.0% (31.2) // 51.1% (29.7) // 50.4% (28.5) // 47.0% (27.1)",
        "oppScoring": "54.6% (30.8) // 51.6% (26.8) // 51.0% (25.8) // 43.8% (24.1)",
        "oppCorsiAgainst": "45.8% (53.7) // 48.2% (55.1) // 47.5% (52.8) // 53.7% (60.1)",
        "oppFenwickAgainst": "47.8% (40.4) // 49.6% (40.2) // 50.0% (39.4) // 54.3% (43.3)",
        "oppShotsAgainst": "48.0% (28.8) // 48.9% (28.4) // 49.6% (28.0) // 53.0% (30.5)",
        "oppScoringAgainst": "45.4% (25.6) // 48.4% (25.1) // 49.0% (24.8) // 56.2% (31.0)",
        "totalOver": 48,
        "totalOverLast5": 40,
        "totalOverLast15": 53,
        "lastTotalOver": 53,
        "last5": "1,4,2,5,1,3,3,5,0,2",
        "fd": "-115/-113",
        "dk": "-115/-115",
        "kambi": "-117/-112",
        "lowest": "-115 DK",
        "implied": 53.48837209302325,
        "overOdds": "-115",
        "underOdds": "-115",
        "overUnder": "-115 / -115"
    },
    {
        "player": "Carter Verhaeghe",
        "team": "FLA",
        "opponent": "NJ",
        "propType": "ast",
        "line": 0.5,
        "ppLine": "",
        "avg": 0.53,
        "hit": false,
        "diffAvg": 0.06,
        "diffAbs": 0.4,
        "lastAvg": 0.3,
        "diff": -0.4,
        "avgMin": 17,
        "proj": 0.3,
        "lastAvgMin": 17.5,
        "oppOver": 0,
        "teamOver": 0,
        "gameLine": "-130",
        "+/-": "+20",
        "L5_+/-": "+7.0",
        "prevMatchup": "2024-01-13 0.0 ast 2023-10-16 0.0 ast",
        "winLossSplits": "60% - 25%",
        "awayHome": "A",
        "playedYesterday": "Y",
        "awayHomeSplits": "41% - 57%",
        "savesAboveExp": 0.922,
        "gsaa": -3.79,
        "corsi": "56.8% (68.9) // 57.5% (67.6) // 55.9% (64.5) // 54.5% (60.3)",
        "fenwick": "55.7% (48.5) // 55.8% (49.6) // 55.1% (49.0) // 53.5% (44.8)",
        "shots": "55.6% (33.9) // 56.2% (34.2) // 56.0% (34.6) // 53.2% (32.8)",
        "scoring": "57.1% (31.9) // 60.6% (31.5) // 60.7% (30.7) // 57.2% (28.2)",
        "corsiAgainst": "43.2% (52.4) // 42.5% (50.1) // 44.1% (51.0) // 45.5% (50.3)",
        "fenwickAgainst": "44.3% (38.5) // 44.2% (39.3) // 44.9% (39.9) // 46.5% (38.9)",
        "shotsAgainst": "44.4% (27.0) // 43.8% (26.7) // 44.0% (27.1) // 46.8% (28.9)",
        "scoringAgainst": "42.9% (23.9) // 39.4% (20.5) // 39.3% (19.9) // 42.8% (21.1)",
        "oppCorsi": "54.2% (63.6) // 51.8% (59.2) // 52.5% (58.3) // 46.3% (51.7)",
        "oppFenwick": "52.2% (44.2) // 50.4% (40.8) // 50.0% (39.4) // 45.7% (36.4)",
        "oppShots": "52.0% (31.2) // 51.1% (29.7) // 50.4% (28.5) // 47.0% (27.1)",
        "oppScoring": "54.6% (30.8) // 51.6% (26.8) // 51.0% (25.8) // 43.8% (24.1)",
        "oppCorsiAgainst": "45.8% (53.7) // 48.2% (55.1) // 47.5% (52.8) // 53.7% (60.1)",
        "oppFenwickAgainst": "47.8% (40.4) // 49.6% (40.2) // 50.0% (39.4) // 54.3% (43.3)",
        "oppShotsAgainst": "48.0% (28.8) // 48.9% (28.4) // 49.6% (28.0) // 53.0% (30.5)",
        "oppScoringAgainst": "45.4% (25.6) // 48.4% (25.1) // 49.0% (24.8) // 56.2% (31.0)",
        "totalOver": 48,
        "totalOverLast5": 80,
        "totalOverLast15": 53,
        "lastTotalOver": 35,
        "last5": "1,0,1,1,1,0,1,1,0,0",
        "fd": "+122",
        "dk": "+124/-160",
        "kambi": "0",
        "lowest": "124 DK",
        "implied": 44.642857142857146,
        "overOdds": "+124",
        "underOdds": "-160",
        "overUnder": "+124 / -160"
    },
    {
        "player": "Carter Verhaeghe",
        "team": "FLA",
        "opponent": "NJ",
        "propType": "pts",
        "line": 0.5,
        "ppLine": "",
        "avg": 1.03,
        "hit": false,
        "diffAvg": 1.06,
        "diffAbs": 0.4,
        "lastAvg": 0.72,
        "diff": 0.44,
        "avgMin": 17,
        "proj": 0.7,
        "lastAvgMin": 17.5,
        "oppOver": 0,
        "teamOver": 0,
        "gameLine": "-130",
        "+/-": "+20",
        "L5_+/-": "+7.0",
        "prevMatchup": "2024-01-13 0.0 pts 2023-10-16 1.0 pts",
        "winLossSplits": "83% - 35%",
        "awayHome": "A",
        "playedYesterday": "Y",
        "awayHomeSplits": "59% - 77%",
        "savesAboveExp": 0.922,
        "gsaa": -3.79,
        "corsi": "56.8% (68.9) // 57.5% (67.6) // 55.9% (64.5) // 54.5% (60.3)",
        "fenwick": "55.7% (48.5) // 55.8% (49.6) // 55.1% (49.0) // 53.5% (44.8)",
        "shots": "55.6% (33.9) // 56.2% (34.2) // 56.0% (34.6) // 53.2% (32.8)",
        "scoring": "57.1% (31.9) // 60.6% (31.5) // 60.7% (30.7) // 57.2% (28.2)",
        "corsiAgainst": "43.2% (52.4) // 42.5% (50.1) // 44.1% (51.0) // 45.5% (50.3)",
        "fenwickAgainst": "44.3% (38.5) // 44.2% (39.3) // 44.9% (39.9) // 46.5% (38.9)",
        "shotsAgainst": "44.4% (27.0) // 43.8% (26.7) // 44.0% (27.1) // 46.8% (28.9)",
        "scoringAgainst": "42.9% (23.9) // 39.4% (20.5) // 39.3% (19.9) // 42.8% (21.1)",
        "oppCorsi": "54.2% (63.6) // 51.8% (59.2) // 52.5% (58.3) // 46.3% (51.7)",
        "oppFenwick": "52.2% (44.2) // 50.4% (40.8) // 50.0% (39.4) // 45.7% (36.4)",
        "oppShots": "52.0% (31.2) // 51.1% (29.7) // 50.4% (28.5) // 47.0% (27.1)",
        "oppScoring": "54.6% (30.8) // 51.6% (26.8) // 51.0% (25.8) // 43.8% (24.1)",
        "oppCorsiAgainst": "45.8% (53.7) // 48.2% (55.1) // 47.5% (52.8) // 53.7% (60.1)",
        "oppFenwickAgainst": "47.8% (40.4) // 49.6% (40.2) // 50.0% (39.4) // 54.3% (43.3)",
        "oppShotsAgainst": "48.0% (28.8) // 48.9% (28.4) // 49.6% (28.0) // 53.0% (30.5)",
        "oppScoringAgainst": "45.4% (25.6) // 48.4% (25.1) // 49.0% (24.8) // 56.2% (31.0)",
        "totalOver": 68,
        "totalOverLast5": 100,
        "totalOverLast15": 80,
        "lastTotalOver": 58,
        "last5": "1,1,1,1,1,0,1,3,2,0",
        "fd": "-200",
        "dk": "-180/+140",
        "kambi": "-190/143",
        "lowest": "-180 DK",
        "implied": 64.28571428571429,
        "overOdds": "-180",
        "underOdds": "+140",
        "overUnder": "-180 / +140"
    },
    {
        "player": "Carter Verhaeghe",
        "team": "FLA",
        "opponent": "NJ",
        "propType": "sog",
        "line": 2.5,
        "ppLine": "",
        "avg": 3.21,
        "hit": false,
        "diffAvg": 0.28,
        "diffAbs": 0.04,
        "lastAvg": 2.7,
        "diff": 0.08,
        "avgMin": 17,
        "proj": 2.6,
        "lastAvgMin": 17.5,
        "oppOver": 0,
        "teamOver": 0,
        "gameLine": "-130",
        "+/-": "+20",
        "L5_+/-": "+7.0",
        "prevMatchup": "2024-01-13 3.0 sog 2023-10-16 1.0 sog",
        "winLossSplits": "62% - 65%",
        "awayHome": "A",
        "playedYesterday": "Y",
        "awayHomeSplits": "59% - 67%",
        "savesAboveExp": 0.922,
        "gsaa": -3.79,
        "corsi": "56.8% (68.9) // 57.5% (67.6) // 55.9% (64.5) // 54.5% (60.3)",
        "fenwick": "55.7% (48.5) // 55.8% (49.6) // 55.1% (49.0) // 53.5% (44.8)",
        "shots": "55.6% (33.9) // 56.2% (34.2) // 56.0% (34.6) // 53.2% (32.8)",
        "scoring": "57.1% (31.9) // 60.6% (31.5) // 60.7% (30.7) // 57.2% (28.2)",
        "corsiAgainst": "43.2% (52.4) // 42.5% (50.1) // 44.1% (51.0) // 45.5% (50.3)",
        "fenwickAgainst": "44.3% (38.5) // 44.2% (39.3) // 44.9% (39.9) // 46.5% (38.9)",
        "shotsAgainst": "44.4% (27.0) // 43.8% (26.7) // 44.0% (27.1) // 46.8% (28.9)",
        "scoringAgainst": "42.9% (23.9) // 39.4% (20.5) // 39.3% (19.9) // 42.8% (21.1)",
        "oppCorsi": "54.2% (63.6) // 51.8% (59.2) // 52.5% (58.3) // 46.3% (51.7)",
        "oppFenwick": "52.2% (44.2) // 50.4% (40.8) // 50.0% (39.4) // 45.7% (36.4)",
        "oppShots": "52.0% (31.2) // 51.1% (29.7) // 50.4% (28.5) // 47.0% (27.1)",
        "oppScoring": "54.6% (30.8) // 51.6% (26.8) // 51.0% (25.8) // 43.8% (24.1)",
        "oppCorsiAgainst": "45.8% (53.7) // 48.2% (55.1) // 47.5% (52.8) // 53.7% (60.1)",
        "oppFenwickAgainst": "47.8% (40.4) // 49.6% (40.2) // 50.0% (39.4) // 54.3% (43.3)",
        "oppShotsAgainst": "48.0% (28.8) // 48.9% (28.4) // 49.6% (28.0) // 53.0% (30.5)",
        "oppScoringAgainst": "45.4% (25.6) // 48.4% (25.1) // 49.0% (24.8) // 56.2% (31.0)",
        "totalOver": 63,
        "totalOverLast5": 20,
        "totalOverLast15": 40,
        "lastTotalOver": 61,
        "last5": "2,1,2,1,5,7,2,6,2,1",
        "fd": "-176/+134",
        "dk": "-150/+120",
        "kambi": "-165/125",
        "lowest": "-150 DK",
        "implied": 60.0,
        "overOdds": "-150",
        "underOdds": "+120",
        "overUnder": "-150 / +120"
    },
    {
        "player": "Evan Rodrigues",
        "team": "FLA",
        "opponent": "NJ",
        "propType": "ast",
        "line": 0.5,
        "ppLine": "",
        "avg": 0.42,
        "hit": false,
        "diffAvg": -0.16,
        "diffAbs": 0.4,
        "lastAvg": 0.3,
        "diff": -0.4,
        "avgMin": 15,
        "proj": 0.3,
        "lastAvgMin": 17.85,
        "oppOver": 0,
        "teamOver": 0,
        "gameLine": "-130",
        "+/-": "+22",
        "L5_+/-": "+5.0",
        "prevMatchup": "2024-01-13 0.0 ast 2023-10-16 1.0 ast",
        "winLossSplits": "38% - 20%",
        "awayHome": "A",
        "playedYesterday": "Y",
        "awayHomeSplits": "31% - 33%",
        "savesAboveExp": 0.922,
        "gsaa": -3.79,
        "corsi": "56.8% (68.9) // 57.5% (67.6) // 55.9% (64.5) // 54.5% (60.3)",
        "fenwick": "55.7% (48.5) // 55.8% (49.6) // 55.1% (49.0) // 53.5% (44.8)",
        "shots": "55.6% (33.9) // 56.2% (34.2) // 56.0% (34.6) // 53.2% (32.8)",
        "scoring": "57.1% (31.9) // 60.6% (31.5) // 60.7% (30.7) // 57.2% (28.2)",
        "corsiAgainst": "43.2% (52.4) // 42.5% (50.1) // 44.1% (51.0) // 45.5% (50.3)",
        "fenwickAgainst": "44.3% (38.5) // 44.2% (39.3) // 44.9% (39.9) // 46.5% (38.9)",
        "shotsAgainst": "44.4% (27.0) // 43.8% (26.7) // 44.0% (27.1) // 46.8% (28.9)",
        "scoringAgainst": "42.9% (23.9) // 39.4% (20.5) // 39.3% (19.9) // 42.8% (21.1)",
        "oppCorsi": "54.2% (63.6) // 51.8% (59.2) // 52.5% (58.3) // 46.3% (51.7)",
        "oppFenwick": "52.2% (44.2) // 50.4% (40.8) // 50.0% (39.4) // 45.7% (36.4)",
        "oppShots": "52.0% (31.2) // 51.1% (29.7) // 50.4% (28.5) // 47.0% (27.1)",
        "oppScoring": "54.6% (30.8) // 51.6% (26.8) // 51.0% (25.8) // 43.8% (24.1)",
        "oppCorsiAgainst": "45.8% (53.7) // 48.2% (55.1) // 47.5% (52.8) // 53.7% (60.1)",
        "oppFenwickAgainst": "47.8% (40.4) // 49.6% (40.2) // 50.0% (39.4) // 54.3% (43.3)",
        "oppShotsAgainst": "48.0% (28.8) // 48.9% (28.4) // 49.6% (28.0) // 53.0% (30.5)",
        "oppScoringAgainst": "45.4% (25.6) // 48.4% (25.1) // 49.0% (24.8) // 56.2% (31.0)",
        "totalOver": 32,
        "totalOverLast5": 20,
        "totalOverLast15": 33,
        "lastTotalOver": 33,
        "last5": "0,1,0,0,0,0,0,1,0,2",
        "fd": "+220",
        "dk": "+220/-298",
        "kambi": "0",
        "lowest": "220 DK",
        "implied": 31.25,
        "overOdds": "+220",
        "underOdds": "-298",
        "overUnder": "+220 / -298"
    },
    {
        "player": "Evan Rodrigues",
        "team": "FLA",
        "opponent": "NJ",
        "propType": "pts",
        "line": 0.5,
        "ppLine": "",
        "avg": 0.56,
        "hit": false,
        "diffAvg": 0.12,
        "diffAbs": 0.2,
        "lastAvg": 0.51,
        "diff": 0.02,
        "avgMin": 15,
        "proj": 0.4,
        "lastAvgMin": 17.85,
        "oppOver": 0,
        "teamOver": 0,
        "gameLine": "-130",
        "+/-": "+22",
        "L5_+/-": "+5.0",
        "prevMatchup": "2024-01-13 0.0 pts 2023-10-16 1.0 pts",
        "winLossSplits": "43% - 20%",
        "awayHome": "A",
        "playedYesterday": "Y",
        "awayHomeSplits": "34% - 37%",
        "savesAboveExp": 0.922,
        "gsaa": -3.79,
        "corsi": "56.8% (68.9) // 57.5% (67.6) // 55.9% (64.5) // 54.5% (60.3)",
        "fenwick": "55.7% (48.5) // 55.8% (49.6) // 55.1% (49.0) // 53.5% (44.8)",
        "shots": "55.6% (33.9) // 56.2% (34.2) // 56.0% (34.6) // 53.2% (32.8)",
        "scoring": "57.1% (31.9) // 60.6% (31.5) // 60.7% (30.7) // 57.2% (28.2)",
        "corsiAgainst": "43.2% (52.4) // 42.5% (50.1) // 44.1% (51.0) // 45.5% (50.3)",
        "fenwickAgainst": "44.3% (38.5) // 44.2% (39.3) // 44.9% (39.9) // 46.5% (38.9)",
        "shotsAgainst": "44.4% (27.0) // 43.8% (26.7) // 44.0% (27.1) // 46.8% (28.9)",
        "scoringAgainst": "42.9% (23.9) // 39.4% (20.5) // 39.3% (19.9) // 42.8% (21.1)",
        "oppCorsi": "54.2% (63.6) // 51.8% (59.2) // 52.5% (58.3) // 46.3% (51.7)",
        "oppFenwick": "52.2% (44.2) // 50.4% (40.8) // 50.0% (39.4) // 45.7% (36.4)",
        "oppShots": "52.0% (31.2) // 51.1% (29.7) // 50.4% (28.5) // 47.0% (27.1)",
        "oppScoring": "54.6% (30.8) // 51.6% (26.8) // 51.0% (25.8) // 43.8% (24.1)",
        "oppCorsiAgainst": "45.8% (53.7) // 48.2% (55.1) // 47.5% (52.8) // 53.7% (60.1)",
        "oppFenwickAgainst": "47.8% (40.4) // 49.6% (40.2) // 50.0% (39.4) // 54.3% (43.3)",
        "oppShotsAgainst": "48.0% (28.8) // 48.9% (28.4) // 49.6% (28.0) // 53.0% (30.5)",
        "oppScoringAgainst": "45.4% (25.6) // 48.4% (25.1) // 49.0% (24.8) // 56.2% (31.0)",
        "totalOver": 35,
        "totalOverLast5": 20,
        "totalOverLast15": 33,
        "lastTotalOver": 52,
        "last5": "0,2,0,0,0,0,0,1,0,2",
        "fd": "+124",
        "dk": "+135/-175",
        "kambi": "0",
        "lowest": "135 DK",
        "implied": 42.5531914893617,
        "overOdds": "+135",
        "underOdds": "-175",
        "overUnder": "+135 / -175"
    },
    {
        "player": "Evan Rodrigues",
        "team": "FLA",
        "opponent": "NJ",
        "propType": "sog",
        "line": 1.5,
        "ppLine": "",
        "avg": 2.35,
        "hit": false,
        "diffAvg": 0.57,
        "diffAbs": 0.33,
        "lastAvg": 2.42,
        "diff": 0.61,
        "avgMin": 15,
        "proj": 2.0,
        "lastAvgMin": 17.85,
        "oppOver": 0,
        "teamOver": 0,
        "gameLine": "-130",
        "+/-": "+22",
        "L5_+/-": "+5.0",
        "prevMatchup": "2024-01-13 2.0 sog 2023-10-16 4.0 sog",
        "winLossSplits": "62% - 75%",
        "awayHome": "A",
        "playedYesterday": "Y",
        "awayHomeSplits": "72% - 60%",
        "savesAboveExp": 0.922,
        "gsaa": -3.79,
        "corsi": "56.8% (68.9) // 57.5% (67.6) // 55.9% (64.5) // 54.5% (60.3)",
        "fenwick": "55.7% (48.5) // 55.8% (49.6) // 55.1% (49.0) // 53.5% (44.8)",
        "shots": "55.6% (33.9) // 56.2% (34.2) // 56.0% (34.6) // 53.2% (32.8)",
        "scoring": "57.1% (31.9) // 60.6% (31.5) // 60.7% (30.7) // 57.2% (28.2)",
        "corsiAgainst": "43.2% (52.4) // 42.5% (50.1) // 44.1% (51.0) // 45.5% (50.3)",
        "fenwickAgainst": "44.3% (38.5) // 44.2% (39.3) // 44.9% (39.9) // 46.5% (38.9)",
        "shotsAgainst": "44.4% (27.0) // 43.8% (26.7) // 44.0% (27.1) // 46.8% (28.9)",
        "scoringAgainst": "42.9% (23.9) // 39.4% (20.5) // 39.3% (19.9) // 42.8% (21.1)",
        "oppCorsi": "54.2% (63.6) // 51.8% (59.2) // 52.5% (58.3) // 46.3% (51.7)",
        "oppFenwick": "52.2% (44.2) // 50.4% (40.8) // 50.0% (39.4) // 45.7% (36.4)",
        "oppShots": "52.0% (31.2) // 51.1% (29.7) // 50.4% (28.5) // 47.0% (27.1)",
        "oppScoring": "54.6% (30.8) // 51.6% (26.8) // 51.0% (25.8) // 43.8% (24.1)",
        "oppCorsiAgainst": "45.8% (53.7) // 48.2% (55.1) // 47.5% (52.8) // 53.7% (60.1)",
        "oppFenwickAgainst": "47.8% (40.4) // 49.6% (40.2) // 50.0% (39.4) // 54.3% (43.3)",
        "oppShotsAgainst": "48.0% (28.8) // 48.9% (28.4) // 49.6% (28.0) // 53.0% (30.5)",
        "oppScoringAgainst": "45.4% (25.6) // 48.4% (25.1) // 49.0% (24.8) // 56.2% (31.0)",
        "totalOver": 66,
        "totalOverLast5": 80,
        "totalOverLast15": 73,
        "lastTotalOver": 65,
        "last5": "4,5,4,3,1,3,3,1,3,2",
        "fd": "-240",
        "dk": "-190/+145",
        "kambi": "0",
        "lowest": "-190 DK",
        "implied": 65.51724137931035,
        "overOdds": "-190",
        "underOdds": "+145",
        "overUnder": "-190 / +145"
    },
    {
        "player": "Matthew Tkachuk",
        "team": "FLA",
        "opponent": "NJ",
        "propType": "ast",
        "line": 0.5,
        "ppLine": "",
        "avg": 0.77,
        "hit": false,
        "diffAvg": 0.54,
        "diffAbs": 0.2,
        "lastAvg": 0.68,
        "diff": 0.36,
        "avgMin": 18,
        "proj": 0.6,
        "lastAvgMin": 20.43,
        "oppOver": 0,
        "teamOver": 0,
        "gameLine": "-130",
        "+/-": "+14",
        "L5_+/-": "+5.0",
        "prevMatchup": "2024-01-13 1.0 ast 2023-10-16 2.0 ast",
        "winLossSplits": "71% - 25%",
        "awayHome": "A",
        "playedYesterday": "Y",
        "awayHomeSplits": "56% - 55%",
        "savesAboveExp": 0.922,
        "gsaa": -3.79,
        "corsi": "56.8% (68.9) // 57.5% (67.6) // 55.9% (64.5) // 54.5% (60.3)",
        "fenwick": "55.7% (48.5) // 55.8% (49.6) // 55.1% (49.0) // 53.5% (44.8)",
        "shots": "55.6% (33.9) // 56.2% (34.2) // 56.0% (34.6) // 53.2% (32.8)",
        "scoring": "57.1% (31.9) // 60.6% (31.5) // 60.7% (30.7) // 57.2% (28.2)",
        "corsiAgainst": "43.2% (52.4) // 42.5% (50.1) // 44.1% (51.0) // 45.5% (50.3)",
        "fenwickAgainst": "44.3% (38.5) // 44.2% (39.3) // 44.9% (39.9) // 46.5% (38.9)",
        "shotsAgainst": "44.4% (27.0) // 43.8% (26.7) // 44.0% (27.1) // 46.8% (28.9)",
        "scoringAgainst": "42.9% (23.9) // 39.4% (20.5) // 39.3% (19.9) // 42.8% (21.1)",
        "oppCorsi": "54.2% (63.6) // 51.8% (59.2) // 52.5% (58.3) // 46.3% (51.7)",
        "oppFenwick": "52.2% (44.2) // 50.4% (40.8) // 50.0% (39.4) // 45.7% (36.4)",
        "oppShots": "52.0% (31.2) // 51.1% (29.7) // 50.4% (28.5) // 47.0% (27.1)",
        "oppScoring": "54.6% (30.8) // 51.6% (26.8) // 51.0% (25.8) // 43.8% (24.1)",
        "oppCorsiAgainst": "45.8% (53.7) // 48.2% (55.1) // 47.5% (52.8) // 53.7% (60.1)",
        "oppFenwickAgainst": "47.8% (40.4) // 49.6% (40.2) // 50.0% (39.4) // 54.3% (43.3)",
        "oppShotsAgainst": "48.0% (28.8) // 48.9% (28.4) // 49.6% (28.0) // 53.0% (30.5)",
