[
    {
        "player": "Anton Forsberg",
        "team": "OTT",
        "opponent": "BUF",
        "propType": "saves",
        "line": 29.5,
        "ppLine": "",
        "avg": 22.94,
        "hit": false,
        "diffAvg": -0.22,
        "diffAbs": 0.14,
        "lastAvg": 26.32,
        "diff": -0.11,
        "avgMin": 51,
        "proj": 25.5,
        "lastAvgMin": 52.55,
        "oppOver": 0,
        "teamOver": 46,
        "gameLine": "+105",
        "+/-": 0,
        "L5_+/-": 0,
        "prevMatchup": "2023-10-24 buf @ ott 18.0 sv 2023-12-31 buf @ ott 45.0 sv 2024-01-11 ott @ buf 27.0 sv",
        "winLossSplits": "57% - 11%",
        "awayHome": "A",
        "playedYesterday": "Y",
        "awayHomeSplits": "25% - 33%",
        "savesAboveExp": 0.689,
        "gsaa": -5.87,
        "corsi": "50.3% (61.5) // 48.7% (63.0) // 52.5% (67.6) // 50.9% (63.0)",
        "fenwick": "50.9% (44.8) // 48.5% (45.0) // 51.8% (47.2) // 48.3% (42.7)",
        "shots": "50.5% (32.1) // 47.6% (32.0) // 49.1% (32.4) // 44.4% (30.3)",
        "scoring": "47.7% (27.6) // 45.7% (27.1) // 47.2% (27.0) // 43.3% (24.7)",
        "corsiAgainst": "49.7% (60.9) // 51.3% (66.4) // 47.5% (61.2) // 49.1% (60.7)",
        "fenwickAgainst": "49.1% (43.2) // 51.5% (47.7) // 48.2% (44.0) // 51.7% (45.7)",
        "shotsAgainst": "49.5% (31.4) // 52.4% (35.2) // 50.9% (33.6) // 55.6% (38.0)",
        "scoringAgainst": "52.3% (30.3) // 54.3% (32.2) // 52.8% (30.2) // 56.7% (32.3)",
        "oppCorsi": "49.9% (59.3) // 53.1% (66.2) // 50.2% (65.2) // 49.5% (64.0)",
        "oppFenwick": "50.5% (43.8) // 53.9% (48.2) // 51.1% (47.0) // 50.0% (44.7)",
        "oppShots": "51.3% (31.0) // 53.8% (34.5) // 52.2% (35.0) // 51.8% (34.0)",
        "oppScoring": "48.4% (27.8) // 52.8% (29.3) // 51.0% (26.5) // 49.7% (24.7)",
        "oppCorsiAgainst": "50.1% (59.5) // 46.9% (58.5) // 49.8% (64.8) // 50.5% (65.3)",
        "oppFenwickAgainst": "49.5% (43.0) // 46.1% (41.2) // 48.9% (45.0) // 50.0% (44.7)",
        "oppShotsAgainst": "48.7% (29.5) // 46.2% (29.6) // 47.8% (32.0) // 48.2% (31.7)",
        "oppScoringAgainst": "51.6% (29.6) // 47.2% (26.2) // 49.0% (25.5) // 50.3% (25.0)",
        "totalOver": 31,
        "totalOverLast5": 60,
        "totalOverLast15": 33,
        "lastTotalOver": 24,
        "last5": "6,43,9,45,30,19,18,33,39,21",
        "fd": "0",
        "dk": "-120/-110",
        "kambi": "0",
        "lowest": "-120 DK",
        "implied": 54.54545454545454,
        "overOdds": "-120",
        "underOdds": "-110",
        "overUnder": "-120 / -110"
    },
    {
        "player": "Alex Tuch",
        "team": "BUF",
        "opponent": "OTT",
        "propType": "ast",
        "line": 0.5,
        "ppLine": "",
        "avg": 0.51,
        "hit": false,
        "diffAvg": 0.02,
        "diffAbs": 0.2,
        "lastAvg": 0.58,
        "diff": 0.16,
        "avgMin": 19,
        "proj": 0.6,
        "lastAvgMin": 19.15,
        "oppOver": 0,
        "teamOver": 0,
        "gameLine": "-125",
        "+/-": -1,
        "L5_+/-": "+4.0",
        "prevMatchup": "2024-01-11 0.0 ast 2023-12-31 0.0 ast 2023-10-24 1.0 ast",
        "winLossSplits": "53% - 25%",
        "awayHome": "H",
        "playedYesterday": "Y",
        "awayHomeSplits": "35% - 40%",
        "savesAboveExp": 0.689,
        "gsaa": -5.87,
        "corsi": "49.9% (59.3) // 53.1% (66.2) // 50.2% (65.2) // 49.5% (64.0)",
        "fenwick": "50.5% (43.8) // 53.9% (48.2) // 51.1% (47.0) // 50.0% (44.7)",
        "shots": "51.3% (31.0) // 53.8% (34.5) // 52.2% (35.0) // 51.8% (34.0)",
        "scoring": "48.4% (27.8) // 52.8% (29.3) // 51.0% (26.5) // 49.7% (24.7)",
        "corsiAgainst": "50.1% (59.5) // 46.9% (58.5) // 49.8% (64.8) // 50.5% (65.3)",
        "fenwickAgainst": "49.5% (43.0) // 46.1% (41.2) // 48.9% (45.0) // 50.0% (44.7)",
        "shotsAgainst": "48.7% (29.5) // 46.2% (29.6) // 47.8% (32.0) // 48.2% (31.7)",
        "scoringAgainst": "51.6% (29.6) // 47.2% (26.2) // 49.0% (25.5) // 50.3% (25.0)",
        "oppCorsi": "50.3% (61.5) // 48.7% (63.0) // 52.5% (67.6) // 50.9% (63.0)",
        "oppFenwick": "50.9% (44.8) // 48.5% (45.0) // 51.8% (47.2) // 48.3% (42.7)",
        "oppShots": "50.5% (32.1) // 47.6% (32.0) // 49.1% (32.4) // 44.4% (30.3)",
        "oppScoring": "47.7% (27.6) // 45.7% (27.1) // 47.2% (27.0) // 43.3% (24.7)",
        "oppCorsiAgainst": "49.7% (60.9) // 51.3% (66.4) // 47.5% (61.2) // 49.1% (60.7)",
        "oppFenwickAgainst": "49.1% (43.2) // 51.5% (47.7) // 48.2% (44.0) // 51.7% (45.7)",
        "oppShotsAgainst": "49.5% (31.4) // 52.4% (35.2) // 50.9% (33.6) // 55.6% (38.0)",
        "oppScoringAgainst": "52.3% (30.3) // 54.3% (32.2) // 52.8% (30.2) // 56.7% (32.3)",
        "totalOver": 37,
        "totalOverLast5": 40,
        "totalOverLast15": 33,
        "lastTotalOver": 46,
        "last5": "0,1,0,2,0,0,0,0,4,1",
        "fd": "0",
        "dk": "+130/-166",
        "kambi": "0",
        "lowest": "130 DK",
        "implied": 43.47826086956522,
        "overOdds": "+130",
        "underOdds": "-166",
        "overUnder": "+130 / -166"
    },
    {
        "player": "Alex Tuch",
        "team": "BUF",
        "opponent": "OTT",
        "propType": "pts",
        "line": 0.5,
        "ppLine": "",
        "avg": 0.83,
        "hit": false,
        "diffAvg": 0.66,
        "diffAbs": 1.2,
        "lastAvg": 1.07,
        "diff": 1.14,
        "avgMin": 19,
        "proj": 1.1,
        "lastAvgMin": 19.15,
        "oppOver": 0,
        "teamOver": 0,
        "gameLine": "-125",
        "+/-": -1,
        "L5_+/-": "+4.0",
        "prevMatchup": "2024-01-11 0.0 pts 2023-12-31 0.0 pts 2023-10-24 2.0 pts",
        "winLossSplits": "73% - 35%",
        "awayHome": "H",
        "playedYesterday": "Y",
        "awayHomeSplits": "60% - 40%",
        "savesAboveExp": 0.689,
        "gsaa": -5.87,
        "corsi": "49.9% (59.3) // 53.1% (66.2) // 50.2% (65.2) // 49.5% (64.0)",
        "fenwick": "50.5% (43.8) // 53.9% (48.2) // 51.1% (47.0) // 50.0% (44.7)",
        "shots": "51.3% (31.0) // 53.8% (34.5) // 52.2% (35.0) // 51.8% (34.0)",
        "scoring": "48.4% (27.8) // 52.8% (29.3) // 51.0% (26.5) // 49.7% (24.7)",
        "corsiAgainst": "50.1% (59.5) // 46.9% (58.5) // 49.8% (64.8) // 50.5% (65.3)",
        "fenwickAgainst": "49.5% (43.0) // 46.1% (41.2) // 48.9% (45.0) // 50.0% (44.7)",
        "shotsAgainst": "48.7% (29.5) // 46.2% (29.6) // 47.8% (32.0) // 48.2% (31.7)",
        "scoringAgainst": "51.6% (29.6) // 47.2% (26.2) // 49.0% (25.5) // 50.3% (25.0)",
        "oppCorsi": "50.3% (61.5) // 48.7% (63.0) // 52.5% (67.6) // 50.9% (63.0)",
        "oppFenwick": "50.9% (44.8) // 48.5% (45.0) // 51.8% (47.2) // 48.3% (42.7)",
        "oppShots": "50.5% (32.1) // 47.6% (32.0) // 49.1% (32.4) // 44.4% (30.3)",
        "oppScoring": "47.7% (27.6) // 45.7% (27.1) // 47.2% (27.0) // 43.3% (24.7)",
        "oppCorsiAgainst": "49.7% (60.9) // 51.3% (66.4) // 47.5% (61.2) // 49.1% (60.7)",
        "oppFenwickAgainst": "49.1% (43.2) // 51.5% (47.7) // 48.2% (44.0) // 51.7% (45.7)",
        "oppShotsAgainst": "49.5% (31.4) // 52.4% (35.2) // 50.9% (33.6) // 55.6% (38.0)",
        "oppScoringAgainst": "52.3% (30.3) // 54.3% (32.2) // 52.8% (30.2) // 56.7% (32.3)",
        "totalOver": 51,
        "totalOverLast5": 60,
        "totalOverLast15": 40,
        "lastTotalOver": 65,
        "last5": "0,2,1,2,0,0,0,0,4,1",
        "fd": "0",
        "dk": "-160/+124",
        "kambi": "-175/130",
        "lowest": "-160 DK",
        "implied": 61.53846153846154,
        "overOdds": "-160",
        "underOdds": "+124",
        "overUnder": "-160 / +124"
    },
    {
        "player": "Alex Tuch",
        "team": "BUF",
        "opponent": "OTT",
        "propType": "sog",
        "line": 2.5,
        "ppLine": "",
        "avg": 2.6,
        "hit": false,
        "diffAvg": 0.04,
        "diffAbs": 0.16,
        "lastAvg": 2.95,
        "diff": 0.18,
        "avgMin": 19,
        "proj": 2.9,
        "lastAvgMin": 19.15,
        "oppOver": 0,
        "teamOver": 0,
        "gameLine": "-125",
        "+/-": -1,
        "L5_+/-": "+4.0",
        "prevMatchup": "2024-01-11 3.0 sog 2023-12-31 1.0 sog 2023-10-24 3.0 sog",
        "winLossSplits": "47% - 45%",
        "awayHome": "H",
        "playedYesterday": "Y",
        "awayHomeSplits": "50% - 40%",
        "savesAboveExp": 0.689,
        "gsaa": -5.87,
        "corsi": "49.9% (59.3) // 53.1% (66.2) // 50.2% (65.2) // 49.5% (64.0)",
        "fenwick": "50.5% (43.8) // 53.9% (48.2) // 51.1% (47.0) // 50.0% (44.7)",
        "shots": "51.3% (31.0) // 53.8% (34.5) // 52.2% (35.0) // 51.8% (34.0)",
        "scoring": "48.4% (27.8) // 52.8% (29.3) // 51.0% (26.5) // 49.7% (24.7)",
        "corsiAgainst": "50.1% (59.5) // 46.9% (58.5) // 49.8% (64.8) // 50.5% (65.3)",
        "fenwickAgainst": "49.5% (43.0) // 46.1% (41.2) // 48.9% (45.0) // 50.0% (44.7)",
        "shotsAgainst": "48.7% (29.5) // 46.2% (29.6) // 47.8% (32.0) // 48.2% (31.7)",
        "scoringAgainst": "51.6% (29.6) // 47.2% (26.2) // 49.0% (25.5) // 50.3% (25.0)",
        "oppCorsi": "50.3% (61.5) // 48.7% (63.0) // 52.5% (67.6) // 50.9% (63.0)",
        "oppFenwick": "50.9% (44.8) // 48.5% (45.0) // 51.8% (47.2) // 48.3% (42.7)",
        "oppShots": "50.5% (32.1) // 47.6% (32.0) // 49.1% (32.4) // 44.4% (30.3)",
        "oppScoring": "47.7% (27.6) // 45.7% (27.1) // 47.2% (27.0) // 43.3% (24.7)",
        "oppCorsiAgainst": "49.7% (60.9) // 51.3% (66.4) // 47.5% (61.2) // 49.1% (60.7)",
        "oppFenwickAgainst": "49.1% (43.2) // 51.5% (47.7) // 48.2% (44.0) // 51.7% (45.7)",
        "oppShotsAgainst": "49.5% (31.4) // 52.4% (35.2) // 50.9% (33.6) // 55.6% (38.0)",
        "oppScoringAgainst": "52.3% (30.3) // 54.3% (32.2) // 52.8% (30.2) // 56.7% (32.3)",
        "totalOver": 46,
        "totalOverLast5": 60,
        "totalOverLast15": 40,
        "lastTotalOver": 60,
        "last5": "3,6,4,1,1,1,2,4,1,1",
        "fd": "0",
        "dk": "-140/+110",
        "kambi": "-150/115",
        "lowest": "-140 DK",
        "implied": 58.333333333333336,
        "overOdds": "-140",
        "underOdds": "+110",
        "overUnder": "-140 / +110"
    },
    {
        "player": "Alex Tuch",
        "team": "BUF",
        "opponent": "OTT",
        "propType": "atgs",
        "line": 0.5,
        "ppLine": "",
        "avg": 0.0,
        "hit": false,
        "diffAvg": 0,
        "diffAbs": 1.0,
        "lastAvg": 0.0,
        "diff": 0,
        "avgMin": 19,
        "proj": 0.0,
        "lastAvgMin": 19.15,
        "oppOver": 0,
        "teamOver": 0,
        "gameLine": "-125",
        "+/-": -1,
        "L5_+/-": "+4.0",
        "prevMatchup": "2024-01-11 0.0 atgs 2023-12-31 0.0 atgs 2023-10-24 0.0 atgs",
        "winLossSplits": "0% - 0%",
        "awayHome": "H",
        "playedYesterday": "Y",
        "awayHomeSplits": "0% - 0%",
        "savesAboveExp": 0.689,
        "gsaa": -5.87,
        "corsi": "49.9% (59.3) // 53.1% (66.2) // 50.2% (65.2) // 49.5% (64.0)",
        "fenwick": "50.5% (43.8) // 53.9% (48.2) // 51.1% (47.0) // 50.0% (44.7)",
        "shots": "51.3% (31.0) // 53.8% (34.5) // 52.2% (35.0) // 51.8% (34.0)",
        "scoring": "48.4% (27.8) // 52.8% (29.3) // 51.0% (26.5) // 49.7% (24.7)",
        "corsiAgainst": "50.1% (59.5) // 46.9% (58.5) // 49.8% (64.8) // 50.5% (65.3)",
        "fenwickAgainst": "49.5% (43.0) // 46.1% (41.2) // 48.9% (45.0) // 50.0% (44.7)",
        "shotsAgainst": "48.7% (29.5) // 46.2% (29.6) // 47.8% (32.0) // 48.2% (31.7)",
        "scoringAgainst": "51.6% (29.6) // 47.2% (26.2) // 49.0% (25.5) // 50.3% (25.0)",
        "oppCorsi": "50.3% (61.5) // 48.7% (63.0) // 52.5% (67.6) // 50.9% (63.0)",
        "oppFenwick": "50.9% (44.8) // 48.5% (45.0) // 51.8% (47.2) // 48.3% (42.7)",
        "oppShots": "50.5% (32.1) // 47.6% (32.0) // 49.1% (32.4) // 44.4% (30.3)",
        "oppScoring": "47.7% (27.6) // 45.7% (27.1) // 47.2% (27.0) // 43.3% (24.7)",
        "oppCorsiAgainst": "49.7% (60.9) // 51.3% (66.4) // 47.5% (61.2) // 49.1% (60.7)",
        "oppFenwickAgainst": "49.1% (43.2) // 51.5% (47.7) // 48.2% (44.0) // 51.7% (45.7)",
        "oppShotsAgainst": "49.5% (31.4) // 52.4% (35.2) // 50.9% (33.6) // 55.6% (38.0)",
        "oppScoringAgainst": "52.3% (30.3) // 54.3% (32.2) // 52.8% (30.2) // 56.7% (32.3)",
        "totalOver": 0,
        "totalOverLast5": 0,
        "totalOverLast15": 0,
        "lastTotalOver": 0,
        "last5": "0,0,0,0,0,0,0,0,0,0",
        "fd": "0",
        "dk": "+185",
        "kambi": "155",
        "lowest": "185 DK",
        "implied": 35.08771929824561,
        "overOdds": "+185",
        "underOdds": "0",
        "overUnder": "+185 / 0"
    },
    {
        "player": "Brady Tkachuk",
        "team": "OTT",
        "opponent": "BUF",
        "propType": "ast",
        "line": 0.5,
        "ppLine": "",
        "avg": 0.32,
        "hit": false,
        "diffAvg": -0.36,
        "diffAbs": 0.2,
        "lastAvg": 0.57,
        "diff": 0.14,
        "avgMin": 19,
        "proj": 0.6,
        "lastAvgMin": 18.62,
        "oppOver": 0,
        "teamOver": 0,
        "gameLine": "+105",
        "+/-": -10,
        "L5_+/-": -7.0,
        "prevMatchup": "2024-01-11 0.0 ast 2023-12-31 0.0 ast 2023-10-24 0.0 ast",
        "winLossSplits": "21% - 35%",
        "awayHome": "A",
        "playedYesterday": "Y",
        "awayHomeSplits": "24% - 35%",
        "savesAboveExp": 0.461,
        "gsaa": -2.15,
        "corsi": "50.3% (61.5) // 48.7% (63.0) // 52.5% (67.6) // 50.9% (63.0)",
        "fenwick": "50.9% (44.8) // 48.5% (45.0) // 51.8% (47.2) // 48.3% (42.7)",
        "shots": "50.5% (32.1) // 47.6% (32.0) // 49.1% (32.4) // 44.4% (30.3)",
        "scoring": "47.7% (27.6) // 45.7% (27.1) // 47.2% (27.0) // 43.3% (24.7)",
        "corsiAgainst": "49.7% (60.9) // 51.3% (66.4) // 47.5% (61.2) // 49.1% (60.7)",
        "fenwickAgainst": "49.1% (43.2) // 51.5% (47.7) // 48.2% (44.0) // 51.7% (45.7)",
        "shotsAgainst": "49.5% (31.4) // 52.4% (35.2) // 50.9% (33.6) // 55.6% (38.0)",
        "scoringAgainst": "52.3% (30.3) // 54.3% (32.2) // 52.8% (30.2) // 56.7% (32.3)",
        "oppCorsi": "49.9% (59.3) // 53.1% (66.2) // 50.2% (65.2) // 49.5% (64.0)",
        "oppFenwick": "50.5% (43.8) // 53.9% (48.2) // 51.1% (47.0) // 50.0% (44.7)",
        "oppShots": "51.3% (31.0) // 53.8% (34.5) // 52.2% (35.0) // 51.8% (34.0)",
        "oppScoring": "48.4% (27.8) // 52.8% (29.3) // 51.0% (26.5) // 49.7% (24.7)",
        "oppCorsiAgainst": "50.1% (59.5) // 46.9% (58.5) // 49.8% (64.8) // 50.5% (65.3)",
        "oppFenwickAgainst": "49.5% (43.0) // 46.1% (41.2) // 48.9% (45.0) // 50.0% (44.7)",
        "oppShotsAgainst": "48.7% (29.5) // 46.2% (29.6) // 47.8% (32.0) // 48.2% (31.7)",
        "oppScoringAgainst": "51.6% (29.6) // 47.2% (26.2) // 49.0% (25.5) // 50.3% (25.0)",
        "totalOver": 30,
        "totalOverLast5": 40,
        "totalOverLast15": 33,
        "lastTotalOver": 48,
        "last5": "0,0,1,0,1,0,1,0,2,0",
        "fd": "0",
        "dk": "+165/-215",
        "kambi": "0",
        "lowest": "165 DK",
        "implied": 37.735849056603776,
        "overOdds": "+165",
        "underOdds": "-215",
        "overUnder": "+165 / -215"
    },
    {
        "player": "Brady Tkachuk",
        "team": "OTT",
        "opponent": "BUF",
        "propType": "pts",
        "line": 0.5,
        "ppLine": "",
        "avg": 0.78,
        "hit": false,
        "diffAvg": 0.56,
        "diffAbs": 1.0,
        "lastAvg": 0.99,
        "diff": 0.98,
        "avgMin": 19,
        "proj": 1.0,
        "lastAvgMin": 18.62,
        "oppOver": 0,
        "teamOver": 0,
        "gameLine": "+105",
        "+/-": -10,
        "L5_+/-": -7.0,
        "prevMatchup": "2024-01-11 0.0 pts 2023-12-31 0.0 pts 2023-10-24 0.0 pts",
        "winLossSplits": "57% - 43%",
        "awayHome": "A",
        "playedYesterday": "Y",
        "awayHomeSplits": "47% - 50%",
        "savesAboveExp": 0.461,
        "gsaa": -2.15,
        "corsi": "50.3% (61.5) // 48.7% (63.0) // 52.5% (67.6) // 50.9% (63.0)",
        "fenwick": "50.9% (44.8) // 48.5% (45.0) // 51.8% (47.2) // 48.3% (42.7)",
        "shots": "50.5% (32.1) // 47.6% (32.0) // 49.1% (32.4) // 44.4% (30.3)",
        "scoring": "47.7% (27.6) // 45.7% (27.1) // 47.2% (27.0) // 43.3% (24.7)",
        "corsiAgainst": "49.7% (60.9) // 51.3% (66.4) // 47.5% (61.2) // 49.1% (60.7)",
        "fenwickAgainst": "49.1% (43.2) // 51.5% (47.7) // 48.2% (44.0) // 51.7% (45.7)",
        "shotsAgainst": "49.5% (31.4) // 52.4% (35.2) // 50.9% (33.6) // 55.6% (38.0)",
        "scoringAgainst": "52.3% (30.3) // 54.3% (32.2) // 52.8% (30.2) // 56.7% (32.3)",
        "oppCorsi": "49.9% (59.3) // 53.1% (66.2) // 50.2% (65.2) // 49.5% (64.0)",
        "oppFenwick": "50.5% (43.8) // 53.9% (48.2) // 51.1% (47.0) // 50.0% (44.7)",
        "oppShots": "51.3% (31.0) // 53.8% (34.5) // 52.2% (35.0) // 51.8% (34.0)",
        "oppScoring": "48.4% (27.8) // 52.8% (29.3) // 51.0% (26.5) // 49.7% (24.7)",
        "oppCorsiAgainst": "50.1% (59.5) // 46.9% (58.5) // 49.8% (64.8) // 50.5% (65.3)",
        "oppFenwickAgainst": "49.5% (43.0) // 46.1% (41.2) // 48.9% (45.0) // 50.0% (44.7)",
        "oppShotsAgainst": "48.7% (29.5) // 46.2% (29.6) // 47.8% (32.0) // 48.2% (31.7)",
        "oppScoringAgainst": "51.6% (29.6) // 47.2% (26.2) // 49.0% (25.5) // 50.3% (25.0)",
        "totalOver": 49,
        "totalOverLast5": 60,
        "totalOverLast15": 53,
        "lastTotalOver": 68,
        "last5": "0,1,1,0,1,0,1,1,3,0",
        "fd": "0",
        "dk": "-175/+135",
        "kambi": "-177/135",
        "lowest": "-175 DK",
        "implied": 63.63636363636363,
        "overOdds": "-175",
        "underOdds": "+135",
        "overUnder": "-175 / +135"
    },
    {
        "player": "Brady Tkachuk",
        "team": "OTT",
        "opponent": "BUF",
        "propType": "sog",
        "line": 3.5,
        "ppLine": "",
        "avg": 4.46,
        "hit": false,
        "diffAvg": 0.27,
        "diffAbs": 0.2,
        "lastAvg": 4.13,
        "diff": 0.18,
        "avgMin": 19,
        "proj": 4.2,
        "lastAvgMin": 18.62,
        "oppOver": 0,
        "teamOver": 0,
        "gameLine": "+105",
        "+/-": -10,
        "L5_+/-": -7.0,
        "prevMatchup": "2024-01-11 4.0 sog 2023-12-31 3.0 sog 2023-10-24 6.0 sog",
        "winLossSplits": "64% - 70%",
        "awayHome": "A",
        "playedYesterday": "Y",
        "awayHomeSplits": "59% - 75%",
        "savesAboveExp": 0.461,
        "gsaa": -2.15,
        "corsi": "50.3% (61.5) // 48.7% (63.0) // 52.5% (67.6) // 50.9% (63.0)",
        "fenwick": "50.9% (44.8) // 48.5% (45.0) // 51.8% (47.2) // 48.3% (42.7)",
        "shots": "50.5% (32.1) // 47.6% (32.0) // 49.1% (32.4) // 44.4% (30.3)",
        "scoring": "47.7% (27.6) // 45.7% (27.1) // 47.2% (27.0) // 43.3% (24.7)",
        "corsiAgainst": "49.7% (60.9) // 51.3% (66.4) // 47.5% (61.2) // 49.1% (60.7)",
        "fenwickAgainst": "49.1% (43.2) // 51.5% (47.7) // 48.2% (44.0) // 51.7% (45.7)",
        "shotsAgainst": "49.5% (31.4) // 52.4% (35.2) // 50.9% (33.6) // 55.6% (38.0)",
        "scoringAgainst": "52.3% (30.3) // 54.3% (32.2) // 52.8% (30.2) // 56.7% (32.3)",
        "oppCorsi": "49.9% (59.3) // 53.1% (66.2) // 50.2% (65.2) // 49.5% (64.0)",
        "oppFenwick": "50.5% (43.8) // 53.9% (48.2) // 51.1% (47.0) // 50.0% (44.7)",
        "oppShots": "51.3% (31.0) // 53.8% (34.5) // 52.2% (35.0) // 51.8% (34.0)",
        "oppScoring": "48.4% (27.8) // 52.8% (29.3) // 51.0% (26.5) // 49.7% (24.7)",
        "oppCorsiAgainst": "50.1% (59.5) // 46.9% (58.5) // 49.8% (64.8) // 50.5% (65.3)",
        "oppFenwickAgainst": "49.5% (43.0) // 46.1% (41.2) // 48.9% (45.0) // 50.0% (44.7)",
        "oppShotsAgainst": "48.7% (29.5) // 46.2% (29.6) // 47.8% (32.0) // 48.2% (31.7)",
        "oppScoringAgainst": "51.6% (29.6) // 47.2% (26.2) // 49.0% (25.5) // 50.3% (25.0)",
        "totalOver": 68,
        "totalOverLast5": 80,
        "totalOverLast15": 67,
        "lastTotalOver": 69,
        "last5": "4,2,4,4,4,3,5,2,4,9",
        "fd": "0",
        "dk": "-150/+120",
        "kambi": "-143/110",
        "lowest": "-143 BR",
        "implied": 58.8477366255144,
        "overOdds": "-150",
        "underOdds": "+120",
        "overUnder": "-150 / +120"
    },
    {
        "player": "Brady Tkachuk",
        "team": "OTT",
        "opponent": "BUF",
        "propType": "atgs",
        "line": 0.5,
        "ppLine": "",
        "avg": 0.0,
        "hit": false,
        "diffAvg": 0,
        "diffAbs": 1.0,
        "lastAvg": 0.0,
        "diff": 0,
        "avgMin": 19,
        "proj": 0.0,
        "lastAvgMin": 18.62,
        "oppOver": 0,
        "teamOver": 0,
        "gameLine": "+105",
        "+/-": -10,
        "L5_+/-": -7.0,
        "prevMatchup": "2024-01-11 0.0 atgs 2023-12-31 0.0 atgs 2023-10-24 0.0 atgs",
        "winLossSplits": "0% - 0%",
        "awayHome": "A",
        "playedYesterday": "Y",
        "awayHomeSplits": "0% - 0%",
        "savesAboveExp": 0.461,
        "gsaa": -2.15,
        "corsi": "50.3% (61.5) // 48.7% (63.0) // 52.5% (67.6) // 50.9% (63.0)",
        "fenwick": "50.9% (44.8) // 48.5% (45.0) // 51.8% (47.2) // 48.3% (42.7)",
        "shots": "50.5% (32.1) // 47.6% (32.0) // 49.1% (32.4) // 44.4% (30.3)",
        "scoring": "47.7% (27.6) // 45.7% (27.1) // 47.2% (27.0) // 43.3% (24.7)",
        "corsiAgainst": "49.7% (60.9) // 51.3% (66.4) // 47.5% (61.2) // 49.1% (60.7)",
        "fenwickAgainst": "49.1% (43.2) // 51.5% (47.7) // 48.2% (44.0) // 51.7% (45.7)",
        "shotsAgainst": "49.5% (31.4) // 52.4% (35.2) // 50.9% (33.6) // 55.6% (38.0)",
        "scoringAgainst": "52.3% (30.3) // 54.3% (32.2) // 52.8% (30.2) // 56.7% (32.3)",
        "oppCorsi": "49.9% (59.3) // 53.1% (66.2) // 50.2% (65.2) // 49.5% (64.0)",
        "oppFenwick": "50.5% (43.8) // 53.9% (48.2) // 51.1% (47.0) // 50.0% (44.7)",
        "oppShots": "51.3% (31.0) // 53.8% (34.5) // 52.2% (35.0) // 51.8% (34.0)",
        "oppScoring": "48.4% (27.8) // 52.8% (29.3) // 51.0% (26.5) // 49.7% (24.7)",
        "oppCorsiAgainst": "50.1% (59.5) // 46.9% (58.5) // 49.8% (64.8) // 50.5% (65.3)",
        "oppFenwickAgainst": "49.5% (43.0) // 46.1% (41.2) // 48.9% (45.0) // 50.0% (44.7)",
        "oppShotsAgainst": "48.7% (29.5) // 46.2% (29.6) // 47.8% (32.0) // 48.2% (31.7)",
        "oppScoringAgainst": "51.6% (29.6) // 47.2% (26.2) // 49.0% (25.5) // 50.3% (25.0)",
        "totalOver": 0,
        "totalOverLast5": 0,
        "totalOverLast15": 0,
        "lastTotalOver": 0,
        "last5": "0,0,0,0,0,0,0,0,0,0",
        "fd": "0",
        "dk": "+125",
        "kambi": "125",
        "lowest": "125 DK",
        "implied": 44.44444444444444,
        "overOdds": "+125",
        "underOdds": "0",
        "overUnder": "+125 / 0"
    },
    {
        "player": "Casey Mittelstadt",
        "team": "BUF",
        "opponent": "OTT",
        "propType": "ast",
        "line": 0.5,
        "ppLine": "",
        "avg": 0.57,
        "hit": false,
        "diffAvg": 0.14,
        "diffAbs": 0.2,
        "lastAvg": 0.54,
        "diff": 0.08,
        "avgMin": 18,
        "proj": 0.6,
        "lastAvgMin": 15.72,
        "oppOver": 0,
        "teamOver": 0,
        "gameLine": "-125",
        "+/-": "+9",
        "L5_+/-": "+6.0",
        "prevMatchup": "2024-01-11 0.0 ast 2023-12-31 0.0 ast 2023-10-24 2.0 ast",
        "winLossSplits": "56% - 38%",
        "awayHome": "H",
        "playedYesterday": "Y",
        "awayHomeSplits": "50% - 40%",
        "savesAboveExp": 0.689,
        "gsaa": -5.87,
        "corsi": "49.9% (59.3) // 53.1% (66.2) // 50.2% (65.2) // 49.5% (64.0)",
        "fenwick": "50.5% (43.8) // 53.9% (48.2) // 51.1% (47.0) // 50.0% (44.7)",
        "shots": "51.3% (31.0) // 53.8% (34.5) // 52.2% (35.0) // 51.8% (34.0)",
        "scoring": "48.4% (27.8) // 52.8% (29.3) // 51.0% (26.5) // 49.7% (24.7)",
        "corsiAgainst": "50.1% (59.5) // 46.9% (58.5) // 49.8% (64.8) // 50.5% (65.3)",
        "fenwickAgainst": "49.5% (43.0) // 46.1% (41.2) // 48.9% (45.0) // 50.0% (44.7)",
        "shotsAgainst": "48.7% (29.5) // 46.2% (29.6) // 47.8% (32.0) // 48.2% (31.7)",
        "scoringAgainst": "51.6% (29.6) // 47.2% (26.2) // 49.0% (25.5) // 50.3% (25.0)",
        "oppCorsi": "50.3% (61.5) // 48.7% (63.0) // 52.5% (67.6) // 50.9% (63.0)",
        "oppFenwick": "50.9% (44.8) // 48.5% (45.0) // 51.8% (47.2) // 48.3% (42.7)",
        "oppShots": "50.5% (32.1) // 47.6% (32.0) // 49.1% (32.4) // 44.4% (30.3)",
        "oppScoring": "47.7% (27.6) // 45.7% (27.1) // 47.2% (27.0) // 43.3% (24.7)",
        "oppCorsiAgainst": "49.7% (60.9) // 51.3% (66.4) // 47.5% (61.2) // 49.1% (60.7)",
        "oppFenwickAgainst": "49.1% (43.2) // 51.5% (47.7) // 48.2% (44.0) // 51.7% (45.7)",
        "oppShotsAgainst": "49.5% (31.4) // 52.4% (35.2) // 50.9% (33.6) // 55.6% (38.0)",
        "oppScoringAgainst": "52.3% (30.3) // 54.3% (32.2) // 52.8% (30.2) // 56.7% (32.3)",
        "totalOver": 45,
        "totalOverLast5": 40,
        "totalOverLast15": 40,
        "lastTotalOver": 37,
        "last5": "0,2,0,1,0,0,1,0,1,2",
        "fd": "0",
        "dk": "+124/-160",
        "kambi": "0",
        "lowest": "124 DK",
        "implied": 44.642857142857146,
        "overOdds": "+124",
        "underOdds": "-160",
        "overUnder": "+124 / -160"
    },
    {
        "player": "Casey Mittelstadt",
        "team": "BUF",
        "opponent": "OTT",
        "propType": "pts",
        "line": 0.5,
        "ppLine": "",
        "avg": 0.83,
        "hit": false,
        "diffAvg": 0.66,
        "diffAbs": 0.6,
        "lastAvg": 0.72,
        "diff": 0.44,
        "avgMin": 18,
        "proj": 0.8,
        "lastAvgMin": 15.72,
        "oppOver": 0,
        "teamOver": 0,
        "gameLine": "-125",
        "+/-": "+9",
        "L5_+/-": "+6.0",
        "prevMatchup": "2024-01-11 0.0 pts 2023-12-31 0.0 pts 2023-10-24 2.0 pts",
        "winLossSplits": "67% - 50%",
        "awayHome": "H",
        "playedYesterday": "Y",
        "awayHomeSplits": "59% - 55%",
        "savesAboveExp": 0.689,
        "gsaa": -5.87,
        "corsi": "49.9% (59.3) // 53.1% (66.2) // 50.2% (65.2) // 49.5% (64.0)",
        "fenwick": "50.5% (43.8) // 53.9% (48.2) // 51.1% (47.0) // 50.0% (44.7)",
        "shots": "51.3% (31.0) // 53.8% (34.5) // 52.2% (35.0) // 51.8% (34.0)",
        "scoring": "48.4% (27.8) // 52.8% (29.3) // 51.0% (26.5) // 49.7% (24.7)",
        "corsiAgainst": "50.1% (59.5) // 46.9% (58.5) // 49.8% (64.8) // 50.5% (65.3)",
        "fenwickAgainst": "49.5% (43.0) // 46.1% (41.2) // 48.9% (45.0) // 50.0% (44.7)",
        "shotsAgainst": "48.7% (29.5) // 46.2% (29.6) // 47.8% (32.0) // 48.2% (31.7)",
        "scoringAgainst": "51.6% (29.6) // 47.2% (26.2) // 49.0% (25.5) // 50.3% (25.0)",
        "oppCorsi": "50.3% (61.5) // 48.7% (63.0) // 52.5% (67.6) // 50.9% (63.0)",
        "oppFenwick": "50.9% (44.8) // 48.5% (45.0) // 51.8% (47.2) // 48.3% (42.7)",
        "oppShots": "50.5% (32.1) // 47.6% (32.0) // 49.1% (32.4) // 44.4% (30.3)",
        "oppScoring": "47.7% (27.6) // 45.7% (27.1) // 47.2% (27.0) // 43.3% (24.7)",
        "oppCorsiAgainst": "49.7% (60.9) // 51.3% (66.4) // 47.5% (61.2) // 49.1% (60.7)",
        "oppFenwickAgainst": "49.1% (43.2) // 51.5% (47.7) // 48.2% (44.0) // 51.7% (45.7)",
        "oppShotsAgainst": "49.5% (31.4) // 52.4% (35.2) // 50.9% (33.6) // 55.6% (38.0)",
        "oppScoringAgainst": "52.3% (30.3) // 54.3% (32.2) // 52.8% (30.2) // 56.7% (32.3)",
        "totalOver": 57,
        "totalOverLast5": 40,
        "totalOverLast15": 53,
        "lastTotalOver": 49,
        "last5": "0,2,0,2,0,1,1,1,1,2",
        "fd": "0",
        "dk": "-140/+110",
        "kambi": "-150/115",
        "lowest": "-140 DK",
        "implied": 58.333333333333336,
        "overOdds": "-140",
        "underOdds": "+110",
        "overUnder": "-140 / +110"
    },
    {
        "player": "Casey Mittelstadt",
        "team": "BUF",
        "opponent": "OTT",
        "propType": "sog",
        "line": 1.5,
        "ppLine": "",
        "avg": 1.57,
        "hit": false,
        "diffAvg": 0.05,
        "diffAbs": 0.27,
        "lastAvg": 1.65,
        "diff": 0.1,
        "avgMin": 18,
        "proj": 1.9,
        "lastAvgMin": 15.72,
        "oppOver": 0,
        "teamOver": 0,
        "gameLine": "-125",
        "+/-": "+9",
        "L5_+/-": "+6.0",
        "prevMatchup": "2024-01-11 1.0 sog 2023-12-31 2.0 sog 2023-10-24 0.0 sog",
        "winLossSplits": "39% - 54%",
        "awayHome": "H",
        "playedYesterday": "Y",
        "awayHomeSplits": "64% - 30%",
        "savesAboveExp": 0.689,
        "gsaa": -5.87,
        "corsi": "49.9% (59.3) // 53.1% (66.2) // 50.2% (65.2) // 49.5% (64.0)",
        "fenwick": "50.5% (43.8) // 53.9% (48.2) // 51.1% (47.0) // 50.0% (44.7)",
        "shots": "51.3% (31.0) // 53.8% (34.5) // 52.2% (35.0) // 51.8% (34.0)",
        "scoring": "48.4% (27.8) // 52.8% (29.3) // 51.0% (26.5) // 49.7% (24.7)",
        "corsiAgainst": "50.1% (59.5) // 46.9% (58.5) // 49.8% (64.8) // 50.5% (65.3)",
        "fenwickAgainst": "49.5% (43.0) // 46.1% (41.2) // 48.9% (45.0) // 50.0% (44.7)",
        "shotsAgainst": "48.7% (29.5) // 46.2% (29.6) // 47.8% (32.0) // 48.2% (31.7)",
        "scoringAgainst": "51.6% (29.6) // 47.2% (26.2) // 49.0% (25.5) // 50.3% (25.0)",
        "oppCorsi": "50.3% (61.5) // 48.7% (63.0) // 52.5% (67.6) // 50.9% (63.0)",
        "oppFenwick": "50.9% (44.8) // 48.5% (45.0) // 51.8% (47.2) // 48.3% (42.7)",
        "oppShots": "50.5% (32.1) // 47.6% (32.0) // 49.1% (32.4) // 44.4% (30.3)",
        "oppScoring": "47.7% (27.6) // 45.7% (27.1) // 47.2% (27.0) // 43.3% (24.7)",
        "oppCorsiAgainst": "49.7% (60.9) // 51.3% (66.4) // 47.5% (61.2) // 49.1% (60.7)",
        "oppFenwickAgainst": "49.1% (43.2) // 51.5% (47.7) // 48.2% (44.0) // 51.7% (45.7)",
        "oppShotsAgainst": "49.5% (31.4) // 52.4% (35.2) // 50.9% (33.6) // 55.6% (38.0)",
        "oppScoringAgainst": "52.3% (30.3) // 54.3% (32.2) // 52.8% (30.2) // 56.7% (32.3)",
        "totalOver": 48,
        "totalOverLast5": 40,
        "totalOverLast15": 47,
        "lastTotalOver": 51,
        "last5": "1,1,1,2,2,4,0,4,0,0",
        "fd": "0",
        "dk": "-175/+135",
        "kambi": "0",
        "lowest": "-175 DK",
        "implied": 63.63636363636363,
        "overOdds": "-175",
        "underOdds": "+135",
        "overUnder": "-175 / +135"
    },
    {
        "player": "Casey Mittelstadt",
        "team": "BUF",
        "opponent": "OTT",
        "propType": "atgs",
        "line": 0.5,
        "ppLine": "",
        "avg": 0.0,
        "hit": false,
        "diffAvg": 0,
        "diffAbs": 1.0,
        "lastAvg": 0.0,
        "diff": 0,
        "avgMin": 18,
        "proj": 0.0,
        "lastAvgMin": 15.72,
        "oppOver": 0,
        "teamOver": 0,
        "gameLine": "-125",
        "+/-": "+9",
        "L5_+/-": "+6.0",
        "prevMatchup": "2024-01-11 0.0 atgs 2023-12-31 0.0 atgs 2023-10-24 0.0 atgs",
        "winLossSplits": "0% - 0%",
        "awayHome": "H",
        "playedYesterday": "Y",
        "awayHomeSplits": "0% - 0%",
        "savesAboveExp": 0.689,
        "gsaa": -5.87,
        "corsi": "49.9% (59.3) // 53.1% (66.2) // 50.2% (65.2) // 49.5% (64.0)",
        "fenwick": "50.5% (43.8) // 53.9% (48.2) // 51.1% (47.0) // 50.0% (44.7)",
        "shots": "51.3% (31.0) // 53.8% (34.5) // 52.2% (35.0) // 51.8% (34.0)",
        "scoring": "48.4% (27.8) // 52.8% (29.3) // 51.0% (26.5) // 49.7% (24.7)",
        "corsiAgainst": "50.1% (59.5) // 46.9% (58.5) // 49.8% (64.8) // 50.5% (65.3)",
        "fenwickAgainst": "49.5% (43.0) // 46.1% (41.2) // 48.9% (45.0) // 50.0% (44.7)",
        "shotsAgainst": "48.7% (29.5) // 46.2% (29.6) // 47.8% (32.0) // 48.2% (31.7)",
        "scoringAgainst": "51.6% (29.6) // 47.2% (26.2) // 49.0% (25.5) // 50.3% (25.0)",
        "oppCorsi": "50.3% (61.5) // 48.7% (63.0) // 52.5% (67.6) // 50.9% (63.0)",
        "oppFenwick": "50.9% (44.8) // 48.5% (45.0) // 51.8% (47.2) // 48.3% (42.7)",
        "oppShots": "50.5% (32.1) // 47.6% (32.0) // 49.1% (32.4) // 44.4% (30.3)",
        "oppScoring": "47.7% (27.6) // 45.7% (27.1) // 47.2% (27.0) // 43.3% (24.7)",
        "oppCorsiAgainst": "49.7% (60.9) // 51.3% (66.4) // 47.5% (61.2) // 49.1% (60.7)",
        "oppFenwickAgainst": "49.1% (43.2) // 51.5% (47.7) // 48.2% (44.0) // 51.7% (45.7)",
        "oppShotsAgainst": "49.5% (31.4) // 52.4% (35.2) // 50.9% (33.6) // 55.6% (38.0)",
        "oppScoringAgainst": "52.3% (30.3) // 54.3% (32.2) // 52.8% (30.2) // 56.7% (32.3)",
        "totalOver": 0,
        "totalOverLast5": 0,
        "totalOverLast15": 0,
        "lastTotalOver": 0,
        "last5": "0,0,0,0,0,0,0,0,0,0",
        "fd": "0",
        "dk": "+240",
        "kambi": "200",
        "lowest": "240 DK",
        "implied": 29.411764705882355,
        "overOdds": "+240",
        "underOdds": "0",
        "overUnder": "+240 / 0"
    },
    {
        "player": "Claude Giroux",
        "team": "OTT",
        "opponent": "BUF",
        "propType": "ast",
        "line": 0.5,
        "ppLine": "",
        "avg": 0.59,
        "hit": false,
        "diffAvg": 0.18,
        "diffAbs": 0.2,
        "lastAvg": 0.54,
        "diff": 0.08,
        "avgMin": 20,
        "proj": 0.6,
        "lastAvgMin": 18.78,
        "oppOver": 0,
        "teamOver": 0,
        "gameLine": "+105",
        "+/-": -2,
        "L5_+/-": -4.0,
        "prevMatchup": "2024-01-11 0.0 ast 2023-12-31 1.0 ast 2023-10-24 0.0 ast",
        "winLossSplits": "86% - 26%",
        "awayHome": "A",
        "playedYesterday": "Y",
        "awayHomeSplits": "47% - 50%",
        "savesAboveExp": 0.461,
        "gsaa": -2.15,
        "corsi": "50.3% (61.5) // 48.7% (63.0) // 52.5% (67.6) // 50.9% (63.0)",
        "fenwick": "50.9% (44.8) // 48.5% (45.0) // 51.8% (47.2) // 48.3% (42.7)",
        "shots": "50.5% (32.1) // 47.6% (32.0) // 49.1% (32.4) // 44.4% (30.3)",
        "scoring": "47.7% (27.6) // 45.7% (27.1) // 47.2% (27.0) // 43.3% (24.7)",
        "corsiAgainst": "49.7% (60.9) // 51.3% (66.4) // 47.5% (61.2) // 49.1% (60.7)",
        "fenwickAgainst": "49.1% (43.2) // 51.5% (47.7) // 48.2% (44.0) // 51.7% (45.7)",
        "shotsAgainst": "49.5% (31.4) // 52.4% (35.2) // 50.9% (33.6) // 55.6% (38.0)",
        "scoringAgainst": "52.3% (30.3) // 54.3% (32.2) // 52.8% (30.2) // 56.7% (32.3)",
        "oppCorsi": "49.9% (59.3) // 53.1% (66.2) // 50.2% (65.2) // 49.5% (64.0)",
        "oppFenwick": "50.5% (43.8) // 53.9% (48.2) // 51.1% (47.0) // 50.0% (44.7)",
        "oppShots": "51.3% (31.0) // 53.8% (34.5) // 52.2% (35.0) // 51.8% (34.0)",
        "oppScoring": "48.4% (27.8) // 52.8% (29.3) // 51.0% (26.5) // 49.7% (24.7)",
        "oppCorsiAgainst": "50.1% (59.5) // 46.9% (58.5) // 49.8% (64.8) // 50.5% (65.3)",
        "oppFenwickAgainst": "49.5% (43.0) // 46.1% (41.2) // 48.9% (45.0) // 50.0% (44.7)",
        "oppShotsAgainst": "48.7% (29.5) // 46.2% (29.6) // 47.8% (32.0) // 48.2% (31.7)",
        "oppScoringAgainst": "51.6% (29.6) // 47.2% (26.2) // 49.0% (25.5) // 50.3% (25.0)",
        "totalOver": 49,
        "totalOverLast5": 40,
        "totalOverLast15": 47,
        "lastTotalOver": 36,
        "last5": "0,1,0,0,1,1,0,1,2,0",
        "fd": "0",
        "dk": "+114/-145",
        "kambi": "0",
        "lowest": "114 DK",
        "implied": 46.728971962616825,
        "overOdds": "+114",
        "underOdds": "-145",
        "overUnder": "+114 / -145"
    },
    {
        "player": "Claude Giroux",
        "team": "OTT",
        "opponent": "BUF",
        "propType": "pts",
        "line": 0.5,
        "ppLine": "",
        "avg": 0.92,
        "hit": false,
        "diffAvg": 0.84,
        "diffAbs": 1.0,
        "lastAvg": 0.96,
        "diff": 0.92,
        "avgMin": 20,
        "proj": 1.0,
        "lastAvgMin": 18.78,
        "oppOver": 0,
        "teamOver": 0,
        "gameLine": "+105",
        "+/-": -2,
        "L5_+/-": -4.0,
        "prevMatchup": "2024-01-11 2.0 pts 2023-12-31 1.0 pts 2023-10-24 0.0 pts",
        "winLossSplits": "86% - 48%",
        "awayHome": "A",
        "playedYesterday": "Y",
        "awayHomeSplits": "65% - 60%",
        "savesAboveExp": 0.461,
        "gsaa": -2.15,
        "corsi": "50.3% (61.5) // 48.7% (63.0) // 52.5% (67.6) // 50.9% (63.0)",
        "fenwick": "50.9% (44.8) // 48.5% (45.0) // 51.8% (47.2) // 48.3% (42.7)",
        "shots": "50.5% (32.1) // 47.6% (32.0) // 49.1% (32.4) // 44.4% (30.3)",
        "scoring": "47.7% (27.6) // 45.7% (27.1) // 47.2% (27.0) // 43.3% (24.7)",
        "corsiAgainst": "49.7% (60.9) // 51.3% (66.4) // 47.5% (61.2) // 49.1% (60.7)",
        "fenwickAgainst": "49.1% (43.2) // 51.5% (47.7) // 48.2% (44.0) // 51.7% (45.7)",
        "shotsAgainst": "49.5% (31.4) // 52.4% (35.2) // 50.9% (33.6) // 55.6% (38.0)",
        "scoringAgainst": "52.3% (30.3) // 54.3% (32.2) // 52.8% (30.2) // 56.7% (32.3)",
        "oppCorsi": "49.9% (59.3) // 53.1% (66.2) // 50.2% (65.2) // 49.5% (64.0)",
        "oppFenwick": "50.5% (43.8) // 53.9% (48.2) // 51.1% (47.0) // 50.0% (44.7)",
        "oppShots": "51.3% (31.0) // 53.8% (34.5) // 52.2% (35.0) // 51.8% (34.0)",
        "oppScoring": "48.4% (27.8) // 52.8% (29.3) // 51.0% (26.5) // 49.7% (24.7)",
        "oppCorsiAgainst": "50.1% (59.5) // 46.9% (58.5) // 49.8% (64.8) // 50.5% (65.3)",
        "oppFenwickAgainst": "49.5% (43.0) // 46.1% (41.2) // 48.9% (45.0) // 50.0% (44.7)",
        "oppShotsAgainst": "48.7% (29.5) // 46.2% (29.6) // 47.8% (32.0) // 48.2% (31.7)",
        "oppScoringAgainst": "51.6% (29.6) // 47.2% (26.2) // 49.0% (25.5) // 50.3% (25.0)",
        "totalOver": 62,
        "totalOverLast5": 60,
        "totalOverLast15": 53,
        "lastTotalOver": 59,
        "last5": "2,1,0,0,2,1,0,1,2,0",
        "fd": "0",
        "dk": "-175/+135",
        "kambi": "-157/120",
        "lowest": "-157 BR",
        "implied": 61.08949416342413,
        "overOdds": "-175",
        "underOdds": "+135",
        "overUnder": "-175 / +135"
    },
    {
        "player": "Claude Giroux",
        "team": "OTT",
        "opponent": "BUF",
        "propType": "sog",
        "line": 2.5,
        "ppLine": "",
        "avg": 2.46,
        "hit": false,
        "diffAvg": -0.02,
        "diffAbs": 0.12,
        "lastAvg": 2.61,
        "diff": 0.04,
        "avgMin": 20,
        "proj": 2.8,
        "lastAvgMin": 18.78,
        "oppOver": 0,
        "teamOver": 0,
        "gameLine": "+105",
        "+/-": -2,
        "L5_+/-": -4.0,
        "prevMatchup": "2024-01-11 3.0 sog 2023-12-31 2.0 sog 2023-10-24 1.0 sog",
        "winLossSplits": "50% - 35%",
        "awayHome": "A",
        "playedYesterday": "Y",
        "awayHomeSplits": "53% - 30%",
        "savesAboveExp": 0.461,
        "gsaa": -2.15,
        "corsi": "50.3% (61.5) // 48.7% (63.0) // 52.5% (67.6) // 50.9% (63.0)",
        "fenwick": "50.9% (44.8) // 48.5% (45.0) // 51.8% (47.2) // 48.3% (42.7)",
        "shots": "50.5% (32.1) // 47.6% (32.0) // 49.1% (32.4) // 44.4% (30.3)",
        "scoring": "47.7% (27.6) // 45.7% (27.1) // 47.2% (27.0) // 43.3% (24.7)",
        "corsiAgainst": "49.7% (60.9) // 51.3% (66.4) // 47.5% (61.2) // 49.1% (60.7)",
        "fenwickAgainst": "49.1% (43.2) // 51.5% (47.7) // 48.2% (44.0) // 51.7% (45.7)",
        "shotsAgainst": "49.5% (31.4) // 52.4% (35.2) // 50.9% (33.6) // 55.6% (38.0)",
        "scoringAgainst": "52.3% (30.3) // 54.3% (32.2) // 52.8% (30.2) // 56.7% (32.3)",
        "oppCorsi": "49.9% (59.3) // 53.1% (66.2) // 50.2% (65.2) // 49.5% (64.0)",
        "oppFenwick": "50.5% (43.8) // 53.9% (48.2) // 51.1% (47.0) // 50.0% (44.7)",
        "oppShots": "51.3% (31.0) // 53.8% (34.5) // 52.2% (35.0) // 51.8% (34.0)",
        "oppScoring": "48.4% (27.8) // 52.8% (29.3) // 51.0% (26.5) // 49.7% (24.7)",
