[
    {
        "player": "Igor Shesterkin",
        "team": "NYR",
        "opponent": "NYI",
        "propType": "saves",
        "line": 26.5,
        "ppLine": "",
        "avg": 25.18,
        "hit": false,
        "diffAvg": -0.05,
        "diffAbs": 0.12,
        "lastAvg": 23.86,
        "diff": -0.1,
        "avgMin": 59,
        "proj": 23.4,
        "lastAvgMin": 60.15,
        "oppOver": 0,
        "teamOver": 44,
        "gameLine": "-148",
        "+/-": 0,
        "L5_+/-": 0,
        "prevMatchup": "",
        "winLossSplits": "52% - 23%",
        "awayHome": "A",
        "playedYesterday": "N",
        "awayHomeSplits": "53% - 27%",
        "savesAboveExp": 0.388,
        "gsaa": -1.33,
        "corsi": "50.5% (61.1) // 53.6% (64.8) // 59.8% (71.2) // 62.7% (80.1)",
        "fenwick": "51.4% (45.4) // 54.2% (48.1) // 60.2% (53.5) // 62.3% (59.0)",
        "shots": "52.0% (31.4) // 55.5% (34.2) // 60.5% (38.0) // 63.5% (42.8)",
        "scoring": "51.8% (30.0) // 55.8% (32.6) // 60.9% (35.8) // 65.2% (42.5)",
        "corsiAgainst": "49.5% (59.8) // 46.4% (56.0) // 40.2% (47.8) // 37.3% (47.7)",
        "fenwickAgainst": "48.6% (43.0) // 45.8% (40.7) // 39.8% (35.4) // 37.7% (35.7)",
        "shotsAgainst": "48.0% (29.0) // 44.5% (27.5) // 39.5% (24.8) // 36.5% (24.6)",
        "scoringAgainst": "48.2% (27.9) // 44.2% (25.8) // 39.1% (23.0) // 34.8% (22.7)",
        "oppCorsi": "44.7% (56.8) // 44.4% (54.6) // 43.4% (50.9) // 46.0% (52.9)",
        "oppFenwick": "45.5% (41.5) // 44.8% (38.7) // 43.5% (34.7) // 44.5% (34.9)",
        "oppShots": "45.8% (29.2) // 45.8% (28.4) // 44.8% (26.5) // 44.9% (26.6)",
        "oppScoring": "45.4% (28.2) // 44.8% (26.8) // 43.3% (23.3) // 45.5% (25.3)",
        "oppCorsiAgainst": "55.3% (70.4) // 55.6% (68.4) // 56.6% (66.2) // 54.0% (62.2)",
        "oppFenwickAgainst": "54.5% (49.6) // 55.2% (47.8) // 56.5% (45.1) // 55.5% (43.6)",
        "oppShotsAgainst": "54.2% (34.6) // 54.2% (33.6) // 55.2% (32.7) // 55.1% (32.6)",
        "oppScoringAgainst": "54.6% (33.9) // 55.2% (33.1) // 56.7% (30.5) // 54.5% (30.3)",
        "totalOver": 41,
        "totalOverLast5": 40,
        "totalOverLast15": 27,
        "lastTotalOver": 51,
        "last5": "29,28,15,19,16,21,29,24,15,20",
        "fd": "-118/-108",
        "dk": "-120/-110",
        "kambi": "0",
        "lowest": "-118 FD",
        "implied": 54.12844036697248,
        "overOdds": "-120",
        "underOdds": "-110",
        "overUnder": "-120 / -110"
    },
    {
        "player": "Ilya Sorokin",
        "team": "NYI",
        "opponent": "NYR",
        "propType": "saves",
        "line": 28.5,
        "ppLine": "",
        "avg": 30.92,
        "hit": false,
        "diffAvg": 0.08,
        "diffAbs": 0.12,
        "lastAvg": 24.62,
        "diff": -0.14,
        "avgMin": 59,
        "proj": 25.1,
        "lastAvgMin": 57.85,
        "oppOver": 0,
        "teamOver": 66,
        "gameLine": "+124",
        "+/-": 0,
        "L5_+/-": 0,
        "prevMatchup": "",
        "winLossSplits": "69% - 64%",
        "awayHome": "H",
        "playedYesterday": "N",
        "awayHomeSplits": "56% - 73%",
        "savesAboveExp": 0.704,
        "gsaa": 5.74,
        "corsi": "44.7% (56.8) // 44.4% (54.6) // 43.4% (50.9) // 46.0% (52.9)",
        "fenwick": "45.5% (41.5) // 44.8% (38.7) // 43.5% (34.7) // 44.5% (34.9)",
        "shots": "45.8% (29.2) // 45.8% (28.4) // 44.8% (26.5) // 44.9% (26.6)",
        "scoring": "45.4% (28.2) // 44.8% (26.8) // 43.3% (23.3) // 45.5% (25.3)",
        "corsiAgainst": "55.3% (70.4) // 55.6% (68.4) // 56.6% (66.2) // 54.0% (62.2)",
        "fenwickAgainst": "54.5% (49.6) // 55.2% (47.8) // 56.5% (45.1) // 55.5% (43.6)",
        "shotsAgainst": "54.2% (34.6) // 54.2% (33.6) // 55.2% (32.7) // 55.1% (32.6)",
        "scoringAgainst": "54.6% (33.9) // 55.2% (33.1) // 56.7% (30.5) // 54.5% (30.3)",
        "oppCorsi": "50.5% (61.1) // 53.6% (64.8) // 59.8% (71.2) // 62.7% (80.1)",
        "oppFenwick": "51.4% (45.4) // 54.2% (48.1) // 60.2% (53.5) // 62.3% (59.0)",
        "oppShots": "52.0% (31.4) // 55.5% (34.2) // 60.5% (38.0) // 63.5% (42.8)",
        "oppScoring": "51.8% (30.0) // 55.8% (32.6) // 60.9% (35.8) // 65.2% (42.5)",
        "oppCorsiAgainst": "49.5% (59.8) // 46.4% (56.0) // 40.2% (47.8) // 37.3% (47.7)",
        "oppFenwickAgainst": "48.6% (43.0) // 45.8% (40.7) // 39.8% (35.4) // 37.7% (35.7)",
        "oppShotsAgainst": "48.0% (29.0) // 44.5% (27.5) // 39.5% (24.8) // 36.5% (24.6)",
        "oppScoringAgainst": "48.2% (27.9) // 44.2% (25.8) // 39.1% (23.0) // 34.8% (22.7)",
        "totalOver": 66,
        "totalOverLast5": 60,
        "totalOverLast15": 47,
        "lastTotalOver": 48,
        "last5": "29,18,35,24,41,20,40,29,25,32",
        "fd": "-102/-124",
        "dk": "-105/-125",
        "kambi": "0",
        "lowest": "-102 FD",
        "implied": 50.495049504950494,
        "overOdds": "-105",
        "underOdds": "-125",
        "overUnder": "-105 / -125"
    },
    {
        "player": "Adam Fox",
        "team": "NYR",
        "opponent": "NYI",
        "propType": "ast",
        "line": 0.5,
        "ppLine": "",
        "avg": 0.8,
        "hit": false,
        "diffAvg": 0.6,
        "diffAbs": 0.2,
        "lastAvg": 0.67,
        "diff": 0.34,
        "avgMin": 23,
        "proj": 0.6,
        "lastAvgMin": 24.37,
        "oppOver": 0,
        "teamOver": 0,
        "gameLine": "-148",
        "+/-": "+10",
        "L5_+/-": "+10.0",
        "prevMatchup": "",
        "winLossSplits": "68% - 38%",
        "awayHome": "A",
        "playedYesterday": "N",
        "awayHomeSplits": "65% - 48%",
        "savesAboveExp": 0.704,
        "gsaa": 5.74,
        "corsi": "50.5% (61.1) // 53.6% (64.8) // 59.8% (71.2) // 62.7% (80.1)",
        "fenwick": "51.4% (45.4) // 54.2% (48.1) // 60.2% (53.5) // 62.3% (59.0)",
        "shots": "52.0% (31.4) // 55.5% (34.2) // 60.5% (38.0) // 63.5% (42.8)",
        "scoring": "51.8% (30.0) // 55.8% (32.6) // 60.9% (35.8) // 65.2% (42.5)",
        "corsiAgainst": "49.5% (59.8) // 46.4% (56.0) // 40.2% (47.8) // 37.3% (47.7)",
        "fenwickAgainst": "48.6% (43.0) // 45.8% (40.7) // 39.8% (35.4) // 37.7% (35.7)",
        "shotsAgainst": "48.0% (29.0) // 44.5% (27.5) // 39.5% (24.8) // 36.5% (24.6)",
        "scoringAgainst": "48.2% (27.9) // 44.2% (25.8) // 39.1% (23.0) // 34.8% (22.7)",
        "oppCorsi": "44.7% (56.8) // 44.4% (54.6) // 43.4% (50.9) // 46.0% (52.9)",
        "oppFenwick": "45.5% (41.5) // 44.8% (38.7) // 43.5% (34.7) // 44.5% (34.9)",
        "oppShots": "45.8% (29.2) // 45.8% (28.4) // 44.8% (26.5) // 44.9% (26.6)",
        "oppScoring": "45.4% (28.2) // 44.8% (26.8) // 43.3% (23.3) // 45.5% (25.3)",
        "oppCorsiAgainst": "55.3% (70.4) // 55.6% (68.4) // 56.6% (66.2) // 54.0% (62.2)",
        "oppFenwickAgainst": "54.5% (49.6) // 55.2% (47.8) // 56.5% (45.1) // 55.5% (43.6)",
        "oppShotsAgainst": "54.2% (34.6) // 54.2% (33.6) // 55.2% (32.7) // 55.1% (32.6)",
        "oppScoringAgainst": "54.6% (33.9) // 55.2% (33.1) // 56.7% (30.5) // 54.5% (30.3)",
        "totalOver": 57,
        "totalOverLast5": 40,
        "totalOverLast15": 53,
        "lastTotalOver": 54,
        "last5": "4,0,2,0,0,1,1,1,2,1",
        "fd": "-138",
        "dk": "-125/-105",
        "kambi": "0",
        "lowest": "-125 DK",
        "implied": 55.55555555555556,
        "overOdds": "-125",
        "underOdds": "-105",
        "overUnder": "-125 / -105"
    },
    {
        "player": "Adam Fox",
        "team": "NYR",
        "opponent": "NYI",
        "propType": "pts",
        "line": 0.5,
        "ppLine": "",
        "avg": 0.98,
        "hit": false,
        "diffAvg": 0.96,
        "diffAbs": 0.6,
        "lastAvg": 0.8,
        "diff": 0.6,
        "avgMin": 23,
        "proj": 0.8,
        "lastAvgMin": 24.37,
        "oppOver": 0,
        "teamOver": 0,
        "gameLine": "-148",
        "+/-": "+10",
        "L5_+/-": "+10.0",
        "prevMatchup": "",
        "winLossSplits": "68% - 62%",
        "awayHome": "A",
        "playedYesterday": "N",
        "awayHomeSplits": "78% - 52%",
        "savesAboveExp": 0.704,
        "gsaa": 5.74,
        "corsi": "50.5% (61.1) // 53.6% (64.8) // 59.8% (71.2) // 62.7% (80.1)",
        "fenwick": "51.4% (45.4) // 54.2% (48.1) // 60.2% (53.5) // 62.3% (59.0)",
        "shots": "52.0% (31.4) // 55.5% (34.2) // 60.5% (38.0) // 63.5% (42.8)",
        "scoring": "51.8% (30.0) // 55.8% (32.6) // 60.9% (35.8) // 65.2% (42.5)",
        "corsiAgainst": "49.5% (59.8) // 46.4% (56.0) // 40.2% (47.8) // 37.3% (47.7)",
        "fenwickAgainst": "48.6% (43.0) // 45.8% (40.7) // 39.8% (35.4) // 37.7% (35.7)",
        "shotsAgainst": "48.0% (29.0) // 44.5% (27.5) // 39.5% (24.8) // 36.5% (24.6)",
        "scoringAgainst": "48.2% (27.9) // 44.2% (25.8) // 39.1% (23.0) // 34.8% (22.7)",
        "oppCorsi": "44.7% (56.8) // 44.4% (54.6) // 43.4% (50.9) // 46.0% (52.9)",
        "oppFenwick": "45.5% (41.5) // 44.8% (38.7) // 43.5% (34.7) // 44.5% (34.9)",
        "oppShots": "45.8% (29.2) // 45.8% (28.4) // 44.8% (26.5) // 44.9% (26.6)",
        "oppScoring": "45.4% (28.2) // 44.8% (26.8) // 43.3% (23.3) // 45.5% (25.3)",
        "oppCorsiAgainst": "55.3% (70.4) // 55.6% (68.4) // 56.6% (66.2) // 54.0% (62.2)",
        "oppFenwickAgainst": "54.5% (49.6) // 55.2% (47.8) // 56.5% (45.1) // 55.5% (43.6)",
        "oppShotsAgainst": "54.2% (34.6) // 54.2% (33.6) // 55.2% (32.7) // 55.1% (32.6)",
        "oppScoringAgainst": "54.6% (33.9) // 55.2% (33.1) // 56.7% (30.5) // 54.5% (30.3)",
        "totalOver": 66,
        "totalOverLast5": 40,
        "totalOverLast15": 60,
        "lastTotalOver": 61,
        "last5": "4,0,2,0,0,1,1,2,2,1",
        "fd": "-178",
        "dk": "-160/+124",
        "kambi": "-177/133",
        "lowest": "-160 DK",
        "implied": 61.53846153846154,
        "overOdds": "-160",
        "underOdds": "+124",
        "overUnder": "-160 / +124"
    },
    {
        "player": "Adam Fox",
        "team": "NYR",
        "opponent": "NYI",
        "propType": "sog",
        "line": 1.5,
        "ppLine": "",
        "avg": 1.57,
        "hit": false,
        "diffAvg": 0.05,
        "diffAbs": 0.13,
        "lastAvg": 1.77,
        "diff": 0.18,
        "avgMin": 23,
        "proj": 1.7,
        "lastAvgMin": 24.37,
        "oppOver": 0,
        "teamOver": 0,
        "gameLine": "-148",
        "+/-": "+10",
        "L5_+/-": "+10.0",
        "prevMatchup": "",
        "winLossSplits": "43% - 69%",
        "awayHome": "A",
        "playedYesterday": "N",
        "awayHomeSplits": "61% - 43%",
        "savesAboveExp": 0.704,
        "gsaa": 5.74,
        "corsi": "50.5% (61.1) // 53.6% (64.8) // 59.8% (71.2) // 62.7% (80.1)",
        "fenwick": "51.4% (45.4) // 54.2% (48.1) // 60.2% (53.5) // 62.3% (59.0)",
        "shots": "52.0% (31.4) // 55.5% (34.2) // 60.5% (38.0) // 63.5% (42.8)",
        "scoring": "51.8% (30.0) // 55.8% (32.6) // 60.9% (35.8) // 65.2% (42.5)",
        "corsiAgainst": "49.5% (59.8) // 46.4% (56.0) // 40.2% (47.8) // 37.3% (47.7)",
        "fenwickAgainst": "48.6% (43.0) // 45.8% (40.7) // 39.8% (35.4) // 37.7% (35.7)",
        "shotsAgainst": "48.0% (29.0) // 44.5% (27.5) // 39.5% (24.8) // 36.5% (24.6)",
        "scoringAgainst": "48.2% (27.9) // 44.2% (25.8) // 39.1% (23.0) // 34.8% (22.7)",
        "oppCorsi": "44.7% (56.8) // 44.4% (54.6) // 43.4% (50.9) // 46.0% (52.9)",
        "oppFenwick": "45.5% (41.5) // 44.8% (38.7) // 43.5% (34.7) // 44.5% (34.9)",
        "oppShots": "45.8% (29.2) // 45.8% (28.4) // 44.8% (26.5) // 44.9% (26.6)",
        "oppScoring": "45.4% (28.2) // 44.8% (26.8) // 43.3% (23.3) // 45.5% (25.3)",
        "oppCorsiAgainst": "55.3% (70.4) // 55.6% (68.4) // 56.6% (66.2) // 54.0% (62.2)",
        "oppFenwickAgainst": "54.5% (49.6) // 55.2% (47.8) // 56.5% (45.1) // 55.5% (43.6)",
        "oppShotsAgainst": "54.2% (34.6) // 54.2% (33.6) // 55.2% (32.7) // 55.1% (32.6)",
        "oppScoringAgainst": "54.6% (33.9) // 55.2% (33.1) // 56.7% (30.5) // 54.5% (30.3)",
        "totalOver": 52,
        "totalOverLast5": 0,
        "totalOverLast15": 40,
        "lastTotalOver": 54,
        "last5": "1,0,0,0,1,2,0,3,3,1",
        "fd": "-138/+106",
        "dk": "-140/+110",
        "kambi": "-143/110",
        "lowest": "-138 FD",
        "implied": 57.98319327731093,
        "overOdds": "-140",
        "underOdds": "+110",
        "overUnder": "-140 / +110"
    },
    {
        "player": "Adam Fox",
        "team": "NYR",
        "opponent": "NYI",
        "propType": "atgs",
        "line": 0.5,
        "ppLine": "",
        "avg": 0.0,
        "hit": false,
        "diffAvg": 0,
        "diffAbs": 1.0,
        "lastAvg": 0.0,
        "diff": 0,
        "avgMin": 23,
        "proj": 0.0,
        "lastAvgMin": 24.37,
        "oppOver": 0,
        "teamOver": 0,
        "gameLine": "-148",
        "+/-": "+10",
        "L5_+/-": "+10.0",
        "prevMatchup": "",
        "winLossSplits": "0% - 0%",
        "awayHome": "A",
        "playedYesterday": "N",
        "awayHomeSplits": "0% - 0%",
        "savesAboveExp": 0.704,
        "gsaa": 5.74,
        "corsi": "50.5% (61.1) // 53.6% (64.8) // 59.8% (71.2) // 62.7% (80.1)",
        "fenwick": "51.4% (45.4) // 54.2% (48.1) // 60.2% (53.5) // 62.3% (59.0)",
        "shots": "52.0% (31.4) // 55.5% (34.2) // 60.5% (38.0) // 63.5% (42.8)",
        "scoring": "51.8% (30.0) // 55.8% (32.6) // 60.9% (35.8) // 65.2% (42.5)",
        "corsiAgainst": "49.5% (59.8) // 46.4% (56.0) // 40.2% (47.8) // 37.3% (47.7)",
        "fenwickAgainst": "48.6% (43.0) // 45.8% (40.7) // 39.8% (35.4) // 37.7% (35.7)",
        "shotsAgainst": "48.0% (29.0) // 44.5% (27.5) // 39.5% (24.8) // 36.5% (24.6)",
        "scoringAgainst": "48.2% (27.9) // 44.2% (25.8) // 39.1% (23.0) // 34.8% (22.7)",
        "oppCorsi": "44.7% (56.8) // 44.4% (54.6) // 43.4% (50.9) // 46.0% (52.9)",
        "oppFenwick": "45.5% (41.5) // 44.8% (38.7) // 43.5% (34.7) // 44.5% (34.9)",
        "oppShots": "45.8% (29.2) // 45.8% (28.4) // 44.8% (26.5) // 44.9% (26.6)",
        "oppScoring": "45.4% (28.2) // 44.8% (26.8) // 43.3% (23.3) // 45.5% (25.3)",
        "oppCorsiAgainst": "55.3% (70.4) // 55.6% (68.4) // 56.6% (66.2) // 54.0% (62.2)",
        "oppFenwickAgainst": "54.5% (49.6) // 55.2% (47.8) // 56.5% (45.1) // 55.5% (43.6)",
        "oppShotsAgainst": "54.2% (34.6) // 54.2% (33.6) // 55.2% (32.7) // 55.1% (32.6)",
        "oppScoringAgainst": "54.6% (33.9) // 55.2% (33.1) // 56.7% (30.5) // 54.5% (30.3)",
        "totalOver": 0,
        "totalOverLast5": 0,
        "totalOverLast15": 0,
        "lastTotalOver": 0,
        "last5": "0,0,0,0,0,0,0,0,0,0",
        "fd": "0",
        "dk": "+550",
        "kambi": "410",
        "lowest": "550 DK",
        "implied": 15.384615384615385,
        "overOdds": "+550",
        "underOdds": "0",
        "overUnder": "+550 / 0"
    },
    {
        "player": "Alexis Lafreniere",
        "team": "NYR",
        "opponent": "NYI",
        "propType": "ast",
        "line": 0.5,
        "ppLine": "",
        "avg": 0.31,
        "hit": false,
        "diffAvg": -0.38,
        "diffAbs": 0.4,
        "lastAvg": 0.26,
        "diff": -0.48,
        "avgMin": 17,
        "proj": 0.3,
        "lastAvgMin": 15.22,
        "oppOver": 0,
        "teamOver": 0,
        "gameLine": "-148",
        "+/-": -9,
        "L5_+/-": "+1.0",
        "prevMatchup": "",
        "winLossSplits": "20% - 32%",
        "awayHome": "A",
        "playedYesterday": "N",
        "awayHomeSplits": "21% - 27%",
        "savesAboveExp": 0.704,
        "gsaa": 5.74,
        "corsi": "50.5% (61.1) // 53.6% (64.8) // 59.8% (71.2) // 62.7% (80.1)",
        "fenwick": "51.4% (45.4) // 54.2% (48.1) // 60.2% (53.5) // 62.3% (59.0)",
        "shots": "52.0% (31.4) // 55.5% (34.2) // 60.5% (38.0) // 63.5% (42.8)",
        "scoring": "51.8% (30.0) // 55.8% (32.6) // 60.9% (35.8) // 65.2% (42.5)",
        "corsiAgainst": "49.5% (59.8) // 46.4% (56.0) // 40.2% (47.8) // 37.3% (47.7)",
        "fenwickAgainst": "48.6% (43.0) // 45.8% (40.7) // 39.8% (35.4) // 37.7% (35.7)",
        "shotsAgainst": "48.0% (29.0) // 44.5% (27.5) // 39.5% (24.8) // 36.5% (24.6)",
        "scoringAgainst": "48.2% (27.9) // 44.2% (25.8) // 39.1% (23.0) // 34.8% (22.7)",
        "oppCorsi": "44.7% (56.8) // 44.4% (54.6) // 43.4% (50.9) // 46.0% (52.9)",
        "oppFenwick": "45.5% (41.5) // 44.8% (38.7) // 43.5% (34.7) // 44.5% (34.9)",
        "oppShots": "45.8% (29.2) // 45.8% (28.4) // 44.8% (26.5) // 44.9% (26.6)",
        "oppScoring": "45.4% (28.2) // 44.8% (26.8) // 43.3% (23.3) // 45.5% (25.3)",
        "oppCorsiAgainst": "55.3% (70.4) // 55.6% (68.4) // 56.6% (66.2) // 54.0% (62.2)",
        "oppFenwickAgainst": "54.5% (49.6) // 55.2% (47.8) // 56.5% (45.1) // 55.5% (43.6)",
        "oppShotsAgainst": "54.2% (34.6) // 54.2% (33.6) // 55.2% (32.7) // 55.1% (32.6)",
        "oppScoringAgainst": "54.6% (33.9) // 55.2% (33.1) // 56.7% (30.5) // 54.5% (30.3)",
        "totalOver": 24,
        "totalOverLast5": 0,
        "totalOverLast15": 13,
        "lastTotalOver": 21,
        "last5": "0,0,0,0,0,1,0,1,0,0",
        "fd": "0",
        "dk": "+230/-315",
        "kambi": "0",
        "lowest": "230 DK",
        "implied": 30.303030303030305,
        "overOdds": "+230",
        "underOdds": "-315",
        "overUnder": "+230 / -315"
    },
    {
        "player": "Alexis Lafreniere",
        "team": "NYR",
        "opponent": "NYI",
        "propType": "pts",
        "line": 0.5,
        "ppLine": "",
        "avg": 0.57,
        "hit": false,
        "diffAvg": 0.14,
        "diffAbs": 0.0,
        "lastAvg": 0.44,
        "diff": -0.12,
        "avgMin": 17,
        "proj": 0.5,
        "lastAvgMin": 15.22,
        "oppOver": 0,
        "teamOver": 0,
        "gameLine": "-148",
        "+/-": -9,
        "L5_+/-": "+1.0",
        "prevMatchup": "",
        "winLossSplits": "51% - 32%",
        "awayHome": "A",
        "playedYesterday": "N",
        "awayHomeSplits": "46% - 42%",
        "savesAboveExp": 0.704,
        "gsaa": 5.74,
        "corsi": "50.5% (61.1) // 53.6% (64.8) // 59.8% (71.2) // 62.7% (80.1)",
        "fenwick": "51.4% (45.4) // 54.2% (48.1) // 60.2% (53.5) // 62.3% (59.0)",
        "shots": "52.0% (31.4) // 55.5% (34.2) // 60.5% (38.0) // 63.5% (42.8)",
        "scoring": "51.8% (30.0) // 55.8% (32.6) // 60.9% (35.8) // 65.2% (42.5)",
        "corsiAgainst": "49.5% (59.8) // 46.4% (56.0) // 40.2% (47.8) // 37.3% (47.7)",
        "fenwickAgainst": "48.6% (43.0) // 45.8% (40.7) // 39.8% (35.4) // 37.7% (35.7)",
        "shotsAgainst": "48.0% (29.0) // 44.5% (27.5) // 39.5% (24.8) // 36.5% (24.6)",
        "scoringAgainst": "48.2% (27.9) // 44.2% (25.8) // 39.1% (23.0) // 34.8% (22.7)",
        "oppCorsi": "44.7% (56.8) // 44.4% (54.6) // 43.4% (50.9) // 46.0% (52.9)",
        "oppFenwick": "45.5% (41.5) // 44.8% (38.7) // 43.5% (34.7) // 44.5% (34.9)",
        "oppShots": "45.8% (29.2) // 45.8% (28.4) // 44.8% (26.5) // 44.9% (26.6)",
        "oppScoring": "45.4% (28.2) // 44.8% (26.8) // 43.3% (23.3) // 45.5% (25.3)",
        "oppCorsiAgainst": "55.3% (70.4) // 55.6% (68.4) // 56.6% (66.2) // 54.0% (62.2)",
        "oppFenwickAgainst": "54.5% (49.6) // 55.2% (47.8) // 56.5% (45.1) // 55.5% (43.6)",
        "oppShotsAgainst": "54.2% (34.6) // 54.2% (33.6) // 55.2% (32.7) // 55.1% (32.6)",
        "oppScoringAgainst": "54.6% (33.9) // 55.2% (33.1) // 56.7% (30.5) // 54.5% (30.3)",
        "totalOver": 44,
        "totalOverLast5": 40,
        "totalOverLast15": 33,
        "lastTotalOver": 33,
        "last5": "0,0,1,0,1,2,0,1,0,0",
        "fd": "0",
        "dk": "-115/-115",
        "kambi": "-118/-110",
        "lowest": "-115 DK",
        "implied": 53.48837209302325,
        "overOdds": "-115",
        "underOdds": "-115",
        "overUnder": "-115 / -115"
    },
    {
        "player": "Alexis Lafreniere",
        "team": "NYR",
        "opponent": "NYI",
        "propType": "sog",
        "line": 2.5,
        "ppLine": "",
        "avg": 2.59,
        "hit": false,
        "diffAvg": 0.04,
        "diffAbs": 0.32,
        "lastAvg": 1.53,
        "diff": -0.39,
        "avgMin": 17,
        "proj": 1.7,
        "lastAvgMin": 15.22,
        "oppOver": 0,
        "teamOver": 0,
        "gameLine": "-148",
        "+/-": -9,
        "L5_+/-": "+1.0",
        "prevMatchup": "",
        "winLossSplits": "51% - 58%",
        "awayHome": "A",
        "playedYesterday": "N",
        "awayHomeSplits": "43% - 65%",
        "savesAboveExp": 0.704,
        "gsaa": 5.74,
        "corsi": "50.5% (61.1) // 53.6% (64.8) // 59.8% (71.2) // 62.7% (80.1)",
        "fenwick": "51.4% (45.4) // 54.2% (48.1) // 60.2% (53.5) // 62.3% (59.0)",
        "shots": "52.0% (31.4) // 55.5% (34.2) // 60.5% (38.0) // 63.5% (42.8)",
        "scoring": "51.8% (30.0) // 55.8% (32.6) // 60.9% (35.8) // 65.2% (42.5)",
        "corsiAgainst": "49.5% (59.8) // 46.4% (56.0) // 40.2% (47.8) // 37.3% (47.7)",
        "fenwickAgainst": "48.6% (43.0) // 45.8% (40.7) // 39.8% (35.4) // 37.7% (35.7)",
        "shotsAgainst": "48.0% (29.0) // 44.5% (27.5) // 39.5% (24.8) // 36.5% (24.6)",
        "scoringAgainst": "48.2% (27.9) // 44.2% (25.8) // 39.1% (23.0) // 34.8% (22.7)",
        "oppCorsi": "44.7% (56.8) // 44.4% (54.6) // 43.4% (50.9) // 46.0% (52.9)",
        "oppFenwick": "45.5% (41.5) // 44.8% (38.7) // 43.5% (34.7) // 44.5% (34.9)",
        "oppShots": "45.8% (29.2) // 45.8% (28.4) // 44.8% (26.5) // 44.9% (26.6)",
        "oppScoring": "45.4% (28.2) // 44.8% (26.8) // 43.3% (23.3) // 45.5% (25.3)",
        "oppCorsiAgainst": "55.3% (70.4) // 55.6% (68.4) // 56.6% (66.2) // 54.0% (62.2)",
        "oppFenwickAgainst": "54.5% (49.6) // 55.2% (47.8) // 56.5% (45.1) // 55.5% (43.6)",
        "oppShotsAgainst": "54.2% (34.6) // 54.2% (33.6) // 55.2% (32.7) // 55.1% (32.6)",
        "oppScoringAgainst": "54.6% (33.9) // 55.2% (33.1) // 56.7% (30.5) // 54.5% (30.3)",
        "totalOver": 54,
        "totalOverLast5": 80,
        "totalOverLast15": 53,
        "lastTotalOver": 24,
        "last5": "0,3,5,3,3,3,3,1,2,2",
        "fd": "0",
        "dk": "-120/-110",
        "kambi": "0",
        "lowest": "-120 DK",
        "implied": 54.54545454545454,
        "overOdds": "-120",
        "underOdds": "-110",
        "overUnder": "-120 / -110"
    },
    {
        "player": "Alexis Lafreniere",
        "team": "NYR",
        "opponent": "NYI",
        "propType": "atgs",
        "line": 0.5,
        "ppLine": "",
        "avg": 0.0,
        "hit": false,
        "diffAvg": 0,
        "diffAbs": 1.0,
        "lastAvg": 0.0,
        "diff": 0,
        "avgMin": 17,
        "proj": 0.0,
        "lastAvgMin": 15.22,
        "oppOver": 0,
        "teamOver": 0,
        "gameLine": "-148",
        "+/-": -9,
        "L5_+/-": "+1.0",
        "prevMatchup": "",
        "winLossSplits": "0% - 0%",
        "awayHome": "A",
        "playedYesterday": "N",
        "awayHomeSplits": "0% - 0%",
        "savesAboveExp": 0.704,
        "gsaa": 5.74,
        "corsi": "50.5% (61.1) // 53.6% (64.8) // 59.8% (71.2) // 62.7% (80.1)",
        "fenwick": "51.4% (45.4) // 54.2% (48.1) // 60.2% (53.5) // 62.3% (59.0)",
        "shots": "52.0% (31.4) // 55.5% (34.2) // 60.5% (38.0) // 63.5% (42.8)",
        "scoring": "51.8% (30.0) // 55.8% (32.6) // 60.9% (35.8) // 65.2% (42.5)",
        "corsiAgainst": "49.5% (59.8) // 46.4% (56.0) // 40.2% (47.8) // 37.3% (47.7)",
        "fenwickAgainst": "48.6% (43.0) // 45.8% (40.7) // 39.8% (35.4) // 37.7% (35.7)",
        "shotsAgainst": "48.0% (29.0) // 44.5% (27.5) // 39.5% (24.8) // 36.5% (24.6)",
        "scoringAgainst": "48.2% (27.9) // 44.2% (25.8) // 39.1% (23.0) // 34.8% (22.7)",
        "oppCorsi": "44.7% (56.8) // 44.4% (54.6) // 43.4% (50.9) // 46.0% (52.9)",
        "oppFenwick": "45.5% (41.5) // 44.8% (38.7) // 43.5% (34.7) // 44.5% (34.9)",
        "oppShots": "45.8% (29.2) // 45.8% (28.4) // 44.8% (26.5) // 44.9% (26.6)",
        "oppScoring": "45.4% (28.2) // 44.8% (26.8) // 43.3% (23.3) // 45.5% (25.3)",
        "oppCorsiAgainst": "55.3% (70.4) // 55.6% (68.4) // 56.6% (66.2) // 54.0% (62.2)",
        "oppFenwickAgainst": "54.5% (49.6) // 55.2% (47.8) // 56.5% (45.1) // 55.5% (43.6)",
        "oppShotsAgainst": "54.2% (34.6) // 54.2% (33.6) // 55.2% (32.7) // 55.1% (32.6)",
        "oppScoringAgainst": "54.6% (33.9) // 55.2% (33.1) // 56.7% (30.5) // 54.5% (30.3)",
        "totalOver": 0,
        "totalOverLast5": 0,
        "totalOverLast15": 0,
        "lastTotalOver": 0,
        "last5": "0,0,0,0,0,0,0,0,0,0",
        "fd": "0",
        "dk": "+225",
        "kambi": "245",
        "lowest": "245 BR",
        "implied": 28.985507246376812,
        "overOdds": "+225",
        "underOdds": "0",
        "overUnder": "+225 / 0"
    },
    {
        "player": "Anders Lee",
        "team": "NYI",
        "opponent": "NYR",
        "propType": "ast",
        "line": 0.5,
        "ppLine": "",
        "avg": 0.13,
        "hit": false,
        "diffAvg": -0.74,
        "diffAbs": 0.6,
        "lastAvg": 0.25,
        "diff": -0.5,
        "avgMin": 15,
        "proj": 0.2,
        "lastAvgMin": 17.22,
        "oppOver": 0,
        "teamOver": 0,
        "gameLine": "+124",
        "+/-": "+1",
        "L5_+/-": 0.0,
        "prevMatchup": "",
        "winLossSplits": "14% - 10%",
        "awayHome": "H",
        "playedYesterday": "N",
        "awayHomeSplits": "20% - 4%",
        "savesAboveExp": 0.388,
        "gsaa": -1.33,
        "corsi": "44.7% (56.8) // 44.4% (54.6) // 43.4% (50.9) // 46.0% (52.9)",
        "fenwick": "45.5% (41.5) // 44.8% (38.7) // 43.5% (34.7) // 44.5% (34.9)",
        "shots": "45.8% (29.2) // 45.8% (28.4) // 44.8% (26.5) // 44.9% (26.6)",
        "scoring": "45.4% (28.2) // 44.8% (26.8) // 43.3% (23.3) // 45.5% (25.3)",
        "corsiAgainst": "55.3% (70.4) // 55.6% (68.4) // 56.6% (66.2) // 54.0% (62.2)",
        "fenwickAgainst": "54.5% (49.6) // 55.2% (47.8) // 56.5% (45.1) // 55.5% (43.6)",
        "shotsAgainst": "54.2% (34.6) // 54.2% (33.6) // 55.2% (32.7) // 55.1% (32.6)",
        "scoringAgainst": "54.6% (33.9) // 55.2% (33.1) // 56.7% (30.5) // 54.5% (30.3)",
        "oppCorsi": "50.5% (61.1) // 53.6% (64.8) // 59.8% (71.2) // 62.7% (80.1)",
        "oppFenwick": "51.4% (45.4) // 54.2% (48.1) // 60.2% (53.5) // 62.3% (59.0)",
        "oppShots": "52.0% (31.4) // 55.5% (34.2) // 60.5% (38.0) // 63.5% (42.8)",
        "oppScoring": "51.8% (30.0) // 55.8% (32.6) // 60.9% (35.8) // 65.2% (42.5)",
        "oppCorsiAgainst": "49.5% (59.8) // 46.4% (56.0) // 40.2% (47.8) // 37.3% (47.7)",
        "oppFenwickAgainst": "48.6% (43.0) // 45.8% (40.7) // 39.8% (35.4) // 37.7% (35.7)",
        "oppShotsAgainst": "48.0% (29.0) // 44.5% (27.5) // 39.5% (24.8) // 36.5% (24.6)",
        "oppScoringAgainst": "48.2% (27.9) // 44.2% (25.8) // 39.1% (23.0) // 34.8% (22.7)",
        "totalOver": 11,
        "totalOverLast5": 20,
        "totalOverLast15": 7,
        "lastTotalOver": 22,
        "last5": "0,0,0,1,0,0,0,0,0,0",
        "fd": "+265",
        "dk": "+290/-410",
        "kambi": "0",
        "lowest": "290 DK",
        "implied": 25.64102564102564,
        "overOdds": "+290",
        "underOdds": "-410",
        "overUnder": "+290 / -410"
    },
    {
        "player": "Anders Lee",
        "team": "NYI",
        "opponent": "NYR",
        "propType": "pts",
        "line": 0.5,
        "ppLine": "",
        "avg": 0.38,
        "hit": false,
        "diffAvg": -0.24,
        "diffAbs": 0.0,
        "lastAvg": 0.57,
        "diff": 0.14,
        "avgMin": 15,
        "proj": 0.5,
        "lastAvgMin": 17.22,
        "oppOver": 0,
        "teamOver": 0,
        "gameLine": "+124",
        "+/-": "+1",
        "L5_+/-": 0.0,
        "prevMatchup": "",
        "winLossSplits": "41% - 23%",
        "awayHome": "H",
        "playedYesterday": "N",
        "awayHomeSplits": "44% - 18%",
        "savesAboveExp": 0.388,
        "gsaa": -1.33,
        "corsi": "44.7% (56.8) // 44.4% (54.6) // 43.4% (50.9) // 46.0% (52.9)",
        "fenwick": "45.5% (41.5) // 44.8% (38.7) // 43.5% (34.7) // 44.5% (34.9)",
        "shots": "45.8% (29.2) // 45.8% (28.4) // 44.8% (26.5) // 44.9% (26.6)",
        "scoring": "45.4% (28.2) // 44.8% (26.8) // 43.3% (23.3) // 45.5% (25.3)",
        "corsiAgainst": "55.3% (70.4) // 55.6% (68.4) // 56.6% (66.2) // 54.0% (62.2)",
        "fenwickAgainst": "54.5% (49.6) // 55.2% (47.8) // 56.5% (45.1) // 55.5% (43.6)",
        "shotsAgainst": "54.2% (34.6) // 54.2% (33.6) // 55.2% (32.7) // 55.1% (32.6)",
        "scoringAgainst": "54.6% (33.9) // 55.2% (33.1) // 56.7% (30.5) // 54.5% (30.3)",
        "oppCorsi": "50.5% (61.1) // 53.6% (64.8) // 59.8% (71.2) // 62.7% (80.1)",
        "oppFenwick": "51.4% (45.4) // 54.2% (48.1) // 60.2% (53.5) // 62.3% (59.0)",
        "oppShots": "52.0% (31.4) // 55.5% (34.2) // 60.5% (38.0) // 63.5% (42.8)",
        "oppScoring": "51.8% (30.0) // 55.8% (32.6) // 60.9% (35.8) // 65.2% (42.5)",
        "oppCorsiAgainst": "49.5% (59.8) // 46.4% (56.0) // 40.2% (47.8) // 37.3% (47.7)",
        "oppFenwickAgainst": "48.6% (43.0) // 45.8% (40.7) // 39.8% (35.4) // 37.7% (35.7)",
        "oppShotsAgainst": "48.0% (29.0) // 44.5% (27.5) // 39.5% (24.8) // 36.5% (24.6)",
        "oppScoringAgainst": "48.2% (27.9) // 44.2% (25.8) // 39.1% (23.0) // 34.8% (22.7)",
        "totalOver": 30,
        "totalOverLast5": 20,
        "totalOverLast15": 13,
        "lastTotalOver": 45,
        "last5": "0,0,0,1,0,0,0,0,0,2",
        "fd": "+128",
        "dk": "+135/-175",
        "kambi": "130/-167",
        "lowest": "135 DK",
        "implied": 42.5531914893617,
        "overOdds": "+135",
        "underOdds": "-175",
        "overUnder": "+135 / -175"
    },
    {
        "player": "Anders Lee",
        "team": "NYI",
        "opponent": "NYR",
        "propType": "sog",
        "line": 2.5,
        "ppLine": "",
        "avg": 2.26,
        "hit": false,
        "diffAvg": -0.1,
        "diffAbs": 0.16,
        "lastAvg": 2.43,
        "diff": -0.03,
        "avgMin": 15,
        "proj": 2.1,
        "lastAvgMin": 17.22,
        "oppOver": 0,
        "teamOver": 0,
        "gameLine": "+124",
        "+/-": "+1",
        "L5_+/-": 0.0,
        "prevMatchup": "",
        "winLossSplits": "41% - 35%",
        "awayHome": "H",
        "playedYesterday": "N",
        "awayHomeSplits": "32% - 43%",
        "savesAboveExp": 0.388,
        "gsaa": -1.33,
        "corsi": "44.7% (56.8) // 44.4% (54.6) // 43.4% (50.9) // 46.0% (52.9)",
        "fenwick": "45.5% (41.5) // 44.8% (38.7) // 43.5% (34.7) // 44.5% (34.9)",
        "shots": "45.8% (29.2) // 45.8% (28.4) // 44.8% (26.5) // 44.9% (26.6)",
        "scoring": "45.4% (28.2) // 44.8% (26.8) // 43.3% (23.3) // 45.5% (25.3)",
        "corsiAgainst": "55.3% (70.4) // 55.6% (68.4) // 56.6% (66.2) // 54.0% (62.2)",
        "fenwickAgainst": "54.5% (49.6) // 55.2% (47.8) // 56.5% (45.1) // 55.5% (43.6)",
        "shotsAgainst": "54.2% (34.6) // 54.2% (33.6) // 55.2% (32.7) // 55.1% (32.6)",
        "scoringAgainst": "54.6% (33.9) // 55.2% (33.1) // 56.7% (30.5) // 54.5% (30.3)",
        "oppCorsi": "50.5% (61.1) // 53.6% (64.8) // 59.8% (71.2) // 62.7% (80.1)",
        "oppFenwick": "51.4% (45.4) // 54.2% (48.1) // 60.2% (53.5) // 62.3% (59.0)",
        "oppShots": "52.0% (31.4) // 55.5% (34.2) // 60.5% (38.0) // 63.5% (42.8)",
        "oppScoring": "51.8% (30.0) // 55.8% (32.6) // 60.9% (35.8) // 65.2% (42.5)",
        "oppCorsiAgainst": "49.5% (59.8) // 46.4% (56.0) // 40.2% (47.8) // 37.3% (47.7)",
        "oppFenwickAgainst": "48.6% (43.0) // 45.8% (40.7) // 39.8% (35.4) // 37.7% (35.7)",
        "oppShotsAgainst": "48.0% (29.0) // 44.5% (27.5) // 39.5% (24.8) // 36.5% (24.6)",
        "oppScoringAgainst": "48.2% (27.9) // 44.2% (25.8) // 39.1% (23.0) // 34.8% (22.7)",
        "totalOver": 38,
        "totalOverLast5": 0,
        "totalOverLast15": 27,
        "lastTotalOver": 42,
        "last5": "0,1,0,2,2,3,3,3,0,6",
        "fd": "+154/-205",
        "dk": "+150/-195",
        "kambi": "150/-200",
        "lowest": "154 FD",
        "implied": 39.37007874015748,
        "overOdds": "+150",
        "underOdds": "-195",
        "overUnder": "+150 / -195"
    },
    {
        "player": "Anders Lee",
        "team": "NYI",
        "opponent": "NYR",
        "propType": "atgs",
        "line": 0.5,
        "ppLine": "",
        "avg": 0.0,
        "hit": false,
        "diffAvg": 0,
        "diffAbs": 1.0,
        "lastAvg": 0.0,
        "diff": 0,
        "avgMin": 15,
        "proj": 0.0,
        "lastAvgMin": 17.22,
        "oppOver": 0,
        "teamOver": 0,
        "gameLine": "+124",
        "+/-": "+1",
        "L5_+/-": 0.0,
        "prevMatchup": "",
        "winLossSplits": "0% - 0%",
        "awayHome": "H",
        "playedYesterday": "N",
        "awayHomeSplits": "0% - 0%",
        "savesAboveExp": 0.388,
        "gsaa": -1.33,
        "corsi": "44.7% (56.8) // 44.4% (54.6) // 43.4% (50.9) // 46.0% (52.9)",
        "fenwick": "45.5% (41.5) // 44.8% (38.7) // 43.5% (34.7) // 44.5% (34.9)",
        "shots": "45.8% (29.2) // 45.8% (28.4) // 44.8% (26.5) // 44.9% (26.6)",
        "scoring": "45.4% (28.2) // 44.8% (26.8) // 43.3% (23.3) // 45.5% (25.3)",
        "corsiAgainst": "55.3% (70.4) // 55.6% (68.4) // 56.6% (66.2) // 54.0% (62.2)",
        "fenwickAgainst": "54.5% (49.6) // 55.2% (47.8) // 56.5% (45.1) // 55.5% (43.6)",
        "shotsAgainst": "54.2% (34.6) // 54.2% (33.6) // 55.2% (32.7) // 55.1% (32.6)",
        "scoringAgainst": "54.6% (33.9) // 55.2% (33.1) // 56.7% (30.5) // 54.5% (30.3)",
        "oppCorsi": "50.5% (61.1) // 53.6% (64.8) // 59.8% (71.2) // 62.7% (80.1)",
        "oppFenwick": "51.4% (45.4) // 54.2% (48.1) // 60.2% (53.5) // 62.3% (59.0)",
        "oppShots": "52.0% (31.4) // 55.5% (34.2) // 60.5% (38.0) // 63.5% (42.8)",
        "oppScoring": "51.8% (30.0) // 55.8% (32.6) // 60.9% (35.8) // 65.2% (42.5)",
        "oppCorsiAgainst": "49.5% (59.8) // 46.4% (56.0) // 40.2% (47.8) // 37.3% (47.7)",
        "oppFenwickAgainst": "48.6% (43.0) // 45.8% (40.7) // 39.8% (35.4) // 37.7% (35.7)",
        "oppShotsAgainst": "48.0% (29.0) // 44.5% (27.5) // 39.5% (24.8) // 36.5% (24.6)",
        "oppScoringAgainst": "48.2% (27.9) // 44.2% (25.8) // 39.1% (23.0) // 34.8% (22.7)",
        "totalOver": 0,
        "totalOverLast5": 0,
        "totalOverLast15": 0,
        "lastTotalOver": 0,
        "last5": "0,0,0,0,0,0,0,0,0,0",
        "fd": "0",
        "dk": "+280",
        "kambi": "245",
        "lowest": "280 DK",
        "implied": 26.31578947368421,
        "overOdds": "+280",
        "underOdds": "0",
        "overUnder": "+280 / 0"
    },
    {
        "player": "Artemi Panarin",
        "team": "NYR",
        "opponent": "NYI",
        "propType": "ast",
        "line": 0.5,
        "ppLine": "",
        "avg": 0.74,
        "hit": false,
        "diffAvg": 0.48,
        "diffAbs": 0.4,
        "lastAvg": 0.7,
        "diff": 0.4,
        "avgMin": 20,
        "proj": 0.7,
        "lastAvgMin": 19.6,
        "oppOver": 0,
        "teamOver": 0,
        "gameLine": "-148",
        "+/-": "+2",
        "L5_+/-": "+6.0",
        "prevMatchup": "",
        "winLossSplits": "60% - 58%",
        "awayHome": "A",
        "playedYesterday": "N",
        "awayHomeSplits": "50% - 69%",
        "savesAboveExp": 0.704,
        "gsaa": 5.74,
        "corsi": "50.5% (61.1) // 53.6% (64.8) // 59.8% (71.2) // 62.7% (80.1)",
        "fenwick": "51.4% (45.4) // 54.2% (48.1) // 60.2% (53.5) // 62.3% (59.0)",
        "shots": "52.0% (31.4) // 55.5% (34.2) // 60.5% (38.0) // 63.5% (42.8)",
        "scoring": "51.8% (30.0) // 55.8% (32.6) // 60.9% (35.8) // 65.2% (42.5)",
        "corsiAgainst": "49.5% (59.8) // 46.4% (56.0) // 40.2% (47.8) // 37.3% (47.7)",
        "fenwickAgainst": "48.6% (43.0) // 45.8% (40.7) // 39.8% (35.4) // 37.7% (35.7)",
        "shotsAgainst": "48.0% (29.0) // 44.5% (27.5) // 39.5% (24.8) // 36.5% (24.6)",
        "scoringAgainst": "48.2% (27.9) // 44.2% (25.8) // 39.1% (23.0) // 34.8% (22.7)",
        "oppCorsi": "44.7% (56.8) // 44.4% (54.6) // 43.4% (50.9) // 46.0% (52.9)",
        "oppFenwick": "45.5% (41.5) // 44.8% (38.7) // 43.5% (34.7) // 44.5% (34.9)",
        "oppShots": "45.8% (29.2) // 45.8% (28.4) // 44.8% (26.5) // 44.9% (26.6)",
        "oppScoring": "45.4% (28.2) // 44.8% (26.8) // 43.3% (23.3) // 45.5% (25.3)",
        "oppCorsiAgainst": "55.3% (70.4) // 55.6% (68.4) // 56.6% (66.2) // 54.0% (62.2)",
        "oppFenwickAgainst": "54.5% (49.6) // 55.2% (47.8) // 56.5% (45.1) // 55.5% (43.6)",
        "oppShotsAgainst": "54.2% (34.6) // 54.2% (33.6) // 55.2% (32.7) // 55.1% (32.6)",
        "oppScoringAgainst": "54.6% (33.9) // 55.2% (33.1) // 56.7% (30.5) // 54.5% (30.3)",
        "totalOver": 59,
        "totalOverLast5": 40,
        "totalOverLast15": 33,
        "lastTotalOver": 48,
        "last5": "3,0,1,0,0,2,0,0,0,0",
        "fd": "-148",
        "dk": "-150/+120",
        "kambi": "0",
        "lowest": "-148 FD",
        "implied": 59.67741935483871,
        "overOdds": "-150",
        "underOdds": "+120",
        "overUnder": "-150 / +120"
    },
    {
        "player": "Artemi Panarin",
        "team": "NYR",
        "opponent": "NYI",
        "propType": "pts",
        "line": 1.5,
        "ppLine": "",
        "avg": 1.31,
        "hit": false,
        "diffAvg": -0.13,
        "diffAbs": 0.33,
        "lastAvg": 1.02,
        "diff": -0.32,
        "avgMin": 20,
        "proj": 1.0,
        "lastAvgMin": 19.6,
        "oppOver": 0,
        "teamOver": 0,
        "gameLine": "-148",
        "+/-": "+2",
        "L5_+/-": "+6.0",
        "prevMatchup": "",
        "winLossSplits": "49% - 21%",
        "awayHome": "A",
        "playedYesterday": "N",
        "awayHomeSplits": "39% - 38%",
        "savesAboveExp": 0.704,
        "gsaa": 5.74,
        "corsi": "50.5% (61.1) // 53.6% (64.8) // 59.8% (71.2) // 62.7% (80.1)",
        "fenwick": "51.4% (45.4) // 54.2% (48.1) // 60.2% (53.5) // 62.3% (59.0)",
        "shots": "52.0% (31.4) // 55.5% (34.2) // 60.5% (38.0) // 63.5% (42.8)",
        "scoring": "51.8% (30.0) // 55.8% (32.6) // 60.9% (35.8) // 65.2% (42.5)",
        "corsiAgainst": "49.5% (59.8) // 46.4% (56.0) // 40.2% (47.8) // 37.3% (47.7)",
        "fenwickAgainst": "48.6% (43.0) // 45.8% (40.7) // 39.8% (35.4) // 37.7% (35.7)",
        "shotsAgainst": "48.0% (29.0) // 44.5% (27.5) // 39.5% (24.8) // 36.5% (24.6)",
        "scoringAgainst": "48.2% (27.9) // 44.2% (25.8) // 39.1% (23.0) // 34.8% (22.7)",
        "oppCorsi": "44.7% (56.8) // 44.4% (54.6) // 43.4% (50.9) // 46.0% (52.9)",
        "oppFenwick": "45.5% (41.5) // 44.8% (38.7) // 43.5% (34.7) // 44.5% (34.9)",
        "oppShots": "45.8% (29.2) // 45.8% (28.4) // 44.8% (26.5) // 44.9% (26.6)",
        "oppScoring": "45.4% (28.2) // 44.8% (26.8) // 43.3% (23.3) // 45.5% (25.3)",
        "oppCorsiAgainst": "55.3% (70.4) // 55.6% (68.4) // 56.6% (66.2) // 54.0% (62.2)",
        "oppFenwickAgainst": "54.5% (49.6) // 55.2% (47.8) // 56.5% (45.1) // 55.5% (43.6)",
        "oppShotsAgainst": "54.2% (34.6) // 54.2% (33.6) // 55.2% (32.7) // 55.1% (32.6)",
        "oppScoringAgainst": "54.6% (33.9) // 55.2% (33.1) // 56.7% (30.5) // 54.5% (30.3)",
        "totalOver": 39,
        "totalOverLast5": 20,
        "totalOverLast15": 13,
        "lastTotalOver": 28,
        "last5": "3,0,1,0,1,3,0,1,1,0",
        "fd": "+144",
        "dk": "+140/-180",
        "kambi": "132/-175",
        "lowest": "144 FD",
        "implied": 40.98360655737705,
        "overOdds": "+140",
        "underOdds": "-180",
        "overUnder": "+140 / -180"
    },
    {
        "player": "Artemi Panarin",
        "team": "NYR",
        "opponent": "NYI",
        "propType": "sog",
        "line": 2.5,
        "ppLine": "",
