[
    {
        "player": "Igor Shesterkin",
        "team": "NYR",
        "opponent": "VAN",
        "propType": "saves",
        "line": 25.5,
        "ppLine": "",
        "avg": 26.67,
        "hit": false,
        "diffAvg": 0.05,
        "diffAbs": 0.1,
        "lastAvg": 23.86,
        "diff": -0.06,
        "avgMin": 58,
        "proj": 23.0,
        "lastAvgMin": 60.15,
        "oppOver": 0,
        "teamOver": 55,
        "gameLine": "-148",
        "+/-": 0,
        "L5_+/-": 0,
        "prevMatchup": "2023-10-28 nyr @ van 30.0 sv",
        "winLossSplits": "69% - 38%",
        "awayHome": "H",
        "playedYesterday": "N",
        "awayHomeSplits": "64% - 50%",
        "savesAboveExp": 0.388,
        "gsaa": 3.34,
        "corsi": "49.8% (60.2) // 51.2% (61.8) // 49.5% (59.4) // 56.5% (66.2)",
        "fenwick": "50.6% (44.7) // 51.9% (45.8) // 51.5% (45.4) // 57.0% (49.9)",
        "shots": "51.3% (30.8) // 53.6% (32.7) // 52.7% (32.3) // 57.7% (35.4)",
        "scoring": "50.9% (29.3) // 51.9% (29.4) // 49.5% (28.3) // 54.9% (30.8)",
        "corsiAgainst": "50.2% (60.6) // 48.8% (59.0) // 50.5% (60.6) // 43.5% (50.9)",
        "fenwickAgainst": "49.4% (43.5) // 48.1% (42.4) // 48.5% (42.9) // 43.0% (37.6)",
        "shotsAgainst": "48.7% (29.3) // 46.4% (28.3) // 47.3% (28.9) // 42.3% (25.9)",
        "scoringAgainst": "49.1% (28.3) // 48.1% (27.3) // 50.5% (28.9) // 45.1% (25.3)",
        "oppCorsi": "50.0% (57.8) // 51.5% (57.7) // 53.8% (66.3) // 53.8% (66.3)",
        "oppFenwick": "49.5% (41.2) // 50.5% (41.2) // 53.6% (47.0) // 53.6% (47.0)",
        "oppShots": "48.5% (28.0) // 48.2% (27.8) // 49.7% (31.3) // 49.7% (31.3)",
        "oppScoring": "51.1% (29.0) // 53.6% (27.7) // 55.2% (31.7) // 55.2% (31.7)",
        "oppCorsiAgainst": "50.0% (57.8) // 48.5% (54.2) // 46.2% (57.0) // 46.2% (57.0)",
        "oppFenwickAgainst": "50.5% (42.0) // 49.5% (40.3) // 46.4% (40.7) // 46.4% (40.7)",
        "oppShotsAgainst": "51.5% (29.8) // 51.8% (29.9) // 50.3% (31.7) // 50.3% (31.7)",
        "oppScoringAgainst": "48.9% (27.8) // 46.4% (24.0) // 44.8% (25.7) // 44.8% (25.7)",
        "totalOver": 58,
        "totalOverLast5": 60,
        "totalOverLast15": 53,
        "lastTotalOver": 52,
        "last5": "22,21,34,26,27,31,21,23,25,30",
        "fd": "0",
        "dk": "-105/-125",
        "kambi": "0",
        "lowest": "-105 DK",
        "implied": 51.21951219512195,
        "overOdds": "-105",
        "underOdds": "-125",
        "overUnder": "-105 / -125"
    },
    {
        "player": "Thatcher Demko",
        "team": "VAN",
        "opponent": "NYR",
        "propType": "saves",
        "line": 27.5,
        "ppLine": "",
        "avg": 27.11,
        "hit": false,
        "diffAvg": -0.01,
        "diffAbs": 0.04,
        "lastAvg": 28.31,
        "diff": 0.03,
        "avgMin": 59,
        "proj": 28.5,
        "lastAvgMin": 58.7,
        "oppOver": 0,
        "teamOver": 46,
        "gameLine": "+124",
        "+/-": 0,
        "L5_+/-": 0,
        "prevMatchup": "2023-10-28 nyr @ van 20.0 sv",
        "winLossSplits": "37% - 56%",
        "awayHome": "A",
        "playedYesterday": "N",
        "awayHomeSplits": "42% - 44%",
        "savesAboveExp": -0.786,
        "gsaa": 10.67,
        "corsi": "50.0% (57.8) // 51.5% (57.7) // 53.8% (66.3) // 53.8% (66.3)",
        "fenwick": "49.5% (41.2) // 50.5% (41.2) // 53.6% (47.0) // 53.6% (47.0)",
        "shots": "48.5% (28.0) // 48.2% (27.8) // 49.7% (31.3) // 49.7% (31.3)",
        "scoring": "51.1% (29.0) // 53.6% (27.7) // 55.2% (31.7) // 55.2% (31.7)",
        "corsiAgainst": "50.0% (57.8) // 48.5% (54.2) // 46.2% (57.0) // 46.2% (57.0)",
        "fenwickAgainst": "50.5% (42.0) // 49.5% (40.3) // 46.4% (40.7) // 46.4% (40.7)",
        "shotsAgainst": "51.5% (29.8) // 51.8% (29.9) // 50.3% (31.7) // 50.3% (31.7)",
        "scoringAgainst": "48.9% (27.8) // 46.4% (24.0) // 44.8% (25.7) // 44.8% (25.7)",
        "oppCorsi": "49.8% (60.2) // 51.2% (61.8) // 49.5% (59.4) // 56.5% (66.2)",
        "oppFenwick": "50.6% (44.7) // 51.9% (45.8) // 51.5% (45.4) // 57.0% (49.9)",
        "oppShots": "51.3% (30.8) // 53.6% (32.7) // 52.7% (32.3) // 57.7% (35.4)",
        "oppScoring": "50.9% (29.3) // 51.9% (29.4) // 49.5% (28.3) // 54.9% (30.8)",
        "oppCorsiAgainst": "50.2% (60.6) // 48.8% (59.0) // 50.5% (60.6) // 43.5% (50.9)",
        "oppFenwickAgainst": "49.4% (43.5) // 48.1% (42.4) // 48.5% (42.9) // 43.0% (37.6)",
        "oppShotsAgainst": "48.7% (29.3) // 46.4% (28.3) // 47.3% (28.9) // 42.3% (25.9)",
        "oppScoringAgainst": "49.1% (28.3) // 48.1% (27.3) // 50.5% (28.9) // 45.1% (25.3)",
        "totalOver": 43,
        "totalOverLast5": 60,
        "totalOverLast15": 47,
        "lastTotalOver": 56,
        "last5": "21,30,35,21,32,25,36,28,21,26",
        "fd": "0",
        "dk": "-120/-110",
        "kambi": "0",
        "lowest": "-120 DK",
        "implied": 54.54545454545454,
        "overOdds": "-120",
        "underOdds": "-110",
        "overUnder": "-120 / -110"
    },
    {
        "player": "Adam Fox",
        "team": "NYR",
        "opponent": "VAN",
        "propType": "ast",
        "line": 0.5,
        "ppLine": "PP1",
        "avg": 0.75,
        "hit": false,
        "diffAvg": 0.5,
        "diffAbs": 0.2,
        "lastAvg": 0.67,
        "diff": 0.34,
        "avgMin": 22,
        "proj": 0.6,
        "lastAvgMin": 24.37,
        "oppOver": 0,
        "teamOver": 0,
        "gameLine": "-148",
        "+/-": "+1",
        "L5_+/-": -1.0,
        "prevMatchup": "2023-10-28 1.0 ast",
        "winLossSplits": "74% - 33%",
        "awayHome": "H",
        "playedYesterday": "N",
        "awayHomeSplits": "67% - 54%",
        "savesAboveExp": -0.786,
        "gsaa": 10.67,
        "corsi": "49.8% (60.2) // 51.2% (61.8) // 49.5% (59.4) // 56.5% (66.2)",
        "fenwick": "50.6% (44.7) // 51.9% (45.8) // 51.5% (45.4) // 57.0% (49.9)",
        "shots": "51.3% (30.8) // 53.6% (32.7) // 52.7% (32.3) // 57.7% (35.4)",
        "scoring": "50.9% (29.3) // 51.9% (29.4) // 49.5% (28.3) // 54.9% (30.8)",
        "corsiAgainst": "50.2% (60.6) // 48.8% (59.0) // 50.5% (60.6) // 43.5% (50.9)",
        "fenwickAgainst": "49.4% (43.5) // 48.1% (42.4) // 48.5% (42.9) // 43.0% (37.6)",
        "shotsAgainst": "48.7% (29.3) // 46.4% (28.3) // 47.3% (28.9) // 42.3% (25.9)",
        "scoringAgainst": "49.1% (28.3) // 48.1% (27.3) // 50.5% (28.9) // 45.1% (25.3)",
        "oppCorsi": "50.0% (57.8) // 51.5% (57.7) // 53.8% (66.3) // 53.8% (66.3)",
        "oppFenwick": "49.5% (41.2) // 50.5% (41.2) // 53.6% (47.0) // 53.6% (47.0)",
        "oppShots": "48.5% (28.0) // 48.2% (27.8) // 49.7% (31.3) // 49.7% (31.3)",
        "oppScoring": "51.1% (29.0) // 53.6% (27.7) // 55.2% (31.7) // 55.2% (31.7)",
        "oppCorsiAgainst": "50.0% (57.8) // 48.5% (54.2) // 46.2% (57.0) // 46.2% (57.0)",
        "oppFenwickAgainst": "50.5% (42.0) // 49.5% (40.3) // 46.4% (40.7) // 46.4% (40.7)",
        "oppShotsAgainst": "51.5% (29.8) // 51.8% (29.9) // 50.3% (31.7) // 50.3% (31.7)",
        "oppScoringAgainst": "48.9% (27.8) // 46.4% (24.0) // 44.8% (25.7) // 44.8% (25.7)",
        "totalOver": 61,
        "totalOverLast5": 20,
        "totalOverLast15": 47,
        "lastTotalOver": 54,
        "last5": "0,0,0,1,0,1,1,0,0,1",
        "fd": "0",
        "dk": "-145/+114",
        "kambi": "0",
        "lowest": "-145 DK",
        "implied": 59.183673469387756,
        "overOdds": "-145",
        "underOdds": "+114",
        "overUnder": "-145 / +114"
    },
    {
        "player": "Adam Fox",
        "team": "NYR",
        "opponent": "VAN",
        "propType": "pts",
        "line": 0.5,
        "ppLine": "PP1",
        "avg": 0.89,
        "hit": false,
        "diffAvg": 0.78,
        "diffAbs": 0.4,
        "lastAvg": 0.8,
        "diff": 0.6,
        "avgMin": 22,
        "proj": 0.7,
        "lastAvgMin": 24.37,
        "oppOver": 0,
        "teamOver": 0,
        "gameLine": "-148",
        "+/-": "+1",
        "L5_+/-": -1.0,
        "prevMatchup": "2023-10-28 2.0 pts",
        "winLossSplits": "74% - 56%",
        "awayHome": "H",
        "playedYesterday": "N",
        "awayHomeSplits": "73% - 62%",
        "savesAboveExp": -0.786,
        "gsaa": 10.67,
        "corsi": "49.8% (60.2) // 51.2% (61.8) // 49.5% (59.4) // 56.5% (66.2)",
        "fenwick": "50.6% (44.7) // 51.9% (45.8) // 51.5% (45.4) // 57.0% (49.9)",
        "shots": "51.3% (30.8) // 53.6% (32.7) // 52.7% (32.3) // 57.7% (35.4)",
        "scoring": "50.9% (29.3) // 51.9% (29.4) // 49.5% (28.3) // 54.9% (30.8)",
        "corsiAgainst": "50.2% (60.6) // 48.8% (59.0) // 50.5% (60.6) // 43.5% (50.9)",
        "fenwickAgainst": "49.4% (43.5) // 48.1% (42.4) // 48.5% (42.9) // 43.0% (37.6)",
        "shotsAgainst": "48.7% (29.3) // 46.4% (28.3) // 47.3% (28.9) // 42.3% (25.9)",
        "scoringAgainst": "49.1% (28.3) // 48.1% (27.3) // 50.5% (28.9) // 45.1% (25.3)",
        "oppCorsi": "50.0% (57.8) // 51.5% (57.7) // 53.8% (66.3) // 53.8% (66.3)",
        "oppFenwick": "49.5% (41.2) // 50.5% (41.2) // 53.6% (47.0) // 53.6% (47.0)",
        "oppShots": "48.5% (28.0) // 48.2% (27.8) // 49.7% (31.3) // 49.7% (31.3)",
        "oppScoring": "51.1% (29.0) // 53.6% (27.7) // 55.2% (31.7) // 55.2% (31.7)",
        "oppCorsiAgainst": "50.0% (57.8) // 48.5% (54.2) // 46.2% (57.0) // 46.2% (57.0)",
        "oppFenwickAgainst": "50.5% (42.0) // 49.5% (40.3) // 46.4% (40.7) // 46.4% (40.7)",
        "oppShotsAgainst": "51.5% (29.8) // 51.8% (29.9) // 50.3% (31.7) // 50.3% (31.7)",
        "oppScoringAgainst": "48.9% (27.8) // 46.4% (24.0) // 44.8% (25.7) // 44.8% (25.7)",
        "totalOver": 68,
        "totalOverLast5": 40,
        "totalOverLast15": 53,
        "lastTotalOver": 61,
        "last5": "1,0,0,1,0,1,1,0,0,1",
        "fd": "0",
        "dk": "-175/+135",
        "kambi": "-200/150",
        "lowest": "-175 DK",
        "implied": 63.63636363636363,
        "overOdds": "-175",
        "underOdds": "+135",
        "overUnder": "-175 / +135"
    },
    {
        "player": "Adam Fox",
        "team": "NYR",
        "opponent": "VAN",
        "propType": "sog",
        "line": 1.5,
        "ppLine": "PP1",
        "avg": 1.61,
        "hit": false,
        "diffAvg": 0.07,
        "diffAbs": 0.07,
        "lastAvg": 1.77,
        "diff": 0.18,
        "avgMin": 22,
        "proj": 1.6,
        "lastAvgMin": 24.37,
        "oppOver": 0,
        "teamOver": 0,
        "gameLine": "-148",
        "+/-": "+1",
        "L5_+/-": -1.0,
        "prevMatchup": "2023-10-28 4.0 sog",
        "winLossSplits": "47% - 67%",
        "awayHome": "H",
        "playedYesterday": "N",
        "awayHomeSplits": "53% - 54%",
        "savesAboveExp": -0.786,
        "gsaa": 10.67,
        "corsi": "49.8% (60.2) // 51.2% (61.8) // 49.5% (59.4) // 56.5% (66.2)",
        "fenwick": "50.6% (44.7) // 51.9% (45.8) // 51.5% (45.4) // 57.0% (49.9)",
        "shots": "51.3% (30.8) // 53.6% (32.7) // 52.7% (32.3) // 57.7% (35.4)",
        "scoring": "50.9% (29.3) // 51.9% (29.4) // 49.5% (28.3) // 54.9% (30.8)",
        "corsiAgainst": "50.2% (60.6) // 48.8% (59.0) // 50.5% (60.6) // 43.5% (50.9)",
        "fenwickAgainst": "49.4% (43.5) // 48.1% (42.4) // 48.5% (42.9) // 43.0% (37.6)",
        "shotsAgainst": "48.7% (29.3) // 46.4% (28.3) // 47.3% (28.9) // 42.3% (25.9)",
        "scoringAgainst": "49.1% (28.3) // 48.1% (27.3) // 50.5% (28.9) // 45.1% (25.3)",
        "oppCorsi": "50.0% (57.8) // 51.5% (57.7) // 53.8% (66.3) // 53.8% (66.3)",
        "oppFenwick": "49.5% (41.2) // 50.5% (41.2) // 53.6% (47.0) // 53.6% (47.0)",
        "oppShots": "48.5% (28.0) // 48.2% (27.8) // 49.7% (31.3) // 49.7% (31.3)",
        "oppScoring": "51.1% (29.0) // 53.6% (27.7) // 55.2% (31.7) // 55.2% (31.7)",
        "oppCorsiAgainst": "50.0% (57.8) // 48.5% (54.2) // 46.2% (57.0) // 46.2% (57.0)",
        "oppFenwickAgainst": "50.5% (42.0) // 49.5% (40.3) // 46.4% (40.7) // 46.4% (40.7)",
        "oppShotsAgainst": "51.5% (29.8) // 51.8% (29.9) // 50.3% (31.7) // 50.3% (31.7)",
        "oppScoringAgainst": "48.9% (27.8) // 46.4% (24.0) // 44.8% (25.7) // 44.8% (25.7)",
        "totalOver": 54,
        "totalOverLast5": 40,
        "totalOverLast15": 47,
        "lastTotalOver": 51,
        "last5": "3,2,1,0,1,4,1,3,1,2",
        "fd": "0",
        "dk": "-135/+105",
        "kambi": "-143/110",
        "lowest": "-135 DK",
        "implied": 57.446808510638306,
        "overOdds": "-135",
        "underOdds": "+105",
        "overUnder": "-135 / +105"
    },
    {
        "player": "Adam Fox",
        "team": "NYR",
        "opponent": "VAN",
        "propType": "atgs",
        "line": 0.5,
        "ppLine": "PP1",
        "avg": 0.0,
        "hit": false,
        "diffAvg": 0,
        "diffAbs": 1.0,
        "lastAvg": 0.0,
        "diff": 0,
        "avgMin": 22,
        "proj": 0.0,
        "lastAvgMin": 24.37,
        "oppOver": 0,
        "teamOver": 0,
        "gameLine": "-148",
        "+/-": "+1",
        "L5_+/-": -1.0,
        "prevMatchup": "2023-10-28 0.0 atgs",
        "winLossSplits": "0% - 0%",
        "awayHome": "H",
        "playedYesterday": "N",
        "awayHomeSplits": "0% - 0%",
        "savesAboveExp": -0.786,
        "gsaa": 10.67,
        "corsi": "49.8% (60.2) // 51.2% (61.8) // 49.5% (59.4) // 56.5% (66.2)",
        "fenwick": "50.6% (44.7) // 51.9% (45.8) // 51.5% (45.4) // 57.0% (49.9)",
        "shots": "51.3% (30.8) // 53.6% (32.7) // 52.7% (32.3) // 57.7% (35.4)",
        "scoring": "50.9% (29.3) // 51.9% (29.4) // 49.5% (28.3) // 54.9% (30.8)",
        "corsiAgainst": "50.2% (60.6) // 48.8% (59.0) // 50.5% (60.6) // 43.5% (50.9)",
        "fenwickAgainst": "49.4% (43.5) // 48.1% (42.4) // 48.5% (42.9) // 43.0% (37.6)",
        "shotsAgainst": "48.7% (29.3) // 46.4% (28.3) // 47.3% (28.9) // 42.3% (25.9)",
        "scoringAgainst": "49.1% (28.3) // 48.1% (27.3) // 50.5% (28.9) // 45.1% (25.3)",
        "oppCorsi": "50.0% (57.8) // 51.5% (57.7) // 53.8% (66.3) // 53.8% (66.3)",
        "oppFenwick": "49.5% (41.2) // 50.5% (41.2) // 53.6% (47.0) // 53.6% (47.0)",
        "oppShots": "48.5% (28.0) // 48.2% (27.8) // 49.7% (31.3) // 49.7% (31.3)",
        "oppScoring": "51.1% (29.0) // 53.6% (27.7) // 55.2% (31.7) // 55.2% (31.7)",
        "oppCorsiAgainst": "50.0% (57.8) // 48.5% (54.2) // 46.2% (57.0) // 46.2% (57.0)",
        "oppFenwickAgainst": "50.5% (42.0) // 49.5% (40.3) // 46.4% (40.7) // 46.4% (40.7)",
        "oppShotsAgainst": "51.5% (29.8) // 51.8% (29.9) // 50.3% (31.7) // 50.3% (31.7)",
        "oppScoringAgainst": "48.9% (27.8) // 46.4% (24.0) // 44.8% (25.7) // 44.8% (25.7)",
        "totalOver": 0,
        "totalOverLast5": 0,
        "totalOverLast15": 0,
        "lastTotalOver": 0,
        "last5": "0,0,0,0,0,0,0,0,0,0",
        "fd": "0",
        "dk": "+550",
        "kambi": "390",
        "lowest": "550 DK",
        "implied": 15.384615384615385,
        "overOdds": "+550",
        "underOdds": "0",
        "overUnder": "+550 / 0"
    },
    {
        "player": "Alexis Lafreniere",
        "team": "NYR",
        "opponent": "VAN",
        "propType": "ast",
        "line": 0.5,
        "ppLine": "PP2",
        "avg": 0.34,
        "hit": false,
        "diffAvg": -0.32,
        "diffAbs": 0.4,
        "lastAvg": 0.26,
        "diff": -0.48,
        "avgMin": 17,
        "proj": 0.3,
        "lastAvgMin": 15.22,
        "oppOver": 0,
        "teamOver": 0,
        "gameLine": "-148",
        "+/-": -3,
        "L5_+/-": "+1.0",
        "prevMatchup": "2023-10-28 0.0 ast",
        "winLossSplits": "23% - 33%",
        "awayHome": "H",
        "playedYesterday": "N",
        "awayHomeSplits": "20% - 33%",
        "savesAboveExp": -0.786,
        "gsaa": 10.67,
        "corsi": "49.8% (60.2) // 51.2% (61.8) // 49.5% (59.4) // 56.5% (66.2)",
        "fenwick": "50.6% (44.7) // 51.9% (45.8) // 51.5% (45.4) // 57.0% (49.9)",
        "shots": "51.3% (30.8) // 53.6% (32.7) // 52.7% (32.3) // 57.7% (35.4)",
        "scoring": "50.9% (29.3) // 51.9% (29.4) // 49.5% (28.3) // 54.9% (30.8)",
        "corsiAgainst": "50.2% (60.6) // 48.8% (59.0) // 50.5% (60.6) // 43.5% (50.9)",
        "fenwickAgainst": "49.4% (43.5) // 48.1% (42.4) // 48.5% (42.9) // 43.0% (37.6)",
        "shotsAgainst": "48.7% (29.3) // 46.4% (28.3) // 47.3% (28.9) // 42.3% (25.9)",
        "scoringAgainst": "49.1% (28.3) // 48.1% (27.3) // 50.5% (28.9) // 45.1% (25.3)",
        "oppCorsi": "50.0% (57.8) // 51.5% (57.7) // 53.8% (66.3) // 53.8% (66.3)",
        "oppFenwick": "49.5% (41.2) // 50.5% (41.2) // 53.6% (47.0) // 53.6% (47.0)",
        "oppShots": "48.5% (28.0) // 48.2% (27.8) // 49.7% (31.3) // 49.7% (31.3)",
        "oppScoring": "51.1% (29.0) // 53.6% (27.7) // 55.2% (31.7) // 55.2% (31.7)",
        "oppCorsiAgainst": "50.0% (57.8) // 48.5% (54.2) // 46.2% (57.0) // 46.2% (57.0)",
        "oppFenwickAgainst": "50.5% (42.0) // 49.5% (40.3) // 46.4% (40.7) // 46.4% (40.7)",
        "oppShotsAgainst": "51.5% (29.8) // 51.8% (29.9) // 50.3% (31.7) // 50.3% (31.7)",
        "oppScoringAgainst": "48.9% (27.8) // 46.4% (24.0) // 44.8% (25.7) // 44.8% (25.7)",
        "totalOver": 26,
        "totalOverLast5": 60,
        "totalOverLast15": 27,
        "lastTotalOver": 21,
        "last5": "0,1,0,2,1,0,0,1,0,0",
        "fd": "0",
        "dk": "+230/-315",
        "kambi": "0",
        "lowest": "230 DK",
        "implied": 30.303030303030305,
        "overOdds": "+230",
        "underOdds": "-315",
        "overUnder": "+230 / -315"
    },
    {
        "player": "Alexis Lafreniere",
        "team": "NYR",
        "opponent": "VAN",
        "propType": "pts",
        "line": 0.5,
        "ppLine": "PP2",
        "avg": 0.61,
        "hit": false,
        "diffAvg": 0.22,
        "diffAbs": 0.0,
        "lastAvg": 0.44,
        "diff": -0.12,
        "avgMin": 17,
        "proj": 0.5,
        "lastAvgMin": 15.22,
        "oppOver": 0,
        "teamOver": 0,
        "gameLine": "-148",
        "+/-": -3,
        "L5_+/-": "+1.0",
        "prevMatchup": "2023-10-28 0.0 pts",
        "winLossSplits": "54% - 33%",
        "awayHome": "H",
        "playedYesterday": "N",
        "awayHomeSplits": "50% - 44%",
        "savesAboveExp": -0.786,
        "gsaa": 10.67,
        "corsi": "49.8% (60.2) // 51.2% (61.8) // 49.5% (59.4) // 56.5% (66.2)",
        "fenwick": "50.6% (44.7) // 51.9% (45.8) // 51.5% (45.4) // 57.0% (49.9)",
        "shots": "51.3% (30.8) // 53.6% (32.7) // 52.7% (32.3) // 57.7% (35.4)",
        "scoring": "50.9% (29.3) // 51.9% (29.4) // 49.5% (28.3) // 54.9% (30.8)",
        "corsiAgainst": "50.2% (60.6) // 48.8% (59.0) // 50.5% (60.6) // 43.5% (50.9)",
        "fenwickAgainst": "49.4% (43.5) // 48.1% (42.4) // 48.5% (42.9) // 43.0% (37.6)",
        "shotsAgainst": "48.7% (29.3) // 46.4% (28.3) // 47.3% (28.9) // 42.3% (25.9)",
        "scoringAgainst": "49.1% (28.3) // 48.1% (27.3) // 50.5% (28.9) // 45.1% (25.3)",
        "oppCorsi": "50.0% (57.8) // 51.5% (57.7) // 53.8% (66.3) // 53.8% (66.3)",
        "oppFenwick": "49.5% (41.2) // 50.5% (41.2) // 53.6% (47.0) // 53.6% (47.0)",
        "oppShots": "48.5% (28.0) // 48.2% (27.8) // 49.7% (31.3) // 49.7% (31.3)",
        "oppScoring": "51.1% (29.0) // 53.6% (27.7) // 55.2% (31.7) // 55.2% (31.7)",
        "oppCorsiAgainst": "50.0% (57.8) // 48.5% (54.2) // 46.2% (57.0) // 46.2% (57.0)",
        "oppFenwickAgainst": "50.5% (42.0) // 49.5% (40.3) // 46.4% (40.7) // 46.4% (40.7)",
        "oppShotsAgainst": "51.5% (29.8) // 51.8% (29.9) // 50.3% (31.7) // 50.3% (31.7)",
        "oppScoringAgainst": "48.9% (27.8) // 46.4% (24.0) // 44.8% (25.7) // 44.8% (25.7)",
        "totalOver": 47,
        "totalOverLast5": 60,
        "totalOverLast15": 40,
        "lastTotalOver": 33,
        "last5": "0,1,0,2,1,1,0,1,1,0",
        "fd": "0",
        "dk": "+114/-145",
        "kambi": "105/-136",
        "lowest": "114 DK",
        "implied": 46.728971962616825,
        "overOdds": "+114",
        "underOdds": "-145",
        "overUnder": "+114 / -145"
    },
    {
        "player": "Alexis Lafreniere",
        "team": "NYR",
        "opponent": "VAN",
        "propType": "sog",
        "line": 2.5,
        "ppLine": "PP2",
        "avg": 2.47,
        "hit": false,
        "diffAvg": -0.01,
        "diffAbs": 0.32,
        "lastAvg": 1.53,
        "diff": -0.39,
        "avgMin": 17,
        "proj": 1.7,
        "lastAvgMin": 15.22,
        "oppOver": 0,
        "teamOver": 0,
        "gameLine": "-148",
        "+/-": -3,
        "L5_+/-": "+1.0",
        "prevMatchup": "2023-10-28 1.0 sog",
        "winLossSplits": "46% - 58%",
        "awayHome": "H",
        "playedYesterday": "N",
        "awayHomeSplits": "40% - 61%",
        "savesAboveExp": -0.786,
        "gsaa": 10.67,
        "corsi": "49.8% (60.2) // 51.2% (61.8) // 49.5% (59.4) // 56.5% (66.2)",
        "fenwick": "50.6% (44.7) // 51.9% (45.8) // 51.5% (45.4) // 57.0% (49.9)",
        "shots": "51.3% (30.8) // 53.6% (32.7) // 52.7% (32.3) // 57.7% (35.4)",
        "scoring": "50.9% (29.3) // 51.9% (29.4) // 49.5% (28.3) // 54.9% (30.8)",
        "corsiAgainst": "50.2% (60.6) // 48.8% (59.0) // 50.5% (60.6) // 43.5% (50.9)",
        "fenwickAgainst": "49.4% (43.5) // 48.1% (42.4) // 48.5% (42.9) // 43.0% (37.6)",
        "shotsAgainst": "48.7% (29.3) // 46.4% (28.3) // 47.3% (28.9) // 42.3% (25.9)",
        "scoringAgainst": "49.1% (28.3) // 48.1% (27.3) // 50.5% (28.9) // 45.1% (25.3)",
        "oppCorsi": "50.0% (57.8) // 51.5% (57.7) // 53.8% (66.3) // 53.8% (66.3)",
        "oppFenwick": "49.5% (41.2) // 50.5% (41.2) // 53.6% (47.0) // 53.6% (47.0)",
        "oppShots": "48.5% (28.0) // 48.2% (27.8) // 49.7% (31.3) // 49.7% (31.3)",
        "oppScoring": "51.1% (29.0) // 53.6% (27.7) // 55.2% (31.7) // 55.2% (31.7)",
        "oppCorsiAgainst": "50.0% (57.8) // 48.5% (54.2) // 46.2% (57.0) // 46.2% (57.0)",
        "oppFenwickAgainst": "50.5% (42.0) // 49.5% (40.3) // 46.4% (40.7) // 46.4% (40.7)",
        "oppShotsAgainst": "51.5% (29.8) // 51.8% (29.9) // 50.3% (31.7) // 50.3% (31.7)",
        "oppScoringAgainst": "48.9% (27.8) // 46.4% (24.0) // 44.8% (25.7) // 44.8% (25.7)",
        "totalOver": 50,
        "totalOverLast5": 60,
        "totalOverLast15": 53,
        "lastTotalOver": 24,
        "last5": "4,4,3,1,2,3,3,4,2,2",
        "fd": "0",
        "dk": "+110/-140",
        "kambi": "0",
        "lowest": "110 DK",
        "implied": 47.61904761904761,
        "overOdds": "+110",
        "underOdds": "-140",
        "overUnder": "+110 / -140"
    },
    {
        "player": "Alexis Lafreniere",
        "team": "NYR",
        "opponent": "VAN",
        "propType": "atgs",
        "line": 0.5,
        "ppLine": "PP2",
        "avg": 0.0,
        "hit": false,
        "diffAvg": 0,
        "diffAbs": 1.0,
        "lastAvg": 0.0,
        "diff": 0,
        "avgMin": 17,
        "proj": 0.0,
        "lastAvgMin": 15.22,
        "oppOver": 0,
        "teamOver": 0,
        "gameLine": "-148",
        "+/-": -3,
        "L5_+/-": "+1.0",
        "prevMatchup": "2023-10-28 0.0 atgs",
        "winLossSplits": "0% - 0%",
        "awayHome": "H",
        "playedYesterday": "N",
        "awayHomeSplits": "0% - 0%",
        "savesAboveExp": -0.786,
        "gsaa": 10.67,
        "corsi": "49.8% (60.2) // 51.2% (61.8) // 49.5% (59.4) // 56.5% (66.2)",
        "fenwick": "50.6% (44.7) // 51.9% (45.8) // 51.5% (45.4) // 57.0% (49.9)",
        "shots": "51.3% (30.8) // 53.6% (32.7) // 52.7% (32.3) // 57.7% (35.4)",
        "scoring": "50.9% (29.3) // 51.9% (29.4) // 49.5% (28.3) // 54.9% (30.8)",
        "corsiAgainst": "50.2% (60.6) // 48.8% (59.0) // 50.5% (60.6) // 43.5% (50.9)",
        "fenwickAgainst": "49.4% (43.5) // 48.1% (42.4) // 48.5% (42.9) // 43.0% (37.6)",
        "shotsAgainst": "48.7% (29.3) // 46.4% (28.3) // 47.3% (28.9) // 42.3% (25.9)",
        "scoringAgainst": "49.1% (28.3) // 48.1% (27.3) // 50.5% (28.9) // 45.1% (25.3)",
        "oppCorsi": "50.0% (57.8) // 51.5% (57.7) // 53.8% (66.3) // 53.8% (66.3)",
        "oppFenwick": "49.5% (41.2) // 50.5% (41.2) // 53.6% (47.0) // 53.6% (47.0)",
        "oppShots": "48.5% (28.0) // 48.2% (27.8) // 49.7% (31.3) // 49.7% (31.3)",
        "oppScoring": "51.1% (29.0) // 53.6% (27.7) // 55.2% (31.7) // 55.2% (31.7)",
        "oppCorsiAgainst": "50.0% (57.8) // 48.5% (54.2) // 46.2% (57.0) // 46.2% (57.0)",
        "oppFenwickAgainst": "50.5% (42.0) // 49.5% (40.3) // 46.4% (40.7) // 46.4% (40.7)",
        "oppShotsAgainst": "51.5% (29.8) // 51.8% (29.9) // 50.3% (31.7) // 50.3% (31.7)",
        "oppScoringAgainst": "48.9% (27.8) // 46.4% (24.0) // 44.8% (25.7) // 44.8% (25.7)",
        "totalOver": 0,
        "totalOverLast5": 0,
        "totalOverLast15": 0,
        "lastTotalOver": 0,
        "last5": "0,0,0,0,0,0,0,0,0,0",
        "fd": "0",
        "dk": "+265",
        "kambi": "205",
        "lowest": "265 DK",
        "implied": 27.397260273972602,
        "overOdds": "+265",
        "underOdds": "0",
        "overUnder": "+265 / 0"
    },
    {
        "player": "Andrei Kuzmenko",
        "team": "VAN",
        "opponent": "NYR",
        "propType": "ast",
        "line": 0.5,
        "ppLine": "PP1",
        "avg": 0.33,
        "hit": false,
        "diffAvg": -0.34,
        "diffAbs": 0.2,
        "lastAvg": 0.43,
        "diff": -0.14,
        "avgMin": 14,
        "proj": 0.4,
        "lastAvgMin": 16.23,
        "oppOver": 0,
        "teamOver": 0,
        "gameLine": "+124",
        "+/-": -1,
        "L5_+/-": -1.0,
        "prevMatchup": "2023-10-28 0.0 ast",
        "winLossSplits": "43% - 0%",
        "awayHome": "A",
        "playedYesterday": "N",
        "awayHomeSplits": "36% - 26%",
        "savesAboveExp": 0.388,
        "gsaa": 3.34,
        "corsi": "50.0% (57.8) // 51.5% (57.7) // 53.8% (66.3) // 53.8% (66.3)",
        "fenwick": "49.5% (41.2) // 50.5% (41.2) // 53.6% (47.0) // 53.6% (47.0)",
        "shots": "48.5% (28.0) // 48.2% (27.8) // 49.7% (31.3) // 49.7% (31.3)",
        "scoring": "51.1% (29.0) // 53.6% (27.7) // 55.2% (31.7) // 55.2% (31.7)",
        "corsiAgainst": "50.0% (57.8) // 48.5% (54.2) // 46.2% (57.0) // 46.2% (57.0)",
        "fenwickAgainst": "50.5% (42.0) // 49.5% (40.3) // 46.4% (40.7) // 46.4% (40.7)",
        "shotsAgainst": "51.5% (29.8) // 51.8% (29.9) // 50.3% (31.7) // 50.3% (31.7)",
        "scoringAgainst": "48.9% (27.8) // 46.4% (24.0) // 44.8% (25.7) // 44.8% (25.7)",
        "oppCorsi": "49.8% (60.2) // 51.2% (61.8) // 49.5% (59.4) // 56.5% (66.2)",
        "oppFenwick": "50.6% (44.7) // 51.9% (45.8) // 51.5% (45.4) // 57.0% (49.9)",
        "oppShots": "51.3% (30.8) // 53.6% (32.7) // 52.7% (32.3) // 57.7% (35.4)",
        "oppScoring": "50.9% (29.3) // 51.9% (29.4) // 49.5% (28.3) // 54.9% (30.8)",
        "oppCorsiAgainst": "50.2% (60.6) // 48.8% (59.0) // 50.5% (60.6) // 43.5% (50.9)",
        "oppFenwickAgainst": "49.4% (43.5) // 48.1% (42.4) // 48.5% (42.9) // 43.0% (37.6)",
        "oppShotsAgainst": "48.7% (29.3) // 46.4% (28.3) // 47.3% (28.9) // 42.3% (25.9)",
        "oppScoringAgainst": "49.1% (28.3) // 48.1% (27.3) // 50.5% (28.9) // 45.1% (25.3)",
        "totalOver": 30,
        "totalOverLast5": 0,
        "totalOverLast15": 0,
        "lastTotalOver": 35,
        "last5": "0,0,0,0,0,0,0,0,0,0",
        "fd": "0",
        "dk": "+195/-260",
        "kambi": "0",
        "lowest": "195 DK",
        "implied": 33.89830508474576,
        "overOdds": "+195",
        "underOdds": "-260",
        "overUnder": "+195 / -260"
    },
    {
        "player": "Andrei Kuzmenko",
        "team": "VAN",
        "opponent": "NYR",
        "propType": "pts",
        "line": 0.5,
        "ppLine": "PP1",
        "avg": 0.58,
        "hit": false,
        "diffAvg": 0.16,
        "diffAbs": 0.6,
        "lastAvg": 0.91,
        "diff": 0.82,
        "avgMin": 14,
        "proj": 0.8,
        "lastAvgMin": 16.23,
        "oppOver": 0,
        "teamOver": 0,
        "gameLine": "+124",
        "+/-": -1,
        "L5_+/-": -1.0,
        "prevMatchup": "2023-10-28 0.0 pts",
        "winLossSplits": "61% - 10%",
        "awayHome": "A",
        "playedYesterday": "N",
        "awayHomeSplits": "43% - 47%",
        "savesAboveExp": 0.388,
        "gsaa": 3.34,
        "corsi": "50.0% (57.8) // 51.5% (57.7) // 53.8% (66.3) // 53.8% (66.3)",
        "fenwick": "49.5% (41.2) // 50.5% (41.2) // 53.6% (47.0) // 53.6% (47.0)",
        "shots": "48.5% (28.0) // 48.2% (27.8) // 49.7% (31.3) // 49.7% (31.3)",
        "scoring": "51.1% (29.0) // 53.6% (27.7) // 55.2% (31.7) // 55.2% (31.7)",
        "corsiAgainst": "50.0% (57.8) // 48.5% (54.2) // 46.2% (57.0) // 46.2% (57.0)",
        "fenwickAgainst": "50.5% (42.0) // 49.5% (40.3) // 46.4% (40.7) // 46.4% (40.7)",
        "shotsAgainst": "51.5% (29.8) // 51.8% (29.9) // 50.3% (31.7) // 50.3% (31.7)",
        "scoringAgainst": "48.9% (27.8) // 46.4% (24.0) // 44.8% (25.7) // 44.8% (25.7)",
        "oppCorsi": "49.8% (60.2) // 51.2% (61.8) // 49.5% (59.4) // 56.5% (66.2)",
        "oppFenwick": "50.6% (44.7) // 51.9% (45.8) // 51.5% (45.4) // 57.0% (49.9)",
        "oppShots": "51.3% (30.8) // 53.6% (32.7) // 52.7% (32.3) // 57.7% (35.4)",
        "oppScoring": "50.9% (29.3) // 51.9% (29.4) // 49.5% (28.3) // 54.9% (30.8)",
        "oppCorsiAgainst": "50.2% (60.6) // 48.8% (59.0) // 50.5% (60.6) // 43.5% (50.9)",
        "oppFenwickAgainst": "49.4% (43.5) // 48.1% (42.4) // 48.5% (42.9) // 43.0% (37.6)",
        "oppShotsAgainst": "48.7% (29.3) // 46.4% (28.3) // 47.3% (28.9) // 42.3% (25.9)",
        "oppScoringAgainst": "49.1% (28.3) // 48.1% (27.3) // 50.5% (28.9) // 45.1% (25.3)",
        "totalOver": 45,
        "totalOverLast5": 20,
        "totalOverLast15": 27,
        "lastTotalOver": 55,
        "last5": "0,0,0,2,0,0,1,1,0,0",
        "fd": "0",
        "dk": "+110/-140",
        "kambi": "0",
        "lowest": "110 DK",
        "implied": 47.61904761904761,
        "overOdds": "+110",
        "underOdds": "-140",
        "overUnder": "+110 / -140"
    },
    {
        "player": "Andrei Kuzmenko",
        "team": "VAN",
        "opponent": "NYR",
        "propType": "atgs",
        "line": 0.5,
        "ppLine": "PP1",
        "avg": 0.0,
        "hit": false,
        "diffAvg": 0,
        "diffAbs": 1.0,
        "lastAvg": 0.0,
        "diff": 0,
        "avgMin": 14,
        "proj": 0.0,
        "lastAvgMin": 16.23,
        "oppOver": 0,
        "teamOver": 0,
        "gameLine": "+124",
        "+/-": -1,
        "L5_+/-": -1.0,
        "prevMatchup": "2023-10-28 0.0 atgs",
        "winLossSplits": "0% - 0%",
        "awayHome": "A",
        "playedYesterday": "N",
        "awayHomeSplits": "0% - 0%",
        "savesAboveExp": 0.388,
        "gsaa": 3.34,
        "corsi": "50.0% (57.8) // 51.5% (57.7) // 53.8% (66.3) // 53.8% (66.3)",
        "fenwick": "49.5% (41.2) // 50.5% (41.2) // 53.6% (47.0) // 53.6% (47.0)",
        "shots": "48.5% (28.0) // 48.2% (27.8) // 49.7% (31.3) // 49.7% (31.3)",
        "scoring": "51.1% (29.0) // 53.6% (27.7) // 55.2% (31.7) // 55.2% (31.7)",
        "corsiAgainst": "50.0% (57.8) // 48.5% (54.2) // 46.2% (57.0) // 46.2% (57.0)",
        "fenwickAgainst": "50.5% (42.0) // 49.5% (40.3) // 46.4% (40.7) // 46.4% (40.7)",
        "shotsAgainst": "51.5% (29.8) // 51.8% (29.9) // 50.3% (31.7) // 50.3% (31.7)",
        "scoringAgainst": "48.9% (27.8) // 46.4% (24.0) // 44.8% (25.7) // 44.8% (25.7)",
        "oppCorsi": "49.8% (60.2) // 51.2% (61.8) // 49.5% (59.4) // 56.5% (66.2)",
        "oppFenwick": "50.6% (44.7) // 51.9% (45.8) // 51.5% (45.4) // 57.0% (49.9)",
        "oppShots": "51.3% (30.8) // 53.6% (32.7) // 52.7% (32.3) // 57.7% (35.4)",
        "oppScoring": "50.9% (29.3) // 51.9% (29.4) // 49.5% (28.3) // 54.9% (30.8)",
        "oppCorsiAgainst": "50.2% (60.6) // 48.8% (59.0) // 50.5% (60.6) // 43.5% (50.9)",
        "oppFenwickAgainst": "49.4% (43.5) // 48.1% (42.4) // 48.5% (42.9) // 43.0% (37.6)",
        "oppShotsAgainst": "48.7% (29.3) // 46.4% (28.3) // 47.3% (28.9) // 42.3% (25.9)",
        "oppScoringAgainst": "49.1% (28.3) // 48.1% (27.3) // 50.5% (28.9) // 45.1% (25.3)",
        "totalOver": 0,
        "totalOverLast5": 0,
        "totalOverLast15": 0,
        "lastTotalOver": 0,
        "last5": "0,0,0,0,0,0,0,0,0,0",
        "fd": "0",
        "dk": "+285",
        "kambi": "260",
        "lowest": "285 DK",
        "implied": 25.97402597402597,
        "overOdds": "+285",
        "underOdds": "0",
        "overUnder": "+285 / 0"
    },
    {
        "player": "Artemi Panarin",
        "team": "NYR",
        "opponent": "VAN",
        "propType": "ast",
        "line": 0.5,
        "ppLine": "PP1",
        "avg": 0.79,
        "hit": false,
        "diffAvg": 0.58,
        "diffAbs": 0.4,
        "lastAvg": 0.7,
        "diff": 0.4,
        "avgMin": 19,
        "proj": 0.7,
        "lastAvgMin": 19.6,
        "oppOver": 0,
        "teamOver": 0,
        "gameLine": "-148",
        "+/-": "+2",
        "L5_+/-": "+5.0",
        "prevMatchup": "2023-10-28 1.0 ast",
        "winLossSplits": "65% - 67%",
        "awayHome": "H",
        "playedYesterday": "N",
        "awayHomeSplits": "50% - 83%",
        "savesAboveExp": -0.786,
        "gsaa": 10.67,
        "corsi": "49.8% (60.2) // 51.2% (61.8) // 49.5% (59.4) // 56.5% (66.2)",
        "fenwick": "50.6% (44.7) // 51.9% (45.8) // 51.5% (45.4) // 57.0% (49.9)",
        "shots": "51.3% (30.8) // 53.6% (32.7) // 52.7% (32.3) // 57.7% (35.4)",
        "scoring": "50.9% (29.3) // 51.9% (29.4) // 49.5% (28.3) // 54.9% (30.8)",
        "corsiAgainst": "50.2% (60.6) // 48.8% (59.0) // 50.5% (60.6) // 43.5% (50.9)",
        "fenwickAgainst": "49.4% (43.5) // 48.1% (42.4) // 48.5% (42.9) // 43.0% (37.6)",
        "shotsAgainst": "48.7% (29.3) // 46.4% (28.3) // 47.3% (28.9) // 42.3% (25.9)",
        "scoringAgainst": "49.1% (28.3) // 48.1% (27.3) // 50.5% (28.9) // 45.1% (25.3)",
        "oppCorsi": "50.0% (57.8) // 51.5% (57.7) // 53.8% (66.3) // 53.8% (66.3)",
        "oppFenwick": "49.5% (41.2) // 50.5% (41.2) // 53.6% (47.0) // 53.6% (47.0)",
        "oppShots": "48.5% (28.0) // 48.2% (27.8) // 49.7% (31.3) // 49.7% (31.3)",
        "oppScoring": "51.1% (29.0) // 53.6% (27.7) // 55.2% (31.7) // 55.2% (31.7)",
        "oppCorsiAgainst": "50.0% (57.8) // 48.5% (54.2) // 46.2% (57.0) // 46.2% (57.0)",
        "oppFenwickAgainst": "50.5% (42.0) // 49.5% (40.3) // 46.4% (40.7) // 46.4% (40.7)",
        "oppShotsAgainst": "51.5% (29.8) // 51.8% (29.9) // 50.3% (31.7) // 50.3% (31.7)",
        "oppScoringAgainst": "48.9% (27.8) // 46.4% (24.0) // 44.8% (25.7) // 44.8% (25.7)",
        "totalOver": 66,
        "totalOverLast5": 60,
        "totalOverLast15": 53,
        "lastTotalOver": 48,
        "last5": "1,1,1,0,0,1,0,0,0,1",
        "fd": "0",
        "dk": "-145/+114",
        "kambi": "0",
        "lowest": "-145 DK",
        "implied": 59.183673469387756,
        "overOdds": "-145",
        "underOdds": "+114",
        "overUnder": "-145 / +114"
    },
    {
        "player": "Artemi Panarin",
        "team": "NYR",
        "opponent": "VAN",
        "propType": "pts",
        "line": 1.5,
        "ppLine": "PP1",
        "avg": 1.45,
        "hit": false,
        "diffAvg": -0.03,
        "diffAbs": 0.33,
        "lastAvg": 1.02,
        "diff": -0.32,
        "avgMin": 19,
        "proj": 1.0,
        "lastAvgMin": 19.6,
        "oppOver": 0,
        "teamOver": 0,
        "gameLine": "-148",
        "+/-": "+2",
        "L5_+/-": "+5.0",
        "prevMatchup": "2023-10-28 2.0 pts",
        "winLossSplits": "58% - 25%",
        "awayHome": "H",
        "playedYesterday": "N",
        "awayHomeSplits": "50% - 44%",
        "savesAboveExp": -0.786,
        "gsaa": 10.67,
        "corsi": "49.8% (60.2) // 51.2% (61.8) // 49.5% (59.4) // 56.5% (66.2)",
        "fenwick": "50.6% (44.7) // 51.9% (45.8) // 51.5% (45.4) // 57.0% (49.9)",
        "shots": "51.3% (30.8) // 53.6% (32.7) // 52.7% (32.3) // 57.7% (35.4)",
        "scoring": "50.9% (29.3) // 51.9% (29.4) // 49.5% (28.3) // 54.9% (30.8)",
        "corsiAgainst": "50.2% (60.6) // 48.8% (59.0) // 50.5% (60.6) // 43.5% (50.9)",
        "fenwickAgainst": "49.4% (43.5) // 48.1% (42.4) // 48.5% (42.9) // 43.0% (37.6)",
        "shotsAgainst": "48.7% (29.3) // 46.4% (28.3) // 47.3% (28.9) // 42.3% (25.9)",
        "scoringAgainst": "49.1% (28.3) // 48.1% (27.3) // 50.5% (28.9) // 45.1% (25.3)",
        "oppCorsi": "50.0% (57.8) // 51.5% (57.7) // 53.8% (66.3) // 53.8% (66.3)",
        "oppFenwick": "49.5% (41.2) // 50.5% (41.2) // 53.6% (47.0) // 53.6% (47.0)",
        "oppShots": "48.5% (28.0) // 48.2% (27.8) // 49.7% (31.3) // 49.7% (31.3)",
        "oppScoring": "51.1% (29.0) // 53.6% (27.7) // 55.2% (31.7) // 55.2% (31.7)",
        "oppCorsiAgainst": "50.0% (57.8) // 48.5% (54.2) // 46.2% (57.0) // 46.2% (57.0)",
        "oppFenwickAgainst": "50.5% (42.0) // 49.5% (40.3) // 46.4% (40.7) // 46.4% (40.7)",
        "oppShotsAgainst": "51.5% (29.8) // 51.8% (29.9) // 50.3% (31.7) // 50.3% (31.7)",
        "oppScoringAgainst": "48.9% (27.8) // 46.4% (24.0) // 44.8% (25.7) // 44.8% (25.7)",
        "totalOver": 47,
        "totalOverLast5": 60,
        "totalOverLast15": 33,
        "lastTotalOver": 28,
        "last5": "2,2,1,3,1,2,1,0,1,1",
        "fd": "0",
        "dk": "+145/-190",
        "kambi": "130/-167",
        "lowest": "145 DK",
        "implied": 40.816326530612244,
        "overOdds": "+145",
        "underOdds": "-190",
        "overUnder": "+145 / -190"
    },
    {
        "player": "Artemi Panarin",
        "team": "NYR",
        "opponent": "VAN",
        "propType": "sog",
        "line": 3.5,
        "ppLine": "PP1",
        "avg": 4.18,
        "hit": false,
        "diffAvg": 0.19,
        "diffAbs": 0.37,
        "lastAvg": 2.27,
        "diff": -0.35,
        "avgMin": 19,
        "proj": 2.2,
        "lastAvgMin": 19.6,
        "oppOver": 0,
        "teamOver": 0,
        "gameLine": "-148",
        "+/-": "+2",
        "L5_+/-": "+5.0",
        "prevMatchup": "2023-10-28 3.0 sog",
        "winLossSplits": "58% - 50%",
        "awayHome": "H",
        "playedYesterday": "N",
        "awayHomeSplits": "60% - 50%",
        "savesAboveExp": -0.786,
        "gsaa": 10.67,
        "corsi": "49.8% (60.2) // 51.2% (61.8) // 49.5% (59.4) // 56.5% (66.2)",
        "fenwick": "50.6% (44.7) // 51.9% (45.8) // 51.5% (45.4) // 57.0% (49.9)",
        "shots": "51.3% (30.8) // 53.6% (32.7) // 52.7% (32.3) // 57.7% (35.4)",
        "scoring": "50.9% (29.3) // 51.9% (29.4) // 49.5% (28.3) // 54.9% (30.8)",
        "corsiAgainst": "50.2% (60.6) // 48.8% (59.0) // 50.5% (60.6) // 43.5% (50.9)",
        "fenwickAgainst": "49.4% (43.5) // 48.1% (42.4) // 48.5% (42.9) // 43.0% (37.6)",
        "shotsAgainst": "48.7% (29.3) // 46.4% (28.3) // 47.3% (28.9) // 42.3% (25.9)",
        "scoringAgainst": "49.1% (28.3) // 48.1% (27.3) // 50.5% (28.9) // 45.1% (25.3)",
        "oppCorsi": "50.0% (57.8) // 51.5% (57.7) // 53.8% (66.3) // 53.8% (66.3)",
        "oppFenwick": "49.5% (41.2) // 50.5% (41.2) // 53.6% (47.0) // 53.6% (47.0)",
        "oppShots": "48.5% (28.0) // 48.2% (27.8) // 49.7% (31.3) // 49.7% (31.3)",
        "oppScoring": "51.1% (29.0) // 53.6% (27.7) // 55.2% (31.7) // 55.2% (31.7)",
        "oppCorsiAgainst": "50.0% (57.8) // 48.5% (54.2) // 46.2% (57.0) // 46.2% (57.0)",
        "oppFenwickAgainst": "50.5% (42.0) // 49.5% (40.3) // 46.4% (40.7) // 46.4% (40.7)",
        "oppShotsAgainst": "51.5% (29.8) // 51.8% (29.9) // 50.3% (31.7) // 50.3% (31.7)",
        "oppScoringAgainst": "48.9% (27.8) // 46.4% (24.0) // 44.8% (25.7) // 44.8% (25.7)",
        "totalOver": 55,
        "totalOverLast5": 80,
        "totalOverLast15": 53,
        "lastTotalOver": 29,
        "last5": "8,4,2,4,6,1,5,3,8,10",
        "fd": "0",
        "dk": "-110/-120",
        "kambi": "-122/-106",
