[
    {
        "player": "Adam Lowry",
        "team": "WPG",
        "opponent": "MIN",
        "propType": "ast",
        "line": 0.5,
        "ppLine": "",
        "avg": 0.29,
        "hit": false,
        "diffAvg": -0.42,
        "diffAbs": 0.4,
        "lastAvg": 0.26,
        "diff": -0.48,
        "avgMin": 15,
        "proj": 0.3,
        "lastAvgMin": 15.63,
        "oppOver": 0,
        "teamOver": 0,
        "gameLine": "-118",
        "+/-": "+9",
        "L5_+/-": "+1.0",
        "prevMatchup": "2023-12-30 1.0 ast",
        "winLossSplits": "38% - 8%",
        "awayHome": "A",
        "playedYesterday": "Y",
        "awayHomeSplits": "20% - 32%",
        "savesAboveExp": 0.141,
        "gsaa": -4.0,
        "corsi": "50.9% (59.6) // 52.4% (65.3) // 56.1% (71.1) // 57.4% (72.6)",
        "fenwick": "51.2% (43.6) // 52.8% (48.3) // 55.6% (51.0) // 57.1% (53.0)",
        "shots": "52.0% (31.0) // 52.2% (32.4) // 54.5% (33.9) // 53.4% (34.4)",
        "scoring": "50.6% (28.0) // 52.6% (30.7) // 56.0% (33.6) // 55.8% (32.9)",
        "corsiAgainst": "49.1% (57.4) // 47.6% (59.3) // 43.9% (55.6) // 42.6% (54.0)",
        "fenwickAgainst": "48.8% (41.6) // 47.2% (43.2) // 44.4% (40.8) // 42.9% (39.8)",
        "shotsAgainst": "48.0% (28.6) // 47.8% (29.6) // 45.5% (28.3) // 46.6% (29.9)",
        "scoringAgainst": "49.4% (27.3) // 47.4% (27.6) // 44.0% (26.3) // 44.2% (26.0)",
        "oppCorsi": "50.8% (60.9) // 49.5% (58.8) // 51.4% (57.8) // 48.0% (58.5)",
        "oppFenwick": "50.8% (43.6) // 48.8% (42.4) // 52.6% (44.3) // 50.0% (46.0)",
        "oppShots": "50.1% (29.8) // 48.1% (28.5) // 54.5% (31.1) // 52.8% (33.5)",
        "oppScoring": "51.7% (30.1) // 51.0% (29.8) // 56.0% (29.9) // 47.5% (29.0)",
        "oppCorsiAgainst": "49.2% (59.1) // 50.5% (59.9) // 48.6% (54.6) // 52.0% (63.5)",
        "oppFenwickAgainst": "49.2% (42.3) // 51.2% (44.5) // 47.4% (39.9) // 50.0% (46.0)",
        "oppShotsAgainst": "49.9% (29.7) // 51.9% (30.7) // 45.5% (26.0) // 47.2% (30.0)",
        "oppScoringAgainst": "48.3% (28.2) // 49.0% (28.6) // 44.0% (23.5) // 52.5% (32.0)",
        "totalOver": 26,
        "totalOverLast5": 20,
        "totalOverLast15": 7,
        "lastTotalOver": 26,
        "last5": "1,0,0,0,0,0,0,0,0,0",
        "fd": "0",
        "dk": "+250/-345",
        "kambi": "0",
        "lowest": "250 DK",
        "implied": 28.57142857142857,
        "overOdds": "+250",
        "underOdds": "-345",
        "overUnder": "+250 / -345"
    },
    {
        "player": "Adam Lowry",
        "team": "WPG",
        "opponent": "MIN",
        "propType": "pts",
        "line": 0.5,
        "ppLine": "",
        "avg": 0.47,
        "hit": false,
        "diffAvg": -0.06,
        "diffAbs": 0.2,
        "lastAvg": 0.41,
        "diff": -0.18,
        "avgMin": 15,
        "proj": 0.4,
        "lastAvgMin": 15.63,
        "oppOver": 0,
        "teamOver": 0,
        "gameLine": "-118",
        "+/-": "+9",
        "L5_+/-": "+1.0",
        "prevMatchup": "2023-12-30 1.0 pts",
        "winLossSplits": "57% - 15%",
        "awayHome": "A",
        "playedYesterday": "Y",
        "awayHomeSplits": "47% - 37%",
        "savesAboveExp": 0.141,
        "gsaa": -4.0,
        "corsi": "50.9% (59.6) // 52.4% (65.3) // 56.1% (71.1) // 57.4% (72.6)",
        "fenwick": "51.2% (43.6) // 52.8% (48.3) // 55.6% (51.0) // 57.1% (53.0)",
        "shots": "52.0% (31.0) // 52.2% (32.4) // 54.5% (33.9) // 53.4% (34.4)",
        "scoring": "50.6% (28.0) // 52.6% (30.7) // 56.0% (33.6) // 55.8% (32.9)",
        "corsiAgainst": "49.1% (57.4) // 47.6% (59.3) // 43.9% (55.6) // 42.6% (54.0)",
        "fenwickAgainst": "48.8% (41.6) // 47.2% (43.2) // 44.4% (40.8) // 42.9% (39.8)",
        "shotsAgainst": "48.0% (28.6) // 47.8% (29.6) // 45.5% (28.3) // 46.6% (29.9)",
        "scoringAgainst": "49.4% (27.3) // 47.4% (27.6) // 44.0% (26.3) // 44.2% (26.0)",
        "oppCorsi": "50.8% (60.9) // 49.5% (58.8) // 51.4% (57.8) // 48.0% (58.5)",
        "oppFenwick": "50.8% (43.6) // 48.8% (42.4) // 52.6% (44.3) // 50.0% (46.0)",
        "oppShots": "50.1% (29.8) // 48.1% (28.5) // 54.5% (31.1) // 52.8% (33.5)",
        "oppScoring": "51.7% (30.1) // 51.0% (29.8) // 56.0% (29.9) // 47.5% (29.0)",
        "oppCorsiAgainst": "49.2% (59.1) // 50.5% (59.9) // 48.6% (54.6) // 52.0% (63.5)",
        "oppFenwickAgainst": "49.2% (42.3) // 51.2% (44.5) // 47.4% (39.9) // 50.0% (46.0)",
        "oppShotsAgainst": "49.9% (29.7) // 51.9% (30.7) // 45.5% (26.0) // 47.2% (30.0)",
        "oppScoringAgainst": "48.3% (28.2) // 49.0% (28.6) // 44.0% (23.5) // 52.5% (32.0)",
        "totalOver": 41,
        "totalOverLast5": 40,
        "totalOverLast15": 20,
        "lastTotalOver": 42,
        "last5": "1,0,1,0,0,0,0,0,0,1",
        "fd": "0",
        "dk": "+154/-200",
        "kambi": "0",
        "lowest": "154 DK",
        "implied": 39.37007874015748,
        "overOdds": "+154",
        "underOdds": "-200",
        "overUnder": "+154 / -200"
    },
    {
        "player": "Adam Lowry",
        "team": "WPG",
        "opponent": "MIN",
        "propType": "atgs",
        "line": 0.5,
        "ppLine": "",
        "avg": 0.0,
        "hit": false,
        "diffAvg": 0,
        "diffAbs": 1.0,
        "lastAvg": 0.0,
        "diff": 0,
        "avgMin": 15,
        "proj": 0.0,
        "lastAvgMin": 15.63,
        "oppOver": 0,
        "teamOver": 0,
        "gameLine": "-118",
        "+/-": "+9",
        "L5_+/-": "+1.0",
        "prevMatchup": "2023-12-30 0.0 atgs",
        "winLossSplits": "0% - 0%",
        "awayHome": "A",
        "playedYesterday": "Y",
        "awayHomeSplits": "0% - 0%",
        "savesAboveExp": 0.141,
        "gsaa": -4.0,
        "corsi": "50.9% (59.6) // 52.4% (65.3) // 56.1% (71.1) // 57.4% (72.6)",
        "fenwick": "51.2% (43.6) // 52.8% (48.3) // 55.6% (51.0) // 57.1% (53.0)",
        "shots": "52.0% (31.0) // 52.2% (32.4) // 54.5% (33.9) // 53.4% (34.4)",
        "scoring": "50.6% (28.0) // 52.6% (30.7) // 56.0% (33.6) // 55.8% (32.9)",
        "corsiAgainst": "49.1% (57.4) // 47.6% (59.3) // 43.9% (55.6) // 42.6% (54.0)",
        "fenwickAgainst": "48.8% (41.6) // 47.2% (43.2) // 44.4% (40.8) // 42.9% (39.8)",
        "shotsAgainst": "48.0% (28.6) // 47.8% (29.6) // 45.5% (28.3) // 46.6% (29.9)",
        "scoringAgainst": "49.4% (27.3) // 47.4% (27.6) // 44.0% (26.3) // 44.2% (26.0)",
        "oppCorsi": "50.8% (60.9) // 49.5% (58.8) // 51.4% (57.8) // 48.0% (58.5)",
        "oppFenwick": "50.8% (43.6) // 48.8% (42.4) // 52.6% (44.3) // 50.0% (46.0)",
        "oppShots": "50.1% (29.8) // 48.1% (28.5) // 54.5% (31.1) // 52.8% (33.5)",
        "oppScoring": "51.7% (30.1) // 51.0% (29.8) // 56.0% (29.9) // 47.5% (29.0)",
        "oppCorsiAgainst": "49.2% (59.1) // 50.5% (59.9) // 48.6% (54.6) // 52.0% (63.5)",
        "oppFenwickAgainst": "49.2% (42.3) // 51.2% (44.5) // 47.4% (39.9) // 50.0% (46.0)",
        "oppShotsAgainst": "49.9% (29.7) // 51.9% (30.7) // 45.5% (26.0) // 47.2% (30.0)",
        "oppScoringAgainst": "48.3% (28.2) // 49.0% (28.6) // 44.0% (23.5) // 52.5% (32.0)",
        "totalOver": 0,
        "totalOverLast5": 0,
        "totalOverLast15": 0,
        "lastTotalOver": 0,
        "last5": "0,0,0,0,0,0,0,0,0,0",
        "fd": "0",
        "dk": "+450",
        "kambi": "475",
        "lowest": "475 BR",
        "implied": 17.391304347826086,
        "overOdds": "+450",
        "underOdds": "0",
        "overUnder": "+450 / 0"
    },
    {
        "player": "Alex Iafallo",
        "team": "WPG",
        "opponent": "MIN",
        "propType": "ast",
        "line": 0.5,
        "ppLine": "PP1",
        "avg": 0.29,
        "hit": false,
        "diffAvg": -0.42,
        "diffAbs": 0.4,
        "lastAvg": 0.34,
        "diff": -0.32,
        "avgMin": 16,
        "proj": 0.3,
        "lastAvgMin": 16.3,
        "oppOver": 0,
        "teamOver": 0,
        "gameLine": "-118",
        "+/-": -2,
        "L5_+/-": "+1.0",
        "prevMatchup": "2023-12-30 0.0 ast",
        "winLossSplits": "24% - 8%",
        "awayHome": "A",
        "playedYesterday": "Y",
        "awayHomeSplits": "20% - 16%",
        "savesAboveExp": 0.141,
        "gsaa": -4.0,
        "corsi": "50.9% (59.6) // 52.4% (65.3) // 56.1% (71.1) // 57.4% (72.6)",
        "fenwick": "51.2% (43.6) // 52.8% (48.3) // 55.6% (51.0) // 57.1% (53.0)",
        "shots": "52.0% (31.0) // 52.2% (32.4) // 54.5% (33.9) // 53.4% (34.4)",
        "scoring": "50.6% (28.0) // 52.6% (30.7) // 56.0% (33.6) // 55.8% (32.9)",
        "corsiAgainst": "49.1% (57.4) // 47.6% (59.3) // 43.9% (55.6) // 42.6% (54.0)",
        "fenwickAgainst": "48.8% (41.6) // 47.2% (43.2) // 44.4% (40.8) // 42.9% (39.8)",
        "shotsAgainst": "48.0% (28.6) // 47.8% (29.6) // 45.5% (28.3) // 46.6% (29.9)",
        "scoringAgainst": "49.4% (27.3) // 47.4% (27.6) // 44.0% (26.3) // 44.2% (26.0)",
        "oppCorsi": "50.8% (60.9) // 49.5% (58.8) // 51.4% (57.8) // 48.0% (58.5)",
        "oppFenwick": "50.8% (43.6) // 48.8% (42.4) // 52.6% (44.3) // 50.0% (46.0)",
        "oppShots": "50.1% (29.8) // 48.1% (28.5) // 54.5% (31.1) // 52.8% (33.5)",
        "oppScoring": "51.7% (30.1) // 51.0% (29.8) // 56.0% (29.9) // 47.5% (29.0)",
        "oppCorsiAgainst": "49.2% (59.1) // 50.5% (59.9) // 48.6% (54.6) // 52.0% (63.5)",
        "oppFenwickAgainst": "49.2% (42.3) // 51.2% (44.5) // 47.4% (39.9) // 50.0% (46.0)",
        "oppShotsAgainst": "49.9% (29.7) // 51.9% (30.7) // 45.5% (26.0) // 47.2% (30.0)",
        "oppScoringAgainst": "48.3% (28.2) // 49.0% (28.6) // 44.0% (23.5) // 52.5% (32.0)",
        "totalOver": 18,
        "totalOverLast5": 0,
        "totalOverLast15": 7,
        "lastTotalOver": 33,
        "last5": "0,0,0,0,0,1,0,0,0,0",
        "fd": "0",
        "dk": "+250/-345",
        "kambi": "0",
        "lowest": "250 DK",
        "implied": 28.57142857142857,
        "overOdds": "+250",
        "underOdds": "-345",
        "overUnder": "+250 / -345"
    },
    {
        "player": "Alex Iafallo",
        "team": "WPG",
        "opponent": "MIN",
        "propType": "pts",
        "line": 0.5,
        "ppLine": "PP1",
        "avg": 0.47,
        "hit": false,
        "diffAvg": -0.06,
        "diffAbs": 0.0,
        "lastAvg": 0.55,
        "diff": 0.1,
        "avgMin": 16,
        "proj": 0.5,
        "lastAvgMin": 16.3,
        "oppOver": 0,
        "teamOver": 0,
        "gameLine": "-118",
        "+/-": -2,
        "L5_+/-": "+1.0",
        "prevMatchup": "2023-12-30 1.0 pts",
        "winLossSplits": "29% - 23%",
        "awayHome": "A",
        "playedYesterday": "Y",
        "awayHomeSplits": "27% - 26%",
        "savesAboveExp": 0.141,
        "gsaa": -4.0,
        "corsi": "50.9% (59.6) // 52.4% (65.3) // 56.1% (71.1) // 57.4% (72.6)",
        "fenwick": "51.2% (43.6) // 52.8% (48.3) // 55.6% (51.0) // 57.1% (53.0)",
        "shots": "52.0% (31.0) // 52.2% (32.4) // 54.5% (33.9) // 53.4% (34.4)",
        "scoring": "50.6% (28.0) // 52.6% (30.7) // 56.0% (33.6) // 55.8% (32.9)",
        "corsiAgainst": "49.1% (57.4) // 47.6% (59.3) // 43.9% (55.6) // 42.6% (54.0)",
        "fenwickAgainst": "48.8% (41.6) // 47.2% (43.2) // 44.4% (40.8) // 42.9% (39.8)",
        "shotsAgainst": "48.0% (28.6) // 47.8% (29.6) // 45.5% (28.3) // 46.6% (29.9)",
        "scoringAgainst": "49.4% (27.3) // 47.4% (27.6) // 44.0% (26.3) // 44.2% (26.0)",
        "oppCorsi": "50.8% (60.9) // 49.5% (58.8) // 51.4% (57.8) // 48.0% (58.5)",
        "oppFenwick": "50.8% (43.6) // 48.8% (42.4) // 52.6% (44.3) // 50.0% (46.0)",
        "oppShots": "50.1% (29.8) // 48.1% (28.5) // 54.5% (31.1) // 52.8% (33.5)",
        "oppScoring": "51.7% (30.1) // 51.0% (29.8) // 56.0% (29.9) // 47.5% (29.0)",
        "oppCorsiAgainst": "49.2% (59.1) // 50.5% (59.9) // 48.6% (54.6) // 52.0% (63.5)",
        "oppFenwickAgainst": "49.2% (42.3) // 51.2% (44.5) // 47.4% (39.9) // 50.0% (46.0)",
        "oppShotsAgainst": "49.9% (29.7) // 51.9% (30.7) // 45.5% (26.0) // 47.2% (30.0)",
        "oppScoringAgainst": "48.3% (28.2) // 49.0% (28.6) // 44.0% (23.5) // 52.5% (32.0)",
        "totalOver": 26,
        "totalOverLast5": 20,
        "totalOverLast15": 13,
        "lastTotalOver": 52,
        "last5": "1,0,0,0,0,2,0,0,0,0",
        "fd": "0",
        "dk": "+130/-166",
        "kambi": "125/-165",
        "lowest": "130 DK",
        "implied": 43.47826086956522,
        "overOdds": "+130",
        "underOdds": "-166",
        "overUnder": "+130 / -166"
    },
    {
        "player": "Alex Iafallo",
        "team": "WPG",
        "opponent": "MIN",
        "propType": "sog",
        "line": 1.5,
        "ppLine": "PP1",
        "avg": 1.82,
        "hit": false,
        "diffAvg": 0.21,
        "diffAbs": 0.33,
        "lastAvg": 2.05,
        "diff": 0.37,
        "avgMin": 16,
        "proj": 2.0,
        "lastAvgMin": 16.3,
        "oppOver": 0,
        "teamOver": 0,
        "gameLine": "-118",
        "+/-": -2,
        "L5_+/-": "+1.0",
        "prevMatchup": "2023-12-30 1.0 sog",
        "winLossSplits": "43% - 62%",
        "awayHome": "A",
        "playedYesterday": "Y",
        "awayHomeSplits": "47% - 53%",
        "savesAboveExp": 0.141,
        "gsaa": -4.0,
        "corsi": "50.9% (59.6) // 52.4% (65.3) // 56.1% (71.1) // 57.4% (72.6)",
        "fenwick": "51.2% (43.6) // 52.8% (48.3) // 55.6% (51.0) // 57.1% (53.0)",
        "shots": "52.0% (31.0) // 52.2% (32.4) // 54.5% (33.9) // 53.4% (34.4)",
        "scoring": "50.6% (28.0) // 52.6% (30.7) // 56.0% (33.6) // 55.8% (32.9)",
        "corsiAgainst": "49.1% (57.4) // 47.6% (59.3) // 43.9% (55.6) // 42.6% (54.0)",
        "fenwickAgainst": "48.8% (41.6) // 47.2% (43.2) // 44.4% (40.8) // 42.9% (39.8)",
        "shotsAgainst": "48.0% (28.6) // 47.8% (29.6) // 45.5% (28.3) // 46.6% (29.9)",
        "scoringAgainst": "49.4% (27.3) // 47.4% (27.6) // 44.0% (26.3) // 44.2% (26.0)",
        "oppCorsi": "50.8% (60.9) // 49.5% (58.8) // 51.4% (57.8) // 48.0% (58.5)",
        "oppFenwick": "50.8% (43.6) // 48.8% (42.4) // 52.6% (44.3) // 50.0% (46.0)",
        "oppShots": "50.1% (29.8) // 48.1% (28.5) // 54.5% (31.1) // 52.8% (33.5)",
        "oppScoring": "51.7% (30.1) // 51.0% (29.8) // 56.0% (29.9) // 47.5% (29.0)",
        "oppCorsiAgainst": "49.2% (59.1) // 50.5% (59.9) // 48.6% (54.6) // 52.0% (63.5)",
        "oppFenwickAgainst": "49.2% (42.3) // 51.2% (44.5) // 47.4% (39.9) // 50.0% (46.0)",
        "oppShotsAgainst": "49.9% (29.7) // 51.9% (30.7) // 45.5% (26.0) // 47.2% (30.0)",
        "oppScoringAgainst": "48.3% (28.2) // 49.0% (28.6) // 44.0% (23.5) // 52.5% (32.0)",
        "totalOver": 50,
        "totalOverLast5": 60,
        "totalOverLast15": 47,
        "lastTotalOver": 70,
        "last5": "1,2,2,1,2,1,1,3,0,2",
        "fd": "-188",
        "dk": "-166/+130",
        "kambi": "0",
        "lowest": "-166 DK",
        "implied": 62.40601503759399,
        "overOdds": "-166",
        "underOdds": "+130",
        "overUnder": "-166 / +130"
    },
    {
        "player": "Alex Iafallo",
        "team": "WPG",
        "opponent": "MIN",
        "propType": "atgs",
        "line": 0.5,
        "ppLine": "PP1",
        "avg": 0.0,
        "hit": false,
        "diffAvg": 0,
        "diffAbs": 1.0,
        "lastAvg": 0.0,
        "diff": 0,
        "avgMin": 16,
        "proj": 0.0,
        "lastAvgMin": 16.3,
        "oppOver": 0,
        "teamOver": 0,
        "gameLine": "-118",
        "+/-": -2,
        "L5_+/-": "+1.0",
        "prevMatchup": "2023-12-30 0.0 atgs",
        "winLossSplits": "0% - 0%",
        "awayHome": "A",
        "playedYesterday": "Y",
        "awayHomeSplits": "0% - 0%",
        "savesAboveExp": 0.141,
        "gsaa": -4.0,
        "corsi": "50.9% (59.6) // 52.4% (65.3) // 56.1% (71.1) // 57.4% (72.6)",
        "fenwick": "51.2% (43.6) // 52.8% (48.3) // 55.6% (51.0) // 57.1% (53.0)",
        "shots": "52.0% (31.0) // 52.2% (32.4) // 54.5% (33.9) // 53.4% (34.4)",
        "scoring": "50.6% (28.0) // 52.6% (30.7) // 56.0% (33.6) // 55.8% (32.9)",
        "corsiAgainst": "49.1% (57.4) // 47.6% (59.3) // 43.9% (55.6) // 42.6% (54.0)",
        "fenwickAgainst": "48.8% (41.6) // 47.2% (43.2) // 44.4% (40.8) // 42.9% (39.8)",
        "shotsAgainst": "48.0% (28.6) // 47.8% (29.6) // 45.5% (28.3) // 46.6% (29.9)",
        "scoringAgainst": "49.4% (27.3) // 47.4% (27.6) // 44.0% (26.3) // 44.2% (26.0)",
        "oppCorsi": "50.8% (60.9) // 49.5% (58.8) // 51.4% (57.8) // 48.0% (58.5)",
        "oppFenwick": "50.8% (43.6) // 48.8% (42.4) // 52.6% (44.3) // 50.0% (46.0)",
        "oppShots": "50.1% (29.8) // 48.1% (28.5) // 54.5% (31.1) // 52.8% (33.5)",
        "oppScoring": "51.7% (30.1) // 51.0% (29.8) // 56.0% (29.9) // 47.5% (29.0)",
        "oppCorsiAgainst": "49.2% (59.1) // 50.5% (59.9) // 48.6% (54.6) // 52.0% (63.5)",
        "oppFenwickAgainst": "49.2% (42.3) // 51.2% (44.5) // 47.4% (39.9) // 50.0% (46.0)",
        "oppShotsAgainst": "49.9% (29.7) // 51.9% (30.7) // 45.5% (26.0) // 47.2% (30.0)",
        "oppScoringAgainst": "48.3% (28.2) // 49.0% (28.6) // 44.0% (23.5) // 52.5% (32.0)",
        "totalOver": 0,
        "totalOverLast5": 0,
        "totalOverLast15": 0,
        "lastTotalOver": 0,
        "last5": "0,0,0,0,0,0,0,0,0,0",
        "fd": "0",
        "dk": "+295",
        "kambi": "295",
        "lowest": "295 DK",
        "implied": 25.31645569620253,
        "overOdds": "+295",
        "underOdds": "0",
        "overUnder": "+295 / 0"
    },
    {
        "player": "Brock Faber",
        "team": "MIN",
        "opponent": "WPG",
        "propType": "ast",
        "line": 0.5,
        "ppLine": "PP2",
        "avg": 0.41,
        "hit": false,
        "diffAvg": -0.18,
        "diffAbs": 1.0,
        "lastAvg": 0,
        "diff": 0,
        "avgMin": 24,
        "proj": 0.0,
        "lastAvgMin": 0,
        "oppOver": 0,
        "teamOver": 0,
        "gameLine": "-102",
        "+/-": "+11",
        "L5_+/-": "+6.0",
        "prevMatchup": "2023-12-30 0.0 ast",
        "winLossSplits": "31% - 39%",
        "awayHome": "H",
        "playedYesterday": "Y",
        "awayHomeSplits": "44% - 25%",
        "savesAboveExp": "-",
        "gsaa": 1.87,
        "corsi": "50.8% (60.9) // 49.5% (58.8) // 51.4% (57.8) // 48.0% (58.5)",
        "fenwick": "50.8% (43.6) // 48.8% (42.4) // 52.6% (44.3) // 50.0% (46.0)",
        "shots": "50.1% (29.8) // 48.1% (28.5) // 54.5% (31.1) // 52.8% (33.5)",
        "scoring": "51.7% (30.1) // 51.0% (29.8) // 56.0% (29.9) // 47.5% (29.0)",
        "corsiAgainst": "49.2% (59.1) // 50.5% (59.9) // 48.6% (54.6) // 52.0% (63.5)",
        "fenwickAgainst": "49.2% (42.3) // 51.2% (44.5) // 47.4% (39.9) // 50.0% (46.0)",
        "shotsAgainst": "49.9% (29.7) // 51.9% (30.7) // 45.5% (26.0) // 47.2% (30.0)",
        "scoringAgainst": "48.3% (28.2) // 49.0% (28.6) // 44.0% (23.5) // 52.5% (32.0)",
        "oppCorsi": "50.9% (59.6) // 52.4% (65.3) // 56.1% (71.1) // 57.4% (72.6)",
        "oppFenwick": "51.2% (43.6) // 52.8% (48.3) // 55.6% (51.0) // 57.1% (53.0)",
        "oppShots": "52.0% (31.0) // 52.2% (32.4) // 54.5% (33.9) // 53.4% (34.4)",
        "oppScoring": "50.6% (28.0) // 52.6% (30.7) // 56.0% (33.6) // 55.8% (32.9)",
        "oppCorsiAgainst": "49.1% (57.4) // 47.6% (59.3) // 43.9% (55.6) // 42.6% (54.0)",
        "oppFenwickAgainst": "48.8% (41.6) // 47.2% (43.2) // 44.4% (40.8) // 42.9% (39.8)",
        "oppShotsAgainst": "48.0% (28.6) // 47.8% (29.6) // 45.5% (28.3) // 46.6% (29.9)",
        "oppScoringAgainst": "49.4% (27.3) // 47.4% (27.6) // 44.0% (26.3) // 44.2% (26.0)",
        "totalOver": 35,
        "totalOverLast5": 40,
        "totalOverLast15": 33,
        "lastTotalOver": 0,
        "last5": "0,0,0,1,1,1,0,0,0,2",
        "fd": "0",
        "dk": "+170/-220",
        "kambi": "0",
        "lowest": "170 DK",
        "implied": 37.03703703703704,
        "overOdds": "+170",
        "underOdds": "-220",
        "overUnder": "+170 / -220"
    },
    {
        "player": "Brock Faber",
        "team": "MIN",
        "opponent": "WPG",
        "propType": "pts",
        "line": 0.5,
        "ppLine": "PP2",
        "avg": 0.47,
        "hit": false,
        "diffAvg": -0.06,
        "diffAbs": 1.0,
        "lastAvg": 0,
        "diff": 0,
        "avgMin": 24,
        "proj": 0.0,
        "lastAvgMin": 0,
        "oppOver": 0,
        "teamOver": 0,
        "gameLine": "-102",
        "+/-": "+11",
        "L5_+/-": "+6.0",
        "prevMatchup": "2023-12-30 0.0 pts",
        "winLossSplits": "38% - 39%",
        "awayHome": "H",
        "playedYesterday": "Y",
        "awayHomeSplits": "44% - 31%",
        "savesAboveExp": "-",
        "gsaa": 1.87,
        "corsi": "50.8% (60.9) // 49.5% (58.8) // 51.4% (57.8) // 48.0% (58.5)",
        "fenwick": "50.8% (43.6) // 48.8% (42.4) // 52.6% (44.3) // 50.0% (46.0)",
        "shots": "50.1% (29.8) // 48.1% (28.5) // 54.5% (31.1) // 52.8% (33.5)",
        "scoring": "51.7% (30.1) // 51.0% (29.8) // 56.0% (29.9) // 47.5% (29.0)",
        "corsiAgainst": "49.2% (59.1) // 50.5% (59.9) // 48.6% (54.6) // 52.0% (63.5)",
        "fenwickAgainst": "49.2% (42.3) // 51.2% (44.5) // 47.4% (39.9) // 50.0% (46.0)",
        "shotsAgainst": "49.9% (29.7) // 51.9% (30.7) // 45.5% (26.0) // 47.2% (30.0)",
        "scoringAgainst": "48.3% (28.2) // 49.0% (28.6) // 44.0% (23.5) // 52.5% (32.0)",
        "oppCorsi": "50.9% (59.6) // 52.4% (65.3) // 56.1% (71.1) // 57.4% (72.6)",
        "oppFenwick": "51.2% (43.6) // 52.8% (48.3) // 55.6% (51.0) // 57.1% (53.0)",
        "oppShots": "52.0% (31.0) // 52.2% (32.4) // 54.5% (33.9) // 53.4% (34.4)",
        "oppScoring": "50.6% (28.0) // 52.6% (30.7) // 56.0% (33.6) // 55.8% (32.9)",
        "oppCorsiAgainst": "49.1% (57.4) // 47.6% (59.3) // 43.9% (55.6) // 42.6% (54.0)",
        "oppFenwickAgainst": "48.8% (41.6) // 47.2% (43.2) // 44.4% (40.8) // 42.9% (39.8)",
        "oppShotsAgainst": "48.0% (28.6) // 47.8% (29.6) // 45.5% (28.3) // 46.6% (29.9)",
        "oppScoringAgainst": "49.4% (27.3) // 47.4% (27.6) // 44.0% (26.3) // 44.2% (26.0)",
        "totalOver": 38,
        "totalOverLast5": 40,
        "totalOverLast15": 33,
        "lastTotalOver": 0,
        "last5": "0,0,0,2,1,1,0,0,0,2",
        "fd": "0",
        "dk": "+130/-166",
        "kambi": "125/-165",
        "lowest": "130 DK",
        "implied": 43.47826086956522,
        "overOdds": "+130",
        "underOdds": "-166",
        "overUnder": "+130 / -166"
    },
    {
        "player": "Brock Faber",
        "team": "MIN",
        "opponent": "WPG",
        "propType": "sog",
        "line": 1.5,
        "ppLine": "PP2",
        "avg": 1.29,
        "hit": false,
        "diffAvg": -0.14,
        "diffAbs": 1.0,
        "lastAvg": 0,
        "diff": 0,
        "avgMin": 24,
        "proj": 0.0,
        "lastAvgMin": 0,
        "oppOver": 0,
        "teamOver": 0,
        "gameLine": "-102",
        "+/-": "+11",
        "L5_+/-": "+6.0",
        "prevMatchup": "2023-12-30 0.0 sog",
        "winLossSplits": "38% - 44%",
        "awayHome": "H",
        "playedYesterday": "Y",
        "awayHomeSplits": "39% - 44%",
        "savesAboveExp": "-",
        "gsaa": 1.87,
        "corsi": "50.8% (60.9) // 49.5% (58.8) // 51.4% (57.8) // 48.0% (58.5)",
        "fenwick": "50.8% (43.6) // 48.8% (42.4) // 52.6% (44.3) // 50.0% (46.0)",
        "shots": "50.1% (29.8) // 48.1% (28.5) // 54.5% (31.1) // 52.8% (33.5)",
        "scoring": "51.7% (30.1) // 51.0% (29.8) // 56.0% (29.9) // 47.5% (29.0)",
        "corsiAgainst": "49.2% (59.1) // 50.5% (59.9) // 48.6% (54.6) // 52.0% (63.5)",
        "fenwickAgainst": "49.2% (42.3) // 51.2% (44.5) // 47.4% (39.9) // 50.0% (46.0)",
        "shotsAgainst": "49.9% (29.7) // 51.9% (30.7) // 45.5% (26.0) // 47.2% (30.0)",
        "scoringAgainst": "48.3% (28.2) // 49.0% (28.6) // 44.0% (23.5) // 52.5% (32.0)",
        "oppCorsi": "50.9% (59.6) // 52.4% (65.3) // 56.1% (71.1) // 57.4% (72.6)",
        "oppFenwick": "51.2% (43.6) // 52.8% (48.3) // 55.6% (51.0) // 57.1% (53.0)",
        "oppShots": "52.0% (31.0) // 52.2% (32.4) // 54.5% (33.9) // 53.4% (34.4)",
        "oppScoring": "50.6% (28.0) // 52.6% (30.7) // 56.0% (33.6) // 55.8% (32.9)",
        "oppCorsiAgainst": "49.1% (57.4) // 47.6% (59.3) // 43.9% (55.6) // 42.6% (54.0)",
        "oppFenwickAgainst": "48.8% (41.6) // 47.2% (43.2) // 44.4% (40.8) // 42.9% (39.8)",
        "oppShotsAgainst": "48.0% (28.6) // 47.8% (29.6) // 45.5% (28.3) // 46.6% (29.9)",
        "oppScoringAgainst": "49.4% (27.3) // 47.4% (27.6) // 44.0% (26.3) // 44.2% (26.0)",
        "totalOver": 41,
        "totalOverLast5": 60,
        "totalOverLast15": 47,
        "lastTotalOver": 12,
        "last5": "0,2,5,2,0,2,2,1,1,0",
        "fd": "-118",
        "dk": "-125/-105",
        "kambi": "0",
        "lowest": "-118 FD",
        "implied": 54.12844036697248,
        "overOdds": "-125",
        "underOdds": "-105",
        "overUnder": "-125 / -105"
    },
    {
        "player": "Brock Faber",
        "team": "MIN",
        "opponent": "WPG",
        "propType": "atgs",
        "line": 0.5,
        "ppLine": "PP2",
        "avg": 0.0,
        "hit": false,
        "diffAvg": 0,
        "diffAbs": 1.0,
        "lastAvg": 0,
        "diff": 0,
        "avgMin": 24,
        "proj": 0.0,
        "lastAvgMin": 0,
        "oppOver": 0,
        "teamOver": 0,
        "gameLine": "-102",
        "+/-": "+11",
        "L5_+/-": "+6.0",
        "prevMatchup": "2023-12-30 0.0 atgs",
        "winLossSplits": "0% - 0%",
        "awayHome": "H",
        "playedYesterday": "Y",
        "awayHomeSplits": "0% - 0%",
        "savesAboveExp": "-",
        "gsaa": 1.87,
        "corsi": "50.8% (60.9) // 49.5% (58.8) // 51.4% (57.8) // 48.0% (58.5)",
        "fenwick": "50.8% (43.6) // 48.8% (42.4) // 52.6% (44.3) // 50.0% (46.0)",
        "shots": "50.1% (29.8) // 48.1% (28.5) // 54.5% (31.1) // 52.8% (33.5)",
        "scoring": "51.7% (30.1) // 51.0% (29.8) // 56.0% (29.9) // 47.5% (29.0)",
        "corsiAgainst": "49.2% (59.1) // 50.5% (59.9) // 48.6% (54.6) // 52.0% (63.5)",
        "fenwickAgainst": "49.2% (42.3) // 51.2% (44.5) // 47.4% (39.9) // 50.0% (46.0)",
        "shotsAgainst": "49.9% (29.7) // 51.9% (30.7) // 45.5% (26.0) // 47.2% (30.0)",
        "scoringAgainst": "48.3% (28.2) // 49.0% (28.6) // 44.0% (23.5) // 52.5% (32.0)",
        "oppCorsi": "50.9% (59.6) // 52.4% (65.3) // 56.1% (71.1) // 57.4% (72.6)",
        "oppFenwick": "51.2% (43.6) // 52.8% (48.3) // 55.6% (51.0) // 57.1% (53.0)",
        "oppShots": "52.0% (31.0) // 52.2% (32.4) // 54.5% (33.9) // 53.4% (34.4)",
        "oppScoring": "50.6% (28.0) // 52.6% (30.7) // 56.0% (33.6) // 55.8% (32.9)",
        "oppCorsiAgainst": "49.1% (57.4) // 47.6% (59.3) // 43.9% (55.6) // 42.6% (54.0)",
        "oppFenwickAgainst": "48.8% (41.6) // 47.2% (43.2) // 44.4% (40.8) // 42.9% (39.8)",
        "oppShotsAgainst": "48.0% (28.6) // 47.8% (29.6) // 45.5% (28.3) // 46.6% (29.9)",
        "oppScoringAgainst": "49.4% (27.3) // 47.4% (27.6) // 44.0% (26.3) // 44.2% (26.0)",
        "totalOver": 0,
        "totalOverLast5": 0,
        "totalOverLast15": 0,
        "lastTotalOver": 0,
        "last5": "0,0,0,0,0,0,0,0,0,0",
        "fd": "0",
        "dk": "+650",
        "kambi": "540",
        "lowest": "650 DK",
        "implied": 13.333333333333334,
        "overOdds": "+650",
        "underOdds": "0",
        "overUnder": "+650 / 0"
    },
    {
        "player": "Cole Perfetti",
        "team": "WPG",
        "opponent": "MIN",
        "propType": "ast",
        "line": 0.5,
        "ppLine": "PP2",
        "avg": 0.35,
        "hit": false,
        "diffAvg": -0.3,
        "diffAbs": 0.2,
        "lastAvg": 0.43,
        "diff": -0.14,
        "avgMin": 14,
        "proj": 0.4,
        "lastAvgMin": 14.97,
        "oppOver": 0,
        "teamOver": 0,
        "gameLine": "-118",
        "+/-": "+10",
        "L5_+/-": "+3.0",
        "prevMatchup": "2023-12-30 0.0 ast",
        "winLossSplits": "43% - 15%",
        "awayHome": "A",
        "playedYesterday": "Y",
        "awayHomeSplits": "33% - 32%",
        "savesAboveExp": 0.141,
        "gsaa": -4.0,
        "corsi": "50.9% (59.6) // 52.4% (65.3) // 56.1% (71.1) // 57.4% (72.6)",
        "fenwick": "51.2% (43.6) // 52.8% (48.3) // 55.6% (51.0) // 57.1% (53.0)",
        "shots": "52.0% (31.0) // 52.2% (32.4) // 54.5% (33.9) // 53.4% (34.4)",
        "scoring": "50.6% (28.0) // 52.6% (30.7) // 56.0% (33.6) // 55.8% (32.9)",
        "corsiAgainst": "49.1% (57.4) // 47.6% (59.3) // 43.9% (55.6) // 42.6% (54.0)",
        "fenwickAgainst": "48.8% (41.6) // 47.2% (43.2) // 44.4% (40.8) // 42.9% (39.8)",
        "shotsAgainst": "48.0% (28.6) // 47.8% (29.6) // 45.5% (28.3) // 46.6% (29.9)",
        "scoringAgainst": "49.4% (27.3) // 47.4% (27.6) // 44.0% (26.3) // 44.2% (26.0)",
        "oppCorsi": "50.8% (60.9) // 49.5% (58.8) // 51.4% (57.8) // 48.0% (58.5)",
        "oppFenwick": "50.8% (43.6) // 48.8% (42.4) // 52.6% (44.3) // 50.0% (46.0)",
        "oppShots": "50.1% (29.8) // 48.1% (28.5) // 54.5% (31.1) // 52.8% (33.5)",
        "oppScoring": "51.7% (30.1) // 51.0% (29.8) // 56.0% (29.9) // 47.5% (29.0)",
        "oppCorsiAgainst": "49.2% (59.1) // 50.5% (59.9) // 48.6% (54.6) // 52.0% (63.5)",
        "oppFenwickAgainst": "49.2% (42.3) // 51.2% (44.5) // 47.4% (39.9) // 50.0% (46.0)",
        "oppShotsAgainst": "49.9% (29.7) // 51.9% (30.7) // 45.5% (26.0) // 47.2% (30.0)",
        "oppScoringAgainst": "48.3% (28.2) // 49.0% (28.6) // 44.0% (23.5) // 52.5% (32.0)",
        "totalOver": 32,
        "totalOverLast5": 40,
        "totalOverLast15": 13,
        "lastTotalOver": 36,
        "last5": "0,0,1,1,0,0,0,0,0,0",
        "fd": "0",
        "dk": "+240/-330",
        "kambi": "0",
        "lowest": "240 DK",
        "implied": 29.411764705882355,
        "overOdds": "+240",
        "underOdds": "-330",
        "overUnder": "+240 / -330"
    },
    {
        "player": "Cole Perfetti",
        "team": "WPG",
        "opponent": "MIN",
        "propType": "pts",
        "line": 0.5,
        "ppLine": "PP2",
        "avg": 0.65,
        "hit": false,
        "diffAvg": 0.3,
        "diffAbs": 0.2,
        "lastAvg": 0.59,
        "diff": 0.18,
        "avgMin": 14,
        "proj": 0.6,
        "lastAvgMin": 14.97,
        "oppOver": 0,
        "teamOver": 0,
        "gameLine": "-118",
        "+/-": "+10",
        "L5_+/-": "+3.0",
        "prevMatchup": "2023-12-30 0.0 pts",
        "winLossSplits": "62% - 54%",
        "awayHome": "A",
        "playedYesterday": "Y",
        "awayHomeSplits": "47% - 68%",
        "savesAboveExp": 0.141,
        "gsaa": -4.0,
        "corsi": "50.9% (59.6) // 52.4% (65.3) // 56.1% (71.1) // 57.4% (72.6)",
        "fenwick": "51.2% (43.6) // 52.8% (48.3) // 55.6% (51.0) // 57.1% (53.0)",
        "shots": "52.0% (31.0) // 52.2% (32.4) // 54.5% (33.9) // 53.4% (34.4)",
        "scoring": "50.6% (28.0) // 52.6% (30.7) // 56.0% (33.6) // 55.8% (32.9)",
        "corsiAgainst": "49.1% (57.4) // 47.6% (59.3) // 43.9% (55.6) // 42.6% (54.0)",
        "fenwickAgainst": "48.8% (41.6) // 47.2% (43.2) // 44.4% (40.8) // 42.9% (39.8)",
        "shotsAgainst": "48.0% (28.6) // 47.8% (29.6) // 45.5% (28.3) // 46.6% (29.9)",
        "scoringAgainst": "49.4% (27.3) // 47.4% (27.6) // 44.0% (26.3) // 44.2% (26.0)",
        "oppCorsi": "50.8% (60.9) // 49.5% (58.8) // 51.4% (57.8) // 48.0% (58.5)",
        "oppFenwick": "50.8% (43.6) // 48.8% (42.4) // 52.6% (44.3) // 50.0% (46.0)",
        "oppShots": "50.1% (29.8) // 48.1% (28.5) // 54.5% (31.1) // 52.8% (33.5)",
        "oppScoring": "51.7% (30.1) // 51.0% (29.8) // 56.0% (29.9) // 47.5% (29.0)",
        "oppCorsiAgainst": "49.2% (59.1) // 50.5% (59.9) // 48.6% (54.6) // 52.0% (63.5)",
        "oppFenwickAgainst": "49.2% (42.3) // 51.2% (44.5) // 47.4% (39.9) // 50.0% (46.0)",
        "oppShotsAgainst": "49.9% (29.7) // 51.9% (30.7) // 45.5% (26.0) // 47.2% (30.0)",
        "oppScoringAgainst": "48.3% (28.2) // 49.0% (28.6) // 44.0% (23.5) // 52.5% (32.0)",
        "totalOver": 59,
        "totalOverLast5": 60,
        "totalOverLast15": 33,
        "lastTotalOver": 50,
        "last5": "0,0,1,1,1,0,0,0,0,0",
        "fd": "0",
        "dk": "+120/-150",
        "kambi": "112/-148",
        "lowest": "120 DK",
        "implied": 45.45454545454545,
        "overOdds": "+120",
        "underOdds": "-150",
        "overUnder": "+120 / -150"
    },
    {
        "player": "Cole Perfetti",
        "team": "WPG",
        "opponent": "MIN",
        "propType": "sog",
        "line": 1.5,
        "ppLine": "PP2",
        "avg": 2.32,
        "hit": false,
        "diffAvg": 0.55,
        "diffAbs": 0.13,
        "lastAvg": 1.76,
        "diff": 0.17,
        "avgMin": 14,
        "proj": 1.7,
        "lastAvgMin": 14.97,
        "oppOver": 0,
        "teamOver": 0,
        "gameLine": "-118",
        "+/-": "+10",
        "L5_+/-": "+3.0",
        "prevMatchup": "2023-12-30 6.0 sog",
        "winLossSplits": "62% - 85%",
        "awayHome": "A",
        "playedYesterday": "Y",
        "awayHomeSplits": "60% - 79%",
        "savesAboveExp": 0.141,
        "gsaa": -4.0,
        "corsi": "50.9% (59.6) // 52.4% (65.3) // 56.1% (71.1) // 57.4% (72.6)",
        "fenwick": "51.2% (43.6) // 52.8% (48.3) // 55.6% (51.0) // 57.1% (53.0)",
        "shots": "52.0% (31.0) // 52.2% (32.4) // 54.5% (33.9) // 53.4% (34.4)",
        "scoring": "50.6% (28.0) // 52.6% (30.7) // 56.0% (33.6) // 55.8% (32.9)",
        "corsiAgainst": "49.1% (57.4) // 47.6% (59.3) // 43.9% (55.6) // 42.6% (54.0)",
        "fenwickAgainst": "48.8% (41.6) // 47.2% (43.2) // 44.4% (40.8) // 42.9% (39.8)",
        "shotsAgainst": "48.0% (28.6) // 47.8% (29.6) // 45.5% (28.3) // 46.6% (29.9)",
        "scoringAgainst": "49.4% (27.3) // 47.4% (27.6) // 44.0% (26.3) // 44.2% (26.0)",
        "oppCorsi": "50.8% (60.9) // 49.5% (58.8) // 51.4% (57.8) // 48.0% (58.5)",
        "oppFenwick": "50.8% (43.6) // 48.8% (42.4) // 52.6% (44.3) // 50.0% (46.0)",
        "oppShots": "50.1% (29.8) // 48.1% (28.5) // 54.5% (31.1) // 52.8% (33.5)",
        "oppScoring": "51.7% (30.1) // 51.0% (29.8) // 56.0% (29.9) // 47.5% (29.0)",
        "oppCorsiAgainst": "49.2% (59.1) // 50.5% (59.9) // 48.6% (54.6) // 52.0% (63.5)",
        "oppFenwickAgainst": "49.2% (42.3) // 51.2% (44.5) // 47.4% (39.9) // 50.0% (46.0)",
        "oppShotsAgainst": "49.9% (29.7) // 51.9% (30.7) // 45.5% (26.0) // 47.2% (30.0)",
        "oppScoringAgainst": "48.3% (28.2) // 49.0% (28.6) // 44.0% (23.5) // 52.5% (32.0)",
        "totalOver": 71,
        "totalOverLast5": 100,
        "totalOverLast15": 73,
        "lastTotalOver": 50,
        "last5": "6,4,2,4,2,2,1,5,2,3",
        "fd": "-220",
        "dk": "-195/+150",
        "kambi": "0",
        "lowest": "-195 DK",
        "implied": 66.10169491525424,
        "overOdds": "-195",
        "underOdds": "+150",
        "overUnder": "-195 / +150"
    },
    {
        "player": "Cole Perfetti",
        "team": "WPG",
        "opponent": "MIN",
        "propType": "atgs",
        "line": 0.5,
        "ppLine": "PP2",
        "avg": 0.0,
        "hit": false,
        "diffAvg": 0,
        "diffAbs": 1.0,
        "lastAvg": 0.0,
        "diff": 0,
        "avgMin": 14,
        "proj": 0.0,
        "lastAvgMin": 14.97,
        "oppOver": 0,
        "teamOver": 0,
        "gameLine": "-118",
        "+/-": "+10",
        "L5_+/-": "+3.0",
        "prevMatchup": "2023-12-30 0.0 atgs",
        "winLossSplits": "0% - 0%",
        "awayHome": "A",
        "playedYesterday": "Y",
        "awayHomeSplits": "0% - 0%",
        "savesAboveExp": 0.141,
        "gsaa": -4.0,
        "corsi": "50.9% (59.6) // 52.4% (65.3) // 56.1% (71.1) // 57.4% (72.6)",
        "fenwick": "51.2% (43.6) // 52.8% (48.3) // 55.6% (51.0) // 57.1% (53.0)",
        "shots": "52.0% (31.0) // 52.2% (32.4) // 54.5% (33.9) // 53.4% (34.4)",
        "scoring": "50.6% (28.0) // 52.6% (30.7) // 56.0% (33.6) // 55.8% (32.9)",
        "corsiAgainst": "49.1% (57.4) // 47.6% (59.3) // 43.9% (55.6) // 42.6% (54.0)",
        "fenwickAgainst": "48.8% (41.6) // 47.2% (43.2) // 44.4% (40.8) // 42.9% (39.8)",
        "shotsAgainst": "48.0% (28.6) // 47.8% (29.6) // 45.5% (28.3) // 46.6% (29.9)",
        "scoringAgainst": "49.4% (27.3) // 47.4% (27.6) // 44.0% (26.3) // 44.2% (26.0)",
        "oppCorsi": "50.8% (60.9) // 49.5% (58.8) // 51.4% (57.8) // 48.0% (58.5)",
        "oppFenwick": "50.8% (43.6) // 48.8% (42.4) // 52.6% (44.3) // 50.0% (46.0)",
        "oppShots": "50.1% (29.8) // 48.1% (28.5) // 54.5% (31.1) // 52.8% (33.5)",
        "oppScoring": "51.7% (30.1) // 51.0% (29.8) // 56.0% (29.9) // 47.5% (29.0)",
        "oppCorsiAgainst": "49.2% (59.1) // 50.5% (59.9) // 48.6% (54.6) // 52.0% (63.5)",
        "oppFenwickAgainst": "49.2% (42.3) // 51.2% (44.5) // 47.4% (39.9) // 50.0% (46.0)",
        "oppShotsAgainst": "49.9% (29.7) // 51.9% (30.7) // 45.5% (26.0) // 47.2% (30.0)",
        "oppScoringAgainst": "48.3% (28.2) // 49.0% (28.6) // 44.0% (23.5) // 52.5% (32.0)",
        "totalOver": 0,
        "totalOverLast5": 0,
        "totalOverLast15": 0,
        "lastTotalOver": 0,
        "last5": "0,0,0,0,0,0,0,0,0,0",
        "fd": "0",
        "dk": "+260",
        "kambi": "230",
        "lowest": "260 DK",
        "implied": 27.77777777777778,
        "overOdds": "+260",
        "underOdds": "0",
        "overUnder": "+260 / 0"
    },
    {
        "player": "Gabriel Vilardi",
        "team": "WPG",
        "opponent": "MIN",
        "propType": "ast",
        "line": 0.5,
        "ppLine": "PP1",
        "avg": 0.5,
        "hit": false,
        "diffAvg": 0.0,
        "diffAbs": 0.4,
        "lastAvg": 0.26,
        "diff": -0.48,
        "avgMin": 16,
        "proj": 0.3,
        "lastAvgMin": 15.6,
        "oppOver": 0,
        "teamOver": 0,
        "gameLine": "-118",
        "+/-": "+12",
        "L5_+/-": "+12.0",
        "prevMatchup": "2023-12-30 0.0 ast",
        "winLossSplits": "50% - 0%",
        "awayHome": "A",
        "playedYesterday": "Y",
        "awayHomeSplits": "17% - 40%",
        "savesAboveExp": 0.141,
        "gsaa": -4.0,
        "corsi": "50.9% (59.6) // 52.4% (65.3) // 56.1% (71.1) // 57.4% (72.6)",
        "fenwick": "51.2% (43.6) // 52.8% (48.3) // 55.6% (51.0) // 57.1% (53.0)",
        "shots": "52.0% (31.0) // 52.2% (32.4) // 54.5% (33.9) // 53.4% (34.4)",
        "scoring": "50.6% (28.0) // 52.6% (30.7) // 56.0% (33.6) // 55.8% (32.9)",
        "corsiAgainst": "49.1% (57.4) // 47.6% (59.3) // 43.9% (55.6) // 42.6% (54.0)",
        "fenwickAgainst": "48.8% (41.6) // 47.2% (43.2) // 44.4% (40.8) // 42.9% (39.8)",
        "shotsAgainst": "48.0% (28.6) // 47.8% (29.6) // 45.5% (28.3) // 46.6% (29.9)",
        "scoringAgainst": "49.4% (27.3) // 47.4% (27.6) // 44.0% (26.3) // 44.2% (26.0)",
        "oppCorsi": "50.8% (60.9) // 49.5% (58.8) // 51.4% (57.8) // 48.0% (58.5)",
        "oppFenwick": "50.8% (43.6) // 48.8% (42.4) // 52.6% (44.3) // 50.0% (46.0)",
        "oppShots": "50.1% (29.8) // 48.1% (28.5) // 54.5% (31.1) // 52.8% (33.5)",
        "oppScoring": "51.7% (30.1) // 51.0% (29.8) // 56.0% (29.9) // 47.5% (29.0)",
        "oppCorsiAgainst": "49.2% (59.1) // 50.5% (59.9) // 48.6% (54.6) // 52.0% (63.5)",
        "oppFenwickAgainst": "49.2% (42.3) // 51.2% (44.5) // 47.4% (39.9) // 50.0% (46.0)",
        "oppShotsAgainst": "49.9% (29.7) // 51.9% (30.7) // 45.5% (26.0) // 47.2% (30.0)",
        "oppScoringAgainst": "48.3% (28.2) // 49.0% (28.6) // 44.0% (23.5) // 52.5% (32.0)",
        "totalOver": 31,
        "totalOverLast5": 40,
        "totalOverLast15": 27,
        "lastTotalOver": 25,
        "last5": "0,0,1,2,0,0,3,0,0,0",
        "fd": "+172",
        "dk": "+190/-250",
        "kambi": "0",
        "lowest": "190 DK",
        "implied": 34.48275862068966,
        "overOdds": "+190",
        "underOdds": "-250",
        "overUnder": "+190 / -250"
