[
    {
        "player": "Connor Hellebuyck",
        "team": "WPG",
        "opponent": "MIN",
        "propType": "saves",
        "line": 25.5,
        "ppLine": "",
        "avg": 26.32,
        "hit": false,
        "diffAvg": 0.03,
        "diffAbs": 0.02,
        "lastAvg": 25.45,
        "diff": -0.0,
        "avgMin": 60,
        "proj": 25.9,
        "lastAvgMin": 59.02,
        "oppOver": 0,
        "teamOver": 48,
        "gameLine": "-148",
        "+/-": 0,
        "L5_+/-": 0,
        "prevMatchup": "",
        "winLossSplits": "62% - 22%",
        "awayHome": "H",
        "playedYesterday": "N",
        "awayHomeSplits": "50% - 46%",
        "savesAboveExp": 0.641,
        "gsaa": 10.7,
        "corsi": "50.9% (59.4) // 50.4% (63.0) // 55.8% (71.4) // 64.6% (79.0)",
        "fenwick": "51.2% (43.5) // 50.7% (46.7) // 57.2% (53.7) // 64.5% (57.8)",
        "shots": "52.2% (31.0) // 50.9% (31.4) // 59.0% (36.9) // 60.3% (36.6)",
        "scoring": "50.6% (27.9) // 51.5% (30.0) // 55.0% (32.6) // 63.2% (34.7)",
        "corsiAgainst": "49.1% (57.2) // 49.6% (61.9) // 44.2% (56.6) // 35.4% (43.4)",
        "fenwickAgainst": "48.8% (41.4) // 49.3% (45.4) // 42.8% (40.2) // 35.5% (31.8)",
        "shotsAgainst": "47.8% (28.4) // 49.1% (30.3) // 41.0% (25.7) // 39.7% (24.1)",
        "scoringAgainst": "49.4% (27.2) // 48.5% (28.2) // 45.0% (26.7) // 36.8% (20.2)",
        "oppCorsi": "50.8% (60.8) // 50.4% (58.9) // 52.1% (55.5) // 46.0% (52.0)",
        "oppFenwick": "50.8% (43.5) // 49.1% (41.6) // 53.6% (43.2) // 50.0% (44.0)",
        "oppShots": "50.0% (29.6) // 48.5% (27.5) // 55.1% (29.5) // 52.5% (31.0)",
        "oppScoring": "51.7% (30.1) // 51.6% (30.0) // 58.1% (29.2) // 44.1% (26.0)",
        "oppCorsiAgainst": "49.2% (58.9) // 49.6% (58.1) // 47.9% (50.9) // 54.0% (61.0)",
        "oppFenwickAgainst": "49.2% (42.2) // 50.9% (43.1) // 46.4% (37.3) // 50.0% (44.0)",
        "oppShotsAgainst": "50.0% (29.6) // 51.5% (29.2) // 44.9% (24.0) // 47.5% (28.0)",
        "oppScoringAgainst": "48.3% (28.1) // 48.4% (28.2) // 41.9% (21.1) // 55.9% (33.0)",
        "totalOver": 48,
        "totalOverLast5": 40,
        "totalOverLast15": 53,
        "lastTotalOver": 60,
        "last5": "23,24,23,30,32,25,32,20,36,19",
        "fd": "0",
        "dk": "-110/-120",
        "implied": 52.38095238095239,
        "overOdds": "-110",
        "underOdds": "-120",
        "overUnder": "-110 / -120"
    },
    {
        "player": "Filip Gustavsson",
        "team": "MIN",
        "opponent": "WPG",
        "propType": "saves",
        "line": 27.5,
        "ppLine": "",
        "avg": 26.43,
        "hit": false,
        "diffAvg": -0.04,
        "diffAbs": 0.12,
        "lastAvg": 24.82,
        "diff": -0.1,
        "avgMin": 58,
        "proj": 24.3,
        "lastAvgMin": 59.25,
        "oppOver": 0,
        "teamOver": 39,
        "gameLine": "+124",
        "+/-": 0,
        "L5_+/-": 0,
        "prevMatchup": "",
        "winLossSplits": "36% - 40%",
        "awayHome": "A",
        "playedYesterday": "N",
        "awayHomeSplits": "30% - 45%",
        "savesAboveExp": 0.594,
        "gsaa": 0.77,
        "corsi": "50.8% (60.8) // 50.4% (58.9) // 52.1% (55.5) // 46.0% (52.0)",
        "fenwick": "50.8% (43.5) // 49.1% (41.6) // 53.6% (43.2) // 50.0% (44.0)",
        "shots": "50.0% (29.6) // 48.5% (27.5) // 55.1% (29.5) // 52.5% (31.0)",
        "scoring": "51.7% (30.1) // 51.6% (30.0) // 58.1% (29.2) // 44.1% (26.0)",
        "corsiAgainst": "49.2% (58.9) // 49.6% (58.1) // 47.9% (50.9) // 54.0% (61.0)",
        "fenwickAgainst": "49.2% (42.2) // 50.9% (43.1) // 46.4% (37.3) // 50.0% (44.0)",
        "shotsAgainst": "50.0% (29.6) // 51.5% (29.2) // 44.9% (24.0) // 47.5% (28.0)",
        "scoringAgainst": "48.3% (28.1) // 48.4% (28.2) // 41.9% (21.1) // 55.9% (33.0)",
        "oppCorsi": "50.9% (59.4) // 50.4% (63.0) // 55.8% (71.4) // 64.6% (79.0)",
        "oppFenwick": "51.2% (43.5) // 50.7% (46.7) // 57.2% (53.7) // 64.5% (57.8)",
        "oppShots": "52.2% (31.0) // 50.9% (31.4) // 59.0% (36.9) // 60.3% (36.6)",
        "oppScoring": "50.6% (27.9) // 51.5% (30.0) // 55.0% (32.6) // 63.2% (34.7)",
        "oppCorsiAgainst": "49.1% (57.2) // 49.6% (61.9) // 44.2% (56.6) // 35.4% (43.4)",
        "oppFenwickAgainst": "48.8% (41.4) // 49.3% (45.4) // 42.8% (40.2) // 35.5% (31.8)",
        "oppShotsAgainst": "47.8% (28.4) // 49.1% (30.3) // 41.0% (25.7) // 39.7% (24.1)",
        "oppScoringAgainst": "49.4% (27.2) // 48.5% (28.2) // 45.0% (26.7) // 36.8% (20.2)",
        "totalOver": 38,
        "totalOverLast5": 40,
        "totalOverLast15": 27,
        "lastTotalOver": 42,
        "last5": "25,22,26,35,35,24,15,28,26,23",
        "fd": "0",
        "dk": "-110/-120",
        "implied": 52.38095238095239,
        "overOdds": "-110",
        "underOdds": "-120",
        "overUnder": "-110 / -120"
    },
    {
        "player": "Adam Lowry",
        "team": "WPG",
        "opponent": "MIN",
        "propType": "ast",
        "line": 0.5,
        "ppLine": "",
        "avg": 0.27,
        "hit": false,
        "diffAvg": -0.46,
        "diffAbs": 0.4,
        "lastAvg": 0.26,
        "diff": -0.48,
        "avgMin": 15,
        "proj": 0.3,
        "lastAvgMin": 15.63,
        "oppOver": 0,
        "teamOver": 0,
        "gameLine": "-148",
        "+/-": "+8",
        "L5_+/-": 0.0,
        "prevMatchup": "",
        "winLossSplits": "35% - 8%",
        "awayHome": "H",
        "playedYesterday": "N",
        "awayHomeSplits": "20% - 28%",
        "savesAboveExp": 0.594,
        "gsaa": 0.77,
        "corsi": "50.9% (59.4) // 50.4% (63.0) // 55.8% (71.4) // 64.6% (79.0)",
        "fenwick": "51.2% (43.5) // 50.7% (46.7) // 57.2% (53.7) // 64.5% (57.8)",
        "shots": "52.2% (31.0) // 50.9% (31.4) // 59.0% (36.9) // 60.3% (36.6)",
        "scoring": "50.6% (27.9) // 51.5% (30.0) // 55.0% (32.6) // 63.2% (34.7)",
        "corsiAgainst": "49.1% (57.2) // 49.6% (61.9) // 44.2% (56.6) // 35.4% (43.4)",
        "fenwickAgainst": "48.8% (41.4) // 49.3% (45.4) // 42.8% (40.2) // 35.5% (31.8)",
        "shotsAgainst": "47.8% (28.4) // 49.1% (30.3) // 41.0% (25.7) // 39.7% (24.1)",
        "scoringAgainst": "49.4% (27.2) // 48.5% (28.2) // 45.0% (26.7) // 36.8% (20.2)",
        "oppCorsi": "50.8% (60.8) // 50.4% (58.9) // 52.1% (55.5) // 46.0% (52.0)",
        "oppFenwick": "50.8% (43.5) // 49.1% (41.6) // 53.6% (43.2) // 50.0% (44.0)",
        "oppShots": "50.0% (29.6) // 48.5% (27.5) // 55.1% (29.5) // 52.5% (31.0)",
        "oppScoring": "51.7% (30.1) // 51.6% (30.0) // 58.1% (29.2) // 44.1% (26.0)",
        "oppCorsiAgainst": "49.2% (58.9) // 49.6% (58.1) // 47.9% (50.9) // 54.0% (61.0)",
        "oppFenwickAgainst": "49.2% (42.2) // 50.9% (43.1) // 46.4% (37.3) // 50.0% (44.0)",
        "oppShotsAgainst": "50.0% (29.6) // 51.5% (29.2) // 44.9% (24.0) // 47.5% (28.0)",
        "oppScoringAgainst": "48.3% (28.1) // 48.4% (28.2) // 41.9% (21.1) // 55.9% (33.0)",
        "totalOver": 24,
        "totalOverLast5": 0,
        "totalOverLast15": 0,
        "lastTotalOver": 26,
        "last5": "0,0,0,0,0,0,0,0,0,0",
        "fd": "0",
        "dk": "+230/-315",
        "implied": 30.303030303030305,
        "overOdds": "+230",
        "underOdds": "-315",
        "overUnder": "+230 / -315"
    },
    {
        "player": "Adam Lowry",
        "team": "WPG",
        "opponent": "MIN",
        "propType": "pts",
        "line": 0.5,
        "ppLine": "",
        "avg": 0.45,
        "hit": false,
        "diffAvg": -0.1,
        "diffAbs": 0.2,
        "lastAvg": 0.41,
        "diff": -0.18,
        "avgMin": 15,
        "proj": 0.4,
        "lastAvgMin": 15.63,
        "oppOver": 0,
        "teamOver": 0,
        "gameLine": "-148",
        "+/-": "+8",
        "L5_+/-": 0.0,
        "prevMatchup": "",
        "winLossSplits": "55% - 15%",
        "awayHome": "H",
        "playedYesterday": "N",
        "awayHomeSplits": "47% - 33%",
        "savesAboveExp": 0.594,
        "gsaa": 0.77,
        "corsi": "50.9% (59.4) // 50.4% (63.0) // 55.8% (71.4) // 64.6% (79.0)",
        "fenwick": "51.2% (43.5) // 50.7% (46.7) // 57.2% (53.7) // 64.5% (57.8)",
        "shots": "52.2% (31.0) // 50.9% (31.4) // 59.0% (36.9) // 60.3% (36.6)",
        "scoring": "50.6% (27.9) // 51.5% (30.0) // 55.0% (32.6) // 63.2% (34.7)",
        "corsiAgainst": "49.1% (57.2) // 49.6% (61.9) // 44.2% (56.6) // 35.4% (43.4)",
        "fenwickAgainst": "48.8% (41.4) // 49.3% (45.4) // 42.8% (40.2) // 35.5% (31.8)",
        "shotsAgainst": "47.8% (28.4) // 49.1% (30.3) // 41.0% (25.7) // 39.7% (24.1)",
        "scoringAgainst": "49.4% (27.2) // 48.5% (28.2) // 45.0% (26.7) // 36.8% (20.2)",
        "oppCorsi": "50.8% (60.8) // 50.4% (58.9) // 52.1% (55.5) // 46.0% (52.0)",
        "oppFenwick": "50.8% (43.5) // 49.1% (41.6) // 53.6% (43.2) // 50.0% (44.0)",
        "oppShots": "50.0% (29.6) // 48.5% (27.5) // 55.1% (29.5) // 52.5% (31.0)",
        "oppScoring": "51.7% (30.1) // 51.6% (30.0) // 58.1% (29.2) // 44.1% (26.0)",
        "oppCorsiAgainst": "49.2% (58.9) // 49.6% (58.1) // 47.9% (50.9) // 54.0% (61.0)",
        "oppFenwickAgainst": "49.2% (42.2) // 50.9% (43.1) // 46.4% (37.3) // 50.0% (44.0)",
        "oppShotsAgainst": "50.0% (29.6) // 51.5% (29.2) // 44.9% (24.0) // 47.5% (28.0)",
        "oppScoringAgainst": "48.3% (28.1) // 48.4% (28.2) // 41.9% (21.1) // 55.9% (33.0)",
        "totalOver": 39,
        "totalOverLast5": 20,
        "totalOverLast15": 13,
        "lastTotalOver": 42,
        "last5": "0,1,0,0,0,0,0,0,1,0",
        "fd": "0",
        "dk": "+145/-190",
        "implied": 40.816326530612244,
        "overOdds": "+145",
        "underOdds": "-190",
        "overUnder": "+145 / -190"
    },
    {
        "player": "Adam Lowry",
        "team": "WPG",
        "opponent": "MIN",
        "propType": "atgs",
        "line": 0.5,
        "ppLine": "",
        "avg": 0.0,
        "hit": false,
        "diffAvg": 0,
        "diffAbs": 1.0,
        "lastAvg": 0.0,
        "diff": 0,
        "avgMin": 15,
        "proj": 0.0,
        "lastAvgMin": 15.63,
        "oppOver": 0,
        "teamOver": 0,
        "gameLine": "-148",
        "+/-": "+8",
        "L5_+/-": 0.0,
        "prevMatchup": "",
        "winLossSplits": "0% - 0%",
        "awayHome": "H",
        "playedYesterday": "N",
        "awayHomeSplits": "0% - 0%",
        "savesAboveExp": 0.594,
        "gsaa": 0.77,
        "corsi": "50.9% (59.4) // 50.4% (63.0) // 55.8% (71.4) // 64.6% (79.0)",
        "fenwick": "51.2% (43.5) // 50.7% (46.7) // 57.2% (53.7) // 64.5% (57.8)",
        "shots": "52.2% (31.0) // 50.9% (31.4) // 59.0% (36.9) // 60.3% (36.6)",
        "scoring": "50.6% (27.9) // 51.5% (30.0) // 55.0% (32.6) // 63.2% (34.7)",
        "corsiAgainst": "49.1% (57.2) // 49.6% (61.9) // 44.2% (56.6) // 35.4% (43.4)",
        "fenwickAgainst": "48.8% (41.4) // 49.3% (45.4) // 42.8% (40.2) // 35.5% (31.8)",
        "shotsAgainst": "47.8% (28.4) // 49.1% (30.3) // 41.0% (25.7) // 39.7% (24.1)",
        "scoringAgainst": "49.4% (27.2) // 48.5% (28.2) // 45.0% (26.7) // 36.8% (20.2)",
        "oppCorsi": "50.8% (60.8) // 50.4% (58.9) // 52.1% (55.5) // 46.0% (52.0)",
        "oppFenwick": "50.8% (43.5) // 49.1% (41.6) // 53.6% (43.2) // 50.0% (44.0)",
        "oppShots": "50.0% (29.6) // 48.5% (27.5) // 55.1% (29.5) // 52.5% (31.0)",
        "oppScoring": "51.7% (30.1) // 51.6% (30.0) // 58.1% (29.2) // 44.1% (26.0)",
        "oppCorsiAgainst": "49.2% (58.9) // 49.6% (58.1) // 47.9% (50.9) // 54.0% (61.0)",
        "oppFenwickAgainst": "49.2% (42.2) // 50.9% (43.1) // 46.4% (37.3) // 50.0% (44.0)",
        "oppShotsAgainst": "50.0% (29.6) // 51.5% (29.2) // 44.9% (24.0) // 47.5% (28.0)",
        "oppScoringAgainst": "48.3% (28.1) // 48.4% (28.2) // 41.9% (21.1) // 55.9% (33.0)",
        "totalOver": 0,
        "totalOverLast5": 0,
        "totalOverLast15": 0,
        "lastTotalOver": 0,
        "last5": "0,0,0,0,0,0,0,0,0,0",
        "fd": "0",
        "dk": "+425",
        "implied": 19.047619047619047,
        "overOdds": "+425",
        "underOdds": "0",
        "overUnder": "+425 / 0"
    },
    {
        "player": "Alex Iafallo",
        "team": "WPG",
        "opponent": "MIN",
        "propType": "ast",
        "line": 0.5,
        "ppLine": "PP1",
        "avg": 0.3,
        "hit": false,
        "diffAvg": -0.4,
        "diffAbs": 0.4,
        "lastAvg": 0.34,
        "diff": -0.32,
        "avgMin": 16,
        "proj": 0.3,
        "lastAvgMin": 16.3,
        "oppOver": 0,
        "teamOver": 0,
        "gameLine": "-148",
        "+/-": -3,
        "L5_+/-": -1.0,
        "prevMatchup": "",
        "winLossSplits": "25% - 8%",
        "awayHome": "H",
        "playedYesterday": "N",
        "awayHomeSplits": "20% - 17%",
        "savesAboveExp": 0.594,
        "gsaa": 0.77,
        "corsi": "50.9% (59.4) // 50.4% (63.0) // 55.8% (71.4) // 64.6% (79.0)",
        "fenwick": "51.2% (43.5) // 50.7% (46.7) // 57.2% (53.7) // 64.5% (57.8)",
        "shots": "52.2% (31.0) // 50.9% (31.4) // 59.0% (36.9) // 60.3% (36.6)",
        "scoring": "50.6% (27.9) // 51.5% (30.0) // 55.0% (32.6) // 63.2% (34.7)",
        "corsiAgainst": "49.1% (57.2) // 49.6% (61.9) // 44.2% (56.6) // 35.4% (43.4)",
        "fenwickAgainst": "48.8% (41.4) // 49.3% (45.4) // 42.8% (40.2) // 35.5% (31.8)",
        "shotsAgainst": "47.8% (28.4) // 49.1% (30.3) // 41.0% (25.7) // 39.7% (24.1)",
        "scoringAgainst": "49.4% (27.2) // 48.5% (28.2) // 45.0% (26.7) // 36.8% (20.2)",
        "oppCorsi": "50.8% (60.8) // 50.4% (58.9) // 52.1% (55.5) // 46.0% (52.0)",
        "oppFenwick": "50.8% (43.5) // 49.1% (41.6) // 53.6% (43.2) // 50.0% (44.0)",
        "oppShots": "50.0% (29.6) // 48.5% (27.5) // 55.1% (29.5) // 52.5% (31.0)",
        "oppScoring": "51.7% (30.1) // 51.6% (30.0) // 58.1% (29.2) // 44.1% (26.0)",
        "oppCorsiAgainst": "49.2% (58.9) // 49.6% (58.1) // 47.9% (50.9) // 54.0% (61.0)",
        "oppFenwickAgainst": "49.2% (42.2) // 50.9% (43.1) // 46.4% (37.3) // 50.0% (44.0)",
        "oppShotsAgainst": "50.0% (29.6) // 51.5% (29.2) // 44.9% (24.0) // 47.5% (28.0)",
        "oppScoringAgainst": "48.3% (28.1) // 48.4% (28.2) // 41.9% (21.1) // 55.9% (33.0)",
        "totalOver": 18,
        "totalOverLast5": 20,
        "totalOverLast15": 7,
        "lastTotalOver": 33,
        "last5": "0,0,0,0,1,0,0,0,0,0",
        "fd": "0",
        "dk": "+240/-330",
        "implied": 29.411764705882355,
        "overOdds": "+240",
        "underOdds": "-330",
        "overUnder": "+240 / -330"
    },
    {
        "player": "Alex Iafallo",
        "team": "WPG",
        "opponent": "MIN",
        "propType": "pts",
        "line": 0.5,
        "ppLine": "PP1",
        "avg": 0.45,
        "hit": false,
        "diffAvg": -0.1,
        "diffAbs": 0.0,
        "lastAvg": 0.55,
        "diff": 0.1,
        "avgMin": 16,
        "proj": 0.5,
        "lastAvgMin": 16.3,
        "oppOver": 0,
        "teamOver": 0,
        "gameLine": "-148",
        "+/-": -3,
        "L5_+/-": -1.0,
        "prevMatchup": "",
        "winLossSplits": "25% - 23%",
        "awayHome": "H",
        "playedYesterday": "N",
        "awayHomeSplits": "27% - 22%",
        "savesAboveExp": 0.594,
        "gsaa": 0.77,
        "corsi": "50.9% (59.4) // 50.4% (63.0) // 55.8% (71.4) // 64.6% (79.0)",
        "fenwick": "51.2% (43.5) // 50.7% (46.7) // 57.2% (53.7) // 64.5% (57.8)",
        "shots": "52.2% (31.0) // 50.9% (31.4) // 59.0% (36.9) // 60.3% (36.6)",
        "scoring": "50.6% (27.9) // 51.5% (30.0) // 55.0% (32.6) // 63.2% (34.7)",
        "corsiAgainst": "49.1% (57.2) // 49.6% (61.9) // 44.2% (56.6) // 35.4% (43.4)",
        "fenwickAgainst": "48.8% (41.4) // 49.3% (45.4) // 42.8% (40.2) // 35.5% (31.8)",
        "shotsAgainst": "47.8% (28.4) // 49.1% (30.3) // 41.0% (25.7) // 39.7% (24.1)",
        "scoringAgainst": "49.4% (27.2) // 48.5% (28.2) // 45.0% (26.7) // 36.8% (20.2)",
        "oppCorsi": "50.8% (60.8) // 50.4% (58.9) // 52.1% (55.5) // 46.0% (52.0)",
        "oppFenwick": "50.8% (43.5) // 49.1% (41.6) // 53.6% (43.2) // 50.0% (44.0)",
        "oppShots": "50.0% (29.6) // 48.5% (27.5) // 55.1% (29.5) // 52.5% (31.0)",
        "oppScoring": "51.7% (30.1) // 51.6% (30.0) // 58.1% (29.2) // 44.1% (26.0)",
        "oppCorsiAgainst": "49.2% (58.9) // 49.6% (58.1) // 47.9% (50.9) // 54.0% (61.0)",
        "oppFenwickAgainst": "49.2% (42.2) // 50.9% (43.1) // 46.4% (37.3) // 50.0% (44.0)",
        "oppShotsAgainst": "50.0% (29.6) // 51.5% (29.2) // 44.9% (24.0) // 47.5% (28.0)",
        "oppScoringAgainst": "48.3% (28.1) // 48.4% (28.2) // 41.9% (21.1) // 55.9% (33.0)",
        "totalOver": 24,
        "totalOverLast5": 20,
        "totalOverLast15": 7,
        "lastTotalOver": 52,
        "last5": "0,0,0,0,2,0,0,0,0,0",
        "fd": "0",
        "dk": "+135/-175",
        "implied": 42.5531914893617,
        "overOdds": "+135",
        "underOdds": "-175",
        "overUnder": "+135 / -175"
    },
    {
        "player": "Alex Iafallo",
        "team": "WPG",
        "opponent": "MIN",
        "propType": "sog",
        "line": 1.5,
        "ppLine": "PP1",
        "avg": 1.85,
        "hit": false,
        "diffAvg": 0.23,
        "diffAbs": 0.33,
        "lastAvg": 2.05,
        "diff": 0.37,
        "avgMin": 16,
        "proj": 2.0,
        "lastAvgMin": 16.3,
        "oppOver": 0,
        "teamOver": 0,
        "gameLine": "-148",
        "+/-": -3,
        "L5_+/-": -1.0,
        "prevMatchup": "",
        "winLossSplits": "45% - 62%",
        "awayHome": "H",
        "playedYesterday": "N",
        "awayHomeSplits": "47% - 56%",
        "savesAboveExp": 0.594,
        "gsaa": 0.77,
        "corsi": "50.9% (59.4) // 50.4% (63.0) // 55.8% (71.4) // 64.6% (79.0)",
        "fenwick": "51.2% (43.5) // 50.7% (46.7) // 57.2% (53.7) // 64.5% (57.8)",
        "shots": "52.2% (31.0) // 50.9% (31.4) // 59.0% (36.9) // 60.3% (36.6)",
        "scoring": "50.6% (27.9) // 51.5% (30.0) // 55.0% (32.6) // 63.2% (34.7)",
        "corsiAgainst": "49.1% (57.2) // 49.6% (61.9) // 44.2% (56.6) // 35.4% (43.4)",
        "fenwickAgainst": "48.8% (41.4) // 49.3% (45.4) // 42.8% (40.2) // 35.5% (31.8)",
        "shotsAgainst": "47.8% (28.4) // 49.1% (30.3) // 41.0% (25.7) // 39.7% (24.1)",
        "scoringAgainst": "49.4% (27.2) // 48.5% (28.2) // 45.0% (26.7) // 36.8% (20.2)",
        "oppCorsi": "50.8% (60.8) // 50.4% (58.9) // 52.1% (55.5) // 46.0% (52.0)",
        "oppFenwick": "50.8% (43.5) // 49.1% (41.6) // 53.6% (43.2) // 50.0% (44.0)",
        "oppShots": "50.0% (29.6) // 48.5% (27.5) // 55.1% (29.5) // 52.5% (31.0)",
        "oppScoring": "51.7% (30.1) // 51.6% (30.0) // 58.1% (29.2) // 44.1% (26.0)",
        "oppCorsiAgainst": "49.2% (58.9) // 49.6% (58.1) // 47.9% (50.9) // 54.0% (61.0)",
        "oppFenwickAgainst": "49.2% (42.2) // 50.9% (43.1) // 46.4% (37.3) // 50.0% (44.0)",
        "oppShotsAgainst": "50.0% (29.6) // 51.5% (29.2) // 44.9% (24.0) // 47.5% (28.0)",
        "oppScoringAgainst": "48.3% (28.1) // 48.4% (28.2) // 41.9% (21.1) // 55.9% (33.0)",
        "totalOver": 52,
        "totalOverLast5": 60,
        "totalOverLast15": 53,
        "lastTotalOver": 70,
        "last5": "2,2,1,2,1,1,3,0,2,2",
        "fd": "0",
        "dk": "-166/+130",
        "implied": 62.40601503759399,
        "overOdds": "-166",
        "underOdds": "+130",
        "overUnder": "-166 / +130"
    },
    {
        "player": "Alex Iafallo",
        "team": "WPG",
        "opponent": "MIN",
        "propType": "atgs",
        "line": 0.5,
        "ppLine": "PP1",
        "avg": 0.0,
        "hit": false,
        "diffAvg": 0,
        "diffAbs": 1.0,
        "lastAvg": 0.0,
        "diff": 0,
        "avgMin": 16,
        "proj": 0.0,
        "lastAvgMin": 16.3,
        "oppOver": 0,
        "teamOver": 0,
        "gameLine": "-148",
        "+/-": -3,
        "L5_+/-": -1.0,
        "prevMatchup": "",
        "winLossSplits": "0% - 0%",
        "awayHome": "H",
        "playedYesterday": "N",
        "awayHomeSplits": "0% - 0%",
        "savesAboveExp": 0.594,
        "gsaa": 0.77,
        "corsi": "50.9% (59.4) // 50.4% (63.0) // 55.8% (71.4) // 64.6% (79.0)",
        "fenwick": "51.2% (43.5) // 50.7% (46.7) // 57.2% (53.7) // 64.5% (57.8)",
        "shots": "52.2% (31.0) // 50.9% (31.4) // 59.0% (36.9) // 60.3% (36.6)",
        "scoring": "50.6% (27.9) // 51.5% (30.0) // 55.0% (32.6) // 63.2% (34.7)",
        "corsiAgainst": "49.1% (57.2) // 49.6% (61.9) // 44.2% (56.6) // 35.4% (43.4)",
        "fenwickAgainst": "48.8% (41.4) // 49.3% (45.4) // 42.8% (40.2) // 35.5% (31.8)",
        "shotsAgainst": "47.8% (28.4) // 49.1% (30.3) // 41.0% (25.7) // 39.7% (24.1)",
        "scoringAgainst": "49.4% (27.2) // 48.5% (28.2) // 45.0% (26.7) // 36.8% (20.2)",
        "oppCorsi": "50.8% (60.8) // 50.4% (58.9) // 52.1% (55.5) // 46.0% (52.0)",
        "oppFenwick": "50.8% (43.5) // 49.1% (41.6) // 53.6% (43.2) // 50.0% (44.0)",
        "oppShots": "50.0% (29.6) // 48.5% (27.5) // 55.1% (29.5) // 52.5% (31.0)",
        "oppScoring": "51.7% (30.1) // 51.6% (30.0) // 58.1% (29.2) // 44.1% (26.0)",
        "oppCorsiAgainst": "49.2% (58.9) // 49.6% (58.1) // 47.9% (50.9) // 54.0% (61.0)",
        "oppFenwickAgainst": "49.2% (42.2) // 50.9% (43.1) // 46.4% (37.3) // 50.0% (44.0)",
        "oppShotsAgainst": "50.0% (29.6) // 51.5% (29.2) // 44.9% (24.0) // 47.5% (28.0)",
        "oppScoringAgainst": "48.3% (28.1) // 48.4% (28.2) // 41.9% (21.1) // 55.9% (33.0)",
        "totalOver": 0,
        "totalOverLast5": 0,
        "totalOverLast15": 0,
        "lastTotalOver": 0,
        "last5": "0,0,0,0,0,0,0,0,0,0",
        "fd": "0",
        "dk": "+340",
        "implied": 22.727272727272727,
        "overOdds": "+340",
        "underOdds": "0",
        "overUnder": "+340 / 0"
    },
    {
        "player": "Brock Faber",
        "team": "MIN",
        "opponent": "WPG",
        "propType": "ast",
        "line": 0.5,
        "ppLine": "PP2",
        "avg": 0.42,
        "hit": false,
        "diffAvg": -0.16,
        "diffAbs": 1.0,
        "lastAvg": 0,
        "diff": 0,
        "avgMin": 24,
        "proj": 0.0,
        "lastAvgMin": 0,
        "oppOver": 0,
        "teamOver": 0,
        "gameLine": "+124",
        "+/-": "+11",
        "L5_+/-": "+5.0",
        "prevMatchup": "",
        "winLossSplits": "31% - 41%",
        "awayHome": "A",
        "playedYesterday": "N",
        "awayHomeSplits": "47% - 25%",
        "savesAboveExp": 0.641,
        "gsaa": 10.7,
        "corsi": "50.8% (60.8) // 50.4% (58.9) // 52.1% (55.5) // 46.0% (52.0)",
        "fenwick": "50.8% (43.5) // 49.1% (41.6) // 53.6% (43.2) // 50.0% (44.0)",
        "shots": "50.0% (29.6) // 48.5% (27.5) // 55.1% (29.5) // 52.5% (31.0)",
        "scoring": "51.7% (30.1) // 51.6% (30.0) // 58.1% (29.2) // 44.1% (26.0)",
        "corsiAgainst": "49.2% (58.9) // 49.6% (58.1) // 47.9% (50.9) // 54.0% (61.0)",
        "fenwickAgainst": "49.2% (42.2) // 50.9% (43.1) // 46.4% (37.3) // 50.0% (44.0)",
        "shotsAgainst": "50.0% (29.6) // 51.5% (29.2) // 44.9% (24.0) // 47.5% (28.0)",
        "scoringAgainst": "48.3% (28.1) // 48.4% (28.2) // 41.9% (21.1) // 55.9% (33.0)",
        "oppCorsi": "50.9% (59.4) // 50.4% (63.0) // 55.8% (71.4) // 64.6% (79.0)",
        "oppFenwick": "51.2% (43.5) // 50.7% (46.7) // 57.2% (53.7) // 64.5% (57.8)",
        "oppShots": "52.2% (31.0) // 50.9% (31.4) // 59.0% (36.9) // 60.3% (36.6)",
        "oppScoring": "50.6% (27.9) // 51.5% (30.0) // 55.0% (32.6) // 63.2% (34.7)",
        "oppCorsiAgainst": "49.1% (57.2) // 49.6% (61.9) // 44.2% (56.6) // 35.4% (43.4)",
        "oppFenwickAgainst": "48.8% (41.4) // 49.3% (45.4) // 42.8% (40.2) // 35.5% (31.8)",
        "oppShotsAgainst": "47.8% (28.4) // 49.1% (30.3) // 41.0% (25.7) // 39.7% (24.1)",
        "oppScoringAgainst": "49.4% (27.2) // 48.5% (28.2) // 45.0% (26.7) // 36.8% (20.2)",
        "totalOver": 36,
        "totalOverLast5": 60,
        "totalOverLast15": 33,
        "lastTotalOver": 0,
        "last5": "0,0,1,1,1,0,0,0,2,0",
        "fd": "0",
        "dk": "+180/-238",
        "implied": 35.714285714285715,
        "overOdds": "+180",
        "underOdds": "-238",
        "overUnder": "+180 / -238"
    },
    {
        "player": "Brock Faber",
        "team": "MIN",
        "opponent": "WPG",
        "propType": "pts",
        "line": 0.5,
        "ppLine": "PP2",
        "avg": 0.48,
        "hit": false,
        "diffAvg": -0.04,
        "diffAbs": 1.0,
        "lastAvg": 0,
        "diff": 0,
        "avgMin": 24,
        "proj": 0.0,
        "lastAvgMin": 0,
        "oppOver": 0,
        "teamOver": 0,
        "gameLine": "+124",
        "+/-": "+11",
        "L5_+/-": "+5.0",
        "prevMatchup": "",
        "winLossSplits": "38% - 41%",
        "awayHome": "A",
        "playedYesterday": "N",
        "awayHomeSplits": "47% - 31%",
        "savesAboveExp": 0.641,
        "gsaa": 10.7,
        "corsi": "50.8% (60.8) // 50.4% (58.9) // 52.1% (55.5) // 46.0% (52.0)",
        "fenwick": "50.8% (43.5) // 49.1% (41.6) // 53.6% (43.2) // 50.0% (44.0)",
        "shots": "50.0% (29.6) // 48.5% (27.5) // 55.1% (29.5) // 52.5% (31.0)",
        "scoring": "51.7% (30.1) // 51.6% (30.0) // 58.1% (29.2) // 44.1% (26.0)",
        "corsiAgainst": "49.2% (58.9) // 49.6% (58.1) // 47.9% (50.9) // 54.0% (61.0)",
        "fenwickAgainst": "49.2% (42.2) // 50.9% (43.1) // 46.4% (37.3) // 50.0% (44.0)",
        "shotsAgainst": "50.0% (29.6) // 51.5% (29.2) // 44.9% (24.0) // 47.5% (28.0)",
        "scoringAgainst": "48.3% (28.1) // 48.4% (28.2) // 41.9% (21.1) // 55.9% (33.0)",
        "oppCorsi": "50.9% (59.4) // 50.4% (63.0) // 55.8% (71.4) // 64.6% (79.0)",
        "oppFenwick": "51.2% (43.5) // 50.7% (46.7) // 57.2% (53.7) // 64.5% (57.8)",
        "oppShots": "52.2% (31.0) // 50.9% (31.4) // 59.0% (36.9) // 60.3% (36.6)",
        "oppScoring": "50.6% (27.9) // 51.5% (30.0) // 55.0% (32.6) // 63.2% (34.7)",
        "oppCorsiAgainst": "49.1% (57.2) // 49.6% (61.9) // 44.2% (56.6) // 35.4% (43.4)",
        "oppFenwickAgainst": "48.8% (41.4) // 49.3% (45.4) // 42.8% (40.2) // 35.5% (31.8)",
        "oppShotsAgainst": "47.8% (28.4) // 49.1% (30.3) // 41.0% (25.7) // 39.7% (24.1)",
        "oppScoringAgainst": "49.4% (27.2) // 48.5% (28.2) // 45.0% (26.7) // 36.8% (20.2)",
        "totalOver": 39,
        "totalOverLast5": 60,
        "totalOverLast15": 33,
        "lastTotalOver": 0,
        "last5": "0,0,2,1,1,0,0,0,2,0",
        "fd": "0",
        "dk": "+130/-166",
        "implied": 43.47826086956522,
        "overOdds": "+130",
        "underOdds": "-166",
        "overUnder": "+130 / -166"
    },
    {
        "player": "Brock Faber",
        "team": "MIN",
        "opponent": "WPG",
        "propType": "sog",
        "line": 1.5,
        "ppLine": "PP2",
        "avg": 1.33,
        "hit": false,
        "diffAvg": -0.11,
        "diffAbs": 1.0,
        "lastAvg": 0,
        "diff": 0,
        "avgMin": 24,
        "proj": 0.0,
        "lastAvgMin": 0,
        "oppOver": 0,
        "teamOver": 0,
        "gameLine": "+124",
        "+/-": "+11",
        "L5_+/-": "+5.0",
        "prevMatchup": "",
        "winLossSplits": "38% - 47%",
        "awayHome": "A",
        "playedYesterday": "N",
        "awayHomeSplits": "41% - 44%",
        "savesAboveExp": 0.641,
        "gsaa": 10.7,
        "corsi": "50.8% (60.8) // 50.4% (58.9) // 52.1% (55.5) // 46.0% (52.0)",
        "fenwick": "50.8% (43.5) // 49.1% (41.6) // 53.6% (43.2) // 50.0% (44.0)",
        "shots": "50.0% (29.6) // 48.5% (27.5) // 55.1% (29.5) // 52.5% (31.0)",
        "scoring": "51.7% (30.1) // 51.6% (30.0) // 58.1% (29.2) // 44.1% (26.0)",
        "corsiAgainst": "49.2% (58.9) // 49.6% (58.1) // 47.9% (50.9) // 54.0% (61.0)",
        "fenwickAgainst": "49.2% (42.2) // 50.9% (43.1) // 46.4% (37.3) // 50.0% (44.0)",
        "shotsAgainst": "50.0% (29.6) // 51.5% (29.2) // 44.9% (24.0) // 47.5% (28.0)",
        "scoringAgainst": "48.3% (28.1) // 48.4% (28.2) // 41.9% (21.1) // 55.9% (33.0)",
        "oppCorsi": "50.9% (59.4) // 50.4% (63.0) // 55.8% (71.4) // 64.6% (79.0)",
        "oppFenwick": "51.2% (43.5) // 50.7% (46.7) // 57.2% (53.7) // 64.5% (57.8)",
        "oppShots": "52.2% (31.0) // 50.9% (31.4) // 59.0% (36.9) // 60.3% (36.6)",
        "oppScoring": "50.6% (27.9) // 51.5% (30.0) // 55.0% (32.6) // 63.2% (34.7)",
        "oppCorsiAgainst": "49.1% (57.2) // 49.6% (61.9) // 44.2% (56.6) // 35.4% (43.4)",
        "oppFenwickAgainst": "48.8% (41.4) // 49.3% (45.4) // 42.8% (40.2) // 35.5% (31.8)",
        "oppShotsAgainst": "47.8% (28.4) // 49.1% (30.3) // 41.0% (25.7) // 39.7% (24.1)",
        "oppScoringAgainst": "49.4% (27.2) // 48.5% (28.2) // 45.0% (26.7) // 36.8% (20.2)",
        "totalOver": 42,
        "totalOverLast5": 80,
        "totalOverLast15": 47,
        "lastTotalOver": 12,
        "last5": "2,5,2,0,2,2,1,1,0,0",
        "fd": "0",
        "dk": "-130/+100",
        "implied": 56.52173913043478,
        "overOdds": "-130",
        "underOdds": "+100",
        "overUnder": "-130 / +100"
    },
    {
        "player": "Brock Faber",
        "team": "MIN",
        "opponent": "WPG",
        "propType": "atgs",
        "line": 0.5,
        "ppLine": "PP2",
        "avg": 0.0,
        "hit": false,
        "diffAvg": 0,
        "diffAbs": 1.0,
        "lastAvg": 0,
        "diff": 0,
        "avgMin": 24,
        "proj": 0.0,
        "lastAvgMin": 0,
        "oppOver": 0,
        "teamOver": 0,
        "gameLine": "+124",
        "+/-": "+11",
        "L5_+/-": "+5.0",
        "prevMatchup": "",
        "winLossSplits": "0% - 0%",
        "awayHome": "A",
        "playedYesterday": "N",
        "awayHomeSplits": "0% - 0%",
        "savesAboveExp": 0.641,
        "gsaa": 10.7,
        "corsi": "50.8% (60.8) // 50.4% (58.9) // 52.1% (55.5) // 46.0% (52.0)",
        "fenwick": "50.8% (43.5) // 49.1% (41.6) // 53.6% (43.2) // 50.0% (44.0)",
        "shots": "50.0% (29.6) // 48.5% (27.5) // 55.1% (29.5) // 52.5% (31.0)",
        "scoring": "51.7% (30.1) // 51.6% (30.0) // 58.1% (29.2) // 44.1% (26.0)",
        "corsiAgainst": "49.2% (58.9) // 49.6% (58.1) // 47.9% (50.9) // 54.0% (61.0)",
        "fenwickAgainst": "49.2% (42.2) // 50.9% (43.1) // 46.4% (37.3) // 50.0% (44.0)",
        "shotsAgainst": "50.0% (29.6) // 51.5% (29.2) // 44.9% (24.0) // 47.5% (28.0)",
        "scoringAgainst": "48.3% (28.1) // 48.4% (28.2) // 41.9% (21.1) // 55.9% (33.0)",
        "oppCorsi": "50.9% (59.4) // 50.4% (63.0) // 55.8% (71.4) // 64.6% (79.0)",
        "oppFenwick": "51.2% (43.5) // 50.7% (46.7) // 57.2% (53.7) // 64.5% (57.8)",
        "oppShots": "52.2% (31.0) // 50.9% (31.4) // 59.0% (36.9) // 60.3% (36.6)",
        "oppScoring": "50.6% (27.9) // 51.5% (30.0) // 55.0% (32.6) // 63.2% (34.7)",
        "oppCorsiAgainst": "49.1% (57.2) // 49.6% (61.9) // 44.2% (56.6) // 35.4% (43.4)",
        "oppFenwickAgainst": "48.8% (41.4) // 49.3% (45.4) // 42.8% (40.2) // 35.5% (31.8)",
        "oppShotsAgainst": "47.8% (28.4) // 49.1% (30.3) // 41.0% (25.7) // 39.7% (24.1)",
        "oppScoringAgainst": "49.4% (27.2) // 48.5% (28.2) // 45.0% (26.7) // 36.8% (20.2)",
        "totalOver": 0,
        "totalOverLast5": 0,
        "totalOverLast15": 0,
        "lastTotalOver": 0,
        "last5": "0,0,0,0,0,0,0,0,0,0",
        "fd": "0",
        "dk": "+550",
        "implied": 15.384615384615385,
        "overOdds": "+550",
        "underOdds": "0",
        "overUnder": "+550 / 0"
    },
    {
        "player": "Cole Perfetti",
        "team": "WPG",
        "opponent": "MIN",
        "propType": "ast",
        "line": 0.5,
        "ppLine": "PP2",
        "avg": 0.36,
        "hit": false,
        "diffAvg": -0.28,
        "diffAbs": 0.2,
        "lastAvg": 0.43,
        "diff": -0.14,
        "avgMin": 14,
        "proj": 0.4,
        "lastAvgMin": 14.97,
        "oppOver": 0,
        "teamOver": 0,
        "gameLine": "-148",
        "+/-": "+9",
        "L5_+/-": "+2.0",
        "prevMatchup": "",
        "winLossSplits": "45% - 15%",
        "awayHome": "H",
        "playedYesterday": "N",
        "awayHomeSplits": "33% - 33%",
        "savesAboveExp": 0.594,
        "gsaa": 0.77,
        "corsi": "50.9% (59.4) // 50.4% (63.0) // 55.8% (71.4) // 64.6% (79.0)",
        "fenwick": "51.2% (43.5) // 50.7% (46.7) // 57.2% (53.7) // 64.5% (57.8)",
        "shots": "52.2% (31.0) // 50.9% (31.4) // 59.0% (36.9) // 60.3% (36.6)",
        "scoring": "50.6% (27.9) // 51.5% (30.0) // 55.0% (32.6) // 63.2% (34.7)",
        "corsiAgainst": "49.1% (57.2) // 49.6% (61.9) // 44.2% (56.6) // 35.4% (43.4)",
        "fenwickAgainst": "48.8% (41.4) // 49.3% (45.4) // 42.8% (40.2) // 35.5% (31.8)",
        "shotsAgainst": "47.8% (28.4) // 49.1% (30.3) // 41.0% (25.7) // 39.7% (24.1)",
        "scoringAgainst": "49.4% (27.2) // 48.5% (28.2) // 45.0% (26.7) // 36.8% (20.2)",
        "oppCorsi": "50.8% (60.8) // 50.4% (58.9) // 52.1% (55.5) // 46.0% (52.0)",
        "oppFenwick": "50.8% (43.5) // 49.1% (41.6) // 53.6% (43.2) // 50.0% (44.0)",
        "oppShots": "50.0% (29.6) // 48.5% (27.5) // 55.1% (29.5) // 52.5% (31.0)",
        "oppScoring": "51.7% (30.1) // 51.6% (30.0) // 58.1% (29.2) // 44.1% (26.0)",
        "oppCorsiAgainst": "49.2% (58.9) // 49.6% (58.1) // 47.9% (50.9) // 54.0% (61.0)",
        "oppFenwickAgainst": "49.2% (42.2) // 50.9% (43.1) // 46.4% (37.3) // 50.0% (44.0)",
        "oppShotsAgainst": "50.0% (29.6) // 51.5% (29.2) // 44.9% (24.0) // 47.5% (28.0)",
        "oppScoringAgainst": "48.3% (28.1) // 48.4% (28.2) // 41.9% (21.1) // 55.9% (33.0)",
        "totalOver": 33,
        "totalOverLast5": 40,
        "totalOverLast15": 13,
        "lastTotalOver": 36,
        "last5": "0,1,1,0,0,0,0,0,0,0",
        "fd": "0",
        "dk": "+220/-298",
        "implied": 31.25,
        "overOdds": "+220",
        "underOdds": "-298",
        "overUnder": "+220 / -298"
    },
    {
        "player": "Cole Perfetti",
        "team": "WPG",
        "opponent": "MIN",
        "propType": "pts",
        "line": 0.5,
        "ppLine": "PP2",
        "avg": 0.67,
        "hit": false,
        "diffAvg": 0.34,
        "diffAbs": 0.2,
        "lastAvg": 0.59,
        "diff": 0.18,
        "avgMin": 14,
        "proj": 0.6,
        "lastAvgMin": 14.97,
        "oppOver": 0,
        "teamOver": 0,
        "gameLine": "-148",
        "+/-": "+9",
        "L5_+/-": "+2.0",
        "prevMatchup": "",
        "winLossSplits": "65% - 54%",
        "awayHome": "H",
        "playedYesterday": "N",
        "awayHomeSplits": "47% - 72%",
        "savesAboveExp": 0.594,
        "gsaa": 0.77,
        "corsi": "50.9% (59.4) // 50.4% (63.0) // 55.8% (71.4) // 64.6% (79.0)",
        "fenwick": "51.2% (43.5) // 50.7% (46.7) // 57.2% (53.7) // 64.5% (57.8)",
        "shots": "52.2% (31.0) // 50.9% (31.4) // 59.0% (36.9) // 60.3% (36.6)",
        "scoring": "50.6% (27.9) // 51.5% (30.0) // 55.0% (32.6) // 63.2% (34.7)",
        "corsiAgainst": "49.1% (57.2) // 49.6% (61.9) // 44.2% (56.6) // 35.4% (43.4)",
        "fenwickAgainst": "48.8% (41.4) // 49.3% (45.4) // 42.8% (40.2) // 35.5% (31.8)",
        "shotsAgainst": "47.8% (28.4) // 49.1% (30.3) // 41.0% (25.7) // 39.7% (24.1)",
        "scoringAgainst": "49.4% (27.2) // 48.5% (28.2) // 45.0% (26.7) // 36.8% (20.2)",
        "oppCorsi": "50.8% (60.8) // 50.4% (58.9) // 52.1% (55.5) // 46.0% (52.0)",
        "oppFenwick": "50.8% (43.5) // 49.1% (41.6) // 53.6% (43.2) // 50.0% (44.0)",
        "oppShots": "50.0% (29.6) // 48.5% (27.5) // 55.1% (29.5) // 52.5% (31.0)",
        "oppScoring": "51.7% (30.1) // 51.6% (30.0) // 58.1% (29.2) // 44.1% (26.0)",
        "oppCorsiAgainst": "49.2% (58.9) // 49.6% (58.1) // 47.9% (50.9) // 54.0% (61.0)",
        "oppFenwickAgainst": "49.2% (42.2) // 50.9% (43.1) // 46.4% (37.3) // 50.0% (44.0)",
        "oppShotsAgainst": "50.0% (29.6) // 51.5% (29.2) // 44.9% (24.0) // 47.5% (28.0)",
        "oppScoringAgainst": "48.3% (28.1) // 48.4% (28.2) // 41.9% (21.1) // 55.9% (33.0)",
        "totalOver": 61,
        "totalOverLast5": 60,
        "totalOverLast15": 40,
        "lastTotalOver": 50,
        "last5": "0,1,1,1,0,0,0,0,0,0",
        "fd": "0",
        "dk": "+114/-145",
        "implied": 46.728971962616825,
        "overOdds": "+114",
        "underOdds": "-145",
        "overUnder": "+114 / -145"
    },
    {
        "player": "Cole Perfetti",
        "team": "WPG",
        "opponent": "MIN",
        "propType": "sog",
        "line": 1.5,
        "ppLine": "PP2",
        "avg": 2.21,
        "hit": false,
        "diffAvg": 0.47,
        "diffAbs": 0.13,
        "lastAvg": 1.76,
        "diff": 0.17,
        "avgMin": 14,
        "proj": 1.7,
        "lastAvgMin": 14.97,
        "oppOver": 0,
        "teamOver": 0,
        "gameLine": "-148",
        "+/-": "+9",
        "L5_+/-": "+2.0",
        "prevMatchup": "",
        "winLossSplits": "60% - 85%",
        "awayHome": "H",
        "playedYesterday": "N",
        "awayHomeSplits": "60% - 78%",
        "savesAboveExp": 0.594,
        "gsaa": 0.77,
        "corsi": "50.9% (59.4) // 50.4% (63.0) // 55.8% (71.4) // 64.6% (79.0)",
        "fenwick": "51.2% (43.5) // 50.7% (46.7) // 57.2% (53.7) // 64.5% (57.8)",
        "shots": "52.2% (31.0) // 50.9% (31.4) // 59.0% (36.9) // 60.3% (36.6)",
        "scoring": "50.6% (27.9) // 51.5% (30.0) // 55.0% (32.6) // 63.2% (34.7)",
        "corsiAgainst": "49.1% (57.2) // 49.6% (61.9) // 44.2% (56.6) // 35.4% (43.4)",
        "fenwickAgainst": "48.8% (41.4) // 49.3% (45.4) // 42.8% (40.2) // 35.5% (31.8)",
        "shotsAgainst": "47.8% (28.4) // 49.1% (30.3) // 41.0% (25.7) // 39.7% (24.1)",
        "scoringAgainst": "49.4% (27.2) // 48.5% (28.2) // 45.0% (26.7) // 36.8% (20.2)",
        "oppCorsi": "50.8% (60.8) // 50.4% (58.9) // 52.1% (55.5) // 46.0% (52.0)",
        "oppFenwick": "50.8% (43.5) // 49.1% (41.6) // 53.6% (43.2) // 50.0% (44.0)",
        "oppShots": "50.0% (29.6) // 48.5% (27.5) // 55.1% (29.5) // 52.5% (31.0)",
        "oppScoring": "51.7% (30.1) // 51.6% (30.0) // 58.1% (29.2) // 44.1% (26.0)",
        "oppCorsiAgainst": "49.2% (58.9) // 49.6% (58.1) // 47.9% (50.9) // 54.0% (61.0)",
        "oppFenwickAgainst": "49.2% (42.2) // 50.9% (43.1) // 46.4% (37.3) // 50.0% (44.0)",
        "oppShotsAgainst": "50.0% (29.6) // 51.5% (29.2) // 44.9% (24.0) // 47.5% (28.0)",
        "oppScoringAgainst": "48.3% (28.1) // 48.4% (28.2) // 41.9% (21.1) // 55.9% (33.0)",
        "totalOver": 70,
        "totalOverLast5": 100,
        "totalOverLast15": 73,
        "lastTotalOver": 50,
        "last5": "4,2,4,2,2,1,5,2,3,1",
        "fd": "0",
        "dk": "-180/+140",
        "implied": 64.28571428571429,
        "overOdds": "-180",
        "underOdds": "+140",
        "overUnder": "-180 / +140"
    },
    {
        "player": "Cole Perfetti",
        "team": "WPG",
        "opponent": "MIN",
        "propType": "atgs",
        "line": 0.5,
        "ppLine": "PP2",
        "avg": 0.0,
        "hit": false,
        "diffAvg": 0,
        "diffAbs": 1.0,
        "lastAvg": 0.0,
        "diff": 0,
        "avgMin": 14,
        "proj": 0.0,
        "lastAvgMin": 14.97,
        "oppOver": 0,
        "teamOver": 0,
        "gameLine": "-148",
        "+/-": "+9",
        "L5_+/-": "+2.0",
        "prevMatchup": "",
        "winLossSplits": "0% - 0%",
        "awayHome": "H",
        "playedYesterday": "N",
        "awayHomeSplits": "0% - 0%",
        "savesAboveExp": 0.594,
        "gsaa": 0.77,
        "corsi": "50.9% (59.4) // 50.4% (63.0) // 55.8% (71.4) // 64.6% (79.0)",
        "fenwick": "51.2% (43.5) // 50.7% (46.7) // 57.2% (53.7) // 64.5% (57.8)",
        "shots": "52.2% (31.0) // 50.9% (31.4) // 59.0% (36.9) // 60.3% (36.6)",
        "scoring": "50.6% (27.9) // 51.5% (30.0) // 55.0% (32.6) // 63.2% (34.7)",
