[
    {
        "player": "Sergei Bobrovsky",
        "team": "FLA",
        "opponent": "PIT",
        "propType": "saves",
        "line": 27.5,
        "ppLine": "",
        "avg": 24.97,
        "hit": false,
        "diffAvg": -0.09,
        "diffAbs": 0.29,
        "lastAvg": 19.14,
        "diff": -0.3,
        "avgMin": 58,
        "proj": 19.6,
        "lastAvgMin": 56.68,
        "oppOver": 0,
        "teamOver": 31,
        "gameLine": "-125",
        "+/-": 0,
        "L5_+/-": 0,
        "prevMatchup": "2023-12-08 pit @ fla 26.0 sv 2024-01-26 fla @ pit 35.0 sv",
        "winLossSplits": "44% - 15%",
        "awayHome": "A",
        "playedYesterday": "N",
        "awayHomeSplits": "24% - 43%",
        "savesAboveExp": -0.102,
        "gsaa": 8.2,
        "corsi": "56.8% (68.9) // 57.5% (67.6) // 55.9% (64.5) // 54.5% (60.3)",
        "fenwick": "55.7% (48.5) // 55.8% (49.6) // 55.1% (49.0) // 53.5% (44.8)",
        "shots": "55.6% (33.9) // 56.2% (34.2) // 56.0% (34.6) // 53.2% (32.8)",
        "scoring": "57.1% (31.9) // 60.6% (31.5) // 60.7% (30.7) // 57.2% (28.2)",
        "corsiAgainst": "43.2% (52.4) // 42.5% (50.1) // 44.1% (51.0) // 45.5% (50.3)",
        "fenwickAgainst": "44.3% (38.5) // 44.2% (39.3) // 44.9% (39.9) // 46.5% (38.9)",
        "shotsAgainst": "44.4% (27.0) // 43.8% (26.7) // 44.0% (27.1) // 46.8% (28.9)",
        "scoringAgainst": "42.9% (23.9) // 39.4% (20.5) // 39.3% (19.9) // 42.8% (21.1)",
        "oppCorsi": "52.7% (66.0) // 55.0% (69.4) // 55.8% (70.3) // 55.0% (72.1)",
        "oppFenwick": "51.8% (47.4) // 54.7% (48.6) // 56.0% (52.1) // 54.8% (54.1)",
        "oppShots": "52.4% (32.9) // 54.6% (33.9) // 55.4% (36.6) // 54.0% (37.7)",
        "oppScoring": "53.2% (32.4) // 57.3% (34.4) // 60.7% (35.4) // 59.0% (36.7)",
        "oppCorsiAgainst": "47.3% (59.3) // 45.0% (56.8) // 44.2% (55.6) // 45.0% (59.0)",
        "oppFenwickAgainst": "48.2% (44.1) // 45.3% (40.2) // 44.0% (41.0) // 45.2% (44.6)",
        "oppShotsAgainst": "47.6% (29.9) // 45.4% (28.2) // 44.6% (29.5) // 46.0% (32.1)",
        "oppScoringAgainst": "46.8% (28.5) // 42.7% (25.6) // 39.3% (23.0) // 41.0% (25.6)",
        "totalOver": 34,
        "totalOverLast5": 60,
        "totalOverLast15": 33,
        "lastTotalOver": 49,
        "last5": "35,21,35,31,11,26,18,31,22,26",
        "fd": "0",
        "dk": "-125/-105",
        "kambi": "0",
        "lowest": "-125 DK",
        "implied": 55.55555555555556,
        "overOdds": "-125",
        "underOdds": "-105",
        "overUnder": "-125 / -105"
    },
    {
        "player": "Tristan Jarry",
        "team": "PIT",
        "opponent": "FLA",
        "propType": "saves",
        "line": 28.5,
        "ppLine": "",
        "avg": 24.5,
        "hit": false,
        "diffAvg": -0.14,
        "diffAbs": 0.06,
        "lastAvg": 27.36,
        "diff": -0.04,
        "avgMin": 55,
        "proj": 26.7,
        "lastAvgMin": 56.38,
        "oppOver": 0,
        "teamOver": 47,
        "gameLine": "+105",
        "+/-": 0,
        "L5_+/-": 0,
        "prevMatchup": "2023-12-08 pit @ fla 30.0 sv 2024-01-26 fla @ pit 29.0 sv",
        "winLossSplits": "29% - 40%",
        "awayHome": "H",
        "playedYesterday": "N",
        "awayHomeSplits": "29% - 41%",
        "savesAboveExp": 0.033,
        "gsaa": 7.37,
        "corsi": "52.7% (66.0) // 55.0% (69.4) // 55.8% (70.3) // 55.0% (72.1)",
        "fenwick": "51.8% (47.4) // 54.7% (48.6) // 56.0% (52.1) // 54.8% (54.1)",
        "shots": "52.4% (32.9) // 54.6% (33.9) // 55.4% (36.6) // 54.0% (37.7)",
        "scoring": "53.2% (32.4) // 57.3% (34.4) // 60.7% (35.4) // 59.0% (36.7)",
        "corsiAgainst": "47.3% (59.3) // 45.0% (56.8) // 44.2% (55.6) // 45.0% (59.0)",
        "fenwickAgainst": "48.2% (44.1) // 45.3% (40.2) // 44.0% (41.0) // 45.2% (44.6)",
        "shotsAgainst": "47.6% (29.9) // 45.4% (28.2) // 44.6% (29.5) // 46.0% (32.1)",
        "scoringAgainst": "46.8% (28.5) // 42.7% (25.6) // 39.3% (23.0) // 41.0% (25.6)",
        "oppCorsi": "56.8% (68.9) // 57.5% (67.6) // 55.9% (64.5) // 54.5% (60.3)",
        "oppFenwick": "55.7% (48.5) // 55.8% (49.6) // 55.1% (49.0) // 53.5% (44.8)",
        "oppShots": "55.6% (33.9) // 56.2% (34.2) // 56.0% (34.6) // 53.2% (32.8)",
        "oppScoring": "57.1% (31.9) // 60.6% (31.5) // 60.7% (30.7) // 57.2% (28.2)",
        "oppCorsiAgainst": "43.2% (52.4) // 42.5% (50.1) // 44.1% (51.0) // 45.5% (50.3)",
        "oppFenwickAgainst": "44.3% (38.5) // 44.2% (39.3) // 44.9% (39.9) // 46.5% (38.9)",
        "oppShotsAgainst": "44.4% (27.0) // 43.8% (26.7) // 44.0% (27.1) // 46.8% (28.9)",
        "oppScoringAgainst": "42.9% (23.9) // 39.4% (20.5) // 39.3% (19.9) // 42.8% (21.1)",
        "totalOver": 35,
        "totalOverLast5": 20,
        "totalOverLast15": 20,
        "lastTotalOver": 37,
        "last5": "29,23,25,22,26,22,32,19,29,4",
        "fd": "0",
        "dk": "-115/-115",
        "kambi": "0",
        "lowest": "-115 DK",
        "implied": 53.48837209302325,
        "overOdds": "-115",
        "underOdds": "-115",
        "overUnder": "-115 / -115"
    },
    {
        "player": "Aleksander Barkov",
        "team": "FLA",
        "opponent": "PIT",
        "propType": "ast",
        "line": 0.5,
        "ppLine": "",
        "avg": 0.85,
        "hit": false,
        "diffAvg": 0.7,
        "diffAbs": 0.0,
        "lastAvg": 0.6,
        "diff": 0.2,
        "avgMin": 19,
        "proj": 0.5,
        "lastAvgMin": 21.22,
        "oppOver": 0,
        "teamOver": 0,
        "gameLine": "-125",
        "+/-": "+19",
        "L5_+/-": -3.0,
        "prevMatchup": "2024-01-26 0.0 ast 2023-12-08 0.0 ast",
        "winLossSplits": "63% - 44%",
        "awayHome": "A",
        "playedYesterday": "N",
        "awayHomeSplits": "64% - 48%",
        "savesAboveExp": 0.033,
        "gsaa": 7.37,
        "corsi": "56.8% (68.9) // 57.5% (67.6) // 55.9% (64.5) // 54.5% (60.3)",
        "fenwick": "55.7% (48.5) // 55.8% (49.6) // 55.1% (49.0) // 53.5% (44.8)",
        "shots": "55.6% (33.9) // 56.2% (34.2) // 56.0% (34.6) // 53.2% (32.8)",
        "scoring": "57.1% (31.9) // 60.6% (31.5) // 60.7% (30.7) // 57.2% (28.2)",
        "corsiAgainst": "43.2% (52.4) // 42.5% (50.1) // 44.1% (51.0) // 45.5% (50.3)",
        "fenwickAgainst": "44.3% (38.5) // 44.2% (39.3) // 44.9% (39.9) // 46.5% (38.9)",
        "shotsAgainst": "44.4% (27.0) // 43.8% (26.7) // 44.0% (27.1) // 46.8% (28.9)",
        "scoringAgainst": "42.9% (23.9) // 39.4% (20.5) // 39.3% (19.9) // 42.8% (21.1)",
        "oppCorsi": "52.7% (66.0) // 55.0% (69.4) // 55.8% (70.3) // 55.0% (72.1)",
        "oppFenwick": "51.8% (47.4) // 54.7% (48.6) // 56.0% (52.1) // 54.8% (54.1)",
        "oppShots": "52.4% (32.9) // 54.6% (33.9) // 55.4% (36.6) // 54.0% (37.7)",
        "oppScoring": "53.2% (32.4) // 57.3% (34.4) // 60.7% (35.4) // 59.0% (36.7)",
        "oppCorsiAgainst": "47.3% (59.3) // 45.0% (56.8) // 44.2% (55.6) // 45.0% (59.0)",
        "oppFenwickAgainst": "48.2% (44.1) // 45.3% (40.2) // 44.0% (41.0) // 45.2% (44.6)",
        "oppShotsAgainst": "47.6% (29.9) // 45.4% (28.2) // 44.6% (29.5) // 46.0% (32.1)",
        "oppScoringAgainst": "46.8% (28.5) // 42.7% (25.6) // 39.3% (23.0) // 41.0% (25.6)",
        "totalOver": 57,
        "totalOverLast5": 40,
        "totalOverLast15": 53,
        "lastTotalOver": 52,
        "last5": "2,0,0,1,0,1,1,0,1,1",
        "fd": "-146",
        "dk": "-145/+114",
        "kambi": "0",
        "lowest": "-145 DK",
        "implied": 59.183673469387756,
        "overOdds": "-145",
        "underOdds": "+114",
        "overUnder": "-145 / +114"
    },
    {
        "player": "Aleksander Barkov",
        "team": "FLA",
        "opponent": "PIT",
        "propType": "pts",
        "line": 0.5,
        "ppLine": "",
        "avg": 1.11,
        "hit": false,
        "diffAvg": 1.22,
        "diffAbs": 0.6,
        "lastAvg": 0.86,
        "diff": 0.72,
        "avgMin": 19,
        "proj": 0.8,
        "lastAvgMin": 21.22,
        "oppOver": 0,
        "teamOver": 0,
        "gameLine": "-125",
        "+/-": "+19",
        "L5_+/-": -3.0,
        "prevMatchup": "2024-01-26 0.0 pts 2023-12-08 1.0 pts",
        "winLossSplits": "73% - 44%",
        "awayHome": "A",
        "playedYesterday": "N",
        "awayHomeSplits": "68% - 57%",
        "savesAboveExp": 0.033,
        "gsaa": 7.37,
        "corsi": "56.8% (68.9) // 57.5% (67.6) // 55.9% (64.5) // 54.5% (60.3)",
        "fenwick": "55.7% (48.5) // 55.8% (49.6) // 55.1% (49.0) // 53.5% (44.8)",
        "shots": "55.6% (33.9) // 56.2% (34.2) // 56.0% (34.6) // 53.2% (32.8)",
        "scoring": "57.1% (31.9) // 60.6% (31.5) // 60.7% (30.7) // 57.2% (28.2)",
        "corsiAgainst": "43.2% (52.4) // 42.5% (50.1) // 44.1% (51.0) // 45.5% (50.3)",
        "fenwickAgainst": "44.3% (38.5) // 44.2% (39.3) // 44.9% (39.9) // 46.5% (38.9)",
        "shotsAgainst": "44.4% (27.0) // 43.8% (26.7) // 44.0% (27.1) // 46.8% (28.9)",
        "scoringAgainst": "42.9% (23.9) // 39.4% (20.5) // 39.3% (19.9) // 42.8% (21.1)",
        "oppCorsi": "52.7% (66.0) // 55.0% (69.4) // 55.8% (70.3) // 55.0% (72.1)",
        "oppFenwick": "51.8% (47.4) // 54.7% (48.6) // 56.0% (52.1) // 54.8% (54.1)",
        "oppShots": "52.4% (32.9) // 54.6% (33.9) // 55.4% (36.6) // 54.0% (37.7)",
        "oppScoring": "53.2% (32.4) // 57.3% (34.4) // 60.7% (35.4) // 59.0% (36.7)",
        "oppCorsiAgainst": "47.3% (59.3) // 45.0% (56.8) // 44.2% (55.6) // 45.0% (59.0)",
        "oppFenwickAgainst": "48.2% (44.1) // 45.3% (40.2) // 44.0% (41.0) // 45.2% (44.6)",
        "oppShotsAgainst": "47.6% (29.9) // 45.4% (28.2) // 44.6% (29.5) // 46.0% (32.1)",
        "oppScoringAgainst": "46.8% (28.5) // 42.7% (25.6) // 39.3% (23.0) // 41.0% (25.6)",
        "totalOver": 63,
        "totalOverLast5": 40,
        "totalOverLast15": 53,
        "lastTotalOver": 65,
        "last5": "3,0,0,1,0,1,1,0,1,1",
        "fd": "-245",
        "dk": "-238/+180",
        "kambi": "-245/185",
        "lowest": "-238 DK",
        "implied": 70.41420118343196,
        "overOdds": "-238",
        "underOdds": "+180",
        "overUnder": "-238 / +180"
    },
    {
        "player": "Aleksander Barkov",
        "team": "FLA",
        "opponent": "PIT",
        "propType": "sog",
        "line": 2.5,
        "ppLine": "",
        "avg": 2.83,
        "hit": false,
        "diffAvg": 0.13,
        "diffAbs": 0.2,
        "lastAvg": 2.29,
        "diff": -0.08,
        "avgMin": 19,
        "proj": 2.0,
        "lastAvgMin": 21.22,
        "oppOver": 0,
        "teamOver": 0,
        "gameLine": "-125",
        "+/-": "+19",
        "L5_+/-": -3.0,
        "prevMatchup": "2024-01-26 2.0 sog 2023-12-08 3.0 sog",
        "winLossSplits": "57% - 56%",
        "awayHome": "A",
        "playedYesterday": "N",
        "awayHomeSplits": "60% - 52%",
        "savesAboveExp": 0.033,
        "gsaa": 7.37,
        "corsi": "56.8% (68.9) // 57.5% (67.6) // 55.9% (64.5) // 54.5% (60.3)",
        "fenwick": "55.7% (48.5) // 55.8% (49.6) // 55.1% (49.0) // 53.5% (44.8)",
        "shots": "55.6% (33.9) // 56.2% (34.2) // 56.0% (34.6) // 53.2% (32.8)",
        "scoring": "57.1% (31.9) // 60.6% (31.5) // 60.7% (30.7) // 57.2% (28.2)",
        "corsiAgainst": "43.2% (52.4) // 42.5% (50.1) // 44.1% (51.0) // 45.5% (50.3)",
        "fenwickAgainst": "44.3% (38.5) // 44.2% (39.3) // 44.9% (39.9) // 46.5% (38.9)",
        "shotsAgainst": "44.4% (27.0) // 43.8% (26.7) // 44.0% (27.1) // 46.8% (28.9)",
        "scoringAgainst": "42.9% (23.9) // 39.4% (20.5) // 39.3% (19.9) // 42.8% (21.1)",
        "oppCorsi": "52.7% (66.0) // 55.0% (69.4) // 55.8% (70.3) // 55.0% (72.1)",
        "oppFenwick": "51.8% (47.4) // 54.7% (48.6) // 56.0% (52.1) // 54.8% (54.1)",
        "oppShots": "52.4% (32.9) // 54.6% (33.9) // 55.4% (36.6) // 54.0% (37.7)",
        "oppScoring": "53.2% (32.4) // 57.3% (34.4) // 60.7% (35.4) // 59.0% (36.7)",
        "oppCorsiAgainst": "47.3% (59.3) // 45.0% (56.8) // 44.2% (55.6) // 45.0% (59.0)",
        "oppFenwickAgainst": "48.2% (44.1) // 45.3% (40.2) // 44.0% (41.0) // 45.2% (44.6)",
        "oppShotsAgainst": "47.6% (29.9) // 45.4% (28.2) // 44.6% (29.5) // 46.0% (32.1)",
        "oppScoringAgainst": "46.8% (28.5) // 42.7% (25.6) // 39.3% (23.0) // 41.0% (25.6)",
        "totalOver": 57,
        "totalOverLast5": 20,
        "totalOverLast15": 33,
        "lastTotalOver": 51,
        "last5": "3,1,2,2,2,3,1,3,5,2",
        "fd": "-118/-113",
        "dk": "-120/-110",
        "kambi": "-114/-114",
        "lowest": "-114 BR",
        "implied": 53.271028037383175,
        "overOdds": "-120",
        "underOdds": "-110",
        "overUnder": "-120 / -110"
    },
    {
        "player": "Aleksander Barkov",
        "team": "FLA",
        "opponent": "PIT",
        "propType": "atgs",
        "line": 0.5,
        "ppLine": "",
        "avg": 0.0,
        "hit": false,
        "diffAvg": 0,
        "diffAbs": 1.0,
        "lastAvg": 0.0,
        "diff": 0,
        "avgMin": 19,
        "proj": 0.0,
        "lastAvgMin": 21.22,
        "oppOver": 0,
        "teamOver": 0,
        "gameLine": "-125",
        "+/-": "+19",
        "L5_+/-": -3.0,
        "prevMatchup": "2024-01-26 0.0 atgs 2023-12-08 0.0 atgs",
        "winLossSplits": "0% - 0%",
        "awayHome": "A",
        "playedYesterday": "N",
        "awayHomeSplits": "0% - 0%",
        "savesAboveExp": 0.033,
        "gsaa": 7.37,
        "corsi": "56.8% (68.9) // 57.5% (67.6) // 55.9% (64.5) // 54.5% (60.3)",
        "fenwick": "55.7% (48.5) // 55.8% (49.6) // 55.1% (49.0) // 53.5% (44.8)",
        "shots": "55.6% (33.9) // 56.2% (34.2) // 56.0% (34.6) // 53.2% (32.8)",
        "scoring": "57.1% (31.9) // 60.6% (31.5) // 60.7% (30.7) // 57.2% (28.2)",
        "corsiAgainst": "43.2% (52.4) // 42.5% (50.1) // 44.1% (51.0) // 45.5% (50.3)",
        "fenwickAgainst": "44.3% (38.5) // 44.2% (39.3) // 44.9% (39.9) // 46.5% (38.9)",
        "shotsAgainst": "44.4% (27.0) // 43.8% (26.7) // 44.0% (27.1) // 46.8% (28.9)",
        "scoringAgainst": "42.9% (23.9) // 39.4% (20.5) // 39.3% (19.9) // 42.8% (21.1)",
        "oppCorsi": "52.7% (66.0) // 55.0% (69.4) // 55.8% (70.3) // 55.0% (72.1)",
        "oppFenwick": "51.8% (47.4) // 54.7% (48.6) // 56.0% (52.1) // 54.8% (54.1)",
        "oppShots": "52.4% (32.9) // 54.6% (33.9) // 55.4% (36.6) // 54.0% (37.7)",
        "oppScoring": "53.2% (32.4) // 57.3% (34.4) // 60.7% (35.4) // 59.0% (36.7)",
        "oppCorsiAgainst": "47.3% (59.3) // 45.0% (56.8) // 44.2% (55.6) // 45.0% (59.0)",
        "oppFenwickAgainst": "48.2% (44.1) // 45.3% (40.2) // 44.0% (41.0) // 45.2% (44.6)",
        "oppShotsAgainst": "47.6% (29.9) // 45.4% (28.2) // 44.6% (29.5) // 46.0% (32.1)",
        "oppScoringAgainst": "46.8% (28.5) // 42.7% (25.6) // 39.3% (23.0) // 41.0% (25.6)",
        "totalOver": 0,
        "totalOverLast5": 0,
        "totalOverLast15": 0,
        "lastTotalOver": 0,
        "last5": "0,0,0,0,0,0,0,0,0,0",
        "fd": "0",
        "dk": "+225",
        "kambi": "210",
        "lowest": "225 DK",
        "implied": 30.76923076923077,
        "overOdds": "+225",
        "underOdds": "0",
        "overUnder": "+225 / 0"
    },
    {
        "player": "Brandon Montour",
        "team": "FLA",
        "opponent": "PIT",
        "propType": "ast",
        "line": 0.5,
        "ppLine": "",
        "avg": 0.28,
        "hit": false,
        "diffAvg": -0.44,
        "diffAbs": 0.0,
        "lastAvg": 0.56,
        "diff": 0.12,
        "avgMin": 23,
        "proj": 0.5,
        "lastAvgMin": 24.12,
        "oppOver": 0,
        "teamOver": 0,
        "gameLine": "-125",
        "+/-": -2,
        "L5_+/-": "+2.0",
        "prevMatchup": "2024-01-26 0.0 ast 2023-12-08 0.0 ast",
        "winLossSplits": "22% - 23%",
        "awayHome": "A",
        "playedYesterday": "N",
        "awayHomeSplits": "24% - 21%",
        "savesAboveExp": 0.033,
        "gsaa": 7.37,
        "corsi": "56.8% (68.9) // 57.5% (67.6) // 55.9% (64.5) // 54.5% (60.3)",
        "fenwick": "55.7% (48.5) // 55.8% (49.6) // 55.1% (49.0) // 53.5% (44.8)",
        "shots": "55.6% (33.9) // 56.2% (34.2) // 56.0% (34.6) // 53.2% (32.8)",
        "scoring": "57.1% (31.9) // 60.6% (31.5) // 60.7% (30.7) // 57.2% (28.2)",
        "corsiAgainst": "43.2% (52.4) // 42.5% (50.1) // 44.1% (51.0) // 45.5% (50.3)",
        "fenwickAgainst": "44.3% (38.5) // 44.2% (39.3) // 44.9% (39.9) // 46.5% (38.9)",
        "shotsAgainst": "44.4% (27.0) // 43.8% (26.7) // 44.0% (27.1) // 46.8% (28.9)",
        "scoringAgainst": "42.9% (23.9) // 39.4% (20.5) // 39.3% (19.9) // 42.8% (21.1)",
        "oppCorsi": "52.7% (66.0) // 55.0% (69.4) // 55.8% (70.3) // 55.0% (72.1)",
        "oppFenwick": "51.8% (47.4) // 54.7% (48.6) // 56.0% (52.1) // 54.8% (54.1)",
        "oppShots": "52.4% (32.9) // 54.6% (33.9) // 55.4% (36.6) // 54.0% (37.7)",
        "oppScoring": "53.2% (32.4) // 57.3% (34.4) // 60.7% (35.4) // 59.0% (36.7)",
        "oppCorsiAgainst": "47.3% (59.3) // 45.0% (56.8) // 44.2% (55.6) // 45.0% (59.0)",
        "oppFenwickAgainst": "48.2% (44.1) // 45.3% (40.2) // 44.0% (41.0) // 45.2% (44.6)",
        "oppShotsAgainst": "47.6% (29.9) // 45.4% (28.2) // 44.6% (29.5) // 46.0% (32.1)",
        "oppScoringAgainst": "46.8% (28.5) // 42.7% (25.6) // 39.3% (23.0) // 41.0% (25.6)",
        "totalOver": 22,
        "totalOverLast5": 20,
        "totalOverLast15": 20,
        "lastTotalOver": 46,
        "last5": "0,0,0,1,0,0,0,0,0,1",
        "fd": "+180",
        "dk": "+185/-245",
        "kambi": "0",
        "lowest": "185 DK",
        "implied": 35.08771929824561,
        "overOdds": "+185",
        "underOdds": "-245",
        "overUnder": "+185 / -245"
    },
    {
        "player": "Brandon Montour",
        "team": "FLA",
        "opponent": "PIT",
        "propType": "pts",
        "line": 0.5,
        "ppLine": "",
        "avg": 0.33,
        "hit": false,
        "diffAvg": -0.34,
        "diffAbs": 0.4,
        "lastAvg": 0.72,
        "diff": 0.44,
        "avgMin": 23,
        "proj": 0.7,
        "lastAvgMin": 24.12,
        "oppOver": 0,
        "teamOver": 0,
        "gameLine": "-125",
        "+/-": -2,
        "L5_+/-": "+2.0",
        "prevMatchup": "2024-01-26 0.0 pts 2023-12-08 0.0 pts",
        "winLossSplits": "26% - 23%",
        "awayHome": "A",
        "playedYesterday": "N",
        "awayHomeSplits": "29% - 21%",
        "savesAboveExp": 0.033,
        "gsaa": 7.37,
        "corsi": "56.8% (68.9) // 57.5% (67.6) // 55.9% (64.5) // 54.5% (60.3)",
        "fenwick": "55.7% (48.5) // 55.8% (49.6) // 55.1% (49.0) // 53.5% (44.8)",
        "shots": "55.6% (33.9) // 56.2% (34.2) // 56.0% (34.6) // 53.2% (32.8)",
        "scoring": "57.1% (31.9) // 60.6% (31.5) // 60.7% (30.7) // 57.2% (28.2)",
        "corsiAgainst": "43.2% (52.4) // 42.5% (50.1) // 44.1% (51.0) // 45.5% (50.3)",
        "fenwickAgainst": "44.3% (38.5) // 44.2% (39.3) // 44.9% (39.9) // 46.5% (38.9)",
        "shotsAgainst": "44.4% (27.0) // 43.8% (26.7) // 44.0% (27.1) // 46.8% (28.9)",
        "scoringAgainst": "42.9% (23.9) // 39.4% (20.5) // 39.3% (19.9) // 42.8% (21.1)",
        "oppCorsi": "52.7% (66.0) // 55.0% (69.4) // 55.8% (70.3) // 55.0% (72.1)",
        "oppFenwick": "51.8% (47.4) // 54.7% (48.6) // 56.0% (52.1) // 54.8% (54.1)",
        "oppShots": "52.4% (32.9) // 54.6% (33.9) // 55.4% (36.6) // 54.0% (37.7)",
        "oppScoring": "53.2% (32.4) // 57.3% (34.4) // 60.7% (35.4) // 59.0% (36.7)",
        "oppCorsiAgainst": "47.3% (59.3) // 45.0% (56.8) // 44.2% (55.6) // 45.0% (59.0)",
        "oppFenwickAgainst": "48.2% (44.1) // 45.3% (40.2) // 44.0% (41.0) // 45.2% (44.6)",
        "oppShotsAgainst": "47.6% (29.9) // 45.4% (28.2) // 44.6% (29.5) // 46.0% (32.1)",
        "oppScoringAgainst": "46.8% (28.5) // 42.7% (25.6) // 39.3% (23.0) // 41.0% (25.6)",
        "totalOver": 25,
        "totalOverLast5": 20,
        "totalOverLast15": 27,
        "lastTotalOver": 59,
        "last5": "0,0,0,1,0,0,1,0,0,1",
        "fd": "+132",
        "dk": "+130/-166",
        "kambi": "115/-150",
        "lowest": "132 FD",
        "implied": 43.103448275862064,
        "overOdds": "+130",
        "underOdds": "-166",
        "overUnder": "+130 / -166"
    },
    {
        "player": "Brandon Montour",
        "team": "FLA",
        "opponent": "PIT",
        "propType": "sog",
        "line": 2.5,
        "ppLine": "",
        "avg": 2.58,
        "hit": false,
        "diffAvg": 0.03,
        "diffAbs": 0.08,
        "lastAvg": 2.4,
        "diff": -0.04,
        "avgMin": 23,
        "proj": 2.3,
        "lastAvgMin": 24.12,
        "oppOver": 0,
        "teamOver": 0,
        "gameLine": "-125",
        "+/-": -2,
        "L5_+/-": "+2.0",
        "prevMatchup": "2024-01-26 1.0 sog 2023-12-08 1.0 sog",
        "winLossSplits": "43% - 54%",
        "awayHome": "A",
        "playedYesterday": "N",
        "awayHomeSplits": "35% - 58%",
        "savesAboveExp": 0.033,
        "gsaa": 7.37,
        "corsi": "56.8% (68.9) // 57.5% (67.6) // 55.9% (64.5) // 54.5% (60.3)",
        "fenwick": "55.7% (48.5) // 55.8% (49.6) // 55.1% (49.0) // 53.5% (44.8)",
        "shots": "55.6% (33.9) // 56.2% (34.2) // 56.0% (34.6) // 53.2% (32.8)",
        "scoring": "57.1% (31.9) // 60.6% (31.5) // 60.7% (30.7) // 57.2% (28.2)",
        "corsiAgainst": "43.2% (52.4) // 42.5% (50.1) // 44.1% (51.0) // 45.5% (50.3)",
        "fenwickAgainst": "44.3% (38.5) // 44.2% (39.3) // 44.9% (39.9) // 46.5% (38.9)",
        "shotsAgainst": "44.4% (27.0) // 43.8% (26.7) // 44.0% (27.1) // 46.8% (28.9)",
        "scoringAgainst": "42.9% (23.9) // 39.4% (20.5) // 39.3% (19.9) // 42.8% (21.1)",
        "oppCorsi": "52.7% (66.0) // 55.0% (69.4) // 55.8% (70.3) // 55.0% (72.1)",
        "oppFenwick": "51.8% (47.4) // 54.7% (48.6) // 56.0% (52.1) // 54.8% (54.1)",
        "oppShots": "52.4% (32.9) // 54.6% (33.9) // 55.4% (36.6) // 54.0% (37.7)",
        "oppScoring": "53.2% (32.4) // 57.3% (34.4) // 60.7% (35.4) // 59.0% (36.7)",
        "oppCorsiAgainst": "47.3% (59.3) // 45.0% (56.8) // 44.2% (55.6) // 45.0% (59.0)",
        "oppFenwickAgainst": "48.2% (44.1) // 45.3% (40.2) // 44.0% (41.0) // 45.2% (44.6)",
        "oppShotsAgainst": "47.6% (29.9) // 45.4% (28.2) // 44.6% (29.5) // 46.0% (32.1)",
        "oppScoringAgainst": "46.8% (28.5) // 42.7% (25.6) // 39.3% (23.0) // 41.0% (25.6)",
        "totalOver": 47,
        "totalOverLast5": 60,
        "totalOverLast15": 60,
        "lastTotalOver": 53,
        "last5": "5,5,0,3,1,3,4,3,5,4",
        "fd": "-128/-102",
        "dk": "-130/+100",
        "kambi": "0",
        "lowest": "-128 FD",
        "implied": 56.14035087719298,
        "overOdds": "-130",
        "underOdds": "+100",
        "overUnder": "-130 / +100"
    },
    {
        "player": "Brandon Montour",
        "team": "FLA",
        "opponent": "PIT",
        "propType": "atgs",
        "line": 0.5,
        "ppLine": "",
        "avg": 0.0,
        "hit": false,
        "diffAvg": 0,
        "diffAbs": 1.0,
        "lastAvg": 0.0,
        "diff": 0,
        "avgMin": 23,
        "proj": 0.0,
        "lastAvgMin": 24.12,
        "oppOver": 0,
        "teamOver": 0,
        "gameLine": "-125",
        "+/-": -2,
        "L5_+/-": "+2.0",
        "prevMatchup": "2024-01-26 0.0 atgs 2023-12-08 0.0 atgs",
        "winLossSplits": "0% - 0%",
        "awayHome": "A",
        "playedYesterday": "N",
        "awayHomeSplits": "0% - 0%",
        "savesAboveExp": 0.033,
        "gsaa": 7.37,
        "corsi": "56.8% (68.9) // 57.5% (67.6) // 55.9% (64.5) // 54.5% (60.3)",
        "fenwick": "55.7% (48.5) // 55.8% (49.6) // 55.1% (49.0) // 53.5% (44.8)",
        "shots": "55.6% (33.9) // 56.2% (34.2) // 56.0% (34.6) // 53.2% (32.8)",
        "scoring": "57.1% (31.9) // 60.6% (31.5) // 60.7% (30.7) // 57.2% (28.2)",
        "corsiAgainst": "43.2% (52.4) // 42.5% (50.1) // 44.1% (51.0) // 45.5% (50.3)",
        "fenwickAgainst": "44.3% (38.5) // 44.2% (39.3) // 44.9% (39.9) // 46.5% (38.9)",
        "shotsAgainst": "44.4% (27.0) // 43.8% (26.7) // 44.0% (27.1) // 46.8% (28.9)",
        "scoringAgainst": "42.9% (23.9) // 39.4% (20.5) // 39.3% (19.9) // 42.8% (21.1)",
        "oppCorsi": "52.7% (66.0) // 55.0% (69.4) // 55.8% (70.3) // 55.0% (72.1)",
        "oppFenwick": "51.8% (47.4) // 54.7% (48.6) // 56.0% (52.1) // 54.8% (54.1)",
        "oppShots": "52.4% (32.9) // 54.6% (33.9) // 55.4% (36.6) // 54.0% (37.7)",
        "oppScoring": "53.2% (32.4) // 57.3% (34.4) // 60.7% (35.4) // 59.0% (36.7)",
        "oppCorsiAgainst": "47.3% (59.3) // 45.0% (56.8) // 44.2% (55.6) // 45.0% (59.0)",
        "oppFenwickAgainst": "48.2% (44.1) // 45.3% (40.2) // 44.0% (41.0) // 45.2% (44.6)",
        "oppShotsAgainst": "47.6% (29.9) // 45.4% (28.2) // 44.6% (29.5) // 46.0% (32.1)",
        "oppScoringAgainst": "46.8% (28.5) // 42.7% (25.6) // 39.3% (23.0) // 41.0% (25.6)",
        "totalOver": 0,
        "totalOverLast5": 0,
        "totalOverLast15": 0,
        "lastTotalOver": 0,
        "last5": "0,0,0,0,0,0,0,0,0,0",
        "fd": "0",
        "dk": "+550",
        "kambi": "480",
        "lowest": "550 DK",
        "implied": 15.384615384615385,
        "overOdds": "+550",
        "underOdds": "0",
        "overUnder": "+550 / 0"
    },
    {
        "player": "Bryan Rust",
        "team": "PIT",
        "opponent": "FLA",
        "propType": "ast",
        "line": 0.5,
        "ppLine": "",
        "avg": 0.44,
        "hit": false,
        "diffAvg": -0.12,
        "diffAbs": 0.4,
        "lastAvg": 0.32,
        "diff": -0.36,
        "avgMin": 19,
        "proj": 0.3,
        "lastAvgMin": 17.88,
        "oppOver": 0,
        "teamOver": 0,
        "gameLine": "+105",
        "+/-": "+15",
        "L5_+/-": "+3.0",
        "prevMatchup": "2024-01-26 2.0 ast",
        "winLossSplits": "40% - 29%",
        "awayHome": "H",
        "playedYesterday": "N",
        "awayHomeSplits": "37% - 29%",
        "savesAboveExp": -0.102,
        "gsaa": 8.2,
        "corsi": "52.7% (66.0) // 55.0% (69.4) // 55.8% (70.3) // 55.0% (72.1)",
        "fenwick": "51.8% (47.4) // 54.7% (48.6) // 56.0% (52.1) // 54.8% (54.1)",
        "shots": "52.4% (32.9) // 54.6% (33.9) // 55.4% (36.6) // 54.0% (37.7)",
        "scoring": "53.2% (32.4) // 57.3% (34.4) // 60.7% (35.4) // 59.0% (36.7)",
        "corsiAgainst": "47.3% (59.3) // 45.0% (56.8) // 44.2% (55.6) // 45.0% (59.0)",
        "fenwickAgainst": "48.2% (44.1) // 45.3% (40.2) // 44.0% (41.0) // 45.2% (44.6)",
        "shotsAgainst": "47.6% (29.9) // 45.4% (28.2) // 44.6% (29.5) // 46.0% (32.1)",
        "scoringAgainst": "46.8% (28.5) // 42.7% (25.6) // 39.3% (23.0) // 41.0% (25.6)",
        "oppCorsi": "56.8% (68.9) // 57.5% (67.6) // 55.9% (64.5) // 54.5% (60.3)",
        "oppFenwick": "55.7% (48.5) // 55.8% (49.6) // 55.1% (49.0) // 53.5% (44.8)",
        "oppShots": "55.6% (33.9) // 56.2% (34.2) // 56.0% (34.6) // 53.2% (32.8)",
        "oppScoring": "57.1% (31.9) // 60.6% (31.5) // 60.7% (30.7) // 57.2% (28.2)",
        "oppCorsiAgainst": "43.2% (52.4) // 42.5% (50.1) // 44.1% (51.0) // 45.5% (50.3)",
        "oppFenwickAgainst": "44.3% (38.5) // 44.2% (39.3) // 44.9% (39.9) // 46.5% (38.9)",
        "oppShotsAgainst": "44.4% (27.0) // 43.8% (26.7) // 44.0% (27.1) // 46.8% (28.9)",
        "oppScoringAgainst": "42.9% (23.9) // 39.4% (20.5) // 39.3% (19.9) // 42.8% (21.1)",
        "totalOver": 33,
        "totalOverLast5": 20,
        "totalOverLast15": 33,
        "lastTotalOver": 25,
        "last5": "0,0,0,0,2,0,0,1,1,0",
        "fd": "+190",
        "dk": "+180/-238",
        "kambi": "0",
        "lowest": "190 FD",
        "implied": 34.48275862068966,
        "overOdds": "+180",
        "underOdds": "-238",
        "overUnder": "+180 / -238"
    },
    {
        "player": "Bryan Rust",
        "team": "PIT",
        "opponent": "FLA",
        "propType": "pts",
        "line": 0.5,
        "ppLine": "",
        "avg": 0.81,
        "hit": false,
        "diffAvg": 0.62,
        "diffAbs": 0.2,
        "lastAvg": 0.57,
        "diff": 0.14,
        "avgMin": 19,
        "proj": 0.6,
        "lastAvgMin": 17.88,
        "oppOver": 0,
        "teamOver": 0,
        "gameLine": "+105",
        "+/-": "+15",
        "L5_+/-": "+3.0",
        "prevMatchup": "2024-01-26 2.0 pts",
        "winLossSplits": "60% - 57%",
        "awayHome": "H",
        "playedYesterday": "N",
        "awayHomeSplits": "58% - 59%",
        "savesAboveExp": -0.102,
        "gsaa": 8.2,
        "corsi": "52.7% (66.0) // 55.0% (69.4) // 55.8% (70.3) // 55.0% (72.1)",
        "fenwick": "51.8% (47.4) // 54.7% (48.6) // 56.0% (52.1) // 54.8% (54.1)",
        "shots": "52.4% (32.9) // 54.6% (33.9) // 55.4% (36.6) // 54.0% (37.7)",
        "scoring": "53.2% (32.4) // 57.3% (34.4) // 60.7% (35.4) // 59.0% (36.7)",
        "corsiAgainst": "47.3% (59.3) // 45.0% (56.8) // 44.2% (55.6) // 45.0% (59.0)",
        "fenwickAgainst": "48.2% (44.1) // 45.3% (40.2) // 44.0% (41.0) // 45.2% (44.6)",
        "shotsAgainst": "47.6% (29.9) // 45.4% (28.2) // 44.6% (29.5) // 46.0% (32.1)",
        "scoringAgainst": "46.8% (28.5) // 42.7% (25.6) // 39.3% (23.0) // 41.0% (25.6)",
        "oppCorsi": "56.8% (68.9) // 57.5% (67.6) // 55.9% (64.5) // 54.5% (60.3)",
        "oppFenwick": "55.7% (48.5) // 55.8% (49.6) // 55.1% (49.0) // 53.5% (44.8)",
        "oppShots": "55.6% (33.9) // 56.2% (34.2) // 56.0% (34.6) // 53.2% (32.8)",
        "oppScoring": "57.1% (31.9) // 60.6% (31.5) // 60.7% (30.7) // 57.2% (28.2)",
        "oppCorsiAgainst": "43.2% (52.4) // 42.5% (50.1) // 44.1% (51.0) // 45.5% (50.3)",
        "oppFenwickAgainst": "44.3% (38.5) // 44.2% (39.3) // 44.9% (39.9) // 46.5% (38.9)",
        "oppShotsAgainst": "44.4% (27.0) // 43.8% (26.7) // 44.0% (27.1) // 46.8% (28.9)",
        "oppScoringAgainst": "42.9% (23.9) // 39.4% (20.5) // 39.3% (19.9) // 42.8% (21.1)",
        "totalOver": 58,
        "totalOverLast5": 60,
        "totalOverLast15": 47,
        "lastTotalOver": 37,
        "last5": "1,0,1,0,2,0,0,1,2,0",
        "fd": "-118",
        "dk": "-120/-110",
        "kambi": "-130/100",
        "lowest": "-118 FD",
        "implied": 54.12844036697248,
        "overOdds": "-120",
        "underOdds": "-110",
        "overUnder": "-120 / -110"
    },
    {
        "player": "Bryan Rust",
        "team": "PIT",
        "opponent": "FLA",
        "propType": "sog",
        "line": 2.5,
        "ppLine": "",
        "avg": 3.08,
        "hit": false,
        "diffAvg": 0.23,
        "diffAbs": 0.12,
        "lastAvg": 2.6,
        "diff": 0.04,
        "avgMin": 19,
        "proj": 2.8,
        "lastAvgMin": 17.88,
        "oppOver": 0,
        "teamOver": 0,
        "gameLine": "+105",
        "+/-": "+15",
        "L5_+/-": "+3.0",
        "prevMatchup": "2024-01-26 4.0 sog",
        "winLossSplits": "53% - 57%",
        "awayHome": "H",
        "playedYesterday": "N",
        "awayHomeSplits": "47% - 65%",
        "savesAboveExp": -0.102,
        "gsaa": 8.2,
        "corsi": "52.7% (66.0) // 55.0% (69.4) // 55.8% (70.3) // 55.0% (72.1)",
        "fenwick": "51.8% (47.4) // 54.7% (48.6) // 56.0% (52.1) // 54.8% (54.1)",
        "shots": "52.4% (32.9) // 54.6% (33.9) // 55.4% (36.6) // 54.0% (37.7)",
        "scoring": "53.2% (32.4) // 57.3% (34.4) // 60.7% (35.4) // 59.0% (36.7)",
        "corsiAgainst": "47.3% (59.3) // 45.0% (56.8) // 44.2% (55.6) // 45.0% (59.0)",
        "fenwickAgainst": "48.2% (44.1) // 45.3% (40.2) // 44.0% (41.0) // 45.2% (44.6)",
        "shotsAgainst": "47.6% (29.9) // 45.4% (28.2) // 44.6% (29.5) // 46.0% (32.1)",
        "scoringAgainst": "46.8% (28.5) // 42.7% (25.6) // 39.3% (23.0) // 41.0% (25.6)",
        "oppCorsi": "56.8% (68.9) // 57.5% (67.6) // 55.9% (64.5) // 54.5% (60.3)",
        "oppFenwick": "55.7% (48.5) // 55.8% (49.6) // 55.1% (49.0) // 53.5% (44.8)",
        "oppShots": "55.6% (33.9) // 56.2% (34.2) // 56.0% (34.6) // 53.2% (32.8)",
        "oppScoring": "57.1% (31.9) // 60.6% (31.5) // 60.7% (30.7) // 57.2% (28.2)",
        "oppCorsiAgainst": "43.2% (52.4) // 42.5% (50.1) // 44.1% (51.0) // 45.5% (50.3)",
        "oppFenwickAgainst": "44.3% (38.5) // 44.2% (39.3) // 44.9% (39.9) // 46.5% (38.9)",
        "oppShotsAgainst": "44.4% (27.0) // 43.8% (26.7) // 44.0% (27.1) // 46.8% (28.9)",
        "oppScoringAgainst": "42.9% (23.9) // 39.4% (20.5) // 39.3% (19.9) // 42.8% (21.1)",
        "totalOver": 56,
        "totalOverLast5": 60,
        "totalOverLast15": 40,
        "lastTotalOver": 44,
        "last5": "7,1,4,1,4,2,5,2,3,2",
        "fd": "-148/+114",
        "dk": "-145/+114",
        "kambi": "0",
        "lowest": "-145 DK",
        "implied": 59.183673469387756,
        "overOdds": "-145",
        "underOdds": "+114",
        "overUnder": "-145 / +114"
    },
    {
        "player": "Bryan Rust",
        "team": "PIT",
        "opponent": "FLA",
        "propType": "atgs",
        "line": 0.5,
        "ppLine": "",
        "avg": 0.0,
        "hit": false,
        "diffAvg": 0,
        "diffAbs": 1.0,
        "lastAvg": 0.0,
        "diff": 0,
        "avgMin": 19,
        "proj": 0.0,
        "lastAvgMin": 17.88,
        "oppOver": 0,
        "teamOver": 0,
        "gameLine": "+105",
        "+/-": "+15",
        "L5_+/-": "+3.0",
        "prevMatchup": "2024-01-26 0.0 atgs",
        "winLossSplits": "0% - 0%",
        "awayHome": "H",
        "playedYesterday": "N",
        "awayHomeSplits": "0% - 0%",
        "savesAboveExp": -0.102,
        "gsaa": 8.2,
        "corsi": "52.7% (66.0) // 55.0% (69.4) // 55.8% (70.3) // 55.0% (72.1)",
        "fenwick": "51.8% (47.4) // 54.7% (48.6) // 56.0% (52.1) // 54.8% (54.1)",
        "shots": "52.4% (32.9) // 54.6% (33.9) // 55.4% (36.6) // 54.0% (37.7)",
        "scoring": "53.2% (32.4) // 57.3% (34.4) // 60.7% (35.4) // 59.0% (36.7)",
        "corsiAgainst": "47.3% (59.3) // 45.0% (56.8) // 44.2% (55.6) // 45.0% (59.0)",
        "fenwickAgainst": "48.2% (44.1) // 45.3% (40.2) // 44.0% (41.0) // 45.2% (44.6)",
        "shotsAgainst": "47.6% (29.9) // 45.4% (28.2) // 44.6% (29.5) // 46.0% (32.1)",
        "scoringAgainst": "46.8% (28.5) // 42.7% (25.6) // 39.3% (23.0) // 41.0% (25.6)",
        "oppCorsi": "56.8% (68.9) // 57.5% (67.6) // 55.9% (64.5) // 54.5% (60.3)",
        "oppFenwick": "55.7% (48.5) // 55.8% (49.6) // 55.1% (49.0) // 53.5% (44.8)",
        "oppShots": "55.6% (33.9) // 56.2% (34.2) // 56.0% (34.6) // 53.2% (32.8)",
        "oppScoring": "57.1% (31.9) // 60.6% (31.5) // 60.7% (30.7) // 57.2% (28.2)",
        "oppCorsiAgainst": "43.2% (52.4) // 42.5% (50.1) // 44.1% (51.0) // 45.5% (50.3)",
        "oppFenwickAgainst": "44.3% (38.5) // 44.2% (39.3) // 44.9% (39.9) // 46.5% (38.9)",
        "oppShotsAgainst": "44.4% (27.0) // 43.8% (26.7) // 44.0% (27.1) // 46.8% (28.9)",
        "oppScoringAgainst": "42.9% (23.9) // 39.4% (20.5) // 39.3% (19.9) // 42.8% (21.1)",
        "totalOver": 0,
        "totalOverLast5": 0,
        "totalOverLast15": 0,
        "lastTotalOver": 0,
        "last5": "0,0,0,0,0,0,0,0,0,0",
        "fd": "0",
        "dk": "+205",
        "kambi": "215",
        "lowest": "215 BR",
        "implied": 31.746031746031743,
        "overOdds": "+205",
        "underOdds": "0",
        "overUnder": "+205 / 0"
    },
    {
        "player": "Carter Verhaeghe",
        "team": "FLA",
        "opponent": "PIT",
        "propType": "ast",
        "line": 0.5,
        "ppLine": "",
        "avg": 0.52,
        "hit": false,
        "diffAvg": 0.04,
        "diffAbs": 0.4,
        "lastAvg": 0.3,
        "diff": -0.4,
        "avgMin": 17,
        "proj": 0.3,
        "lastAvgMin": 17.5,
        "oppOver": 0,
        "teamOver": 0,
        "gameLine": "-125",
        "+/-": "+13",
        "L5_+/-": "+7.0",
        "prevMatchup": "2024-01-26 0.0 ast 2023-12-08 1.0 ast",
        "winLossSplits": "58% - 26%",
        "awayHome": "A",
        "playedYesterday": "N",
        "awayHomeSplits": "42% - 50%",
        "savesAboveExp": 0.033,
        "gsaa": 7.37,
        "corsi": "56.8% (68.9) // 57.5% (67.6) // 55.9% (64.5) // 54.5% (60.3)",
        "fenwick": "55.7% (48.5) // 55.8% (49.6) // 55.1% (49.0) // 53.5% (44.8)",
        "shots": "55.6% (33.9) // 56.2% (34.2) // 56.0% (34.6) // 53.2% (32.8)",
        "scoring": "57.1% (31.9) // 60.6% (31.5) // 60.7% (30.7) // 57.2% (28.2)",
        "corsiAgainst": "43.2% (52.4) // 42.5% (50.1) // 44.1% (51.0) // 45.5% (50.3)",
        "fenwickAgainst": "44.3% (38.5) // 44.2% (39.3) // 44.9% (39.9) // 46.5% (38.9)",
        "shotsAgainst": "44.4% (27.0) // 43.8% (26.7) // 44.0% (27.1) // 46.8% (28.9)",
        "scoringAgainst": "42.9% (23.9) // 39.4% (20.5) // 39.3% (19.9) // 42.8% (21.1)",
        "oppCorsi": "52.7% (66.0) // 55.0% (69.4) // 55.8% (70.3) // 55.0% (72.1)",
        "oppFenwick": "51.8% (47.4) // 54.7% (48.6) // 56.0% (52.1) // 54.8% (54.1)",
        "oppShots": "52.4% (32.9) // 54.6% (33.9) // 55.4% (36.6) // 54.0% (37.7)",
        "oppScoring": "53.2% (32.4) // 57.3% (34.4) // 60.7% (35.4) // 59.0% (36.7)",
        "oppCorsiAgainst": "47.3% (59.3) // 45.0% (56.8) // 44.2% (55.6) // 45.0% (59.0)",
        "oppFenwickAgainst": "48.2% (44.1) // 45.3% (40.2) // 44.0% (41.0) // 45.2% (44.6)",
        "oppShotsAgainst": "47.6% (29.9) // 45.4% (28.2) // 44.6% (29.5) // 46.0% (32.1)",
        "oppScoringAgainst": "46.8% (28.5) // 42.7% (25.6) // 39.3% (23.0) // 41.0% (25.6)",
        "totalOver": 46,
        "totalOverLast5": 40,
        "totalOverLast15": 60,
        "lastTotalOver": 35,
        "last5": "0,1,0,1,0,3,1,1,0,1",
        "fd": "+142",
        "dk": "+140/-180",
        "kambi": "0",
        "lowest": "142 FD",
        "implied": 41.32231404958678,
        "overOdds": "+140",
        "underOdds": "-180",
        "overUnder": "+140 / -180"
    },
    {
        "player": "Carter Verhaeghe",
        "team": "FLA",
        "opponent": "PIT",
        "propType": "pts",
        "line": 0.5,
        "ppLine": "",
        "avg": 1.02,
        "hit": false,
        "diffAvg": 1.04,
        "diffAbs": 0.4,
        "lastAvg": 0.72,
        "diff": 0.44,
        "avgMin": 17,
        "proj": 0.7,
        "lastAvgMin": 17.5,
        "oppOver": 0,
        "teamOver": 0,
        "gameLine": "-125",
        "+/-": "+13",
        "L5_+/-": "+7.0",
        "prevMatchup": "2024-01-26 0.0 pts 2023-12-08 1.0 pts",
        "winLossSplits": "82% - 37%",
        "awayHome": "A",
        "playedYesterday": "N",
        "awayHomeSplits": "58% - 73%",
        "savesAboveExp": 0.033,
        "gsaa": 7.37,
        "corsi": "56.8% (68.9) // 57.5% (67.6) // 55.9% (64.5) // 54.5% (60.3)",
        "fenwick": "55.7% (48.5) // 55.8% (49.6) // 55.1% (49.0) // 53.5% (44.8)",
        "shots": "55.6% (33.9) // 56.2% (34.2) // 56.0% (34.6) // 53.2% (32.8)",
        "scoring": "57.1% (31.9) // 60.6% (31.5) // 60.7% (30.7) // 57.2% (28.2)",
        "corsiAgainst": "43.2% (52.4) // 42.5% (50.1) // 44.1% (51.0) // 45.5% (50.3)",
        "fenwickAgainst": "44.3% (38.5) // 44.2% (39.3) // 44.9% (39.9) // 46.5% (38.9)",
        "shotsAgainst": "44.4% (27.0) // 43.8% (26.7) // 44.0% (27.1) // 46.8% (28.9)",
        "scoringAgainst": "42.9% (23.9) // 39.4% (20.5) // 39.3% (19.9) // 42.8% (21.1)",
        "oppCorsi": "52.7% (66.0) // 55.0% (69.4) // 55.8% (70.3) // 55.0% (72.1)",
        "oppFenwick": "51.8% (47.4) // 54.7% (48.6) // 56.0% (52.1) // 54.8% (54.1)",
        "oppShots": "52.4% (32.9) // 54.6% (33.9) // 55.4% (36.6) // 54.0% (37.7)",
        "oppScoring": "53.2% (32.4) // 57.3% (34.4) // 60.7% (35.4) // 59.0% (36.7)",
        "oppCorsiAgainst": "47.3% (59.3) // 45.0% (56.8) // 44.2% (55.6) // 45.0% (59.0)",
        "oppFenwickAgainst": "48.2% (44.1) // 45.3% (40.2) // 44.0% (41.0) // 45.2% (44.6)",
        "oppShotsAgainst": "47.6% (29.9) // 45.4% (28.2) // 44.6% (29.5) // 46.0% (32.1)",
