[
    {
        "player": "Alex Debrincat",
        "team": "DET",
        "opponent": "COL",
        "propType": "ast",
        "line": 0.5,
        "ppLine": "",
        "avg": 0.51,
        "hit": false,
        "diffAvg": 0.02,
        "diffAbs": 0.2,
        "lastAvg": 0.48,
        "diff": -0.04,
        "avgMin": 17,
        "proj": 0.4,
        "lastAvgMin": 19.0,
        "oppOver": 0,
        "teamOver": 0,
        "gameLine": "+114",
        "+/-": 0,
        "L5_+/-": -1.0,
        "prevMatchup": "",
        "winLossSplits": "59% - 31%",
        "awayHome": "H",
        "playedYesterday": "N",
        "awayHomeSplits": "41% - 50%",
        "savesAboveExp": "-",
        "gsaa": "-",
        "corsi": "47.0% (56.4) // 47.0% (57.4) // 43.9% (54.8) // 45.3% (57.4)",
        "fenwick": "46.9% (41.3) // 45.6% (40.5) // 44.0% (37.8) // 41.0% (36.1)",
        "shots": "47.6% (29.2) // 43.1% (26.7) // 41.0% (25.1) // 36.6% (22.3)",
        "scoring": "46.7% (27.3) // 47.5% (27.6) // 43.5% (26.1) // 44.4% (27.2)",
        "corsiAgainst": "53.0% (63.7) // 53.0% (64.7) // 56.1% (70.1) // 54.7% (69.2)",
        "fenwickAgainst": "53.1% (46.7) // 54.4% (48.3) // 56.0% (48.0) // 59.0% (51.9)",
        "shotsAgainst": "52.4% (32.1) // 56.9% (35.2) // 59.0% (36.0) // 63.4% (38.6)",
        "scoringAgainst": "53.3% (31.2) // 52.5% (30.5) // 56.5% (33.9) // 55.6% (34.1)",
        "oppCorsi": "53.2% (63.4) // 52.8% (60.2) // 54.9% (65.8) // 52.8% (59.0)",
        "oppFenwick": "52.9% (45.4) // 52.6% (42.8) // 55.1% (45.0) // 53.1% (41.2)",
        "oppShots": "52.8% (31.7) // 53.8% (30.8) // 55.9% (33.0) // 54.8% (31.5)",
        "oppScoring": "53.6% (30.5) // 54.1% (28.3) // 55.7% (29.5) // 52.9% (26.6)",
        "oppCorsiAgainst": "46.8% (55.7) // 47.2% (53.9) // 45.1% (53.9) // 47.2% (52.9)",
        "oppFenwickAgainst": "47.1% (40.4) // 47.4% (38.5) // 44.9% (36.7) // 46.9% (36.3)",
        "oppShotsAgainst": "47.2% (28.3) // 46.2% (26.5) // 44.1% (26.0) // 45.2% (25.9)",
        "oppScoringAgainst": "46.4% (26.4) // 45.9% (24.0) // 44.3% (23.5) // 47.1% (23.7)",
        "totalOver": 45,
        "totalOverLast5": 60,
        "totalOverLast15": 47,
        "lastTotalOver": 41,
        "last5": "1,1,0,1,0,0,1,0,1,0",
        "fd": "+144",
        "dk": "+154/-200",
        "kambi": "0",
        "lowest": "154 DK",
        "implied": 39.37007874015748,
        "overOdds": "+154",
        "underOdds": "-200",
        "overUnder": "+154 / -200"
    },
    {
        "player": "Alex Debrincat",
        "team": "DET",
        "opponent": "COL",
        "propType": "pts",
        "line": 0.5,
        "ppLine": "",
        "avg": 0.85,
        "hit": false,
        "diffAvg": 0.7,
        "diffAbs": 0.4,
        "lastAvg": 0.8,
        "diff": 0.6,
        "avgMin": 17,
        "proj": 0.7,
        "lastAvgMin": 19.0,
        "oppOver": 0,
        "teamOver": 0,
        "gameLine": "+114",
        "+/-": 0,
        "L5_+/-": -1.0,
        "prevMatchup": "",
        "winLossSplits": "62% - 46%",
        "awayHome": "H",
        "playedYesterday": "N",
        "awayHomeSplits": "48% - 61%",
        "savesAboveExp": "-",
        "gsaa": "-",
        "corsi": "47.0% (56.4) // 47.0% (57.4) // 43.9% (54.8) // 45.3% (57.4)",
        "fenwick": "46.9% (41.3) // 45.6% (40.5) // 44.0% (37.8) // 41.0% (36.1)",
        "shots": "47.6% (29.2) // 43.1% (26.7) // 41.0% (25.1) // 36.6% (22.3)",
        "scoring": "46.7% (27.3) // 47.5% (27.6) // 43.5% (26.1) // 44.4% (27.2)",
        "corsiAgainst": "53.0% (63.7) // 53.0% (64.7) // 56.1% (70.1) // 54.7% (69.2)",
        "fenwickAgainst": "53.1% (46.7) // 54.4% (48.3) // 56.0% (48.0) // 59.0% (51.9)",
        "shotsAgainst": "52.4% (32.1) // 56.9% (35.2) // 59.0% (36.0) // 63.4% (38.6)",
        "scoringAgainst": "53.3% (31.2) // 52.5% (30.5) // 56.5% (33.9) // 55.6% (34.1)",
        "oppCorsi": "53.2% (63.4) // 52.8% (60.2) // 54.9% (65.8) // 52.8% (59.0)",
        "oppFenwick": "52.9% (45.4) // 52.6% (42.8) // 55.1% (45.0) // 53.1% (41.2)",
        "oppShots": "52.8% (31.7) // 53.8% (30.8) // 55.9% (33.0) // 54.8% (31.5)",
        "oppScoring": "53.6% (30.5) // 54.1% (28.3) // 55.7% (29.5) // 52.9% (26.6)",
        "oppCorsiAgainst": "46.8% (55.7) // 47.2% (53.9) // 45.1% (53.9) // 47.2% (52.9)",
        "oppFenwickAgainst": "47.1% (40.4) // 47.4% (38.5) // 44.9% (36.7) // 46.9% (36.3)",
        "oppShotsAgainst": "47.2% (28.3) // 46.2% (26.5) // 44.1% (26.0) // 45.2% (25.9)",
        "oppScoringAgainst": "46.4% (26.4) // 45.9% (24.0) // 44.3% (23.5) // 47.1% (23.7)",
        "totalOver": 55,
        "totalOverLast5": 60,
        "totalOverLast15": 47,
        "lastTotalOver": 63,
        "last5": "1,1,0,2,0,0,1,0,2,0",
        "fd": "-146",
        "dk": "-130/+100",
        "kambi": "-127/-103",
        "lowest": "-127 BR",
        "implied": 55.947136563876654,
        "overOdds": "-130",
        "underOdds": "+100",
        "overUnder": "-130 / +100"
    },
    {
        "player": "Alex Debrincat",
        "team": "DET",
        "opponent": "COL",
        "propType": "sog",
        "line": 2.5,
        "ppLine": "",
        "avg": 2.71,
        "hit": false,
        "diffAvg": 0.08,
        "diffAbs": 0.16,
        "lastAvg": 3.21,
        "diff": 0.28,
        "avgMin": 17,
        "proj": 2.9,
        "lastAvgMin": 19.0,
        "oppOver": 0,
        "teamOver": 0,
        "gameLine": "+114",
        "+/-": 0,
        "L5_+/-": -1.0,
        "prevMatchup": "",
        "winLossSplits": "41% - 69%",
        "awayHome": "H",
        "playedYesterday": "N",
        "awayHomeSplits": "44% - 64%",
        "savesAboveExp": "-",
        "gsaa": "-",
        "corsi": "47.0% (56.4) // 47.0% (57.4) // 43.9% (54.8) // 45.3% (57.4)",
        "fenwick": "46.9% (41.3) // 45.6% (40.5) // 44.0% (37.8) // 41.0% (36.1)",
        "shots": "47.6% (29.2) // 43.1% (26.7) // 41.0% (25.1) // 36.6% (22.3)",
        "scoring": "46.7% (27.3) // 47.5% (27.6) // 43.5% (26.1) // 44.4% (27.2)",
        "corsiAgainst": "53.0% (63.7) // 53.0% (64.7) // 56.1% (70.1) // 54.7% (69.2)",
        "fenwickAgainst": "53.1% (46.7) // 54.4% (48.3) // 56.0% (48.0) // 59.0% (51.9)",
        "shotsAgainst": "52.4% (32.1) // 56.9% (35.2) // 59.0% (36.0) // 63.4% (38.6)",
        "scoringAgainst": "53.3% (31.2) // 52.5% (30.5) // 56.5% (33.9) // 55.6% (34.1)",
        "oppCorsi": "53.2% (63.4) // 52.8% (60.2) // 54.9% (65.8) // 52.8% (59.0)",
        "oppFenwick": "52.9% (45.4) // 52.6% (42.8) // 55.1% (45.0) // 53.1% (41.2)",
        "oppShots": "52.8% (31.7) // 53.8% (30.8) // 55.9% (33.0) // 54.8% (31.5)",
        "oppScoring": "53.6% (30.5) // 54.1% (28.3) // 55.7% (29.5) // 52.9% (26.6)",
        "oppCorsiAgainst": "46.8% (55.7) // 47.2% (53.9) // 45.1% (53.9) // 47.2% (52.9)",
        "oppFenwickAgainst": "47.1% (40.4) // 47.4% (38.5) // 44.9% (36.7) // 46.9% (36.3)",
        "oppShotsAgainst": "47.2% (28.3) // 46.2% (26.5) // 44.1% (26.0) // 45.2% (25.9)",
        "oppScoringAgainst": "46.4% (26.4) // 45.9% (24.0) // 44.3% (23.5) // 47.1% (23.7)",
        "totalOver": 55,
        "totalOverLast5": 40,
        "totalOverLast15": 33,
        "lastTotalOver": 54,
        "last5": "0,3,2,4,1,2,0,1,3,3",
        "fd": "+106/-138",
        "dk": "+110/-140",
        "kambi": "-106/-122",
        "lowest": "110 DK",
        "implied": 47.61904761904761,
        "overOdds": "+110",
        "underOdds": "-140",
        "overUnder": "+110 / -140"
    },
    {
        "player": "Artturi Lehkonen",
        "team": "COL",
        "opponent": "DET",
        "propType": "ast",
        "line": 0.5,
        "ppLine": "",
        "avg": 0.41,
        "hit": false,
        "diffAvg": -0.18,
        "diffAbs": 0.2,
        "lastAvg": 0.42,
        "diff": -0.16,
        "avgMin": 18,
        "proj": 0.4,
        "lastAvgMin": 20.45,
        "oppOver": 0,
        "teamOver": 0,
        "gameLine": "-135",
        "+/-": -4,
        "L5_+/-": -1.0,
        "prevMatchup": "",
        "winLossSplits": "23% - 33%",
        "awayHome": "A",
        "playedYesterday": "N",
        "awayHomeSplits": "23% - 33%",
        "savesAboveExp": "-",
        "gsaa": 7.67,
        "corsi": "53.2% (63.4) // 52.8% (60.2) // 54.9% (65.8) // 52.8% (59.0)",
        "fenwick": "52.9% (45.4) // 52.6% (42.8) // 55.1% (45.0) // 53.1% (41.2)",
        "shots": "52.8% (31.7) // 53.8% (30.8) // 55.9% (33.0) // 54.8% (31.5)",
        "scoring": "53.6% (30.5) // 54.1% (28.3) // 55.7% (29.5) // 52.9% (26.6)",
        "corsiAgainst": "46.8% (55.7) // 47.2% (53.9) // 45.1% (53.9) // 47.2% (52.9)",
        "fenwickAgainst": "47.1% (40.4) // 47.4% (38.5) // 44.9% (36.7) // 46.9% (36.3)",
        "shotsAgainst": "47.2% (28.3) // 46.2% (26.5) // 44.1% (26.0) // 45.2% (25.9)",
        "scoringAgainst": "46.4% (26.4) // 45.9% (24.0) // 44.3% (23.5) // 47.1% (23.7)",
        "oppCorsi": "47.0% (56.4) // 47.0% (57.4) // 43.9% (54.8) // 45.3% (57.4)",
        "oppFenwick": "46.9% (41.3) // 45.6% (40.5) // 44.0% (37.8) // 41.0% (36.1)",
        "oppShots": "47.6% (29.2) // 43.1% (26.7) // 41.0% (25.1) // 36.6% (22.3)",
        "oppScoring": "46.7% (27.3) // 47.5% (27.6) // 43.5% (26.1) // 44.4% (27.2)",
        "oppCorsiAgainst": "53.0% (63.7) // 53.0% (64.7) // 56.1% (70.1) // 54.7% (69.2)",
        "oppFenwickAgainst": "53.1% (46.7) // 54.4% (48.3) // 56.0% (48.0) // 59.0% (51.9)",
        "oppShotsAgainst": "52.4% (32.1) // 56.9% (35.2) // 59.0% (36.0) // 63.4% (38.6)",
        "oppScoringAgainst": "53.3% (31.2) // 52.5% (30.5) // 56.5% (33.9) // 55.6% (34.1)",
        "totalOver": 27,
        "totalOverLast5": 40,
        "totalOverLast15": 27,
        "lastTotalOver": 39,
        "last5": "0,0,1,2,0,0,1,0,0,0",
        "fd": "0",
        "dk": "+150/-195",
        "kambi": "0",
        "lowest": "150 DK",
        "implied": 40.0,
        "overOdds": "+150",
        "underOdds": "-195",
        "overUnder": "+150 / -195"
    },
    {
        "player": "Artturi Lehkonen",
        "team": "COL",
        "opponent": "DET",
        "propType": "pts",
        "line": 0.5,
        "ppLine": "",
        "avg": 0.73,
        "hit": false,
        "diffAvg": 0.46,
        "diffAbs": 0.2,
        "lastAvg": 0.72,
        "diff": 0.44,
        "avgMin": 18,
        "proj": 0.6,
        "lastAvgMin": 20.45,
        "oppOver": 0,
        "teamOver": 0,
        "gameLine": "-135",
        "+/-": -4,
        "L5_+/-": -1.0,
        "prevMatchup": "",
        "winLossSplits": "46% - 33%",
        "awayHome": "A",
        "playedYesterday": "N",
        "awayHomeSplits": "31% - 56%",
        "savesAboveExp": "-",
        "gsaa": 7.67,
        "corsi": "53.2% (63.4) // 52.8% (60.2) // 54.9% (65.8) // 52.8% (59.0)",
        "fenwick": "52.9% (45.4) // 52.6% (42.8) // 55.1% (45.0) // 53.1% (41.2)",
        "shots": "52.8% (31.7) // 53.8% (30.8) // 55.9% (33.0) // 54.8% (31.5)",
        "scoring": "53.6% (30.5) // 54.1% (28.3) // 55.7% (29.5) // 52.9% (26.6)",
        "corsiAgainst": "46.8% (55.7) // 47.2% (53.9) // 45.1% (53.9) // 47.2% (52.9)",
        "fenwickAgainst": "47.1% (40.4) // 47.4% (38.5) // 44.9% (36.7) // 46.9% (36.3)",
        "shotsAgainst": "47.2% (28.3) // 46.2% (26.5) // 44.1% (26.0) // 45.2% (25.9)",
        "scoringAgainst": "46.4% (26.4) // 45.9% (24.0) // 44.3% (23.5) // 47.1% (23.7)",
        "oppCorsi": "47.0% (56.4) // 47.0% (57.4) // 43.9% (54.8) // 45.3% (57.4)",
        "oppFenwick": "46.9% (41.3) // 45.6% (40.5) // 44.0% (37.8) // 41.0% (36.1)",
        "oppShots": "47.6% (29.2) // 43.1% (26.7) // 41.0% (25.1) // 36.6% (22.3)",
        "oppScoring": "46.7% (27.3) // 47.5% (27.6) // 43.5% (26.1) // 44.4% (27.2)",
        "oppCorsiAgainst": "53.0% (63.7) // 53.0% (64.7) // 56.1% (70.1) // 54.7% (69.2)",
        "oppFenwickAgainst": "53.1% (46.7) // 54.4% (48.3) // 56.0% (48.0) // 59.0% (51.9)",
        "oppShotsAgainst": "52.4% (32.1) // 56.9% (35.2) // 59.0% (36.0) // 63.4% (38.6)",
        "oppScoringAgainst": "53.3% (31.2) // 52.5% (30.5) // 56.5% (33.9) // 55.6% (34.1)",
        "totalOver": 41,
        "totalOverLast5": 60,
        "totalOverLast15": 40,
        "lastTotalOver": 56,
        "last5": "1,0,2,4,0,0,1,0,0,0",
        "fd": "0",
        "dk": "-140/+110",
        "kambi": "-132/102",
        "lowest": "-132 BR",
        "implied": 56.896551724137936,
        "overOdds": "-140",
        "underOdds": "+110",
        "overUnder": "-140 / +110"
    },
    {
        "player": "Artturi Lehkonen",
        "team": "COL",
        "opponent": "DET",
        "propType": "sog",
        "line": 2.5,
        "ppLine": "",
        "avg": 2.41,
        "hit": false,
        "diffAvg": -0.04,
        "diffAbs": 0.24,
        "lastAvg": 2.11,
        "diff": -0.16,
        "avgMin": 18,
        "proj": 1.9,
        "lastAvgMin": 20.45,
        "oppOver": 0,
        "teamOver": 0,
        "gameLine": "-135",
        "+/-": -4,
        "L5_+/-": -1.0,
        "prevMatchup": "",
        "winLossSplits": "62% - 11%",
        "awayHome": "A",
        "playedYesterday": "N",
        "awayHomeSplits": "46% - 33%",
        "savesAboveExp": "-",
        "gsaa": 7.67,
        "corsi": "53.2% (63.4) // 52.8% (60.2) // 54.9% (65.8) // 52.8% (59.0)",
        "fenwick": "52.9% (45.4) // 52.6% (42.8) // 55.1% (45.0) // 53.1% (41.2)",
        "shots": "52.8% (31.7) // 53.8% (30.8) // 55.9% (33.0) // 54.8% (31.5)",
        "scoring": "53.6% (30.5) // 54.1% (28.3) // 55.7% (29.5) // 52.9% (26.6)",
        "corsiAgainst": "46.8% (55.7) // 47.2% (53.9) // 45.1% (53.9) // 47.2% (52.9)",
        "fenwickAgainst": "47.1% (40.4) // 47.4% (38.5) // 44.9% (36.7) // 46.9% (36.3)",
        "shotsAgainst": "47.2% (28.3) // 46.2% (26.5) // 44.1% (26.0) // 45.2% (25.9)",
        "scoringAgainst": "46.4% (26.4) // 45.9% (24.0) // 44.3% (23.5) // 47.1% (23.7)",
        "oppCorsi": "47.0% (56.4) // 47.0% (57.4) // 43.9% (54.8) // 45.3% (57.4)",
        "oppFenwick": "46.9% (41.3) // 45.6% (40.5) // 44.0% (37.8) // 41.0% (36.1)",
        "oppShots": "47.6% (29.2) // 43.1% (26.7) // 41.0% (25.1) // 36.6% (22.3)",
        "oppScoring": "46.7% (27.3) // 47.5% (27.6) // 43.5% (26.1) // 44.4% (27.2)",
        "oppCorsiAgainst": "53.0% (63.7) // 53.0% (64.7) // 56.1% (70.1) // 54.7% (69.2)",
        "oppFenwickAgainst": "53.1% (46.7) // 54.4% (48.3) // 56.0% (48.0) // 59.0% (51.9)",
        "oppShotsAgainst": "52.4% (32.1) // 56.9% (35.2) // 59.0% (36.0) // 63.4% (38.6)",
        "oppScoringAgainst": "53.3% (31.2) // 52.5% (30.5) // 56.5% (33.9) // 55.6% (34.1)",
        "totalOver": 41,
        "totalOverLast5": 20,
        "totalOverLast15": 27,
        "lastTotalOver": 38,
        "last5": "2,1,1,5,1,3,1,1,2,2",
        "fd": "+130/-170",
        "dk": "+135/-175",
        "kambi": "145/-190",
        "lowest": "145 BR",
        "implied": 40.816326530612244,
        "overOdds": "+135",
        "underOdds": "-175",
        "overUnder": "+135 / -175"
    },
    {
        "player": "Cale Makar",
        "team": "COL",
        "opponent": "DET",
        "propType": "ast",
        "line": 0.5,
        "ppLine": "",
        "avg": 0.9,
        "hit": false,
        "diffAvg": 0.8,
        "diffAbs": 0.4,
        "lastAvg": 0.72,
        "diff": 0.44,
        "avgMin": 25,
        "proj": 0.7,
        "lastAvgMin": 26.37,
        "oppOver": 0,
        "teamOver": 0,
        "gameLine": "-135",
        "+/-": "+6",
        "L5_+/-": -2.0,
        "prevMatchup": "",
        "winLossSplits": "64% - 47%",
        "awayHome": "A",
        "playedYesterday": "N",
        "awayHomeSplits": "52% - 64%",
        "savesAboveExp": "-",
        "gsaa": 7.67,
        "corsi": "53.2% (63.4) // 52.8% (60.2) // 54.9% (65.8) // 52.8% (59.0)",
        "fenwick": "52.9% (45.4) // 52.6% (42.8) // 55.1% (45.0) // 53.1% (41.2)",
        "shots": "52.8% (31.7) // 53.8% (30.8) // 55.9% (33.0) // 54.8% (31.5)",
        "scoring": "53.6% (30.5) // 54.1% (28.3) // 55.7% (29.5) // 52.9% (26.6)",
        "corsiAgainst": "46.8% (55.7) // 47.2% (53.9) // 45.1% (53.9) // 47.2% (52.9)",
        "fenwickAgainst": "47.1% (40.4) // 47.4% (38.5) // 44.9% (36.7) // 46.9% (36.3)",
        "shotsAgainst": "47.2% (28.3) // 46.2% (26.5) // 44.1% (26.0) // 45.2% (25.9)",
        "scoringAgainst": "46.4% (26.4) // 45.9% (24.0) // 44.3% (23.5) // 47.1% (23.7)",
        "oppCorsi": "47.0% (56.4) // 47.0% (57.4) // 43.9% (54.8) // 45.3% (57.4)",
        "oppFenwick": "46.9% (41.3) // 45.6% (40.5) // 44.0% (37.8) // 41.0% (36.1)",
        "oppShots": "47.6% (29.2) // 43.1% (26.7) // 41.0% (25.1) // 36.6% (22.3)",
        "oppScoring": "46.7% (27.3) // 47.5% (27.6) // 43.5% (26.1) // 44.4% (27.2)",
        "oppCorsiAgainst": "53.0% (63.7) // 53.0% (64.7) // 56.1% (70.1) // 54.7% (69.2)",
        "oppFenwickAgainst": "53.1% (46.7) // 54.4% (48.3) // 56.0% (48.0) // 59.0% (51.9)",
        "oppShotsAgainst": "52.4% (32.1) // 56.9% (35.2) // 59.0% (36.0) // 63.4% (38.6)",
        "oppScoringAgainst": "53.3% (31.2) // 52.5% (30.5) // 56.5% (33.9) // 55.6% (34.1)",
        "totalOver": 58,
        "totalOverLast5": 0,
        "totalOverLast15": 40,
        "lastTotalOver": 56,
        "last5": "0,0,0,0,0,0,0,1,0,2",
        "fd": "-184",
        "dk": "-180/+140",
        "kambi": "0",
        "lowest": "-180 DK",
        "implied": 64.28571428571429,
        "overOdds": "-180",
        "underOdds": "+140",
        "overUnder": "-180 / +140"
    },
    {
        "player": "Cale Makar",
        "team": "COL",
        "opponent": "DET",
        "propType": "pts",
        "line": 1.5,
        "ppLine": "",
        "avg": 1.15,
        "hit": false,
        "diffAvg": -0.23,
        "diffAbs": 0.4,
        "lastAvg": 0.97,
        "diff": -0.35,
        "avgMin": 25,
        "proj": 0.9,
        "lastAvgMin": 26.37,
        "oppOver": 0,
        "teamOver": 0,
        "gameLine": "-135",
        "+/-": "+6",
        "L5_+/-": -2.0,
        "prevMatchup": "",
        "winLossSplits": "42% - 26%",
        "awayHome": "A",
        "playedYesterday": "N",
        "awayHomeSplits": "30% - 44%",
        "savesAboveExp": "-",
        "gsaa": 7.67,
        "corsi": "53.2% (63.4) // 52.8% (60.2) // 54.9% (65.8) // 52.8% (59.0)",
        "fenwick": "52.9% (45.4) // 52.6% (42.8) // 55.1% (45.0) // 53.1% (41.2)",
        "shots": "52.8% (31.7) // 53.8% (30.8) // 55.9% (33.0) // 54.8% (31.5)",
        "scoring": "53.6% (30.5) // 54.1% (28.3) // 55.7% (29.5) // 52.9% (26.6)",
        "corsiAgainst": "46.8% (55.7) // 47.2% (53.9) // 45.1% (53.9) // 47.2% (52.9)",
        "fenwickAgainst": "47.1% (40.4) // 47.4% (38.5) // 44.9% (36.7) // 46.9% (36.3)",
        "shotsAgainst": "47.2% (28.3) // 46.2% (26.5) // 44.1% (26.0) // 45.2% (25.9)",
        "scoringAgainst": "46.4% (26.4) // 45.9% (24.0) // 44.3% (23.5) // 47.1% (23.7)",
        "oppCorsi": "47.0% (56.4) // 47.0% (57.4) // 43.9% (54.8) // 45.3% (57.4)",
        "oppFenwick": "46.9% (41.3) // 45.6% (40.5) // 44.0% (37.8) // 41.0% (36.1)",
        "oppShots": "47.6% (29.2) // 43.1% (26.7) // 41.0% (25.1) // 36.6% (22.3)",
        "oppScoring": "46.7% (27.3) // 47.5% (27.6) // 43.5% (26.1) // 44.4% (27.2)",
        "oppCorsiAgainst": "53.0% (63.7) // 53.0% (64.7) // 56.1% (70.1) // 54.7% (69.2)",
        "oppFenwickAgainst": "53.1% (46.7) // 54.4% (48.3) // 56.0% (48.0) // 59.0% (51.9)",
        "oppShotsAgainst": "52.4% (32.1) // 56.9% (35.2) // 59.0% (36.0) // 63.4% (38.6)",
        "oppScoringAgainst": "53.3% (31.2) // 52.5% (30.5) // 56.5% (33.9) // 55.6% (34.1)",
        "totalOver": 37,
        "totalOverLast5": 0,
        "totalOverLast15": 13,
        "lastTotalOver": 34,
        "last5": "0,0,0,0,0,0,1,1,1,3",
        "fd": "+176",
        "dk": "+175/-230",
        "kambi": "185/-250",
        "lowest": "185 BR",
        "implied": 35.08771929824561,
        "overOdds": "+175",
        "underOdds": "-230",
        "overUnder": "+175 / -230"
    },
    {
        "player": "Cale Makar",
        "team": "COL",
        "opponent": "DET",
        "propType": "sog",
        "line": 2.5,
        "ppLine": "",
        "avg": 3.1,
        "hit": false,
        "diffAvg": 0.24,
        "diffAbs": 0.0,
        "lastAvg": 2.59,
        "diff": 0.04,
        "avgMin": 25,
        "proj": 2.5,
        "lastAvgMin": 26.37,
        "oppOver": 0,
        "teamOver": 0,
        "gameLine": "-135",
        "+/-": "+6",
        "L5_+/-": -2.0,
        "prevMatchup": "",
        "winLossSplits": "61% - 58%",
        "awayHome": "A",
        "playedYesterday": "N",
        "awayHomeSplits": "52% - 68%",
        "savesAboveExp": "-",
        "gsaa": 7.67,
        "corsi": "53.2% (63.4) // 52.8% (60.2) // 54.9% (65.8) // 52.8% (59.0)",
        "fenwick": "52.9% (45.4) // 52.6% (42.8) // 55.1% (45.0) // 53.1% (41.2)",
        "shots": "52.8% (31.7) // 53.8% (30.8) // 55.9% (33.0) // 54.8% (31.5)",
        "scoring": "53.6% (30.5) // 54.1% (28.3) // 55.7% (29.5) // 52.9% (26.6)",
        "corsiAgainst": "46.8% (55.7) // 47.2% (53.9) // 45.1% (53.9) // 47.2% (52.9)",
        "fenwickAgainst": "47.1% (40.4) // 47.4% (38.5) // 44.9% (36.7) // 46.9% (36.3)",
        "shotsAgainst": "47.2% (28.3) // 46.2% (26.5) // 44.1% (26.0) // 45.2% (25.9)",
        "scoringAgainst": "46.4% (26.4) // 45.9% (24.0) // 44.3% (23.5) // 47.1% (23.7)",
        "oppCorsi": "47.0% (56.4) // 47.0% (57.4) // 43.9% (54.8) // 45.3% (57.4)",
        "oppFenwick": "46.9% (41.3) // 45.6% (40.5) // 44.0% (37.8) // 41.0% (36.1)",
        "oppShots": "47.6% (29.2) // 43.1% (26.7) // 41.0% (25.1) // 36.6% (22.3)",
        "oppScoring": "46.7% (27.3) // 47.5% (27.6) // 43.5% (26.1) // 44.4% (27.2)",
        "oppCorsiAgainst": "53.0% (63.7) // 53.0% (64.7) // 56.1% (70.1) // 54.7% (69.2)",
        "oppFenwickAgainst": "53.1% (46.7) // 54.4% (48.3) // 56.0% (48.0) // 59.0% (51.9)",
        "oppShotsAgainst": "52.4% (32.1) // 56.9% (35.2) // 59.0% (36.0) // 63.4% (38.6)",
        "oppScoringAgainst": "53.3% (31.2) // 52.5% (30.5) // 56.5% (33.9) // 55.6% (34.1)",
        "totalOver": 60,
        "totalOverLast5": 40,
        "totalOverLast15": 47,
        "lastTotalOver": 51,
        "last5": "1,6,2,3,2,3,6,1,9,1",
        "fd": "-174/+132",
        "dk": "-175/+135",
        "kambi": "0",
        "lowest": "-174 FD",
        "implied": 63.503649635036496,
        "overOdds": "-175",
        "underOdds": "+135",
        "overUnder": "-175 / +135"
    },
    {
        "player": "David Perron",
        "team": "DET",
        "opponent": "COL",
        "propType": "ast",
        "line": 0.5,
        "ppLine": "",
        "avg": 0.31,
        "hit": false,
        "diffAvg": -0.38,
        "diffAbs": 0.4,
        "lastAvg": 0.39,
        "diff": -0.22,
        "avgMin": 15,
        "proj": 0.3,
        "lastAvgMin": 16.92,
        "oppOver": 0,
        "teamOver": 0,
        "gameLine": "+114",
        "+/-": -12,
        "L5_+/-": 0.0,
        "prevMatchup": "",
        "winLossSplits": "43% - 10%",
        "awayHome": "H",
        "playedYesterday": "N",
        "awayHomeSplits": "26% - 31%",
        "savesAboveExp": "-",
        "gsaa": "-",
        "corsi": "47.0% (56.4) // 47.0% (57.4) // 43.9% (54.8) // 45.3% (57.4)",
        "fenwick": "46.9% (41.3) // 45.6% (40.5) // 44.0% (37.8) // 41.0% (36.1)",
        "shots": "47.6% (29.2) // 43.1% (26.7) // 41.0% (25.1) // 36.6% (22.3)",
        "scoring": "46.7% (27.3) // 47.5% (27.6) // 43.5% (26.1) // 44.4% (27.2)",
        "corsiAgainst": "53.0% (63.7) // 53.0% (64.7) // 56.1% (70.1) // 54.7% (69.2)",
        "fenwickAgainst": "53.1% (46.7) // 54.4% (48.3) // 56.0% (48.0) // 59.0% (51.9)",
        "shotsAgainst": "52.4% (32.1) // 56.9% (35.2) // 59.0% (36.0) // 63.4% (38.6)",
        "scoringAgainst": "53.3% (31.2) // 52.5% (30.5) // 56.5% (33.9) // 55.6% (34.1)",
        "oppCorsi": "53.2% (63.4) // 52.8% (60.2) // 54.9% (65.8) // 52.8% (59.0)",
        "oppFenwick": "52.9% (45.4) // 52.6% (42.8) // 55.1% (45.0) // 53.1% (41.2)",
        "oppShots": "52.8% (31.7) // 53.8% (30.8) // 55.9% (33.0) // 54.8% (31.5)",
        "oppScoring": "53.6% (30.5) // 54.1% (28.3) // 55.7% (29.5) // 52.9% (26.6)",
        "oppCorsiAgainst": "46.8% (55.7) // 47.2% (53.9) // 45.1% (53.9) // 47.2% (52.9)",
        "oppFenwickAgainst": "47.1% (40.4) // 47.4% (38.5) // 44.9% (36.7) // 46.9% (36.3)",
        "oppShotsAgainst": "47.2% (28.3) // 46.2% (26.5) // 44.1% (26.0) // 45.2% (25.9)",
        "oppScoringAgainst": "46.4% (26.4) // 45.9% (24.0) // 44.3% (23.5) // 47.1% (23.7)",
        "totalOver": 29,
        "totalOverLast5": 40,
        "totalOverLast15": 47,
        "lastTotalOver": 34,
        "last5": "0,0,0,1,1,0,1,0,0,1",
        "fd": "0",
        "dk": "+250/-345",
        "kambi": "0",
        "lowest": "250 DK",
        "implied": 28.57142857142857,
        "overOdds": "+250",
        "underOdds": "-345",
        "overUnder": "+250 / -345"
    },
    {
        "player": "David Perron",
        "team": "DET",
        "opponent": "COL",
        "propType": "pts",
        "line": 0.5,
        "ppLine": "",
        "avg": 0.55,
        "hit": false,
        "diffAvg": 0.1,
        "diffAbs": 0.2,
        "lastAvg": 0.68,
        "diff": 0.36,
        "avgMin": 15,
        "proj": 0.6,
        "lastAvgMin": 16.92,
        "oppOver": 0,
        "teamOver": 0,
        "gameLine": "+114",
        "+/-": -12,
        "L5_+/-": 0.0,
        "prevMatchup": "",
        "winLossSplits": "61% - 19%",
        "awayHome": "H",
        "playedYesterday": "N",
        "awayHomeSplits": "43% - 42%",
        "savesAboveExp": "-",
        "gsaa": "-",
        "corsi": "47.0% (56.4) // 47.0% (57.4) // 43.9% (54.8) // 45.3% (57.4)",
        "fenwick": "46.9% (41.3) // 45.6% (40.5) // 44.0% (37.8) // 41.0% (36.1)",
        "shots": "47.6% (29.2) // 43.1% (26.7) // 41.0% (25.1) // 36.6% (22.3)",
        "scoring": "46.7% (27.3) // 47.5% (27.6) // 43.5% (26.1) // 44.4% (27.2)",
        "corsiAgainst": "53.0% (63.7) // 53.0% (64.7) // 56.1% (70.1) // 54.7% (69.2)",
        "fenwickAgainst": "53.1% (46.7) // 54.4% (48.3) // 56.0% (48.0) // 59.0% (51.9)",
        "shotsAgainst": "52.4% (32.1) // 56.9% (35.2) // 59.0% (36.0) // 63.4% (38.6)",
        "scoringAgainst": "53.3% (31.2) // 52.5% (30.5) // 56.5% (33.9) // 55.6% (34.1)",
        "oppCorsi": "53.2% (63.4) // 52.8% (60.2) // 54.9% (65.8) // 52.8% (59.0)",
        "oppFenwick": "52.9% (45.4) // 52.6% (42.8) // 55.1% (45.0) // 53.1% (41.2)",
        "oppShots": "52.8% (31.7) // 53.8% (30.8) // 55.9% (33.0) // 54.8% (31.5)",
        "oppScoring": "53.6% (30.5) // 54.1% (28.3) // 55.7% (29.5) // 52.9% (26.6)",
        "oppCorsiAgainst": "46.8% (55.7) // 47.2% (53.9) // 45.1% (53.9) // 47.2% (52.9)",
        "oppFenwickAgainst": "47.1% (40.4) // 47.4% (38.5) // 44.9% (36.7) // 46.9% (36.3)",
        "oppShotsAgainst": "47.2% (28.3) // 46.2% (26.5) // 44.1% (26.0) // 45.2% (25.9)",
        "oppScoringAgainst": "46.4% (26.4) // 45.9% (24.0) // 44.3% (23.5) // 47.1% (23.7)",
        "totalOver": 43,
        "totalOverLast5": 60,
        "totalOverLast15": 60,
        "lastTotalOver": 53,
        "last5": "0,1,0,2,1,0,1,0,1,1",
        "fd": "0",
        "dk": "+135/-175",
        "kambi": "130/-167",
        "lowest": "135 DK",
        "implied": 42.5531914893617,
        "overOdds": "+135",
        "underOdds": "-175",
        "overUnder": "+135 / -175"
    },
    {
        "player": "Devon Toews",
        "team": "COL",
        "opponent": "DET",
        "propType": "ast",
        "line": 0.5,
        "ppLine": "",
        "avg": 0.39,
        "hit": false,
        "diffAvg": -0.22,
        "diffAbs": 0.0,
        "lastAvg": 0.49,
        "diff": -0.02,
        "avgMin": 23,
        "proj": 0.5,
        "lastAvgMin": 25.1,
        "oppOver": 0,
        "teamOver": 0,
        "gameLine": "-135",
        "+/-": "+12",
        "L5_+/-": "+2.0",
        "prevMatchup": "",
        "winLossSplits": "43% - 23%",
        "awayHome": "A",
        "playedYesterday": "N",
        "awayHomeSplits": "37% - 33%",
        "savesAboveExp": "-",
        "gsaa": 7.67,
        "corsi": "53.2% (63.4) // 52.8% (60.2) // 54.9% (65.8) // 52.8% (59.0)",
        "fenwick": "52.9% (45.4) // 52.6% (42.8) // 55.1% (45.0) // 53.1% (41.2)",
        "shots": "52.8% (31.7) // 53.8% (30.8) // 55.9% (33.0) // 54.8% (31.5)",
        "scoring": "53.6% (30.5) // 54.1% (28.3) // 55.7% (29.5) // 52.9% (26.6)",
        "corsiAgainst": "46.8% (55.7) // 47.2% (53.9) // 45.1% (53.9) // 47.2% (52.9)",
        "fenwickAgainst": "47.1% (40.4) // 47.4% (38.5) // 44.9% (36.7) // 46.9% (36.3)",
        "shotsAgainst": "47.2% (28.3) // 46.2% (26.5) // 44.1% (26.0) // 45.2% (25.9)",
        "scoringAgainst": "46.4% (26.4) // 45.9% (24.0) // 44.3% (23.5) // 47.1% (23.7)",
        "oppCorsi": "47.0% (56.4) // 47.0% (57.4) // 43.9% (54.8) // 45.3% (57.4)",
        "oppFenwick": "46.9% (41.3) // 45.6% (40.5) // 44.0% (37.8) // 41.0% (36.1)",
        "oppShots": "47.6% (29.2) // 43.1% (26.7) // 41.0% (25.1) // 36.6% (22.3)",
        "oppScoring": "46.7% (27.3) // 47.5% (27.6) // 43.5% (26.1) // 44.4% (27.2)",
        "oppCorsiAgainst": "53.0% (63.7) // 53.0% (64.7) // 56.1% (70.1) // 54.7% (69.2)",
        "oppFenwickAgainst": "53.1% (46.7) // 54.4% (48.3) // 56.0% (48.0) // 59.0% (51.9)",
        "oppShotsAgainst": "52.4% (32.1) // 56.9% (35.2) // 59.0% (36.0) // 63.4% (38.6)",
        "oppScoringAgainst": "53.3% (31.2) // 52.5% (30.5) // 56.5% (33.9) // 55.6% (34.1)",
        "totalOver": 35,
        "totalOverLast5": 20,
        "totalOverLast15": 27,
        "lastTotalOver": 45,
        "last5": "1,0,0,0,0,0,0,0,0,0",
        "fd": "0",
        "dk": "+145/-190",
        "kambi": "0",
        "lowest": "145 DK",
        "implied": 40.816326530612244,
        "overOdds": "+145",
        "underOdds": "-190",
        "overUnder": "+145 / -190"
    },
    {
        "player": "Devon Toews",
        "team": "COL",
        "opponent": "DET",
        "propType": "pts",
        "line": 0.5,
        "ppLine": "",
        "avg": 0.56,
        "hit": false,
        "diffAvg": 0.12,
        "diffAbs": 0.0,
        "lastAvg": 0.57,
        "diff": 0.14,
        "avgMin": 23,
        "proj": 0.5,
        "lastAvgMin": 25.1,
        "oppOver": 0,
        "teamOver": 0,
        "gameLine": "-135",
        "+/-": "+12",
        "L5_+/-": "+2.0",
        "prevMatchup": "",
        "winLossSplits": "57% - 36%",
        "awayHome": "A",
        "playedYesterday": "N",
        "awayHomeSplits": "53% - 44%",
        "savesAboveExp": "-",
        "gsaa": 7.67,
        "corsi": "53.2% (63.4) // 52.8% (60.2) // 54.9% (65.8) // 52.8% (59.0)",
        "fenwick": "52.9% (45.4) // 52.6% (42.8) // 55.1% (45.0) // 53.1% (41.2)",
        "shots": "52.8% (31.7) // 53.8% (30.8) // 55.9% (33.0) // 54.8% (31.5)",
        "scoring": "53.6% (30.5) // 54.1% (28.3) // 55.7% (29.5) // 52.9% (26.6)",
        "corsiAgainst": "46.8% (55.7) // 47.2% (53.9) // 45.1% (53.9) // 47.2% (52.9)",
        "fenwickAgainst": "47.1% (40.4) // 47.4% (38.5) // 44.9% (36.7) // 46.9% (36.3)",
        "shotsAgainst": "47.2% (28.3) // 46.2% (26.5) // 44.1% (26.0) // 45.2% (25.9)",
        "scoringAgainst": "46.4% (26.4) // 45.9% (24.0) // 44.3% (23.5) // 47.1% (23.7)",
        "oppCorsi": "47.0% (56.4) // 47.0% (57.4) // 43.9% (54.8) // 45.3% (57.4)",
        "oppFenwick": "46.9% (41.3) // 45.6% (40.5) // 44.0% (37.8) // 41.0% (36.1)",
        "oppShots": "47.6% (29.2) // 43.1% (26.7) // 41.0% (25.1) // 36.6% (22.3)",
        "oppScoring": "46.7% (27.3) // 47.5% (27.6) // 43.5% (26.1) // 44.4% (27.2)",
        "oppCorsiAgainst": "53.0% (63.7) // 53.0% (64.7) // 56.1% (70.1) // 54.7% (69.2)",
        "oppFenwickAgainst": "53.1% (46.7) // 54.4% (48.3) // 56.0% (48.0) // 59.0% (51.9)",
        "oppShotsAgainst": "52.4% (32.1) // 56.9% (35.2) // 59.0% (36.0) // 63.4% (38.6)",
        "oppScoringAgainst": "53.3% (31.2) // 52.5% (30.5) // 56.5% (33.9) // 55.6% (34.1)",
        "totalOver": 49,
        "totalOverLast5": 60,
        "totalOverLast15": 47,
        "lastTotalOver": 51,
        "last5": "1,1,0,1,0,0,0,0,0,0",
        "fd": "0",
        "dk": "+114/-145",
        "kambi": "130/-167",
        "lowest": "130 BR",
        "implied": 43.47826086956522,
        "overOdds": "+114",
        "underOdds": "-145",
        "overUnder": "+114 / -145"
    },
    {
        "player": "Devon Toews",
        "team": "COL",
        "opponent": "DET",
        "propType": "sog",
        "line": 1.5,
        "ppLine": "",
        "avg": 1.95,
        "hit": false,
        "diffAvg": 0.3,
        "diffAbs": 0.13,
        "lastAvg": 1.9,
        "diff": 0.27,
        "avgMin": 23,
        "proj": 1.7,
        "lastAvgMin": 25.1,
        "oppOver": 0,
        "teamOver": 0,
        "gameLine": "-135",
        "+/-": "+12",
        "L5_+/-": "+2.0",
        "prevMatchup": "",
        "winLossSplits": "49% - 68%",
        "awayHome": "A",
        "playedYesterday": "N",
        "awayHomeSplits": "63% - 48%",
        "savesAboveExp": "-",
        "gsaa": 7.67,
        "corsi": "53.2% (63.4) // 52.8% (60.2) // 54.9% (65.8) // 52.8% (59.0)",
        "fenwick": "52.9% (45.4) // 52.6% (42.8) // 55.1% (45.0) // 53.1% (41.2)",
        "shots": "52.8% (31.7) // 53.8% (30.8) // 55.9% (33.0) // 54.8% (31.5)",
        "scoring": "53.6% (30.5) // 54.1% (28.3) // 55.7% (29.5) // 52.9% (26.6)",
        "corsiAgainst": "46.8% (55.7) // 47.2% (53.9) // 45.1% (53.9) // 47.2% (52.9)",
        "fenwickAgainst": "47.1% (40.4) // 47.4% (38.5) // 44.9% (36.7) // 46.9% (36.3)",
        "shotsAgainst": "47.2% (28.3) // 46.2% (26.5) // 44.1% (26.0) // 45.2% (25.9)",
        "scoringAgainst": "46.4% (26.4) // 45.9% (24.0) // 44.3% (23.5) // 47.1% (23.7)",
        "oppCorsi": "47.0% (56.4) // 47.0% (57.4) // 43.9% (54.8) // 45.3% (57.4)",
        "oppFenwick": "46.9% (41.3) // 45.6% (40.5) // 44.0% (37.8) // 41.0% (36.1)",
        "oppShots": "47.6% (29.2) // 43.1% (26.7) // 41.0% (25.1) // 36.6% (22.3)",
        "oppScoring": "46.7% (27.3) // 47.5% (27.6) // 43.5% (26.1) // 44.4% (27.2)",
        "oppCorsiAgainst": "53.0% (63.7) // 53.0% (64.7) // 56.1% (70.1) // 54.7% (69.2)",
        "oppFenwickAgainst": "53.1% (46.7) // 54.4% (48.3) // 56.0% (48.0) // 59.0% (51.9)",
        "oppShotsAgainst": "52.4% (32.1) // 56.9% (35.2) // 59.0% (36.0) // 63.4% (38.6)",
        "oppScoringAgainst": "53.3% (31.2) // 52.5% (30.5) // 56.5% (33.9) // 55.6% (34.1)",
        "totalOver": 56,
        "totalOverLast5": 100,
        "totalOverLast15": 60,
        "lastTotalOver": 57,
        "last5": "2,3,2,5,4,1,2,4,1,0",
        "fd": "-176/+134",
        "dk": "-166/+130",
        "kambi": "0",
        "lowest": "-166 DK",
        "implied": 62.40601503759399,
        "overOdds": "-166",
        "underOdds": "+130",
        "overUnder": "-166 / +130"
    },
    {
        "player": "Dylan Larkin",
        "team": "DET",
        "opponent": "COL",
        "propType": "ast",
        "line": 0.5,
        "ppLine": "",
        "avg": 0.51,
        "hit": false,
        "diffAvg": 0.02,
        "diffAbs": 0.2,
        "lastAvg": 0.57,
        "diff": 0.14,
        "avgMin": 19,
        "proj": 0.6,
        "lastAvgMin": 19.55,
        "oppOver": 0,
        "teamOver": 0,
        "gameLine": "+114",
        "+/-": -8,
        "L5_+/-": -2.0,
        "prevMatchup": "",
        "winLossSplits": "44% - 41%",
        "awayHome": "H",
        "playedYesterday": "N",
        "awayHomeSplits": "35% - 50%",
        "savesAboveExp": "-",
        "gsaa": "-",
        "corsi": "47.0% (56.4) // 47.0% (57.4) // 43.9% (54.8) // 45.3% (57.4)",
        "fenwick": "46.9% (41.3) // 45.6% (40.5) // 44.0% (37.8) // 41.0% (36.1)",
        "shots": "47.6% (29.2) // 43.1% (26.7) // 41.0% (25.1) // 36.6% (22.3)",
        "scoring": "46.7% (27.3) // 47.5% (27.6) // 43.5% (26.1) // 44.4% (27.2)",
        "corsiAgainst": "53.0% (63.7) // 53.0% (64.7) // 56.1% (70.1) // 54.7% (69.2)",
        "fenwickAgainst": "53.1% (46.7) // 54.4% (48.3) // 56.0% (48.0) // 59.0% (51.9)",
        "shotsAgainst": "52.4% (32.1) // 56.9% (35.2) // 59.0% (36.0) // 63.4% (38.6)",
        "scoringAgainst": "53.3% (31.2) // 52.5% (30.5) // 56.5% (33.9) // 55.6% (34.1)",
        "oppCorsi": "53.2% (63.4) // 52.8% (60.2) // 54.9% (65.8) // 52.8% (59.0)",
        "oppFenwick": "52.9% (45.4) // 52.6% (42.8) // 55.1% (45.0) // 53.1% (41.2)",
        "oppShots": "52.8% (31.7) // 53.8% (30.8) // 55.9% (33.0) // 54.8% (31.5)",
        "oppScoring": "53.6% (30.5) // 54.1% (28.3) // 55.7% (29.5) // 52.9% (26.6)",
        "oppCorsiAgainst": "46.8% (55.7) // 47.2% (53.9) // 45.1% (53.9) // 47.2% (52.9)",
        "oppFenwickAgainst": "47.1% (40.4) // 47.4% (38.5) // 44.9% (36.7) // 46.9% (36.3)",
        "oppShotsAgainst": "47.2% (28.3) // 46.2% (26.5) // 44.1% (26.0) // 45.2% (25.9)",
        "oppScoringAgainst": "46.4% (26.4) // 45.9% (24.0) // 44.3% (23.5) // 47.1% (23.7)",
        "totalOver": 43,
        "totalOverLast5": 20,
        "totalOverLast15": 33,
        "lastTotalOver": 49,
        "last5": "1,0,0,0,0,0,0,0,1,1",
        "fd": "+114",
        "dk": "+124/-160",
        "kambi": "0",
        "lowest": "124 DK",
        "implied": 44.642857142857146,
        "overOdds": "+124",
        "underOdds": "-160",
        "overUnder": "+124 / -160"
    },
    {
        "player": "Dylan Larkin",
        "team": "DET",
        "opponent": "COL",
        "propType": "pts",
        "line": 0.5,
        "ppLine": "",
        "avg": 1.0,
        "hit": false,
        "diffAvg": 1.0,
        "diffAbs": 0.8,
        "lastAvg": 0.96,
        "diff": 0.92,
        "avgMin": 19,
        "proj": 0.9,
        "lastAvgMin": 19.55,
        "oppOver": 0,
        "teamOver": 0,
        "gameLine": "+114",
        "+/-": -8,
        "L5_+/-": -2.0,
        "prevMatchup": "",
        "winLossSplits": "85% - 50%",
        "awayHome": "H",
        "playedYesterday": "N",
        "awayHomeSplits": "61% - 77%",
        "savesAboveExp": "-",
        "gsaa": "-",
        "corsi": "47.0% (56.4) // 47.0% (57.4) // 43.9% (54.8) // 45.3% (57.4)",
        "fenwick": "46.9% (41.3) // 45.6% (40.5) // 44.0% (37.8) // 41.0% (36.1)",
        "shots": "47.6% (29.2) // 43.1% (26.7) // 41.0% (25.1) // 36.6% (22.3)",
        "scoring": "46.7% (27.3) // 47.5% (27.6) // 43.5% (26.1) // 44.4% (27.2)",
        "corsiAgainst": "53.0% (63.7) // 53.0% (64.7) // 56.1% (70.1) // 54.7% (69.2)",
        "fenwickAgainst": "53.1% (46.7) // 54.4% (48.3) // 56.0% (48.0) // 59.0% (51.9)",
        "shotsAgainst": "52.4% (32.1) // 56.9% (35.2) // 59.0% (36.0) // 63.4% (38.6)",
        "scoringAgainst": "53.3% (31.2) // 52.5% (30.5) // 56.5% (33.9) // 55.6% (34.1)",
        "oppCorsi": "53.2% (63.4) // 52.8% (60.2) // 54.9% (65.8) // 52.8% (59.0)",
        "oppFenwick": "52.9% (45.4) // 52.6% (42.8) // 55.1% (45.0) // 53.1% (41.2)",
        "oppShots": "52.8% (31.7) // 53.8% (30.8) // 55.9% (33.0) // 54.8% (31.5)",
        "oppScoring": "53.6% (30.5) // 54.1% (28.3) // 55.7% (29.5) // 52.9% (26.6)",
        "oppCorsiAgainst": "46.8% (55.7) // 47.2% (53.9) // 45.1% (53.9) // 47.2% (52.9)",
        "oppFenwickAgainst": "47.1% (40.4) // 47.4% (38.5) // 44.9% (36.7) // 46.9% (36.3)",
        "oppShotsAgainst": "47.2% (28.3) // 46.2% (26.5) // 44.1% (26.0) // 45.2% (25.9)",
        "oppScoringAgainst": "46.4% (26.4) // 45.9% (24.0) // 44.3% (23.5) // 47.1% (23.7)",
        "totalOver": 69,
        "totalOverLast5": 40,
        "totalOverLast15": 73,
        "lastTotalOver": 68,
        "last5": "1,1,0,0,0,1,2,1,2,1",
        "fd": "-192",
        "dk": "-175/+135",
        "kambi": "-190/143",
        "lowest": "-175 DK",
        "implied": 63.63636363636363,
        "overOdds": "-175",
        "underOdds": "+135",
        "overUnder": "-175 / +135"
    },
    {
        "player": "Dylan Larkin",
        "team": "DET",
        "opponent": "COL",
        "propType": "sog",
        "line": 2.5,
        "ppLine": "",
        "avg": 3.12,
