[
    {
        "player": "Adam Lowry",
        "team": "WPG",
        "opponent": "MIN",
        "propType": "ast",
        "line": 0.5,
        "ppLine": "",
        "avg": 0.29,
        "hit": false,
        "diffAvg": -0.42,
        "diffAbs": 0.4,
        "lastAvg": 0.26,
        "diff": -0.48,
        "avgMin": 15,
        "proj": 0.3,
        "lastAvgMin": 15.63,
        "oppOver": 0,
        "teamOver": 0,
        "gameLine": "-118",
        "+/-": "+9",
        "L5_+/-": 0.0,
        "prevMatchup": "2023-12-31 0.0 ast 2023-12-30 1.0 ast",
        "winLossSplits": "36% - 8%",
        "awayHome": "A",
        "playedYesterday": "Y",
        "awayHomeSplits": "19% - 32%",
        "savesAboveExp": 0.141,
        "gsaa": -4.19,
        "corsi": "50.8% (59.6) // 52.4% (65.7) // 53.8% (68.1) // 53.9% (68.1)",
        "fenwick": "51.3% (43.5) // 53.7% (48.6) // 55.2% (48.5) // 56.2% (49.1)",
        "shots": "52.0% (31.0) // 53.0% (32.5) // 54.1% (32.7) // 53.2% (32.6)",
        "scoring": "50.6% (27.9) // 53.1% (31.0) // 54.9% (31.7) // 54.4% (30.6)",
        "corsiAgainst": "49.2% (57.7) // 47.6% (59.8) // 46.2% (58.5) // 46.1% (58.3)",
        "fenwickAgainst": "48.7% (41.4) // 46.3% (42.0) // 44.8% (39.4) // 43.8% (38.2)",
        "shotsAgainst": "48.0% (28.5) // 47.0% (28.8) // 45.9% (27.7) // 46.8% (28.6)",
        "scoringAgainst": "49.4% (27.2) // 46.9% (27.4) // 45.1% (26.0) // 45.6% (25.7)",
        "oppCorsi": "50.8% (61.1) // 50.3% (59.7) // 52.1% (62.5) // 49.7% (61.3)",
        "oppFenwick": "50.6% (43.4) // 49.0% (41.8) // 52.2% (44.8) // 48.9% (42.3)",
        "oppShots": "50.0% (29.7) // 49.5% (29.0) // 54.0% (32.2) // 51.1% (31.0)",
        "oppScoring": "51.6% (30.0) // 52.1% (29.6) // 53.1% (29.5) // 48.0% (27.7)",
        "oppCorsiAgainst": "49.2% (59.1) // 49.7% (58.9) // 47.9% (57.5) // 50.3% (62.0)",
        "oppFenwickAgainst": "49.4% (42.3) // 51.0% (43.4) // 47.8% (41.0) // 51.1% (44.3)",
        "oppShotsAgainst": "50.0% (29.7) // 50.5% (29.6) // 46.0% (27.5) // 48.9% (29.7)",
        "oppScoringAgainst": "48.4% (28.1) // 47.9% (27.2) // 46.9% (26.0) // 52.0% (30.0)",
        "totalOver": 26,
        "totalOverLast5": 20,
        "totalOverLast15": 7,
        "lastTotalOver": 26,
        "last5": "0,1,0,0,0,0,0,0,0,0",
        "fd": "0",
        "dk": "+250/-345",
        "kambi": "0",
        "lowest": "250 DK",
        "implied": 28.57142857142857,
        "overOdds": "+250",
        "underOdds": "-345",
        "overUnder": "+250 / -345"
    },
    {
        "player": "Adam Lowry",
        "team": "WPG",
        "opponent": "MIN",
        "propType": "pts",
        "line": 0.5,
        "ppLine": "",
        "avg": 0.49,
        "hit": false,
        "diffAvg": -0.02,
        "diffAbs": 0.2,
        "lastAvg": 0.41,
        "diff": -0.18,
        "avgMin": 15,
        "proj": 0.4,
        "lastAvgMin": 15.63,
        "oppOver": 0,
        "teamOver": 0,
        "gameLine": "-118",
        "+/-": "+9",
        "L5_+/-": 0.0,
        "prevMatchup": "2023-12-31 1.0 pts 2023-12-30 1.0 pts",
        "winLossSplits": "59% - 15%",
        "awayHome": "A",
        "playedYesterday": "Y",
        "awayHomeSplits": "50% - 37%",
        "savesAboveExp": 0.141,
        "gsaa": -4.19,
        "corsi": "50.8% (59.6) // 52.4% (65.7) // 53.8% (68.1) // 53.9% (68.1)",
        "fenwick": "51.3% (43.5) // 53.7% (48.6) // 55.2% (48.5) // 56.2% (49.1)",
        "shots": "52.0% (31.0) // 53.0% (32.5) // 54.1% (32.7) // 53.2% (32.6)",
        "scoring": "50.6% (27.9) // 53.1% (31.0) // 54.9% (31.7) // 54.4% (30.6)",
        "corsiAgainst": "49.2% (57.7) // 47.6% (59.8) // 46.2% (58.5) // 46.1% (58.3)",
        "fenwickAgainst": "48.7% (41.4) // 46.3% (42.0) // 44.8% (39.4) // 43.8% (38.2)",
        "shotsAgainst": "48.0% (28.5) // 47.0% (28.8) // 45.9% (27.7) // 46.8% (28.6)",
        "scoringAgainst": "49.4% (27.2) // 46.9% (27.4) // 45.1% (26.0) // 45.6% (25.7)",
        "oppCorsi": "50.8% (61.1) // 50.3% (59.7) // 52.1% (62.5) // 49.7% (61.3)",
        "oppFenwick": "50.6% (43.4) // 49.0% (41.8) // 52.2% (44.8) // 48.9% (42.3)",
        "oppShots": "50.0% (29.7) // 49.5% (29.0) // 54.0% (32.2) // 51.1% (31.0)",
        "oppScoring": "51.6% (30.0) // 52.1% (29.6) // 53.1% (29.5) // 48.0% (27.7)",
        "oppCorsiAgainst": "49.2% (59.1) // 49.7% (58.9) // 47.9% (57.5) // 50.3% (62.0)",
        "oppFenwickAgainst": "49.4% (42.3) // 51.0% (43.4) // 47.8% (41.0) // 51.1% (44.3)",
        "oppShotsAgainst": "50.0% (29.7) // 50.5% (29.6) // 46.0% (27.5) // 48.9% (29.7)",
        "oppScoringAgainst": "48.4% (28.1) // 47.9% (27.2) // 46.9% (26.0) // 52.0% (30.0)",
        "totalOver": 43,
        "totalOverLast5": 60,
        "totalOverLast15": 27,
        "lastTotalOver": 42,
        "last5": "1,1,0,1,0,0,0,0,0,0",
        "fd": "0",
        "dk": "+154/-200",
        "kambi": "0",
        "lowest": "154 DK",
        "implied": 39.37007874015748,
        "overOdds": "+154",
        "underOdds": "-200",
        "overUnder": "+154 / -200"
    },
    {
        "player": "Adam Lowry",
        "team": "WPG",
        "opponent": "MIN",
        "propType": "atgs",
        "line": 0.5,
        "ppLine": "",
        "avg": 0.0,
        "hit": false,
        "diffAvg": 0,
        "diffAbs": 1.0,
        "lastAvg": 0.0,
        "diff": 0,
        "avgMin": 15,
        "proj": 0.0,
        "lastAvgMin": 15.63,
        "oppOver": 0,
        "teamOver": 0,
        "gameLine": "-118",
        "+/-": "+9",
        "L5_+/-": 0.0,
        "prevMatchup": "2023-12-31 0.0 atgs 2023-12-30 0.0 atgs",
        "winLossSplits": "0% - 0%",
        "awayHome": "A",
        "playedYesterday": "Y",
        "awayHomeSplits": "0% - 0%",
        "savesAboveExp": 0.141,
        "gsaa": -4.19,
        "corsi": "50.8% (59.6) // 52.4% (65.7) // 53.8% (68.1) // 53.9% (68.1)",
        "fenwick": "51.3% (43.5) // 53.7% (48.6) // 55.2% (48.5) // 56.2% (49.1)",
        "shots": "52.0% (31.0) // 53.0% (32.5) // 54.1% (32.7) // 53.2% (32.6)",
        "scoring": "50.6% (27.9) // 53.1% (31.0) // 54.9% (31.7) // 54.4% (30.6)",
        "corsiAgainst": "49.2% (57.7) // 47.6% (59.8) // 46.2% (58.5) // 46.1% (58.3)",
        "fenwickAgainst": "48.7% (41.4) // 46.3% (42.0) // 44.8% (39.4) // 43.8% (38.2)",
        "shotsAgainst": "48.0% (28.5) // 47.0% (28.8) // 45.9% (27.7) // 46.8% (28.6)",
        "scoringAgainst": "49.4% (27.2) // 46.9% (27.4) // 45.1% (26.0) // 45.6% (25.7)",
        "oppCorsi": "50.8% (61.1) // 50.3% (59.7) // 52.1% (62.5) // 49.7% (61.3)",
        "oppFenwick": "50.6% (43.4) // 49.0% (41.8) // 52.2% (44.8) // 48.9% (42.3)",
        "oppShots": "50.0% (29.7) // 49.5% (29.0) // 54.0% (32.2) // 51.1% (31.0)",
        "oppScoring": "51.6% (30.0) // 52.1% (29.6) // 53.1% (29.5) // 48.0% (27.7)",
        "oppCorsiAgainst": "49.2% (59.1) // 49.7% (58.9) // 47.9% (57.5) // 50.3% (62.0)",
        "oppFenwickAgainst": "49.4% (42.3) // 51.0% (43.4) // 47.8% (41.0) // 51.1% (44.3)",
        "oppShotsAgainst": "50.0% (29.7) // 50.5% (29.6) // 46.0% (27.5) // 48.9% (29.7)",
        "oppScoringAgainst": "48.4% (28.1) // 47.9% (27.2) // 46.9% (26.0) // 52.0% (30.0)",
        "totalOver": 0,
        "totalOverLast5": 0,
        "totalOverLast15": 0,
        "lastTotalOver": 0,
        "last5": "0,0,0,0,0,0,0,0,0,0",
        "fd": "0",
        "dk": "+450",
        "kambi": "475",
        "lowest": "475 BR",
        "implied": 17.391304347826086,
        "overOdds": "+450",
        "underOdds": "0",
        "overUnder": "+450 / 0"
    },
    {
        "player": "Alex Iafallo",
        "team": "WPG",
        "opponent": "MIN",
        "propType": "ast",
        "line": 0.5,
        "ppLine": "",
        "avg": 0.29,
        "hit": false,
        "diffAvg": -0.42,
        "diffAbs": 0.4,
        "lastAvg": 0.34,
        "diff": -0.32,
        "avgMin": 16,
        "proj": 0.3,
        "lastAvgMin": 16.3,
        "oppOver": 0,
        "teamOver": 0,
        "gameLine": "-118",
        "+/-": -2,
        "L5_+/-": "+2.0",
        "prevMatchup": "2023-12-31 0.0 ast 2023-12-30 0.0 ast",
        "winLossSplits": "23% - 8%",
        "awayHome": "A",
        "playedYesterday": "Y",
        "awayHomeSplits": "19% - 16%",
        "savesAboveExp": 0.141,
        "gsaa": -4.19,
        "corsi": "50.8% (59.6) // 52.4% (65.7) // 53.8% (68.1) // 53.9% (68.1)",
        "fenwick": "51.3% (43.5) // 53.7% (48.6) // 55.2% (48.5) // 56.2% (49.1)",
        "shots": "52.0% (31.0) // 53.0% (32.5) // 54.1% (32.7) // 53.2% (32.6)",
        "scoring": "50.6% (27.9) // 53.1% (31.0) // 54.9% (31.7) // 54.4% (30.6)",
        "corsiAgainst": "49.2% (57.7) // 47.6% (59.8) // 46.2% (58.5) // 46.1% (58.3)",
        "fenwickAgainst": "48.7% (41.4) // 46.3% (42.0) // 44.8% (39.4) // 43.8% (38.2)",
        "shotsAgainst": "48.0% (28.5) // 47.0% (28.8) // 45.9% (27.7) // 46.8% (28.6)",
        "scoringAgainst": "49.4% (27.2) // 46.9% (27.4) // 45.1% (26.0) // 45.6% (25.7)",
        "oppCorsi": "50.8% (61.1) // 50.3% (59.7) // 52.1% (62.5) // 49.7% (61.3)",
        "oppFenwick": "50.6% (43.4) // 49.0% (41.8) // 52.2% (44.8) // 48.9% (42.3)",
        "oppShots": "50.0% (29.7) // 49.5% (29.0) // 54.0% (32.2) // 51.1% (31.0)",
        "oppScoring": "51.6% (30.0) // 52.1% (29.6) // 53.1% (29.5) // 48.0% (27.7)",
        "oppCorsiAgainst": "49.2% (59.1) // 49.7% (58.9) // 47.9% (57.5) // 50.3% (62.0)",
        "oppFenwickAgainst": "49.4% (42.3) // 51.0% (43.4) // 47.8% (41.0) // 51.1% (44.3)",
        "oppShotsAgainst": "50.0% (29.7) // 50.5% (29.6) // 46.0% (27.5) // 48.9% (29.7)",
        "oppScoringAgainst": "48.4% (28.1) // 47.9% (27.2) // 46.9% (26.0) // 52.0% (30.0)",
        "totalOver": 17,
        "totalOverLast5": 0,
        "totalOverLast15": 7,
        "lastTotalOver": 33,
        "last5": "0,0,0,0,0,0,1,0,0,0",
        "fd": "0",
        "dk": "+250/-345",
        "kambi": "0",
        "lowest": "250 DK",
        "implied": 28.57142857142857,
        "overOdds": "+250",
        "underOdds": "-345",
        "overUnder": "+250 / -345"
    },
    {
        "player": "Alex Iafallo",
        "team": "WPG",
        "opponent": "MIN",
        "propType": "pts",
        "line": 0.5,
        "ppLine": "",
        "avg": 0.46,
        "hit": false,
        "diffAvg": -0.08,
        "diffAbs": 0.0,
        "lastAvg": 0.55,
        "diff": 0.1,
        "avgMin": 16,
        "proj": 0.5,
        "lastAvgMin": 16.3,
        "oppOver": 0,
        "teamOver": 0,
        "gameLine": "-118",
        "+/-": -2,
        "L5_+/-": "+2.0",
        "prevMatchup": "2023-12-31 0.0 pts 2023-12-30 1.0 pts",
        "winLossSplits": "27% - 23%",
        "awayHome": "A",
        "playedYesterday": "Y",
        "awayHomeSplits": "25% - 26%",
        "savesAboveExp": 0.141,
        "gsaa": -4.19,
        "corsi": "50.8% (59.6) // 52.4% (65.7) // 53.8% (68.1) // 53.9% (68.1)",
        "fenwick": "51.3% (43.5) // 53.7% (48.6) // 55.2% (48.5) // 56.2% (49.1)",
        "shots": "52.0% (31.0) // 53.0% (32.5) // 54.1% (32.7) // 53.2% (32.6)",
        "scoring": "50.6% (27.9) // 53.1% (31.0) // 54.9% (31.7) // 54.4% (30.6)",
        "corsiAgainst": "49.2% (57.7) // 47.6% (59.8) // 46.2% (58.5) // 46.1% (58.3)",
        "fenwickAgainst": "48.7% (41.4) // 46.3% (42.0) // 44.8% (39.4) // 43.8% (38.2)",
        "shotsAgainst": "48.0% (28.5) // 47.0% (28.8) // 45.9% (27.7) // 46.8% (28.6)",
        "scoringAgainst": "49.4% (27.2) // 46.9% (27.4) // 45.1% (26.0) // 45.6% (25.7)",
        "oppCorsi": "50.8% (61.1) // 50.3% (59.7) // 52.1% (62.5) // 49.7% (61.3)",
        "oppFenwick": "50.6% (43.4) // 49.0% (41.8) // 52.2% (44.8) // 48.9% (42.3)",
        "oppShots": "50.0% (29.7) // 49.5% (29.0) // 54.0% (32.2) // 51.1% (31.0)",
        "oppScoring": "51.6% (30.0) // 52.1% (29.6) // 53.1% (29.5) // 48.0% (27.7)",
        "oppCorsiAgainst": "49.2% (59.1) // 49.7% (58.9) // 47.9% (57.5) // 50.3% (62.0)",
        "oppFenwickAgainst": "49.4% (42.3) // 51.0% (43.4) // 47.8% (41.0) // 51.1% (44.3)",
        "oppShotsAgainst": "50.0% (29.7) // 50.5% (29.6) // 46.0% (27.5) // 48.9% (29.7)",
        "oppScoringAgainst": "48.4% (28.1) // 47.9% (27.2) // 46.9% (26.0) // 52.0% (30.0)",
        "totalOver": 26,
        "totalOverLast5": 20,
        "totalOverLast15": 13,
        "lastTotalOver": 52,
        "last5": "0,1,0,0,0,0,2,0,0,0",
        "fd": "0",
        "dk": "+130/-166",
        "kambi": "125/-165",
        "lowest": "130 DK",
        "implied": 43.47826086956522,
        "overOdds": "+130",
        "underOdds": "-166",
        "overUnder": "+130 / -166"
    },
    {
        "player": "Alex Iafallo",
        "team": "WPG",
        "opponent": "MIN",
        "propType": "sog",
        "line": 1.5,
        "ppLine": "",
        "avg": 1.77,
        "hit": false,
        "diffAvg": 0.18,
        "diffAbs": 0.33,
        "lastAvg": 2.05,
        "diff": 0.37,
        "avgMin": 16,
        "proj": 2.0,
        "lastAvgMin": 16.3,
        "oppOver": 0,
        "teamOver": 0,
        "gameLine": "-118",
        "+/-": -2,
        "L5_+/-": "+2.0",
        "prevMatchup": "2023-12-31 0.0 sog 2023-12-30 1.0 sog",
        "winLossSplits": "41% - 62%",
        "awayHome": "A",
        "playedYesterday": "Y",
        "awayHomeSplits": "44% - 53%",
        "savesAboveExp": 0.141,
        "gsaa": -4.19,
        "corsi": "50.8% (59.6) // 52.4% (65.7) // 53.8% (68.1) // 53.9% (68.1)",
        "fenwick": "51.3% (43.5) // 53.7% (48.6) // 55.2% (48.5) // 56.2% (49.1)",
        "shots": "52.0% (31.0) // 53.0% (32.5) // 54.1% (32.7) // 53.2% (32.6)",
        "scoring": "50.6% (27.9) // 53.1% (31.0) // 54.9% (31.7) // 54.4% (30.6)",
        "corsiAgainst": "49.2% (57.7) // 47.6% (59.8) // 46.2% (58.5) // 46.1% (58.3)",
        "fenwickAgainst": "48.7% (41.4) // 46.3% (42.0) // 44.8% (39.4) // 43.8% (38.2)",
        "shotsAgainst": "48.0% (28.5) // 47.0% (28.8) // 45.9% (27.7) // 46.8% (28.6)",
        "scoringAgainst": "49.4% (27.2) // 46.9% (27.4) // 45.1% (26.0) // 45.6% (25.7)",
        "oppCorsi": "50.8% (61.1) // 50.3% (59.7) // 52.1% (62.5) // 49.7% (61.3)",
        "oppFenwick": "50.6% (43.4) // 49.0% (41.8) // 52.2% (44.8) // 48.9% (42.3)",
        "oppShots": "50.0% (29.7) // 49.5% (29.0) // 54.0% (32.2) // 51.1% (31.0)",
        "oppScoring": "51.6% (30.0) // 52.1% (29.6) // 53.1% (29.5) // 48.0% (27.7)",
        "oppCorsiAgainst": "49.2% (59.1) // 49.7% (58.9) // 47.9% (57.5) // 50.3% (62.0)",
        "oppFenwickAgainst": "49.4% (42.3) // 51.0% (43.4) // 47.8% (41.0) // 51.1% (44.3)",
        "oppShotsAgainst": "50.0% (29.7) // 50.5% (29.6) // 46.0% (27.5) // 48.9% (29.7)",
        "oppScoringAgainst": "48.4% (28.1) // 47.9% (27.2) // 46.9% (26.0) // 52.0% (30.0)",
        "totalOver": 49,
        "totalOverLast5": 40,
        "totalOverLast15": 40,
        "lastTotalOver": 70,
        "last5": "0,1,2,2,1,2,1,1,3,0",
        "fd": "-188",
        "dk": "-166/+130",
        "kambi": "0",
        "lowest": "-166 DK",
        "implied": 62.40601503759399,
        "overOdds": "-166",
        "underOdds": "+130",
        "overUnder": "-166 / +130"
    },
    {
        "player": "Alex Iafallo",
        "team": "WPG",
        "opponent": "MIN",
        "propType": "atgs",
        "line": 0.5,
        "ppLine": "",
        "avg": 0.0,
        "hit": false,
        "diffAvg": 0,
        "diffAbs": 1.0,
        "lastAvg": 0.0,
        "diff": 0,
        "avgMin": 16,
        "proj": 0.0,
        "lastAvgMin": 16.3,
        "oppOver": 0,
        "teamOver": 0,
        "gameLine": "-118",
        "+/-": -2,
        "L5_+/-": "+2.0",
        "prevMatchup": "2023-12-31 0.0 atgs 2023-12-30 0.0 atgs",
        "winLossSplits": "0% - 0%",
        "awayHome": "A",
        "playedYesterday": "Y",
        "awayHomeSplits": "0% - 0%",
        "savesAboveExp": 0.141,
        "gsaa": -4.19,
        "corsi": "50.8% (59.6) // 52.4% (65.7) // 53.8% (68.1) // 53.9% (68.1)",
        "fenwick": "51.3% (43.5) // 53.7% (48.6) // 55.2% (48.5) // 56.2% (49.1)",
        "shots": "52.0% (31.0) // 53.0% (32.5) // 54.1% (32.7) // 53.2% (32.6)",
        "scoring": "50.6% (27.9) // 53.1% (31.0) // 54.9% (31.7) // 54.4% (30.6)",
        "corsiAgainst": "49.2% (57.7) // 47.6% (59.8) // 46.2% (58.5) // 46.1% (58.3)",
        "fenwickAgainst": "48.7% (41.4) // 46.3% (42.0) // 44.8% (39.4) // 43.8% (38.2)",
        "shotsAgainst": "48.0% (28.5) // 47.0% (28.8) // 45.9% (27.7) // 46.8% (28.6)",
        "scoringAgainst": "49.4% (27.2) // 46.9% (27.4) // 45.1% (26.0) // 45.6% (25.7)",
        "oppCorsi": "50.8% (61.1) // 50.3% (59.7) // 52.1% (62.5) // 49.7% (61.3)",
        "oppFenwick": "50.6% (43.4) // 49.0% (41.8) // 52.2% (44.8) // 48.9% (42.3)",
        "oppShots": "50.0% (29.7) // 49.5% (29.0) // 54.0% (32.2) // 51.1% (31.0)",
        "oppScoring": "51.6% (30.0) // 52.1% (29.6) // 53.1% (29.5) // 48.0% (27.7)",
        "oppCorsiAgainst": "49.2% (59.1) // 49.7% (58.9) // 47.9% (57.5) // 50.3% (62.0)",
        "oppFenwickAgainst": "49.4% (42.3) // 51.0% (43.4) // 47.8% (41.0) // 51.1% (44.3)",
        "oppShotsAgainst": "50.0% (29.7) // 50.5% (29.6) // 46.0% (27.5) // 48.9% (29.7)",
        "oppScoringAgainst": "48.4% (28.1) // 47.9% (27.2) // 46.9% (26.0) // 52.0% (30.0)",
        "totalOver": 0,
        "totalOverLast5": 0,
        "totalOverLast15": 0,
        "lastTotalOver": 0,
        "last5": "0,0,0,0,0,0,0,0,0,0",
        "fd": "0",
        "dk": "+295",
        "kambi": "295",
        "lowest": "295 DK",
        "implied": 25.31645569620253,
        "overOdds": "+295",
        "underOdds": "0",
        "overUnder": "+295 / 0"
    },
    {
        "player": "Brock Faber",
        "team": "MIN",
        "opponent": "WPG",
        "propType": "ast",
        "line": 0.5,
        "ppLine": "",
        "avg": 0.4,
        "hit": false,
        "diffAvg": -0.2,
        "diffAbs": 1.0,
        "lastAvg": 0,
        "diff": 0,
        "avgMin": 24,
        "proj": 0.0,
        "lastAvgMin": 0,
        "oppOver": 0,
        "teamOver": 0,
        "gameLine": "-102",
        "+/-": "+11",
        "L5_+/-": "+4.0",
        "prevMatchup": "2023-12-31 0.0 ast 2023-12-30 0.0 ast",
        "winLossSplits": "31% - 37%",
        "awayHome": "H",
        "playedYesterday": "Y",
        "awayHomeSplits": "44% - 24%",
        "savesAboveExp": "-",
        "gsaa": 2.39,
        "corsi": "50.8% (61.1) // 50.3% (59.7) // 52.1% (62.5) // 49.7% (61.3)",
        "fenwick": "50.6% (43.4) // 49.0% (41.8) // 52.2% (44.8) // 48.9% (42.3)",
        "shots": "50.0% (29.7) // 49.5% (29.0) // 54.0% (32.2) // 51.1% (31.0)",
        "scoring": "51.6% (30.0) // 52.1% (29.6) // 53.1% (29.5) // 48.0% (27.7)",
        "corsiAgainst": "49.2% (59.1) // 49.7% (58.9) // 47.9% (57.5) // 50.3% (62.0)",
        "fenwickAgainst": "49.4% (42.3) // 51.0% (43.4) // 47.8% (41.0) // 51.1% (44.3)",
        "shotsAgainst": "50.0% (29.7) // 50.5% (29.6) // 46.0% (27.5) // 48.9% (29.7)",
        "scoringAgainst": "48.4% (28.1) // 47.9% (27.2) // 46.9% (26.0) // 52.0% (30.0)",
        "oppCorsi": "50.8% (59.6) // 52.4% (65.7) // 53.8% (68.1) // 53.9% (68.1)",
        "oppFenwick": "51.3% (43.5) // 53.7% (48.6) // 55.2% (48.5) // 56.2% (49.1)",
        "oppShots": "52.0% (31.0) // 53.0% (32.5) // 54.1% (32.7) // 53.2% (32.6)",
        "oppScoring": "50.6% (27.9) // 53.1% (31.0) // 54.9% (31.7) // 54.4% (30.6)",
        "oppCorsiAgainst": "49.2% (57.7) // 47.6% (59.8) // 46.2% (58.5) // 46.1% (58.3)",
        "oppFenwickAgainst": "48.7% (41.4) // 46.3% (42.0) // 44.8% (39.4) // 43.8% (38.2)",
        "oppShotsAgainst": "48.0% (28.5) // 47.0% (28.8) // 45.9% (27.7) // 46.8% (28.6)",
        "oppScoringAgainst": "49.4% (27.2) // 46.9% (27.4) // 45.1% (26.0) // 45.6% (25.7)",
        "totalOver": 34,
        "totalOverLast5": 20,
        "totalOverLast15": 33,
        "lastTotalOver": 0,
        "last5": "0,0,0,0,1,1,1,0,0,0",
        "fd": "0",
        "dk": "+170/-220",
        "kambi": "0",
        "lowest": "170 DK",
        "implied": 37.03703703703704,
        "overOdds": "+170",
        "underOdds": "-220",
        "overUnder": "+170 / -220"
    },
    {
        "player": "Brock Faber",
        "team": "MIN",
        "opponent": "WPG",
        "propType": "pts",
        "line": 0.5,
        "ppLine": "",
        "avg": 0.46,
        "hit": false,
        "diffAvg": -0.08,
        "diffAbs": 1.0,
        "lastAvg": 0,
        "diff": 0,
        "avgMin": 24,
        "proj": 0.0,
        "lastAvgMin": 0,
        "oppOver": 0,
        "teamOver": 0,
        "gameLine": "-102",
        "+/-": "+11",
        "L5_+/-": "+4.0",
        "prevMatchup": "2023-12-31 0.0 pts 2023-12-30 0.0 pts",
        "winLossSplits": "38% - 37%",
        "awayHome": "H",
        "playedYesterday": "Y",
        "awayHomeSplits": "44% - 29%",
        "savesAboveExp": "-",
        "gsaa": 2.39,
        "corsi": "50.8% (61.1) // 50.3% (59.7) // 52.1% (62.5) // 49.7% (61.3)",
        "fenwick": "50.6% (43.4) // 49.0% (41.8) // 52.2% (44.8) // 48.9% (42.3)",
        "shots": "50.0% (29.7) // 49.5% (29.0) // 54.0% (32.2) // 51.1% (31.0)",
        "scoring": "51.6% (30.0) // 52.1% (29.6) // 53.1% (29.5) // 48.0% (27.7)",
        "corsiAgainst": "49.2% (59.1) // 49.7% (58.9) // 47.9% (57.5) // 50.3% (62.0)",
        "fenwickAgainst": "49.4% (42.3) // 51.0% (43.4) // 47.8% (41.0) // 51.1% (44.3)",
        "shotsAgainst": "50.0% (29.7) // 50.5% (29.6) // 46.0% (27.5) // 48.9% (29.7)",
        "scoringAgainst": "48.4% (28.1) // 47.9% (27.2) // 46.9% (26.0) // 52.0% (30.0)",
        "oppCorsi": "50.8% (59.6) // 52.4% (65.7) // 53.8% (68.1) // 53.9% (68.1)",
        "oppFenwick": "51.3% (43.5) // 53.7% (48.6) // 55.2% (48.5) // 56.2% (49.1)",
        "oppShots": "52.0% (31.0) // 53.0% (32.5) // 54.1% (32.7) // 53.2% (32.6)",
        "oppScoring": "50.6% (27.9) // 53.1% (31.0) // 54.9% (31.7) // 54.4% (30.6)",
        "oppCorsiAgainst": "49.2% (57.7) // 47.6% (59.8) // 46.2% (58.5) // 46.1% (58.3)",
        "oppFenwickAgainst": "48.7% (41.4) // 46.3% (42.0) // 44.8% (39.4) // 43.8% (38.2)",
        "oppShotsAgainst": "48.0% (28.5) // 47.0% (28.8) // 45.9% (27.7) // 46.8% (28.6)",
        "oppScoringAgainst": "49.4% (27.2) // 46.9% (27.4) // 45.1% (26.0) // 45.6% (25.7)",
        "totalOver": 37,
        "totalOverLast5": 20,
        "totalOverLast15": 33,
        "lastTotalOver": 0,
        "last5": "0,0,0,0,2,1,1,0,0,0",
        "fd": "0",
        "dk": "+130/-166",
        "kambi": "125/-165",
        "lowest": "130 DK",
        "implied": 43.47826086956522,
        "overOdds": "+130",
        "underOdds": "-166",
        "overUnder": "+130 / -166"
    },
    {
        "player": "Brock Faber",
        "team": "MIN",
        "opponent": "WPG",
        "propType": "sog",
        "line": 1.5,
        "ppLine": "",
        "avg": 1.31,
        "hit": false,
        "diffAvg": -0.13,
        "diffAbs": 1.0,
        "lastAvg": 0,
        "diff": 0,
        "avgMin": 24,
        "proj": 0.0,
        "lastAvgMin": 0,
        "oppOver": 0,
        "teamOver": 0,
        "gameLine": "-102",
        "+/-": "+11",
        "L5_+/-": "+4.0",
        "prevMatchup": "2023-12-31 2.0 sog 2023-12-30 0.0 sog",
        "winLossSplits": "38% - 47%",
        "awayHome": "H",
        "playedYesterday": "Y",
        "awayHomeSplits": "39% - 47%",
        "savesAboveExp": "-",
        "gsaa": 2.39,
        "corsi": "50.8% (61.1) // 50.3% (59.7) // 52.1% (62.5) // 49.7% (61.3)",
        "fenwick": "50.6% (43.4) // 49.0% (41.8) // 52.2% (44.8) // 48.9% (42.3)",
        "shots": "50.0% (29.7) // 49.5% (29.0) // 54.0% (32.2) // 51.1% (31.0)",
        "scoring": "51.6% (30.0) // 52.1% (29.6) // 53.1% (29.5) // 48.0% (27.7)",
        "corsiAgainst": "49.2% (59.1) // 49.7% (58.9) // 47.9% (57.5) // 50.3% (62.0)",
        "fenwickAgainst": "49.4% (42.3) // 51.0% (43.4) // 47.8% (41.0) // 51.1% (44.3)",
        "shotsAgainst": "50.0% (29.7) // 50.5% (29.6) // 46.0% (27.5) // 48.9% (29.7)",
        "scoringAgainst": "48.4% (28.1) // 47.9% (27.2) // 46.9% (26.0) // 52.0% (30.0)",
        "oppCorsi": "50.8% (59.6) // 52.4% (65.7) // 53.8% (68.1) // 53.9% (68.1)",
        "oppFenwick": "51.3% (43.5) // 53.7% (48.6) // 55.2% (48.5) // 56.2% (49.1)",
        "oppShots": "52.0% (31.0) // 53.0% (32.5) // 54.1% (32.7) // 53.2% (32.6)",
        "oppScoring": "50.6% (27.9) // 53.1% (31.0) // 54.9% (31.7) // 54.4% (30.6)",
        "oppCorsiAgainst": "49.2% (57.7) // 47.6% (59.8) // 46.2% (58.5) // 46.1% (58.3)",
        "oppFenwickAgainst": "48.7% (41.4) // 46.3% (42.0) // 44.8% (39.4) // 43.8% (38.2)",
        "oppShotsAgainst": "48.0% (28.5) // 47.0% (28.8) // 45.9% (27.7) // 46.8% (28.6)",
        "oppScoringAgainst": "49.4% (27.2) // 46.9% (27.4) // 45.1% (26.0) // 45.6% (25.7)",
        "totalOver": 43,
        "totalOverLast5": 80,
        "totalOverLast15": 53,
        "lastTotalOver": 12,
        "last5": "2,0,2,5,2,0,2,2,1,1",
        "fd": "-118",
        "dk": "-125/-105",
        "kambi": "0",
        "lowest": "-118 FD",
        "implied": 54.12844036697248,
        "overOdds": "-125",
        "underOdds": "-105",
        "overUnder": "-125 / -105"
    },
    {
        "player": "Brock Faber",
        "team": "MIN",
        "opponent": "WPG",
        "propType": "atgs",
        "line": 0.5,
        "ppLine": "",
        "avg": 0.0,
        "hit": false,
        "diffAvg": 0,
        "diffAbs": 1.0,
        "lastAvg": 0,
        "diff": 0,
        "avgMin": 24,
        "proj": 0.0,
        "lastAvgMin": 0,
        "oppOver": 0,
        "teamOver": 0,
        "gameLine": "-102",
        "+/-": "+11",
        "L5_+/-": "+4.0",
        "prevMatchup": "2023-12-31 0.0 atgs 2023-12-30 0.0 atgs",
        "winLossSplits": "0% - 0%",
        "awayHome": "H",
        "playedYesterday": "Y",
        "awayHomeSplits": "0% - 0%",
        "savesAboveExp": "-",
        "gsaa": 2.39,
        "corsi": "50.8% (61.1) // 50.3% (59.7) // 52.1% (62.5) // 49.7% (61.3)",
        "fenwick": "50.6% (43.4) // 49.0% (41.8) // 52.2% (44.8) // 48.9% (42.3)",
        "shots": "50.0% (29.7) // 49.5% (29.0) // 54.0% (32.2) // 51.1% (31.0)",
        "scoring": "51.6% (30.0) // 52.1% (29.6) // 53.1% (29.5) // 48.0% (27.7)",
        "corsiAgainst": "49.2% (59.1) // 49.7% (58.9) // 47.9% (57.5) // 50.3% (62.0)",
        "fenwickAgainst": "49.4% (42.3) // 51.0% (43.4) // 47.8% (41.0) // 51.1% (44.3)",
        "shotsAgainst": "50.0% (29.7) // 50.5% (29.6) // 46.0% (27.5) // 48.9% (29.7)",
        "scoringAgainst": "48.4% (28.1) // 47.9% (27.2) // 46.9% (26.0) // 52.0% (30.0)",
        "oppCorsi": "50.8% (59.6) // 52.4% (65.7) // 53.8% (68.1) // 53.9% (68.1)",
        "oppFenwick": "51.3% (43.5) // 53.7% (48.6) // 55.2% (48.5) // 56.2% (49.1)",
        "oppShots": "52.0% (31.0) // 53.0% (32.5) // 54.1% (32.7) // 53.2% (32.6)",
        "oppScoring": "50.6% (27.9) // 53.1% (31.0) // 54.9% (31.7) // 54.4% (30.6)",
        "oppCorsiAgainst": "49.2% (57.7) // 47.6% (59.8) // 46.2% (58.5) // 46.1% (58.3)",
        "oppFenwickAgainst": "48.7% (41.4) // 46.3% (42.0) // 44.8% (39.4) // 43.8% (38.2)",
        "oppShotsAgainst": "48.0% (28.5) // 47.0% (28.8) // 45.9% (27.7) // 46.8% (28.6)",
        "oppScoringAgainst": "49.4% (27.2) // 46.9% (27.4) // 45.1% (26.0) // 45.6% (25.7)",
        "totalOver": 0,
        "totalOverLast5": 0,
        "totalOverLast15": 0,
        "lastTotalOver": 0,
        "last5": "0,0,0,0,0,0,0,0,0,0",
        "fd": "0",
        "dk": "+650",
        "kambi": "540",
        "lowest": "650 DK",
        "implied": 13.333333333333334,
        "overOdds": "+650",
        "underOdds": "0",
        "overUnder": "+650 / 0"
    },
    {
        "player": "Cole Perfetti",
        "team": "WPG",
        "opponent": "MIN",
        "propType": "ast",
        "line": 0.5,
        "ppLine": "",
        "avg": 0.37,
        "hit": false,
        "diffAvg": -0.26,
        "diffAbs": 0.2,
        "lastAvg": 0.43,
        "diff": -0.14,
        "avgMin": 14,
        "proj": 0.4,
        "lastAvgMin": 14.97,
        "oppOver": 0,
        "teamOver": 0,
        "gameLine": "-118",
        "+/-": "+10",
        "L5_+/-": "+3.0",
        "prevMatchup": "2023-12-31 1.0 ast 2023-12-30 0.0 ast",
        "winLossSplits": "45% - 15%",
        "awayHome": "A",
        "playedYesterday": "Y",
        "awayHomeSplits": "38% - 32%",
        "savesAboveExp": 0.141,
        "gsaa": -4.19,
        "corsi": "50.8% (59.6) // 52.4% (65.7) // 53.8% (68.1) // 53.9% (68.1)",
        "fenwick": "51.3% (43.5) // 53.7% (48.6) // 55.2% (48.5) // 56.2% (49.1)",
        "shots": "52.0% (31.0) // 53.0% (32.5) // 54.1% (32.7) // 53.2% (32.6)",
        "scoring": "50.6% (27.9) // 53.1% (31.0) // 54.9% (31.7) // 54.4% (30.6)",
        "corsiAgainst": "49.2% (57.7) // 47.6% (59.8) // 46.2% (58.5) // 46.1% (58.3)",
        "fenwickAgainst": "48.7% (41.4) // 46.3% (42.0) // 44.8% (39.4) // 43.8% (38.2)",
        "shotsAgainst": "48.0% (28.5) // 47.0% (28.8) // 45.9% (27.7) // 46.8% (28.6)",
        "scoringAgainst": "49.4% (27.2) // 46.9% (27.4) // 45.1% (26.0) // 45.6% (25.7)",
        "oppCorsi": "50.8% (61.1) // 50.3% (59.7) // 52.1% (62.5) // 49.7% (61.3)",
        "oppFenwick": "50.6% (43.4) // 49.0% (41.8) // 52.2% (44.8) // 48.9% (42.3)",
        "oppShots": "50.0% (29.7) // 49.5% (29.0) // 54.0% (32.2) // 51.1% (31.0)",
        "oppScoring": "51.6% (30.0) // 52.1% (29.6) // 53.1% (29.5) // 48.0% (27.7)",
        "oppCorsiAgainst": "49.2% (59.1) // 49.7% (58.9) // 47.9% (57.5) // 50.3% (62.0)",
        "oppFenwickAgainst": "49.4% (42.3) // 51.0% (43.4) // 47.8% (41.0) // 51.1% (44.3)",
        "oppShotsAgainst": "50.0% (29.7) // 50.5% (29.6) // 46.0% (27.5) // 48.9% (29.7)",
        "oppScoringAgainst": "48.4% (28.1) // 47.9% (27.2) // 46.9% (26.0) // 52.0% (30.0)",
        "totalOver": 34,
        "totalOverLast5": 60,
        "totalOverLast15": 20,
        "lastTotalOver": 36,
        "last5": "1,0,0,1,1,0,0,0,0,0",
        "fd": "0",
        "dk": "+240/-330",
        "kambi": "0",
        "lowest": "240 DK",
        "implied": 29.411764705882355,
        "overOdds": "+240",
        "underOdds": "-330",
        "overUnder": "+240 / -330"
    },
    {
        "player": "Cole Perfetti",
        "team": "WPG",
        "opponent": "MIN",
        "propType": "pts",
        "line": 0.5,
        "ppLine": "",
        "avg": 0.66,
        "hit": false,
        "diffAvg": 0.32,
        "diffAbs": 0.2,
        "lastAvg": 0.59,
        "diff": 0.18,
        "avgMin": 14,
        "proj": 0.6,
        "lastAvgMin": 14.97,
        "oppOver": 0,
        "teamOver": 0,
        "gameLine": "-118",
        "+/-": "+10",
        "L5_+/-": "+3.0",
        "prevMatchup": "2023-12-31 1.0 pts 2023-12-30 0.0 pts",
        "winLossSplits": "64% - 54%",
        "awayHome": "A",
        "playedYesterday": "Y",
        "awayHomeSplits": "50% - 68%",
        "savesAboveExp": 0.141,
        "gsaa": -4.19,
        "corsi": "50.8% (59.6) // 52.4% (65.7) // 53.8% (68.1) // 53.9% (68.1)",
        "fenwick": "51.3% (43.5) // 53.7% (48.6) // 55.2% (48.5) // 56.2% (49.1)",
        "shots": "52.0% (31.0) // 53.0% (32.5) // 54.1% (32.7) // 53.2% (32.6)",
        "scoring": "50.6% (27.9) // 53.1% (31.0) // 54.9% (31.7) // 54.4% (30.6)",
        "corsiAgainst": "49.2% (57.7) // 47.6% (59.8) // 46.2% (58.5) // 46.1% (58.3)",
        "fenwickAgainst": "48.7% (41.4) // 46.3% (42.0) // 44.8% (39.4) // 43.8% (38.2)",
        "shotsAgainst": "48.0% (28.5) // 47.0% (28.8) // 45.9% (27.7) // 46.8% (28.6)",
        "scoringAgainst": "49.4% (27.2) // 46.9% (27.4) // 45.1% (26.0) // 45.6% (25.7)",
        "oppCorsi": "50.8% (61.1) // 50.3% (59.7) // 52.1% (62.5) // 49.7% (61.3)",
        "oppFenwick": "50.6% (43.4) // 49.0% (41.8) // 52.2% (44.8) // 48.9% (42.3)",
        "oppShots": "50.0% (29.7) // 49.5% (29.0) // 54.0% (32.2) // 51.1% (31.0)",
        "oppScoring": "51.6% (30.0) // 52.1% (29.6) // 53.1% (29.5) // 48.0% (27.7)",
        "oppCorsiAgainst": "49.2% (59.1) // 49.7% (58.9) // 47.9% (57.5) // 50.3% (62.0)",
        "oppFenwickAgainst": "49.4% (42.3) // 51.0% (43.4) // 47.8% (41.0) // 51.1% (44.3)",
        "oppShotsAgainst": "50.0% (29.7) // 50.5% (29.6) // 46.0% (27.5) // 48.9% (29.7)",
        "oppScoringAgainst": "48.4% (28.1) // 47.9% (27.2) // 46.9% (26.0) // 52.0% (30.0)",
        "totalOver": 60,
        "totalOverLast5": 60,
        "totalOverLast15": 40,
        "lastTotalOver": 50,
        "last5": "1,0,0,1,1,1,0,0,0,0",
        "fd": "0",
        "dk": "+120/-150",
        "kambi": "112/-148",
        "lowest": "120 DK",
        "implied": 45.45454545454545,
        "overOdds": "+120",
        "underOdds": "-150",
        "overUnder": "+120 / -150"
    },
    {
        "player": "Cole Perfetti",
        "team": "WPG",
        "opponent": "MIN",
        "propType": "sog",
        "line": 1.5,
        "ppLine": "",
        "avg": 2.26,
        "hit": false,
        "diffAvg": 0.51,
        "diffAbs": 0.13,
        "lastAvg": 1.76,
        "diff": 0.17,
        "avgMin": 14,
        "proj": 1.7,
        "lastAvgMin": 14.97,
        "oppOver": 0,
        "teamOver": 0,
        "gameLine": "-118",
        "+/-": "+10",
        "L5_+/-": "+3.0",
        "prevMatchup": "2023-12-31 0.0 sog 2023-12-30 6.0 sog",
        "winLossSplits": "59% - 85%",
        "awayHome": "A",
        "playedYesterday": "Y",
        "awayHomeSplits": "56% - 79%",
        "savesAboveExp": 0.141,
        "gsaa": -4.19,
        "corsi": "50.8% (59.6) // 52.4% (65.7) // 53.8% (68.1) // 53.9% (68.1)",
        "fenwick": "51.3% (43.5) // 53.7% (48.6) // 55.2% (48.5) // 56.2% (49.1)",
        "shots": "52.0% (31.0) // 53.0% (32.5) // 54.1% (32.7) // 53.2% (32.6)",
        "scoring": "50.6% (27.9) // 53.1% (31.0) // 54.9% (31.7) // 54.4% (30.6)",
        "corsiAgainst": "49.2% (57.7) // 47.6% (59.8) // 46.2% (58.5) // 46.1% (58.3)",
        "fenwickAgainst": "48.7% (41.4) // 46.3% (42.0) // 44.8% (39.4) // 43.8% (38.2)",
        "shotsAgainst": "48.0% (28.5) // 47.0% (28.8) // 45.9% (27.7) // 46.8% (28.6)",
        "scoringAgainst": "49.4% (27.2) // 46.9% (27.4) // 45.1% (26.0) // 45.6% (25.7)",
        "oppCorsi": "50.8% (61.1) // 50.3% (59.7) // 52.1% (62.5) // 49.7% (61.3)",
        "oppFenwick": "50.6% (43.4) // 49.0% (41.8) // 52.2% (44.8) // 48.9% (42.3)",
        "oppShots": "50.0% (29.7) // 49.5% (29.0) // 54.0% (32.2) // 51.1% (31.0)",
        "oppScoring": "51.6% (30.0) // 52.1% (29.6) // 53.1% (29.5) // 48.0% (27.7)",
        "oppCorsiAgainst": "49.2% (59.1) // 49.7% (58.9) // 47.9% (57.5) // 50.3% (62.0)",
        "oppFenwickAgainst": "49.4% (42.3) // 51.0% (43.4) // 47.8% (41.0) // 51.1% (44.3)",
        "oppShotsAgainst": "50.0% (29.7) // 50.5% (29.6) // 46.0% (27.5) // 48.9% (29.7)",
        "oppScoringAgainst": "48.4% (28.1) // 47.9% (27.2) // 46.9% (26.0) // 52.0% (30.0)",
        "totalOver": 69,
        "totalOverLast5": 80,
        "totalOverLast15": 73,
        "lastTotalOver": 50,
        "last5": "0,6,4,2,4,2,2,1,5,2",
        "fd": "-220",
        "dk": "-195/+150",
        "kambi": "0",
        "lowest": "-195 DK",
        "implied": 66.10169491525424,
        "overOdds": "-195",
        "underOdds": "+150",
        "overUnder": "-195 / +150"
    },
    {
        "player": "Cole Perfetti",
        "team": "WPG",
        "opponent": "MIN",
        "propType": "atgs",
        "line": 0.5,
        "ppLine": "",
        "avg": 0.0,
        "hit": false,
        "diffAvg": 0,
        "diffAbs": 1.0,
        "lastAvg": 0.0,
        "diff": 0,
        "avgMin": 14,
        "proj": 0.0,
        "lastAvgMin": 14.97,
        "oppOver": 0,
        "teamOver": 0,
        "gameLine": "-118",
        "+/-": "+10",
        "L5_+/-": "+3.0",
        "prevMatchup": "2023-12-31 0.0 atgs 2023-12-30 0.0 atgs",
        "winLossSplits": "0% - 0%",
        "awayHome": "A",
        "playedYesterday": "Y",
        "awayHomeSplits": "0% - 0%",
        "savesAboveExp": 0.141,
        "gsaa": -4.19,
        "corsi": "50.8% (59.6) // 52.4% (65.7) // 53.8% (68.1) // 53.9% (68.1)",
        "fenwick": "51.3% (43.5) // 53.7% (48.6) // 55.2% (48.5) // 56.2% (49.1)",
        "shots": "52.0% (31.0) // 53.0% (32.5) // 54.1% (32.7) // 53.2% (32.6)",
        "scoring": "50.6% (27.9) // 53.1% (31.0) // 54.9% (31.7) // 54.4% (30.6)",
        "corsiAgainst": "49.2% (57.7) // 47.6% (59.8) // 46.2% (58.5) // 46.1% (58.3)",
        "fenwickAgainst": "48.7% (41.4) // 46.3% (42.0) // 44.8% (39.4) // 43.8% (38.2)",
        "shotsAgainst": "48.0% (28.5) // 47.0% (28.8) // 45.9% (27.7) // 46.8% (28.6)",
        "scoringAgainst": "49.4% (27.2) // 46.9% (27.4) // 45.1% (26.0) // 45.6% (25.7)",
        "oppCorsi": "50.8% (61.1) // 50.3% (59.7) // 52.1% (62.5) // 49.7% (61.3)",
        "oppFenwick": "50.6% (43.4) // 49.0% (41.8) // 52.2% (44.8) // 48.9% (42.3)",
        "oppShots": "50.0% (29.7) // 49.5% (29.0) // 54.0% (32.2) // 51.1% (31.0)",
        "oppScoring": "51.6% (30.0) // 52.1% (29.6) // 53.1% (29.5) // 48.0% (27.7)",
        "oppCorsiAgainst": "49.2% (59.1) // 49.7% (58.9) // 47.9% (57.5) // 50.3% (62.0)",
        "oppFenwickAgainst": "49.4% (42.3) // 51.0% (43.4) // 47.8% (41.0) // 51.1% (44.3)",
        "oppShotsAgainst": "50.0% (29.7) // 50.5% (29.6) // 46.0% (27.5) // 48.9% (29.7)",
        "oppScoringAgainst": "48.4% (28.1) // 47.9% (27.2) // 46.9% (26.0) // 52.0% (30.0)",
        "totalOver": 0,
        "totalOverLast5": 0,
        "totalOverLast15": 0,
        "lastTotalOver": 0,
        "last5": "0,0,0,0,0,0,0,0,0,0",
        "fd": "0",
        "dk": "+260",
        "kambi": "230",
        "lowest": "260 DK",
        "implied": 27.77777777777778,
        "overOdds": "+260",
        "underOdds": "0",
        "overUnder": "+260 / 0"
    },
    {
        "player": "Gabriel Vilardi",
        "team": "WPG",
        "opponent": "MIN",
        "propType": "ast",
        "line": 0.5,
        "ppLine": "",
        "avg": 0.47,
        "hit": false,
        "diffAvg": -0.06,
        "diffAbs": 0.4,
        "lastAvg": 0.26,
        "diff": -0.48,
        "avgMin": 17,
        "proj": 0.3,
        "lastAvgMin": 15.6,
        "oppOver": 0,
        "teamOver": 0,
        "gameLine": "-118",
        "+/-": "+12",
        "L5_+/-": "+12.0",
        "prevMatchup": "2023-12-31 0.0 ast 2023-12-30 0.0 ast",
        "winLossSplits": "45% - 0%",
        "awayHome": "A",
        "playedYesterday": "Y",
        "awayHomeSplits": "14% - 40%",
        "savesAboveExp": 0.141,
        "gsaa": -4.19,
        "corsi": "50.8% (59.6) // 52.4% (65.7) // 53.8% (68.1) // 53.9% (68.1)",
        "fenwick": "51.3% (43.5) // 53.7% (48.6) // 55.2% (48.5) // 56.2% (49.1)",
        "shots": "52.0% (31.0) // 53.0% (32.5) // 54.1% (32.7) // 53.2% (32.6)",
        "scoring": "50.6% (27.9) // 53.1% (31.0) // 54.9% (31.7) // 54.4% (30.6)",
        "corsiAgainst": "49.2% (57.7) // 47.6% (59.8) // 46.2% (58.5) // 46.1% (58.3)",
        "fenwickAgainst": "48.7% (41.4) // 46.3% (42.0) // 44.8% (39.4) // 43.8% (38.2)",
        "shotsAgainst": "48.0% (28.5) // 47.0% (28.8) // 45.9% (27.7) // 46.8% (28.6)",
        "scoringAgainst": "49.4% (27.2) // 46.9% (27.4) // 45.1% (26.0) // 45.6% (25.7)",
        "oppCorsi": "50.8% (61.1) // 50.3% (59.7) // 52.1% (62.5) // 49.7% (61.3)",
        "oppFenwick": "50.6% (43.4) // 49.0% (41.8) // 52.2% (44.8) // 48.9% (42.3)",
        "oppShots": "50.0% (29.7) // 49.5% (29.0) // 54.0% (32.2) // 51.1% (31.0)",
        "oppScoring": "51.6% (30.0) // 52.1% (29.6) // 53.1% (29.5) // 48.0% (27.7)",
        "oppCorsiAgainst": "49.2% (59.1) // 49.7% (58.9) // 47.9% (57.5) // 50.3% (62.0)",
        "oppFenwickAgainst": "49.4% (42.3) // 51.0% (43.4) // 47.8% (41.0) // 51.1% (44.3)",
        "oppShotsAgainst": "50.0% (29.7) // 50.5% (29.6) // 46.0% (27.5) // 48.9% (29.7)",
        "oppScoringAgainst": "48.4% (28.1) // 47.9% (27.2) // 46.9% (26.0) // 52.0% (30.0)",
        "totalOver": 29,
        "totalOverLast5": 40,
        "totalOverLast15": 27,
