[
    {
        "player": "Adam Lowry",
        "team": "WPG",
        "opponent": "MIN",
        "propType": "pts",
        "line": 0.5,
        "ppLine": "",
        "avg": 0.49,
        "hit": false,
        "diffAvg": -0.02,
        "diffAbs": 0.2,
        "lastAvg": 0.41,
        "diff": -0.18,
        "avgMin": 15,
        "proj": 0.4,
        "lastAvgMin": 15.63,
        "oppOver": 0,
        "teamOver": 0,
        "gameLine": "-118",
        "+/-": "+9",
        "L5_+/-": 0.0,
        "prevMatchup": "2023-12-31 1.0 pts 2023-12-30 1.0 pts",
        "winLossSplits": "59% - 15%",
        "awayHome": "A",
        "playedYesterday": "Y",
        "awayHomeSplits": "50% - 37%",
        "savesAboveExp": 0.141,
        "gsaa": -4.19,
        "corsi": "50.8% (59.6) // 52.4% (65.7) // 53.8% (68.1) // 53.9% (68.1)",
        "fenwick": "51.3% (43.5) // 53.7% (48.6) // 55.2% (48.5) // 56.2% (49.1)",
        "shots": "52.0% (31.0) // 53.0% (32.5) // 54.1% (32.7) // 53.2% (32.6)",
        "scoring": "50.6% (27.9) // 53.1% (31.0) // 54.9% (31.7) // 54.4% (30.6)",
        "corsiAgainst": "49.2% (57.7) // 47.6% (59.8) // 46.2% (58.5) // 46.1% (58.3)",
        "fenwickAgainst": "48.7% (41.4) // 46.3% (42.0) // 44.8% (39.4) // 43.8% (38.2)",
        "shotsAgainst": "48.0% (28.5) // 47.0% (28.8) // 45.9% (27.7) // 46.8% (28.6)",
        "scoringAgainst": "49.4% (27.2) // 46.9% (27.4) // 45.1% (26.0) // 45.6% (25.7)",
        "oppCorsi": "50.8% (61.1) // 50.3% (59.7) // 52.1% (62.5) // 49.7% (61.3)",
        "oppFenwick": "50.6% (43.4) // 49.0% (41.8) // 52.2% (44.8) // 48.9% (42.3)",
        "oppShots": "50.0% (29.7) // 49.5% (29.0) // 54.0% (32.2) // 51.1% (31.0)",
        "oppScoring": "51.6% (30.0) // 52.1% (29.6) // 53.1% (29.5) // 48.0% (27.7)",
        "oppCorsiAgainst": "49.2% (59.1) // 49.7% (58.9) // 47.9% (57.5) // 50.3% (62.0)",
        "oppFenwickAgainst": "49.4% (42.3) // 51.0% (43.4) // 47.8% (41.0) // 51.1% (44.3)",
        "oppShotsAgainst": "50.0% (29.7) // 50.5% (29.6) // 46.0% (27.5) // 48.9% (29.7)",
        "oppScoringAgainst": "48.4% (28.1) // 47.9% (27.2) // 46.9% (26.0) // 52.0% (30.0)",
        "totalOver": 43,
        "totalOverLast5": 60,
        "totalOverLast15": 27,
        "lastTotalOver": 42,
        "last5": "1,1,0,1,0,0,0,0,0,0",
        "fd": "0",
        "dk": "+154/-200",
        "kambi": "0",
        "lowest": "154 DK",
        "implied": 39.37007874015748,
        "overOdds": "+154",
        "underOdds": "-200",
        "overUnder": "+154 / -200"
    },
    {
        "player": "Alex Iafallo",
        "team": "WPG",
        "opponent": "MIN",
        "propType": "pts",
        "line": 0.5,
        "ppLine": "",
        "avg": 0.46,
        "hit": false,
        "diffAvg": -0.08,
        "diffAbs": 0.0,
        "lastAvg": 0.55,
        "diff": 0.1,
        "avgMin": 16,
        "proj": 0.5,
        "lastAvgMin": 16.3,
        "oppOver": 0,
        "teamOver": 0,
        "gameLine": "-118",
        "+/-": -2,
        "L5_+/-": "+2.0",
        "prevMatchup": "2023-12-31 0.0 pts 2023-12-30 1.0 pts",
        "winLossSplits": "27% - 23%",
        "awayHome": "A",
        "playedYesterday": "Y",
        "awayHomeSplits": "25% - 26%",
        "savesAboveExp": 0.141,
        "gsaa": -4.19,
        "corsi": "50.8% (59.6) // 52.4% (65.7) // 53.8% (68.1) // 53.9% (68.1)",
        "fenwick": "51.3% (43.5) // 53.7% (48.6) // 55.2% (48.5) // 56.2% (49.1)",
        "shots": "52.0% (31.0) // 53.0% (32.5) // 54.1% (32.7) // 53.2% (32.6)",
        "scoring": "50.6% (27.9) // 53.1% (31.0) // 54.9% (31.7) // 54.4% (30.6)",
        "corsiAgainst": "49.2% (57.7) // 47.6% (59.8) // 46.2% (58.5) // 46.1% (58.3)",
        "fenwickAgainst": "48.7% (41.4) // 46.3% (42.0) // 44.8% (39.4) // 43.8% (38.2)",
        "shotsAgainst": "48.0% (28.5) // 47.0% (28.8) // 45.9% (27.7) // 46.8% (28.6)",
        "scoringAgainst": "49.4% (27.2) // 46.9% (27.4) // 45.1% (26.0) // 45.6% (25.7)",
        "oppCorsi": "50.8% (61.1) // 50.3% (59.7) // 52.1% (62.5) // 49.7% (61.3)",
        "oppFenwick": "50.6% (43.4) // 49.0% (41.8) // 52.2% (44.8) // 48.9% (42.3)",
        "oppShots": "50.0% (29.7) // 49.5% (29.0) // 54.0% (32.2) // 51.1% (31.0)",
        "oppScoring": "51.6% (30.0) // 52.1% (29.6) // 53.1% (29.5) // 48.0% (27.7)",
        "oppCorsiAgainst": "49.2% (59.1) // 49.7% (58.9) // 47.9% (57.5) // 50.3% (62.0)",
        "oppFenwickAgainst": "49.4% (42.3) // 51.0% (43.4) // 47.8% (41.0) // 51.1% (44.3)",
        "oppShotsAgainst": "50.0% (29.7) // 50.5% (29.6) // 46.0% (27.5) // 48.9% (29.7)",
        "oppScoringAgainst": "48.4% (28.1) // 47.9% (27.2) // 46.9% (26.0) // 52.0% (30.0)",
        "totalOver": 26,
        "totalOverLast5": 20,
        "totalOverLast15": 13,
        "lastTotalOver": 52,
        "last5": "0,1,0,0,0,0,2,0,0,0",
        "fd": "0",
        "dk": "+130/-166",
        "kambi": "125/-165",
        "lowest": "130 DK",
        "implied": 43.47826086956522,
        "overOdds": "+130",
        "underOdds": "-166",
        "overUnder": "+130 / -166"
    },
    {
        "player": "Brock Faber",
        "team": "MIN",
        "opponent": "WPG",
        "propType": "pts",
        "line": 0.5,
        "ppLine": "",
        "avg": 0.46,
        "hit": false,
        "diffAvg": -0.08,
        "diffAbs": 1.0,
        "lastAvg": 0,
        "diff": 0,
        "avgMin": 24,
        "proj": 0.0,
        "lastAvgMin": 0,
        "oppOver": 0,
        "teamOver": 0,
        "gameLine": "-102",
        "+/-": "+11",
        "L5_+/-": "+4.0",
        "prevMatchup": "2023-12-31 0.0 pts 2023-12-30 0.0 pts",
        "winLossSplits": "38% - 37%",
        "awayHome": "H",
        "playedYesterday": "Y",
        "awayHomeSplits": "44% - 29%",
        "savesAboveExp": "-",
        "gsaa": 2.39,
        "corsi": "50.8% (61.1) // 50.3% (59.7) // 52.1% (62.5) // 49.7% (61.3)",
        "fenwick": "50.6% (43.4) // 49.0% (41.8) // 52.2% (44.8) // 48.9% (42.3)",
        "shots": "50.0% (29.7) // 49.5% (29.0) // 54.0% (32.2) // 51.1% (31.0)",
        "scoring": "51.6% (30.0) // 52.1% (29.6) // 53.1% (29.5) // 48.0% (27.7)",
        "corsiAgainst": "49.2% (59.1) // 49.7% (58.9) // 47.9% (57.5) // 50.3% (62.0)",
        "fenwickAgainst": "49.4% (42.3) // 51.0% (43.4) // 47.8% (41.0) // 51.1% (44.3)",
        "shotsAgainst": "50.0% (29.7) // 50.5% (29.6) // 46.0% (27.5) // 48.9% (29.7)",
        "scoringAgainst": "48.4% (28.1) // 47.9% (27.2) // 46.9% (26.0) // 52.0% (30.0)",
        "oppCorsi": "50.8% (59.6) // 52.4% (65.7) // 53.8% (68.1) // 53.9% (68.1)",
        "oppFenwick": "51.3% (43.5) // 53.7% (48.6) // 55.2% (48.5) // 56.2% (49.1)",
        "oppShots": "52.0% (31.0) // 53.0% (32.5) // 54.1% (32.7) // 53.2% (32.6)",
        "oppScoring": "50.6% (27.9) // 53.1% (31.0) // 54.9% (31.7) // 54.4% (30.6)",
        "oppCorsiAgainst": "49.2% (57.7) // 47.6% (59.8) // 46.2% (58.5) // 46.1% (58.3)",
        "oppFenwickAgainst": "48.7% (41.4) // 46.3% (42.0) // 44.8% (39.4) // 43.8% (38.2)",
        "oppShotsAgainst": "48.0% (28.5) // 47.0% (28.8) // 45.9% (27.7) // 46.8% (28.6)",
        "oppScoringAgainst": "49.4% (27.2) // 46.9% (27.4) // 45.1% (26.0) // 45.6% (25.7)",
        "totalOver": 37,
        "totalOverLast5": 20,
        "totalOverLast15": 33,
        "lastTotalOver": 0,
        "last5": "0,0,0,0,2,1,1,0,0,0",
        "fd": "0",
        "dk": "+130/-166",
        "kambi": "125/-165",
        "lowest": "130 DK",
        "implied": 43.47826086956522,
        "overOdds": "+130",
        "underOdds": "-166",
        "overUnder": "+130 / -166"
    },
    {
        "player": "Cole Perfetti",
        "team": "WPG",
        "opponent": "MIN",
        "propType": "pts",
        "line": 0.5,
        "ppLine": "",
        "avg": 0.66,
        "hit": false,
        "diffAvg": 0.32,
        "diffAbs": 0.2,
        "lastAvg": 0.59,
        "diff": 0.18,
        "avgMin": 14,
        "proj": 0.6,
        "lastAvgMin": 14.97,
        "oppOver": 0,
        "teamOver": 0,
        "gameLine": "-118",
        "+/-": "+10",
        "L5_+/-": "+3.0",
        "prevMatchup": "2023-12-31 1.0 pts 2023-12-30 0.0 pts",
        "winLossSplits": "64% - 54%",
        "awayHome": "A",
        "playedYesterday": "Y",
        "awayHomeSplits": "50% - 68%",
        "savesAboveExp": 0.141,
        "gsaa": -4.19,
        "corsi": "50.8% (59.6) // 52.4% (65.7) // 53.8% (68.1) // 53.9% (68.1)",
        "fenwick": "51.3% (43.5) // 53.7% (48.6) // 55.2% (48.5) // 56.2% (49.1)",
        "shots": "52.0% (31.0) // 53.0% (32.5) // 54.1% (32.7) // 53.2% (32.6)",
        "scoring": "50.6% (27.9) // 53.1% (31.0) // 54.9% (31.7) // 54.4% (30.6)",
        "corsiAgainst": "49.2% (57.7) // 47.6% (59.8) // 46.2% (58.5) // 46.1% (58.3)",
        "fenwickAgainst": "48.7% (41.4) // 46.3% (42.0) // 44.8% (39.4) // 43.8% (38.2)",
        "shotsAgainst": "48.0% (28.5) // 47.0% (28.8) // 45.9% (27.7) // 46.8% (28.6)",
        "scoringAgainst": "49.4% (27.2) // 46.9% (27.4) // 45.1% (26.0) // 45.6% (25.7)",
        "oppCorsi": "50.8% (61.1) // 50.3% (59.7) // 52.1% (62.5) // 49.7% (61.3)",
        "oppFenwick": "50.6% (43.4) // 49.0% (41.8) // 52.2% (44.8) // 48.9% (42.3)",
        "oppShots": "50.0% (29.7) // 49.5% (29.0) // 54.0% (32.2) // 51.1% (31.0)",
        "oppScoring": "51.6% (30.0) // 52.1% (29.6) // 53.1% (29.5) // 48.0% (27.7)",
        "oppCorsiAgainst": "49.2% (59.1) // 49.7% (58.9) // 47.9% (57.5) // 50.3% (62.0)",
        "oppFenwickAgainst": "49.4% (42.3) // 51.0% (43.4) // 47.8% (41.0) // 51.1% (44.3)",
        "oppShotsAgainst": "50.0% (29.7) // 50.5% (29.6) // 46.0% (27.5) // 48.9% (29.7)",
        "oppScoringAgainst": "48.4% (28.1) // 47.9% (27.2) // 46.9% (26.0) // 52.0% (30.0)",
        "totalOver": 60,
        "totalOverLast5": 60,
        "totalOverLast15": 40,
        "lastTotalOver": 50,
        "last5": "1,0,0,1,1,1,0,0,0,0",
        "fd": "0",
        "dk": "+120/-150",
        "kambi": "112/-148",
        "lowest": "120 DK",
        "implied": 45.45454545454545,
        "overOdds": "+120",
        "underOdds": "-150",
        "overUnder": "+120 / -150"
    },
    {
        "player": "Gabriel Vilardi",
        "team": "WPG",
        "opponent": "MIN",
        "propType": "pts",
        "line": 0.5,
        "ppLine": "",
        "avg": 0.88,
        "hit": false,
        "diffAvg": 0.76,
        "diffAbs": 0.4,
        "lastAvg": 0.6,
        "diff": 0.2,
        "avgMin": 17,
        "proj": 0.7,
        "lastAvgMin": 15.6,
        "oppOver": 0,
        "teamOver": 0,
        "gameLine": "-118",
        "+/-": "+12",
        "L5_+/-": "+12.0",
        "prevMatchup": "2023-12-31 0.0 pts 2023-12-30 0.0 pts",
        "winLossSplits": "64% - 17%",
        "awayHome": "A",
        "playedYesterday": "Y",
        "awayHomeSplits": "29% - 60%",
        "savesAboveExp": 0.141,
        "gsaa": -4.19,
        "corsi": "50.8% (59.6) // 52.4% (65.7) // 53.8% (68.1) // 53.9% (68.1)",
        "fenwick": "51.3% (43.5) // 53.7% (48.6) // 55.2% (48.5) // 56.2% (49.1)",
        "shots": "52.0% (31.0) // 53.0% (32.5) // 54.1% (32.7) // 53.2% (32.6)",
        "scoring": "50.6% (27.9) // 53.1% (31.0) // 54.9% (31.7) // 54.4% (30.6)",
        "corsiAgainst": "49.2% (57.7) // 47.6% (59.8) // 46.2% (58.5) // 46.1% (58.3)",
        "fenwickAgainst": "48.7% (41.4) // 46.3% (42.0) // 44.8% (39.4) // 43.8% (38.2)",
        "shotsAgainst": "48.0% (28.5) // 47.0% (28.8) // 45.9% (27.7) // 46.8% (28.6)",
        "scoringAgainst": "49.4% (27.2) // 46.9% (27.4) // 45.1% (26.0) // 45.6% (25.7)",
        "oppCorsi": "50.8% (61.1) // 50.3% (59.7) // 52.1% (62.5) // 49.7% (61.3)",
        "oppFenwick": "50.6% (43.4) // 49.0% (41.8) // 52.2% (44.8) // 48.9% (42.3)",
        "oppShots": "50.0% (29.7) // 49.5% (29.0) // 54.0% (32.2) // 51.1% (31.0)",
        "oppScoring": "51.6% (30.0) // 52.1% (29.6) // 53.1% (29.5) // 48.0% (27.7)",
        "oppCorsiAgainst": "49.2% (59.1) // 49.7% (58.9) // 47.9% (57.5) // 50.3% (62.0)",
        "oppFenwickAgainst": "49.4% (42.3) // 51.0% (43.4) // 47.8% (41.0) // 51.1% (44.3)",
        "oppShotsAgainst": "50.0% (29.7) // 50.5% (29.6) // 46.0% (27.5) // 48.9% (29.7)",
        "oppScoringAgainst": "48.4% (28.1) // 47.9% (27.2) // 46.9% (26.0) // 52.0% (30.0)",
        "totalOver": 47,
        "totalOverLast5": 40,
        "totalOverLast15": 47,
        "lastTotalOver": 52,
        "last5": "0,0,0,2,3,1,2,4,0,1",
        "fd": "-130",
        "dk": "-130/+100",
        "kambi": "-141/108",
        "lowest": "-130 DK",
        "implied": 56.52173913043478,
        "overOdds": "-130",
        "underOdds": "+100",
        "overUnder": "-130 / +100"
    },
    {
        "player": "Jared Spurgeon",
        "team": "MIN",
        "opponent": "WPG",
        "propType": "pts",
        "line": 0.5,
        "ppLine": "",
        "avg": 0.33,
        "hit": false,
        "diffAvg": -0.34,
        "diffAbs": 0.2,
        "lastAvg": 0.4,
        "diff": -0.2,
        "avgMin": 23,
        "proj": 0.4,
        "lastAvgMin": 21.8,
        "oppOver": 0,
        "teamOver": 0,
        "gameLine": "-102",
        "+/-": "+6",
        "L5_+/-": "+8.0",
        "prevMatchup": "2023-12-31 1.0 pts 2023-12-30 0.0 pts",
        "winLossSplits": "80% - 10%",
        "awayHome": "H",
        "playedYesterday": "Y",
        "awayHomeSplits": "22% - 50%",
        "savesAboveExp": "-",
        "gsaa": 2.39,
        "corsi": "50.8% (61.1) // 50.3% (59.7) // 52.1% (62.5) // 49.7% (61.3)",
        "fenwick": "50.6% (43.4) // 49.0% (41.8) // 52.2% (44.8) // 48.9% (42.3)",
        "shots": "50.0% (29.7) // 49.5% (29.0) // 54.0% (32.2) // 51.1% (31.0)",
        "scoring": "51.6% (30.0) // 52.1% (29.6) // 53.1% (29.5) // 48.0% (27.7)",
        "corsiAgainst": "49.2% (59.1) // 49.7% (58.9) // 47.9% (57.5) // 50.3% (62.0)",
        "fenwickAgainst": "49.4% (42.3) // 51.0% (43.4) // 47.8% (41.0) // 51.1% (44.3)",
        "shotsAgainst": "50.0% (29.7) // 50.5% (29.6) // 46.0% (27.5) // 48.9% (29.7)",
        "scoringAgainst": "48.4% (28.1) // 47.9% (27.2) // 46.9% (26.0) // 52.0% (30.0)",
        "oppCorsi": "50.8% (59.6) // 52.4% (65.7) // 53.8% (68.1) // 53.9% (68.1)",
        "oppFenwick": "51.3% (43.5) // 53.7% (48.6) // 55.2% (48.5) // 56.2% (49.1)",
        "oppShots": "52.0% (31.0) // 53.0% (32.5) // 54.1% (32.7) // 53.2% (32.6)",
        "oppScoring": "50.6% (27.9) // 53.1% (31.0) // 54.9% (31.7) // 54.4% (30.6)",
        "oppCorsiAgainst": "49.2% (57.7) // 47.6% (59.8) // 46.2% (58.5) // 46.1% (58.3)",
        "oppFenwickAgainst": "48.7% (41.4) // 46.3% (42.0) // 44.8% (39.4) // 43.8% (38.2)",
        "oppShotsAgainst": "48.0% (28.5) // 47.0% (28.8) // 45.9% (27.7) // 46.8% (28.6)",
        "oppScoringAgainst": "49.4% (27.2) // 46.9% (27.4) // 45.1% (26.0) // 45.6% (25.7)",
        "totalOver": 33,
        "totalOverLast5": 20,
        "totalOverLast15": 33,
        "lastTotalOver": 35,
        "last5": "1,0,0,0,0,1,1,1,1,0",
        "fd": "+104",
        "dk": "+130/-166",
        "kambi": "120/-159",
        "lowest": "130 DK",
        "implied": 43.47826086956522,
        "overOdds": "+130",
        "underOdds": "-166",
        "overUnder": "+130 / -166"
    },
    {
        "player": "Joel Eriksson Ek",
        "team": "MIN",
        "opponent": "WPG",
        "propType": "pts",
        "line": 0.5,
        "ppLine": "",
        "avg": 0.71,
        "hit": false,
        "diffAvg": 0.42,
        "diffAbs": 0.6,
        "lastAvg": 0.77,
        "diff": 0.54,
        "avgMin": 20,
        "proj": 0.8,
        "lastAvgMin": 18.98,
        "oppOver": 0,
        "teamOver": 0,
        "gameLine": "-102",
        "+/-": "+12",
        "L5_+/-": "+8.0",
        "prevMatchup": "2023-12-31 0.0 pts 2023-12-30 0.0 pts",
        "winLossSplits": "69% - 42%",
        "awayHome": "H",
        "playedYesterday": "Y",
        "awayHomeSplits": "50% - 59%",
        "savesAboveExp": "-",
        "gsaa": 2.39,
        "corsi": "50.8% (61.1) // 50.3% (59.7) // 52.1% (62.5) // 49.7% (61.3)",
        "fenwick": "50.6% (43.4) // 49.0% (41.8) // 52.2% (44.8) // 48.9% (42.3)",
        "shots": "50.0% (29.7) // 49.5% (29.0) // 54.0% (32.2) // 51.1% (31.0)",
        "scoring": "51.6% (30.0) // 52.1% (29.6) // 53.1% (29.5) // 48.0% (27.7)",
        "corsiAgainst": "49.2% (59.1) // 49.7% (58.9) // 47.9% (57.5) // 50.3% (62.0)",
        "fenwickAgainst": "49.4% (42.3) // 51.0% (43.4) // 47.8% (41.0) // 51.1% (44.3)",
        "shotsAgainst": "50.0% (29.7) // 50.5% (29.6) // 46.0% (27.5) // 48.9% (29.7)",
        "scoringAgainst": "48.4% (28.1) // 47.9% (27.2) // 46.9% (26.0) // 52.0% (30.0)",
        "oppCorsi": "50.8% (59.6) // 52.4% (65.7) // 53.8% (68.1) // 53.9% (68.1)",
        "oppFenwick": "51.3% (43.5) // 53.7% (48.6) // 55.2% (48.5) // 56.2% (49.1)",
        "oppShots": "52.0% (31.0) // 53.0% (32.5) // 54.1% (32.7) // 53.2% (32.6)",
        "oppScoring": "50.6% (27.9) // 53.1% (31.0) // 54.9% (31.7) // 54.4% (30.6)",
        "oppCorsiAgainst": "49.2% (57.7) // 47.6% (59.8) // 46.2% (58.5) // 46.1% (58.3)",
        "oppFenwickAgainst": "48.7% (41.4) // 46.3% (42.0) // 44.8% (39.4) // 43.8% (38.2)",
        "oppShotsAgainst": "48.0% (28.5) // 47.0% (28.8) // 45.9% (27.7) // 46.8% (28.6)",
        "oppScoringAgainst": "49.4% (27.2) // 46.9% (27.4) // 45.1% (26.0) // 45.6% (25.7)",
        "totalOver": 54,
        "totalOverLast5": 40,
        "totalOverLast15": 40,
        "lastTotalOver": 57,
        "last5": "0,0,1,2,0,1,0,0,0,1",
        "fd": "-200",
        "dk": "-180/+140",
        "kambi": "-195/145",
        "lowest": "-180 DK",
        "implied": 64.28571428571429,
        "overOdds": "-180",
        "underOdds": "+140",
        "overUnder": "-180 / +140"
    },
    {
        "player": "Josh Morrissey",
        "team": "WPG",
        "opponent": "MIN",
        "propType": "pts",
        "line": 0.5,
        "ppLine": "",
        "avg": 0.86,
        "hit": false,
        "diffAvg": 0.72,
        "diffAbs": 0.8,
        "lastAvg": 0.92,
        "diff": 0.84,
        "avgMin": 24,
        "proj": 0.9,
        "lastAvgMin": 24.22,
        "oppOver": 0,
        "teamOver": 0,
        "gameLine": "-118",
        "+/-": "+21",
        "L5_+/-": "+12.0",
        "prevMatchup": "2023-12-31 0.0 pts 2023-12-30 1.0 pts",
        "winLossSplits": "68% - 31%",
        "awayHome": "A",
        "playedYesterday": "Y",
        "awayHomeSplits": "56% - 53%",
        "savesAboveExp": 0.141,
        "gsaa": -4.19,
        "corsi": "50.8% (59.6) // 52.4% (65.7) // 53.8% (68.1) // 53.9% (68.1)",
        "fenwick": "51.3% (43.5) // 53.7% (48.6) // 55.2% (48.5) // 56.2% (49.1)",
        "shots": "52.0% (31.0) // 53.0% (32.5) // 54.1% (32.7) // 53.2% (32.6)",
        "scoring": "50.6% (27.9) // 53.1% (31.0) // 54.9% (31.7) // 54.4% (30.6)",
        "corsiAgainst": "49.2% (57.7) // 47.6% (59.8) // 46.2% (58.5) // 46.1% (58.3)",
        "fenwickAgainst": "48.7% (41.4) // 46.3% (42.0) // 44.8% (39.4) // 43.8% (38.2)",
        "shotsAgainst": "48.0% (28.5) // 47.0% (28.8) // 45.9% (27.7) // 46.8% (28.6)",
        "scoringAgainst": "49.4% (27.2) // 46.9% (27.4) // 45.1% (26.0) // 45.6% (25.7)",
        "oppCorsi": "50.8% (61.1) // 50.3% (59.7) // 52.1% (62.5) // 49.7% (61.3)",
        "oppFenwick": "50.6% (43.4) // 49.0% (41.8) // 52.2% (44.8) // 48.9% (42.3)",
        "oppShots": "50.0% (29.7) // 49.5% (29.0) // 54.0% (32.2) // 51.1% (31.0)",
        "oppScoring": "51.6% (30.0) // 52.1% (29.6) // 53.1% (29.5) // 48.0% (27.7)",
        "oppCorsiAgainst": "49.2% (59.1) // 49.7% (58.9) // 47.9% (57.5) // 50.3% (62.0)",
        "oppFenwickAgainst": "49.4% (42.3) // 51.0% (43.4) // 47.8% (41.0) // 51.1% (44.3)",
        "oppShotsAgainst": "50.0% (29.7) // 50.5% (29.6) // 46.0% (27.5) // 48.9% (29.7)",
        "oppScoringAgainst": "48.4% (28.1) // 47.9% (27.2) // 46.9% (26.0) // 52.0% (30.0)",
        "totalOver": 54,
        "totalOverLast5": 60,
        "totalOverLast15": 53,
        "lastTotalOver": 61,
        "last5": "0,1,0,1,1,1,2,0,0,2",
        "fd": "-125",
        "dk": "-125/-105",
        "kambi": "0",
        "lowest": "-125 DK",
        "implied": 55.55555555555556,
        "overOdds": "-125",
        "underOdds": "-105",
        "overUnder": "-125 / -105"
    },
    {
        "player": "Marco Rossi",
        "team": "MIN",
        "opponent": "WPG",
        "propType": "pts",
        "line": 0.5,
        "ppLine": "",
        "avg": 0.63,
        "hit": false,
        "diffAvg": 0.26,
        "diffAbs": 0.8,
        "lastAvg": 0.05,
        "diff": -0.9,
        "avgMin": 16,
        "proj": 0.1,
        "lastAvgMin": 12.52,
        "oppOver": 0,
        "teamOver": 0,
        "gameLine": "-102",
        "+/-": "+9",
        "L5_+/-": "+5.0",
        "prevMatchup": "2023-12-31 0.0 pts 2023-12-30 0.0 pts",
        "winLossSplits": "62% - 42%",
        "awayHome": "H",
        "playedYesterday": "Y",
        "awayHomeSplits": "44% - 59%",
        "savesAboveExp": "-",
        "gsaa": 2.39,
        "corsi": "50.8% (61.1) // 50.3% (59.7) // 52.1% (62.5) // 49.7% (61.3)",
        "fenwick": "50.6% (43.4) // 49.0% (41.8) // 52.2% (44.8) // 48.9% (42.3)",
        "shots": "50.0% (29.7) // 49.5% (29.0) // 54.0% (32.2) // 51.1% (31.0)",
        "scoring": "51.6% (30.0) // 52.1% (29.6) // 53.1% (29.5) // 48.0% (27.7)",
        "corsiAgainst": "49.2% (59.1) // 49.7% (58.9) // 47.9% (57.5) // 50.3% (62.0)",
        "fenwickAgainst": "49.4% (42.3) // 51.0% (43.4) // 47.8% (41.0) // 51.1% (44.3)",
        "shotsAgainst": "50.0% (29.7) // 50.5% (29.6) // 46.0% (27.5) // 48.9% (29.7)",
        "scoringAgainst": "48.4% (28.1) // 47.9% (27.2) // 46.9% (26.0) // 52.0% (30.0)",
        "oppCorsi": "50.8% (59.6) // 52.4% (65.7) // 53.8% (68.1) // 53.9% (68.1)",
        "oppFenwick": "51.3% (43.5) // 53.7% (48.6) // 55.2% (48.5) // 56.2% (49.1)",
        "oppShots": "52.0% (31.0) // 53.0% (32.5) // 54.1% (32.7) // 53.2% (32.6)",
        "oppScoring": "50.6% (27.9) // 53.1% (31.0) // 54.9% (31.7) // 54.4% (30.6)",
        "oppCorsiAgainst": "49.2% (57.7) // 47.6% (59.8) // 46.2% (58.5) // 46.1% (58.3)",
        "oppFenwickAgainst": "48.7% (41.4) // 46.3% (42.0) // 44.8% (39.4) // 43.8% (38.2)",
        "oppShotsAgainst": "48.0% (28.5) // 47.0% (28.8) // 45.9% (27.7) // 46.8% (28.6)",
        "oppScoringAgainst": "49.4% (27.2) // 46.9% (27.4) // 45.1% (26.0) // 45.6% (25.7)",
        "totalOver": 51,
        "totalOverLast5": 40,
        "totalOverLast15": 47,
        "lastTotalOver": 5,
        "last5": "0,0,1,0,3,1,0,0,1,1",
        "fd": "-106",
        "dk": "+100/-130",
        "kambi": "102/-132",
        "lowest": "102 BR",
        "implied": 49.504950495049506,
        "overOdds": "+100",
        "underOdds": "-130",
        "overUnder": "+100 / -130"
    },
    {
        "player": "Marcus Johansson",
        "team": "MIN",
        "opponent": "WPG",
        "propType": "pts",
        "line": 0.5,
        "ppLine": "",
        "avg": 0.57,
        "hit": false,
        "diffAvg": 0.14,
        "diffAbs": 0.0,
        "lastAvg": 0.53,
        "diff": 0.06,
        "avgMin": 16,
        "proj": 0.5,
        "lastAvgMin": 16.48,
        "oppOver": 0,
        "teamOver": 0,
        "gameLine": "-102",
        "+/-": "+3",
        "L5_+/-": "+5.0",
        "prevMatchup": "2023-12-31 1.0 pts 2023-12-30 1.0 pts",
        "winLossSplits": "50% - 42%",
        "awayHome": "H",
        "playedYesterday": "Y",
        "awayHomeSplits": "44% - 47%",
        "savesAboveExp": "-",
        "gsaa": 2.39,
        "corsi": "50.8% (61.1) // 50.3% (59.7) // 52.1% (62.5) // 49.7% (61.3)",
        "fenwick": "50.6% (43.4) // 49.0% (41.8) // 52.2% (44.8) // 48.9% (42.3)",
        "shots": "50.0% (29.7) // 49.5% (29.0) // 54.0% (32.2) // 51.1% (31.0)",
        "scoring": "51.6% (30.0) // 52.1% (29.6) // 53.1% (29.5) // 48.0% (27.7)",
        "corsiAgainst": "49.2% (59.1) // 49.7% (58.9) // 47.9% (57.5) // 50.3% (62.0)",
        "fenwickAgainst": "49.4% (42.3) // 51.0% (43.4) // 47.8% (41.0) // 51.1% (44.3)",
        "shotsAgainst": "50.0% (29.7) // 50.5% (29.6) // 46.0% (27.5) // 48.9% (29.7)",
        "scoringAgainst": "48.4% (28.1) // 47.9% (27.2) // 46.9% (26.0) // 52.0% (30.0)",
        "oppCorsi": "50.8% (59.6) // 52.4% (65.7) // 53.8% (68.1) // 53.9% (68.1)",
        "oppFenwick": "51.3% (43.5) // 53.7% (48.6) // 55.2% (48.5) // 56.2% (49.1)",
        "oppShots": "52.0% (31.0) // 53.0% (32.5) // 54.1% (32.7) // 53.2% (32.6)",
        "oppScoring": "50.6% (27.9) // 53.1% (31.0) // 54.9% (31.7) // 54.4% (30.6)",
        "oppCorsiAgainst": "49.2% (57.7) // 47.6% (59.8) // 46.2% (58.5) // 46.1% (58.3)",
        "oppFenwickAgainst": "48.7% (41.4) // 46.3% (42.0) // 44.8% (39.4) // 43.8% (38.2)",
        "oppShotsAgainst": "48.0% (28.5) // 47.0% (28.8) // 45.9% (27.7) // 46.8% (28.6)",
        "oppScoringAgainst": "49.4% (27.2) // 46.9% (27.4) // 45.1% (26.0) // 45.6% (25.7)",
        "totalOver": 46,
        "totalOverLast5": 80,
        "totalOverLast15": 60,
        "lastTotalOver": 44,
        "last5": "1,1,3,0,1,1,1,0,1,0",
        "fd": "0",
        "dk": "+120/-150",
        "kambi": "117/-152",
        "lowest": "120 DK",
        "implied": 45.45454545454545,
        "overOdds": "+120",
        "underOdds": "-150",
        "overUnder": "+120 / -150"
    },
    {
        "player": "Mark Scheifele",
        "team": "WPG",
        "opponent": "MIN",
        "propType": "pts",
        "line": 0.5,
        "ppLine": "",
        "avg": 1.03,
        "hit": false,
        "diffAvg": 1.06,
        "diffAbs": 0.6,
        "lastAvg": 0.8,
        "diff": 0.6,
        "avgMin": 20,
        "proj": 0.8,
        "lastAvgMin": 20.47,
        "oppOver": 0,
        "teamOver": 0,
        "gameLine": "-118",
        "+/-": "+14",
        "L5_+/-": "+13.0",
        "prevMatchup": "2023-12-31 0.0 pts 2023-12-30 0.0 pts",
        "winLossSplits": "68% - 62%",
        "awayHome": "A",
        "playedYesterday": "Y",
        "awayHomeSplits": "50% - 79%",
        "savesAboveExp": 0.141,
        "gsaa": -4.19,
        "corsi": "50.8% (59.6) // 52.4% (65.7) // 53.8% (68.1) // 53.9% (68.1)",
        "fenwick": "51.3% (43.5) // 53.7% (48.6) // 55.2% (48.5) // 56.2% (49.1)",
        "shots": "52.0% (31.0) // 53.0% (32.5) // 54.1% (32.7) // 53.2% (32.6)",
        "scoring": "50.6% (27.9) // 53.1% (31.0) // 54.9% (31.7) // 54.4% (30.6)",
        "corsiAgainst": "49.2% (57.7) // 47.6% (59.8) // 46.2% (58.5) // 46.1% (58.3)",
        "fenwickAgainst": "48.7% (41.4) // 46.3% (42.0) // 44.8% (39.4) // 43.8% (38.2)",
        "shotsAgainst": "48.0% (28.5) // 47.0% (28.8) // 45.9% (27.7) // 46.8% (28.6)",
        "scoringAgainst": "49.4% (27.2) // 46.9% (27.4) // 45.1% (26.0) // 45.6% (25.7)",
        "oppCorsi": "50.8% (61.1) // 50.3% (59.7) // 52.1% (62.5) // 49.7% (61.3)",
        "oppFenwick": "50.6% (43.4) // 49.0% (41.8) // 52.2% (44.8) // 48.9% (42.3)",
        "oppShots": "50.0% (29.7) // 49.5% (29.0) // 54.0% (32.2) // 51.1% (31.0)",
        "oppScoring": "51.6% (30.0) // 52.1% (29.6) // 53.1% (29.5) // 48.0% (27.7)",
        "oppCorsiAgainst": "49.2% (59.1) // 49.7% (58.9) // 47.9% (57.5) // 50.3% (62.0)",
        "oppFenwickAgainst": "49.4% (42.3) // 51.0% (43.4) // 47.8% (41.0) // 51.1% (44.3)",
        "oppShotsAgainst": "50.0% (29.7) // 50.5% (29.6) // 46.0% (27.5) // 48.9% (29.7)",
        "oppScoringAgainst": "48.4% (28.1) // 47.9% (27.2) // 46.9% (26.0) // 52.0% (30.0)",
        "totalOver": 66,
        "totalOverLast5": 40,
        "totalOverLast15": 53,
        "lastTotalOver": 51,
        "last5": "0,0,0,2,1,0,2,3,0,1",
        "fd": "-186",
        "dk": "-180/+140",
        "kambi": "-200/155",
        "lowest": "-180 DK",
        "implied": 64.28571428571429,
        "overOdds": "-180",
        "underOdds": "+140",
        "overUnder": "-180 / +140"
    },
    {
        "player": "Matthew Boldy",
        "team": "MIN",
        "opponent": "WPG",
        "propType": "pts",
        "line": 0.5,
        "ppLine": "",
        "avg": 0.75,
        "hit": false,
        "diffAvg": 0.5,
        "diffAbs": 0.4,
        "lastAvg": 0.72,
        "diff": 0.44,
        "avgMin": 17,
        "proj": 0.7,
        "lastAvgMin": 18.48,
        "oppOver": 0,
        "teamOver": 0,
        "gameLine": "-102",
        "+/-": "+5",
        "L5_+/-": "+5.0",
        "prevMatchup": "2023-12-31 0.0 pts 2023-12-30 1.0 pts",
        "winLossSplits": "71% - 50%",
        "awayHome": "H",
        "playedYesterday": "Y",
        "awayHomeSplits": "57% - 64%",
        "savesAboveExp": "-",
        "gsaa": 2.39,
        "corsi": "50.8% (61.1) // 50.3% (59.7) // 52.1% (62.5) // 49.7% (61.3)",
        "fenwick": "50.6% (43.4) // 49.0% (41.8) // 52.2% (44.8) // 48.9% (42.3)",
        "shots": "50.0% (29.7) // 49.5% (29.0) // 54.0% (32.2) // 51.1% (31.0)",
        "scoring": "51.6% (30.0) // 52.1% (29.6) // 53.1% (29.5) // 48.0% (27.7)",
        "corsiAgainst": "49.2% (59.1) // 49.7% (58.9) // 47.9% (57.5) // 50.3% (62.0)",
        "fenwickAgainst": "49.4% (42.3) // 51.0% (43.4) // 47.8% (41.0) // 51.1% (44.3)",
        "shotsAgainst": "50.0% (29.7) // 50.5% (29.6) // 46.0% (27.5) // 48.9% (29.7)",
        "scoringAgainst": "48.4% (28.1) // 47.9% (27.2) // 46.9% (26.0) // 52.0% (30.0)",
        "oppCorsi": "50.8% (59.6) // 52.4% (65.7) // 53.8% (68.1) // 53.9% (68.1)",
        "oppFenwick": "51.3% (43.5) // 53.7% (48.6) // 55.2% (48.5) // 56.2% (49.1)",
        "oppShots": "52.0% (31.0) // 53.0% (32.5) // 54.1% (32.7) // 53.2% (32.6)",
        "oppScoring": "50.6% (27.9) // 53.1% (31.0) // 54.9% (31.7) // 54.4% (30.6)",
        "oppCorsiAgainst": "49.2% (57.7) // 47.6% (59.8) // 46.2% (58.5) // 46.1% (58.3)",
        "oppFenwickAgainst": "48.7% (41.4) // 46.3% (42.0) // 44.8% (39.4) // 43.8% (38.2)",
        "oppShotsAgainst": "48.0% (28.5) // 47.0% (28.8) // 45.9% (27.7) // 46.8% (28.6)",
        "oppScoringAgainst": "49.4% (27.2) // 46.9% (27.4) // 45.1% (26.0) // 45.6% (25.7)",
        "totalOver": 61,
        "totalOverLast5": 60,
        "totalOverLast15": 60,
        "lastTotalOver": 50,
        "last5": "0,1,1,0,1,0,1,0,1,1",
        "fd": "0",
        "dk": "-190/+145",
        "kambi": "-195/145",
        "lowest": "-190 DK",
        "implied": 65.51724137931035,
        "overOdds": "-190",
        "underOdds": "+145",
        "overUnder": "-190 / +145"
    },
    {
        "player": "Nikolaj Ehlers",
        "team": "WPG",
        "opponent": "MIN",
        "propType": "pts",
        "line": 0.5,
        "ppLine": "",
        "avg": 0.74,
        "hit": false,
        "diffAvg": 0.48,
        "diffAbs": 0.6,
        "lastAvg": 0.83,
        "diff": 0.66,
        "avgMin": 16,
        "proj": 0.8,
        "lastAvgMin": 15.63,
        "oppOver": 0,
        "teamOver": 0,
        "gameLine": "-118",
        "+/-": "+16",
        "L5_+/-": "+12.0",
        "prevMatchup": "2023-12-31 0.0 pts 2023-12-30 0.0 pts",
        "winLossSplits": "64% - 31%",
        "awayHome": "A",
        "playedYesterday": "Y",
        "awayHomeSplits": "44% - 58%",
        "savesAboveExp": 0.141,
        "gsaa": -4.19,
        "corsi": "50.8% (59.6) // 52.4% (65.7) // 53.8% (68.1) // 53.9% (68.1)",
        "fenwick": "51.3% (43.5) // 53.7% (48.6) // 55.2% (48.5) // 56.2% (49.1)",
        "shots": "52.0% (31.0) // 53.0% (32.5) // 54.1% (32.7) // 53.2% (32.6)",
        "scoring": "50.6% (27.9) // 53.1% (31.0) // 54.9% (31.7) // 54.4% (30.6)",
        "corsiAgainst": "49.2% (57.7) // 47.6% (59.8) // 46.2% (58.5) // 46.1% (58.3)",
        "fenwickAgainst": "48.7% (41.4) // 46.3% (42.0) // 44.8% (39.4) // 43.8% (38.2)",
        "shotsAgainst": "48.0% (28.5) // 47.0% (28.8) // 45.9% (27.7) // 46.8% (28.6)",
        "scoringAgainst": "49.4% (27.2) // 46.9% (27.4) // 45.1% (26.0) // 45.6% (25.7)",
        "oppCorsi": "50.8% (61.1) // 50.3% (59.7) // 52.1% (62.5) // 49.7% (61.3)",
        "oppFenwick": "50.6% (43.4) // 49.0% (41.8) // 52.2% (44.8) // 48.9% (42.3)",
        "oppShots": "50.0% (29.7) // 49.5% (29.0) // 54.0% (32.2) // 51.1% (31.0)",
        "oppScoring": "51.6% (30.0) // 52.1% (29.6) // 53.1% (29.5) // 48.0% (27.7)",
        "oppCorsiAgainst": "49.2% (59.1) // 49.7% (58.9) // 47.9% (57.5) // 50.3% (62.0)",
        "oppFenwickAgainst": "49.4% (42.3) // 51.0% (43.4) // 47.8% (41.0) // 51.1% (44.3)",
        "oppShotsAgainst": "50.0% (29.7) // 50.5% (29.6) // 46.0% (27.5) // 48.9% (29.7)",
        "oppScoringAgainst": "48.4% (28.1) // 47.9% (27.2) // 46.9% (26.0) // 52.0% (30.0)",
        "totalOver": 51,
        "totalOverLast5": 40,
        "totalOverLast15": 60,
        "lastTotalOver": 57,
        "last5": "0,0,0,1,2,1,2,4,0,1",
        "fd": "-142",
        "dk": "-145/+114",
        "kambi": "-157/120",
        "lowest": "-142 FD",
        "implied": 58.67768595041323,
        "overOdds": "-145",
        "underOdds": "+114",
        "overUnder": "-145 / +114"
    },
    {
        "player": "Nino Niederreiter",
        "team": "WPG",
        "opponent": "MIN",
        "propType": "pts",
        "line": 0.5,
        "ppLine": "",
        "avg": 0.63,
        "hit": false,
        "diffAvg": 0.26,
        "diffAbs": 0.0,
        "lastAvg": 0.49,
        "diff": -0.02,
        "avgMin": 15,
        "proj": 0.5,
        "lastAvgMin": 16.28,
        "oppOver": 0,
        "teamOver": 0,
        "gameLine": "-118",
        "+/-": "+12",
        "L5_+/-": "+1.0",
        "prevMatchup": "2023-12-31 0.0 pts 2023-12-30 2.0 pts",
        "winLossSplits": "55% - 15%",
        "awayHome": "A",
        "playedYesterday": "Y",
        "awayHomeSplits": "38% - 42%",
        "savesAboveExp": 0.141,
        "gsaa": -4.19,
        "corsi": "50.8% (59.6) // 52.4% (65.7) // 53.8% (68.1) // 53.9% (68.1)",
        "fenwick": "51.3% (43.5) // 53.7% (48.6) // 55.2% (48.5) // 56.2% (49.1)",
        "shots": "52.0% (31.0) // 53.0% (32.5) // 54.1% (32.7) // 53.2% (32.6)",
        "scoring": "50.6% (27.9) // 53.1% (31.0) // 54.9% (31.7) // 54.4% (30.6)",
        "corsiAgainst": "49.2% (57.7) // 47.6% (59.8) // 46.2% (58.5) // 46.1% (58.3)",
        "fenwickAgainst": "48.7% (41.4) // 46.3% (42.0) // 44.8% (39.4) // 43.8% (38.2)",
        "shotsAgainst": "48.0% (28.5) // 47.0% (28.8) // 45.9% (27.7) // 46.8% (28.6)",
        "scoringAgainst": "49.4% (27.2) // 46.9% (27.4) // 45.1% (26.0) // 45.6% (25.7)",
        "oppCorsi": "50.8% (61.1) // 50.3% (59.7) // 52.1% (62.5) // 49.7% (61.3)",
        "oppFenwick": "50.6% (43.4) // 49.0% (41.8) // 52.2% (44.8) // 48.9% (42.3)",
        "oppShots": "50.0% (29.7) // 49.5% (29.0) // 54.0% (32.2) // 51.1% (31.0)",
        "oppScoring": "51.6% (30.0) // 52.1% (29.6) // 53.1% (29.5) // 48.0% (27.7)",
        "oppCorsiAgainst": "49.2% (59.1) // 49.7% (58.9) // 47.9% (57.5) // 50.3% (62.0)",
        "oppFenwickAgainst": "49.4% (42.3) // 51.0% (43.4) // 47.8% (41.0) // 51.1% (44.3)",
        "oppShotsAgainst": "50.0% (29.7) // 50.5% (29.6) // 46.0% (27.5) // 48.9% (29.7)",
        "oppScoringAgainst": "48.4% (28.1) // 47.9% (27.2) // 46.9% (26.0) // 52.0% (30.0)",
        "totalOver": 40,
        "totalOverLast5": 40,
        "totalOverLast15": 33,
        "lastTotalOver": 45,
        "last5": "0,2,0,3,0,0,1,0,0,1",
        "fd": "0",
        "dk": "+130/-166",
        "kambi": "125/-165",
        "lowest": "130 DK",
        "implied": 43.47826086956522,
        "overOdds": "+130",
        "underOdds": "-166",
        "overUnder": "+130 / -166"
    },
    {
        "player": "Brad Marchand",
        "team": "BOS",
        "opponent": "DET",
        "propType": "pts",
        "line": 0.5,
        "ppLine": "",
        "avg": 0.94,
        "hit": false,
        "diffAvg": 0.88,
        "diffAbs": 0.8,
        "lastAvg": 0.84,
        "diff": 0.68,
        "avgMin": 19,
        "proj": 0.9,
        "lastAvgMin": 18.52,
        "oppOver": 0,
        "teamOver": 0,
        "gameLine": "-135",
        "+/-": 0,
        "L5_+/-": -1.0,
        "prevMatchup": "2023-12-31 1.0 pts 2023-11-24 0.0 pts 2023-11-04 0.0 pts 2023-10-28 1.0 pts",
        "winLossSplits": "86% - 38%",
        "awayHome": "A",
        "playedYesterday": "Y",
        "awayHomeSplits": "63% - 75%",
        "savesAboveExp": "-",
        "gsaa": 4.29,
        "corsi": "48.2% (58.0) // 46.0% (53.4) // 43.9% (49.4) // 44.2% (48.0)",
        "fenwick": "48.4% (42.6) // 46.0% (39.4) // 44.3% (36.0) // 45.5% (35.3)",
        "shots": "48.8% (30.2) // 45.9% (27.2) // 44.4% (25.2) // 47.3% (26.7)",
        "scoring": "49.9% (29.4) // 44.5% (25.3) // 43.1% (22.4) // 47.6% (23.7)",
        "corsiAgainst": "51.8% (62.4) // 54.0% (62.8) // 56.1% (63.2) // 55.8% (60.7)",
        "fenwickAgainst": "51.6% (45.5) // 54.0% (46.1) // 55.7% (45.2) // 54.5% (42.3)",
        "shotsAgainst": "51.2% (31.7) // 54.1% (32.1) // 55.6% (31.6) // 52.7% (29.7)",
        "scoringAgainst": "50.1% (29.5) // 55.5% (31.5) // 56.9% (29.6) // 52.4% (26.0)",
        "oppCorsi": "47.4% (56.6) // 49.1% (60.0) // 48.9% (57.4) // 51.4% (59.9)",
        "oppFenwick": "47.2% (41.7) // 46.8% (42.5) // 46.9% (41.6) // 49.6% (42.5)",
        "oppShots": "48.3% (29.6) // 46.1% (29.0) // 45.4% (27.7) // 46.8% (26.7)",
        "oppScoring": "47.0% (27.4) // 49.3% (28.6) // 49.5% (27.7) // 50.3% (29.3)",
        "oppCorsiAgainst": "52.6% (63.0) // 50.9% (62.1) // 51.1% (60.0) // 48.6% (56.6)",
        "oppFenwickAgainst": "52.8% (46.6) // 53.2% (48.2) // 53.1% (47.1) // 50.4% (43.1)",
        "oppShotsAgainst": "51.7% (31.7) // 53.9% (33.9) // 54.6% (33.4) // 53.2% (30.3)",
        "oppScoringAgainst": "53.0% (30.9) // 50.7% (29.3) // 50.5% (28.3) // 49.7% (29.0)",
        "totalOver": 69,
        "totalOverLast5": 80,
        "totalOverLast15": 67,
        "lastTotalOver": 66,
        "last5": "1,2,2,1,0,1,0,1,0,1",
        "fd": "-260",
        "dk": "-230/+175",
        "kambi": "-240/175",
        "lowest": "-230 DK",
        "implied": 69.6969696969697,
        "overOdds": "-230",
        "underOdds": "+175",
        "overUnder": "-230 / +175"
    },
    {
        "player": "Charlie Coyle",
        "team": "BOS",
        "opponent": "DET",
        "propType": "pts",
        "line": 0.5,
        "ppLine": "",
        "avg": 0.71,
        "hit": false,
        "diffAvg": 0.42,
        "diffAbs": 0.0,
        "lastAvg": 0.51,
        "diff": 0.02,
        "avgMin": 17,
        "proj": 0.5,
        "lastAvgMin": 16.98,
        "oppOver": 0,
        "teamOver": 0,
        "gameLine": "-135",
        "+/-": "+3",
        "L5_+/-": 0.0,
        "prevMatchup": "2023-12-31 1.0 pts 2023-11-24 1.0 pts 2023-11-04 1.0 pts 2023-10-28 0.0 pts",
        "winLossSplits": "59% - 38%",
        "awayHome": "A",
        "playedYesterday": "Y",
        "awayHomeSplits": "47% - 56%",
        "savesAboveExp": "-",
        "gsaa": 4.29,
        "corsi": "48.2% (58.0) // 46.0% (53.4) // 43.9% (49.4) // 44.2% (48.0)",
        "fenwick": "48.4% (42.6) // 46.0% (39.4) // 44.3% (36.0) // 45.5% (35.3)",
        "shots": "48.8% (30.2) // 45.9% (27.2) // 44.4% (25.2) // 47.3% (26.7)",
        "scoring": "49.9% (29.4) // 44.5% (25.3) // 43.1% (22.4) // 47.6% (23.7)",
        "corsiAgainst": "51.8% (62.4) // 54.0% (62.8) // 56.1% (63.2) // 55.8% (60.7)",
        "fenwickAgainst": "51.6% (45.5) // 54.0% (46.1) // 55.7% (45.2) // 54.5% (42.3)",
        "shotsAgainst": "51.2% (31.7) // 54.1% (32.1) // 55.6% (31.6) // 52.7% (29.7)",
        "scoringAgainst": "50.1% (29.5) // 55.5% (31.5) // 56.9% (29.6) // 52.4% (26.0)",
        "oppCorsi": "47.4% (56.6) // 49.1% (60.0) // 48.9% (57.4) // 51.4% (59.9)",
        "oppFenwick": "47.2% (41.7) // 46.8% (42.5) // 46.9% (41.6) // 49.6% (42.5)",
        "oppShots": "48.3% (29.6) // 46.1% (29.0) // 45.4% (27.7) // 46.8% (26.7)",
        "oppScoring": "47.0% (27.4) // 49.3% (28.6) // 49.5% (27.7) // 50.3% (29.3)",
        "oppCorsiAgainst": "52.6% (63.0) // 50.9% (62.1) // 51.1% (60.0) // 48.6% (56.6)",
        "oppFenwickAgainst": "52.8% (46.6) // 53.2% (48.2) // 53.1% (47.1) // 50.4% (43.1)",
