[
    {
        "player": "Aleksander Barkov",
        "team": "FLA",
        "opponent": "PIT",
        "propType": "pts",
        "line": 0.5,
        "ppLine": "",
        "avg": 1.11,
        "hit": false,
        "diffAvg": 1.22,
        "diffAbs": 0.6,
        "lastAvg": 0.86,
        "diff": 0.72,
        "avgMin": 19,
        "proj": 0.8,
        "lastAvgMin": 21.22,
        "oppOver": 0,
        "teamOver": 0,
        "gameLine": "-125",
        "+/-": "+19",
        "L5_+/-": -3.0,
        "prevMatchup": "2024-01-26 0.0 pts 2023-12-08 1.0 pts",
        "winLossSplits": "73% - 44%",
        "awayHome": "A",
        "playedYesterday": "N",
        "awayHomeSplits": "68% - 57%",
        "savesAboveExp": 0.033,
        "gsaa": 7.37,
        "corsi": "56.8% (68.9) // 57.5% (67.6) // 55.9% (64.5) // 54.5% (60.3)",
        "fenwick": "55.7% (48.5) // 55.8% (49.6) // 55.1% (49.0) // 53.5% (44.8)",
        "shots": "55.6% (33.9) // 56.2% (34.2) // 56.0% (34.6) // 53.2% (32.8)",
        "scoring": "57.1% (31.9) // 60.6% (31.5) // 60.7% (30.7) // 57.2% (28.2)",
        "corsiAgainst": "43.2% (52.4) // 42.5% (50.1) // 44.1% (51.0) // 45.5% (50.3)",
        "fenwickAgainst": "44.3% (38.5) // 44.2% (39.3) // 44.9% (39.9) // 46.5% (38.9)",
        "shotsAgainst": "44.4% (27.0) // 43.8% (26.7) // 44.0% (27.1) // 46.8% (28.9)",
        "scoringAgainst": "42.9% (23.9) // 39.4% (20.5) // 39.3% (19.9) // 42.8% (21.1)",
        "oppCorsi": "52.7% (66.0) // 55.0% (69.4) // 55.8% (70.3) // 55.0% (72.1)",
        "oppFenwick": "51.8% (47.4) // 54.7% (48.6) // 56.0% (52.1) // 54.8% (54.1)",
        "oppShots": "52.4% (32.9) // 54.6% (33.9) // 55.4% (36.6) // 54.0% (37.7)",
        "oppScoring": "53.2% (32.4) // 57.3% (34.4) // 60.7% (35.4) // 59.0% (36.7)",
        "oppCorsiAgainst": "47.3% (59.3) // 45.0% (56.8) // 44.2% (55.6) // 45.0% (59.0)",
        "oppFenwickAgainst": "48.2% (44.1) // 45.3% (40.2) // 44.0% (41.0) // 45.2% (44.6)",
        "oppShotsAgainst": "47.6% (29.9) // 45.4% (28.2) // 44.6% (29.5) // 46.0% (32.1)",
        "oppScoringAgainst": "46.8% (28.5) // 42.7% (25.6) // 39.3% (23.0) // 41.0% (25.6)",
        "totalOver": 63,
        "totalOverLast5": 40,
        "totalOverLast15": 53,
        "lastTotalOver": 65,
        "last5": "3,0,0,1,0,1,1,0,1,1",
        "fd": "-245",
        "dk": "-238/+180",
        "kambi": "-245/185",
        "lowest": "-238 DK",
        "implied": 70.41420118343196,
        "overOdds": "-238",
        "underOdds": "+180",
        "overUnder": "-238 / +180"
    },
    {
        "player": "Brandon Montour",
        "team": "FLA",
        "opponent": "PIT",
        "propType": "pts",
        "line": 0.5,
        "ppLine": "",
        "avg": 0.33,
        "hit": false,
        "diffAvg": -0.34,
        "diffAbs": 0.4,
        "lastAvg": 0.72,
        "diff": 0.44,
        "avgMin": 23,
        "proj": 0.7,
        "lastAvgMin": 24.12,
        "oppOver": 0,
        "teamOver": 0,
        "gameLine": "-125",
        "+/-": -2,
        "L5_+/-": "+2.0",
        "prevMatchup": "2024-01-26 0.0 pts 2023-12-08 0.0 pts",
        "winLossSplits": "26% - 23%",
        "awayHome": "A",
        "playedYesterday": "N",
        "awayHomeSplits": "29% - 21%",
        "savesAboveExp": 0.033,
        "gsaa": 7.37,
        "corsi": "56.8% (68.9) // 57.5% (67.6) // 55.9% (64.5) // 54.5% (60.3)",
        "fenwick": "55.7% (48.5) // 55.8% (49.6) // 55.1% (49.0) // 53.5% (44.8)",
        "shots": "55.6% (33.9) // 56.2% (34.2) // 56.0% (34.6) // 53.2% (32.8)",
        "scoring": "57.1% (31.9) // 60.6% (31.5) // 60.7% (30.7) // 57.2% (28.2)",
        "corsiAgainst": "43.2% (52.4) // 42.5% (50.1) // 44.1% (51.0) // 45.5% (50.3)",
        "fenwickAgainst": "44.3% (38.5) // 44.2% (39.3) // 44.9% (39.9) // 46.5% (38.9)",
        "shotsAgainst": "44.4% (27.0) // 43.8% (26.7) // 44.0% (27.1) // 46.8% (28.9)",
        "scoringAgainst": "42.9% (23.9) // 39.4% (20.5) // 39.3% (19.9) // 42.8% (21.1)",
        "oppCorsi": "52.7% (66.0) // 55.0% (69.4) // 55.8% (70.3) // 55.0% (72.1)",
        "oppFenwick": "51.8% (47.4) // 54.7% (48.6) // 56.0% (52.1) // 54.8% (54.1)",
        "oppShots": "52.4% (32.9) // 54.6% (33.9) // 55.4% (36.6) // 54.0% (37.7)",
        "oppScoring": "53.2% (32.4) // 57.3% (34.4) // 60.7% (35.4) // 59.0% (36.7)",
        "oppCorsiAgainst": "47.3% (59.3) // 45.0% (56.8) // 44.2% (55.6) // 45.0% (59.0)",
        "oppFenwickAgainst": "48.2% (44.1) // 45.3% (40.2) // 44.0% (41.0) // 45.2% (44.6)",
        "oppShotsAgainst": "47.6% (29.9) // 45.4% (28.2) // 44.6% (29.5) // 46.0% (32.1)",
        "oppScoringAgainst": "46.8% (28.5) // 42.7% (25.6) // 39.3% (23.0) // 41.0% (25.6)",
        "totalOver": 25,
        "totalOverLast5": 20,
        "totalOverLast15": 27,
        "lastTotalOver": 59,
        "last5": "0,0,0,1,0,0,1,0,0,1",
        "fd": "+132",
        "dk": "+130/-166",
        "kambi": "115/-150",
        "lowest": "132 FD",
        "implied": 43.103448275862064,
        "overOdds": "+130",
        "underOdds": "-166",
        "overUnder": "+130 / -166"
    },
    {
        "player": "Bryan Rust",
        "team": "PIT",
        "opponent": "FLA",
        "propType": "pts",
        "line": 0.5,
        "ppLine": "",
        "avg": 0.81,
        "hit": false,
        "diffAvg": 0.62,
        "diffAbs": 0.2,
        "lastAvg": 0.57,
        "diff": 0.14,
        "avgMin": 19,
        "proj": 0.6,
        "lastAvgMin": 17.88,
        "oppOver": 0,
        "teamOver": 0,
        "gameLine": "+105",
        "+/-": "+15",
        "L5_+/-": "+3.0",
        "prevMatchup": "2024-01-26 2.0 pts",
        "winLossSplits": "60% - 57%",
        "awayHome": "H",
        "playedYesterday": "N",
        "awayHomeSplits": "58% - 59%",
        "savesAboveExp": -0.102,
        "gsaa": 8.2,
        "corsi": "52.7% (66.0) // 55.0% (69.4) // 55.8% (70.3) // 55.0% (72.1)",
        "fenwick": "51.8% (47.4) // 54.7% (48.6) // 56.0% (52.1) // 54.8% (54.1)",
        "shots": "52.4% (32.9) // 54.6% (33.9) // 55.4% (36.6) // 54.0% (37.7)",
        "scoring": "53.2% (32.4) // 57.3% (34.4) // 60.7% (35.4) // 59.0% (36.7)",
        "corsiAgainst": "47.3% (59.3) // 45.0% (56.8) // 44.2% (55.6) // 45.0% (59.0)",
        "fenwickAgainst": "48.2% (44.1) // 45.3% (40.2) // 44.0% (41.0) // 45.2% (44.6)",
        "shotsAgainst": "47.6% (29.9) // 45.4% (28.2) // 44.6% (29.5) // 46.0% (32.1)",
        "scoringAgainst": "46.8% (28.5) // 42.7% (25.6) // 39.3% (23.0) // 41.0% (25.6)",
        "oppCorsi": "56.8% (68.9) // 57.5% (67.6) // 55.9% (64.5) // 54.5% (60.3)",
        "oppFenwick": "55.7% (48.5) // 55.8% (49.6) // 55.1% (49.0) // 53.5% (44.8)",
        "oppShots": "55.6% (33.9) // 56.2% (34.2) // 56.0% (34.6) // 53.2% (32.8)",
        "oppScoring": "57.1% (31.9) // 60.6% (31.5) // 60.7% (30.7) // 57.2% (28.2)",
        "oppCorsiAgainst": "43.2% (52.4) // 42.5% (50.1) // 44.1% (51.0) // 45.5% (50.3)",
        "oppFenwickAgainst": "44.3% (38.5) // 44.2% (39.3) // 44.9% (39.9) // 46.5% (38.9)",
        "oppShotsAgainst": "44.4% (27.0) // 43.8% (26.7) // 44.0% (27.1) // 46.8% (28.9)",
        "oppScoringAgainst": "42.9% (23.9) // 39.4% (20.5) // 39.3% (19.9) // 42.8% (21.1)",
        "totalOver": 58,
        "totalOverLast5": 60,
        "totalOverLast15": 47,
        "lastTotalOver": 37,
        "last5": "1,0,1,0,2,0,0,1,2,0",
        "fd": "-118",
        "dk": "-120/-110",
        "kambi": "-130/100",
        "lowest": "-118 FD",
        "implied": 54.12844036697248,
        "overOdds": "-120",
        "underOdds": "-110",
        "overUnder": "-120 / -110"
    },
    {
        "player": "Carter Verhaeghe",
        "team": "FLA",
        "opponent": "PIT",
        "propType": "pts",
        "line": 0.5,
        "ppLine": "",
        "avg": 1.02,
        "hit": false,
        "diffAvg": 1.04,
        "diffAbs": 0.4,
        "lastAvg": 0.72,
        "diff": 0.44,
        "avgMin": 17,
        "proj": 0.7,
        "lastAvgMin": 17.5,
        "oppOver": 0,
        "teamOver": 0,
        "gameLine": "-125",
        "+/-": "+13",
        "L5_+/-": "+7.0",
        "prevMatchup": "2024-01-26 0.0 pts 2023-12-08 1.0 pts",
        "winLossSplits": "82% - 37%",
        "awayHome": "A",
        "playedYesterday": "N",
        "awayHomeSplits": "58% - 73%",
        "savesAboveExp": 0.033,
        "gsaa": 7.37,
        "corsi": "56.8% (68.9) // 57.5% (67.6) // 55.9% (64.5) // 54.5% (60.3)",
        "fenwick": "55.7% (48.5) // 55.8% (49.6) // 55.1% (49.0) // 53.5% (44.8)",
        "shots": "55.6% (33.9) // 56.2% (34.2) // 56.0% (34.6) // 53.2% (32.8)",
        "scoring": "57.1% (31.9) // 60.6% (31.5) // 60.7% (30.7) // 57.2% (28.2)",
        "corsiAgainst": "43.2% (52.4) // 42.5% (50.1) // 44.1% (51.0) // 45.5% (50.3)",
        "fenwickAgainst": "44.3% (38.5) // 44.2% (39.3) // 44.9% (39.9) // 46.5% (38.9)",
        "shotsAgainst": "44.4% (27.0) // 43.8% (26.7) // 44.0% (27.1) // 46.8% (28.9)",
        "scoringAgainst": "42.9% (23.9) // 39.4% (20.5) // 39.3% (19.9) // 42.8% (21.1)",
        "oppCorsi": "52.7% (66.0) // 55.0% (69.4) // 55.8% (70.3) // 55.0% (72.1)",
        "oppFenwick": "51.8% (47.4) // 54.7% (48.6) // 56.0% (52.1) // 54.8% (54.1)",
        "oppShots": "52.4% (32.9) // 54.6% (33.9) // 55.4% (36.6) // 54.0% (37.7)",
        "oppScoring": "53.2% (32.4) // 57.3% (34.4) // 60.7% (35.4) // 59.0% (36.7)",
        "oppCorsiAgainst": "47.3% (59.3) // 45.0% (56.8) // 44.2% (55.6) // 45.0% (59.0)",
        "oppFenwickAgainst": "48.2% (44.1) // 45.3% (40.2) // 44.0% (41.0) // 45.2% (44.6)",
        "oppShotsAgainst": "47.6% (29.9) // 45.4% (28.2) // 44.6% (29.5) // 46.0% (32.1)",
        "oppScoringAgainst": "46.8% (28.5) // 42.7% (25.6) // 39.3% (23.0) // 41.0% (25.6)",
        "totalOver": 65,
        "totalOverLast5": 80,
        "totalOverLast15": 73,
        "lastTotalOver": 58,
        "last5": "1,1,1,1,0,3,2,1,0,2",
        "fd": "-174",
        "dk": "-180/+140",
        "kambi": "-190/145",
        "lowest": "-174 FD",
        "implied": 63.503649635036496,
        "overOdds": "-180",
        "underOdds": "+140",
        "overUnder": "-180 / +140"
    },
    {
        "player": "Erik Karlsson",
        "team": "PIT",
        "opponent": "FLA",
        "propType": "pts",
        "line": 0.5,
        "ppLine": "",
        "avg": 0.76,
        "hit": false,
        "diffAvg": 0.52,
        "diffAbs": 1.2,
        "lastAvg": 1.22,
        "diff": 1.44,
        "avgMin": 24,
        "proj": 1.1,
        "lastAvgMin": 25.6,
        "oppOver": 0,
        "teamOver": 0,
        "gameLine": "+105",
        "+/-": "+10",
        "L5_+/-": -1.0,
        "prevMatchup": "2024-01-26 1.0 pts 2023-12-08 0.0 pts",
        "winLossSplits": "61% - 54%",
        "awayHome": "H",
        "playedYesterday": "N",
        "awayHomeSplits": "60% - 54%",
        "savesAboveExp": -0.102,
        "gsaa": 8.2,
        "corsi": "52.7% (66.0) // 55.0% (69.4) // 55.8% (70.3) // 55.0% (72.1)",
        "fenwick": "51.8% (47.4) // 54.7% (48.6) // 56.0% (52.1) // 54.8% (54.1)",
        "shots": "52.4% (32.9) // 54.6% (33.9) // 55.4% (36.6) // 54.0% (37.7)",
        "scoring": "53.2% (32.4) // 57.3% (34.4) // 60.7% (35.4) // 59.0% (36.7)",
        "corsiAgainst": "47.3% (59.3) // 45.0% (56.8) // 44.2% (55.6) // 45.0% (59.0)",
        "fenwickAgainst": "48.2% (44.1) // 45.3% (40.2) // 44.0% (41.0) // 45.2% (44.6)",
        "shotsAgainst": "47.6% (29.9) // 45.4% (28.2) // 44.6% (29.5) // 46.0% (32.1)",
        "scoringAgainst": "46.8% (28.5) // 42.7% (25.6) // 39.3% (23.0) // 41.0% (25.6)",
        "oppCorsi": "56.8% (68.9) // 57.5% (67.6) // 55.9% (64.5) // 54.5% (60.3)",
        "oppFenwick": "55.7% (48.5) // 55.8% (49.6) // 55.1% (49.0) // 53.5% (44.8)",
        "oppShots": "55.6% (33.9) // 56.2% (34.2) // 56.0% (34.6) // 53.2% (32.8)",
        "oppScoring": "57.1% (31.9) // 60.6% (31.5) // 60.7% (30.7) // 57.2% (28.2)",
        "oppCorsiAgainst": "43.2% (52.4) // 42.5% (50.1) // 44.1% (51.0) // 45.5% (50.3)",
        "oppFenwickAgainst": "44.3% (38.5) // 44.2% (39.3) // 44.9% (39.9) // 46.5% (38.9)",
        "oppShotsAgainst": "44.4% (27.0) // 43.8% (26.7) // 44.0% (27.1) // 46.8% (28.9)",
        "oppScoringAgainst": "42.9% (23.9) // 39.4% (20.5) // 39.3% (19.9) // 42.8% (21.1)",
        "totalOver": 57,
        "totalOverLast5": 80,
        "totalOverLast15": 87,
        "lastTotalOver": 69,
        "last5": "1,1,1,0,1,1,1,1,1,1",
        "fd": "-132",
        "dk": "-125/-105",
        "kambi": "-134/102",
        "lowest": "-125 DK",
        "implied": 55.55555555555556,
        "overOdds": "-125",
        "underOdds": "-105",
        "overUnder": "-125 / -105"
    },
    {
        "player": "Evgeni Malkin",
        "team": "PIT",
        "opponent": "FLA",
        "propType": "pts",
        "line": 0.5,
        "ppLine": "",
        "avg": 0.84,
        "hit": false,
        "diffAvg": 0.68,
        "diffAbs": 1.0,
        "lastAvg": 1.01,
        "diff": 1.02,
        "avgMin": 18,
        "proj": 1.0,
        "lastAvgMin": 18.57,
        "oppOver": 0,
        "teamOver": 0,
        "gameLine": "+105",
        "+/-": "+3",
        "L5_+/-": "+3.0",
        "prevMatchup": "2024-01-26 1.0 pts 2023-12-08 1.0 pts",
        "winLossSplits": "74% - 50%",
        "awayHome": "H",
        "playedYesterday": "N",
        "awayHomeSplits": "64% - 58%",
        "savesAboveExp": -0.102,
        "gsaa": 8.2,
        "corsi": "52.7% (66.0) // 55.0% (69.4) // 55.8% (70.3) // 55.0% (72.1)",
        "fenwick": "51.8% (47.4) // 54.7% (48.6) // 56.0% (52.1) // 54.8% (54.1)",
        "shots": "52.4% (32.9) // 54.6% (33.9) // 55.4% (36.6) // 54.0% (37.7)",
        "scoring": "53.2% (32.4) // 57.3% (34.4) // 60.7% (35.4) // 59.0% (36.7)",
        "corsiAgainst": "47.3% (59.3) // 45.0% (56.8) // 44.2% (55.6) // 45.0% (59.0)",
        "fenwickAgainst": "48.2% (44.1) // 45.3% (40.2) // 44.0% (41.0) // 45.2% (44.6)",
        "shotsAgainst": "47.6% (29.9) // 45.4% (28.2) // 44.6% (29.5) // 46.0% (32.1)",
        "scoringAgainst": "46.8% (28.5) // 42.7% (25.6) // 39.3% (23.0) // 41.0% (25.6)",
        "oppCorsi": "56.8% (68.9) // 57.5% (67.6) // 55.9% (64.5) // 54.5% (60.3)",
        "oppFenwick": "55.7% (48.5) // 55.8% (49.6) // 55.1% (49.0) // 53.5% (44.8)",
        "oppShots": "55.6% (33.9) // 56.2% (34.2) // 56.0% (34.6) // 53.2% (32.8)",
        "oppScoring": "57.1% (31.9) // 60.6% (31.5) // 60.7% (30.7) // 57.2% (28.2)",
        "oppCorsiAgainst": "43.2% (52.4) // 42.5% (50.1) // 44.1% (51.0) // 45.5% (50.3)",
        "oppFenwickAgainst": "44.3% (38.5) // 44.2% (39.3) // 44.9% (39.9) // 46.5% (38.9)",
        "oppShotsAgainst": "44.4% (27.0) // 43.8% (26.7) // 44.0% (27.1) // 46.8% (28.9)",
        "oppScoringAgainst": "42.9% (23.9) // 39.4% (20.5) // 39.3% (19.9) // 42.8% (21.1)",
        "totalOver": 61,
        "totalOverLast5": 60,
        "totalOverLast15": 60,
        "lastTotalOver": 69,
        "last5": "0,1,0,1,1,1,1,1,0,0",
        "fd": "-122",
        "dk": "-130/+100",
        "kambi": "-130/100",
        "lowest": "-122 FD",
        "implied": 54.95495495495496,
        "overOdds": "-130",
        "underOdds": "+100",
        "overUnder": "-130 / +100"
    },
    {
        "player": "Jake Guentzel",
        "team": "PIT",
        "opponent": "FLA",
        "propType": "pts",
        "line": 0.5,
        "ppLine": "",
        "avg": 1.04,
        "hit": false,
        "diffAvg": 1.08,
        "diffAbs": 0.8,
        "lastAvg": 0.94,
        "diff": 0.88,
        "avgMin": 20,
        "proj": 0.9,
        "lastAvgMin": 20.1,
        "oppOver": 0,
        "teamOver": 0,
        "gameLine": "+105",
        "+/-": "+10",
        "L5_+/-": "+1.0",
        "prevMatchup": "2024-01-26 1.0 pts 2023-12-08 0.0 pts",
        "winLossSplits": "91% - 62%",
        "awayHome": "H",
        "playedYesterday": "N",
        "awayHomeSplits": "72% - 79%",
        "savesAboveExp": -0.102,
        "gsaa": 8.2,
        "corsi": "52.7% (66.0) // 55.0% (69.4) // 55.8% (70.3) // 55.0% (72.1)",
        "fenwick": "51.8% (47.4) // 54.7% (48.6) // 56.0% (52.1) // 54.8% (54.1)",
        "shots": "52.4% (32.9) // 54.6% (33.9) // 55.4% (36.6) // 54.0% (37.7)",
        "scoring": "53.2% (32.4) // 57.3% (34.4) // 60.7% (35.4) // 59.0% (36.7)",
        "corsiAgainst": "47.3% (59.3) // 45.0% (56.8) // 44.2% (55.6) // 45.0% (59.0)",
        "fenwickAgainst": "48.2% (44.1) // 45.3% (40.2) // 44.0% (41.0) // 45.2% (44.6)",
        "shotsAgainst": "47.6% (29.9) // 45.4% (28.2) // 44.6% (29.5) // 46.0% (32.1)",
        "scoringAgainst": "46.8% (28.5) // 42.7% (25.6) // 39.3% (23.0) // 41.0% (25.6)",
        "oppCorsi": "56.8% (68.9) // 57.5% (67.6) // 55.9% (64.5) // 54.5% (60.3)",
        "oppFenwick": "55.7% (48.5) // 55.8% (49.6) // 55.1% (49.0) // 53.5% (44.8)",
        "oppShots": "55.6% (33.9) // 56.2% (34.2) // 56.0% (34.6) // 53.2% (32.8)",
        "oppScoring": "57.1% (31.9) // 60.6% (31.5) // 60.7% (30.7) // 57.2% (28.2)",
        "oppCorsiAgainst": "43.2% (52.4) // 42.5% (50.1) // 44.1% (51.0) // 45.5% (50.3)",
        "oppFenwickAgainst": "44.3% (38.5) // 44.2% (39.3) // 44.9% (39.9) // 46.5% (38.9)",
        "oppShotsAgainst": "44.4% (27.0) // 43.8% (26.7) // 44.0% (27.1) // 46.8% (28.9)",
        "oppScoringAgainst": "42.9% (23.9) // 39.4% (20.5) // 39.3% (19.9) // 42.8% (21.1)",
        "totalOver": 76,
        "totalOverLast5": 80,
        "totalOverLast15": 67,
        "lastTotalOver": 64,
        "last5": "0,1,1,1,1,0,1,0,1,1",
        "fd": "-245",
        "dk": "-250/+190",
        "kambi": "-245/180",
        "lowest": "-245 FD",
        "implied": 71.01449275362319,
        "overOdds": "-250",
        "underOdds": "+190",
        "overUnder": "-250 / +190"
    },
    {
        "player": "Kris Letang",
        "team": "PIT",
        "opponent": "FLA",
        "propType": "pts",
        "line": 0.5,
        "ppLine": "",
        "avg": 0.61,
        "hit": false,
        "diffAvg": 0.22,
        "diffAbs": 0.2,
        "lastAvg": 0.64,
        "diff": 0.28,
        "avgMin": 24,
        "proj": 0.6,
        "lastAvgMin": 24.85,
        "oppOver": 0,
        "teamOver": 0,
        "gameLine": "+105",
        "+/-": "+14",
        "L5_+/-": "+5.0",
        "prevMatchup": "2024-01-26 0.0 pts 2023-12-08 0.0 pts",
        "winLossSplits": "52% - 31%",
        "awayHome": "H",
        "playedYesterday": "N",
        "awayHomeSplits": "40% - 42%",
        "savesAboveExp": -0.102,
        "gsaa": 8.2,
        "corsi": "52.7% (66.0) // 55.0% (69.4) // 55.8% (70.3) // 55.0% (72.1)",
        "fenwick": "51.8% (47.4) // 54.7% (48.6) // 56.0% (52.1) // 54.8% (54.1)",
        "shots": "52.4% (32.9) // 54.6% (33.9) // 55.4% (36.6) // 54.0% (37.7)",
        "scoring": "53.2% (32.4) // 57.3% (34.4) // 60.7% (35.4) // 59.0% (36.7)",
        "corsiAgainst": "47.3% (59.3) // 45.0% (56.8) // 44.2% (55.6) // 45.0% (59.0)",
        "fenwickAgainst": "48.2% (44.1) // 45.3% (40.2) // 44.0% (41.0) // 45.2% (44.6)",
        "shotsAgainst": "47.6% (29.9) // 45.4% (28.2) // 44.6% (29.5) // 46.0% (32.1)",
        "scoringAgainst": "46.8% (28.5) // 42.7% (25.6) // 39.3% (23.0) // 41.0% (25.6)",
        "oppCorsi": "56.8% (68.9) // 57.5% (67.6) // 55.9% (64.5) // 54.5% (60.3)",
        "oppFenwick": "55.7% (48.5) // 55.8% (49.6) // 55.1% (49.0) // 53.5% (44.8)",
        "oppShots": "55.6% (33.9) // 56.2% (34.2) // 56.0% (34.6) // 53.2% (32.8)",
        "oppScoring": "57.1% (31.9) // 60.6% (31.5) // 60.7% (30.7) // 57.2% (28.2)",
        "oppCorsiAgainst": "43.2% (52.4) // 42.5% (50.1) // 44.1% (51.0) // 45.5% (50.3)",
        "oppFenwickAgainst": "44.3% (38.5) // 44.2% (39.3) // 44.9% (39.9) // 46.5% (38.9)",
        "oppShotsAgainst": "44.4% (27.0) // 43.8% (26.7) // 44.0% (27.1) // 46.8% (28.9)",
        "oppScoringAgainst": "42.9% (23.9) // 39.4% (20.5) // 39.3% (19.9) // 42.8% (21.1)",
        "totalOver": 41,
        "totalOverLast5": 20,
        "totalOverLast15": 33,
        "lastTotalOver": 45,
        "last5": "0,0,1,0,0,0,0,1,1,1",
        "fd": "0",
        "dk": "+110/-140",
        "kambi": "105/-136",
        "lowest": "110 DK",
        "implied": 47.61904761904761,
        "overOdds": "+110",
        "underOdds": "-140",
        "overUnder": "+110 / -140"
    },
    {
        "player": "Matthew Tkachuk",
        "team": "FLA",
        "opponent": "PIT",
        "propType": "pts",
        "line": 0.5,
        "ppLine": "",
        "avg": 1.06,
        "hit": false,
        "diffAvg": 1.12,
        "diffAbs": 1.0,
        "lastAvg": 1.08,
        "diff": 1.16,
        "avgMin": 18,
        "proj": 1.0,
        "lastAvgMin": 20.43,
        "oppOver": 0,
        "teamOver": 0,
        "gameLine": "-125",
        "+/-": "+9",
        "L5_+/-": "+7.0",
        "prevMatchup": "2024-01-26 1.0 pts 2023-12-08 0.0 pts",
        "winLossSplits": "79% - 37%",
        "awayHome": "A",
        "playedYesterday": "N",
        "awayHomeSplits": "65% - 62%",
        "savesAboveExp": 0.033,
        "gsaa": 7.37,
        "corsi": "56.8% (68.9) // 57.5% (67.6) // 55.9% (64.5) // 54.5% (60.3)",
        "fenwick": "55.7% (48.5) // 55.8% (49.6) // 55.1% (49.0) // 53.5% (44.8)",
        "shots": "55.6% (33.9) // 56.2% (34.2) // 56.0% (34.6) // 53.2% (32.8)",
        "scoring": "57.1% (31.9) // 60.6% (31.5) // 60.7% (30.7) // 57.2% (28.2)",
        "corsiAgainst": "43.2% (52.4) // 42.5% (50.1) // 44.1% (51.0) // 45.5% (50.3)",
        "fenwickAgainst": "44.3% (38.5) // 44.2% (39.3) // 44.9% (39.9) // 46.5% (38.9)",
        "shotsAgainst": "44.4% (27.0) // 43.8% (26.7) // 44.0% (27.1) // 46.8% (28.9)",
        "scoringAgainst": "42.9% (23.9) // 39.4% (20.5) // 39.3% (19.9) // 42.8% (21.1)",
        "oppCorsi": "52.7% (66.0) // 55.0% (69.4) // 55.8% (70.3) // 55.0% (72.1)",
        "oppFenwick": "51.8% (47.4) // 54.7% (48.6) // 56.0% (52.1) // 54.8% (54.1)",
        "oppShots": "52.4% (32.9) // 54.6% (33.9) // 55.4% (36.6) // 54.0% (37.7)",
        "oppScoring": "53.2% (32.4) // 57.3% (34.4) // 60.7% (35.4) // 59.0% (36.7)",
        "oppCorsiAgainst": "47.3% (59.3) // 45.0% (56.8) // 44.2% (55.6) // 45.0% (59.0)",
        "oppFenwickAgainst": "48.2% (44.1) // 45.3% (40.2) // 44.0% (41.0) // 45.2% (44.6)",
        "oppShotsAgainst": "47.6% (29.9) // 45.4% (28.2) // 44.6% (29.5) // 46.0% (32.1)",
        "oppScoringAgainst": "46.8% (28.5) // 42.7% (25.6) // 39.3% (23.0) // 41.0% (25.6)",
        "totalOver": 63,
        "totalOverLast5": 80,
        "totalOverLast15": 80,
        "lastTotalOver": 71,
        "last5": "2,3,0,2,1,3,2,1,0,1",
        "fd": "0",
        "dk": "-238/+180",
        "kambi": "-245/185",
        "lowest": "-238 DK",
        "implied": 70.41420118343196,
        "overOdds": "-238",
        "underOdds": "+180",
        "overUnder": "-238 / +180"
    },
    {
        "player": "Reilly Smith",
        "team": "PIT",
        "opponent": "FLA",
        "propType": "pts",
        "line": 0.5,
        "ppLine": "",
        "avg": 0.49,
        "hit": false,
        "diffAvg": -0.02,
        "diffAbs": 0.0,
        "lastAvg": 0.56,
        "diff": 0.12,
        "avgMin": 16,
        "proj": 0.5,
        "lastAvgMin": 16.97,
        "oppOver": 0,
        "teamOver": 0,
        "gameLine": "+105",
        "+/-": 0,
        "L5_+/-": -1.0,
        "prevMatchup": "2023-12-08 1.0 pts",
        "winLossSplits": "43% - 27%",
        "awayHome": "H",
        "playedYesterday": "N",
        "awayHomeSplits": "36% - 33%",
        "savesAboveExp": -0.102,
        "gsaa": 8.2,
        "corsi": "52.7% (66.0) // 55.0% (69.4) // 55.8% (70.3) // 55.0% (72.1)",
        "fenwick": "51.8% (47.4) // 54.7% (48.6) // 56.0% (52.1) // 54.8% (54.1)",
        "shots": "52.4% (32.9) // 54.6% (33.9) // 55.4% (36.6) // 54.0% (37.7)",
        "scoring": "53.2% (32.4) // 57.3% (34.4) // 60.7% (35.4) // 59.0% (36.7)",
        "corsiAgainst": "47.3% (59.3) // 45.0% (56.8) // 44.2% (55.6) // 45.0% (59.0)",
        "fenwickAgainst": "48.2% (44.1) // 45.3% (40.2) // 44.0% (41.0) // 45.2% (44.6)",
        "shotsAgainst": "47.6% (29.9) // 45.4% (28.2) // 44.6% (29.5) // 46.0% (32.1)",
        "scoringAgainst": "46.8% (28.5) // 42.7% (25.6) // 39.3% (23.0) // 41.0% (25.6)",
        "oppCorsi": "56.8% (68.9) // 57.5% (67.6) // 55.9% (64.5) // 54.5% (60.3)",
        "oppFenwick": "55.7% (48.5) // 55.8% (49.6) // 55.1% (49.0) // 53.5% (44.8)",
        "oppShots": "55.6% (33.9) // 56.2% (34.2) // 56.0% (34.6) // 53.2% (32.8)",
        "oppScoring": "57.1% (31.9) // 60.6% (31.5) // 60.7% (30.7) // 57.2% (28.2)",
        "oppCorsiAgainst": "43.2% (52.4) // 42.5% (50.1) // 44.1% (51.0) // 45.5% (50.3)",
        "oppFenwickAgainst": "44.3% (38.5) // 44.2% (39.3) // 44.9% (39.9) // 46.5% (38.9)",
        "oppShotsAgainst": "44.4% (27.0) // 43.8% (26.7) // 44.0% (27.1) // 46.8% (28.9)",
        "oppScoringAgainst": "42.9% (23.9) // 39.4% (20.5) // 39.3% (19.9) // 42.8% (21.1)",
        "totalOver": 35,
        "totalOverLast5": 20,
        "totalOverLast15": 33,
        "lastTotalOver": 54,
        "last5": "0,1,0,0,0,0,0,0,0,1",
        "fd": "0",
        "dk": "+130/-166",
        "kambi": "116/-150",
        "lowest": "130 DK",
        "implied": 43.47826086956522,
        "overOdds": "+130",
        "underOdds": "-166",
        "overUnder": "+130 / -166"
    },
    {
        "player": "Sam Bennett",
        "team": "FLA",
        "opponent": "PIT",
        "propType": "pts",
        "line": 0.5,
        "ppLine": "",
        "avg": 0.57,
        "hit": false,
        "diffAvg": 0.14,
        "diffAbs": 0.2,
        "lastAvg": 0.48,
        "diff": -0.04,
        "avgMin": 16,
        "proj": 0.4,
        "lastAvgMin": 17.4,
        "oppOver": 0,
        "teamOver": 0,
        "gameLine": "-125",
        "+/-": "+7",
        "L5_+/-": "+7.0",
        "prevMatchup": "2024-01-26 1.0 pts 2023-12-08 0.0 pts",
        "winLossSplits": "56% - 13%",
        "awayHome": "A",
        "playedYesterday": "N",
        "awayHomeSplits": "40% - 40%",
        "savesAboveExp": 0.033,
        "gsaa": 7.37,
        "corsi": "56.8% (68.9) // 57.5% (67.6) // 55.9% (64.5) // 54.5% (60.3)",
        "fenwick": "55.7% (48.5) // 55.8% (49.6) // 55.1% (49.0) // 53.5% (44.8)",
        "shots": "55.6% (33.9) // 56.2% (34.2) // 56.0% (34.6) // 53.2% (32.8)",
        "scoring": "57.1% (31.9) // 60.6% (31.5) // 60.7% (30.7) // 57.2% (28.2)",
        "corsiAgainst": "43.2% (52.4) // 42.5% (50.1) // 44.1% (51.0) // 45.5% (50.3)",
        "fenwickAgainst": "44.3% (38.5) // 44.2% (39.3) // 44.9% (39.9) // 46.5% (38.9)",
        "shotsAgainst": "44.4% (27.0) // 43.8% (26.7) // 44.0% (27.1) // 46.8% (28.9)",
        "scoringAgainst": "42.9% (23.9) // 39.4% (20.5) // 39.3% (19.9) // 42.8% (21.1)",
        "oppCorsi": "52.7% (66.0) // 55.0% (69.4) // 55.8% (70.3) // 55.0% (72.1)",
        "oppFenwick": "51.8% (47.4) // 54.7% (48.6) // 56.0% (52.1) // 54.8% (54.1)",
        "oppShots": "52.4% (32.9) // 54.6% (33.9) // 55.4% (36.6) // 54.0% (37.7)",
        "oppScoring": "53.2% (32.4) // 57.3% (34.4) // 60.7% (35.4) // 59.0% (36.7)",
        "oppCorsiAgainst": "47.3% (59.3) // 45.0% (56.8) // 44.2% (55.6) // 45.0% (59.0)",
        "oppFenwickAgainst": "48.2% (44.1) // 45.3% (40.2) // 44.0% (41.0) // 45.2% (44.6)",
        "oppShotsAgainst": "47.6% (29.9) // 45.4% (28.2) // 44.6% (29.5) // 46.0% (32.1)",
        "oppScoringAgainst": "46.8% (28.5) // 42.7% (25.6) // 39.3% (23.0) // 41.0% (25.6)",
        "totalOver": 40,
        "totalOverLast5": 20,
        "totalOverLast15": 47,
        "lastTotalOver": 44,
        "last5": "0,0,0,0,1,1,3,0,1,2",
        "fd": "0",
        "dk": "+110/-140",
        "kambi": "-104/-125",
        "lowest": "110 DK",
        "implied": 47.61904761904761,
        "overOdds": "+110",
        "underOdds": "-140",
        "overUnder": "+110 / -140"
    },
    {
        "player": "Sam Reinhart",
        "team": "FLA",
        "opponent": "PIT",
        "propType": "pts",
        "line": 0.5,
        "ppLine": "",
        "avg": 1.23,
        "hit": false,
        "diffAvg": 1.46,
        "diffAbs": 0.4,
        "lastAvg": 0.65,
        "diff": 0.3,
        "avgMin": 20,
        "proj": 0.7,
        "lastAvgMin": 19.77,
        "oppOver": 0,
        "teamOver": 0,
        "gameLine": "-125",
        "+/-": "+14",
        "L5_+/-": -1.0,
        "prevMatchup": "2024-01-26 1.0 pts 2023-12-08 1.0 pts",
        "winLossSplits": "88% - 53%",
        "awayHome": "A",
        "playedYesterday": "N",
        "awayHomeSplits": "73% - 77%",
        "savesAboveExp": 0.033,
        "gsaa": 7.37,
        "corsi": "56.8% (68.9) // 57.5% (67.6) // 55.9% (64.5) // 54.5% (60.3)",
        "fenwick": "55.7% (48.5) // 55.8% (49.6) // 55.1% (49.0) // 53.5% (44.8)",
        "shots": "55.6% (33.9) // 56.2% (34.2) // 56.0% (34.6) // 53.2% (32.8)",
        "scoring": "57.1% (31.9) // 60.6% (31.5) // 60.7% (30.7) // 57.2% (28.2)",
        "corsiAgainst": "43.2% (52.4) // 42.5% (50.1) // 44.1% (51.0) // 45.5% (50.3)",
        "fenwickAgainst": "44.3% (38.5) // 44.2% (39.3) // 44.9% (39.9) // 46.5% (38.9)",
        "shotsAgainst": "44.4% (27.0) // 43.8% (26.7) // 44.0% (27.1) // 46.8% (28.9)",
        "scoringAgainst": "42.9% (23.9) // 39.4% (20.5) // 39.3% (19.9) // 42.8% (21.1)",
        "oppCorsi": "52.7% (66.0) // 55.0% (69.4) // 55.8% (70.3) // 55.0% (72.1)",
        "oppFenwick": "51.8% (47.4) // 54.7% (48.6) // 56.0% (52.1) // 54.8% (54.1)",
        "oppShots": "52.4% (32.9) // 54.6% (33.9) // 55.4% (36.6) // 54.0% (37.7)",
        "oppScoring": "53.2% (32.4) // 57.3% (34.4) // 60.7% (35.4) // 59.0% (36.7)",
        "oppCorsiAgainst": "47.3% (59.3) // 45.0% (56.8) // 44.2% (55.6) // 45.0% (59.0)",
        "oppFenwickAgainst": "48.2% (44.1) // 45.3% (40.2) // 44.0% (41.0) // 45.2% (44.6)",
        "oppShotsAgainst": "47.6% (29.9) // 45.4% (28.2) // 44.6% (29.5) // 46.0% (32.1)",
        "oppScoringAgainst": "46.8% (28.5) // 42.7% (25.6) // 39.3% (23.0) // 41.0% (25.6)",
        "totalOver": 75,
        "totalOverLast5": 80,
        "totalOverLast15": 87,
        "lastTotalOver": 55,
        "last5": "1,1,0,1,1,2,1,1,1,1",
        "fd": "-196",
        "dk": "-200/+154",
        "kambi": "-205/155",
        "lowest": "-196 FD",
        "implied": 66.21621621621621,
        "overOdds": "-200",
        "underOdds": "+154",
        "overUnder": "-200 / +154"
    },
    {
        "player": "Sidney Crosby",
        "team": "PIT",
        "opponent": "FLA",
        "propType": "pts",
        "line": 0.5,
        "ppLine": "",
        "avg": 1.06,
        "hit": false,
        "diffAvg": 1.12,
        "diffAbs": 1.2,
        "lastAvg": 1.12,
        "diff": 1.24,
        "avgMin": 20,
        "proj": 1.1,
        "lastAvgMin": 20.13,
        "oppOver": 0,
        "teamOver": 0,
        "gameLine": "+105",
        "+/-": "+17",
        "L5_+/-": "+3.0",
        "prevMatchup": "2024-01-26 1.0 pts 2023-12-08 0.0 pts",
        "winLossSplits": "83% - 69%",
        "awayHome": "H",
        "playedYesterday": "N",
        "awayHomeSplits": "72% - 79%",
        "savesAboveExp": -0.102,
        "gsaa": 8.2,
        "corsi": "52.7% (66.0) // 55.0% (69.4) // 55.8% (70.3) // 55.0% (72.1)",
        "fenwick": "51.8% (47.4) // 54.7% (48.6) // 56.0% (52.1) // 54.8% (54.1)",
        "shots": "52.4% (32.9) // 54.6% (33.9) // 55.4% (36.6) // 54.0% (37.7)",
        "scoring": "53.2% (32.4) // 57.3% (34.4) // 60.7% (35.4) // 59.0% (36.7)",
        "corsiAgainst": "47.3% (59.3) // 45.0% (56.8) // 44.2% (55.6) // 45.0% (59.0)",
        "fenwickAgainst": "48.2% (44.1) // 45.3% (40.2) // 44.0% (41.0) // 45.2% (44.6)",
        "shotsAgainst": "47.6% (29.9) // 45.4% (28.2) // 44.6% (29.5) // 46.0% (32.1)",
        "scoringAgainst": "46.8% (28.5) // 42.7% (25.6) // 39.3% (23.0) // 41.0% (25.6)",
        "oppCorsi": "56.8% (68.9) // 57.5% (67.6) // 55.9% (64.5) // 54.5% (60.3)",
        "oppFenwick": "55.7% (48.5) // 55.8% (49.6) // 55.1% (49.0) // 53.5% (44.8)",
        "oppShots": "55.6% (33.9) // 56.2% (34.2) // 56.0% (34.6) // 53.2% (32.8)",
        "oppScoring": "57.1% (31.9) // 60.6% (31.5) // 60.7% (30.7) // 57.2% (28.2)",
        "oppCorsiAgainst": "43.2% (52.4) // 42.5% (50.1) // 44.1% (51.0) // 45.5% (50.3)",
        "oppFenwickAgainst": "44.3% (38.5) // 44.2% (39.3) // 44.9% (39.9) // 46.5% (38.9)",
        "oppShotsAgainst": "44.4% (27.0) // 43.8% (26.7) // 44.0% (27.1) // 46.8% (28.9)",
        "oppScoringAgainst": "42.9% (23.9) // 39.4% (20.5) // 39.3% (19.9) // 42.8% (21.1)",
        "totalOver": 76,
        "totalOverLast5": 80,
        "totalOverLast15": 73,
        "lastTotalOver": 65,
        "last5": "0,1,1,1,1,1,1,2,1,2",
        "fd": "-215",
        "dk": "-210/+160",
        "kambi": "-225/165",
        "lowest": "-210 DK",
        "implied": 67.74193548387096,
        "overOdds": "-210",
        "underOdds": "+160",
        "overUnder": "-210 / +160"
    },
    {
        "player": "Adam Lowry",
        "team": "WPG",
        "opponent": "SJ",
        "propType": "pts",
        "line": 0.5,
        "ppLine": "",
        "avg": 0.46,
        "hit": false,
        "diffAvg": -0.08,
        "diffAbs": 0.2,
        "lastAvg": 0.41,
        "diff": -0.18,
        "avgMin": 16,
        "proj": 0.4,
        "lastAvgMin": 15.63,
        "oppOver": 0,
        "teamOver": 0,
        "gameLine": "-455",
        "+/-": "+10",
        "L5_+/-": -1.0,
        "prevMatchup": "2024-01-04 0.0 pts 2023-12-12 0.0 pts",
        "winLossSplits": "55% - 11%",
        "awayHome": "H",
        "playedYesterday": "N",
        "awayHomeSplits": "38% - 38%",
        "savesAboveExp": -1.142,
        "gsaa": "-",
        "corsi": "50.8% (60.3) // 52.1% (65.8) // 51.0% (64.2) // 55.6% (67.7)",
        "fenwick": "51.3% (43.6) // 53.1% (45.7) // 51.6% (43.8) // 56.4% (44.3)",
        "shots": "51.9% (30.6) // 52.2% (30.4) // 50.9% (28.8) // 56.8% (29.3)",
        "scoring": "51.5% (28.3) // 56.0% (30.9) // 56.7% (30.3) // 61.4% (31.3)",
        "corsiAgainst": "49.2% (58.3) // 47.9% (60.4) // 49.0% (61.7) // 44.4% (54.0)",
        "fenwickAgainst": "48.7% (41.3) // 46.9% (40.4) // 48.4% (41.2) // 43.6% (34.3)",
        "shotsAgainst": "48.1% (28.4) // 47.8% (27.8) // 49.1% (27.8) // 43.2% (22.3)",
        "scoringAgainst": "48.5% (26.7) // 44.0% (24.3) // 43.3% (23.2) // 38.6% (19.7)",
        "oppCorsi": "42.2% (52.1) // 42.9% (53.1) // 44.2% (56.2) // 39.6% (51.3)",
        "oppFenwick": "42.1% (36.7) // 42.7% (37.0) // 43.4% (38.6) // 40.9% (39.0)",
        "oppShots": "41.8% (25.3) // 43.0% (25.4) // 43.9% (27.4) // 41.8% (27.3)",
        "oppScoring": "39.2% (23.5) // 40.6% (23.4) // 44.1% (24.6) // 39.4% (23.0)",
        "oppCorsiAgainst": "57.8% (71.3) // 57.1% (70.7) // 55.8% (71.0) // 60.4% (78.3)",
        "oppFenwickAgainst": "57.9% (50.4) // 57.3% (49.6) // 56.6% (50.4) // 59.1% (56.3)",
        "oppShotsAgainst": "58.2% (35.3) // 57.0% (33.7) // 56.1% (35.0) // 58.2% (38.0)",
        "oppScoringAgainst": "60.8% (36.4) // 59.4% (34.2) // 55.9% (31.2) // 60.6% (35.3)",
        "totalOver": 38,
        "totalOverLast5": 0,
        "totalOverLast15": 27,
        "lastTotalOver": 42,
        "last5": "0,0,0,0,0,0,0,1,0,2",
        "fd": "0",
        "dk": "+105/-135",
        "kambi": "0",
        "lowest": "105 DK",
        "implied": 48.78048780487805,
        "overOdds": "+105",
        "underOdds": "-135",
        "overUnder": "+105 / -135"
    },
    {
        "player": "Alexander Barabanov",
        "team": "SJ",
        "opponent": "WPG",
        "propType": "pts",
        "line": 0.5,
        "ppLine": "",
        "avg": 0.29,
        "hit": false,
        "diffAvg": -0.42,
        "diffAbs": 0.2,
        "lastAvg": 0.69,
        "diff": 0.38,
        "avgMin": 16,
        "proj": 0.6,
        "lastAvgMin": 18.05,
        "oppOver": 0,
        "teamOver": 0,
        "gameLine": "+350",
        "+/-": -18,
        "L5_+/-": -2.0,
        "prevMatchup": "2024-01-04 1.0 pts 2023-12-12 0.0 pts",
        "winLossSplits": "38% - 26%",
        "awayHome": "A",
        "playedYesterday": "N",
        "awayHomeSplits": "35% - 21%",
        "savesAboveExp": 0.641,
        "gsaa": 17.56,
        "corsi": "42.2% (52.1) // 42.9% (53.1) // 44.2% (56.2) // 39.6% (51.3)",
        "fenwick": "42.1% (36.7) // 42.7% (37.0) // 43.4% (38.6) // 40.9% (39.0)",
        "shots": "41.8% (25.3) // 43.0% (25.4) // 43.9% (27.4) // 41.8% (27.3)",
        "scoring": "39.2% (23.5) // 40.6% (23.4) // 44.1% (24.6) // 39.4% (23.0)",
        "corsiAgainst": "57.8% (71.3) // 57.1% (70.7) // 55.8% (71.0) // 60.4% (78.3)",
        "fenwickAgainst": "57.9% (50.4) // 57.3% (49.6) // 56.6% (50.4) // 59.1% (56.3)",
        "shotsAgainst": "58.2% (35.3) // 57.0% (33.7) // 56.1% (35.0) // 58.2% (38.0)",
        "scoringAgainst": "60.8% (36.4) // 59.4% (34.2) // 55.9% (31.2) // 60.6% (35.3)",
        "oppCorsi": "50.8% (60.3) // 52.1% (65.8) // 51.0% (64.2) // 55.6% (67.7)",
        "oppFenwick": "51.3% (43.6) // 53.1% (45.7) // 51.6% (43.8) // 56.4% (44.3)",
        "oppShots": "51.9% (30.6) // 52.2% (30.4) // 50.9% (28.8) // 56.8% (29.3)",
        "oppScoring": "51.5% (28.3) // 56.0% (30.9) // 56.7% (30.3) // 61.4% (31.3)",
        "oppCorsiAgainst": "49.2% (58.3) // 47.9% (60.4) // 49.0% (61.7) // 44.4% (54.0)",
        "oppFenwickAgainst": "48.7% (41.3) // 46.9% (40.4) // 48.4% (41.2) // 43.6% (34.3)",
        "oppShotsAgainst": "48.1% (28.4) // 47.8% (27.8) // 49.1% (27.8) // 43.2% (22.3)",
        "oppScoringAgainst": "48.5% (26.7) // 44.0% (24.3) // 43.3% (23.2) // 38.6% (19.7)",
        "totalOver": 29,
        "totalOverLast5": 20,
        "totalOverLast15": 27,
        "lastTotalOver": 50,
        "last5": "0,0,0,1,0,0,0,0,1,0",
        "fd": "+172",
        "dk": "+160/-210",
        "kambi": "165/-225",
        "lowest": "172 FD",
        "implied": 36.76470588235294,
        "overOdds": "+160",
        "underOdds": "-210",
        "overUnder": "+160 / -210"
    },
    {
        "player": "Anthony Duclair",
        "team": "SJ",
        "opponent": "WPG",
        "propType": "pts",
        "line": 0.5,
        "ppLine": "",
        "avg": 0.37,
        "hit": false,
        "diffAvg": -0.26,
        "diffAbs": 0.6,
        "lastAvg": 0.23,
        "diff": -0.54,
        "avgMin": 15,
        "proj": 0.2,
        "lastAvgMin": 14.85,
        "oppOver": 0,
        "teamOver": 0,
        "gameLine": "+350",
        "+/-": -12,
        "L5_+/-": -4.0,
        "prevMatchup": "2024-01-04 0.0 pts 2023-12-12 1.0 pts",
        "winLossSplits": "29% - 25%",
        "awayHome": "A",
        "playedYesterday": "N",
        "awayHomeSplits": "30% - 22%",
        "savesAboveExp": 0.641,
        "gsaa": 17.56,
        "corsi": "42.2% (52.1) // 42.9% (53.1) // 44.2% (56.2) // 39.6% (51.3)",
        "fenwick": "42.1% (36.7) // 42.7% (37.0) // 43.4% (38.6) // 40.9% (39.0)",
        "shots": "41.8% (25.3) // 43.0% (25.4) // 43.9% (27.4) // 41.8% (27.3)",
        "scoring": "39.2% (23.5) // 40.6% (23.4) // 44.1% (24.6) // 39.4% (23.0)",
        "corsiAgainst": "57.8% (71.3) // 57.1% (70.7) // 55.8% (71.0) // 60.4% (78.3)",
        "fenwickAgainst": "57.9% (50.4) // 57.3% (49.6) // 56.6% (50.4) // 59.1% (56.3)",
        "shotsAgainst": "58.2% (35.3) // 57.0% (33.7) // 56.1% (35.0) // 58.2% (38.0)",
        "scoringAgainst": "60.8% (36.4) // 59.4% (34.2) // 55.9% (31.2) // 60.6% (35.3)",
        "oppCorsi": "50.8% (60.3) // 52.1% (65.8) // 51.0% (64.2) // 55.6% (67.7)",
        "oppFenwick": "51.3% (43.6) // 53.1% (45.7) // 51.6% (43.8) // 56.4% (44.3)",
        "oppShots": "51.9% (30.6) // 52.2% (30.4) // 50.9% (28.8) // 56.8% (29.3)",
        "oppScoring": "51.5% (28.3) // 56.0% (30.9) // 56.7% (30.3) // 61.4% (31.3)",
        "oppCorsiAgainst": "49.2% (58.3) // 47.9% (60.4) // 49.0% (61.7) // 44.4% (54.0)",
        "oppFenwickAgainst": "48.7% (41.3) // 46.9% (40.4) // 48.4% (41.2) // 43.6% (34.3)",
