[
    {
        "player": "Andrei Kuzmenko",
        "team": "VAN",
        "opponent": "PHI",
        "propType": "pts",
        "line": 0.5,
        "ppLine": "PP1",
        "avg": 0.63,
        "hit": false,
        "diffAvg": 0.26,
        "diffAbs": 0.6,
        "lastAvg": 0.91,
        "diff": 0.82,
        "avgMin": 14,
        "proj": 0.8,
        "lastAvgMin": 16.23,
        "oppOver": 0,
        "teamOver": 0,
        "gameLine": "-155",
        "+/-": 0,
        "L5_+/-": -2.0,
        "prevMatchup": "2023-10-17 0.0 pts",
        "winLossSplits": "67% - 11%",
        "awayHome": "H",
        "playedYesterday": "N",
        "awayHomeSplits": "46% - 53%",
        "savesAboveExp": 0.232,
        "gsaa": -1.32,
        "corsi": "49.6% (57.1) // 47.1% (50.6) // 51.1% (54.2) // 60.8% (65.0)",
        "fenwick": "49.1% (40.8) // 47.7% (37.4) // 50.6% (39.9) // 56.2% (41.0)",
        "shots": "48.3% (27.8) // 46.6% (25.4) // 47.6% (26.3) // 51.0% (26.0)",
        "scoring": "50.7% (28.9) // 50.1% (26.4) // 51.0% (25.6) // 57.8% (26.0)",
        "corsiAgainst": "50.4% (58.1) // 52.9% (56.8) // 48.9% (51.9) // 39.2% (42.0)",
        "fenwickAgainst": "50.9% (42.3) // 52.3% (41.0) // 49.4% (39.0) // 43.8% (32.0)",
        "shotsAgainst": "51.7% (29.8) // 53.4% (29.0) // 52.4% (28.9) // 49.0% (25.0)",
        "scoringAgainst": "49.3% (28.1) // 49.9% (26.3) // 49.0% (24.7) // 42.2% (19.0)",
        "oppCorsi": "49.8% (59.8) // 47.0% (56.5) // 49.0% (56.7) // 51.5% (64.6)",
        "oppFenwick": "52.0% (44.5) // 50.5% (44.4) // 52.4% (45.5) // 54.7% (53.5)",
        "oppShots": "53.5% (32.4) // 51.9% (31.9) // 51.5% (31.8) // 53.8% (39.7)",
        "oppScoring": "48.5% (27.3) // 44.8% (26.7) // 42.2% (24.2) // 45.6% (28.6)",
        "oppCorsiAgainst": "50.2% (60.4) // 53.0% (63.7) // 51.0% (58.9) // 48.5% (60.9)",
        "oppFenwickAgainst": "48.0% (41.1) // 49.5% (43.5) // 47.6% (41.4) // 45.3% (44.3)",
        "oppShotsAgainst": "46.5% (28.2) // 48.1% (29.6) // 48.5% (29.9) // 46.2% (34.2)",
        "oppScoringAgainst": "51.5% (29.0) // 55.2% (33.0) // 57.8% (33.1) // 54.4% (34.2)",
        "totalOver": 50,
        "totalOverLast5": 60,
        "totalOverLast15": 27,
        "lastTotalOver": 55,
        "last5": "2,0,0,1,1,0,0,0,0,1",
        "fd": "0",
        "dk": "-110/-120",
        "implied": 52.38095238095239,
        "overOdds": "-110",
        "underOdds": "-120",
        "overUnder": "-110 / -120"
    },
    {
        "player": "Brock Boeser",
        "team": "VAN",
        "opponent": "PHI",
        "propType": "pts",
        "line": 0.5,
        "ppLine": "PP1",
        "avg": 1.09,
        "hit": false,
        "diffAvg": 1.18,
        "diffAbs": 0.6,
        "lastAvg": 0.74,
        "diff": 0.48,
        "avgMin": 18,
        "proj": 0.8,
        "lastAvgMin": 17.23,
        "oppOver": 0,
        "teamOver": 0,
        "gameLine": "-155",
        "+/-": "+12",
        "L5_+/-": "+3.0",
        "prevMatchup": "2023-10-17 0.0 pts",
        "winLossSplits": "83% - 42%",
        "awayHome": "H",
        "playedYesterday": "N",
        "awayHomeSplits": "61% - 76%",
        "savesAboveExp": 0.232,
        "gsaa": -1.32,
        "corsi": "49.6% (57.1) // 47.1% (50.6) // 51.1% (54.2) // 60.8% (65.0)",
        "fenwick": "49.1% (40.8) // 47.7% (37.4) // 50.6% (39.9) // 56.2% (41.0)",
        "shots": "48.3% (27.8) // 46.6% (25.4) // 47.6% (26.3) // 51.0% (26.0)",
        "scoring": "50.7% (28.9) // 50.1% (26.4) // 51.0% (25.6) // 57.8% (26.0)",
        "corsiAgainst": "50.4% (58.1) // 52.9% (56.8) // 48.9% (51.9) // 39.2% (42.0)",
        "fenwickAgainst": "50.9% (42.3) // 52.3% (41.0) // 49.4% (39.0) // 43.8% (32.0)",
        "shotsAgainst": "51.7% (29.8) // 53.4% (29.0) // 52.4% (28.9) // 49.0% (25.0)",
        "scoringAgainst": "49.3% (28.1) // 49.9% (26.3) // 49.0% (24.7) // 42.2% (19.0)",
        "oppCorsi": "49.8% (59.8) // 47.0% (56.5) // 49.0% (56.7) // 51.5% (64.6)",
        "oppFenwick": "52.0% (44.5) // 50.5% (44.4) // 52.4% (45.5) // 54.7% (53.5)",
        "oppShots": "53.5% (32.4) // 51.9% (31.9) // 51.5% (31.8) // 53.8% (39.7)",
        "oppScoring": "48.5% (27.3) // 44.8% (26.7) // 42.2% (24.2) // 45.6% (28.6)",
        "oppCorsiAgainst": "50.2% (60.4) // 53.0% (63.7) // 51.0% (58.9) // 48.5% (60.9)",
        "oppFenwickAgainst": "48.0% (41.1) // 49.5% (43.5) // 47.6% (41.4) // 45.3% (44.3)",
        "oppShotsAgainst": "46.5% (28.2) // 48.1% (29.6) // 48.5% (29.9) // 46.2% (34.2)",
        "oppScoringAgainst": "51.5% (29.0) // 55.2% (33.0) // 57.8% (33.1) // 54.4% (34.2)",
        "totalOver": 69,
        "totalOverLast5": 40,
        "totalOverLast15": 73,
        "lastTotalOver": 59,
        "last5": "0,1,0,1,0,1,3,1,1,2",
        "fd": "-172",
        "dk": "-175/+135",
        "implied": 63.63636363636363,
        "overOdds": "-175",
        "underOdds": "+135",
        "overUnder": "-175 / +135"
    },
    {
        "player": "Cam Atkinson",
        "team": "PHI",
        "opponent": "VAN",
        "propType": "pts",
        "line": 0.5,
        "ppLine": "PP2",
        "avg": 0.52,
        "hit": false,
        "diffAvg": 0.04,
        "diffAbs": 1.0,
        "lastAvg": 0,
        "diff": 0,
        "avgMin": 17,
        "proj": 0.0,
        "lastAvgMin": 0,
        "oppOver": 0,
        "teamOver": 0,
        "gameLine": "+130",
        "+/-": -9,
        "L5_+/-": 0.0,
        "prevMatchup": "2023-10-17 0.0 pts",
        "winLossSplits": "39% - 40%",
        "awayHome": "A",
        "playedYesterday": "N",
        "awayHomeSplits": "41% - 38%",
        "savesAboveExp": 0.063,
        "gsaa": 5.31,
        "corsi": "49.8% (59.8) // 47.0% (56.5) // 49.0% (56.7) // 51.5% (64.6)",
        "fenwick": "52.0% (44.5) // 50.5% (44.4) // 52.4% (45.5) // 54.7% (53.5)",
        "shots": "53.5% (32.4) // 51.9% (31.9) // 51.5% (31.8) // 53.8% (39.7)",
        "scoring": "48.5% (27.3) // 44.8% (26.7) // 42.2% (24.2) // 45.6% (28.6)",
        "corsiAgainst": "50.2% (60.4) // 53.0% (63.7) // 51.0% (58.9) // 48.5% (60.9)",
        "fenwickAgainst": "48.0% (41.1) // 49.5% (43.5) // 47.6% (41.4) // 45.3% (44.3)",
        "shotsAgainst": "46.5% (28.2) // 48.1% (29.6) // 48.5% (29.9) // 46.2% (34.2)",
        "scoringAgainst": "51.5% (29.0) // 55.2% (33.0) // 57.8% (33.1) // 54.4% (34.2)",
        "oppCorsi": "49.6% (57.1) // 47.1% (50.6) // 51.1% (54.2) // 60.8% (65.0)",
        "oppFenwick": "49.1% (40.8) // 47.7% (37.4) // 50.6% (39.9) // 56.2% (41.0)",
        "oppShots": "48.3% (27.8) // 46.6% (25.4) // 47.6% (26.3) // 51.0% (26.0)",
        "oppScoring": "50.7% (28.9) // 50.1% (26.4) // 51.0% (25.6) // 57.8% (26.0)",
        "oppCorsiAgainst": "50.4% (58.1) // 52.9% (56.8) // 48.9% (51.9) // 39.2% (42.0)",
        "oppFenwickAgainst": "50.9% (42.3) // 52.3% (41.0) // 49.4% (39.0) // 43.8% (32.0)",
        "oppShotsAgainst": "51.7% (29.8) // 53.4% (29.0) // 52.4% (28.9) // 49.0% (25.0)",
        "oppScoringAgainst": "49.3% (28.1) // 49.9% (26.3) // 49.0% (24.7) // 42.2% (19.0)",
        "totalOver": 39,
        "totalOverLast5": 20,
        "totalOverLast15": 27,
        "lastTotalOver": 0,
        "last5": "1,0,0,0,0,1,0,1,0,0",
        "fd": "0",
        "dk": "+150/-195",
        "implied": 40.0,
        "overOdds": "+150",
        "underOdds": "-195",
        "overUnder": "+150 / -195"
    },
    {
        "player": "Elias Pettersson",
        "team": "VAN",
        "opponent": "PHI",
        "propType": "pts",
        "line": 0.5,
        "ppLine": "PP1",
        "avg": 1.23,
        "hit": false,
        "diffAvg": 1.46,
        "diffAbs": 1.4,
        "lastAvg": 1.26,
        "diff": 1.52,
        "avgMin": 19,
        "proj": 1.2,
        "lastAvgMin": 20.55,
        "oppOver": 0,
        "teamOver": 0,
        "gameLine": "-155",
        "+/-": "+9",
        "L5_+/-": "+3.0",
        "prevMatchup": "2023-10-17 0.0 pts",
        "winLossSplits": "74% - 58%",
        "awayHome": "H",
        "playedYesterday": "N",
        "awayHomeSplits": "61% - 76%",
        "savesAboveExp": 0.232,
        "gsaa": -1.32,
        "corsi": "49.6% (57.1) // 47.1% (50.6) // 51.1% (54.2) // 60.8% (65.0)",
        "fenwick": "49.1% (40.8) // 47.7% (37.4) // 50.6% (39.9) // 56.2% (41.0)",
        "shots": "48.3% (27.8) // 46.6% (25.4) // 47.6% (26.3) // 51.0% (26.0)",
        "scoring": "50.7% (28.9) // 50.1% (26.4) // 51.0% (25.6) // 57.8% (26.0)",
        "corsiAgainst": "50.4% (58.1) // 52.9% (56.8) // 48.9% (51.9) // 39.2% (42.0)",
        "fenwickAgainst": "50.9% (42.3) // 52.3% (41.0) // 49.4% (39.0) // 43.8% (32.0)",
        "shotsAgainst": "51.7% (29.8) // 53.4% (29.0) // 52.4% (28.9) // 49.0% (25.0)",
        "scoringAgainst": "49.3% (28.1) // 49.9% (26.3) // 49.0% (24.7) // 42.2% (19.0)",
        "oppCorsi": "49.8% (59.8) // 47.0% (56.5) // 49.0% (56.7) // 51.5% (64.6)",
        "oppFenwick": "52.0% (44.5) // 50.5% (44.4) // 52.4% (45.5) // 54.7% (53.5)",
        "oppShots": "53.5% (32.4) // 51.9% (31.9) // 51.5% (31.8) // 53.8% (39.7)",
        "oppScoring": "48.5% (27.3) // 44.8% (26.7) // 42.2% (24.2) // 45.6% (28.6)",
        "oppCorsiAgainst": "50.2% (60.4) // 53.0% (63.7) // 51.0% (58.9) // 48.5% (60.9)",
        "oppFenwickAgainst": "48.0% (41.1) // 49.5% (43.5) // 47.6% (41.4) // 45.3% (44.3)",
        "oppShotsAgainst": "46.5% (28.2) // 48.1% (29.6) // 48.5% (29.9) // 46.2% (34.2)",
        "oppScoringAgainst": "51.5% (29.0) // 55.2% (33.0) // 57.8% (33.1) // 54.4% (34.2)",
        "totalOver": 69,
        "totalOverLast5": 60,
        "totalOverLast15": 60,
        "lastTotalOver": 76,
        "last5": "2,0,2,1,0,1,0,3,0,2",
        "fd": "-245",
        "dk": "-230/+175",
        "implied": 71.01449275362319,
        "overOdds": "-230",
        "underOdds": "+175",
        "overUnder": "-230 / +175"
    },
    {
        "player": "Filip Hronek",
        "team": "VAN",
        "opponent": "PHI",
        "propType": "pts",
        "line": 0.5,
        "ppLine": "PP2",
        "avg": 0.83,
        "hit": false,
        "diffAvg": 0.66,
        "diffAbs": 0.4,
        "lastAvg": 0.61,
        "diff": 0.22,
        "avgMin": 24,
        "proj": 0.7,
        "lastAvgMin": 21.68,
        "oppOver": 0,
        "teamOver": 0,
        "gameLine": "-155",
        "+/-": "+23",
        "L5_+/-": "+9.0",
        "prevMatchup": "2023-10-17 0.0 pts",
        "winLossSplits": "74% - 50%",
        "awayHome": "H",
        "playedYesterday": "N",
        "awayHomeSplits": "67% - 65%",
        "savesAboveExp": 0.232,
        "gsaa": -1.32,
        "corsi": "49.6% (57.1) // 47.1% (50.6) // 51.1% (54.2) // 60.8% (65.0)",
        "fenwick": "49.1% (40.8) // 47.7% (37.4) // 50.6% (39.9) // 56.2% (41.0)",
        "shots": "48.3% (27.8) // 46.6% (25.4) // 47.6% (26.3) // 51.0% (26.0)",
        "scoring": "50.7% (28.9) // 50.1% (26.4) // 51.0% (25.6) // 57.8% (26.0)",
        "corsiAgainst": "50.4% (58.1) // 52.9% (56.8) // 48.9% (51.9) // 39.2% (42.0)",
        "fenwickAgainst": "50.9% (42.3) // 52.3% (41.0) // 49.4% (39.0) // 43.8% (32.0)",
        "shotsAgainst": "51.7% (29.8) // 53.4% (29.0) // 52.4% (28.9) // 49.0% (25.0)",
        "scoringAgainst": "49.3% (28.1) // 49.9% (26.3) // 49.0% (24.7) // 42.2% (19.0)",
        "oppCorsi": "49.8% (59.8) // 47.0% (56.5) // 49.0% (56.7) // 51.5% (64.6)",
        "oppFenwick": "52.0% (44.5) // 50.5% (44.4) // 52.4% (45.5) // 54.7% (53.5)",
        "oppShots": "53.5% (32.4) // 51.9% (31.9) // 51.5% (31.8) // 53.8% (39.7)",
        "oppScoring": "48.5% (27.3) // 44.8% (26.7) // 42.2% (24.2) // 45.6% (28.6)",
        "oppCorsiAgainst": "50.2% (60.4) // 53.0% (63.7) // 51.0% (58.9) // 48.5% (60.9)",
        "oppFenwickAgainst": "48.0% (41.1) // 49.5% (43.5) // 47.6% (41.4) // 45.3% (44.3)",
        "oppShotsAgainst": "46.5% (28.2) // 48.1% (29.6) // 48.5% (29.9) // 46.2% (34.2)",
        "oppScoringAgainst": "51.5% (29.0) // 55.2% (33.0) // 57.8% (33.1) // 54.4% (34.2)",
        "totalOver": 66,
        "totalOverLast5": 40,
        "totalOverLast15": 47,
        "lastTotalOver": 50,
        "last5": "0,0,1,1,0,0,1,1,0,0",
        "fd": "0",
        "dk": "-110/-120",
        "implied": 52.38095238095239,
        "overOdds": "-110",
        "underOdds": "-120",
        "overUnder": "-110 / -120"
    },
    {
        "player": "Ilya Mikheyev",
        "team": "VAN",
        "opponent": "PHI",
        "propType": "pts",
        "line": 0.5,
        "ppLine": "PP2",
        "avg": 0.65,
        "hit": false,
        "diffAvg": 0.3,
        "diffAbs": 0.0,
        "lastAvg": 0.61,
        "diff": 0.22,
        "avgMin": 14,
        "proj": 0.5,
        "lastAvgMin": 16.9,
        "oppOver": 0,
        "teamOver": 0,
        "gameLine": "-155",
        "+/-": "+7",
        "L5_+/-": "+4.0",
        "prevMatchup": "",
        "winLossSplits": "71% - 10%",
        "awayHome": "H",
        "playedYesterday": "N",
        "awayHomeSplits": "60% - 44%",
        "savesAboveExp": 0.232,
        "gsaa": -1.32,
        "corsi": "49.6% (57.1) // 47.1% (50.6) // 51.1% (54.2) // 60.8% (65.0)",
        "fenwick": "49.1% (40.8) // 47.7% (37.4) // 50.6% (39.9) // 56.2% (41.0)",
        "shots": "48.3% (27.8) // 46.6% (25.4) // 47.6% (26.3) // 51.0% (26.0)",
        "scoring": "50.7% (28.9) // 50.1% (26.4) // 51.0% (25.6) // 57.8% (26.0)",
        "corsiAgainst": "50.4% (58.1) // 52.9% (56.8) // 48.9% (51.9) // 39.2% (42.0)",
        "fenwickAgainst": "50.9% (42.3) // 52.3% (41.0) // 49.4% (39.0) // 43.8% (32.0)",
        "shotsAgainst": "51.7% (29.8) // 53.4% (29.0) // 52.4% (28.9) // 49.0% (25.0)",
        "scoringAgainst": "49.3% (28.1) // 49.9% (26.3) // 49.0% (24.7) // 42.2% (19.0)",
        "oppCorsi": "49.8% (59.8) // 47.0% (56.5) // 49.0% (56.7) // 51.5% (64.6)",
        "oppFenwick": "52.0% (44.5) // 50.5% (44.4) // 52.4% (45.5) // 54.7% (53.5)",
        "oppShots": "53.5% (32.4) // 51.9% (31.9) // 51.5% (31.8) // 53.8% (39.7)",
        "oppScoring": "48.5% (27.3) // 44.8% (26.7) // 42.2% (24.2) // 45.6% (28.6)",
        "oppCorsiAgainst": "50.2% (60.4) // 53.0% (63.7) // 51.0% (58.9) // 48.5% (60.9)",
        "oppFenwickAgainst": "48.0% (41.1) // 49.5% (43.5) // 47.6% (41.4) // 45.3% (44.3)",
        "oppShotsAgainst": "46.5% (28.2) // 48.1% (29.6) // 48.5% (29.9) // 46.2% (34.2)",
        "oppScoringAgainst": "51.5% (29.0) // 55.2% (33.0) // 57.8% (33.1) // 54.4% (34.2)",
        "totalOver": 52,
        "totalOverLast5": 60,
        "totalOverLast15": 40,
        "lastTotalOver": 0,
        "last5": "1,0,2,1,0,0,0,2,0,0",
        "fd": "0",
        "dk": "+114/-145",
        "implied": 46.728971962616825,
        "overOdds": "+114",
        "underOdds": "-145",
        "overUnder": "+114 / -145"
    },
    {
        "player": "Jt Miller",
        "team": "VAN",
        "opponent": "PHI",
        "propType": "pts",
        "line": 0.5,
        "ppLine": "PP1",
        "avg": 1.37,
        "hit": false,
        "diffAvg": 1.74,
        "diffAbs": 0.8,
        "lastAvg": 1.01,
        "diff": 1.02,
        "avgMin": 19,
        "proj": 0.9,
        "lastAvgMin": 20.67,
        "oppOver": 0,
        "teamOver": 0,
        "gameLine": "-155",
        "+/-": "+13",
        "L5_+/-": "+2.0",
        "prevMatchup": "2023-10-17 0.0 pts",
        "winLossSplits": "70% - 83%",
        "awayHome": "H",
        "playedYesterday": "N",
        "awayHomeSplits": "61% - 88%",
        "savesAboveExp": 0.232,
        "gsaa": -1.32,
        "corsi": "49.6% (57.1) // 47.1% (50.6) // 51.1% (54.2) // 60.8% (65.0)",
        "fenwick": "49.1% (40.8) // 47.7% (37.4) // 50.6% (39.9) // 56.2% (41.0)",
        "shots": "48.3% (27.8) // 46.6% (25.4) // 47.6% (26.3) // 51.0% (26.0)",
        "scoring": "50.7% (28.9) // 50.1% (26.4) // 51.0% (25.6) // 57.8% (26.0)",
        "corsiAgainst": "50.4% (58.1) // 52.9% (56.8) // 48.9% (51.9) // 39.2% (42.0)",
        "fenwickAgainst": "50.9% (42.3) // 52.3% (41.0) // 49.4% (39.0) // 43.8% (32.0)",
        "shotsAgainst": "51.7% (29.8) // 53.4% (29.0) // 52.4% (28.9) // 49.0% (25.0)",
        "scoringAgainst": "49.3% (28.1) // 49.9% (26.3) // 49.0% (24.7) // 42.2% (19.0)",
        "oppCorsi": "49.8% (59.8) // 47.0% (56.5) // 49.0% (56.7) // 51.5% (64.6)",
        "oppFenwick": "52.0% (44.5) // 50.5% (44.4) // 52.4% (45.5) // 54.7% (53.5)",
        "oppShots": "53.5% (32.4) // 51.9% (31.9) // 51.5% (31.8) // 53.8% (39.7)",
        "oppScoring": "48.5% (27.3) // 44.8% (26.7) // 42.2% (24.2) // 45.6% (28.6)",
        "oppCorsiAgainst": "50.2% (60.4) // 53.0% (63.7) // 51.0% (58.9) // 48.5% (60.9)",
        "oppFenwickAgainst": "48.0% (41.1) // 49.5% (43.5) // 47.6% (41.4) // 45.3% (44.3)",
        "oppShotsAgainst": "46.5% (28.2) // 48.1% (29.6) // 48.5% (29.9) // 46.2% (34.2)",
        "oppScoringAgainst": "51.5% (29.0) // 55.2% (33.0) // 57.8% (33.1) // 54.4% (34.2)",
        "totalOver": 74,
        "totalOverLast5": 60,
        "totalOverLast15": 67,
        "lastTotalOver": 65,
        "last5": "2,1,0,2,0,1,2,1,0,3",
        "fd": "-196",
        "dk": "-210/+160",
        "implied": 67.74193548387096,
        "overOdds": "-210",
        "underOdds": "+160",
        "overUnder": "-210 / +160"
    },
    {
        "player": "Joel Farabee",
        "team": "PHI",
        "opponent": "VAN",
        "propType": "pts",
        "line": 0.5,
        "ppLine": "PP2",
        "avg": 0.67,
        "hit": false,
        "diffAvg": 0.34,
        "diffAbs": 0.2,
        "lastAvg": 0.48,
        "diff": -0.04,
        "avgMin": 14,
        "proj": 0.4,
        "lastAvgMin": 17.0,
        "oppOver": 0,
        "teamOver": 0,
        "gameLine": "+130",
        "+/-": "+9",
        "L5_+/-": "+4.0",
        "prevMatchup": "2023-10-17 0.0 pts",
        "winLossSplits": "56% - 53%",
        "awayHome": "A",
        "playedYesterday": "N",
        "awayHomeSplits": "71% - 38%",
        "savesAboveExp": 0.063,
        "gsaa": 5.31,
        "corsi": "49.8% (59.8) // 47.0% (56.5) // 49.0% (56.7) // 51.5% (64.6)",
        "fenwick": "52.0% (44.5) // 50.5% (44.4) // 52.4% (45.5) // 54.7% (53.5)",
        "shots": "53.5% (32.4) // 51.9% (31.9) // 51.5% (31.8) // 53.8% (39.7)",
        "scoring": "48.5% (27.3) // 44.8% (26.7) // 42.2% (24.2) // 45.6% (28.6)",
        "corsiAgainst": "50.2% (60.4) // 53.0% (63.7) // 51.0% (58.9) // 48.5% (60.9)",
        "fenwickAgainst": "48.0% (41.1) // 49.5% (43.5) // 47.6% (41.4) // 45.3% (44.3)",
        "shotsAgainst": "46.5% (28.2) // 48.1% (29.6) // 48.5% (29.9) // 46.2% (34.2)",
        "scoringAgainst": "51.5% (29.0) // 55.2% (33.0) // 57.8% (33.1) // 54.4% (34.2)",
        "oppCorsi": "49.6% (57.1) // 47.1% (50.6) // 51.1% (54.2) // 60.8% (65.0)",
        "oppFenwick": "49.1% (40.8) // 47.7% (37.4) // 50.6% (39.9) // 56.2% (41.0)",
        "oppShots": "48.3% (27.8) // 46.6% (25.4) // 47.6% (26.3) // 51.0% (26.0)",
        "oppScoring": "50.7% (28.9) // 50.1% (26.4) // 51.0% (25.6) // 57.8% (26.0)",
        "oppCorsiAgainst": "50.4% (58.1) // 52.9% (56.8) // 48.9% (51.9) // 39.2% (42.0)",
        "oppFenwickAgainst": "50.9% (42.3) // 52.3% (41.0) // 49.4% (39.0) // 43.8% (32.0)",
        "oppShotsAgainst": "51.7% (29.8) // 53.4% (29.0) // 52.4% (28.9) // 49.0% (25.0)",
        "oppScoringAgainst": "49.3% (28.1) // 49.9% (26.3) // 49.0% (24.7) // 42.2% (19.0)",
        "totalOver": 55,
        "totalOverLast5": 60,
        "totalOverLast15": 40,
        "lastTotalOver": 39,
        "last5": "2,0,1,0,1,1,1,1,0,0",
        "fd": "0",
        "dk": "+130/-166",
        "implied": 43.47826086956522,
        "overOdds": "+130",
        "underOdds": "-166",
        "overUnder": "+130 / -166"
    },
    {
        "player": "Owen Tippett",
        "team": "PHI",
        "opponent": "VAN",
        "propType": "pts",
        "line": 0.5,
        "ppLine": "PP2",
        "avg": 0.64,
        "hit": false,
        "diffAvg": 0.28,
        "diffAbs": 0.0,
        "lastAvg": 0.64,
        "diff": 0.28,
        "avgMin": 15,
        "proj": 0.5,
        "lastAvgMin": 17.42,
        "oppOver": 0,
        "teamOver": 0,
        "gameLine": "+130",
        "+/-": "+2",
        "L5_+/-": "+4.0",
        "prevMatchup": "2023-10-17 0.0 pts",
        "winLossSplits": "56% - 40%",
        "awayHome": "A",
        "playedYesterday": "N",
        "awayHomeSplits": "53% - 44%",
        "savesAboveExp": 0.063,
        "gsaa": 5.31,
        "corsi": "49.8% (59.8) // 47.0% (56.5) // 49.0% (56.7) // 51.5% (64.6)",
        "fenwick": "52.0% (44.5) // 50.5% (44.4) // 52.4% (45.5) // 54.7% (53.5)",
        "shots": "53.5% (32.4) // 51.9% (31.9) // 51.5% (31.8) // 53.8% (39.7)",
        "scoring": "48.5% (27.3) // 44.8% (26.7) // 42.2% (24.2) // 45.6% (28.6)",
        "corsiAgainst": "50.2% (60.4) // 53.0% (63.7) // 51.0% (58.9) // 48.5% (60.9)",
        "fenwickAgainst": "48.0% (41.1) // 49.5% (43.5) // 47.6% (41.4) // 45.3% (44.3)",
        "shotsAgainst": "46.5% (28.2) // 48.1% (29.6) // 48.5% (29.9) // 46.2% (34.2)",
        "scoringAgainst": "51.5% (29.0) // 55.2% (33.0) // 57.8% (33.1) // 54.4% (34.2)",
        "oppCorsi": "49.6% (57.1) // 47.1% (50.6) // 51.1% (54.2) // 60.8% (65.0)",
        "oppFenwick": "49.1% (40.8) // 47.7% (37.4) // 50.6% (39.9) // 56.2% (41.0)",
        "oppShots": "48.3% (27.8) // 46.6% (25.4) // 47.6% (26.3) // 51.0% (26.0)",
        "oppScoring": "50.7% (28.9) // 50.1% (26.4) // 51.0% (25.6) // 57.8% (26.0)",
        "oppCorsiAgainst": "50.4% (58.1) // 52.9% (56.8) // 48.9% (51.9) // 39.2% (42.0)",
        "oppFenwickAgainst": "50.9% (42.3) // 52.3% (41.0) // 49.4% (39.0) // 43.8% (32.0)",
        "oppShotsAgainst": "51.7% (29.8) // 53.4% (29.0) // 52.4% (28.9) // 49.0% (25.0)",
        "oppScoringAgainst": "49.3% (28.1) // 49.9% (26.3) // 49.0% (24.7) // 42.2% (19.0)",
        "totalOver": 48,
        "totalOverLast5": 80,
        "totalOverLast15": 40,
        "lastTotalOver": 49,
        "last5": "1,1,1,0,1,0,2,0,0,1",
        "fd": "+102",
        "dk": "+100/-130",
        "implied": 50.0,
        "overOdds": "+100",
        "underOdds": "-130",
        "overUnder": "+100 / -130"
    },
    {
        "player": "Quinn Hughes",
        "team": "VAN",
        "opponent": "PHI",
        "propType": "pts",
        "line": 0.5,
        "ppLine": "PP1",
        "avg": 1.26,
        "hit": false,
        "diffAvg": 1.52,
        "diffAbs": 0.8,
        "lastAvg": 0.97,
        "diff": 0.94,
        "avgMin": 24,
        "proj": 0.9,
        "lastAvgMin": 25.65,
        "oppOver": 0,
        "teamOver": 0,
        "gameLine": "-155",
        "+/-": "+28",
        "L5_+/-": "+10.0",
        "prevMatchup": "2023-10-17 0.0 pts",
        "winLossSplits": "74% - 58%",
        "awayHome": "H",
        "playedYesterday": "N",
        "awayHomeSplits": "78% - 59%",
        "savesAboveExp": 0.232,
        "gsaa": -1.32,
        "corsi": "49.6% (57.1) // 47.1% (50.6) // 51.1% (54.2) // 60.8% (65.0)",
        "fenwick": "49.1% (40.8) // 47.7% (37.4) // 50.6% (39.9) // 56.2% (41.0)",
        "shots": "48.3% (27.8) // 46.6% (25.4) // 47.6% (26.3) // 51.0% (26.0)",
        "scoring": "50.7% (28.9) // 50.1% (26.4) // 51.0% (25.6) // 57.8% (26.0)",
        "corsiAgainst": "50.4% (58.1) // 52.9% (56.8) // 48.9% (51.9) // 39.2% (42.0)",
        "fenwickAgainst": "50.9% (42.3) // 52.3% (41.0) // 49.4% (39.0) // 43.8% (32.0)",
        "shotsAgainst": "51.7% (29.8) // 53.4% (29.0) // 52.4% (28.9) // 49.0% (25.0)",
        "scoringAgainst": "49.3% (28.1) // 49.9% (26.3) // 49.0% (24.7) // 42.2% (19.0)",
        "oppCorsi": "49.8% (59.8) // 47.0% (56.5) // 49.0% (56.7) // 51.5% (64.6)",
        "oppFenwick": "52.0% (44.5) // 50.5% (44.4) // 52.4% (45.5) // 54.7% (53.5)",
        "oppShots": "53.5% (32.4) // 51.9% (31.9) // 51.5% (31.8) // 53.8% (39.7)",
        "oppScoring": "48.5% (27.3) // 44.8% (26.7) // 42.2% (24.2) // 45.6% (28.6)",
        "oppCorsiAgainst": "50.2% (60.4) // 53.0% (63.7) // 51.0% (58.9) // 48.5% (60.9)",
        "oppFenwickAgainst": "48.0% (41.1) // 49.5% (43.5) // 47.6% (41.4) // 45.3% (44.3)",
        "oppShotsAgainst": "46.5% (28.2) // 48.1% (29.6) // 48.5% (29.9) // 46.2% (34.2)",
        "oppScoringAgainst": "51.5% (29.0) // 55.2% (33.0) // 57.8% (33.1) // 54.4% (34.2)",
        "totalOver": 69,
        "totalOverLast5": 60,
        "totalOverLast15": 47,
        "lastTotalOver": 63,
        "last5": "2,1,2,0,0,0,3,0,0,2",
        "fd": "-172",
        "dk": "-175/+135",
        "implied": 63.63636363636363,
        "overOdds": "-175",
        "underOdds": "+135",
        "overUnder": "-175 / +135"
    },
    {
        "player": "Scott Laughton",
        "team": "PHI",
        "opponent": "VAN",
        "propType": "pts",
        "line": 0.5,
        "ppLine": "",
        "avg": 0.45,
        "hit": false,
        "diffAvg": -0.1,
        "diffAbs": 0.0,
        "lastAvg": 0.55,
        "diff": 0.1,
        "avgMin": 15,
        "proj": 0.5,
        "lastAvgMin": 18.28,
        "oppOver": 0,
        "teamOver": 0,
        "gameLine": "+130",
        "+/-": "+2",
        "L5_+/-": "+2.0",
        "prevMatchup": "2023-10-17 1.0 pts",
        "winLossSplits": "39% - 40%",
        "awayHome": "A",
        "playedYesterday": "N",
        "awayHomeSplits": "53% - 25%",
        "savesAboveExp": 0.063,
        "gsaa": 5.31,
        "corsi": "49.8% (59.8) // 47.0% (56.5) // 49.0% (56.7) // 51.5% (64.6)",
        "fenwick": "52.0% (44.5) // 50.5% (44.4) // 52.4% (45.5) // 54.7% (53.5)",
        "shots": "53.5% (32.4) // 51.9% (31.9) // 51.5% (31.8) // 53.8% (39.7)",
        "scoring": "48.5% (27.3) // 44.8% (26.7) // 42.2% (24.2) // 45.6% (28.6)",
        "corsiAgainst": "50.2% (60.4) // 53.0% (63.7) // 51.0% (58.9) // 48.5% (60.9)",
        "fenwickAgainst": "48.0% (41.1) // 49.5% (43.5) // 47.6% (41.4) // 45.3% (44.3)",
        "shotsAgainst": "46.5% (28.2) // 48.1% (29.6) // 48.5% (29.9) // 46.2% (34.2)",
        "scoringAgainst": "51.5% (29.0) // 55.2% (33.0) // 57.8% (33.1) // 54.4% (34.2)",
        "oppCorsi": "49.6% (57.1) // 47.1% (50.6) // 51.1% (54.2) // 60.8% (65.0)",
        "oppFenwick": "49.1% (40.8) // 47.7% (37.4) // 50.6% (39.9) // 56.2% (41.0)",
        "oppShots": "48.3% (27.8) // 46.6% (25.4) // 47.6% (26.3) // 51.0% (26.0)",
        "oppScoring": "50.7% (28.9) // 50.1% (26.4) // 51.0% (25.6) // 57.8% (26.0)",
        "oppCorsiAgainst": "50.4% (58.1) // 52.9% (56.8) // 48.9% (51.9) // 39.2% (42.0)",
        "oppFenwickAgainst": "50.9% (42.3) // 52.3% (41.0) // 49.4% (39.0) // 43.8% (32.0)",
        "oppShotsAgainst": "51.7% (29.8) // 53.4% (29.0) // 52.4% (28.9) // 49.0% (25.0)",
        "oppScoringAgainst": "49.3% (28.1) // 49.9% (26.3) // 49.0% (24.7) // 42.2% (19.0)",
        "totalOver": 39,
        "totalOverLast5": 20,
        "totalOverLast15": 27,
        "lastTotalOver": 41,
        "last5": "2,0,0,0,0,0,0,1,0,1",
        "fd": "0",
        "dk": "+160/-210",
        "implied": 38.46153846153847,
        "overOdds": "+160",
        "underOdds": "-210",
        "overUnder": "+160 / -210"
    },
    {
        "player": "Sean Couturier",
        "team": "PHI",
        "opponent": "VAN",
        "propType": "pts",
        "line": 0.5,
        "ppLine": "PP1",
        "avg": 0.74,
        "hit": false,
        "diffAvg": 0.48,
        "diffAbs": 1.0,
        "lastAvg": 0,
        "diff": 0,
        "avgMin": 19,
        "proj": 0.0,
        "lastAvgMin": 0,
        "oppOver": 0,
        "teamOver": 0,
        "gameLine": "+130",
        "+/-": "+5",
        "L5_+/-": "+1.0",
        "prevMatchup": "2023-10-17 1.0 pts",
        "winLossSplits": "71% - 50%",
        "awayHome": "A",
        "playedYesterday": "N",
        "awayHomeSplits": "56% - 67%",
        "savesAboveExp": 0.063,
        "gsaa": 5.31,
        "corsi": "49.8% (59.8) // 47.0% (56.5) // 49.0% (56.7) // 51.5% (64.6)",
        "fenwick": "52.0% (44.5) // 50.5% (44.4) // 52.4% (45.5) // 54.7% (53.5)",
        "shots": "53.5% (32.4) // 51.9% (31.9) // 51.5% (31.8) // 53.8% (39.7)",
        "scoring": "48.5% (27.3) // 44.8% (26.7) // 42.2% (24.2) // 45.6% (28.6)",
        "corsiAgainst": "50.2% (60.4) // 53.0% (63.7) // 51.0% (58.9) // 48.5% (60.9)",
        "fenwickAgainst": "48.0% (41.1) // 49.5% (43.5) // 47.6% (41.4) // 45.3% (44.3)",
        "shotsAgainst": "46.5% (28.2) // 48.1% (29.6) // 48.5% (29.9) // 46.2% (34.2)",
        "scoringAgainst": "51.5% (29.0) // 55.2% (33.0) // 57.8% (33.1) // 54.4% (34.2)",
        "oppCorsi": "49.6% (57.1) // 47.1% (50.6) // 51.1% (54.2) // 60.8% (65.0)",
        "oppFenwick": "49.1% (40.8) // 47.7% (37.4) // 50.6% (39.9) // 56.2% (41.0)",
        "oppShots": "48.3% (27.8) // 46.6% (25.4) // 47.6% (26.3) // 51.0% (26.0)",
        "oppScoring": "50.7% (28.9) // 50.1% (26.4) // 51.0% (25.6) // 57.8% (26.0)",
        "oppCorsiAgainst": "50.4% (58.1) // 52.9% (56.8) // 48.9% (51.9) // 39.2% (42.0)",
        "oppFenwickAgainst": "50.9% (42.3) // 52.3% (41.0) // 49.4% (39.0) // 43.8% (32.0)",
        "oppShotsAgainst": "51.7% (29.8) // 53.4% (29.0) // 52.4% (28.9) // 49.0% (25.0)",
        "oppScoringAgainst": "49.3% (28.1) // 49.9% (26.3) // 49.0% (24.7) // 42.2% (19.0)",
        "totalOver": 61,
        "totalOverLast5": 40,
        "totalOverLast15": 60,
        "lastTotalOver": 0,
        "last5": "1,1,0,0,0,2,1,1,1,1",
        "fd": "-130",
        "dk": "-135/+105",
        "implied": 57.446808510638306,
        "overOdds": "-135",
        "underOdds": "+105",
        "overUnder": "-135 / +105"
    },
    {
        "player": "Travis Konecny",
        "team": "PHI",
        "opponent": "VAN",
        "propType": "pts",
        "line": 0.5,
        "ppLine": "PP1",
        "avg": 0.85,
        "hit": false,
        "diffAvg": 0.7,
        "diffAbs": 1.0,
        "lastAvg": 1.02,
        "diff": 1.04,
        "avgMin": 19,
        "proj": 1.0,
        "lastAvgMin": 20.1,
        "oppOver": 0,
        "teamOver": 0,
        "gameLine": "+130",
        "+/-": "+9",
        "L5_+/-": "+1.0",
        "prevMatchup": "2023-10-17 1.0 pts",
        "winLossSplits": "67% - 47%",
        "awayHome": "A",
        "playedYesterday": "N",
        "awayHomeSplits": "65% - 50%",
        "savesAboveExp": 0.063,
        "gsaa": 5.31,
        "corsi": "49.8% (59.8) // 47.0% (56.5) // 49.0% (56.7) // 51.5% (64.6)",
        "fenwick": "52.0% (44.5) // 50.5% (44.4) // 52.4% (45.5) // 54.7% (53.5)",
        "shots": "53.5% (32.4) // 51.9% (31.9) // 51.5% (31.8) // 53.8% (39.7)",
        "scoring": "48.5% (27.3) // 44.8% (26.7) // 42.2% (24.2) // 45.6% (28.6)",
        "corsiAgainst": "50.2% (60.4) // 53.0% (63.7) // 51.0% (58.9) // 48.5% (60.9)",
        "fenwickAgainst": "48.0% (41.1) // 49.5% (43.5) // 47.6% (41.4) // 45.3% (44.3)",
        "shotsAgainst": "46.5% (28.2) // 48.1% (29.6) // 48.5% (29.9) // 46.2% (34.2)",
        "scoringAgainst": "51.5% (29.0) // 55.2% (33.0) // 57.8% (33.1) // 54.4% (34.2)",
        "oppCorsi": "49.6% (57.1) // 47.1% (50.6) // 51.1% (54.2) // 60.8% (65.0)",
        "oppFenwick": "49.1% (40.8) // 47.7% (37.4) // 50.6% (39.9) // 56.2% (41.0)",
        "oppShots": "48.3% (27.8) // 46.6% (25.4) // 47.6% (26.3) // 51.0% (26.0)",
        "oppScoring": "50.7% (28.9) // 50.1% (26.4) // 51.0% (25.6) // 57.8% (26.0)",
        "oppCorsiAgainst": "50.4% (58.1) // 52.9% (56.8) // 48.9% (51.9) // 39.2% (42.0)",
        "oppFenwickAgainst": "50.9% (42.3) // 52.3% (41.0) // 49.4% (39.0) // 43.8% (32.0)",
        "oppShotsAgainst": "51.7% (29.8) // 53.4% (29.0) // 52.4% (28.9) // 49.0% (25.0)",
        "oppScoringAgainst": "49.3% (28.1) // 49.9% (26.3) // 49.0% (24.7) // 42.2% (19.0)",
        "totalOver": 58,
        "totalOverLast5": 60,
        "totalOverLast15": 60,
        "lastTotalOver": 62,
        "last5": "1,0,1,1,0,1,2,2,2,0",
        "fd": "-146",
        "dk": "-140/+110",
        "implied": 59.34959349593496,
        "overOdds": "-140",
        "underOdds": "+110",
        "overUnder": "-140 / +110"
    },
    {
        "player": "Travis Sanheim",
        "team": "PHI",
        "opponent": "VAN",
        "propType": "pts",
        "line": 0.5,
        "ppLine": "",
        "avg": 0.75,
        "hit": false,
        "diffAvg": 0.5,
        "diffAbs": 0.4,
        "lastAvg": 0.28,
        "diff": -0.44,
        "avgMin": 25,
        "proj": 0.3,
        "lastAvgMin": 20.4,
        "oppOver": 0,
        "teamOver": 0,
        "gameLine": "+130",
        "+/-": -7,
        "L5_+/-": "+2.0",
        "prevMatchup": "2023-10-17 0.0 pts",
        "winLossSplits": "53% - 47%",
        "awayHome": "A",
        "playedYesterday": "N",
        "awayHomeSplits": "65% - 33%",
        "savesAboveExp": 0.063,
        "gsaa": 5.31,
        "corsi": "49.8% (59.8) // 47.0% (56.5) // 49.0% (56.7) // 51.5% (64.6)",
        "fenwick": "52.0% (44.5) // 50.5% (44.4) // 52.4% (45.5) // 54.7% (53.5)",
        "shots": "53.5% (32.4) // 51.9% (31.9) // 51.5% (31.8) // 53.8% (39.7)",
        "scoring": "48.5% (27.3) // 44.8% (26.7) // 42.2% (24.2) // 45.6% (28.6)",
        "corsiAgainst": "50.2% (60.4) // 53.0% (63.7) // 51.0% (58.9) // 48.5% (60.9)",
        "fenwickAgainst": "48.0% (41.1) // 49.5% (43.5) // 47.6% (41.4) // 45.3% (44.3)",
        "shotsAgainst": "46.5% (28.2) // 48.1% (29.6) // 48.5% (29.9) // 46.2% (34.2)",
        "scoringAgainst": "51.5% (29.0) // 55.2% (33.0) // 57.8% (33.1) // 54.4% (34.2)",
        "oppCorsi": "49.6% (57.1) // 47.1% (50.6) // 51.1% (54.2) // 60.8% (65.0)",
        "oppFenwick": "49.1% (40.8) // 47.7% (37.4) // 50.6% (39.9) // 56.2% (41.0)",
        "oppShots": "48.3% (27.8) // 46.6% (25.4) // 47.6% (26.3) // 51.0% (26.0)",
        "oppScoring": "50.7% (28.9) // 50.1% (26.4) // 51.0% (25.6) // 57.8% (26.0)",
        "oppCorsiAgainst": "50.4% (58.1) // 52.9% (56.8) // 48.9% (51.9) // 39.2% (42.0)",
        "oppFenwickAgainst": "50.9% (42.3) // 52.3% (41.0) // 49.4% (39.0) // 43.8% (32.0)",
        "oppShotsAgainst": "51.7% (29.8) // 53.4% (29.0) // 52.4% (28.9) // 49.0% (25.0)",
        "oppScoringAgainst": "49.3% (28.1) // 49.9% (26.3) // 49.0% (24.7) // 42.2% (19.0)",
        "totalOver": 50,
        "totalOverLast5": 60,
        "totalOverLast15": 40,
        "lastTotalOver": 26,
        "last5": "2,0,1,0,1,2,1,1,0,0",
        "fd": "+150",
        "dk": "+145/-190",
        "implied": 40.816326530612244,
        "overOdds": "+145",
        "underOdds": "-190",
        "overUnder": "+145 / -190"
    },
    {
        "player": "Tyson Foerster",
        "team": "PHI",
        "opponent": "VAN",
        "propType": "pts",
        "line": 0.5,
        "ppLine": "PP1",
        "avg": 0.38,
        "hit": false,
        "diffAvg": -0.24,
        "diffAbs": 1.0,
        "lastAvg": 0,
        "diff": 0,
        "avgMin": 17,
        "proj": 0.0,
        "lastAvgMin": 0,
        "oppOver": 0,
        "teamOver": 0,
        "gameLine": "+130",
        "+/-": "+4",
        "L5_+/-": -1.0,
        "prevMatchup": "2023-10-17 0.0 pts",
        "winLossSplits": "41% - 27%",
        "awayHome": "A",
        "playedYesterday": "N",
        "awayHomeSplits": "31% - 38%",
        "savesAboveExp": 0.063,
        "gsaa": 5.31,
        "corsi": "49.8% (59.8) // 47.0% (56.5) // 49.0% (56.7) // 51.5% (64.6)",
        "fenwick": "52.0% (44.5) // 50.5% (44.4) // 52.4% (45.5) // 54.7% (53.5)",
        "shots": "53.5% (32.4) // 51.9% (31.9) // 51.5% (31.8) // 53.8% (39.7)",
        "scoring": "48.5% (27.3) // 44.8% (26.7) // 42.2% (24.2) // 45.6% (28.6)",
        "corsiAgainst": "50.2% (60.4) // 53.0% (63.7) // 51.0% (58.9) // 48.5% (60.9)",
        "fenwickAgainst": "48.0% (41.1) // 49.5% (43.5) // 47.6% (41.4) // 45.3% (44.3)",
        "shotsAgainst": "46.5% (28.2) // 48.1% (29.6) // 48.5% (29.9) // 46.2% (34.2)",
        "scoringAgainst": "51.5% (29.0) // 55.2% (33.0) // 57.8% (33.1) // 54.4% (34.2)",
        "oppCorsi": "49.6% (57.1) // 47.1% (50.6) // 51.1% (54.2) // 60.8% (65.0)",
        "oppFenwick": "49.1% (40.8) // 47.7% (37.4) // 50.6% (39.9) // 56.2% (41.0)",
        "oppShots": "48.3% (27.8) // 46.6% (25.4) // 47.6% (26.3) // 51.0% (26.0)",
        "oppScoring": "50.7% (28.9) // 50.1% (26.4) // 51.0% (25.6) // 57.8% (26.0)",
        "oppCorsiAgainst": "50.4% (58.1) // 52.9% (56.8) // 48.9% (51.9) // 39.2% (42.0)",
        "oppFenwickAgainst": "50.9% (42.3) // 52.3% (41.0) // 49.4% (39.0) // 43.8% (32.0)",
        "oppShotsAgainst": "51.7% (29.8) // 53.4% (29.0) // 52.4% (28.9) // 49.0% (25.0)",
        "oppScoringAgainst": "49.3% (28.1) // 49.9% (26.3) // 49.0% (24.7) // 42.2% (19.0)",
        "totalOver": 34,
        "totalOverLast5": 40,
        "totalOverLast15": 47,
        "lastTotalOver": 62,
        "last5": "1,0,0,1,0,0,1,0,1,2",
        "fd": "0",
        "dk": "+114/-145",
        "implied": 46.728971962616825,
        "overOdds": "+114",
        "underOdds": "-145",
        "overUnder": "+114 / -145"
    },
    {
        "player": "Adrian Kempe",
        "team": "LA",
        "opponent": "VGK",
        "propType": "pts",
        "line": 0.5,
        "ppLine": "PP1",
        "avg": 0.97,
        "hit": false,
        "diffAvg": 0.94,
        "diffAbs": 0.4,
        "lastAvg": 0.76,
        "diff": 0.52,
        "avgMin": 18,
        "proj": 0.7,
        "lastAvgMin": 18.75,
        "oppOver": 0,
        "teamOver": 0,
        "gameLine": "-112",
        "+/-": "+16",
        "L5_+/-": "+2.0",
        "prevMatchup": "2023-11-08 2.0 pts 2023-10-28 1.0 pts",
        "winLossSplits": "75% - 55%",
        "awayHome": "A",
        "playedYesterday": "Y",
        "awayHomeSplits": "80% - 56%",
        "savesAboveExp": "-",
        "gsaa": "-",
        "corsi": "55.5% (67.3) // 55.5% (70.4) // 56.6% (76.2) // 55.2% (79.0)",
        "fenwick": "56.1% (49.1) // 57.4% (53.3) // 60.6% (57.8) // 58.2% (56.5)",
        "shots": "56.3% (33.9) // 58.9% (37.0) // 60.7% (39.8) // 57.5% (38.5)",
        "scoring": "55.7% (31.8) // 55.3% (31.5) // 59.8% (36.5) // 65.9% (44.5)",
        "corsiAgainst": "44.5% (53.9) // 44.5% (56.4) // 43.4% (58.5) // 44.8% (64.0)",
        "fenwickAgainst": "43.9% (38.5) // 42.6% (39.6) // 39.4% (37.5) // 41.8% (40.5)",
        "shotsAgainst": "43.7% (26.3) // 41.1% (25.9) // 39.3% (25.8) // 42.5% (28.5)",
        "scoringAgainst": "44.3% (25.3) // 44.7% (25.5) // 40.2% (24.5) // 34.1% (23.0)",
        "oppCorsi": "49.4% (60.4) // 50.3% (61.7) // 46.6% (59.2) // 49.4% (62.0)",
        "oppFenwick": "50.3% (43.5) // 50.5% (45.1) // 45.5% (42.5) // 46.4% (41.5)",
        "oppShots": "51.9% (31.8) // 51.5% (32.9) // 46.4% (31.0) // 45.6% (28.5)",
        "oppScoring": "51.6% (30.1) // 52.9% (31.2) // 44.2% (25.8) // 47.3% (26.0)",
        "oppCorsiAgainst": "50.6% (61.8) // 49.7% (61.0) // 53.4% (68.0) // 50.6% (63.5)",
        "oppFenwickAgainst": "49.7% (43.0) // 49.5% (44.1) // 54.5% (51.0) // 53.6% (48.0)",
        "oppShotsAgainst": "48.1% (29.4) // 48.5% (31.0) // 53.6% (35.8) // 54.4% (34.0)",
        "oppScoringAgainst": "48.4% (28.2) // 47.1% (27.8) // 55.8% (32.5) // 52.7% (29.0)",
        "totalOver": 68,
        "totalOverLast5": 60,
        "totalOverLast15": 60,
        "lastTotalOver": 54,
        "last5": "2,1,0,0,1,0,1,1,1,1",
        "fd": "-148",
        "dk": "-160/+124",
        "implied": 61.53846153846154,
        "overOdds": "-160",
        "underOdds": "+124",
        "overUnder": "-160 / +124"
    },
    {
        "player": "Alex Pietrangelo",
        "team": "VGK",
        "opponent": "LA",
        "propType": "pts",
        "line": 0.5,
        "ppLine": "PP1",
        "avg": 0.45,
        "hit": false,
        "diffAvg": -0.1,
        "diffAbs": 0.2,
        "lastAvg": 0.57,
        "diff": 0.14,
        "avgMin": 24,
        "proj": 0.6,
        "lastAvgMin": 23.97,
        "oppOver": 0,
        "teamOver": 0,
        "gameLine": "-108",
        "+/-": -2,
        "L5_+/-": -8.0,
        "prevMatchup": "2023-11-08 1.0 pts 2023-10-28 0.0 pts",
        "winLossSplits": "50% - 13%",
        "awayHome": "H",
        "playedYesterday": "Y",
        "awayHomeSplits": "12% - 57%",
