[
    {
        "player": "Cam Atkinson",
        "team": "PHI",
        "opponent": "MTL",
        "propType": "pts",
        "line": 0.5,
        "ppLine": "",
        "avg": 0.45,
        "hit": false,
        "diffAvg": -0.1,
        "diffAbs": 1.0,
        "lastAvg": 0,
        "diff": 0,
        "avgMin": 16,
        "proj": 0.0,
        "lastAvgMin": 0,
        "oppOver": 0,
        "teamOver": 0,
        "gameLine": "-185",
        "+/-": -13,
        "L5_+/-": -5.0,
        "prevMatchup": "2024-01-10 0.0 pts",
        "winLossSplits": "33% - 37%",
        "awayHome": "H",
        "playedYesterday": "Y",
        "awayHomeSplits": "38% - 32%",
        "savesAboveExp": "-",
        "gsaa": 0.52,
        "corsi": "50.2% (60.6) // 51.7% (63.1) // 54.5% (68.5) // 56.7% (75.2)",
        "fenwick": "52.1% (44.9) // 52.6% (46.8) // 54.9% (50.1) // 56.4% (52.9)",
        "shots": "53.6% (32.7) // 53.9% (34.4) // 57.3% (37.9) // 59.0% (38.3)",
        "scoring": "48.9% (27.6) // 49.2% (28.3) // 51.6% (30.4) // 54.0% (33.1)",
        "corsiAgainst": "49.8% (60.1) // 48.3% (59.0) // 45.5% (57.3) // 43.3% (57.4)",
        "fenwickAgainst": "47.9% (41.2) // 47.4% (42.2) // 45.1% (41.2) // 43.6% (40.9)",
        "shotsAgainst": "46.4% (28.3) // 46.1% (29.4) // 42.7% (28.3) // 41.0% (26.6)",
        "scoringAgainst": "51.1% (28.8) // 50.8% (29.2) // 48.4% (28.5) // 46.0% (28.2)",
        "oppCorsi": "46.2% (55.8) // 44.0% (52.0) // 39.5% (49.9) // 39.1% (49.8)",
        "oppFenwick": "46.6% (40.3) // 45.5% (37.1) // 40.0% (35.8) // 39.7% (35.5)",
        "oppShots": "45.8% (27.7) // 44.4% (24.3) // 38.8% (24.0) // 36.0% (22.6)",
        "oppScoring": "45.8% (27.3) // 41.6% (22.4) // 39.2% (23.5) // 40.9% (24.9)",
        "oppCorsiAgainst": "53.8% (64.9) // 56.0% (66.2) // 60.5% (76.6) // 60.9% (77.5)",
        "oppFenwickAgainst": "53.4% (46.1) // 54.5% (44.5) // 60.0% (53.8) // 60.3% (54.0)",
        "oppShotsAgainst": "54.2% (32.8) // 55.6% (30.4) // 61.2% (37.9) // 64.0% (40.2)",
        "oppScoringAgainst": "54.2% (32.4) // 58.4% (31.5) // 60.8% (36.5) // 59.1% (36.0)",
        "totalOver": 35,
        "totalOverLast5": 20,
        "totalOverLast15": 20,
        "lastTotalOver": 0,
        "last5": "0,0,0,0,1,0,0,1,0,0",
        "fd": "0",
        "dk": "+120/-150",
        "kambi": "110/-143",
        "lowest": "120 DK",
        "implied": 45.45454545454545,
        "overOdds": "+120",
        "underOdds": "-150",
        "overUnder": "+120 / -150"
    },
    {
        "player": "Cole Caufield",
        "team": "MTL",
        "opponent": "PHI",
        "propType": "pts",
        "line": 0.5,
        "ppLine": "PP1",
        "avg": 0.68,
        "hit": false,
        "diffAvg": 0.36,
        "diffAbs": 0.6,
        "lastAvg": 0.78,
        "diff": 0.56,
        "avgMin": 19,
        "proj": 0.8,
        "lastAvgMin": 18.03,
        "oppOver": 0,
        "teamOver": 0,
        "gameLine": "+154",
        "+/-": -3,
        "L5_+/-": -3.0,
        "prevMatchup": "2024-01-10 0.0 pts",
        "winLossSplits": "71% - 48%",
        "awayHome": "A",
        "playedYesterday": "Y",
        "awayHomeSplits": "60% - 55%",
        "savesAboveExp": 0.232,
        "gsaa": 0.19,
        "corsi": "46.2% (55.8) // 44.0% (52.0) // 39.5% (49.9) // 39.1% (49.8)",
        "fenwick": "46.6% (40.3) // 45.5% (37.1) // 40.0% (35.8) // 39.7% (35.5)",
        "shots": "45.8% (27.7) // 44.4% (24.3) // 38.8% (24.0) // 36.0% (22.6)",
        "scoring": "45.8% (27.3) // 41.6% (22.4) // 39.2% (23.5) // 40.9% (24.9)",
        "corsiAgainst": "53.8% (64.9) // 56.0% (66.2) // 60.5% (76.6) // 60.9% (77.5)",
        "fenwickAgainst": "53.4% (46.1) // 54.5% (44.5) // 60.0% (53.8) // 60.3% (54.0)",
        "shotsAgainst": "54.2% (32.8) // 55.6% (30.4) // 61.2% (37.9) // 64.0% (40.2)",
        "scoringAgainst": "54.2% (32.4) // 58.4% (31.5) // 60.8% (36.5) // 59.1% (36.0)",
        "oppCorsi": "50.2% (60.6) // 51.7% (63.1) // 54.5% (68.5) // 56.7% (75.2)",
        "oppFenwick": "52.1% (44.9) // 52.6% (46.8) // 54.9% (50.1) // 56.4% (52.9)",
        "oppShots": "53.6% (32.7) // 53.9% (34.4) // 57.3% (37.9) // 59.0% (38.3)",
        "oppScoring": "48.9% (27.6) // 49.2% (28.3) // 51.6% (30.4) // 54.0% (33.1)",
        "oppCorsiAgainst": "49.8% (60.1) // 48.3% (59.0) // 45.5% (57.3) // 43.3% (57.4)",
        "oppFenwickAgainst": "47.9% (41.2) // 47.4% (42.2) // 45.1% (41.2) // 43.6% (40.9)",
        "oppShotsAgainst": "46.4% (28.3) // 46.1% (29.4) // 42.7% (28.3) // 41.0% (26.6)",
        "oppScoringAgainst": "51.1% (28.8) // 50.8% (29.2) // 48.4% (28.5) // 46.0% (28.2)",
        "totalOver": 57,
        "totalOverLast5": 40,
        "totalOverLast15": 47,
        "lastTotalOver": 56,
        "last5": "0,0,0,1,1,1,0,1,1,1",
        "fd": "0",
        "dk": "-175/+135",
        "kambi": "-175/133",
        "lowest": "-175 DK",
        "implied": 63.63636363636363,
        "overOdds": "-175",
        "underOdds": "+135",
        "overUnder": "-175 / +135"
    },
    {
        "player": "Joel Farabee",
        "team": "PHI",
        "opponent": "MTL",
        "propType": "pts",
        "line": 0.5,
        "ppLine": "",
        "avg": 0.73,
        "hit": false,
        "diffAvg": 0.46,
        "diffAbs": 0.2,
        "lastAvg": 0.48,
        "diff": -0.04,
        "avgMin": 15,
        "proj": 0.4,
        "lastAvgMin": 17.0,
        "oppOver": 0,
        "teamOver": 0,
        "gameLine": "-185",
        "+/-": "+9",
        "L5_+/-": "+2.0",
        "prevMatchup": "2024-01-10 0.0 pts",
        "winLossSplits": "52% - 60%",
        "awayHome": "H",
        "playedYesterday": "Y",
        "awayHomeSplits": "71% - 40%",
        "savesAboveExp": "-",
        "gsaa": 0.52,
        "corsi": "50.2% (60.6) // 51.7% (63.1) // 54.5% (68.5) // 56.7% (75.2)",
        "fenwick": "52.1% (44.9) // 52.6% (46.8) // 54.9% (50.1) // 56.4% (52.9)",
        "shots": "53.6% (32.7) // 53.9% (34.4) // 57.3% (37.9) // 59.0% (38.3)",
        "scoring": "48.9% (27.6) // 49.2% (28.3) // 51.6% (30.4) // 54.0% (33.1)",
        "corsiAgainst": "49.8% (60.1) // 48.3% (59.0) // 45.5% (57.3) // 43.3% (57.4)",
        "fenwickAgainst": "47.9% (41.2) // 47.4% (42.2) // 45.1% (41.2) // 43.6% (40.9)",
        "shotsAgainst": "46.4% (28.3) // 46.1% (29.4) // 42.7% (28.3) // 41.0% (26.6)",
        "scoringAgainst": "51.1% (28.8) // 50.8% (29.2) // 48.4% (28.5) // 46.0% (28.2)",
        "oppCorsi": "46.2% (55.8) // 44.0% (52.0) // 39.5% (49.9) // 39.1% (49.8)",
        "oppFenwick": "46.6% (40.3) // 45.5% (37.1) // 40.0% (35.8) // 39.7% (35.5)",
        "oppShots": "45.8% (27.7) // 44.4% (24.3) // 38.8% (24.0) // 36.0% (22.6)",
        "oppScoring": "45.8% (27.3) // 41.6% (22.4) // 39.2% (23.5) // 40.9% (24.9)",
        "oppCorsiAgainst": "53.8% (64.9) // 56.0% (66.2) // 60.5% (76.6) // 60.9% (77.5)",
        "oppFenwickAgainst": "53.4% (46.1) // 54.5% (44.5) // 60.0% (53.8) // 60.3% (54.0)",
        "oppShotsAgainst": "54.2% (32.8) // 55.6% (30.4) // 61.2% (37.9) // 64.0% (40.2)",
        "oppScoringAgainst": "54.2% (32.4) // 58.4% (31.5) // 60.8% (36.5) // 59.1% (36.0)",
        "totalOver": 56,
        "totalOverLast5": 60,
        "totalOverLast15": 60,
        "lastTotalOver": 39,
        "last5": "0,1,0,2,2,1,0,2,2,0",
        "fd": "0",
        "dk": "-130/+100",
        "kambi": "-150/115",
        "lowest": "-130 DK",
        "implied": 56.52173913043478,
        "overOdds": "-130",
        "underOdds": "+100",
        "overUnder": "-130 / +100"
    },
    {
        "player": "Josh Anderson",
        "team": "MTL",
        "opponent": "PHI",
        "propType": "pts",
        "line": 0.5,
        "ppLine": "PP2",
        "avg": 0.28,
        "hit": false,
        "diffAvg": -0.44,
        "diffAbs": 0.2,
        "lastAvg": 0.46,
        "diff": -0.08,
        "avgMin": 16,
        "proj": 0.4,
        "lastAvgMin": 16.95,
        "oppOver": 0,
        "teamOver": 0,
        "gameLine": "+154",
        "+/-": -10,
        "L5_+/-": -1.0,
        "prevMatchup": "2024-01-10 0.0 pts",
        "winLossSplits": "29% - 13%",
        "awayHome": "A",
        "playedYesterday": "Y",
        "awayHomeSplits": "15% - 25%",
        "savesAboveExp": 0.232,
        "gsaa": 0.19,
        "corsi": "46.2% (55.8) // 44.0% (52.0) // 39.5% (49.9) // 39.1% (49.8)",
        "fenwick": "46.6% (40.3) // 45.5% (37.1) // 40.0% (35.8) // 39.7% (35.5)",
        "shots": "45.8% (27.7) // 44.4% (24.3) // 38.8% (24.0) // 36.0% (22.6)",
        "scoring": "45.8% (27.3) // 41.6% (22.4) // 39.2% (23.5) // 40.9% (24.9)",
        "corsiAgainst": "53.8% (64.9) // 56.0% (66.2) // 60.5% (76.6) // 60.9% (77.5)",
        "fenwickAgainst": "53.4% (46.1) // 54.5% (44.5) // 60.0% (53.8) // 60.3% (54.0)",
        "shotsAgainst": "54.2% (32.8) // 55.6% (30.4) // 61.2% (37.9) // 64.0% (40.2)",
        "scoringAgainst": "54.2% (32.4) // 58.4% (31.5) // 60.8% (36.5) // 59.1% (36.0)",
        "oppCorsi": "50.2% (60.6) // 51.7% (63.1) // 54.5% (68.5) // 56.7% (75.2)",
        "oppFenwick": "52.1% (44.9) // 52.6% (46.8) // 54.9% (50.1) // 56.4% (52.9)",
        "oppShots": "53.6% (32.7) // 53.9% (34.4) // 57.3% (37.9) // 59.0% (38.3)",
        "oppScoring": "48.9% (27.6) // 49.2% (28.3) // 51.6% (30.4) // 54.0% (33.1)",
        "oppCorsiAgainst": "49.8% (60.1) // 48.3% (59.0) // 45.5% (57.3) // 43.3% (57.4)",
        "oppFenwickAgainst": "47.9% (41.2) // 47.4% (42.2) // 45.1% (41.2) // 43.6% (40.9)",
        "oppShotsAgainst": "46.4% (28.3) // 46.1% (29.4) // 42.7% (28.3) // 41.0% (26.6)",
        "oppScoringAgainst": "51.1% (28.8) // 50.8% (29.2) // 48.4% (28.5) // 46.0% (28.2)",
        "totalOver": 20,
        "totalOverLast5": 0,
        "totalOverLast15": 27,
        "lastTotalOver": 41,
        "last5": "0,0,0,0,0,0,1,1,0,2",
        "fd": "0",
        "dk": "+154/-200",
        "kambi": "160/-210",
        "lowest": "160 BR",
        "implied": 38.46153846153847,
        "overOdds": "+154",
        "underOdds": "-200",
        "overUnder": "+154 / -200"
    },
    {
        "player": "Juraj Slafkovsky",
        "team": "MTL",
        "opponent": "PHI",
        "propType": "pts",
        "line": 0.5,
        "ppLine": "PP1",
        "avg": 0.38,
        "hit": false,
        "diffAvg": -0.24,
        "diffAbs": 0.4,
        "lastAvg": 0.26,
        "diff": -0.48,
        "avgMin": 16,
        "proj": 0.3,
        "lastAvgMin": 12.2,
        "oppOver": 0,
        "teamOver": 0,
        "gameLine": "+154",
        "+/-": -7,
        "L5_+/-": -1.0,
        "prevMatchup": "2024-01-10 1.0 pts",
        "winLossSplits": "29% - 30%",
        "awayHome": "A",
        "playedYesterday": "Y",
        "awayHomeSplits": "50% - 10%",
        "savesAboveExp": 0.232,
        "gsaa": 0.19,
        "corsi": "46.2% (55.8) // 44.0% (52.0) // 39.5% (49.9) // 39.1% (49.8)",
        "fenwick": "46.6% (40.3) // 45.5% (37.1) // 40.0% (35.8) // 39.7% (35.5)",
        "shots": "45.8% (27.7) // 44.4% (24.3) // 38.8% (24.0) // 36.0% (22.6)",
        "scoring": "45.8% (27.3) // 41.6% (22.4) // 39.2% (23.5) // 40.9% (24.9)",
        "corsiAgainst": "53.8% (64.9) // 56.0% (66.2) // 60.5% (76.6) // 60.9% (77.5)",
        "fenwickAgainst": "53.4% (46.1) // 54.5% (44.5) // 60.0% (53.8) // 60.3% (54.0)",
        "shotsAgainst": "54.2% (32.8) // 55.6% (30.4) // 61.2% (37.9) // 64.0% (40.2)",
        "scoringAgainst": "54.2% (32.4) // 58.4% (31.5) // 60.8% (36.5) // 59.1% (36.0)",
        "oppCorsi": "50.2% (60.6) // 51.7% (63.1) // 54.5% (68.5) // 56.7% (75.2)",
        "oppFenwick": "52.1% (44.9) // 52.6% (46.8) // 54.9% (50.1) // 56.4% (52.9)",
        "oppShots": "53.6% (32.7) // 53.9% (34.4) // 57.3% (37.9) // 59.0% (38.3)",
        "oppScoring": "48.9% (27.6) // 49.2% (28.3) // 51.6% (30.4) // 54.0% (33.1)",
        "oppCorsiAgainst": "49.8% (60.1) // 48.3% (59.0) // 45.5% (57.3) // 43.3% (57.4)",
        "oppFenwickAgainst": "47.9% (41.2) // 47.4% (42.2) // 45.1% (41.2) // 43.6% (40.9)",
        "oppShotsAgainst": "46.4% (28.3) // 46.1% (29.4) // 42.7% (28.3) // 41.0% (26.6)",
        "oppScoringAgainst": "51.1% (28.8) // 50.8% (29.2) // 48.4% (28.5) // 46.0% (28.2)",
        "totalOver": 30,
        "totalOverLast5": 60,
        "totalOverLast15": 40,
        "lastTotalOver": 28,
        "last5": "1,0,0,1,1,0,0,2,2,0",
        "fd": "0",
        "dk": "+120/-150",
        "kambi": "123/-162",
        "lowest": "123 BR",
        "implied": 44.843049327354265,
        "overOdds": "+120",
        "underOdds": "-150",
        "overUnder": "+120 / -150"
    },
    {
        "player": "Mike Matheson",
        "team": "MTL",
        "opponent": "PHI",
        "propType": "pts",
        "line": 0.5,
        "ppLine": "PP1",
        "avg": 0.68,
        "hit": false,
        "diffAvg": 0.36,
        "diffAbs": 0.4,
        "lastAvg": 0.71,
        "diff": 0.42,
        "avgMin": 25,
        "proj": 0.7,
        "lastAvgMin": 24.45,
        "oppOver": 0,
        "teamOver": 0,
        "gameLine": "+154",
        "+/-": -9,
        "L5_+/-": "+1.0",
        "prevMatchup": "2024-01-10 0.0 pts",
        "winLossSplits": "59% - 48%",
        "awayHome": "A",
        "playedYesterday": "Y",
        "awayHomeSplits": "60% - 45%",
        "savesAboveExp": 0.232,
        "gsaa": 0.19,
        "corsi": "46.2% (55.8) // 44.0% (52.0) // 39.5% (49.9) // 39.1% (49.8)",
        "fenwick": "46.6% (40.3) // 45.5% (37.1) // 40.0% (35.8) // 39.7% (35.5)",
        "shots": "45.8% (27.7) // 44.4% (24.3) // 38.8% (24.0) // 36.0% (22.6)",
        "scoring": "45.8% (27.3) // 41.6% (22.4) // 39.2% (23.5) // 40.9% (24.9)",
        "corsiAgainst": "53.8% (64.9) // 56.0% (66.2) // 60.5% (76.6) // 60.9% (77.5)",
        "fenwickAgainst": "53.4% (46.1) // 54.5% (44.5) // 60.0% (53.8) // 60.3% (54.0)",
        "shotsAgainst": "54.2% (32.8) // 55.6% (30.4) // 61.2% (37.9) // 64.0% (40.2)",
        "scoringAgainst": "54.2% (32.4) // 58.4% (31.5) // 60.8% (36.5) // 59.1% (36.0)",
        "oppCorsi": "50.2% (60.6) // 51.7% (63.1) // 54.5% (68.5) // 56.7% (75.2)",
        "oppFenwick": "52.1% (44.9) // 52.6% (46.8) // 54.9% (50.1) // 56.4% (52.9)",
        "oppShots": "53.6% (32.7) // 53.9% (34.4) // 57.3% (37.9) // 59.0% (38.3)",
        "oppScoring": "48.9% (27.6) // 49.2% (28.3) // 51.6% (30.4) // 54.0% (33.1)",
        "oppCorsiAgainst": "49.8% (60.1) // 48.3% (59.0) // 45.5% (57.3) // 43.3% (57.4)",
        "oppFenwickAgainst": "47.9% (41.2) // 47.4% (42.2) // 45.1% (41.2) // 43.6% (40.9)",
        "oppShotsAgainst": "46.4% (28.3) // 46.1% (29.4) // 42.7% (28.3) // 41.0% (26.6)",
        "oppScoringAgainst": "51.1% (28.8) // 50.8% (29.2) // 48.4% (28.5) // 46.0% (28.2)",
        "totalOver": 52,
        "totalOverLast5": 20,
        "totalOverLast15": 53,
        "lastTotalOver": 55,
        "last5": "0,0,0,0,1,1,1,1,2,1",
        "fd": "0",
        "dk": "-110/-120",
        "kambi": "0",
        "lowest": "-110 DK",
        "implied": 52.38095238095239,
        "overOdds": "-110",
        "underOdds": "-120",
        "overUnder": "-110 / -120"
    },
    {
        "player": "Morgan Frost",
        "team": "PHI",
        "opponent": "MTL",
        "propType": "pts",
        "line": 0.5,
        "ppLine": "",
        "avg": 0.47,
        "hit": false,
        "diffAvg": -0.06,
        "diffAbs": 0.0,
        "lastAvg": 0.57,
        "diff": 0.14,
        "avgMin": 15,
        "proj": 0.5,
        "lastAvgMin": 16.33,
        "oppOver": 0,
        "teamOver": 0,
        "gameLine": "-185",
        "+/-": "+5",
        "L5_+/-": -1.0,
        "prevMatchup": "2024-01-10 1.0 pts",
        "winLossSplits": "41% - 31%",
        "awayHome": "H",
        "playedYesterday": "Y",
        "awayHomeSplits": "35% - 38%",
        "savesAboveExp": "-",
        "gsaa": 0.52,
        "corsi": "50.2% (60.6) // 51.7% (63.1) // 54.5% (68.5) // 56.7% (75.2)",
        "fenwick": "52.1% (44.9) // 52.6% (46.8) // 54.9% (50.1) // 56.4% (52.9)",
        "shots": "53.6% (32.7) // 53.9% (34.4) // 57.3% (37.9) // 59.0% (38.3)",
        "scoring": "48.9% (27.6) // 49.2% (28.3) // 51.6% (30.4) // 54.0% (33.1)",
        "corsiAgainst": "49.8% (60.1) // 48.3% (59.0) // 45.5% (57.3) // 43.3% (57.4)",
        "fenwickAgainst": "47.9% (41.2) // 47.4% (42.2) // 45.1% (41.2) // 43.6% (40.9)",
        "shotsAgainst": "46.4% (28.3) // 46.1% (29.4) // 42.7% (28.3) // 41.0% (26.6)",
        "scoringAgainst": "51.1% (28.8) // 50.8% (29.2) // 48.4% (28.5) // 46.0% (28.2)",
        "oppCorsi": "46.2% (55.8) // 44.0% (52.0) // 39.5% (49.9) // 39.1% (49.8)",
        "oppFenwick": "46.6% (40.3) // 45.5% (37.1) // 40.0% (35.8) // 39.7% (35.5)",
        "oppShots": "45.8% (27.7) // 44.4% (24.3) // 38.8% (24.0) // 36.0% (22.6)",
        "oppScoring": "45.8% (27.3) // 41.6% (22.4) // 39.2% (23.5) // 40.9% (24.9)",
        "oppCorsiAgainst": "53.8% (64.9) // 56.0% (66.2) // 60.5% (76.6) // 60.9% (77.5)",
        "oppFenwickAgainst": "53.4% (46.1) // 54.5% (44.5) // 60.0% (53.8) // 60.3% (54.0)",
        "oppShotsAgainst": "54.2% (32.8) // 55.6% (30.4) // 61.2% (37.9) // 64.0% (40.2)",
        "oppScoringAgainst": "54.2% (32.4) // 58.4% (31.5) // 60.8% (36.5) // 59.1% (36.0)",
        "totalOver": 37,
        "totalOverLast5": 60,
        "totalOverLast15": 47,
        "lastTotalOver": 42,
        "last5": "1,0,2,0,1,0,0,1,1,0",
        "fd": "0",
        "dk": "+145/-190",
        "kambi": "0",
        "lowest": "145 DK",
        "implied": 40.816326530612244,
        "overOdds": "+145",
        "underOdds": "-190",
        "overUnder": "+145 / -190"
    },
    {
        "player": "Nick Suzuki",
        "team": "MTL",
        "opponent": "PHI",
        "propType": "pts",
        "line": 0.5,
        "ppLine": "PP1",
        "avg": 0.85,
        "hit": false,
        "diffAvg": 0.7,
        "diffAbs": 0.6,
        "lastAvg": 0.79,
        "diff": 0.58,
        "avgMin": 21,
        "proj": 0.8,
        "lastAvgMin": 21.08,
        "oppOver": 0,
        "teamOver": 0,
        "gameLine": "+154",
        "+/-": -10,
        "L5_+/-": -3.0,
        "prevMatchup": "2024-01-10 0.0 pts",
        "winLossSplits": "76% - 48%",
        "awayHome": "A",
        "playedYesterday": "Y",
        "awayHomeSplits": "70% - 50%",
        "savesAboveExp": 0.232,
        "gsaa": 0.19,
        "corsi": "46.2% (55.8) // 44.0% (52.0) // 39.5% (49.9) // 39.1% (49.8)",
        "fenwick": "46.6% (40.3) // 45.5% (37.1) // 40.0% (35.8) // 39.7% (35.5)",
        "shots": "45.8% (27.7) // 44.4% (24.3) // 38.8% (24.0) // 36.0% (22.6)",
        "scoring": "45.8% (27.3) // 41.6% (22.4) // 39.2% (23.5) // 40.9% (24.9)",
        "corsiAgainst": "53.8% (64.9) // 56.0% (66.2) // 60.5% (76.6) // 60.9% (77.5)",
        "fenwickAgainst": "53.4% (46.1) // 54.5% (44.5) // 60.0% (53.8) // 60.3% (54.0)",
        "shotsAgainst": "54.2% (32.8) // 55.6% (30.4) // 61.2% (37.9) // 64.0% (40.2)",
        "scoringAgainst": "54.2% (32.4) // 58.4% (31.5) // 60.8% (36.5) // 59.1% (36.0)",
        "oppCorsi": "50.2% (60.6) // 51.7% (63.1) // 54.5% (68.5) // 56.7% (75.2)",
        "oppFenwick": "52.1% (44.9) // 52.6% (46.8) // 54.9% (50.1) // 56.4% (52.9)",
        "oppShots": "53.6% (32.7) // 53.9% (34.4) // 57.3% (37.9) // 59.0% (38.3)",
        "oppScoring": "48.9% (27.6) // 49.2% (28.3) // 51.6% (30.4) // 54.0% (33.1)",
        "oppCorsiAgainst": "49.8% (60.1) // 48.3% (59.0) // 45.5% (57.3) // 43.3% (57.4)",
        "oppFenwickAgainst": "47.9% (41.2) // 47.4% (42.2) // 45.1% (41.2) // 43.6% (40.9)",
        "oppShotsAgainst": "46.4% (28.3) // 46.1% (29.4) // 42.7% (28.3) // 41.0% (26.6)",
        "oppScoringAgainst": "51.1% (28.8) // 50.8% (29.2) // 48.4% (28.5) // 46.0% (28.2)",
        "totalOver": 60,
        "totalOverLast5": 40,
        "totalOverLast15": 60,
        "lastTotalOver": 56,
        "last5": "0,0,0,2,1,1,0,2,2,1",
        "fd": "0",
        "dk": "-166/+130",
        "kambi": "-175/133",
        "lowest": "-166 DK",
        "implied": 62.40601503759399,
        "overOdds": "-166",
        "underOdds": "+130",
        "overUnder": "-166 / +130"
    },
    {
        "player": "Owen Tippett",
        "team": "PHI",
        "opponent": "MTL",
        "propType": "pts",
        "line": 0.5,
        "ppLine": "",
        "avg": 0.59,
        "hit": false,
        "diffAvg": 0.18,
        "diffAbs": 0.0,
        "lastAvg": 0.64,
        "diff": 0.28,
        "avgMin": 15,
        "proj": 0.5,
        "lastAvgMin": 17.42,
        "oppOver": 0,
        "teamOver": 0,
        "gameLine": "-185",
        "+/-": -6,
        "L5_+/-": -9.0,
        "prevMatchup": "2024-01-10 1.0 pts",
        "winLossSplits": "57% - 35%",
        "awayHome": "H",
        "playedYesterday": "Y",
        "awayHomeSplits": "48% - 45%",
        "savesAboveExp": "-",
        "gsaa": 0.52,
        "corsi": "50.2% (60.6) // 51.7% (63.1) // 54.5% (68.5) // 56.7% (75.2)",
        "fenwick": "52.1% (44.9) // 52.6% (46.8) // 54.9% (50.1) // 56.4% (52.9)",
        "shots": "53.6% (32.7) // 53.9% (34.4) // 57.3% (37.9) // 59.0% (38.3)",
        "scoring": "48.9% (27.6) // 49.2% (28.3) // 51.6% (30.4) // 54.0% (33.1)",
        "corsiAgainst": "49.8% (60.1) // 48.3% (59.0) // 45.5% (57.3) // 43.3% (57.4)",
        "fenwickAgainst": "47.9% (41.2) // 47.4% (42.2) // 45.1% (41.2) // 43.6% (40.9)",
        "shotsAgainst": "46.4% (28.3) // 46.1% (29.4) // 42.7% (28.3) // 41.0% (26.6)",
        "scoringAgainst": "51.1% (28.8) // 50.8% (29.2) // 48.4% (28.5) // 46.0% (28.2)",
        "oppCorsi": "46.2% (55.8) // 44.0% (52.0) // 39.5% (49.9) // 39.1% (49.8)",
        "oppFenwick": "46.6% (40.3) // 45.5% (37.1) // 40.0% (35.8) // 39.7% (35.5)",
        "oppShots": "45.8% (27.7) // 44.4% (24.3) // 38.8% (24.0) // 36.0% (22.6)",
        "oppScoring": "45.8% (27.3) // 41.6% (22.4) // 39.2% (23.5) // 40.9% (24.9)",
        "oppCorsiAgainst": "53.8% (64.9) // 56.0% (66.2) // 60.5% (76.6) // 60.9% (77.5)",
        "oppFenwickAgainst": "53.4% (46.1) // 54.5% (44.5) // 60.0% (53.8) // 60.3% (54.0)",
        "oppShotsAgainst": "54.2% (32.8) // 55.6% (30.4) // 61.2% (37.9) // 64.0% (40.2)",
        "oppScoringAgainst": "54.2% (32.4) // 58.4% (31.5) // 60.8% (36.5) // 59.1% (36.0)",
        "totalOver": 46,
        "totalOverLast5": 40,
        "totalOverLast15": 47,
        "lastTotalOver": 49,
        "last5": "1,1,0,0,0,0,0,1,1,1",
        "fd": "0",
        "dk": "-130/+100",
        "kambi": "-141/108",
        "lowest": "-130 DK",
        "implied": 56.52173913043478,
        "overOdds": "-130",
        "underOdds": "+100",
        "overUnder": "-130 / +100"
    },
    {
        "player": "Scott Laughton",
        "team": "PHI",
        "opponent": "MTL",
        "propType": "pts",
        "line": 0.5,
        "ppLine": "",
        "avg": 0.41,
        "hit": false,
        "diffAvg": -0.18,
        "diffAbs": 0.0,
        "lastAvg": 0.55,
        "diff": 0.1,
        "avgMin": 15,
        "proj": 0.5,
        "lastAvgMin": 18.28,
        "oppOver": 0,
        "teamOver": 0,
        "gameLine": "-185",
        "+/-": -2,
        "L5_+/-": -2.0,
        "prevMatchup": "2024-01-10 0.0 pts",
        "winLossSplits": "38% - 35%",
        "awayHome": "H",
        "playedYesterday": "Y",
        "awayHomeSplits": "48% - 25%",
        "savesAboveExp": "-",
        "gsaa": 0.52,
        "corsi": "50.2% (60.6) // 51.7% (63.1) // 54.5% (68.5) // 56.7% (75.2)",
        "fenwick": "52.1% (44.9) // 52.6% (46.8) // 54.9% (50.1) // 56.4% (52.9)",
        "shots": "53.6% (32.7) // 53.9% (34.4) // 57.3% (37.9) // 59.0% (38.3)",
        "scoring": "48.9% (27.6) // 49.2% (28.3) // 51.6% (30.4) // 54.0% (33.1)",
        "corsiAgainst": "49.8% (60.1) // 48.3% (59.0) // 45.5% (57.3) // 43.3% (57.4)",
        "fenwickAgainst": "47.9% (41.2) // 47.4% (42.2) // 45.1% (41.2) // 43.6% (40.9)",
        "shotsAgainst": "46.4% (28.3) // 46.1% (29.4) // 42.7% (28.3) // 41.0% (26.6)",
        "scoringAgainst": "51.1% (28.8) // 50.8% (29.2) // 48.4% (28.5) // 46.0% (28.2)",
        "oppCorsi": "46.2% (55.8) // 44.0% (52.0) // 39.5% (49.9) // 39.1% (49.8)",
        "oppFenwick": "46.6% (40.3) // 45.5% (37.1) // 40.0% (35.8) // 39.7% (35.5)",
        "oppShots": "45.8% (27.7) // 44.4% (24.3) // 38.8% (24.0) // 36.0% (22.6)",
        "oppScoring": "45.8% (27.3) // 41.6% (22.4) // 39.2% (23.5) // 40.9% (24.9)",
        "oppCorsiAgainst": "53.8% (64.9) // 56.0% (66.2) // 60.5% (76.6) // 60.9% (77.5)",
        "oppFenwickAgainst": "53.4% (46.1) // 54.5% (44.5) // 60.0% (53.8) // 60.3% (54.0)",
        "oppShotsAgainst": "54.2% (32.8) // 55.6% (30.4) // 61.2% (37.9) // 64.0% (40.2)",
        "oppScoringAgainst": "54.2% (32.4) // 58.4% (31.5) // 60.8% (36.5) // 59.1% (36.0)",
        "totalOver": 37,
        "totalOverLast5": 20,
        "totalOverLast15": 20,
        "lastTotalOver": 41,
        "last5": "0,0,1,0,0,0,1,0,2,0",
        "fd": "0",
        "dk": "+114/-145",
        "kambi": "0",
        "lowest": "114 DK",
        "implied": 46.728971962616825,
        "overOdds": "+114",
        "underOdds": "-145",
        "overUnder": "+114 / -145"
    },
    {
        "player": "Sean Couturier",
        "team": "PHI",
        "opponent": "MTL",
        "propType": "pts",
        "line": 0.5,
        "ppLine": "",
        "avg": 0.72,
        "hit": false,
        "diffAvg": 0.44,
        "diffAbs": 1.0,
        "lastAvg": 0,
        "diff": 0,
        "avgMin": 19,
        "proj": 0.0,
        "lastAvgMin": 0,
        "oppOver": 0,
        "teamOver": 0,
        "gameLine": "-185",
        "+/-": "+10",
        "L5_+/-": "+2.0",
        "prevMatchup": "2024-01-10 1.0 pts",
        "winLossSplits": "70% - 47%",
        "awayHome": "H",
        "playedYesterday": "Y",
        "awayHomeSplits": "50% - 68%",
        "savesAboveExp": "-",
        "gsaa": 0.52,
        "corsi": "50.2% (60.6) // 51.7% (63.1) // 54.5% (68.5) // 56.7% (75.2)",
        "fenwick": "52.1% (44.9) // 52.6% (46.8) // 54.9% (50.1) // 56.4% (52.9)",
        "shots": "53.6% (32.7) // 53.9% (34.4) // 57.3% (37.9) // 59.0% (38.3)",
        "scoring": "48.9% (27.6) // 49.2% (28.3) // 51.6% (30.4) // 54.0% (33.1)",
        "corsiAgainst": "49.8% (60.1) // 48.3% (59.0) // 45.5% (57.3) // 43.3% (57.4)",
        "fenwickAgainst": "47.9% (41.2) // 47.4% (42.2) // 45.1% (41.2) // 43.6% (40.9)",
        "shotsAgainst": "46.4% (28.3) // 46.1% (29.4) // 42.7% (28.3) // 41.0% (26.6)",
        "scoringAgainst": "51.1% (28.8) // 50.8% (29.2) // 48.4% (28.5) // 46.0% (28.2)",
        "oppCorsi": "46.2% (55.8) // 44.0% (52.0) // 39.5% (49.9) // 39.1% (49.8)",
        "oppFenwick": "46.6% (40.3) // 45.5% (37.1) // 40.0% (35.8) // 39.7% (35.5)",
        "oppShots": "45.8% (27.7) // 44.4% (24.3) // 38.8% (24.0) // 36.0% (22.6)",
        "oppScoring": "45.8% (27.3) // 41.6% (22.4) // 39.2% (23.5) // 40.9% (24.9)",
        "oppCorsiAgainst": "53.8% (64.9) // 56.0% (66.2) // 60.5% (76.6) // 60.9% (77.5)",
        "oppFenwickAgainst": "53.4% (46.1) // 54.5% (44.5) // 60.0% (53.8) // 60.3% (54.0)",
        "oppShotsAgainst": "54.2% (32.8) // 55.6% (30.4) // 61.2% (37.9) // 64.0% (40.2)",
        "oppScoringAgainst": "54.2% (32.4) // 58.4% (31.5) // 60.8% (36.5) // 59.1% (36.0)",
        "totalOver": 59,
        "totalOverLast5": 80,
        "totalOverLast15": 47,
        "lastTotalOver": 0,
        "last5": "1,0,1,2,1,0,0,0,1,1",
        "fd": "0",
        "dk": "-175/+135",
        "kambi": "-177/135",
        "lowest": "-175 DK",
        "implied": 63.63636363636363,
        "overOdds": "-175",
        "underOdds": "+135",
        "overUnder": "-175 / +135"
    },
    {
        "player": "Sean Monahan",
        "team": "MTL",
        "opponent": "PHI",
        "propType": "pts",
        "line": 0.5,
        "ppLine": "PP1",
        "avg": 0.6,
        "hit": false,
        "diffAvg": 0.2,
        "diffAbs": 0.4,
        "lastAvg": 0.68,
        "diff": 0.36,
        "avgMin": 18,
        "proj": 0.7,
        "lastAvgMin": 17.37,
        "oppOver": 0,
        "teamOver": 0,
        "gameLine": "+154",
        "+/-": -8,
        "L5_+/-": -1.0,
        "prevMatchup": "2024-01-10 1.0 pts",
        "winLossSplits": "71% - 35%",
        "awayHome": "A",
        "playedYesterday": "Y",
        "awayHomeSplits": "50% - 50%",
        "savesAboveExp": 0.232,
        "gsaa": 0.19,
        "corsi": "46.2% (55.8) // 44.0% (52.0) // 39.5% (49.9) // 39.1% (49.8)",
        "fenwick": "46.6% (40.3) // 45.5% (37.1) // 40.0% (35.8) // 39.7% (35.5)",
        "shots": "45.8% (27.7) // 44.4% (24.3) // 38.8% (24.0) // 36.0% (22.6)",
        "scoring": "45.8% (27.3) // 41.6% (22.4) // 39.2% (23.5) // 40.9% (24.9)",
        "corsiAgainst": "53.8% (64.9) // 56.0% (66.2) // 60.5% (76.6) // 60.9% (77.5)",
        "fenwickAgainst": "53.4% (46.1) // 54.5% (44.5) // 60.0% (53.8) // 60.3% (54.0)",
        "shotsAgainst": "54.2% (32.8) // 55.6% (30.4) // 61.2% (37.9) // 64.0% (40.2)",
        "scoringAgainst": "54.2% (32.4) // 58.4% (31.5) // 60.8% (36.5) // 59.1% (36.0)",
        "oppCorsi": "50.2% (60.6) // 51.7% (63.1) // 54.5% (68.5) // 56.7% (75.2)",
        "oppFenwick": "52.1% (44.9) // 52.6% (46.8) // 54.9% (50.1) // 56.4% (52.9)",
        "oppShots": "53.6% (32.7) // 53.9% (34.4) // 57.3% (37.9) // 59.0% (38.3)",
        "oppScoring": "48.9% (27.6) // 49.2% (28.3) // 51.6% (30.4) // 54.0% (33.1)",
        "oppCorsiAgainst": "49.8% (60.1) // 48.3% (59.0) // 45.5% (57.3) // 43.3% (57.4)",
        "oppFenwickAgainst": "47.9% (41.2) // 47.4% (42.2) // 45.1% (41.2) // 43.6% (40.9)",
        "oppShotsAgainst": "46.4% (28.3) // 46.1% (29.4) // 42.7% (28.3) // 41.0% (26.6)",
        "oppScoringAgainst": "51.1% (28.8) // 50.8% (29.2) // 48.4% (28.5) // 46.0% (28.2)",
        "totalOver": 50,
        "totalOverLast5": 60,
        "totalOverLast15": 53,
        "lastTotalOver": 60,
        "last5": "1,1,0,1,0,0,1,1,0,0",
        "fd": "0",
        "dk": "-120/-110",
        "kambi": "-104/-125",
        "lowest": "-104 BR",
        "implied": 50.98039215686274,
        "overOdds": "-120",
        "underOdds": "-110",
        "overUnder": "-120 / -110"
    },
    {
        "player": "Travis Konecny",
        "team": "PHI",
        "opponent": "MTL",
        "propType": "pts",
        "line": 0.5,
        "ppLine": "",
        "avg": 0.93,
        "hit": false,
        "diffAvg": 0.86,
        "diffAbs": 1.0,
        "lastAvg": 1.02,
        "diff": 1.04,
        "avgMin": 19,
        "proj": 1.0,
        "lastAvgMin": 20.1,
        "oppOver": 0,
        "teamOver": 0,
        "gameLine": "-185",
        "+/-": "+15",
        "L5_+/-": "+3.0",
        "prevMatchup": "2024-01-10 1.0 pts",
        "winLossSplits": "71% - 55%",
        "awayHome": "H",
        "playedYesterday": "Y",
        "awayHomeSplits": "71% - 55%",
        "savesAboveExp": "-",
        "gsaa": 0.52,
        "corsi": "50.2% (60.6) // 51.7% (63.1) // 54.5% (68.5) // 56.7% (75.2)",
        "fenwick": "52.1% (44.9) // 52.6% (46.8) // 54.9% (50.1) // 56.4% (52.9)",
        "shots": "53.6% (32.7) // 53.9% (34.4) // 57.3% (37.9) // 59.0% (38.3)",
        "scoring": "48.9% (27.6) // 49.2% (28.3) // 51.6% (30.4) // 54.0% (33.1)",
        "corsiAgainst": "49.8% (60.1) // 48.3% (59.0) // 45.5% (57.3) // 43.3% (57.4)",
        "fenwickAgainst": "47.9% (41.2) // 47.4% (42.2) // 45.1% (41.2) // 43.6% (40.9)",
        "shotsAgainst": "46.4% (28.3) // 46.1% (29.4) // 42.7% (28.3) // 41.0% (26.6)",
        "scoringAgainst": "51.1% (28.8) // 50.8% (29.2) // 48.4% (28.5) // 46.0% (28.2)",
        "oppCorsi": "46.2% (55.8) // 44.0% (52.0) // 39.5% (49.9) // 39.1% (49.8)",
        "oppFenwick": "46.6% (40.3) // 45.5% (37.1) // 40.0% (35.8) // 39.7% (35.5)",
        "oppShots": "45.8% (27.7) // 44.4% (24.3) // 38.8% (24.0) // 36.0% (22.6)",
        "oppScoring": "45.8% (27.3) // 41.6% (22.4) // 39.2% (23.5) // 40.9% (24.9)",
        "oppCorsiAgainst": "53.8% (64.9) // 56.0% (66.2) // 60.5% (76.6) // 60.9% (77.5)",
        "oppFenwickAgainst": "53.4% (46.1) // 54.5% (44.5) // 60.0% (53.8) // 60.3% (54.0)",
        "oppShotsAgainst": "54.2% (32.8) // 55.6% (30.4) // 61.2% (37.9) // 64.0% (40.2)",
        "oppScoringAgainst": "54.2% (32.4) // 58.4% (31.5) // 60.8% (36.5) // 59.1% (36.0)",
        "totalOver": 63,
        "totalOverLast5": 80,
        "totalOverLast15": 73,
        "lastTotalOver": 62,
        "last5": "1,0,1,2,2,2,1,1,1,0",
        "fd": "0",
        "dk": "-200/+154",
        "kambi": "-220/163",
        "lowest": "-200 DK",
        "implied": 66.66666666666666,
        "overOdds": "-200",
        "underOdds": "+154",
        "overUnder": "-200 / +154"
    },
    {
        "player": "Travis Sanheim",
        "team": "PHI",
        "opponent": "MTL",
        "propType": "pts",
        "line": 0.5,
        "ppLine": "",
        "avg": 0.62,
        "hit": false,
        "diffAvg": 0.24,
        "diffAbs": 0.4,
        "lastAvg": 0.28,
        "diff": -0.44,
        "avgMin": 24,
        "proj": 0.3,
        "lastAvgMin": 20.4,
        "oppOver": 0,
        "teamOver": 0,
        "gameLine": "-185",
        "+/-": -10,
        "L5_+/-": -3.0,
        "prevMatchup": "2024-01-10 0.0 pts",
        "winLossSplits": "45% - 40%",
        "awayHome": "H",
        "playedYesterday": "Y",
        "awayHomeSplits": "57% - 26%",
        "savesAboveExp": "-",
        "gsaa": 0.52,
        "corsi": "50.2% (60.6) // 51.7% (63.1) // 54.5% (68.5) // 56.7% (75.2)",
        "fenwick": "52.1% (44.9) // 52.6% (46.8) // 54.9% (50.1) // 56.4% (52.9)",
        "shots": "53.6% (32.7) // 53.9% (34.4) // 57.3% (37.9) // 59.0% (38.3)",
        "scoring": "48.9% (27.6) // 49.2% (28.3) // 51.6% (30.4) // 54.0% (33.1)",
        "corsiAgainst": "49.8% (60.1) // 48.3% (59.0) // 45.5% (57.3) // 43.3% (57.4)",
        "fenwickAgainst": "47.9% (41.2) // 47.4% (42.2) // 45.1% (41.2) // 43.6% (40.9)",
        "shotsAgainst": "46.4% (28.3) // 46.1% (29.4) // 42.7% (28.3) // 41.0% (26.6)",
        "scoringAgainst": "51.1% (28.8) // 50.8% (29.2) // 48.4% (28.5) // 46.0% (28.2)",
        "oppCorsi": "46.2% (55.8) // 44.0% (52.0) // 39.5% (49.9) // 39.1% (49.8)",
        "oppFenwick": "46.6% (40.3) // 45.5% (37.1) // 40.0% (35.8) // 39.7% (35.5)",
        "oppShots": "45.8% (27.7) // 44.4% (24.3) // 38.8% (24.0) // 36.0% (22.6)",
        "oppScoring": "45.8% (27.3) // 41.6% (22.4) // 39.2% (23.5) // 40.9% (24.9)",
        "oppCorsiAgainst": "53.8% (64.9) // 56.0% (66.2) // 60.5% (76.6) // 60.9% (77.5)",
        "oppFenwickAgainst": "53.4% (46.1) // 54.5% (44.5) // 60.0% (53.8) // 60.3% (54.0)",
        "oppShotsAgainst": "54.2% (32.8) // 55.6% (30.4) // 61.2% (37.9) // 64.0% (40.2)",
        "oppScoringAgainst": "54.2% (32.4) // 58.4% (31.5) // 60.8% (36.5) // 59.1% (36.0)",
        "totalOver": 42,
        "totalOverLast5": 0,
        "totalOverLast15": 33,
        "lastTotalOver": 26,
        "last5": "0,0,0,0,0,0,1,0,2,0",
        "fd": "0",
        "dk": "+124/-160",
        "kambi": "143/-190",
        "lowest": "143 BR",
        "implied": 41.1522633744856,
        "overOdds": "+124",
        "underOdds": "-160",
        "overUnder": "+124 / -160"
    },
    {
        "player": "Tyson Foerster",
        "team": "PHI",
        "opponent": "MTL",
        "propType": "pts",
        "line": 0.5,
        "ppLine": "",
        "avg": 0.38,
        "hit": false,
        "diffAvg": -0.24,
        "diffAbs": 1.0,
        "lastAvg": 0,
        "diff": 0,
        "avgMin": 16,
        "proj": 0.0,
        "lastAvgMin": 0,
        "oppOver": 0,
        "teamOver": 0,
        "gameLine": "-185",
        "+/-": "+4",
        "L5_+/-": -3.0,
        "prevMatchup": "2024-01-10 1.0 pts",
        "winLossSplits": "50% - 20%",
        "awayHome": "H",
        "playedYesterday": "Y",
        "awayHomeSplits": "30% - 40%",
        "savesAboveExp": "-",
        "gsaa": 0.52,
        "corsi": "50.2% (60.6) // 51.7% (63.1) // 54.5% (68.5) // 56.7% (75.2)",
        "fenwick": "52.1% (44.9) // 52.6% (46.8) // 54.9% (50.1) // 56.4% (52.9)",
        "shots": "53.6% (32.7) // 53.9% (34.4) // 57.3% (37.9) // 59.0% (38.3)",
        "scoring": "48.9% (27.6) // 49.2% (28.3) // 51.6% (30.4) // 54.0% (33.1)",
        "corsiAgainst": "49.8% (60.1) // 48.3% (59.0) // 45.5% (57.3) // 43.3% (57.4)",
        "fenwickAgainst": "47.9% (41.2) // 47.4% (42.2) // 45.1% (41.2) // 43.6% (40.9)",
        "shotsAgainst": "46.4% (28.3) // 46.1% (29.4) // 42.7% (28.3) // 41.0% (26.6)",
        "scoringAgainst": "51.1% (28.8) // 50.8% (29.2) // 48.4% (28.5) // 46.0% (28.2)",
        "oppCorsi": "46.2% (55.8) // 44.0% (52.0) // 39.5% (49.9) // 39.1% (49.8)",
        "oppFenwick": "46.6% (40.3) // 45.5% (37.1) // 40.0% (35.8) // 39.7% (35.5)",
        "oppShots": "45.8% (27.7) // 44.4% (24.3) // 38.8% (24.0) // 36.0% (22.6)",
        "oppScoring": "45.8% (27.3) // 41.6% (22.4) // 39.2% (23.5) // 40.9% (24.9)",
        "oppCorsiAgainst": "53.8% (64.9) // 56.0% (66.2) // 60.5% (76.6) // 60.9% (77.5)",
        "oppFenwickAgainst": "53.4% (46.1) // 54.5% (44.5) // 60.0% (53.8) // 60.3% (54.0)",
        "oppShotsAgainst": "54.2% (32.8) // 55.6% (30.4) // 61.2% (37.9) // 64.0% (40.2)",
        "oppScoringAgainst": "54.2% (32.4) // 58.4% (31.5) // 60.8% (36.5) // 59.1% (36.0)",
        "totalOver": 35,
        "totalOverLast5": 40,
        "totalOverLast15": 33,
        "lastTotalOver": 62,
        "last5": "1,0,1,0,0,0,0,1,1,0",
        "fd": "0",
        "dk": "+120/-150",
        "kambi": "125/-165",
        "lowest": "125 BR",
        "implied": 44.44444444444444,
        "overOdds": "+120",
        "underOdds": "-150",
        "overUnder": "+120 / -150"
    },
    {
        "player": "Brock Faber",
        "team": "MIN",
        "opponent": "DAL",
        "propType": "pts",
        "line": 0.5,
        "ppLine": "",
        "avg": 0.5,
        "hit": false,
        "diffAvg": 0.0,
        "diffAbs": 1.0,
        "lastAvg": 0,
        "diff": 0,
        "avgMin": 24,
        "proj": 0.0,
        "lastAvgMin": 0,
        "oppOver": 0,
        "teamOver": 0,
        "gameLine": "+164",
        "+/-": "+6",
        "L5_+/-": -5.0,
        "prevMatchup": "2024-01-10 1.0 pts 2024-01-08 0.0 pts 2023-11-12 0.0 pts",
        "winLossSplits": "41% - 35%",
        "awayHome": "A",
        "playedYesterday": "Y",
        "awayHomeSplits": "50% - 25%",
        "savesAboveExp": 0.285,
        "gsaa": -4.52,
        "corsi": "50.6% (60.5) // 50.4% (58.2) // 49.1% (56.8) // 49.6% (57.0)",
        "fenwick": "50.2% (42.6) // 49.1% (39.8) // 46.8% (37.0) // 48.7% (37.4)",
        "shots": "49.8% (29.3) // 50.7% (28.4) // 48.2% (26.7) // 50.3% (27.2)",
        "scoring": "50.7% (29.1) // 49.2% (26.1) // 43.7% (23.2) // 45.9% (23.6)",
        "corsiAgainst": "49.4% (59.1) // 49.6% (57.2) // 50.9% (59.0) // 50.4% (58.0)",
        "fenwickAgainst": "49.8% (42.3) // 50.9% (41.2) // 53.2% (42.2) // 51.3% (39.3)",
        "shotsAgainst": "50.2% (29.6) // 49.3% (27.6) // 51.8% (28.7) // 49.7% (26.9)",
        "scoringAgainst": "49.3% (28.4) // 50.8% (26.9) // 56.3% (29.9) // 54.1% (27.9)",
        "oppCorsi": "52.1% (62.2) // 56.6% (66.9) // 55.4% (65.2) // 52.1% (59.0)",
        "oppFenwick": "51.6% (44.3) // 57.1% (47.3) // 55.9% (44.9) // 54.4% (41.7)",
        "oppShots": "50.7% (30.0) // 57.8% (32.7) // 55.2% (29.2) // 55.0% (27.7)",
        "oppScoring": "54.3% (30.8) // 58.9% (33.4) // 56.5% (31.6) // 54.5% (28.0)",
        "oppCorsiAgainst": "47.9% (57.2) // 43.4% (51.3) // 44.6% (52.6) // 47.9% (54.3)",
        "oppFenwickAgainst": "48.4% (41.6) // 42.9% (35.5) // 44.1% (35.4) // 45.6% (35.0)",
        "oppShotsAgainst": "49.3% (29.2) // 42.2% (23.9) // 44.8% (23.7) // 45.0% (22.7)",
        "oppScoringAgainst": "45.7% (25.9) // 41.1% (23.3) // 43.5% (24.3) // 45.5% (23.3)",
        "totalOver": 38,
        "totalOverLast5": 40,
        "totalOverLast15": 33,
        "lastTotalOver": 0,
        "last5": "1,0,3,0,0,0,0,0,0,2",
        "fd": "0",
        "dk": "+140/-180",
        "kambi": "120/-157",
