[
    {
        "player": "Adam Fox",
        "team": "NYR",
        "opponent": "VAN",
        "propType": "pts",
        "line": 0.5,
        "ppLine": "PP1",
        "avg": 0.89,
        "hit": false,
        "diffAvg": 0.78,
        "diffAbs": 0.4,
        "lastAvg": 0.8,
        "diff": 0.6,
        "avgMin": 22,
        "proj": 0.7,
        "lastAvgMin": 24.37,
        "oppOver": 0,
        "teamOver": 0,
        "gameLine": "-148",
        "+/-": "+1",
        "L5_+/-": -1.0,
        "prevMatchup": "2023-10-28 2.0 pts",
        "winLossSplits": "74% - 56%",
        "awayHome": "H",
        "playedYesterday": "N",
        "awayHomeSplits": "73% - 62%",
        "savesAboveExp": -0.786,
        "gsaa": 10.67,
        "corsi": "49.8% (60.2) // 51.2% (61.8) // 49.5% (59.4) // 56.5% (66.2)",
        "fenwick": "50.6% (44.7) // 51.9% (45.8) // 51.5% (45.4) // 57.0% (49.9)",
        "shots": "51.3% (30.8) // 53.6% (32.7) // 52.7% (32.3) // 57.7% (35.4)",
        "scoring": "50.9% (29.3) // 51.9% (29.4) // 49.5% (28.3) // 54.9% (30.8)",
        "corsiAgainst": "50.2% (60.6) // 48.8% (59.0) // 50.5% (60.6) // 43.5% (50.9)",
        "fenwickAgainst": "49.4% (43.5) // 48.1% (42.4) // 48.5% (42.9) // 43.0% (37.6)",
        "shotsAgainst": "48.7% (29.3) // 46.4% (28.3) // 47.3% (28.9) // 42.3% (25.9)",
        "scoringAgainst": "49.1% (28.3) // 48.1% (27.3) // 50.5% (28.9) // 45.1% (25.3)",
        "oppCorsi": "50.0% (57.8) // 51.5% (57.7) // 53.8% (66.3) // 53.8% (66.3)",
        "oppFenwick": "49.5% (41.2) // 50.5% (41.2) // 53.6% (47.0) // 53.6% (47.0)",
        "oppShots": "48.5% (28.0) // 48.2% (27.8) // 49.7% (31.3) // 49.7% (31.3)",
        "oppScoring": "51.1% (29.0) // 53.6% (27.7) // 55.2% (31.7) // 55.2% (31.7)",
        "oppCorsiAgainst": "50.0% (57.8) // 48.5% (54.2) // 46.2% (57.0) // 46.2% (57.0)",
        "oppFenwickAgainst": "50.5% (42.0) // 49.5% (40.3) // 46.4% (40.7) // 46.4% (40.7)",
        "oppShotsAgainst": "51.5% (29.8) // 51.8% (29.9) // 50.3% (31.7) // 50.3% (31.7)",
        "oppScoringAgainst": "48.9% (27.8) // 46.4% (24.0) // 44.8% (25.7) // 44.8% (25.7)",
        "totalOver": 68,
        "totalOverLast5": 40,
        "totalOverLast15": 53,
        "lastTotalOver": 61,
        "last5": "1,0,0,1,0,1,1,0,0,1",
        "fd": "0",
        "dk": "-175/+135",
        "kambi": "-200/150",
        "lowest": "-175 DK",
        "implied": 63.63636363636363,
        "overOdds": "-175",
        "underOdds": "+135",
        "overUnder": "-175 / +135"
    },
    {
        "player": "Alexis Lafreniere",
        "team": "NYR",
        "opponent": "VAN",
        "propType": "pts",
        "line": 0.5,
        "ppLine": "PP2",
        "avg": 0.61,
        "hit": false,
        "diffAvg": 0.22,
        "diffAbs": 0.0,
        "lastAvg": 0.44,
        "diff": -0.12,
        "avgMin": 17,
        "proj": 0.5,
        "lastAvgMin": 15.22,
        "oppOver": 0,
        "teamOver": 0,
        "gameLine": "-148",
        "+/-": -3,
        "L5_+/-": "+1.0",
        "prevMatchup": "2023-10-28 0.0 pts",
        "winLossSplits": "54% - 33%",
        "awayHome": "H",
        "playedYesterday": "N",
        "awayHomeSplits": "50% - 44%",
        "savesAboveExp": -0.786,
        "gsaa": 10.67,
        "corsi": "49.8% (60.2) // 51.2% (61.8) // 49.5% (59.4) // 56.5% (66.2)",
        "fenwick": "50.6% (44.7) // 51.9% (45.8) // 51.5% (45.4) // 57.0% (49.9)",
        "shots": "51.3% (30.8) // 53.6% (32.7) // 52.7% (32.3) // 57.7% (35.4)",
        "scoring": "50.9% (29.3) // 51.9% (29.4) // 49.5% (28.3) // 54.9% (30.8)",
        "corsiAgainst": "50.2% (60.6) // 48.8% (59.0) // 50.5% (60.6) // 43.5% (50.9)",
        "fenwickAgainst": "49.4% (43.5) // 48.1% (42.4) // 48.5% (42.9) // 43.0% (37.6)",
        "shotsAgainst": "48.7% (29.3) // 46.4% (28.3) // 47.3% (28.9) // 42.3% (25.9)",
        "scoringAgainst": "49.1% (28.3) // 48.1% (27.3) // 50.5% (28.9) // 45.1% (25.3)",
        "oppCorsi": "50.0% (57.8) // 51.5% (57.7) // 53.8% (66.3) // 53.8% (66.3)",
        "oppFenwick": "49.5% (41.2) // 50.5% (41.2) // 53.6% (47.0) // 53.6% (47.0)",
        "oppShots": "48.5% (28.0) // 48.2% (27.8) // 49.7% (31.3) // 49.7% (31.3)",
        "oppScoring": "51.1% (29.0) // 53.6% (27.7) // 55.2% (31.7) // 55.2% (31.7)",
        "oppCorsiAgainst": "50.0% (57.8) // 48.5% (54.2) // 46.2% (57.0) // 46.2% (57.0)",
        "oppFenwickAgainst": "50.5% (42.0) // 49.5% (40.3) // 46.4% (40.7) // 46.4% (40.7)",
        "oppShotsAgainst": "51.5% (29.8) // 51.8% (29.9) // 50.3% (31.7) // 50.3% (31.7)",
        "oppScoringAgainst": "48.9% (27.8) // 46.4% (24.0) // 44.8% (25.7) // 44.8% (25.7)",
        "totalOver": 47,
        "totalOverLast5": 60,
        "totalOverLast15": 40,
        "lastTotalOver": 33,
        "last5": "0,1,0,2,1,1,0,1,1,0",
        "fd": "0",
        "dk": "+114/-145",
        "kambi": "105/-136",
        "lowest": "114 DK",
        "implied": 46.728971962616825,
        "overOdds": "+114",
        "underOdds": "-145",
        "overUnder": "+114 / -145"
    },
    {
        "player": "Andrei Kuzmenko",
        "team": "VAN",
        "opponent": "NYR",
        "propType": "pts",
        "line": 0.5,
        "ppLine": "PP1",
        "avg": 0.58,
        "hit": false,
        "diffAvg": 0.16,
        "diffAbs": 0.6,
        "lastAvg": 0.91,
        "diff": 0.82,
        "avgMin": 14,
        "proj": 0.8,
        "lastAvgMin": 16.23,
        "oppOver": 0,
        "teamOver": 0,
        "gameLine": "+124",
        "+/-": -1,
        "L5_+/-": -1.0,
        "prevMatchup": "2023-10-28 0.0 pts",
        "winLossSplits": "61% - 10%",
        "awayHome": "A",
        "playedYesterday": "N",
        "awayHomeSplits": "43% - 47%",
        "savesAboveExp": 0.388,
        "gsaa": 3.34,
        "corsi": "50.0% (57.8) // 51.5% (57.7) // 53.8% (66.3) // 53.8% (66.3)",
        "fenwick": "49.5% (41.2) // 50.5% (41.2) // 53.6% (47.0) // 53.6% (47.0)",
        "shots": "48.5% (28.0) // 48.2% (27.8) // 49.7% (31.3) // 49.7% (31.3)",
        "scoring": "51.1% (29.0) // 53.6% (27.7) // 55.2% (31.7) // 55.2% (31.7)",
        "corsiAgainst": "50.0% (57.8) // 48.5% (54.2) // 46.2% (57.0) // 46.2% (57.0)",
        "fenwickAgainst": "50.5% (42.0) // 49.5% (40.3) // 46.4% (40.7) // 46.4% (40.7)",
        "shotsAgainst": "51.5% (29.8) // 51.8% (29.9) // 50.3% (31.7) // 50.3% (31.7)",
        "scoringAgainst": "48.9% (27.8) // 46.4% (24.0) // 44.8% (25.7) // 44.8% (25.7)",
        "oppCorsi": "49.8% (60.2) // 51.2% (61.8) // 49.5% (59.4) // 56.5% (66.2)",
        "oppFenwick": "50.6% (44.7) // 51.9% (45.8) // 51.5% (45.4) // 57.0% (49.9)",
        "oppShots": "51.3% (30.8) // 53.6% (32.7) // 52.7% (32.3) // 57.7% (35.4)",
        "oppScoring": "50.9% (29.3) // 51.9% (29.4) // 49.5% (28.3) // 54.9% (30.8)",
        "oppCorsiAgainst": "50.2% (60.6) // 48.8% (59.0) // 50.5% (60.6) // 43.5% (50.9)",
        "oppFenwickAgainst": "49.4% (43.5) // 48.1% (42.4) // 48.5% (42.9) // 43.0% (37.6)",
        "oppShotsAgainst": "48.7% (29.3) // 46.4% (28.3) // 47.3% (28.9) // 42.3% (25.9)",
        "oppScoringAgainst": "49.1% (28.3) // 48.1% (27.3) // 50.5% (28.9) // 45.1% (25.3)",
        "totalOver": 45,
        "totalOverLast5": 20,
        "totalOverLast15": 27,
        "lastTotalOver": 55,
        "last5": "0,0,0,2,0,0,1,1,0,0",
        "fd": "0",
        "dk": "+110/-140",
        "kambi": "0",
        "lowest": "110 DK",
        "implied": 47.61904761904761,
        "overOdds": "+110",
        "underOdds": "-140",
        "overUnder": "+110 / -140"
    },
    {
        "player": "Artemi Panarin",
        "team": "NYR",
        "opponent": "VAN",
        "propType": "pts",
        "line": 1.5,
        "ppLine": "PP1",
        "avg": 1.45,
        "hit": false,
        "diffAvg": -0.03,
        "diffAbs": 0.33,
        "lastAvg": 1.02,
        "diff": -0.32,
        "avgMin": 19,
        "proj": 1.0,
        "lastAvgMin": 19.6,
        "oppOver": 0,
        "teamOver": 0,
        "gameLine": "-148",
        "+/-": "+2",
        "L5_+/-": "+5.0",
        "prevMatchup": "2023-10-28 2.0 pts",
        "winLossSplits": "58% - 25%",
        "awayHome": "H",
        "playedYesterday": "N",
        "awayHomeSplits": "50% - 44%",
        "savesAboveExp": -0.786,
        "gsaa": 10.67,
        "corsi": "49.8% (60.2) // 51.2% (61.8) // 49.5% (59.4) // 56.5% (66.2)",
        "fenwick": "50.6% (44.7) // 51.9% (45.8) // 51.5% (45.4) // 57.0% (49.9)",
        "shots": "51.3% (30.8) // 53.6% (32.7) // 52.7% (32.3) // 57.7% (35.4)",
        "scoring": "50.9% (29.3) // 51.9% (29.4) // 49.5% (28.3) // 54.9% (30.8)",
        "corsiAgainst": "50.2% (60.6) // 48.8% (59.0) // 50.5% (60.6) // 43.5% (50.9)",
        "fenwickAgainst": "49.4% (43.5) // 48.1% (42.4) // 48.5% (42.9) // 43.0% (37.6)",
        "shotsAgainst": "48.7% (29.3) // 46.4% (28.3) // 47.3% (28.9) // 42.3% (25.9)",
        "scoringAgainst": "49.1% (28.3) // 48.1% (27.3) // 50.5% (28.9) // 45.1% (25.3)",
        "oppCorsi": "50.0% (57.8) // 51.5% (57.7) // 53.8% (66.3) // 53.8% (66.3)",
        "oppFenwick": "49.5% (41.2) // 50.5% (41.2) // 53.6% (47.0) // 53.6% (47.0)",
        "oppShots": "48.5% (28.0) // 48.2% (27.8) // 49.7% (31.3) // 49.7% (31.3)",
        "oppScoring": "51.1% (29.0) // 53.6% (27.7) // 55.2% (31.7) // 55.2% (31.7)",
        "oppCorsiAgainst": "50.0% (57.8) // 48.5% (54.2) // 46.2% (57.0) // 46.2% (57.0)",
        "oppFenwickAgainst": "50.5% (42.0) // 49.5% (40.3) // 46.4% (40.7) // 46.4% (40.7)",
        "oppShotsAgainst": "51.5% (29.8) // 51.8% (29.9) // 50.3% (31.7) // 50.3% (31.7)",
        "oppScoringAgainst": "48.9% (27.8) // 46.4% (24.0) // 44.8% (25.7) // 44.8% (25.7)",
        "totalOver": 47,
        "totalOverLast5": 60,
        "totalOverLast15": 33,
        "lastTotalOver": 28,
        "last5": "2,2,1,3,1,2,1,0,1,1",
        "fd": "0",
        "dk": "+145/-190",
        "kambi": "130/-167",
        "lowest": "145 DK",
        "implied": 40.816326530612244,
        "overOdds": "+145",
        "underOdds": "-190",
        "overUnder": "+145 / -190"
    },
    {
        "player": "Brock Boeser",
        "team": "VAN",
        "opponent": "NYR",
        "propType": "pts",
        "line": 0.5,
        "ppLine": "PP1",
        "avg": 1.05,
        "hit": false,
        "diffAvg": 1.1,
        "diffAbs": 0.6,
        "lastAvg": 0.74,
        "diff": 0.48,
        "avgMin": 18,
        "proj": 0.8,
        "lastAvgMin": 17.23,
        "oppOver": 0,
        "teamOver": 0,
        "gameLine": "+124",
        "+/-": "+15",
        "L5_+/-": "+4.0",
        "prevMatchup": "2023-10-28 0.0 pts",
        "winLossSplits": "84% - 36%",
        "awayHome": "A",
        "playedYesterday": "N",
        "awayHomeSplits": "60% - 74%",
        "savesAboveExp": 0.388,
        "gsaa": 3.34,
        "corsi": "50.0% (57.8) // 51.5% (57.7) // 53.8% (66.3) // 53.8% (66.3)",
        "fenwick": "49.5% (41.2) // 50.5% (41.2) // 53.6% (47.0) // 53.6% (47.0)",
        "shots": "48.5% (28.0) // 48.2% (27.8) // 49.7% (31.3) // 49.7% (31.3)",
        "scoring": "51.1% (29.0) // 53.6% (27.7) // 55.2% (31.7) // 55.2% (31.7)",
        "corsiAgainst": "50.0% (57.8) // 48.5% (54.2) // 46.2% (57.0) // 46.2% (57.0)",
        "fenwickAgainst": "50.5% (42.0) // 49.5% (40.3) // 46.4% (40.7) // 46.4% (40.7)",
        "shotsAgainst": "51.5% (29.8) // 51.8% (29.9) // 50.3% (31.7) // 50.3% (31.7)",
        "scoringAgainst": "48.9% (27.8) // 46.4% (24.0) // 44.8% (25.7) // 44.8% (25.7)",
        "oppCorsi": "49.8% (60.2) // 51.2% (61.8) // 49.5% (59.4) // 56.5% (66.2)",
        "oppFenwick": "50.6% (44.7) // 51.9% (45.8) // 51.5% (45.4) // 57.0% (49.9)",
        "oppShots": "51.3% (30.8) // 53.6% (32.7) // 52.7% (32.3) // 57.7% (35.4)",
        "oppScoring": "50.9% (29.3) // 51.9% (29.4) // 49.5% (28.3) // 54.9% (30.8)",
        "oppCorsiAgainst": "50.2% (60.6) // 48.8% (59.0) // 50.5% (60.6) // 43.5% (50.9)",
        "oppFenwickAgainst": "49.4% (43.5) // 48.1% (42.4) // 48.5% (42.9) // 43.0% (37.6)",
        "oppShotsAgainst": "48.7% (29.3) // 46.4% (28.3) // 47.3% (28.9) // 42.3% (25.9)",
        "oppScoringAgainst": "49.1% (28.3) // 48.1% (27.3) // 50.5% (28.9) // 45.1% (25.3)",
        "totalOver": 67,
        "totalOverLast5": 40,
        "totalOverLast15": 60,
        "lastTotalOver": 59,
        "last5": "2,0,1,0,0,1,0,1,0,1",
        "fd": "0",
        "dk": "-150/+120",
        "kambi": "-159/123",
        "lowest": "-150 DK",
        "implied": 60.0,
        "overOdds": "-150",
        "underOdds": "+120",
        "overUnder": "-150 / +120"
    },
    {
        "player": "Chris Kreider",
        "team": "NYR",
        "opponent": "VAN",
        "propType": "pts",
        "line": 0.5,
        "ppLine": "PP1",
        "avg": 0.92,
        "hit": false,
        "diffAvg": 0.84,
        "diffAbs": 0.2,
        "lastAvg": 0.63,
        "diff": 0.26,
        "avgMin": 18,
        "proj": 0.6,
        "lastAvgMin": 18.4,
        "oppOver": 0,
        "teamOver": 0,
        "gameLine": "-148",
        "+/-": "+8",
        "L5_+/-": "+4.0",
        "prevMatchup": "2023-10-28 1.0 pts",
        "winLossSplits": "69% - 50%",
        "awayHome": "H",
        "playedYesterday": "N",
        "awayHomeSplits": "60% - 67%",
        "savesAboveExp": -0.786,
        "gsaa": 10.67,
        "corsi": "49.8% (60.2) // 51.2% (61.8) // 49.5% (59.4) // 56.5% (66.2)",
        "fenwick": "50.6% (44.7) // 51.9% (45.8) // 51.5% (45.4) // 57.0% (49.9)",
        "shots": "51.3% (30.8) // 53.6% (32.7) // 52.7% (32.3) // 57.7% (35.4)",
        "scoring": "50.9% (29.3) // 51.9% (29.4) // 49.5% (28.3) // 54.9% (30.8)",
        "corsiAgainst": "50.2% (60.6) // 48.8% (59.0) // 50.5% (60.6) // 43.5% (50.9)",
        "fenwickAgainst": "49.4% (43.5) // 48.1% (42.4) // 48.5% (42.9) // 43.0% (37.6)",
        "shotsAgainst": "48.7% (29.3) // 46.4% (28.3) // 47.3% (28.9) // 42.3% (25.9)",
        "scoringAgainst": "49.1% (28.3) // 48.1% (27.3) // 50.5% (28.9) // 45.1% (25.3)",
        "oppCorsi": "50.0% (57.8) // 51.5% (57.7) // 53.8% (66.3) // 53.8% (66.3)",
        "oppFenwick": "49.5% (41.2) // 50.5% (41.2) // 53.6% (47.0) // 53.6% (47.0)",
        "oppShots": "48.5% (28.0) // 48.2% (27.8) // 49.7% (31.3) // 49.7% (31.3)",
        "oppScoring": "51.1% (29.0) // 53.6% (27.7) // 55.2% (31.7) // 55.2% (31.7)",
        "oppCorsiAgainst": "50.0% (57.8) // 48.5% (54.2) // 46.2% (57.0) // 46.2% (57.0)",
        "oppFenwickAgainst": "50.5% (42.0) // 49.5% (40.3) // 46.4% (40.7) // 46.4% (40.7)",
        "oppShotsAgainst": "51.5% (29.8) // 51.8% (29.9) // 50.3% (31.7) // 50.3% (31.7)",
        "oppScoringAgainst": "48.9% (27.8) // 46.4% (24.0) // 44.8% (25.7) // 44.8% (25.7)",
        "totalOver": 63,
        "totalOverLast5": 80,
        "totalOverLast15": 60,
        "lastTotalOver": 58,
        "last5": "0,1,1,1,1,1,2,2,2,0",
        "fd": "0",
        "dk": "-140/+110",
        "kambi": "-148/112",
        "lowest": "-140 DK",
        "implied": 58.333333333333336,
        "overOdds": "-140",
        "underOdds": "+110",
        "overUnder": "-140 / +110"
    },
    {
        "player": "Elias Pettersson",
        "team": "VAN",
        "opponent": "NYR",
        "propType": "pts",
        "line": 0.5,
        "ppLine": "PP1",
        "avg": 1.23,
        "hit": false,
        "diffAvg": 1.46,
        "diffAbs": 1.4,
        "lastAvg": 1.26,
        "diff": 1.52,
        "avgMin": 19,
        "proj": 1.2,
        "lastAvgMin": 20.55,
        "oppOver": 0,
        "teamOver": 0,
        "gameLine": "+124",
        "+/-": "+13",
        "L5_+/-": "+5.0",
        "prevMatchup": "2023-10-28 1.0 pts",
        "winLossSplits": "76% - 50%",
        "awayHome": "A",
        "playedYesterday": "N",
        "awayHomeSplits": "60% - 74%",
        "savesAboveExp": 0.388,
        "gsaa": 3.34,
        "corsi": "50.0% (57.8) // 51.5% (57.7) // 53.8% (66.3) // 53.8% (66.3)",
        "fenwick": "49.5% (41.2) // 50.5% (41.2) // 53.6% (47.0) // 53.6% (47.0)",
        "shots": "48.5% (28.0) // 48.2% (27.8) // 49.7% (31.3) // 49.7% (31.3)",
        "scoring": "51.1% (29.0) // 53.6% (27.7) // 55.2% (31.7) // 55.2% (31.7)",
        "corsiAgainst": "50.0% (57.8) // 48.5% (54.2) // 46.2% (57.0) // 46.2% (57.0)",
        "fenwickAgainst": "50.5% (42.0) // 49.5% (40.3) // 46.4% (40.7) // 46.4% (40.7)",
        "shotsAgainst": "51.5% (29.8) // 51.8% (29.9) // 50.3% (31.7) // 50.3% (31.7)",
        "scoringAgainst": "48.9% (27.8) // 46.4% (24.0) // 44.8% (25.7) // 44.8% (25.7)",
        "oppCorsi": "49.8% (60.2) // 51.2% (61.8) // 49.5% (59.4) // 56.5% (66.2)",
        "oppFenwick": "50.6% (44.7) // 51.9% (45.8) // 51.5% (45.4) // 57.0% (49.9)",
        "oppShots": "51.3% (30.8) // 53.6% (32.7) // 52.7% (32.3) // 57.7% (35.4)",
        "oppScoring": "50.9% (29.3) // 51.9% (29.4) // 49.5% (28.3) // 54.9% (30.8)",
        "oppCorsiAgainst": "50.2% (60.6) // 48.8% (59.0) // 50.5% (60.6) // 43.5% (50.9)",
        "oppFenwickAgainst": "49.4% (43.5) // 48.1% (42.4) // 48.5% (42.9) // 43.0% (37.6)",
        "oppShotsAgainst": "48.7% (29.3) // 46.4% (28.3) // 47.3% (28.9) // 42.3% (25.9)",
        "oppScoringAgainst": "49.1% (28.3) // 48.1% (27.3) // 50.5% (28.9) // 45.1% (25.3)",
        "totalOver": 67,
        "totalOverLast5": 60,
        "totalOverLast15": 53,
        "lastTotalOver": 76,
        "last5": "3,0,2,0,2,0,2,1,0,1",
        "fd": "0",
        "dk": "-215/+165",
        "kambi": "-230/170",
        "lowest": "-215 DK",
        "implied": 68.25396825396825,
        "overOdds": "-215",
        "underOdds": "+165",
        "overUnder": "-215 / +165"
    },
    {
        "player": "Filip Hronek",
        "team": "VAN",
        "opponent": "NYR",
        "propType": "pts",
        "line": 0.5,
        "ppLine": "PP2",
        "avg": 0.77,
        "hit": false,
        "diffAvg": 0.54,
        "diffAbs": 0.2,
        "lastAvg": 0.61,
        "diff": 0.22,
        "avgMin": 23,
        "proj": 0.6,
        "lastAvgMin": 21.68,
        "oppOver": 0,
        "teamOver": 0,
        "gameLine": "+124",
        "+/-": "+24",
        "L5_+/-": "+5.0",
        "prevMatchup": "2023-10-28 2.0 pts",
        "winLossSplits": "72% - 43%",
        "awayHome": "A",
        "playedYesterday": "N",
        "awayHomeSplits": "65% - 58%",
        "savesAboveExp": 0.388,
        "gsaa": 3.34,
        "corsi": "50.0% (57.8) // 51.5% (57.7) // 53.8% (66.3) // 53.8% (66.3)",
        "fenwick": "49.5% (41.2) // 50.5% (41.2) // 53.6% (47.0) // 53.6% (47.0)",
        "shots": "48.5% (28.0) // 48.2% (27.8) // 49.7% (31.3) // 49.7% (31.3)",
        "scoring": "51.1% (29.0) // 53.6% (27.7) // 55.2% (31.7) // 55.2% (31.7)",
        "corsiAgainst": "50.0% (57.8) // 48.5% (54.2) // 46.2% (57.0) // 46.2% (57.0)",
        "fenwickAgainst": "50.5% (42.0) // 49.5% (40.3) // 46.4% (40.7) // 46.4% (40.7)",
        "shotsAgainst": "51.5% (29.8) // 51.8% (29.9) // 50.3% (31.7) // 50.3% (31.7)",
        "scoringAgainst": "48.9% (27.8) // 46.4% (24.0) // 44.8% (25.7) // 44.8% (25.7)",
        "oppCorsi": "49.8% (60.2) // 51.2% (61.8) // 49.5% (59.4) // 56.5% (66.2)",
        "oppFenwick": "50.6% (44.7) // 51.9% (45.8) // 51.5% (45.4) // 57.0% (49.9)",
        "oppShots": "51.3% (30.8) // 53.6% (32.7) // 52.7% (32.3) // 57.7% (35.4)",
        "oppScoring": "50.9% (29.3) // 51.9% (29.4) // 49.5% (28.3) // 54.9% (30.8)",
        "oppCorsiAgainst": "50.2% (60.6) // 48.8% (59.0) // 50.5% (60.6) // 43.5% (50.9)",
        "oppFenwickAgainst": "49.4% (43.5) // 48.1% (42.4) // 48.5% (42.9) // 43.0% (37.6)",
        "oppShotsAgainst": "48.7% (29.3) // 46.4% (28.3) // 47.3% (28.9) // 42.3% (25.9)",
        "oppScoringAgainst": "49.1% (28.3) // 48.1% (27.3) // 50.5% (28.9) // 45.1% (25.3)",
        "totalOver": 62,
        "totalOverLast5": 20,
        "totalOverLast15": 33,
        "lastTotalOver": 50,
        "last5": "1,0,0,0,0,0,1,1,0,0",
        "fd": "0",
        "dk": "+100/-130",
        "kambi": "100/-130",
        "lowest": "100 DK",
        "implied": 50.0,
        "overOdds": "+100",
        "underOdds": "-130",
        "overUnder": "+100 / -130"
    },
    {
        "player": "Ilya Mikheyev",
        "team": "VAN",
        "opponent": "NYR",
        "propType": "pts",
        "line": 0.5,
        "ppLine": "PP2",
        "avg": 0.6,
        "hit": false,
        "diffAvg": 0.2,
        "diffAbs": 0.0,
        "lastAvg": 0.61,
        "diff": 0.22,
        "avgMin": 14,
        "proj": 0.5,
        "lastAvgMin": 16.9,
        "oppOver": 0,
        "teamOver": 0,
        "gameLine": "+124",
        "+/-": "+6",
        "L5_+/-": 0.0,
        "prevMatchup": "2023-10-28 0.0 pts",
        "winLossSplits": "70% - 8%",
        "awayHome": "A",
        "playedYesterday": "N",
        "awayHomeSplits": "53% - 44%",
        "savesAboveExp": 0.388,
        "gsaa": 3.34,
        "corsi": "50.0% (57.8) // 51.5% (57.7) // 53.8% (66.3) // 53.8% (66.3)",
        "fenwick": "49.5% (41.2) // 50.5% (41.2) // 53.6% (47.0) // 53.6% (47.0)",
        "shots": "48.5% (28.0) // 48.2% (27.8) // 49.7% (31.3) // 49.7% (31.3)",
        "scoring": "51.1% (29.0) // 53.6% (27.7) // 55.2% (31.7) // 55.2% (31.7)",
        "corsiAgainst": "50.0% (57.8) // 48.5% (54.2) // 46.2% (57.0) // 46.2% (57.0)",
        "fenwickAgainst": "50.5% (42.0) // 49.5% (40.3) // 46.4% (40.7) // 46.4% (40.7)",
        "shotsAgainst": "51.5% (29.8) // 51.8% (29.9) // 50.3% (31.7) // 50.3% (31.7)",
        "scoringAgainst": "48.9% (27.8) // 46.4% (24.0) // 44.8% (25.7) // 44.8% (25.7)",
        "oppCorsi": "49.8% (60.2) // 51.2% (61.8) // 49.5% (59.4) // 56.5% (66.2)",
        "oppFenwick": "50.6% (44.7) // 51.9% (45.8) // 51.5% (45.4) // 57.0% (49.9)",
        "oppShots": "51.3% (30.8) // 53.6% (32.7) // 52.7% (32.3) // 57.7% (35.4)",
        "oppScoring": "50.9% (29.3) // 51.9% (29.4) // 49.5% (28.3) // 54.9% (30.8)",
        "oppCorsiAgainst": "50.2% (60.6) // 48.8% (59.0) // 50.5% (60.6) // 43.5% (50.9)",
        "oppFenwickAgainst": "49.4% (43.5) // 48.1% (42.4) // 48.5% (42.9) // 43.0% (37.6)",
        "oppShotsAgainst": "48.7% (29.3) // 46.4% (28.3) // 47.3% (28.9) // 42.3% (25.9)",
        "oppScoringAgainst": "49.1% (28.3) // 48.1% (27.3) // 50.5% (28.9) // 45.1% (25.3)",
        "totalOver": 49,
        "totalOverLast5": 40,
        "totalOverLast15": 33,
        "lastTotalOver": 0,
        "last5": "0,0,1,0,1,0,2,1,0,0",
        "fd": "0",
        "dk": "+130/-166",
        "kambi": "123/-162",
        "lowest": "130 DK",
        "implied": 43.47826086956522,
        "overOdds": "+130",
        "underOdds": "-166",
        "overUnder": "+130 / -166"
    },
    {
        "player": "Jt Miller",
        "team": "VAN",
        "opponent": "NYR",
        "propType": "pts",
        "line": 0.5,
        "ppLine": "PP1",
        "avg": 1.36,
        "hit": false,
        "diffAvg": 1.72,
        "diffAbs": 0.8,
        "lastAvg": 1.01,
        "diff": 1.02,
        "avgMin": 19,
        "proj": 0.9,
        "lastAvgMin": 20.67,
        "oppOver": 0,
        "teamOver": 0,
        "gameLine": "+124",
        "+/-": "+18",
        "L5_+/-": "+5.0",
        "prevMatchup": "2023-10-28 1.0 pts",
        "winLossSplits": "72% - 71%",
        "awayHome": "A",
        "playedYesterday": "N",
        "awayHomeSplits": "60% - 84%",
        "savesAboveExp": 0.388,
        "gsaa": 3.34,
        "corsi": "50.0% (57.8) // 51.5% (57.7) // 53.8% (66.3) // 53.8% (66.3)",
        "fenwick": "49.5% (41.2) // 50.5% (41.2) // 53.6% (47.0) // 53.6% (47.0)",
        "shots": "48.5% (28.0) // 48.2% (27.8) // 49.7% (31.3) // 49.7% (31.3)",
        "scoring": "51.1% (29.0) // 53.6% (27.7) // 55.2% (31.7) // 55.2% (31.7)",
        "corsiAgainst": "50.0% (57.8) // 48.5% (54.2) // 46.2% (57.0) // 46.2% (57.0)",
        "fenwickAgainst": "50.5% (42.0) // 49.5% (40.3) // 46.4% (40.7) // 46.4% (40.7)",
        "shotsAgainst": "51.5% (29.8) // 51.8% (29.9) // 50.3% (31.7) // 50.3% (31.7)",
        "scoringAgainst": "48.9% (27.8) // 46.4% (24.0) // 44.8% (25.7) // 44.8% (25.7)",
        "oppCorsi": "49.8% (60.2) // 51.2% (61.8) // 49.5% (59.4) // 56.5% (66.2)",
        "oppFenwick": "50.6% (44.7) // 51.9% (45.8) // 51.5% (45.4) // 57.0% (49.9)",
        "oppShots": "51.3% (30.8) // 53.6% (32.7) // 52.7% (32.3) // 57.7% (35.4)",
        "oppScoring": "50.9% (29.3) // 51.9% (29.4) // 49.5% (28.3) // 54.9% (30.8)",
        "oppCorsiAgainst": "50.2% (60.6) // 48.8% (59.0) // 50.5% (60.6) // 43.5% (50.9)",
        "oppFenwickAgainst": "49.4% (43.5) // 48.1% (42.4) // 48.5% (42.9) // 43.0% (37.6)",
        "oppShotsAgainst": "48.7% (29.3) // 46.4% (28.3) // 47.3% (28.9) // 42.3% (25.9)",
        "oppScoringAgainst": "49.1% (28.3) // 48.1% (27.3) // 50.5% (28.9) // 45.1% (25.3)",
        "totalOver": 72,
        "totalOverLast5": 60,
        "totalOverLast15": 60,
        "lastTotalOver": 65,
        "last5": "3,0,2,0,2,1,0,2,0,1",
        "fd": "0",
        "dk": "-195/+150",
        "kambi": "-210/155",
        "lowest": "-195 DK",
        "implied": 66.10169491525424,
        "overOdds": "-195",
        "underOdds": "+150",
        "overUnder": "-195 / +150"
    },
    {
        "player": "Mika Zibanejad",
        "team": "NYR",
        "opponent": "VAN",
        "propType": "pts",
        "line": 0.5,
        "ppLine": "PP1",
        "avg": 1.0,
        "hit": false,
        "diffAvg": 1.0,
        "diffAbs": 1.0,
        "lastAvg": 1.02,
        "diff": 1.04,
        "avgMin": 19,
        "proj": 1.0,
        "lastAvgMin": 19.95,
        "oppOver": 0,
        "teamOver": 0,
        "gameLine": "-148",
        "+/-": "+5",
        "L5_+/-": "+1.0",
        "prevMatchup": "2023-10-28 3.0 pts",
        "winLossSplits": "73% - 50%",
        "awayHome": "H",
        "playedYesterday": "N",
        "awayHomeSplits": "55% - 78%",
        "savesAboveExp": -0.786,
        "gsaa": 10.67,
        "corsi": "49.8% (60.2) // 51.2% (61.8) // 49.5% (59.4) // 56.5% (66.2)",
        "fenwick": "50.6% (44.7) // 51.9% (45.8) // 51.5% (45.4) // 57.0% (49.9)",
        "shots": "51.3% (30.8) // 53.6% (32.7) // 52.7% (32.3) // 57.7% (35.4)",
        "scoring": "50.9% (29.3) // 51.9% (29.4) // 49.5% (28.3) // 54.9% (30.8)",
        "corsiAgainst": "50.2% (60.6) // 48.8% (59.0) // 50.5% (60.6) // 43.5% (50.9)",
        "fenwickAgainst": "49.4% (43.5) // 48.1% (42.4) // 48.5% (42.9) // 43.0% (37.6)",
        "shotsAgainst": "48.7% (29.3) // 46.4% (28.3) // 47.3% (28.9) // 42.3% (25.9)",
        "scoringAgainst": "49.1% (28.3) // 48.1% (27.3) // 50.5% (28.9) // 45.1% (25.3)",
        "oppCorsi": "50.0% (57.8) // 51.5% (57.7) // 53.8% (66.3) // 53.8% (66.3)",
        "oppFenwick": "49.5% (41.2) // 50.5% (41.2) // 53.6% (47.0) // 53.6% (47.0)",
        "oppShots": "48.5% (28.0) // 48.2% (27.8) // 49.7% (31.3) // 49.7% (31.3)",
        "oppScoring": "51.1% (29.0) // 53.6% (27.7) // 55.2% (31.7) // 55.2% (31.7)",
        "oppCorsiAgainst": "50.0% (57.8) // 48.5% (54.2) // 46.2% (57.0) // 46.2% (57.0)",
        "oppFenwickAgainst": "50.5% (42.0) // 49.5% (40.3) // 46.4% (40.7) // 46.4% (40.7)",
        "oppShotsAgainst": "51.5% (29.8) // 51.8% (29.9) // 50.3% (31.7) // 50.3% (31.7)",
        "oppScoringAgainst": "48.9% (27.8) // 46.4% (24.0) // 44.8% (25.7) // 44.8% (25.7)",
        "totalOver": 66,
        "totalOverLast5": 60,
        "totalOverLast15": 73,
        "lastTotalOver": 67,
        "last5": "0,1,0,1,1,2,3,2,2,1",
        "fd": "0",
        "dk": "-175/+135",
        "kambi": "-200/150",
        "lowest": "-175 DK",
        "implied": 63.63636363636363,
        "overOdds": "-175",
        "underOdds": "+135",
        "overUnder": "-175 / +135"
    },
    {
        "player": "Quinn Hughes",
        "team": "VAN",
        "opponent": "NYR",
        "propType": "pts",
        "line": 0.5,
        "ppLine": "PP1",
        "avg": 1.26,
        "hit": false,
        "diffAvg": 1.52,
        "diffAbs": 0.8,
        "lastAvg": 0.97,
        "diff": 0.94,
        "avgMin": 24,
        "proj": 0.9,
        "lastAvgMin": 25.65,
        "oppOver": 0,
        "teamOver": 0,
        "gameLine": "+124",
        "+/-": "+26",
        "L5_+/-": "+3.0",
        "prevMatchup": "2023-10-28 0.0 pts",
        "winLossSplits": "76% - 57%",
        "awayHome": "A",
        "playedYesterday": "N",
        "awayHomeSplits": "75% - 63%",
        "savesAboveExp": 0.388,
        "gsaa": 3.34,
        "corsi": "50.0% (57.8) // 51.5% (57.7) // 53.8% (66.3) // 53.8% (66.3)",
        "fenwick": "49.5% (41.2) // 50.5% (41.2) // 53.6% (47.0) // 53.6% (47.0)",
        "shots": "48.5% (28.0) // 48.2% (27.8) // 49.7% (31.3) // 49.7% (31.3)",
        "scoring": "51.1% (29.0) // 53.6% (27.7) // 55.2% (31.7) // 55.2% (31.7)",
        "corsiAgainst": "50.0% (57.8) // 48.5% (54.2) // 46.2% (57.0) // 46.2% (57.0)",
        "fenwickAgainst": "50.5% (42.0) // 49.5% (40.3) // 46.4% (40.7) // 46.4% (40.7)",
        "shotsAgainst": "51.5% (29.8) // 51.8% (29.9) // 50.3% (31.7) // 50.3% (31.7)",
        "scoringAgainst": "48.9% (27.8) // 46.4% (24.0) // 44.8% (25.7) // 44.8% (25.7)",
        "oppCorsi": "49.8% (60.2) // 51.2% (61.8) // 49.5% (59.4) // 56.5% (66.2)",
        "oppFenwick": "50.6% (44.7) // 51.9% (45.8) // 51.5% (45.4) // 57.0% (49.9)",
        "oppShots": "51.3% (30.8) // 53.6% (32.7) // 52.7% (32.3) // 57.7% (35.4)",
        "oppScoring": "50.9% (29.3) // 51.9% (29.4) // 49.5% (28.3) // 54.9% (30.8)",
        "oppCorsiAgainst": "50.2% (60.6) // 48.8% (59.0) // 50.5% (60.6) // 43.5% (50.9)",
        "oppFenwickAgainst": "49.4% (43.5) // 48.1% (42.4) // 48.5% (42.9) // 43.0% (37.6)",
        "oppShotsAgainst": "48.7% (29.3) // 46.4% (28.3) // 47.3% (28.9) // 42.3% (25.9)",
        "oppScoringAgainst": "49.1% (28.3) // 48.1% (27.3) // 50.5% (28.9) // 45.1% (25.3)",
        "totalOver": 69,
        "totalOverLast5": 80,
        "totalOverLast15": 53,
        "lastTotalOver": 63,
        "last5": "3,0,1,1,2,1,2,0,0,0",
        "fd": "0",
        "dk": "-175/+135",
        "kambi": "-182/138",
        "lowest": "-175 DK",
        "implied": 63.63636363636363,
        "overOdds": "-175",
        "underOdds": "+135",
        "overUnder": "-175 / +135"
    },
    {
        "player": "Vincent Trocheck",
        "team": "NYR",
        "opponent": "VAN",
        "propType": "pts",
        "line": 0.5,
        "ppLine": "PP1",
        "avg": 1.0,
        "hit": false,
        "diffAvg": 1.0,
        "diffAbs": 0.4,
        "lastAvg": 0.72,
        "diff": 0.44,
        "avgMin": 20,
        "proj": 0.7,
        "lastAvgMin": 19.3,
        "oppOver": 0,
        "teamOver": 0,
        "gameLine": "-148",
        "+/-": "+5",
        "L5_+/-": "+8.0",
        "prevMatchup": "2023-10-28 1.0 pts",
        "winLossSplits": "65% - 33%",
        "awayHome": "H",
        "playedYesterday": "N",
        "awayHomeSplits": "55% - 56%",
        "savesAboveExp": -0.786,
        "gsaa": 10.67,
        "corsi": "49.8% (60.2) // 51.2% (61.8) // 49.5% (59.4) // 56.5% (66.2)",
        "fenwick": "50.6% (44.7) // 51.9% (45.8) // 51.5% (45.4) // 57.0% (49.9)",
        "shots": "51.3% (30.8) // 53.6% (32.7) // 52.7% (32.3) // 57.7% (35.4)",
        "scoring": "50.9% (29.3) // 51.9% (29.4) // 49.5% (28.3) // 54.9% (30.8)",
        "corsiAgainst": "50.2% (60.6) // 48.8% (59.0) // 50.5% (60.6) // 43.5% (50.9)",
        "fenwickAgainst": "49.4% (43.5) // 48.1% (42.4) // 48.5% (42.9) // 43.0% (37.6)",
        "shotsAgainst": "48.7% (29.3) // 46.4% (28.3) // 47.3% (28.9) // 42.3% (25.9)",
        "scoringAgainst": "49.1% (28.3) // 48.1% (27.3) // 50.5% (28.9) // 45.1% (25.3)",
        "oppCorsi": "50.0% (57.8) // 51.5% (57.7) // 53.8% (66.3) // 53.8% (66.3)",
        "oppFenwick": "49.5% (41.2) // 50.5% (41.2) // 53.6% (47.0) // 53.6% (47.0)",
        "oppShots": "48.5% (28.0) // 48.2% (27.8) // 49.7% (31.3) // 49.7% (31.3)",
        "oppScoring": "51.1% (29.0) // 53.6% (27.7) // 55.2% (31.7) // 55.2% (31.7)",
        "oppCorsiAgainst": "50.0% (57.8) // 48.5% (54.2) // 46.2% (57.0) // 46.2% (57.0)",
        "oppFenwickAgainst": "50.5% (42.0) // 49.5% (40.3) // 46.4% (40.7) // 46.4% (40.7)",
        "oppShotsAgainst": "51.5% (29.8) // 51.8% (29.9) // 50.3% (31.7) // 50.3% (31.7)",
        "oppScoringAgainst": "48.9% (27.8) // 46.4% (24.0) // 44.8% (25.7) // 44.8% (25.7)",
        "totalOver": 55,
        "totalOverLast5": 60,
        "totalOverLast15": 47,
        "lastTotalOver": 46,
        "last5": "2,3,0,4,0,1,0,0,1,2",
        "fd": "0",
        "dk": "-175/+135",
        "kambi": "-200/150",
        "lowest": "-175 DK",
        "implied": 63.63636363636363,
        "overOdds": "-175",
        "underOdds": "+135",
        "overUnder": "-175 / +135"
    },
    {
        "player": "Bryan Rust",
        "team": "PIT",
        "opponent": "PHI",
        "propType": "pts",
        "line": 0.5,
        "ppLine": "PP2",
        "avg": 0.84,
        "hit": false,
        "diffAvg": 0.68,
        "diffAbs": 0.2,
        "lastAvg": 0.57,
        "diff": 0.14,
        "avgMin": 18,
        "proj": 0.6,
        "lastAvgMin": 17.88,
        "oppOver": 0,
        "teamOver": 0,
        "gameLine": "-125",
        "+/-": "+10",
        "L5_+/-": 0.0,
        "prevMatchup": "2023-12-04 1.0 pts 2023-12-02 2.0 pts",
        "winLossSplits": "55% - 64%",
        "awayHome": "A",
        "playedYesterday": "N",
        "awayHomeSplits": "62% - 58%",
        "savesAboveExp": 0.493,
        "gsaa": 5.6,
        "corsi": "52.6% (65.8) // 54.1% (68.7) // 55.0% (72.8) // 56.5% (71.3)",
        "fenwick": "51.7% (47.1) // 54.1% (47.9) // 55.3% (51.8) // 57.5% (52.3)",
        "shots": "52.4% (32.8) // 54.5% (33.5) // 54.7% (35.8) // 57.2% (37.0)",
        "scoring": "52.9% (32.1) // 55.1% (33.5) // 56.3% (33.8) // 62.6% (34.0)",
        "corsiAgainst": "47.4% (59.4) // 45.9% (58.3) // 45.0% (59.6) // 43.5% (55.0)",
        "fenwickAgainst": "48.3% (44.1) // 45.9% (40.7) // 44.7% (41.8) // 42.5% (38.7)",
        "shotsAgainst": "47.6% (29.8) // 45.5% (27.9) // 45.3% (29.6) // 42.8% (27.7)",
        "scoringAgainst": "47.1% (28.6) // 44.9% (27.2) // 43.7% (26.2) // 37.4% (20.3)",
        "oppCorsi": "50.0% (60.2) // 49.8% (59.8) // 51.8% (65.0) // 53.6% (67.8)",
        "oppFenwick": "52.0% (44.6) // 52.0% (45.0) // 53.2% (47.6) // 55.5% (50.6)",
        "oppShots": "53.5% (32.5) // 52.6% (32.8) // 54.4% (34.9) // 57.7% (38.9)",
        "oppScoring": "48.8% (27.4) // 47.6% (27.0) // 50.9% (28.9) // 52.0% (30.2)",
        "oppCorsiAgainst": "50.0% (60.3) // 50.2% (60.3) // 48.2% (60.5) // 46.4% (58.7)",
        "oppFenwickAgainst": "48.0% (41.1) // 48.0% (41.6) // 46.8% (41.9) // 44.5% (40.5)",
        "oppShotsAgainst": "46.5% (28.3) // 47.4% (29.6) // 45.6% (29.3) // 42.3% (28.5)",
        "oppScoringAgainst": "51.2% (28.8) // 52.4% (29.7) // 49.1% (27.9) // 48.0% (27.9)",
        "totalOver": 60,
        "totalOverLast5": 40,
        "totalOverLast15": 53,
        "lastTotalOver": 37,
        "last5": "0,1,0,0,1,2,0,1,0,1",
        "fd": "0",
        "dk": "+100/-130",
        "kambi": "-114/-114",
        "lowest": "100 DK",
        "implied": 50.0,
        "overOdds": "+100",
        "underOdds": "-130",
        "overUnder": "+100 / -130"
    },
    {
        "player": "Cam Atkinson",
        "team": "PHI",
        "opponent": "PIT",
        "propType": "pts",
        "line": 0.5,
        "ppLine": "",
        "avg": 0.47,
        "hit": false,
        "diffAvg": -0.06,
        "diffAbs": 1.0,
        "lastAvg": 0,
        "diff": 0,
        "avgMin": 17,
        "proj": 0.0,
        "lastAvgMin": 0,
        "oppOver": 0,
        "teamOver": 0,
        "gameLine": "+105",
        "+/-": -10,
        "L5_+/-": -2.0,
        "prevMatchup": "2023-12-04 0.0 pts 2023-12-02 0.0 pts",
        "winLossSplits": "35% - 39%",
        "awayHome": "H",
        "playedYesterday": "N",
        "awayHomeSplits": "38% - 35%",
        "savesAboveExp": -1.293,
        "gsaa": 5.54,
        "corsi": "50.0% (60.2) // 49.8% (59.8) // 51.8% (65.0) // 53.6% (67.8)",
        "fenwick": "52.0% (44.6) // 52.0% (45.0) // 53.2% (47.6) // 55.5% (50.6)",
        "shots": "53.5% (32.5) // 52.6% (32.8) // 54.4% (34.9) // 57.7% (38.9)",
        "scoring": "48.8% (27.4) // 47.6% (27.0) // 50.9% (28.9) // 52.0% (30.2)",
        "corsiAgainst": "50.0% (60.3) // 50.2% (60.3) // 48.2% (60.5) // 46.4% (58.7)",
        "fenwickAgainst": "48.0% (41.1) // 48.0% (41.6) // 46.8% (41.9) // 44.5% (40.5)",
        "shotsAgainst": "46.5% (28.3) // 47.4% (29.6) // 45.6% (29.3) // 42.3% (28.5)",
        "scoringAgainst": "51.2% (28.8) // 52.4% (29.7) // 49.1% (27.9) // 48.0% (27.9)",
        "oppCorsi": "52.6% (65.8) // 54.1% (68.7) // 55.0% (72.8) // 56.5% (71.3)",
        "oppFenwick": "51.7% (47.1) // 54.1% (47.9) // 55.3% (51.8) // 57.5% (52.3)",
        "oppShots": "52.4% (32.8) // 54.5% (33.5) // 54.7% (35.8) // 57.2% (37.0)",
        "oppScoring": "52.9% (32.1) // 55.1% (33.5) // 56.3% (33.8) // 62.6% (34.0)",
        "oppCorsiAgainst": "47.4% (59.4) // 45.9% (58.3) // 45.0% (59.6) // 43.5% (55.0)",
        "oppFenwickAgainst": "48.3% (44.1) // 45.9% (40.7) // 44.7% (41.8) // 42.5% (38.7)",
        "oppShotsAgainst": "47.6% (29.8) // 45.5% (27.9) // 45.3% (29.6) // 42.8% (27.7)",
        "oppScoringAgainst": "47.1% (28.6) // 44.9% (27.2) // 43.7% (26.2) // 37.4% (20.3)",
        "totalOver": 37,
        "totalOverLast5": 20,
        "totalOverLast15": 27,
        "lastTotalOver": 0,
        "last5": "0,0,1,0,0,1,0,0,0,0",
        "fd": "0",
        "dk": "+130/-166",
        "kambi": "130/-167",
        "lowest": "130 DK",
        "implied": 43.47826086956522,
        "overOdds": "+130",
        "underOdds": "-166",
        "overUnder": "+130 / -166"
    },
    {
        "player": "Erik Karlsson",
        "team": "PIT",
        "opponent": "PHI",
        "propType": "pts",
        "line": 0.5,
        "ppLine": "PP1",
        "avg": 0.71,
        "hit": false,
        "diffAvg": 0.42,
        "diffAbs": 1.2,
        "lastAvg": 1.22,
        "diff": 1.44,
        "avgMin": 24,
        "proj": 1.1,
        "lastAvgMin": 25.6,
        "oppOver": 0,
        "teamOver": 0,
        "gameLine": "-125",
        "+/-": "+10",
        "L5_+/-": -2.0,
        "prevMatchup": "2023-12-04 0.0 pts 2023-12-02 1.0 pts",
        "winLossSplits": "58% - 37%",
        "awayHome": "A",
        "playedYesterday": "N",
        "awayHomeSplits": "47% - 47%",
        "savesAboveExp": 0.493,
        "gsaa": 5.6,
        "corsi": "52.6% (65.8) // 54.1% (68.7) // 55.0% (72.8) // 56.5% (71.3)",
        "fenwick": "51.7% (47.1) // 54.1% (47.9) // 55.3% (51.8) // 57.5% (52.3)",
        "shots": "52.4% (32.8) // 54.5% (33.5) // 54.7% (35.8) // 57.2% (37.0)",
        "scoring": "52.9% (32.1) // 55.1% (33.5) // 56.3% (33.8) // 62.6% (34.0)",
        "corsiAgainst": "47.4% (59.4) // 45.9% (58.3) // 45.0% (59.6) // 43.5% (55.0)",
        "fenwickAgainst": "48.3% (44.1) // 45.9% (40.7) // 44.7% (41.8) // 42.5% (38.7)",
        "shotsAgainst": "47.6% (29.8) // 45.5% (27.9) // 45.3% (29.6) // 42.8% (27.7)",
        "scoringAgainst": "47.1% (28.6) // 44.9% (27.2) // 43.7% (26.2) // 37.4% (20.3)",
        "oppCorsi": "50.0% (60.2) // 49.8% (59.8) // 51.8% (65.0) // 53.6% (67.8)",
        "oppFenwick": "52.0% (44.6) // 52.0% (45.0) // 53.2% (47.6) // 55.5% (50.6)",
        "oppShots": "53.5% (32.5) // 52.6% (32.8) // 54.4% (34.9) // 57.7% (38.9)",
        "oppScoring": "48.8% (27.4) // 47.6% (27.0) // 50.9% (28.9) // 52.0% (30.2)",
        "oppCorsiAgainst": "50.0% (60.3) // 50.2% (60.3) // 48.2% (60.5) // 46.4% (58.7)",
        "oppFenwickAgainst": "48.0% (41.1) // 48.0% (41.6) // 46.8% (41.9) // 44.5% (40.5)",
        "oppShotsAgainst": "46.5% (28.3) // 47.4% (29.6) // 45.6% (29.3) // 42.3% (28.5)",
        "oppScoringAgainst": "51.2% (28.8) // 52.4% (29.7) // 49.1% (27.9) // 48.0% (27.9)",
        "totalOver": 47,
        "totalOverLast5": 80,
        "totalOverLast15": 40,
        "lastTotalOver": 69,
        "last5": "1,2,1,0,1,0,0,0,1,0",
