[
    {
        "player": "Alex Tuch",
        "team": "BUF",
        "opponent": "OTT",
        "propType": "pts",
        "line": 0.5,
        "ppLine": "",
        "avg": 0.83,
        "hit": false,
        "diffAvg": 0.66,
        "diffAbs": 1.2,
        "lastAvg": 1.07,
        "diff": 1.14,
        "avgMin": 19,
        "proj": 1.1,
        "lastAvgMin": 19.15,
        "oppOver": 0,
        "teamOver": 0,
        "gameLine": "-125",
        "+/-": -1,
        "L5_+/-": "+4.0",
        "prevMatchup": "2024-01-11 0.0 pts 2023-12-31 0.0 pts 2023-10-24 2.0 pts",
        "winLossSplits": "73% - 35%",
        "awayHome": "H",
        "playedYesterday": "Y",
        "awayHomeSplits": "60% - 40%",
        "savesAboveExp": 0.689,
        "gsaa": -5.87,
        "corsi": "49.9% (59.3) // 53.1% (66.2) // 50.2% (65.2) // 49.5% (64.0)",
        "fenwick": "50.5% (43.8) // 53.9% (48.2) // 51.1% (47.0) // 50.0% (44.7)",
        "shots": "51.3% (31.0) // 53.8% (34.5) // 52.2% (35.0) // 51.8% (34.0)",
        "scoring": "48.4% (27.8) // 52.8% (29.3) // 51.0% (26.5) // 49.7% (24.7)",
        "corsiAgainst": "50.1% (59.5) // 46.9% (58.5) // 49.8% (64.8) // 50.5% (65.3)",
        "fenwickAgainst": "49.5% (43.0) // 46.1% (41.2) // 48.9% (45.0) // 50.0% (44.7)",
        "shotsAgainst": "48.7% (29.5) // 46.2% (29.6) // 47.8% (32.0) // 48.2% (31.7)",
        "scoringAgainst": "51.6% (29.6) // 47.2% (26.2) // 49.0% (25.5) // 50.3% (25.0)",
        "oppCorsi": "50.3% (61.5) // 48.7% (63.0) // 52.5% (67.6) // 50.9% (63.0)",
        "oppFenwick": "50.9% (44.8) // 48.5% (45.0) // 51.8% (47.2) // 48.3% (42.7)",
        "oppShots": "50.5% (32.1) // 47.6% (32.0) // 49.1% (32.4) // 44.4% (30.3)",
        "oppScoring": "47.7% (27.6) // 45.7% (27.1) // 47.2% (27.0) // 43.3% (24.7)",
        "oppCorsiAgainst": "49.7% (60.9) // 51.3% (66.4) // 47.5% (61.2) // 49.1% (60.7)",
        "oppFenwickAgainst": "49.1% (43.2) // 51.5% (47.7) // 48.2% (44.0) // 51.7% (45.7)",
        "oppShotsAgainst": "49.5% (31.4) // 52.4% (35.2) // 50.9% (33.6) // 55.6% (38.0)",
        "oppScoringAgainst": "52.3% (30.3) // 54.3% (32.2) // 52.8% (30.2) // 56.7% (32.3)",
        "totalOver": 51,
        "totalOverLast5": 60,
        "totalOverLast15": 40,
        "lastTotalOver": 65,
        "last5": "0,2,1,2,0,0,0,0,4,1",
        "fd": "0",
        "dk": "-160/+124",
        "kambi": "-175/130",
        "lowest": "-160 DK",
        "implied": 61.53846153846154,
        "overOdds": "-160",
        "underOdds": "+124",
        "overUnder": "-160 / +124"
    },
    {
        "player": "Brady Tkachuk",
        "team": "OTT",
        "opponent": "BUF",
        "propType": "pts",
        "line": 0.5,
        "ppLine": "",
        "avg": 0.78,
        "hit": false,
        "diffAvg": 0.56,
        "diffAbs": 1.0,
        "lastAvg": 0.99,
        "diff": 0.98,
        "avgMin": 19,
        "proj": 1.0,
        "lastAvgMin": 18.62,
        "oppOver": 0,
        "teamOver": 0,
        "gameLine": "+105",
        "+/-": -10,
        "L5_+/-": -7.0,
        "prevMatchup": "2024-01-11 0.0 pts 2023-12-31 0.0 pts 2023-10-24 0.0 pts",
        "winLossSplits": "57% - 43%",
        "awayHome": "A",
        "playedYesterday": "Y",
        "awayHomeSplits": "47% - 50%",
        "savesAboveExp": 0.461,
        "gsaa": -2.15,
        "corsi": "50.3% (61.5) // 48.7% (63.0) // 52.5% (67.6) // 50.9% (63.0)",
        "fenwick": "50.9% (44.8) // 48.5% (45.0) // 51.8% (47.2) // 48.3% (42.7)",
        "shots": "50.5% (32.1) // 47.6% (32.0) // 49.1% (32.4) // 44.4% (30.3)",
        "scoring": "47.7% (27.6) // 45.7% (27.1) // 47.2% (27.0) // 43.3% (24.7)",
        "corsiAgainst": "49.7% (60.9) // 51.3% (66.4) // 47.5% (61.2) // 49.1% (60.7)",
        "fenwickAgainst": "49.1% (43.2) // 51.5% (47.7) // 48.2% (44.0) // 51.7% (45.7)",
        "shotsAgainst": "49.5% (31.4) // 52.4% (35.2) // 50.9% (33.6) // 55.6% (38.0)",
        "scoringAgainst": "52.3% (30.3) // 54.3% (32.2) // 52.8% (30.2) // 56.7% (32.3)",
        "oppCorsi": "49.9% (59.3) // 53.1% (66.2) // 50.2% (65.2) // 49.5% (64.0)",
        "oppFenwick": "50.5% (43.8) // 53.9% (48.2) // 51.1% (47.0) // 50.0% (44.7)",
        "oppShots": "51.3% (31.0) // 53.8% (34.5) // 52.2% (35.0) // 51.8% (34.0)",
        "oppScoring": "48.4% (27.8) // 52.8% (29.3) // 51.0% (26.5) // 49.7% (24.7)",
        "oppCorsiAgainst": "50.1% (59.5) // 46.9% (58.5) // 49.8% (64.8) // 50.5% (65.3)",
        "oppFenwickAgainst": "49.5% (43.0) // 46.1% (41.2) // 48.9% (45.0) // 50.0% (44.7)",
        "oppShotsAgainst": "48.7% (29.5) // 46.2% (29.6) // 47.8% (32.0) // 48.2% (31.7)",
        "oppScoringAgainst": "51.6% (29.6) // 47.2% (26.2) // 49.0% (25.5) // 50.3% (25.0)",
        "totalOver": 49,
        "totalOverLast5": 60,
        "totalOverLast15": 53,
        "lastTotalOver": 68,
        "last5": "0,1,1,0,1,0,1,1,3,0",
        "fd": "0",
        "dk": "-175/+135",
        "kambi": "-177/135",
        "lowest": "-175 DK",
        "implied": 63.63636363636363,
        "overOdds": "-175",
        "underOdds": "+135",
        "overUnder": "-175 / +135"
    },
    {
        "player": "Casey Mittelstadt",
        "team": "BUF",
        "opponent": "OTT",
        "propType": "pts",
        "line": 0.5,
        "ppLine": "",
        "avg": 0.83,
        "hit": false,
        "diffAvg": 0.66,
        "diffAbs": 0.6,
        "lastAvg": 0.72,
        "diff": 0.44,
        "avgMin": 18,
        "proj": 0.8,
        "lastAvgMin": 15.72,
        "oppOver": 0,
        "teamOver": 0,
        "gameLine": "-125",
        "+/-": "+9",
        "L5_+/-": "+6.0",
        "prevMatchup": "2024-01-11 0.0 pts 2023-12-31 0.0 pts 2023-10-24 2.0 pts",
        "winLossSplits": "67% - 50%",
        "awayHome": "H",
        "playedYesterday": "Y",
        "awayHomeSplits": "59% - 55%",
        "savesAboveExp": 0.689,
        "gsaa": -5.87,
        "corsi": "49.9% (59.3) // 53.1% (66.2) // 50.2% (65.2) // 49.5% (64.0)",
        "fenwick": "50.5% (43.8) // 53.9% (48.2) // 51.1% (47.0) // 50.0% (44.7)",
        "shots": "51.3% (31.0) // 53.8% (34.5) // 52.2% (35.0) // 51.8% (34.0)",
        "scoring": "48.4% (27.8) // 52.8% (29.3) // 51.0% (26.5) // 49.7% (24.7)",
        "corsiAgainst": "50.1% (59.5) // 46.9% (58.5) // 49.8% (64.8) // 50.5% (65.3)",
        "fenwickAgainst": "49.5% (43.0) // 46.1% (41.2) // 48.9% (45.0) // 50.0% (44.7)",
        "shotsAgainst": "48.7% (29.5) // 46.2% (29.6) // 47.8% (32.0) // 48.2% (31.7)",
        "scoringAgainst": "51.6% (29.6) // 47.2% (26.2) // 49.0% (25.5) // 50.3% (25.0)",
        "oppCorsi": "50.3% (61.5) // 48.7% (63.0) // 52.5% (67.6) // 50.9% (63.0)",
        "oppFenwick": "50.9% (44.8) // 48.5% (45.0) // 51.8% (47.2) // 48.3% (42.7)",
        "oppShots": "50.5% (32.1) // 47.6% (32.0) // 49.1% (32.4) // 44.4% (30.3)",
        "oppScoring": "47.7% (27.6) // 45.7% (27.1) // 47.2% (27.0) // 43.3% (24.7)",
        "oppCorsiAgainst": "49.7% (60.9) // 51.3% (66.4) // 47.5% (61.2) // 49.1% (60.7)",
        "oppFenwickAgainst": "49.1% (43.2) // 51.5% (47.7) // 48.2% (44.0) // 51.7% (45.7)",
        "oppShotsAgainst": "49.5% (31.4) // 52.4% (35.2) // 50.9% (33.6) // 55.6% (38.0)",
        "oppScoringAgainst": "52.3% (30.3) // 54.3% (32.2) // 52.8% (30.2) // 56.7% (32.3)",
        "totalOver": 57,
        "totalOverLast5": 40,
        "totalOverLast15": 53,
        "lastTotalOver": 49,
        "last5": "0,2,0,2,0,1,1,1,1,2",
        "fd": "0",
        "dk": "-140/+110",
        "kambi": "-150/115",
        "lowest": "-140 DK",
        "implied": 58.333333333333336,
        "overOdds": "-140",
        "underOdds": "+110",
        "overUnder": "-140 / +110"
    },
    {
        "player": "Claude Giroux",
        "team": "OTT",
        "opponent": "BUF",
        "propType": "pts",
        "line": 0.5,
        "ppLine": "",
        "avg": 0.92,
        "hit": false,
        "diffAvg": 0.84,
        "diffAbs": 1.0,
        "lastAvg": 0.96,
        "diff": 0.92,
        "avgMin": 20,
        "proj": 1.0,
        "lastAvgMin": 18.78,
        "oppOver": 0,
        "teamOver": 0,
        "gameLine": "+105",
        "+/-": -2,
        "L5_+/-": -4.0,
        "prevMatchup": "2024-01-11 2.0 pts 2023-12-31 1.0 pts 2023-10-24 0.0 pts",
        "winLossSplits": "86% - 48%",
        "awayHome": "A",
        "playedYesterday": "Y",
        "awayHomeSplits": "65% - 60%",
        "savesAboveExp": 0.461,
        "gsaa": -2.15,
        "corsi": "50.3% (61.5) // 48.7% (63.0) // 52.5% (67.6) // 50.9% (63.0)",
        "fenwick": "50.9% (44.8) // 48.5% (45.0) // 51.8% (47.2) // 48.3% (42.7)",
        "shots": "50.5% (32.1) // 47.6% (32.0) // 49.1% (32.4) // 44.4% (30.3)",
        "scoring": "47.7% (27.6) // 45.7% (27.1) // 47.2% (27.0) // 43.3% (24.7)",
        "corsiAgainst": "49.7% (60.9) // 51.3% (66.4) // 47.5% (61.2) // 49.1% (60.7)",
        "fenwickAgainst": "49.1% (43.2) // 51.5% (47.7) // 48.2% (44.0) // 51.7% (45.7)",
        "shotsAgainst": "49.5% (31.4) // 52.4% (35.2) // 50.9% (33.6) // 55.6% (38.0)",
        "scoringAgainst": "52.3% (30.3) // 54.3% (32.2) // 52.8% (30.2) // 56.7% (32.3)",
        "oppCorsi": "49.9% (59.3) // 53.1% (66.2) // 50.2% (65.2) // 49.5% (64.0)",
        "oppFenwick": "50.5% (43.8) // 53.9% (48.2) // 51.1% (47.0) // 50.0% (44.7)",
        "oppShots": "51.3% (31.0) // 53.8% (34.5) // 52.2% (35.0) // 51.8% (34.0)",
        "oppScoring": "48.4% (27.8) // 52.8% (29.3) // 51.0% (26.5) // 49.7% (24.7)",
        "oppCorsiAgainst": "50.1% (59.5) // 46.9% (58.5) // 49.8% (64.8) // 50.5% (65.3)",
        "oppFenwickAgainst": "49.5% (43.0) // 46.1% (41.2) // 48.9% (45.0) // 50.0% (44.7)",
        "oppShotsAgainst": "48.7% (29.5) // 46.2% (29.6) // 47.8% (32.0) // 48.2% (31.7)",
        "oppScoringAgainst": "51.6% (29.6) // 47.2% (26.2) // 49.0% (25.5) // 50.3% (25.0)",
        "totalOver": 62,
        "totalOverLast5": 60,
        "totalOverLast15": 53,
        "lastTotalOver": 59,
        "last5": "2,1,0,0,2,1,0,1,2,0",
        "fd": "0",
        "dk": "-175/+135",
        "kambi": "-157/120",
        "lowest": "-157 BR",
        "implied": 61.08949416342413,
        "overOdds": "-175",
        "underOdds": "+135",
        "overUnder": "-175 / +135"
    },
    {
        "player": "Drake Batherson",
        "team": "OTT",
        "opponent": "BUF",
        "propType": "pts",
        "line": 0.5,
        "ppLine": "",
        "avg": 0.84,
        "hit": false,
        "diffAvg": 0.68,
        "diffAbs": 0.4,
        "lastAvg": 0.76,
        "diff": 0.52,
        "avgMin": 18,
        "proj": 0.7,
        "lastAvgMin": 18.6,
        "oppOver": 0,
        "teamOver": 0,
        "gameLine": "+105",
        "+/-": -3,
        "L5_+/-": -2.0,
        "prevMatchup": "2024-01-11 0.0 pts 2023-12-31 0.0 pts 2023-10-24 1.0 pts",
        "winLossSplits": "64% - 57%",
        "awayHome": "A",
        "playedYesterday": "Y",
        "awayHomeSplits": "59% - 60%",
        "savesAboveExp": 0.461,
        "gsaa": -2.15,
        "corsi": "50.3% (61.5) // 48.7% (63.0) // 52.5% (67.6) // 50.9% (63.0)",
        "fenwick": "50.9% (44.8) // 48.5% (45.0) // 51.8% (47.2) // 48.3% (42.7)",
        "shots": "50.5% (32.1) // 47.6% (32.0) // 49.1% (32.4) // 44.4% (30.3)",
        "scoring": "47.7% (27.6) // 45.7% (27.1) // 47.2% (27.0) // 43.3% (24.7)",
        "corsiAgainst": "49.7% (60.9) // 51.3% (66.4) // 47.5% (61.2) // 49.1% (60.7)",
        "fenwickAgainst": "49.1% (43.2) // 51.5% (47.7) // 48.2% (44.0) // 51.7% (45.7)",
        "shotsAgainst": "49.5% (31.4) // 52.4% (35.2) // 50.9% (33.6) // 55.6% (38.0)",
        "scoringAgainst": "52.3% (30.3) // 54.3% (32.2) // 52.8% (30.2) // 56.7% (32.3)",
        "oppCorsi": "49.9% (59.3) // 53.1% (66.2) // 50.2% (65.2) // 49.5% (64.0)",
        "oppFenwick": "50.5% (43.8) // 53.9% (48.2) // 51.1% (47.0) // 50.0% (44.7)",
        "oppShots": "51.3% (31.0) // 53.8% (34.5) // 52.2% (35.0) // 51.8% (34.0)",
        "oppScoring": "48.4% (27.8) // 52.8% (29.3) // 51.0% (26.5) // 49.7% (24.7)",
        "oppCorsiAgainst": "50.1% (59.5) // 46.9% (58.5) // 49.8% (64.8) // 50.5% (65.3)",
        "oppFenwickAgainst": "49.5% (43.0) // 46.1% (41.2) // 48.9% (45.0) // 50.0% (44.7)",
        "oppShotsAgainst": "48.7% (29.5) // 46.2% (29.6) // 47.8% (32.0) // 48.2% (31.7)",
        "oppScoringAgainst": "51.6% (29.6) // 47.2% (26.2) // 49.0% (25.5) // 50.3% (25.0)",
        "totalOver": 59,
        "totalOverLast5": 40,
        "totalOverLast15": 60,
        "lastTotalOver": 64,
        "last5": "0,1,0,0,1,0,1,2,1,2",
        "fd": "0",
        "dk": "-145/+114",
        "kambi": "-152/117",
        "lowest": "-145 DK",
        "implied": 59.183673469387756,
        "overOdds": "-145",
        "underOdds": "+114",
        "overUnder": "-145 / +114"
    },
    {
        "player": "Dylan Cozens",
        "team": "BUF",
        "opponent": "OTT",
        "propType": "pts",
        "line": 0.5,
        "ppLine": "",
        "avg": 0.55,
        "hit": false,
        "diffAvg": 0.1,
        "diffAbs": 0.6,
        "lastAvg": 0.84,
        "diff": 0.68,
        "avgMin": 16,
        "proj": 0.8,
        "lastAvgMin": 16.48,
        "oppOver": 0,
        "teamOver": 0,
        "gameLine": "-125",
        "+/-": -6,
        "L5_+/-": -2.0,
        "prevMatchup": "2024-01-11 2.0 pts 2023-12-31 0.0 pts 2023-10-24 1.0 pts",
        "winLossSplits": "41% - 39%",
        "awayHome": "H",
        "playedYesterday": "Y",
        "awayHomeSplits": "35% - 45%",
        "savesAboveExp": 0.689,
        "gsaa": -5.87,
        "corsi": "49.9% (59.3) // 53.1% (66.2) // 50.2% (65.2) // 49.5% (64.0)",
        "fenwick": "50.5% (43.8) // 53.9% (48.2) // 51.1% (47.0) // 50.0% (44.7)",
        "shots": "51.3% (31.0) // 53.8% (34.5) // 52.2% (35.0) // 51.8% (34.0)",
        "scoring": "48.4% (27.8) // 52.8% (29.3) // 51.0% (26.5) // 49.7% (24.7)",
        "corsiAgainst": "50.1% (59.5) // 46.9% (58.5) // 49.8% (64.8) // 50.5% (65.3)",
        "fenwickAgainst": "49.5% (43.0) // 46.1% (41.2) // 48.9% (45.0) // 50.0% (44.7)",
        "shotsAgainst": "48.7% (29.5) // 46.2% (29.6) // 47.8% (32.0) // 48.2% (31.7)",
        "scoringAgainst": "51.6% (29.6) // 47.2% (26.2) // 49.0% (25.5) // 50.3% (25.0)",
        "oppCorsi": "50.3% (61.5) // 48.7% (63.0) // 52.5% (67.6) // 50.9% (63.0)",
        "oppFenwick": "50.9% (44.8) // 48.5% (45.0) // 51.8% (47.2) // 48.3% (42.7)",
        "oppShots": "50.5% (32.1) // 47.6% (32.0) // 49.1% (32.4) // 44.4% (30.3)",
        "oppScoring": "47.7% (27.6) // 45.7% (27.1) // 47.2% (27.0) // 43.3% (24.7)",
        "oppCorsiAgainst": "49.7% (60.9) // 51.3% (66.4) // 47.5% (61.2) // 49.1% (60.7)",
        "oppFenwickAgainst": "49.1% (43.2) // 51.5% (47.7) // 48.2% (44.0) // 51.7% (45.7)",
        "oppShotsAgainst": "49.5% (31.4) // 52.4% (35.2) // 50.9% (33.6) // 55.6% (38.0)",
        "oppScoringAgainst": "52.3% (30.3) // 54.3% (32.2) // 52.8% (30.2) // 56.7% (32.3)",
        "totalOver": 40,
        "totalOverLast5": 20,
        "totalOverLast15": 33,
        "lastTotalOver": 58,
        "last5": "2,0,0,0,0,1,0,1,0,2",
        "fd": "0",
        "dk": "+105/-135",
        "kambi": "100/-130",
        "lowest": "105 DK",
        "implied": 48.78048780487805,
        "overOdds": "+105",
        "underOdds": "-135",
        "overUnder": "+105 / -135"
    },
    {
        "player": "Jack Quinn",
        "team": "BUF",
        "opponent": "OTT",
        "propType": "pts",
        "line": 0.5,
        "ppLine": "",
        "avg": 0.6,
        "hit": false,
        "diffAvg": 0.2,
        "diffAbs": 0.2,
        "lastAvg": 0.49,
        "diff": -0.02,
        "avgMin": 16,
        "proj": 0.6,
        "lastAvgMin": 13.83,
        "oppOver": 0,
        "teamOver": 0,
        "gameLine": "-125",
        "+/-": -5,
        "L5_+/-": -5.0,
        "prevMatchup": "2024-01-11 1.0 pts 2023-12-31 0.0 pts",
        "winLossSplits": "80% - 20%",
        "awayHome": "H",
        "playedYesterday": "Y",
        "awayHomeSplits": "50% - 50%",
        "savesAboveExp": 0.689,
        "gsaa": -5.87,
        "corsi": "49.9% (59.3) // 53.1% (66.2) // 50.2% (65.2) // 49.5% (64.0)",
        "fenwick": "50.5% (43.8) // 53.9% (48.2) // 51.1% (47.0) // 50.0% (44.7)",
        "shots": "51.3% (31.0) // 53.8% (34.5) // 52.2% (35.0) // 51.8% (34.0)",
        "scoring": "48.4% (27.8) // 52.8% (29.3) // 51.0% (26.5) // 49.7% (24.7)",
        "corsiAgainst": "50.1% (59.5) // 46.9% (58.5) // 49.8% (64.8) // 50.5% (65.3)",
        "fenwickAgainst": "49.5% (43.0) // 46.1% (41.2) // 48.9% (45.0) // 50.0% (44.7)",
        "shotsAgainst": "48.7% (29.5) // 46.2% (29.6) // 47.8% (32.0) // 48.2% (31.7)",
        "scoringAgainst": "51.6% (29.6) // 47.2% (26.2) // 49.0% (25.5) // 50.3% (25.0)",
        "oppCorsi": "50.3% (61.5) // 48.7% (63.0) // 52.5% (67.6) // 50.9% (63.0)",
        "oppFenwick": "50.9% (44.8) // 48.5% (45.0) // 51.8% (47.2) // 48.3% (42.7)",
        "oppShots": "50.5% (32.1) // 47.6% (32.0) // 49.1% (32.4) // 44.4% (30.3)",
        "oppScoring": "47.7% (27.6) // 45.7% (27.1) // 47.2% (27.0) // 43.3% (24.7)",
        "oppCorsiAgainst": "49.7% (60.9) // 51.3% (66.4) // 47.5% (61.2) // 49.1% (60.7)",
        "oppFenwickAgainst": "49.1% (43.2) // 51.5% (47.7) // 48.2% (44.0) // 51.7% (45.7)",
        "oppShotsAgainst": "49.5% (31.4) // 52.4% (35.2) // 50.9% (33.6) // 55.6% (38.0)",
        "oppScoringAgainst": "52.3% (30.3) // 54.3% (32.2) // 52.8% (30.2) // 56.7% (32.3)",
        "totalOver": 50,
        "totalOverLast5": 40,
        "totalOverLast15": 50,
        "lastTotalOver": 0,
        "last5": "1,0,0,2,0,1,0,1,1,0",
        "fd": "0",
        "dk": "+120/-150",
        "kambi": "114/-148",
        "lowest": "120 DK",
        "implied": 45.45454545454545,
        "overOdds": "+120",
        "underOdds": "-150",
        "overUnder": "+120 / -150"
    },
    {
        "player": "Jake Sanderson",
        "team": "OTT",
        "opponent": "BUF",
        "propType": "pts",
        "line": 0.5,
        "ppLine": "",
        "avg": 0.54,
        "hit": false,
        "diffAvg": 0.08,
        "diffAbs": 0.2,
        "lastAvg": 0.42,
        "diff": -0.16,
        "avgMin": 23,
        "proj": 0.4,
        "lastAvgMin": 21.92,
        "oppOver": 0,
        "teamOver": 0,
        "gameLine": "+105",
        "+/-": -2,
        "L5_+/-": -4.0,
        "prevMatchup": "2024-01-11 0.0 pts 2023-12-31 1.0 pts 2023-10-24 1.0 pts",
        "winLossSplits": "57% - 30%",
        "awayHome": "A",
        "playedYesterday": "Y",
        "awayHomeSplits": "24% - 55%",
        "savesAboveExp": 0.461,
        "gsaa": -2.15,
        "corsi": "50.3% (61.5) // 48.7% (63.0) // 52.5% (67.6) // 50.9% (63.0)",
        "fenwick": "50.9% (44.8) // 48.5% (45.0) // 51.8% (47.2) // 48.3% (42.7)",
        "shots": "50.5% (32.1) // 47.6% (32.0) // 49.1% (32.4) // 44.4% (30.3)",
        "scoring": "47.7% (27.6) // 45.7% (27.1) // 47.2% (27.0) // 43.3% (24.7)",
        "corsiAgainst": "49.7% (60.9) // 51.3% (66.4) // 47.5% (61.2) // 49.1% (60.7)",
        "fenwickAgainst": "49.1% (43.2) // 51.5% (47.7) // 48.2% (44.0) // 51.7% (45.7)",
        "shotsAgainst": "49.5% (31.4) // 52.4% (35.2) // 50.9% (33.6) // 55.6% (38.0)",
        "scoringAgainst": "52.3% (30.3) // 54.3% (32.2) // 52.8% (30.2) // 56.7% (32.3)",
        "oppCorsi": "49.9% (59.3) // 53.1% (66.2) // 50.2% (65.2) // 49.5% (64.0)",
        "oppFenwick": "50.5% (43.8) // 53.9% (48.2) // 51.1% (47.0) // 50.0% (44.7)",
        "oppShots": "51.3% (31.0) // 53.8% (34.5) // 52.2% (35.0) // 51.8% (34.0)",
        "oppScoring": "48.4% (27.8) // 52.8% (29.3) // 51.0% (26.5) // 49.7% (24.7)",
        "oppCorsiAgainst": "50.1% (59.5) // 46.9% (58.5) // 49.8% (64.8) // 50.5% (65.3)",
        "oppFenwickAgainst": "49.5% (43.0) // 46.1% (41.2) // 48.9% (45.0) // 50.0% (44.7)",
        "oppShotsAgainst": "48.7% (29.5) // 46.2% (29.6) // 47.8% (32.0) // 48.2% (31.7)",
        "oppScoringAgainst": "51.6% (29.6) // 47.2% (26.2) // 49.0% (25.5) // 50.3% (25.0)",
        "totalOver": 41,
        "totalOverLast5": 20,
        "totalOverLast15": 33,
        "lastTotalOver": 29,
        "last5": "0,0,0,0,1,1,0,0,1,0",
        "fd": "0",
        "dk": "+130/-166",
        "kambi": "135/-177",
        "lowest": "135 BR",
        "implied": 42.5531914893617,
        "overOdds": "+130",
        "underOdds": "-166",
        "overUnder": "+130 / -166"
    },
    {
        "player": "Jakob Chychrun",
        "team": "OTT",
        "opponent": "BUF",
        "propType": "pts",
        "line": 0.5,
        "ppLine": "",
        "avg": 0.7,
        "hit": false,
        "diffAvg": 0.4,
        "diffAbs": 0.4,
        "lastAvg": 0.69,
        "diff": 0.38,
        "avgMin": 22,
        "proj": 0.7,
        "lastAvgMin": 22.7,
        "oppOver": 0,
        "teamOver": 0,
        "gameLine": "+105",
        "+/-": -8,
        "L5_+/-": -4.0,
        "prevMatchup": "2024-01-11 0.0 pts 2023-12-31 1.0 pts 2023-10-24 1.0 pts",
        "winLossSplits": "57% - 43%",
        "awayHome": "A",
        "playedYesterday": "Y",
        "awayHomeSplits": "53% - 45%",
        "savesAboveExp": 0.461,
        "gsaa": -2.15,
        "corsi": "50.3% (61.5) // 48.7% (63.0) // 52.5% (67.6) // 50.9% (63.0)",
        "fenwick": "50.9% (44.8) // 48.5% (45.0) // 51.8% (47.2) // 48.3% (42.7)",
        "shots": "50.5% (32.1) // 47.6% (32.0) // 49.1% (32.4) // 44.4% (30.3)",
        "scoring": "47.7% (27.6) // 45.7% (27.1) // 47.2% (27.0) // 43.3% (24.7)",
        "corsiAgainst": "49.7% (60.9) // 51.3% (66.4) // 47.5% (61.2) // 49.1% (60.7)",
        "fenwickAgainst": "49.1% (43.2) // 51.5% (47.7) // 48.2% (44.0) // 51.7% (45.7)",
        "shotsAgainst": "49.5% (31.4) // 52.4% (35.2) // 50.9% (33.6) // 55.6% (38.0)",
        "scoringAgainst": "52.3% (30.3) // 54.3% (32.2) // 52.8% (30.2) // 56.7% (32.3)",
        "oppCorsi": "49.9% (59.3) // 53.1% (66.2) // 50.2% (65.2) // 49.5% (64.0)",
        "oppFenwick": "50.5% (43.8) // 53.9% (48.2) // 51.1% (47.0) // 50.0% (44.7)",
        "oppShots": "51.3% (31.0) // 53.8% (34.5) // 52.2% (35.0) // 51.8% (34.0)",
        "oppScoring": "48.4% (27.8) // 52.8% (29.3) // 51.0% (26.5) // 49.7% (24.7)",
        "oppCorsiAgainst": "50.1% (59.5) // 46.9% (58.5) // 49.8% (64.8) // 50.5% (65.3)",
        "oppFenwickAgainst": "49.5% (43.0) // 46.1% (41.2) // 48.9% (45.0) // 50.0% (44.7)",
        "oppShotsAgainst": "48.7% (29.5) // 46.2% (29.6) // 47.8% (32.0) // 48.2% (31.7)",
        "oppScoringAgainst": "51.6% (29.6) // 47.2% (26.2) // 49.0% (25.5) // 50.3% (25.0)",
        "totalOver": 49,
        "totalOverLast5": 20,
        "totalOverLast15": 47,
        "lastTotalOver": 51,
        "last5": "0,1,0,0,0,1,0,0,2,1",
        "fd": "0",
        "dk": "+100/-130",
        "kambi": "110/-143",
        "lowest": "110 BR",
        "implied": 47.61904761904761,
        "overOdds": "+100",
        "underOdds": "-130",
        "overUnder": "+100 / -130"
    },
    {
        "player": "Jj Peterka",
        "team": "BUF",
        "opponent": "OTT",
        "propType": "pts",
        "line": 0.5,
        "ppLine": "",
        "avg": 0.64,
        "hit": false,
        "diffAvg": 0.28,
        "diffAbs": 0.0,
        "lastAvg": 0.42,
        "diff": -0.16,
        "avgMin": 16,
        "proj": 0.5,
        "lastAvgMin": 13.63,
        "oppOver": 0,
        "teamOver": 0,
        "gameLine": "-125",
        "+/-": "+3",
        "L5_+/-": -3.0,
        "prevMatchup": "2024-01-11 1.0 pts 2023-12-31 0.0 pts 2023-10-24 0.0 pts",
        "winLossSplits": "61% - 54%",
        "awayHome": "H",
        "playedYesterday": "Y",
        "awayHomeSplits": "59% - 55%",
        "savesAboveExp": 0.689,
        "gsaa": -5.87,
        "corsi": "49.9% (59.3) // 53.1% (66.2) // 50.2% (65.2) // 49.5% (64.0)",
        "fenwick": "50.5% (43.8) // 53.9% (48.2) // 51.1% (47.0) // 50.0% (44.7)",
        "shots": "51.3% (31.0) // 53.8% (34.5) // 52.2% (35.0) // 51.8% (34.0)",
        "scoring": "48.4% (27.8) // 52.8% (29.3) // 51.0% (26.5) // 49.7% (24.7)",
        "corsiAgainst": "50.1% (59.5) // 46.9% (58.5) // 49.8% (64.8) // 50.5% (65.3)",
        "fenwickAgainst": "49.5% (43.0) // 46.1% (41.2) // 48.9% (45.0) // 50.0% (44.7)",
        "shotsAgainst": "48.7% (29.5) // 46.2% (29.6) // 47.8% (32.0) // 48.2% (31.7)",
        "scoringAgainst": "51.6% (29.6) // 47.2% (26.2) // 49.0% (25.5) // 50.3% (25.0)",
        "oppCorsi": "50.3% (61.5) // 48.7% (63.0) // 52.5% (67.6) // 50.9% (63.0)",
        "oppFenwick": "50.9% (44.8) // 48.5% (45.0) // 51.8% (47.2) // 48.3% (42.7)",
        "oppShots": "50.5% (32.1) // 47.6% (32.0) // 49.1% (32.4) // 44.4% (30.3)",
        "oppScoring": "47.7% (27.6) // 45.7% (27.1) // 47.2% (27.0) // 43.3% (24.7)",
        "oppCorsiAgainst": "49.7% (60.9) // 51.3% (66.4) // 47.5% (61.2) // 49.1% (60.7)",
        "oppFenwickAgainst": "49.1% (43.2) // 51.5% (47.7) // 48.2% (44.0) // 51.7% (45.7)",
        "oppShotsAgainst": "49.5% (31.4) // 52.4% (35.2) // 50.9% (33.6) // 55.6% (38.0)",
        "oppScoringAgainst": "52.3% (30.3) // 54.3% (32.2) // 52.8% (30.2) // 56.7% (32.3)",
        "totalOver": 57,
        "totalOverLast5": 40,
        "totalOverLast15": 47,
        "lastTotalOver": 39,
        "last5": "1,0,0,1,0,0,0,1,1,1",
        "fd": "0",
        "dk": "+105/-135",
        "kambi": "0",
        "lowest": "105 DK",
        "implied": 48.78048780487805,
        "overOdds": "+105",
        "underOdds": "-135",
        "overUnder": "+105 / -135"
    },
    {
        "player": "Owen Power",
        "team": "BUF",
        "opponent": "OTT",
        "propType": "pts",
        "line": 0.5,
        "ppLine": "",
        "avg": 0.4,
        "hit": false,
        "diffAvg": -0.2,
        "diffAbs": 0.2,
        "lastAvg": 0.44,
        "diff": -0.12,
        "avgMin": 22,
        "proj": 0.4,
        "lastAvgMin": 23.8,
        "oppOver": 0,
        "teamOver": 0,
        "gameLine": "-125",
        "+/-": "+1",
        "L5_+/-": "+3.0",
        "prevMatchup": "2024-01-11 1.0 pts 2023-12-31 0.0 pts 2023-10-24 1.0 pts",
        "winLossSplits": "56% - 21%",
        "awayHome": "H",
        "playedYesterday": "Y",
        "awayHomeSplits": "27% - 45%",
        "savesAboveExp": 0.689,
        "gsaa": -5.87,
        "corsi": "49.9% (59.3) // 53.1% (66.2) // 50.2% (65.2) // 49.5% (64.0)",
        "fenwick": "50.5% (43.8) // 53.9% (48.2) // 51.1% (47.0) // 50.0% (44.7)",
        "shots": "51.3% (31.0) // 53.8% (34.5) // 52.2% (35.0) // 51.8% (34.0)",
        "scoring": "48.4% (27.8) // 52.8% (29.3) // 51.0% (26.5) // 49.7% (24.7)",
        "corsiAgainst": "50.1% (59.5) // 46.9% (58.5) // 49.8% (64.8) // 50.5% (65.3)",
        "fenwickAgainst": "49.5% (43.0) // 46.1% (41.2) // 48.9% (45.0) // 50.0% (44.7)",
        "shotsAgainst": "48.7% (29.5) // 46.2% (29.6) // 47.8% (32.0) // 48.2% (31.7)",
        "scoringAgainst": "51.6% (29.6) // 47.2% (26.2) // 49.0% (25.5) // 50.3% (25.0)",
        "oppCorsi": "50.3% (61.5) // 48.7% (63.0) // 52.5% (67.6) // 50.9% (63.0)",
        "oppFenwick": "50.9% (44.8) // 48.5% (45.0) // 51.8% (47.2) // 48.3% (42.7)",
        "oppShots": "50.5% (32.1) // 47.6% (32.0) // 49.1% (32.4) // 44.4% (30.3)",
        "oppScoring": "47.7% (27.6) // 45.7% (27.1) // 47.2% (27.0) // 43.3% (24.7)",
        "oppCorsiAgainst": "49.7% (60.9) // 51.3% (66.4) // 47.5% (61.2) // 49.1% (60.7)",
        "oppFenwickAgainst": "49.1% (43.2) // 51.5% (47.7) // 48.2% (44.0) // 51.7% (45.7)",
        "oppShotsAgainst": "49.5% (31.4) // 52.4% (35.2) // 50.9% (33.6) // 55.6% (38.0)",
        "oppScoringAgainst": "52.3% (30.3) // 54.3% (32.2) // 52.8% (30.2) // 56.7% (32.3)",
        "totalOver": 36,
        "totalOverLast5": 20,
        "totalOverLast15": 27,
        "lastTotalOver": 38,
        "last5": "1,0,0,0,0,2,1,0,1,0",
        "fd": "0",
        "dk": "+145/-190",
        "kambi": "150/-200",
        "lowest": "150 BR",
        "implied": 40.0,
        "overOdds": "+145",
        "underOdds": "-190",
        "overUnder": "+145 / -190"
    },
    {
        "player": "Rasmus Dahlin",
        "team": "BUF",
        "opponent": "OTT",
        "propType": "pts",
        "line": 0.5,
        "ppLine": "",
        "avg": 0.83,
        "hit": false,
        "diffAvg": 0.66,
        "diffAbs": 0.6,
        "lastAvg": 0.91,
        "diff": 0.82,
        "avgMin": 24,
        "proj": 0.8,
        "lastAvgMin": 25.78,
        "oppOver": 0,
        "teamOver": 0,
        "gameLine": "-125",
        "+/-": -16,
        "L5_+/-": -7.0,
        "prevMatchup": "2024-01-11 2.0 pts 2023-12-31 0.0 pts 2023-10-24 1.0 pts",
        "winLossSplits": "82% - 50%",
        "awayHome": "H",
        "playedYesterday": "Y",
        "awayHomeSplits": "71% - 55%",
        "savesAboveExp": 0.689,
        "gsaa": -5.87,
        "corsi": "49.9% (59.3) // 53.1% (66.2) // 50.2% (65.2) // 49.5% (64.0)",
        "fenwick": "50.5% (43.8) // 53.9% (48.2) // 51.1% (47.0) // 50.0% (44.7)",
        "shots": "51.3% (31.0) // 53.8% (34.5) // 52.2% (35.0) // 51.8% (34.0)",
        "scoring": "48.4% (27.8) // 52.8% (29.3) // 51.0% (26.5) // 49.7% (24.7)",
        "corsiAgainst": "50.1% (59.5) // 46.9% (58.5) // 49.8% (64.8) // 50.5% (65.3)",
        "fenwickAgainst": "49.5% (43.0) // 46.1% (41.2) // 48.9% (45.0) // 50.0% (44.7)",
        "shotsAgainst": "48.7% (29.5) // 46.2% (29.6) // 47.8% (32.0) // 48.2% (31.7)",
        "scoringAgainst": "51.6% (29.6) // 47.2% (26.2) // 49.0% (25.5) // 50.3% (25.0)",
        "oppCorsi": "50.3% (61.5) // 48.7% (63.0) // 52.5% (67.6) // 50.9% (63.0)",
        "oppFenwick": "50.9% (44.8) // 48.5% (45.0) // 51.8% (47.2) // 48.3% (42.7)",
        "oppShots": "50.5% (32.1) // 47.6% (32.0) // 49.1% (32.4) // 44.4% (30.3)",
        "oppScoring": "47.7% (27.6) // 45.7% (27.1) // 47.2% (27.0) // 43.3% (24.7)",
        "oppCorsiAgainst": "49.7% (60.9) // 51.3% (66.4) // 47.5% (61.2) // 49.1% (60.7)",
        "oppFenwickAgainst": "49.1% (43.2) // 51.5% (47.7) // 48.2% (44.0) // 51.7% (45.7)",
        "oppShotsAgainst": "49.5% (31.4) // 52.4% (35.2) // 50.9% (33.6) // 55.6% (38.0)",
        "oppScoringAgainst": "52.3% (30.3) // 54.3% (32.2) // 52.8% (30.2) // 56.7% (32.3)",
        "totalOver": 63,
        "totalOverLast5": 60,
        "totalOverLast15": 60,
        "lastTotalOver": 62,
        "last5": "2,0,1,2,0,0,0,1,1,2",
        "fd": "0",
        "dk": "-175/+135",
        "kambi": "-182/138",
        "lowest": "-175 DK",
        "implied": 63.63636363636363,
        "overOdds": "-175",
        "underOdds": "+135",
        "overUnder": "-175 / +135"
    },
    {
        "player": "Ridly Greig",
        "team": "OTT",
        "opponent": "BUF",
        "propType": "pts",
        "line": 0.5,
        "ppLine": "",
        "avg": 0.52,
        "hit": false,
        "diffAvg": 0.04,
        "diffAbs": 0.0,
        "lastAvg": 0.45,
        "diff": -0.1,
        "avgMin": 14,
        "proj": 0.5,
        "lastAvgMin": 12.9,
        "oppOver": 0,
        "teamOver": 0,
        "gameLine": "+105",
        "+/-": "+12",
        "L5_+/-": "+4.0",
        "prevMatchup": "2024-01-11 1.0 pts 2023-12-31 1.0 pts 2023-10-24 1.0 pts",
        "winLossSplits": "56% - 39%",
        "awayHome": "A",
        "playedYesterday": "Y",
        "awayHomeSplits": "40% - 50%",
        "savesAboveExp": 0.461,
        "gsaa": -2.15,
        "corsi": "50.3% (61.5) // 48.7% (63.0) // 52.5% (67.6) // 50.9% (63.0)",
        "fenwick": "50.9% (44.8) // 48.5% (45.0) // 51.8% (47.2) // 48.3% (42.7)",
        "shots": "50.5% (32.1) // 47.6% (32.0) // 49.1% (32.4) // 44.4% (30.3)",
        "scoring": "47.7% (27.6) // 45.7% (27.1) // 47.2% (27.0) // 43.3% (24.7)",
        "corsiAgainst": "49.7% (60.9) // 51.3% (66.4) // 47.5% (61.2) // 49.1% (60.7)",
        "fenwickAgainst": "49.1% (43.2) // 51.5% (47.7) // 48.2% (44.0) // 51.7% (45.7)",
        "shotsAgainst": "49.5% (31.4) // 52.4% (35.2) // 50.9% (33.6) // 55.6% (38.0)",
        "scoringAgainst": "52.3% (30.3) // 54.3% (32.2) // 52.8% (30.2) // 56.7% (32.3)",
        "oppCorsi": "49.9% (59.3) // 53.1% (66.2) // 50.2% (65.2) // 49.5% (64.0)",
        "oppFenwick": "50.5% (43.8) // 53.9% (48.2) // 51.1% (47.0) // 50.0% (44.7)",
        "oppShots": "51.3% (31.0) // 53.8% (34.5) // 52.2% (35.0) // 51.8% (34.0)",
        "oppScoring": "48.4% (27.8) // 52.8% (29.3) // 51.0% (26.5) // 49.7% (24.7)",
        "oppCorsiAgainst": "50.1% (59.5) // 46.9% (58.5) // 49.8% (64.8) // 50.5% (65.3)",
        "oppFenwickAgainst": "49.5% (43.0) // 46.1% (41.2) // 48.9% (45.0) // 50.0% (44.7)",
        "oppShotsAgainst": "48.7% (29.5) // 46.2% (29.6) // 47.8% (32.0) // 48.2% (31.7)",
        "oppScoringAgainst": "51.6% (29.6) // 47.2% (26.2) // 49.0% (25.5) // 50.3% (25.0)",
        "totalOver": 44,
        "totalOverLast5": 40,
        "totalOverLast15": 40,
        "lastTotalOver": 45,
        "last5": "1,2,0,0,0,1,0,0,0,1",
        "fd": "0",
        "dk": "+114/-145",
        "kambi": "0",
        "lowest": "114 DK",
        "implied": 46.728971962616825,
        "overOdds": "+114",
        "underOdds": "-145",
        "overUnder": "+114 / -145"
    },
    {
        "player": "Tage Thompson",
        "team": "BUF",
        "opponent": "OTT",
        "propType": "pts",
        "line": 0.5,
        "ppLine": "",
        "avg": 0.84,
        "hit": false,
        "diffAvg": 0.68,
        "diffAbs": 1.4,
        "lastAvg": 1.21,
        "diff": 1.42,
        "avgMin": 18,
        "proj": 1.2,
        "lastAvgMin": 18.58,
        "oppOver": 0,
        "teamOver": 0,
        "gameLine": "-125",
        "+/-": -7,
        "L5_+/-": -3.0,
        "prevMatchup": "2024-01-11 2.0 pts 2023-12-31 1.0 pts 2023-10-24 3.0 pts",
        "winLossSplits": "73% - 41%",
        "awayHome": "H",
        "playedYesterday": "Y",
        "awayHomeSplits": "60% - 53%",
        "savesAboveExp": 0.689,
        "gsaa": -5.87,
        "corsi": "49.9% (59.3) // 53.1% (66.2) // 50.2% (65.2) // 49.5% (64.0)",
        "fenwick": "50.5% (43.8) // 53.9% (48.2) // 51.1% (47.0) // 50.0% (44.7)",
        "shots": "51.3% (31.0) // 53.8% (34.5) // 52.2% (35.0) // 51.8% (34.0)",
        "scoring": "48.4% (27.8) // 52.8% (29.3) // 51.0% (26.5) // 49.7% (24.7)",
        "corsiAgainst": "50.1% (59.5) // 46.9% (58.5) // 49.8% (64.8) // 50.5% (65.3)",
        "fenwickAgainst": "49.5% (43.0) // 46.1% (41.2) // 48.9% (45.0) // 50.0% (44.7)",
        "shotsAgainst": "48.7% (29.5) // 46.2% (29.6) // 47.8% (32.0) // 48.2% (31.7)",
        "scoringAgainst": "51.6% (29.6) // 47.2% (26.2) // 49.0% (25.5) // 50.3% (25.0)",
        "oppCorsi": "50.3% (61.5) // 48.7% (63.0) // 52.5% (67.6) // 50.9% (63.0)",
        "oppFenwick": "50.9% (44.8) // 48.5% (45.0) // 51.8% (47.2) // 48.3% (42.7)",
        "oppShots": "50.5% (32.1) // 47.6% (32.0) // 49.1% (32.4) // 44.4% (30.3)",
        "oppScoring": "47.7% (27.6) // 45.7% (27.1) // 47.2% (27.0) // 43.3% (24.7)",
        "oppCorsiAgainst": "49.7% (60.9) // 51.3% (66.4) // 47.5% (61.2) // 49.1% (60.7)",
        "oppFenwickAgainst": "49.1% (43.2) // 51.5% (47.7) // 48.2% (44.0) // 51.7% (45.7)",
        "oppShotsAgainst": "49.5% (31.4) // 52.4% (35.2) // 50.9% (33.6) // 55.6% (38.0)",
        "oppScoringAgainst": "52.3% (30.3) // 54.3% (32.2) // 52.8% (30.2) // 56.7% (32.3)",
        "totalOver": 56,
        "totalOverLast5": 80,
        "totalOverLast15": 53,
        "lastTotalOver": 71,
        "last5": "2,0,1,3,1,1,0,3,1,0",
        "fd": "0",
        "dk": "-190/+145",
        "kambi": "-215/160",
        "lowest": "-190 DK",
        "implied": 65.51724137931035,
        "overOdds": "-190",
        "underOdds": "+145",
        "overUnder": "-190 / +145"
    },
    {
        "player": "Thomas Chabot",
        "team": "OTT",
        "opponent": "BUF",
        "propType": "pts",
        "line": 0.5,
        "ppLine": "",
        "avg": 0.47,
        "hit": false,
        "diffAvg": -0.06,
        "diffAbs": 0.2,
        "lastAvg": 0.6,
        "diff": 0.2,
        "avgMin": 23,
        "proj": 0.6,
        "lastAvgMin": 24.97,
        "oppOver": 0,
        "teamOver": 0,
        "gameLine": "+105",
        "+/-": -1,
        "L5_+/-": -1.0,
        "prevMatchup": "2024-01-11 0.0 pts 2023-12-31 2.0 pts 2023-10-24 1.0 pts",
        "winLossSplits": "40% - 40%",
        "awayHome": "A",
        "playedYesterday": "Y",
        "awayHomeSplits": "38% - 43%",
        "savesAboveExp": 0.461,
        "gsaa": -2.15,
        "corsi": "50.3% (61.5) // 48.7% (63.0) // 52.5% (67.6) // 50.9% (63.0)",
        "fenwick": "50.9% (44.8) // 48.5% (45.0) // 51.8% (47.2) // 48.3% (42.7)",
        "shots": "50.5% (32.1) // 47.6% (32.0) // 49.1% (32.4) // 44.4% (30.3)",
        "scoring": "47.7% (27.6) // 45.7% (27.1) // 47.2% (27.0) // 43.3% (24.7)",
        "corsiAgainst": "49.7% (60.9) // 51.3% (66.4) // 47.5% (61.2) // 49.1% (60.7)",
        "fenwickAgainst": "49.1% (43.2) // 51.5% (47.7) // 48.2% (44.0) // 51.7% (45.7)",
        "shotsAgainst": "49.5% (31.4) // 52.4% (35.2) // 50.9% (33.6) // 55.6% (38.0)",
        "scoringAgainst": "52.3% (30.3) // 54.3% (32.2) // 52.8% (30.2) // 56.7% (32.3)",
        "oppCorsi": "49.9% (59.3) // 53.1% (66.2) // 50.2% (65.2) // 49.5% (64.0)",
        "oppFenwick": "50.5% (43.8) // 53.9% (48.2) // 51.1% (47.0) // 50.0% (44.7)",
        "oppShots": "51.3% (31.0) // 53.8% (34.5) // 52.2% (35.0) // 51.8% (34.0)",
        "oppScoring": "48.4% (27.8) // 52.8% (29.3) // 51.0% (26.5) // 49.7% (24.7)",
        "oppCorsiAgainst": "50.1% (59.5) // 46.9% (58.5) // 49.8% (64.8) // 50.5% (65.3)",
        "oppFenwickAgainst": "49.5% (43.0) // 46.1% (41.2) // 48.9% (45.0) // 50.0% (44.7)",
        "oppShotsAgainst": "48.7% (29.5) // 46.2% (29.6) // 47.8% (32.0) // 48.2% (31.7)",
        "oppScoringAgainst": "51.6% (29.6) // 47.2% (26.2) // 49.0% (25.5) // 50.3% (25.0)",
        "totalOver": 40,
        "totalOverLast5": 40,
        "totalOverLast15": 40,
        "lastTotalOver": 44,
        "last5": "0,0,0,1,1,2,0,1,0,1",
        "fd": "0",
        "dk": "+100/-130",
        "kambi": "0",
        "lowest": "100 DK",
        "implied": 50.0,
        "overOdds": "+100",
        "underOdds": "-130",
        "overUnder": "+100 / -130"
    },
    {
        "player": "Tim Stutzle",
        "team": "OTT",
        "opponent": "BUF",
        "propType": "pts",
        "line": 0.5,
        "ppLine": "",
        "avg": 0.92,
        "hit": false,
        "diffAvg": 0.84,
        "diffAbs": 1.2,
        "lastAvg": 1.15,
        "diff": 1.3,
        "avgMin": 21,
        "proj": 1.1,
        "lastAvgMin": 21.25,
        "oppOver": 0,
        "teamOver": 0,
        "gameLine": "+105",
        "+/-": -4,
        "L5_+/-": -7.0,
        "prevMatchup": "2024-01-11 0.0 pts 2023-12-31 0.0 pts 2023-10-24 1.0 pts",
        "winLossSplits": "86% - 48%",
        "awayHome": "A",
        "playedYesterday": "Y",
        "awayHomeSplits": "65% - 60%",
        "savesAboveExp": 0.461,
        "gsaa": -2.15,
        "corsi": "50.3% (61.5) // 48.7% (63.0) // 52.5% (67.6) // 50.9% (63.0)",
        "fenwick": "50.9% (44.8) // 48.5% (45.0) // 51.8% (47.2) // 48.3% (42.7)",
        "shots": "50.5% (32.1) // 47.6% (32.0) // 49.1% (32.4) // 44.4% (30.3)",
        "scoring": "47.7% (27.6) // 45.7% (27.1) // 47.2% (27.0) // 43.3% (24.7)",
        "corsiAgainst": "49.7% (60.9) // 51.3% (66.4) // 47.5% (61.2) // 49.1% (60.7)",
        "fenwickAgainst": "49.1% (43.2) // 51.5% (47.7) // 48.2% (44.0) // 51.7% (45.7)",
        "shotsAgainst": "49.5% (31.4) // 52.4% (35.2) // 50.9% (33.6) // 55.6% (38.0)",
        "scoringAgainst": "52.3% (30.3) // 54.3% (32.2) // 52.8% (30.2) // 56.7% (32.3)",
        "oppCorsi": "49.9% (59.3) // 53.1% (66.2) // 50.2% (65.2) // 49.5% (64.0)",
        "oppFenwick": "50.5% (43.8) // 53.9% (48.2) // 51.1% (47.0) // 50.0% (44.7)",
        "oppShots": "51.3% (31.0) // 53.8% (34.5) // 52.2% (35.0) // 51.8% (34.0)",
        "oppScoring": "48.4% (27.8) // 52.8% (29.3) // 51.0% (26.5) // 49.7% (24.7)",
