[
    {
        "player": "Adam Lowry",
        "team": "WPG",
        "opponent": "MIN",
        "propType": "pts",
        "line": 0.5,
        "ppLine": "",
        "avg": 0.45,
        "hit": false,
        "diffAvg": -0.1,
        "diffAbs": 0.2,
        "lastAvg": 0.41,
        "diff": -0.18,
        "avgMin": 15,
        "proj": 0.4,
        "lastAvgMin": 15.63,
        "oppOver": 0,
        "teamOver": 0,
        "gameLine": "-148",
        "+/-": "+8",
        "L5_+/-": 0.0,
        "prevMatchup": "",
        "winLossSplits": "55% - 15%",
        "awayHome": "H",
        "playedYesterday": "N",
        "awayHomeSplits": "47% - 33%",
        "savesAboveExp": 0.594,
        "gsaa": 0.77,
        "corsi": "50.9% (59.4) // 50.4% (63.0) // 55.8% (71.4) // 64.6% (79.0)",
        "fenwick": "51.2% (43.5) // 50.7% (46.7) // 57.2% (53.7) // 64.5% (57.8)",
        "shots": "52.2% (31.0) // 50.9% (31.4) // 59.0% (36.9) // 60.3% (36.6)",
        "scoring": "50.6% (27.9) // 51.5% (30.0) // 55.0% (32.6) // 63.2% (34.7)",
        "corsiAgainst": "49.1% (57.2) // 49.6% (61.9) // 44.2% (56.6) // 35.4% (43.4)",
        "fenwickAgainst": "48.8% (41.4) // 49.3% (45.4) // 42.8% (40.2) // 35.5% (31.8)",
        "shotsAgainst": "47.8% (28.4) // 49.1% (30.3) // 41.0% (25.7) // 39.7% (24.1)",
        "scoringAgainst": "49.4% (27.2) // 48.5% (28.2) // 45.0% (26.7) // 36.8% (20.2)",
        "oppCorsi": "50.8% (60.8) // 50.4% (58.9) // 52.1% (55.5) // 46.0% (52.0)",
        "oppFenwick": "50.8% (43.5) // 49.1% (41.6) // 53.6% (43.2) // 50.0% (44.0)",
        "oppShots": "50.0% (29.6) // 48.5% (27.5) // 55.1% (29.5) // 52.5% (31.0)",
        "oppScoring": "51.7% (30.1) // 51.6% (30.0) // 58.1% (29.2) // 44.1% (26.0)",
        "oppCorsiAgainst": "49.2% (58.9) // 49.6% (58.1) // 47.9% (50.9) // 54.0% (61.0)",
        "oppFenwickAgainst": "49.2% (42.2) // 50.9% (43.1) // 46.4% (37.3) // 50.0% (44.0)",
        "oppShotsAgainst": "50.0% (29.6) // 51.5% (29.2) // 44.9% (24.0) // 47.5% (28.0)",
        "oppScoringAgainst": "48.3% (28.1) // 48.4% (28.2) // 41.9% (21.1) // 55.9% (33.0)",
        "totalOver": 39,
        "totalOverLast5": 20,
        "totalOverLast15": 13,
        "lastTotalOver": 42,
        "last5": "0,1,0,0,0,0,0,0,1,0",
        "fd": "0",
        "dk": "+145/-190",
        "kambi": "0",
        "lowest": "145 DK",
        "implied": 40.816326530612244,
        "overOdds": "+145",
        "underOdds": "-190",
        "overUnder": "+145 / -190"
    },
    {
        "player": "Alex Iafallo",
        "team": "WPG",
        "opponent": "MIN",
        "propType": "pts",
        "line": 0.5,
        "ppLine": "PP1",
        "avg": 0.45,
        "hit": false,
        "diffAvg": -0.1,
        "diffAbs": 0.0,
        "lastAvg": 0.55,
        "diff": 0.1,
        "avgMin": 16,
        "proj": 0.5,
        "lastAvgMin": 16.3,
        "oppOver": 0,
        "teamOver": 0,
        "gameLine": "-148",
        "+/-": -3,
        "L5_+/-": -1.0,
        "prevMatchup": "",
        "winLossSplits": "25% - 23%",
        "awayHome": "H",
        "playedYesterday": "N",
        "awayHomeSplits": "27% - 22%",
        "savesAboveExp": 0.594,
        "gsaa": 0.77,
        "corsi": "50.9% (59.4) // 50.4% (63.0) // 55.8% (71.4) // 64.6% (79.0)",
        "fenwick": "51.2% (43.5) // 50.7% (46.7) // 57.2% (53.7) // 64.5% (57.8)",
        "shots": "52.2% (31.0) // 50.9% (31.4) // 59.0% (36.9) // 60.3% (36.6)",
        "scoring": "50.6% (27.9) // 51.5% (30.0) // 55.0% (32.6) // 63.2% (34.7)",
        "corsiAgainst": "49.1% (57.2) // 49.6% (61.9) // 44.2% (56.6) // 35.4% (43.4)",
        "fenwickAgainst": "48.8% (41.4) // 49.3% (45.4) // 42.8% (40.2) // 35.5% (31.8)",
        "shotsAgainst": "47.8% (28.4) // 49.1% (30.3) // 41.0% (25.7) // 39.7% (24.1)",
        "scoringAgainst": "49.4% (27.2) // 48.5% (28.2) // 45.0% (26.7) // 36.8% (20.2)",
        "oppCorsi": "50.8% (60.8) // 50.4% (58.9) // 52.1% (55.5) // 46.0% (52.0)",
        "oppFenwick": "50.8% (43.5) // 49.1% (41.6) // 53.6% (43.2) // 50.0% (44.0)",
        "oppShots": "50.0% (29.6) // 48.5% (27.5) // 55.1% (29.5) // 52.5% (31.0)",
        "oppScoring": "51.7% (30.1) // 51.6% (30.0) // 58.1% (29.2) // 44.1% (26.0)",
        "oppCorsiAgainst": "49.2% (58.9) // 49.6% (58.1) // 47.9% (50.9) // 54.0% (61.0)",
        "oppFenwickAgainst": "49.2% (42.2) // 50.9% (43.1) // 46.4% (37.3) // 50.0% (44.0)",
        "oppShotsAgainst": "50.0% (29.6) // 51.5% (29.2) // 44.9% (24.0) // 47.5% (28.0)",
        "oppScoringAgainst": "48.3% (28.1) // 48.4% (28.2) // 41.9% (21.1) // 55.9% (33.0)",
        "totalOver": 24,
        "totalOverLast5": 20,
        "totalOverLast15": 7,
        "lastTotalOver": 52,
        "last5": "0,0,0,0,2,0,0,0,0,0",
        "fd": "0",
        "dk": "+135/-175",
        "kambi": "143/-190",
        "lowest": "143 BR",
        "implied": 41.1522633744856,
        "overOdds": "+135",
        "underOdds": "-175",
        "overUnder": "+135 / -175"
    },
    {
        "player": "Brock Faber",
        "team": "MIN",
        "opponent": "WPG",
        "propType": "pts",
        "line": 0.5,
        "ppLine": "PP2",
        "avg": 0.48,
        "hit": false,
        "diffAvg": -0.04,
        "diffAbs": 1.0,
        "lastAvg": 0,
        "diff": 0,
        "avgMin": 24,
        "proj": 0.0,
        "lastAvgMin": 0,
        "oppOver": 0,
        "teamOver": 0,
        "gameLine": "+124",
        "+/-": "+11",
        "L5_+/-": "+5.0",
        "prevMatchup": "",
        "winLossSplits": "38% - 41%",
        "awayHome": "A",
        "playedYesterday": "N",
        "awayHomeSplits": "47% - 31%",
        "savesAboveExp": 0.641,
        "gsaa": 10.7,
        "corsi": "50.8% (60.8) // 50.4% (58.9) // 52.1% (55.5) // 46.0% (52.0)",
        "fenwick": "50.8% (43.5) // 49.1% (41.6) // 53.6% (43.2) // 50.0% (44.0)",
        "shots": "50.0% (29.6) // 48.5% (27.5) // 55.1% (29.5) // 52.5% (31.0)",
        "scoring": "51.7% (30.1) // 51.6% (30.0) // 58.1% (29.2) // 44.1% (26.0)",
        "corsiAgainst": "49.2% (58.9) // 49.6% (58.1) // 47.9% (50.9) // 54.0% (61.0)",
        "fenwickAgainst": "49.2% (42.2) // 50.9% (43.1) // 46.4% (37.3) // 50.0% (44.0)",
        "shotsAgainst": "50.0% (29.6) // 51.5% (29.2) // 44.9% (24.0) // 47.5% (28.0)",
        "scoringAgainst": "48.3% (28.1) // 48.4% (28.2) // 41.9% (21.1) // 55.9% (33.0)",
        "oppCorsi": "50.9% (59.4) // 50.4% (63.0) // 55.8% (71.4) // 64.6% (79.0)",
        "oppFenwick": "51.2% (43.5) // 50.7% (46.7) // 57.2% (53.7) // 64.5% (57.8)",
        "oppShots": "52.2% (31.0) // 50.9% (31.4) // 59.0% (36.9) // 60.3% (36.6)",
        "oppScoring": "50.6% (27.9) // 51.5% (30.0) // 55.0% (32.6) // 63.2% (34.7)",
        "oppCorsiAgainst": "49.1% (57.2) // 49.6% (61.9) // 44.2% (56.6) // 35.4% (43.4)",
        "oppFenwickAgainst": "48.8% (41.4) // 49.3% (45.4) // 42.8% (40.2) // 35.5% (31.8)",
        "oppShotsAgainst": "47.8% (28.4) // 49.1% (30.3) // 41.0% (25.7) // 39.7% (24.1)",
        "oppScoringAgainst": "49.4% (27.2) // 48.5% (28.2) // 45.0% (26.7) // 36.8% (20.2)",
        "totalOver": 39,
        "totalOverLast5": 60,
        "totalOverLast15": 33,
        "lastTotalOver": 0,
        "last5": "0,0,2,1,1,0,0,0,2,0",
        "fd": "+136",
        "dk": "+130/-166",
        "kambi": "0",
        "lowest": "136 FD",
        "implied": 42.3728813559322,
        "overOdds": "+130",
        "underOdds": "-166",
        "overUnder": "+130 / -166"
    },
    {
        "player": "Cole Perfetti",
        "team": "WPG",
        "opponent": "MIN",
        "propType": "pts",
        "line": 0.5,
        "ppLine": "PP2",
        "avg": 0.67,
        "hit": false,
        "diffAvg": 0.34,
        "diffAbs": 0.2,
        "lastAvg": 0.59,
        "diff": 0.18,
        "avgMin": 14,
        "proj": 0.6,
        "lastAvgMin": 14.97,
        "oppOver": 0,
        "teamOver": 0,
        "gameLine": "-148",
        "+/-": "+9",
        "L5_+/-": "+2.0",
        "prevMatchup": "",
        "winLossSplits": "65% - 54%",
        "awayHome": "H",
        "playedYesterday": "N",
        "awayHomeSplits": "47% - 72%",
        "savesAboveExp": 0.594,
        "gsaa": 0.77,
        "corsi": "50.9% (59.4) // 50.4% (63.0) // 55.8% (71.4) // 64.6% (79.0)",
        "fenwick": "51.2% (43.5) // 50.7% (46.7) // 57.2% (53.7) // 64.5% (57.8)",
        "shots": "52.2% (31.0) // 50.9% (31.4) // 59.0% (36.9) // 60.3% (36.6)",
        "scoring": "50.6% (27.9) // 51.5% (30.0) // 55.0% (32.6) // 63.2% (34.7)",
        "corsiAgainst": "49.1% (57.2) // 49.6% (61.9) // 44.2% (56.6) // 35.4% (43.4)",
        "fenwickAgainst": "48.8% (41.4) // 49.3% (45.4) // 42.8% (40.2) // 35.5% (31.8)",
        "shotsAgainst": "47.8% (28.4) // 49.1% (30.3) // 41.0% (25.7) // 39.7% (24.1)",
        "scoringAgainst": "49.4% (27.2) // 48.5% (28.2) // 45.0% (26.7) // 36.8% (20.2)",
        "oppCorsi": "50.8% (60.8) // 50.4% (58.9) // 52.1% (55.5) // 46.0% (52.0)",
        "oppFenwick": "50.8% (43.5) // 49.1% (41.6) // 53.6% (43.2) // 50.0% (44.0)",
        "oppShots": "50.0% (29.6) // 48.5% (27.5) // 55.1% (29.5) // 52.5% (31.0)",
        "oppScoring": "51.7% (30.1) // 51.6% (30.0) // 58.1% (29.2) // 44.1% (26.0)",
        "oppCorsiAgainst": "49.2% (58.9) // 49.6% (58.1) // 47.9% (50.9) // 54.0% (61.0)",
        "oppFenwickAgainst": "49.2% (42.2) // 50.9% (43.1) // 46.4% (37.3) // 50.0% (44.0)",
        "oppShotsAgainst": "50.0% (29.6) // 51.5% (29.2) // 44.9% (24.0) // 47.5% (28.0)",
        "oppScoringAgainst": "48.3% (28.1) // 48.4% (28.2) // 41.9% (21.1) // 55.9% (33.0)",
        "totalOver": 61,
        "totalOverLast5": 60,
        "totalOverLast15": 40,
        "lastTotalOver": 50,
        "last5": "0,1,1,1,0,0,0,0,0,0",
        "fd": "+104",
        "dk": "+114/-145",
        "kambi": "123/-159",
        "lowest": "123 BR",
        "implied": 44.843049327354265,
        "overOdds": "+114",
        "underOdds": "-145",
        "overUnder": "+114 / -145"
    },
    {
        "player": "Gabriel Vilardi",
        "team": "WPG",
        "opponent": "MIN",
        "propType": "pts",
        "line": 0.5,
        "ppLine": "PP1",
        "avg": 1.0,
        "hit": false,
        "diffAvg": 1.0,
        "diffAbs": 0.2,
        "lastAvg": 0.6,
        "diff": 0.2,
        "avgMin": 16,
        "proj": 0.6,
        "lastAvgMin": 15.6,
        "oppOver": 0,
        "teamOver": 0,
        "gameLine": "-148",
        "+/-": "+12",
        "L5_+/-": "+12.0",
        "prevMatchup": "",
        "winLossSplits": "78% - 17%",
        "awayHome": "H",
        "playedYesterday": "N",
        "awayHomeSplits": "33% - 67%",
        "savesAboveExp": 0.594,
        "gsaa": 0.77,
        "corsi": "50.9% (59.4) // 50.4% (63.0) // 55.8% (71.4) // 64.6% (79.0)",
        "fenwick": "51.2% (43.5) // 50.7% (46.7) // 57.2% (53.7) // 64.5% (57.8)",
        "shots": "52.2% (31.0) // 50.9% (31.4) // 59.0% (36.9) // 60.3% (36.6)",
        "scoring": "50.6% (27.9) // 51.5% (30.0) // 55.0% (32.6) // 63.2% (34.7)",
        "corsiAgainst": "49.1% (57.2) // 49.6% (61.9) // 44.2% (56.6) // 35.4% (43.4)",
        "fenwickAgainst": "48.8% (41.4) // 49.3% (45.4) // 42.8% (40.2) // 35.5% (31.8)",
        "shotsAgainst": "47.8% (28.4) // 49.1% (30.3) // 41.0% (25.7) // 39.7% (24.1)",
        "scoringAgainst": "49.4% (27.2) // 48.5% (28.2) // 45.0% (26.7) // 36.8% (20.2)",
        "oppCorsi": "50.8% (60.8) // 50.4% (58.9) // 52.1% (55.5) // 46.0% (52.0)",
        "oppFenwick": "50.8% (43.5) // 49.1% (41.6) // 53.6% (43.2) // 50.0% (44.0)",
        "oppShots": "50.0% (29.6) // 48.5% (27.5) // 55.1% (29.5) // 52.5% (31.0)",
        "oppScoring": "51.7% (30.1) // 51.6% (30.0) // 58.1% (29.2) // 44.1% (26.0)",
        "oppCorsiAgainst": "49.2% (58.9) // 49.6% (58.1) // 47.9% (50.9) // 54.0% (61.0)",
        "oppFenwickAgainst": "49.2% (42.2) // 50.9% (43.1) // 46.4% (37.3) // 50.0% (44.0)",
        "oppShotsAgainst": "50.0% (29.6) // 51.5% (29.2) // 44.9% (24.0) // 47.5% (28.0)",
        "oppScoringAgainst": "48.3% (28.1) // 48.4% (28.2) // 41.9% (21.1) // 55.9% (33.0)",
        "totalOver": 53,
        "totalOverLast5": 80,
        "totalOverLast15": 53,
        "lastTotalOver": 52,
        "last5": "0,2,3,1,2,4,0,1,0,0",
        "fd": "-136",
        "dk": "-135/+105",
        "kambi": "-143/110",
        "lowest": "-135 DK",
        "implied": 57.446808510638306,
        "overOdds": "-135",
        "underOdds": "+105",
        "overUnder": "-135 / +105"
    },
    {
        "player": "Joel Eriksson Ek",
        "team": "MIN",
        "opponent": "WPG",
        "propType": "pts",
        "line": 0.5,
        "ppLine": "PP1",
        "avg": 0.76,
        "hit": false,
        "diffAvg": 0.52,
        "diffAbs": 0.6,
        "lastAvg": 0.77,
        "diff": 0.54,
        "avgMin": 20,
        "proj": 0.8,
        "lastAvgMin": 18.98,
        "oppOver": 0,
        "teamOver": 0,
        "gameLine": "+124",
        "+/-": "+12",
        "L5_+/-": "+9.0",
        "prevMatchup": "",
        "winLossSplits": "69% - 47%",
        "awayHome": "A",
        "playedYesterday": "N",
        "awayHomeSplits": "53% - 62%",
        "savesAboveExp": 0.641,
        "gsaa": 10.7,
        "corsi": "50.8% (60.8) // 50.4% (58.9) // 52.1% (55.5) // 46.0% (52.0)",
        "fenwick": "50.8% (43.5) // 49.1% (41.6) // 53.6% (43.2) // 50.0% (44.0)",
        "shots": "50.0% (29.6) // 48.5% (27.5) // 55.1% (29.5) // 52.5% (31.0)",
        "scoring": "51.7% (30.1) // 51.6% (30.0) // 58.1% (29.2) // 44.1% (26.0)",
        "corsiAgainst": "49.2% (58.9) // 49.6% (58.1) // 47.9% (50.9) // 54.0% (61.0)",
        "fenwickAgainst": "49.2% (42.2) // 50.9% (43.1) // 46.4% (37.3) // 50.0% (44.0)",
        "shotsAgainst": "50.0% (29.6) // 51.5% (29.2) // 44.9% (24.0) // 47.5% (28.0)",
        "scoringAgainst": "48.3% (28.1) // 48.4% (28.2) // 41.9% (21.1) // 55.9% (33.0)",
        "oppCorsi": "50.9% (59.4) // 50.4% (63.0) // 55.8% (71.4) // 64.6% (79.0)",
        "oppFenwick": "51.2% (43.5) // 50.7% (46.7) // 57.2% (53.7) // 64.5% (57.8)",
        "oppShots": "52.2% (31.0) // 50.9% (31.4) // 59.0% (36.9) // 60.3% (36.6)",
        "oppScoring": "50.6% (27.9) // 51.5% (30.0) // 55.0% (32.6) // 63.2% (34.7)",
        "oppCorsiAgainst": "49.1% (57.2) // 49.6% (61.9) // 44.2% (56.6) // 35.4% (43.4)",
        "oppFenwickAgainst": "48.8% (41.4) // 49.3% (45.4) // 42.8% (40.2) // 35.5% (31.8)",
        "oppShotsAgainst": "47.8% (28.4) // 49.1% (30.3) // 41.0% (25.7) // 39.7% (24.1)",
        "oppScoringAgainst": "49.4% (27.2) // 48.5% (28.2) // 45.0% (26.7) // 36.8% (20.2)",
        "totalOver": 58,
        "totalOverLast5": 60,
        "totalOverLast15": 47,
        "lastTotalOver": 57,
        "last5": "1,2,0,1,0,0,0,1,1,0",
        "fd": "-158",
        "dk": "-166/+130",
        "kambi": "-180/138",
        "lowest": "-158 FD",
        "implied": 61.240310077519375,
        "overOdds": "-166",
        "underOdds": "+130",
        "overUnder": "-166 / +130"
    },
    {
        "player": "Josh Morrissey",
        "team": "WPG",
        "opponent": "MIN",
        "propType": "pts",
        "line": 0.5,
        "ppLine": "PP1",
        "avg": 0.88,
        "hit": false,
        "diffAvg": 0.76,
        "diffAbs": 0.8,
        "lastAvg": 0.92,
        "diff": 0.84,
        "avgMin": 24,
        "proj": 0.9,
        "lastAvgMin": 24.22,
        "oppOver": 0,
        "teamOver": 0,
        "gameLine": "-148",
        "+/-": "+19",
        "L5_+/-": "+14.0",
        "prevMatchup": "",
        "winLossSplits": "70% - 31%",
        "awayHome": "H",
        "playedYesterday": "N",
        "awayHomeSplits": "60% - 50%",
        "savesAboveExp": 0.594,
        "gsaa": 0.77,
        "corsi": "50.9% (59.4) // 50.4% (63.0) // 55.8% (71.4) // 64.6% (79.0)",
        "fenwick": "51.2% (43.5) // 50.7% (46.7) // 57.2% (53.7) // 64.5% (57.8)",
        "shots": "52.2% (31.0) // 50.9% (31.4) // 59.0% (36.9) // 60.3% (36.6)",
        "scoring": "50.6% (27.9) // 51.5% (30.0) // 55.0% (32.6) // 63.2% (34.7)",
        "corsiAgainst": "49.1% (57.2) // 49.6% (61.9) // 44.2% (56.6) // 35.4% (43.4)",
        "fenwickAgainst": "48.8% (41.4) // 49.3% (45.4) // 42.8% (40.2) // 35.5% (31.8)",
        "shotsAgainst": "47.8% (28.4) // 49.1% (30.3) // 41.0% (25.7) // 39.7% (24.1)",
        "scoringAgainst": "49.4% (27.2) // 48.5% (28.2) // 45.0% (26.7) // 36.8% (20.2)",
        "oppCorsi": "50.8% (60.8) // 50.4% (58.9) // 52.1% (55.5) // 46.0% (52.0)",
        "oppFenwick": "50.8% (43.5) // 49.1% (41.6) // 53.6% (43.2) // 50.0% (44.0)",
        "oppShots": "50.0% (29.6) // 48.5% (27.5) // 55.1% (29.5) // 52.5% (31.0)",
        "oppScoring": "51.7% (30.1) // 51.6% (30.0) // 58.1% (29.2) // 44.1% (26.0)",
        "oppCorsiAgainst": "49.2% (58.9) // 49.6% (58.1) // 47.9% (50.9) // 54.0% (61.0)",
        "oppFenwickAgainst": "49.2% (42.2) // 50.9% (43.1) // 46.4% (37.3) // 50.0% (44.0)",
        "oppShotsAgainst": "50.0% (29.6) // 51.5% (29.2) // 44.9% (24.0) // 47.5% (28.0)",
        "oppScoringAgainst": "48.3% (28.1) // 48.4% (28.2) // 41.9% (21.1) // 55.9% (33.0)",
        "totalOver": 55,
        "totalOverLast5": 80,
        "totalOverLast15": 53,
        "lastTotalOver": 61,
        "last5": "0,1,1,1,2,0,0,2,2,0",
        "fd": "-136",
        "dk": "-135/+105",
        "kambi": "0",
        "lowest": "-135 DK",
        "implied": 57.446808510638306,
        "overOdds": "-135",
        "underOdds": "+105",
        "overUnder": "-135 / +105"
    },
    {
        "player": "Kirill Kaprizov",
        "team": "MIN",
        "opponent": "WPG",
        "propType": "pts",
        "line": 1.5,
        "ppLine": "PP1",
        "avg": 1.0,
        "hit": false,
        "diffAvg": -0.33,
        "diffAbs": 0.33,
        "lastAvg": 1.0,
        "diff": -0.33,
        "avgMin": 21,
        "proj": 1.0,
        "lastAvgMin": 21.1,
        "oppOver": 0,
        "teamOver": 0,
        "gameLine": "+124",
        "+/-": "+1",
        "L5_+/-": "+5.0",
        "prevMatchup": "",
        "winLossSplits": "44% - 12%",
        "awayHome": "A",
        "playedYesterday": "N",
        "awayHomeSplits": "29% - 25%",
        "savesAboveExp": 0.641,
        "gsaa": 10.7,
        "corsi": "50.8% (60.8) // 50.4% (58.9) // 52.1% (55.5) // 46.0% (52.0)",
        "fenwick": "50.8% (43.5) // 49.1% (41.6) // 53.6% (43.2) // 50.0% (44.0)",
        "shots": "50.0% (29.6) // 48.5% (27.5) // 55.1% (29.5) // 52.5% (31.0)",
        "scoring": "51.7% (30.1) // 51.6% (30.0) // 58.1% (29.2) // 44.1% (26.0)",
        "corsiAgainst": "49.2% (58.9) // 49.6% (58.1) // 47.9% (50.9) // 54.0% (61.0)",
        "fenwickAgainst": "49.2% (42.2) // 50.9% (43.1) // 46.4% (37.3) // 50.0% (44.0)",
        "shotsAgainst": "50.0% (29.6) // 51.5% (29.2) // 44.9% (24.0) // 47.5% (28.0)",
        "scoringAgainst": "48.3% (28.1) // 48.4% (28.2) // 41.9% (21.1) // 55.9% (33.0)",
        "oppCorsi": "50.9% (59.4) // 50.4% (63.0) // 55.8% (71.4) // 64.6% (79.0)",
        "oppFenwick": "51.2% (43.5) // 50.7% (46.7) // 57.2% (53.7) // 64.5% (57.8)",
        "oppShots": "52.2% (31.0) // 50.9% (31.4) // 59.0% (36.9) // 60.3% (36.6)",
        "oppScoring": "50.6% (27.9) // 51.5% (30.0) // 55.0% (32.6) // 63.2% (34.7)",
        "oppCorsiAgainst": "49.1% (57.2) // 49.6% (61.9) // 44.2% (56.6) // 35.4% (43.4)",
        "oppFenwickAgainst": "48.8% (41.4) // 49.3% (45.4) // 42.8% (40.2) // 35.5% (31.8)",
        "oppShotsAgainst": "47.8% (28.4) // 49.1% (30.3) // 41.0% (25.7) // 39.7% (24.1)",
        "oppScoringAgainst": "49.4% (27.2) // 48.5% (28.2) // 45.0% (26.7) // 36.8% (20.2)",
        "totalOver": 27,
        "totalOverLast5": 60,
        "totalOverLast15": 33,
        "lastTotalOver": 26,
        "last5": "2,1,3,2,1,0,0,1,0,0",
        "fd": "+200",
        "dk": "+170/-220",
        "kambi": "165/-220",
        "lowest": "200 FD",
        "implied": 33.33333333333333,
        "overOdds": "+170",
        "underOdds": "-220",
        "overUnder": "+170 / -220"
    },
    {
        "player": "Marco Rossi",
        "team": "MIN",
        "opponent": "WPG",
        "propType": "pts",
        "line": 0.5,
        "ppLine": "PP1",
        "avg": 0.67,
        "hit": false,
        "diffAvg": 0.34,
        "diffAbs": 0.8,
        "lastAvg": 0.05,
        "diff": -0.9,
        "avgMin": 16,
        "proj": 0.1,
        "lastAvgMin": 12.52,
        "oppOver": 0,
        "teamOver": 0,
        "gameLine": "+124",
        "+/-": "+10",
        "L5_+/-": "+4.0",
        "prevMatchup": "",
        "winLossSplits": "62% - 47%",
        "awayHome": "A",
        "playedYesterday": "N",
        "awayHomeSplits": "47% - 62%",
        "savesAboveExp": 0.641,
        "gsaa": 10.7,
        "corsi": "50.8% (60.8) // 50.4% (58.9) // 52.1% (55.5) // 46.0% (52.0)",
        "fenwick": "50.8% (43.5) // 49.1% (41.6) // 53.6% (43.2) // 50.0% (44.0)",
        "shots": "50.0% (29.6) // 48.5% (27.5) // 55.1% (29.5) // 52.5% (31.0)",
        "scoring": "51.7% (30.1) // 51.6% (30.0) // 58.1% (29.2) // 44.1% (26.0)",
        "corsiAgainst": "49.2% (58.9) // 49.6% (58.1) // 47.9% (50.9) // 54.0% (61.0)",
        "fenwickAgainst": "49.2% (42.2) // 50.9% (43.1) // 46.4% (37.3) // 50.0% (44.0)",
        "shotsAgainst": "50.0% (29.6) // 51.5% (29.2) // 44.9% (24.0) // 47.5% (28.0)",
        "scoringAgainst": "48.3% (28.1) // 48.4% (28.2) // 41.9% (21.1) // 55.9% (33.0)",
        "oppCorsi": "50.9% (59.4) // 50.4% (63.0) // 55.8% (71.4) // 64.6% (79.0)",
        "oppFenwick": "51.2% (43.5) // 50.7% (46.7) // 57.2% (53.7) // 64.5% (57.8)",
        "oppShots": "52.2% (31.0) // 50.9% (31.4) // 59.0% (36.9) // 60.3% (36.6)",
        "oppScoring": "50.6% (27.9) // 51.5% (30.0) // 55.0% (32.6) // 63.2% (34.7)",
        "oppCorsiAgainst": "49.1% (57.2) // 49.6% (61.9) // 44.2% (56.6) // 35.4% (43.4)",
        "oppFenwickAgainst": "48.8% (41.4) // 49.3% (45.4) // 42.8% (40.2) // 35.5% (31.8)",
        "oppShotsAgainst": "47.8% (28.4) // 49.1% (30.3) // 41.0% (25.7) // 39.7% (24.1)",
        "oppScoringAgainst": "49.4% (27.2) // 48.5% (28.2) // 45.0% (26.7) // 36.8% (20.2)",
        "totalOver": 55,
        "totalOverLast5": 60,
        "totalOverLast15": 53,
        "lastTotalOver": 5,
        "last5": "1,0,3,1,0,0,1,1,0,0",
        "fd": "+124",
        "dk": "+110/-140",
        "kambi": "110/-143",
        "lowest": "124 FD",
        "implied": 44.642857142857146,
        "overOdds": "+110",
        "underOdds": "-140",
        "overUnder": "+110 / -140"
    },
    {
        "player": "Marcus Johansson",
        "team": "MIN",
        "opponent": "WPG",
        "propType": "pts",
        "line": 0.5,
        "ppLine": "",
        "avg": 0.55,
        "hit": false,
        "diffAvg": 0.1,
        "diffAbs": 0.0,
        "lastAvg": 0.53,
        "diff": 0.06,
        "avgMin": 16,
        "proj": 0.5,
        "lastAvgMin": 16.48,
        "oppOver": 0,
        "teamOver": 0,
        "gameLine": "+124",
        "+/-": "+4",
        "L5_+/-": "+7.0",
        "prevMatchup": "",
        "winLossSplits": "50% - 35%",
        "awayHome": "A",
        "playedYesterday": "N",
        "awayHomeSplits": "41% - 44%",
        "savesAboveExp": 0.641,
        "gsaa": 10.7,
        "corsi": "50.8% (60.8) // 50.4% (58.9) // 52.1% (55.5) // 46.0% (52.0)",
        "fenwick": "50.8% (43.5) // 49.1% (41.6) // 53.6% (43.2) // 50.0% (44.0)",
        "shots": "50.0% (29.6) // 48.5% (27.5) // 55.1% (29.5) // 52.5% (31.0)",
        "scoring": "51.7% (30.1) // 51.6% (30.0) // 58.1% (29.2) // 44.1% (26.0)",
        "corsiAgainst": "49.2% (58.9) // 49.6% (58.1) // 47.9% (50.9) // 54.0% (61.0)",
        "fenwickAgainst": "49.2% (42.2) // 50.9% (43.1) // 46.4% (37.3) // 50.0% (44.0)",
        "shotsAgainst": "50.0% (29.6) // 51.5% (29.2) // 44.9% (24.0) // 47.5% (28.0)",
        "scoringAgainst": "48.3% (28.1) // 48.4% (28.2) // 41.9% (21.1) // 55.9% (33.0)",
        "oppCorsi": "50.9% (59.4) // 50.4% (63.0) // 55.8% (71.4) // 64.6% (79.0)",
        "oppFenwick": "51.2% (43.5) // 50.7% (46.7) // 57.2% (53.7) // 64.5% (57.8)",
        "oppShots": "52.2% (31.0) // 50.9% (31.4) // 59.0% (36.9) // 60.3% (36.6)",
        "oppScoring": "50.6% (27.9) // 51.5% (30.0) // 55.0% (32.6) // 63.2% (34.7)",
        "oppCorsiAgainst": "49.1% (57.2) // 49.6% (61.9) // 44.2% (56.6) // 35.4% (43.4)",
        "oppFenwickAgainst": "48.8% (41.4) // 49.3% (45.4) // 42.8% (40.2) // 35.5% (31.8)",
        "oppShotsAgainst": "47.8% (28.4) // 49.1% (30.3) // 41.0% (25.7) // 39.7% (24.1)",
        "oppScoringAgainst": "49.4% (27.2) // 48.5% (28.2) // 45.0% (26.7) // 36.8% (20.2)",
        "totalOver": 42,
        "totalOverLast5": 80,
        "totalOverLast15": 47,
        "lastTotalOver": 44,
        "last5": "3,0,1,1,1,0,1,0,2,0",
        "fd": "0",
        "dk": "+145/-190",
        "kambi": "145/-195",
        "lowest": "145 DK",
        "implied": 40.816326530612244,
        "overOdds": "+145",
        "underOdds": "-190",
        "overUnder": "+145 / -190"
    },
    {
        "player": "Mark Scheifele",
        "team": "WPG",
        "opponent": "MIN",
        "propType": "pts",
        "line": 0.5,
        "ppLine": "PP1",
        "avg": 1.09,
        "hit": false,
        "diffAvg": 1.18,
        "diffAbs": 0.6,
        "lastAvg": 0.8,
        "diff": 0.6,
        "avgMin": 20,
        "proj": 0.8,
        "lastAvgMin": 20.47,
        "oppOver": 0,
        "teamOver": 0,
        "gameLine": "-148",
        "+/-": "+13",
        "L5_+/-": "+16.0",
        "prevMatchup": "",
        "winLossSplits": "75% - 62%",
        "awayHome": "H",
        "playedYesterday": "N",
        "awayHomeSplits": "53% - 83%",
        "savesAboveExp": 0.594,
        "gsaa": 0.77,
        "corsi": "50.9% (59.4) // 50.4% (63.0) // 55.8% (71.4) // 64.6% (79.0)",
        "fenwick": "51.2% (43.5) // 50.7% (46.7) // 57.2% (53.7) // 64.5% (57.8)",
        "shots": "52.2% (31.0) // 50.9% (31.4) // 59.0% (36.9) // 60.3% (36.6)",
        "scoring": "50.6% (27.9) // 51.5% (30.0) // 55.0% (32.6) // 63.2% (34.7)",
        "corsiAgainst": "49.1% (57.2) // 49.6% (61.9) // 44.2% (56.6) // 35.4% (43.4)",
        "fenwickAgainst": "48.8% (41.4) // 49.3% (45.4) // 42.8% (40.2) // 35.5% (31.8)",
        "shotsAgainst": "47.8% (28.4) // 49.1% (30.3) // 41.0% (25.7) // 39.7% (24.1)",
        "scoringAgainst": "49.4% (27.2) // 48.5% (28.2) // 45.0% (26.7) // 36.8% (20.2)",
        "oppCorsi": "50.8% (60.8) // 50.4% (58.9) // 52.1% (55.5) // 46.0% (52.0)",
        "oppFenwick": "50.8% (43.5) // 49.1% (41.6) // 53.6% (43.2) // 50.0% (44.0)",
        "oppShots": "50.0% (29.6) // 48.5% (27.5) // 55.1% (29.5) // 52.5% (31.0)",
        "oppScoring": "51.7% (30.1) // 51.6% (30.0) // 58.1% (29.2) // 44.1% (26.0)",
        "oppCorsiAgainst": "49.2% (58.9) // 49.6% (58.1) // 47.9% (50.9) // 54.0% (61.0)",
        "oppFenwickAgainst": "49.2% (42.2) // 50.9% (43.1) // 46.4% (37.3) // 50.0% (44.0)",
        "oppShotsAgainst": "50.0% (29.6) // 51.5% (29.2) // 44.9% (24.0) // 47.5% (28.0)",
        "oppScoringAgainst": "48.3% (28.1) // 48.4% (28.2) // 41.9% (21.1) // 55.9% (33.0)",
        "totalOver": 70,
        "totalOverLast5": 60,
        "totalOverLast15": 60,
        "lastTotalOver": 51,
        "last5": "0,2,1,0,2,3,0,1,0,2",
        "fd": "-200",
        "dk": "-190/+145",
        "kambi": "-200/155",
        "lowest": "-190 DK",
        "implied": 65.51724137931035,
        "overOdds": "-190",
        "underOdds": "+145",
        "overUnder": "-190 / +145"
    },
    {
        "player": "Matthew Boldy",
        "team": "MIN",
        "opponent": "WPG",
        "propType": "pts",
        "line": 0.5,
        "ppLine": "",
        "avg": 0.77,
        "hit": false,
        "diffAvg": 0.54,
        "diffAbs": 0.4,
        "lastAvg": 0.72,
        "diff": 0.44,
        "avgMin": 17,
        "proj": 0.7,
        "lastAvgMin": 18.48,
        "oppOver": 0,
        "teamOver": 0,
        "gameLine": "+124",
        "+/-": "+5",
        "L5_+/-": "+6.0",
        "prevMatchup": "",
        "winLossSplits": "71% - 50%",
        "awayHome": "A",
        "playedYesterday": "N",
        "awayHomeSplits": "54% - 69%",
        "savesAboveExp": 0.641,
        "gsaa": 10.7,
        "corsi": "50.8% (60.8) // 50.4% (58.9) // 52.1% (55.5) // 46.0% (52.0)",
        "fenwick": "50.8% (43.5) // 49.1% (41.6) // 53.6% (43.2) // 50.0% (44.0)",
        "shots": "50.0% (29.6) // 48.5% (27.5) // 55.1% (29.5) // 52.5% (31.0)",
        "scoring": "51.7% (30.1) // 51.6% (30.0) // 58.1% (29.2) // 44.1% (26.0)",
        "corsiAgainst": "49.2% (58.9) // 49.6% (58.1) // 47.9% (50.9) // 54.0% (61.0)",
        "fenwickAgainst": "49.2% (42.2) // 50.9% (43.1) // 46.4% (37.3) // 50.0% (44.0)",
        "shotsAgainst": "50.0% (29.6) // 51.5% (29.2) // 44.9% (24.0) // 47.5% (28.0)",
        "scoringAgainst": "48.3% (28.1) // 48.4% (28.2) // 41.9% (21.1) // 55.9% (33.0)",
        "oppCorsi": "50.9% (59.4) // 50.4% (63.0) // 55.8% (71.4) // 64.6% (79.0)",
        "oppFenwick": "51.2% (43.5) // 50.7% (46.7) // 57.2% (53.7) // 64.5% (57.8)",
        "oppShots": "52.2% (31.0) // 50.9% (31.4) // 59.0% (36.9) // 60.3% (36.6)",
        "oppScoring": "50.6% (27.9) // 51.5% (30.0) // 55.0% (32.6) // 63.2% (34.7)",
        "oppCorsiAgainst": "49.1% (57.2) // 49.6% (61.9) // 44.2% (56.6) // 35.4% (43.4)",
        "oppFenwickAgainst": "48.8% (41.4) // 49.3% (45.4) // 42.8% (40.2) // 35.5% (31.8)",
        "oppShotsAgainst": "47.8% (28.4) // 49.1% (30.3) // 41.0% (25.7) // 39.7% (24.1)",
        "oppScoringAgainst": "49.4% (27.2) // 48.5% (28.2) // 45.0% (26.7) // 36.8% (20.2)",
        "totalOver": 62,
        "totalOverLast5": 60,
        "totalOverLast15": 60,
        "lastTotalOver": 50,
        "last5": "1,0,1,0,1,0,1,1,2,0",
        "fd": "0",
        "dk": "-166/+130",
        "kambi": "-180/138",
        "lowest": "-166 DK",
        "implied": 62.40601503759399,
        "overOdds": "-166",
        "underOdds": "+130",
        "overUnder": "-166 / +130"
    },
    {
        "player": "Nikolaj Ehlers",
        "team": "WPG",
        "opponent": "MIN",
        "propType": "pts",
        "line": 0.5,
        "ppLine": "PP1",
        "avg": 0.79,
        "hit": false,
        "diffAvg": 0.58,
        "diffAbs": 0.6,
        "lastAvg": 0.83,
        "diff": 0.66,
        "avgMin": 16,
        "proj": 0.8,
        "lastAvgMin": 15.63,
        "oppOver": 0,
        "teamOver": 0,
        "gameLine": "-148",
        "+/-": "+16",
        "L5_+/-": "+16.0",
        "prevMatchup": "",
        "winLossSplits": "70% - 31%",
        "awayHome": "H",
        "playedYesterday": "N",
        "awayHomeSplits": "47% - 61%",
        "savesAboveExp": 0.594,
        "gsaa": 0.77,
        "corsi": "50.9% (59.4) // 50.4% (63.0) // 55.8% (71.4) // 64.6% (79.0)",
        "fenwick": "51.2% (43.5) // 50.7% (46.7) // 57.2% (53.7) // 64.5% (57.8)",
        "shots": "52.2% (31.0) // 50.9% (31.4) // 59.0% (36.9) // 60.3% (36.6)",
        "scoring": "50.6% (27.9) // 51.5% (30.0) // 55.0% (32.6) // 63.2% (34.7)",
        "corsiAgainst": "49.1% (57.2) // 49.6% (61.9) // 44.2% (56.6) // 35.4% (43.4)",
        "fenwickAgainst": "48.8% (41.4) // 49.3% (45.4) // 42.8% (40.2) // 35.5% (31.8)",
        "shotsAgainst": "47.8% (28.4) // 49.1% (30.3) // 41.0% (25.7) // 39.7% (24.1)",
        "scoringAgainst": "49.4% (27.2) // 48.5% (28.2) // 45.0% (26.7) // 36.8% (20.2)",
        "oppCorsi": "50.8% (60.8) // 50.4% (58.9) // 52.1% (55.5) // 46.0% (52.0)",
        "oppFenwick": "50.8% (43.5) // 49.1% (41.6) // 53.6% (43.2) // 50.0% (44.0)",
        "oppShots": "50.0% (29.6) // 48.5% (27.5) // 55.1% (29.5) // 52.5% (31.0)",
        "oppScoring": "51.7% (30.1) // 51.6% (30.0) // 58.1% (29.2) // 44.1% (26.0)",
        "oppCorsiAgainst": "49.2% (58.9) // 49.6% (58.1) // 47.9% (50.9) // 54.0% (61.0)",
        "oppFenwickAgainst": "49.2% (42.2) // 50.9% (43.1) // 46.4% (37.3) // 50.0% (44.0)",
        "oppShotsAgainst": "50.0% (29.6) // 51.5% (29.2) // 44.9% (24.0) // 47.5% (28.0)",
        "oppScoringAgainst": "48.3% (28.1) // 48.4% (28.2) // 41.9% (21.1) // 55.9% (33.0)",
        "totalOver": 55,
        "totalOverLast5": 80,
        "totalOverLast15": 60,
        "lastTotalOver": 57,
        "last5": "0,1,2,1,2,4,0,1,1,2",
        "fd": "-156",
        "dk": "-150/+120",
        "kambi": "-162/123",
        "lowest": "-150 DK",
        "implied": 60.0,
        "overOdds": "-150",
        "underOdds": "+120",
        "overUnder": "-150 / +120"
    },
    {
        "player": "Nino Niederreiter",
        "team": "WPG",
        "opponent": "MIN",
        "propType": "pts",
        "line": 0.5,
        "ppLine": "PP2",
        "avg": 0.61,
        "hit": false,
        "diffAvg": 0.22,
        "diffAbs": 0.0,
        "lastAvg": 0.49,
        "diff": -0.02,
        "avgMin": 15,
        "proj": 0.5,
        "lastAvgMin": 16.28,
        "oppOver": 0,
        "teamOver": 0,
        "gameLine": "-148",
        "+/-": "+11",
        "L5_+/-": "+2.0",
        "prevMatchup": "",
        "winLossSplits": "55% - 15%",
        "awayHome": "H",
        "playedYesterday": "N",
        "awayHomeSplits": "40% - 39%",
        "savesAboveExp": 0.594,
        "gsaa": 0.77,
        "corsi": "50.9% (59.4) // 50.4% (63.0) // 55.8% (71.4) // 64.6% (79.0)",
        "fenwick": "51.2% (43.5) // 50.7% (46.7) // 57.2% (53.7) // 64.5% (57.8)",
        "shots": "52.2% (31.0) // 50.9% (31.4) // 59.0% (36.9) // 60.3% (36.6)",
        "scoring": "50.6% (27.9) // 51.5% (30.0) // 55.0% (32.6) // 63.2% (34.7)",
        "corsiAgainst": "49.1% (57.2) // 49.6% (61.9) // 44.2% (56.6) // 35.4% (43.4)",
        "fenwickAgainst": "48.8% (41.4) // 49.3% (45.4) // 42.8% (40.2) // 35.5% (31.8)",
        "shotsAgainst": "47.8% (28.4) // 49.1% (30.3) // 41.0% (25.7) // 39.7% (24.1)",
        "scoringAgainst": "49.4% (27.2) // 48.5% (28.2) // 45.0% (26.7) // 36.8% (20.2)",
        "oppCorsi": "50.8% (60.8) // 50.4% (58.9) // 52.1% (55.5) // 46.0% (52.0)",
        "oppFenwick": "50.8% (43.5) // 49.1% (41.6) // 53.6% (43.2) // 50.0% (44.0)",
        "oppShots": "50.0% (29.6) // 48.5% (27.5) // 55.1% (29.5) // 52.5% (31.0)",
        "oppScoring": "51.7% (30.1) // 51.6% (30.0) // 58.1% (29.2) // 44.1% (26.0)",
        "oppCorsiAgainst": "49.2% (58.9) // 49.6% (58.1) // 47.9% (50.9) // 54.0% (61.0)",
        "oppFenwickAgainst": "49.2% (42.2) // 50.9% (43.1) // 46.4% (37.3) // 50.0% (44.0)",
        "oppShotsAgainst": "50.0% (29.6) // 51.5% (29.2) // 44.9% (24.0) // 47.5% (28.0)",
        "oppScoringAgainst": "48.3% (28.1) // 48.4% (28.2) // 41.9% (21.1) // 55.9% (33.0)",
        "totalOver": 39,
        "totalOverLast5": 40,
        "totalOverLast15": 27,
        "lastTotalOver": 45,
        "last5": "0,3,0,0,1,0,0,1,1,0",
        "fd": "0",
        "dk": "+130/-166",
        "kambi": "133/-175",
        "lowest": "133 BR",
        "implied": 42.91845493562232,
        "overOdds": "+130",
        "underOdds": "-166",
        "overUnder": "+130 / -166"
    },
    {
        "player": "Adam Fantilli",
        "team": "CBJ",
        "opponent": "BUF",
        "propType": "pts",
        "line": 0.5,
        "ppLine": "PP2",
        "avg": 0.59,
        "hit": false,
        "diffAvg": 0.18,
        "diffAbs": 1.0,
        "lastAvg": 0,
        "diff": 0,
        "avgMin": 15,
        "proj": 0.0,
        "lastAvgMin": 0,
        "oppOver": 0,
        "teamOver": 0,
        "gameLine": "+170",
        "+/-": -11,
        "L5_+/-": -1.0,
        "prevMatchup": "2023-12-19 2.0 pts",
        "winLossSplits": "58% - 44%",
        "awayHome": "A",
        "playedYesterday": "Y",
        "awayHomeSplits": "44% - 52%",
        "savesAboveExp": 0.461,
        "gsaa": -4.71,
        "corsi": "47.0% (60.7) // 45.8% (57.0) // 49.6% (60.2) // 46.8% (56.6)",
        "fenwick": "47.1% (43.1) // 46.5% (41.0) // 49.3% (41.9) // 44.8% (37.4)",
        "shots": "46.4% (29.2) // 44.8% (27.9) // 46.7% (27.4) // 42.4% (24.0)",
        "scoring": "46.8% (28.3) // 44.0% (27.2) // 43.4% (25.5) // 42.4% (24.0)",
        "corsiAgainst": "53.0% (68.4) // 54.2% (67.4) // 50.4% (61.1) // 53.2% (64.3)",
        "fenwickAgainst": "52.9% (48.4) // 53.5% (47.2) // 50.7% (43.1) // 55.2% (46.0)",
        "shotsAgainst": "53.6% (33.7) // 55.2% (34.4) // 53.3% (31.3) // 57.6% (32.6)",
        "scoringAgainst": "53.2% (32.2) // 56.0% (34.7) // 56.6% (33.2) // 57.6% (32.6)",
        "oppCorsi": "49.1% (57.7) // 50.5% (60.7) // 50.3% (61.5) // 59.1% (65.0)",
        "oppFenwick": "49.7% (42.7) // 51.5% (45.0) // 52.3% (45.4) // 56.2% (45.0)",
        "oppShots": "50.4% (29.9) // 52.8% (32.1) // 51.4% (29.6) // 51.0% (26.0)",
        "oppScoring": "47.5% (27.6) // 49.5% (30.8) // 49.4% (27.3) // 47.8% (22.0)",
        "oppCorsiAgainst": "50.9% (59.7) // 49.5% (59.7) // 49.7% (60.8) // 40.9% (45.0)",
        "oppFenwickAgainst": "50.3% (43.3) // 48.5% (42.4) // 47.7% (41.4) // 43.8% (35.0)",
        "oppShotsAgainst": "49.6% (29.4) // 47.2% (28.7) // 48.6% (28.0) // 49.0% (25.0)",
        "oppScoringAgainst": "52.5% (30.5) // 50.5% (31.5) // 50.6% (28.0) // 52.2% (24.0)",
        "totalOver": 49,
        "totalOverLast5": 80,
        "totalOverLast15": 60,
        "lastTotalOver": 0,
        "last5": "1,1,1,0,2,1,0,0,1,3",
        "fd": "+102",
        "dk": "+110/-140",
        "kambi": "106/-137",
        "lowest": "110 DK",
        "implied": 47.61904761904761,
        "overOdds": "+110",
        "underOdds": "-140",
        "overUnder": "+110 / -140"
    },
    {
        "player": "Alex Tuch",
        "team": "BUF",
        "opponent": "CBJ",
        "propType": "pts",
        "line": 0.5,
        "ppLine": "PP1",
        "avg": 0.83,
        "hit": false,
        "diffAvg": 0.66,
        "diffAbs": 1.2,
        "lastAvg": 1.07,
        "diff": 1.14,
        "avgMin": 19,
        "proj": 1.1,
        "lastAvgMin": 19.15,
        "oppOver": 0,
        "teamOver": 0,
        "gameLine": "-205",
        "+/-": -6,
        "L5_+/-": -4.0,
        "prevMatchup": "2023-12-19 1.0 pts",
        "winLossSplits": "82% - 33%",
        "awayHome": "H",
        "playedYesterday": "N",
        "awayHomeSplits": "59% - 42%",
        "savesAboveExp": -0.06,
        "gsaa": "-",
        "corsi": "49.1% (57.7) // 50.5% (60.7) // 50.3% (61.5) // 59.1% (65.0)",
        "fenwick": "49.7% (42.7) // 51.5% (45.0) // 52.3% (45.4) // 56.2% (45.0)",
        "shots": "50.4% (29.9) // 52.8% (32.1) // 51.4% (29.6) // 51.0% (26.0)",
        "scoring": "47.5% (27.6) // 49.5% (30.8) // 49.4% (27.3) // 47.8% (22.0)",
        "corsiAgainst": "50.9% (59.7) // 49.5% (59.7) // 49.7% (60.8) // 40.9% (45.0)",
        "fenwickAgainst": "50.3% (43.3) // 48.5% (42.4) // 47.7% (41.4) // 43.8% (35.0)",
        "shotsAgainst": "49.6% (29.4) // 47.2% (28.7) // 48.6% (28.0) // 49.0% (25.0)",
        "scoringAgainst": "52.5% (30.5) // 50.5% (31.5) // 50.6% (28.0) // 52.2% (24.0)",
        "oppCorsi": "47.0% (60.7) // 45.8% (57.0) // 49.6% (60.2) // 46.8% (56.6)",
        "oppFenwick": "47.1% (43.1) // 46.5% (41.0) // 49.3% (41.9) // 44.8% (37.4)",
        "oppShots": "46.4% (29.2) // 44.8% (27.9) // 46.7% (27.4) // 42.4% (24.0)",
        "oppScoring": "46.8% (28.3) // 44.0% (27.2) // 43.4% (25.5) // 42.4% (24.0)",
        "oppCorsiAgainst": "53.0% (68.4) // 54.2% (67.4) // 50.4% (61.1) // 53.2% (64.3)",
        "oppFenwickAgainst": "52.9% (48.4) // 53.5% (47.2) // 50.7% (43.1) // 55.2% (46.0)",
        "oppShotsAgainst": "53.6% (33.7) // 55.2% (34.4) // 53.3% (31.3) // 57.6% (32.6)",
        "oppScoringAgainst": "53.2% (32.2) // 56.0% (34.7) // 56.6% (33.2) // 57.6% (32.6)",
        "totalOver": 52,
        "totalOverLast5": 40,
        "totalOverLast15": 47,
        "lastTotalOver": 65,
        "last5": "0,0,4,1,0,2,0,0,1,0",
        "fd": "-178",
        "dk": "-160/+124",
        "kambi": "-162/123",
        "lowest": "-160 DK",
        "implied": 61.53846153846154,
        "overOdds": "-160",
        "underOdds": "+124",
        "overUnder": "-160 / +124"
    },
    {
