[
    {
        "player": "Adam Fox",
        "team": "NYR",
        "opponent": "NYI",
        "propType": "pts",
        "line": 0.5,
        "ppLine": "",
        "avg": 0.98,
        "hit": false,
        "diffAvg": 0.96,
        "diffAbs": 0.6,
        "lastAvg": 0.8,
        "diff": 0.6,
        "avgMin": 23,
        "proj": 0.8,
        "lastAvgMin": 24.37,
        "oppOver": 0,
        "teamOver": 0,
        "gameLine": "-148",
        "+/-": "+10",
        "L5_+/-": "+10.0",
        "prevMatchup": "",
        "winLossSplits": "68% - 62%",
        "awayHome": "A",
        "playedYesterday": "N",
        "awayHomeSplits": "78% - 52%",
        "savesAboveExp": 0.704,
        "gsaa": 5.74,
        "corsi": "50.5% (61.1) // 53.6% (64.8) // 59.8% (71.2) // 62.7% (80.1)",
        "fenwick": "51.4% (45.4) // 54.2% (48.1) // 60.2% (53.5) // 62.3% (59.0)",
        "shots": "52.0% (31.4) // 55.5% (34.2) // 60.5% (38.0) // 63.5% (42.8)",
        "scoring": "51.8% (30.0) // 55.8% (32.6) // 60.9% (35.8) // 65.2% (42.5)",
        "corsiAgainst": "49.5% (59.8) // 46.4% (56.0) // 40.2% (47.8) // 37.3% (47.7)",
        "fenwickAgainst": "48.6% (43.0) // 45.8% (40.7) // 39.8% (35.4) // 37.7% (35.7)",
        "shotsAgainst": "48.0% (29.0) // 44.5% (27.5) // 39.5% (24.8) // 36.5% (24.6)",
        "scoringAgainst": "48.2% (27.9) // 44.2% (25.8) // 39.1% (23.0) // 34.8% (22.7)",
        "oppCorsi": "44.7% (56.8) // 44.4% (54.6) // 43.4% (50.9) // 46.0% (52.9)",
        "oppFenwick": "45.5% (41.5) // 44.8% (38.7) // 43.5% (34.7) // 44.5% (34.9)",
        "oppShots": "45.8% (29.2) // 45.8% (28.4) // 44.8% (26.5) // 44.9% (26.6)",
        "oppScoring": "45.4% (28.2) // 44.8% (26.8) // 43.3% (23.3) // 45.5% (25.3)",
        "oppCorsiAgainst": "55.3% (70.4) // 55.6% (68.4) // 56.6% (66.2) // 54.0% (62.2)",
        "oppFenwickAgainst": "54.5% (49.6) // 55.2% (47.8) // 56.5% (45.1) // 55.5% (43.6)",
        "oppShotsAgainst": "54.2% (34.6) // 54.2% (33.6) // 55.2% (32.7) // 55.1% (32.6)",
        "oppScoringAgainst": "54.6% (33.9) // 55.2% (33.1) // 56.7% (30.5) // 54.5% (30.3)",
        "totalOver": 66,
        "totalOverLast5": 40,
        "totalOverLast15": 60,
        "lastTotalOver": 61,
        "last5": "4,0,2,0,0,1,1,2,2,1",
        "fd": "-178",
        "dk": "-160/+124",
        "kambi": "-177/133",
        "lowest": "-160 DK",
        "implied": 61.53846153846154,
        "overOdds": "-160",
        "underOdds": "+124",
        "overUnder": "-160 / +124"
    },
    {
        "player": "Alexis Lafreniere",
        "team": "NYR",
        "opponent": "NYI",
        "propType": "pts",
        "line": 0.5,
        "ppLine": "",
        "avg": 0.57,
        "hit": false,
        "diffAvg": 0.14,
        "diffAbs": 0.0,
        "lastAvg": 0.44,
        "diff": -0.12,
        "avgMin": 17,
        "proj": 0.5,
        "lastAvgMin": 15.22,
        "oppOver": 0,
        "teamOver": 0,
        "gameLine": "-148",
        "+/-": -9,
        "L5_+/-": "+1.0",
        "prevMatchup": "",
        "winLossSplits": "51% - 32%",
        "awayHome": "A",
        "playedYesterday": "N",
        "awayHomeSplits": "46% - 42%",
        "savesAboveExp": 0.704,
        "gsaa": 5.74,
        "corsi": "50.5% (61.1) // 53.6% (64.8) // 59.8% (71.2) // 62.7% (80.1)",
        "fenwick": "51.4% (45.4) // 54.2% (48.1) // 60.2% (53.5) // 62.3% (59.0)",
        "shots": "52.0% (31.4) // 55.5% (34.2) // 60.5% (38.0) // 63.5% (42.8)",
        "scoring": "51.8% (30.0) // 55.8% (32.6) // 60.9% (35.8) // 65.2% (42.5)",
        "corsiAgainst": "49.5% (59.8) // 46.4% (56.0) // 40.2% (47.8) // 37.3% (47.7)",
        "fenwickAgainst": "48.6% (43.0) // 45.8% (40.7) // 39.8% (35.4) // 37.7% (35.7)",
        "shotsAgainst": "48.0% (29.0) // 44.5% (27.5) // 39.5% (24.8) // 36.5% (24.6)",
        "scoringAgainst": "48.2% (27.9) // 44.2% (25.8) // 39.1% (23.0) // 34.8% (22.7)",
        "oppCorsi": "44.7% (56.8) // 44.4% (54.6) // 43.4% (50.9) // 46.0% (52.9)",
        "oppFenwick": "45.5% (41.5) // 44.8% (38.7) // 43.5% (34.7) // 44.5% (34.9)",
        "oppShots": "45.8% (29.2) // 45.8% (28.4) // 44.8% (26.5) // 44.9% (26.6)",
        "oppScoring": "45.4% (28.2) // 44.8% (26.8) // 43.3% (23.3) // 45.5% (25.3)",
        "oppCorsiAgainst": "55.3% (70.4) // 55.6% (68.4) // 56.6% (66.2) // 54.0% (62.2)",
        "oppFenwickAgainst": "54.5% (49.6) // 55.2% (47.8) // 56.5% (45.1) // 55.5% (43.6)",
        "oppShotsAgainst": "54.2% (34.6) // 54.2% (33.6) // 55.2% (32.7) // 55.1% (32.6)",
        "oppScoringAgainst": "54.6% (33.9) // 55.2% (33.1) // 56.7% (30.5) // 54.5% (30.3)",
        "totalOver": 44,
        "totalOverLast5": 40,
        "totalOverLast15": 33,
        "lastTotalOver": 33,
        "last5": "0,0,1,0,1,2,0,1,0,0",
        "fd": "0",
        "dk": "-115/-115",
        "kambi": "-118/-110",
        "lowest": "-115 DK",
        "implied": 53.48837209302325,
        "overOdds": "-115",
        "underOdds": "-115",
        "overUnder": "-115 / -115"
    },
    {
        "player": "Anders Lee",
        "team": "NYI",
        "opponent": "NYR",
        "propType": "pts",
        "line": 0.5,
        "ppLine": "",
        "avg": 0.38,
        "hit": false,
        "diffAvg": -0.24,
        "diffAbs": 0.0,
        "lastAvg": 0.57,
        "diff": 0.14,
        "avgMin": 15,
        "proj": 0.5,
        "lastAvgMin": 17.22,
        "oppOver": 0,
        "teamOver": 0,
        "gameLine": "+124",
        "+/-": "+1",
        "L5_+/-": 0.0,
        "prevMatchup": "",
        "winLossSplits": "41% - 23%",
        "awayHome": "H",
        "playedYesterday": "N",
        "awayHomeSplits": "44% - 18%",
        "savesAboveExp": 0.388,
        "gsaa": -1.33,
        "corsi": "44.7% (56.8) // 44.4% (54.6) // 43.4% (50.9) // 46.0% (52.9)",
        "fenwick": "45.5% (41.5) // 44.8% (38.7) // 43.5% (34.7) // 44.5% (34.9)",
        "shots": "45.8% (29.2) // 45.8% (28.4) // 44.8% (26.5) // 44.9% (26.6)",
        "scoring": "45.4% (28.2) // 44.8% (26.8) // 43.3% (23.3) // 45.5% (25.3)",
        "corsiAgainst": "55.3% (70.4) // 55.6% (68.4) // 56.6% (66.2) // 54.0% (62.2)",
        "fenwickAgainst": "54.5% (49.6) // 55.2% (47.8) // 56.5% (45.1) // 55.5% (43.6)",
        "shotsAgainst": "54.2% (34.6) // 54.2% (33.6) // 55.2% (32.7) // 55.1% (32.6)",
        "scoringAgainst": "54.6% (33.9) // 55.2% (33.1) // 56.7% (30.5) // 54.5% (30.3)",
        "oppCorsi": "50.5% (61.1) // 53.6% (64.8) // 59.8% (71.2) // 62.7% (80.1)",
        "oppFenwick": "51.4% (45.4) // 54.2% (48.1) // 60.2% (53.5) // 62.3% (59.0)",
        "oppShots": "52.0% (31.4) // 55.5% (34.2) // 60.5% (38.0) // 63.5% (42.8)",
        "oppScoring": "51.8% (30.0) // 55.8% (32.6) // 60.9% (35.8) // 65.2% (42.5)",
        "oppCorsiAgainst": "49.5% (59.8) // 46.4% (56.0) // 40.2% (47.8) // 37.3% (47.7)",
        "oppFenwickAgainst": "48.6% (43.0) // 45.8% (40.7) // 39.8% (35.4) // 37.7% (35.7)",
        "oppShotsAgainst": "48.0% (29.0) // 44.5% (27.5) // 39.5% (24.8) // 36.5% (24.6)",
        "oppScoringAgainst": "48.2% (27.9) // 44.2% (25.8) // 39.1% (23.0) // 34.8% (22.7)",
        "totalOver": 30,
        "totalOverLast5": 20,
        "totalOverLast15": 13,
        "lastTotalOver": 45,
        "last5": "0,0,0,1,0,0,0,0,0,2",
        "fd": "+128",
        "dk": "+135/-175",
        "kambi": "130/-167",
        "lowest": "135 DK",
        "implied": 42.5531914893617,
        "overOdds": "+135",
        "underOdds": "-175",
        "overUnder": "+135 / -175"
    },
    {
        "player": "Artemi Panarin",
        "team": "NYR",
        "opponent": "NYI",
        "propType": "pts",
        "line": 1.5,
        "ppLine": "",
        "avg": 1.31,
        "hit": false,
        "diffAvg": -0.13,
        "diffAbs": 0.33,
        "lastAvg": 1.02,
        "diff": -0.32,
        "avgMin": 20,
        "proj": 1.0,
        "lastAvgMin": 19.6,
        "oppOver": 0,
        "teamOver": 0,
        "gameLine": "-148",
        "+/-": "+2",
        "L5_+/-": "+6.0",
        "prevMatchup": "",
        "winLossSplits": "49% - 21%",
        "awayHome": "A",
        "playedYesterday": "N",
        "awayHomeSplits": "39% - 38%",
        "savesAboveExp": 0.704,
        "gsaa": 5.74,
        "corsi": "50.5% (61.1) // 53.6% (64.8) // 59.8% (71.2) // 62.7% (80.1)",
        "fenwick": "51.4% (45.4) // 54.2% (48.1) // 60.2% (53.5) // 62.3% (59.0)",
        "shots": "52.0% (31.4) // 55.5% (34.2) // 60.5% (38.0) // 63.5% (42.8)",
        "scoring": "51.8% (30.0) // 55.8% (32.6) // 60.9% (35.8) // 65.2% (42.5)",
        "corsiAgainst": "49.5% (59.8) // 46.4% (56.0) // 40.2% (47.8) // 37.3% (47.7)",
        "fenwickAgainst": "48.6% (43.0) // 45.8% (40.7) // 39.8% (35.4) // 37.7% (35.7)",
        "shotsAgainst": "48.0% (29.0) // 44.5% (27.5) // 39.5% (24.8) // 36.5% (24.6)",
        "scoringAgainst": "48.2% (27.9) // 44.2% (25.8) // 39.1% (23.0) // 34.8% (22.7)",
        "oppCorsi": "44.7% (56.8) // 44.4% (54.6) // 43.4% (50.9) // 46.0% (52.9)",
        "oppFenwick": "45.5% (41.5) // 44.8% (38.7) // 43.5% (34.7) // 44.5% (34.9)",
        "oppShots": "45.8% (29.2) // 45.8% (28.4) // 44.8% (26.5) // 44.9% (26.6)",
        "oppScoring": "45.4% (28.2) // 44.8% (26.8) // 43.3% (23.3) // 45.5% (25.3)",
        "oppCorsiAgainst": "55.3% (70.4) // 55.6% (68.4) // 56.6% (66.2) // 54.0% (62.2)",
        "oppFenwickAgainst": "54.5% (49.6) // 55.2% (47.8) // 56.5% (45.1) // 55.5% (43.6)",
        "oppShotsAgainst": "54.2% (34.6) // 54.2% (33.6) // 55.2% (32.7) // 55.1% (32.6)",
        "oppScoringAgainst": "54.6% (33.9) // 55.2% (33.1) // 56.7% (30.5) // 54.5% (30.3)",
        "totalOver": 39,
        "totalOverLast5": 20,
        "totalOverLast15": 13,
        "lastTotalOver": 28,
        "last5": "3,0,1,0,1,3,0,1,1,0",
        "fd": "+144",
        "dk": "+140/-180",
        "kambi": "132/-175",
        "lowest": "144 FD",
        "implied": 40.98360655737705,
        "overOdds": "+140",
        "underOdds": "-180",
        "overUnder": "+140 / -180"
    },
    {
        "player": "Bo Horvat",
        "team": "NYI",
        "opponent": "NYR",
        "propType": "pts",
        "line": 0.5,
        "ppLine": "",
        "avg": 0.9,
        "hit": false,
        "diffAvg": 0.8,
        "diffAbs": 0.4,
        "lastAvg": 0.81,
        "diff": 0.62,
        "avgMin": 19,
        "proj": 0.7,
        "lastAvgMin": 20.65,
        "oppOver": 0,
        "teamOver": 0,
        "gameLine": "+124",
        "+/-": "+5",
        "L5_+/-": -1.0,
        "prevMatchup": "",
        "winLossSplits": "68% - 53%",
        "awayHome": "H",
        "playedYesterday": "N",
        "awayHomeSplits": "60% - 59%",
        "savesAboveExp": 0.388,
        "gsaa": -1.33,
        "corsi": "44.7% (56.8) // 44.4% (54.6) // 43.4% (50.9) // 46.0% (52.9)",
        "fenwick": "45.5% (41.5) // 44.8% (38.7) // 43.5% (34.7) // 44.5% (34.9)",
        "shots": "45.8% (29.2) // 45.8% (28.4) // 44.8% (26.5) // 44.9% (26.6)",
        "scoring": "45.4% (28.2) // 44.8% (26.8) // 43.3% (23.3) // 45.5% (25.3)",
        "corsiAgainst": "55.3% (70.4) // 55.6% (68.4) // 56.6% (66.2) // 54.0% (62.2)",
        "fenwickAgainst": "54.5% (49.6) // 55.2% (47.8) // 56.5% (45.1) // 55.5% (43.6)",
        "shotsAgainst": "54.2% (34.6) // 54.2% (33.6) // 55.2% (32.7) // 55.1% (32.6)",
        "scoringAgainst": "54.6% (33.9) // 55.2% (33.1) // 56.7% (30.5) // 54.5% (30.3)",
        "oppCorsi": "50.5% (61.1) // 53.6% (64.8) // 59.8% (71.2) // 62.7% (80.1)",
        "oppFenwick": "51.4% (45.4) // 54.2% (48.1) // 60.2% (53.5) // 62.3% (59.0)",
        "oppShots": "52.0% (31.4) // 55.5% (34.2) // 60.5% (38.0) // 63.5% (42.8)",
        "oppScoring": "51.8% (30.0) // 55.8% (32.6) // 60.9% (35.8) // 65.2% (42.5)",
        "oppCorsiAgainst": "49.5% (59.8) // 46.4% (56.0) // 40.2% (47.8) // 37.3% (47.7)",
        "oppFenwickAgainst": "48.6% (43.0) // 45.8% (40.7) // 39.8% (35.4) // 37.7% (35.7)",
        "oppShotsAgainst": "48.0% (29.0) // 44.5% (27.5) // 39.5% (24.8) // 36.5% (24.6)",
        "oppScoringAgainst": "48.2% (27.9) // 44.2% (25.8) // 39.1% (23.0) // 34.8% (22.7)",
        "totalOver": 60,
        "totalOverLast5": 20,
        "totalOverLast15": 40,
        "lastTotalOver": 54,
        "last5": "0,0,2,0,0,2,0,1,1,1",
        "fd": "-172",
        "dk": "-180/+140",
        "kambi": "0",
        "lowest": "-172 FD",
        "implied": 63.23529411764706,
        "overOdds": "-180",
        "underOdds": "+140",
        "overUnder": "-180 / +140"
    },
    {
        "player": "Brock Nelson",
        "team": "NYI",
        "opponent": "NYR",
        "propType": "pts",
        "line": 0.5,
        "ppLine": "",
        "avg": 0.77,
        "hit": false,
        "diffAvg": 0.54,
        "diffAbs": 0.6,
        "lastAvg": 0.84,
        "diff": 0.68,
        "avgMin": 17,
        "proj": 0.8,
        "lastAvgMin": 18.43,
        "oppOver": 0,
        "teamOver": 0,
        "gameLine": "+124",
        "+/-": -10,
        "L5_+/-": -1.0,
        "prevMatchup": "",
        "winLossSplits": "68% - 42%",
        "awayHome": "H",
        "playedYesterday": "N",
        "awayHomeSplits": "52% - 54%",
        "savesAboveExp": 0.388,
        "gsaa": -1.33,
        "corsi": "44.7% (56.8) // 44.4% (54.6) // 43.4% (50.9) // 46.0% (52.9)",
        "fenwick": "45.5% (41.5) // 44.8% (38.7) // 43.5% (34.7) // 44.5% (34.9)",
        "shots": "45.8% (29.2) // 45.8% (28.4) // 44.8% (26.5) // 44.9% (26.6)",
        "scoring": "45.4% (28.2) // 44.8% (26.8) // 43.3% (23.3) // 45.5% (25.3)",
        "corsiAgainst": "55.3% (70.4) // 55.6% (68.4) // 56.6% (66.2) // 54.0% (62.2)",
        "fenwickAgainst": "54.5% (49.6) // 55.2% (47.8) // 56.5% (45.1) // 55.5% (43.6)",
        "shotsAgainst": "54.2% (34.6) // 54.2% (33.6) // 55.2% (32.7) // 55.1% (32.6)",
        "scoringAgainst": "54.6% (33.9) // 55.2% (33.1) // 56.7% (30.5) // 54.5% (30.3)",
        "oppCorsi": "50.5% (61.1) // 53.6% (64.8) // 59.8% (71.2) // 62.7% (80.1)",
        "oppFenwick": "51.4% (45.4) // 54.2% (48.1) // 60.2% (53.5) // 62.3% (59.0)",
        "oppShots": "52.0% (31.4) // 55.5% (34.2) // 60.5% (38.0) // 63.5% (42.8)",
        "oppScoring": "51.8% (30.0) // 55.8% (32.6) // 60.9% (35.8) // 65.2% (42.5)",
        "oppCorsiAgainst": "49.5% (59.8) // 46.4% (56.0) // 40.2% (47.8) // 37.3% (47.7)",
        "oppFenwickAgainst": "48.6% (43.0) // 45.8% (40.7) // 39.8% (35.4) // 37.7% (35.7)",
        "oppShotsAgainst": "48.0% (29.0) // 44.5% (27.5) // 39.5% (24.8) // 36.5% (24.6)",
        "oppScoringAgainst": "48.2% (27.9) // 44.2% (25.8) // 39.1% (23.0) // 34.8% (22.7)",
        "totalOver": 53,
        "totalOverLast5": 60,
        "totalOverLast15": 47,
        "lastTotalOver": 65,
        "last5": "0,1,1,1,0,0,1,1,1,0",
        "fd": "-125",
        "dk": "-140/+110",
        "kambi": "-155/118",
        "lowest": "-125 FD",
        "implied": 55.55555555555556,
        "overOdds": "-140",
        "underOdds": "+110",
        "overUnder": "-140 / +110"
    },
    {
        "player": "Chris Kreider",
        "team": "NYR",
        "opponent": "NYI",
        "propType": "pts",
        "line": 0.5,
        "ppLine": "",
        "avg": 0.94,
        "hit": false,
        "diffAvg": 0.88,
        "diffAbs": 0.2,
        "lastAvg": 0.63,
        "diff": 0.26,
        "avgMin": 18,
        "proj": 0.6,
        "lastAvgMin": 18.4,
        "oppOver": 0,
        "teamOver": 0,
        "gameLine": "-148",
        "+/-": "+17",
        "L5_+/-": "+10.0",
        "prevMatchup": "",
        "winLossSplits": "69% - 53%",
        "awayHome": "A",
        "playedYesterday": "N",
        "awayHomeSplits": "68% - 58%",
        "savesAboveExp": 0.704,
        "gsaa": 5.74,
        "corsi": "50.5% (61.1) // 53.6% (64.8) // 59.8% (71.2) // 62.7% (80.1)",
        "fenwick": "51.4% (45.4) // 54.2% (48.1) // 60.2% (53.5) // 62.3% (59.0)",
        "shots": "52.0% (31.4) // 55.5% (34.2) // 60.5% (38.0) // 63.5% (42.8)",
        "scoring": "51.8% (30.0) // 55.8% (32.6) // 60.9% (35.8) // 65.2% (42.5)",
        "corsiAgainst": "49.5% (59.8) // 46.4% (56.0) // 40.2% (47.8) // 37.3% (47.7)",
        "fenwickAgainst": "48.6% (43.0) // 45.8% (40.7) // 39.8% (35.4) // 37.7% (35.7)",
        "shotsAgainst": "48.0% (29.0) // 44.5% (27.5) // 39.5% (24.8) // 36.5% (24.6)",
        "scoringAgainst": "48.2% (27.9) // 44.2% (25.8) // 39.1% (23.0) // 34.8% (22.7)",
        "oppCorsi": "44.7% (56.8) // 44.4% (54.6) // 43.4% (50.9) // 46.0% (52.9)",
        "oppFenwick": "45.5% (41.5) // 44.8% (38.7) // 43.5% (34.7) // 44.5% (34.9)",
        "oppShots": "45.8% (29.2) // 45.8% (28.4) // 44.8% (26.5) // 44.9% (26.6)",
        "oppScoring": "45.4% (28.2) // 44.8% (26.8) // 43.3% (23.3) // 45.5% (25.3)",
        "oppCorsiAgainst": "55.3% (70.4) // 55.6% (68.4) // 56.6% (66.2) // 54.0% (62.2)",
        "oppFenwickAgainst": "54.5% (49.6) // 55.2% (47.8) // 56.5% (45.1) // 55.5% (43.6)",
        "oppShotsAgainst": "54.2% (34.6) // 54.2% (33.6) // 55.2% (32.7) // 55.1% (32.6)",
        "oppScoringAgainst": "54.6% (33.9) // 55.2% (33.1) // 56.7% (30.5) // 54.5% (30.3)",
        "totalOver": 63,
        "totalOverLast5": 60,
        "totalOverLast15": 60,
        "lastTotalOver": 58,
        "last5": "3,0,2,1,0,2,0,0,3,1",
        "fd": "-154",
        "dk": "-166/+130",
        "kambi": "-186/140",
        "lowest": "-154 FD",
        "implied": 60.629921259842526,
        "overOdds": "-166",
        "underOdds": "+130",
        "overUnder": "-166 / +130"
    },
    {
        "player": "Kyle Palmieri",
        "team": "NYI",
        "opponent": "NYR",
        "propType": "pts",
        "line": 0.5,
        "ppLine": "",
        "avg": 0.6,
        "hit": false,
        "diffAvg": 0.2,
        "diffAbs": 0.0,
        "lastAvg": 0.54,
        "diff": 0.08,
        "avgMin": 17,
        "proj": 0.5,
        "lastAvgMin": 17.08,
        "oppOver": 0,
        "teamOver": 0,
        "gameLine": "+124",
        "+/-": -15,
        "L5_+/-": -3.0,
        "prevMatchup": "",
        "winLossSplits": "77% - 29%",
        "awayHome": "H",
        "playedYesterday": "N",
        "awayHomeSplits": "44% - 54%",
        "savesAboveExp": 0.388,
        "gsaa": -1.33,
        "corsi": "44.7% (56.8) // 44.4% (54.6) // 43.4% (50.9) // 46.0% (52.9)",
        "fenwick": "45.5% (41.5) // 44.8% (38.7) // 43.5% (34.7) // 44.5% (34.9)",
        "shots": "45.8% (29.2) // 45.8% (28.4) // 44.8% (26.5) // 44.9% (26.6)",
        "scoring": "45.4% (28.2) // 44.8% (26.8) // 43.3% (23.3) // 45.5% (25.3)",
        "corsiAgainst": "55.3% (70.4) // 55.6% (68.4) // 56.6% (66.2) // 54.0% (62.2)",
        "fenwickAgainst": "54.5% (49.6) // 55.2% (47.8) // 56.5% (45.1) // 55.5% (43.6)",
        "shotsAgainst": "54.2% (34.6) // 54.2% (33.6) // 55.2% (32.7) // 55.1% (32.6)",
        "scoringAgainst": "54.6% (33.9) // 55.2% (33.1) // 56.7% (30.5) // 54.5% (30.3)",
        "oppCorsi": "50.5% (61.1) // 53.6% (64.8) // 59.8% (71.2) // 62.7% (80.1)",
        "oppFenwick": "51.4% (45.4) // 54.2% (48.1) // 60.2% (53.5) // 62.3% (59.0)",
        "oppShots": "52.0% (31.4) // 55.5% (34.2) // 60.5% (38.0) // 63.5% (42.8)",
        "oppScoring": "51.8% (30.0) // 55.8% (32.6) // 60.9% (35.8) // 65.2% (42.5)",
        "oppCorsiAgainst": "49.5% (59.8) // 46.4% (56.0) // 40.2% (47.8) // 37.3% (47.7)",
        "oppFenwickAgainst": "48.6% (43.0) // 45.8% (40.7) // 39.8% (35.4) // 37.7% (35.7)",
        "oppShotsAgainst": "48.0% (29.0) // 44.5% (27.5) // 39.5% (24.8) // 36.5% (24.6)",
        "oppScoringAgainst": "48.2% (27.9) // 44.2% (25.8) // 39.1% (23.0) // 34.8% (22.7)",
        "totalOver": 49,
        "totalOverLast5": 100,
        "totalOverLast15": 60,
        "lastTotalOver": 43,
        "last5": "1,1,1,1,1,2,0,0,2,0",
        "fd": "-102",
        "dk": "-110/-120",
        "kambi": "-114/-114",
        "lowest": "-102 FD",
        "implied": 50.495049504950494,
        "overOdds": "-110",
        "underOdds": "-120",
        "overUnder": "-110 / -120"
    },
    {
        "player": "Mathew Barzal",
        "team": "NYI",
        "opponent": "NYR",
        "propType": "pts",
        "line": 1.5,
        "ppLine": "",
        "avg": 1.08,
        "hit": false,
        "diffAvg": -0.28,
        "diffAbs": 0.4,
        "lastAvg": 0.8,
        "diff": -0.47,
        "avgMin": 20,
        "proj": 0.9,
        "lastAvgMin": 18.7,
        "oppOver": 0,
        "teamOver": 0,
        "gameLine": "+124",
        "+/-": "+1",
        "L5_+/-": "+1.0",
        "prevMatchup": "",
        "winLossSplits": "33% - 19%",
        "awayHome": "H",
        "playedYesterday": "N",
        "awayHomeSplits": "29% - 21%",
        "savesAboveExp": 0.388,
        "gsaa": -1.33,
        "corsi": "44.7% (56.8) // 44.4% (54.6) // 43.4% (50.9) // 46.0% (52.9)",
        "fenwick": "45.5% (41.5) // 44.8% (38.7) // 43.5% (34.7) // 44.5% (34.9)",
        "shots": "45.8% (29.2) // 45.8% (28.4) // 44.8% (26.5) // 44.9% (26.6)",
        "scoring": "45.4% (28.2) // 44.8% (26.8) // 43.3% (23.3) // 45.5% (25.3)",
        "corsiAgainst": "55.3% (70.4) // 55.6% (68.4) // 56.6% (66.2) // 54.0% (62.2)",
        "fenwickAgainst": "54.5% (49.6) // 55.2% (47.8) // 56.5% (45.1) // 55.5% (43.6)",
        "shotsAgainst": "54.2% (34.6) // 54.2% (33.6) // 55.2% (32.7) // 55.1% (32.6)",
        "scoringAgainst": "54.6% (33.9) // 55.2% (33.1) // 56.7% (30.5) // 54.5% (30.3)",
        "oppCorsi": "50.5% (61.1) // 53.6% (64.8) // 59.8% (71.2) // 62.7% (80.1)",
        "oppFenwick": "51.4% (45.4) // 54.2% (48.1) // 60.2% (53.5) // 62.3% (59.0)",
        "oppShots": "52.0% (31.4) // 55.5% (34.2) // 60.5% (38.0) // 63.5% (42.8)",
        "oppScoring": "51.8% (30.0) // 55.8% (32.6) // 60.9% (35.8) // 65.2% (42.5)",
        "oppCorsiAgainst": "49.5% (59.8) // 46.4% (56.0) // 40.2% (47.8) // 37.3% (47.7)",
        "oppFenwickAgainst": "48.6% (43.0) // 45.8% (40.7) // 39.8% (35.4) // 37.7% (35.7)",
        "oppShotsAgainst": "48.0% (29.0) // 44.5% (27.5) // 39.5% (24.8) // 36.5% (24.6)",
        "oppScoringAgainst": "48.2% (27.9) // 44.2% (25.8) // 39.1% (23.0) // 34.8% (22.7)",
        "totalOver": 25,
        "totalOverLast5": 20,
        "totalOverLast15": 27,
        "lastTotalOver": 24,
        "last5": "1,1,2,1,1,2,0,2,1,0",
        "fd": "+190",
        "dk": "+175/-230",
        "kambi": "165/-225",
        "lowest": "190 FD",
        "implied": 34.48275862068966,
        "overOdds": "+175",
        "underOdds": "-230",
        "overUnder": "+175 / -230"
    },
    {
        "player": "Mika Zibanejad",
        "team": "NYR",
        "opponent": "NYI",
        "propType": "pts",
        "line": 0.5,
        "ppLine": "",
        "avg": 0.96,
        "hit": false,
        "diffAvg": 0.92,
        "diffAbs": 1.0,
        "lastAvg": 1.02,
        "diff": 1.04,
        "avgMin": 19,
        "proj": 1.0,
        "lastAvgMin": 19.95,
        "oppOver": 0,
        "teamOver": 0,
        "gameLine": "-148",
        "+/-": "+14",
        "L5_+/-": "+9.0",
        "prevMatchup": "",
        "winLossSplits": "71% - 50%",
        "awayHome": "A",
        "playedYesterday": "N",
        "awayHomeSplits": "59% - 69%",
        "savesAboveExp": 0.704,
        "gsaa": 5.74,
        "corsi": "50.5% (61.1) // 53.6% (64.8) // 59.8% (71.2) // 62.7% (80.1)",
        "fenwick": "51.4% (45.4) // 54.2% (48.1) // 60.2% (53.5) // 62.3% (59.0)",
        "shots": "52.0% (31.4) // 55.5% (34.2) // 60.5% (38.0) // 63.5% (42.8)",
        "scoring": "51.8% (30.0) // 55.8% (32.6) // 60.9% (35.8) // 65.2% (42.5)",
        "corsiAgainst": "49.5% (59.8) // 46.4% (56.0) // 40.2% (47.8) // 37.3% (47.7)",
        "fenwickAgainst": "48.6% (43.0) // 45.8% (40.7) // 39.8% (35.4) // 37.7% (35.7)",
        "shotsAgainst": "48.0% (29.0) // 44.5% (27.5) // 39.5% (24.8) // 36.5% (24.6)",
        "scoringAgainst": "48.2% (27.9) // 44.2% (25.8) // 39.1% (23.0) // 34.8% (22.7)",
        "oppCorsi": "44.7% (56.8) // 44.4% (54.6) // 43.4% (50.9) // 46.0% (52.9)",
        "oppFenwick": "45.5% (41.5) // 44.8% (38.7) // 43.5% (34.7) // 44.5% (34.9)",
        "oppShots": "45.8% (29.2) // 45.8% (28.4) // 44.8% (26.5) // 44.9% (26.6)",
        "oppScoring": "45.4% (28.2) // 44.8% (26.8) // 43.3% (23.3) // 45.5% (25.3)",
        "oppCorsiAgainst": "55.3% (70.4) // 55.6% (68.4) // 56.6% (66.2) // 54.0% (62.2)",
        "oppFenwickAgainst": "54.5% (49.6) // 55.2% (47.8) // 56.5% (45.1) // 55.5% (43.6)",
        "oppShotsAgainst": "54.2% (34.6) // 54.2% (33.6) // 55.2% (32.7) // 55.1% (32.6)",
        "oppScoringAgainst": "54.6% (33.9) // 55.2% (33.1) // 56.7% (30.5) // 54.5% (30.3)",
        "totalOver": 64,
        "totalOverLast5": 60,
        "totalOverLast15": 53,
        "lastTotalOver": 67,
        "last5": "3,0,1,0,1,2,0,0,1,1",
        "fd": "-192",
        "dk": "-180/+140",
        "kambi": "-200/155",
        "lowest": "-180 DK",
        "implied": 64.28571428571429,
        "overOdds": "-180",
        "underOdds": "+140",
        "overUnder": "-180 / +140"
    },
    {
        "player": "Noah Dobson",
        "team": "NYI",
        "opponent": "NYR",
        "propType": "pts",
        "line": 0.5,
        "ppLine": "",
        "avg": 1.04,
        "hit": false,
        "diffAvg": 1.08,
        "diffAbs": 0.4,
        "lastAvg": 0.58,
        "diff": 0.16,
        "avgMin": 25,
        "proj": 0.7,
        "lastAvgMin": 20.37,
        "oppOver": 0,
        "teamOver": 0,
        "gameLine": "+124",
        "+/-": "+20",
        "L5_+/-": "+4.0",
        "prevMatchup": "",
        "winLossSplits": "73% - 65%",
        "awayHome": "H",
        "playedYesterday": "N",
        "awayHomeSplits": "60% - 75%",
        "savesAboveExp": 0.388,
        "gsaa": -1.33,
        "corsi": "44.7% (56.8) // 44.4% (54.6) // 43.4% (50.9) // 46.0% (52.9)",
        "fenwick": "45.5% (41.5) // 44.8% (38.7) // 43.5% (34.7) // 44.5% (34.9)",
        "shots": "45.8% (29.2) // 45.8% (28.4) // 44.8% (26.5) // 44.9% (26.6)",
        "scoring": "45.4% (28.2) // 44.8% (26.8) // 43.3% (23.3) // 45.5% (25.3)",
        "corsiAgainst": "55.3% (70.4) // 55.6% (68.4) // 56.6% (66.2) // 54.0% (62.2)",
        "fenwickAgainst": "54.5% (49.6) // 55.2% (47.8) // 56.5% (45.1) // 55.5% (43.6)",
        "shotsAgainst": "54.2% (34.6) // 54.2% (33.6) // 55.2% (32.7) // 55.1% (32.6)",
        "scoringAgainst": "54.6% (33.9) // 55.2% (33.1) // 56.7% (30.5) // 54.5% (30.3)",
        "oppCorsi": "50.5% (61.1) // 53.6% (64.8) // 59.8% (71.2) // 62.7% (80.1)",
        "oppFenwick": "51.4% (45.4) // 54.2% (48.1) // 60.2% (53.5) // 62.3% (59.0)",
        "oppShots": "52.0% (31.4) // 55.5% (34.2) // 60.5% (38.0) // 63.5% (42.8)",
        "oppScoring": "51.8% (30.0) // 55.8% (32.6) // 60.9% (35.8) // 65.2% (42.5)",
        "oppCorsiAgainst": "49.5% (59.8) // 46.4% (56.0) // 40.2% (47.8) // 37.3% (47.7)",
        "oppFenwickAgainst": "48.6% (43.0) // 45.8% (40.7) // 39.8% (35.4) // 37.7% (35.7)",
        "oppShotsAgainst": "48.0% (29.0) // 44.5% (27.5) // 39.5% (24.8) // 36.5% (24.6)",
        "oppScoringAgainst": "48.2% (27.9) // 44.2% (25.8) // 39.1% (23.0) // 34.8% (22.7)",
        "totalOver": 68,
        "totalOverLast5": 80,
        "totalOverLast15": 67,
        "lastTotalOver": 47,
        "last5": "1,1,1,0,1,3,1,2,2,0",
        "fd": "-142",
        "dk": "-135/+105",
        "kambi": "-155/118",
        "lowest": "-135 DK",
        "implied": 57.446808510638306,
        "overOdds": "-135",
        "underOdds": "+105",
        "overUnder": "-135 / +105"
    },
    {
        "player": "Pierre Engvall",
        "team": "NYI",
        "opponent": "NYR",
        "propType": "pts",
        "line": 0.5,
        "ppLine": "",
        "avg": 0.34,
        "hit": false,
        "diffAvg": -0.32,
        "diffAbs": 0.2,
        "lastAvg": 0.37,
        "diff": -0.26,
        "avgMin": 15,
        "proj": 0.4,
        "lastAvgMin": 13.63,
        "oppOver": 0,
        "teamOver": 0,
        "gameLine": "+124",
        "+/-": "+1",
        "L5_+/-": "+1.0",
        "prevMatchup": "",
        "winLossSplits": "48% - 19%",
        "awayHome": "H",
        "playedYesterday": "N",
        "awayHomeSplits": "38% - 27%",
        "savesAboveExp": 0.388,
        "gsaa": -1.33,
        "corsi": "44.7% (56.8) // 44.4% (54.6) // 43.4% (50.9) // 46.0% (52.9)",
        "fenwick": "45.5% (41.5) // 44.8% (38.7) // 43.5% (34.7) // 44.5% (34.9)",
        "shots": "45.8% (29.2) // 45.8% (28.4) // 44.8% (26.5) // 44.9% (26.6)",
        "scoring": "45.4% (28.2) // 44.8% (26.8) // 43.3% (23.3) // 45.5% (25.3)",
        "corsiAgainst": "55.3% (70.4) // 55.6% (68.4) // 56.6% (66.2) // 54.0% (62.2)",
        "fenwickAgainst": "54.5% (49.6) // 55.2% (47.8) // 56.5% (45.1) // 55.5% (43.6)",
        "shotsAgainst": "54.2% (34.6) // 54.2% (33.6) // 55.2% (32.7) // 55.1% (32.6)",
        "scoringAgainst": "54.6% (33.9) // 55.2% (33.1) // 56.7% (30.5) // 54.5% (30.3)",
        "oppCorsi": "50.5% (61.1) // 53.6% (64.8) // 59.8% (71.2) // 62.7% (80.1)",
        "oppFenwick": "51.4% (45.4) // 54.2% (48.1) // 60.2% (53.5) // 62.3% (59.0)",
        "oppShots": "52.0% (31.4) // 55.5% (34.2) // 60.5% (38.0) // 63.5% (42.8)",
        "oppScoring": "51.8% (30.0) // 55.8% (32.6) // 60.9% (35.8) // 65.2% (42.5)",
        "oppCorsiAgainst": "49.5% (59.8) // 46.4% (56.0) // 40.2% (47.8) // 37.3% (47.7)",
        "oppFenwickAgainst": "48.6% (43.0) // 45.8% (40.7) // 39.8% (35.4) // 37.7% (35.7)",
        "oppShotsAgainst": "48.0% (29.0) // 44.5% (27.5) // 39.5% (24.8) // 36.5% (24.6)",
        "oppScoringAgainst": "48.2% (27.9) // 44.2% (25.8) // 39.1% (23.0) // 34.8% (22.7)",
        "totalOver": 32,
        "totalOverLast5": 40,
        "totalOverLast15": 20,
        "lastTotalOver": 38,
        "last5": "0,0,1,1,0,0,0,0,0,0",
        "fd": "+150",
        "dk": "+140/-180",
        "kambi": "125/-162",
        "lowest": "150 FD",
        "implied": 40.0,
        "overOdds": "+140",
        "underOdds": "-180",
        "overUnder": "+140 / -180"
    },
    {
        "player": "Vincent Trocheck",
        "team": "NYR",
        "opponent": "NYI",
        "propType": "pts",
        "line": 0.5,
        "ppLine": "",
        "avg": 0.89,
        "hit": false,
        "diffAvg": 0.78,
        "diffAbs": 0.6,
        "lastAvg": 0.72,
        "diff": 0.44,
        "avgMin": 21,
        "proj": 0.8,
        "lastAvgMin": 19.3,
        "oppOver": 0,
        "teamOver": 0,
        "gameLine": "-148",
        "+/-": "+1",
        "L5_+/-": "+1.0",
        "prevMatchup": "",
        "winLossSplits": "66% - 37%",
        "awayHome": "A",
        "playedYesterday": "N",
        "awayHomeSplits": "54% - 58%",
        "savesAboveExp": 0.704,
        "gsaa": 5.74,
        "corsi": "50.5% (61.1) // 53.6% (64.8) // 59.8% (71.2) // 62.7% (80.1)",
        "fenwick": "51.4% (45.4) // 54.2% (48.1) // 60.2% (53.5) // 62.3% (59.0)",
        "shots": "52.0% (31.4) // 55.5% (34.2) // 60.5% (38.0) // 63.5% (42.8)",
        "scoring": "51.8% (30.0) // 55.8% (32.6) // 60.9% (35.8) // 65.2% (42.5)",
        "corsiAgainst": "49.5% (59.8) // 46.4% (56.0) // 40.2% (47.8) // 37.3% (47.7)",
        "fenwickAgainst": "48.6% (43.0) // 45.8% (40.7) // 39.8% (35.4) // 37.7% (35.7)",
        "shotsAgainst": "48.0% (29.0) // 44.5% (27.5) // 39.5% (24.8) // 36.5% (24.6)",
        "scoringAgainst": "48.2% (27.9) // 44.2% (25.8) // 39.1% (23.0) // 34.8% (22.7)",
        "oppCorsi": "44.7% (56.8) // 44.4% (54.6) // 43.4% (50.9) // 46.0% (52.9)",
        "oppFenwick": "45.5% (41.5) // 44.8% (38.7) // 43.5% (34.7) // 44.5% (34.9)",
        "oppShots": "45.8% (29.2) // 45.8% (28.4) // 44.8% (26.5) // 44.9% (26.6)",
        "oppScoring": "45.4% (28.2) // 44.8% (26.8) // 43.3% (23.3) // 45.5% (25.3)",
        "oppCorsiAgainst": "55.3% (70.4) // 55.6% (68.4) // 56.6% (66.2) // 54.0% (62.2)",
        "oppFenwickAgainst": "54.5% (49.6) // 55.2% (47.8) // 56.5% (45.1) // 55.5% (43.6)",
        "oppShotsAgainst": "54.2% (34.6) // 54.2% (33.6) // 55.2% (32.7) // 55.1% (32.6)",
        "oppScoringAgainst": "54.6% (33.9) // 55.2% (33.1) // 56.7% (30.5) // 54.5% (30.3)",
        "totalOver": 56,
        "totalOverLast5": 40,
        "totalOverLast15": 47,
        "lastTotalOver": 46,
        "last5": "1,0,0,1,0,1,0,1,1,0",
        "fd": "-215",
        "dk": "-210/+160",
        "kambi": "-235/175",
        "lowest": "-210 DK",
        "implied": 67.74193548387096,
        "overOdds": "-210",
        "underOdds": "+160",
        "overUnder": "-210 / +160"
    },
    {
        "player": "Artturi Lehkonen",
        "team": "COL",
        "opponent": "ARI",
        "propType": "pts",
        "line": 0.5,
        "ppLine": "",
        "avg": 0.75,
        "hit": false,
        "diffAvg": 0.5,
        "diffAbs": 0.2,
        "lastAvg": 0.72,
        "diff": 0.44,
        "avgMin": 18,
        "proj": 0.6,
        "lastAvgMin": 20.45,
        "oppOver": 0,
        "teamOver": 0,
        "gameLine": "-258",
        "+/-": -5,
        "L5_+/-": -3.0,
        "prevMatchup": "",
        "winLossSplits": "45% - 33%",
        "awayHome": "H",
        "playedYesterday": "N",
        "awayHomeSplits": "31% - 57%",
        "savesAboveExp": 0.539,
        "gsaa": -4.24,
        "corsi": "53.2% (63.4) // 52.8% (60.2) // 54.9% (65.8) // 52.8% (59.0)",
        "fenwick": "52.9% (45.4) // 52.6% (42.8) // 55.1% (45.0) // 53.1% (41.2)",
        "shots": "52.8% (31.7) // 53.8% (30.8) // 55.9% (33.0) // 54.8% (31.5)",
        "scoring": "53.6% (30.5) // 54.1% (28.3) // 55.7% (29.5) // 52.9% (26.6)",
        "corsiAgainst": "46.8% (55.7) // 47.2% (53.9) // 45.1% (53.9) // 47.2% (52.9)",
        "fenwickAgainst": "47.1% (40.4) // 47.4% (38.5) // 44.9% (36.7) // 46.9% (36.3)",
        "shotsAgainst": "47.2% (28.3) // 46.2% (26.5) // 44.1% (26.0) // 45.2% (25.9)",
        "scoringAgainst": "46.4% (26.4) // 45.9% (24.0) // 44.3% (23.5) // 47.1% (23.7)",
        "oppCorsi": "47.5% (54.9) // 50.6% (58.6) // 47.5% (57.2) // 49.9% (61.6)",
        "oppFenwick": "47.1% (39.9) // 49.6% (42.4) // 46.1% (41.2) // 48.5% (43.4)",
        "oppShots": "46.5% (27.0) // 48.9% (28.4) // 44.4% (26.8) // 46.5% (28.4)",
        "oppScoring": "47.6% (27.8) // 52.0% (29.5) // 46.3% (27.4) // 49.7% (30.3)",
        "oppCorsiAgainst": "52.5% (60.8) // 49.4% (57.3) // 52.5% (63.1) // 50.1% (61.9)",
        "oppFenwickAgainst": "52.9% (44.8) // 50.4% (43.0) // 53.9% (48.1) // 51.5% (46.0)",
        "oppShotsAgainst": "53.5% (31.0) // 51.1% (29.7) // 55.6% (33.5) // 53.5% (32.6)",
        "oppScoringAgainst": "52.4% (30.5) // 48.0% (27.2) // 53.7% (31.8) // 50.3% (30.6)",
        "totalOver": 40,
        "totalOverLast5": 60,
        "totalOverLast15": 33,
        "lastTotalOver": 56,
        "last5": "2,4,0,0,1,0,0,0,1,0",
        "fd": "0",
        "dk": "-145/+114",
        "kambi": "-148/114",
        "lowest": "-145 DK",
        "implied": 59.183673469387756,
        "overOdds": "-145",
        "underOdds": "+114",
        "overUnder": "-145 / +114"
    },
    {
        "player": "Cale Makar",
        "team": "COL",
        "opponent": "ARI",
        "propType": "pts",
        "line": 1.5,
        "ppLine": "",
        "avg": 1.2,
        "hit": false,
        "diffAvg": -0.2,
        "diffAbs": 0.4,
        "lastAvg": 0.97,
        "diff": -0.35,
        "avgMin": 25,
        "proj": 0.9,
        "lastAvgMin": 26.37,
        "oppOver": 0,
        "teamOver": 0,
        "gameLine": "-258",
        "+/-": "+7",
        "L5_+/-": -3.0,
        "prevMatchup": "2023-12-27 2.0 pts 2023-12-23 0.0 pts 2023-11-30 2.0 pts",
        "winLossSplits": "45% - 26%",
        "awayHome": "H",
        "playedYesterday": "N",
        "awayHomeSplits": "30% - 48%",
        "savesAboveExp": 0.539,
        "gsaa": -4.24,
        "corsi": "53.2% (63.4) // 52.8% (60.2) // 54.9% (65.8) // 52.8% (59.0)",
        "fenwick": "52.9% (45.4) // 52.6% (42.8) // 55.1% (45.0) // 53.1% (41.2)",
        "shots": "52.8% (31.7) // 53.8% (30.8) // 55.9% (33.0) // 54.8% (31.5)",
        "scoring": "53.6% (30.5) // 54.1% (28.3) // 55.7% (29.5) // 52.9% (26.6)",
        "corsiAgainst": "46.8% (55.7) // 47.2% (53.9) // 45.1% (53.9) // 47.2% (52.9)",
        "fenwickAgainst": "47.1% (40.4) // 47.4% (38.5) // 44.9% (36.7) // 46.9% (36.3)",
        "shotsAgainst": "47.2% (28.3) // 46.2% (26.5) // 44.1% (26.0) // 45.2% (25.9)",
        "scoringAgainst": "46.4% (26.4) // 45.9% (24.0) // 44.3% (23.5) // 47.1% (23.7)",
        "oppCorsi": "47.5% (54.9) // 50.6% (58.6) // 47.5% (57.2) // 49.9% (61.6)",
        "oppFenwick": "47.1% (39.9) // 49.6% (42.4) // 46.1% (41.2) // 48.5% (43.4)",
        "oppShots": "46.5% (27.0) // 48.9% (28.4) // 44.4% (26.8) // 46.5% (28.4)",
        "oppScoring": "47.6% (27.8) // 52.0% (29.5) // 46.3% (27.4) // 49.7% (30.3)",
        "oppCorsiAgainst": "52.5% (60.8) // 49.4% (57.3) // 52.5% (63.1) // 50.1% (61.9)",
        "oppFenwickAgainst": "52.9% (44.8) // 50.4% (43.0) // 53.9% (48.1) // 51.5% (46.0)",
        "oppShotsAgainst": "53.5% (31.0) // 51.1% (29.7) // 55.6% (33.5) // 53.5% (32.6)",
        "oppScoringAgainst": "52.4% (30.5) // 48.0% (27.2) // 53.7% (31.8) // 50.3% (30.6)",
        "totalOver": 38,
        "totalOverLast5": 0,
        "totalOverLast15": 13,
        "lastTotalOver": 34,
        "last5": "0,0,0,0,1,1,1,3,1,1",
        "fd": "+164",
        "dk": "+170/-220",
        "kambi": "165/-225",
        "lowest": "170 DK",
        "implied": 37.03703703703704,
        "overOdds": "+170",
        "underOdds": "-220",
        "overUnder": "+170 / -220"
    },
    {
        "player": "Devon Toews",
        "team": "COL",
        "opponent": "ARI",
        "propType": "pts",
        "line": 0.5,
        "ppLine": "",
        "avg": 0.55,
        "hit": false,
        "diffAvg": 0.1,
        "diffAbs": 0.0,
        "lastAvg": 0.57,
        "diff": 0.14,
        "avgMin": 23,
        "proj": 0.5,
        "lastAvgMin": 25.1,
        "oppOver": 0,
        "teamOver": 0,
        "gameLine": "-258",
        "+/-": "+12",
        "L5_+/-": "+1.0",
        "prevMatchup": "2023-12-27 1.0 pts 2023-12-23 1.0 pts 2023-11-30 0.0 pts",
        "winLossSplits": "55% - 36%",
        "awayHome": "H",
        "playedYesterday": "N",
        "awayHomeSplits": "53% - 40%",
        "savesAboveExp": 0.539,
        "gsaa": -4.24,
        "corsi": "53.2% (63.4) // 52.8% (60.2) // 54.9% (65.8) // 52.8% (59.0)",
        "fenwick": "52.9% (45.4) // 52.6% (42.8) // 55.1% (45.0) // 53.1% (41.2)",
        "shots": "52.8% (31.7) // 53.8% (30.8) // 55.9% (33.0) // 54.8% (31.5)",
        "scoring": "53.6% (30.5) // 54.1% (28.3) // 55.7% (29.5) // 52.9% (26.6)",
        "corsiAgainst": "46.8% (55.7) // 47.2% (53.9) // 45.1% (53.9) // 47.2% (52.9)",
        "fenwickAgainst": "47.1% (40.4) // 47.4% (38.5) // 44.9% (36.7) // 46.9% (36.3)",
        "shotsAgainst": "47.2% (28.3) // 46.2% (26.5) // 44.1% (26.0) // 45.2% (25.9)",
        "scoringAgainst": "46.4% (26.4) // 45.9% (24.0) // 44.3% (23.5) // 47.1% (23.7)",
        "oppCorsi": "47.5% (54.9) // 50.6% (58.6) // 47.5% (57.2) // 49.9% (61.6)",
        "oppFenwick": "47.1% (39.9) // 49.6% (42.4) // 46.1% (41.2) // 48.5% (43.4)",
        "oppShots": "46.5% (27.0) // 48.9% (28.4) // 44.4% (26.8) // 46.5% (28.4)",
        "oppScoring": "47.6% (27.8) // 52.0% (29.5) // 46.3% (27.4) // 49.7% (30.3)",
        "oppCorsiAgainst": "52.5% (60.8) // 49.4% (57.3) // 52.5% (63.1) // 50.1% (61.9)",
        "oppFenwickAgainst": "52.9% (44.8) // 50.4% (43.0) // 53.9% (48.1) // 51.5% (46.0)",
        "oppShotsAgainst": "53.5% (31.0) // 51.1% (29.7) // 55.6% (33.5) // 53.5% (32.6)",
        "oppScoringAgainst": "52.4% (30.5) // 48.0% (27.2) // 53.7% (31.8) // 50.3% (30.6)",
        "totalOver": 47,
        "totalOverLast5": 20,
        "totalOverLast15": 33,
        "lastTotalOver": 51,
        "last5": "0,1,0,0,0,0,0,0,1,1",
        "fd": "0",
        "dk": "+114/-145",
        "kambi": "112/-143",
        "lowest": "114 DK",
        "implied": 46.728971962616825,
        "overOdds": "+114",
        "underOdds": "-145",
