[
    {
        "player": "Alex Debrincat",
        "team": "DET",
        "opponent": "NSH",
        "propType": "pts",
        "line": 0.5,
        "ppLine": "PP1",
        "avg": 0.97,
        "hit": false,
        "diffAvg": 0.94,
        "diffAbs": 0.6,
        "lastAvg": 0.8,
        "diff": 0.6,
        "avgMin": 18,
        "proj": 0.8,
        "lastAvgMin": 19.0,
        "oppOver": 0,
        "teamOver": 0,
        "gameLine": "-120",
        "+/-": "+1",
        "L5_+/-": -6.0,
        "prevMatchup": "",
        "winLossSplits": "75% - 47%",
        "awayHome": "H",
        "playedYesterday": "N",
        "awayHomeSplits": "53% - 67%",
        "savesAboveExp": 0.483,
        "gsaa": 1.53,
        "corsi": "47.2% (56.5) // 47.4% (58.8) // 48.7% (59.0) // 47.8% (53.5)",
        "fenwick": "47.1% (41.7) // 45.5% (42.1) // 45.3% (42.6) // 45.5% (40.0)",
        "shots": "48.4% (29.8) // 46.0% (29.9) // 43.7% (28.7) // 43.7% (26.0)",
        "scoring": "47.0% (27.4) // 48.4% (28.8) // 51.7% (29.1) // 48.5% (24.5)",
        "corsiAgainst": "52.8% (63.2) // 52.6% (65.3) // 51.3% (62.2) // 52.2% (58.5)",
        "fenwickAgainst": "52.9% (46.8) // 54.5% (50.5) // 54.7% (51.4) // 54.5% (48.0)",
        "shotsAgainst": "51.6% (31.8) // 54.0% (35.1) // 56.3% (37.0) // 56.3% (33.5)",
        "scoringAgainst": "53.0% (30.9) // 51.6% (30.6) // 48.3% (27.2) // 51.5% (26.0)",
        "oppCorsi": "49.9% (58.1) // 46.7% (53.4) // 47.4% (52.5) // 42.7% (47.0)",
        "oppFenwick": "50.3% (42.7) // 45.6% (37.5) // 47.5% (38.5) // 47.0% (35.5)",
        "oppShots": "49.3% (29.9) // 45.6% (27.2) // 48.4% (29.2) // 49.6% (29.0)",
        "oppScoring": "51.5% (30.2) // 48.0% (27.7) // 47.4% (27.2) // 41.7% (24.0)",
        "oppCorsiAgainst": "50.1% (58.3) // 53.3% (61.0) // 52.6% (58.2) // 57.3% (63.0)",
        "oppFenwickAgainst": "49.7% (42.2) // 54.4% (44.7) // 52.5% (42.5) // 53.0% (40.0)",
        "oppShotsAgainst": "50.7% (30.8) // 54.4% (32.4) // 51.6% (31.3) // 50.4% (29.5)",
        "oppScoringAgainst": "48.5% (28.5) // 52.0% (30.0) // 52.6% (30.2) // 58.3% (33.5)",
        "totalOver": 60,
        "totalOverLast5": 80,
        "totalOverLast15": 60,
        "lastTotalOver": 63,
        "last5": "2,1,3,0,2,0,0,0,1,1",
        "fd": "0",
        "dk": "-145/+114",
        "implied": 59.183673469387756,
        "overOdds": "-145",
        "underOdds": "+114",
        "overUnder": "-145 / +114"
    },
    {
        "player": "Colton Sissons",
        "team": "NSH",
        "opponent": "DET",
        "propType": "pts",
        "line": 0.5,
        "ppLine": "PP1",
        "avg": 0.57,
        "hit": false,
        "diffAvg": 0.14,
        "diffAbs": 0.2,
        "lastAvg": 0.37,
        "diff": -0.26,
        "avgMin": 16,
        "proj": 0.4,
        "lastAvgMin": 15.82,
        "oppOver": 0,
        "teamOver": 0,
        "gameLine": "+100",
        "+/-": 0,
        "L5_+/-": "+2.0",
        "prevMatchup": "",
        "winLossSplits": "53% - 44%",
        "awayHome": "A",
        "playedYesterday": "N",
        "awayHomeSplits": "53% - 45%",
        "savesAboveExp": "-",
        "gsaa": 5.56,
        "corsi": "49.9% (58.1) // 46.7% (53.4) // 47.4% (52.5) // 42.7% (47.0)",
        "fenwick": "50.3% (42.7) // 45.6% (37.5) // 47.5% (38.5) // 47.0% (35.5)",
        "shots": "49.3% (29.9) // 45.6% (27.2) // 48.4% (29.2) // 49.6% (29.0)",
        "scoring": "51.5% (30.2) // 48.0% (27.7) // 47.4% (27.2) // 41.7% (24.0)",
        "corsiAgainst": "50.1% (58.3) // 53.3% (61.0) // 52.6% (58.2) // 57.3% (63.0)",
        "fenwickAgainst": "49.7% (42.2) // 54.4% (44.7) // 52.5% (42.5) // 53.0% (40.0)",
        "shotsAgainst": "50.7% (30.8) // 54.4% (32.4) // 51.6% (31.3) // 50.4% (29.5)",
        "scoringAgainst": "48.5% (28.5) // 52.0% (30.0) // 52.6% (30.2) // 58.3% (33.5)",
        "oppCorsi": "47.2% (56.5) // 47.4% (58.8) // 48.7% (59.0) // 47.8% (53.5)",
        "oppFenwick": "47.1% (41.7) // 45.5% (42.1) // 45.3% (42.6) // 45.5% (40.0)",
        "oppShots": "48.4% (29.8) // 46.0% (29.9) // 43.7% (28.7) // 43.7% (26.0)",
        "oppScoring": "47.0% (27.4) // 48.4% (28.8) // 51.7% (29.1) // 48.5% (24.5)",
        "oppCorsiAgainst": "52.8% (63.2) // 52.6% (65.3) // 51.3% (62.2) // 52.2% (58.5)",
        "oppFenwickAgainst": "52.9% (46.8) // 54.5% (50.5) // 54.7% (51.4) // 54.5% (48.0)",
        "oppShotsAgainst": "51.6% (31.8) // 54.0% (35.1) // 56.3% (37.0) // 56.3% (33.5)",
        "oppScoringAgainst": "53.0% (30.9) // 51.6% (30.6) // 48.3% (27.2) // 51.5% (26.0)",
        "totalOver": 49,
        "totalOverLast5": 80,
        "totalOverLast15": 53,
        "lastTotalOver": 29,
        "last5": "1,1,2,0,1,0,0,2,0,0",
        "fd": "0",
        "dk": "+120/-150",
        "implied": 45.45454545454545,
        "overOdds": "+120",
        "underOdds": "-150",
        "overUnder": "+120 / -150"
    },
    {
        "player": "Dylan Larkin",
        "team": "DET",
        "opponent": "NSH",
        "propType": "pts",
        "line": 0.5,
        "ppLine": "PP1",
        "avg": 1.0,
        "hit": false,
        "diffAvg": 1.0,
        "diffAbs": 0.8,
        "lastAvg": 0.96,
        "diff": 0.92,
        "avgMin": 19,
        "proj": 0.9,
        "lastAvgMin": 19.55,
        "oppOver": 0,
        "teamOver": 0,
        "gameLine": "-120",
        "+/-": "+3",
        "L5_+/-": "+2.0",
        "prevMatchup": "",
        "winLossSplits": "86% - 40%",
        "awayHome": "H",
        "playedYesterday": "N",
        "awayHomeSplits": "54% - 69%",
        "savesAboveExp": 0.483,
        "gsaa": 1.53,
        "corsi": "47.2% (56.5) // 47.4% (58.8) // 48.7% (59.0) // 47.8% (53.5)",
        "fenwick": "47.1% (41.7) // 45.5% (42.1) // 45.3% (42.6) // 45.5% (40.0)",
        "shots": "48.4% (29.8) // 46.0% (29.9) // 43.7% (28.7) // 43.7% (26.0)",
        "scoring": "47.0% (27.4) // 48.4% (28.8) // 51.7% (29.1) // 48.5% (24.5)",
        "corsiAgainst": "52.8% (63.2) // 52.6% (65.3) // 51.3% (62.2) // 52.2% (58.5)",
        "fenwickAgainst": "52.9% (46.8) // 54.5% (50.5) // 54.7% (51.4) // 54.5% (48.0)",
        "shotsAgainst": "51.6% (31.8) // 54.0% (35.1) // 56.3% (37.0) // 56.3% (33.5)",
        "scoringAgainst": "53.0% (30.9) // 51.6% (30.6) // 48.3% (27.2) // 51.5% (26.0)",
        "oppCorsi": "49.9% (58.1) // 46.7% (53.4) // 47.4% (52.5) // 42.7% (47.0)",
        "oppFenwick": "50.3% (42.7) // 45.6% (37.5) // 47.5% (38.5) // 47.0% (35.5)",
        "oppShots": "49.3% (29.9) // 45.6% (27.2) // 48.4% (29.2) // 49.6% (29.0)",
        "oppScoring": "51.5% (30.2) // 48.0% (27.7) // 47.4% (27.2) // 41.7% (24.0)",
        "oppCorsiAgainst": "50.1% (58.3) // 53.3% (61.0) // 52.6% (58.2) // 57.3% (63.0)",
        "oppFenwickAgainst": "49.7% (42.2) // 54.4% (44.7) // 52.5% (42.5) // 53.0% (40.0)",
        "oppShotsAgainst": "50.7% (30.8) // 54.4% (32.4) // 51.6% (31.3) // 50.4% (29.5)",
        "oppScoringAgainst": "48.5% (28.5) // 52.0% (30.0) // 52.6% (30.2) // 58.3% (33.5)",
        "totalOver": 62,
        "totalOverLast5": 60,
        "totalOverLast15": 60,
        "lastTotalOver": 68,
        "last5": "0,0,2,1,1,0,1,2,1,2",
        "fd": "0",
        "dk": "-210/+160",
        "implied": 67.74193548387096,
        "overOdds": "-210",
        "underOdds": "+160",
        "overUnder": "-210 / +160"
    },
    {
        "player": "Filip Forsberg",
        "team": "NSH",
        "opponent": "DET",
        "propType": "pts",
        "line": 0.5,
        "ppLine": "PP1",
        "avg": 1.09,
        "hit": false,
        "diffAvg": 1.18,
        "diffAbs": 0.8,
        "lastAvg": 0.84,
        "diff": 0.68,
        "avgMin": 18,
        "proj": 0.9,
        "lastAvgMin": 17.47,
        "oppOver": 0,
        "teamOver": 0,
        "gameLine": "+100",
        "+/-": "+4",
        "L5_+/-": "+3.0",
        "prevMatchup": "",
        "winLossSplits": "84% - 44%",
        "awayHome": "A",
        "playedYesterday": "N",
        "awayHomeSplits": "87% - 50%",
        "savesAboveExp": "-",
        "gsaa": 5.56,
        "corsi": "49.9% (58.1) // 46.7% (53.4) // 47.4% (52.5) // 42.7% (47.0)",
        "fenwick": "50.3% (42.7) // 45.6% (37.5) // 47.5% (38.5) // 47.0% (35.5)",
        "shots": "49.3% (29.9) // 45.6% (27.2) // 48.4% (29.2) // 49.6% (29.0)",
        "scoring": "51.5% (30.2) // 48.0% (27.7) // 47.4% (27.2) // 41.7% (24.0)",
        "corsiAgainst": "50.1% (58.3) // 53.3% (61.0) // 52.6% (58.2) // 57.3% (63.0)",
        "fenwickAgainst": "49.7% (42.2) // 54.4% (44.7) // 52.5% (42.5) // 53.0% (40.0)",
        "shotsAgainst": "50.7% (30.8) // 54.4% (32.4) // 51.6% (31.3) // 50.4% (29.5)",
        "scoringAgainst": "48.5% (28.5) // 52.0% (30.0) // 52.6% (30.2) // 58.3% (33.5)",
        "oppCorsi": "47.2% (56.5) // 47.4% (58.8) // 48.7% (59.0) // 47.8% (53.5)",
        "oppFenwick": "47.1% (41.7) // 45.5% (42.1) // 45.3% (42.6) // 45.5% (40.0)",
        "oppShots": "48.4% (29.8) // 46.0% (29.9) // 43.7% (28.7) // 43.7% (26.0)",
        "oppScoring": "47.0% (27.4) // 48.4% (28.8) // 51.7% (29.1) // 48.5% (24.5)",
        "oppCorsiAgainst": "52.8% (63.2) // 52.6% (65.3) // 51.3% (62.2) // 52.2% (58.5)",
        "oppFenwickAgainst": "52.9% (46.8) // 54.5% (50.5) // 54.7% (51.4) // 54.5% (48.0)",
        "oppShotsAgainst": "51.6% (31.8) // 54.0% (35.1) // 56.3% (37.0) // 56.3% (33.5)",
        "oppScoringAgainst": "53.0% (30.9) // 51.6% (30.6) // 48.3% (27.2) // 51.5% (26.0)",
        "totalOver": 66,
        "totalOverLast5": 40,
        "totalOverLast15": 53,
        "lastTotalOver": 59,
        "last5": "0,0,2,0,1,2,2,1,0,1",
        "fd": "0",
        "dk": "-210/+160",
        "implied": 67.74193548387096,
        "overOdds": "-210",
        "underOdds": "+160",
        "overUnder": "-210 / +160"
    },
    {
        "player": "Jt Compher",
        "team": "DET",
        "opponent": "NSH",
        "propType": "pts",
        "line": 0.5,
        "ppLine": "PP1",
        "avg": 0.7,
        "hit": false,
        "diffAvg": 0.4,
        "diffAbs": 0.0,
        "lastAvg": 0.58,
        "diff": 0.16,
        "avgMin": 19,
        "proj": 0.5,
        "lastAvgMin": 20.53,
        "oppOver": 0,
        "teamOver": 0,
        "gameLine": "-120",
        "+/-": -1,
        "L5_+/-": -7.0,
        "prevMatchup": "",
        "winLossSplits": "67% - 33%",
        "awayHome": "H",
        "playedYesterday": "N",
        "awayHomeSplits": "47% - 53%",
        "savesAboveExp": 0.483,
        "gsaa": 1.53,
        "corsi": "47.2% (56.5) // 47.4% (58.8) // 48.7% (59.0) // 47.8% (53.5)",
        "fenwick": "47.1% (41.7) // 45.5% (42.1) // 45.3% (42.6) // 45.5% (40.0)",
        "shots": "48.4% (29.8) // 46.0% (29.9) // 43.7% (28.7) // 43.7% (26.0)",
        "scoring": "47.0% (27.4) // 48.4% (28.8) // 51.7% (29.1) // 48.5% (24.5)",
        "corsiAgainst": "52.8% (63.2) // 52.6% (65.3) // 51.3% (62.2) // 52.2% (58.5)",
        "fenwickAgainst": "52.9% (46.8) // 54.5% (50.5) // 54.7% (51.4) // 54.5% (48.0)",
        "shotsAgainst": "51.6% (31.8) // 54.0% (35.1) // 56.3% (37.0) // 56.3% (33.5)",
        "scoringAgainst": "53.0% (30.9) // 51.6% (30.6) // 48.3% (27.2) // 51.5% (26.0)",
        "oppCorsi": "49.9% (58.1) // 46.7% (53.4) // 47.4% (52.5) // 42.7% (47.0)",
        "oppFenwick": "50.3% (42.7) // 45.6% (37.5) // 47.5% (38.5) // 47.0% (35.5)",
        "oppShots": "49.3% (29.9) // 45.6% (27.2) // 48.4% (29.2) // 49.6% (29.0)",
        "oppScoring": "51.5% (30.2) // 48.0% (27.7) // 47.4% (27.2) // 41.7% (24.0)",
        "oppCorsiAgainst": "50.1% (58.3) // 53.3% (61.0) // 52.6% (58.2) // 57.3% (63.0)",
        "oppFenwickAgainst": "49.7% (42.2) // 54.4% (44.7) // 52.5% (42.5) // 53.0% (40.0)",
        "oppShotsAgainst": "50.7% (30.8) // 54.4% (32.4) // 51.6% (31.3) // 50.4% (29.5)",
        "oppScoringAgainst": "48.5% (28.5) // 52.0% (30.0) // 52.6% (30.2) // 58.3% (33.5)",
        "totalOver": 50,
        "totalOverLast5": 40,
        "totalOverLast15": 40,
        "lastTotalOver": 42,
        "last5": "1,0,1,0,0,0,0,0,2,0",
        "fd": "0",
        "dk": "-115/-115",
        "implied": 53.48837209302325,
        "overOdds": "-115",
        "underOdds": "-115",
        "overUnder": "-115 / -115"
    },
    {
        "player": "Luke Evangelista",
        "team": "NSH",
        "opponent": "DET",
        "propType": "pts",
        "line": 0.5,
        "ppLine": "PP2",
        "avg": 0.47,
        "hit": false,
        "diffAvg": -0.06,
        "diffAbs": 0.0,
        "lastAvg": 0.62,
        "diff": 0.24,
        "avgMin": 13,
        "proj": 0.5,
        "lastAvgMin": 16.57,
        "oppOver": 0,
        "teamOver": 0,
        "gameLine": "+100",
        "+/-": 0,
        "L5_+/-": -1.0,
        "prevMatchup": "",
        "winLossSplits": "39% - 31%",
        "awayHome": "A",
        "playedYesterday": "N",
        "awayHomeSplits": "47% - 26%",
        "savesAboveExp": "-",
        "gsaa": 5.56,
        "corsi": "49.9% (58.1) // 46.7% (53.4) // 47.4% (52.5) // 42.7% (47.0)",
        "fenwick": "50.3% (42.7) // 45.6% (37.5) // 47.5% (38.5) // 47.0% (35.5)",
        "shots": "49.3% (29.9) // 45.6% (27.2) // 48.4% (29.2) // 49.6% (29.0)",
        "scoring": "51.5% (30.2) // 48.0% (27.7) // 47.4% (27.2) // 41.7% (24.0)",
        "corsiAgainst": "50.1% (58.3) // 53.3% (61.0) // 52.6% (58.2) // 57.3% (63.0)",
        "fenwickAgainst": "49.7% (42.2) // 54.4% (44.7) // 52.5% (42.5) // 53.0% (40.0)",
        "shotsAgainst": "50.7% (30.8) // 54.4% (32.4) // 51.6% (31.3) // 50.4% (29.5)",
        "scoringAgainst": "48.5% (28.5) // 52.0% (30.0) // 52.6% (30.2) // 58.3% (33.5)",
        "oppCorsi": "47.2% (56.5) // 47.4% (58.8) // 48.7% (59.0) // 47.8% (53.5)",
        "oppFenwick": "47.1% (41.7) // 45.5% (42.1) // 45.3% (42.6) // 45.5% (40.0)",
        "oppShots": "48.4% (29.8) // 46.0% (29.9) // 43.7% (28.7) // 43.7% (26.0)",
        "oppScoring": "47.0% (27.4) // 48.4% (28.8) // 51.7% (29.1) // 48.5% (24.5)",
        "oppCorsiAgainst": "52.8% (63.2) // 52.6% (65.3) // 51.3% (62.2) // 52.2% (58.5)",
        "oppFenwickAgainst": "52.9% (46.8) // 54.5% (50.5) // 54.7% (51.4) // 54.5% (48.0)",
        "oppShotsAgainst": "51.6% (31.8) // 54.0% (35.1) // 56.3% (37.0) // 56.3% (33.5)",
        "oppScoringAgainst": "53.0% (30.9) // 51.6% (30.6) // 48.3% (27.2) // 51.5% (26.0)",
        "totalOver": 35,
        "totalOverLast5": 20,
        "totalOverLast15": 27,
        "lastTotalOver": 38,
        "last5": "0,0,0,1,0,1,0,0,0,0",
        "fd": "0",
        "dk": "+145/-190",
        "implied": 40.816326530612244,
        "overOdds": "+145",
        "underOdds": "-190",
        "overUnder": "+145 / -190"
    },
    {
        "player": "Moritz Seider",
        "team": "DET",
        "opponent": "NSH",
        "propType": "pts",
        "line": 0.5,
        "ppLine": "PP2",
        "avg": 0.63,
        "hit": false,
        "diffAvg": 0.26,
        "diffAbs": 0.0,
        "lastAvg": 0.51,
        "diff": 0.02,
        "avgMin": 22,
        "proj": 0.5,
        "lastAvgMin": 23.13,
        "oppOver": 0,
        "teamOver": 0,
        "gameLine": "-120",
        "+/-": -2,
        "L5_+/-": -7.0,
        "prevMatchup": "",
        "winLossSplits": "69% - 26%",
        "awayHome": "H",
        "playedYesterday": "N",
        "awayHomeSplits": "53% - 39%",
        "savesAboveExp": 0.483,
        "gsaa": 1.53,
        "corsi": "47.2% (56.5) // 47.4% (58.8) // 48.7% (59.0) // 47.8% (53.5)",
        "fenwick": "47.1% (41.7) // 45.5% (42.1) // 45.3% (42.6) // 45.5% (40.0)",
        "shots": "48.4% (29.8) // 46.0% (29.9) // 43.7% (28.7) // 43.7% (26.0)",
        "scoring": "47.0% (27.4) // 48.4% (28.8) // 51.7% (29.1) // 48.5% (24.5)",
        "corsiAgainst": "52.8% (63.2) // 52.6% (65.3) // 51.3% (62.2) // 52.2% (58.5)",
        "fenwickAgainst": "52.9% (46.8) // 54.5% (50.5) // 54.7% (51.4) // 54.5% (48.0)",
        "shotsAgainst": "51.6% (31.8) // 54.0% (35.1) // 56.3% (37.0) // 56.3% (33.5)",
        "scoringAgainst": "53.0% (30.9) // 51.6% (30.6) // 48.3% (27.2) // 51.5% (26.0)",
        "oppCorsi": "49.9% (58.1) // 46.7% (53.4) // 47.4% (52.5) // 42.7% (47.0)",
        "oppFenwick": "50.3% (42.7) // 45.6% (37.5) // 47.5% (38.5) // 47.0% (35.5)",
        "oppShots": "49.3% (29.9) // 45.6% (27.2) // 48.4% (29.2) // 49.6% (29.0)",
        "oppScoring": "51.5% (30.2) // 48.0% (27.7) // 47.4% (27.2) // 41.7% (24.0)",
        "oppCorsiAgainst": "50.1% (58.3) // 53.3% (61.0) // 52.6% (58.2) // 57.3% (63.0)",
        "oppFenwickAgainst": "49.7% (42.2) // 54.4% (44.7) // 52.5% (42.5) // 53.0% (40.0)",
        "oppShotsAgainst": "50.7% (30.8) // 54.4% (32.4) // 51.6% (31.3) // 50.4% (29.5)",
        "oppScoringAgainst": "48.5% (28.5) // 52.0% (30.0) // 52.6% (30.2) // 58.3% (33.5)",
        "totalOver": 46,
        "totalOverLast5": 60,
        "totalOverLast15": 47,
        "lastTotalOver": 34,
        "last5": "0,1,2,1,0,0,0,1,0,0",
        "fd": "0",
        "dk": "+114/-145",
        "implied": 46.728971962616825,
        "overOdds": "+114",
        "underOdds": "-145",
        "overUnder": "+114 / -145"
    },
    {
        "player": "Patrick Kane",
        "team": "DET",
        "opponent": "NSH",
        "propType": "pts",
        "line": 0.5,
        "ppLine": "PP1",
        "avg": 1.0,
        "hit": false,
        "diffAvg": 1.0,
        "diffAbs": 1.0,
        "lastAvg": 0,
        "diff": 0,
        "avgMin": 19,
        "proj": 0.0,
        "lastAvgMin": 0,
        "oppOver": 0,
        "teamOver": 0,
        "gameLine": "-120",
        "+/-": -2,
        "L5_+/-": -1.0,
        "prevMatchup": "",
        "winLossSplits": "100% - 56%",
        "awayHome": "H",
        "playedYesterday": "N",
        "awayHomeSplits": "67% - 60%",
        "savesAboveExp": 0.483,
        "gsaa": 1.53,
        "corsi": "47.2% (56.5) // 47.4% (58.8) // 48.7% (59.0) // 47.8% (53.5)",
        "fenwick": "47.1% (41.7) // 45.5% (42.1) // 45.3% (42.6) // 45.5% (40.0)",
        "shots": "48.4% (29.8) // 46.0% (29.9) // 43.7% (28.7) // 43.7% (26.0)",
        "scoring": "47.0% (27.4) // 48.4% (28.8) // 51.7% (29.1) // 48.5% (24.5)",
        "corsiAgainst": "52.8% (63.2) // 52.6% (65.3) // 51.3% (62.2) // 52.2% (58.5)",
        "fenwickAgainst": "52.9% (46.8) // 54.5% (50.5) // 54.7% (51.4) // 54.5% (48.0)",
        "shotsAgainst": "51.6% (31.8) // 54.0% (35.1) // 56.3% (37.0) // 56.3% (33.5)",
        "scoringAgainst": "53.0% (30.9) // 51.6% (30.6) // 48.3% (27.2) // 51.5% (26.0)",
        "oppCorsi": "49.9% (58.1) // 46.7% (53.4) // 47.4% (52.5) // 42.7% (47.0)",
        "oppFenwick": "50.3% (42.7) // 45.6% (37.5) // 47.5% (38.5) // 47.0% (35.5)",
        "oppShots": "49.3% (29.9) // 45.6% (27.2) // 48.4% (29.2) // 49.6% (29.0)",
        "oppScoring": "51.5% (30.2) // 48.0% (27.7) // 47.4% (27.2) // 41.7% (24.0)",
        "oppCorsiAgainst": "50.1% (58.3) // 53.3% (61.0) // 52.6% (58.2) // 57.3% (63.0)",
        "oppFenwickAgainst": "49.7% (42.2) // 54.4% (44.7) // 52.5% (42.5) // 53.0% (40.0)",
        "oppShotsAgainst": "50.7% (30.8) // 54.4% (32.4) // 51.6% (31.3) // 50.4% (29.5)",
        "oppScoringAgainst": "48.5% (28.5) // 52.0% (30.0) // 52.6% (30.2) // 58.3% (33.5)",
        "totalOver": 64,
        "totalOverLast5": 100,
        "totalOverLast15": 64,
        "lastTotalOver": 0,
        "last5": "1,1,3,2,2,0,0,1,0,1",
        "fd": "0",
        "dk": "-166/+130",
        "implied": 62.40601503759399,
        "overOdds": "-166",
        "underOdds": "+130",
        "overUnder": "-166 / +130"
    },
    {
        "player": "Robby Fabbri",
        "team": "DET",
        "opponent": "NSH",
        "propType": "pts",
        "line": 0.5,
        "ppLine": "PP2",
        "avg": 0.65,
        "hit": false,
        "diffAvg": 0.3,
        "diffAbs": 0.0,
        "lastAvg": 0.57,
        "diff": 0.14,
        "avgMin": 13,
        "proj": 0.5,
        "lastAvgMin": 15.98,
        "oppOver": 0,
        "teamOver": 0,
        "gameLine": "-120",
        "+/-": -5,
        "L5_+/-": -6.0,
        "prevMatchup": "",
        "winLossSplits": "67% - 29%",
        "awayHome": "H",
        "playedYesterday": "N",
        "awayHomeSplits": "46% - 40%",
        "savesAboveExp": 0.483,
        "gsaa": 1.53,
        "corsi": "47.2% (56.5) // 47.4% (58.8) // 48.7% (59.0) // 47.8% (53.5)",
        "fenwick": "47.1% (41.7) // 45.5% (42.1) // 45.3% (42.6) // 45.5% (40.0)",
        "shots": "48.4% (29.8) // 46.0% (29.9) // 43.7% (28.7) // 43.7% (26.0)",
        "scoring": "47.0% (27.4) // 48.4% (28.8) // 51.7% (29.1) // 48.5% (24.5)",
        "corsiAgainst": "52.8% (63.2) // 52.6% (65.3) // 51.3% (62.2) // 52.2% (58.5)",
        "fenwickAgainst": "52.9% (46.8) // 54.5% (50.5) // 54.7% (51.4) // 54.5% (48.0)",
        "shotsAgainst": "51.6% (31.8) // 54.0% (35.1) // 56.3% (37.0) // 56.3% (33.5)",
        "scoringAgainst": "53.0% (30.9) // 51.6% (30.6) // 48.3% (27.2) // 51.5% (26.0)",
        "oppCorsi": "49.9% (58.1) // 46.7% (53.4) // 47.4% (52.5) // 42.7% (47.0)",
        "oppFenwick": "50.3% (42.7) // 45.6% (37.5) // 47.5% (38.5) // 47.0% (35.5)",
        "oppShots": "49.3% (29.9) // 45.6% (27.2) // 48.4% (29.2) // 49.6% (29.0)",
        "oppScoring": "51.5% (30.2) // 48.0% (27.7) // 47.4% (27.2) // 41.7% (24.0)",
        "oppCorsiAgainst": "50.1% (58.3) // 53.3% (61.0) // 52.6% (58.2) // 57.3% (63.0)",
        "oppFenwickAgainst": "49.7% (42.2) // 54.4% (44.7) // 52.5% (42.5) // 53.0% (40.0)",
        "oppShotsAgainst": "50.7% (30.8) // 54.4% (32.4) // 51.6% (31.3) // 50.4% (29.5)",
        "oppScoringAgainst": "48.5% (28.5) // 52.0% (30.0) // 52.6% (30.2) // 58.3% (33.5)",
        "totalOver": 43,
        "totalOverLast5": 0,
        "totalOverLast15": 33,
        "lastTotalOver": 43,
        "last5": "0,0,0,0,0,0,0,1,1,0",
        "fd": "0",
        "dk": "+150/-195",
        "implied": 40.0,
        "overOdds": "+150",
        "underOdds": "-195",
        "overUnder": "+150 / -195"
    },
    {
        "player": "Roman Josi",
        "team": "NSH",
        "opponent": "DET",
        "propType": "pts",
        "line": 0.5,
        "ppLine": "PP1",
        "avg": 0.8,
        "hit": false,
        "diffAvg": 0.6,
        "diffAbs": 0.6,
        "lastAvg": 0.88,
        "diff": 0.76,
        "avgMin": 24,
        "proj": 0.8,
        "lastAvgMin": 25.17,
        "oppOver": 0,
        "teamOver": 0,
        "gameLine": "+100",
        "+/-": "+2",
        "L5_+/-": "+5.0",
        "prevMatchup": "",
        "winLossSplits": "68% - 44%",
        "awayHome": "A",
        "playedYesterday": "N",
        "awayHomeSplits": "53% - 60%",
        "savesAboveExp": "-",
        "gsaa": 5.56,
        "corsi": "49.9% (58.1) // 46.7% (53.4) // 47.4% (52.5) // 42.7% (47.0)",
        "fenwick": "50.3% (42.7) // 45.6% (37.5) // 47.5% (38.5) // 47.0% (35.5)",
        "shots": "49.3% (29.9) // 45.6% (27.2) // 48.4% (29.2) // 49.6% (29.0)",
        "scoring": "51.5% (30.2) // 48.0% (27.7) // 47.4% (27.2) // 41.7% (24.0)",
        "corsiAgainst": "50.1% (58.3) // 53.3% (61.0) // 52.6% (58.2) // 57.3% (63.0)",
        "fenwickAgainst": "49.7% (42.2) // 54.4% (44.7) // 52.5% (42.5) // 53.0% (40.0)",
        "shotsAgainst": "50.7% (30.8) // 54.4% (32.4) // 51.6% (31.3) // 50.4% (29.5)",
        "scoringAgainst": "48.5% (28.5) // 52.0% (30.0) // 52.6% (30.2) // 58.3% (33.5)",
        "oppCorsi": "47.2% (56.5) // 47.4% (58.8) // 48.7% (59.0) // 47.8% (53.5)",
        "oppFenwick": "47.1% (41.7) // 45.5% (42.1) // 45.3% (42.6) // 45.5% (40.0)",
        "oppShots": "48.4% (29.8) // 46.0% (29.9) // 43.7% (28.7) // 43.7% (26.0)",
        "oppScoring": "47.0% (27.4) // 48.4% (28.8) // 51.7% (29.1) // 48.5% (24.5)",
        "oppCorsiAgainst": "52.8% (63.2) // 52.6% (65.3) // 51.3% (62.2) // 52.2% (58.5)",
        "oppFenwickAgainst": "52.9% (46.8) // 54.5% (50.5) // 54.7% (51.4) // 54.5% (48.0)",
        "oppShotsAgainst": "51.6% (31.8) // 54.0% (35.1) // 56.3% (37.0) // 56.3% (33.5)",
        "oppScoringAgainst": "53.0% (30.9) // 51.6% (30.6) // 48.3% (27.2) // 51.5% (26.0)",
        "totalOver": 57,
        "totalOverLast5": 40,
        "totalOverLast15": 53,
        "lastTotalOver": 53,
        "last5": "1,0,0,0,1,3,1,2,0,2",
        "fd": "0",
        "dk": "-135/+105",
        "implied": 57.446808510638306,
        "overOdds": "-135",
        "underOdds": "+105",
        "overUnder": "-135 / +105"
    },
    {
        "player": "Shayne Gostisbehere",
        "team": "DET",
        "opponent": "NSH",
        "propType": "pts",
        "line": 0.5,
        "ppLine": "PP1",
        "avg": 0.76,
        "hit": false,
        "diffAvg": 0.52,
        "diffAbs": 0.2,
        "lastAvg": 0.46,
        "diff": -0.08,
        "avgMin": 19,
        "proj": 0.4,
        "lastAvgMin": 20.82,
        "oppOver": 0,
        "teamOver": 0,
        "gameLine": "-120",
        "+/-": -11,
        "L5_+/-": -7.0,
        "prevMatchup": "",
        "winLossSplits": "50% - 39%",
        "awayHome": "H",
        "playedYesterday": "N",
        "awayHomeSplits": "53% - 35%",
        "savesAboveExp": 0.483,
        "gsaa": 1.53,
        "corsi": "47.2% (56.5) // 47.4% (58.8) // 48.7% (59.0) // 47.8% (53.5)",
        "fenwick": "47.1% (41.7) // 45.5% (42.1) // 45.3% (42.6) // 45.5% (40.0)",
        "shots": "48.4% (29.8) // 46.0% (29.9) // 43.7% (28.7) // 43.7% (26.0)",
        "scoring": "47.0% (27.4) // 48.4% (28.8) // 51.7% (29.1) // 48.5% (24.5)",
        "corsiAgainst": "52.8% (63.2) // 52.6% (65.3) // 51.3% (62.2) // 52.2% (58.5)",
        "fenwickAgainst": "52.9% (46.8) // 54.5% (50.5) // 54.7% (51.4) // 54.5% (48.0)",
        "shotsAgainst": "51.6% (31.8) // 54.0% (35.1) // 56.3% (37.0) // 56.3% (33.5)",
        "scoringAgainst": "53.0% (30.9) // 51.6% (30.6) // 48.3% (27.2) // 51.5% (26.0)",
        "oppCorsi": "49.9% (58.1) // 46.7% (53.4) // 47.4% (52.5) // 42.7% (47.0)",
        "oppFenwick": "50.3% (42.7) // 45.6% (37.5) // 47.5% (38.5) // 47.0% (35.5)",
        "oppShots": "49.3% (29.9) // 45.6% (27.2) // 48.4% (29.2) // 49.6% (29.0)",
        "oppScoring": "51.5% (30.2) // 48.0% (27.7) // 47.4% (27.2) // 41.7% (24.0)",
        "oppCorsiAgainst": "50.1% (58.3) // 53.3% (61.0) // 52.6% (58.2) // 57.3% (63.0)",
        "oppFenwickAgainst": "49.7% (42.2) // 54.4% (44.7) // 52.5% (42.5) // 53.0% (40.0)",
        "oppShotsAgainst": "50.7% (30.8) // 54.4% (32.4) // 51.6% (31.3) // 50.4% (29.5)",
        "oppScoringAgainst": "48.5% (28.5) // 52.0% (30.0) // 52.6% (30.2) // 58.3% (33.5)",
        "totalOver": 44,
        "totalOverLast5": 80,
        "totalOverLast15": 40,
        "lastTotalOver": 37,
        "last5": "1,1,1,0,2,0,0,0,2,0",
        "fd": "0",
        "dk": "+130/-166",
        "implied": 43.47826086956522,
        "overOdds": "+130",
        "underOdds": "-166",
        "overUnder": "+130 / -166"
    },
    {
        "player": "Thomas Novak",
        "team": "NSH",
        "opponent": "DET",
        "propType": "pts",
        "line": 0.5,
        "ppLine": "",
        "avg": 0.62,
        "hit": false,
        "diffAvg": 0.24,
        "diffAbs": 0.6,
        "lastAvg": 0.84,
        "diff": 0.68,
        "avgMin": 14,
        "proj": 0.8,
        "lastAvgMin": 14.65,
        "oppOver": 0,
        "teamOver": 0,
        "gameLine": "+100",
        "+/-": -3,
        "L5_+/-": -3.0,
        "prevMatchup": "",
        "winLossSplits": "45% - 54%",
        "awayHome": "A",
        "playedYesterday": "N",
        "awayHomeSplits": "50% - 50%",
        "savesAboveExp": "-",
        "gsaa": 5.56,
        "corsi": "49.9% (58.1) // 46.7% (53.4) // 47.4% (52.5) // 42.7% (47.0)",
        "fenwick": "50.3% (42.7) // 45.6% (37.5) // 47.5% (38.5) // 47.0% (35.5)",
        "shots": "49.3% (29.9) // 45.6% (27.2) // 48.4% (29.2) // 49.6% (29.0)",
        "scoring": "51.5% (30.2) // 48.0% (27.7) // 47.4% (27.2) // 41.7% (24.0)",
        "corsiAgainst": "50.1% (58.3) // 53.3% (61.0) // 52.6% (58.2) // 57.3% (63.0)",
        "fenwickAgainst": "49.7% (42.2) // 54.4% (44.7) // 52.5% (42.5) // 53.0% (40.0)",
        "shotsAgainst": "50.7% (30.8) // 54.4% (32.4) // 51.6% (31.3) // 50.4% (29.5)",
        "scoringAgainst": "48.5% (28.5) // 52.0% (30.0) // 52.6% (30.2) // 58.3% (33.5)",
        "oppCorsi": "47.2% (56.5) // 47.4% (58.8) // 48.7% (59.0) // 47.8% (53.5)",
        "oppFenwick": "47.1% (41.7) // 45.5% (42.1) // 45.3% (42.6) // 45.5% (40.0)",
        "oppShots": "48.4% (29.8) // 46.0% (29.9) // 43.7% (28.7) // 43.7% (26.0)",
        "oppScoring": "47.0% (27.4) // 48.4% (28.8) // 51.7% (29.1) // 48.5% (24.5)",
        "oppCorsiAgainst": "52.8% (63.2) // 52.6% (65.3) // 51.3% (62.2) // 52.2% (58.5)",
        "oppFenwickAgainst": "52.9% (46.8) // 54.5% (50.5) // 54.7% (51.4) // 54.5% (48.0)",
        "oppShotsAgainst": "51.6% (31.8) // 54.0% (35.1) // 56.3% (37.0) // 56.3% (33.5)",
        "oppScoringAgainst": "53.0% (30.9) // 51.6% (30.6) // 48.3% (27.2) // 51.5% (26.0)",
        "totalOver": 50,
        "totalOverLast5": 40,
        "totalOverLast15": 40,
        "lastTotalOver": 52,
        "last5": "0,0,1,1,0,1,0,0,0,0",
        "fd": "0",
        "dk": "+120/-150",
        "implied": 45.45454545454545,
        "overOdds": "+120",
        "underOdds": "-150",
        "overUnder": "+120 / -150"
    },
    {
        "player": "Lucas Raymond",
        "team": "DET",
        "opponent": "NSH",
        "propType": "pts",
        "line": 0.5,
        "ppLine": "PP2",
        "avg": 0.74,
        "hit": false,
        "diffAvg": 0.48,
        "diffAbs": 0.2,
        "lastAvg": 0.61,
        "diff": 0.22,
        "avgMin": 17,
        "proj": 0.6,
        "lastAvgMin": 17.37,
        "oppOver": 0,
        "teamOver": 0,
        "gameLine": "-120",
        "+/-": -8,
        "L5_+/-": -12.0,
        "prevMatchup": "",
        "winLossSplits": "88% - 21%",
        "awayHome": "H",
        "playedYesterday": "N",
        "awayHomeSplits": "41% - 61%",
        "savesAboveExp": 0.483,
        "gsaa": 1.53,
        "corsi": "47.2% (56.5) // 47.4% (58.8) // 48.7% (59.0) // 47.8% (53.5)",
        "fenwick": "47.1% (41.7) // 45.5% (42.1) // 45.3% (42.6) // 45.5% (40.0)",
        "shots": "48.4% (29.8) // 46.0% (29.9) // 43.7% (28.7) // 43.7% (26.0)",
        "scoring": "47.0% (27.4) // 48.4% (28.8) // 51.7% (29.1) // 48.5% (24.5)",
        "corsiAgainst": "52.8% (63.2) // 52.6% (65.3) // 51.3% (62.2) // 52.2% (58.5)",
        "fenwickAgainst": "52.9% (46.8) // 54.5% (50.5) // 54.7% (51.4) // 54.5% (48.0)",
        "shotsAgainst": "51.6% (31.8) // 54.0% (35.1) // 56.3% (37.0) // 56.3% (33.5)",
        "scoringAgainst": "53.0% (30.9) // 51.6% (30.6) // 48.3% (27.2) // 51.5% (26.0)",
        "oppCorsi": "49.9% (58.1) // 46.7% (53.4) // 47.4% (52.5) // 42.7% (47.0)",
        "oppFenwick": "50.3% (42.7) // 45.6% (37.5) // 47.5% (38.5) // 47.0% (35.5)",
        "oppShots": "49.3% (29.9) // 45.6% (27.2) // 48.4% (29.2) // 49.6% (29.0)",
        "oppScoring": "51.5% (30.2) // 48.0% (27.7) // 47.4% (27.2) // 41.7% (24.0)",
        "oppCorsiAgainst": "50.1% (58.3) // 53.3% (61.0) // 52.6% (58.2) // 57.3% (63.0)",
        "oppFenwickAgainst": "49.7% (42.2) // 54.4% (44.7) // 52.5% (42.5) // 53.0% (40.0)",
        "oppShotsAgainst": "50.7% (30.8) // 54.4% (32.4) // 51.6% (31.3) // 50.4% (29.5)",
        "oppScoringAgainst": "48.5% (28.5) // 52.0% (30.0) // 52.6% (30.2) // 58.3% (33.5)",
        "totalOver": 51,
        "totalOverLast5": 20,
        "totalOverLast15": 40,
        "lastTotalOver": 43,
        "last5": "0,0,2,0,0,0,0,2,0,0",
        "fd": "0",
        "dk": "+110/-140",
        "implied": 47.61904761904761,
        "overOdds": "+110",
        "underOdds": "-140",
        "overUnder": "+110 / -140"
    },
    {
        "player": "Adam Fantilli",
        "team": "CBJ",
        "opponent": "TOR",
        "propType": "pts",
        "line": 0.5,
        "ppLine": "PP2",
        "avg": 0.58,
        "hit": false,
        "diffAvg": 0.16,
        "diffAbs": 1.0,
        "lastAvg": 0,
        "diff": 0,
        "avgMin": 15,
        "proj": 0.0,
        "lastAvgMin": 0,
        "oppOver": 0,
        "teamOver": 0,
        "gameLine": "+164",
        "+/-": -11,
        "L5_+/-": 0.0,
        "prevMatchup": "2023-12-23 1.0 pts 2023-12-14 0.0 pts",
        "winLossSplits": "55% - 44%",
        "awayHome": "H",
        "playedYesterday": "N",
        "awayHomeSplits": "44% - 50%",
        "savesAboveExp": 0.388,
        "gsaa": -11.41,
        "corsi": "47.0% (61.0) // 45.5% (57.8) // 49.5% (61.4) // 49.6% (61.4)",
        "fenwick": "47.2% (43.4) // 46.0% (41.8) // 50.6% (43.8) // 48.5% (40.8)",
        "shots": "46.5% (29.4) // 45.1% (28.8) // 50.2% (30.9) // 46.7% (28.0)",
        "scoring": "46.9% (28.5) // 44.4% (27.9) // 45.0% (28.3) // 45.7% (29.0)",
        "corsiAgainst": "53.0% (68.7) // 54.5% (69.2) // 50.5% (62.6) // 50.4% (62.4)",
        "fenwickAgainst": "52.8% (48.5) // 54.0% (49.0) // 49.4% (42.9) // 51.5% (43.2)",
        "shotsAgainst": "53.5% (33.8) // 54.9% (35.1) // 49.8% (30.7) // 53.3% (31.9)",
        "scoringAgainst": "53.1% (32.3) // 55.6% (35.0) // 55.0% (34.6) // 54.3% (34.4)",
        "oppCorsi": "50.3% (63.2) // 52.2% (67.0) // 52.2% (66.5) // 54.9% (70.5)",
        "oppFenwick": "50.2% (45.2) // 51.2% (47.2) // 51.4% (47.2) // 54.5% (51.0)",
        "oppShots": "50.2% (31.9) // 51.4% (33.6) // 49.6% (31.5) // 53.2% (33.0)",
        "oppScoring": "52.1% (33.1) // 54.0% (36.0) // 52.8% (32.8) // 55.0% (36.0)",
        "oppCorsiAgainst": "49.7% (62.4) // 47.8% (61.4) // 47.8% (61.0) // 45.1% (58.0)",
        "oppFenwickAgainst": "49.8% (44.9) // 48.8% (44.9) // 48.6% (44.8) // 45.5% (42.5)",
        "oppShotsAgainst": "49.8% (31.6) // 48.6% (31.8) // 50.4% (32.0) // 46.8% (29.0)",
        "oppScoringAgainst": "47.9% (30.4) // 46.0% (30.7) // 47.2% (29.2) // 45.0% (29.5)",
        "totalOver": 47,
        "totalOverLast5": 80,
        "totalOverLast15": 53,
        "lastTotalOver": 0,
        "last5": "1,1,0,2,1,0,0,1,3,1",
        "fd": "0",
        "dk": "+114/-145",
        "implied": 46.728971962616825,
        "overOdds": "+114",
        "underOdds": "-145",
        "overUnder": "+114 / -145"
    },
    {
        "player": "Auston Matthews",
        "team": "TOR",
        "opponent": "CBJ",
        "propType": "pts",
        "line": 1.5,
        "ppLine": "PP1",
        "avg": 1.35,
        "hit": false,
        "diffAvg": -0.1,
        "diffAbs": 0.33,
        "lastAvg": 1.0,
        "diff": -0.33,
        "avgMin": 21,
        "proj": 1.0,
        "lastAvgMin": 20.27,
        "oppOver": 0,
        "teamOver": 0,
        "gameLine": "-198",
        "+/-": "+4",
        "L5_+/-": "+5.0",
        "prevMatchup": "2023-12-23 3.0 pts 2023-12-14 3.0 pts",
        "winLossSplits": "56% - 33%",
        "awayHome": "A",
        "playedYesterday": "N",
        "awayHomeSplits": "33% - 56%",
        "savesAboveExp": -1.53,
        "gsaa": "-",
        "corsi": "50.3% (63.2) // 52.2% (67.0) // 52.2% (66.5) // 54.9% (70.5)",
        "fenwick": "50.2% (45.2) // 51.2% (47.2) // 51.4% (47.2) // 54.5% (51.0)",
        "shots": "50.2% (31.9) // 51.4% (33.6) // 49.6% (31.5) // 53.2% (33.0)",
        "scoring": "52.1% (33.1) // 54.0% (36.0) // 52.8% (32.8) // 55.0% (36.0)",
        "corsiAgainst": "49.7% (62.4) // 47.8% (61.4) // 47.8% (61.0) // 45.1% (58.0)",
        "fenwickAgainst": "49.8% (44.9) // 48.8% (44.9) // 48.6% (44.8) // 45.5% (42.5)",
        "shotsAgainst": "49.8% (31.6) // 48.6% (31.8) // 50.4% (32.0) // 46.8% (29.0)",
        "scoringAgainst": "47.9% (30.4) // 46.0% (30.7) // 47.2% (29.2) // 45.0% (29.5)",
        "oppCorsi": "47.0% (61.0) // 45.5% (57.8) // 49.5% (61.4) // 49.6% (61.4)",
        "oppFenwick": "47.2% (43.4) // 46.0% (41.8) // 50.6% (43.8) // 48.5% (40.8)",
        "oppShots": "46.5% (29.4) // 45.1% (28.8) // 50.2% (30.9) // 46.7% (28.0)",
        "oppScoring": "46.9% (28.5) // 44.4% (27.9) // 45.0% (28.3) // 45.7% (29.0)",
        "oppCorsiAgainst": "53.0% (68.7) // 54.5% (69.2) // 50.5% (62.6) // 50.4% (62.4)",
        "oppFenwickAgainst": "52.8% (48.5) // 54.0% (49.0) // 49.4% (42.9) // 51.5% (43.2)",
        "oppShotsAgainst": "53.5% (33.8) // 54.9% (35.1) // 49.8% (30.7) // 53.3% (31.9)",
        "oppScoringAgainst": "53.1% (32.3) // 55.6% (35.0) // 55.0% (34.6) // 54.3% (34.4)",
        "totalOver": 45,
        "totalOverLast5": 60,
        "totalOverLast15": 47,
        "lastTotalOver": 31,
        "last5": "1,3,1,2,3,4,1,2,0,2",
        "fd": "0",
        "dk": "+145/-190",
        "implied": 40.816326530612244,
        "overOdds": "+145",
        "underOdds": "-190",
        "overUnder": "+145 / -190"
    },
    {
        "player": "Calle Jarnkrok",
        "team": "TOR",
        "opponent": "CBJ",
        "propType": "pts",
        "line": 0.5,
        "ppLine": "PP2",
        "avg": 0.53,
        "hit": false,
        "diffAvg": 0.06,
        "diffAbs": 0.0,
        "lastAvg": 0.46,
        "diff": -0.08,
        "avgMin": 15,
        "proj": 0.5,
        "lastAvgMin": 14.37,
        "oppOver": 0,
        "teamOver": 0,
        "gameLine": "-198",
        "+/-": "+10",
        "L5_+/-": "+2.0",
        "prevMatchup": "2023-12-23 0.0 pts 2023-12-14 0.0 pts",
        "winLossSplits": "41% - 47%",
        "awayHome": "A",
        "playedYesterday": "N",
        "awayHomeSplits": "47% - 41%",
        "savesAboveExp": -1.53,
        "gsaa": "-",
        "corsi": "50.3% (63.2) // 52.2% (67.0) // 52.2% (66.5) // 54.9% (70.5)",
        "fenwick": "50.2% (45.2) // 51.2% (47.2) // 51.4% (47.2) // 54.5% (51.0)",
        "shots": "50.2% (31.9) // 51.4% (33.6) // 49.6% (31.5) // 53.2% (33.0)",
        "scoring": "52.1% (33.1) // 54.0% (36.0) // 52.8% (32.8) // 55.0% (36.0)",
        "corsiAgainst": "49.7% (62.4) // 47.8% (61.4) // 47.8% (61.0) // 45.1% (58.0)",
        "fenwickAgainst": "49.8% (44.9) // 48.8% (44.9) // 48.6% (44.8) // 45.5% (42.5)",
        "shotsAgainst": "49.8% (31.6) // 48.6% (31.8) // 50.4% (32.0) // 46.8% (29.0)",
        "scoringAgainst": "47.9% (30.4) // 46.0% (30.7) // 47.2% (29.2) // 45.0% (29.5)",
        "oppCorsi": "47.0% (61.0) // 45.5% (57.8) // 49.5% (61.4) // 49.6% (61.4)",
        "oppFenwick": "47.2% (43.4) // 46.0% (41.8) // 50.6% (43.8) // 48.5% (40.8)",
        "oppShots": "46.5% (29.4) // 45.1% (28.8) // 50.2% (30.9) // 46.7% (28.0)",
        "oppScoring": "46.9% (28.5) // 44.4% (27.9) // 45.0% (28.3) // 45.7% (29.0)",
        "oppCorsiAgainst": "53.0% (68.7) // 54.5% (69.2) // 50.5% (62.6) // 50.4% (62.4)",
        "oppFenwickAgainst": "52.8% (48.5) // 54.0% (49.0) // 49.4% (42.9) // 51.5% (43.2)",
        "oppShotsAgainst": "53.5% (33.8) // 54.9% (35.1) // 49.8% (30.7) // 53.3% (31.9)",
        "oppScoringAgainst": "53.1% (32.3) // 55.6% (35.0) // 55.0% (34.6) // 54.3% (34.4)",
        "totalOver": 44,
        "totalOverLast5": 20,
        "totalOverLast15": 40,
        "lastTotalOver": 41,
        "last5": "0,0,1,0,0,0,2,0,1,1",
        "fd": "0",
        "dk": "+135/-175",
        "implied": 42.5531914893617,
        "overOdds": "+135",
        "underOdds": "-175",
        "overUnder": "+135 / -175"
    },
    {
        "player": "Dmitri Voronkov",
        "team": "CBJ",
        "opponent": "TOR",
        "propType": "pts",
        "line": 0.5,
        "ppLine": "PP1",
        "avg": 0.57,
        "hit": false,
        "diffAvg": 0.14,
        "diffAbs": 1.0,
        "lastAvg": 0,
        "diff": 0,
        "avgMin": 13,
        "proj": 0.0,
        "lastAvgMin": 0,
        "oppOver": 0,
        "teamOver": 0,
        "gameLine": "+164",
        "+/-": "+4",
        "L5_+/-": 0.0,
        "prevMatchup": "2023-12-23 0.0 pts 2023-12-14 0.0 pts",
        "winLossSplits": "62% - 50%",
        "awayHome": "H",
        "playedYesterday": "N",
        "awayHomeSplits": "33% - 73%",
        "savesAboveExp": 0.388,
        "gsaa": -11.41,
        "corsi": "47.0% (61.0) // 45.5% (57.8) // 49.5% (61.4) // 49.6% (61.4)",
        "fenwick": "47.2% (43.4) // 46.0% (41.8) // 50.6% (43.8) // 48.5% (40.8)",
