[
    {
        "player": "Adam Fox",
        "team": "NYR",
        "opponent": "CHI",
        "propType": "pts",
        "line": 1.5,
        "ppLine": "PP1",
        "avg": 0.92,
        "hit": false,
        "diffAvg": -0.39,
        "diffAbs": 0.53,
        "lastAvg": 0.8,
        "diff": -0.47,
        "avgMin": 22,
        "proj": 0.7,
        "lastAvgMin": 24.37,
        "oppOver": 0,
        "teamOver": 0,
        "gameLine": "-470",
        "+/-": "+1",
        "L5_+/-": "+2.0",
        "prevMatchup": "",
        "winLossSplits": "22% - 12%",
        "awayHome": "H",
        "playedYesterday": "N",
        "awayHomeSplits": "29% - 8%",
        "savesAboveExp": -0.91,
        "gsaa": 0.7,
        "corsi": "49.3% (59.3) // 50.6% (60.7) // 43.5% (49.2) // 42.4% (49.0)",
        "fenwick": "50.1% (44.1) // 50.5% (44.7) // 46.8% (40.0) // 45.1% (38.7)",
        "shots": "50.7% (30.4) // 52.3% (32.0) // 48.7% (28.8) // 47.2% (28.0)",
        "scoring": "50.4% (28.9) // 51.9% (29.8) // 45.5% (24.0) // 41.9% (22.3)",
        "corsiAgainst": "50.7% (61.1) // 49.4% (59.4) // 56.5% (64.0) // 57.6% (66.7)",
        "fenwickAgainst": "49.9% (43.9) // 49.5% (43.9) // 53.2% (45.5) // 54.9% (47.0)",
        "shotsAgainst": "49.3% (29.5) // 47.7% (29.2) // 51.3% (30.2) // 52.8% (31.3)",
        "scoringAgainst": "49.6% (28.5) // 48.1% (27.6) // 54.5% (28.8) // 58.1% (31.0)",
        "oppCorsi": "44.4% (51.6) // 41.4% (47.7) // 40.4% (50.0) // 42.0% (52.3)",
        "oppFenwick": "44.3% (37.1) // 42.0% (35.1) // 40.3% (35.9) // 42.0% (37.3)",
        "oppShots": "44.3% (26.2) // 40.7% (23.2) // 39.8% (24.0) // 39.8% (24.0)",
        "oppScoring": "43.1% (24.7) // 38.1% (20.4) // 37.5% (21.9) // 37.7% (22.4)",
        "oppCorsiAgainst": "55.6% (64.6) // 58.6% (67.7) // 59.6% (73.8) // 58.0% (72.1)",
        "oppFenwickAgainst": "55.7% (46.6) // 58.0% (48.5) // 59.7% (53.2) // 58.0% (51.6)",
        "oppShotsAgainst": "55.7% (33.0) // 59.3% (33.8) // 60.2% (36.4) // 60.2% (36.4)",
        "oppScoringAgainst": "56.9% (32.7) // 61.9% (33.0) // 62.5% (36.4) // 62.3% (37.0)",
        "totalOver": 19,
        "totalOverLast5": 0,
        "totalOverLast15": 7,
        "lastTotalOver": 18,
        "last5": "0,1,0,1,1,0,0,1,2,1",
        "fd": "+162",
        "dk": "+170/-220",
        "kambi": "160/-215",
        "lowest": "170 DK",
        "implied": 37.03703703703704,
        "overOdds": "+170",
        "underOdds": "-220",
        "overUnder": "+170 / -220"
    },
    {
        "player": "Alexis Lafreniere",
        "team": "NYR",
        "opponent": "CHI",
        "propType": "pts",
        "line": 0.5,
        "ppLine": "PP2",
        "avg": 0.61,
        "hit": false,
        "diffAvg": 0.22,
        "diffAbs": 0.0,
        "lastAvg": 0.44,
        "diff": -0.12,
        "avgMin": 17,
        "proj": 0.5,
        "lastAvgMin": 15.22,
        "oppOver": 0,
        "teamOver": 0,
        "gameLine": "-470",
        "+/-": -6,
        "L5_+/-": -3.0,
        "prevMatchup": "",
        "winLossSplits": "52% - 36%",
        "awayHome": "H",
        "playedYesterday": "N",
        "awayHomeSplits": "53% - 41%",
        "savesAboveExp": -0.91,
        "gsaa": 0.7,
        "corsi": "49.3% (59.3) // 50.6% (60.7) // 43.5% (49.2) // 42.4% (49.0)",
        "fenwick": "50.1% (44.1) // 50.5% (44.7) // 46.8% (40.0) // 45.1% (38.7)",
        "shots": "50.7% (30.4) // 52.3% (32.0) // 48.7% (28.8) // 47.2% (28.0)",
        "scoring": "50.4% (28.9) // 51.9% (29.8) // 45.5% (24.0) // 41.9% (22.3)",
        "corsiAgainst": "50.7% (61.1) // 49.4% (59.4) // 56.5% (64.0) // 57.6% (66.7)",
        "fenwickAgainst": "49.9% (43.9) // 49.5% (43.9) // 53.2% (45.5) // 54.9% (47.0)",
        "shotsAgainst": "49.3% (29.5) // 47.7% (29.2) // 51.3% (30.2) // 52.8% (31.3)",
        "scoringAgainst": "49.6% (28.5) // 48.1% (27.6) // 54.5% (28.8) // 58.1% (31.0)",
        "oppCorsi": "44.4% (51.6) // 41.4% (47.7) // 40.4% (50.0) // 42.0% (52.3)",
        "oppFenwick": "44.3% (37.1) // 42.0% (35.1) // 40.3% (35.9) // 42.0% (37.3)",
        "oppShots": "44.3% (26.2) // 40.7% (23.2) // 39.8% (24.0) // 39.8% (24.0)",
        "oppScoring": "43.1% (24.7) // 38.1% (20.4) // 37.5% (21.9) // 37.7% (22.4)",
        "oppCorsiAgainst": "55.6% (64.6) // 58.6% (67.7) // 59.6% (73.8) // 58.0% (72.1)",
        "oppFenwickAgainst": "55.7% (46.6) // 58.0% (48.5) // 59.7% (53.2) // 58.0% (51.6)",
        "oppShotsAgainst": "55.7% (33.0) // 59.3% (33.8) // 60.2% (36.4) // 60.2% (36.4)",
        "oppScoringAgainst": "56.9% (32.7) // 61.9% (33.0) // 62.5% (36.4) // 62.3% (37.0)",
        "totalOver": 47,
        "totalOverLast5": 60,
        "totalOverLast15": 47,
        "lastTotalOver": 33,
        "last5": "0,2,1,1,0,1,1,0,0,0",
        "fd": "0",
        "dk": "-110/-120",
        "kambi": "-121/-108",
        "lowest": "-110 DK",
        "implied": 52.38095238095239,
        "overOdds": "-110",
        "underOdds": "-120",
        "overUnder": "-110 / -120"
    },
    {
        "player": "Artemi Panarin",
        "team": "NYR",
        "opponent": "CHI",
        "propType": "pts",
        "line": 1.5,
        "ppLine": "PP1",
        "avg": 1.42,
        "hit": false,
        "diffAvg": -0.05,
        "diffAbs": 0.33,
        "lastAvg": 1.02,
        "diff": -0.32,
        "avgMin": 19,
        "proj": 1.0,
        "lastAvgMin": 19.6,
        "oppOver": 0,
        "teamOver": 0,
        "gameLine": "-470",
        "+/-": 0,
        "L5_+/-": "+1.0",
        "prevMatchup": "",
        "winLossSplits": "56% - 18%",
        "awayHome": "H",
        "playedYesterday": "N",
        "awayHomeSplits": "47% - 41%",
        "savesAboveExp": -0.91,
        "gsaa": 0.7,
        "corsi": "49.3% (59.3) // 50.6% (60.7) // 43.5% (49.2) // 42.4% (49.0)",
        "fenwick": "50.1% (44.1) // 50.5% (44.7) // 46.8% (40.0) // 45.1% (38.7)",
        "shots": "50.7% (30.4) // 52.3% (32.0) // 48.7% (28.8) // 47.2% (28.0)",
        "scoring": "50.4% (28.9) // 51.9% (29.8) // 45.5% (24.0) // 41.9% (22.3)",
        "corsiAgainst": "50.7% (61.1) // 49.4% (59.4) // 56.5% (64.0) // 57.6% (66.7)",
        "fenwickAgainst": "49.9% (43.9) // 49.5% (43.9) // 53.2% (45.5) // 54.9% (47.0)",
        "shotsAgainst": "49.3% (29.5) // 47.7% (29.2) // 51.3% (30.2) // 52.8% (31.3)",
        "scoringAgainst": "49.6% (28.5) // 48.1% (27.6) // 54.5% (28.8) // 58.1% (31.0)",
        "oppCorsi": "44.4% (51.6) // 41.4% (47.7) // 40.4% (50.0) // 42.0% (52.3)",
        "oppFenwick": "44.3% (37.1) // 42.0% (35.1) // 40.3% (35.9) // 42.0% (37.3)",
        "oppShots": "44.3% (26.2) // 40.7% (23.2) // 39.8% (24.0) // 39.8% (24.0)",
        "oppScoring": "43.1% (24.7) // 38.1% (20.4) // 37.5% (21.9) // 37.7% (22.4)",
        "oppCorsiAgainst": "55.6% (64.6) // 58.6% (67.7) // 59.6% (73.8) // 58.0% (72.1)",
        "oppFenwickAgainst": "55.7% (46.6) // 58.0% (48.5) // 59.7% (53.2) // 58.0% (51.6)",
        "oppShotsAgainst": "55.7% (33.0) // 59.3% (33.8) // 60.2% (36.4) // 60.2% (36.4)",
        "oppScoringAgainst": "56.9% (32.7) // 61.9% (33.0) // 62.5% (36.4) // 62.3% (37.0)",
        "totalOver": 44,
        "totalOverLast5": 40,
        "totalOverLast15": 33,
        "lastTotalOver": 28,
        "last5": "1,3,1,2,1,0,1,1,2,1",
        "fd": "-113",
        "dk": "-110/-120",
        "kambi": "-117/-112",
        "lowest": "-110 DK",
        "implied": 52.38095238095239,
        "overOdds": "-110",
        "underOdds": "-120",
        "overUnder": "-110 / -120"
    },
    {
        "player": "Blake Wheeler",
        "team": "NYR",
        "opponent": "CHI",
        "propType": "pts",
        "line": 0.5,
        "ppLine": "PP2",
        "avg": 0.42,
        "hit": false,
        "diffAvg": -0.16,
        "diffAbs": 0.0,
        "lastAvg": 0.71,
        "diff": 0.42,
        "avgMin": 12,
        "proj": 0.5,
        "lastAvgMin": 17.03,
        "oppOver": 0,
        "teamOver": 0,
        "gameLine": "-470",
        "+/-": -1,
        "L5_+/-": "+2.0",
        "prevMatchup": "",
        "winLossSplits": "36% - 27%",
        "awayHome": "H",
        "playedYesterday": "N",
        "awayHomeSplits": "26% - 41%",
        "savesAboveExp": -0.91,
        "gsaa": 0.7,
        "corsi": "49.3% (59.3) // 50.6% (60.7) // 43.5% (49.2) // 42.4% (49.0)",
        "fenwick": "50.1% (44.1) // 50.5% (44.7) // 46.8% (40.0) // 45.1% (38.7)",
        "shots": "50.7% (30.4) // 52.3% (32.0) // 48.7% (28.8) // 47.2% (28.0)",
        "scoring": "50.4% (28.9) // 51.9% (29.8) // 45.5% (24.0) // 41.9% (22.3)",
        "corsiAgainst": "50.7% (61.1) // 49.4% (59.4) // 56.5% (64.0) // 57.6% (66.7)",
        "fenwickAgainst": "49.9% (43.9) // 49.5% (43.9) // 53.2% (45.5) // 54.9% (47.0)",
        "shotsAgainst": "49.3% (29.5) // 47.7% (29.2) // 51.3% (30.2) // 52.8% (31.3)",
        "scoringAgainst": "49.6% (28.5) // 48.1% (27.6) // 54.5% (28.8) // 58.1% (31.0)",
        "oppCorsi": "44.4% (51.6) // 41.4% (47.7) // 40.4% (50.0) // 42.0% (52.3)",
        "oppFenwick": "44.3% (37.1) // 42.0% (35.1) // 40.3% (35.9) // 42.0% (37.3)",
        "oppShots": "44.3% (26.2) // 40.7% (23.2) // 39.8% (24.0) // 39.8% (24.0)",
        "oppScoring": "43.1% (24.7) // 38.1% (20.4) // 37.5% (21.9) // 37.7% (22.4)",
        "oppCorsiAgainst": "55.6% (64.6) // 58.6% (67.7) // 59.6% (73.8) // 58.0% (72.1)",
        "oppFenwickAgainst": "55.7% (46.6) // 58.0% (48.5) // 59.7% (53.2) // 58.0% (51.6)",
        "oppShotsAgainst": "55.7% (33.0) // 59.3% (33.8) // 60.2% (36.4) // 60.2% (36.4)",
        "oppScoringAgainst": "56.9% (32.7) // 61.9% (33.0) // 62.5% (36.4) // 62.3% (37.0)",
        "totalOver": 33,
        "totalOverLast5": 60,
        "totalOverLast15": 47,
        "lastTotalOver": 54,
        "last5": "0,1,0,1,1,1,2,0,1,2",
        "fd": "0",
        "dk": "+120/-150",
        "kambi": "114/-148",
        "lowest": "120 DK",
        "implied": 45.45454545454545,
        "overOdds": "+120",
        "underOdds": "-150",
        "overUnder": "+120 / -150"
    },
    {
        "player": "Chris Kreider",
        "team": "NYR",
        "opponent": "CHI",
        "propType": "pts",
        "line": 0.5,
        "ppLine": "PP1",
        "avg": 0.94,
        "hit": false,
        "diffAvg": 0.88,
        "diffAbs": 0.2,
        "lastAvg": 0.63,
        "diff": 0.26,
        "avgMin": 18,
        "proj": 0.6,
        "lastAvgMin": 18.4,
        "oppOver": 0,
        "teamOver": 0,
        "gameLine": "-470",
        "+/-": "+9",
        "L5_+/-": "+5.0",
        "prevMatchup": "",
        "winLossSplits": "68% - 55%",
        "awayHome": "H",
        "playedYesterday": "N",
        "awayHomeSplits": "63% - 65%",
        "savesAboveExp": -0.91,
        "gsaa": 0.7,
        "corsi": "49.3% (59.3) // 50.6% (60.7) // 43.5% (49.2) // 42.4% (49.0)",
        "fenwick": "50.1% (44.1) // 50.5% (44.7) // 46.8% (40.0) // 45.1% (38.7)",
        "shots": "50.7% (30.4) // 52.3% (32.0) // 48.7% (28.8) // 47.2% (28.0)",
        "scoring": "50.4% (28.9) // 51.9% (29.8) // 45.5% (24.0) // 41.9% (22.3)",
        "corsiAgainst": "50.7% (61.1) // 49.4% (59.4) // 56.5% (64.0) // 57.6% (66.7)",
        "fenwickAgainst": "49.9% (43.9) // 49.5% (43.9) // 53.2% (45.5) // 54.9% (47.0)",
        "shotsAgainst": "49.3% (29.5) // 47.7% (29.2) // 51.3% (30.2) // 52.8% (31.3)",
        "scoringAgainst": "49.6% (28.5) // 48.1% (27.6) // 54.5% (28.8) // 58.1% (31.0)",
        "oppCorsi": "44.4% (51.6) // 41.4% (47.7) // 40.4% (50.0) // 42.0% (52.3)",
        "oppFenwick": "44.3% (37.1) // 42.0% (35.1) // 40.3% (35.9) // 42.0% (37.3)",
        "oppShots": "44.3% (26.2) // 40.7% (23.2) // 39.8% (24.0) // 39.8% (24.0)",
        "oppScoring": "43.1% (24.7) // 38.1% (20.4) // 37.5% (21.9) // 37.7% (22.4)",
        "oppCorsiAgainst": "55.6% (64.6) // 58.6% (67.7) // 59.6% (73.8) // 58.0% (72.1)",
        "oppFenwickAgainst": "55.7% (46.6) // 58.0% (48.5) // 59.7% (53.2) // 58.0% (51.6)",
        "oppShotsAgainst": "55.7% (33.0) // 59.3% (33.8) // 60.2% (36.4) // 60.2% (36.4)",
        "oppScoringAgainst": "56.9% (32.7) // 61.9% (33.0) // 62.5% (36.4) // 62.3% (37.0)",
        "totalOver": 64,
        "totalOverLast5": 100,
        "totalOverLast15": 60,
        "lastTotalOver": 58,
        "last5": "1,1,1,1,2,2,2,0,2,0",
        "fd": "-194",
        "dk": "-180/+140",
        "kambi": "-200/150",
        "lowest": "-180 DK",
        "implied": 64.28571428571429,
        "overOdds": "-180",
        "underOdds": "+140",
        "overUnder": "-180 / +140"
    },
    {
        "player": "Connor Bedard",
        "team": "CHI",
        "opponent": "NYR",
        "propType": "pts",
        "line": 0.5,
        "ppLine": "PP1",
        "avg": 0.89,
        "hit": false,
        "diffAvg": 0.78,
        "diffAbs": 1.0,
        "lastAvg": 0,
        "diff": 0,
        "avgMin": 19,
        "proj": 0.0,
        "lastAvgMin": 0,
        "oppOver": 0,
        "teamOver": 0,
        "gameLine": "+360",
        "+/-": -20,
        "L5_+/-": -6.0,
        "prevMatchup": "",
        "winLossSplits": "73% - 65%",
        "awayHome": "A",
        "playedYesterday": "N",
        "awayHomeSplits": "75% - 59%",
        "savesAboveExp": 0.388,
        "gsaa": 2.17,
        "corsi": "44.4% (51.6) // 41.4% (47.7) // 40.4% (50.0) // 42.0% (52.3)",
        "fenwick": "44.3% (37.1) // 42.0% (35.1) // 40.3% (35.9) // 42.0% (37.3)",
        "shots": "44.3% (26.2) // 40.7% (23.2) // 39.8% (24.0) // 39.8% (24.0)",
        "scoring": "43.1% (24.7) // 38.1% (20.4) // 37.5% (21.9) // 37.7% (22.4)",
        "corsiAgainst": "55.6% (64.6) // 58.6% (67.7) // 59.6% (73.8) // 58.0% (72.1)",
        "fenwickAgainst": "55.7% (46.6) // 58.0% (48.5) // 59.7% (53.2) // 58.0% (51.6)",
        "shotsAgainst": "55.7% (33.0) // 59.3% (33.8) // 60.2% (36.4) // 60.2% (36.4)",
        "scoringAgainst": "56.9% (32.7) // 61.9% (33.0) // 62.5% (36.4) // 62.3% (37.0)",
        "oppCorsi": "49.3% (59.3) // 50.6% (60.7) // 43.5% (49.2) // 42.4% (49.0)",
        "oppFenwick": "50.1% (44.1) // 50.5% (44.7) // 46.8% (40.0) // 45.1% (38.7)",
        "oppShots": "50.7% (30.4) // 52.3% (32.0) // 48.7% (28.8) // 47.2% (28.0)",
        "oppScoring": "50.4% (28.9) // 51.9% (29.8) // 45.5% (24.0) // 41.9% (22.3)",
        "oppCorsiAgainst": "50.7% (61.1) // 49.4% (59.4) // 56.5% (64.0) // 57.6% (66.7)",
        "oppFenwickAgainst": "49.9% (43.9) // 49.5% (43.9) // 53.2% (45.5) // 54.9% (47.0)",
        "oppShotsAgainst": "49.3% (29.5) // 47.7% (29.2) // 51.3% (30.2) // 52.8% (31.3)",
        "oppScoringAgainst": "49.6% (28.5) // 48.1% (27.6) // 54.5% (28.8) // 58.1% (31.0)",
        "totalOver": 68,
        "totalOverLast5": 60,
        "totalOverLast15": 60,
        "lastTotalOver": 0,
        "last5": "0,1,0,2,1,1,2,2,0,1",
        "fd": "-156",
        "dk": "-150/+120",
        "kambi": "-150/115",
        "lowest": "-150 DK",
        "implied": 60.0,
        "overOdds": "-150",
        "underOdds": "+120",
        "overUnder": "-150 / +120"
    },
    {
        "player": "Jason Dickinson",
        "team": "CHI",
        "opponent": "NYR",
        "propType": "pts",
        "line": 0.5,
        "ppLine": "PP2",
        "avg": 0.49,
        "hit": false,
        "diffAvg": -0.02,
        "diffAbs": 0.2,
        "lastAvg": 0.38,
        "diff": -0.24,
        "avgMin": 15,
        "proj": 0.4,
        "lastAvgMin": 15.93,
        "oppOver": 0,
        "teamOver": 0,
        "gameLine": "+360",
        "+/-": "+8",
        "L5_+/-": "+3.0",
        "prevMatchup": "",
        "winLossSplits": "45% - 35%",
        "awayHome": "A",
        "playedYesterday": "N",
        "awayHomeSplits": "30% - 47%",
        "savesAboveExp": 0.388,
        "gsaa": 2.17,
        "corsi": "44.4% (51.6) // 41.4% (47.7) // 40.4% (50.0) // 42.0% (52.3)",
        "fenwick": "44.3% (37.1) // 42.0% (35.1) // 40.3% (35.9) // 42.0% (37.3)",
        "shots": "44.3% (26.2) // 40.7% (23.2) // 39.8% (24.0) // 39.8% (24.0)",
        "scoring": "43.1% (24.7) // 38.1% (20.4) // 37.5% (21.9) // 37.7% (22.4)",
        "corsiAgainst": "55.6% (64.6) // 58.6% (67.7) // 59.6% (73.8) // 58.0% (72.1)",
        "fenwickAgainst": "55.7% (46.6) // 58.0% (48.5) // 59.7% (53.2) // 58.0% (51.6)",
        "shotsAgainst": "55.7% (33.0) // 59.3% (33.8) // 60.2% (36.4) // 60.2% (36.4)",
        "scoringAgainst": "56.9% (32.7) // 61.9% (33.0) // 62.5% (36.4) // 62.3% (37.0)",
        "oppCorsi": "49.3% (59.3) // 50.6% (60.7) // 43.5% (49.2) // 42.4% (49.0)",
        "oppFenwick": "50.1% (44.1) // 50.5% (44.7) // 46.8% (40.0) // 45.1% (38.7)",
        "oppShots": "50.7% (30.4) // 52.3% (32.0) // 48.7% (28.8) // 47.2% (28.0)",
        "oppScoring": "50.4% (28.9) // 51.9% (29.8) // 45.5% (24.0) // 41.9% (22.3)",
        "oppCorsiAgainst": "50.7% (61.1) // 49.4% (59.4) // 56.5% (64.0) // 57.6% (66.7)",
        "oppFenwickAgainst": "49.9% (43.9) // 49.5% (43.9) // 53.2% (45.5) // 54.9% (47.0)",
        "oppShotsAgainst": "49.3% (29.5) // 47.7% (29.2) // 51.3% (30.2) // 52.8% (31.3)",
        "oppScoringAgainst": "49.6% (28.5) // 48.1% (27.6) // 54.5% (28.8) // 58.1% (31.0)",
        "totalOver": 38,
        "totalOverLast5": 40,
        "totalOverLast15": 33,
        "lastTotalOver": 33,
        "last5": "0,0,2,0,1,1,0,0,0,0",
        "fd": "+126",
        "dk": "+124/-160",
        "kambi": "132/-175",
        "lowest": "132 BR",
        "implied": 43.103448275862064,
        "overOdds": "+124",
        "underOdds": "-160",
        "overUnder": "+124 / -160"
    },
    {
        "player": "Mika Zibanejad",
        "team": "NYR",
        "opponent": "CHI",
        "propType": "pts",
        "line": 0.5,
        "ppLine": "PP1",
        "avg": 1.03,
        "hit": false,
        "diffAvg": 1.06,
        "diffAbs": 1.0,
        "lastAvg": 1.02,
        "diff": 1.04,
        "avgMin": 19,
        "proj": 1.0,
        "lastAvgMin": 19.95,
        "oppOver": 0,
        "teamOver": 0,
        "gameLine": "-470",
        "+/-": "+6",
        "L5_+/-": "+2.0",
        "prevMatchup": "",
        "winLossSplits": "72% - 55%",
        "awayHome": "H",
        "playedYesterday": "N",
        "awayHomeSplits": "58% - 76%",
        "savesAboveExp": -0.91,
        "gsaa": 0.7,
        "corsi": "49.3% (59.3) // 50.6% (60.7) // 43.5% (49.2) // 42.4% (49.0)",
        "fenwick": "50.1% (44.1) // 50.5% (44.7) // 46.8% (40.0) // 45.1% (38.7)",
        "shots": "50.7% (30.4) // 52.3% (32.0) // 48.7% (28.8) // 47.2% (28.0)",
        "scoring": "50.4% (28.9) // 51.9% (29.8) // 45.5% (24.0) // 41.9% (22.3)",
        "corsiAgainst": "50.7% (61.1) // 49.4% (59.4) // 56.5% (64.0) // 57.6% (66.7)",
        "fenwickAgainst": "49.9% (43.9) // 49.5% (43.9) // 53.2% (45.5) // 54.9% (47.0)",
        "shotsAgainst": "49.3% (29.5) // 47.7% (29.2) // 51.3% (30.2) // 52.8% (31.3)",
        "scoringAgainst": "49.6% (28.5) // 48.1% (27.6) // 54.5% (28.8) // 58.1% (31.0)",
        "oppCorsi": "44.4% (51.6) // 41.4% (47.7) // 40.4% (50.0) // 42.0% (52.3)",
        "oppFenwick": "44.3% (37.1) // 42.0% (35.1) // 40.3% (35.9) // 42.0% (37.3)",
        "oppShots": "44.3% (26.2) // 40.7% (23.2) // 39.8% (24.0) // 39.8% (24.0)",
        "oppScoring": "43.1% (24.7) // 38.1% (20.4) // 37.5% (21.9) // 37.7% (22.4)",
        "oppCorsiAgainst": "55.6% (64.6) // 58.6% (67.7) // 59.6% (73.8) // 58.0% (72.1)",
        "oppFenwickAgainst": "55.7% (46.6) // 58.0% (48.5) // 59.7% (53.2) // 58.0% (51.6)",
        "oppShotsAgainst": "55.7% (33.0) // 59.3% (33.8) // 60.2% (36.4) // 60.2% (36.4)",
        "oppScoringAgainst": "56.9% (32.7) // 61.9% (33.0) // 62.5% (36.4) // 62.3% (37.0)",
        "totalOver": 67,
        "totalOverLast5": 80,
        "totalOverLast15": 80,
        "lastTotalOver": 67,
        "last5": "0,1,1,2,3,2,2,1,2,2",
        "fd": "-310",
        "dk": "-238/+180",
        "kambi": "-250/190",
        "lowest": "-238 DK",
        "implied": 70.41420118343196,
        "overOdds": "-238",
        "underOdds": "+180",
        "overUnder": "-238 / +180"
    },
    {
        "player": "Nick Foligno",
        "team": "CHI",
        "opponent": "NYR",
        "propType": "pts",
        "line": 0.5,
        "ppLine": "PP1",
        "avg": 0.46,
        "hit": false,
        "diffAvg": -0.08,
        "diffAbs": 0.0,
        "lastAvg": 0.39,
        "diff": -0.22,
        "avgMin": 17,
        "proj": 0.5,
        "lastAvgMin": 12.35,
        "oppOver": 0,
        "teamOver": 0,
        "gameLine": "+360",
        "+/-": -4,
        "L5_+/-": -7.0,
        "prevMatchup": "",
        "winLossSplits": "45% - 19%",
        "awayHome": "A",
        "playedYesterday": "N",
        "awayHomeSplits": "20% - 35%",
        "savesAboveExp": 0.388,
        "gsaa": 2.17,
        "corsi": "44.4% (51.6) // 41.4% (47.7) // 40.4% (50.0) // 42.0% (52.3)",
        "fenwick": "44.3% (37.1) // 42.0% (35.1) // 40.3% (35.9) // 42.0% (37.3)",
        "shots": "44.3% (26.2) // 40.7% (23.2) // 39.8% (24.0) // 39.8% (24.0)",
        "scoring": "43.1% (24.7) // 38.1% (20.4) // 37.5% (21.9) // 37.7% (22.4)",
        "corsiAgainst": "55.6% (64.6) // 58.6% (67.7) // 59.6% (73.8) // 58.0% (72.1)",
        "fenwickAgainst": "55.7% (46.6) // 58.0% (48.5) // 59.7% (53.2) // 58.0% (51.6)",
        "shotsAgainst": "55.7% (33.0) // 59.3% (33.8) // 60.2% (36.4) // 60.2% (36.4)",
        "scoringAgainst": "56.9% (32.7) // 61.9% (33.0) // 62.5% (36.4) // 62.3% (37.0)",
        "oppCorsi": "49.3% (59.3) // 50.6% (60.7) // 43.5% (49.2) // 42.4% (49.0)",
        "oppFenwick": "50.1% (44.1) // 50.5% (44.7) // 46.8% (40.0) // 45.1% (38.7)",
        "oppShots": "50.7% (30.4) // 52.3% (32.0) // 48.7% (28.8) // 47.2% (28.0)",
        "oppScoring": "50.4% (28.9) // 51.9% (29.8) // 45.5% (24.0) // 41.9% (22.3)",
        "oppCorsiAgainst": "50.7% (61.1) // 49.4% (59.4) // 56.5% (64.0) // 57.6% (66.7)",
        "oppFenwickAgainst": "49.9% (43.9) // 49.5% (43.9) // 53.2% (45.5) // 54.9% (47.0)",
        "oppShotsAgainst": "49.3% (29.5) // 47.7% (29.2) // 51.3% (30.2) // 52.8% (31.3)",
        "oppScoringAgainst": "49.6% (28.5) // 48.1% (27.6) // 54.5% (28.8) // 58.1% (31.0)",
        "totalOver": 27,
        "totalOverLast5": 20,
        "totalOverLast15": 27,
        "lastTotalOver": 33,
        "last5": "0,0,0,0,2,0,1,2,0,0",
        "fd": "+112",
        "dk": "+120/-150",
        "kambi": "107/-139",
        "lowest": "120 DK",
        "implied": 45.45454545454545,
        "overOdds": "+120",
        "underOdds": "-150",
        "overUnder": "+120 / -150"
    },
    {
        "player": "Philipp Kurashev",
        "team": "CHI",
        "opponent": "NYR",
        "propType": "pts",
        "line": 0.5,
        "ppLine": "PP1",
        "avg": 0.73,
        "hit": false,
        "diffAvg": 0.46,
        "diffAbs": 0.2,
        "lastAvg": 0.36,
        "diff": -0.28,
        "avgMin": 18,
        "proj": 0.4,
        "lastAvgMin": 17.42,
        "oppOver": 0,
        "teamOver": 0,
        "gameLine": "+360",
        "+/-": -17,
        "L5_+/-": -9.0,
        "prevMatchup": "",
        "winLossSplits": "75% - 45%",
        "awayHome": "A",
        "playedYesterday": "N",
        "awayHomeSplits": "53% - 53%",
        "savesAboveExp": 0.388,
        "gsaa": 2.17,
        "corsi": "44.4% (51.6) // 41.4% (47.7) // 40.4% (50.0) // 42.0% (52.3)",
        "fenwick": "44.3% (37.1) // 42.0% (35.1) // 40.3% (35.9) // 42.0% (37.3)",
        "shots": "44.3% (26.2) // 40.7% (23.2) // 39.8% (24.0) // 39.8% (24.0)",
        "scoring": "43.1% (24.7) // 38.1% (20.4) // 37.5% (21.9) // 37.7% (22.4)",
        "corsiAgainst": "55.6% (64.6) // 58.6% (67.7) // 59.6% (73.8) // 58.0% (72.1)",
        "fenwickAgainst": "55.7% (46.6) // 58.0% (48.5) // 59.7% (53.2) // 58.0% (51.6)",
        "shotsAgainst": "55.7% (33.0) // 59.3% (33.8) // 60.2% (36.4) // 60.2% (36.4)",
        "scoringAgainst": "56.9% (32.7) // 61.9% (33.0) // 62.5% (36.4) // 62.3% (37.0)",
        "oppCorsi": "49.3% (59.3) // 50.6% (60.7) // 43.5% (49.2) // 42.4% (49.0)",
        "oppFenwick": "50.1% (44.1) // 50.5% (44.7) // 46.8% (40.0) // 45.1% (38.7)",
        "oppShots": "50.7% (30.4) // 52.3% (32.0) // 48.7% (28.8) // 47.2% (28.0)",
        "oppScoring": "50.4% (28.9) // 51.9% (29.8) // 45.5% (24.0) // 41.9% (22.3)",
        "oppCorsiAgainst": "50.7% (61.1) // 49.4% (59.4) // 56.5% (64.0) // 57.6% (66.7)",
        "oppFenwickAgainst": "49.9% (43.9) // 49.5% (43.9) // 53.2% (45.5) // 54.9% (47.0)",
        "oppShotsAgainst": "49.3% (29.5) // 47.7% (29.2) // 51.3% (30.2) // 52.8% (31.3)",
        "oppScoringAgainst": "49.6% (28.5) // 48.1% (27.6) // 54.5% (28.8) // 58.1% (31.0)",
        "totalOver": 53,
        "totalOverLast5": 80,
        "totalOverLast15": 47,
        "lastTotalOver": 0,
        "last5": "0,1,1,1,2,0,1,0,0,2",
        "fd": "-104",
        "dk": "+100/-130",
        "kambi": "100/-129",
        "lowest": "100 DK",
        "implied": 50.0,
        "overOdds": "+100",
        "underOdds": "-130",
        "overUnder": "+100 / -130"
    },
    {
        "player": "Vincent Trocheck",
        "team": "NYR",
        "opponent": "CHI",
        "propType": "pts",
        "line": 0.5,
        "ppLine": "PP1",
        "avg": 0.92,
        "hit": false,
        "diffAvg": 0.84,
        "diffAbs": 0.4,
        "lastAvg": 0.72,
        "diff": 0.44,
        "avgMin": 20,
        "proj": 0.7,
        "lastAvgMin": 19.3,
        "oppOver": 0,
        "teamOver": 0,
        "gameLine": "-470",
        "+/-": "+2",
        "L5_+/-": "+1.0",
        "prevMatchup": "",
        "winLossSplits": "64% - 27%",
        "awayHome": "H",
        "playedYesterday": "N",
        "awayHomeSplits": "53% - 53%",
        "savesAboveExp": -0.91,
        "gsaa": 0.7,
        "corsi": "49.3% (59.3) // 50.6% (60.7) // 43.5% (49.2) // 42.4% (49.0)",
        "fenwick": "50.1% (44.1) // 50.5% (44.7) // 46.8% (40.0) // 45.1% (38.7)",
        "shots": "50.7% (30.4) // 52.3% (32.0) // 48.7% (28.8) // 47.2% (28.0)",
        "scoring": "50.4% (28.9) // 51.9% (29.8) // 45.5% (24.0) // 41.9% (22.3)",
        "corsiAgainst": "50.7% (61.1) // 49.4% (59.4) // 56.5% (64.0) // 57.6% (66.7)",
        "fenwickAgainst": "49.9% (43.9) // 49.5% (43.9) // 53.2% (45.5) // 54.9% (47.0)",
        "shotsAgainst": "49.3% (29.5) // 47.7% (29.2) // 51.3% (30.2) // 52.8% (31.3)",
        "scoringAgainst": "49.6% (28.5) // 48.1% (27.6) // 54.5% (28.8) // 58.1% (31.0)",
        "oppCorsi": "44.4% (51.6) // 41.4% (47.7) // 40.4% (50.0) // 42.0% (52.3)",
        "oppFenwick": "44.3% (37.1) // 42.0% (35.1) // 40.3% (35.9) // 42.0% (37.3)",
        "oppShots": "44.3% (26.2) // 40.7% (23.2) // 39.8% (24.0) // 39.8% (24.0)",
        "oppScoring": "43.1% (24.7) // 38.1% (20.4) // 37.5% (21.9) // 37.7% (22.4)",
        "oppCorsiAgainst": "55.6% (64.6) // 58.6% (67.7) // 59.6% (73.8) // 58.0% (72.1)",
        "oppFenwickAgainst": "55.7% (46.6) // 58.0% (48.5) // 59.7% (53.2) // 58.0% (51.6)",
        "oppShotsAgainst": "55.7% (33.0) // 59.3% (33.8) // 60.2% (36.4) // 60.2% (36.4)",
        "oppScoringAgainst": "56.9% (32.7) // 61.9% (33.0) // 62.5% (36.4) // 62.3% (37.0)",
        "totalOver": 53,
        "totalOverLast5": 40,
        "totalOverLast15": 40,
        "lastTotalOver": 46,
        "last5": "0,4,0,1,0,0,1,2,0,0",
        "fd": "0",
        "dk": "-215/+165",
        "kambi": "-240/180",
        "lowest": "-215 DK",
        "implied": 68.25396825396825,
        "overOdds": "-215",
        "underOdds": "+165",
        "overUnder": "-215 / +165"
    },
    {
        "player": "Brad Marchand",
        "team": "BOS",
        "opponent": "PIT",
        "propType": "pts",
        "line": 0.5,
        "ppLine": "PP1",
        "avg": 0.92,
        "hit": false,
        "diffAvg": 0.84,
        "diffAbs": 0.8,
        "lastAvg": 0.84,
        "diff": 0.68,
        "avgMin": 19,
        "proj": 0.9,
        "lastAvgMin": 18.52,
        "oppOver": 0,
        "teamOver": 0,
        "gameLine": "-148",
        "+/-": 0,
        "L5_+/-": 0.0,
        "prevMatchup": "",
        "winLossSplits": "83% - 38%",
        "awayHome": "H",
        "playedYesterday": "N",
        "awayHomeSplits": "60% - 75%",
        "savesAboveExp": -1.293,
        "gsaa": 7.71,
        "corsi": "48.2% (57.7) // 46.0% (52.7) // 45.0% (48.0) // 46.4% (49.0)",
        "fenwick": "48.3% (42.3) // 45.7% (38.4) // 45.4% (34.8) // 46.0% (34.7)",
        "shots": "48.8% (30.1) // 46.2% (27.0) // 48.0% (26.8) // 47.7% (27.3)",
        "scoring": "49.9% (29.2) // 44.7% (24.6) // 49.0% (24.0) // 48.0% (24.0)",
        "corsiAgainst": "51.8% (62.1) // 54.0% (61.9) // 55.0% (58.8) // 53.6% (56.7)",
        "fenwickAgainst": "51.7% (45.3) // 54.3% (45.6) // 54.6% (41.8) // 54.0% (40.7)",
        "shotsAgainst": "51.2% (31.6) // 53.8% (31.4) // 52.0% (29.0) // 52.3% (30.0)",
        "scoringAgainst": "50.1% (29.3) // 55.3% (30.4) // 51.0% (25.0) // 52.0% (26.0)",
        "oppCorsi": "52.5% (65.7) // 53.8% (68.3) // 56.8% (73.8) // 56.3% (75.7)",
        "oppFenwick": "51.5% (46.9) // 53.1% (47.5) // 55.8% (50.5) // 55.2% (51.7)",
        "oppShots": "52.2% (32.5) // 54.1% (32.9) // 55.3% (33.8) // 54.2% (34.3)",
        "oppScoring": "52.5% (32.0) // 53.1% (33.2) // 56.6% (36.5) // 54.5% (34.3)",
        "oppCorsiAgainst": "47.5% (59.3) // 46.2% (58.8) // 43.2% (56.0) // 43.7% (58.7)",
        "oppFenwickAgainst": "48.5% (44.2) // 46.9% (41.9) // 44.2% (40.0) // 44.8% (42.0)",
        "oppShotsAgainst": "47.8% (29.8) // 45.9% (27.9) // 44.7% (27.2) // 45.8% (29.0)",
        "oppScoringAgainst": "47.5% (28.9) // 46.9% (29.4) // 43.4% (28.0) // 45.5% (28.7)",
        "totalOver": 67,
        "totalOverLast5": 80,
        "totalOverLast15": 67,
        "lastTotalOver": 66,
        "last5": "0,1,2,2,1,0,1,0,1,0",
        "fd": "-265",
        "dk": "-230/+175",
        "kambi": "-245/180",
        "lowest": "-230 DK",
        "implied": 69.6969696969697,
        "overOdds": "-230",
        "underOdds": "+175",
        "overUnder": "-230 / +175"
    },
    {
        "player": "Bryan Rust",
        "team": "PIT",
        "opponent": "BOS",
        "propType": "pts",
        "line": 0.5,
        "ppLine": "PP2",
        "avg": 0.87,
        "hit": false,
        "diffAvg": 0.74,
        "diffAbs": 0.2,
        "lastAvg": 0.57,
        "diff": 0.14,
        "avgMin": 18,
        "proj": 0.6,
        "lastAvgMin": 17.88,
        "oppOver": 0,
        "teamOver": 0,
        "gameLine": "+124",
        "+/-": "+12",
        "L5_+/-": "+4.0",
        "prevMatchup": "",
        "winLossSplits": "50% - 69%",
        "awayHome": "A",
        "playedYesterday": "N",
        "awayHomeSplits": "58% - 64%",
        "savesAboveExp": 0.892,
        "gsaa": 8.09,
        "corsi": "52.5% (65.7) // 53.8% (68.3) // 56.8% (73.8) // 56.3% (75.7)",
        "fenwick": "51.5% (46.9) // 53.1% (47.5) // 55.8% (50.5) // 55.2% (51.7)",
        "shots": "52.2% (32.5) // 54.1% (32.9) // 55.3% (33.8) // 54.2% (34.3)",
        "scoring": "52.5% (32.0) // 53.1% (33.2) // 56.6% (36.5) // 54.5% (34.3)",
        "corsiAgainst": "47.5% (59.3) // 46.2% (58.8) // 43.2% (56.0) // 43.7% (58.7)",
        "fenwickAgainst": "48.5% (44.2) // 46.9% (41.9) // 44.2% (40.0) // 44.8% (42.0)",
        "shotsAgainst": "47.8% (29.8) // 45.9% (27.9) // 44.7% (27.2) // 45.8% (29.0)",
        "scoringAgainst": "47.5% (28.9) // 46.9% (29.4) // 43.4% (28.0) // 45.5% (28.7)",
        "oppCorsi": "48.2% (57.7) // 46.0% (52.7) // 45.0% (48.0) // 46.4% (49.0)",
        "oppFenwick": "48.3% (42.3) // 45.7% (38.4) // 45.4% (34.8) // 46.0% (34.7)",
        "oppShots": "48.8% (30.1) // 46.2% (27.0) // 48.0% (26.8) // 47.7% (27.3)",
        "oppScoring": "49.9% (29.2) // 44.7% (24.6) // 49.0% (24.0) // 48.0% (24.0)",
        "oppCorsiAgainst": "51.8% (62.1) // 54.0% (61.9) // 55.0% (58.8) // 53.6% (56.7)",
        "oppFenwickAgainst": "51.7% (45.3) // 54.3% (45.6) // 54.6% (41.8) // 54.0% (40.7)",
        "oppShotsAgainst": "51.2% (31.6) // 53.8% (31.4) // 52.0% (29.0) // 52.3% (30.0)",
        "oppScoringAgainst": "50.1% (29.3) // 55.3% (30.4) // 51.0% (25.0) // 52.0% (26.0)",
        "totalOver": 61,
        "totalOverLast5": 40,
        "totalOverLast15": 53,
        "lastTotalOver": 37,
        "last5": "0,0,1,2,0,1,0,1,2,1",
        "fd": "+104",
        "dk": "+105/-135",
        "kambi": "100/-129",
        "lowest": "105 DK",
        "implied": 48.78048780487805,
        "overOdds": "+105",
        "underOdds": "-135",
        "overUnder": "+105 / -135"
    },
    {
        "player": "Charlie Coyle",
        "team": "BOS",
        "opponent": "PIT",
        "propType": "pts",
        "line": 0.5,
        "ppLine": "PP2",
        "avg": 0.72,
        "hit": false,
        "diffAvg": 0.44,
        "diffAbs": 0.0,
        "lastAvg": 0.51,
        "diff": 0.02,
        "avgMin": 17,
        "proj": 0.5,
        "lastAvgMin": 16.98,
        "oppOver": 0,
        "teamOver": 0,
        "gameLine": "-148",
        "+/-": "+3",
        "L5_+/-": -1.0,
        "prevMatchup": "",
        "winLossSplits": "61% - 38%",
        "awayHome": "H",
        "playedYesterday": "N",
        "awayHomeSplits": "50% - 56%",
        "savesAboveExp": -1.293,
        "gsaa": 7.71,
        "corsi": "48.2% (57.7) // 46.0% (52.7) // 45.0% (48.0) // 46.4% (49.0)",
        "fenwick": "48.3% (42.3) // 45.7% (38.4) // 45.4% (34.8) // 46.0% (34.7)",
        "shots": "48.8% (30.1) // 46.2% (27.0) // 48.0% (26.8) // 47.7% (27.3)",
        "scoring": "49.9% (29.2) // 44.7% (24.6) // 49.0% (24.0) // 48.0% (24.0)",
        "corsiAgainst": "51.8% (62.1) // 54.0% (61.9) // 55.0% (58.8) // 53.6% (56.7)",
        "fenwickAgainst": "51.7% (45.3) // 54.3% (45.6) // 54.6% (41.8) // 54.0% (40.7)",
        "shotsAgainst": "51.2% (31.6) // 53.8% (31.4) // 52.0% (29.0) // 52.3% (30.0)",
        "scoringAgainst": "50.1% (29.3) // 55.3% (30.4) // 51.0% (25.0) // 52.0% (26.0)",
        "oppCorsi": "52.5% (65.7) // 53.8% (68.3) // 56.8% (73.8) // 56.3% (75.7)",
        "oppFenwick": "51.5% (46.9) // 53.1% (47.5) // 55.8% (50.5) // 55.2% (51.7)",
        "oppShots": "52.2% (32.5) // 54.1% (32.9) // 55.3% (33.8) // 54.2% (34.3)",
        "oppScoring": "52.5% (32.0) // 53.1% (33.2) // 56.6% (36.5) // 54.5% (34.3)",
        "oppCorsiAgainst": "47.5% (59.3) // 46.2% (58.8) // 43.2% (56.0) // 43.7% (58.7)",
        "oppFenwickAgainst": "48.5% (44.2) // 46.9% (41.9) // 44.2% (40.0) // 44.8% (42.0)",
        "oppShotsAgainst": "47.8% (29.8) // 45.9% (27.9) // 44.7% (27.2) // 45.8% (29.0)",
        "oppScoringAgainst": "47.5% (28.9) // 46.9% (29.4) // 43.4% (28.0) // 45.5% (28.7)",
        "totalOver": 53,
        "totalOverLast5": 80,
        "totalOverLast15": 40,
        "lastTotalOver": 42,
        "last5": "1,1,2,2,0,0,0,0,0,0",
        "fd": "-106",
        "dk": "-105/-125",
        "kambi": "-120/-109",
        "lowest": "-105 DK",
        "implied": 51.21951219512195,
        "overOdds": "-105",
        "underOdds": "-125",
        "overUnder": "-105 / -125"
    },
    {
        "player": "Charlie Mcavoy",
        "team": "BOS",
        "opponent": "PIT",
        "propType": "pts",
        "line": 0.5,
        "ppLine": "PP1",
        "avg": 0.86,
        "hit": false,
        "diffAvg": 0.72,
        "diffAbs": 0.6,
        "lastAvg": 0.7,
        "diff": 0.4,
        "avgMin": 24,
        "proj": 0.8,
        "lastAvgMin": 22.3,
        "oppOver": 0,
        "teamOver": 0,
        "gameLine": "-148",
        "+/-": -4,
        "L5_+/-": -3.0,
        "prevMatchup": "",
        "winLossSplits": "67% - 50%",
        "awayHome": "H",
        "playedYesterday": "N",
        "awayHomeSplits": "50% - 75%",
        "savesAboveExp": -1.293,
        "gsaa": 7.71,
        "corsi": "48.2% (57.7) // 46.0% (52.7) // 45.0% (48.0) // 46.4% (49.0)",
        "fenwick": "48.3% (42.3) // 45.7% (38.4) // 45.4% (34.8) // 46.0% (34.7)",
        "shots": "48.8% (30.1) // 46.2% (27.0) // 48.0% (26.8) // 47.7% (27.3)",
        "scoring": "49.9% (29.2) // 44.7% (24.6) // 49.0% (24.0) // 48.0% (24.0)",
        "corsiAgainst": "51.8% (62.1) // 54.0% (61.9) // 55.0% (58.8) // 53.6% (56.7)",
        "fenwickAgainst": "51.7% (45.3) // 54.3% (45.6) // 54.6% (41.8) // 54.0% (40.7)",
        "shotsAgainst": "51.2% (31.6) // 53.8% (31.4) // 52.0% (29.0) // 52.3% (30.0)",
        "scoringAgainst": "50.1% (29.3) // 55.3% (30.4) // 51.0% (25.0) // 52.0% (26.0)",
        "oppCorsi": "52.5% (65.7) // 53.8% (68.3) // 56.8% (73.8) // 56.3% (75.7)",
        "oppFenwick": "51.5% (46.9) // 53.1% (47.5) // 55.8% (50.5) // 55.2% (51.7)",
        "oppShots": "52.2% (32.5) // 54.1% (32.9) // 55.3% (33.8) // 54.2% (34.3)",
        "oppScoring": "52.5% (32.0) // 53.1% (33.2) // 56.6% (36.5) // 54.5% (34.3)",
        "oppCorsiAgainst": "47.5% (59.3) // 46.2% (58.8) // 43.2% (56.0) // 43.7% (58.7)",
        "oppFenwickAgainst": "48.5% (44.2) // 46.9% (41.9) // 44.2% (40.0) // 44.8% (42.0)",
        "oppShotsAgainst": "47.8% (29.8) // 45.9% (27.9) // 44.7% (27.2) // 45.8% (29.0)",
        "oppScoringAgainst": "47.5% (28.9) // 46.9% (29.4) // 43.4% (28.0) // 45.5% (28.7)",
        "totalOver": 61,
        "totalOverLast5": 80,
        "totalOverLast15": 47,
        "lastTotalOver": 54,
        "last5": "0,3,1,1,1,0,0,0,2,0",
        "fd": "-156",
        "dk": "-140/+110",
        "kambi": "-159/123",
        "lowest": "-140 DK",
        "implied": 58.333333333333336,
        "overOdds": "-140",
        "underOdds": "+110",
        "overUnder": "-140 / +110"
    },
    {
        "player": "David Pastrnak",
        "team": "BOS",
        "opponent": "PIT",
        "propType": "pts",
        "line": 1.5,
        "ppLine": "PP1",
        "avg": 1.39,
        "hit": false,
        "diffAvg": -0.07,
        "diffAbs": 0.2,
        "lastAvg": 1.24,
        "diff": -0.17,
        "avgMin": 19,
        "proj": 1.2,
        "lastAvgMin": 19.55,
        "oppOver": 0,
        "teamOver": 0,
        "gameLine": "-148",
        "+/-": "+7",
        "L5_+/-": -1.0,
        "prevMatchup": "",
        "winLossSplits": "57% - 31%",
        "awayHome": "H",
        "playedYesterday": "N",
        "awayHomeSplits": "35% - 62%",
        "savesAboveExp": -1.293,
        "gsaa": 7.71,
        "corsi": "48.2% (57.7) // 46.0% (52.7) // 45.0% (48.0) // 46.4% (49.0)",
        "fenwick": "48.3% (42.3) // 45.7% (38.4) // 45.4% (34.8) // 46.0% (34.7)",
        "shots": "48.8% (30.1) // 46.2% (27.0) // 48.0% (26.8) // 47.7% (27.3)",
        "scoring": "49.9% (29.2) // 44.7% (24.6) // 49.0% (24.0) // 48.0% (24.0)",
        "corsiAgainst": "51.8% (62.1) // 54.0% (61.9) // 55.0% (58.8) // 53.6% (56.7)",
        "fenwickAgainst": "51.7% (45.3) // 54.3% (45.6) // 54.6% (41.8) // 54.0% (40.7)",
        "shotsAgainst": "51.2% (31.6) // 53.8% (31.4) // 52.0% (29.0) // 52.3% (30.0)",
        "scoringAgainst": "50.1% (29.3) // 55.3% (30.4) // 51.0% (25.0) // 52.0% (26.0)",
        "oppCorsi": "52.5% (65.7) // 53.8% (68.3) // 56.8% (73.8) // 56.3% (75.7)",
        "oppFenwick": "51.5% (46.9) // 53.1% (47.5) // 55.8% (50.5) // 55.2% (51.7)",
        "oppShots": "52.2% (32.5) // 54.1% (32.9) // 55.3% (33.8) // 54.2% (34.3)",
        "oppScoring": "52.5% (32.0) // 53.1% (33.2) // 56.6% (36.5) // 54.5% (34.3)",
        "oppCorsiAgainst": "47.5% (59.3) // 46.2% (58.8) // 43.2% (56.0) // 43.7% (58.7)",
        "oppFenwickAgainst": "48.5% (44.2) // 46.9% (41.9) // 44.2% (40.0) // 44.8% (42.0)",
        "oppShotsAgainst": "47.8% (29.8) // 45.9% (27.9) // 44.7% (27.2) // 45.8% (29.0)",
        "oppScoringAgainst": "47.5% (28.9) // 46.9% (29.4) // 43.4% (28.0) // 45.5% (28.7)",
        "totalOver": 47,
        "totalOverLast5": 40,
        "totalOverLast15": 40,
        "lastTotalOver": 41,
        "last5": "0,2,3,1,1,0,2,0,2,0",
        "fd": "+112",
        "dk": "+100/-130",
        "kambi": "-105/-124",
        "lowest": "112 FD",
        "implied": 47.16981132075472,
        "overOdds": "+100",
        "underOdds": "-130",
        "overUnder": "+100 / -130"
    },
    {
        "player": "Erik Karlsson",
