[
    {
        "player": "Connor Bedard",
        "team": "CHI",
        "opponent": "NJ",
        "propType": "pts",
        "line": 0.5,
        "ppLine": "PP1",
        "avg": 0.87,
        "hit": false,
        "diffAvg": 0.74,
        "diffAbs": 1.0,
        "lastAvg": 0,
        "diff": 0,
        "avgMin": 19,
        "proj": 0.0,
        "lastAvgMin": 0,
        "oppOver": 0,
        "teamOver": 0,
        "gameLine": "+340",
        "+/-": -22,
        "L5_+/-": -8.0,
        "prevMatchup": "2023-11-05 0.0 pts",
        "winLossSplits": "73% - 63%",
        "awayHome": "A",
        "playedYesterday": "Y",
        "awayHomeSplits": "71% - 59%",
        "savesAboveExp": 0.109,
        "gsaa": -12.36,
        "corsi": "44.3% (51.5) // 41.7% (48.2) // 40.5% (49.2) // 40.9% (48.3)",
        "fenwick": "44.1% (36.9) // 41.7% (35.1) // 39.7% (34.8) // 38.7% (32.7)",
        "shots": "44.2% (26.1) // 40.4% (23.1) // 39.9% (23.6) // 38.1% (22.3)",
        "scoring": "43.0% (24.7) // 38.9% (20.6) // 38.0% (21.9) // 39.4% (23.0)",
        "corsiAgainst": "55.7% (64.6) // 58.3% (67.5) // 59.5% (72.3) // 59.1% (70.0)",
        "fenwickAgainst": "55.9% (46.7) // 58.3% (49.0) // 60.3% (52.7) // 61.3% (51.7)",
        "shotsAgainst": "55.8% (32.9) // 59.6% (34.1) // 60.1% (35.6) // 61.9% (36.3)",
        "scoringAgainst": "57.0% (32.7) // 61.1% (32.3) // 62.0% (35.8) // 60.6% (35.3)",
        "oppCorsi": "54.5% (64.2) // 53.1% (61.1) // 53.4% (62.2) // 53.7% (58.5)",
        "oppFenwick": "52.5% (44.6) // 51.7% (42.6) // 52.1% (42.6) // 51.2% (41.5)",
        "oppShots": "52.2% (31.4) // 52.5% (30.4) // 52.7% (31.2) // 51.7% (30.5)",
        "oppScoring": "55.0% (31.2) // 54.2% (28.6) // 53.8% (28.2) // 51.0% (24.5)",
        "oppCorsiAgainst": "45.5% (53.6) // 46.9% (53.9) // 46.6% (54.3) // 46.3% (50.5)",
        "oppFenwickAgainst": "47.5% (40.4) // 48.3% (39.7) // 47.9% (39.1) // 48.8% (39.5)",
        "oppShotsAgainst": "47.8% (28.8) // 47.5% (27.5) // 47.3% (28.0) // 48.3% (28.5)",
        "oppScoringAgainst": "45.0% (25.5) // 45.8% (24.2) // 46.2% (24.3) // 49.0% (23.5)",
        "totalOver": 66,
        "totalOverLast5": 40,
        "totalOverLast15": 60,
        "lastTotalOver": 0,
        "last5": "0,0,1,0,2,1,1,2,2,0",
        "fd": "-156",
        "dk": "-150/+120",
        "kambi": "-155/118",
        "lowest": "-150 DK",
        "implied": 60.0,
        "overOdds": "-150",
        "underOdds": "+120",
        "overUnder": "-150 / +120"
    },
    {
        "player": "Dawson Mercer",
        "team": "NJ",
        "opponent": "CHI",
        "propType": "pts",
        "line": 0.5,
        "ppLine": "PP2",
        "avg": 0.56,
        "hit": false,
        "diffAvg": 0.12,
        "diffAbs": 0.2,
        "lastAvg": 0.6,
        "diff": 0.2,
        "avgMin": 17,
        "proj": 0.6,
        "lastAvgMin": 16.55,
        "oppOver": 0,
        "teamOver": 0,
        "gameLine": "-440",
        "+/-": -3,
        "L5_+/-": "+5.0",
        "prevMatchup": "2023-11-05 1.0 pts",
        "winLossSplits": "50% - 25%",
        "awayHome": "H",
        "playedYesterday": "N",
        "awayHomeSplits": "39% - 39%",
        "savesAboveExp": -0.269,
        "gsaa": -14.19,
        "corsi": "54.5% (64.2) // 53.1% (61.1) // 53.4% (62.2) // 53.7% (58.5)",
        "fenwick": "52.5% (44.6) // 51.7% (42.6) // 52.1% (42.6) // 51.2% (41.5)",
        "shots": "52.2% (31.4) // 52.5% (30.4) // 52.7% (31.2) // 51.7% (30.5)",
        "scoring": "55.0% (31.2) // 54.2% (28.6) // 53.8% (28.2) // 51.0% (24.5)",
        "corsiAgainst": "45.5% (53.6) // 46.9% (53.9) // 46.6% (54.3) // 46.3% (50.5)",
        "fenwickAgainst": "47.5% (40.4) // 48.3% (39.7) // 47.9% (39.1) // 48.8% (39.5)",
        "shotsAgainst": "47.8% (28.8) // 47.5% (27.5) // 47.3% (28.0) // 48.3% (28.5)",
        "scoringAgainst": "45.0% (25.5) // 45.8% (24.2) // 46.2% (24.3) // 49.0% (23.5)",
        "oppCorsi": "44.3% (51.5) // 41.7% (48.2) // 40.5% (49.2) // 40.9% (48.3)",
        "oppFenwick": "44.1% (36.9) // 41.7% (35.1) // 39.7% (34.8) // 38.7% (32.7)",
        "oppShots": "44.2% (26.1) // 40.4% (23.1) // 39.9% (23.6) // 38.1% (22.3)",
        "oppScoring": "43.0% (24.7) // 38.9% (20.6) // 38.0% (21.9) // 39.4% (23.0)",
        "oppCorsiAgainst": "55.7% (64.6) // 58.3% (67.5) // 59.5% (72.3) // 59.1% (70.0)",
        "oppFenwickAgainst": "55.9% (46.7) // 58.3% (49.0) // 60.3% (52.7) // 61.3% (51.7)",
        "oppShotsAgainst": "55.8% (32.9) // 59.6% (34.1) // 60.1% (35.6) // 61.9% (36.3)",
        "oppScoringAgainst": "57.0% (32.7) // 61.1% (32.3) // 62.0% (35.8) // 60.6% (35.3)",
        "totalOver": 39,
        "totalOverLast5": 60,
        "totalOverLast15": 40,
        "lastTotalOver": 44,
        "last5": "2,0,1,3,0,2,0,0,1,1",
        "fd": "-170",
        "dk": "-125/-105",
        "kambi": "-137/106",
        "lowest": "-125 DK",
        "implied": 55.55555555555556,
        "overOdds": "-125",
        "underOdds": "-105",
        "overUnder": "-125 / -105"
    },
    {
        "player": "Erik Haula",
        "team": "NJ",
        "opponent": "CHI",
        "propType": "pts",
        "line": 0.5,
        "ppLine": "PP2",
        "avg": 0.58,
        "hit": false,
        "diffAvg": 0.16,
        "diffAbs": 0.2,
        "lastAvg": 0.45,
        "diff": -0.1,
        "avgMin": 15,
        "proj": 0.4,
        "lastAvgMin": 16.62,
        "oppOver": 0,
        "teamOver": 0,
        "gameLine": "-440",
        "+/-": -2,
        "L5_+/-": -2.0,
        "prevMatchup": "2023-11-05 1.0 pts",
        "winLossSplits": "65% - 21%",
        "awayHome": "H",
        "playedYesterday": "N",
        "awayHomeSplits": "40% - 50%",
        "savesAboveExp": -0.269,
        "gsaa": -14.19,
        "corsi": "54.5% (64.2) // 53.1% (61.1) // 53.4% (62.2) // 53.7% (58.5)",
        "fenwick": "52.5% (44.6) // 51.7% (42.6) // 52.1% (42.6) // 51.2% (41.5)",
        "shots": "52.2% (31.4) // 52.5% (30.4) // 52.7% (31.2) // 51.7% (30.5)",
        "scoring": "55.0% (31.2) // 54.2% (28.6) // 53.8% (28.2) // 51.0% (24.5)",
        "corsiAgainst": "45.5% (53.6) // 46.9% (53.9) // 46.6% (54.3) // 46.3% (50.5)",
        "fenwickAgainst": "47.5% (40.4) // 48.3% (39.7) // 47.9% (39.1) // 48.8% (39.5)",
        "shotsAgainst": "47.8% (28.8) // 47.5% (27.5) // 47.3% (28.0) // 48.3% (28.5)",
        "scoringAgainst": "45.0% (25.5) // 45.8% (24.2) // 46.2% (24.3) // 49.0% (23.5)",
        "oppCorsi": "44.3% (51.5) // 41.7% (48.2) // 40.5% (49.2) // 40.9% (48.3)",
        "oppFenwick": "44.1% (36.9) // 41.7% (35.1) // 39.7% (34.8) // 38.7% (32.7)",
        "oppShots": "44.2% (26.1) // 40.4% (23.1) // 39.9% (23.6) // 38.1% (22.3)",
        "oppScoring": "43.0% (24.7) // 38.9% (20.6) // 38.0% (21.9) // 39.4% (23.0)",
        "oppCorsiAgainst": "55.7% (64.6) // 58.3% (67.5) // 59.5% (72.3) // 59.1% (70.0)",
        "oppFenwickAgainst": "55.9% (46.7) // 58.3% (49.0) // 60.3% (52.7) // 61.3% (51.7)",
        "oppShotsAgainst": "55.8% (32.9) // 59.6% (34.1) // 60.1% (35.6) // 61.9% (36.3)",
        "oppScoringAgainst": "57.0% (32.7) // 61.1% (32.3) // 62.0% (35.8) // 60.6% (35.3)",
        "totalOver": 45,
        "totalOverLast5": 40,
        "totalOverLast15": 40,
        "lastTotalOver": 37,
        "last5": "2,0,0,1,0,0,0,0,1,1",
        "fd": "-136",
        "dk": "-115/-115",
        "kambi": "0",
        "lowest": "-115 DK",
        "implied": 53.48837209302325,
        "overOdds": "-115",
        "underOdds": "-115",
        "overUnder": "-115 / -115"
    },
    {
        "player": "Jack Hughes",
        "team": "NJ",
        "opponent": "CHI",
        "propType": "pts",
        "line": 1.5,
        "ppLine": "PP1",
        "avg": 1.45,
        "hit": false,
        "diffAvg": -0.03,
        "diffAbs": 0.27,
        "lastAvg": 1.09,
        "diff": -0.27,
        "avgMin": 20,
        "proj": 1.1,
        "lastAvgMin": 19.95,
        "oppOver": 0,
        "teamOver": 0,
        "gameLine": "-440",
        "+/-": -4,
        "L5_+/-": -3.0,
        "prevMatchup": "",
        "winLossSplits": "50% - 23%",
        "awayHome": "H",
        "playedYesterday": "N",
        "awayHomeSplits": "50% - 29%",
        "savesAboveExp": -0.269,
        "gsaa": -14.19,
        "corsi": "54.5% (64.2) // 53.1% (61.1) // 53.4% (62.2) // 53.7% (58.5)",
        "fenwick": "52.5% (44.6) // 51.7% (42.6) // 52.1% (42.6) // 51.2% (41.5)",
        "shots": "52.2% (31.4) // 52.5% (30.4) // 52.7% (31.2) // 51.7% (30.5)",
        "scoring": "55.0% (31.2) // 54.2% (28.6) // 53.8% (28.2) // 51.0% (24.5)",
        "corsiAgainst": "45.5% (53.6) // 46.9% (53.9) // 46.6% (54.3) // 46.3% (50.5)",
        "fenwickAgainst": "47.5% (40.4) // 48.3% (39.7) // 47.9% (39.1) // 48.8% (39.5)",
        "shotsAgainst": "47.8% (28.8) // 47.5% (27.5) // 47.3% (28.0) // 48.3% (28.5)",
        "scoringAgainst": "45.0% (25.5) // 45.8% (24.2) // 46.2% (24.3) // 49.0% (23.5)",
        "oppCorsi": "44.3% (51.5) // 41.7% (48.2) // 40.5% (49.2) // 40.9% (48.3)",
        "oppFenwick": "44.1% (36.9) // 41.7% (35.1) // 39.7% (34.8) // 38.7% (32.7)",
        "oppShots": "44.2% (26.1) // 40.4% (23.1) // 39.9% (23.6) // 38.1% (22.3)",
        "oppScoring": "43.0% (24.7) // 38.9% (20.6) // 38.0% (21.9) // 39.4% (23.0)",
        "oppCorsiAgainst": "55.7% (64.6) // 58.3% (67.5) // 59.5% (72.3) // 59.1% (70.0)",
        "oppFenwickAgainst": "55.9% (46.7) // 58.3% (49.0) // 60.3% (52.7) // 61.3% (51.7)",
        "oppShotsAgainst": "55.8% (32.9) // 59.6% (34.1) // 60.1% (35.6) // 61.9% (36.3)",
        "oppScoringAgainst": "57.0% (32.7) // 61.1% (32.3) // 62.0% (35.8) // 60.6% (35.3)",
        "totalOver": 39,
        "totalOverLast5": 20,
        "totalOverLast15": 20,
        "lastTotalOver": 35,
        "last5": "1,1,3,1,1,0,1,0,3,1",
        "fd": "-146",
        "dk": "-130/+100",
        "kambi": "-129/100",
        "lowest": "-129 BR",
        "implied": 56.33187772925764,
        "overOdds": "-130",
        "underOdds": "+100",
        "overUnder": "-130 / +100"
    },
    {
        "player": "Jason Dickinson",
        "team": "CHI",
        "opponent": "NJ",
        "propType": "pts",
        "line": 0.5,
        "ppLine": "PP2",
        "avg": 0.47,
        "hit": false,
        "diffAvg": -0.06,
        "diffAbs": 0.2,
        "lastAvg": 0.38,
        "diff": -0.24,
        "avgMin": 15,
        "proj": 0.4,
        "lastAvgMin": 15.93,
        "oppOver": 0,
        "teamOver": 0,
        "gameLine": "+340",
        "+/-": "+8",
        "L5_+/-": "+3.0",
        "prevMatchup": "2023-11-05 1.0 pts",
        "winLossSplits": "45% - 33%",
        "awayHome": "A",
        "playedYesterday": "Y",
        "awayHomeSplits": "29% - 47%",
        "savesAboveExp": 0.109,
        "gsaa": -12.36,
        "corsi": "44.3% (51.5) // 41.7% (48.2) // 40.5% (49.2) // 40.9% (48.3)",
        "fenwick": "44.1% (36.9) // 41.7% (35.1) // 39.7% (34.8) // 38.7% (32.7)",
        "shots": "44.2% (26.1) // 40.4% (23.1) // 39.9% (23.6) // 38.1% (22.3)",
        "scoring": "43.0% (24.7) // 38.9% (20.6) // 38.0% (21.9) // 39.4% (23.0)",
        "corsiAgainst": "55.7% (64.6) // 58.3% (67.5) // 59.5% (72.3) // 59.1% (70.0)",
        "fenwickAgainst": "55.9% (46.7) // 58.3% (49.0) // 60.3% (52.7) // 61.3% (51.7)",
        "shotsAgainst": "55.8% (32.9) // 59.6% (34.1) // 60.1% (35.6) // 61.9% (36.3)",
        "scoringAgainst": "57.0% (32.7) // 61.1% (32.3) // 62.0% (35.8) // 60.6% (35.3)",
        "oppCorsi": "54.5% (64.2) // 53.1% (61.1) // 53.4% (62.2) // 53.7% (58.5)",
        "oppFenwick": "52.5% (44.6) // 51.7% (42.6) // 52.1% (42.6) // 51.2% (41.5)",
        "oppShots": "52.2% (31.4) // 52.5% (30.4) // 52.7% (31.2) // 51.7% (30.5)",
        "oppScoring": "55.0% (31.2) // 54.2% (28.6) // 53.8% (28.2) // 51.0% (24.5)",
        "oppCorsiAgainst": "45.5% (53.6) // 46.9% (53.9) // 46.6% (54.3) // 46.3% (50.5)",
        "oppFenwickAgainst": "47.5% (40.4) // 48.3% (39.7) // 47.9% (39.1) // 48.8% (39.5)",
        "oppShotsAgainst": "47.8% (28.8) // 47.5% (27.5) // 47.3% (28.0) // 48.3% (28.5)",
        "oppScoringAgainst": "45.0% (25.5) // 45.8% (24.2) // 46.2% (24.3) // 49.0% (23.5)",
        "totalOver": 37,
        "totalOverLast5": 20,
        "totalOverLast15": 27,
        "lastTotalOver": 33,
        "last5": "0,0,0,2,0,1,1,0,0,0",
        "fd": "+126",
        "dk": "+124/-160",
        "kambi": "138/-182",
        "lowest": "138 BR",
        "implied": 42.016806722689076,
        "overOdds": "+124",
        "underOdds": "-160",
        "overUnder": "+124 / -160"
    },
    {
        "player": "Jesper Bratt",
        "team": "NJ",
        "opponent": "CHI",
        "propType": "pts",
        "line": 1.5,
        "ppLine": "PP1",
        "avg": 1.19,
        "hit": false,
        "diffAvg": -0.21,
        "diffAbs": 0.47,
        "lastAvg": 0.78,
        "diff": -0.48,
        "avgMin": 18,
        "proj": 0.8,
        "lastAvgMin": 17.37,
        "oppOver": 0,
        "teamOver": 0,
        "gameLine": "-440",
        "+/-": -2,
        "L5_+/-": 0.0,
        "prevMatchup": "2023-11-05 0.0 pts",
        "winLossSplits": "45% - 12%",
        "awayHome": "H",
        "playedYesterday": "N",
        "awayHomeSplits": "39% - 22%",
        "savesAboveExp": -0.269,
        "gsaa": -14.19,
        "corsi": "54.5% (64.2) // 53.1% (61.1) // 53.4% (62.2) // 53.7% (58.5)",
        "fenwick": "52.5% (44.6) // 51.7% (42.6) // 52.1% (42.6) // 51.2% (41.5)",
        "shots": "52.2% (31.4) // 52.5% (30.4) // 52.7% (31.2) // 51.7% (30.5)",
        "scoring": "55.0% (31.2) // 54.2% (28.6) // 53.8% (28.2) // 51.0% (24.5)",
        "corsiAgainst": "45.5% (53.6) // 46.9% (53.9) // 46.6% (54.3) // 46.3% (50.5)",
        "fenwickAgainst": "47.5% (40.4) // 48.3% (39.7) // 47.9% (39.1) // 48.8% (39.5)",
        "shotsAgainst": "47.8% (28.8) // 47.5% (27.5) // 47.3% (28.0) // 48.3% (28.5)",
        "scoringAgainst": "45.0% (25.5) // 45.8% (24.2) // 46.2% (24.3) // 49.0% (23.5)",
        "oppCorsi": "44.3% (51.5) // 41.7% (48.2) // 40.5% (49.2) // 40.9% (48.3)",
        "oppFenwick": "44.1% (36.9) // 41.7% (35.1) // 39.7% (34.8) // 38.7% (32.7)",
        "oppShots": "44.2% (26.1) // 40.4% (23.1) // 39.9% (23.6) // 38.1% (22.3)",
        "oppScoring": "43.0% (24.7) // 38.9% (20.6) // 38.0% (21.9) // 39.4% (23.0)",
        "oppCorsiAgainst": "55.7% (64.6) // 58.3% (67.5) // 59.5% (72.3) // 59.1% (70.0)",
        "oppFenwickAgainst": "55.9% (46.7) // 58.3% (49.0) // 60.3% (52.7) // 61.3% (51.7)",
        "oppShotsAgainst": "55.8% (32.9) // 59.6% (34.1) // 60.1% (35.6) // 61.9% (36.3)",
        "oppScoringAgainst": "57.0% (32.7) // 61.1% (32.3) // 62.0% (35.8) // 60.6% (35.3)",
        "totalOver": 31,
        "totalOverLast5": 20,
        "totalOverLast15": 27,
        "lastTotalOver": 20,
        "last5": "0,1,4,0,1,0,1,0,3,1",
        "fd": "+138",
        "dk": "+140/-180",
        "kambi": "128/-167",
        "lowest": "140 DK",
        "implied": 41.66666666666667,
        "overOdds": "+140",
        "underOdds": "-180",
        "overUnder": "+140 / -180"
    },
    {
        "player": "Luke Hughes",
        "team": "NJ",
        "opponent": "CHI",
        "propType": "pts",
        "line": 0.5,
        "ppLine": "PP1",
        "avg": 0.61,
        "hit": false,
        "diffAvg": 0.22,
        "diffAbs": 1.0,
        "lastAvg": 0,
        "diff": 0,
        "avgMin": 19,
        "proj": 0.0,
        "lastAvgMin": 0,
        "oppOver": 0,
        "teamOver": 0,
        "gameLine": "-440",
        "+/-": -3,
        "L5_+/-": -2.0,
        "prevMatchup": "2023-11-05 0.0 pts",
        "winLossSplits": "65% - 19%",
        "awayHome": "H",
        "playedYesterday": "N",
        "awayHomeSplits": "56% - 33%",
        "savesAboveExp": -0.269,
        "gsaa": -14.19,
        "corsi": "54.5% (64.2) // 53.1% (61.1) // 53.4% (62.2) // 53.7% (58.5)",
        "fenwick": "52.5% (44.6) // 51.7% (42.6) // 52.1% (42.6) // 51.2% (41.5)",
        "shots": "52.2% (31.4) // 52.5% (30.4) // 52.7% (31.2) // 51.7% (30.5)",
        "scoring": "55.0% (31.2) // 54.2% (28.6) // 53.8% (28.2) // 51.0% (24.5)",
        "corsiAgainst": "45.5% (53.6) // 46.9% (53.9) // 46.6% (54.3) // 46.3% (50.5)",
        "fenwickAgainst": "47.5% (40.4) // 48.3% (39.7) // 47.9% (39.1) // 48.8% (39.5)",
        "shotsAgainst": "47.8% (28.8) // 47.5% (27.5) // 47.3% (28.0) // 48.3% (28.5)",
        "scoringAgainst": "45.0% (25.5) // 45.8% (24.2) // 46.2% (24.3) // 49.0% (23.5)",
        "oppCorsi": "44.3% (51.5) // 41.7% (48.2) // 40.5% (49.2) // 40.9% (48.3)",
        "oppFenwick": "44.1% (36.9) // 41.7% (35.1) // 39.7% (34.8) // 38.7% (32.7)",
        "oppShots": "44.2% (26.1) // 40.4% (23.1) // 39.9% (23.6) // 38.1% (22.3)",
        "oppScoring": "43.0% (24.7) // 38.9% (20.6) // 38.0% (21.9) // 39.4% (23.0)",
        "oppCorsiAgainst": "55.7% (64.6) // 58.3% (67.5) // 59.5% (72.3) // 59.1% (70.0)",
        "oppFenwickAgainst": "55.9% (46.7) // 58.3% (49.0) // 60.3% (52.7) // 61.3% (51.7)",
        "oppShotsAgainst": "55.8% (32.9) // 59.6% (34.1) // 60.1% (35.6) // 61.9% (36.3)",
        "oppScoringAgainst": "57.0% (32.7) // 61.1% (32.3) // 62.0% (35.8) // 60.6% (35.3)",
        "totalOver": 44,
        "totalOverLast5": 80,
        "totalOverLast15": 40,
        "lastTotalOver": 40,
        "last5": "1,1,3,1,0,0,0,0,0,0",
        "fd": "-128",
        "dk": "-135/+105",
        "kambi": "-127/-103",
        "lowest": "-127 BR",
        "implied": 55.947136563876654,
        "overOdds": "-135",
        "underOdds": "+105",
        "overUnder": "-135 / +105"
    },
    {
        "player": "Nick Foligno",
        "team": "CHI",
        "opponent": "NJ",
        "propType": "pts",
        "line": 0.5,
        "ppLine": "PP1",
        "avg": 0.45,
        "hit": false,
        "diffAvg": -0.1,
        "diffAbs": 0.0,
        "lastAvg": 0.39,
        "diff": -0.22,
        "avgMin": 17,
        "proj": 0.5,
        "lastAvgMin": 12.35,
        "oppOver": 0,
        "teamOver": 0,
        "gameLine": "+340",
        "+/-": -4,
        "L5_+/-": -7.0,
        "prevMatchup": "2023-11-05 0.0 pts",
        "winLossSplits": "45% - 19%",
        "awayHome": "A",
        "playedYesterday": "Y",
        "awayHomeSplits": "19% - 35%",
        "savesAboveExp": 0.109,
        "gsaa": -12.36,
        "corsi": "44.3% (51.5) // 41.7% (48.2) // 40.5% (49.2) // 40.9% (48.3)",
        "fenwick": "44.1% (36.9) // 41.7% (35.1) // 39.7% (34.8) // 38.7% (32.7)",
        "shots": "44.2% (26.1) // 40.4% (23.1) // 39.9% (23.6) // 38.1% (22.3)",
        "scoring": "43.0% (24.7) // 38.9% (20.6) // 38.0% (21.9) // 39.4% (23.0)",
        "corsiAgainst": "55.7% (64.6) // 58.3% (67.5) // 59.5% (72.3) // 59.1% (70.0)",
        "fenwickAgainst": "55.9% (46.7) // 58.3% (49.0) // 60.3% (52.7) // 61.3% (51.7)",
        "shotsAgainst": "55.8% (32.9) // 59.6% (34.1) // 60.1% (35.6) // 61.9% (36.3)",
        "scoringAgainst": "57.0% (32.7) // 61.1% (32.3) // 62.0% (35.8) // 60.6% (35.3)",
        "oppCorsi": "54.5% (64.2) // 53.1% (61.1) // 53.4% (62.2) // 53.7% (58.5)",
        "oppFenwick": "52.5% (44.6) // 51.7% (42.6) // 52.1% (42.6) // 51.2% (41.5)",
        "oppShots": "52.2% (31.4) // 52.5% (30.4) // 52.7% (31.2) // 51.7% (30.5)",
        "oppScoring": "55.0% (31.2) // 54.2% (28.6) // 53.8% (28.2) // 51.0% (24.5)",
        "oppCorsiAgainst": "45.5% (53.6) // 46.9% (53.9) // 46.6% (54.3) // 46.3% (50.5)",
        "oppFenwickAgainst": "47.5% (40.4) // 48.3% (39.7) // 47.9% (39.1) // 48.8% (39.5)",
        "oppShotsAgainst": "47.8% (28.8) // 47.5% (27.5) // 47.3% (28.0) // 48.3% (28.5)",
        "oppScoringAgainst": "45.0% (25.5) // 45.8% (24.2) // 46.2% (24.3) // 49.0% (23.5)",
        "totalOver": 26,
        "totalOverLast5": 0,
        "totalOverLast15": 20,
        "lastTotalOver": 33,
        "last5": "0,0,0,0,0,2,0,1,2,0",
        "fd": "+110",
        "dk": "+110/-140",
        "kambi": "114/-148",
        "lowest": "114 BR",
        "implied": 46.728971962616825,
        "overOdds": "+110",
        "underOdds": "-140",
        "overUnder": "+110 / -140"
    },
    {
        "player": "Nico Hischier",
        "team": "NJ",
        "opponent": "CHI",
        "propType": "pts",
        "line": 0.5,
        "ppLine": "PP1",
        "avg": 0.8,
        "hit": false,
        "diffAvg": 0.6,
        "diffAbs": 0.6,
        "lastAvg": 0.86,
        "diff": 0.72,
        "avgMin": 17,
        "proj": 0.8,
        "lastAvgMin": 19.28,
        "oppOver": 0,
        "teamOver": 0,
        "gameLine": "-440",
        "+/-": -2,
        "L5_+/-": -4.0,
        "prevMatchup": "",
        "winLossSplits": "62% - 44%",
        "awayHome": "H",
        "playedYesterday": "N",
        "awayHomeSplits": "91% - 29%",
        "savesAboveExp": -0.269,
        "gsaa": -14.19,
        "corsi": "54.5% (64.2) // 53.1% (61.1) // 53.4% (62.2) // 53.7% (58.5)",
        "fenwick": "52.5% (44.6) // 51.7% (42.6) // 52.1% (42.6) // 51.2% (41.5)",
        "shots": "52.2% (31.4) // 52.5% (30.4) // 52.7% (31.2) // 51.7% (30.5)",
        "scoring": "55.0% (31.2) // 54.2% (28.6) // 53.8% (28.2) // 51.0% (24.5)",
        "corsiAgainst": "45.5% (53.6) // 46.9% (53.9) // 46.6% (54.3) // 46.3% (50.5)",
        "fenwickAgainst": "47.5% (40.4) // 48.3% (39.7) // 47.9% (39.1) // 48.8% (39.5)",
        "shotsAgainst": "47.8% (28.8) // 47.5% (27.5) // 47.3% (28.0) // 48.3% (28.5)",
        "scoringAgainst": "45.0% (25.5) // 45.8% (24.2) // 46.2% (24.3) // 49.0% (23.5)",
        "oppCorsi": "44.3% (51.5) // 41.7% (48.2) // 40.5% (49.2) // 40.9% (48.3)",
        "oppFenwick": "44.1% (36.9) // 41.7% (35.1) // 39.7% (34.8) // 38.7% (32.7)",
        "oppShots": "44.2% (26.1) // 40.4% (23.1) // 39.9% (23.6) // 38.1% (22.3)",
        "oppScoring": "43.0% (24.7) // 38.9% (20.6) // 38.0% (21.9) // 39.4% (23.0)",
        "oppCorsiAgainst": "55.7% (64.6) // 58.3% (67.5) // 59.5% (72.3) // 59.1% (70.0)",
        "oppFenwickAgainst": "55.9% (46.7) // 58.3% (49.0) // 60.3% (52.7) // 61.3% (51.7)",
        "oppShotsAgainst": "55.8% (32.9) // 59.6% (34.1) // 60.1% (35.6) // 61.9% (36.3)",
        "oppScoringAgainst": "57.0% (32.7) // 61.1% (32.3) // 62.0% (35.8) // 60.6% (35.3)",
        "totalOver": 56,
        "totalOverLast5": 60,
        "totalOverLast15": 60,
        "lastTotalOver": 67,
        "last5": "3,1,1,0,0,0,1,0,2,0",
        "fd": "-265",
        "dk": "-215/+165",
        "kambi": "-245/180",
        "lowest": "-215 DK",
        "implied": 68.25396825396825,
        "overOdds": "-215",
        "underOdds": "+165",
        "overUnder": "-215 / +165"
    },
    {
        "player": "Philipp Kurashev",
        "team": "CHI",
        "opponent": "NJ",
        "propType": "pts",
        "line": 0.5,
        "ppLine": "PP1",
        "avg": 0.71,
        "hit": false,
        "diffAvg": 0.42,
        "diffAbs": 0.2,
        "lastAvg": 0.36,
        "diff": -0.28,
        "avgMin": 18,
        "proj": 0.4,
        "lastAvgMin": 17.42,
        "oppOver": 0,
        "teamOver": 0,
        "gameLine": "+340",
        "+/-": -19,
        "L5_+/-": -12.0,
        "prevMatchup": "2023-11-05 0.0 pts",
        "winLossSplits": "75% - 43%",
        "awayHome": "A",
        "playedYesterday": "Y",
        "awayHomeSplits": "50% - 53%",
        "savesAboveExp": 0.109,
        "gsaa": -12.36,
        "corsi": "44.3% (51.5) // 41.7% (48.2) // 40.5% (49.2) // 40.9% (48.3)",
        "fenwick": "44.1% (36.9) // 41.7% (35.1) // 39.7% (34.8) // 38.7% (32.7)",
        "shots": "44.2% (26.1) // 40.4% (23.1) // 39.9% (23.6) // 38.1% (22.3)",
        "scoring": "43.0% (24.7) // 38.9% (20.6) // 38.0% (21.9) // 39.4% (23.0)",
        "corsiAgainst": "55.7% (64.6) // 58.3% (67.5) // 59.5% (72.3) // 59.1% (70.0)",
        "fenwickAgainst": "55.9% (46.7) // 58.3% (49.0) // 60.3% (52.7) // 61.3% (51.7)",
        "shotsAgainst": "55.8% (32.9) // 59.6% (34.1) // 60.1% (35.6) // 61.9% (36.3)",
        "scoringAgainst": "57.0% (32.7) // 61.1% (32.3) // 62.0% (35.8) // 60.6% (35.3)",
        "oppCorsi": "54.5% (64.2) // 53.1% (61.1) // 53.4% (62.2) // 53.7% (58.5)",
        "oppFenwick": "52.5% (44.6) // 51.7% (42.6) // 52.1% (42.6) // 51.2% (41.5)",
        "oppShots": "52.2% (31.4) // 52.5% (30.4) // 52.7% (31.2) // 51.7% (30.5)",
        "oppScoring": "55.0% (31.2) // 54.2% (28.6) // 53.8% (28.2) // 51.0% (24.5)",
        "oppCorsiAgainst": "45.5% (53.6) // 46.9% (53.9) // 46.6% (54.3) // 46.3% (50.5)",
        "oppFenwickAgainst": "47.5% (40.4) // 48.3% (39.7) // 47.9% (39.1) // 48.8% (39.5)",
        "oppShotsAgainst": "47.8% (28.8) // 47.5% (27.5) // 47.3% (28.0) // 48.3% (28.5)",
        "oppScoringAgainst": "45.0% (25.5) // 45.8% (24.2) // 46.2% (24.3) // 49.0% (23.5)",
        "totalOver": 52,
        "totalOverLast5": 60,
        "totalOverLast15": 47,
        "lastTotalOver": 0,
        "last5": "0,0,1,1,1,2,0,1,0,0",
        "fd": "+102",
        "dk": "-105/-125",
        "kambi": "-106/-124",
        "lowest": "102 FD",
        "implied": 49.504950495049506,
        "overOdds": "-105",
        "underOdds": "-125",
        "overUnder": "-105 / -125"
    },
    {
        "player": "Ryan Donato",
        "team": "CHI",
        "opponent": "NJ",
        "propType": "pts",
        "line": 0.5,
        "ppLine": "PP2",
        "avg": 0.36,
        "hit": false,
        "diffAvg": -0.28,
        "diffAbs": 0.2,
        "lastAvg": 0.32,
        "diff": -0.36,
        "avgMin": 14,
        "proj": 0.4,
        "lastAvgMin": 11.25,
        "oppOver": 0,
        "teamOver": 0,
        "gameLine": "+340",
        "+/-": -10,
        "L5_+/-": -9.0,
        "prevMatchup": "2023-11-05 1.0 pts",
        "winLossSplits": "60% - 19%",
        "awayHome": "A",
        "playedYesterday": "Y",
        "awayHomeSplits": "19% - 47%",
        "savesAboveExp": 0.109,
        "gsaa": -12.36,
        "corsi": "44.3% (51.5) // 41.7% (48.2) // 40.5% (49.2) // 40.9% (48.3)",
        "fenwick": "44.1% (36.9) // 41.7% (35.1) // 39.7% (34.8) // 38.7% (32.7)",
        "shots": "44.2% (26.1) // 40.4% (23.1) // 39.9% (23.6) // 38.1% (22.3)",
        "scoring": "43.0% (24.7) // 38.9% (20.6) // 38.0% (21.9) // 39.4% (23.0)",
        "corsiAgainst": "55.7% (64.6) // 58.3% (67.5) // 59.5% (72.3) // 59.1% (70.0)",
        "fenwickAgainst": "55.9% (46.7) // 58.3% (49.0) // 60.3% (52.7) // 61.3% (51.7)",
        "shotsAgainst": "55.8% (32.9) // 59.6% (34.1) // 60.1% (35.6) // 61.9% (36.3)",
        "scoringAgainst": "57.0% (32.7) // 61.1% (32.3) // 62.0% (35.8) // 60.6% (35.3)",
        "oppCorsi": "54.5% (64.2) // 53.1% (61.1) // 53.4% (62.2) // 53.7% (58.5)",
        "oppFenwick": "52.5% (44.6) // 51.7% (42.6) // 52.1% (42.6) // 51.2% (41.5)",
        "oppShots": "52.2% (31.4) // 52.5% (30.4) // 52.7% (31.2) // 51.7% (30.5)",
        "oppScoring": "55.0% (31.2) // 54.2% (28.6) // 53.8% (28.2) // 51.0% (24.5)",
        "oppCorsiAgainst": "45.5% (53.6) // 46.9% (53.9) // 46.6% (54.3) // 46.3% (50.5)",
        "oppFenwickAgainst": "47.5% (40.4) // 48.3% (39.7) // 47.9% (39.1) // 48.8% (39.5)",
        "oppShotsAgainst": "47.8% (28.8) // 47.5% (27.5) // 47.3% (28.0) // 48.3% (28.5)",
        "oppScoringAgainst": "45.0% (25.5) // 45.8% (24.2) // 46.2% (24.3) // 49.0% (23.5)",
        "totalOver": 31,
        "totalOverLast5": 0,
        "totalOverLast15": 13,
        "lastTotalOver": 28,
        "last5": "0,0,0,0,0,0,1,2,0,0",
        "fd": "0",
        "dk": "+160/-210",
        "kambi": "0",
        "lowest": "160 DK",
        "implied": 38.46153846153847,
        "overOdds": "+160",
        "underOdds": "-210",
        "overUnder": "+160 / -210"
    },
    {
        "player": "Tyler Toffoli",
        "team": "NJ",
        "opponent": "CHI",
        "propType": "pts",
        "line": 0.5,
        "ppLine": "PP1",
        "avg": 0.75,
        "hit": false,
        "diffAvg": 0.5,
        "diffAbs": 0.8,
        "lastAvg": 0.89,
        "diff": 0.78,
        "avgMin": 17,
        "proj": 0.9,
        "lastAvgMin": 16.6,
        "oppOver": 0,
        "teamOver": 0,
        "gameLine": "-440",
        "+/-": -8,
        "L5_+/-": "+2.0",
        "prevMatchup": "2023-11-05 0.0 pts",
        "winLossSplits": "60% - 38%",
        "awayHome": "H",
        "playedYesterday": "N",
        "awayHomeSplits": "50% - 50%",
        "savesAboveExp": -0.269,
        "gsaa": -14.19,
        "corsi": "54.5% (64.2) // 53.1% (61.1) // 53.4% (62.2) // 53.7% (58.5)",
        "fenwick": "52.5% (44.6) // 51.7% (42.6) // 52.1% (42.6) // 51.2% (41.5)",
        "shots": "52.2% (31.4) // 52.5% (30.4) // 52.7% (31.2) // 51.7% (30.5)",
        "scoring": "55.0% (31.2) // 54.2% (28.6) // 53.8% (28.2) // 51.0% (24.5)",
        "corsiAgainst": "45.5% (53.6) // 46.9% (53.9) // 46.6% (54.3) // 46.3% (50.5)",
        "fenwickAgainst": "47.5% (40.4) // 48.3% (39.7) // 47.9% (39.1) // 48.8% (39.5)",
        "shotsAgainst": "47.8% (28.8) // 47.5% (27.5) // 47.3% (28.0) // 48.3% (28.5)",
        "scoringAgainst": "45.0% (25.5) // 45.8% (24.2) // 46.2% (24.3) // 49.0% (23.5)",
        "oppCorsi": "44.3% (51.5) // 41.7% (48.2) // 40.5% (49.2) // 40.9% (48.3)",
        "oppFenwick": "44.1% (36.9) // 41.7% (35.1) // 39.7% (34.8) // 38.7% (32.7)",
        "oppShots": "44.2% (26.1) // 40.4% (23.1) // 39.9% (23.6) // 38.1% (22.3)",
        "oppScoring": "43.0% (24.7) // 38.9% (20.6) // 38.0% (21.9) // 39.4% (23.0)",
        "oppCorsiAgainst": "55.7% (64.6) // 58.3% (67.5) // 59.5% (72.3) // 59.1% (70.0)",
        "oppFenwickAgainst": "55.9% (46.7) // 58.3% (49.0) // 60.3% (52.7) // 61.3% (51.7)",
        "oppShotsAgainst": "55.8% (32.9) // 59.6% (34.1) // 60.1% (35.6) // 61.9% (36.3)",
        "oppScoringAgainst": "57.0% (32.7) // 61.1% (32.3) // 62.0% (35.8) // 60.6% (35.3)",
        "totalOver": 50,
        "totalOverLast5": 60,
        "totalOverLast15": 27,
        "lastTotalOver": 60,
        "last5": "0,2,1,0,1,0,0,0,2,0",
        "fd": "-220",
        "dk": "-180/+140",
        "kambi": "-205/155",
        "lowest": "-180 DK",
        "implied": 64.28571428571429,
        "overOdds": "-180",
        "underOdds": "+140",
        "overUnder": "-180 / +140"
    },
    {
        "player": "Alex Ovechkin",
        "team": "WSH",
        "opponent": "CAR",
        "propType": "pts",
        "line": 0.5,
        "ppLine": "PP1",
        "avg": 0.67,
        "hit": false,
        "diffAvg": 0.34,
        "diffAbs": 1.0,
        "lastAvg": 1.01,
        "diff": 1.02,
        "avgMin": 19,
        "proj": 1.0,
        "lastAvgMin": 20.2,
        "oppOver": 0,
        "teamOver": 0,
        "gameLine": "+150",
        "+/-": -10,
        "L5_+/-": -7.0,
        "prevMatchup": "2023-12-17 0.0 pts",
        "winLossSplits": "61% - 39%",
        "awayHome": "H",
        "playedYesterday": "N",
        "awayHomeSplits": "56% - 44%",
        "savesAboveExp": 0.627,
        "gsaa": 0.33,
        "corsi": "46.3% (54.1) // 46.1% (53.3) // 42.8% (50.0) // 40.6% (48.6)",
        "fenwick": "46.5% (38.9) // 45.8% (38.6) // 44.1% (38.6) // 43.1% (37.3)",
        "shots": "47.4% (27.3) // 47.8% (26.7) // 44.7% (25.8) // 43.8% (25.0)",
        "scoring": "47.3% (26.5) // 45.7% (24.7) // 40.0% (22.0) // 38.3% (20.8)",
        "corsiAgainst": "53.7% (62.7) // 53.9% (62.1) // 57.2% (66.7) // 59.4% (71.0)",
        "fenwickAgainst": "53.5% (44.8) // 54.2% (45.6) // 55.9% (48.8) // 56.9% (49.3)",
        "shotsAgainst": "52.6% (30.3) // 52.2% (29.2) // 55.3% (31.9) // 56.2% (32.1)",
        "scoringAgainst": "52.7% (29.6) // 54.3% (29.4) // 60.0% (33.0) // 61.7% (33.4)",
        "oppCorsi": "59.5% (70.2) // 56.7% (64.9) // 52.4% (57.0) // 50.0% (50.5)",
        "oppFenwick": "57.9% (49.2) // 55.2% (45.6) // 50.0% (39.5) // 51.3% (39.5)",
        "oppShots": "56.2% (32.9) // 53.0% (30.8) // 49.3% (27.8) // 49.5% (27.5)",
        "oppScoring": "57.2% (30.8) // 57.7% (30.7) // 54.3% (28.5) // 51.1% (23.5)",
        "oppCorsiAgainst": "40.5% (47.7) // 43.3% (49.5) // 47.6% (51.8) // 50.0% (50.5)",
        "oppFenwickAgainst": "42.1% (35.8) // 44.8% (37.0) // 50.0% (39.5) // 48.7% (37.5)",
        "oppShotsAgainst": "43.8% (25.6) // 47.0% (27.2) // 50.7% (28.5) // 50.5% (28.0)",
        "oppScoringAgainst": "42.8% (23.1) // 42.3% (22.5) // 45.7% (24.0) // 48.9% (22.5)",
        "totalOver": 50,
        "totalOverLast5": 60,
        "totalOverLast15": 53,
        "lastTotalOver": 66,
        "last5": "2,1,1,0,0,0,2,1,0,1",
        "fd": "-192",
        "dk": "-166/+130",
        "kambi": "-157/120",
        "lowest": "-157 BR",
        "implied": 61.08949416342413,
        "overOdds": "-166",
        "underOdds": "+130",
        "overUnder": "-166 / +130"
    },
    {
        "player": "Andrei Svechnikov",
        "team": "CAR",
        "opponent": "WSH",
        "propType": "pts",
        "line": 0.5,
        "ppLine": "PP1",
        "avg": 1.0,
        "hit": false,
        "diffAvg": 1.0,
        "diffAbs": 0.6,
        "lastAvg": 0.85,
        "diff": 0.7,
        "avgMin": 16,
        "proj": 0.8,
        "lastAvgMin": 18.03,
        "oppOver": 0,
        "teamOver": 0,
        "gameLine": "-180",
        "+/-": "+4",
        "L5_+/-": "+3.0",
        "prevMatchup": "",
        "winLossSplits": "86% - 22%",
        "awayHome": "A",
        "playedYesterday": "N",
        "awayHomeSplits": "55% - 67%",
        "savesAboveExp": 0.193,
        "gsaa": -5.27,
        "corsi": "59.5% (70.2) // 56.7% (64.9) // 52.4% (57.0) // 50.0% (50.5)",
        "fenwick": "57.9% (49.2) // 55.2% (45.6) // 50.0% (39.5) // 51.3% (39.5)",
        "shots": "56.2% (32.9) // 53.0% (30.8) // 49.3% (27.8) // 49.5% (27.5)",
        "scoring": "57.2% (30.8) // 57.7% (30.7) // 54.3% (28.5) // 51.1% (23.5)",
        "corsiAgainst": "40.5% (47.7) // 43.3% (49.5) // 47.6% (51.8) // 50.0% (50.5)",
        "fenwickAgainst": "42.1% (35.8) // 44.8% (37.0) // 50.0% (39.5) // 48.7% (37.5)",
        "shotsAgainst": "43.8% (25.6) // 47.0% (27.2) // 50.7% (28.5) // 50.5% (28.0)",
        "scoringAgainst": "42.8% (23.1) // 42.3% (22.5) // 45.7% (24.0) // 48.9% (22.5)",
        "oppCorsi": "46.3% (54.1) // 46.1% (53.3) // 42.8% (50.0) // 40.6% (48.6)",
        "oppFenwick": "46.5% (38.9) // 45.8% (38.6) // 44.1% (38.6) // 43.1% (37.3)",
        "oppShots": "47.4% (27.3) // 47.8% (26.7) // 44.7% (25.8) // 43.8% (25.0)",
        "oppScoring": "47.3% (26.5) // 45.7% (24.7) // 40.0% (22.0) // 38.3% (20.8)",
        "oppCorsiAgainst": "53.7% (62.7) // 53.9% (62.1) // 57.2% (66.7) // 59.4% (71.0)",
        "oppFenwickAgainst": "53.5% (44.8) // 54.2% (45.6) // 55.9% (48.8) // 56.9% (49.3)",
        "oppShotsAgainst": "52.6% (30.3) // 52.2% (29.2) // 55.3% (31.9) // 56.2% (32.1)",
        "oppScoringAgainst": "52.7% (29.6) // 54.3% (29.4) // 60.0% (33.0) // 61.7% (33.4)",
        "totalOver": 61,
        "totalOverLast5": 100,
        "totalOverLast15": 67,
        "lastTotalOver": 58,
        "last5": "2,2,3,2,2,0,1,0,0,2",
        "fd": "-172",
        "dk": "-150/+120",
        "kambi": "-175/132",
        "lowest": "-150 DK",
        "implied": 60.0,
        "overOdds": "-150",
        "underOdds": "+120",
        "overUnder": "-150 / +120"
    },
    {
        "player": "Anthony Mantha",
        "team": "WSH",
        "opponent": "CAR",
        "propType": "pts",
        "line": 0.5,
        "ppLine": "PP2",
        "avg": 0.56,
        "hit": false,
        "diffAvg": 0.12,
        "diffAbs": 0.2,
        "lastAvg": 0.4,
        "diff": -0.2,
        "avgMin": 13,
        "proj": 0.4,
        "lastAvgMin": 14.22,
        "oppOver": 0,
        "teamOver": 0,
        "gameLine": "+150",
        "+/-": "+6",
        "L5_+/-": 0.0,
        "prevMatchup": "2023-12-17 0.0 pts",
        "winLossSplits": "57% - 33%",
        "awayHome": "H",
        "playedYesterday": "N",
        "awayHomeSplits": "50% - 38%",
        "savesAboveExp": 0.627,
        "gsaa": 0.33,
        "corsi": "46.3% (54.1) // 46.1% (53.3) // 42.8% (50.0) // 40.6% (48.6)",
        "fenwick": "46.5% (38.9) // 45.8% (38.6) // 44.1% (38.6) // 43.1% (37.3)",
        "shots": "47.4% (27.3) // 47.8% (26.7) // 44.7% (25.8) // 43.8% (25.0)",
        "scoring": "47.3% (26.5) // 45.7% (24.7) // 40.0% (22.0) // 38.3% (20.8)",
        "corsiAgainst": "53.7% (62.7) // 53.9% (62.1) // 57.2% (66.7) // 59.4% (71.0)",
        "fenwickAgainst": "53.5% (44.8) // 54.2% (45.6) // 55.9% (48.8) // 56.9% (49.3)",
        "shotsAgainst": "52.6% (30.3) // 52.2% (29.2) // 55.3% (31.9) // 56.2% (32.1)",
        "scoringAgainst": "52.7% (29.6) // 54.3% (29.4) // 60.0% (33.0) // 61.7% (33.4)",
        "oppCorsi": "59.5% (70.2) // 56.7% (64.9) // 52.4% (57.0) // 50.0% (50.5)",
        "oppFenwick": "57.9% (49.2) // 55.2% (45.6) // 50.0% (39.5) // 51.3% (39.5)",
        "oppShots": "56.2% (32.9) // 53.0% (30.8) // 49.3% (27.8) // 49.5% (27.5)",
        "oppScoring": "57.2% (30.8) // 57.7% (30.7) // 54.3% (28.5) // 51.1% (23.5)",
        "oppCorsiAgainst": "40.5% (47.7) // 43.3% (49.5) // 47.6% (51.8) // 50.0% (50.5)",
        "oppFenwickAgainst": "42.1% (35.8) // 44.8% (37.0) // 50.0% (39.5) // 48.7% (37.5)",
        "oppShotsAgainst": "43.8% (25.6) // 47.0% (27.2) // 50.7% (28.5) // 50.5% (28.0)",
        "oppScoringAgainst": "42.8% (23.1) // 42.3% (22.5) // 45.7% (24.0) // 48.9% (22.5)",
        "totalOver": 44,
        "totalOverLast5": 60,
        "totalOverLast15": 67,
        "lastTotalOver": 31,
        "last5": "1,1,0,0,1,1,2,1,0,0",
        "fd": "+124",
        "dk": "+135/-175",
        "kambi": "140/-186",
        "lowest": "140 BR",
        "implied": 41.66666666666667,
        "overOdds": "+135",
        "underOdds": "-175",
        "overUnder": "+135 / -175"
    },
    {
        "player": "Brady Skjei",
        "team": "CAR",
        "opponent": "WSH",
        "propType": "pts",
        "line": 0.5,
        "ppLine": "PP2",
        "avg": 0.63,
        "hit": false,
        "diffAvg": 0.26,
        "diffAbs": 0.2,
        "lastAvg": 0.4,
        "diff": -0.2,
        "avgMin": 21,
        "proj": 0.4,
        "lastAvgMin": 21.8,
        "oppOver": 0,
        "teamOver": 0,
        "gameLine": "-180",
        "+/-": "+3",
        "L5_+/-": 0.0,
        "prevMatchup": "2023-12-17 0.0 pts",
        "winLossSplits": "62% - 24%",
        "awayHome": "A",
        "playedYesterday": "N",
        "awayHomeSplits": "41% - 50%",
        "savesAboveExp": 0.193,
        "gsaa": -5.27,
        "corsi": "59.5% (70.2) // 56.7% (64.9) // 52.4% (57.0) // 50.0% (50.5)",
        "fenwick": "57.9% (49.2) // 55.2% (45.6) // 50.0% (39.5) // 51.3% (39.5)",
        "shots": "56.2% (32.9) // 53.0% (30.8) // 49.3% (27.8) // 49.5% (27.5)",
        "scoring": "57.2% (30.8) // 57.7% (30.7) // 54.3% (28.5) // 51.1% (23.5)",
        "corsiAgainst": "40.5% (47.7) // 43.3% (49.5) // 47.6% (51.8) // 50.0% (50.5)",
        "fenwickAgainst": "42.1% (35.8) // 44.8% (37.0) // 50.0% (39.5) // 48.7% (37.5)",
        "shotsAgainst": "43.8% (25.6) // 47.0% (27.2) // 50.7% (28.5) // 50.5% (28.0)",
        "scoringAgainst": "42.8% (23.1) // 42.3% (22.5) // 45.7% (24.0) // 48.9% (22.5)",
        "oppCorsi": "46.3% (54.1) // 46.1% (53.3) // 42.8% (50.0) // 40.6% (48.6)",
        "oppFenwick": "46.5% (38.9) // 45.8% (38.6) // 44.1% (38.6) // 43.1% (37.3)",
        "oppShots": "47.4% (27.3) // 47.8% (26.7) // 44.7% (25.8) // 43.8% (25.0)",
        "oppScoring": "47.3% (26.5) // 45.7% (24.7) // 40.0% (22.0) // 38.3% (20.8)",
        "oppCorsiAgainst": "53.7% (62.7) // 53.9% (62.1) // 57.2% (66.7) // 59.4% (71.0)",
        "oppFenwickAgainst": "53.5% (44.8) // 54.2% (45.6) // 55.9% (48.8) // 56.9% (49.3)",
        "oppShotsAgainst": "52.6% (30.3) // 52.2% (29.2) // 55.3% (31.9) // 56.2% (32.1)",
        "oppScoringAgainst": "52.7% (29.6) // 54.3% (29.4) // 60.0% (33.0) // 61.7% (33.4)",
        "totalOver": 45,
        "totalOverLast5": 40,
        "totalOverLast15": 33,
        "lastTotalOver": 37,
        "last5": "3,0,0,0,1,0,2,0,0,0",
        "fd": "+114",
        "dk": "+130/-166",
        "kambi": "125/-162",
