[
    {
        "player": "Adam Lowry",
        "team": "WPG",
        "opponent": "MIN",
        "propType": "pts",
        "line": 0.5,
        "ppLine": "",
        "avg": 0.47,
        "hit": false,
        "diffAvg": -0.06,
        "diffAbs": 0.2,
        "lastAvg": 0.41,
        "diff": -0.18,
        "avgMin": 15,
        "proj": 0.4,
        "lastAvgMin": 15.63,
        "oppOver": 0,
        "teamOver": 0,
        "gameLine": "-118",
        "+/-": "+9",
        "L5_+/-": "+1.0",
        "prevMatchup": "2023-12-30 1.0 pts",
        "winLossSplits": "57% - 15%",
        "awayHome": "A",
        "playedYesterday": "Y",
        "awayHomeSplits": "47% - 37%",
        "savesAboveExp": 0.141,
        "gsaa": -4.0,
        "corsi": "50.9% (59.6) // 52.4% (65.3) // 56.1% (71.1) // 57.4% (72.6)",
        "fenwick": "51.2% (43.6) // 52.8% (48.3) // 55.6% (51.0) // 57.1% (53.0)",
        "shots": "52.0% (31.0) // 52.2% (32.4) // 54.5% (33.9) // 53.4% (34.4)",
        "scoring": "50.6% (28.0) // 52.6% (30.7) // 56.0% (33.6) // 55.8% (32.9)",
        "corsiAgainst": "49.1% (57.4) // 47.6% (59.3) // 43.9% (55.6) // 42.6% (54.0)",
        "fenwickAgainst": "48.8% (41.6) // 47.2% (43.2) // 44.4% (40.8) // 42.9% (39.8)",
        "shotsAgainst": "48.0% (28.6) // 47.8% (29.6) // 45.5% (28.3) // 46.6% (29.9)",
        "scoringAgainst": "49.4% (27.3) // 47.4% (27.6) // 44.0% (26.3) // 44.2% (26.0)",
        "oppCorsi": "50.8% (60.9) // 49.5% (58.8) // 51.4% (57.8) // 48.0% (58.5)",
        "oppFenwick": "50.8% (43.6) // 48.8% (42.4) // 52.6% (44.3) // 50.0% (46.0)",
        "oppShots": "50.1% (29.8) // 48.1% (28.5) // 54.5% (31.1) // 52.8% (33.5)",
        "oppScoring": "51.7% (30.1) // 51.0% (29.8) // 56.0% (29.9) // 47.5% (29.0)",
        "oppCorsiAgainst": "49.2% (59.1) // 50.5% (59.9) // 48.6% (54.6) // 52.0% (63.5)",
        "oppFenwickAgainst": "49.2% (42.3) // 51.2% (44.5) // 47.4% (39.9) // 50.0% (46.0)",
        "oppShotsAgainst": "49.9% (29.7) // 51.9% (30.7) // 45.5% (26.0) // 47.2% (30.0)",
        "oppScoringAgainst": "48.3% (28.2) // 49.0% (28.6) // 44.0% (23.5) // 52.5% (32.0)",
        "totalOver": 41,
        "totalOverLast5": 40,
        "totalOverLast15": 20,
        "lastTotalOver": 42,
        "last5": "1,0,1,0,0,0,0,0,0,1",
        "fd": "0",
        "dk": "+154/-200",
        "kambi": "0",
        "lowest": "154 DK",
        "implied": 39.37007874015748,
        "overOdds": "+154",
        "underOdds": "-200",
        "overUnder": "+154 / -200"
    },
    {
        "player": "Alex Iafallo",
        "team": "WPG",
        "opponent": "MIN",
        "propType": "pts",
        "line": 0.5,
        "ppLine": "PP1",
        "avg": 0.47,
        "hit": false,
        "diffAvg": -0.06,
        "diffAbs": 0.0,
        "lastAvg": 0.55,
        "diff": 0.1,
        "avgMin": 16,
        "proj": 0.5,
        "lastAvgMin": 16.3,
        "oppOver": 0,
        "teamOver": 0,
        "gameLine": "-118",
        "+/-": -2,
        "L5_+/-": "+1.0",
        "prevMatchup": "2023-12-30 1.0 pts",
        "winLossSplits": "29% - 23%",
        "awayHome": "A",
        "playedYesterday": "Y",
        "awayHomeSplits": "27% - 26%",
        "savesAboveExp": 0.141,
        "gsaa": -4.0,
        "corsi": "50.9% (59.6) // 52.4% (65.3) // 56.1% (71.1) // 57.4% (72.6)",
        "fenwick": "51.2% (43.6) // 52.8% (48.3) // 55.6% (51.0) // 57.1% (53.0)",
        "shots": "52.0% (31.0) // 52.2% (32.4) // 54.5% (33.9) // 53.4% (34.4)",
        "scoring": "50.6% (28.0) // 52.6% (30.7) // 56.0% (33.6) // 55.8% (32.9)",
        "corsiAgainst": "49.1% (57.4) // 47.6% (59.3) // 43.9% (55.6) // 42.6% (54.0)",
        "fenwickAgainst": "48.8% (41.6) // 47.2% (43.2) // 44.4% (40.8) // 42.9% (39.8)",
        "shotsAgainst": "48.0% (28.6) // 47.8% (29.6) // 45.5% (28.3) // 46.6% (29.9)",
        "scoringAgainst": "49.4% (27.3) // 47.4% (27.6) // 44.0% (26.3) // 44.2% (26.0)",
        "oppCorsi": "50.8% (60.9) // 49.5% (58.8) // 51.4% (57.8) // 48.0% (58.5)",
        "oppFenwick": "50.8% (43.6) // 48.8% (42.4) // 52.6% (44.3) // 50.0% (46.0)",
        "oppShots": "50.1% (29.8) // 48.1% (28.5) // 54.5% (31.1) // 52.8% (33.5)",
        "oppScoring": "51.7% (30.1) // 51.0% (29.8) // 56.0% (29.9) // 47.5% (29.0)",
        "oppCorsiAgainst": "49.2% (59.1) // 50.5% (59.9) // 48.6% (54.6) // 52.0% (63.5)",
        "oppFenwickAgainst": "49.2% (42.3) // 51.2% (44.5) // 47.4% (39.9) // 50.0% (46.0)",
        "oppShotsAgainst": "49.9% (29.7) // 51.9% (30.7) // 45.5% (26.0) // 47.2% (30.0)",
        "oppScoringAgainst": "48.3% (28.2) // 49.0% (28.6) // 44.0% (23.5) // 52.5% (32.0)",
        "totalOver": 26,
        "totalOverLast5": 20,
        "totalOverLast15": 13,
        "lastTotalOver": 52,
        "last5": "1,0,0,0,0,2,0,0,0,0",
        "fd": "0",
        "dk": "+130/-166",
        "kambi": "125/-165",
        "lowest": "130 DK",
        "implied": 43.47826086956522,
        "overOdds": "+130",
        "underOdds": "-166",
        "overUnder": "+130 / -166"
    },
    {
        "player": "Brock Faber",
        "team": "MIN",
        "opponent": "WPG",
        "propType": "pts",
        "line": 0.5,
        "ppLine": "PP2",
        "avg": 0.47,
        "hit": false,
        "diffAvg": -0.06,
        "diffAbs": 1.0,
        "lastAvg": 0,
        "diff": 0,
        "avgMin": 24,
        "proj": 0.0,
        "lastAvgMin": 0,
        "oppOver": 0,
        "teamOver": 0,
        "gameLine": "-102",
        "+/-": "+11",
        "L5_+/-": "+6.0",
        "prevMatchup": "2023-12-30 0.0 pts",
        "winLossSplits": "38% - 39%",
        "awayHome": "H",
        "playedYesterday": "Y",
        "awayHomeSplits": "44% - 31%",
        "savesAboveExp": "-",
        "gsaa": 1.87,
        "corsi": "50.8% (60.9) // 49.5% (58.8) // 51.4% (57.8) // 48.0% (58.5)",
        "fenwick": "50.8% (43.6) // 48.8% (42.4) // 52.6% (44.3) // 50.0% (46.0)",
        "shots": "50.1% (29.8) // 48.1% (28.5) // 54.5% (31.1) // 52.8% (33.5)",
        "scoring": "51.7% (30.1) // 51.0% (29.8) // 56.0% (29.9) // 47.5% (29.0)",
        "corsiAgainst": "49.2% (59.1) // 50.5% (59.9) // 48.6% (54.6) // 52.0% (63.5)",
        "fenwickAgainst": "49.2% (42.3) // 51.2% (44.5) // 47.4% (39.9) // 50.0% (46.0)",
        "shotsAgainst": "49.9% (29.7) // 51.9% (30.7) // 45.5% (26.0) // 47.2% (30.0)",
        "scoringAgainst": "48.3% (28.2) // 49.0% (28.6) // 44.0% (23.5) // 52.5% (32.0)",
        "oppCorsi": "50.9% (59.6) // 52.4% (65.3) // 56.1% (71.1) // 57.4% (72.6)",
        "oppFenwick": "51.2% (43.6) // 52.8% (48.3) // 55.6% (51.0) // 57.1% (53.0)",
        "oppShots": "52.0% (31.0) // 52.2% (32.4) // 54.5% (33.9) // 53.4% (34.4)",
        "oppScoring": "50.6% (28.0) // 52.6% (30.7) // 56.0% (33.6) // 55.8% (32.9)",
        "oppCorsiAgainst": "49.1% (57.4) // 47.6% (59.3) // 43.9% (55.6) // 42.6% (54.0)",
        "oppFenwickAgainst": "48.8% (41.6) // 47.2% (43.2) // 44.4% (40.8) // 42.9% (39.8)",
        "oppShotsAgainst": "48.0% (28.6) // 47.8% (29.6) // 45.5% (28.3) // 46.6% (29.9)",
        "oppScoringAgainst": "49.4% (27.3) // 47.4% (27.6) // 44.0% (26.3) // 44.2% (26.0)",
        "totalOver": 38,
        "totalOverLast5": 40,
        "totalOverLast15": 33,
        "lastTotalOver": 0,
        "last5": "0,0,0,2,1,1,0,0,0,2",
        "fd": "0",
        "dk": "+130/-166",
        "kambi": "125/-165",
        "lowest": "130 DK",
        "implied": 43.47826086956522,
        "overOdds": "+130",
        "underOdds": "-166",
        "overUnder": "+130 / -166"
    },
    {
        "player": "Cole Perfetti",
        "team": "WPG",
        "opponent": "MIN",
        "propType": "pts",
        "line": 0.5,
        "ppLine": "PP2",
        "avg": 0.65,
        "hit": false,
        "diffAvg": 0.3,
        "diffAbs": 0.2,
        "lastAvg": 0.59,
        "diff": 0.18,
        "avgMin": 14,
        "proj": 0.6,
        "lastAvgMin": 14.97,
        "oppOver": 0,
        "teamOver": 0,
        "gameLine": "-118",
        "+/-": "+10",
        "L5_+/-": "+3.0",
        "prevMatchup": "2023-12-30 0.0 pts",
        "winLossSplits": "62% - 54%",
        "awayHome": "A",
        "playedYesterday": "Y",
        "awayHomeSplits": "47% - 68%",
        "savesAboveExp": 0.141,
        "gsaa": -4.0,
        "corsi": "50.9% (59.6) // 52.4% (65.3) // 56.1% (71.1) // 57.4% (72.6)",
        "fenwick": "51.2% (43.6) // 52.8% (48.3) // 55.6% (51.0) // 57.1% (53.0)",
        "shots": "52.0% (31.0) // 52.2% (32.4) // 54.5% (33.9) // 53.4% (34.4)",
        "scoring": "50.6% (28.0) // 52.6% (30.7) // 56.0% (33.6) // 55.8% (32.9)",
        "corsiAgainst": "49.1% (57.4) // 47.6% (59.3) // 43.9% (55.6) // 42.6% (54.0)",
        "fenwickAgainst": "48.8% (41.6) // 47.2% (43.2) // 44.4% (40.8) // 42.9% (39.8)",
        "shotsAgainst": "48.0% (28.6) // 47.8% (29.6) // 45.5% (28.3) // 46.6% (29.9)",
        "scoringAgainst": "49.4% (27.3) // 47.4% (27.6) // 44.0% (26.3) // 44.2% (26.0)",
        "oppCorsi": "50.8% (60.9) // 49.5% (58.8) // 51.4% (57.8) // 48.0% (58.5)",
        "oppFenwick": "50.8% (43.6) // 48.8% (42.4) // 52.6% (44.3) // 50.0% (46.0)",
        "oppShots": "50.1% (29.8) // 48.1% (28.5) // 54.5% (31.1) // 52.8% (33.5)",
        "oppScoring": "51.7% (30.1) // 51.0% (29.8) // 56.0% (29.9) // 47.5% (29.0)",
        "oppCorsiAgainst": "49.2% (59.1) // 50.5% (59.9) // 48.6% (54.6) // 52.0% (63.5)",
        "oppFenwickAgainst": "49.2% (42.3) // 51.2% (44.5) // 47.4% (39.9) // 50.0% (46.0)",
        "oppShotsAgainst": "49.9% (29.7) // 51.9% (30.7) // 45.5% (26.0) // 47.2% (30.0)",
        "oppScoringAgainst": "48.3% (28.2) // 49.0% (28.6) // 44.0% (23.5) // 52.5% (32.0)",
        "totalOver": 59,
        "totalOverLast5": 60,
        "totalOverLast15": 33,
        "lastTotalOver": 50,
        "last5": "0,0,1,1,1,0,0,0,0,0",
        "fd": "0",
        "dk": "+120/-150",
        "kambi": "112/-148",
        "lowest": "120 DK",
        "implied": 45.45454545454545,
        "overOdds": "+120",
        "underOdds": "-150",
        "overUnder": "+120 / -150"
    },
    {
        "player": "Gabriel Vilardi",
        "team": "WPG",
        "opponent": "MIN",
        "propType": "pts",
        "line": 0.5,
        "ppLine": "PP1",
        "avg": 0.94,
        "hit": false,
        "diffAvg": 0.88,
        "diffAbs": 0.2,
        "lastAvg": 0.6,
        "diff": 0.2,
        "avgMin": 16,
        "proj": 0.6,
        "lastAvgMin": 15.6,
        "oppOver": 0,
        "teamOver": 0,
        "gameLine": "-118",
        "+/-": "+12",
        "L5_+/-": "+12.0",
        "prevMatchup": "2023-12-30 0.0 pts",
        "winLossSplits": "70% - 17%",
        "awayHome": "A",
        "playedYesterday": "Y",
        "awayHomeSplits": "33% - 60%",
        "savesAboveExp": 0.141,
        "gsaa": -4.0,
        "corsi": "50.9% (59.6) // 52.4% (65.3) // 56.1% (71.1) // 57.4% (72.6)",
        "fenwick": "51.2% (43.6) // 52.8% (48.3) // 55.6% (51.0) // 57.1% (53.0)",
        "shots": "52.0% (31.0) // 52.2% (32.4) // 54.5% (33.9) // 53.4% (34.4)",
        "scoring": "50.6% (28.0) // 52.6% (30.7) // 56.0% (33.6) // 55.8% (32.9)",
        "corsiAgainst": "49.1% (57.4) // 47.6% (59.3) // 43.9% (55.6) // 42.6% (54.0)",
        "fenwickAgainst": "48.8% (41.6) // 47.2% (43.2) // 44.4% (40.8) // 42.9% (39.8)",
        "shotsAgainst": "48.0% (28.6) // 47.8% (29.6) // 45.5% (28.3) // 46.6% (29.9)",
        "scoringAgainst": "49.4% (27.3) // 47.4% (27.6) // 44.0% (26.3) // 44.2% (26.0)",
        "oppCorsi": "50.8% (60.9) // 49.5% (58.8) // 51.4% (57.8) // 48.0% (58.5)",
        "oppFenwick": "50.8% (43.6) // 48.8% (42.4) // 52.6% (44.3) // 50.0% (46.0)",
        "oppShots": "50.1% (29.8) // 48.1% (28.5) // 54.5% (31.1) // 52.8% (33.5)",
        "oppScoring": "51.7% (30.1) // 51.0% (29.8) // 56.0% (29.9) // 47.5% (29.0)",
        "oppCorsiAgainst": "49.2% (59.1) // 50.5% (59.9) // 48.6% (54.6) // 52.0% (63.5)",
        "oppFenwickAgainst": "49.2% (42.3) // 51.2% (44.5) // 47.4% (39.9) // 50.0% (46.0)",
        "oppShotsAgainst": "49.9% (29.7) // 51.9% (30.7) // 45.5% (26.0) // 47.2% (30.0)",
        "oppScoringAgainst": "48.3% (28.2) // 49.0% (28.6) // 44.0% (23.5) // 52.5% (32.0)",
        "totalOver": 50,
        "totalOverLast5": 60,
        "totalOverLast15": 47,
        "lastTotalOver": 52,
        "last5": "0,0,2,3,1,2,4,0,1,0",
        "fd": "-130",
        "dk": "-130/+100",
        "kambi": "-141/108",
        "lowest": "-130 DK",
        "implied": 56.52173913043478,
        "overOdds": "-130",
        "underOdds": "+100",
        "overUnder": "-130 / +100"
    },
    {
        "player": "Jared Spurgeon",
        "team": "MIN",
        "opponent": "WPG",
        "propType": "pts",
        "line": 0.5,
        "ppLine": "PP1",
        "avg": 0.29,
        "hit": false,
        "diffAvg": -0.42,
        "diffAbs": 0.2,
        "lastAvg": 0.4,
        "diff": -0.2,
        "avgMin": 23,
        "proj": 0.4,
        "lastAvgMin": 21.8,
        "oppOver": 0,
        "teamOver": 0,
        "gameLine": "-102",
        "+/-": "+5",
        "L5_+/-": "+6.0",
        "prevMatchup": "2023-12-30 0.0 pts",
        "winLossSplits": "80% - 0%",
        "awayHome": "H",
        "playedYesterday": "Y",
        "awayHomeSplits": "22% - 40%",
        "savesAboveExp": "-",
        "gsaa": 1.87,
        "corsi": "50.8% (60.9) // 49.5% (58.8) // 51.4% (57.8) // 48.0% (58.5)",
        "fenwick": "50.8% (43.6) // 48.8% (42.4) // 52.6% (44.3) // 50.0% (46.0)",
        "shots": "50.1% (29.8) // 48.1% (28.5) // 54.5% (31.1) // 52.8% (33.5)",
        "scoring": "51.7% (30.1) // 51.0% (29.8) // 56.0% (29.9) // 47.5% (29.0)",
        "corsiAgainst": "49.2% (59.1) // 50.5% (59.9) // 48.6% (54.6) // 52.0% (63.5)",
        "fenwickAgainst": "49.2% (42.3) // 51.2% (44.5) // 47.4% (39.9) // 50.0% (46.0)",
        "shotsAgainst": "49.9% (29.7) // 51.9% (30.7) // 45.5% (26.0) // 47.2% (30.0)",
        "scoringAgainst": "48.3% (28.2) // 49.0% (28.6) // 44.0% (23.5) // 52.5% (32.0)",
        "oppCorsi": "50.9% (59.6) // 52.4% (65.3) // 56.1% (71.1) // 57.4% (72.6)",
        "oppFenwick": "51.2% (43.6) // 52.8% (48.3) // 55.6% (51.0) // 57.1% (53.0)",
        "oppShots": "52.0% (31.0) // 52.2% (32.4) // 54.5% (33.9) // 53.4% (34.4)",
        "oppScoring": "50.6% (28.0) // 52.6% (30.7) // 56.0% (33.6) // 55.8% (32.9)",
        "oppCorsiAgainst": "49.1% (57.4) // 47.6% (59.3) // 43.9% (55.6) // 42.6% (54.0)",
        "oppFenwickAgainst": "48.8% (41.6) // 47.2% (43.2) // 44.4% (40.8) // 42.9% (39.8)",
        "oppShotsAgainst": "48.0% (28.6) // 47.8% (29.6) // 45.5% (28.3) // 46.6% (29.9)",
        "oppScoringAgainst": "49.4% (27.3) // 47.4% (27.6) // 44.0% (26.3) // 44.2% (26.0)",
        "totalOver": 29,
        "totalOverLast5": 20,
        "totalOverLast15": 29,
        "lastTotalOver": 35,
        "last5": "0,0,0,0,1,1,1,1,0,0",
        "fd": "+104",
        "dk": "+130/-166",
        "kambi": "120/-159",
        "lowest": "130 DK",
        "implied": 43.47826086956522,
        "overOdds": "+130",
        "underOdds": "-166",
        "overUnder": "+130 / -166"
    },
    {
        "player": "Joel Eriksson Ek",
        "team": "MIN",
        "opponent": "WPG",
        "propType": "pts",
        "line": 0.5,
        "ppLine": "PP1",
        "avg": 0.74,
        "hit": false,
        "diffAvg": 0.48,
        "diffAbs": 0.6,
        "lastAvg": 0.77,
        "diff": 0.54,
        "avgMin": 20,
        "proj": 0.8,
        "lastAvgMin": 18.98,
        "oppOver": 0,
        "teamOver": 0,
        "gameLine": "-102",
        "+/-": "+12",
        "L5_+/-": "+9.0",
        "prevMatchup": "2023-12-30 0.0 pts",
        "winLossSplits": "69% - 44%",
        "awayHome": "H",
        "playedYesterday": "Y",
        "awayHomeSplits": "50% - 62%",
        "savesAboveExp": "-",
        "gsaa": 1.87,
        "corsi": "50.8% (60.9) // 49.5% (58.8) // 51.4% (57.8) // 48.0% (58.5)",
        "fenwick": "50.8% (43.6) // 48.8% (42.4) // 52.6% (44.3) // 50.0% (46.0)",
        "shots": "50.1% (29.8) // 48.1% (28.5) // 54.5% (31.1) // 52.8% (33.5)",
        "scoring": "51.7% (30.1) // 51.0% (29.8) // 56.0% (29.9) // 47.5% (29.0)",
        "corsiAgainst": "49.2% (59.1) // 50.5% (59.9) // 48.6% (54.6) // 52.0% (63.5)",
        "fenwickAgainst": "49.2% (42.3) // 51.2% (44.5) // 47.4% (39.9) // 50.0% (46.0)",
        "shotsAgainst": "49.9% (29.7) // 51.9% (30.7) // 45.5% (26.0) // 47.2% (30.0)",
        "scoringAgainst": "48.3% (28.2) // 49.0% (28.6) // 44.0% (23.5) // 52.5% (32.0)",
        "oppCorsi": "50.9% (59.6) // 52.4% (65.3) // 56.1% (71.1) // 57.4% (72.6)",
        "oppFenwick": "51.2% (43.6) // 52.8% (48.3) // 55.6% (51.0) // 57.1% (53.0)",
        "oppShots": "52.0% (31.0) // 52.2% (32.4) // 54.5% (33.9) // 53.4% (34.4)",
        "oppScoring": "50.6% (28.0) // 52.6% (30.7) // 56.0% (33.6) // 55.8% (32.9)",
        "oppCorsiAgainst": "49.1% (57.4) // 47.6% (59.3) // 43.9% (55.6) // 42.6% (54.0)",
        "oppFenwickAgainst": "48.8% (41.6) // 47.2% (43.2) // 44.4% (40.8) // 42.9% (39.8)",
        "oppShotsAgainst": "48.0% (28.6) // 47.8% (29.6) // 45.5% (28.3) // 46.6% (29.9)",
        "oppScoringAgainst": "49.4% (27.3) // 47.4% (27.6) // 44.0% (26.3) // 44.2% (26.0)",
        "totalOver": 56,
        "totalOverLast5": 60,
        "totalOverLast15": 40,
        "lastTotalOver": 57,
        "last5": "0,1,2,0,1,0,0,0,1,1",
        "fd": "-200",
        "dk": "-180/+140",
        "kambi": "-195/145",
        "lowest": "-180 DK",
        "implied": 64.28571428571429,
        "overOdds": "-180",
        "underOdds": "+140",
        "overUnder": "-180 / +140"
    },
    {
        "player": "Josh Morrissey",
        "team": "WPG",
        "opponent": "MIN",
        "propType": "pts",
        "line": 0.5,
        "ppLine": "PP1",
        "avg": 0.88,
        "hit": false,
        "diffAvg": 0.76,
        "diffAbs": 0.8,
        "lastAvg": 0.92,
        "diff": 0.84,
        "avgMin": 24,
        "proj": 0.9,
        "lastAvgMin": 24.22,
        "oppOver": 0,
        "teamOver": 0,
        "gameLine": "-118",
        "+/-": "+21",
        "L5_+/-": "+16.0",
        "prevMatchup": "2023-12-30 1.0 pts",
        "winLossSplits": "71% - 31%",
        "awayHome": "A",
        "playedYesterday": "Y",
        "awayHomeSplits": "60% - 53%",
        "savesAboveExp": 0.141,
        "gsaa": -4.0,
        "corsi": "50.9% (59.6) // 52.4% (65.3) // 56.1% (71.1) // 57.4% (72.6)",
        "fenwick": "51.2% (43.6) // 52.8% (48.3) // 55.6% (51.0) // 57.1% (53.0)",
        "shots": "52.0% (31.0) // 52.2% (32.4) // 54.5% (33.9) // 53.4% (34.4)",
        "scoring": "50.6% (28.0) // 52.6% (30.7) // 56.0% (33.6) // 55.8% (32.9)",
        "corsiAgainst": "49.1% (57.4) // 47.6% (59.3) // 43.9% (55.6) // 42.6% (54.0)",
        "fenwickAgainst": "48.8% (41.6) // 47.2% (43.2) // 44.4% (40.8) // 42.9% (39.8)",
        "shotsAgainst": "48.0% (28.6) // 47.8% (29.6) // 45.5% (28.3) // 46.6% (29.9)",
        "scoringAgainst": "49.4% (27.3) // 47.4% (27.6) // 44.0% (26.3) // 44.2% (26.0)",
        "oppCorsi": "50.8% (60.9) // 49.5% (58.8) // 51.4% (57.8) // 48.0% (58.5)",
        "oppFenwick": "50.8% (43.6) // 48.8% (42.4) // 52.6% (44.3) // 50.0% (46.0)",
        "oppShots": "50.1% (29.8) // 48.1% (28.5) // 54.5% (31.1) // 52.8% (33.5)",
        "oppScoring": "51.7% (30.1) // 51.0% (29.8) // 56.0% (29.9) // 47.5% (29.0)",
        "oppCorsiAgainst": "49.2% (59.1) // 50.5% (59.9) // 48.6% (54.6) // 52.0% (63.5)",
        "oppFenwickAgainst": "49.2% (42.3) // 51.2% (44.5) // 47.4% (39.9) // 50.0% (46.0)",
        "oppShotsAgainst": "49.9% (29.7) // 51.9% (30.7) // 45.5% (26.0) // 47.2% (30.0)",
        "oppScoringAgainst": "48.3% (28.2) // 49.0% (28.6) // 44.0% (23.5) // 52.5% (32.0)",
        "totalOver": 56,
        "totalOverLast5": 80,
        "totalOverLast15": 53,
        "lastTotalOver": 61,
        "last5": "1,0,1,1,1,2,0,0,2,2",
        "fd": "-125",
        "dk": "-125/-105",
        "kambi": "0",
        "lowest": "-125 DK",
        "implied": 55.55555555555556,
        "overOdds": "-125",
        "underOdds": "-105",
        "overUnder": "-125 / -105"
    },
    {
        "player": "Marco Rossi",
        "team": "MIN",
        "opponent": "WPG",
        "propType": "pts",
        "line": 0.5,
        "ppLine": "PP1",
        "avg": 0.65,
        "hit": false,
        "diffAvg": 0.3,
        "diffAbs": 0.8,
        "lastAvg": 0.05,
        "diff": -0.9,
        "avgMin": 16,
        "proj": 0.1,
        "lastAvgMin": 12.52,
        "oppOver": 0,
        "teamOver": 0,
        "gameLine": "-102",
        "+/-": "+10",
        "L5_+/-": "+5.0",
        "prevMatchup": "2023-12-30 0.0 pts",
        "winLossSplits": "62% - 44%",
        "awayHome": "H",
        "playedYesterday": "Y",
        "awayHomeSplits": "44% - 62%",
        "savesAboveExp": "-",
        "gsaa": 1.87,
        "corsi": "50.8% (60.9) // 49.5% (58.8) // 51.4% (57.8) // 48.0% (58.5)",
        "fenwick": "50.8% (43.6) // 48.8% (42.4) // 52.6% (44.3) // 50.0% (46.0)",
        "shots": "50.1% (29.8) // 48.1% (28.5) // 54.5% (31.1) // 52.8% (33.5)",
        "scoring": "51.7% (30.1) // 51.0% (29.8) // 56.0% (29.9) // 47.5% (29.0)",
        "corsiAgainst": "49.2% (59.1) // 50.5% (59.9) // 48.6% (54.6) // 52.0% (63.5)",
        "fenwickAgainst": "49.2% (42.3) // 51.2% (44.5) // 47.4% (39.9) // 50.0% (46.0)",
        "shotsAgainst": "49.9% (29.7) // 51.9% (30.7) // 45.5% (26.0) // 47.2% (30.0)",
        "scoringAgainst": "48.3% (28.2) // 49.0% (28.6) // 44.0% (23.5) // 52.5% (32.0)",
        "oppCorsi": "50.9% (59.6) // 52.4% (65.3) // 56.1% (71.1) // 57.4% (72.6)",
        "oppFenwick": "51.2% (43.6) // 52.8% (48.3) // 55.6% (51.0) // 57.1% (53.0)",
        "oppShots": "52.0% (31.0) // 52.2% (32.4) // 54.5% (33.9) // 53.4% (34.4)",
        "oppScoring": "50.6% (28.0) // 52.6% (30.7) // 56.0% (33.6) // 55.8% (32.9)",
        "oppCorsiAgainst": "49.1% (57.4) // 47.6% (59.3) // 43.9% (55.6) // 42.6% (54.0)",
        "oppFenwickAgainst": "48.8% (41.6) // 47.2% (43.2) // 44.4% (40.8) // 42.9% (39.8)",
        "oppShotsAgainst": "48.0% (28.6) // 47.8% (29.6) // 45.5% (28.3) // 46.6% (29.9)",
        "oppScoringAgainst": "49.4% (27.3) // 47.4% (27.6) // 44.0% (26.3) // 44.2% (26.0)",
        "totalOver": 53,
        "totalOverLast5": 60,
        "totalOverLast15": 53,
        "lastTotalOver": 5,
        "last5": "0,1,0,3,1,0,0,1,1,0",
        "fd": "-106",
        "dk": "+100/-130",
        "kambi": "102/-132",
        "lowest": "102 BR",
        "implied": 49.504950495049506,
        "overOdds": "+100",
        "underOdds": "-130",
        "overUnder": "+100 / -130"
    },
    {
        "player": "Marcus Johansson",
        "team": "MIN",
        "opponent": "WPG",
        "propType": "pts",
        "line": 0.5,
        "ppLine": "PP2",
        "avg": 0.56,
        "hit": false,
        "diffAvg": 0.12,
        "diffAbs": 0.0,
        "lastAvg": 0.53,
        "diff": 0.06,
        "avgMin": 16,
        "proj": 0.5,
        "lastAvgMin": 16.48,
        "oppOver": 0,
        "teamOver": 0,
        "gameLine": "-102",
        "+/-": "+3",
        "L5_+/-": "+6.0",
        "prevMatchup": "2023-12-30 1.0 pts",
        "winLossSplits": "50% - 39%",
        "awayHome": "H",
        "playedYesterday": "Y",
        "awayHomeSplits": "44% - 44%",
        "savesAboveExp": "-",
        "gsaa": 1.87,
        "corsi": "50.8% (60.9) // 49.5% (58.8) // 51.4% (57.8) // 48.0% (58.5)",
        "fenwick": "50.8% (43.6) // 48.8% (42.4) // 52.6% (44.3) // 50.0% (46.0)",
        "shots": "50.1% (29.8) // 48.1% (28.5) // 54.5% (31.1) // 52.8% (33.5)",
        "scoring": "51.7% (30.1) // 51.0% (29.8) // 56.0% (29.9) // 47.5% (29.0)",
        "corsiAgainst": "49.2% (59.1) // 50.5% (59.9) // 48.6% (54.6) // 52.0% (63.5)",
        "fenwickAgainst": "49.2% (42.3) // 51.2% (44.5) // 47.4% (39.9) // 50.0% (46.0)",
        "shotsAgainst": "49.9% (29.7) // 51.9% (30.7) // 45.5% (26.0) // 47.2% (30.0)",
        "scoringAgainst": "48.3% (28.2) // 49.0% (28.6) // 44.0% (23.5) // 52.5% (32.0)",
        "oppCorsi": "50.9% (59.6) // 52.4% (65.3) // 56.1% (71.1) // 57.4% (72.6)",
        "oppFenwick": "51.2% (43.6) // 52.8% (48.3) // 55.6% (51.0) // 57.1% (53.0)",
        "oppShots": "52.0% (31.0) // 52.2% (32.4) // 54.5% (33.9) // 53.4% (34.4)",
        "oppScoring": "50.6% (28.0) // 52.6% (30.7) // 56.0% (33.6) // 55.8% (32.9)",
        "oppCorsiAgainst": "49.1% (57.4) // 47.6% (59.3) // 43.9% (55.6) // 42.6% (54.0)",
        "oppFenwickAgainst": "48.8% (41.6) // 47.2% (43.2) // 44.4% (40.8) // 42.9% (39.8)",
        "oppShotsAgainst": "48.0% (28.6) // 47.8% (29.6) // 45.5% (28.3) // 46.6% (29.9)",
        "oppScoringAgainst": "49.4% (27.3) // 47.4% (27.6) // 44.0% (26.3) // 44.2% (26.0)",
        "totalOver": 44,
        "totalOverLast5": 80,
        "totalOverLast15": 53,
        "lastTotalOver": 44,
        "last5": "1,3,0,1,1,1,0,1,0,2",
        "fd": "0",
        "dk": "+120/-150",
        "kambi": "117/-152",
        "lowest": "120 DK",
        "implied": 45.45454545454545,
        "overOdds": "+120",
        "underOdds": "-150",
        "overUnder": "+120 / -150"
    },
    {
        "player": "Mark Scheifele",
        "team": "WPG",
        "opponent": "MIN",
        "propType": "pts",
        "line": 0.5,
        "ppLine": "PP1",
        "avg": 1.06,
        "hit": false,
        "diffAvg": 1.12,
        "diffAbs": 0.6,
        "lastAvg": 0.8,
        "diff": 0.6,
        "avgMin": 20,
        "proj": 0.8,
        "lastAvgMin": 20.47,
        "oppOver": 0,
        "teamOver": 0,
        "gameLine": "-118",
        "+/-": "+13",
        "L5_+/-": "+14.0",
        "prevMatchup": "2023-12-30 0.0 pts",
        "winLossSplits": "71% - 62%",
        "awayHome": "A",
        "playedYesterday": "Y",
        "awayHomeSplits": "53% - 79%",
        "savesAboveExp": 0.141,
        "gsaa": -4.0,
        "corsi": "50.9% (59.6) // 52.4% (65.3) // 56.1% (71.1) // 57.4% (72.6)",
        "fenwick": "51.2% (43.6) // 52.8% (48.3) // 55.6% (51.0) // 57.1% (53.0)",
        "shots": "52.0% (31.0) // 52.2% (32.4) // 54.5% (33.9) // 53.4% (34.4)",
        "scoring": "50.6% (28.0) // 52.6% (30.7) // 56.0% (33.6) // 55.8% (32.9)",
        "corsiAgainst": "49.1% (57.4) // 47.6% (59.3) // 43.9% (55.6) // 42.6% (54.0)",
        "fenwickAgainst": "48.8% (41.6) // 47.2% (43.2) // 44.4% (40.8) // 42.9% (39.8)",
        "shotsAgainst": "48.0% (28.6) // 47.8% (29.6) // 45.5% (28.3) // 46.6% (29.9)",
        "scoringAgainst": "49.4% (27.3) // 47.4% (27.6) // 44.0% (26.3) // 44.2% (26.0)",
        "oppCorsi": "50.8% (60.9) // 49.5% (58.8) // 51.4% (57.8) // 48.0% (58.5)",
        "oppFenwick": "50.8% (43.6) // 48.8% (42.4) // 52.6% (44.3) // 50.0% (46.0)",
        "oppShots": "50.1% (29.8) // 48.1% (28.5) // 54.5% (31.1) // 52.8% (33.5)",
        "oppScoring": "51.7% (30.1) // 51.0% (29.8) // 56.0% (29.9) // 47.5% (29.0)",
        "oppCorsiAgainst": "49.2% (59.1) // 50.5% (59.9) // 48.6% (54.6) // 52.0% (63.5)",
        "oppFenwickAgainst": "49.2% (42.3) // 51.2% (44.5) // 47.4% (39.9) // 50.0% (46.0)",
        "oppShotsAgainst": "49.9% (29.7) // 51.9% (30.7) // 45.5% (26.0) // 47.2% (30.0)",
        "oppScoringAgainst": "48.3% (28.2) // 49.0% (28.6) // 44.0% (23.5) // 52.5% (32.0)",
        "totalOver": 68,
        "totalOverLast5": 40,
        "totalOverLast15": 53,
        "lastTotalOver": 51,
        "last5": "0,0,2,1,0,2,3,0,1,0",
        "fd": "-186",
        "dk": "-180/+140",
        "kambi": "-200/155",
        "lowest": "-180 DK",
        "implied": 64.28571428571429,
        "overOdds": "-180",
        "underOdds": "+140",
        "overUnder": "-180 / +140"
    },
    {
        "player": "Matthew Boldy",
        "team": "MIN",
        "opponent": "WPG",
        "propType": "pts",
        "line": 0.5,
        "ppLine": "",
        "avg": 0.78,
        "hit": false,
        "diffAvg": 0.56,
        "diffAbs": 0.4,
        "lastAvg": 0.72,
        "diff": 0.44,
        "avgMin": 17,
        "proj": 0.7,
        "lastAvgMin": 18.48,
        "oppOver": 0,
        "teamOver": 0,
        "gameLine": "-102",
        "+/-": "+5",
        "L5_+/-": "+6.0",
        "prevMatchup": "2023-12-30 1.0 pts",
        "winLossSplits": "71% - 54%",
        "awayHome": "H",
        "playedYesterday": "Y",
        "awayHomeSplits": "57% - 69%",
        "savesAboveExp": "-",
        "gsaa": 1.87,
        "corsi": "50.8% (60.9) // 49.5% (58.8) // 51.4% (57.8) // 48.0% (58.5)",
        "fenwick": "50.8% (43.6) // 48.8% (42.4) // 52.6% (44.3) // 50.0% (46.0)",
        "shots": "50.1% (29.8) // 48.1% (28.5) // 54.5% (31.1) // 52.8% (33.5)",
        "scoring": "51.7% (30.1) // 51.0% (29.8) // 56.0% (29.9) // 47.5% (29.0)",
        "corsiAgainst": "49.2% (59.1) // 50.5% (59.9) // 48.6% (54.6) // 52.0% (63.5)",
        "fenwickAgainst": "49.2% (42.3) // 51.2% (44.5) // 47.4% (39.9) // 50.0% (46.0)",
        "shotsAgainst": "49.9% (29.7) // 51.9% (30.7) // 45.5% (26.0) // 47.2% (30.0)",
        "scoringAgainst": "48.3% (28.2) // 49.0% (28.6) // 44.0% (23.5) // 52.5% (32.0)",
        "oppCorsi": "50.9% (59.6) // 52.4% (65.3) // 56.1% (71.1) // 57.4% (72.6)",
        "oppFenwick": "51.2% (43.6) // 52.8% (48.3) // 55.6% (51.0) // 57.1% (53.0)",
        "oppShots": "52.0% (31.0) // 52.2% (32.4) // 54.5% (33.9) // 53.4% (34.4)",
        "oppScoring": "50.6% (28.0) // 52.6% (30.7) // 56.0% (33.6) // 55.8% (32.9)",
        "oppCorsiAgainst": "49.1% (57.4) // 47.6% (59.3) // 43.9% (55.6) // 42.6% (54.0)",
        "oppFenwickAgainst": "48.8% (41.6) // 47.2% (43.2) // 44.4% (40.8) // 42.9% (39.8)",
        "oppShotsAgainst": "48.0% (28.6) // 47.8% (29.6) // 45.5% (28.3) // 46.6% (29.9)",
        "oppScoringAgainst": "49.4% (27.3) // 47.4% (27.6) // 44.0% (26.3) // 44.2% (26.0)",
        "totalOver": 63,
        "totalOverLast5": 60,
        "totalOverLast15": 60,
        "lastTotalOver": 50,
        "last5": "1,1,0,1,0,1,0,1,1,2",
        "fd": "0",
        "dk": "-190/+145",
        "kambi": "-195/145",
        "lowest": "-190 DK",
        "implied": 65.51724137931035,
        "overOdds": "-190",
        "underOdds": "+145",
        "overUnder": "-190 / +145"
    },
    {
        "player": "Nikolaj Ehlers",
        "team": "WPG",
        "opponent": "MIN",
        "propType": "pts",
        "line": 0.5,
        "ppLine": "PP1",
        "avg": 0.76,
        "hit": false,
        "diffAvg": 0.52,
        "diffAbs": 0.6,
        "lastAvg": 0.83,
        "diff": 0.66,
        "avgMin": 16,
        "proj": 0.8,
        "lastAvgMin": 15.63,
        "oppOver": 0,
        "teamOver": 0,
        "gameLine": "-118",
        "+/-": "+16",
        "L5_+/-": "+14.0",
        "prevMatchup": "2023-12-30 0.0 pts",
        "winLossSplits": "67% - 31%",
        "awayHome": "A",
        "playedYesterday": "Y",
        "awayHomeSplits": "47% - 58%",
        "savesAboveExp": 0.141,
        "gsaa": -4.0,
        "corsi": "50.9% (59.6) // 52.4% (65.3) // 56.1% (71.1) // 57.4% (72.6)",
        "fenwick": "51.2% (43.6) // 52.8% (48.3) // 55.6% (51.0) // 57.1% (53.0)",
        "shots": "52.0% (31.0) // 52.2% (32.4) // 54.5% (33.9) // 53.4% (34.4)",
        "scoring": "50.6% (28.0) // 52.6% (30.7) // 56.0% (33.6) // 55.8% (32.9)",
        "corsiAgainst": "49.1% (57.4) // 47.6% (59.3) // 43.9% (55.6) // 42.6% (54.0)",
        "fenwickAgainst": "48.8% (41.6) // 47.2% (43.2) // 44.4% (40.8) // 42.9% (39.8)",
        "shotsAgainst": "48.0% (28.6) // 47.8% (29.6) // 45.5% (28.3) // 46.6% (29.9)",
        "scoringAgainst": "49.4% (27.3) // 47.4% (27.6) // 44.0% (26.3) // 44.2% (26.0)",
        "oppCorsi": "50.8% (60.9) // 49.5% (58.8) // 51.4% (57.8) // 48.0% (58.5)",
        "oppFenwick": "50.8% (43.6) // 48.8% (42.4) // 52.6% (44.3) // 50.0% (46.0)",
        "oppShots": "50.1% (29.8) // 48.1% (28.5) // 54.5% (31.1) // 52.8% (33.5)",
        "oppScoring": "51.7% (30.1) // 51.0% (29.8) // 56.0% (29.9) // 47.5% (29.0)",
        "oppCorsiAgainst": "49.2% (59.1) // 50.5% (59.9) // 48.6% (54.6) // 52.0% (63.5)",
        "oppFenwickAgainst": "49.2% (42.3) // 51.2% (44.5) // 47.4% (39.9) // 50.0% (46.0)",
        "oppShotsAgainst": "49.9% (29.7) // 51.9% (30.7) // 45.5% (26.0) // 47.2% (30.0)",
        "oppScoringAgainst": "48.3% (28.2) // 49.0% (28.6) // 44.0% (23.5) // 52.5% (32.0)",
        "totalOver": 53,
        "totalOverLast5": 60,
        "totalOverLast15": 60,
        "lastTotalOver": 57,
        "last5": "0,0,1,2,1,2,4,0,1,1",
        "fd": "-142",
        "dk": "-145/+114",
        "kambi": "-157/120",
        "lowest": "-142 FD",
        "implied": 58.67768595041323,
        "overOdds": "-145",
        "underOdds": "+114",
        "overUnder": "-145 / +114"
    },
    {
        "player": "Nino Niederreiter",
        "team": "WPG",
        "opponent": "MIN",
        "propType": "pts",
        "line": 0.5,
        "ppLine": "PP2",
        "avg": 0.65,
        "hit": false,
        "diffAvg": 0.3,
        "diffAbs": 0.0,
        "lastAvg": 0.49,
        "diff": -0.02,
        "avgMin": 15,
        "proj": 0.5,
        "lastAvgMin": 16.28,
        "oppOver": 0,
        "teamOver": 0,
        "gameLine": "-118",
        "+/-": "+12",
        "L5_+/-": "+3.0",
        "prevMatchup": "2023-12-30 2.0 pts",
        "winLossSplits": "57% - 15%",
        "awayHome": "A",
        "playedYesterday": "Y",
        "awayHomeSplits": "40% - 42%",
        "savesAboveExp": 0.141,
        "gsaa": -4.0,
        "corsi": "50.9% (59.6) // 52.4% (65.3) // 56.1% (71.1) // 57.4% (72.6)",
        "fenwick": "51.2% (43.6) // 52.8% (48.3) // 55.6% (51.0) // 57.1% (53.0)",
        "shots": "52.0% (31.0) // 52.2% (32.4) // 54.5% (33.9) // 53.4% (34.4)",
        "scoring": "50.6% (28.0) // 52.6% (30.7) // 56.0% (33.6) // 55.8% (32.9)",
        "corsiAgainst": "49.1% (57.4) // 47.6% (59.3) // 43.9% (55.6) // 42.6% (54.0)",
        "fenwickAgainst": "48.8% (41.6) // 47.2% (43.2) // 44.4% (40.8) // 42.9% (39.8)",
        "shotsAgainst": "48.0% (28.6) // 47.8% (29.6) // 45.5% (28.3) // 46.6% (29.9)",
        "scoringAgainst": "49.4% (27.3) // 47.4% (27.6) // 44.0% (26.3) // 44.2% (26.0)",
        "oppCorsi": "50.8% (60.9) // 49.5% (58.8) // 51.4% (57.8) // 48.0% (58.5)",
        "oppFenwick": "50.8% (43.6) // 48.8% (42.4) // 52.6% (44.3) // 50.0% (46.0)",
        "oppShots": "50.1% (29.8) // 48.1% (28.5) // 54.5% (31.1) // 52.8% (33.5)",
        "oppScoring": "51.7% (30.1) // 51.0% (29.8) // 56.0% (29.9) // 47.5% (29.0)",
        "oppCorsiAgainst": "49.2% (59.1) // 50.5% (59.9) // 48.6% (54.6) // 52.0% (63.5)",
        "oppFenwickAgainst": "49.2% (42.3) // 51.2% (44.5) // 47.4% (39.9) // 50.0% (46.0)",
        "oppShotsAgainst": "49.9% (29.7) // 51.9% (30.7) // 45.5% (26.0) // 47.2% (30.0)",
        "oppScoringAgainst": "48.3% (28.2) // 49.0% (28.6) // 44.0% (23.5) // 52.5% (32.0)",
        "totalOver": 41,
        "totalOverLast5": 40,
        "totalOverLast15": 33,
        "lastTotalOver": 45,
        "last5": "2,0,3,0,0,1,0,0,1,1",
        "fd": "0",
        "dk": "+130/-166",
        "kambi": "125/-165",
        "lowest": "130 DK",
        "implied": 43.47826086956522,
        "overOdds": "+130",
        "underOdds": "-166",
        "overUnder": "+130 / -166"
    },
    {
        "player": "Alex Debrincat",
        "team": "DET",
        "opponent": "BOS",
        "propType": "pts",
        "line": 0.5,
        "ppLine": "PP1",
        "avg": 1.03,
        "hit": false,
        "diffAvg": 1.06,
        "diffAbs": 0.6,
        "lastAvg": 0.8,
        "diff": 0.6,
        "avgMin": 18,
        "proj": 0.8,
        "lastAvgMin": 19.0,
        "oppOver": 0,
        "teamOver": 0,
        "gameLine": "+114",
        "+/-": "+2",
        "L5_+/-": -2.0,
        "prevMatchup": "2023-11-24 2.0 pts 2023-11-04 1.0 pts 2023-10-28 0.0 pts",
        "winLossSplits": "76% - 47%",
        "awayHome": "H",
        "playedYesterday": "N",
        "awayHomeSplits": "53% - 68%",
        "savesAboveExp": 0.19,
        "gsaa": 13.56,
        "corsi": "47.1% (56.5) // 47.4% (58.6) // 46.9% (56.3) // 48.4% (58.9)",
        "fenwick": "47.0% (41.7) // 45.5% (42.1) // 44.9% (41.7) // 46.6% (43.2)",
        "shots": "48.1% (29.6) // 45.3% (29.0) // 43.2% (27.2) // 42.9% (25.0)",
        "scoring": "46.7% (27.3) // 46.9% (27.8) // 46.6% (26.7) // 45.2% (28.0)",
        "corsiAgainst": "52.9% (63.5) // 52.6% (65.1) // 53.1% (63.8) // 51.6% (62.8)",
        "fenwickAgainst": "53.0% (47.0) // 54.5% (50.4) // 55.1% (51.2) // 53.4% (49.6)",
        "shotsAgainst": "51.9% (31.9) // 54.7% (35.0) // 56.8% (35.7) // 57.1% (33.4)",
        "scoringAgainst": "53.3% (31.2) // 53.1% (31.4) // 53.4% (30.6) // 54.8% (33.9)",
        "oppCorsi": "48.4% (58.4) // 47.4% (55.7) // 44.4% (50.8) // 45.5% (50.0)",
        "oppFenwick": "48.5% (42.9) // 47.0% (41.0) // 44.8% (37.5) // 46.9% (38.0)",
        "oppShots": "48.9% (30.4) // 46.2% (28.0) // 44.4% (25.5) // 48.7% (28.0)",
        "oppScoring": "50.2% (29.7) // 46.4% (26.8) // 44.5% (23.2) // 53.1% (26.0)",
        "oppCorsiAgainst": "51.6% (62.4) // 52.6% (61.9) // 55.6% (63.5) // 54.5% (60.0)",
        "oppFenwickAgainst": "51.5% (45.6) // 53.0% (46.2) // 55.2% (46.2) // 53.1% (43.0)",
        "oppShotsAgainst": "51.1% (31.8) // 53.8% (32.6) // 55.6% (32.0) // 51.3% (29.5)",
        "oppScoringAgainst": "49.8% (29.5) // 53.6% (31.0) // 55.5% (29.0) // 46.9% (23.0)",
        "totalOver": 61,
        "totalOverLast5": 80,
        "totalOverLast15": 60,
        "lastTotalOver": 63,
        "last5": "3,2,1,3,0,2,0,0,0,1",
        "fd": "-142",
        "dk": "-140/+110",
        "kambi": "-152/116",
        "lowest": "-140 DK",
        "implied": 58.333333333333336,
        "overOdds": "-140",
        "underOdds": "+110",
        "overUnder": "-140 / +110"
    },
    {
        "player": "Brad Marchand",
        "team": "BOS",
        "opponent": "DET",
        "propType": "pts",
        "line": 0.5,
        "ppLine": "PP1",
        "avg": 0.94,
        "hit": false,
        "diffAvg": 0.88,
        "diffAbs": 0.8,
        "lastAvg": 0.84,
        "diff": 0.68,
        "avgMin": 19,
        "proj": 0.9,
        "lastAvgMin": 18.52,
        "oppOver": 0,
        "teamOver": 0,
        "gameLine": "-135",
        "+/-": -1,
        "L5_+/-": -1.0,
        "prevMatchup": "2023-11-24 0.0 pts 2023-11-04 0.0 pts 2023-10-28 1.0 pts",
        "winLossSplits": "86% - 38%",
        "awayHome": "A",
        "playedYesterday": "Y",
        "awayHomeSplits": "61% - 75%",
        "savesAboveExp": "-",
        "gsaa": 5.16,
        "corsi": "48.4% (58.4) // 47.4% (55.7) // 44.4% (50.8) // 45.5% (50.0)",
        "fenwick": "48.5% (42.9) // 47.0% (41.0) // 44.8% (37.5) // 46.9% (38.0)",
        "shots": "48.9% (30.4) // 46.2% (28.0) // 44.4% (25.5) // 48.7% (28.0)",
        "scoring": "50.2% (29.7) // 46.4% (26.8) // 44.5% (23.2) // 53.1% (26.0)",
        "corsiAgainst": "51.6% (62.4) // 52.6% (61.9) // 55.6% (63.5) // 54.5% (60.0)",
        "fenwickAgainst": "51.5% (45.6) // 53.0% (46.2) // 55.2% (46.2) // 53.1% (43.0)",
        "shotsAgainst": "51.1% (31.8) // 53.8% (32.6) // 55.6% (32.0) // 51.3% (29.5)",
        "scoringAgainst": "49.8% (29.5) // 53.6% (31.0) // 55.5% (29.0) // 46.9% (23.0)",
        "oppCorsi": "47.1% (56.5) // 47.4% (58.6) // 46.9% (56.3) // 48.4% (58.9)",
        "oppFenwick": "47.0% (41.7) // 45.5% (42.1) // 44.9% (41.7) // 46.6% (43.2)",
        "oppShots": "48.1% (29.6) // 45.3% (29.0) // 43.2% (27.2) // 42.9% (25.0)",
        "oppScoring": "46.7% (27.3) // 46.9% (27.8) // 46.6% (26.7) // 45.2% (28.0)",
        "oppCorsiAgainst": "52.9% (63.5) // 52.6% (65.1) // 53.1% (63.8) // 51.6% (62.8)",
        "oppFenwickAgainst": "53.0% (47.0) // 54.5% (50.4) // 55.1% (51.2) // 53.4% (49.6)",
        "oppShotsAgainst": "51.9% (31.9) // 54.7% (35.0) // 56.8% (35.7) // 57.1% (33.4)",
        "oppScoringAgainst": "53.3% (31.2) // 53.1% (31.4) // 53.4% (30.6) // 54.8% (33.9)",
        "totalOver": 68,
        "totalOverLast5": 80,
        "totalOverLast15": 60,
