[
    {
        "player": "Dawson Mercer",
        "team": "NJ",
        "opponent": "BOS",
        "propType": "pts",
        "line": 0.5,
        "ppLine": "",
        "avg": 0.51,
        "hit": false,
        "diffAvg": 0.02,
        "diffAbs": 0.2,
        "lastAvg": 0.6,
        "diff": 0.2,
        "avgMin": 17,
        "proj": 0.6,
        "lastAvgMin": 16.55,
        "oppOver": 0,
        "teamOver": 0,
        "gameLine": "+136",
        "+/-": -5,
        "L5_+/-": "+3.0",
        "prevMatchup": "2023-12-30 0.0 pts 2023-12-13 1.0 pts",
        "winLossSplits": "47% - 25%",
        "awayHome": "A",
        "playedYesterday": "Y",
        "awayHomeSplits": "35% - 39%",
        "savesAboveExp": 0.892,
        "gsaa": 6.56,
        "corsi": "54.4% (64.2) // 52.9% (61.5) // 51.2% (60.6) // 52.2% (62.2)",
        "fenwick": "52.5% (44.7) // 51.4% (42.5) // 51.4% (43.3) // 52.0% (42.8)",
        "shots": "52.2% (31.5) // 52.0% (30.2) // 51.8% (31.8) // 53.0% (32.3)",
        "scoring": "55.0% (31.4) // 53.7% (29.8) // 50.4% (26.8) // 53.0% (29.3)",
        "corsiAgainst": "45.6% (53.8) // 47.1% (54.7) // 48.8% (57.8) // 47.8% (57.0)",
        "fenwickAgainst": "47.5% (40.5) // 48.6% (40.2) // 48.6% (40.9) // 48.0% (39.5)",
        "shotsAgainst": "47.8% (28.9) // 48.0% (27.9) // 48.2% (29.6) // 47.0% (28.6)",
        "scoringAgainst": "45.0% (25.7) // 46.3% (25.6) // 49.6% (26.4) // 47.0% (26.0)",
        "oppCorsi": "48.4% (58.4) // 47.4% (55.7) // 44.4% (50.8) // 45.5% (50.0)",
        "oppFenwick": "48.5% (42.9) // 47.0% (41.0) // 44.8% (37.5) // 46.9% (38.0)",
        "oppShots": "48.9% (30.4) // 46.2% (28.0) // 44.4% (25.5) // 48.7% (28.0)",
        "oppScoring": "50.2% (29.7) // 46.4% (26.8) // 44.5% (23.2) // 53.1% (26.0)",
        "oppCorsiAgainst": "51.6% (62.4) // 52.6% (61.9) // 55.6% (63.5) // 54.5% (60.0)",
        "oppFenwickAgainst": "51.5% (45.6) // 53.0% (46.2) // 55.2% (46.2) // 53.1% (43.0)",
        "oppShotsAgainst": "51.1% (31.8) // 53.8% (32.6) // 55.6% (32.0) // 51.3% (29.5)",
        "oppScoringAgainst": "49.8% (29.5) // 53.6% (31.0) // 55.5% (29.0) // 46.9% (23.0)",
        "totalOver": 37,
        "totalOverLast5": 60,
        "totalOverLast15": 40,
        "lastTotalOver": 44,
        "last5": "0,1,3,0,2,0,0,1,1,0",
        "fd": "0",
        "dk": "+124/-160",
        "kambi": "130/-167",
        "lowest": "130 BR",
        "implied": 43.47826086956522,
        "overOdds": "+124",
        "underOdds": "-160",
        "overUnder": "+124 / -160"
    },
    {
        "player": "Jack Hughes",
        "team": "NJ",
        "opponent": "BOS",
        "propType": "pts",
        "line": 1.5,
        "ppLine": "",
        "avg": 1.47,
        "hit": false,
        "diffAvg": -0.02,
        "diffAbs": 0.27,
        "lastAvg": 1.09,
        "diff": -0.27,
        "avgMin": 20,
        "proj": 1.1,
        "lastAvgMin": 19.95,
        "oppOver": 0,
        "teamOver": 0,
        "gameLine": "+136",
        "+/-": -4,
        "L5_+/-": -4.0,
        "prevMatchup": "2023-12-30 1.0 pts 2023-12-13 1.0 pts",
        "winLossSplits": "53% - 23%",
        "awayHome": "A",
        "playedYesterday": "Y",
        "awayHomeSplits": "54% - 29%",
        "savesAboveExp": 0.892,
        "gsaa": 6.56,
        "corsi": "54.4% (64.2) // 52.9% (61.5) // 51.2% (60.6) // 52.2% (62.2)",
        "fenwick": "52.5% (44.7) // 51.4% (42.5) // 51.4% (43.3) // 52.0% (42.8)",
        "shots": "52.2% (31.5) // 52.0% (30.2) // 51.8% (31.8) // 53.0% (32.3)",
        "scoring": "55.0% (31.4) // 53.7% (29.8) // 50.4% (26.8) // 53.0% (29.3)",
        "corsiAgainst": "45.6% (53.8) // 47.1% (54.7) // 48.8% (57.8) // 47.8% (57.0)",
        "fenwickAgainst": "47.5% (40.5) // 48.6% (40.2) // 48.6% (40.9) // 48.0% (39.5)",
        "shotsAgainst": "47.8% (28.9) // 48.0% (27.9) // 48.2% (29.6) // 47.0% (28.6)",
        "scoringAgainst": "45.0% (25.7) // 46.3% (25.6) // 49.6% (26.4) // 47.0% (26.0)",
        "oppCorsi": "48.4% (58.4) // 47.4% (55.7) // 44.4% (50.8) // 45.5% (50.0)",
        "oppFenwick": "48.5% (42.9) // 47.0% (41.0) // 44.8% (37.5) // 46.9% (38.0)",
        "oppShots": "48.9% (30.4) // 46.2% (28.0) // 44.4% (25.5) // 48.7% (28.0)",
        "oppScoring": "50.2% (29.7) // 46.4% (26.8) // 44.5% (23.2) // 53.1% (26.0)",
        "oppCorsiAgainst": "51.6% (62.4) // 52.6% (61.9) // 55.6% (63.5) // 54.5% (60.0)",
        "oppFenwickAgainst": "51.5% (45.6) // 53.0% (46.2) // 55.2% (46.2) // 53.1% (43.0)",
        "oppShotsAgainst": "51.1% (31.8) // 53.8% (32.6) // 55.6% (32.0) // 51.3% (29.5)",
        "oppScoringAgainst": "49.8% (29.5) // 53.6% (31.0) // 55.5% (29.0) // 46.9% (23.0)",
        "totalOver": 40,
        "totalOverLast5": 20,
        "totalOverLast15": 20,
        "lastTotalOver": 35,
        "last5": "1,3,1,1,0,1,0,3,1,0",
        "fd": "+150",
        "dk": "+135/-175",
        "kambi": "133/-175",
        "lowest": "150 FD",
        "implied": 40.0,
        "overOdds": "+135",
        "underOdds": "-175",
        "overUnder": "+135 / -175"
    },
    {
        "player": "Jesper Bratt",
        "team": "NJ",
        "opponent": "BOS",
        "propType": "pts",
        "line": 0.5,
        "ppLine": "",
        "avg": 1.23,
        "hit": false,
        "diffAvg": 1.46,
        "diffAbs": 0.6,
        "lastAvg": 0.78,
        "diff": 0.56,
        "avgMin": 18,
        "proj": 0.8,
        "lastAvgMin": 17.37,
        "oppOver": 0,
        "teamOver": 0,
        "gameLine": "+136",
        "+/-": -2,
        "L5_+/-": -2.0,
        "prevMatchup": "2023-12-30 1.0 pts 2023-12-13 1.0 pts",
        "winLossSplits": "74% - 62%",
        "awayHome": "A",
        "playedYesterday": "Y",
        "awayHomeSplits": "76% - 61%",
        "savesAboveExp": 0.892,
        "gsaa": 6.56,
        "corsi": "54.4% (64.2) // 52.9% (61.5) // 51.2% (60.6) // 52.2% (62.2)",
        "fenwick": "52.5% (44.7) // 51.4% (42.5) // 51.4% (43.3) // 52.0% (42.8)",
        "shots": "52.2% (31.5) // 52.0% (30.2) // 51.8% (31.8) // 53.0% (32.3)",
        "scoring": "55.0% (31.4) // 53.7% (29.8) // 50.4% (26.8) // 53.0% (29.3)",
        "corsiAgainst": "45.6% (53.8) // 47.1% (54.7) // 48.8% (57.8) // 47.8% (57.0)",
        "fenwickAgainst": "47.5% (40.5) // 48.6% (40.2) // 48.6% (40.9) // 48.0% (39.5)",
        "shotsAgainst": "47.8% (28.9) // 48.0% (27.9) // 48.2% (29.6) // 47.0% (28.6)",
        "scoringAgainst": "45.0% (25.7) // 46.3% (25.6) // 49.6% (26.4) // 47.0% (26.0)",
        "oppCorsi": "48.4% (58.4) // 47.4% (55.7) // 44.4% (50.8) // 45.5% (50.0)",
        "oppFenwick": "48.5% (42.9) // 47.0% (41.0) // 44.8% (37.5) // 46.9% (38.0)",
        "oppShots": "48.9% (30.4) // 46.2% (28.0) // 44.4% (25.5) // 48.7% (28.0)",
        "oppScoring": "50.2% (29.7) // 46.4% (26.8) // 44.5% (23.2) // 53.1% (26.0)",
        "oppCorsiAgainst": "51.6% (62.4) // 52.6% (61.9) // 55.6% (63.5) // 54.5% (60.0)",
        "oppFenwickAgainst": "51.5% (45.6) // 53.0% (46.2) // 55.2% (46.2) // 53.1% (43.0)",
        "oppShotsAgainst": "51.1% (31.8) // 53.8% (32.6) // 55.6% (32.0) // 51.3% (29.5)",
        "oppScoringAgainst": "49.8% (29.5) // 53.6% (31.0) // 55.5% (29.0) // 46.9% (23.0)",
        "totalOver": 69,
        "totalOverLast5": 60,
        "totalOverLast15": 73,
        "lastTotalOver": 61,
        "last5": "1,4,0,1,0,1,0,3,1,1",
        "fd": "-210",
        "dk": "-210/+160",
        "kambi": "-215/163",
        "lowest": "-210 DK",
        "implied": 67.74193548387096,
        "overOdds": "-210",
        "underOdds": "+160",
        "overUnder": "-210 / +160"
    },
    {
        "player": "Luke Hughes",
        "team": "NJ",
        "opponent": "BOS",
        "propType": "pts",
        "line": 0.5,
        "ppLine": "",
        "avg": 0.6,
        "hit": false,
        "diffAvg": 0.2,
        "diffAbs": 1.0,
        "lastAvg": 0,
        "diff": 0,
        "avgMin": 19,
        "proj": 0.0,
        "lastAvgMin": 0,
        "oppOver": 0,
        "teamOver": 0,
        "gameLine": "+136",
        "+/-": -3,
        "L5_+/-": -2.0,
        "prevMatchup": "2023-12-30 1.0 pts 2023-12-13 0.0 pts",
        "winLossSplits": "63% - 19%",
        "awayHome": "A",
        "playedYesterday": "Y",
        "awayHomeSplits": "53% - 33%",
        "savesAboveExp": 0.892,
        "gsaa": 6.56,
        "corsi": "54.4% (64.2) // 52.9% (61.5) // 51.2% (60.6) // 52.2% (62.2)",
        "fenwick": "52.5% (44.7) // 51.4% (42.5) // 51.4% (43.3) // 52.0% (42.8)",
        "shots": "52.2% (31.5) // 52.0% (30.2) // 51.8% (31.8) // 53.0% (32.3)",
        "scoring": "55.0% (31.4) // 53.7% (29.8) // 50.4% (26.8) // 53.0% (29.3)",
        "corsiAgainst": "45.6% (53.8) // 47.1% (54.7) // 48.8% (57.8) // 47.8% (57.0)",
        "fenwickAgainst": "47.5% (40.5) // 48.6% (40.2) // 48.6% (40.9) // 48.0% (39.5)",
        "shotsAgainst": "47.8% (28.9) // 48.0% (27.9) // 48.2% (29.6) // 47.0% (28.6)",
        "scoringAgainst": "45.0% (25.7) // 46.3% (25.6) // 49.6% (26.4) // 47.0% (26.0)",
        "oppCorsi": "48.4% (58.4) // 47.4% (55.7) // 44.4% (50.8) // 45.5% (50.0)",
        "oppFenwick": "48.5% (42.9) // 47.0% (41.0) // 44.8% (37.5) // 46.9% (38.0)",
        "oppShots": "48.9% (30.4) // 46.2% (28.0) // 44.4% (25.5) // 48.7% (28.0)",
        "oppScoring": "50.2% (29.7) // 46.4% (26.8) // 44.5% (23.2) // 53.1% (26.0)",
        "oppCorsiAgainst": "51.6% (62.4) // 52.6% (61.9) // 55.6% (63.5) // 54.5% (60.0)",
        "oppFenwickAgainst": "51.5% (45.6) // 53.0% (46.2) // 55.2% (46.2) // 53.1% (43.0)",
        "oppShotsAgainst": "51.1% (31.8) // 53.8% (32.6) // 55.6% (32.0) // 51.3% (29.5)",
        "oppScoringAgainst": "49.8% (29.5) // 53.6% (31.0) // 55.5% (29.0) // 46.9% (23.0)",
        "totalOver": 43,
        "totalOverLast5": 60,
        "totalOverLast15": 33,
        "lastTotalOver": 40,
        "last5": "1,3,1,0,0,0,0,0,0,0",
        "fd": "+134",
        "dk": "+130/-166",
        "kambi": "120/-157",
        "lowest": "134 FD",
        "implied": 42.73504273504273,
        "overOdds": "+130",
        "underOdds": "-166",
        "overUnder": "+130 / -166"
    },
    {
        "player": "Nico Hischier",
        "team": "NJ",
        "opponent": "BOS",
        "propType": "pts",
        "line": 0.5,
        "ppLine": "",
        "avg": 0.71,
        "hit": false,
        "diffAvg": 0.42,
        "diffAbs": 0.6,
        "lastAvg": 0.86,
        "diff": 0.72,
        "avgMin": 17,
        "proj": 0.8,
        "lastAvgMin": 19.28,
        "oppOver": 0,
        "teamOver": 0,
        "gameLine": "+136",
        "+/-": -3,
        "L5_+/-": -7.0,
        "prevMatchup": "2023-12-30 1.0 pts 2023-12-13 0.0 pts",
        "winLossSplits": "60% - 44%",
        "awayHome": "A",
        "playedYesterday": "Y",
        "awayHomeSplits": "90% - 29%",
        "savesAboveExp": 0.892,
        "gsaa": 6.56,
        "corsi": "54.4% (64.2) // 52.9% (61.5) // 51.2% (60.6) // 52.2% (62.2)",
        "fenwick": "52.5% (44.7) // 51.4% (42.5) // 51.4% (43.3) // 52.0% (42.8)",
        "shots": "52.2% (31.5) // 52.0% (30.2) // 51.8% (31.8) // 53.0% (32.3)",
        "scoring": "55.0% (31.4) // 53.7% (29.8) // 50.4% (26.8) // 53.0% (29.3)",
        "corsiAgainst": "45.6% (53.8) // 47.1% (54.7) // 48.8% (57.8) // 47.8% (57.0)",
        "fenwickAgainst": "47.5% (40.5) // 48.6% (40.2) // 48.6% (40.9) // 48.0% (39.5)",
        "shotsAgainst": "47.8% (28.9) // 48.0% (27.9) // 48.2% (29.6) // 47.0% (28.6)",
        "scoringAgainst": "45.0% (25.7) // 46.3% (25.6) // 49.6% (26.4) // 47.0% (26.0)",
        "oppCorsi": "48.4% (58.4) // 47.4% (55.7) // 44.4% (50.8) // 45.5% (50.0)",
        "oppFenwick": "48.5% (42.9) // 47.0% (41.0) // 44.8% (37.5) // 46.9% (38.0)",
        "oppShots": "48.9% (30.4) // 46.2% (28.0) // 44.4% (25.5) // 48.7% (28.0)",
        "oppScoring": "50.2% (29.7) // 46.4% (26.8) // 44.5% (23.2) // 53.1% (26.0)",
        "oppCorsiAgainst": "51.6% (62.4) // 52.6% (61.9) // 55.6% (63.5) // 54.5% (60.0)",
        "oppFenwickAgainst": "51.5% (45.6) // 53.0% (46.2) // 55.2% (46.2) // 53.1% (43.0)",
        "oppShotsAgainst": "51.1% (31.8) // 53.8% (32.6) // 55.6% (32.0) // 51.3% (29.5)",
        "oppScoringAgainst": "49.8% (29.5) // 53.6% (31.0) // 55.5% (29.0) // 46.9% (23.0)",
        "totalOver": 54,
        "totalOverLast5": 40,
        "totalOverLast15": 53,
        "lastTotalOver": 67,
        "last5": "1,1,0,0,0,1,0,2,0,1",
        "fd": "-118",
        "dk": "-135/+105",
        "kambi": "-134/104",
        "lowest": "-118 FD",
        "implied": 54.12844036697248,
        "overOdds": "-135",
        "underOdds": "+105",
        "overUnder": "-135 / +105"
    },
    {
        "player": "Ondrej Palat",
        "team": "NJ",
        "opponent": "BOS",
        "propType": "pts",
        "line": 0.5,
        "ppLine": "",
        "avg": 0.4,
        "hit": false,
        "diffAvg": -0.2,
        "diffAbs": 0.2,
        "lastAvg": 0.38,
        "diff": -0.24,
        "avgMin": 15,
        "proj": 0.4,
        "lastAvgMin": 15.53,
        "oppOver": 0,
        "teamOver": 0,
        "gameLine": "+136",
        "+/-": -5,
        "L5_+/-": -4.0,
        "prevMatchup": "2023-12-30 0.0 pts 2023-12-13 0.0 pts",
        "winLossSplits": "37% - 38%",
        "awayHome": "A",
        "playedYesterday": "Y",
        "awayHomeSplits": "41% - 33%",
        "savesAboveExp": 0.892,
        "gsaa": 6.56,
        "corsi": "54.4% (64.2) // 52.9% (61.5) // 51.2% (60.6) // 52.2% (62.2)",
        "fenwick": "52.5% (44.7) // 51.4% (42.5) // 51.4% (43.3) // 52.0% (42.8)",
        "shots": "52.2% (31.5) // 52.0% (30.2) // 51.8% (31.8) // 53.0% (32.3)",
        "scoring": "55.0% (31.4) // 53.7% (29.8) // 50.4% (26.8) // 53.0% (29.3)",
        "corsiAgainst": "45.6% (53.8) // 47.1% (54.7) // 48.8% (57.8) // 47.8% (57.0)",
        "fenwickAgainst": "47.5% (40.5) // 48.6% (40.2) // 48.6% (40.9) // 48.0% (39.5)",
        "shotsAgainst": "47.8% (28.9) // 48.0% (27.9) // 48.2% (29.6) // 47.0% (28.6)",
        "scoringAgainst": "45.0% (25.7) // 46.3% (25.6) // 49.6% (26.4) // 47.0% (26.0)",
        "oppCorsi": "48.4% (58.4) // 47.4% (55.7) // 44.4% (50.8) // 45.5% (50.0)",
        "oppFenwick": "48.5% (42.9) // 47.0% (41.0) // 44.8% (37.5) // 46.9% (38.0)",
        "oppShots": "48.9% (30.4) // 46.2% (28.0) // 44.4% (25.5) // 48.7% (28.0)",
        "oppScoring": "50.2% (29.7) // 46.4% (26.8) // 44.5% (23.2) // 53.1% (26.0)",
        "oppCorsiAgainst": "51.6% (62.4) // 52.6% (61.9) // 55.6% (63.5) // 54.5% (60.0)",
        "oppFenwickAgainst": "51.5% (45.6) // 53.0% (46.2) // 55.2% (46.2) // 53.1% (43.0)",
        "oppShotsAgainst": "51.1% (31.8) // 53.8% (32.6) // 55.6% (32.0) // 51.3% (29.5)",
        "oppScoringAgainst": "49.8% (29.5) // 53.6% (31.0) // 55.5% (29.0) // 46.9% (23.0)",
        "totalOver": 37,
        "totalOverLast5": 20,
        "totalOverLast15": 27,
        "lastTotalOver": 38,
        "last5": "0,0,1,0,0,0,0,0,0,1",
        "fd": "0",
        "dk": "+124/-160",
        "kambi": "120/-157",
        "lowest": "124 DK",
        "implied": 44.642857142857146,
        "overOdds": "+124",
        "underOdds": "-160",
        "overUnder": "+124 / -160"
    },
    {
        "player": "Timo Meier",
        "team": "NJ",
        "opponent": "BOS",
        "propType": "pts",
        "line": 0.5,
        "ppLine": "",
        "avg": 0.54,
        "hit": false,
        "diffAvg": 0.08,
        "diffAbs": 0.2,
        "lastAvg": 0.74,
        "diff": 0.48,
        "avgMin": 16,
        "proj": 0.6,
        "lastAvgMin": 19.38,
        "oppOver": 0,
        "teamOver": 0,
        "gameLine": "+136",
        "+/-": -16,
        "L5_+/-": -1.0,
        "prevMatchup": "2023-12-30 0.0 pts 2023-12-13 0.0 pts",
        "winLossSplits": "47% - 38%",
        "awayHome": "A",
        "playedYesterday": "Y",
        "awayHomeSplits": "36% - 50%",
        "savesAboveExp": 0.892,
        "gsaa": 6.56,
        "corsi": "54.4% (64.2) // 52.9% (61.5) // 51.2% (60.6) // 52.2% (62.2)",
        "fenwick": "52.5% (44.7) // 51.4% (42.5) // 51.4% (43.3) // 52.0% (42.8)",
        "shots": "52.2% (31.5) // 52.0% (30.2) // 51.8% (31.8) // 53.0% (32.3)",
        "scoring": "55.0% (31.4) // 53.7% (29.8) // 50.4% (26.8) // 53.0% (29.3)",
        "corsiAgainst": "45.6% (53.8) // 47.1% (54.7) // 48.8% (57.8) // 47.8% (57.0)",
        "fenwickAgainst": "47.5% (40.5) // 48.6% (40.2) // 48.6% (40.9) // 48.0% (39.5)",
        "shotsAgainst": "47.8% (28.9) // 48.0% (27.9) // 48.2% (29.6) // 47.0% (28.6)",
        "scoringAgainst": "45.0% (25.7) // 46.3% (25.6) // 49.6% (26.4) // 47.0% (26.0)",
        "oppCorsi": "48.4% (58.4) // 47.4% (55.7) // 44.4% (50.8) // 45.5% (50.0)",
        "oppFenwick": "48.5% (42.9) // 47.0% (41.0) // 44.8% (37.5) // 46.9% (38.0)",
        "oppShots": "48.9% (30.4) // 46.2% (28.0) // 44.4% (25.5) // 48.7% (28.0)",
        "oppScoring": "50.2% (29.7) // 46.4% (26.8) // 44.5% (23.2) // 53.1% (26.0)",
        "oppCorsiAgainst": "51.6% (62.4) // 52.6% (61.9) // 55.6% (63.5) // 54.5% (60.0)",
        "oppFenwickAgainst": "51.5% (45.6) // 53.0% (46.2) // 55.2% (46.2) // 53.1% (43.0)",
        "oppShotsAgainst": "51.1% (31.8) // 53.8% (32.6) // 55.6% (32.0) // 51.3% (29.5)",
        "oppScoringAgainst": "49.8% (29.5) // 53.6% (31.0) // 55.5% (29.0) // 46.9% (23.0)",
        "totalOver": 43,
        "totalOverLast5": 60,
        "totalOverLast15": 20,
        "lastTotalOver": 54,
        "last5": "0,0,1,2,1,0,0,0,0,0",
        "fd": "0",
        "dk": "-115/-115",
        "kambi": "-104/-125",
        "lowest": "-104 BR",
        "implied": 50.98039215686274,
        "overOdds": "-115",
        "underOdds": "-115",
        "overUnder": "-115 / -115"
    },
    {
        "player": "Tyler Toffoli",
        "team": "NJ",
        "opponent": "BOS",
        "propType": "pts",
        "line": 0.5,
        "ppLine": "",
        "avg": 0.77,
        "hit": false,
        "diffAvg": 0.54,
        "diffAbs": 0.8,
        "lastAvg": 0.89,
        "diff": 0.78,
        "avgMin": 17,
        "proj": 0.9,
        "lastAvgMin": 16.6,
        "oppOver": 0,
        "teamOver": 0,
        "gameLine": "+136",
        "+/-": -8,
        "L5_+/-": "+1.0",
        "prevMatchup": "2023-12-30 2.0 pts 2023-12-13 0.0 pts",
        "winLossSplits": "63% - 38%",
        "awayHome": "A",
        "playedYesterday": "Y",
        "awayHomeSplits": "53% - 50%",
        "savesAboveExp": 0.892,
        "gsaa": 6.56,
        "corsi": "54.4% (64.2) // 52.9% (61.5) // 51.2% (60.6) // 52.2% (62.2)",
        "fenwick": "52.5% (44.7) // 51.4% (42.5) // 51.4% (43.3) // 52.0% (42.8)",
        "shots": "52.2% (31.5) // 52.0% (30.2) // 51.8% (31.8) // 53.0% (32.3)",
        "scoring": "55.0% (31.4) // 53.7% (29.8) // 50.4% (26.8) // 53.0% (29.3)",
        "corsiAgainst": "45.6% (53.8) // 47.1% (54.7) // 48.8% (57.8) // 47.8% (57.0)",
        "fenwickAgainst": "47.5% (40.5) // 48.6% (40.2) // 48.6% (40.9) // 48.0% (39.5)",
        "shotsAgainst": "47.8% (28.9) // 48.0% (27.9) // 48.2% (29.6) // 47.0% (28.6)",
        "scoringAgainst": "45.0% (25.7) // 46.3% (25.6) // 49.6% (26.4) // 47.0% (26.0)",
        "oppCorsi": "48.4% (58.4) // 47.4% (55.7) // 44.4% (50.8) // 45.5% (50.0)",
        "oppFenwick": "48.5% (42.9) // 47.0% (41.0) // 44.8% (37.5) // 46.9% (38.0)",
        "oppShots": "48.9% (30.4) // 46.2% (28.0) // 44.4% (25.5) // 48.7% (28.0)",
        "oppScoring": "50.2% (29.7) // 46.4% (26.8) // 44.5% (23.2) // 53.1% (26.0)",
        "oppCorsiAgainst": "51.6% (62.4) // 52.6% (61.9) // 55.6% (63.5) // 54.5% (60.0)",
        "oppFenwickAgainst": "51.5% (45.6) // 53.0% (46.2) // 55.2% (46.2) // 53.1% (43.0)",
        "oppShotsAgainst": "51.1% (31.8) // 53.8% (32.6) // 55.6% (32.0) // 51.3% (29.5)",
        "oppScoringAgainst": "49.8% (29.5) // 53.6% (31.0) // 55.5% (29.0) // 46.9% (23.0)",
        "totalOver": 51,
        "totalOverLast5": 60,
        "totalOverLast15": 27,
        "lastTotalOver": 60,
        "last5": "2,1,0,1,0,0,0,2,0,0",
        "fd": "-120",
        "dk": "-130/+100",
        "kambi": "-127/-103",
        "lowest": "-120 FD",
        "implied": 54.54545454545454,
        "overOdds": "-130",
        "underOdds": "+100",
        "overUnder": "-130 / +100"
    },
    {
        "player": "Aaron Ekblad",
        "team": "FLA",
        "opponent": "MTL",
        "propType": "pts",
        "line": 0.5,
        "ppLine": "",
        "avg": 0.32,
        "hit": false,
        "diffAvg": -0.36,
        "diffAbs": 0.2,
        "lastAvg": 0.42,
        "diff": -0.16,
        "avgMin": 21,
        "proj": 0.4,
        "lastAvgMin": 23.38,
        "oppOver": 0,
        "teamOver": 0,
        "gameLine": "-258",
        "+/-": "+7",
        "L5_+/-": "+3.0",
        "prevMatchup": "2023-12-30 2.0 pts 2023-11-30 0.0 pts",
        "winLossSplits": "27% - 25%",
        "awayHome": "H",
        "playedYesterday": "Y",
        "awayHomeSplits": "22% - 30%",
        "savesAboveExp": 0.116,
        "gsaa": -0.02,
        "corsi": "56.9% (69.6) // 58.4% (69.8) // 59.0% (70.8) // 54.5% (66.0)",
        "fenwick": "55.8% (48.4) // 56.8% (49.4) // 56.5% (50.2) // 51.4% (44.3)",
        "shots": "55.6% (33.8) // 56.9% (33.7) // 56.3% (33.8) // 52.0% (29.7)",
        "scoring": "56.7% (32.1) // 57.8% (32.7) // 60.5% (32.4) // 56.2% (30.3)",
        "corsiAgainst": "43.1% (52.6) // 41.6% (49.7) // 41.0% (49.2) // 45.5% (55.0)",
        "fenwickAgainst": "44.2% (38.3) // 43.2% (37.6) // 43.5% (38.6) // 48.6% (42.0)",
        "shotsAgainst": "44.4% (27.0) // 43.1% (25.5) // 43.7% (26.2) // 48.0% (27.3)",
        "scoringAgainst": "43.3% (24.5) // 42.2% (23.9) // 39.5% (21.2) // 43.8% (23.7)",
        "oppCorsi": "46.8% (56.3) // 48.5% (57.9) // 47.0% (52.2) // 43.1% (50.0)",
        "oppFenwick": "47.2% (40.7) // 50.1% (43.1) // 49.4% (37.2) // 47.1% (37.0)",
        "oppShots": "46.3% (28.1) // 48.0% (28.6) // 47.7% (22.8) // 41.2% (20.0)",
        "oppScoring": "46.2% (27.8) // 47.5% (27.3) // 41.0% (19.6) // 37.4% (17.0)",
        "oppCorsiAgainst": "53.2% (64.0) // 51.5% (61.5) // 53.0% (58.8) // 56.9% (66.0)",
        "oppFenwickAgainst": "52.8% (45.6) // 49.9% (43.0) // 50.6% (38.2) // 52.9% (41.5)",
        "oppShotsAgainst": "53.7% (32.6) // 52.0% (31.1) // 52.3% (25.0) // 58.8% (28.5)",
        "oppScoringAgainst": "53.8% (32.3) // 52.5% (30.2) // 59.0% (28.2) // 62.6% (28.5)",
        "totalOver": 26,
        "totalOverLast5": 40,
        "totalOverLast15": 33,
        "lastTotalOver": 35,
        "last5": "2,0,1,0,0,0,0,0,0,0",
        "fd": "0",
        "dk": "+150/-195",
        "kambi": "145/-190",
        "lowest": "150 DK",
        "implied": 40.0,
        "overOdds": "+150",
        "underOdds": "-195",
        "overUnder": "+150 / -195"
    },
    {
        "player": "Aleksander Barkov",
        "team": "FLA",
        "opponent": "MTL",
        "propType": "pts",
        "line": 1.5,
        "ppLine": "",
        "avg": 1.15,
        "hit": false,
        "diffAvg": -0.23,
        "diffAbs": 0.47,
        "lastAvg": 0.86,
        "diff": -0.43,
        "avgMin": 19,
        "proj": 0.8,
        "lastAvgMin": 21.22,
        "oppOver": 0,
        "teamOver": 0,
        "gameLine": "-258",
        "+/-": "+20",
        "L5_+/-": "+1.0",
        "prevMatchup": "2023-12-30 0.0 pts 2023-11-30 2.0 pts",
        "winLossSplits": "50% - 23%",
        "awayHome": "H",
        "playedYesterday": "Y",
        "awayHomeSplits": "42% - 36%",
        "savesAboveExp": 0.116,
        "gsaa": -0.02,
        "corsi": "56.9% (69.6) // 58.4% (69.8) // 59.0% (70.8) // 54.5% (66.0)",
        "fenwick": "55.8% (48.4) // 56.8% (49.4) // 56.5% (50.2) // 51.4% (44.3)",
        "shots": "55.6% (33.8) // 56.9% (33.7) // 56.3% (33.8) // 52.0% (29.7)",
        "scoring": "56.7% (32.1) // 57.8% (32.7) // 60.5% (32.4) // 56.2% (30.3)",
        "corsiAgainst": "43.1% (52.6) // 41.6% (49.7) // 41.0% (49.2) // 45.5% (55.0)",
        "fenwickAgainst": "44.2% (38.3) // 43.2% (37.6) // 43.5% (38.6) // 48.6% (42.0)",
        "shotsAgainst": "44.4% (27.0) // 43.1% (25.5) // 43.7% (26.2) // 48.0% (27.3)",
        "scoringAgainst": "43.3% (24.5) // 42.2% (23.9) // 39.5% (21.2) // 43.8% (23.7)",
        "oppCorsi": "46.8% (56.3) // 48.5% (57.9) // 47.0% (52.2) // 43.1% (50.0)",
        "oppFenwick": "47.2% (40.7) // 50.1% (43.1) // 49.4% (37.2) // 47.1% (37.0)",
        "oppShots": "46.3% (28.1) // 48.0% (28.6) // 47.7% (22.8) // 41.2% (20.0)",
        "oppScoring": "46.2% (27.8) // 47.5% (27.3) // 41.0% (19.6) // 37.4% (17.0)",
        "oppCorsiAgainst": "53.2% (64.0) // 51.5% (61.5) // 53.0% (58.8) // 56.9% (66.0)",
        "oppFenwickAgainst": "52.8% (45.6) // 49.9% (43.0) // 50.6% (38.2) // 52.9% (41.5)",
        "oppShotsAgainst": "53.7% (32.6) // 52.0% (31.1) // 52.3% (25.0) // 58.8% (28.5)",
        "oppScoringAgainst": "53.8% (32.3) // 52.5% (30.2) // 59.0% (28.2) // 62.6% (28.5)",
        "totalOver": 39,
        "totalOverLast5": 60,
        "totalOverLast15": 40,
        "lastTotalOver": 32,
        "last5": "0,3,3,2,0,1,1,0,0,3",
        "fd": "+146",
        "dk": "+175/-230",
        "kambi": "163/-215",
        "lowest": "175 DK",
        "implied": 36.36363636363637,
        "overOdds": "+175",
        "underOdds": "-230",
        "overUnder": "+175 / -230"
    },
    {
        "player": "Brandon Montour",
        "team": "FLA",
        "opponent": "MTL",
        "propType": "pts",
        "line": 0.5,
        "ppLine": "",
        "avg": 0.3,
        "hit": false,
        "diffAvg": -0.4,
        "diffAbs": 0.4,
        "lastAvg": 0.72,
        "diff": 0.44,
        "avgMin": 23,
        "proj": 0.7,
        "lastAvgMin": 24.12,
        "oppOver": 0,
        "teamOver": 0,
        "gameLine": "-258",
        "+/-": -3,
        "L5_+/-": -6.0,
        "prevMatchup": "2023-12-30 0.0 pts 2023-11-30 0.0 pts",
        "winLossSplits": "25% - 12%",
        "awayHome": "H",
        "playedYesterday": "Y",
        "awayHomeSplits": "20% - 20%",
        "savesAboveExp": 0.116,
        "gsaa": -0.02,
        "corsi": "56.9% (69.6) // 58.4% (69.8) // 59.0% (70.8) // 54.5% (66.0)",
        "fenwick": "55.8% (48.4) // 56.8% (49.4) // 56.5% (50.2) // 51.4% (44.3)",
        "shots": "55.6% (33.8) // 56.9% (33.7) // 56.3% (33.8) // 52.0% (29.7)",
        "scoring": "56.7% (32.1) // 57.8% (32.7) // 60.5% (32.4) // 56.2% (30.3)",
        "corsiAgainst": "43.1% (52.6) // 41.6% (49.7) // 41.0% (49.2) // 45.5% (55.0)",
        "fenwickAgainst": "44.2% (38.3) // 43.2% (37.6) // 43.5% (38.6) // 48.6% (42.0)",
        "shotsAgainst": "44.4% (27.0) // 43.1% (25.5) // 43.7% (26.2) // 48.0% (27.3)",
        "scoringAgainst": "43.3% (24.5) // 42.2% (23.9) // 39.5% (21.2) // 43.8% (23.7)",
        "oppCorsi": "46.8% (56.3) // 48.5% (57.9) // 47.0% (52.2) // 43.1% (50.0)",
        "oppFenwick": "47.2% (40.7) // 50.1% (43.1) // 49.4% (37.2) // 47.1% (37.0)",
        "oppShots": "46.3% (28.1) // 48.0% (28.6) // 47.7% (22.8) // 41.2% (20.0)",
        "oppScoring": "46.2% (27.8) // 47.5% (27.3) // 41.0% (19.6) // 37.4% (17.0)",
        "oppCorsiAgainst": "53.2% (64.0) // 51.5% (61.5) // 53.0% (58.8) // 56.9% (66.0)",
        "oppFenwickAgainst": "52.8% (45.6) // 49.9% (43.0) // 50.6% (38.2) // 52.9% (41.5)",
        "oppShotsAgainst": "53.7% (32.6) // 52.0% (31.1) // 52.3% (25.0) // 58.8% (28.5)",
        "oppScoringAgainst": "53.8% (32.3) // 52.5% (30.2) // 59.0% (28.2) // 62.6% (28.5)",
        "totalOver": 20,
        "totalOverLast5": 20,
        "totalOverLast15": 20,
        "lastTotalOver": 59,
        "last5": "0,0,0,2,0,0,2,0,0,0",
        "fd": "-102",
        "dk": "+105/-135",
        "kambi": "-106/-124",
        "lowest": "105 DK",
        "implied": 48.78048780487805,
        "overOdds": "+105",
        "underOdds": "-135",
        "overUnder": "+105 / -135"
    },
    {
        "player": "Carter Verhaeghe",
        "team": "FLA",
        "opponent": "MTL",
        "propType": "pts",
        "line": 0.5,
        "ppLine": "",
        "avg": 0.89,
        "hit": false,
        "diffAvg": 0.78,
        "diffAbs": 0.4,
        "lastAvg": 0.72,
        "diff": 0.44,
        "avgMin": 17,
        "proj": 0.7,
        "lastAvgMin": 17.5,
        "oppOver": 0,
        "teamOver": 0,
        "gameLine": "-258",
        "+/-": "+4",
        "L5_+/-": -1.0,
        "prevMatchup": "2023-12-30 2.0 pts 2023-11-30 2.0 pts",
        "winLossSplits": "77% - 29%",
        "awayHome": "H",
        "playedYesterday": "Y",
        "awayHomeSplits": "47% - 71%",
        "savesAboveExp": 0.116,
        "gsaa": -0.02,
        "corsi": "56.9% (69.6) // 58.4% (69.8) // 59.0% (70.8) // 54.5% (66.0)",
        "fenwick": "55.8% (48.4) // 56.8% (49.4) // 56.5% (50.2) // 51.4% (44.3)",
        "shots": "55.6% (33.8) // 56.9% (33.7) // 56.3% (33.8) // 52.0% (29.7)",
        "scoring": "56.7% (32.1) // 57.8% (32.7) // 60.5% (32.4) // 56.2% (30.3)",
        "corsiAgainst": "43.1% (52.6) // 41.6% (49.7) // 41.0% (49.2) // 45.5% (55.0)",
        "fenwickAgainst": "44.2% (38.3) // 43.2% (37.6) // 43.5% (38.6) // 48.6% (42.0)",
        "shotsAgainst": "44.4% (27.0) // 43.1% (25.5) // 43.7% (26.2) // 48.0% (27.3)",
        "scoringAgainst": "43.3% (24.5) // 42.2% (23.9) // 39.5% (21.2) // 43.8% (23.7)",
        "oppCorsi": "46.8% (56.3) // 48.5% (57.9) // 47.0% (52.2) // 43.1% (50.0)",
        "oppFenwick": "47.2% (40.7) // 50.1% (43.1) // 49.4% (37.2) // 47.1% (37.0)",
        "oppShots": "46.3% (28.1) // 48.0% (28.6) // 47.7% (22.8) // 41.2% (20.0)",
        "oppScoring": "46.2% (27.8) // 47.5% (27.3) // 41.0% (19.6) // 37.4% (17.0)",
        "oppCorsiAgainst": "53.2% (64.0) // 51.5% (61.5) // 53.0% (58.8) // 56.9% (66.0)",
        "oppFenwickAgainst": "52.8% (45.6) // 49.9% (43.0) // 50.6% (38.2) // 52.9% (41.5)",
        "oppShotsAgainst": "53.7% (32.6) // 52.0% (31.1) // 52.3% (25.0) // 58.8% (28.5)",
        "oppScoringAgainst": "53.8% (32.3) // 52.5% (30.2) // 59.0% (28.2) // 62.6% (28.5)",
        "totalOver": 58,
        "totalOverLast5": 60,
        "totalOverLast15": 60,
        "lastTotalOver": 58,
        "last5": "2,2,0,2,0,0,3,0,0,1",
        "fd": "-194",
        "dk": "-175/+135",
        "kambi": "-195/145",
        "lowest": "-175 DK",
        "implied": 63.63636363636363,
        "overOdds": "-175",
        "underOdds": "+135",
        "overUnder": "-175 / +135"
    },
    {
        "player": "Cole Caufield",
        "team": "MTL",
        "opponent": "FLA",
        "propType": "pts",
        "line": 0.5,
        "ppLine": "PP1",
        "avg": 0.71,
        "hit": false,
        "diffAvg": 0.42,
        "diffAbs": 0.6,
        "lastAvg": 0.78,
        "diff": 0.56,
        "avgMin": 19,
        "proj": 0.8,
        "lastAvgMin": 18.03,
        "oppOver": 0,
        "teamOver": 0,
        "gameLine": "+210",
        "+/-": -2,
        "L5_+/-": -2.0,
        "prevMatchup": "2023-12-30 1.0 pts 2023-11-30 1.0 pts",
        "winLossSplits": "73% - 50%",
        "awayHome": "A",
        "playedYesterday": "Y",
        "awayHomeSplits": "59% - 61%",
        "savesAboveExp": -0.322,
        "gsaa": 3.45,
        "corsi": "46.8% (56.3) // 48.5% (57.9) // 47.0% (52.2) // 43.1% (50.0)",
        "fenwick": "47.2% (40.7) // 50.1% (43.1) // 49.4% (37.2) // 47.1% (37.0)",
        "shots": "46.3% (28.1) // 48.0% (28.6) // 47.7% (22.8) // 41.2% (20.0)",
        "scoring": "46.2% (27.8) // 47.5% (27.3) // 41.0% (19.6) // 37.4% (17.0)",
        "corsiAgainst": "53.2% (64.0) // 51.5% (61.5) // 53.0% (58.8) // 56.9% (66.0)",
        "fenwickAgainst": "52.8% (45.6) // 49.9% (43.0) // 50.6% (38.2) // 52.9% (41.5)",
        "shotsAgainst": "53.7% (32.6) // 52.0% (31.1) // 52.3% (25.0) // 58.8% (28.5)",
        "scoringAgainst": "53.8% (32.3) // 52.5% (30.2) // 59.0% (28.2) // 62.6% (28.5)",
        "oppCorsi": "56.9% (69.6) // 58.4% (69.8) // 59.0% (70.8) // 54.5% (66.0)",
        "oppFenwick": "55.8% (48.4) // 56.8% (49.4) // 56.5% (50.2) // 51.4% (44.3)",
        "oppShots": "55.6% (33.8) // 56.9% (33.7) // 56.3% (33.8) // 52.0% (29.7)",
        "oppScoring": "56.7% (32.1) // 57.8% (32.7) // 60.5% (32.4) // 56.2% (30.3)",
        "oppCorsiAgainst": "43.1% (52.6) // 41.6% (49.7) // 41.0% (49.2) // 45.5% (55.0)",
        "oppFenwickAgainst": "44.2% (38.3) // 43.2% (37.6) // 43.5% (38.6) // 48.6% (42.0)",
        "oppShotsAgainst": "44.4% (27.0) // 43.1% (25.5) // 43.7% (26.2) // 48.0% (27.3)",
        "oppScoringAgainst": "43.3% (24.5) // 42.2% (23.9) // 39.5% (21.2) // 43.8% (23.7)",
        "totalOver": 60,
        "totalOverLast5": 80,
        "totalOverLast15": 53,
        "lastTotalOver": 56,
        "last5": "1,0,1,1,1,1,0,0,0,0",
        "fd": "-160",
        "dk": "-160/+124",
        "kambi": "-167/128",
        "lowest": "-160 DK",
        "implied": 61.53846153846154,
        "overOdds": "-160",
        "underOdds": "+124",
        "overUnder": "-160 / +124"
    },
    {
        "player": "Evan Rodrigues",
        "team": "FLA",
        "opponent": "MTL",
        "propType": "pts",
        "line": 0.5,
        "ppLine": "",
        "avg": 0.67,
        "hit": false,
        "diffAvg": 0.34,
        "diffAbs": 0.0,
        "lastAvg": 0.51,
        "diff": 0.02,
        "avgMin": 16,
        "proj": 0.5,
        "lastAvgMin": 17.85,
        "oppOver": 0,
        "teamOver": 0,
        "gameLine": "-258",
        "+/-": "+18",
        "L5_+/-": "+3.0",
        "prevMatchup": "2023-12-30 1.0 pts 2023-11-30 2.0 pts",
        "winLossSplits": "50% - 21%",
        "awayHome": "H",
        "playedYesterday": "Y",
        "awayHomeSplits": "26% - 53%",
        "savesAboveExp": 0.116,
        "gsaa": -0.02,
        "corsi": "56.9% (69.6) // 58.4% (69.8) // 59.0% (70.8) // 54.5% (66.0)",
        "fenwick": "55.8% (48.4) // 56.8% (49.4) // 56.5% (50.2) // 51.4% (44.3)",
        "shots": "55.6% (33.8) // 56.9% (33.7) // 56.3% (33.8) // 52.0% (29.7)",
        "scoring": "56.7% (32.1) // 57.8% (32.7) // 60.5% (32.4) // 56.2% (30.3)",
        "corsiAgainst": "43.1% (52.6) // 41.6% (49.7) // 41.0% (49.2) // 45.5% (55.0)",
        "fenwickAgainst": "44.2% (38.3) // 43.2% (37.6) // 43.5% (38.6) // 48.6% (42.0)",
        "shotsAgainst": "44.4% (27.0) // 43.1% (25.5) // 43.7% (26.2) // 48.0% (27.3)",
        "scoringAgainst": "43.3% (24.5) // 42.2% (23.9) // 39.5% (21.2) // 43.8% (23.7)",
        "oppCorsi": "46.8% (56.3) // 48.5% (57.9) // 47.0% (52.2) // 43.1% (50.0)",
        "oppFenwick": "47.2% (40.7) // 50.1% (43.1) // 49.4% (37.2) // 47.1% (37.0)",
        "oppShots": "46.3% (28.1) // 48.0% (28.6) // 47.7% (22.8) // 41.2% (20.0)",
        "oppScoring": "46.2% (27.8) // 47.5% (27.3) // 41.0% (19.6) // 37.4% (17.0)",
        "oppCorsiAgainst": "53.2% (64.0) // 51.5% (61.5) // 53.0% (58.8) // 56.9% (66.0)",
        "oppFenwickAgainst": "52.8% (45.6) // 49.9% (43.0) // 50.6% (38.2) // 52.9% (41.5)",
        "oppShotsAgainst": "53.7% (32.6) // 52.0% (31.1) // 52.3% (25.0) // 58.8% (28.5)",
        "oppScoringAgainst": "53.8% (32.3) // 52.5% (30.2) // 59.0% (28.2) // 62.6% (28.5)",
        "totalOver": 39,
        "totalOverLast5": 60,
        "totalOverLast15": 47,
        "lastTotalOver": 52,
        "last5": "1,1,1,0,0,0,0,0,0,0",
        "fd": "0",
        "dk": "-110/-120",
        "kambi": "-120/-109",
        "lowest": "-110 DK",
        "implied": 52.38095238095239,
        "overOdds": "-110",
        "underOdds": "-120",
        "overUnder": "-110 / -120"
    },
    {
        "player": "Josh Anderson",
        "team": "MTL",
        "opponent": "FLA",
        "propType": "pts",
        "line": 0.5,
        "ppLine": "PP2",
        "avg": 0.31,
        "hit": false,
        "diffAvg": -0.38,
        "diffAbs": 0.2,
        "lastAvg": 0.46,
        "diff": -0.08,
        "avgMin": 16,
        "proj": 0.4,
        "lastAvgMin": 16.95,
        "oppOver": 0,
        "teamOver": 0,
        "gameLine": "+210",
        "+/-": -8,
        "L5_+/-": -3.0,
        "prevMatchup": "2023-12-30 0.0 pts 2023-11-30 0.0 pts",
        "winLossSplits": "33% - 15%",
        "awayHome": "A",
        "playedYesterday": "Y",
        "awayHomeSplits": "18% - 28%",
        "savesAboveExp": -0.322,
        "gsaa": 3.45,
        "corsi": "46.8% (56.3) // 48.5% (57.9) // 47.0% (52.2) // 43.1% (50.0)",
        "fenwick": "47.2% (40.7) // 50.1% (43.1) // 49.4% (37.2) // 47.1% (37.0)",
        "shots": "46.3% (28.1) // 48.0% (28.6) // 47.7% (22.8) // 41.2% (20.0)",
        "scoring": "46.2% (27.8) // 47.5% (27.3) // 41.0% (19.6) // 37.4% (17.0)",
        "corsiAgainst": "53.2% (64.0) // 51.5% (61.5) // 53.0% (58.8) // 56.9% (66.0)",
        "fenwickAgainst": "52.8% (45.6) // 49.9% (43.0) // 50.6% (38.2) // 52.9% (41.5)",
        "shotsAgainst": "53.7% (32.6) // 52.0% (31.1) // 52.3% (25.0) // 58.8% (28.5)",
        "scoringAgainst": "53.8% (32.3) // 52.5% (30.2) // 59.0% (28.2) // 62.6% (28.5)",
        "oppCorsi": "56.9% (69.6) // 58.4% (69.8) // 59.0% (70.8) // 54.5% (66.0)",
        "oppFenwick": "55.8% (48.4) // 56.8% (49.4) // 56.5% (50.2) // 51.4% (44.3)",
        "oppShots": "55.6% (33.8) // 56.9% (33.7) // 56.3% (33.8) // 52.0% (29.7)",
        "oppScoring": "56.7% (32.1) // 57.8% (32.7) // 60.5% (32.4) // 56.2% (30.3)",
        "oppCorsiAgainst": "43.1% (52.6) // 41.6% (49.7) // 41.0% (49.2) // 45.5% (55.0)",
        "oppFenwickAgainst": "44.2% (38.3) // 43.2% (37.6) // 43.5% (38.6) // 48.6% (42.0)",
        "oppShotsAgainst": "44.4% (27.0) // 43.1% (25.5) // 43.7% (26.2) // 48.0% (27.3)",
        "oppScoringAgainst": "43.3% (24.5) // 42.2% (23.9) // 39.5% (21.2) // 43.8% (23.7)",
        "totalOver": 23,
        "totalOverLast5": 60,
        "totalOverLast15": 40,
        "lastTotalOver": 41,
        "last5": "0,1,1,0,2,2,0,0,0,0",
        "fd": "+142",
        "dk": "+150/-195",
        "kambi": "150/-200",
        "lowest": "150 DK",
        "implied": 40.0,
        "overOdds": "+150",
        "underOdds": "-195",
        "overUnder": "+150 / -195"
    },
    {
        "player": "Juraj Slafkovsky",
        "team": "MTL",
        "opponent": "FLA",
        "propType": "pts",
        "line": 0.5,
        "ppLine": "PP1",
        "avg": 0.34,
        "hit": false,
        "diffAvg": -0.32,
        "diffAbs": 0.4,
        "lastAvg": 0.26,
        "diff": -0.48,
        "avgMin": 16,
        "proj": 0.3,
        "lastAvgMin": 12.2,
        "oppOver": 0,
        "teamOver": 0,
        "gameLine": "+210",
        "+/-": -6,
        "L5_+/-": -1.0,
        "prevMatchup": "2023-12-30 0.0 pts 2023-11-30 0.0 pts",
        "winLossSplits": "27% - 25%",
        "awayHome": "A",
        "playedYesterday": "Y",
        "awayHomeSplits": "41% - 11%",
        "savesAboveExp": -0.322,
        "gsaa": 3.45,
        "corsi": "46.8% (56.3) // 48.5% (57.9) // 47.0% (52.2) // 43.1% (50.0)",
        "fenwick": "47.2% (40.7) // 50.1% (43.1) // 49.4% (37.2) // 47.1% (37.0)",
        "shots": "46.3% (28.1) // 48.0% (28.6) // 47.7% (22.8) // 41.2% (20.0)",
        "scoring": "46.2% (27.8) // 47.5% (27.3) // 41.0% (19.6) // 37.4% (17.0)",
        "corsiAgainst": "53.2% (64.0) // 51.5% (61.5) // 53.0% (58.8) // 56.9% (66.0)",
        "fenwickAgainst": "52.8% (45.6) // 49.9% (43.0) // 50.6% (38.2) // 52.9% (41.5)",
        "shotsAgainst": "53.7% (32.6) // 52.0% (31.1) // 52.3% (25.0) // 58.8% (28.5)",
        "scoringAgainst": "53.8% (32.3) // 52.5% (30.2) // 59.0% (28.2) // 62.6% (28.5)",
        "oppCorsi": "56.9% (69.6) // 58.4% (69.8) // 59.0% (70.8) // 54.5% (66.0)",
        "oppFenwick": "55.8% (48.4) // 56.8% (49.4) // 56.5% (50.2) // 51.4% (44.3)",
        "oppShots": "55.6% (33.8) // 56.9% (33.7) // 56.3% (33.8) // 52.0% (29.7)",
        "oppScoring": "56.7% (32.1) // 57.8% (32.7) // 60.5% (32.4) // 56.2% (30.3)",
        "oppCorsiAgainst": "43.1% (52.6) // 41.6% (49.7) // 41.0% (49.2) // 45.5% (55.0)",
        "oppFenwickAgainst": "44.2% (38.3) // 43.2% (37.6) // 43.5% (38.6) // 48.6% (42.0)",
        "oppShotsAgainst": "44.4% (27.0) // 43.1% (25.5) // 43.7% (26.2) // 48.0% (27.3)",
