[
    {
        "player": "Adam Fantilli",
        "team": "CBJ",
        "opponent": "BOS",
        "propType": "pts",
        "line": 0.5,
        "ppLine": "PP2",
        "avg": 0.61,
        "hit": false,
        "diffAvg": 0.22,
        "diffAbs": 1.0,
        "lastAvg": 0,
        "diff": 0,
        "avgMin": 15,
        "proj": 0.0,
        "lastAvgMin": 0,
        "oppOver": 0,
        "teamOver": 0,
        "gameLine": "+190",
        "+/-": -10,
        "L5_+/-": -1.0,
        "prevMatchup": "2023-12-03 0.0 pts 2023-11-27 0.0 pts",
        "winLossSplits": "58% - 46%",
        "awayHome": "H",
        "playedYesterday": "N",
        "awayHomeSplits": "47% - 52%",
        "savesAboveExp": 0.892,
        "gsaa": 6.5,
        "corsi": "46.6% (60.1) // 43.5% (53.4) // 44.5% (52.3) // 42.0% (49.6)",
        "fenwick": "46.8% (42.7) // 44.5% (39.0) // 43.3% (36.0) // 41.1% (34.4)",
        "shots": "46.0% (28.9) // 43.1% (26.4) // 41.2% (23.9) // 38.9% (22.5)",
        "scoring": "46.4% (28.0) // 42.0% (25.6) // 41.2% (23.4) // 38.8% (21.2)",
        "corsiAgainst": "53.4% (68.7) // 56.5% (69.4) // 55.5% (65.2) // 58.0% (68.5)",
        "fenwickAgainst": "53.2% (48.6) // 55.5% (48.6) // 56.7% (47.2) // 58.9% (49.2)",
        "shotsAgainst": "54.0% (33.9) // 56.9% (34.9) // 58.8% (34.1) // 61.1% (35.4)",
        "scoringAgainst": "53.6% (32.3) // 58.0% (35.4) // 58.8% (33.4) // 61.2% (33.5)",
        "oppCorsi": "48.2% (58.0) // 46.0% (53.4) // 43.1% (47.0) // 44.2% (48.0)",
        "oppFenwick": "48.4% (42.6) // 46.0% (39.4) // 43.4% (34.2) // 45.5% (35.3)",
        "oppShots": "48.8% (30.2) // 45.9% (27.2) // 44.7% (25.2) // 47.3% (26.7)",
        "oppScoring": "49.9% (29.4) // 44.5% (25.3) // 42.9% (21.2) // 47.6% (23.7)",
        "oppCorsiAgainst": "51.8% (62.4) // 54.0% (62.8) // 56.9% (62.0) // 55.8% (60.7)",
        "oppFenwickAgainst": "51.6% (45.5) // 54.0% (46.1) // 56.6% (44.8) // 54.5% (42.3)",
        "oppShotsAgainst": "51.2% (31.7) // 54.1% (32.1) // 55.3% (31.3) // 52.7% (29.7)",
        "oppScoringAgainst": "50.1% (29.5) // 55.5% (31.5) // 57.1% (28.2) // 52.4% (26.0)",
        "totalOver": 50,
        "totalOverLast5": 80,
        "totalOverLast15": 67,
        "lastTotalOver": 0,
        "last5": "1,1,1,1,0,2,1,0,0,1",
        "fd": "0",
        "dk": "+120/-150",
        "kambi": "0",
        "lowest": "120 DK",
        "implied": 45.45454545454545,
        "overOdds": "+120",
        "underOdds": "-150",
        "overUnder": "+120 / -150"
    },
    {
        "player": "Brad Marchand",
        "team": "BOS",
        "opponent": "CBJ",
        "propType": "pts",
        "line": 1.5,
        "ppLine": "PP1",
        "avg": 0.94,
        "hit": false,
        "diffAvg": -0.37,
        "diffAbs": 0.4,
        "lastAvg": 0.84,
        "diff": -0.44,
        "avgMin": 19,
        "proj": 0.9,
        "lastAvgMin": 18.52,
        "oppOver": 0,
        "teamOver": 0,
        "gameLine": "-230",
        "+/-": 0,
        "L5_+/-": -1.0,
        "prevMatchup": "2023-12-03 3.0 pts 2023-11-27 0.0 pts",
        "winLossSplits": "27% - 8%",
        "awayHome": "A",
        "playedYesterday": "N",
        "awayHomeSplits": "16% - 25%",
        "savesAboveExp": -0.547,
        "gsaa": -4.83,
        "corsi": "48.2% (58.0) // 46.0% (53.4) // 43.1% (47.0) // 44.2% (48.0)",
        "fenwick": "48.4% (42.6) // 46.0% (39.4) // 43.4% (34.2) // 45.5% (35.3)",
        "shots": "48.8% (30.2) // 45.9% (27.2) // 44.7% (25.2) // 47.3% (26.7)",
        "scoring": "49.9% (29.4) // 44.5% (25.3) // 42.9% (21.2) // 47.6% (23.7)",
        "corsiAgainst": "51.8% (62.4) // 54.0% (62.8) // 56.9% (62.0) // 55.8% (60.7)",
        "fenwickAgainst": "51.6% (45.5) // 54.0% (46.1) // 56.6% (44.8) // 54.5% (42.3)",
        "shotsAgainst": "51.2% (31.7) // 54.1% (32.1) // 55.3% (31.3) // 52.7% (29.7)",
        "scoringAgainst": "50.1% (29.5) // 55.5% (31.5) // 57.1% (28.2) // 52.4% (26.0)",
        "oppCorsi": "46.6% (60.1) // 43.5% (53.4) // 44.5% (52.3) // 42.0% (49.6)",
        "oppFenwick": "46.8% (42.7) // 44.5% (39.0) // 43.3% (36.0) // 41.1% (34.4)",
        "oppShots": "46.0% (28.9) // 43.1% (26.4) // 41.2% (23.9) // 38.9% (22.5)",
        "oppScoring": "46.4% (28.0) // 42.0% (25.6) // 41.2% (23.4) // 38.8% (21.2)",
        "oppCorsiAgainst": "53.4% (68.7) // 56.5% (69.4) // 55.5% (65.2) // 58.0% (68.5)",
        "oppFenwickAgainst": "53.2% (48.6) // 55.5% (48.6) // 56.7% (47.2) // 58.9% (49.2)",
        "oppShotsAgainst": "54.0% (33.9) // 56.9% (34.9) // 58.8% (34.1) // 61.1% (35.4)",
        "oppScoringAgainst": "53.6% (32.3) // 58.0% (35.4) // 58.8% (33.4) // 61.2% (33.5)",
        "totalOver": 20,
        "totalOverLast5": 40,
        "totalOverLast15": 20,
        "lastTotalOver": 18,
        "last5": "1,2,2,1,0,1,0,1,0,1",
        "fd": "0",
        "dk": "+150/-195",
        "kambi": "0",
        "lowest": "150 DK",
        "implied": 40.0,
        "overOdds": "+150",
        "underOdds": "-195",
        "overUnder": "+150 / -195"
    },
    {
        "player": "Charlie Coyle",
        "team": "BOS",
        "opponent": "CBJ",
        "propType": "pts",
        "line": 0.5,
        "ppLine": "PP2",
        "avg": 0.71,
        "hit": false,
        "diffAvg": 0.42,
        "diffAbs": 0.0,
        "lastAvg": 0.51,
        "diff": 0.02,
        "avgMin": 17,
        "proj": 0.5,
        "lastAvgMin": 16.98,
        "oppOver": 0,
        "teamOver": 0,
        "gameLine": "-230",
        "+/-": "+3",
        "L5_+/-": 0.0,
        "prevMatchup": "2023-12-03 1.0 pts 2023-11-27 0.0 pts",
        "winLossSplits": "59% - 38%",
        "awayHome": "A",
        "playedYesterday": "N",
        "awayHomeSplits": "47% - 56%",
        "savesAboveExp": -0.547,
        "gsaa": -4.83,
        "corsi": "48.2% (58.0) // 46.0% (53.4) // 43.1% (47.0) // 44.2% (48.0)",
        "fenwick": "48.4% (42.6) // 46.0% (39.4) // 43.4% (34.2) // 45.5% (35.3)",
        "shots": "48.8% (30.2) // 45.9% (27.2) // 44.7% (25.2) // 47.3% (26.7)",
        "scoring": "49.9% (29.4) // 44.5% (25.3) // 42.9% (21.2) // 47.6% (23.7)",
        "corsiAgainst": "51.8% (62.4) // 54.0% (62.8) // 56.9% (62.0) // 55.8% (60.7)",
        "fenwickAgainst": "51.6% (45.5) // 54.0% (46.1) // 56.6% (44.8) // 54.5% (42.3)",
        "shotsAgainst": "51.2% (31.7) // 54.1% (32.1) // 55.3% (31.3) // 52.7% (29.7)",
        "scoringAgainst": "50.1% (29.5) // 55.5% (31.5) // 57.1% (28.2) // 52.4% (26.0)",
        "oppCorsi": "46.6% (60.1) // 43.5% (53.4) // 44.5% (52.3) // 42.0% (49.6)",
        "oppFenwick": "46.8% (42.7) // 44.5% (39.0) // 43.3% (36.0) // 41.1% (34.4)",
        "oppShots": "46.0% (28.9) // 43.1% (26.4) // 41.2% (23.9) // 38.9% (22.5)",
        "oppScoring": "46.4% (28.0) // 42.0% (25.6) // 41.2% (23.4) // 38.8% (21.2)",
        "oppCorsiAgainst": "53.4% (68.7) // 56.5% (69.4) // 55.5% (65.2) // 58.0% (68.5)",
        "oppFenwickAgainst": "53.2% (48.6) // 55.5% (48.6) // 56.7% (47.2) // 58.9% (49.2)",
        "oppShotsAgainst": "54.0% (33.9) // 56.9% (34.9) // 58.8% (34.1) // 61.1% (35.4)",
        "oppScoringAgainst": "53.6% (32.3) // 58.0% (35.4) // 58.8% (33.4) // 61.2% (33.5)",
        "totalOver": 51,
        "totalOverLast5": 60,
        "totalOverLast15": 33,
        "lastTotalOver": 42,
        "last5": "1,2,2,0,0,0,0,0,0,1",
        "fd": "0",
        "dk": "-120/-110",
        "kambi": "0",
        "lowest": "-120 DK",
        "implied": 54.54545454545454,
        "overOdds": "-120",
        "underOdds": "-110",
        "overUnder": "-120 / -110"
    },
    {
        "player": "Charlie Mcavoy",
        "team": "BOS",
        "opponent": "CBJ",
        "propType": "pts",
        "line": 0.5,
        "ppLine": "PP1",
        "avg": 0.89,
        "hit": false,
        "diffAvg": 0.78,
        "diffAbs": 0.6,
        "lastAvg": 0.7,
        "diff": 0.4,
        "avgMin": 24,
        "proj": 0.8,
        "lastAvgMin": 22.3,
        "oppOver": 0,
        "teamOver": 0,
        "gameLine": "-230",
        "+/-": -4,
        "L5_+/-": -2.0,
        "prevMatchup": "2023-12-03 2.0 pts 2023-11-27 1.0 pts",
        "winLossSplits": "71% - 50%",
        "awayHome": "A",
        "playedYesterday": "N",
        "awayHomeSplits": "53% - 75%",
        "savesAboveExp": -0.547,
        "gsaa": -4.83,
        "corsi": "48.2% (58.0) // 46.0% (53.4) // 43.1% (47.0) // 44.2% (48.0)",
        "fenwick": "48.4% (42.6) // 46.0% (39.4) // 43.4% (34.2) // 45.5% (35.3)",
        "shots": "48.8% (30.2) // 45.9% (27.2) // 44.7% (25.2) // 47.3% (26.7)",
        "scoring": "49.9% (29.4) // 44.5% (25.3) // 42.9% (21.2) // 47.6% (23.7)",
        "corsiAgainst": "51.8% (62.4) // 54.0% (62.8) // 56.9% (62.0) // 55.8% (60.7)",
        "fenwickAgainst": "51.6% (45.5) // 54.0% (46.1) // 56.6% (44.8) // 54.5% (42.3)",
        "shotsAgainst": "51.2% (31.7) // 54.1% (32.1) // 55.3% (31.3) // 52.7% (29.7)",
        "scoringAgainst": "50.1% (29.5) // 55.5% (31.5) // 57.1% (28.2) // 52.4% (26.0)",
        "oppCorsi": "46.6% (60.1) // 43.5% (53.4) // 44.5% (52.3) // 42.0% (49.6)",
        "oppFenwick": "46.8% (42.7) // 44.5% (39.0) // 43.3% (36.0) // 41.1% (34.4)",
        "oppShots": "46.0% (28.9) // 43.1% (26.4) // 41.2% (23.9) // 38.9% (22.5)",
        "oppScoring": "46.4% (28.0) // 42.0% (25.6) // 41.2% (23.4) // 38.8% (21.2)",
        "oppCorsiAgainst": "53.4% (68.7) // 56.5% (69.4) // 55.5% (65.2) // 58.0% (68.5)",
        "oppFenwickAgainst": "53.2% (48.6) // 55.5% (48.6) // 56.7% (47.2) // 58.9% (49.2)",
        "oppShotsAgainst": "54.0% (33.9) // 56.9% (34.9) // 58.8% (34.1) // 61.1% (35.4)",
        "oppScoringAgainst": "53.6% (32.3) // 58.0% (35.4) // 58.8% (33.4) // 61.2% (33.5)",
        "totalOver": 63,
        "totalOverLast5": 80,
        "totalOverLast15": 47,
        "lastTotalOver": 54,
        "last5": "3,1,1,1,0,0,0,2,0,1",
        "fd": "0",
        "dk": "-180/+140",
        "kambi": "0",
        "lowest": "-180 DK",
        "implied": 64.28571428571429,
        "overOdds": "-180",
        "underOdds": "+140",
        "overUnder": "-180 / +140"
    },
    {
        "player": "David Pastrnak",
        "team": "BOS",
        "opponent": "CBJ",
        "propType": "pts",
        "line": 1.5,
        "ppLine": "PP1",
        "avg": 1.43,
        "hit": false,
        "diffAvg": -0.05,
        "diffAbs": 0.2,
        "lastAvg": 1.24,
        "diff": -0.17,
        "avgMin": 19,
        "proj": 1.2,
        "lastAvgMin": 19.55,
        "oppOver": 0,
        "teamOver": 0,
        "gameLine": "-230",
        "+/-": "+7",
        "L5_+/-": 0.0,
        "prevMatchup": "2023-12-03 0.0 pts 2023-11-27 0.0 pts",
        "winLossSplits": "59% - 31%",
        "awayHome": "A",
        "playedYesterday": "N",
        "awayHomeSplits": "37% - 62%",
        "savesAboveExp": -0.547,
        "gsaa": -4.83,
        "corsi": "48.2% (58.0) // 46.0% (53.4) // 43.1% (47.0) // 44.2% (48.0)",
        "fenwick": "48.4% (42.6) // 46.0% (39.4) // 43.4% (34.2) // 45.5% (35.3)",
        "shots": "48.8% (30.2) // 45.9% (27.2) // 44.7% (25.2) // 47.3% (26.7)",
        "scoring": "49.9% (29.4) // 44.5% (25.3) // 42.9% (21.2) // 47.6% (23.7)",
        "corsiAgainst": "51.8% (62.4) // 54.0% (62.8) // 56.9% (62.0) // 55.8% (60.7)",
        "fenwickAgainst": "51.6% (45.5) // 54.0% (46.1) // 56.6% (44.8) // 54.5% (42.3)",
        "shotsAgainst": "51.2% (31.7) // 54.1% (32.1) // 55.3% (31.3) // 52.7% (29.7)",
        "scoringAgainst": "50.1% (29.5) // 55.5% (31.5) // 57.1% (28.2) // 52.4% (26.0)",
        "oppCorsi": "46.6% (60.1) // 43.5% (53.4) // 44.5% (52.3) // 42.0% (49.6)",
        "oppFenwick": "46.8% (42.7) // 44.5% (39.0) // 43.3% (36.0) // 41.1% (34.4)",
        "oppShots": "46.0% (28.9) // 43.1% (26.4) // 41.2% (23.9) // 38.9% (22.5)",
        "oppScoring": "46.4% (28.0) // 42.0% (25.6) // 41.2% (23.4) // 38.8% (21.2)",
        "oppCorsiAgainst": "53.4% (68.7) // 56.5% (69.4) // 55.5% (65.2) // 58.0% (68.5)",
        "oppFenwickAgainst": "53.2% (48.6) // 55.5% (48.6) // 56.7% (47.2) // 58.9% (49.2)",
        "oppShotsAgainst": "54.0% (33.9) // 56.9% (34.9) // 58.8% (34.1) // 61.1% (35.4)",
        "oppScoringAgainst": "53.6% (32.3) // 58.0% (35.4) // 58.8% (33.4) // 61.2% (33.5)",
        "totalOver": 49,
        "totalOverLast5": 40,
        "totalOverLast15": 47,
        "lastTotalOver": 41,
        "last5": "2,3,1,1,0,2,0,2,0,3",
        "fd": "0",
        "dk": "-135/+105",
        "kambi": "0",
        "lowest": "-135 DK",
        "implied": 57.446808510638306,
        "overOdds": "-135",
        "underOdds": "+105",
        "overUnder": "-135 / +105"
    },
    {
        "player": "Dmitri Voronkov",
        "team": "CBJ",
        "opponent": "BOS",
        "propType": "pts",
        "line": 0.5,
        "ppLine": "PP1",
        "avg": 0.59,
        "hit": false,
        "diffAvg": 0.18,
        "diffAbs": 1.0,
        "lastAvg": 0,
        "diff": 0,
        "avgMin": 13,
        "proj": 0.0,
        "lastAvgMin": 0,
        "oppOver": 0,
        "teamOver": 0,
        "gameLine": "+190",
        "+/-": "+4",
        "L5_+/-": -1.0,
        "prevMatchup": "2023-12-03 0.0 pts 2023-11-27 1.0 pts",
        "winLossSplits": "67% - 52%",
        "awayHome": "H",
        "playedYesterday": "N",
        "awayHomeSplits": "38% - 75%",
        "savesAboveExp": 0.892,
        "gsaa": 6.5,
        "corsi": "46.6% (60.1) // 43.5% (53.4) // 44.5% (52.3) // 42.0% (49.6)",
        "fenwick": "46.8% (42.7) // 44.5% (39.0) // 43.3% (36.0) // 41.1% (34.4)",
        "shots": "46.0% (28.9) // 43.1% (26.4) // 41.2% (23.9) // 38.9% (22.5)",
        "scoring": "46.4% (28.0) // 42.0% (25.6) // 41.2% (23.4) // 38.8% (21.2)",
        "corsiAgainst": "53.4% (68.7) // 56.5% (69.4) // 55.5% (65.2) // 58.0% (68.5)",
        "fenwickAgainst": "53.2% (48.6) // 55.5% (48.6) // 56.7% (47.2) // 58.9% (49.2)",
        "shotsAgainst": "54.0% (33.9) // 56.9% (34.9) // 58.8% (34.1) // 61.1% (35.4)",
        "scoringAgainst": "53.6% (32.3) // 58.0% (35.4) // 58.8% (33.4) // 61.2% (33.5)",
        "oppCorsi": "48.2% (58.0) // 46.0% (53.4) // 43.1% (47.0) // 44.2% (48.0)",
        "oppFenwick": "48.4% (42.6) // 46.0% (39.4) // 43.4% (34.2) // 45.5% (35.3)",
        "oppShots": "48.8% (30.2) // 45.9% (27.2) // 44.7% (25.2) // 47.3% (26.7)",
        "oppScoring": "49.9% (29.4) // 44.5% (25.3) // 42.9% (21.2) // 47.6% (23.7)",
        "oppCorsiAgainst": "51.8% (62.4) // 54.0% (62.8) // 56.9% (62.0) // 55.8% (60.7)",
        "oppFenwickAgainst": "51.6% (45.5) // 54.0% (46.1) // 56.6% (44.8) // 54.5% (42.3)",
        "oppShotsAgainst": "51.2% (31.7) // 54.1% (32.1) // 55.3% (31.3) // 52.7% (29.7)",
        "oppScoringAgainst": "50.1% (29.5) // 55.5% (31.5) // 57.1% (28.2) // 52.4% (26.0)",
        "totalOver": 56,
        "totalOverLast5": 60,
        "totalOverLast15": 47,
        "lastTotalOver": 0,
        "last5": "1,1,0,0,1,0,1,0,1,2",
        "fd": "0",
        "dk": "+150/-195",
        "kambi": "0",
        "lowest": "150 DK",
        "implied": 40.0,
        "overOdds": "+150",
        "underOdds": "-195",
        "overUnder": "+150 / -195"
    },
    {
        "player": "Hampus Lindholm",
        "team": "BOS",
        "opponent": "CBJ",
        "propType": "pts",
        "line": 0.5,
        "ppLine": "PP2",
        "avg": 0.26,
        "hit": false,
        "diffAvg": -0.48,
        "diffAbs": 0.2,
        "lastAvg": 0.61,
        "diff": 0.22,
        "avgMin": 23,
        "proj": 0.6,
        "lastAvgMin": 23.18,
        "oppOver": 0,
        "teamOver": 0,
        "gameLine": "-230",
        "+/-": "+3",
        "L5_+/-": -3.0,
        "prevMatchup": "2023-12-03 0.0 pts 2023-11-27 0.0 pts",
        "winLossSplits": "27% - 15%",
        "awayHome": "A",
        "playedYesterday": "N",
        "awayHomeSplits": "32% - 12%",
        "savesAboveExp": -0.547,
        "gsaa": -4.83,
        "corsi": "48.2% (58.0) // 46.0% (53.4) // 43.1% (47.0) // 44.2% (48.0)",
        "fenwick": "48.4% (42.6) // 46.0% (39.4) // 43.4% (34.2) // 45.5% (35.3)",
        "shots": "48.8% (30.2) // 45.9% (27.2) // 44.7% (25.2) // 47.3% (26.7)",
        "scoring": "49.9% (29.4) // 44.5% (25.3) // 42.9% (21.2) // 47.6% (23.7)",
        "corsiAgainst": "51.8% (62.4) // 54.0% (62.8) // 56.9% (62.0) // 55.8% (60.7)",
        "fenwickAgainst": "51.6% (45.5) // 54.0% (46.1) // 56.6% (44.8) // 54.5% (42.3)",
        "shotsAgainst": "51.2% (31.7) // 54.1% (32.1) // 55.3% (31.3) // 52.7% (29.7)",
        "scoringAgainst": "50.1% (29.5) // 55.5% (31.5) // 57.1% (28.2) // 52.4% (26.0)",
        "oppCorsi": "46.6% (60.1) // 43.5% (53.4) // 44.5% (52.3) // 42.0% (49.6)",
        "oppFenwick": "46.8% (42.7) // 44.5% (39.0) // 43.3% (36.0) // 41.1% (34.4)",
        "oppShots": "46.0% (28.9) // 43.1% (26.4) // 41.2% (23.9) // 38.9% (22.5)",
        "oppScoring": "46.4% (28.0) // 42.0% (25.6) // 41.2% (23.4) // 38.8% (21.2)",
        "oppCorsiAgainst": "53.4% (68.7) // 56.5% (69.4) // 55.5% (65.2) // 58.0% (68.5)",
        "oppFenwickAgainst": "53.2% (48.6) // 55.5% (48.6) // 56.7% (47.2) // 58.9% (49.2)",
        "oppShotsAgainst": "54.0% (33.9) // 56.9% (34.9) // 58.8% (34.1) // 61.1% (35.4)",
        "oppScoringAgainst": "53.6% (32.3) // 58.0% (35.4) // 58.8% (33.4) // 61.2% (33.5)",
        "totalOver": 23,
        "totalOverLast5": 20,
        "totalOverLast15": 20,
        "lastTotalOver": 47,
        "last5": "2,0,0,0,0,0,0,0,0,0",
        "fd": "0",
        "dk": "+135/-175",
        "kambi": "0",
        "lowest": "135 DK",
        "implied": 42.5531914893617,
        "overOdds": "+135",
        "underOdds": "-175",
        "overUnder": "+135 / -175"
    },
    {
        "player": "Ivan Provorov",
        "team": "CBJ",
        "opponent": "BOS",
        "propType": "pts",
        "line": 0.5,
        "ppLine": "PP1",
        "avg": 0.53,
        "hit": false,
        "diffAvg": 0.06,
        "diffAbs": 0.4,
        "lastAvg": 0.33,
        "diff": -0.34,
        "avgMin": 23,
        "proj": 0.3,
        "lastAvgMin": 23.02,
        "oppOver": 0,
        "teamOver": 0,
        "gameLine": "+190",
        "+/-": -12,
        "L5_+/-": -3.0,
        "prevMatchup": "2023-12-03 0.0 pts 2023-11-27 1.0 pts",
        "winLossSplits": "83% - 27%",
        "awayHome": "H",
        "playedYesterday": "N",
        "awayHomeSplits": "47% - 43%",
        "savesAboveExp": 0.892,
        "gsaa": 6.5,
        "corsi": "46.6% (60.1) // 43.5% (53.4) // 44.5% (52.3) // 42.0% (49.6)",
        "fenwick": "46.8% (42.7) // 44.5% (39.0) // 43.3% (36.0) // 41.1% (34.4)",
        "shots": "46.0% (28.9) // 43.1% (26.4) // 41.2% (23.9) // 38.9% (22.5)",
        "scoring": "46.4% (28.0) // 42.0% (25.6) // 41.2% (23.4) // 38.8% (21.2)",
        "corsiAgainst": "53.4% (68.7) // 56.5% (69.4) // 55.5% (65.2) // 58.0% (68.5)",
        "fenwickAgainst": "53.2% (48.6) // 55.5% (48.6) // 56.7% (47.2) // 58.9% (49.2)",
        "shotsAgainst": "54.0% (33.9) // 56.9% (34.9) // 58.8% (34.1) // 61.1% (35.4)",
        "scoringAgainst": "53.6% (32.3) // 58.0% (35.4) // 58.8% (33.4) // 61.2% (33.5)",
        "oppCorsi": "48.2% (58.0) // 46.0% (53.4) // 43.1% (47.0) // 44.2% (48.0)",
        "oppFenwick": "48.4% (42.6) // 46.0% (39.4) // 43.4% (34.2) // 45.5% (35.3)",
        "oppShots": "48.8% (30.2) // 45.9% (27.2) // 44.7% (25.2) // 47.3% (26.7)",
        "oppScoring": "49.9% (29.4) // 44.5% (25.3) // 42.9% (21.2) // 47.6% (23.7)",
        "oppCorsiAgainst": "51.8% (62.4) // 54.0% (62.8) // 56.9% (62.0) // 55.8% (60.7)",
        "oppFenwickAgainst": "51.6% (45.5) // 54.0% (46.1) // 56.6% (44.8) // 54.5% (42.3)",
        "oppShotsAgainst": "51.2% (31.7) // 54.1% (32.1) // 55.3% (31.3) // 52.7% (29.7)",
        "oppScoringAgainst": "50.1% (29.5) // 55.5% (31.5) // 57.1% (28.2) // 52.4% (26.0)",
        "totalOver": 45,
        "totalOverLast5": 20,
        "totalOverLast15": 27,
        "lastTotalOver": 29,
        "last5": "0,1,0,0,0,2,0,2,0,0",
        "fd": "0",
        "dk": "+130/-166",
        "kambi": "0",
        "lowest": "130 DK",
        "implied": 43.47826086956522,
        "overOdds": "+130",
        "underOdds": "-166",
        "overUnder": "+130 / -166"
    },
    {
        "player": "Jack Roslovic",
        "team": "CBJ",
        "opponent": "BOS",
        "propType": "pts",
        "line": 0.5,
        "ppLine": "",
        "avg": 0.5,
        "hit": false,
        "diffAvg": 0.0,
        "diffAbs": 0.2,
        "lastAvg": 0.57,
        "diff": 0.14,
        "avgMin": 16,
        "proj": 0.6,
        "lastAvgMin": 16.43,
        "oppOver": 0,
        "teamOver": 0,
        "gameLine": "+190",
        "+/-": -8,
        "L5_+/-": -8.0,
        "prevMatchup": "",
        "winLossSplits": "50% - 33%",
        "awayHome": "H",
        "playedYesterday": "N",
        "awayHomeSplits": "38% - 38%",
        "savesAboveExp": 0.892,
        "gsaa": 6.5,
        "corsi": "46.6% (60.1) // 43.5% (53.4) // 44.5% (52.3) // 42.0% (49.6)",
        "fenwick": "46.8% (42.7) // 44.5% (39.0) // 43.3% (36.0) // 41.1% (34.4)",
        "shots": "46.0% (28.9) // 43.1% (26.4) // 41.2% (23.9) // 38.9% (22.5)",
        "scoring": "46.4% (28.0) // 42.0% (25.6) // 41.2% (23.4) // 38.8% (21.2)",
        "corsiAgainst": "53.4% (68.7) // 56.5% (69.4) // 55.5% (65.2) // 58.0% (68.5)",
        "fenwickAgainst": "53.2% (48.6) // 55.5% (48.6) // 56.7% (47.2) // 58.9% (49.2)",
        "shotsAgainst": "54.0% (33.9) // 56.9% (34.9) // 58.8% (34.1) // 61.1% (35.4)",
        "scoringAgainst": "53.6% (32.3) // 58.0% (35.4) // 58.8% (33.4) // 61.2% (33.5)",
        "oppCorsi": "48.2% (58.0) // 46.0% (53.4) // 43.1% (47.0) // 44.2% (48.0)",
        "oppFenwick": "48.4% (42.6) // 46.0% (39.4) // 43.4% (34.2) // 45.5% (35.3)",
        "oppShots": "48.8% (30.2) // 45.9% (27.2) // 44.7% (25.2) // 47.3% (26.7)",
        "oppScoring": "49.9% (29.4) // 44.5% (25.3) // 42.9% (21.2) // 47.6% (23.7)",
        "oppCorsiAgainst": "51.8% (62.4) // 54.0% (62.8) // 56.9% (62.0) // 55.8% (60.7)",
        "oppFenwickAgainst": "51.6% (45.5) // 54.0% (46.1) // 56.6% (44.8) // 54.5% (42.3)",
        "oppShotsAgainst": "51.2% (31.7) // 54.1% (32.1) // 55.3% (31.3) // 52.7% (29.7)",
        "oppScoringAgainst": "50.1% (29.5) // 55.5% (31.5) // 57.1% (28.2) // 52.4% (26.0)",
        "totalOver": 38,
        "totalOverLast5": 20,
        "totalOverLast15": 40,
        "lastTotalOver": 42,
        "last5": "0,0,0,0,1,1,0,0,0,0",
        "fd": "0",
        "dk": "+140/-180",
        "kambi": "0",
        "lowest": "140 DK",
        "implied": 41.66666666666667,
        "overOdds": "+140",
        "underOdds": "-180",
        "overUnder": "+140 / -180"
    },
    {
        "player": "Jake Debrusk",
        "team": "BOS",
        "opponent": "CBJ",
        "propType": "pts",
        "line": 0.5,
        "ppLine": "PP2",
        "avg": 0.47,
        "hit": false,
        "diffAvg": -0.06,
        "diffAbs": 0.4,
        "lastAvg": 0.7,
        "diff": 0.4,
        "avgMin": 16,
        "proj": 0.7,
        "lastAvgMin": 16.77,
        "oppOver": 0,
        "teamOver": 0,
        "gameLine": "-230",
        "+/-": "+8",
        "L5_+/-": "+2.0",
        "prevMatchup": "2023-12-03 0.0 pts 2023-11-27 0.0 pts",
        "winLossSplits": "57% - 15%",
        "awayHome": "A",
        "playedYesterday": "N",
        "awayHomeSplits": "39% - 44%",
        "savesAboveExp": -0.547,
        "gsaa": -4.83,
        "corsi": "48.2% (58.0) // 46.0% (53.4) // 43.1% (47.0) // 44.2% (48.0)",
        "fenwick": "48.4% (42.6) // 46.0% (39.4) // 43.4% (34.2) // 45.5% (35.3)",
        "shots": "48.8% (30.2) // 45.9% (27.2) // 44.7% (25.2) // 47.3% (26.7)",
        "scoring": "49.9% (29.4) // 44.5% (25.3) // 42.9% (21.2) // 47.6% (23.7)",
        "corsiAgainst": "51.8% (62.4) // 54.0% (62.8) // 56.9% (62.0) // 55.8% (60.7)",
        "fenwickAgainst": "51.6% (45.5) // 54.0% (46.1) // 56.6% (44.8) // 54.5% (42.3)",
        "shotsAgainst": "51.2% (31.7) // 54.1% (32.1) // 55.3% (31.3) // 52.7% (29.7)",
        "scoringAgainst": "50.1% (29.5) // 55.5% (31.5) // 57.1% (28.2) // 52.4% (26.0)",
        "oppCorsi": "46.6% (60.1) // 43.5% (53.4) // 44.5% (52.3) // 42.0% (49.6)",
        "oppFenwick": "46.8% (42.7) // 44.5% (39.0) // 43.3% (36.0) // 41.1% (34.4)",
        "oppShots": "46.0% (28.9) // 43.1% (26.4) // 41.2% (23.9) // 38.9% (22.5)",
        "oppScoring": "46.4% (28.0) // 42.0% (25.6) // 41.2% (23.4) // 38.8% (21.2)",
        "oppCorsiAgainst": "53.4% (68.7) // 56.5% (69.4) // 55.5% (65.2) // 58.0% (68.5)",
        "oppFenwickAgainst": "53.2% (48.6) // 55.5% (48.6) // 56.7% (47.2) // 58.9% (49.2)",
        "oppShotsAgainst": "54.0% (33.9) // 56.9% (34.9) // 58.8% (34.1) // 61.1% (35.4)",
        "oppScoringAgainst": "53.6% (32.3) // 58.0% (35.4) // 58.8% (33.4) // 61.2% (33.5)",
        "totalOver": 41,
        "totalOverLast5": 60,
        "totalOverLast15": 40,
        "lastTotalOver": 57,
        "last5": "1,2,2,0,0,0,0,0,0,1",
        "fd": "0",
        "dk": "-110/-120",
        "kambi": "0",
        "lowest": "-110 DK",
        "implied": 52.38095238095239,
        "overOdds": "-110",
        "underOdds": "-120",
        "overUnder": "-110 / -120"
    },
    {
        "player": "Johnny Gaudreau",
        "team": "CBJ",
        "opponent": "BOS",
        "propType": "pts",
        "line": 0.5,
        "ppLine": "PP1",
        "avg": 0.66,
        "hit": false,
        "diffAvg": 0.32,
        "diffAbs": 0.6,
        "lastAvg": 0.91,
        "diff": 0.82,
        "avgMin": 18,
        "proj": 0.8,
        "lastAvgMin": 19.42,
        "oppOver": 0,
        "teamOver": 0,
        "gameLine": "+190",
        "+/-": -15,
        "L5_+/-": -7.0,
        "prevMatchup": "2023-12-03 0.0 pts 2023-11-27 0.0 pts",
        "winLossSplits": "75% - 31%",
        "awayHome": "H",
        "playedYesterday": "N",
        "awayHomeSplits": "41% - 48%",
        "savesAboveExp": 0.892,
        "gsaa": 6.5,
        "corsi": "46.6% (60.1) // 43.5% (53.4) // 44.5% (52.3) // 42.0% (49.6)",
        "fenwick": "46.8% (42.7) // 44.5% (39.0) // 43.3% (36.0) // 41.1% (34.4)",
        "shots": "46.0% (28.9) // 43.1% (26.4) // 41.2% (23.9) // 38.9% (22.5)",
        "scoring": "46.4% (28.0) // 42.0% (25.6) // 41.2% (23.4) // 38.8% (21.2)",
        "corsiAgainst": "53.4% (68.7) // 56.5% (69.4) // 55.5% (65.2) // 58.0% (68.5)",
        "fenwickAgainst": "53.2% (48.6) // 55.5% (48.6) // 56.7% (47.2) // 58.9% (49.2)",
        "shotsAgainst": "54.0% (33.9) // 56.9% (34.9) // 58.8% (34.1) // 61.1% (35.4)",
        "scoringAgainst": "53.6% (32.3) // 58.0% (35.4) // 58.8% (33.4) // 61.2% (33.5)",
        "oppCorsi": "48.2% (58.0) // 46.0% (53.4) // 43.1% (47.0) // 44.2% (48.0)",
        "oppFenwick": "48.4% (42.6) // 46.0% (39.4) // 43.4% (34.2) // 45.5% (35.3)",
        "oppShots": "48.8% (30.2) // 45.9% (27.2) // 44.7% (25.2) // 47.3% (26.7)",
        "oppScoring": "49.9% (29.4) // 44.5% (25.3) // 42.9% (21.2) // 47.6% (23.7)",
        "oppCorsiAgainst": "51.8% (62.4) // 54.0% (62.8) // 56.9% (62.0) // 55.8% (60.7)",
        "oppFenwickAgainst": "51.6% (45.5) // 54.0% (46.1) // 56.6% (44.8) // 54.5% (42.3)",
        "oppShotsAgainst": "51.2% (31.7) // 54.1% (32.1) // 55.3% (31.3) // 52.7% (29.7)",
        "oppScoringAgainst": "50.1% (29.5) // 55.5% (31.5) // 57.1% (28.2) // 52.4% (26.0)",
        "totalOver": 45,
        "totalOverLast5": 60,
        "totalOverLast15": 53,
        "lastTotalOver": 59,
        "last5": "0,3,0,1,1,3,1,1,0,0",
        "fd": "0",
        "dk": "-115/-115",
        "kambi": "0",
        "lowest": "-115 DK",
        "implied": 53.48837209302325,
        "overOdds": "-115",
        "underOdds": "-115",
        "overUnder": "-115 / -115"
    },
    {
        "player": "Justin Danforth",
        "team": "CBJ",
        "opponent": "BOS",
        "propType": "pts",
        "line": 0.5,
        "ppLine": "PP2",
        "avg": 0.47,
        "hit": false,
        "diffAvg": -0.06,
        "diffAbs": 1.0,
        "lastAvg": 0,
        "diff": 0,
        "avgMin": 15,
        "proj": 0.0,
        "lastAvgMin": 0,
        "oppOver": 0,
        "teamOver": 0,
        "gameLine": "+190",
        "+/-": "+2",
        "L5_+/-": -1.0,
        "prevMatchup": "2023-12-03 0.0 pts 2023-11-27 1.0 pts",
        "winLossSplits": "75% - 27%",
        "awayHome": "H",
        "playedYesterday": "N",
        "awayHomeSplits": "47% - 38%",
        "savesAboveExp": 0.892,
        "gsaa": 6.5,
        "corsi": "46.6% (60.1) // 43.5% (53.4) // 44.5% (52.3) // 42.0% (49.6)",
        "fenwick": "46.8% (42.7) // 44.5% (39.0) // 43.3% (36.0) // 41.1% (34.4)",
        "shots": "46.0% (28.9) // 43.1% (26.4) // 41.2% (23.9) // 38.9% (22.5)",
        "scoring": "46.4% (28.0) // 42.0% (25.6) // 41.2% (23.4) // 38.8% (21.2)",
        "corsiAgainst": "53.4% (68.7) // 56.5% (69.4) // 55.5% (65.2) // 58.0% (68.5)",
        "fenwickAgainst": "53.2% (48.6) // 55.5% (48.6) // 56.7% (47.2) // 58.9% (49.2)",
        "shotsAgainst": "54.0% (33.9) // 56.9% (34.9) // 58.8% (34.1) // 61.1% (35.4)",
        "scoringAgainst": "53.6% (32.3) // 58.0% (35.4) // 58.8% (33.4) // 61.2% (33.5)",
        "oppCorsi": "48.2% (58.0) // 46.0% (53.4) // 43.1% (47.0) // 44.2% (48.0)",
        "oppFenwick": "48.4% (42.6) // 46.0% (39.4) // 43.4% (34.2) // 45.5% (35.3)",
        "oppShots": "48.8% (30.2) // 45.9% (27.2) // 44.7% (25.2) // 47.3% (26.7)",
        "oppScoring": "49.9% (29.4) // 44.5% (25.3) // 42.9% (21.2) // 47.6% (23.7)",
        "oppCorsiAgainst": "51.8% (62.4) // 54.0% (62.8) // 56.9% (62.0) // 55.8% (60.7)",
        "oppFenwickAgainst": "51.6% (45.5) // 54.0% (46.1) // 56.6% (44.8) // 54.5% (42.3)",
        "oppShotsAgainst": "51.2% (31.7) // 54.1% (32.1) // 55.3% (31.3) // 52.7% (29.7)",
        "oppScoringAgainst": "50.1% (29.5) // 55.5% (31.5) // 57.1% (28.2) // 52.4% (26.0)",
        "totalOver": 42,
        "totalOverLast5": 80,
        "totalOverLast15": 47,
        "lastTotalOver": 50,
        "last5": "1,1,1,1,0,0,0,2,0,1",
        "fd": "0",
        "dk": "+135/-175",
        "kambi": "0",
        "lowest": "135 DK",
        "implied": 42.5531914893617,
        "overOdds": "+135",
        "underOdds": "-175",
        "overUnder": "+135 / -175"
    },
    {
        "player": "Kent Johnson",
        "team": "CBJ",
        "opponent": "BOS",
        "propType": "pts",
        "line": 0.5,
        "ppLine": "PP2",
        "avg": 0.55,
        "hit": false,
        "diffAvg": 0.1,
        "diffAbs": 0.0,
        "lastAvg": 0.51,
        "diff": 0.02,
        "avgMin": 13,
        "proj": 0.5,
        "lastAvgMin": 14.5,
        "oppOver": 0,
        "teamOver": 0,
        "gameLine": "+190",
        "+/-": "+1",
        "L5_+/-": "+3.0",
        "prevMatchup": "2023-12-03 0.0 pts",
        "winLossSplits": "67% - 15%",
        "awayHome": "H",
        "playedYesterday": "N",
        "awayHomeSplits": "62% - 21%",
        "savesAboveExp": 0.892,
        "gsaa": 6.5,
        "corsi": "46.6% (60.1) // 43.5% (53.4) // 44.5% (52.3) // 42.0% (49.6)",
        "fenwick": "46.8% (42.7) // 44.5% (39.0) // 43.3% (36.0) // 41.1% (34.4)",
        "shots": "46.0% (28.9) // 43.1% (26.4) // 41.2% (23.9) // 38.9% (22.5)",
        "scoring": "46.4% (28.0) // 42.0% (25.6) // 41.2% (23.4) // 38.8% (21.2)",
        "corsiAgainst": "53.4% (68.7) // 56.5% (69.4) // 55.5% (65.2) // 58.0% (68.5)",
        "fenwickAgainst": "53.2% (48.6) // 55.5% (48.6) // 56.7% (47.2) // 58.9% (49.2)",
        "shotsAgainst": "54.0% (33.9) // 56.9% (34.9) // 58.8% (34.1) // 61.1% (35.4)",
        "scoringAgainst": "53.6% (32.3) // 58.0% (35.4) // 58.8% (33.4) // 61.2% (33.5)",
        "oppCorsi": "48.2% (58.0) // 46.0% (53.4) // 43.1% (47.0) // 44.2% (48.0)",
        "oppFenwick": "48.4% (42.6) // 46.0% (39.4) // 43.4% (34.2) // 45.5% (35.3)",
        "oppShots": "48.8% (30.2) // 45.9% (27.2) // 44.7% (25.2) // 47.3% (26.7)",
        "oppScoring": "49.9% (29.4) // 44.5% (25.3) // 42.9% (21.2) // 47.6% (23.7)",
        "oppCorsiAgainst": "51.8% (62.4) // 54.0% (62.8) // 56.9% (62.0) // 55.8% (60.7)",
        "oppFenwickAgainst": "51.6% (45.5) // 54.0% (46.1) // 56.6% (44.8) // 54.5% (42.3)",
        "oppShotsAgainst": "51.2% (31.7) // 54.1% (32.1) // 55.3% (31.3) // 52.7% (29.7)",
        "oppScoringAgainst": "50.1% (29.5) // 55.5% (31.5) // 57.1% (28.2) // 52.4% (26.0)",
        "totalOver": 36,
        "totalOverLast5": 20,
        "totalOverLast15": 33,
        "lastTotalOver": 43,
        "last5": "0,1,0,0,0,2,0,3,0,1",
        "fd": "0",
        "dk": "+160/-210",
        "kambi": "0",
        "lowest": "160 DK",
        "implied": 38.46153846153847,
        "overOdds": "+160",
        "underOdds": "-210",
        "overUnder": "+160 / -210"
    },
    {
        "player": "Kirill Marchenko",
        "team": "CBJ",
        "opponent": "BOS",
        "propType": "pts",
        "line": 0.5,
        "ppLine": "PP1",
        "avg": 0.58,
        "hit": false,
        "diffAvg": 0.16,
        "diffAbs": 0.2,
        "lastAvg": 0.42,
        "diff": -0.16,
        "avgMin": 16,
        "proj": 0.4,
        "lastAvgMin": 16.18,
        "oppOver": 0,
        "teamOver": 0,
        "gameLine": "+190",
        "+/-": "+5",
        "L5_+/-": "+1.0",
        "prevMatchup": "2023-12-03 0.0 pts 2023-11-27 1.0 pts",
        "winLossSplits": "50% - 42%",
        "awayHome": "H",
        "playedYesterday": "N",
        "awayHomeSplits": "31% - 55%",
        "savesAboveExp": 0.892,
        "gsaa": 6.5,
        "corsi": "46.6% (60.1) // 43.5% (53.4) // 44.5% (52.3) // 42.0% (49.6)",
        "fenwick": "46.8% (42.7) // 44.5% (39.0) // 43.3% (36.0) // 41.1% (34.4)",
        "shots": "46.0% (28.9) // 43.1% (26.4) // 41.2% (23.9) // 38.9% (22.5)",
        "scoring": "46.4% (28.0) // 42.0% (25.6) // 41.2% (23.4) // 38.8% (21.2)",
        "corsiAgainst": "53.4% (68.7) // 56.5% (69.4) // 55.5% (65.2) // 58.0% (68.5)",
        "fenwickAgainst": "53.2% (48.6) // 55.5% (48.6) // 56.7% (47.2) // 58.9% (49.2)",
        "shotsAgainst": "54.0% (33.9) // 56.9% (34.9) // 58.8% (34.1) // 61.1% (35.4)",
        "scoringAgainst": "53.6% (32.3) // 58.0% (35.4) // 58.8% (33.4) // 61.2% (33.5)",
        "oppCorsi": "48.2% (58.0) // 46.0% (53.4) // 43.1% (47.0) // 44.2% (48.0)",
        "oppFenwick": "48.4% (42.6) // 46.0% (39.4) // 43.4% (34.2) // 45.5% (35.3)",
        "oppShots": "48.8% (30.2) // 45.9% (27.2) // 44.7% (25.2) // 47.3% (26.7)",
        "oppScoring": "49.9% (29.4) // 44.5% (25.3) // 42.9% (21.2) // 47.6% (23.7)",
        "oppCorsiAgainst": "51.8% (62.4) // 54.0% (62.8) // 56.9% (62.0) // 55.8% (60.7)",
        "oppFenwickAgainst": "51.6% (45.5) // 54.0% (46.1) // 56.6% (44.8) // 54.5% (42.3)",
        "oppShotsAgainst": "51.2% (31.7) // 54.1% (32.1) // 55.3% (31.3) // 52.7% (29.7)",
        "oppScoringAgainst": "50.1% (29.5) // 55.5% (31.5) // 57.1% (28.2) // 52.4% (26.0)",
        "totalOver": 44,
        "totalOverLast5": 0,
        "totalOverLast15": 33,
        "lastTotalOver": 30,
        "last5": "0,0,0,0,0,3,1,0,1,2",
        "fd": "0",
        "dk": "+114/-145",
        "kambi": "0",
        "lowest": "114 DK",
        "implied": 46.728971962616825,
        "overOdds": "+114",
        "underOdds": "-145",
        "overUnder": "+114 / -145"
    },
    {
        "player": "Morgan Geekie",
        "team": "BOS",
        "opponent": "CBJ",
        "propType": "pts",
        "line": 0.5,
        "ppLine": "PP1",
        "avg": 0.48,
        "hit": false,
        "diffAvg": -0.04,
        "diffAbs": 0.0,
        "lastAvg": 0.34,
        "diff": -0.32,
        "avgMin": 15,
        "proj": 0.5,
        "lastAvgMin": 10.45,
        "oppOver": 0,
        "teamOver": 0,
        "gameLine": "-230",
        "+/-": "+1",
        "L5_+/-": 0.0,
        "prevMatchup": "2023-12-03 0.0 pts 2023-11-27 0.0 pts",
        "winLossSplits": "44% - 36%",
        "awayHome": "A",
        "playedYesterday": "N",
        "awayHomeSplits": "60% - 21%",
        "savesAboveExp": -0.547,
        "gsaa": -4.83,
        "corsi": "48.2% (58.0) // 46.0% (53.4) // 43.1% (47.0) // 44.2% (48.0)",
        "fenwick": "48.4% (42.6) // 46.0% (39.4) // 43.4% (34.2) // 45.5% (35.3)",
        "shots": "48.8% (30.2) // 45.9% (27.2) // 44.7% (25.2) // 47.3% (26.7)",
        "scoring": "49.9% (29.4) // 44.5% (25.3) // 42.9% (21.2) // 47.6% (23.7)",
        "corsiAgainst": "51.8% (62.4) // 54.0% (62.8) // 56.9% (62.0) // 55.8% (60.7)",
        "fenwickAgainst": "51.6% (45.5) // 54.0% (46.1) // 56.6% (44.8) // 54.5% (42.3)",
        "shotsAgainst": "51.2% (31.7) // 54.1% (32.1) // 55.3% (31.3) // 52.7% (29.7)",
        "scoringAgainst": "50.1% (29.5) // 55.5% (31.5) // 57.1% (28.2) // 52.4% (26.0)",
        "oppCorsi": "46.6% (60.1) // 43.5% (53.4) // 44.5% (52.3) // 42.0% (49.6)",
        "oppFenwick": "46.8% (42.7) // 44.5% (39.0) // 43.3% (36.0) // 41.1% (34.4)",
        "oppShots": "46.0% (28.9) // 43.1% (26.4) // 41.2% (23.9) // 38.9% (22.5)",
        "oppScoring": "46.4% (28.0) // 42.0% (25.6) // 41.2% (23.4) // 38.8% (21.2)",
        "oppCorsiAgainst": "53.4% (68.7) // 56.5% (69.4) // 55.5% (65.2) // 58.0% (68.5)",
        "oppFenwickAgainst": "53.2% (48.6) // 55.5% (48.6) // 56.7% (47.2) // 58.9% (49.2)",
        "oppShotsAgainst": "54.0% (33.9) // 56.9% (34.9) // 58.8% (34.1) // 61.1% (35.4)",
        "oppScoringAgainst": "53.6% (32.3) // 58.0% (35.4) // 58.8% (33.4) // 61.2% (33.5)",
        "totalOver": 41,
        "totalOverLast5": 60,
        "totalOverLast15": 53,
        "lastTotalOver": 37,
        "last5": "0,1,1,1,0,1,0,2,1,1",
        "fd": "0",
        "dk": "+100/-130",
        "kambi": "0",
        "lowest": "100 DK",
        "implied": 50.0,
        "overOdds": "+100",
        "underOdds": "-130",
        "overUnder": "+100 / -130"
    },
    {
        "player": "Pavel Zacha",
        "team": "BOS",
        "opponent": "CBJ",
        "propType": "pts",
        "line": 0.5,
        "ppLine": "PP1",
        "avg": 0.69,
        "hit": false,
        "diffAvg": 0.38,
        "diffAbs": 0.4,
        "lastAvg": 0.64,
        "diff": 0.28,
        "avgMin": 18,
        "proj": 0.7,
        "lastAvgMin": 16.05,
        "oppOver": 0,
        "teamOver": 0,
        "gameLine": "-230",
        "+/-": -1,
        "L5_+/-": -3.0,
        "prevMatchup": "2023-12-03 1.0 pts 2023-11-27 0.0 pts",
        "winLossSplits": "52% - 64%",
        "awayHome": "A",
        "playedYesterday": "N",
        "awayHomeSplits": "47% - 67%",
        "savesAboveExp": -0.547,
        "gsaa": -4.83,
        "corsi": "48.2% (58.0) // 46.0% (53.4) // 43.1% (47.0) // 44.2% (48.0)",
        "fenwick": "48.4% (42.6) // 46.0% (39.4) // 43.4% (34.2) // 45.5% (35.3)",
        "shots": "48.8% (30.2) // 45.9% (27.2) // 44.7% (25.2) // 47.3% (26.7)",
        "scoring": "49.9% (29.4) // 44.5% (25.3) // 42.9% (21.2) // 47.6% (23.7)",
        "corsiAgainst": "51.8% (62.4) // 54.0% (62.8) // 56.9% (62.0) // 55.8% (60.7)",
        "fenwickAgainst": "51.6% (45.5) // 54.0% (46.1) // 56.6% (44.8) // 54.5% (42.3)",
        "shotsAgainst": "51.2% (31.7) // 54.1% (32.1) // 55.3% (31.3) // 52.7% (29.7)",
        "scoringAgainst": "50.1% (29.5) // 55.5% (31.5) // 57.1% (28.2) // 52.4% (26.0)",
        "oppCorsi": "46.6% (60.1) // 43.5% (53.4) // 44.5% (52.3) // 42.0% (49.6)",
        "oppFenwick": "46.8% (42.7) // 44.5% (39.0) // 43.3% (36.0) // 41.1% (34.4)",
        "oppShots": "46.0% (28.9) // 43.1% (26.4) // 41.2% (23.9) // 38.9% (22.5)",
        "oppScoring": "46.4% (28.0) // 42.0% (25.6) // 41.2% (23.4) // 38.8% (21.2)",
        "oppCorsiAgainst": "53.4% (68.7) // 56.5% (69.4) // 55.5% (65.2) // 58.0% (68.5)",
        "oppFenwickAgainst": "53.2% (48.6) // 55.5% (48.6) // 56.7% (47.2) // 58.9% (49.2)",
        "oppShotsAgainst": "54.0% (33.9) // 56.9% (34.9) // 58.8% (34.1) // 61.1% (35.4)",
        "oppScoringAgainst": "53.6% (32.3) // 58.0% (35.4) // 58.8% (33.4) // 61.2% (33.5)",
        "totalOver": 56,
        "totalOverLast5": 20,
        "totalOverLast15": 40,
