[
    {
        "player": "Ilya Sorokin",
        "team": "NYI",
        "opponent": "DET",
        "propType": "saves",
        "line": 27.5,
        "ppLine": "",
        "avg": 30.74,
        "hit": false,
        "diffAvg": 0.12,
        "diffAbs": 0.09,
        "lastAvg": 24.62,
        "diff": -0.1,
        "avgMin": 59,
        "proj": 25.1,
        "lastAvgMin": 57.85,
        "oppOver": 0,
        "teamOver": 71,
        "gameLine": "-108",
        "+/-": 0,
        "L5_+/-": 0,
        "prevMatchup": "2023-10-30 det @ nyi 32.0 sv",
        "winLossSplits": "72% - 71%",
        "awayHome": "A",
        "playedYesterday": "N",
        "awayHomeSplits": "72% - 71%",
        "savesAboveExp": 0.704,
        "gsaa": 5.74,
        "corsi": "44.7% (56.8) // 44.4% (54.6) // 43.4% (50.9) // 46.0% (52.9)",
        "fenwick": "45.5% (41.5) // 44.8% (38.7) // 43.5% (34.7) // 44.5% (34.9)",
        "shots": "45.8% (29.2) // 45.8% (28.4) // 44.8% (26.5) // 44.9% (26.6)",
        "scoring": "45.4% (28.2) // 44.8% (26.8) // 43.3% (23.3) // 45.5% (25.3)",
        "corsiAgainst": "55.3% (70.4) // 55.6% (68.4) // 56.6% (66.2) // 54.0% (62.2)",
        "fenwickAgainst": "54.5% (49.6) // 55.2% (47.8) // 56.5% (45.1) // 55.5% (43.6)",
        "shotsAgainst": "54.2% (34.6) // 54.2% (33.6) // 55.2% (32.7) // 55.1% (32.6)",
        "scoringAgainst": "54.6% (33.9) // 55.2% (33.1) // 56.7% (30.5) // 54.5% (30.3)",
        "oppCorsi": "47.0% (56.4) // 47.0% (57.4) // 43.9% (54.8) // 45.3% (57.4)",
        "oppFenwick": "46.9% (41.3) // 45.6% (40.5) // 44.0% (37.8) // 41.0% (36.1)",
        "oppShots": "47.6% (29.2) // 43.1% (26.7) // 41.0% (25.1) // 36.6% (22.3)",
        "oppScoring": "46.7% (27.3) // 47.5% (27.6) // 43.5% (26.1) // 44.4% (27.2)",
        "oppCorsiAgainst": "53.0% (63.7) // 53.0% (64.7) // 56.1% (70.1) // 54.7% (69.2)",
        "oppFenwickAgainst": "53.1% (46.7) // 54.4% (48.3) // 56.0% (48.0) // 59.0% (51.9)",
        "oppShotsAgainst": "52.4% (32.1) // 56.9% (35.2) // 59.0% (36.0) // 63.4% (38.6)",
        "oppScoringAgainst": "53.3% (31.2) // 52.5% (30.5) // 56.5% (33.9) // 55.6% (34.1)",
        "totalOver": 71,
        "totalOverLast5": 80,
        "totalOverLast15": 60,
        "lastTotalOver": 48,
        "last5": "30,17,37,32,29,18,35,24,41,20",
        "fd": "-122/-110",
        "dk": "-125/-105",
        "kambi": "0",
        "lowest": "-122 FD",
        "implied": 54.95495495495496,
        "overOdds": "-125",
        "underOdds": "-105",
        "overUnder": "-125 / -105"
    },
    {
        "player": "Anthony Stolarz",
        "team": "FLA",
        "opponent": "MTL",
        "propType": "saves",
        "line": 24.5,
        "ppLine": "",
        "avg": 22.61,
        "hit": false,
        "diffAvg": -0.08,
        "diffAbs": 0.22,
        "lastAvg": 23.37,
        "diff": -0.05,
        "avgMin": 55,
        "proj": 29.8,
        "lastAvgMin": 43.15,
        "oppOver": 0,
        "teamOver": 54,
        "gameLine": "-340",
        "+/-": 0,
        "L5_+/-": 0,
        "prevMatchup": "2023-11-30 fla @ mtl 21.0 sv 2023-12-30 mtl @ fla 18.0 sv",
        "winLossSplits": "50% - 12%",
        "awayHome": "H",
        "playedYesterday": "N",
        "awayHomeSplits": "45% - 14%",
        "savesAboveExp": -0.322,
        "gsaa": 5.36,
        "corsi": "56.8% (68.9) // 57.5% (67.6) // 55.9% (64.5) // 54.5% (60.3)",
        "fenwick": "55.7% (48.5) // 55.8% (49.6) // 55.1% (49.0) // 53.5% (44.8)",
        "shots": "55.6% (33.9) // 56.2% (34.2) // 56.0% (34.6) // 53.2% (32.8)",
        "scoring": "57.1% (31.9) // 60.6% (31.5) // 60.7% (30.7) // 57.2% (28.2)",
        "corsiAgainst": "43.2% (52.4) // 42.5% (50.1) // 44.1% (51.0) // 45.5% (50.3)",
        "fenwickAgainst": "44.3% (38.5) // 44.2% (39.3) // 44.9% (39.9) // 46.5% (38.9)",
        "shotsAgainst": "44.4% (27.0) // 43.8% (26.7) // 44.0% (27.1) // 46.8% (28.9)",
        "scoringAgainst": "42.9% (23.9) // 39.4% (20.5) // 39.3% (19.9) // 42.8% (21.1)",
        "oppCorsi": "46.4% (56.1) // 45.1% (53.9) // 42.0% (53.4) // 43.4% (55.6)",
        "oppFenwick": "46.8% (40.5) // 46.2% (38.2) // 42.1% (37.9) // 43.4% (39.2)",
        "oppShots": "45.9% (27.9) // 45.0% (25.2) // 41.2% (26.1) // 40.8% (26.5)",
        "oppScoring": "45.8% (27.3) // 42.3% (22.7) // 40.6% (24.2) // 42.6% (25.6)",
        "oppCorsiAgainst": "53.6% (64.8) // 54.9% (65.5) // 58.0% (73.7) // 56.6% (72.6)",
        "oppFenwickAgainst": "53.2% (46.1) // 53.8% (44.5) // 57.9% (52.1) // 56.6% (51.2)",
        "oppShotsAgainst": "54.1% (32.9) // 55.0% (30.7) // 58.8% (37.4) // 59.2% (38.5)",
        "oppScoringAgainst": "54.2% (32.4) // 57.7% (31.0) // 59.4% (35.4) // 57.4% (34.4)",
        "totalOver": 33,
        "totalOverLast5": 40,
        "totalOverLast15": 27,
        "lastTotalOver": 61,
        "last5": "22,45,23,21,26,9,21,29,18,22",
        "fd": "-120/-110",
        "dk": "-125/-105",
        "kambi": "0",
        "lowest": "-120 FD",
        "implied": 54.54545454545454,
        "overOdds": "-125",
        "underOdds": "-105",
        "overUnder": "-125 / -105"
    },
    {
        "player": "Sam Montembeault",
        "team": "MTL",
        "opponent": "FLA",
        "propType": "saves",
        "line": 30.5,
        "ppLine": "",
        "avg": 29.54,
        "hit": false,
        "diffAvg": -0.03,
        "diffAbs": 0.0,
        "lastAvg": 30.3,
        "diff": -0.01,
        "avgMin": 59,
        "proj": 30.6,
        "lastAvgMin": 58.33,
        "oppOver": 0,
        "teamOver": 41,
        "gameLine": "+270",
        "+/-": 0,
        "L5_+/-": 0,
        "prevMatchup": "2023-11-30 fla @ mtl 24.0 sv 2023-12-30 mtl @ fla 22.0 sv",
        "winLossSplits": "46% - 27%",
        "awayHome": "A",
        "playedYesterday": "N",
        "awayHomeSplits": "9% - 53%",
        "savesAboveExp": 0.061,
        "gsaa": 2.2,
        "corsi": "46.4% (56.1) // 45.1% (53.9) // 42.0% (53.4) // 43.4% (55.6)",
        "fenwick": "46.8% (40.5) // 46.2% (38.2) // 42.1% (37.9) // 43.4% (39.2)",
        "shots": "45.9% (27.9) // 45.0% (25.2) // 41.2% (26.1) // 40.8% (26.5)",
        "scoring": "45.8% (27.3) // 42.3% (22.7) // 40.6% (24.2) // 42.6% (25.6)",
        "corsiAgainst": "53.6% (64.8) // 54.9% (65.5) // 58.0% (73.7) // 56.6% (72.6)",
        "fenwickAgainst": "53.2% (46.1) // 53.8% (44.5) // 57.9% (52.1) // 56.6% (51.2)",
        "shotsAgainst": "54.1% (32.9) // 55.0% (30.7) // 58.8% (37.4) // 59.2% (38.5)",
        "scoringAgainst": "54.2% (32.4) // 57.7% (31.0) // 59.4% (35.4) // 57.4% (34.4)",
        "oppCorsi": "56.8% (68.9) // 57.5% (67.6) // 55.9% (64.5) // 54.5% (60.3)",
        "oppFenwick": "55.7% (48.5) // 55.8% (49.6) // 55.1% (49.0) // 53.5% (44.8)",
        "oppShots": "55.6% (33.9) // 56.2% (34.2) // 56.0% (34.6) // 53.2% (32.8)",
        "oppScoring": "57.1% (31.9) // 60.6% (31.5) // 60.7% (30.7) // 57.2% (28.2)",
        "oppCorsiAgainst": "43.2% (52.4) // 42.5% (50.1) // 44.1% (51.0) // 45.5% (50.3)",
        "oppFenwickAgainst": "44.3% (38.5) // 44.2% (39.3) // 44.9% (39.9) // 46.5% (38.9)",
        "oppShotsAgainst": "44.4% (27.0) // 43.8% (26.7) // 44.0% (27.1) // 46.8% (28.9)",
        "oppScoringAgainst": "42.9% (23.9) // 39.4% (20.5) // 39.3% (19.9) // 42.8% (21.1)",
        "totalOver": 36,
        "totalOverLast5": 60,
        "totalOverLast15": 47,
        "lastTotalOver": 54,
        "last5": "36,20,24,35,37,43,22,28,39,32",
        "fd": "-120/-110",
        "dk": "-130/+100",
        "kambi": "0",
        "lowest": "-120 FD",
        "implied": 54.54545454545454,
        "overOdds": "-130",
        "underOdds": "+100",
        "overUnder": "-130 / +100"
    },
    {
        "player": "Connor Ingram",
        "team": "ARI",
        "opponent": "TOR",
        "propType": "saves",
        "line": 29.5,
        "ppLine": "",
        "avg": 26.0,
        "hit": false,
        "diffAvg": -0.12,
        "diffAbs": 0.01,
        "lastAvg": 32.26,
        "diff": 0.09,
        "avgMin": 54,
        "proj": 29.7,
        "lastAvgMin": 58.75,
        "oppOver": 0,
        "teamOver": 47,
        "gameLine": "+190",
        "+/-": 0,
        "L5_+/-": 0,
        "prevMatchup": "2024-02-21 tor @ ari 30.0 sv",
        "winLossSplits": "50% - 21%",
        "awayHome": "A",
        "playedYesterday": "N",
        "awayHomeSplits": "44% - 26%",
        "savesAboveExp": -0.65,
        "gsaa": 8.2,
        "corsi": "47.5% (54.9) // 50.6% (58.6) // 47.5% (57.2) // 49.9% (61.6)",
        "fenwick": "47.1% (39.9) // 49.6% (42.4) // 46.1% (41.2) // 48.5% (43.4)",
        "shots": "46.5% (27.0) // 48.9% (28.4) // 44.4% (26.8) // 46.5% (28.4)",
        "scoring": "47.6% (27.8) // 52.0% (29.5) // 46.3% (27.4) // 49.7% (30.3)",
        "corsiAgainst": "52.5% (60.8) // 49.4% (57.3) // 52.5% (63.1) // 50.1% (61.9)",
        "fenwickAgainst": "52.9% (44.8) // 50.4% (43.0) // 53.9% (48.1) // 51.5% (46.0)",
        "shotsAgainst": "53.5% (31.0) // 51.1% (29.7) // 55.6% (33.5) // 53.5% (32.6)",
        "scoringAgainst": "52.4% (30.5) // 48.0% (27.2) // 53.7% (31.8) // 50.3% (30.6)",
        "oppCorsi": "51.5% (64.7) // 55.8% (70.6) // 58.9% (78.3) // 59.6% (76.5)",
        "oppFenwick": "51.5% (46.3) // 55.7% (50.2) // 59.2% (55.5) // 59.2% (54.6)",
        "oppShots": "51.7% (32.8) // 56.0% (35.0) // 59.5% (39.7) // 59.7% (37.9)",
        "oppScoring": "53.5% (33.5) // 57.4% (34.5) // 61.3% (38.3) // 61.9% (36.3)",
        "oppCorsiAgainst": "48.5% (60.8) // 44.2% (55.8) // 41.1% (54.7) // 40.4% (51.9)",
        "oppFenwickAgainst": "48.5% (43.7) // 44.3% (39.9) // 40.8% (38.3) // 40.8% (37.6)",
        "oppShotsAgainst": "48.3% (30.6) // 44.0% (27.4) // 40.5% (27.0) // 40.3% (25.6)",
        "oppScoringAgainst": "46.5% (29.2) // 42.6% (25.6) // 38.7% (24.2) // 38.1% (22.3)",
        "totalOver": 35,
        "totalOverLast5": 20,
        "totalOverLast15": 40,
        "lastTotalOver": 54,
        "last5": "17,28,28,32,3,36,31,25,30,24",
        "fd": "-116/-116",
        "dk": "-110/-120",
        "kambi": "0",
        "lowest": "-110 DK",
        "implied": 52.38095238095239,
        "overOdds": "-110",
        "underOdds": "-120",
        "overUnder": "-110 / -120"
    },
    {
        "player": "Jeremy Swayman",
        "team": "BOS",
        "opponent": "VGK",
        "propType": "saves",
        "line": 26.5,
        "ppLine": "",
        "avg": 27.52,
        "hit": false,
        "diffAvg": 0.04,
        "diffAbs": 0.11,
        "lastAvg": 22.49,
        "diff": -0.15,
        "avgMin": 57,
        "proj": 23.6,
        "lastAvgMin": 54.4,
        "oppOver": 0,
        "teamOver": 62,
        "gameLine": "-162",
        "+/-": 0,
        "L5_+/-": 0,
        "prevMatchup": "2024-01-11 bos @ vgk 23.0 sv",
        "winLossSplits": "56% - 47%",
        "awayHome": "H",
        "playedYesterday": "N",
        "awayHomeSplits": "59% - 44%",
        "savesAboveExp": 0.19,
        "gsaa": 10.89,
        "corsi": "48.0% (57.4) // 45.6% (51.1) // 47.1% (53.7) // 46.4% (54.0)",
        "fenwick": "48.1% (41.8) // 45.1% (36.1) // 46.3% (37.3) // 46.6% (38.2)",
        "shots": "48.8% (29.9) // 47.1% (27.2) // 48.6% (28.4) // 49.2% (28.6)",
        "scoring": "49.4% (28.8) // 45.0% (23.7) // 46.3% (25.3) // 46.0% (26.2)",
        "corsiAgainst": "52.0% (62.1) // 54.4% (60.9) // 52.9% (60.2) // 53.6% (62.4)",
        "fenwickAgainst": "51.9% (45.1) // 54.9% (43.9) // 53.7% (43.3) // 53.4% (43.7)",
        "shotsAgainst": "51.2% (31.5) // 52.9% (30.5) // 51.4% (30.0) // 50.8% (29.5)",
        "scoringAgainst": "50.6% (29.5) // 55.0% (28.9) // 53.7% (29.4) // 54.0% (30.7)",
        "oppCorsi": "48.9% (60.0) // 46.0% (58.4) // 47.1% (57.3) // 47.1% (57.4)",
        "oppFenwick": "49.9% (43.2) // 46.5% (41.5) // 47.3% (39.4) // 47.1% (37.5)",
        "oppShots": "51.2% (31.4) // 46.8% (29.7) // 44.2% (26.4) // 44.6% (26.2)",
        "oppScoring": "50.5% (29.2) // 43.4% (24.3) // 44.3% (23.2) // 46.0% (24.9)",
        "oppCorsiAgainst": "51.1% (62.9) // 54.0% (68.7) // 52.9% (64.3) // 52.9% (64.4)",
        "oppFenwickAgainst": "50.1% (43.4) // 53.5% (47.8) // 52.7% (43.9) // 52.9% (42.2)",
        "oppShotsAgainst": "48.8% (29.9) // 53.2% (33.8) // 55.8% (33.4) // 55.4% (32.5)",
        "oppScoringAgainst": "49.5% (28.6) // 56.6% (31.7) // 55.7% (29.2) // 54.0% (29.2)",
        "totalOver": 52,
        "totalOverLast5": 60,
        "totalOverLast15": 47,
        "lastTotalOver": 41,
        "last5": "36,37,43,22,25,25,35,20,30,31",
        "fd": "0",
        "dk": "-125/-105",
        "kambi": "0",
        "lowest": "-125 DK",
        "implied": 55.55555555555556,
        "overOdds": "-125",
        "underOdds": "-105",
        "overUnder": "-125 / -105"
    },
    {
        "player": "Andrei Vasilevskiy",
        "team": "TB",
        "opponent": "BUF",
        "propType": "saves",
        "line": 27.5,
        "ppLine": "",
        "avg": 25.26,
        "hit": false,
        "diffAvg": -0.08,
        "diffAbs": 0.11,
        "lastAvg": 25.24,
        "diff": -0.08,
        "avgMin": 58,
        "proj": 24.4,
        "lastAvgMin": 59.93,
        "oppOver": 0,
        "teamOver": 36,
        "gameLine": "-162",
        "+/-": 0,
        "L5_+/-": 0,
        "prevMatchup": "2023-10-17 tb @ buf 28.0 sv 2024-01-20 tb @ buf 26.0 sv",
        "winLossSplits": "50% - 13%",
        "awayHome": "H",
        "playedYesterday": "N",
        "awayHomeSplits": "39% - 29%",
        "savesAboveExp": 0.522,
        "gsaa": -3.69,
        "corsi": "51.4% (61.0) // 53.8% (62.0) // 55.3% (60.6) // 54.7% (57.1)",
        "fenwick": "51.1% (43.5) // 52.9% (43.2) // 53.8% (42.2) // 52.6% (39.1)",
        "shots": "49.7% (29.6) // 49.9% (27.5) // 51.7% (27.4) // 48.7% (24.5)",
        "scoring": "52.2% (30.2) // 55.3% (29.8) // 58.7% (30.6) // 58.5% (30.3)",
        "corsiAgainst": "48.6% (57.7) // 46.2% (53.3) // 44.7% (49.0) // 45.3% (47.3)",
        "fenwickAgainst": "48.9% (41.6) // 47.1% (38.4) // 46.2% (36.3) // 47.4% (35.2)",
        "shotsAgainst": "50.3% (30.0) // 50.1% (27.6) // 48.3% (25.7) // 51.3% (25.8)",
        "scoringAgainst": "47.8% (27.6) // 44.7% (24.0) // 41.3% (21.5) // 41.5% (21.5)",
        "oppCorsi": "49.9% (59.3) // 53.1% (66.2) // 50.2% (65.2) // 49.5% (64.0)",
        "oppFenwick": "50.5% (43.8) // 53.9% (48.2) // 51.1% (47.0) // 50.0% (44.7)",
        "oppShots": "51.3% (31.0) // 53.8% (34.5) // 52.2% (35.0) // 51.8% (34.0)",
        "oppScoring": "48.4% (27.8) // 52.8% (29.3) // 51.0% (26.5) // 49.7% (24.7)",
        "oppCorsiAgainst": "50.1% (59.5) // 46.9% (58.5) // 49.8% (64.8) // 50.5% (65.3)",
        "oppFenwickAgainst": "49.5% (43.0) // 46.1% (41.2) // 48.9% (45.0) // 50.0% (44.7)",
        "oppShotsAgainst": "48.7% (29.5) // 46.2% (29.6) // 47.8% (32.0) // 48.2% (31.7)",
        "oppScoringAgainst": "51.6% (29.6) // 47.2% (26.2) // 49.0% (25.5) // 50.3% (25.0)",
        "totalOver": 34,
        "totalOverLast5": 20,
        "totalOverLast15": 47,
        "lastTotalOver": 44,
        "last5": "25,32,19,24,16,28,36,33,21,21",
        "fd": "-112/-118",
        "dk": "-115/-115",
        "kambi": "0",
        "lowest": "-112 FD",
        "implied": 52.83018867924528,
        "overOdds": "-115",
        "underOdds": "-115",
        "overUnder": "-115 / -115"
    },
    {
        "player": "Connor Hellebuyck",
        "team": "WPG",
        "opponent": "DAL",
        "propType": "saves",
        "line": 27.5,
        "ppLine": "",
        "avg": 27.19,
        "hit": false,
        "diffAvg": -0.01,
        "diffAbs": 0.06,
        "lastAvg": 25.45,
        "diff": -0.07,
        "avgMin": 60,
        "proj": 25.9,
        "lastAvgMin": 59.02,
        "oppOver": 0,
        "teamOver": 47,
        "gameLine": "+114",
        "+/-": 0,
        "L5_+/-": 0,
        "prevMatchup": "2023-11-11 dal @ wpg 26.0 sv 2023-11-28 dal @ wpg 19.0 sv",
        "winLossSplits": "64% - 21%",
        "awayHome": "A",
        "playedYesterday": "N",
        "awayHomeSplits": "50% - 50%",
        "savesAboveExp": 0.641,
        "gsaa": 17.56,
        "corsi": "50.8% (60.3) // 52.1% (65.8) // 51.0% (64.2) // 55.6% (67.7)",
        "fenwick": "51.3% (43.6) // 53.1% (45.7) // 51.6% (43.8) // 56.4% (44.3)",
        "shots": "51.9% (30.6) // 52.2% (30.4) // 50.9% (28.8) // 56.8% (29.3)",
        "scoring": "51.5% (28.3) // 56.0% (30.9) // 56.7% (30.3) // 61.4% (31.3)",
        "corsiAgainst": "49.2% (58.3) // 47.9% (60.4) // 49.0% (61.7) // 44.4% (54.0)",
        "fenwickAgainst": "48.7% (41.3) // 46.9% (40.4) // 48.4% (41.2) // 43.6% (34.3)",
        "shotsAgainst": "48.1% (28.4) // 47.8% (27.8) // 49.1% (27.8) // 43.2% (22.3)",
        "scoringAgainst": "48.5% (26.7) // 44.0% (24.3) // 43.3% (23.2) // 38.6% (19.7)",
        "oppCorsi": "52.1% (62.2) // 56.6% (66.9) // 55.4% (65.2) // 52.1% (59.0)",
        "oppFenwick": "51.6% (44.3) // 57.1% (47.3) // 55.9% (44.9) // 54.4% (41.7)",
        "oppShots": "50.7% (30.0) // 57.8% (32.7) // 55.2% (29.2) // 55.0% (27.7)",
        "oppScoring": "54.3% (30.8) // 58.9% (33.4) // 56.5% (31.6) // 54.5% (28.0)",
        "oppCorsiAgainst": "47.9% (57.2) // 43.4% (51.3) // 44.6% (52.6) // 47.9% (54.3)",
        "oppFenwickAgainst": "48.4% (41.6) // 42.9% (35.5) // 44.1% (35.4) // 45.6% (35.0)",
        "oppShotsAgainst": "49.3% (29.2) // 42.2% (23.9) // 44.8% (23.7) // 45.0% (22.7)",
        "oppScoringAgainst": "45.7% (25.9) // 41.1% (23.3) // 43.5% (24.3) // 45.5% (23.3)",
        "totalOver": 50,
        "totalOverLast5": 80,
        "totalOverLast15": 60,
        "lastTotalOver": 56,
        "last5": "29,33,28,35,17,35,24,26,17,34",
        "fd": "-118/-112",
        "dk": "-120/-110",
        "kambi": "0",
        "lowest": "-118 FD",
        "implied": 54.12844036697248,
        "overOdds": "-120",
        "underOdds": "-110",
        "overUnder": "-120 / -110"
    },
    {
        "player": "Jake Oettinger",
        "team": "DAL",
        "opponent": "WPG",
        "propType": "saves",
        "line": 26.5,
        "ppLine": "",
        "avg": 25.54,
        "hit": false,
        "diffAvg": -0.04,
        "diffAbs": 0.28,
        "lastAvg": 20.16,
        "diff": -0.24,
        "avgMin": 56,
        "proj": 19.2,
        "lastAvgMin": 58.78,
        "oppOver": 0,
        "teamOver": 46,
        "gameLine": "-135",
        "+/-": 0,
        "L5_+/-": 0,
        "prevMatchup": "2023-11-11 dal @ wpg 31.0 sv 2023-11-28 dal @ wpg 27.0 sv",
        "winLossSplits": "50% - 33%",
        "awayHome": "H",
        "playedYesterday": "N",
        "awayHomeSplits": "50% - 35%",
        "savesAboveExp": 0.39,
        "gsaa": -0.9,
        "corsi": "52.1% (62.2) // 56.6% (66.9) // 55.4% (65.2) // 52.1% (59.0)",
        "fenwick": "51.6% (44.3) // 57.1% (47.3) // 55.9% (44.9) // 54.4% (41.7)",
        "shots": "50.7% (30.0) // 57.8% (32.7) // 55.2% (29.2) // 55.0% (27.7)",
        "scoring": "54.3% (30.8) // 58.9% (33.4) // 56.5% (31.6) // 54.5% (28.0)",
        "corsiAgainst": "47.9% (57.2) // 43.4% (51.3) // 44.6% (52.6) // 47.9% (54.3)",
        "fenwickAgainst": "48.4% (41.6) // 42.9% (35.5) // 44.1% (35.4) // 45.6% (35.0)",
        "shotsAgainst": "49.3% (29.2) // 42.2% (23.9) // 44.8% (23.7) // 45.0% (22.7)",
        "scoringAgainst": "45.7% (25.9) // 41.1% (23.3) // 43.5% (24.3) // 45.5% (23.3)",
        "oppCorsi": "50.8% (60.3) // 52.1% (65.8) // 51.0% (64.2) // 55.6% (67.7)",
        "oppFenwick": "51.3% (43.6) // 53.1% (45.7) // 51.6% (43.8) // 56.4% (44.3)",
        "oppShots": "51.9% (30.6) // 52.2% (30.4) // 50.9% (28.8) // 56.8% (29.3)",
        "oppScoring": "51.5% (28.3) // 56.0% (30.9) // 56.7% (30.3) // 61.4% (31.3)",
        "oppCorsiAgainst": "49.2% (58.3) // 47.9% (60.4) // 49.0% (61.7) // 44.4% (54.0)",
        "oppFenwickAgainst": "48.7% (41.3) // 46.9% (40.4) // 48.4% (41.2) // 43.6% (34.3)",
        "oppShotsAgainst": "48.1% (28.4) // 47.8% (27.8) // 49.1% (27.8) // 43.2% (22.3)",
        "oppScoringAgainst": "48.5% (26.7) // 44.0% (24.3) // 43.3% (23.2) // 38.6% (19.7)",
        "totalOver": 43,
        "totalOverLast5": 20,
        "totalOverLast15": 40,
        "lastTotalOver": 35,
        "last5": "22,20,8,27,20,20,32,18,47,24",
        "fd": "-118/-112",
        "dk": "-115/-115",
        "kambi": "0",
        "lowest": "-115 DK",
        "implied": 53.48837209302325,
        "overOdds": "-115",
        "underOdds": "-115",
        "overUnder": "-115 / -115"
    },
    {
        "player": "Filip Gustavsson",
        "team": "MIN",
        "opponent": "NSH",
        "propType": "saves",
        "line": 27.5,
        "ppLine": "",
        "avg": 25.89,
        "hit": false,
        "diffAvg": -0.06,
        "diffAbs": 0.16,
        "lastAvg": 24.82,
        "diff": -0.1,
        "avgMin": 55,
        "proj": 23.0,
        "lastAvgMin": 59.25,
        "oppOver": 0,
        "teamOver": 39,
        "gameLine": "-105",
        "+/-": 0,
        "L5_+/-": 0,
        "prevMatchup": "2023-11-30 min @ nsh 26.0 sv 2024-01-25 nsh @ min 26.0 sv",
        "winLossSplits": "39% - 29%",
        "awayHome": "A",
        "playedYesterday": "N",
        "awayHomeSplits": "35% - 33%",
        "savesAboveExp": 0.594,
        "gsaa": -0.21,
        "corsi": "50.6% (60.5) // 50.4% (58.2) // 49.1% (56.8) // 49.6% (57.0)",
        "fenwick": "50.2% (42.6) // 49.1% (39.8) // 46.8% (37.0) // 48.7% (37.4)",
        "shots": "49.8% (29.3) // 50.7% (28.4) // 48.2% (26.7) // 50.3% (27.2)",
        "scoring": "50.7% (29.1) // 49.2% (26.1) // 43.7% (23.2) // 45.9% (23.6)",
        "corsiAgainst": "49.4% (59.1) // 49.6% (57.2) // 50.9% (59.0) // 50.4% (58.0)",
        "fenwickAgainst": "49.8% (42.3) // 50.9% (41.2) // 53.2% (42.2) // 51.3% (39.3)",
        "shotsAgainst": "50.2% (29.6) // 49.3% (27.6) // 51.8% (28.7) // 49.7% (26.9)",
        "scoringAgainst": "49.3% (28.4) // 50.8% (26.9) // 56.3% (29.9) // 54.1% (27.9)",
        "oppCorsi": "50.7% (59.9) // 52.2% (63.3) // 54.0% (68.8) // 51.0% (62.5)",
        "oppFenwick": "50.9% (43.7) // 51.8% (45.3) // 53.1% (47.5) // 51.7% (44.5)",
        "oppShots": "50.0% (30.4) // 51.9% (31.8) // 52.0% (33.0) // 50.8% (32.0)",
        "oppScoring": "52.1% (30.8) // 52.7% (31.6) // 52.7% (31.5) // 53.1% (29.5)",
        "oppCorsiAgainst": "49.3% (58.2) // 47.8% (58.0) // 46.0% (58.5) // 49.0% (60.0)",
        "oppFenwickAgainst": "49.1% (42.1) // 48.2% (42.1) // 46.9% (42.0) // 48.3% (41.5)",
        "oppShotsAgainst": "50.0% (30.4) // 48.1% (29.5) // 48.0% (30.5) // 49.2% (31.0)",
        "oppScoringAgainst": "47.9% (28.3) // 47.3% (28.4) // 47.3% (28.2) // 46.9% (26.0)",
        "totalOver": 34,
        "totalOverLast5": 20,
        "totalOverLast15": 27,
        "lastTotalOver": 42,
        "last5": "25,41,11,25,27,20,22,26,30,40",
        "fd": "-118/-112",
        "dk": "-120/-110",
        "kambi": "0",
        "lowest": "-118 FD",
        "implied": 54.12844036697248,
        "overOdds": "-120",
        "underOdds": "-110",
        "overUnder": "-120 / -110"
    },
    {
        "player": "Juuse Saros",
        "team": "NSH",
        "opponent": "MIN",
        "propType": "saves",
        "line": 26.5,
        "ppLine": "",
        "avg": 25.81,
        "hit": false,
        "diffAvg": -0.03,
        "diffAbs": 0.02,
        "lastAvg": 29.21,
        "diff": 0.1,
        "avgMin": 55,
        "proj": 27.0,
        "lastAvgMin": 59.52,
        "oppOver": 0,
        "teamOver": 53,
        "gameLine": "-115",
        "+/-": 0,
        "L5_+/-": 0,
        "prevMatchup": "2023-11-30 min @ nsh 25.0 sv 2024-01-25 nsh @ min 22.0 sv",
        "winLossSplits": "54% - 43%",
        "awayHome": "H",
        "playedYesterday": "N",
        "awayHomeSplits": "63% - 39%",
        "savesAboveExp": 0.483,
        "gsaa": -3.56,
        "corsi": "50.7% (59.9) // 52.2% (63.3) // 54.0% (68.8) // 51.0% (62.5)",
        "fenwick": "50.9% (43.7) // 51.8% (45.3) // 53.1% (47.5) // 51.7% (44.5)",
        "shots": "50.0% (30.4) // 51.9% (31.8) // 52.0% (33.0) // 50.8% (32.0)",
        "scoring": "52.1% (30.8) // 52.7% (31.6) // 52.7% (31.5) // 53.1% (29.5)",
        "corsiAgainst": "49.3% (58.2) // 47.8% (58.0) // 46.0% (58.5) // 49.0% (60.0)",
        "fenwickAgainst": "49.1% (42.1) // 48.2% (42.1) // 46.9% (42.0) // 48.3% (41.5)",
        "shotsAgainst": "50.0% (30.4) // 48.1% (29.5) // 48.0% (30.5) // 49.2% (31.0)",
        "scoringAgainst": "47.9% (28.3) // 47.3% (28.4) // 47.3% (28.2) // 46.9% (26.0)",
        "oppCorsi": "50.6% (60.5) // 50.4% (58.2) // 49.1% (56.8) // 49.6% (57.0)",
        "oppFenwick": "50.2% (42.6) // 49.1% (39.8) // 46.8% (37.0) // 48.7% (37.4)",
        "oppShots": "49.8% (29.3) // 50.7% (28.4) // 48.2% (26.7) // 50.3% (27.2)",
        "oppScoring": "50.7% (29.1) // 49.2% (26.1) // 43.7% (23.2) // 45.9% (23.6)",
        "oppCorsiAgainst": "49.4% (59.1) // 49.6% (57.2) // 50.9% (59.0) // 50.4% (58.0)",
        "oppFenwickAgainst": "49.8% (42.3) // 50.9% (41.2) // 53.2% (42.2) // 51.3% (39.3)",
        "oppShotsAgainst": "50.2% (29.6) // 49.3% (27.6) // 51.8% (28.7) // 49.7% (26.9)",
        "oppScoringAgainst": "49.3% (28.4) // 50.8% (26.9) // 56.3% (29.9) // 54.1% (27.9)",
        "totalOver": 49,
        "totalOverLast5": 40,
        "totalOverLast15": 47,
        "lastTotalOver": 61,
        "last5": "24,23,27,35,14,43,27,20,31,22",
        "fd": "-112/-118",
        "dk": "-110/-120",
        "kambi": "0",
        "lowest": "-110 DK",
        "implied": 52.38095238095239,
        "overOdds": "-110",
        "underOdds": "-120",
        "overUnder": "-110 / -120"
    },
    {
        "player": "Petr Mrazek",
        "team": "CHI",
        "opponent": "COL",
        "propType": "saves",
        "line": 28.5,
        "ppLine": "",
        "avg": 28.22,
        "hit": false,
        "diffAvg": -0.01,
        "diffAbs": 0.01,
        "lastAvg": 28.62,
        "diff": 0.0,
        "avgMin": 56,
        "proj": 28.9,
        "lastAvgMin": 55.52,
        "oppOver": 0,
        "teamOver": 47,
        "gameLine": "+220",
        "+/-": 0,
        "L5_+/-": 0,
        "prevMatchup": "2023-10-19 chi @ col 37.0 sv 2023-12-19 col @ chi 35.0 sv",
        "winLossSplits": "77% - 36%",
        "awayHome": "H",
        "playedYesterday": "N",
        "awayHomeSplits": "47% - 50%",
        "savesAboveExp": -0.91,
        "gsaa": 0.1,
        "corsi": "44.3% (51.2) // 42.1% (48.9) // 42.2% (47.5) // 45.7% (49.7)",
        "fenwick": "44.2% (36.5) // 41.8% (33.9) // 42.8% (32.2) // 46.6% (32.3)",
        "shots": "44.4% (25.8) // 41.6% (23.1) // 44.0% (22.7) // 47.9% (22.3)",
        "scoring": "43.0% (24.2) // 40.0% (21.0) // 41.8% (20.7) // 44.9% (20.7)",
        "corsiAgainst": "55.7% (64.3) // 57.9% (67.4) // 57.8% (65.0) // 54.3% (59.0)",
        "fenwickAgainst": "55.8% (46.0) // 58.2% (47.2) // 57.2% (43.0) // 53.4% (37.0)",
        "shotsAgainst": "55.6% (32.3) // 58.4% (32.5) // 56.0% (28.8) // 52.1% (24.3)",
        "scoringAgainst": "57.0% (32.1) // 60.0% (31.4) // 58.2% (28.8) // 55.1% (25.3)",
        "oppCorsi": "53.2% (63.4) // 52.8% (60.2) // 54.9% (65.8) // 52.8% (59.0)",
        "oppFenwick": "52.9% (45.4) // 52.6% (42.8) // 55.1% (45.0) // 53.1% (41.2)",
        "oppShots": "52.8% (31.7) // 53.8% (30.8) // 55.9% (33.0) // 54.8% (31.5)",
        "oppScoring": "53.6% (30.5) // 54.1% (28.3) // 55.7% (29.5) // 52.9% (26.6)",
        "oppCorsiAgainst": "46.8% (55.7) // 47.2% (53.9) // 45.1% (53.9) // 47.2% (52.9)",
        "oppFenwickAgainst": "47.1% (40.4) // 47.4% (38.5) // 44.9% (36.7) // 46.9% (36.3)",
        "oppShotsAgainst": "47.2% (28.3) // 46.2% (26.5) // 44.1% (26.0) // 45.2% (25.9)",
        "oppScoringAgainst": "46.4% (26.4) // 45.9% (24.0) // 44.3% (23.5) // 47.1% (23.7)",
        "totalOver": 49,
        "totalOverLast5": 60,
        "totalOverLast15": 47,
        "lastTotalOver": 51,
        "last5": "28,28,36,40,34,31,23,30,31,27",
        "fd": "-122/-110",
        "dk": "-125/-105",
        "kambi": "0",
        "lowest": "-122 FD",
        "implied": 54.95495495495496,
        "overOdds": "-125",
        "underOdds": "-105",
        "overUnder": "-125 / -105"
    },
    {
        "player": "Thatcher Demko",
        "team": "VAN",
        "opponent": "LA",
        "propType": "saves",
        "line": 26.5,
        "ppLine": "",
        "avg": 27.24,
        "hit": false,
        "diffAvg": 0.03,
        "diffAbs": 0.08,
        "lastAvg": 28.31,
        "diff": 0.07,
        "avgMin": 59,
        "proj": 28.5,
        "lastAvgMin": 58.7,
        "oppOver": 0,
        "teamOver": 48,
        "gameLine": "-148",
        "+/-": 0,
        "L5_+/-": 0,
        "prevMatchup": "",
        "winLossSplits": "52% - 43%",
        "awayHome": "H",
        "playedYesterday": "N",
        "awayHomeSplits": "38% - 58%",
        "savesAboveExp": -0.786,
        "gsaa": 12.22,
        "corsi": "49.8% (57.4) // 51.2% (57.5) // 50.9% (59.5) // 51.5% (59.0)",
        "fenwick": "49.5% (41.2) // 51.3% (42.1) // 51.5% (44.1) // 53.1% (44.9)",
        "shots": "48.4% (28.1) // 48.7% (28.7) // 48.8% (30.2) // 51.8% (32.3)",
        "scoring": "50.7% (28.8) // 50.8% (27.5) // 50.7% (28.9) // 50.4% (29.4)",
        "corsiAgainst": "50.2% (57.8) // 48.8% (54.9) // 49.1% (57.5) // 48.5% (55.5)",
        "fenwickAgainst": "50.5% (42.0) // 48.7% (40.0) // 48.5% (41.5) // 46.9% (39.7)",
        "shotsAgainst": "51.6% (29.9) // 51.3% (30.2) // 51.2% (31.7) // 48.2% (30.1)",
        "scoringAgainst": "49.3% (28.0) // 49.2% (26.6) // 49.3% (28.1) // 49.6% (28.9)",
        "oppCorsi": "55.0% (67.1) // 53.5% (69.6) // 50.4% (63.8) // 45.6% (56.8)",
        "oppFenwick": "55.3% (48.7) // 54.3% (50.1) // 51.4% (46.7) // 48.4% (44.6)",
        "oppShots": "55.4% (33.5) // 53.6% (34.2) // 51.5% (32.7) // 48.0% (30.8)",
        "oppScoring": "54.4% (31.0) // 52.2% (30.7) // 45.6% (26.0) // 40.6% (21.5)",
        "oppCorsiAgainst": "45.0% (54.9) // 46.5% (60.5) // 49.6% (62.9) // 54.4% (67.7)",
        "oppFenwickAgainst": "44.7% (39.3) // 45.7% (42.2) // 48.6% (44.2) // 51.6% (47.5)",
        "oppShotsAgainst": "44.6% (27.0) // 46.4% (29.7) // 48.5% (30.8) // 52.0% (33.4)",
        "oppScoringAgainst": "45.6% (26.0) // 47.8% (28.1) // 54.4% (31.0) // 59.4% (31.4)",
        "totalOver": 49,
        "totalOverLast5": 20,
        "totalOverLast15": 33,
        "lastTotalOver": 56,
        "last5": "36,20,26,24,24,27,21,31,21,22",
        "fd": "-120/-110",
        "dk": "-125/-105",
        "kambi": "0",
        "lowest": "-120 FD",
        "implied": 54.54545454545454,
        "overOdds": "-125",
        "underOdds": "-105",
        "overUnder": "-125 / -105"
    },
    {
        "player": "Philipp Grubauer",
        "team": "SEA",
        "opponent": "PIT",
        "propType": "saves",
        "line": 25.5,
        "ppLine": "",
        "avg": 22.52,
        "hit": false,
        "diffAvg": -0.12,
        "diffAbs": 0.37,
        "lastAvg": 15.7,
        "diff": -0.38,
        "avgMin": 54,
        "proj": 16.0,
        "lastAvgMin": 52.95,
        "oppOver": 0,
        "teamOver": 55,
        "gameLine": "-118",
        "+/-": 0,
        "L5_+/-": 0,
        "prevMatchup": "2024-01-15 sea @ pit 30.0 sv",
        "winLossSplits": "50% - 15%",
        "awayHome": "H",
        "playedYesterday": "N",
        "awayHomeSplits": "44% - 17%",
        "savesAboveExp": -0.168,
        "gsaa": -8.03,
        "corsi": "50.7% (60.6) // 45.8% (57.5) // 43.9% (59.0) // 44.8% (56.5)",
        "fenwick": "49.5% (42.3) // 43.9% (39.6) // 43.2% (41.7) // 44.5% (40.5)",
        "shots": "49.6% (28.7) // 43.5% (25.9) // 44.2% (25.7) // 43.4% (24.5)",
        "scoring": "52.4% (28.6) // 48.1% (26.3) // 43.0% (25.7) // 44.7% (25.5)",
        "corsiAgainst": "49.3% (58.9) // 54.2% (67.9) // 56.1% (75.3) // 55.2% (69.5)",
        "fenwickAgainst": "50.5% (43.1) // 56.1% (50.8) // 56.8% (54.7) // 55.5% (50.5)",
        "shotsAgainst": "50.4% (29.1) // 56.5% (33.5) // 55.8% (32.3) // 56.6% (32.0)",
        "scoringAgainst": "47.6% (26.0) // 51.9% (28.3) // 57.0% (34.0) // 55.3% (31.5)",
        "oppCorsi": "52.7% (66.0) // 55.0% (69.4) // 55.8% (70.3) // 55.0% (72.1)",
        "oppFenwick": "51.8% (47.4) // 54.7% (48.6) // 56.0% (52.1) // 54.8% (54.1)",
        "oppShots": "52.4% (32.9) // 54.6% (33.9) // 55.4% (36.6) // 54.0% (37.7)",
        "oppScoring": "53.2% (32.4) // 57.3% (34.4) // 60.7% (35.4) // 59.0% (36.7)",
        "oppCorsiAgainst": "47.3% (59.3) // 45.0% (56.8) // 44.2% (55.6) // 45.0% (59.0)",
        "oppFenwickAgainst": "48.2% (44.1) // 45.3% (40.2) // 44.0% (41.0) // 45.2% (44.6)",
        "oppShotsAgainst": "47.6% (29.9) // 45.4% (28.2) // 44.6% (29.5) // 46.0% (32.1)",
        "oppScoringAgainst": "46.8% (28.5) // 42.7% (25.6) // 39.3% (23.0) // 41.0% (25.6)",
        "totalOver": 29,
        "totalOverLast5": 40,
        "totalOverLast15": 20,
        "lastTotalOver": 31,
        "last5": "29,17,19,26,21,15,26,25,19,5",
        "fd": "0",
        "dk": "-125/-105",
        "kambi": "0",
        "lowest": "-125 DK",
        "implied": 55.55555555555556,
        "overOdds": "-125",
        "underOdds": "-105",
        "overUnder": "-125 / -105"
    },
    {
        "player": "Tristan Jarry",
        "team": "PIT",
        "opponent": "SEA",
        "propType": "saves",
        "line": 26.5,
        "ppLine": "",
        "avg": 24.59,
        "hit": false,
        "diffAvg": -0.07,
        "diffAbs": 0.01,
        "lastAvg": 27.36,
        "diff": 0.03,
        "avgMin": 55,
        "proj": 26.7,
        "lastAvgMin": 56.38,
        "oppOver": 0,
        "teamOver": 55,
        "gameLine": "-102",
        "+/-": 0,
        "L5_+/-": 0,
        "prevMatchup": "2024-01-15 sea @ pit 22.0 sv",
        "winLossSplits": "41% - 41%",
        "awayHome": "A",
        "playedYesterday": "N",
        "awayHomeSplits": "39% - 43%",
        "savesAboveExp": 0.033,
        "gsaa": 7.37,
        "corsi": "52.7% (66.0) // 55.0% (69.4) // 55.8% (70.3) // 55.0% (72.1)",
        "fenwick": "51.8% (47.4) // 54.7% (48.6) // 56.0% (52.1) // 54.8% (54.1)",
        "shots": "52.4% (32.9) // 54.6% (33.9) // 55.4% (36.6) // 54.0% (37.7)",
        "scoring": "53.2% (32.4) // 57.3% (34.4) // 60.7% (35.4) // 59.0% (36.7)",
        "corsiAgainst": "47.3% (59.3) // 45.0% (56.8) // 44.2% (55.6) // 45.0% (59.0)",
        "fenwickAgainst": "48.2% (44.1) // 45.3% (40.2) // 44.0% (41.0) // 45.2% (44.6)",
        "shotsAgainst": "47.6% (29.9) // 45.4% (28.2) // 44.6% (29.5) // 46.0% (32.1)",
        "scoringAgainst": "46.8% (28.5) // 42.7% (25.6) // 39.3% (23.0) // 41.0% (25.6)",
        "oppCorsi": "50.7% (60.6) // 45.8% (57.5) // 43.9% (59.0) // 44.8% (56.5)",
        "oppFenwick": "49.5% (42.3) // 43.9% (39.6) // 43.2% (41.7) // 44.5% (40.5)",
        "oppShots": "49.6% (28.7) // 43.5% (25.9) // 44.2% (25.7) // 43.4% (24.5)",
        "oppScoring": "52.4% (28.6) // 48.1% (26.3) // 43.0% (25.7) // 44.7% (25.5)",
        "oppCorsiAgainst": "49.3% (58.9) // 54.2% (67.9) // 56.1% (75.3) // 55.2% (69.5)",
        "oppFenwickAgainst": "50.5% (43.1) // 56.1% (50.8) // 56.8% (54.7) // 55.5% (50.5)",
        "oppShotsAgainst": "50.4% (29.1) // 56.5% (33.5) // 55.8% (32.3) // 56.6% (32.0)",
        "oppScoringAgainst": "47.6% (26.0) // 51.9% (28.3) // 57.0% (34.0) // 55.3% (31.5)",
        "totalOver": 41,
        "totalOverLast5": 60,
        "totalOverLast15": 40,
        "lastTotalOver": 50,
        "last5": "32,15,30,31,18,29,23,25,22,26",
        "fd": "0",
        "dk": "-110/-120",
        "kambi": "0",
        "lowest": "-110 DK",
        "implied": 52.38095238095239,
        "overOdds": "-110",
        "underOdds": "-120",
        "overUnder": "-110 / -120"
    },
    {
        "player": "Kaapo Kahkonen",
        "team": "SJ",
        "opponent": "ANA",
        "propType": "saves",
        "line": 27.5,
        "ppLine": "",
        "avg": 28.79,
        "hit": false,
        "diffAvg": 0.05,
        "diffAbs": 0.09,
        "lastAvg": 27.41,
        "diff": -0.0,
        "avgMin": 52,
        "proj": 25.0,
        "lastAvgMin": 56.92,
        "oppOver": 0,
        "teamOver": 72,
        "gameLine": "+114",
        "+/-": 0,
        "L5_+/-": 0,
        "prevMatchup": "2023-11-12 sj @ ana 40.0 sv 2024-01-20 ana @ sj 31.0 sv 2024-01-31 sj @ ana 31.0 sv",
        "winLossSplits": "83% - 59%",
        "awayHome": "H",
        "playedYesterday": "N",
        "awayHomeSplits": "62% - 67%",
        "savesAboveExp": -1.142,
        "gsaa": "-",
        "corsi": "42.2% (52.1) // 42.9% (53.1) // 44.2% (56.2) // 39.6% (51.3)",
        "fenwick": "42.1% (36.7) // 42.7% (37.0) // 43.4% (38.6) // 40.9% (39.0)",
        "shots": "41.8% (25.3) // 43.0% (25.4) // 43.9% (27.4) // 41.8% (27.3)",
        "scoring": "39.2% (23.5) // 40.6% (23.4) // 44.1% (24.6) // 39.4% (23.0)",
        "corsiAgainst": "57.8% (71.3) // 57.1% (70.7) // 55.8% (71.0) // 60.4% (78.3)",
        "fenwickAgainst": "57.9% (50.4) // 57.3% (49.6) // 56.6% (50.4) // 59.1% (56.3)",
        "shotsAgainst": "58.2% (35.3) // 57.0% (33.7) // 56.1% (35.0) // 58.2% (38.0)",
        "scoringAgainst": "60.8% (36.4) // 59.4% (34.2) // 55.9% (31.2) // 60.6% (35.3)",
        "oppCorsi": "46.1% (55.0) // 43.6% (53.5) // 42.9% (53.2) // 43.4% (49.3)",
        "oppFenwick": "46.8% (40.8) // 44.2% (39.3) // 43.2% (38.9) // 43.8% (36.3)",
        "oppShots": "47.1% (28.9) // 44.7% (28.8) // 43.7% (29.0) // 43.5% (26.7)",
        "oppScoring": "44.1% (25.0) // 41.7% (24.1) // 40.6% (23.6) // 42.2% (22.7)",
        "oppCorsiAgainst": "53.9% (64.3) // 56.4% (69.1) // 57.1% (70.9) // 56.6% (64.3)",
        "oppFenwickAgainst": "53.2% (46.4) // 55.8% (49.5) // 56.8% (51.2) // 56.2% (46.7)",
        "oppShotsAgainst": "52.9% (32.5) // 55.3% (35.6) // 56.3% (37.3) // 56.5% (34.7)",
        "oppScoringAgainst": "55.9% (31.7) // 58.3% (33.7) // 59.4% (34.5) // 57.8% (31.0)",
        "totalOver": 64,
        "totalOverLast5": 80,
        "totalOverLast15": 67,
        "lastTotalOver": 41,
        "last5": "24,31,37,38,31,31,44,32,16,26",
        "fd": "-110/-120",
        "dk": "-120/-110",
        "kambi": "0",
        "lowest": "-110 FD",
        "implied": 52.38095238095239,
        "overOdds": "-120",
        "underOdds": "-110",
        "overUnder": "-120 / -110"
    }
]