[
    {
        "player": "Akira Schmid",
        "team": "NJ",
        "opponent": "FLA",
        "propType": "saves",
        "line": 28.5,
        "ppLine": "",
        "avg": 21.28,
        "hit": false,
        "diffAvg": -0.25,
        "diffAbs": 0.54,
        "lastAvg": 13.93,
        "diff": -0.51,
        "avgMin": 47,
        "proj": 13.1,
        "lastAvgMin": 50.07,
        "oppOver": 0,
        "teamOver": 33,
        "gameLine": "+110",
        "+/-": 0,
        "L5_+/-": 0,
        "prevMatchup": "2023-10-16 fla @ nj 26.0 sv 2024-01-13 nj @ fla 36.0 sv",
        "winLossSplits": "40% - 15%",
        "awayHome": "H",
        "playedYesterday": "N",
        "awayHomeSplits": "33% - 11%",
        "savesAboveExp": 0.922,
        "gsaa": -3.79,
        "corsi": "54.2% (63.6) // 51.8% (59.2) // 52.5% (58.3) // 46.3% (51.7)",
        "fenwick": "52.2% (44.2) // 50.4% (40.8) // 50.0% (39.4) // 45.7% (36.4)",
        "shots": "52.0% (31.2) // 51.1% (29.7) // 50.4% (28.5) // 47.0% (27.1)",
        "scoring": "54.6% (30.8) // 51.6% (26.8) // 51.0% (25.8) // 43.8% (24.1)",
        "corsiAgainst": "45.8% (53.7) // 48.2% (55.1) // 47.5% (52.8) // 53.7% (60.1)",
        "fenwickAgainst": "47.8% (40.4) // 49.6% (40.2) // 50.0% (39.4) // 54.3% (43.3)",
        "shotsAgainst": "48.0% (28.8) // 48.9% (28.4) // 49.6% (28.0) // 53.0% (30.5)",
        "scoringAgainst": "45.4% (25.6) // 48.4% (25.1) // 49.0% (24.8) // 56.2% (31.0)",
        "oppCorsi": "56.8% (68.9) // 57.5% (67.6) // 55.9% (64.5) // 54.5% (60.3)",
        "oppFenwick": "55.7% (48.5) // 55.8% (49.6) // 55.1% (49.0) // 53.5% (44.8)",
        "oppShots": "55.6% (33.9) // 56.2% (34.2) // 56.0% (34.6) // 53.2% (32.8)",
        "oppScoring": "57.1% (31.9) // 60.6% (31.5) // 60.7% (30.7) // 57.2% (28.2)",
        "oppCorsiAgainst": "43.2% (52.4) // 42.5% (50.1) // 44.1% (51.0) // 45.5% (50.3)",
        "oppFenwickAgainst": "44.3% (38.5) // 44.2% (39.3) // 44.9% (39.9) // 46.5% (38.9)",
        "oppShotsAgainst": "44.4% (27.0) // 43.8% (26.7) // 44.0% (27.1) // 46.8% (28.9)",
        "oppScoringAgainst": "42.9% (23.9) // 39.4% (20.5) // 39.3% (19.9) // 42.8% (21.1)",
        "totalOver": 22,
        "totalOverLast5": 0,
        "totalOverLast15": 13,
        "lastTotalOver": 7,
        "last5": "9,9,23,4,23,23,26,37,12,44",
        "fd": "-110/-120",
        "dk": "-110/-120",
        "kambi": "0",
        "lowest": "-110 DK",
        "implied": 52.38095238095239,
        "overOdds": "-110",
        "underOdds": "-120",
        "overUnder": "-110 / -120"
    },
    {
        "player": "Tristan Jarry",
        "team": "PIT",
        "opponent": "CBJ",
        "propType": "saves",
        "line": 25.5,
        "ppLine": "",
        "avg": 24.41,
        "hit": false,
        "diffAvg": -0.04,
        "diffAbs": 0.05,
        "lastAvg": 27.36,
        "diff": 0.07,
        "avgMin": 55,
        "proj": 26.7,
        "lastAvgMin": 56.38,
        "oppOver": 0,
        "teamOver": 59,
        "gameLine": "-238",
        "+/-": 0,
        "L5_+/-": 0,
        "prevMatchup": "2023-11-14 pit @ cbj 27.0 sv",
        "winLossSplits": "41% - 50%",
        "awayHome": "H",
        "playedYesterday": "N",
        "awayHomeSplits": "45% - 48%",
        "savesAboveExp": 0.033,
        "gsaa": 7.37,
        "corsi": "52.7% (66.0) // 55.0% (69.4) // 55.8% (70.3) // 55.0% (72.1)",
        "fenwick": "51.8% (47.4) // 54.7% (48.6) // 56.0% (52.1) // 54.8% (54.1)",
        "shots": "52.4% (32.9) // 54.6% (33.9) // 55.4% (36.6) // 54.0% (37.7)",
        "scoring": "53.2% (32.4) // 57.3% (34.4) // 60.7% (35.4) // 59.0% (36.7)",
        "corsiAgainst": "47.3% (59.3) // 45.0% (56.8) // 44.2% (55.6) // 45.0% (59.0)",
        "fenwickAgainst": "48.2% (44.1) // 45.3% (40.2) // 44.0% (41.0) // 45.2% (44.6)",
        "shotsAgainst": "47.6% (29.9) // 45.4% (28.2) // 44.6% (29.5) // 46.0% (32.1)",
        "scoringAgainst": "46.8% (28.5) // 42.7% (25.6) // 39.3% (23.0) // 41.0% (25.6)",
        "oppCorsi": "47.0% (60.1) // 47.9% (57.2) // 50.5% (60.0) // 51.8% (64.3)",
        "oppFenwick": "46.9% (42.3) // 47.3% (39.3) // 48.6% (38.7) // 49.7% (39.0)",
        "oppShots": "46.1% (28.7) // 46.0% (27.2) // 46.7% (27.1) // 48.7% (27.8)",
        "oppScoring": "46.7% (27.7) // 45.0% (24.9) // 49.8% (25.2) // 52.3% (27.3)",
        "oppCorsiAgainst": "53.0% (67.7) // 52.1% (62.2) // 49.5% (58.8) // 48.2% (60.0)",
        "oppFenwickAgainst": "53.1% (47.9) // 52.7% (43.7) // 51.4% (40.9) // 50.3% (39.5)",
        "oppShotsAgainst": "53.9% (33.6) // 54.0% (31.9) // 53.3% (31.0) // 51.3% (29.2)",
        "oppScoringAgainst": "53.3% (31.6) // 55.0% (30.5) // 50.2% (25.4) // 47.7% (24.9)",
        "totalOver": 46,
        "totalOverLast5": 60,
        "totalOverLast15": 47,
        "lastTotalOver": 54,
        "last5": "16,26,32,15,30,31,18,29,23,25",
        "fd": "-120/-110",
        "dk": "-120/-110",
        "kambi": "0",
        "lowest": "-120 DK",
        "implied": 54.54545454545454,
        "overOdds": "-120",
        "underOdds": "-110",
        "overUnder": "-120 / -110"
    },
    {
        "player": "Stuart Skinner",
        "team": "EDM",
        "opponent": "BOS",
        "propType": "saves",
        "line": 25.5,
        "ppLine": "",
        "avg": 24.59,
        "hit": false,
        "diffAvg": -0.04,
        "diffAbs": 0.13,
        "lastAvg": 22.29,
        "diff": -0.13,
        "avgMin": 58,
        "proj": 22.3,
        "lastAvgMin": 58.05,
        "oppOver": 0,
        "teamOver": 39,
        "gameLine": "-130",
        "+/-": 0,
        "L5_+/-": 0,
        "prevMatchup": "2024-02-21 bos @ edm 30.0 sv",
        "winLossSplits": "46% - 19%",
        "awayHome": "A",
        "playedYesterday": "N",
        "awayHomeSplits": "20% - 50%",
        "savesAboveExp": 0.118,
        "gsaa": -1.56,
        "corsi": "54.8% (65.2) // 53.9% (63.5) // 52.1% (61.7) // 51.9% (63.5)",
        "fenwick": "55.0% (47.8) // 55.1% (47.1) // 54.2% (46.7) // 54.4% (46.7)",
        "shots": "54.8% (33.9) // 55.1% (33.2) // 56.7% (35.8) // 59.7% (35.7)",
        "scoring": "55.7% (33.8) // 56.8% (34.6) // 56.4% (35.1) // 56.3% (35.4)",
        "corsiAgainst": "45.2% (53.9) // 46.1% (54.3) // 47.9% (56.7) // 48.1% (58.9)",
        "fenwickAgainst": "45.0% (39.0) // 44.9% (38.4) // 45.8% (39.5) // 45.6% (39.0)",
        "shotsAgainst": "45.2% (28.0) // 44.9% (27.1) // 43.3% (27.3) // 40.3% (24.2)",
        "scoringAgainst": "44.3% (26.9) // 43.2% (26.3) // 43.6% (27.1) // 43.7% (27.5)",
        "oppCorsi": "48.0% (57.4) // 45.6% (51.1) // 47.1% (53.7) // 46.4% (54.0)",
        "oppFenwick": "48.1% (41.8) // 45.1% (36.1) // 46.3% (37.3) // 46.6% (38.2)",
        "oppShots": "48.8% (29.9) // 47.1% (27.2) // 48.6% (28.4) // 49.2% (28.6)",
        "oppScoring": "49.4% (28.8) // 45.0% (23.7) // 46.3% (25.3) // 46.0% (26.2)",
        "oppCorsiAgainst": "52.0% (62.1) // 54.4% (60.9) // 52.9% (60.2) // 53.6% (62.4)",
        "oppFenwickAgainst": "51.9% (45.1) // 54.9% (43.9) // 53.7% (43.3) // 53.4% (43.7)",
        "oppShotsAgainst": "51.2% (31.5) // 52.9% (30.5) // 51.4% (30.0) // 50.8% (29.5)",
        "oppScoringAgainst": "50.6% (29.5) // 55.0% (28.9) // 53.7% (29.4) // 54.0% (30.7)",
        "totalOver": 36,
        "totalOverLast5": 60,
        "totalOverLast15": 47,
        "lastTotalOver": 56,
        "last5": "24,32,38,25,30,22,24,34,22,23",
        "fd": "-125/-106",
        "dk": "-125/-105",
        "kambi": "0",
        "lowest": "-125 DK",
        "implied": 55.55555555555556,
        "overOdds": "-125",
        "underOdds": "-105",
        "overUnder": "-125 / -105"
    },
    {
        "player": "Ilya Sorokin",
        "team": "NYI",
        "opponent": "STL",
        "propType": "saves",
        "line": 25.5,
        "ppLine": "",
        "avg": 30.34,
        "hit": false,
        "diffAvg": 0.19,
        "diffAbs": 0.02,
        "lastAvg": 24.62,
        "diff": -0.03,
        "avgMin": 59,
        "proj": 25.1,
        "lastAvgMin": 57.85,
        "oppOver": 0,
        "teamOver": 73,
        "gameLine": "-185",
        "+/-": 0,
        "L5_+/-": 0,
        "prevMatchup": "2024-02-22 nyi @ stl 21.0 sv",
        "winLossSplits": "75% - 71%",
        "awayHome": "H",
        "playedYesterday": "N",
        "awayHomeSplits": "68% - 76%",
        "savesAboveExp": 0.704,
        "gsaa": 5.74,
        "corsi": "44.7% (56.8) // 44.4% (54.6) // 43.4% (50.9) // 46.0% (52.9)",
        "fenwick": "45.5% (41.5) // 44.8% (38.7) // 43.5% (34.7) // 44.5% (34.9)",
        "shots": "45.8% (29.2) // 45.8% (28.4) // 44.8% (26.5) // 44.9% (26.6)",
        "scoring": "45.4% (28.2) // 44.8% (26.8) // 43.3% (23.3) // 45.5% (25.3)",
        "corsiAgainst": "55.3% (70.4) // 55.6% (68.4) // 56.6% (66.2) // 54.0% (62.2)",
        "fenwickAgainst": "54.5% (49.6) // 55.2% (47.8) // 56.5% (45.1) // 55.5% (43.6)",
        "shotsAgainst": "54.2% (34.6) // 54.2% (33.6) // 55.2% (32.7) // 55.1% (32.6)",
        "scoringAgainst": "54.6% (33.9) // 55.2% (33.1) // 56.7% (30.5) // 54.5% (30.3)",
        "oppCorsi": "47.6% (56.5) // 46.0% (54.1) // 42.3% (49.5) // 39.6% (45.7)",
        "oppFenwick": "47.6% (42.1) // 47.1% (40.6) // 42.5% (36.0) // 40.0% (33.1)",
        "oppShots": "48.5% (29.8) // 47.7% (28.3) // 44.6% (25.5) // 41.1% (23.4)",
        "oppScoring": "48.3% (28.2) // 45.9% (25.7) // 41.1% (24.5) // 37.5% (22.4)",
        "oppCorsiAgainst": "52.4% (62.3) // 54.0% (63.5) // 57.7% (67.6) // 60.4% (69.7)",
        "oppFenwickAgainst": "52.4% (46.3) // 52.9% (45.6) // 57.5% (48.7) // 60.0% (49.6)",
        "oppShotsAgainst": "51.5% (31.7) // 52.3% (31.0) // 55.4% (31.6) // 58.9% (33.4)",
        "oppScoringAgainst": "51.7% (30.1) // 54.1% (30.2) // 58.9% (35.0) // 62.5% (37.3)",
        "totalOver": 73,
        "totalOverLast5": 40,
        "totalOverLast15": 53,
        "lastTotalOver": 60,
        "last5": "22,22,30,17,37,32,29,18,35,24",
        "fd": "-125/-106",
        "dk": "-125/-105",
        "kambi": "0",
        "lowest": "-125 DK",
        "implied": 55.55555555555556,
        "overOdds": "-125",
        "underOdds": "-105",
        "overUnder": "-125 / -105"
    },
    {
        "player": "Jake Allen",
        "team": "MTL",
        "opponent": "NSH",
        "propType": "saves",
        "line": 28.5,
        "ppLine": "",
        "avg": 29.35,
        "hit": false,
        "diffAvg": 0.03,
        "diffAbs": 0.03,
        "lastAvg": 28.33,
        "diff": -0.01,
        "avgMin": 57,
        "proj": 27.7,
        "lastAvgMin": 58.33,
        "oppOver": 0,
        "teamOver": 59,
        "gameLine": "+185",
        "+/-": 0,
        "L5_+/-": 0,
        "prevMatchup": "2023-12-10 nsh @ mtl 30.0 sv",
        "winLossSplits": "100% - 60%",
        "awayHome": "A",
        "playedYesterday": "N",
        "awayHomeSplits": "67% - 73%",
        "savesAboveExp": 0.116,
        "gsaa": -1.43,
        "corsi": "46.4% (56.1) // 45.1% (53.9) // 42.0% (53.4) // 43.4% (55.6)",
        "fenwick": "46.8% (40.5) // 46.2% (38.2) // 42.1% (37.9) // 43.4% (39.2)",
        "shots": "45.9% (27.9) // 45.0% (25.2) // 41.2% (26.1) // 40.8% (26.5)",
        "scoring": "45.8% (27.3) // 42.3% (22.7) // 40.6% (24.2) // 42.6% (25.6)",
        "corsiAgainst": "53.6% (64.8) // 54.9% (65.5) // 58.0% (73.7) // 56.6% (72.6)",
        "fenwickAgainst": "53.2% (46.1) // 53.8% (44.5) // 57.9% (52.1) // 56.6% (51.2)",
        "shotsAgainst": "54.1% (32.9) // 55.0% (30.7) // 58.8% (37.4) // 59.2% (38.5)",
        "scoringAgainst": "54.2% (32.4) // 57.7% (31.0) // 59.4% (35.4) // 57.4% (34.4)",
        "oppCorsi": "50.7% (59.9) // 52.2% (63.3) // 54.0% (68.8) // 51.0% (62.5)",
        "oppFenwick": "50.9% (43.7) // 51.8% (45.3) // 53.1% (47.5) // 51.7% (44.5)",
        "oppShots": "50.0% (30.4) // 51.9% (31.8) // 52.0% (33.0) // 50.8% (32.0)",
        "oppScoring": "52.1% (30.8) // 52.7% (31.6) // 52.7% (31.5) // 53.1% (29.5)",
        "oppCorsiAgainst": "49.3% (58.2) // 47.8% (58.0) // 46.0% (58.5) // 49.0% (60.0)",
        "oppFenwickAgainst": "49.1% (42.1) // 48.2% (42.1) // 46.9% (42.0) // 48.3% (41.5)",
        "oppShotsAgainst": "50.0% (30.4) // 48.1% (29.5) // 48.0% (30.5) // 49.2% (31.0)",
        "oppScoringAgainst": "47.9% (28.3) // 47.3% (28.4) // 47.3% (28.2) // 46.9% (26.0)",
        "totalOver": 70,
        "totalOverLast5": 60,
        "totalOverLast15": 60,
        "lastTotalOver": 49,
        "last5": "20,30,29,30,24,32,32,22,30,30",
        "fd": "-125/-106",
        "dk": "-125/-105",
        "kambi": "0",
        "lowest": "-125 DK",
        "implied": 55.55555555555556,
        "overOdds": "-125",
        "underOdds": "-105",
        "overUnder": "-125 / -105"
    },
    {
        "player": "Juuse Saros",
        "team": "NSH",
        "opponent": "MTL",
        "propType": "saves",
        "line": 25.5,
        "ppLine": "",
        "avg": 25.94,
        "hit": false,
        "diffAvg": 0.02,
        "diffAbs": 0.06,
        "lastAvg": 29.21,
        "diff": 0.15,
        "avgMin": 55,
        "proj": 27.0,
        "lastAvgMin": 59.52,
        "oppOver": 0,
        "teamOver": 58,
        "gameLine": "-225",
        "+/-": 0,
        "L5_+/-": 0,
        "prevMatchup": "2023-12-10 nsh @ mtl 36.0 sv",
        "winLossSplits": "58% - 43%",
        "awayHome": "H",
        "playedYesterday": "N",
        "awayHomeSplits": "63% - 43%",
        "savesAboveExp": 0.483,
        "gsaa": -3.56,
        "corsi": "50.7% (59.9) // 52.2% (63.3) // 54.0% (68.8) // 51.0% (62.5)",
        "fenwick": "50.9% (43.7) // 51.8% (45.3) // 53.1% (47.5) // 51.7% (44.5)",
        "shots": "50.0% (30.4) // 51.9% (31.8) // 52.0% (33.0) // 50.8% (32.0)",
        "scoring": "52.1% (30.8) // 52.7% (31.6) // 52.7% (31.5) // 53.1% (29.5)",
        "corsiAgainst": "49.3% (58.2) // 47.8% (58.0) // 46.0% (58.5) // 49.0% (60.0)",
        "fenwickAgainst": "49.1% (42.1) // 48.2% (42.1) // 46.9% (42.0) // 48.3% (41.5)",
        "shotsAgainst": "50.0% (30.4) // 48.1% (29.5) // 48.0% (30.5) // 49.2% (31.0)",
        "scoringAgainst": "47.9% (28.3) // 47.3% (28.4) // 47.3% (28.2) // 46.9% (26.0)",
        "oppCorsi": "46.4% (56.1) // 45.1% (53.9) // 42.0% (53.4) // 43.4% (55.6)",
        "oppFenwick": "46.8% (40.5) // 46.2% (38.2) // 42.1% (37.9) // 43.4% (39.2)",
        "oppShots": "45.9% (27.9) // 45.0% (25.2) // 41.2% (26.1) // 40.8% (26.5)",
        "oppScoring": "45.8% (27.3) // 42.3% (22.7) // 40.6% (24.2) // 42.6% (25.6)",
        "oppCorsiAgainst": "53.6% (64.8) // 54.9% (65.5) // 58.0% (73.7) // 56.6% (72.6)",
        "oppFenwickAgainst": "53.2% (46.1) // 53.8% (44.5) // 57.9% (52.1) // 56.6% (51.2)",
        "oppShotsAgainst": "54.1% (32.9) // 55.0% (30.7) // 58.8% (37.4) // 59.2% (38.5)",
        "oppScoringAgainst": "54.2% (32.4) // 57.7% (31.0) // 59.4% (35.4) // 57.4% (34.4)",
        "totalOver": 51,
        "totalOverLast5": 40,
        "totalOverLast15": 47,
        "lastTotalOver": 64,
        "last5": "25,33,24,23,27,35,14,43,27,20",
        "fd": "-120/-110",
        "dk": "-120/-110",
        "kambi": "0",
        "lowest": "-120 DK",
        "implied": 54.54545454545454,
        "overOdds": "-120",
        "underOdds": "-110",
        "overUnder": "-120 / -110"
    },
    {
        "player": "Connor Hellebuyck",
        "team": "WPG",
        "opponent": "SEA",
        "propType": "saves",
        "line": 26.5,
        "ppLine": "",
        "avg": 27.41,
        "hit": false,
        "diffAvg": 0.03,
        "diffAbs": 0.02,
        "lastAvg": 25.45,
        "diff": -0.04,
        "avgMin": 60,
        "proj": 25.9,
        "lastAvgMin": 59.02,
        "oppOver": 0,
        "teamOver": 50,
        "gameLine": "-166",
        "+/-": 0,
        "L5_+/-": 0,
        "prevMatchup": "",
        "winLossSplits": "69% - 27%",
        "awayHome": "H",
        "playedYesterday": "N",
        "awayHomeSplits": "59% - 50%",
        "savesAboveExp": 0.641,
        "gsaa": 17.56,
        "corsi": "50.8% (60.3) // 52.1% (65.8) // 51.0% (64.2) // 55.6% (67.7)",
        "fenwick": "51.3% (43.6) // 53.1% (45.7) // 51.6% (43.8) // 56.4% (44.3)",
        "shots": "51.9% (30.6) // 52.2% (30.4) // 50.9% (28.8) // 56.8% (29.3)",
        "scoring": "51.5% (28.3) // 56.0% (30.9) // 56.7% (30.3) // 61.4% (31.3)",
        "corsiAgainst": "49.2% (58.3) // 47.9% (60.4) // 49.0% (61.7) // 44.4% (54.0)",
        "fenwickAgainst": "48.7% (41.3) // 46.9% (40.4) // 48.4% (41.2) // 43.6% (34.3)",
        "shotsAgainst": "48.1% (28.4) // 47.8% (27.8) // 49.1% (27.8) // 43.2% (22.3)",
        "scoringAgainst": "48.5% (26.7) // 44.0% (24.3) // 43.3% (23.2) // 38.6% (19.7)",
        "oppCorsi": "50.7% (60.6) // 45.8% (57.5) // 43.9% (59.0) // 44.8% (56.5)",
        "oppFenwick": "49.5% (42.3) // 43.9% (39.6) // 43.2% (41.7) // 44.5% (40.5)",
        "oppShots": "49.6% (28.7) // 43.5% (25.9) // 44.2% (25.7) // 43.4% (24.5)",
        "oppScoring": "52.4% (28.6) // 48.1% (26.3) // 43.0% (25.7) // 44.7% (25.5)",
        "oppCorsiAgainst": "49.3% (58.9) // 54.2% (67.9) // 56.1% (75.3) // 55.2% (69.5)",
        "oppFenwickAgainst": "50.5% (43.1) // 56.1% (50.8) // 56.8% (54.7) // 55.5% (50.5)",
        "oppShotsAgainst": "50.4% (29.1) // 56.5% (33.5) // 55.8% (32.3) // 56.6% (32.0)",
        "oppScoringAgainst": "47.6% (26.0) // 51.9% (28.3) // 57.0% (34.0) // 55.3% (31.5)",
        "totalOver": 55,
        "totalOverLast5": 100,
        "totalOverLast15": 67,
        "lastTotalOver": 59,
        "last5": "32,32,29,33,28,35,17,35,24,26",
        "fd": "-114/-114",
        "dk": "-115/-115",
        "kambi": "0",
        "lowest": "-114 FD",
        "implied": 53.271028037383175,
        "overOdds": "-115",
        "underOdds": "-115",
        "overUnder": "-115 / -115"
    },
    {
        "player": "Connor Ingram",
        "team": "ARI",
        "opponent": "CHI",
        "propType": "saves",
        "line": 25.5,
        "ppLine": "",
        "avg": 25.89,
        "hit": false,
        "diffAvg": 0.02,
        "diffAbs": 0.16,
        "lastAvg": 32.26,
        "diff": 0.27,
        "avgMin": 54,
        "proj": 29.7,
        "lastAvgMin": 58.75,
        "oppOver": 0,
        "teamOver": 66,
        "gameLine": "-265",
        "+/-": 0,
        "L5_+/-": 0,
        "prevMatchup": "2023-10-30 chi @ ari 29.0 sv",
        "winLossSplits": "78% - 45%",
        "awayHome": "H",
        "playedYesterday": "N",
        "awayHomeSplits": "63% - 58%",
        "savesAboveExp": -0.65,
        "gsaa": 8.2,
        "corsi": "47.5% (54.9) // 50.6% (58.6) // 47.5% (57.2) // 49.9% (61.6)",
        "fenwick": "47.1% (39.9) // 49.6% (42.4) // 46.1% (41.2) // 48.5% (43.4)",
        "shots": "46.5% (27.0) // 48.9% (28.4) // 44.4% (26.8) // 46.5% (28.4)",
        "scoring": "47.6% (27.8) // 52.0% (29.5) // 46.3% (27.4) // 49.7% (30.3)",
        "corsiAgainst": "52.5% (60.8) // 49.4% (57.3) // 52.5% (63.1) // 50.1% (61.9)",
        "fenwickAgainst": "52.9% (44.8) // 50.4% (43.0) // 53.9% (48.1) // 51.5% (46.0)",
        "shotsAgainst": "53.5% (31.0) // 51.1% (29.7) // 55.6% (33.5) // 53.5% (32.6)",
        "scoringAgainst": "52.4% (30.5) // 48.0% (27.2) // 53.7% (31.8) // 50.3% (30.6)",
        "oppCorsi": "44.3% (51.2) // 42.1% (48.9) // 42.2% (47.5) // 45.7% (49.7)",
        "oppFenwick": "44.2% (36.5) // 41.8% (33.9) // 42.8% (32.2) // 46.6% (32.3)",
        "oppShots": "44.4% (25.8) // 41.6% (23.1) // 44.0% (22.7) // 47.9% (22.3)",
        "oppScoring": "43.0% (24.2) // 40.0% (21.0) // 41.8% (20.7) // 44.9% (20.7)",
        "oppCorsiAgainst": "55.7% (64.3) // 57.9% (67.4) // 57.8% (65.0) // 54.3% (59.0)",
        "oppFenwickAgainst": "55.8% (46.0) // 58.2% (47.2) // 57.2% (43.0) // 53.4% (37.0)",
        "oppShotsAgainst": "55.6% (32.3) // 58.4% (32.5) // 56.0% (28.8) // 52.1% (24.3)",
        "oppScoringAgainst": "57.0% (32.1) // 60.0% (31.4) // 58.2% (28.8) // 55.1% (25.3)",
        "totalOver": 61,
        "totalOverLast5": 60,
        "totalOverLast15": 53,
        "lastTotalOver": 62,
        "last5": "22,17,28,28,32,3,36,31,25,30",
        "fd": "-130/-102",
        "dk": "-125/-105",
        "kambi": "0",
        "lowest": "-125 DK",
        "implied": 55.55555555555556,
        "overOdds": "-125",
        "underOdds": "-105",
        "overUnder": "-125 / -105"
    },
    {
        "player": "Jake Oettinger",
        "team": "DAL",
        "opponent": "SJ",
        "propType": "saves",
        "line": 23.5,
        "ppLine": "",
        "avg": 25.41,
        "hit": false,
        "diffAvg": 0.08,
        "diffAbs": 0.18,
        "lastAvg": 20.16,
        "diff": -0.14,
        "avgMin": 56,
        "proj": 19.2,
        "lastAvgMin": 58.78,
        "oppOver": 0,
        "teamOver": 63,
        "gameLine": "-395",
        "+/-": 0,
        "L5_+/-": 0,
        "prevMatchup": "2024-03-02 sj @ dal 21.0 sv",
        "winLossSplits": "54% - 60%",
        "awayHome": "A",
        "playedYesterday": "N",
        "awayHomeSplits": "60% - 53%",
        "savesAboveExp": 0.39,
        "gsaa": -0.9,
        "corsi": "52.1% (62.2) // 56.6% (66.9) // 55.4% (65.2) // 52.1% (59.0)",
        "fenwick": "51.6% (44.3) // 57.1% (47.3) // 55.9% (44.9) // 54.4% (41.7)",
        "shots": "50.7% (30.0) // 57.8% (32.7) // 55.2% (29.2) // 55.0% (27.7)",
        "scoring": "54.3% (30.8) // 58.9% (33.4) // 56.5% (31.6) // 54.5% (28.0)",
        "corsiAgainst": "47.9% (57.2) // 43.4% (51.3) // 44.6% (52.6) // 47.9% (54.3)",
        "fenwickAgainst": "48.4% (41.6) // 42.9% (35.5) // 44.1% (35.4) // 45.6% (35.0)",
        "shotsAgainst": "49.3% (29.2) // 42.2% (23.9) // 44.8% (23.7) // 45.0% (22.7)",
        "scoringAgainst": "45.7% (25.9) // 41.1% (23.3) // 43.5% (24.3) // 45.5% (23.3)",
        "oppCorsi": "42.2% (52.1) // 42.9% (53.1) // 44.2% (56.2) // 39.6% (51.3)",
        "oppFenwick": "42.1% (36.7) // 42.7% (37.0) // 43.4% (38.6) // 40.9% (39.0)",
        "oppShots": "41.8% (25.3) // 43.0% (25.4) // 43.9% (27.4) // 41.8% (27.3)",
        "oppScoring": "39.2% (23.5) // 40.6% (23.4) // 44.1% (24.6) // 39.4% (23.0)",
        "oppCorsiAgainst": "57.8% (71.3) // 57.1% (70.7) // 55.8% (71.0) // 60.4% (78.3)",
        "oppFenwickAgainst": "57.9% (50.4) // 57.3% (49.6) // 56.6% (50.4) // 59.1% (56.3)",
        "oppShotsAgainst": "58.2% (35.3) // 57.0% (33.7) // 56.1% (35.0) // 58.2% (38.0)",
        "oppScoringAgainst": "60.8% (36.4) // 59.4% (34.2) // 55.9% (31.2) // 60.6% (35.3)",
        "totalOver": 56,
        "totalOverLast5": 20,
        "totalOverLast15": 40,
        "lastTotalOver": 59,
        "last5": "21,25,22,20,8,27,20,20,32,18",
        "fd": "-130/-102",
        "dk": "-125/-105",
        "kambi": "0",
        "lowest": "-125 DK",
        "implied": 55.55555555555556,
        "overOdds": "-125",
        "underOdds": "-105",
        "overUnder": "-125 / -105"
    },
    {
        "player": "Kaapo Kahkonen",
        "team": "SJ",
        "opponent": "DAL",
        "propType": "saves",
        "line": 30.5,
        "ppLine": "",
        "avg": 28.6,
        "hit": false,
        "diffAvg": -0.06,
        "diffAbs": 0.18,
        "lastAvg": 27.41,
        "diff": -0.1,
        "avgMin": 52,
        "proj": 25.0,
        "lastAvgMin": 56.92,
        "oppOver": 0,
        "teamOver": 57,
        "gameLine": "+310",
        "+/-": 0,
        "L5_+/-": 0,
        "prevMatchup": "2024-03-02 sj @ dal 36.0 sv",
        "winLossSplits": "67% - 46%",
        "awayHome": "H",
        "playedYesterday": "N",
        "awayHomeSplits": "53% - 46%",
        "savesAboveExp": -1.142,
        "gsaa": "-",
        "corsi": "42.2% (52.1) // 42.9% (53.1) // 44.2% (56.2) // 39.6% (51.3)",
        "fenwick": "42.1% (36.7) // 42.7% (37.0) // 43.4% (38.6) // 40.9% (39.0)",
        "shots": "41.8% (25.3) // 43.0% (25.4) // 43.9% (27.4) // 41.8% (27.3)",
        "scoring": "39.2% (23.5) // 40.6% (23.4) // 44.1% (24.6) // 39.4% (23.0)",
        "corsiAgainst": "57.8% (71.3) // 57.1% (70.7) // 55.8% (71.0) // 60.4% (78.3)",
        "fenwickAgainst": "57.9% (50.4) // 57.3% (49.6) // 56.6% (50.4) // 59.1% (56.3)",
        "shotsAgainst": "58.2% (35.3) // 57.0% (33.7) // 56.1% (35.0) // 58.2% (38.0)",
        "scoringAgainst": "60.8% (36.4) // 59.4% (34.2) // 55.9% (31.2) // 60.6% (35.3)",
        "oppCorsi": "52.1% (62.2) // 56.6% (66.9) // 55.4% (65.2) // 52.1% (59.0)",
        "oppFenwick": "51.6% (44.3) // 57.1% (47.3) // 55.9% (44.9) // 54.4% (41.7)",
        "oppShots": "50.7% (30.0) // 57.8% (32.7) // 55.2% (29.2) // 55.0% (27.7)",
        "oppScoring": "54.3% (30.8) // 58.9% (33.4) // 56.5% (31.6) // 54.5% (28.0)",
        "oppCorsiAgainst": "47.9% (57.2) // 43.4% (51.3) // 44.6% (52.6) // 47.9% (54.3)",
        "oppFenwickAgainst": "48.4% (41.6) // 42.9% (35.5) // 44.1% (35.4) // 45.6% (35.0)",
        "oppShotsAgainst": "49.3% (29.2) // 42.2% (23.9) // 44.8% (23.7) // 45.0% (22.7)",
        "oppScoringAgainst": "45.7% (25.9) // 41.1% (23.3) // 43.5% (24.3) // 45.5% (23.3)",
        "totalOver": 50,
        "totalOverLast5": 40,
        "totalOverLast15": 47,
        "lastTotalOver": 31,
        "last5": "28,24,24,31,37,38,31,31,44,32",
        "fd": "-112/-118",
        "dk": "-110/-120",
        "kambi": "0",
        "lowest": "-110 DK",
        "implied": 52.38095238095239,
        "overOdds": "-110",
        "underOdds": "-120",
        "overUnder": "-110 / -120"
    },
    {
        "player": "Cam Talbot",
        "team": "LA",
        "opponent": "VAN",
        "propType": "saves",
        "line": 25.5,
        "ppLine": "",
        "avg": 25.47,
        "hit": false,
        "diffAvg": -0.0,
        "diffAbs": 0.04,
        "lastAvg": 23.33,
        "diff": -0.09,
        "avgMin": 57,
        "proj": 24.6,
        "lastAvgMin": 54.08,
        "oppOver": 0,
        "teamOver": 55,
        "gameLine": "-105",
        "+/-": 0,
        "L5_+/-": 0,
        "prevMatchup": "2024-02-29 la @ van 22.0 sv",
        "winLossSplits": "61% - 55%",
        "awayHome": "H",
        "playedYesterday": "N",
        "awayHomeSplits": "55% - 62%",
        "savesAboveExp": 0.136,
        "gsaa": 15.05,
        "corsi": "55.0% (67.1) // 53.5% (69.6) // 50.4% (63.8) // 45.6% (56.8)",
        "fenwick": "55.3% (48.7) // 54.3% (50.1) // 51.4% (46.7) // 48.4% (44.6)",
        "shots": "55.4% (33.5) // 53.6% (34.2) // 51.5% (32.7) // 48.0% (30.8)",
        "scoring": "54.4% (31.0) // 52.2% (30.7) // 45.6% (26.0) // 40.6% (21.5)",
        "corsiAgainst": "45.0% (54.9) // 46.5% (60.5) // 49.6% (62.9) // 54.4% (67.7)",
        "fenwickAgainst": "44.7% (39.3) // 45.7% (42.2) // 48.6% (44.2) // 51.6% (47.5)",
        "shotsAgainst": "44.6% (27.0) // 46.4% (29.7) // 48.5% (30.8) // 52.0% (33.4)",
        "scoringAgainst": "45.6% (26.0) // 47.8% (28.1) // 54.4% (31.0) // 59.4% (31.4)",
        "oppCorsi": "49.8% (57.4) // 51.2% (57.5) // 50.9% (59.5) // 51.5% (59.0)",
        "oppFenwick": "49.5% (41.2) // 51.3% (42.1) // 51.5% (44.1) // 53.1% (44.9)",
        "oppShots": "48.4% (28.1) // 48.7% (28.7) // 48.8% (30.2) // 51.8% (32.3)",
        "oppScoring": "50.7% (28.8) // 50.8% (27.5) // 50.7% (28.9) // 50.4% (29.4)",
        "oppCorsiAgainst": "50.2% (57.8) // 48.8% (54.9) // 49.1% (57.5) // 48.5% (55.5)",
        "oppFenwickAgainst": "50.5% (42.0) // 48.7% (40.0) // 48.5% (41.5) // 46.9% (39.7)",
        "oppShotsAgainst": "51.6% (29.9) // 51.3% (30.2) // 51.2% (31.7) // 48.2% (30.1)",
        "oppScoringAgainst": "49.3% (28.0) // 49.2% (26.6) // 49.3% (28.1) // 49.6% (28.9)",
        "totalOver": 58,
        "totalOverLast5": 80,
        "totalOverLast15": 60,
        "lastTotalOver": 47,
        "last5": "30,22,33,32,29,5,9,32,23,22",
        "fd": "-128/-104",
        "dk": "-115/-115",
        "kambi": "0",
        "lowest": "-115 DK",
        "implied": 53.48837209302325,
        "overOdds": "-115",
        "underOdds": "-115",
        "overUnder": "-115 / -115"
    },
    {
        "player": "Thatcher Demko",
        "team": "VAN",
        "opponent": "LA",
        "propType": "saves",
        "line": 27.5,
        "ppLine": "",
        "avg": 26.98,
        "hit": false,
        "diffAvg": -0.02,
        "diffAbs": 0.04,
        "lastAvg": 28.31,
        "diff": 0.03,
        "avgMin": 59,
        "proj": 28.5,
        "lastAvgMin": 58.7,
        "oppOver": 0,
        "teamOver": 40,
        "gameLine": "-115",
        "+/-": 0,
        "L5_+/-": 0,
        "prevMatchup": "2024-02-29 la @ van 15.0 sv",
        "winLossSplits": "39% - 40%",
        "awayHome": "A",
        "playedYesterday": "N",
        "awayHomeSplits": "38% - 40%",
        "savesAboveExp": -0.786,
        "gsaa": 12.22,
        "corsi": "49.8% (57.4) // 51.2% (57.5) // 50.9% (59.5) // 51.5% (59.0)",
        "fenwick": "49.5% (41.2) // 51.3% (42.1) // 51.5% (44.1) // 53.1% (44.9)",
        "shots": "48.4% (28.1) // 48.7% (28.7) // 48.8% (30.2) // 51.8% (32.3)",
        "scoring": "50.7% (28.8) // 50.8% (27.5) // 50.7% (28.9) // 50.4% (29.4)",
        "corsiAgainst": "50.2% (57.8) // 48.8% (54.9) // 49.1% (57.5) // 48.5% (55.5)",
        "fenwickAgainst": "50.5% (42.0) // 48.7% (40.0) // 48.5% (41.5) // 46.9% (39.7)",
        "shotsAgainst": "51.6% (29.9) // 51.3% (30.2) // 51.2% (31.7) // 48.2% (30.1)",
        "scoringAgainst": "49.3% (28.0) // 49.2% (26.6) // 49.3% (28.1) // 49.6% (28.9)",
        "oppCorsi": "55.0% (67.1) // 53.5% (69.6) // 50.4% (63.8) // 45.6% (56.8)",
        "oppFenwick": "55.3% (48.7) // 54.3% (50.1) // 51.4% (46.7) // 48.4% (44.6)",
        "oppShots": "55.4% (33.5) // 53.6% (34.2) // 51.5% (32.7) // 48.0% (30.8)",
        "oppScoring": "54.4% (31.0) // 52.2% (30.7) // 45.6% (26.0) // 40.6% (21.5)",
        "oppCorsiAgainst": "45.0% (54.9) // 46.5% (60.5) // 49.6% (62.9) // 54.4% (67.7)",
        "oppFenwickAgainst": "44.7% (39.3) // 45.7% (42.2) // 48.6% (44.2) // 51.6% (47.5)",
        "oppShotsAgainst": "44.6% (27.0) // 46.4% (29.7) // 48.5% (30.8) // 52.0% (33.4)",
        "oppScoringAgainst": "45.6% (26.0) // 47.8% (28.1) // 54.4% (31.0) // 59.4% (31.4)",
        "totalOver": 39,
        "totalOverLast5": 20,
        "totalOverLast15": 27,
        "lastTotalOver": 56,
        "last5": "15,36,20,26,24,24,27,21,31,21",
        "fd": "-108/-122",
        "dk": "-105/-125",
        "kambi": "0",
        "lowest": "-105 DK",
        "implied": 51.21951219512195,
        "overOdds": "-105",
        "underOdds": "-125",
        "overUnder": "-105 / -125"
    }
]