[
    {
        "player": "Igor Shesterkin",
        "team": "NYR",
        "opponent": "VAN",
        "propType": "saves",
        "line": 25.5,
        "ppLine": "",
        "avg": 26.67,
        "hit": false,
        "diffAvg": 0.05,
        "diffAbs": 0.1,
        "lastAvg": 23.86,
        "diff": -0.06,
        "avgMin": 58,
        "proj": 23.0,
        "lastAvgMin": 60.15,
        "oppOver": 0,
        "teamOver": 55,
        "gameLine": "-148",
        "+/-": 0,
        "L5_+/-": 0,
        "prevMatchup": "2023-10-28 nyr @ van 30.0 sv",
        "winLossSplits": "69% - 38%",
        "awayHome": "H",
        "playedYesterday": "N",
        "awayHomeSplits": "64% - 50%",
        "savesAboveExp": 0.388,
        "gsaa": 3.34,
        "corsi": "49.8% (60.2) // 51.2% (61.8) // 49.5% (59.4) // 56.5% (66.2)",
        "fenwick": "50.6% (44.7) // 51.9% (45.8) // 51.5% (45.4) // 57.0% (49.9)",
        "shots": "51.3% (30.8) // 53.6% (32.7) // 52.7% (32.3) // 57.7% (35.4)",
        "scoring": "50.9% (29.3) // 51.9% (29.4) // 49.5% (28.3) // 54.9% (30.8)",
        "corsiAgainst": "50.2% (60.6) // 48.8% (59.0) // 50.5% (60.6) // 43.5% (50.9)",
        "fenwickAgainst": "49.4% (43.5) // 48.1% (42.4) // 48.5% (42.9) // 43.0% (37.6)",
        "shotsAgainst": "48.7% (29.3) // 46.4% (28.3) // 47.3% (28.9) // 42.3% (25.9)",
        "scoringAgainst": "49.1% (28.3) // 48.1% (27.3) // 50.5% (28.9) // 45.1% (25.3)",
        "oppCorsi": "50.0% (57.8) // 51.5% (57.7) // 53.8% (66.3) // 53.8% (66.3)",
        "oppFenwick": "49.5% (41.2) // 50.5% (41.2) // 53.6% (47.0) // 53.6% (47.0)",
        "oppShots": "48.5% (28.0) // 48.2% (27.8) // 49.7% (31.3) // 49.7% (31.3)",
        "oppScoring": "51.1% (29.0) // 53.6% (27.7) // 55.2% (31.7) // 55.2% (31.7)",
        "oppCorsiAgainst": "50.0% (57.8) // 48.5% (54.2) // 46.2% (57.0) // 46.2% (57.0)",
        "oppFenwickAgainst": "50.5% (42.0) // 49.5% (40.3) // 46.4% (40.7) // 46.4% (40.7)",
        "oppShotsAgainst": "51.5% (29.8) // 51.8% (29.9) // 50.3% (31.7) // 50.3% (31.7)",
        "oppScoringAgainst": "48.9% (27.8) // 46.4% (24.0) // 44.8% (25.7) // 44.8% (25.7)",
        "totalOver": 58,
        "totalOverLast5": 60,
        "totalOverLast15": 53,
        "lastTotalOver": 52,
        "last5": "22,21,34,26,27,31,21,23,25,30",
        "fd": "0",
        "dk": "-105/-125",
        "kambi": "0",
        "lowest": "-105 DK",
        "implied": 51.21951219512195,
        "overOdds": "-105",
        "underOdds": "-125",
        "overUnder": "-105 / -125"
    },
    {
        "player": "Thatcher Demko",
        "team": "VAN",
        "opponent": "NYR",
        "propType": "saves",
        "line": 27.5,
        "ppLine": "",
        "avg": 27.11,
        "hit": false,
        "diffAvg": -0.01,
        "diffAbs": 0.04,
        "lastAvg": 28.31,
        "diff": 0.03,
        "avgMin": 59,
        "proj": 28.5,
        "lastAvgMin": 58.7,
        "oppOver": 0,
        "teamOver": 46,
        "gameLine": "+124",
        "+/-": 0,
        "L5_+/-": 0,
        "prevMatchup": "2023-10-28 nyr @ van 20.0 sv",
        "winLossSplits": "37% - 56%",
        "awayHome": "A",
        "playedYesterday": "N",
        "awayHomeSplits": "42% - 44%",
        "savesAboveExp": -0.786,
        "gsaa": 10.67,
        "corsi": "50.0% (57.8) // 51.5% (57.7) // 53.8% (66.3) // 53.8% (66.3)",
        "fenwick": "49.5% (41.2) // 50.5% (41.2) // 53.6% (47.0) // 53.6% (47.0)",
        "shots": "48.5% (28.0) // 48.2% (27.8) // 49.7% (31.3) // 49.7% (31.3)",
        "scoring": "51.1% (29.0) // 53.6% (27.7) // 55.2% (31.7) // 55.2% (31.7)",
        "corsiAgainst": "50.0% (57.8) // 48.5% (54.2) // 46.2% (57.0) // 46.2% (57.0)",
        "fenwickAgainst": "50.5% (42.0) // 49.5% (40.3) // 46.4% (40.7) // 46.4% (40.7)",
        "shotsAgainst": "51.5% (29.8) // 51.8% (29.9) // 50.3% (31.7) // 50.3% (31.7)",
        "scoringAgainst": "48.9% (27.8) // 46.4% (24.0) // 44.8% (25.7) // 44.8% (25.7)",
        "oppCorsi": "49.8% (60.2) // 51.2% (61.8) // 49.5% (59.4) // 56.5% (66.2)",
        "oppFenwick": "50.6% (44.7) // 51.9% (45.8) // 51.5% (45.4) // 57.0% (49.9)",
        "oppShots": "51.3% (30.8) // 53.6% (32.7) // 52.7% (32.3) // 57.7% (35.4)",
        "oppScoring": "50.9% (29.3) // 51.9% (29.4) // 49.5% (28.3) // 54.9% (30.8)",
        "oppCorsiAgainst": "50.2% (60.6) // 48.8% (59.0) // 50.5% (60.6) // 43.5% (50.9)",
        "oppFenwickAgainst": "49.4% (43.5) // 48.1% (42.4) // 48.5% (42.9) // 43.0% (37.6)",
        "oppShotsAgainst": "48.7% (29.3) // 46.4% (28.3) // 47.3% (28.9) // 42.3% (25.9)",
        "oppScoringAgainst": "49.1% (28.3) // 48.1% (27.3) // 50.5% (28.9) // 45.1% (25.3)",
        "totalOver": 43,
        "totalOverLast5": 60,
        "totalOverLast15": 47,
        "lastTotalOver": 56,
        "last5": "21,30,35,21,32,25,36,28,21,26",
        "fd": "0",
        "dk": "-120/-110",
        "kambi": "0",
        "lowest": "-120 DK",
        "implied": 54.54545454545454,
        "overOdds": "-120",
        "underOdds": "-110",
        "overUnder": "-120 / -110"
    },
    {
        "player": "Alex Nedeljkovic",
        "team": "PIT",
        "opponent": "PHI",
        "propType": "saves",
        "line": 28.5,
        "ppLine": "",
        "avg": 28.0,
        "hit": false,
        "diffAvg": -0.02,
        "diffAbs": 0.02,
        "lastAvg": 27.8,
        "diff": -0.02,
        "avgMin": 58,
        "proj": 29.1,
        "lastAvgMin": 55.5,
        "oppOver": 0,
        "teamOver": 50,
        "gameLine": "-125",
        "+/-": 0,
        "L5_+/-": 0,
        "prevMatchup": "2023-12-02 phi @ pit 31.0 sv 2023-12-04 pit @ phi 31.0 sv",
        "winLossSplits": "57% - 50%",
        "awayHome": "A",
        "playedYesterday": "N",
        "awayHomeSplits": "50% - 57%",
        "savesAboveExp": -1.293,
        "gsaa": 5.54,
        "corsi": "52.6% (65.8) // 54.1% (68.7) // 55.0% (72.8) // 56.5% (71.3)",
        "fenwick": "51.7% (47.1) // 54.1% (47.9) // 55.3% (51.8) // 57.5% (52.3)",
        "shots": "52.4% (32.8) // 54.5% (33.5) // 54.7% (35.8) // 57.2% (37.0)",
        "scoring": "52.9% (32.1) // 55.1% (33.5) // 56.3% (33.8) // 62.6% (34.0)",
        "corsiAgainst": "47.4% (59.4) // 45.9% (58.3) // 45.0% (59.6) // 43.5% (55.0)",
        "fenwickAgainst": "48.3% (44.1) // 45.9% (40.7) // 44.7% (41.8) // 42.5% (38.7)",
        "shotsAgainst": "47.6% (29.8) // 45.5% (27.9) // 45.3% (29.6) // 42.8% (27.7)",
        "scoringAgainst": "47.1% (28.6) // 44.9% (27.2) // 43.7% (26.2) // 37.4% (20.3)",
        "oppCorsi": "50.0% (60.2) // 49.8% (59.8) // 51.8% (65.0) // 53.6% (67.8)",
        "oppFenwick": "52.0% (44.6) // 52.0% (45.0) // 53.2% (47.6) // 55.5% (50.6)",
        "oppShots": "53.5% (32.5) // 52.6% (32.8) // 54.4% (34.9) // 57.7% (38.9)",
        "oppScoring": "48.8% (27.4) // 47.6% (27.0) // 50.9% (28.9) // 52.0% (30.2)",
        "oppCorsiAgainst": "50.0% (60.3) // 50.2% (60.3) // 48.2% (60.5) // 46.4% (58.7)",
        "oppFenwickAgainst": "48.0% (41.1) // 48.0% (41.6) // 46.8% (41.9) // 44.5% (40.5)",
        "oppShotsAgainst": "46.5% (28.3) // 47.4% (29.6) // 45.6% (29.3) // 42.3% (28.5)",
        "oppScoringAgainst": "51.2% (28.8) // 52.4% (29.7) // 49.1% (27.9) // 48.0% (27.9)",
        "totalOver": 54,
        "totalOverLast5": 20,
        "totalOverLast15": 54,
        "lastTotalOver": 47,
        "last5": "24,14,37,21,23,24,18,39,31,31",
        "fd": "0",
        "dk": "-115/-115",
        "kambi": "0",
        "lowest": "-115 DK",
        "implied": 53.48837209302325,
        "overOdds": "-115",
        "underOdds": "-115",
        "overUnder": "-115 / -115"
    },
    {
        "player": "Carter Hart",
        "team": "PHI",
        "opponent": "PIT",
        "propType": "saves",
        "line": 28.5,
        "ppLine": "",
        "avg": 25.45,
        "hit": false,
        "diffAvg": -0.11,
        "diffAbs": 0.08,
        "lastAvg": 27.45,
        "diff": -0.04,
        "avgMin": 55,
        "proj": 26.3,
        "lastAvgMin": 57.52,
        "oppOver": 0,
        "teamOver": 36,
        "gameLine": "+105",
        "+/-": 0,
        "L5_+/-": 0,
        "prevMatchup": "2023-12-02 phi @ pit 29.0 sv 2023-12-04 pit @ phi 31.0 sv",
        "winLossSplits": "36% - 45%",
        "awayHome": "H",
        "playedYesterday": "N",
        "awayHomeSplits": "45% - 36%",
        "savesAboveExp": 0.493,
        "gsaa": 5.6,
        "corsi": "50.0% (60.2) // 49.8% (59.8) // 51.8% (65.0) // 53.6% (67.8)",
        "fenwick": "52.0% (44.6) // 52.0% (45.0) // 53.2% (47.6) // 55.5% (50.6)",
        "shots": "53.5% (32.5) // 52.6% (32.8) // 54.4% (34.9) // 57.7% (38.9)",
        "scoring": "48.8% (27.4) // 47.6% (27.0) // 50.9% (28.9) // 52.0% (30.2)",
        "corsiAgainst": "50.0% (60.3) // 50.2% (60.3) // 48.2% (60.5) // 46.4% (58.7)",
        "fenwickAgainst": "48.0% (41.1) // 48.0% (41.6) // 46.8% (41.9) // 44.5% (40.5)",
        "shotsAgainst": "46.5% (28.3) // 47.4% (29.6) // 45.6% (29.3) // 42.3% (28.5)",
        "scoringAgainst": "51.2% (28.8) // 52.4% (29.7) // 49.1% (27.9) // 48.0% (27.9)",
        "oppCorsi": "52.6% (65.8) // 54.1% (68.7) // 55.0% (72.8) // 56.5% (71.3)",
        "oppFenwick": "51.7% (47.1) // 54.1% (47.9) // 55.3% (51.8) // 57.5% (52.3)",
        "oppShots": "52.4% (32.8) // 54.5% (33.5) // 54.7% (35.8) // 57.2% (37.0)",
        "oppScoring": "52.9% (32.1) // 55.1% (33.5) // 56.3% (33.8) // 62.6% (34.0)",
        "oppCorsiAgainst": "47.4% (59.4) // 45.9% (58.3) // 45.0% (59.6) // 43.5% (55.0)",
        "oppFenwickAgainst": "48.3% (44.1) // 45.9% (40.7) // 44.7% (41.8) // 42.5% (38.7)",
        "oppShotsAgainst": "47.6% (29.8) // 45.5% (27.9) // 45.3% (29.6) // 42.8% (27.7)",
        "oppScoringAgainst": "47.1% (28.6) // 44.9% (27.2) // 43.7% (26.2) // 37.4% (20.3)",
        "totalOver": 41,
        "totalOverLast5": 40,
        "totalOverLast15": 47,
        "lastTotalOver": 30,
        "last5": "22,31,27,8,31,36,25,31,31,32",
        "fd": "0",
        "dk": "-110/-120",
        "kambi": "0",
        "lowest": "-110 DK",
        "implied": 52.38095238095239,
        "overOdds": "-110",
        "underOdds": "-120",
        "overUnder": "-110 / -120"
    },
    {
        "player": "Alexandar Georgiev",
        "team": "COL",
        "opponent": "BOS",
        "propType": "saves",
        "line": 24.5,
        "ppLine": "",
        "avg": 24.36,
        "hit": false,
        "diffAvg": -0.01,
        "diffAbs": 0.0,
        "lastAvg": 25.35,
        "diff": 0.03,
        "avgMin": 58,
        "proj": 24.6,
        "lastAvgMin": 59.67,
        "oppOver": 0,
        "teamOver": 60,
        "gameLine": "-130",
        "+/-": 0,
        "L5_+/-": 0,
        "prevMatchup": "",
        "winLossSplits": "50% - 45%",
        "awayHome": "H",
        "playedYesterday": "N",
        "awayHomeSplits": "65% - 31%",
        "savesAboveExp": 0.16,
        "gsaa": -7.92,
        "corsi": "53.0% (63.1) // 52.8% (59.6) // 55.1% (63.5) // 53.6% (63.5)",
        "fenwick": "52.8% (45.4) // 53.1% (43.6) // 54.4% (43.6) // 54.4% (44.3)",
        "shots": "52.6% (31.6) // 53.5% (30.5) // 55.8% (30.6) // 54.4% (32.2)",
        "scoring": "53.4% (30.5) // 54.2% (29.0) // 55.6% (28.4) // 53.7% (28.3)",
        "corsiAgainst": "47.0% (55.9) // 47.2% (53.3) // 44.9% (51.7) // 46.4% (55.0)",
        "fenwickAgainst": "47.2% (40.6) // 46.9% (38.4) // 45.6% (36.5) // 45.6% (37.1)",
        "shotsAgainst": "47.4% (28.5) // 46.5% (26.5) // 44.2% (24.3) // 45.6% (27.0)",
        "scoringAgainst": "46.6% (26.6) // 45.8% (24.4) // 44.4% (22.7) // 46.3% (24.4)",
        "oppCorsi": "48.1% (57.4) // 46.0% (52.0) // 46.4% (50.2) // 46.8% (50.7)",
        "oppFenwick": "48.1% (42.0) // 45.7% (37.7) // 45.4% (35.2) // 44.7% (35.0)",
        "oppShots": "48.8% (30.0) // 46.9% (27.2) // 47.8% (27.6) // 48.5% (27.7)",
        "oppScoring": "49.6% (28.9) // 44.9% (24.2) // 45.8% (23.8) // 45.9% (24.0)",
        "oppCorsiAgainst": "51.9% (62.0) // 54.0% (61.1) // 53.6% (58.0) // 53.2% (57.7)",
        "oppFenwickAgainst": "51.9% (45.3) // 54.3% (44.7) // 54.6% (42.4) // 55.3% (43.3)",
        "oppShotsAgainst": "51.2% (31.5) // 53.1% (30.7) // 52.2% (30.2) // 51.5% (29.3)",
        "oppScoringAgainst": "50.4% (29.4) // 55.1% (29.8) // 54.2% (28.2) // 54.1% (28.3)",
        "totalOver": 48,
        "totalOverLast5": 40,
        "totalOverLast15": 40,
        "lastTotalOver": 67,
        "last5": "12,28,18,10,28,22,24,41,19,25",
        "fd": "0",
        "dk": "-120/-110",
        "kambi": "0",
        "lowest": "-120 DK",
        "implied": 54.54545454545454,
        "overOdds": "-120",
        "underOdds": "-110",
        "overUnder": "-120 / -110"
    }
]