[
    {
        "player": "Connor Hellebuyck",
        "team": "WPG",
        "opponent": "MIN",
        "propType": "saves",
        "line": 25.5,
        "ppLine": "",
        "avg": 26.32,
        "hit": false,
        "diffAvg": 0.03,
        "diffAbs": 0.02,
        "lastAvg": 25.45,
        "diff": -0.0,
        "avgMin": 60,
        "proj": 25.9,
        "lastAvgMin": 59.02,
        "oppOver": 0,
        "teamOver": 48,
        "gameLine": "-148",
        "+/-": 0,
        "L5_+/-": 0,
        "prevMatchup": "",
        "winLossSplits": "62% - 22%",
        "awayHome": "H",
        "playedYesterday": "N",
        "awayHomeSplits": "50% - 46%",
        "savesAboveExp": 0.641,
        "gsaa": 10.7,
        "corsi": "50.9% (59.4) // 50.4% (63.0) // 55.8% (71.4) // 64.6% (79.0)",
        "fenwick": "51.2% (43.5) // 50.7% (46.7) // 57.2% (53.7) // 64.5% (57.8)",
        "shots": "52.2% (31.0) // 50.9% (31.4) // 59.0% (36.9) // 60.3% (36.6)",
        "scoring": "50.6% (27.9) // 51.5% (30.0) // 55.0% (32.6) // 63.2% (34.7)",
        "corsiAgainst": "49.1% (57.2) // 49.6% (61.9) // 44.2% (56.6) // 35.4% (43.4)",
        "fenwickAgainst": "48.8% (41.4) // 49.3% (45.4) // 42.8% (40.2) // 35.5% (31.8)",
        "shotsAgainst": "47.8% (28.4) // 49.1% (30.3) // 41.0% (25.7) // 39.7% (24.1)",
        "scoringAgainst": "49.4% (27.2) // 48.5% (28.2) // 45.0% (26.7) // 36.8% (20.2)",
        "oppCorsi": "50.8% (60.8) // 50.4% (58.9) // 52.1% (55.5) // 46.0% (52.0)",
        "oppFenwick": "50.8% (43.5) // 49.1% (41.6) // 53.6% (43.2) // 50.0% (44.0)",
        "oppShots": "50.0% (29.6) // 48.5% (27.5) // 55.1% (29.5) // 52.5% (31.0)",
        "oppScoring": "51.7% (30.1) // 51.6% (30.0) // 58.1% (29.2) // 44.1% (26.0)",
        "oppCorsiAgainst": "49.2% (58.9) // 49.6% (58.1) // 47.9% (50.9) // 54.0% (61.0)",
        "oppFenwickAgainst": "49.2% (42.2) // 50.9% (43.1) // 46.4% (37.3) // 50.0% (44.0)",
        "oppShotsAgainst": "50.0% (29.6) // 51.5% (29.2) // 44.9% (24.0) // 47.5% (28.0)",
        "oppScoringAgainst": "48.3% (28.1) // 48.4% (28.2) // 41.9% (21.1) // 55.9% (33.0)",
        "totalOver": 48,
        "totalOverLast5": 40,
        "totalOverLast15": 53,
        "lastTotalOver": 60,
        "last5": "23,24,23,30,32,25,32,20,36,19",
        "fd": "0",
        "dk": "-110/-120",
        "kambi": "0",
        "lowest": "-110 DK",
        "implied": 52.38095238095239,
        "overOdds": "-110",
        "underOdds": "-120",
        "overUnder": "-110 / -120"
    },
    {
        "player": "Filip Gustavsson",
        "team": "MIN",
        "opponent": "WPG",
        "propType": "saves",
        "line": 27.5,
        "ppLine": "",
        "avg": 26.43,
        "hit": false,
        "diffAvg": -0.04,
        "diffAbs": 0.12,
        "lastAvg": 24.82,
        "diff": -0.1,
        "avgMin": 58,
        "proj": 24.3,
        "lastAvgMin": 59.25,
        "oppOver": 0,
        "teamOver": 39,
        "gameLine": "+124",
        "+/-": 0,
        "L5_+/-": 0,
        "prevMatchup": "",
        "winLossSplits": "36% - 40%",
        "awayHome": "A",
        "playedYesterday": "N",
        "awayHomeSplits": "30% - 45%",
        "savesAboveExp": 0.594,
        "gsaa": 0.77,
        "corsi": "50.8% (60.8) // 50.4% (58.9) // 52.1% (55.5) // 46.0% (52.0)",
        "fenwick": "50.8% (43.5) // 49.1% (41.6) // 53.6% (43.2) // 50.0% (44.0)",
        "shots": "50.0% (29.6) // 48.5% (27.5) // 55.1% (29.5) // 52.5% (31.0)",
        "scoring": "51.7% (30.1) // 51.6% (30.0) // 58.1% (29.2) // 44.1% (26.0)",
        "corsiAgainst": "49.2% (58.9) // 49.6% (58.1) // 47.9% (50.9) // 54.0% (61.0)",
        "fenwickAgainst": "49.2% (42.2) // 50.9% (43.1) // 46.4% (37.3) // 50.0% (44.0)",
        "shotsAgainst": "50.0% (29.6) // 51.5% (29.2) // 44.9% (24.0) // 47.5% (28.0)",
        "scoringAgainst": "48.3% (28.1) // 48.4% (28.2) // 41.9% (21.1) // 55.9% (33.0)",
        "oppCorsi": "50.9% (59.4) // 50.4% (63.0) // 55.8% (71.4) // 64.6% (79.0)",
        "oppFenwick": "51.2% (43.5) // 50.7% (46.7) // 57.2% (53.7) // 64.5% (57.8)",
        "oppShots": "52.2% (31.0) // 50.9% (31.4) // 59.0% (36.9) // 60.3% (36.6)",
        "oppScoring": "50.6% (27.9) // 51.5% (30.0) // 55.0% (32.6) // 63.2% (34.7)",
        "oppCorsiAgainst": "49.1% (57.2) // 49.6% (61.9) // 44.2% (56.6) // 35.4% (43.4)",
        "oppFenwickAgainst": "48.8% (41.4) // 49.3% (45.4) // 42.8% (40.2) // 35.5% (31.8)",
        "oppShotsAgainst": "47.8% (28.4) // 49.1% (30.3) // 41.0% (25.7) // 39.7% (24.1)",
        "oppScoringAgainst": "49.4% (27.2) // 48.5% (28.2) // 45.0% (26.7) // 36.8% (20.2)",
        "totalOver": 38,
        "totalOverLast5": 40,
        "totalOverLast15": 27,
        "lastTotalOver": 42,
        "last5": "25,22,26,35,35,24,15,28,26,23",
        "fd": "0",
        "dk": "-110/-120",
        "kambi": "0",
        "lowest": "-110 DK",
        "implied": 52.38095238095239,
        "overOdds": "-110",
        "underOdds": "-120",
        "overUnder": "-110 / -120"
    },
    {
        "player": "Anthony Stolarz",
        "team": "FLA",
        "opponent": "MTL",
        "propType": "saves",
        "line": 24.5,
        "ppLine": "",
        "avg": 21.44,
        "hit": false,
        "diffAvg": -0.12,
        "diffAbs": 0.22,
        "lastAvg": 23.37,
        "diff": -0.05,
        "avgMin": 55,
        "proj": 29.8,
        "lastAvgMin": 43.15,
        "oppOver": 0,
        "teamOver": 51,
        "gameLine": "-258",
        "+/-": 0,
        "L5_+/-": 0,
        "prevMatchup": "2023-11-30 fla @ mtl 21.0 sv",
        "winLossSplits": "50% - 20%",
        "awayHome": "H",
        "playedYesterday": "Y",
        "awayHomeSplits": "29% - 50%",
        "savesAboveExp": -0.322,
        "gsaa": 2.64,
        "corsi": "57.0% (69.9) // 58.6% (71.1) // 59.7% (73.8) // 54.1% (69.5)",
        "fenwick": "55.8% (48.6) // 57.2% (50.6) // 57.0% (52.8) // 50.3% (46.5)",
        "shots": "55.5% (34.0) // 56.7% (34.4) // 56.1% (35.8) // 50.0% (31.5)",
        "scoring": "56.5% (32.3) // 56.9% (33.7) // 59.2% (34.5) // 52.8% (33.5)",
        "corsiAgainst": "43.0% (52.8) // 41.4% (50.2) // 40.3% (49.8) // 45.9% (59.0)",
        "fenwickAgainst": "44.2% (38.5) // 42.8% (37.9) // 43.0% (39.8) // 49.7% (46.0)",
        "shotsAgainst": "44.5% (27.2) // 43.3% (26.3) // 43.9% (28.0) // 50.0% (31.5)",
        "scoringAgainst": "43.5% (24.9) // 43.1% (25.5) // 40.8% (23.8) // 47.2% (30.0)",
        "oppCorsi": "46.9% (56.5) // 48.1% (57.9) // 47.8% (53.9) // 42.1% (53.0)",
        "oppFenwick": "47.2% (40.9) // 50.2% (43.6) // 50.4% (38.3) // 48.2% (40.0)",
        "oppShots": "46.4% (28.4) // 48.3% (29.7) // 49.3% (24.0) // 40.4% (21.0)",
        "oppScoring": "46.5% (28.2) // 48.1% (28.4) // 43.1% (22.4) // 41.1% (23.0)",
        "oppCorsiAgainst": "53.1% (64.1) // 51.9% (62.4) // 52.2% (58.7) // 57.9% (73.0)",
        "oppFenwickAgainst": "52.8% (45.8) // 49.8% (43.3) // 49.6% (37.6) // 51.8% (43.0)",
        "oppShotsAgainst": "53.6% (32.8) // 51.7% (31.7) // 50.7% (24.7) // 59.6% (31.0)",
        "oppScoringAgainst": "53.5% (32.5) // 51.9% (30.7) // 56.9% (29.5) // 58.9% (33.0)",
        "totalOver": 33,
        "totalOverLast5": 20,
        "totalOverLast15": 33,
        "lastTotalOver": 61,
        "last5": "22,1,17,23,31,34,19,19,27",
        "fd": "0",
        "dk": "-125/-105",
        "kambi": "0",
        "lowest": "-125 DK",
        "implied": 55.55555555555556,
        "overOdds": "-125",
        "underOdds": "-105",
        "overUnder": "-125 / -105"
    },
    {
        "player": "Jake Allen",
        "team": "MTL",
        "opponent": "FLA",
        "propType": "saves",
        "line": 30.5,
        "ppLine": "",
        "avg": 30.67,
        "hit": false,
        "diffAvg": 0.01,
        "diffAbs": 0.11,
        "lastAvg": 28.33,
        "diff": -0.07,
        "avgMin": 56,
        "proj": 27.2,
        "lastAvgMin": 58.33,
        "oppOver": 0,
        "teamOver": 38,
        "gameLine": "+210",
        "+/-": 0,
        "L5_+/-": 0,
        "prevMatchup": "2023-11-30 fla @ mtl 24.0 sv",
        "winLossSplits": "75% - 50%",
        "awayHome": "A",
        "playedYesterday": "N",
        "awayHomeSplits": "67% - 50%",
        "savesAboveExp": 0.116,
        "gsaa": 0.62,
        "corsi": "46.9% (56.5) // 48.1% (57.9) // 47.8% (53.9) // 42.1% (53.0)",
        "fenwick": "47.2% (40.9) // 50.2% (43.6) // 50.4% (38.3) // 48.2% (40.0)",
        "shots": "46.4% (28.4) // 48.3% (29.7) // 49.3% (24.0) // 40.4% (21.0)",
        "scoring": "46.5% (28.2) // 48.1% (28.4) // 43.1% (22.4) // 41.1% (23.0)",
        "corsiAgainst": "53.1% (64.1) // 51.9% (62.4) // 52.2% (58.7) // 57.9% (73.0)",
        "fenwickAgainst": "52.8% (45.8) // 49.8% (43.3) // 49.6% (37.6) // 51.8% (43.0)",
        "shotsAgainst": "53.6% (32.8) // 51.7% (31.7) // 50.7% (24.7) // 59.6% (31.0)",
        "scoringAgainst": "53.5% (32.5) // 51.9% (30.7) // 56.9% (29.5) // 58.9% (33.0)",
        "oppCorsi": "57.0% (69.9) // 58.6% (71.1) // 59.7% (73.8) // 54.1% (69.5)",
        "oppFenwick": "55.8% (48.6) // 57.2% (50.6) // 57.0% (52.8) // 50.3% (46.5)",
        "oppShots": "55.5% (34.0) // 56.7% (34.4) // 56.1% (35.8) // 50.0% (31.5)",
        "oppScoring": "56.5% (32.3) // 56.9% (33.7) // 59.2% (34.5) // 52.8% (33.5)",
        "oppCorsiAgainst": "43.0% (52.8) // 41.4% (50.2) // 40.3% (49.8) // 45.9% (59.0)",
        "oppFenwickAgainst": "44.2% (38.5) // 42.8% (37.9) // 43.0% (39.8) // 49.7% (46.0)",
        "oppShotsAgainst": "44.5% (27.2) // 43.3% (26.3) // 43.9% (28.0) // 50.0% (31.5)",
        "oppScoringAgainst": "43.5% (24.9) // 43.1% (25.5) // 40.8% (23.8) // 47.2% (30.0)",
        "totalOver": 58,
        "totalOverLast5": 20,
        "totalOverLast15": 58,
        "lastTotalOver": 31,
        "last5": "30,30,28,26,39,32,5,32,42,36",
        "fd": "0",
        "dk": "-120/-110",
        "kambi": "0",
        "lowest": "-120 DK",
        "implied": 54.54545454545454,
        "overOdds": "-120",
        "underOdds": "-110",
        "overUnder": "-120 / -110"
    },
    {
        "player": "Tristan Jarry",
        "team": "PIT",
        "opponent": "STL",
        "propType": "saves",
        "line": 26.5,
        "ppLine": "",
        "avg": 25.09,
        "hit": false,
        "diffAvg": -0.05,
        "diffAbs": 0.01,
        "lastAvg": 27.36,
        "diff": 0.03,
        "avgMin": 55,
        "proj": 26.7,
        "lastAvgMin": 56.38,
        "oppOver": 0,
        "teamOver": 58,
        "gameLine": "-205",
        "+/-": 0,
        "L5_+/-": 0,
        "prevMatchup": "2023-10-21 pit @ stl 17.0 sv",
        "winLossSplits": "50% - 38%",
        "awayHome": "H",
        "playedYesterday": "N",
        "awayHomeSplits": "31% - 60%",
        "savesAboveExp": 0.033,
        "gsaa": 8.14,
        "corsi": "52.2% (64.8) // 52.3% (61.6) // 55.1% (64.5) // 58.6% (68.0)",
        "fenwick": "51.1% (46.4) // 51.5% (43.0) // 54.2% (41.3) // 58.0% (47.0)",
        "shots": "52.0% (32.3) // 53.0% (30.0) // 55.8% (29.3) // 59.3% (32.0)",
        "scoring": "52.4% (31.8) // 53.0% (31.6) // 58.2% (33.2) // 62.3% (43.0)",
        "corsiAgainst": "47.8% (59.4) // 47.7% (56.1) // 44.9% (52.5) // 41.4% (48.0)",
        "fenwickAgainst": "48.9% (44.4) // 48.5% (40.5) // 45.8% (34.8) // 42.0% (34.0)",
        "shotsAgainst": "48.0% (29.8) // 47.0% (26.6) // 44.2% (23.2) // 40.7% (22.0)",
        "scoringAgainst": "47.6% (29.0) // 47.0% (28.0) // 41.8% (23.8) // 37.7% (26.0)",
        "oppCorsi": "48.1% (57.2) // 51.9% (61.6) // 47.6% (54.5) // 49.4% (57.0)",
        "oppFenwick": "48.1% (42.8) // 52.8% (47.8) // 49.9% (44.2) // 51.1% (44.5)",
        "oppShots": "48.9% (30.4) // 53.8% (33.7) // 50.8% (31.3) // 48.4% (29.5)",
        "oppScoring": "49.1% (28.6) // 52.2% (29.7) // 48.1% (24.8) // 51.0% (26.0)",
        "oppCorsiAgainst": "51.9% (61.6) // 48.1% (57.0) // 52.4% (60.0) // 50.6% (58.5)",
        "oppFenwickAgainst": "51.9% (46.2) // 47.2% (42.7) // 50.1% (44.5) // 48.9% (42.5)",
        "oppShotsAgainst": "51.1% (31.8) // 46.2% (28.9) // 49.2% (30.2) // 51.6% (31.5)",
        "oppScoringAgainst": "50.9% (29.6) // 47.8% (27.2) // 51.9% (26.8) // 49.0% (25.0)",
        "totalOver": 43,
        "totalOverLast5": 20,
        "totalOverLast15": 53,
        "lastTotalOver": 50,
        "last5": "22,10,19,30,24,31,39,22,31,35",
        "fd": "0",
        "dk": "-105/-125",
        "kambi": "0",
        "lowest": "-105 DK",
        "implied": 51.21951219512195,
        "overOdds": "-105",
        "underOdds": "-125",
        "overUnder": "-105 / -125"
    },
    {
        "player": "Andrei Vasilevskiy",
        "team": "TB",
        "opponent": "NYR",
        "propType": "saves",
        "line": 26.5,
        "ppLine": "",
        "avg": 26.57,
        "hit": false,
        "diffAvg": 0.0,
        "diffAbs": 0.08,
        "lastAvg": 25.24,
        "diff": -0.05,
        "avgMin": 58,
        "proj": 24.4,
        "lastAvgMin": 59.93,
        "oppOver": 0,
        "teamOver": 44,
        "gameLine": "-115",
        "+/-": 0,
        "L5_+/-": 0,
        "prevMatchup": "",
        "winLossSplits": "50% - 17%",
        "awayHome": "H",
        "playedYesterday": "N",
        "awayHomeSplits": "25% - 50%",
        "savesAboveExp": 0.522,
        "gsaa": 1.91,
        "corsi": "50.6% (60.8) // 48.4% (59.2) // 50.4% (62.9) // 47.2% (59.0)",
        "fenwick": "50.6% (43.7) // 49.6% (42.3) // 51.7% (45.4) // 51.1% (46.0)",
        "shots": "49.3% (30.0) // 48.1% (29.0) // 46.2% (27.6) // 48.3% (29.0)",
        "scoring": "51.4% (30.3) // 47.4% (28.0) // 51.9% (30.8) // 50.0% (30.0)",
        "corsiAgainst": "49.4% (59.3) // 51.6% (63.1) // 49.6% (61.9) // 52.8% (66.0)",
        "fenwickAgainst": "49.4% (42.6) // 50.4% (42.9) // 48.3% (42.5) // 48.9% (44.0)",
        "shotsAgainst": "50.7% (30.8) // 51.9% (31.3) // 53.8% (32.1) // 51.7% (31.0)",
        "scoringAgainst": "48.6% (28.7) // 52.6% (31.1) // 48.1% (28.5) // 50.0% (30.0)",
        "oppCorsi": "49.7% (60.2) // 52.9% (62.9) // 50.9% (63.1) // 45.8% (54.5)",
        "oppFenwick": "50.5% (44.6) // 52.3% (46.0) // 50.7% (45.5) // 50.0% (45.0)",
        "oppShots": "51.1% (30.7) // 53.5% (32.8) // 53.0% (32.7) // 52.4% (32.5)",
        "oppScoring": "50.9% (29.5) // 54.4% (31.5) // 53.5% (31.9) // 50.0% (29.5)",
        "oppCorsiAgainst": "50.3% (61.0) // 47.1% (56.1) // 49.1% (60.9) // 54.2% (64.5)",
        "oppFenwickAgainst": "49.5% (43.8) // 47.7% (41.9) // 49.3% (44.3) // 50.0% (45.0)",
        "oppShotsAgainst": "48.9% (29.4) // 46.5% (28.5) // 47.0% (29.0) // 47.6% (29.5)",
        "oppScoringAgainst": "49.1% (28.5) // 45.6% (26.4) // 46.5% (27.7) // 50.0% (29.5)",
        "totalOver": 36,
        "totalOverLast5": 80,
        "totalOverLast15": 36,
        "lastTotalOver": 51,
        "last5": "28,33,30,28,22,53,18,26,24,25",
        "fd": "0",
        "dk": "-125/-105",
        "kambi": "0",
        "lowest": "-125 DK",
        "implied": 55.55555555555556,
        "overOdds": "-125",
        "underOdds": "-105",
        "overUnder": "-125 / -105"
    },
    {
        "player": "Pyotr Kochetkov",
        "team": "CAR",
        "opponent": "TOR",
        "propType": "saves",
        "line": 26.5,
        "ppLine": "",
        "avg": 21.47,
        "hit": false,
        "diffAvg": -0.19,
        "diffAbs": 0.2,
        "lastAvg": 22.8,
        "diff": -0.14,
        "avgMin": 54,
        "proj": 21.1,
        "lastAvgMin": 58.48,
        "oppOver": 0,
        "teamOver": 22,
        "gameLine": "-125",
        "+/-": 0,
        "L5_+/-": 0,
        "prevMatchup": "",
        "winLossSplits": "44% - 0%",
        "awayHome": "A",
        "playedYesterday": "N",
        "awayHomeSplits": "27% - 12%",
        "savesAboveExp": 0.627,
        "gsaa": -1.9,
        "corsi": "60.0% (71.2) // 57.8% (66.8) // 57.4% (67.6) // 54.5% (63.5)",
        "fenwick": "58.2% (49.7) // 55.9% (46.3) // 53.2% (42.4) // 48.8% (39.5)",
        "shots": "56.5% (33.2) // 52.8% (30.5) // 52.0% (29.4) // 49.1% (28.0)",
        "scoring": "57.5% (31.2) // 57.6% (31.6) // 58.1% (32.3) // 56.8% (33.5)",
        "corsiAgainst": "40.0% (47.5) // 42.2% (48.7) // 42.6% (50.2) // 45.5% (53.0)",
        "fenwickAgainst": "41.8% (35.7) // 44.1% (36.6) // 46.8% (37.2) // 51.2% (41.5)",
        "shotsAgainst": "43.5% (25.5) // 47.2% (27.2) // 48.0% (27.2) // 50.9% (29.0)",
        "scoringAgainst": "42.5% (23.1) // 42.4% (23.3) // 41.9% (23.3) // 43.2% (25.5)",
        "oppCorsi": "50.4% (63.1) // 53.0% (67.3) // 53.0% (65.5) // 57.6% (72.2)",
        "oppFenwick": "50.4% (45.3) // 52.7% (48.5) // 52.9% (47.2) // 57.9% (53.7)",
        "oppShots": "50.5% (31.9) // 53.8% (34.5) // 52.7% (31.1) // 57.5% (33.7)",
        "oppScoring": "52.3% (33.0) // 54.9% (36.3) // 53.1% (31.6) // 58.3% (34.2)",
        "oppCorsiAgainst": "49.6% (62.0) // 47.0% (59.6) // 47.0% (58.0) // 42.4% (53.2)",
        "oppFenwickAgainst": "49.6% (44.6) // 47.3% (43.6) // 47.1% (42.0) // 42.1% (39.0)",
        "oppShotsAgainst": "49.5% (31.2) // 46.2% (29.6) // 47.3% (27.9) // 42.5% (24.9)",
        "oppScoringAgainst": "47.7% (30.1) // 45.1% (29.7) // 46.9% (27.9) // 41.7% (24.4)",
        "totalOver": 21,
        "totalOverLast5": 40,
        "totalOverLast15": 27,
        "lastTotalOver": 0,
        "last5": "35,23,24,30,20,25,31,24,3,20",
        "fd": "0",
        "dk": "-120/-110",
        "kambi": "0",
        "lowest": "-120 DK",
        "implied": 54.54545454545454,
        "overOdds": "-120",
        "underOdds": "-110",
        "overUnder": "-120 / -110"
    }
]