[
    {
        "player": "Linus Ullmark",
        "team": "BOS",
        "opponent": "NJ",
        "propType": "saves",
        "line": 28.5,
        "ppLine": "",
        "avg": 29.67,
        "hit": false,
        "diffAvg": 0.04,
        "diffAbs": 0.16,
        "lastAvg": 23.96,
        "diff": -0.16,
        "avgMin": 59,
        "proj": 24.0,
        "lastAvgMin": 58.82,
        "oppOver": 0,
        "teamOver": 56,
        "gameLine": "-162",
        "+/-": 0,
        "L5_+/-": 0,
        "prevMatchup": "2023-12-13 bos @ nj 33.0 sv 2023-12-30 nj @ bos 31.0 sv",
        "winLossSplits": "64% - 57%",
        "awayHome": "H",
        "playedYesterday": "Y",
        "awayHomeSplits": "70% - 50%",
        "savesAboveExp": 0.892,
        "gsaa": 6.56,
        "corsi": "48.4% (58.4) // 47.4% (55.7) // 44.4% (50.8) // 45.5% (50.0)",
        "fenwick": "48.5% (42.9) // 47.0% (41.0) // 44.8% (37.5) // 46.9% (38.0)",
        "shots": "48.9% (30.4) // 46.2% (28.0) // 44.4% (25.5) // 48.7% (28.0)",
        "scoring": "50.2% (29.7) // 46.4% (26.8) // 44.5% (23.2) // 53.1% (26.0)",
        "corsiAgainst": "51.6% (62.4) // 52.6% (61.9) // 55.6% (63.5) // 54.5% (60.0)",
        "fenwickAgainst": "51.5% (45.6) // 53.0% (46.2) // 55.2% (46.2) // 53.1% (43.0)",
        "shotsAgainst": "51.1% (31.8) // 53.8% (32.6) // 55.6% (32.0) // 51.3% (29.5)",
        "scoringAgainst": "49.8% (29.5) // 53.6% (31.0) // 55.5% (29.0) // 46.9% (23.0)",
        "oppCorsi": "54.4% (64.2) // 52.9% (61.5) // 51.2% (60.6) // 52.2% (62.2)",
        "oppFenwick": "52.5% (44.7) // 51.4% (42.5) // 51.4% (43.3) // 52.0% (42.8)",
        "oppShots": "52.2% (31.5) // 52.0% (30.2) // 51.8% (31.8) // 53.0% (32.3)",
        "oppScoring": "55.0% (31.4) // 53.7% (29.8) // 50.4% (26.8) // 53.0% (29.3)",
        "oppCorsiAgainst": "45.6% (53.8) // 47.1% (54.7) // 48.8% (57.8) // 47.8% (57.0)",
        "oppFenwickAgainst": "47.5% (40.5) // 48.6% (40.2) // 48.6% (40.9) // 48.0% (39.5)",
        "oppShotsAgainst": "47.8% (28.9) // 48.0% (27.9) // 48.2% (29.6) // 47.0% (28.6)",
        "oppScoringAgainst": "45.0% (25.7) // 46.3% (25.6) // 49.6% (26.4) // 47.0% (26.0)",
        "totalOver": 61,
        "totalOverLast5": 80,
        "totalOverLast15": 67,
        "lastTotalOver": 48,
        "last5": "31,33,26,33,31,32,37,18,33,27",
        "fd": "0",
        "dk": "-110/-120",
        "kambi": "0",
        "lowest": "-110 DK",
        "implied": 52.38095238095239,
        "overOdds": "-110",
        "underOdds": "-120",
        "overUnder": "-110 / -120"
    },
    {
        "player": "Anthony Stolarz",
        "team": "FLA",
        "opponent": "MTL",
        "propType": "saves",
        "line": 24.5,
        "ppLine": "",
        "avg": 21.1,
        "hit": false,
        "diffAvg": -0.14,
        "diffAbs": 0.22,
        "lastAvg": 23.37,
        "diff": -0.05,
        "avgMin": 55,
        "proj": 29.8,
        "lastAvgMin": 43.15,
        "oppOver": 0,
        "teamOver": 50,
        "gameLine": "-258",
        "+/-": 0,
        "L5_+/-": 0,
        "prevMatchup": "2023-11-30 fla @ mtl 21.0 sv 2023-12-30 mtl @ fla 18.0 sv",
        "winLossSplits": "40% - 20%",
        "awayHome": "H",
        "playedYesterday": "Y",
        "awayHomeSplits": "29% - 33%",
        "savesAboveExp": -0.322,
        "gsaa": 3.45,
        "corsi": "56.9% (69.6) // 58.4% (69.8) // 59.0% (70.8) // 54.5% (66.0)",
        "fenwick": "55.8% (48.4) // 56.8% (49.4) // 56.5% (50.2) // 51.4% (44.3)",
        "shots": "55.6% (33.8) // 56.9% (33.7) // 56.3% (33.8) // 52.0% (29.7)",
        "scoring": "56.7% (32.1) // 57.8% (32.7) // 60.5% (32.4) // 56.2% (30.3)",
        "corsiAgainst": "43.1% (52.6) // 41.6% (49.7) // 41.0% (49.2) // 45.5% (55.0)",
        "fenwickAgainst": "44.2% (38.3) // 43.2% (37.6) // 43.5% (38.6) // 48.6% (42.0)",
        "shotsAgainst": "44.4% (27.0) // 43.1% (25.5) // 43.7% (26.2) // 48.0% (27.3)",
        "scoringAgainst": "43.3% (24.5) // 42.2% (23.9) // 39.5% (21.2) // 43.8% (23.7)",
        "oppCorsi": "46.8% (56.3) // 48.5% (57.9) // 47.0% (52.2) // 43.1% (50.0)",
        "oppFenwick": "47.2% (40.7) // 50.1% (43.1) // 49.4% (37.2) // 47.1% (37.0)",
        "oppShots": "46.3% (28.1) // 48.0% (28.6) // 47.7% (22.8) // 41.2% (20.0)",
        "oppScoring": "46.2% (27.8) // 47.5% (27.3) // 41.0% (19.6) // 37.4% (17.0)",
        "oppCorsiAgainst": "53.2% (64.0) // 51.5% (61.5) // 53.0% (58.8) // 56.9% (66.0)",
        "oppFenwickAgainst": "52.8% (45.6) // 49.9% (43.0) // 50.6% (38.2) // 52.9% (41.5)",
        "oppShotsAgainst": "53.7% (32.6) // 52.0% (31.1) // 52.3% (25.0) // 58.8% (28.5)",
        "oppScoringAgainst": "53.8% (32.3) // 52.5% (30.2) // 59.0% (28.2) // 62.6% (28.5)",
        "totalOver": 30,
        "totalOverLast5": 0,
        "totalOverLast15": 30,
        "lastTotalOver": 61,
        "last5": "18,22,1,17,23,31,34,19,19,27",
        "fd": "-124/-102",
        "dk": "-125/-105",
        "kambi": "0",
        "lowest": "-124 FD",
        "implied": 55.35714285714286,
        "overOdds": "-125",
        "underOdds": "-105",
        "overUnder": "-125 / -105"
    },
    {
        "player": "Jake Allen",
        "team": "MTL",
        "opponent": "FLA",
        "propType": "saves",
        "line": 30.5,
        "ppLine": "",
        "avg": 30.0,
        "hit": false,
        "diffAvg": -0.02,
        "diffAbs": 0.11,
        "lastAvg": 28.33,
        "diff": -0.07,
        "avgMin": 56,
        "proj": 27.2,
        "lastAvgMin": 58.33,
        "oppOver": 0,
        "teamOver": 37,
        "gameLine": "+210",
        "+/-": 0,
        "L5_+/-": 0,
        "prevMatchup": "2023-11-30 fla @ mtl 24.0 sv 2023-12-30 mtl @ fla 22.0 sv",
        "winLossSplits": "75% - 44%",
        "awayHome": "A",
        "playedYesterday": "Y",
        "awayHomeSplits": "57% - 50%",
        "savesAboveExp": 0.116,
        "gsaa": -0.02,
        "corsi": "46.8% (56.3) // 48.5% (57.9) // 47.0% (52.2) // 43.1% (50.0)",
        "fenwick": "47.2% (40.7) // 50.1% (43.1) // 49.4% (37.2) // 47.1% (37.0)",
        "shots": "46.3% (28.1) // 48.0% (28.6) // 47.7% (22.8) // 41.2% (20.0)",
        "scoring": "46.2% (27.8) // 47.5% (27.3) // 41.0% (19.6) // 37.4% (17.0)",
        "corsiAgainst": "53.2% (64.0) // 51.5% (61.5) // 53.0% (58.8) // 56.9% (66.0)",
        "fenwickAgainst": "52.8% (45.6) // 49.9% (43.0) // 50.6% (38.2) // 52.9% (41.5)",
        "shotsAgainst": "53.7% (32.6) // 52.0% (31.1) // 52.3% (25.0) // 58.8% (28.5)",
        "scoringAgainst": "53.8% (32.3) // 52.5% (30.2) // 59.0% (28.2) // 62.6% (28.5)",
        "oppCorsi": "56.9% (69.6) // 58.4% (69.8) // 59.0% (70.8) // 54.5% (66.0)",
        "oppFenwick": "55.8% (48.4) // 56.8% (49.4) // 56.5% (50.2) // 51.4% (44.3)",
        "oppShots": "55.6% (33.8) // 56.9% (33.7) // 56.3% (33.8) // 52.0% (29.7)",
        "oppScoring": "56.7% (32.1) // 57.8% (32.7) // 60.5% (32.4) // 56.2% (30.3)",
        "oppCorsiAgainst": "43.1% (52.6) // 41.6% (49.7) // 41.0% (49.2) // 45.5% (55.0)",
        "oppFenwickAgainst": "44.2% (38.3) // 43.2% (37.6) // 43.5% (38.6) // 48.6% (42.0)",
        "oppShotsAgainst": "44.4% (27.0) // 43.1% (25.5) // 43.7% (26.2) // 48.0% (27.3)",
        "oppScoringAgainst": "43.3% (24.5) // 42.2% (23.9) // 39.5% (21.2) // 43.8% (23.7)",
        "totalOver": 54,
        "totalOverLast5": 0,
        "totalOverLast15": 54,
        "lastTotalOver": 31,
        "last5": "22,30,30,28,26,39,32,5,32,42",
        "fd": "-118/-108",
        "dk": "-120/-110",
        "kambi": "0",
        "lowest": "-118 FD",
        "implied": 54.12844036697248,
        "overOdds": "-120",
        "underOdds": "-110",
        "overUnder": "-120 / -110"
    },
    {
        "player": "Andrei Vasilevskiy",
        "team": "TB",
        "opponent": "NYR",
        "propType": "saves",
        "line": 27.5,
        "ppLine": "",
        "avg": 25.87,
        "hit": false,
        "diffAvg": -0.06,
        "diffAbs": 0.11,
        "lastAvg": 25.24,
        "diff": -0.08,
        "avgMin": 58,
        "proj": 24.4,
        "lastAvgMin": 59.93,
        "oppOver": 0,
        "teamOver": 41,
        "gameLine": "-115",
        "+/-": 0,
        "L5_+/-": 0,
        "prevMatchup": "2023-12-30 nyr @ tb 16.0 sv",
        "winLossSplits": "50% - 14%",
        "awayHome": "H",
        "playedYesterday": "Y",
        "awayHomeSplits": "25% - 43%",
        "savesAboveExp": 0.522,
        "gsaa": -1.12,
        "corsi": "51.1% (61.3) // 50.6% (61.7) // 54.2% (66.6) // 56.6% (68.5)",
        "fenwick": "51.0% (44.0) // 50.7% (43.3) // 54.4% (47.3) // 56.9% (49.5)",
        "shots": "49.7% (30.2) // 49.1% (29.8) // 50.0% (29.4) // 55.2% (32.0)",
        "scoring": "51.7% (30.4) // 48.7% (28.0) // 54.3% (31.1) // 55.9% (31.0)",
        "corsiAgainst": "48.9% (58.8) // 49.4% (60.2) // 45.8% (56.3) // 43.4% (52.5)",
        "fenwickAgainst": "49.0% (42.3) // 49.3% (42.1) // 45.6% (39.7) // 43.1% (37.5)",
        "shotsAgainst": "50.3% (30.6) // 50.9% (30.9) // 50.0% (29.4) // 44.8% (26.0)",
        "scoringAgainst": "48.3% (28.4) // 51.3% (29.5) // 45.7% (26.2) // 44.1% (24.5)",
        "oppCorsi": "49.2% (59.6) // 51.0% (61.0) // 47.6% (58.3) // 41.7% (49.3)",
        "oppFenwick": "50.1% (44.2) // 50.7% (44.5) // 48.1% (42.6) // 45.8% (40.3)",
        "oppShots": "50.7% (30.4) // 52.2% (31.8) // 50.2% (30.4) // 47.8% (28.7)",
        "oppScoring": "50.5% (29.2) // 53.5% (31.0) // 50.7% (29.4) // 46.1% (26.0)",
        "oppCorsiAgainst": "50.8% (61.5) // 49.0% (58.8) // 52.4% (64.3) // 58.3% (69.0)",
        "oppFenwickAgainst": "49.9% (44.0) // 49.3% (43.2) // 51.9% (46.0) // 54.2% (47.7)",
        "oppShotsAgainst": "49.3% (29.6) // 47.8% (29.1) // 49.8% (30.2) // 52.2% (31.3)",
        "oppScoringAgainst": "49.5% (28.6) // 46.5% (26.9) // 49.3% (28.6) // 53.9% (30.3)",
        "totalOver": 33,
        "totalOverLast5": 80,
        "totalOverLast15": 33,
        "lastTotalOver": 44,
        "last5": "16,28,33,30,28,22,53,18,26,24",
        "fd": "-106/-120",
        "dk": "-105/-125",
        "kambi": "0",
        "lowest": "-105 DK",
        "implied": 51.21951219512195,
        "overOdds": "-105",
        "underOdds": "-125",
        "overUnder": "-105 / -125"
    },
    {
        "player": "Igor Shesterkin",
        "team": "NYR",
        "opponent": "TB",
        "propType": "saves",
        "line": 27.5,
        "ppLine": "",
        "avg": 27.14,
        "hit": false,
        "diffAvg": -0.01,
        "diffAbs": 0.16,
        "lastAvg": 23.86,
        "diff": -0.13,
        "avgMin": 58,
        "proj": 23.0,
        "lastAvgMin": 60.15,
        "oppOver": 0,
        "teamOver": 40,
        "gameLine": "-105",
        "+/-": 0,
        "L5_+/-": 0,
        "prevMatchup": "2023-12-30 nyr @ tb 34.0 sv",
        "winLossSplits": "40% - 43%",
        "awayHome": "A",
        "playedYesterday": "Y",
        "awayHomeSplits": "57% - 12%",
        "savesAboveExp": 0.388,
        "gsaa": 5.65,
        "corsi": "49.2% (59.6) // 51.0% (61.0) // 47.6% (58.3) // 41.7% (49.3)",
        "fenwick": "50.1% (44.2) // 50.7% (44.5) // 48.1% (42.6) // 45.8% (40.3)",
        "shots": "50.7% (30.4) // 52.2% (31.8) // 50.2% (30.4) // 47.8% (28.7)",
        "scoring": "50.5% (29.2) // 53.5% (31.0) // 50.7% (29.4) // 46.1% (26.0)",
        "corsiAgainst": "50.8% (61.5) // 49.0% (58.8) // 52.4% (64.3) // 58.3% (69.0)",
        "fenwickAgainst": "49.9% (44.0) // 49.3% (43.2) // 51.9% (46.0) // 54.2% (47.7)",
        "shotsAgainst": "49.3% (29.6) // 47.8% (29.1) // 49.8% (30.2) // 52.2% (31.3)",
        "scoringAgainst": "49.5% (28.6) // 46.5% (26.9) // 49.3% (28.6) // 53.9% (30.3)",
        "oppCorsi": "51.1% (61.3) // 50.6% (61.7) // 54.2% (66.6) // 56.6% (68.5)",
        "oppFenwick": "51.0% (44.0) // 50.7% (43.3) // 54.4% (47.3) // 56.9% (49.5)",
        "oppShots": "49.7% (30.2) // 49.1% (29.8) // 50.0% (29.4) // 55.2% (32.0)",
        "oppScoring": "51.7% (30.4) // 48.7% (28.0) // 54.3% (31.1) // 55.9% (31.0)",
        "oppCorsiAgainst": "48.9% (58.8) // 49.4% (60.2) // 45.8% (56.3) // 43.4% (52.5)",
        "oppFenwickAgainst": "49.0% (42.3) // 49.3% (42.1) // 45.6% (39.7) // 43.1% (37.5)",
        "oppShotsAgainst": "50.3% (30.6) // 50.9% (30.9) // 50.0% (29.4) // 44.8% (26.0)",
        "oppScoringAgainst": "48.3% (28.4) // 51.3% (29.5) // 45.7% (26.2) // 44.1% (24.5)",
        "totalOver": 41,
        "totalOverLast5": 40,
        "totalOverLast15": 53,
        "lastTotalOver": 43,
        "last5": "34,26,27,31,21,23,25,30,38,25",
        "fd": "0",
        "dk": "+100/-130",
        "kambi": "0",
        "lowest": "100 DK",
        "implied": 50.0,
        "overOdds": "+100",
        "underOdds": "-130",
        "overUnder": "+100 / -130"
    },
    {
        "player": "Tristan Jarry",
        "team": "PIT",
        "opponent": "STL",
        "propType": "saves",
        "line": 26.5,
        "ppLine": "",
        "avg": 25.08,
        "hit": false,
        "diffAvg": -0.05,
        "diffAbs": 0.01,
        "lastAvg": 27.36,
        "diff": 0.03,
        "avgMin": 55,
        "proj": 26.7,
        "lastAvgMin": 56.38,
        "oppOver": 0,
        "teamOver": 56,
        "gameLine": "-205",
        "+/-": 0,
        "L5_+/-": 0,
        "prevMatchup": "2023-10-21 pit @ stl 17.0 sv 2023-12-30 stl @ pit 25.0 sv",
        "winLossSplits": "45% - 38%",
        "awayHome": "H",
        "playedYesterday": "Y",
        "awayHomeSplits": "31% - 55%",
        "savesAboveExp": 0.033,
        "gsaa": 8.65,
        "corsi": "52.1% (64.7) // 52.4% (62.1) // 53.8% (64.1) // 54.1% (65.5)",
        "fenwick": "51.1% (46.3) // 51.7% (42.8) // 53.1% (41.4) // 53.9% (44.5)",
        "shots": "52.0% (32.2) // 53.4% (30.0) // 55.0% (29.5) // 55.9% (31.0)",
        "scoring": "52.4% (31.7) // 52.7% (31.2) // 56.6% (32.2) // 57.6% (36.0)",
        "corsiAgainst": "47.9% (59.5) // 47.6% (56.4) // 46.2% (55.1) // 45.9% (55.5)",
        "fenwickAgainst": "48.9% (44.3) // 48.3% (40.1) // 46.9% (36.6) // 46.1% (38.0)",
        "shotsAgainst": "48.0% (29.7) // 46.6% (26.2) // 45.0% (24.1) // 44.1% (24.5)",
        "scoringAgainst": "47.6% (28.9) // 47.3% (28.0) // 43.4% (24.6) // 42.4% (26.5)",
        "oppCorsi": "48.2% (57.3) // 50.5% (60.2) // 48.1% (56.2) // 49.6% (59.0)",
        "oppFenwick": "48.2% (42.8) // 51.5% (46.1) // 49.9% (43.8) // 50.8% (43.7)",
        "oppShots": "48.9% (30.3) // 51.9% (32.1) // 50.2% (30.4) // 48.0% (28.7)",
        "oppScoring": "49.1% (28.6) // 50.8% (28.9) // 48.1% (25.2) // 50.0% (26.3)",
        "oppCorsiAgainst": "51.8% (61.7) // 49.5% (58.9) // 51.9% (60.6) // 50.4% (60.0)",
        "oppFenwickAgainst": "51.8% (46.0) // 48.5% (43.5) // 50.1% (44.0) // 49.2% (42.3)",
        "oppShotsAgainst": "51.1% (31.8) // 48.1% (29.7) // 49.8% (30.2) // 52.0% (31.0)",
        "oppScoringAgainst": "50.9% (29.6) // 49.2% (28.0) // 51.9% (27.2) // 50.0% (26.3)",
        "totalOver": 42,
        "totalOverLast5": 20,
        "totalOverLast15": 47,
        "lastTotalOver": 50,
        "last5": "25,22,10,19,30,24,31,39,22,31",
        "fd": "-108/-118",
        "dk": "-105/-125",
        "kambi": "0",
        "lowest": "-105 DK",
        "implied": 51.21951219512195,
        "overOdds": "-105",
        "underOdds": "-125",
        "overUnder": "-105 / -125"
    },
    {
        "player": "Pyotr Kochetkov",
        "team": "CAR",
        "opponent": "TOR",
        "propType": "saves",
        "line": 26.5,
        "ppLine": "",
        "avg": 21.65,
        "hit": false,
        "diffAvg": -0.18,
        "diffAbs": 0.19,
        "lastAvg": 22.8,
        "diff": -0.14,
        "avgMin": 55,
        "proj": 21.4,
        "lastAvgMin": 58.48,
        "oppOver": 0,
        "teamOver": 22,
        "gameLine": "-125",
        "+/-": 0,
        "L5_+/-": 0,
        "prevMatchup": "2023-12-30 car @ tor 25.0 sv",
        "winLossSplits": "40% - 0%",
        "awayHome": "A",
        "playedYesterday": "Y",
        "awayHomeSplits": "25% - 12%",
        "savesAboveExp": 0.627,
        "gsaa": -1.35,
        "corsi": "59.8% (70.7) // 56.7% (65.8) // 56.1% (64.5) // 53.1% (59.7)",
        "fenwick": "58.1% (49.5) // 55.4% (46.1) // 53.1% (41.9) // 50.0% (39.7)",
        "shots": "56.4% (33.0) // 52.9% (30.9) // 51.8% (29.1) // 49.7% (28.0)",
        "scoring": "57.2% (31.0) // 56.6% (31.1) // 56.0% (30.5) // 53.6% (30.0)",
        "corsiAgainst": "40.2% (47.6) // 43.3% (50.3) // 43.9% (50.6) // 46.9% (52.7)",
        "fenwickAgainst": "41.9% (35.7) // 44.6% (37.1) // 46.9% (37.0) // 50.0% (39.7)",
        "shotsAgainst": "43.6% (25.5) // 47.1% (27.5) // 48.2% (27.1) // 50.3% (28.3)",
        "scoringAgainst": "42.8% (23.2) // 43.4% (23.8) // 44.0% (24.0) // 46.4% (26.0)",
        "oppCorsi": "50.4% (62.7) // 52.4% (66.1) // 52.5% (62.8) // 55.4% (65.6)",
        "oppFenwick": "50.3% (45.0) // 51.5% (47.5) // 52.0% (45.0) // 54.9% (47.9)",
        "oppShots": "50.5% (31.8) // 52.2% (33.5) // 52.0% (30.3) // 54.9% (31.5)",
        "oppScoring": "52.3% (32.8) // 53.7% (34.8) // 53.3% (30.7) // 57.1% (31.8)",
        "oppCorsiAgainst": "49.6% (61.7) // 47.6% (60.2) // 47.5% (56.8) // 44.6% (52.8)",
        "oppFenwickAgainst": "49.7% (44.4) // 48.5% (44.7) // 48.0% (41.6) // 45.1% (39.4)",
        "oppShotsAgainst": "49.5% (31.2) // 47.8% (30.6) // 48.0% (27.9) // 45.1% (25.9)",
        "oppScoringAgainst": "47.7% (29.9) // 46.3% (30.0) // 46.7% (26.9) // 42.9% (23.9)",
        "totalOver": 20,
        "totalOverLast5": 40,
        "totalOverLast15": 27,
        "lastTotalOver": 0,
        "last5": "25,35,23,24,30,20,25,31,24,3",
        "fd": "-118/-108",
        "dk": "-120/-110",
        "kambi": "0",
        "lowest": "-118 FD",
        "implied": 54.12844036697248,
        "overOdds": "-120",
        "underOdds": "-110",
        "overUnder": "-120 / -110"
    }
]