[
    {
        "player": "Samuel Ersson",
        "team": "PHI",
        "opponent": "MTL",
        "propType": "saves",
        "line": 24.5,
        "ppLine": "",
        "avg": 22.89,
        "hit": false,
        "diffAvg": -0.07,
        "diffAbs": 0.1,
        "lastAvg": 24.5,
        "diff": 0.0,
        "avgMin": 59,
        "proj": 26.9,
        "lastAvgMin": 53.73,
        "oppOver": 0,
        "teamOver": 68,
        "gameLine": "-185",
        "+/-": 0,
        "L5_+/-": 0,
        "prevMatchup": "2024-01-10 mtl @ phi 17.0 sv",
        "winLossSplits": "50% - 38%",
        "awayHome": "H",
        "playedYesterday": "Y",
        "awayHomeSplits": "40% - 50%",
        "savesAboveExp": 0.232,
        "gsaa": 0.19,
        "corsi": "50.2% (60.6) // 51.7% (63.1) // 54.5% (68.5) // 56.7% (75.2)",
        "fenwick": "52.1% (44.9) // 52.6% (46.8) // 54.9% (50.1) // 56.4% (52.9)",
        "shots": "53.6% (32.7) // 53.9% (34.4) // 57.3% (37.9) // 59.0% (38.3)",
        "scoring": "48.9% (27.6) // 49.2% (28.3) // 51.6% (30.4) // 54.0% (33.1)",
        "corsiAgainst": "49.8% (60.1) // 48.3% (59.0) // 45.5% (57.3) // 43.3% (57.4)",
        "fenwickAgainst": "47.9% (41.2) // 47.4% (42.2) // 45.1% (41.2) // 43.6% (40.9)",
        "shotsAgainst": "46.4% (28.3) // 46.1% (29.4) // 42.7% (28.3) // 41.0% (26.6)",
        "scoringAgainst": "51.1% (28.8) // 50.8% (29.2) // 48.4% (28.5) // 46.0% (28.2)",
        "oppCorsi": "46.2% (55.8) // 44.0% (52.0) // 39.5% (49.9) // 39.1% (49.8)",
        "oppFenwick": "46.6% (40.3) // 45.5% (37.1) // 40.0% (35.8) // 39.7% (35.5)",
        "oppShots": "45.8% (27.7) // 44.4% (24.3) // 38.8% (24.0) // 36.0% (22.6)",
        "oppScoring": "45.8% (27.3) // 41.6% (22.4) // 39.2% (23.5) // 40.9% (24.9)",
        "oppCorsiAgainst": "53.8% (64.9) // 56.0% (66.2) // 60.5% (76.6) // 60.9% (77.5)",
        "oppFenwickAgainst": "53.4% (46.1) // 54.5% (44.5) // 60.0% (53.8) // 60.3% (54.0)",
        "oppShotsAgainst": "54.2% (32.8) // 55.6% (30.4) // 61.2% (37.9) // 64.0% (40.2)",
        "oppScoringAgainst": "54.2% (32.4) // 58.4% (31.5) // 60.8% (36.5) // 59.1% (36.0)",
        "totalOver": 44,
        "totalOverLast5": 60,
        "totalOverLast15": 53,
        "lastTotalOver": 75,
        "last5": "17,26,29,18,27,24,33,27,19,29",
        "fd": "0",
        "dk": "-110/-120",
        "kambi": "0",
        "lowest": "-110 DK",
        "implied": 52.38095238095239,
        "overOdds": "-110",
        "underOdds": "-120",
        "overUnder": "-110 / -120"
    },
    {
        "player": "Scott Wedgewood",
        "team": "DAL",
        "opponent": "MIN",
        "propType": "saves",
        "line": 24.5,
        "ppLine": "",
        "avg": 26.42,
        "hit": false,
        "diffAvg": 0.08,
        "diffAbs": 0.03,
        "lastAvg": 23.0,
        "diff": -0.06,
        "avgMin": 59,
        "proj": 25.3,
        "lastAvgMin": 53.65,
        "oppOver": 0,
        "teamOver": 58,
        "gameLine": "-198",
        "+/-": 0,
        "L5_+/-": 0,
        "prevMatchup": "2023-11-12 dal @ min 23.0 sv 2024-01-08 dal @ min 23.0 sv 2024-01-10 min @ dal 21.0 sv",
        "winLossSplits": "58% - 57%",
        "awayHome": "H",
        "playedYesterday": "Y",
        "awayHomeSplits": "71% - 50%",
        "savesAboveExp": 0.285,
        "gsaa": -4.52,
        "corsi": "52.1% (62.2) // 56.6% (66.9) // 55.4% (65.2) // 52.1% (59.0)",
        "fenwick": "51.6% (44.3) // 57.1% (47.3) // 55.9% (44.9) // 54.4% (41.7)",
        "shots": "50.7% (30.0) // 57.8% (32.7) // 55.2% (29.2) // 55.0% (27.7)",
        "scoring": "54.3% (30.8) // 58.9% (33.4) // 56.5% (31.6) // 54.5% (28.0)",
        "corsiAgainst": "47.9% (57.2) // 43.4% (51.3) // 44.6% (52.6) // 47.9% (54.3)",
        "fenwickAgainst": "48.4% (41.6) // 42.9% (35.5) // 44.1% (35.4) // 45.6% (35.0)",
        "shotsAgainst": "49.3% (29.2) // 42.2% (23.9) // 44.8% (23.7) // 45.0% (22.7)",
        "scoringAgainst": "45.7% (25.9) // 41.1% (23.3) // 43.5% (24.3) // 45.5% (23.3)",
        "oppCorsi": "50.6% (60.5) // 50.4% (58.2) // 49.1% (56.8) // 49.6% (57.0)",
        "oppFenwick": "50.2% (42.6) // 49.1% (39.8) // 46.8% (37.0) // 48.7% (37.4)",
        "oppShots": "49.8% (29.3) // 50.7% (28.4) // 48.2% (26.7) // 50.3% (27.2)",
        "oppScoring": "50.7% (29.1) // 49.2% (26.1) // 43.7% (23.2) // 45.9% (23.6)",
        "oppCorsiAgainst": "49.4% (59.1) // 49.6% (57.2) // 50.9% (59.0) // 50.4% (58.0)",
        "oppFenwickAgainst": "49.8% (42.3) // 50.9% (41.2) // 53.2% (42.2) // 51.3% (39.3)",
        "oppShotsAgainst": "50.2% (29.6) // 49.3% (27.6) // 51.8% (28.7) // 49.7% (26.9)",
        "oppScoringAgainst": "49.3% (28.4) // 50.8% (26.9) // 56.3% (29.9) // 54.1% (27.9)",
        "totalOver": 58,
        "totalOverLast5": 20,
        "totalOverLast15": 47,
        "lastTotalOver": 71,
        "last5": "21,18,29,14,23,25,28,19,17,35",
        "fd": "0",
        "dk": "-110/-120",
        "kambi": "0",
        "lowest": "-110 DK",
        "implied": 52.38095238095239,
        "overOdds": "-110",
        "underOdds": "-120",
        "overUnder": "-110 / -120"
    },
    {
        "player": "Adin Hill",
        "team": "VGK",
        "opponent": "COL",
        "propType": "saves",
        "line": 27.5,
        "ppLine": "",
        "avg": 25.27,
        "hit": false,
        "diffAvg": -0.08,
        "diffAbs": 0.43,
        "lastAvg": 15.35,
        "diff": -0.44,
        "avgMin": 56,
        "proj": 15.6,
        "lastAvgMin": 55.22,
        "oppOver": 0,
        "teamOver": 51,
        "gameLine": "+114",
        "+/-": 0,
        "L5_+/-": 0,
        "prevMatchup": "2023-11-04 col @ vgk 41.0 sv 2024-01-10 vgk @ col 32.0 sv",
        "winLossSplits": "36% - 75%",
        "awayHome": "A",
        "playedYesterday": "Y",
        "awayHomeSplits": "50% - 44%",
        "savesAboveExp": -0.478,
        "gsaa": 12.43,
        "corsi": "48.9% (60.1) // 45.7% (57.9) // 48.6% (60.5) // 47.4% (58.0)",
        "fenwick": "50.0% (43.4) // 46.8% (42.2) // 50.1% (43.5) // 49.1% (40.0)",
        "shots": "51.4% (31.5) // 47.9% (30.3) // 47.5% (29.0) // 45.4% (27.0)",
        "scoring": "50.5% (29.3) // 43.5% (24.6) // 43.3% (23.5) // 44.5% (24.5)",
        "corsiAgainst": "51.1% (62.8) // 54.3% (68.7) // 51.4% (64.0) // 52.6% (64.5)",
        "fenwickAgainst": "50.0% (43.4) // 53.2% (48.0) // 49.9% (43.2) // 50.9% (41.5)",
        "shotsAgainst": "48.6% (29.8) // 52.1% (33.0) // 52.5% (32.0) // 54.6% (32.5)",
        "scoringAgainst": "49.5% (28.7) // 56.5% (32.0) // 56.7% (30.7) // 55.5% (30.5)",
        "oppCorsi": "53.2% (63.4) // 52.8% (60.2) // 54.9% (65.8) // 52.8% (59.0)",
        "oppFenwick": "52.9% (45.4) // 52.6% (42.8) // 55.1% (45.0) // 53.1% (41.2)",
        "oppShots": "52.8% (31.7) // 53.8% (30.8) // 55.9% (33.0) // 54.8% (31.5)",
        "oppScoring": "53.6% (30.5) // 54.1% (28.3) // 55.7% (29.5) // 52.9% (26.6)",
        "oppCorsiAgainst": "46.8% (55.7) // 47.2% (53.9) // 45.1% (53.9) // 47.2% (52.9)",
        "oppFenwickAgainst": "47.1% (40.4) // 47.4% (38.5) // 44.9% (36.7) // 46.9% (36.3)",
        "oppShotsAgainst": "47.2% (28.3) // 46.2% (26.5) // 44.1% (26.0) // 45.2% (25.9)",
        "oppScoringAgainst": "46.4% (26.4) // 45.9% (24.0) // 44.3% (23.5) // 47.1% (23.7)",
        "totalOver": 47,
        "totalOverLast5": 60,
        "totalOverLast15": 40,
        "lastTotalOver": 38,
        "last5": "2,16,32,31,29,23,20,29,41,37",
        "fd": "0",
        "dk": "-110/-120",
        "kambi": "0",
        "lowest": "-110 DK",
        "implied": 52.38095238095239,
        "overOdds": "-110",
        "underOdds": "-120",
        "overUnder": "-110 / -120"
    },
    {
        "player": "Alexandar Georgiev",
        "team": "COL",
        "opponent": "VGK",
        "propType": "saves",
        "line": 25.5,
        "ppLine": "",
        "avg": 24.34,
        "hit": false,
        "diffAvg": -0.05,
        "diffAbs": 0.04,
        "lastAvg": 25.35,
        "diff": -0.01,
        "avgMin": 58,
        "proj": 24.6,
        "lastAvgMin": 59.67,
        "oppOver": 0,
        "teamOver": 48,
        "gameLine": "-135",
        "+/-": 0,
        "L5_+/-": 0,
        "prevMatchup": "2023-11-04 col @ vgk 27.0 sv 2024-01-10 vgk @ col 25.0 sv",
        "winLossSplits": "38% - 36%",
        "awayHome": "H",
        "playedYesterday": "Y",
        "awayHomeSplits": "53% - 22%",
        "savesAboveExp": 0.16,
        "gsaa": -5.94,
        "corsi": "53.2% (63.4) // 52.8% (60.2) // 54.9% (65.8) // 52.8% (59.0)",
        "fenwick": "52.9% (45.4) // 52.6% (42.8) // 55.1% (45.0) // 53.1% (41.2)",
        "shots": "52.8% (31.7) // 53.8% (30.8) // 55.9% (33.0) // 54.8% (31.5)",
        "scoring": "53.6% (30.5) // 54.1% (28.3) // 55.7% (29.5) // 52.9% (26.6)",
        "corsiAgainst": "46.8% (55.7) // 47.2% (53.9) // 45.1% (53.9) // 47.2% (52.9)",
        "fenwickAgainst": "47.1% (40.4) // 47.4% (38.5) // 44.9% (36.7) // 46.9% (36.3)",
        "shotsAgainst": "47.2% (28.3) // 46.2% (26.5) // 44.1% (26.0) // 45.2% (25.9)",
        "scoringAgainst": "46.4% (26.4) // 45.9% (24.0) // 44.3% (23.5) // 47.1% (23.7)",
        "oppCorsi": "48.9% (60.1) // 45.7% (57.9) // 48.6% (60.5) // 47.4% (58.0)",
        "oppFenwick": "50.0% (43.4) // 46.8% (42.2) // 50.1% (43.5) // 49.1% (40.0)",
        "oppShots": "51.4% (31.5) // 47.9% (30.3) // 47.5% (29.0) // 45.4% (27.0)",
        "oppScoring": "50.5% (29.3) // 43.5% (24.6) // 43.3% (23.5) // 44.5% (24.5)",
        "oppCorsiAgainst": "51.1% (62.8) // 54.3% (68.7) // 51.4% (64.0) // 52.6% (64.5)",
        "oppFenwickAgainst": "50.0% (43.4) // 53.2% (48.0) // 49.9% (43.2) // 50.9% (41.5)",
        "oppShotsAgainst": "48.6% (29.8) // 52.1% (33.0) // 52.5% (32.0) // 54.6% (32.5)",
        "oppScoringAgainst": "49.5% (28.7) // 56.5% (32.0) // 56.7% (30.7) // 55.5% (30.5)",
        "totalOver": 37,
        "totalOverLast5": 20,
        "totalOverLast15": 20,
        "lastTotalOver": 56,
        "last5": "25,23,12,28,18,10,28,22,24,41",
        "fd": "0",
        "dk": "-110/-120",
        "kambi": "0",
        "lowest": "-110 DK",
        "implied": 52.38095238095239,
        "overOdds": "-110",
        "underOdds": "-120",
        "overUnder": "-110 / -120"
    }
]