[
    {
        "player": "Juuse Saros",
        "team": "NSH",
        "opponent": "DET",
        "propType": "saves",
        "line": 28.5,
        "ppLine": "",
        "avg": 25.82,
        "hit": false,
        "diffAvg": -0.09,
        "diffAbs": 0.05,
        "lastAvg": 29.21,
        "diff": 0.02,
        "avgMin": 55,
        "proj": 27.0,
        "lastAvgMin": 59.52,
        "oppOver": 0,
        "teamOver": 51,
        "gameLine": "-105",
        "+/-": 0,
        "L5_+/-": 0,
        "prevMatchup": "",
        "winLossSplits": "60% - 31%",
        "awayHome": "A",
        "playedYesterday": "N",
        "awayHomeSplits": "60% - 39%",
        "savesAboveExp": 0.483,
        "gsaa": 1.53,
        "corsi": "49.9% (58.1) // 46.7% (53.4) // 47.4% (52.5) // 42.7% (47.0)",
        "fenwick": "50.3% (42.7) // 45.6% (37.5) // 47.5% (38.5) // 47.0% (35.5)",
        "shots": "49.3% (29.9) // 45.6% (27.2) // 48.4% (29.2) // 49.6% (29.0)",
        "scoring": "51.5% (30.2) // 48.0% (27.7) // 47.4% (27.2) // 41.7% (24.0)",
        "corsiAgainst": "50.1% (58.3) // 53.3% (61.0) // 52.6% (58.2) // 57.3% (63.0)",
        "fenwickAgainst": "49.7% (42.2) // 54.4% (44.7) // 52.5% (42.5) // 53.0% (40.0)",
        "shotsAgainst": "50.7% (30.8) // 54.4% (32.4) // 51.6% (31.3) // 50.4% (29.5)",
        "scoringAgainst": "48.5% (28.5) // 52.0% (30.0) // 52.6% (30.2) // 58.3% (33.5)",
        "oppCorsi": "47.2% (56.5) // 47.4% (58.8) // 48.7% (59.0) // 47.8% (53.5)",
        "oppFenwick": "47.1% (41.7) // 45.5% (42.1) // 45.3% (42.6) // 45.5% (40.0)",
        "oppShots": "48.4% (29.8) // 46.0% (29.9) // 43.7% (28.7) // 43.7% (26.0)",
        "oppScoring": "47.0% (27.4) // 48.4% (28.8) // 51.7% (29.1) // 48.5% (24.5)",
        "oppCorsiAgainst": "52.8% (63.2) // 52.6% (65.3) // 51.3% (62.2) // 52.2% (58.5)",
        "oppFenwickAgainst": "52.9% (46.8) // 54.5% (50.5) // 54.7% (51.4) // 54.5% (48.0)",
        "oppShotsAgainst": "51.6% (31.8) // 54.0% (35.1) // 56.3% (37.0) // 56.3% (33.5)",
        "oppScoringAgainst": "53.0% (30.9) // 51.6% (30.6) // 48.3% (27.2) // 51.5% (26.0)",
        "totalOver": 46,
        "totalOverLast5": 40,
        "totalOverLast15": 53,
        "lastTotalOver": 42,
        "last5": "14,31,29,19,21,37,36,32,25,34",
        "fd": "0",
        "dk": "-105/-125",
        "implied": 51.21951219512195,
        "overOdds": "-105",
        "underOdds": "-125",
        "overUnder": "-105 / -125"
    },
    {
        "player": "Elvis Merzlikins",
        "team": "CBJ",
        "opponent": "TOR",
        "propType": "saves",
        "line": 29.5,
        "ppLine": "",
        "avg": 29.86,
        "hit": false,
        "diffAvg": 0.01,
        "diffAbs": 0.03,
        "lastAvg": 25.97,
        "diff": -0.12,
        "avgMin": 57,
        "proj": 28.5,
        "lastAvgMin": 52.0,
        "oppOver": 0,
        "teamOver": 44,
        "gameLine": "+170",
        "+/-": 0,
        "L5_+/-": 0,
        "prevMatchup": "2023-12-14 cbj @ tor 43.0 sv 2023-12-23 tor @ cbj 26.0 sv",
        "winLossSplits": "57% - 40%",
        "awayHome": "H",
        "playedYesterday": "N",
        "awayHomeSplits": "45% - 45%",
        "savesAboveExp": -1.53,
        "gsaa": "-",
        "corsi": "47.0% (61.0) // 45.5% (57.8) // 49.5% (61.4) // 49.6% (61.4)",
        "fenwick": "47.2% (43.4) // 46.0% (41.8) // 50.6% (43.8) // 48.5% (40.8)",
        "shots": "46.5% (29.4) // 45.1% (28.8) // 50.2% (30.9) // 46.7% (28.0)",
        "scoring": "46.9% (28.5) // 44.4% (27.9) // 45.0% (28.3) // 45.7% (29.0)",
        "corsiAgainst": "53.0% (68.7) // 54.5% (69.2) // 50.5% (62.6) // 50.4% (62.4)",
        "fenwickAgainst": "52.8% (48.5) // 54.0% (49.0) // 49.4% (42.9) // 51.5% (43.2)",
        "shotsAgainst": "53.5% (33.8) // 54.9% (35.1) // 49.8% (30.7) // 53.3% (31.9)",
        "scoringAgainst": "53.1% (32.3) // 55.6% (35.0) // 55.0% (34.6) // 54.3% (34.4)",
        "oppCorsi": "50.3% (63.2) // 52.2% (67.0) // 52.2% (66.5) // 54.9% (70.5)",
        "oppFenwick": "50.2% (45.2) // 51.2% (47.2) // 51.4% (47.2) // 54.5% (51.0)",
        "oppShots": "50.2% (31.9) // 51.4% (33.6) // 49.6% (31.5) // 53.2% (33.0)",
        "oppScoring": "52.1% (33.1) // 54.0% (36.0) // 52.8% (32.8) // 55.0% (36.0)",
        "oppCorsiAgainst": "49.7% (62.4) // 47.8% (61.4) // 47.8% (61.0) // 45.1% (58.0)",
        "oppFenwickAgainst": "49.8% (44.9) // 48.8% (44.9) // 48.6% (44.8) // 45.5% (42.5)",
        "oppShotsAgainst": "49.8% (31.6) // 48.6% (31.8) // 50.4% (32.0) // 46.8% (29.0)",
        "oppScoringAgainst": "47.9% (30.4) // 46.0% (30.7) // 47.2% (29.2) // 45.0% (29.5)",
        "totalOver": 45,
        "totalOverLast5": 80,
        "totalOverLast15": 60,
        "lastTotalOver": 45,
        "last5": "31,29,43,35,41,27,40,37,33,22",
        "fd": "0",
        "dk": "-125/-105",
        "implied": 55.55555555555556,
        "overOdds": "-125",
        "underOdds": "-105",
        "overUnder": "-125 / -105"
    },
    {
        "player": "Ilya Samsonov",
        "team": "TOR",
        "opponent": "CBJ",
        "propType": "saves",
        "line": 26.5,
        "ppLine": "",
        "avg": 22.14,
        "hit": false,
        "diffAvg": -0.16,
        "diffAbs": 0.29,
        "lastAvg": 21.33,
        "diff": -0.2,
        "avgMin": 52,
        "proj": 18.8,
        "lastAvgMin": 58.93,
        "oppOver": 0,
        "teamOver": 66,
        "gameLine": "-205",
        "+/-": 0,
        "L5_+/-": 0,
        "prevMatchup": "2023-12-14 cbj @ tor 29.0 sv 2023-12-23 tor @ cbj 27.0 sv",
        "winLossSplits": "43% - 43%",
        "awayHome": "A",
        "playedYesterday": "N",
        "awayHomeSplits": "38% - 50%",
        "savesAboveExp": 0.388,
        "gsaa": -11.41,
        "corsi": "50.3% (63.2) // 52.2% (67.0) // 52.2% (66.5) // 54.9% (70.5)",
        "fenwick": "50.2% (45.2) // 51.2% (47.2) // 51.4% (47.2) // 54.5% (51.0)",
        "shots": "50.2% (31.9) // 51.4% (33.6) // 49.6% (31.5) // 53.2% (33.0)",
        "scoring": "52.1% (33.1) // 54.0% (36.0) // 52.8% (32.8) // 55.0% (36.0)",
        "corsiAgainst": "49.7% (62.4) // 47.8% (61.4) // 47.8% (61.0) // 45.1% (58.0)",
        "fenwickAgainst": "49.8% (44.9) // 48.8% (44.9) // 48.6% (44.8) // 45.5% (42.5)",
        "shotsAgainst": "49.8% (31.6) // 48.6% (31.8) // 50.4% (32.0) // 46.8% (29.0)",
        "scoringAgainst": "47.9% (30.4) // 46.0% (30.7) // 47.2% (29.2) // 45.0% (29.5)",
        "oppCorsi": "47.0% (61.0) // 45.5% (57.8) // 49.5% (61.4) // 49.6% (61.4)",
        "oppFenwick": "47.2% (43.4) // 46.0% (41.8) // 50.6% (43.8) // 48.5% (40.8)",
        "oppShots": "46.5% (29.4) // 45.1% (28.8) // 50.2% (30.9) // 46.7% (28.0)",
        "oppScoring": "46.9% (28.5) // 44.4% (27.9) // 45.0% (28.3) // 45.7% (29.0)",
        "oppCorsiAgainst": "53.0% (68.7) // 54.5% (69.2) // 50.5% (62.6) // 50.4% (62.4)",
        "oppFenwickAgainst": "52.8% (48.5) // 54.0% (49.0) // 49.4% (42.9) // 51.5% (43.2)",
        "oppShotsAgainst": "53.5% (33.8) // 54.9% (35.1) // 49.8% (30.7) // 53.3% (31.9)",
        "oppScoringAgainst": "53.1% (32.3) // 55.6% (35.0) // 55.0% (34.6) // 54.3% (34.4)",
        "totalOver": 43,
        "totalOverLast5": 40,
        "totalOverLast15": 43,
        "lastTotalOver": 16,
        "last5": "14,29,25,18,30,27,31,8,38,21",
        "fd": "0",
        "dk": "-110/-120",
        "implied": 52.38095238095239,
        "overOdds": "-110",
        "underOdds": "-120",
        "overUnder": "-110 / -120"
    },
    {
        "player": "Jonathan Quick",
        "team": "NYR",
        "opponent": "FLA",
        "propType": "saves",
        "line": 28.5,
        "ppLine": "",
        "avg": 25.17,
        "hit": false,
        "diffAvg": -0.12,
        "diffAbs": 0.15,
        "lastAvg": 23.24,
        "diff": -0.18,
        "avgMin": 57,
        "proj": 24.3,
        "lastAvgMin": 54.5,
        "oppOver": 0,
        "teamOver": 36,
        "gameLine": "+124",
        "+/-": 0,
        "L5_+/-": 0,
        "prevMatchup": "",
        "winLossSplits": "33% - 33%",
        "awayHome": "A",
        "playedYesterday": "N",
        "awayHomeSplits": "75% - 12%",
        "savesAboveExp": -0.478,
        "gsaa": 5.77,
        "corsi": "49.9% (60.3) // 52.9% (62.4) // 52.3% (64.1) // 53.1% (62.7)",
        "fenwick": "50.5% (44.5) // 52.3% (45.9) // 50.8% (45.3) // 52.8% (46.5)",
        "shots": "51.0% (30.6) // 53.2% (32.9) // 53.2% (33.2) // 52.9% (31.4)",
        "scoring": "51.1% (29.5) // 55.0% (31.3) // 53.2% (30.7) // 56.5% (31.8)",
        "corsiAgainst": "50.1% (60.6) // 47.1% (55.6) // 47.7% (58.4) // 46.9% (55.4)",
        "fenwickAgainst": "49.5% (43.6) // 47.7% (41.8) // 49.2% (43.8) // 47.2% (41.6)",
        "shotsAgainst": "49.0% (29.4) // 46.8% (28.9) // 46.8% (29.2) // 47.1% (27.9)",
        "scoringAgainst": "48.9% (28.2) // 45.0% (25.6) // 46.8% (27.0) // 43.5% (24.5)",
        "oppCorsi": "57.0% (69.8) // 58.2% (70.2) // 61.3% (74.0) // 58.8% (73.5)",
        "oppFenwick": "56.0% (48.6) // 56.8% (50.3) // 58.9% (54.0) // 56.6% (51.5)",
        "oppShots": "55.8% (34.0) // 56.7% (34.3) // 58.7% (37.0) // 57.5% (36.5)",
        "oppScoring": "56.5% (32.2) // 57.1% (33.4) // 60.8% (33.7) // 57.3% (31.5)",
        "oppCorsiAgainst": "43.0% (52.6) // 41.8% (50.5) // 38.7% (46.7) // 41.2% (51.5)",
        "oppFenwickAgainst": "44.0% (38.2) // 43.2% (38.2) // 41.1% (37.7) // 43.4% (39.5)",
        "oppShotsAgainst": "44.2% (27.0) // 43.3% (26.2) // 41.3% (26.0) // 42.5% (27.0)",
        "oppScoringAgainst": "43.5% (24.7) // 42.9% (25.1) // 39.2% (21.7) // 42.7% (23.5)",
        "totalOver": 33,
        "totalOverLast5": 20,
        "totalOverLast15": 33,
        "lastTotalOver": 25,
        "last5": "24,29,25,23,27,32,25,25,36,29",
        "fd": "0",
        "dk": "-125/-105",
        "implied": 55.55555555555556,
        "overOdds": "-125",
        "underOdds": "-105",
        "overUnder": "-125 / -105"
    },
    {
        "player": "Sergei Bobrovsky",
        "team": "FLA",
        "opponent": "NYR",
        "propType": "saves",
        "line": 25.5,
        "ppLine": "",
        "avg": 24.65,
        "hit": false,
        "diffAvg": -0.03,
        "diffAbs": 0.23,
        "lastAvg": 19.14,
        "diff": -0.25,
        "avgMin": 58,
        "proj": 19.6,
        "lastAvgMin": 56.68,
        "oppOver": 0,
        "teamOver": 44,
        "gameLine": "-142",
        "+/-": 0,
        "L5_+/-": 0,
        "prevMatchup": "",
        "winLossSplits": "56% - 30%",
        "awayHome": "H",
        "playedYesterday": "N",
        "awayHomeSplits": "31% - 62%",
        "savesAboveExp": -0.102,
        "gsaa": 5.4,
        "corsi": "57.0% (69.8) // 58.2% (70.2) // 61.3% (74.0) // 58.8% (73.5)",
        "fenwick": "56.0% (48.6) // 56.8% (50.3) // 58.9% (54.0) // 56.6% (51.5)",
        "shots": "55.8% (34.0) // 56.7% (34.3) // 58.7% (37.0) // 57.5% (36.5)",
        "scoring": "56.5% (32.2) // 57.1% (33.4) // 60.8% (33.7) // 57.3% (31.5)",
        "corsiAgainst": "43.0% (52.6) // 41.8% (50.5) // 38.7% (46.7) // 41.2% (51.5)",
        "fenwickAgainst": "44.0% (38.2) // 43.2% (38.2) // 41.1% (37.7) // 43.4% (39.5)",
        "shotsAgainst": "44.2% (27.0) // 43.3% (26.2) // 41.3% (26.0) // 42.5% (27.0)",
        "scoringAgainst": "43.5% (24.7) // 42.9% (25.1) // 39.2% (21.7) // 42.7% (23.5)",
        "oppCorsi": "49.9% (60.3) // 52.9% (62.4) // 52.3% (64.1) // 53.1% (62.7)",
        "oppFenwick": "50.5% (44.5) // 52.3% (45.9) // 50.8% (45.3) // 52.8% (46.5)",
        "oppShots": "51.0% (30.6) // 53.2% (32.9) // 53.2% (33.2) // 52.9% (31.4)",
        "oppScoring": "51.1% (29.5) // 55.0% (31.3) // 53.2% (30.7) // 56.5% (31.8)",
        "oppCorsiAgainst": "50.1% (60.6) // 47.1% (55.6) // 47.7% (58.4) // 46.9% (55.4)",
        "oppFenwickAgainst": "49.5% (43.6) // 47.7% (41.8) // 49.2% (43.8) // 47.2% (41.6)",
        "oppShotsAgainst": "49.0% (29.4) // 46.8% (28.9) // 46.8% (29.2) // 47.1% (27.9)",
        "oppScoringAgainst": "48.9% (28.2) // 45.0% (25.6) // 46.8% (27.0) // 43.5% (24.5)",
        "totalOver": 46,
        "totalOverLast5": 40,
        "totalOverLast15": 40,
        "lastTotalOver": 60,
        "last5": "27,23,20,38,13,19,26,29,21,20",
        "fd": "0",
        "dk": "-115/-115",
        "implied": 53.48837209302325,
        "overOdds": "-115",
        "underOdds": "-115",
        "overUnder": "-115 / -115"
    },
    {
        "player": "Joonas Korpisalo",
        "team": "OTT",
        "opponent": "NJ",
        "propType": "saves",
        "line": 27.5,
        "ppLine": "",
        "avg": 27.7,
        "hit": false,
        "diffAvg": 0.01,
        "diffAbs": 0.1,
        "lastAvg": 24.51,
        "diff": -0.11,
        "avgMin": 56,
        "proj": 24.7,
        "lastAvgMin": 55.68,
        "oppOver": 0,
        "teamOver": 47,
        "gameLine": "-108",
        "+/-": 0,
        "L5_+/-": 0,
        "prevMatchup": "",
        "winLossSplits": "57% - 46%",
        "awayHome": "H",
        "playedYesterday": "N",
        "awayHomeSplits": "64% - 33%",
        "savesAboveExp": 0.427,
        "gsaa": -5.57,
        "corsi": "50.3% (61.1) // 49.7% (62.0) // 44.2% (58.5) // 39.2% (52.0)",
        "fenwick": "51.2% (44.9) // 50.1% (45.4) // 45.2% (43.3) // 43.2% (40.6)",
        "shots": "51.3% (32.2) // 50.6% (32.0) // 45.6% (30.6) // 44.4% (27.7)",
        "scoring": "47.9% (27.8) // 46.0% (27.1) // 41.0% (25.6) // 39.0% (23.8)",
        "corsiAgainst": "49.7% (60.3) // 50.3% (62.8) // 55.8% (73.9) // 60.8% (80.7)",
        "fenwickAgainst": "48.8% (42.7) // 49.9% (45.2) // 54.8% (52.5) // 56.8% (53.5)",
        "shotsAgainst": "48.7% (30.6) // 49.4% (31.2) // 54.4% (36.6) // 55.6% (34.7)",
        "scoringAgainst": "52.1% (30.3) // 54.0% (31.9) // 59.0% (36.8) // 61.0% (37.1)",
        "oppCorsi": "54.6% (64.6) // 51.7% (60.7) // 51.1% (60.3) // 55.5% (67.3)",
        "oppFenwick": "52.5% (44.9) // 49.9% (41.8) // 50.1% (41.8) // 55.9% (48.6)",
        "oppShots": "52.2% (31.5) // 50.2% (28.6) // 51.2% (30.0) // 57.3% (34.9)",
        "oppScoring": "55.2% (31.7) // 51.7% (28.9) // 52.5% (28.1) // 58.3% (30.9)",
        "oppCorsiAgainst": "45.4% (53.8) // 48.3% (56.7) // 48.9% (57.7) // 44.5% (54.0)",
        "oppFenwickAgainst": "47.5% (40.6) // 50.1% (41.9) // 49.9% (41.5) // 44.1% (38.3)",
        "oppShotsAgainst": "47.8% (28.9) // 49.8% (28.4) // 48.8% (28.6) // 42.7% (26.0)",
        "oppScoringAgainst": "44.8% (25.7) // 48.3% (27.0) // 47.5% (25.4) // 41.7% (22.1)",
        "totalOver": 50,
        "totalOverLast5": 60,
        "totalOverLast15": 47,
        "lastTotalOver": 54,
        "last5": "34,33,34,25,26,24,30,19,32,37",
        "fd": "0",
        "dk": "-125/-105",
        "implied": 55.55555555555556,
        "overOdds": "-125",
        "underOdds": "-105",
        "overUnder": "-125 / -105"
    },
    {
        "player": "Charlie Lindgren",
        "team": "WSH",
        "opponent": "NYI",
        "propType": "saves",
        "line": 27.5,
        "ppLine": "",
        "avg": 29.36,
        "hit": false,
        "diffAvg": 0.07,
        "diffAbs": 0.01,
        "lastAvg": 24.74,
        "diff": -0.1,
        "avgMin": 60,
        "proj": 27.2,
        "lastAvgMin": 54.57,
        "oppOver": 0,
        "teamOver": 56,
        "gameLine": "+130",
        "+/-": 0,
        "L5_+/-": 0,
        "prevMatchup": "2023-11-02 nyi @ wsh 18.0 sv 2023-11-11 wsh @ nyi 0 sv 2023-12-20 nyi @ wsh 30.0 sv",
        "winLossSplits": "86% - 57%",
        "awayHome": "A",
        "playedYesterday": "N",
        "awayHomeSplits": "50% - 88%",
        "savesAboveExp": 0.318,
        "gsaa": 11.04,
        "corsi": "47.1% (54.8) // 48.1% (54.8) // 50.9% (60.8) // 51.7% (58.1)",
        "fenwick": "47.0% (39.1) // 46.8% (38.6) // 48.2% (41.6) // 48.3% (39.8)",
        "shots": "47.8% (27.5) // 48.2% (27.3) // 52.0% (30.9) // 54.5% (29.3)",
        "scoring": "48.3% (27.1) // 49.6% (26.9) // 52.4% (29.2) // 45.8% (23.5)",
        "corsiAgainst": "52.9% (61.7) // 51.9% (59.3) // 49.1% (58.6) // 48.3% (54.2)",
        "fenwickAgainst": "53.0% (44.1) // 53.2% (43.9) // 51.8% (44.7) // 51.7% (42.7)",
        "shotsAgainst": "52.2% (30.1) // 51.8% (29.3) // 48.0% (28.5) // 45.5% (24.5)",
        "scoringAgainst": "51.7% (29.0) // 50.4% (27.3) // 47.6% (26.6) // 54.2% (27.8)",
        "oppCorsi": "44.4% (56.9) // 44.4% (55.2) // 38.8% (47.4) // 37.7% (46.0)",
        "oppFenwick": "45.5% (41.9) // 46.0% (41.9) // 40.0% (34.8) // 39.7% (34.5)",
        "oppShots": "45.5% (29.3) // 46.5% (29.9) // 42.6% (25.6) // 41.0% (25.0)",
        "oppScoring": "45.0% (28.2) // 44.8% (27.4) // 38.4% (23.8) // 36.8% (23.0)",
        "oppCorsiAgainst": "55.6% (71.2) // 55.6% (69.2) // 61.2% (74.7) // 62.3% (76.0)",
        "oppFenwickAgainst": "54.5% (50.2) // 54.0% (49.1) // 60.0% (52.1) // 60.3% (52.5)",
        "oppShotsAgainst": "54.5% (35.0) // 53.5% (34.5) // 57.4% (34.5) // 59.0% (36.0)",
        "oppScoringAgainst": "55.0% (34.4) // 55.2% (33.9) // 61.6% (38.2) // 63.2% (39.5)",
        "totalOver": 71,
        "totalOverLast5": 60,
        "totalOverLast15": 71,
        "lastTotalOver": 52,
        "last5": "19,34,20,29,31,34,19,38,30,33",
        "fd": "-112/-112",
        "dk": "-115/-115",
        "implied": 53.48837209302325,
        "overOdds": "-115",
        "underOdds": "-115",
        "overUnder": "-115 / -115"
    },
    {
        "player": "Ilya Sorokin",
        "team": "NYI",
        "opponent": "WSH",
        "propType": "saves",
        "line": 28.5,
        "ppLine": "",
        "avg": 32.73,
        "hit": false,
        "diffAvg": 0.15,
        "diffAbs": 0.11,
        "lastAvg": 24.62,
        "diff": -0.14,
        "avgMin": 60,
        "proj": 25.5,
        "lastAvgMin": 57.85,
        "oppOver": 0,
        "teamOver": 74,
        "gameLine": "-155",
        "+/-": 0,
        "L5_+/-": 0,
        "prevMatchup": "2023-11-02 nyi @ wsh 32.0 sv 2023-11-11 wsh @ nyi 24.0 sv 2023-12-20 nyi @ wsh 33.0 sv",
        "winLossSplits": "80% - 75%",
        "awayHome": "H",
        "playedYesterday": "N",
        "awayHomeSplits": "71% - 80%",
        "savesAboveExp": 0.704,
        "gsaa": 4.85,
        "corsi": "44.4% (56.9) // 44.4% (55.2) // 38.8% (47.4) // 37.7% (46.0)",
        "fenwick": "45.5% (41.9) // 46.0% (41.9) // 40.0% (34.8) // 39.7% (34.5)",
        "shots": "45.5% (29.3) // 46.5% (29.9) // 42.6% (25.6) // 41.0% (25.0)",
        "scoring": "45.0% (28.2) // 44.8% (27.4) // 38.4% (23.8) // 36.8% (23.0)",
        "corsiAgainst": "55.6% (71.2) // 55.6% (69.2) // 61.2% (74.7) // 62.3% (76.0)",
        "fenwickAgainst": "54.5% (50.2) // 54.0% (49.1) // 60.0% (52.1) // 60.3% (52.5)",
        "shotsAgainst": "54.5% (35.0) // 53.5% (34.5) // 57.4% (34.5) // 59.0% (36.0)",
        "scoringAgainst": "55.0% (34.4) // 55.2% (33.9) // 61.6% (38.2) // 63.2% (39.5)",
        "oppCorsi": "47.1% (54.8) // 48.1% (54.8) // 50.9% (60.8) // 51.7% (58.1)",
        "oppFenwick": "47.0% (39.1) // 46.8% (38.6) // 48.2% (41.6) // 48.3% (39.8)",
        "oppShots": "47.8% (27.5) // 48.2% (27.3) // 52.0% (30.9) // 54.5% (29.3)",
        "oppScoring": "48.3% (27.1) // 49.6% (26.9) // 52.4% (29.2) // 45.8% (23.5)",
        "oppCorsiAgainst": "52.9% (61.7) // 51.9% (59.3) // 49.1% (58.6) // 48.3% (54.2)",
        "oppFenwickAgainst": "53.0% (44.1) // 53.2% (43.9) // 51.8% (44.7) // 51.7% (42.7)",
        "oppShotsAgainst": "52.2% (30.1) // 51.8% (29.3) // 48.0% (28.5) // 45.5% (24.5)",
        "oppScoringAgainst": "51.7% (29.0) // 50.4% (27.3) // 47.6% (26.6) // 54.2% (27.8)",
        "totalOver": 77,
        "totalOverLast5": 80,
        "totalOverLast15": 73,
        "lastTotalOver": 48,
        "last5": "19,36,30,30,37,34,32,42,28,40",
        "fd": "+102/-130",
        "dk": "+100/-130",
        "implied": 50.0,
        "overOdds": "+100",
        "underOdds": "-130",
        "overUnder": "+100 / -130"
    },
    {
        "player": "Petr Mrazek",
        "team": "CHI",
        "opponent": "DAL",
        "propType": "saves",
        "line": 29.5,
        "ppLine": "",
        "avg": 27.68,
        "hit": false,
        "diffAvg": -0.06,
        "diffAbs": 0.06,
        "lastAvg": 28.62,
        "diff": -0.03,
        "avgMin": 54,
        "proj": 27.8,
        "lastAvgMin": 55.52,
        "oppOver": 0,
        "teamOver": 50,
        "gameLine": "+310",
        "+/-": 0,
        "L5_+/-": 0,
        "prevMatchup": "",
        "winLossSplits": "89% - 31%",
        "awayHome": "A",
        "playedYesterday": "N",
        "awayHomeSplits": "45% - 64%",
        "savesAboveExp": -0.91,
        "gsaa": 5.39,
        "corsi": "44.6% (51.6) // 41.9% (47.6) // 40.8% (47.1) // 38.4% (45.6)",
        "fenwick": "44.5% (37.0) // 43.0% (35.8) // 40.4% (34.2) // 37.0% (32.9)",
        "shots": "44.7% (26.4) // 42.3% (24.3) // 37.8% (21.8) // 36.0% (22.1)",
        "scoring": "43.6% (24.9) // 40.6% (21.5) // 42.2% (22.3) // 38.1% (19.6)",
        "corsiAgainst": "55.4% (63.9) // 58.1% (66.2) // 59.2% (68.4) // 61.6% (73.1)",
        "fenwickAgainst": "55.5% (46.2) // 57.0% (47.4) // 59.6% (50.5) // 63.0% (56.0)",
        "shotsAgainst": "55.3% (32.6) // 57.7% (33.2) // 62.2% (35.9) // 64.0% (39.3)",
        "scoringAgainst": "56.4% (32.3) // 59.4% (31.5) // 57.8% (30.5) // 61.9% (31.9)",
        "oppCorsi": "51.5% (61.4) // 54.3% (62.1) // 59.9% (68.5) // 61.8% (74.5)",
        "oppFenwick": "50.7% (43.8) // 53.3% (44.2) // 59.9% (49.0) // 60.2% (50.0)",
        "oppShots": "49.5% (29.7) // 52.0% (30.5) // 60.8% (35.7) // 59.2% (37.0)",
        "oppScoring": "53.5% (30.2) // 53.8% (28.6) // 60.1% (32.8) // 61.4% (35.0)",
        "oppCorsiAgainst": "48.5% (57.9) // 45.7% (52.3) // 40.1% (45.8) // 38.2% (46.0)",
        "oppFenwickAgainst": "49.3% (42.6) // 46.7% (38.7) // 40.1% (32.8) // 39.8% (33.0)",
        "oppShotsAgainst": "50.5% (30.2) // 48.0% (28.1) // 39.2% (23.0) // 40.8% (25.5)",
        "oppScoringAgainst": "46.5% (26.3) // 46.2% (24.6) // 39.9% (21.7) // 38.6% (22.0)",
        "totalOver": 55,
        "totalOverLast5": 40,
        "totalOverLast15": 40,
        "lastTotalOver": 43,
        "last5": "37,23,35,22,5,25,38,37,30,24",
        "fd": "-112/-112",
        "dk": "-115/-115",
        "implied": 53.48837209302325,
        "overOdds": "-115",
        "underOdds": "-115",
        "overUnder": "-115 / -115"
    },
    {
        "player": "Scott Wedgewood",
        "team": "DAL",
        "opponent": "CHI",
        "propType": "saves",
        "line": 23.5,
        "ppLine": "",
        "avg": 28.62,
        "hit": false,
        "diffAvg": 0.22,
        "diffAbs": 0.08,
        "lastAvg": 23.0,
        "diff": -0.02,
        "avgMin": 59,
        "proj": 25.3,
        "lastAvgMin": 53.65,
        "oppOver": 0,
        "teamOver": 67,
        "gameLine": "-395",
        "+/-": 0,
        "L5_+/-": 0,
        "prevMatchup": "",
        "winLossSplits": "67% - 75%",
        "awayHome": "H",
        "playedYesterday": "N",
        "awayHomeSplits": "71% - 67%",
        "savesAboveExp": 0.285,
        "gsaa": 0.93,
        "corsi": "51.5% (61.4) // 54.3% (62.1) // 59.9% (68.5) // 61.8% (74.5)",
        "fenwick": "50.7% (43.8) // 53.3% (44.2) // 59.9% (49.0) // 60.2% (50.0)",
        "shots": "49.5% (29.7) // 52.0% (30.5) // 60.8% (35.7) // 59.2% (37.0)",
        "scoring": "53.5% (30.2) // 53.8% (28.6) // 60.1% (32.8) // 61.4% (35.0)",
        "corsiAgainst": "48.5% (57.9) // 45.7% (52.3) // 40.1% (45.8) // 38.2% (46.0)",
        "fenwickAgainst": "49.3% (42.6) // 46.7% (38.7) // 40.1% (32.8) // 39.8% (33.0)",
        "shotsAgainst": "50.5% (30.2) // 48.0% (28.1) // 39.2% (23.0) // 40.8% (25.5)",
        "scoringAgainst": "46.5% (26.3) // 46.2% (24.6) // 39.9% (21.7) // 38.6% (22.0)",
        "oppCorsi": "44.6% (51.6) // 41.9% (47.6) // 40.8% (47.1) // 38.4% (45.6)",
        "oppFenwick": "44.5% (37.0) // 43.0% (35.8) // 40.4% (34.2) // 37.0% (32.9)",
        "oppShots": "44.7% (26.4) // 42.3% (24.3) // 37.8% (21.8) // 36.0% (22.1)",
        "oppScoring": "43.6% (24.9) // 40.6% (21.5) // 42.2% (22.3) // 38.1% (19.6)",
        "oppCorsiAgainst": "55.4% (63.9) // 58.1% (66.2) // 59.2% (68.4) // 61.6% (73.1)",
        "oppFenwickAgainst": "55.5% (46.2) // 57.0% (47.4) // 59.6% (50.5) // 63.0% (56.0)",
        "oppShotsAgainst": "55.3% (32.6) // 57.7% (33.2) // 62.2% (35.9) // 64.0% (39.3)",
        "oppScoringAgainst": "56.4% (32.3) // 59.4% (31.5) // 57.8% (30.5) // 61.9% (31.9)",
        "totalOver": 69,
        "totalOverLast5": 60,
        "totalOverLast15": 69,
        "lastTotalOver": 71,
        "last5": "28,19,17,35,30,25,23,32,30,31",
        "fd": "-124/-102",
        "dk": "-125/-105",
        "implied": 55.55555555555556,
        "overOdds": "-125",
        "underOdds": "-105",
        "overUnder": "-125 / -105"
    },
    {
        "player": "Alexandar Georgiev",
        "team": "COL",
        "opponent": "STL",
        "propType": "saves",
        "line": 26.5,
        "ppLine": "",
        "avg": 25.29,
        "hit": false,
        "diffAvg": -0.05,
        "diffAbs": 0.07,
        "lastAvg": 25.35,
        "diff": -0.04,
        "avgMin": 58,
        "proj": 24.6,
        "lastAvgMin": 59.67,
        "oppOver": 0,
        "teamOver": 49,
        "gameLine": "-166",
        "+/-": 0,
        "L5_+/-": 0,
        "prevMatchup": "2023-11-01 stl @ col 27.0 sv 2023-11-11 stl @ col 34.0 sv",
        "winLossSplits": "39% - 30%",
        "awayHome": "A",
        "playedYesterday": "N",
        "awayHomeSplits": "40% - 31%",
        "savesAboveExp": 0.16,
        "gsaa": -5.44,
        "corsi": "52.8% (63.0) // 52.5% (62.3) // 49.3% (53.0) // 47.6% (43.3)",
        "fenwick": "52.5% (45.6) // 52.7% (45.7) // 50.6% (42.4) // 47.6% (33.2)",
        "shots": "52.2% (31.7) // 52.5% (32.3) // 51.4% (30.9) // 49.0% (24.1)",
        "scoring": "53.1% (30.8) // 53.9% (31.9) // 51.1% (27.2) // 49.5% (22.6)",
        "corsiAgainst": "47.2% (56.5) // 47.5% (56.5) // 50.7% (54.4) // 52.4% (47.6)",
        "fenwickAgainst": "47.5% (41.2) // 47.3% (41.1) // 49.4% (41.4) // 52.4% (36.6)",
        "shotsAgainst": "47.8% (29.1) // 47.5% (29.3) // 48.6% (29.2) // 51.0% (25.0)",
        "scoringAgainst": "46.9% (27.2) // 46.1% (27.3) // 48.9% (26.0) // 50.5% (23.1)",
        "oppCorsi": "47.8% (57.0) // 49.6% (60.8) // 45.5% (54.5) // 48.6% (59.0)",
        "oppFenwick": "47.7% (42.6) // 49.8% (46.2) // 47.1% (42.2) // 50.5% (46.0)",
        "oppShots": "48.7% (30.5) // 51.7% (33.7) // 48.8% (31.3) // 54.5% (36.0)",
        "oppScoring": "48.8% (28.6) // 48.9% (29.4) // 46.4% (26.0) // 48.6% (26.5)",
        "oppCorsiAgainst": "52.2% (62.2) // 50.4% (61.7) // 54.5% (65.2) // 51.4% (62.5)",
        "oppFenwickAgainst": "52.3% (46.7) // 50.2% (46.5) // 52.9% (47.5) // 49.5% (45.0)",
        "oppShotsAgainst": "51.3% (32.1) // 48.3% (31.5) // 51.2% (32.8) // 45.5% (30.0)",
        "oppScoringAgainst": "51.2% (30.1) // 51.1% (30.7) // 53.6% (30.0) // 51.4% (28.0)",
        "totalOver": 36,
        "totalOverLast5": 20,
        "totalOverLast15": 40,
        "lastTotalOver": 46,
        "last5": "22,24,41,19,25,17,24,31,34,29",
        "fd": "-124/-102",
        "dk": "-125/-105",
        "implied": 55.55555555555556,
        "overOdds": "-125",
        "underOdds": "-105",
        "overUnder": "-125 / -105"
    },
    {
        "player": "Jordan Binnington",
        "team": "STL",
        "opponent": "COL",
        "propType": "saves",
        "line": 28.5,
        "ppLine": "",
        "avg": 27.32,
        "hit": false,
        "diffAvg": -0.04,
        "diffAbs": 0.11,
        "lastAvg": 26.75,
        "diff": -0.06,
        "avgMin": 55,
        "proj": 25.5,
        "lastAvgMin": 57.63,
        "oppOver": 0,
        "teamOver": 59,
        "gameLine": "+140",
        "+/-": 0,
        "L5_+/-": 0,
        "prevMatchup": "2023-11-01 stl @ col 24.0 sv 2023-11-11 stl @ col 36.0 sv",
        "winLossSplits": "75% - 38%",
        "awayHome": "H",
        "playedYesterday": "N",
        "awayHomeSplits": "46% - 67%",
        "savesAboveExp": -0.172,
        "gsaa": -2.26,
        "corsi": "47.8% (57.0) // 49.6% (60.8) // 45.5% (54.5) // 48.6% (59.0)",
        "fenwick": "47.7% (42.6) // 49.8% (46.2) // 47.1% (42.2) // 50.5% (46.0)",
        "shots": "48.7% (30.5) // 51.7% (33.7) // 48.8% (31.3) // 54.5% (36.0)",
        "scoring": "48.8% (28.6) // 48.9% (29.4) // 46.4% (26.0) // 48.6% (26.5)",
        "corsiAgainst": "52.2% (62.2) // 50.4% (61.7) // 54.5% (65.2) // 51.4% (62.5)",
        "fenwickAgainst": "52.3% (46.7) // 50.2% (46.5) // 52.9% (47.5) // 49.5% (45.0)",
        "shotsAgainst": "51.3% (32.1) // 48.3% (31.5) // 51.2% (32.8) // 45.5% (30.0)",
        "scoringAgainst": "51.2% (30.1) // 51.1% (30.7) // 53.6% (30.0) // 51.4% (28.0)",
        "oppCorsi": "52.8% (63.0) // 52.5% (62.3) // 49.3% (53.0) // 47.6% (43.3)",
        "oppFenwick": "52.5% (45.6) // 52.7% (45.7) // 50.6% (42.4) // 47.6% (33.2)",
        "oppShots": "52.2% (31.7) // 52.5% (32.3) // 51.4% (30.9) // 49.0% (24.1)",
        "oppScoring": "53.1% (30.8) // 53.9% (31.9) // 51.1% (27.2) // 49.5% (22.6)",
        "oppCorsiAgainst": "47.2% (56.5) // 47.5% (56.5) // 50.7% (54.4) // 52.4% (47.6)",
        "oppFenwickAgainst": "47.5% (41.2) // 47.3% (41.1) // 49.4% (41.4) // 52.4% (36.6)",
        "oppShotsAgainst": "47.8% (29.1) // 47.5% (29.3) // 48.6% (29.2) // 51.0% (25.0)",
        "oppScoringAgainst": "46.9% (27.2) // 46.1% (27.3) // 48.9% (26.0) // 50.5% (23.1)",
        "totalOver": 56,
        "totalOverLast5": 20,
        "totalOverLast15": 40,
        "lastTotalOver": 33,
        "last5": "15,18,20,32,26,21,43,33,42,34",
        "fd": "-118/-108",
        "dk": "-120/-110",
        "implied": 54.54545454545454,
        "overOdds": "-120",
        "underOdds": "-110",
        "overUnder": "-120 / -110"
    },
    {
        "player": "Carter Hart",
        "team": "PHI",
        "opponent": "SEA",
        "propType": "saves",
        "line": 26.5,
        "ppLine": "",
        "avg": 25.26,
        "hit": false,
        "diffAvg": -0.05,
        "diffAbs": 0.01,
        "lastAvg": 27.45,
        "diff": 0.04,
        "avgMin": 55,
        "proj": 26.3,
        "lastAvgMin": 57.52,
        "oppOver": 0,
        "teamOver": 44,
        "gameLine": "+114",
        "+/-": 0,
        "L5_+/-": 0,
        "prevMatchup": "",
        "winLossSplits": "50% - 44%",
        "awayHome": "A",
        "playedYesterday": "Y",
        "awayHomeSplits": "44% - 50%",
        "savesAboveExp": 0.493,
        "gsaa": 6.01,
        "corsi": "49.7% (59.5) // 47.6% (56.1) // 48.4% (54.6) // 46.1% (48.0)",
        "fenwick": "51.9% (44.2) // 50.8% (43.7) // 51.5% (42.8) // 47.9% (34.0)",
        "shots": "53.3% (32.2) // 51.6% (31.3) // 50.8% (30.2) // 48.1% (25.0)",
        "scoring": "48.5% (27.2) // 45.4% (26.8) // 43.7% (24.2) // 49.0% (24.0)",
        "corsiAgainst": "50.3% (60.3) // 52.4% (61.9) // 51.6% (58.2) // 53.9% (56.0)",
        "fenwickAgainst": "48.1% (41.0) // 49.2% (42.4) // 48.5% (40.3) // 52.1% (37.0)",
        "shotsAgainst": "46.7% (28.2) // 48.4% (29.3) // 49.2% (29.2) // 51.9% (27.0)",
        "scoringAgainst": "51.5% (28.9) // 54.6% (32.3) // 56.3% (31.2) // 51.0% (25.0)",
        "oppCorsi": "51.4% (60.6) // 49.6% (58.2) // 44.0% (54.7) // 43.3% (51.5)",
        "oppFenwick": "50.3% (42.4) // 48.0% (40.0) // 39.7% (35.3) // 39.5% (33.0)",
        "oppShots": "50.2% (29.0) // 47.6% (26.8) // 38.8% (24.3) // 37.4% (21.5)",
        "oppScoring": "53.0% (28.8) // 52.9% (28.2) // 44.8% (24.3) // 39.4% (20.5)",
        "oppCorsiAgainst": "48.6% (57.4) // 50.4% (59.1) // 56.0% (69.7) // 56.7% (67.5)",
        "oppFenwickAgainst": "49.7% (42.0) // 52.0% (43.2) // 60.3% (53.7) // 60.5% (50.5)",
        "oppShotsAgainst": "49.8% (28.8) // 52.4% (29.5) // 61.2% (38.3) // 62.6% (36.0)",
        "oppScoringAgainst": "47.0% (25.5) // 47.1% (25.2) // 55.2% (30.0) // 60.6% (31.5)",
        "totalOver": 47,
        "totalOverLast5": 60,
        "totalOverLast15": 53,
        "lastTotalOver": 48,
        "last5": "8,31,36,25,31,31,32,16,22,28",
        "fd": "-102/-124",
        "dk": "-110/-120",
        "implied": 52.38095238095239,
        "overOdds": "-110",
        "underOdds": "-120",
        "overUnder": "-110 / -120"
    },
    {
        "player": "Joey Daccord",
        "team": "SEA",
        "opponent": "PHI",
        "propType": "saves",
        "line": 26.5,
        "ppLine": "",
        "avg": 25.33,
        "hit": false,
        "diffAvg": -0.04,
        "diffAbs": 0.02,
        "lastAvg": 23.4,
        "diff": -0.12,
        "avgMin": 57,
        "proj": 26.9,
        "lastAvgMin": 49.62,
        "oppOver": 0,
        "teamOver": 33,
        "gameLine": "-135",
        "+/-": 0,
        "L5_+/-": 0,
        "prevMatchup": "",
        "winLossSplits": "43% - 29%",
        "awayHome": "H",
        "playedYesterday": "N",
        "awayHomeSplits": "50% - 18%",
        "savesAboveExp": -1.16,
        "gsaa": 5.54,
        "corsi": "51.4% (60.6) // 49.6% (58.2) // 44.0% (54.7) // 43.3% (51.5)",
        "fenwick": "50.3% (42.4) // 48.0% (40.0) // 39.7% (35.3) // 39.5% (33.0)",
        "shots": "50.2% (29.0) // 47.6% (26.8) // 38.8% (24.3) // 37.4% (21.5)",
        "scoring": "53.0% (28.8) // 52.9% (28.2) // 44.8% (24.3) // 39.4% (20.5)",
        "corsiAgainst": "48.6% (57.4) // 50.4% (59.1) // 56.0% (69.7) // 56.7% (67.5)",
        "fenwickAgainst": "49.7% (42.0) // 52.0% (43.2) // 60.3% (53.7) // 60.5% (50.5)",
        "shotsAgainst": "49.8% (28.8) // 52.4% (29.5) // 61.2% (38.3) // 62.6% (36.0)",
        "scoringAgainst": "47.0% (25.5) // 47.1% (25.2) // 55.2% (30.0) // 60.6% (31.5)",
        "oppCorsi": "49.7% (59.5) // 47.6% (56.1) // 48.4% (54.6) // 46.1% (48.0)",
        "oppFenwick": "51.9% (44.2) // 50.8% (43.7) // 51.5% (42.8) // 47.9% (34.0)",
        "oppShots": "53.3% (32.2) // 51.6% (31.3) // 50.8% (30.2) // 48.1% (25.0)",
        "oppScoring": "48.5% (27.2) // 45.4% (26.8) // 43.7% (24.2) // 49.0% (24.0)",
        "oppCorsiAgainst": "50.3% (60.3) // 52.4% (61.9) // 51.6% (58.2) // 53.9% (56.0)",
        "oppFenwickAgainst": "48.1% (41.0) // 49.2% (42.4) // 48.5% (40.3) // 52.1% (37.0)",
        "oppShotsAgainst": "46.7% (28.2) // 48.4% (29.3) // 49.2% (29.2) // 51.9% (27.0)",
        "oppScoringAgainst": "51.5% (28.9) // 54.6% (32.3) // 56.3% (31.2) // 51.0% (25.0)",
        "totalOver": 33,
        "totalOverLast5": 60,
        "totalOverLast15": 27,
        "lastTotalOver": 40,
        "last5": "32,42,24,36,21,24,23,5,26,22",
        "fd": "-124/-102",
        "dk": "-125/-105",
        "implied": 55.55555555555556,
        "overOdds": "-125",
        "underOdds": "-105",
        "overUnder": "-125 / -105"
    },
    {
        "player": "Connor Ingram",
        "team": "ARI",
        "opponent": "ANA",
        "propType": "saves",
        "line": 27.5,
        "ppLine": "",
        "avg": 25.86,
        "hit": false,
        "diffAvg": -0.06,
        "diffAbs": 0.08,
        "lastAvg": 32.26,
        "diff": 0.17,
        "avgMin": 54,
        "proj": 29.7,
        "lastAvgMin": 58.75,
        "oppOver": 0,
        "teamOver": 56,
        "gameLine": "-130",
        "+/-": 0,
        "L5_+/-": 0,
        "prevMatchup": "2023-10-21 ana @ ari 32.0 sv 2023-11-01 ari @ ana 25.0 sv",
        "winLossSplits": "69% - 12%",
        "awayHome": "A",
        "playedYesterday": "N",
        "awayHomeSplits": "44% - 50%",
        "savesAboveExp": -0.65,
        "gsaa": 7.52,
        "corsi": "47.2% (54.1) // 51.0% (57.9) // 53.3% (57.6) // 52.4% (47.6)",
        "fenwick": "47.0% (39.4) // 49.3% (40.6) // 52.8% (41.4) // 52.4% (36.6)",
        "shots": "46.7% (26.8) // 48.4% (26.8) // 53.8% (29.4) // 51.0% (25.0)",
        "scoring": "47.4% (27.6) // 51.7% (28.8) // 56.6% (30.4) // 50.5% (23.1)",
        "corsiAgainst": "52.8% (60.7) // 49.0% (55.6) // 46.7% (50.5) // 47.6% (43.3)",
        "fenwickAgainst": "53.0% (44.4) // 50.7% (41.7) // 47.2% (37.0) // 47.6% (33.2)",
        "shotsAgainst": "53.3% (30.7) // 51.6% (28.6) // 46.2% (25.3) // 49.0% (24.1)",
        "scoringAgainst": "52.6% (30.7) // 48.3% (26.9) // 43.4% (23.3) // 49.5% (22.6)",
        "oppCorsi": "46.7% (55.3) // 45.9% (53.9) // 44.2% (53.3) // 44.2% (53.0)",
        "oppFenwick": "47.5% (41.1) // 47.2% (40.0) // 45.9% (38.7) // 49.4% (42.0)",
        "oppShots": "47.8% (28.9) // 47.2% (28.2) // 46.5% (28.3) // 52.6% (30.0)",
        "oppScoring": "45.3% (25.5) // 44.4% (23.3) // 49.4% (27.0) // 51.9% (28.0)",
        "oppCorsiAgainst": "53.3% (63.1) // 54.1% (63.5) // 55.8% (67.3) // 55.8% (67.0)",
        "oppFenwickAgainst": "52.5% (45.4) // 52.8% (44.8) // 54.1% (45.7) // 50.6% (43.0)",
        "oppShotsAgainst": "52.2% (31.6) // 52.8% (31.6) // 53.5% (32.7) // 47.4% (27.0)",
        "oppScoringAgainst": "54.7% (30.7) // 55.6% (29.2) // 50.6% (27.7) // 48.1% (26.0)",
        "totalOver": 48,
        "totalOverLast5": 20,
        "totalOverLast15": 40,
        "lastTotalOver": 54,
        "last5": "22,3,21,40,24,22,26,31,28,30",
        "fd": "-112/-112",
        "dk": "-115/-115",
        "implied": 53.48837209302325,
        "overOdds": "-115",
        "underOdds": "-115",
        "overUnder": "-115 / -115"
    },
    {
        "player": "John Gibson",
        "team": "ANA",
        "opponent": "ARI",
        "propType": "saves",
        "line": 25.5,
        "ppLine": "",
        "avg": 25.41,
        "hit": false,
        "diffAvg": -0.0,
        "diffAbs": 0.28,
        "lastAvg": 33.64,
        "diff": 0.32,
        "avgMin": 55,
        "proj": 32.6,
        "lastAvgMin": 56.68,
        "oppOver": 0,
        "teamOver": 71,
        "gameLine": "+110",
        "+/-": 0,
        "L5_+/-": 0,
        "prevMatchup": "2023-10-21 ana @ ari 25.0 sv 2023-11-01 ari @ ana 32.0 sv",
        "winLossSplits": "62% - 57%",
        "awayHome": "H",
        "playedYesterday": "N",
        "awayHomeSplits": "56% - 62%",
        "savesAboveExp": -0.223,
        "gsaa": 2.94,
        "corsi": "46.7% (55.3) // 45.9% (53.9) // 44.2% (53.3) // 44.2% (53.0)",
        "fenwick": "47.5% (41.1) // 47.2% (40.0) // 45.9% (38.7) // 49.4% (42.0)",
        "shots": "47.8% (28.9) // 47.2% (28.2) // 46.5% (28.3) // 52.6% (30.0)",
        "scoring": "45.3% (25.5) // 44.4% (23.3) // 49.4% (27.0) // 51.9% (28.0)",
        "corsiAgainst": "53.3% (63.1) // 54.1% (63.5) // 55.8% (67.3) // 55.8% (67.0)",
        "fenwickAgainst": "52.5% (45.4) // 52.8% (44.8) // 54.1% (45.7) // 50.6% (43.0)",
        "shotsAgainst": "52.2% (31.6) // 52.8% (31.6) // 53.5% (32.7) // 47.4% (27.0)",
        "scoringAgainst": "54.7% (30.7) // 55.6% (29.2) // 50.6% (27.7) // 48.1% (26.0)",
        "oppCorsi": "47.2% (54.1) // 51.0% (57.9) // 53.3% (57.6) // 52.4% (47.6)",
        "oppFenwick": "47.0% (39.4) // 49.3% (40.6) // 52.8% (41.4) // 52.4% (36.6)",
        "oppShots": "46.7% (26.8) // 48.4% (26.8) // 53.8% (29.4) // 51.0% (25.0)",
        "oppScoring": "47.4% (27.6) // 51.7% (28.8) // 56.6% (30.4) // 50.5% (23.1)",
        "oppCorsiAgainst": "52.8% (60.7) // 49.0% (55.6) // 46.7% (50.5) // 47.6% (43.3)",
        "oppFenwickAgainst": "53.0% (44.4) // 50.7% (41.7) // 47.2% (37.0) // 47.6% (33.2)",
        "oppShotsAgainst": "53.3% (30.7) // 51.6% (28.6) // 46.2% (25.3) // 49.0% (24.1)",
        "oppScoringAgainst": "52.6% (30.7) // 48.3% (26.9) // 43.4% (23.3) // 49.5% (22.6)",
        "totalOver": 59,
        "totalOverLast5": 80,
        "totalOverLast15": 60,
        "lastTotalOver": 84,
        "last5": "30,18,30,27,27,34,21,24,8,26",
        "fd": "0",
        "dk": "-115/-115",
        "implied": 53.48837209302325,
        "overOdds": "-115",
        "underOdds": "-115",
        "overUnder": "-115 / -115"
    }
]