[
    {
        "player": "Anton Forsberg",
        "team": "OTT",
        "opponent": "DAL",
        "propType": "saves",
        "line": 27.5,
        "ppLine": "",
        "avg": 23.72,
        "hit": false,
        "diffAvg": -0.14,
        "diffAbs": 0.05,
        "lastAvg": 26.32,
        "diff": -0.04,
        "avgMin": 52,
        "proj": 26.0,
        "lastAvgMin": 52.55,
        "oppOver": 0,
        "teamOver": 38,
        "gameLine": "+142",
        "+/-": 0,
        "L5_+/-": 0,
        "prevMatchup": "2023-12-15 ott @ dal 19.0 sv",
        "winLossSplits": "56% - 11%",
        "awayHome": "H",
        "playedYesterday": "N",
        "awayHomeSplits": "20% - 38%",
        "savesAboveExp": 0.689,
        "gsaa": -5.87,
        "corsi": "50.3% (61.5) // 48.7% (63.0) // 52.5% (67.6) // 50.9% (63.0)",
        "fenwick": "50.9% (44.8) // 48.5% (45.0) // 51.8% (47.2) // 48.3% (42.7)",
        "shots": "50.5% (32.1) // 47.6% (32.0) // 49.1% (32.4) // 44.4% (30.3)",
        "scoring": "47.7% (27.6) // 45.7% (27.1) // 47.2% (27.0) // 43.3% (24.7)",
        "corsiAgainst": "49.7% (60.9) // 51.3% (66.4) // 47.5% (61.2) // 49.1% (60.7)",
        "fenwickAgainst": "49.1% (43.2) // 51.5% (47.7) // 48.2% (44.0) // 51.7% (45.7)",
        "shotsAgainst": "49.5% (31.4) // 52.4% (35.2) // 50.9% (33.6) // 55.6% (38.0)",
        "scoringAgainst": "52.3% (30.3) // 54.3% (32.2) // 52.8% (30.2) // 56.7% (32.3)",
        "oppCorsi": "52.1% (62.2) // 56.6% (66.9) // 55.4% (65.2) // 52.1% (59.0)",
        "oppFenwick": "51.6% (44.3) // 57.1% (47.3) // 55.9% (44.9) // 54.4% (41.7)",
        "oppShots": "50.7% (30.0) // 57.8% (32.7) // 55.2% (29.2) // 55.0% (27.7)",
        "oppScoring": "54.3% (30.8) // 58.9% (33.4) // 56.5% (31.6) // 54.5% (28.0)",
        "oppCorsiAgainst": "47.9% (57.2) // 43.4% (51.3) // 44.6% (52.6) // 47.9% (54.3)",
        "oppFenwickAgainst": "48.4% (41.6) // 42.9% (35.5) // 44.1% (35.4) // 45.6% (35.0)",
        "oppShotsAgainst": "49.3% (29.2) // 42.2% (23.9) // 44.8% (23.7) // 45.0% (22.7)",
        "oppScoringAgainst": "45.7% (25.9) // 41.1% (23.3) // 43.5% (24.3) // 45.5% (23.3)",
        "totalOver": 33,
        "totalOverLast5": 40,
        "totalOverLast15": 40,
        "lastTotalOver": 40,
        "last5": "23,37,6,43,9,45,30,19,18,33",
        "fd": "-120/-110",
        "dk": "-120/-110",
        "kambi": "0",
        "lowest": "-120 DK",
        "implied": 54.54545454545454,
        "overOdds": "-120",
        "underOdds": "-110",
        "overUnder": "-120 / -110"
    },
    {
        "player": "Jake Oettinger",
        "team": "DAL",
        "opponent": "OTT",
        "propType": "saves",
        "line": 28.5,
        "ppLine": "",
        "avg": 26.32,
        "hit": false,
        "diffAvg": -0.08,
        "diffAbs": 0.32,
        "lastAvg": 20.16,
        "diff": -0.29,
        "avgMin": 57,
        "proj": 19.5,
        "lastAvgMin": 58.78,
        "oppOver": 0,
        "teamOver": 37,
        "gameLine": "-170",
        "+/-": 0,
        "L5_+/-": 0,
        "prevMatchup": "2023-12-15 ott @ dal 25.0 sv",
        "winLossSplits": "33% - 31%",
        "awayHome": "A",
        "playedYesterday": "N",
        "awayHomeSplits": "35% - 29%",
        "savesAboveExp": 0.39,
        "gsaa": -0.9,
        "corsi": "52.1% (62.2) // 56.6% (66.9) // 55.4% (65.2) // 52.1% (59.0)",
        "fenwick": "51.6% (44.3) // 57.1% (47.3) // 55.9% (44.9) // 54.4% (41.7)",
        "shots": "50.7% (30.0) // 57.8% (32.7) // 55.2% (29.2) // 55.0% (27.7)",
        "scoring": "54.3% (30.8) // 58.9% (33.4) // 56.5% (31.6) // 54.5% (28.0)",
        "corsiAgainst": "47.9% (57.2) // 43.4% (51.3) // 44.6% (52.6) // 47.9% (54.3)",
        "fenwickAgainst": "48.4% (41.6) // 42.9% (35.5) // 44.1% (35.4) // 45.6% (35.0)",
        "shotsAgainst": "49.3% (29.2) // 42.2% (23.9) // 44.8% (23.7) // 45.0% (22.7)",
        "scoringAgainst": "45.7% (25.9) // 41.1% (23.3) // 43.5% (24.3) // 45.5% (23.3)",
        "oppCorsi": "50.3% (61.5) // 48.7% (63.0) // 52.5% (67.6) // 50.9% (63.0)",
        "oppFenwick": "50.9% (44.8) // 48.5% (45.0) // 51.8% (47.2) // 48.3% (42.7)",
        "oppShots": "50.5% (32.1) // 47.6% (32.0) // 49.1% (32.4) // 44.4% (30.3)",
        "oppScoring": "47.7% (27.6) // 45.7% (27.1) // 47.2% (27.0) // 43.3% (24.7)",
        "oppCorsiAgainst": "49.7% (60.9) // 51.3% (66.4) // 47.5% (61.2) // 49.1% (60.7)",
        "oppFenwickAgainst": "49.1% (43.2) // 51.5% (47.7) // 48.2% (44.0) // 51.7% (45.7)",
        "oppShotsAgainst": "49.5% (31.4) // 52.4% (35.2) // 50.9% (33.6) // 55.6% (38.0)",
        "oppScoringAgainst": "52.3% (30.3) // 54.3% (32.2) // 52.8% (30.2) // 56.7% (32.3)",
        "totalOver": 32,
        "totalOverLast5": 20,
        "totalOverLast15": 40,
        "lastTotalOver": 27,
        "last5": "27,20,20,32,18,47,24,18,30,38",
        "fd": "0",
        "dk": "-115/-115",
        "kambi": "0",
        "lowest": "-115 DK",
        "implied": 53.48837209302325,
        "overOdds": "-115",
        "underOdds": "-115",
        "overUnder": "-115 / -115"
    },
    {
        "player": "Andrei Vasilevskiy",
        "team": "TB",
        "opponent": "WSH",
        "propType": "saves",
        "line": 25.5,
        "ppLine": "",
        "avg": 25.25,
        "hit": false,
        "diffAvg": -0.01,
        "diffAbs": 0.04,
        "lastAvg": 25.24,
        "diff": -0.01,
        "avgMin": 58,
        "proj": 24.4,
        "lastAvgMin": 59.93,
        "oppOver": 0,
        "teamOver": 49,
        "gameLine": "-198",
        "+/-": 0,
        "L5_+/-": 0,
        "prevMatchup": "2023-12-23 tb @ wsh 33.0 sv",
        "winLossSplits": "58% - 15%",
        "awayHome": "H",
        "playedYesterday": "N",
        "awayHomeSplits": "44% - 38%",
        "savesAboveExp": 0.522,
        "gsaa": -3.69,
        "corsi": "51.4% (61.0) // 53.8% (62.0) // 55.3% (60.6) // 54.7% (57.1)",
        "fenwick": "51.1% (43.5) // 52.9% (43.2) // 53.8% (42.2) // 52.6% (39.1)",
        "shots": "49.7% (29.6) // 49.9% (27.5) // 51.7% (27.4) // 48.7% (24.5)",
        "scoring": "52.2% (30.2) // 55.3% (29.8) // 58.7% (30.6) // 58.5% (30.3)",
        "corsiAgainst": "48.6% (57.7) // 46.2% (53.3) // 44.7% (49.0) // 45.3% (47.3)",
        "fenwickAgainst": "48.9% (41.6) // 47.1% (38.4) // 46.2% (36.3) // 47.4% (35.2)",
        "shotsAgainst": "50.3% (30.0) // 50.1% (27.6) // 48.3% (25.7) // 51.3% (25.8)",
        "scoringAgainst": "47.8% (27.6) // 44.7% (24.0) // 41.3% (21.5) // 41.5% (21.5)",
        "oppCorsi": "46.0% (54.0) // 44.0% (53.0) // 41.0% (49.4) // 46.4% (60.5)",
        "oppFenwick": "46.1% (39.0) // 43.6% (38.9) // 42.0% (37.8) // 45.5% (45.5)",
        "oppShots": "47.1% (27.2) // 46.4% (26.8) // 43.7% (25.0) // 48.4% (30.0)",
        "oppScoring": "46.9% (26.4) // 43.7% (24.5) // 40.6% (22.0) // 48.0% (30.0)",
        "oppCorsiAgainst": "54.0% (63.4) // 56.0% (67.4) // 59.0% (71.2) // 53.6% (70.0)",
        "oppFenwickAgainst": "53.9% (45.6) // 56.4% (50.2) // 58.0% (52.2) // 54.5% (54.5)",
        "oppShotsAgainst": "52.9% (30.5) // 53.6% (30.9) // 56.3% (32.2) // 51.6% (32.0)",
        "oppScoringAgainst": "53.1% (29.9) // 56.3% (31.6) // 59.4% (32.2) // 52.0% (32.5)",
        "totalOver": 41,
        "totalOverLast5": 60,
        "totalOverLast15": 47,
        "lastTotalOver": 52,
        "last5": "24,16,28,36,33,21,21,17,29,33",
        "fd": "0",
        "dk": "-115/-115",
        "kambi": "0",
        "lowest": "-115 DK",
        "implied": 53.48837209302325,
        "overOdds": "-115",
        "underOdds": "-115",
        "overUnder": "-115 / -115"
    },
    {
        "player": "Tristan Jarry",
        "team": "PIT",
        "opponent": "MTL",
        "propType": "saves",
        "line": 24.5,
        "ppLine": "",
        "avg": 24.5,
        "hit": false,
        "diffAvg": 0.0,
        "diffAbs": 0.09,
        "lastAvg": 27.36,
        "diff": 0.12,
        "avgMin": 55,
        "proj": 26.7,
        "lastAvgMin": 56.38,
        "oppOver": 0,
        "teamOver": 64,
        "gameLine": "-270",
        "+/-": 0,
        "L5_+/-": 0,
        "prevMatchup": "2023-12-13 pit @ mtl 39.0 sv 2024-01-27 mtl @ pit 25.0 sv",
        "winLossSplits": "50% - 50%",
        "awayHome": "H",
        "playedYesterday": "N",
        "awayHomeSplits": "41% - 58%",
        "savesAboveExp": 0.033,
        "gsaa": 7.37,
        "corsi": "52.7% (66.0) // 55.0% (69.4) // 55.8% (70.3) // 55.0% (72.1)",
        "fenwick": "51.8% (47.4) // 54.7% (48.6) // 56.0% (52.1) // 54.8% (54.1)",
        "shots": "52.4% (32.9) // 54.6% (33.9) // 55.4% (36.6) // 54.0% (37.7)",
        "scoring": "53.2% (32.4) // 57.3% (34.4) // 60.7% (35.4) // 59.0% (36.7)",
        "corsiAgainst": "47.3% (59.3) // 45.0% (56.8) // 44.2% (55.6) // 45.0% (59.0)",
        "fenwickAgainst": "48.2% (44.1) // 45.3% (40.2) // 44.0% (41.0) // 45.2% (44.6)",
        "shotsAgainst": "47.6% (29.9) // 45.4% (28.2) // 44.6% (29.5) // 46.0% (32.1)",
        "scoringAgainst": "46.8% (28.5) // 42.7% (25.6) // 39.3% (23.0) // 41.0% (25.6)",
        "oppCorsi": "46.4% (56.1) // 45.1% (53.9) // 42.0% (53.4) // 43.4% (55.6)",
        "oppFenwick": "46.8% (40.5) // 46.2% (38.2) // 42.1% (37.9) // 43.4% (39.2)",
        "oppShots": "45.9% (27.9) // 45.0% (25.2) // 41.2% (26.1) // 40.8% (26.5)",
        "oppScoring": "45.8% (27.3) // 42.3% (22.7) // 40.6% (24.2) // 42.6% (25.6)",
        "oppCorsiAgainst": "53.6% (64.8) // 54.9% (65.5) // 58.0% (73.7) // 56.6% (72.6)",
        "oppFenwickAgainst": "53.2% (46.1) // 53.8% (44.5) // 57.9% (52.1) // 56.6% (51.2)",
        "oppShotsAgainst": "54.1% (32.9) // 55.0% (30.7) // 58.8% (37.4) // 59.2% (38.5)",
        "oppScoringAgainst": "54.2% (32.4) // 57.7% (31.0) // 59.4% (35.4) // 57.4% (34.4)",
        "totalOver": 50,
        "totalOverLast5": 60,
        "totalOverLast15": 47,
        "lastTotalOver": 59,
        "last5": "31,18,29,23,25,22,26,22,32,19",
        "fd": "0",
        "dk": "-120/-110",
        "kambi": "0",
        "lowest": "-120 DK",
        "implied": 54.54545454545454,
        "overOdds": "-120",
        "underOdds": "-110",
        "overUnder": "-120 / -110"
    },
    {
        "player": "Sergei Bobrovsky",
        "team": "FLA",
        "opponent": "CAR",
        "propType": "saves",
        "line": 28.5,
        "ppLine": "",
        "avg": 25.12,
        "hit": false,
        "diffAvg": -0.12,
        "diffAbs": 0.31,
        "lastAvg": 19.14,
        "diff": -0.33,
        "avgMin": 58,
        "proj": 19.6,
        "lastAvgMin": 56.68,
        "oppOver": 0,
        "teamOver": 27,
        "gameLine": "-105",
        "+/-": 0,
        "L5_+/-": 0,
        "prevMatchup": "2023-11-10 car @ fla 28.0 sv",
        "winLossSplits": "36% - 8%",
        "awayHome": "A",
        "playedYesterday": "N",
        "awayHomeSplits": "21% - 32%",
        "savesAboveExp": -0.102,
        "gsaa": 8.2,
        "corsi": "56.8% (68.9) // 57.5% (67.6) // 55.9% (64.5) // 54.5% (60.3)",
        "fenwick": "55.7% (48.5) // 55.8% (49.6) // 55.1% (49.0) // 53.5% (44.8)",
        "shots": "55.6% (33.9) // 56.2% (34.2) // 56.0% (34.6) // 53.2% (32.8)",
        "scoring": "57.1% (31.9) // 60.6% (31.5) // 60.7% (30.7) // 57.2% (28.2)",
        "corsiAgainst": "43.2% (52.4) // 42.5% (50.1) // 44.1% (51.0) // 45.5% (50.3)",
        "fenwickAgainst": "44.3% (38.5) // 44.2% (39.3) // 44.9% (39.9) // 46.5% (38.9)",
        "shotsAgainst": "44.4% (27.0) // 43.8% (26.7) // 44.0% (27.1) // 46.8% (28.9)",
        "scoringAgainst": "42.9% (23.9) // 39.4% (20.5) // 39.3% (19.9) // 42.8% (21.1)",
        "oppCorsi": "59.9% (70.1) // 58.2% (65.4) // 61.2% (64.7) // 63.0% (66.2)",
        "oppFenwick": "58.3% (49.2) // 56.8% (45.6) // 61.0% (47.0) // 62.8% (46.1)",
        "oppShots": "56.7% (32.8) // 55.0% (30.7) // 59.8% (30.6) // 62.8% (30.7)",
        "oppScoring": "57.8% (31.0) // 59.8% (31.3) // 63.8% (31.1) // 63.5% (32.6)",
        "oppCorsiAgainst": "40.1% (47.0) // 41.8% (46.9) // 38.8% (40.9) // 37.0% (38.9)",
        "oppFenwickAgainst": "41.7% (35.2) // 43.2% (34.7) // 39.0% (30.1) // 37.2% (27.4)",
        "oppShotsAgainst": "43.3% (25.1) // 45.0% (25.1) // 40.2% (20.6) // 37.2% (18.2)",
        "oppScoringAgainst": "42.2% (22.7) // 40.2% (21.0) // 36.2% (17.6) // 36.5% (18.7)",
        "totalOver": 27,
        "totalOverLast5": 20,
        "totalOverLast15": 27,
        "lastTotalOver": 40,
        "last5": "28,28,25,35,21,35,31,11,26,18",
        "fd": "0",
        "dk": "-120/-110",
        "kambi": "0",
        "lowest": "-120 DK",
        "implied": 54.54545454545454,
        "overOdds": "-120",
        "underOdds": "-110",
        "overUnder": "-120 / -110"
    },
    {
        "player": "Jordan Binnington",
        "team": "STL",
        "opponent": "NYI",
        "propType": "saves",
        "line": 27.5,
        "ppLine": "",
        "avg": 27.56,
        "hit": false,
        "diffAvg": 0.0,
        "diffAbs": 0.04,
        "lastAvg": 26.75,
        "diff": -0.03,
        "avgMin": 57,
        "proj": 26.5,
        "lastAvgMin": 57.63,
        "oppOver": 0,
        "teamOver": 60,
        "gameLine": "+105",
        "+/-": 0,
        "L5_+/-": 0,
        "prevMatchup": "",
        "winLossSplits": "75% - 42%",
        "awayHome": "H",
        "playedYesterday": "N",
        "awayHomeSplits": "58% - 60%",
        "savesAboveExp": -0.172,
        "gsaa": 3.5,
        "corsi": "47.6% (56.5) // 46.0% (54.1) // 42.3% (49.5) // 39.6% (45.7)",
        "fenwick": "47.6% (42.1) // 47.1% (40.6) // 42.5% (36.0) // 40.0% (33.1)",
        "shots": "48.5% (29.8) // 47.7% (28.3) // 44.6% (25.5) // 41.1% (23.4)",
        "scoring": "48.3% (28.2) // 45.9% (25.7) // 41.1% (24.5) // 37.5% (22.4)",
        "corsiAgainst": "52.4% (62.3) // 54.0% (63.5) // 57.7% (67.6) // 60.4% (69.7)",
        "fenwickAgainst": "52.4% (46.3) // 52.9% (45.6) // 57.5% (48.7) // 60.0% (49.6)",
        "shotsAgainst": "51.5% (31.7) // 52.3% (31.0) // 55.4% (31.6) // 58.9% (33.4)",
        "scoringAgainst": "51.7% (30.1) // 54.1% (30.2) // 58.9% (35.0) // 62.5% (37.3)",
        "oppCorsi": "44.7% (56.8) // 44.4% (54.6) // 43.4% (50.9) // 46.0% (52.9)",
        "oppFenwick": "45.5% (41.5) // 44.8% (38.7) // 43.5% (34.7) // 44.5% (34.9)",
        "oppShots": "45.8% (29.2) // 45.8% (28.4) // 44.8% (26.5) // 44.9% (26.6)",
        "oppScoring": "45.4% (28.2) // 44.8% (26.8) // 43.3% (23.3) // 45.5% (25.3)",
        "oppCorsiAgainst": "55.3% (70.4) // 55.6% (68.4) // 56.6% (66.2) // 54.0% (62.2)",
        "oppFenwickAgainst": "54.5% (49.6) // 55.2% (47.8) // 56.5% (45.1) // 55.5% (43.6)",
        "oppShotsAgainst": "54.2% (34.6) // 54.2% (33.6) // 55.2% (32.7) // 55.1% (32.6)",
        "oppScoringAgainst": "54.6% (33.9) // 55.2% (33.1) // 56.7% (30.5) // 54.5% (30.3)",
        "totalOver": 59,
        "totalOverLast5": 80,
        "totalOverLast15": 60,
        "lastTotalOver": 45,
        "last5": "28,35,28,30,21,33,32,18,21,31",
        "fd": "0",
        "dk": "-125/-105",
        "kambi": "0",
        "lowest": "-125 DK",
        "implied": 55.55555555555556,
        "overOdds": "-125",
        "underOdds": "-105",
        "overUnder": "-125 / -105"
    },
    {
        "player": "Semyon Varlamov",
        "team": "NYI",
        "opponent": "STL",
        "propType": "saves",
        "line": 26.5,
        "ppLine": "",
        "avg": 27.47,
        "hit": false,
        "diffAvg": 0.04,
        "diffAbs": 0.04,
        "lastAvg": 27.35,
        "diff": 0.03,
        "avgMin": 54,
        "proj": 25.5,
        "lastAvgMin": 58.02,
        "oppOver": 0,
        "teamOver": 75,
        "gameLine": "-125",
        "+/-": 0,
        "L5_+/-": 0,
        "prevMatchup": "",
        "winLossSplits": "83% - 55%",
        "awayHome": "A",
        "playedYesterday": "N",
        "awayHomeSplits": "80% - 43%",
        "savesAboveExp": 0.404,
        "gsaa": 6.39,
        "corsi": "44.7% (56.8) // 44.4% (54.6) // 43.4% (50.9) // 46.0% (52.9)",
        "fenwick": "45.5% (41.5) // 44.8% (38.7) // 43.5% (34.7) // 44.5% (34.9)",
        "shots": "45.8% (29.2) // 45.8% (28.4) // 44.8% (26.5) // 44.9% (26.6)",
        "scoring": "45.4% (28.2) // 44.8% (26.8) // 43.3% (23.3) // 45.5% (25.3)",
        "corsiAgainst": "55.3% (70.4) // 55.6% (68.4) // 56.6% (66.2) // 54.0% (62.2)",
        "fenwickAgainst": "54.5% (49.6) // 55.2% (47.8) // 56.5% (45.1) // 55.5% (43.6)",
        "shotsAgainst": "54.2% (34.6) // 54.2% (33.6) // 55.2% (32.7) // 55.1% (32.6)",
        "scoringAgainst": "54.6% (33.9) // 55.2% (33.1) // 56.7% (30.5) // 54.5% (30.3)",
        "oppCorsi": "47.6% (56.5) // 46.0% (54.1) // 42.3% (49.5) // 39.6% (45.7)",
        "oppFenwick": "47.6% (42.1) // 47.1% (40.6) // 42.5% (36.0) // 40.0% (33.1)",
        "oppShots": "48.5% (29.8) // 47.7% (28.3) // 44.6% (25.5) // 41.1% (23.4)",
        "oppScoring": "48.3% (28.2) // 45.9% (25.7) // 41.1% (24.5) // 37.5% (22.4)",
        "oppCorsiAgainst": "52.4% (62.3) // 54.0% (63.5) // 57.7% (67.6) // 60.4% (69.7)",
        "oppFenwickAgainst": "52.4% (46.3) // 52.9% (45.6) // 57.5% (48.7) // 60.0% (49.6)",
        "oppShotsAgainst": "51.5% (31.7) // 52.3% (31.0) // 55.4% (31.6) // 58.9% (33.4)",
        "oppScoringAgainst": "51.7% (30.1) // 54.1% (30.2) // 58.9% (35.0) // 62.5% (37.3)",
        "totalOver": 65,
        "totalOverLast5": 20,
        "totalOverLast15": 53,
        "lastTotalOver": 39,
        "last5": "19,34,22,11,6,33,36,21,32,39",
        "fd": "0",
        "dk": "-105/-125",
        "kambi": "0",
        "lowest": "-105 DK",
        "implied": 51.21951219512195,
        "overOdds": "-105",
        "underOdds": "-125",
        "overUnder": "-105 / -125"
    }
]