[
    {
        "player": "Igor Shesterkin",
        "team": "NYR",
        "opponent": "NYI",
        "propType": "saves",
        "line": 26.5,
        "ppLine": "",
        "avg": 25.18,
        "hit": false,
        "diffAvg": -0.05,
        "diffAbs": 0.12,
        "lastAvg": 23.86,
        "diff": -0.1,
        "avgMin": 59,
        "proj": 23.4,
        "lastAvgMin": 60.15,
        "oppOver": 0,
        "teamOver": 44,
        "gameLine": "-148",
        "+/-": 0,
        "L5_+/-": 0,
        "prevMatchup": "",
        "winLossSplits": "52% - 23%",
        "awayHome": "A",
        "playedYesterday": "N",
        "awayHomeSplits": "53% - 27%",
        "savesAboveExp": 0.388,
        "gsaa": -1.33,
        "corsi": "50.5% (61.1) // 53.6% (64.8) // 59.8% (71.2) // 62.7% (80.1)",
        "fenwick": "51.4% (45.4) // 54.2% (48.1) // 60.2% (53.5) // 62.3% (59.0)",
        "shots": "52.0% (31.4) // 55.5% (34.2) // 60.5% (38.0) // 63.5% (42.8)",
        "scoring": "51.8% (30.0) // 55.8% (32.6) // 60.9% (35.8) // 65.2% (42.5)",
        "corsiAgainst": "49.5% (59.8) // 46.4% (56.0) // 40.2% (47.8) // 37.3% (47.7)",
        "fenwickAgainst": "48.6% (43.0) // 45.8% (40.7) // 39.8% (35.4) // 37.7% (35.7)",
        "shotsAgainst": "48.0% (29.0) // 44.5% (27.5) // 39.5% (24.8) // 36.5% (24.6)",
        "scoringAgainst": "48.2% (27.9) // 44.2% (25.8) // 39.1% (23.0) // 34.8% (22.7)",
        "oppCorsi": "44.7% (56.8) // 44.4% (54.6) // 43.4% (50.9) // 46.0% (52.9)",
        "oppFenwick": "45.5% (41.5) // 44.8% (38.7) // 43.5% (34.7) // 44.5% (34.9)",
        "oppShots": "45.8% (29.2) // 45.8% (28.4) // 44.8% (26.5) // 44.9% (26.6)",
        "oppScoring": "45.4% (28.2) // 44.8% (26.8) // 43.3% (23.3) // 45.5% (25.3)",
        "oppCorsiAgainst": "55.3% (70.4) // 55.6% (68.4) // 56.6% (66.2) // 54.0% (62.2)",
        "oppFenwickAgainst": "54.5% (49.6) // 55.2% (47.8) // 56.5% (45.1) // 55.5% (43.6)",
        "oppShotsAgainst": "54.2% (34.6) // 54.2% (33.6) // 55.2% (32.7) // 55.1% (32.6)",
        "oppScoringAgainst": "54.6% (33.9) // 55.2% (33.1) // 56.7% (30.5) // 54.5% (30.3)",
        "totalOver": 41,
        "totalOverLast5": 40,
        "totalOverLast15": 27,
        "lastTotalOver": 51,
        "last5": "29,28,15,19,16,21,29,24,15,20",
        "fd": "-118/-108",
        "dk": "-120/-110",
        "kambi": "0",
        "lowest": "-118 FD",
        "implied": 54.12844036697248,
        "overOdds": "-120",
        "underOdds": "-110",
        "overUnder": "-120 / -110"
    },
    {
        "player": "Ilya Sorokin",
        "team": "NYI",
        "opponent": "NYR",
        "propType": "saves",
        "line": 28.5,
        "ppLine": "",
        "avg": 30.92,
        "hit": false,
        "diffAvg": 0.08,
        "diffAbs": 0.12,
        "lastAvg": 24.62,
        "diff": -0.14,
        "avgMin": 59,
        "proj": 25.1,
        "lastAvgMin": 57.85,
        "oppOver": 0,
        "teamOver": 66,
        "gameLine": "+124",
        "+/-": 0,
        "L5_+/-": 0,
        "prevMatchup": "",
        "winLossSplits": "69% - 64%",
        "awayHome": "H",
        "playedYesterday": "N",
        "awayHomeSplits": "56% - 73%",
        "savesAboveExp": 0.704,
        "gsaa": 5.74,
        "corsi": "44.7% (56.8) // 44.4% (54.6) // 43.4% (50.9) // 46.0% (52.9)",
        "fenwick": "45.5% (41.5) // 44.8% (38.7) // 43.5% (34.7) // 44.5% (34.9)",
        "shots": "45.8% (29.2) // 45.8% (28.4) // 44.8% (26.5) // 44.9% (26.6)",
        "scoring": "45.4% (28.2) // 44.8% (26.8) // 43.3% (23.3) // 45.5% (25.3)",
        "corsiAgainst": "55.3% (70.4) // 55.6% (68.4) // 56.6% (66.2) // 54.0% (62.2)",
        "fenwickAgainst": "54.5% (49.6) // 55.2% (47.8) // 56.5% (45.1) // 55.5% (43.6)",
        "shotsAgainst": "54.2% (34.6) // 54.2% (33.6) // 55.2% (32.7) // 55.1% (32.6)",
        "scoringAgainst": "54.6% (33.9) // 55.2% (33.1) // 56.7% (30.5) // 54.5% (30.3)",
        "oppCorsi": "50.5% (61.1) // 53.6% (64.8) // 59.8% (71.2) // 62.7% (80.1)",
        "oppFenwick": "51.4% (45.4) // 54.2% (48.1) // 60.2% (53.5) // 62.3% (59.0)",
        "oppShots": "52.0% (31.4) // 55.5% (34.2) // 60.5% (38.0) // 63.5% (42.8)",
        "oppScoring": "51.8% (30.0) // 55.8% (32.6) // 60.9% (35.8) // 65.2% (42.5)",
        "oppCorsiAgainst": "49.5% (59.8) // 46.4% (56.0) // 40.2% (47.8) // 37.3% (47.7)",
        "oppFenwickAgainst": "48.6% (43.0) // 45.8% (40.7) // 39.8% (35.4) // 37.7% (35.7)",
        "oppShotsAgainst": "48.0% (29.0) // 44.5% (27.5) // 39.5% (24.8) // 36.5% (24.6)",
        "oppScoringAgainst": "48.2% (27.9) // 44.2% (25.8) // 39.1% (23.0) // 34.8% (22.7)",
        "totalOver": 66,
        "totalOverLast5": 60,
        "totalOverLast15": 47,
        "lastTotalOver": 48,
        "last5": "29,18,35,24,41,20,40,29,25,32",
        "fd": "-102/-124",
        "dk": "-105/-125",
        "kambi": "0",
        "lowest": "-102 FD",
        "implied": 50.495049504950494,
        "overOdds": "-105",
        "underOdds": "-125",
        "overUnder": "-105 / -125"
    },
    {
        "player": "Karel Vejmelka",
        "team": "ARI",
        "opponent": "COL",
        "propType": "saves",
        "line": 29.5,
        "ppLine": "",
        "avg": 25.58,
        "hit": false,
        "diffAvg": -0.13,
        "diffAbs": 0.1,
        "lastAvg": 30.06,
        "diff": 0.02,
        "avgMin": 52,
        "proj": 26.6,
        "lastAvgMin": 58.82,
        "oppOver": 0,
        "teamOver": 47,
        "gameLine": "+210",
        "+/-": 0,
        "L5_+/-": 0,
        "prevMatchup": "2023-11-30 col @ ari 28.0 sv 2023-12-23 ari @ col 22.0 sv 2023-12-27 col @ ari 20.0 sv",
        "winLossSplits": "33% - 44%",
        "awayHome": "A",
        "playedYesterday": "N",
        "awayHomeSplits": "55% - 31%",
        "savesAboveExp": 0.539,
        "gsaa": -4.24,
        "corsi": "47.5% (54.9) // 50.6% (58.6) // 47.5% (57.2) // 49.9% (61.6)",
        "fenwick": "47.1% (39.9) // 49.6% (42.4) // 46.1% (41.2) // 48.5% (43.4)",
        "shots": "46.5% (27.0) // 48.9% (28.4) // 44.4% (26.8) // 46.5% (28.4)",
        "scoring": "47.6% (27.8) // 52.0% (29.5) // 46.3% (27.4) // 49.7% (30.3)",
        "corsiAgainst": "52.5% (60.8) // 49.4% (57.3) // 52.5% (63.1) // 50.1% (61.9)",
        "fenwickAgainst": "52.9% (44.8) // 50.4% (43.0) // 53.9% (48.1) // 51.5% (46.0)",
        "shotsAgainst": "53.5% (31.0) // 51.1% (29.7) // 55.6% (33.5) // 53.5% (32.6)",
        "scoringAgainst": "52.4% (30.5) // 48.0% (27.2) // 53.7% (31.8) // 50.3% (30.6)",
        "oppCorsi": "53.2% (63.4) // 52.8% (60.2) // 54.9% (65.8) // 52.8% (59.0)",
        "oppFenwick": "52.9% (45.4) // 52.6% (42.8) // 55.1% (45.0) // 53.1% (41.2)",
        "oppShots": "52.8% (31.7) // 53.8% (30.8) // 55.9% (33.0) // 54.8% (31.5)",
        "oppScoring": "53.6% (30.5) // 54.1% (28.3) // 55.7% (29.5) // 52.9% (26.6)",
        "oppCorsiAgainst": "46.8% (55.7) // 47.2% (53.9) // 45.1% (53.9) // 47.2% (52.9)",
        "oppFenwickAgainst": "47.1% (40.4) // 47.4% (38.5) // 44.9% (36.7) // 46.9% (36.3)",
        "oppShotsAgainst": "47.2% (28.3) // 46.2% (26.5) // 44.1% (26.0) // 45.2% (25.9)",
        "oppScoringAgainst": "46.4% (26.4) // 45.9% (24.0) // 44.3% (23.5) // 47.1% (23.7)",
        "totalOver": 42,
        "totalOverLast5": 20,
        "totalOverLast15": 27,
        "lastTotalOver": 28,
        "last5": "21,12,29,28,36,8,31,35,20,29",
        "fd": "-124/-102",
        "dk": "-120/-110",
        "kambi": "0",
        "lowest": "-120 DK",
        "implied": 54.54545454545454,
        "overOdds": "-120",
        "underOdds": "-110",
        "overUnder": "-120 / -110"
    },
    {
        "player": "Tristan Jarry",
        "team": "PIT",
        "opponent": "LA",
        "propType": "saves",
        "line": 26.5,
        "ppLine": "",
        "avg": 24.31,
        "hit": false,
        "diffAvg": -0.08,
        "diffAbs": 0.01,
        "lastAvg": 27.36,
        "diff": 0.03,
        "avgMin": 55,
        "proj": 26.7,
        "lastAvgMin": 56.38,
        "oppOver": 0,
        "teamOver": 53,
        "gameLine": "-130",
        "+/-": 0,
        "L5_+/-": 0,
        "prevMatchup": "2023-11-09 pit @ la 33.0 sv",
        "winLossSplits": "36% - 38%",
        "awayHome": "H",
        "playedYesterday": "N",
        "awayHomeSplits": "35% - 39%",
        "savesAboveExp": 0.033,
        "gsaa": 7.37,
        "corsi": "52.7% (66.0) // 55.0% (69.4) // 55.8% (70.3) // 55.0% (72.1)",
        "fenwick": "51.8% (47.4) // 54.7% (48.6) // 56.0% (52.1) // 54.8% (54.1)",
        "shots": "52.4% (32.9) // 54.6% (33.9) // 55.4% (36.6) // 54.0% (37.7)",
        "scoring": "53.2% (32.4) // 57.3% (34.4) // 60.7% (35.4) // 59.0% (36.7)",
        "corsiAgainst": "47.3% (59.3) // 45.0% (56.8) // 44.2% (55.6) // 45.0% (59.0)",
        "fenwickAgainst": "48.2% (44.1) // 45.3% (40.2) // 44.0% (41.0) // 45.2% (44.6)",
        "shotsAgainst": "47.6% (29.9) // 45.4% (28.2) // 44.6% (29.5) // 46.0% (32.1)",
        "scoringAgainst": "46.8% (28.5) // 42.7% (25.6) // 39.3% (23.0) // 41.0% (25.6)",
        "oppCorsi": "55.0% (67.1) // 53.5% (69.6) // 50.4% (63.8) // 45.6% (56.8)",
        "oppFenwick": "55.3% (48.7) // 54.3% (50.1) // 51.4% (46.7) // 48.4% (44.6)",
        "oppShots": "55.4% (33.5) // 53.6% (34.2) // 51.5% (32.7) // 48.0% (30.8)",
        "oppScoring": "54.4% (31.0) // 52.2% (30.7) // 45.6% (26.0) // 40.6% (21.5)",
        "oppCorsiAgainst": "45.0% (54.9) // 46.5% (60.5) // 49.6% (62.9) // 54.4% (67.7)",
        "oppFenwickAgainst": "44.7% (39.3) // 45.7% (42.2) // 48.6% (44.2) // 51.6% (47.5)",
        "oppShotsAgainst": "44.6% (27.0) // 46.4% (29.7) // 48.5% (30.8) // 52.0% (33.4)",
        "oppScoringAgainst": "45.6% (26.0) // 47.8% (28.1) // 54.4% (31.0) // 59.4% (31.4)",
        "totalOver": 37,
        "totalOverLast5": 20,
        "totalOverLast15": 20,
        "lastTotalOver": 50,
        "last5": "18,29,23,25,22,26,22,32,19,29",
        "fd": "0",
        "dk": "-115/-115",
        "kambi": "0",
        "lowest": "-115 DK",
        "implied": 53.48837209302325,
        "overOdds": "-115",
        "underOdds": "-115",
        "overUnder": "-115 / -115"
    }
]