[
    {
        "player": "Anton Forsberg",
        "team": "OTT",
        "opponent": "BUF",
        "propType": "saves",
        "line": 29.5,
        "ppLine": "",
        "avg": 22.94,
        "hit": false,
        "diffAvg": -0.22,
        "diffAbs": 0.14,
        "lastAvg": 26.32,
        "diff": -0.11,
        "avgMin": 51,
        "proj": 25.5,
        "lastAvgMin": 52.55,
        "oppOver": 0,
        "teamOver": 46,
        "gameLine": "+105",
        "+/-": 0,
        "L5_+/-": 0,
        "prevMatchup": "2023-10-24 buf @ ott 18.0 sv 2023-12-31 buf @ ott 45.0 sv 2024-01-11 ott @ buf 27.0 sv",
        "winLossSplits": "57% - 11%",
        "awayHome": "A",
        "playedYesterday": "Y",
        "awayHomeSplits": "25% - 33%",
        "savesAboveExp": 0.689,
        "gsaa": -5.87,
        "corsi": "50.3% (61.5) // 48.7% (63.0) // 52.5% (67.6) // 50.9% (63.0)",
        "fenwick": "50.9% (44.8) // 48.5% (45.0) // 51.8% (47.2) // 48.3% (42.7)",
        "shots": "50.5% (32.1) // 47.6% (32.0) // 49.1% (32.4) // 44.4% (30.3)",
        "scoring": "47.7% (27.6) // 45.7% (27.1) // 47.2% (27.0) // 43.3% (24.7)",
        "corsiAgainst": "49.7% (60.9) // 51.3% (66.4) // 47.5% (61.2) // 49.1% (60.7)",
        "fenwickAgainst": "49.1% (43.2) // 51.5% (47.7) // 48.2% (44.0) // 51.7% (45.7)",
        "shotsAgainst": "49.5% (31.4) // 52.4% (35.2) // 50.9% (33.6) // 55.6% (38.0)",
        "scoringAgainst": "52.3% (30.3) // 54.3% (32.2) // 52.8% (30.2) // 56.7% (32.3)",
        "oppCorsi": "49.9% (59.3) // 53.1% (66.2) // 50.2% (65.2) // 49.5% (64.0)",
        "oppFenwick": "50.5% (43.8) // 53.9% (48.2) // 51.1% (47.0) // 50.0% (44.7)",
        "oppShots": "51.3% (31.0) // 53.8% (34.5) // 52.2% (35.0) // 51.8% (34.0)",
        "oppScoring": "48.4% (27.8) // 52.8% (29.3) // 51.0% (26.5) // 49.7% (24.7)",
        "oppCorsiAgainst": "50.1% (59.5) // 46.9% (58.5) // 49.8% (64.8) // 50.5% (65.3)",
        "oppFenwickAgainst": "49.5% (43.0) // 46.1% (41.2) // 48.9% (45.0) // 50.0% (44.7)",
        "oppShotsAgainst": "48.7% (29.5) // 46.2% (29.6) // 47.8% (32.0) // 48.2% (31.7)",
        "oppScoringAgainst": "51.6% (29.6) // 47.2% (26.2) // 49.0% (25.5) // 50.3% (25.0)",
        "totalOver": 31,
        "totalOverLast5": 60,
        "totalOverLast15": 33,
        "lastTotalOver": 24,
        "last5": "6,43,9,45,30,19,18,33,39,21",
        "fd": "0",
        "dk": "-120/-110",
        "kambi": "0",
        "lowest": "-120 DK",
        "implied": 54.54545454545454,
        "overOdds": "-120",
        "underOdds": "-110",
        "overUnder": "-120 / -110"
    },
    {
        "player": "Pyotr Kochetkov",
        "team": "CAR",
        "opponent": "ANA",
        "propType": "saves",
        "line": 23.5,
        "ppLine": "",
        "avg": 21.13,
        "hit": false,
        "diffAvg": -0.1,
        "diffAbs": 0.1,
        "lastAvg": 22.8,
        "diff": -0.03,
        "avgMin": 54,
        "proj": 21.1,
        "lastAvgMin": 58.48,
        "oppOver": 0,
        "teamOver": 46,
        "gameLine": "-360",
        "+/-": 0,
        "L5_+/-": 0,
        "prevMatchup": "2023-10-15 car @ ana 19.0 sv 2024-01-11 ana @ car 13.0 sv",
        "winLossSplits": "54% - 20%",
        "awayHome": "H",
        "playedYesterday": "Y",
        "awayHomeSplits": "57% - 11%",
        "savesAboveExp": 0.627,
        "gsaa": -1.63,
        "corsi": "59.9% (70.1) // 58.2% (65.4) // 61.2% (64.7) // 63.0% (66.2)",
        "fenwick": "58.3% (49.2) // 56.8% (45.6) // 61.0% (47.0) // 62.8% (46.1)",
        "shots": "56.7% (32.8) // 55.0% (30.7) // 59.8% (30.6) // 62.8% (30.7)",
        "scoring": "57.8% (31.0) // 59.8% (31.3) // 63.8% (31.1) // 63.5% (32.6)",
        "corsiAgainst": "40.1% (47.0) // 41.8% (46.9) // 38.8% (40.9) // 37.0% (38.9)",
        "fenwickAgainst": "41.7% (35.2) // 43.2% (34.7) // 39.0% (30.1) // 37.2% (27.4)",
        "shotsAgainst": "43.3% (25.1) // 45.0% (25.1) // 40.2% (20.6) // 37.2% (18.2)",
        "scoringAgainst": "42.2% (22.7) // 40.2% (21.0) // 36.2% (17.6) // 36.5% (18.7)",
        "oppCorsi": "46.1% (55.0) // 43.6% (53.5) // 42.9% (53.2) // 43.4% (49.3)",
        "oppFenwick": "46.8% (40.8) // 44.2% (39.3) // 43.2% (38.9) // 43.8% (36.3)",
        "oppShots": "47.1% (28.9) // 44.7% (28.8) // 43.7% (29.0) // 43.5% (26.7)",
        "oppScoring": "44.1% (25.0) // 41.7% (24.1) // 40.6% (23.6) // 42.2% (22.7)",
        "oppCorsiAgainst": "53.9% (64.3) // 56.4% (69.1) // 57.1% (70.9) // 56.6% (64.3)",
        "oppFenwickAgainst": "53.2% (46.4) // 55.8% (49.5) // 56.8% (51.2) // 56.2% (46.7)",
        "oppShotsAgainst": "52.9% (32.5) // 55.3% (35.6) // 56.3% (37.3) // 56.5% (34.7)",
        "oppScoringAgainst": "55.9% (31.7) // 58.3% (33.7) // 59.4% (34.5) // 57.8% (31.0)",
        "totalOver": 39,
        "totalOverLast5": 60,
        "totalOverLast15": 53,
        "lastTotalOver": 0,
        "last5": "10,15,28,25,35,23,24,30,20,25",
        "fd": "0",
        "dk": "-105/-125",
        "kambi": "0",
        "lowest": "-105 DK",
        "implied": 51.21951219512195,
        "overOdds": "-105",
        "underOdds": "-125",
        "overUnder": "-105 / -125"
    },
    {
        "player": "Cam Talbot",
        "team": "LA",
        "opponent": "FLA",
        "propType": "saves",
        "line": 27.5,
        "ppLine": "",
        "avg": 26.11,
        "hit": false,
        "diffAvg": -0.05,
        "diffAbs": 0.07,
        "lastAvg": 23.33,
        "diff": -0.15,
        "avgMin": 59,
        "proj": 25.5,
        "lastAvgMin": 54.08,
        "oppOver": 0,
        "teamOver": 34,
        "gameLine": "+120",
        "+/-": 0,
        "L5_+/-": 0,
        "prevMatchup": "2023-11-16 fla @ la 30.0 sv 2024-01-11 la @ fla 38.0 sv",
        "winLossSplits": "50% - 36%",
        "awayHome": "A",
        "playedYesterday": "Y",
        "awayHomeSplits": "47% - 38%",
        "savesAboveExp": 0.136,
        "gsaa": 15.05,
        "corsi": "55.0% (67.1) // 53.5% (69.6) // 50.4% (63.8) // 45.6% (56.8)",
        "fenwick": "55.3% (48.7) // 54.3% (50.1) // 51.4% (46.7) // 48.4% (44.6)",
        "shots": "55.4% (33.5) // 53.6% (34.2) // 51.5% (32.7) // 48.0% (30.8)",
        "scoring": "54.4% (31.0) // 52.2% (30.7) // 45.6% (26.0) // 40.6% (21.5)",
        "corsiAgainst": "45.0% (54.9) // 46.5% (60.5) // 49.6% (62.9) // 54.4% (67.7)",
        "fenwickAgainst": "44.7% (39.3) // 45.7% (42.2) // 48.6% (44.2) // 51.6% (47.5)",
        "shotsAgainst": "44.6% (27.0) // 46.4% (29.7) // 48.5% (30.8) // 52.0% (33.4)",
        "scoringAgainst": "45.6% (26.0) // 47.8% (28.1) // 54.4% (31.0) // 59.4% (31.4)",
        "oppCorsi": "56.8% (68.9) // 57.5% (67.6) // 55.9% (64.5) // 54.5% (60.3)",
        "oppFenwick": "55.7% (48.5) // 55.8% (49.6) // 55.1% (49.0) // 53.5% (44.8)",
        "oppShots": "55.6% (33.9) // 56.2% (34.2) // 56.0% (34.6) // 53.2% (32.8)",
        "oppScoring": "57.1% (31.9) // 60.6% (31.5) // 60.7% (30.7) // 57.2% (28.2)",
        "oppCorsiAgainst": "43.2% (52.4) // 42.5% (50.1) // 44.1% (51.0) // 45.5% (50.3)",
        "oppFenwickAgainst": "44.3% (38.5) // 44.2% (39.3) // 44.9% (39.9) // 46.5% (38.9)",
        "oppShotsAgainst": "44.4% (27.0) // 43.8% (26.7) // 44.0% (27.1) // 46.8% (28.9)",
        "oppScoringAgainst": "42.9% (23.9) // 39.4% (20.5) // 39.3% (19.9) // 42.8% (21.1)",
        "totalOver": 43,
        "totalOverLast5": 40,
        "totalOverLast15": 33,
        "lastTotalOver": 35,
        "last5": "38,26,30,26,24,29,29,28,17,24",
        "fd": "0",
        "dk": "-110/-120",
        "kambi": "0",
        "lowest": "-110 DK",
        "implied": 52.38095238095239,
        "overOdds": "-110",
        "underOdds": "-120",
        "overUnder": "-110 / -120"
    },
    {
        "player": "Sergei Bobrovsky",
        "team": "FLA",
        "opponent": "LA",
        "propType": "saves",
        "line": 27.5,
        "ppLine": "",
        "avg": 24.9,
        "hit": false,
        "diffAvg": -0.09,
        "diffAbs": 0.28,
        "lastAvg": 19.14,
        "diff": -0.3,
        "avgMin": 59,
        "proj": 19.9,
        "lastAvgMin": 56.68,
        "oppOver": 0,
        "teamOver": 32,
        "gameLine": "-142",
        "+/-": 0,
        "L5_+/-": 0,
        "prevMatchup": "2023-11-16 fla @ la 25.0 sv 2024-01-11 la @ fla 31.0 sv",
        "winLossSplits": "38% - 20%",
        "awayHome": "H",
        "playedYesterday": "Y",
        "awayHomeSplits": "19% - 47%",
        "savesAboveExp": -0.102,
        "gsaa": 8.2,
        "corsi": "56.8% (68.9) // 57.5% (67.6) // 55.9% (64.5) // 54.5% (60.3)",
        "fenwick": "55.7% (48.5) // 55.8% (49.6) // 55.1% (49.0) // 53.5% (44.8)",
        "shots": "55.6% (33.9) // 56.2% (34.2) // 56.0% (34.6) // 53.2% (32.8)",
        "scoring": "57.1% (31.9) // 60.6% (31.5) // 60.7% (30.7) // 57.2% (28.2)",
        "corsiAgainst": "43.2% (52.4) // 42.5% (50.1) // 44.1% (51.0) // 45.5% (50.3)",
        "fenwickAgainst": "44.3% (38.5) // 44.2% (39.3) // 44.9% (39.9) // 46.5% (38.9)",
        "shotsAgainst": "44.4% (27.0) // 43.8% (26.7) // 44.0% (27.1) // 46.8% (28.9)",
        "scoringAgainst": "42.9% (23.9) // 39.4% (20.5) // 39.3% (19.9) // 42.8% (21.1)",
        "oppCorsi": "55.0% (67.1) // 53.5% (69.6) // 50.4% (63.8) // 45.6% (56.8)",
        "oppFenwick": "55.3% (48.7) // 54.3% (50.1) // 51.4% (46.7) // 48.4% (44.6)",
        "oppShots": "55.4% (33.5) // 53.6% (34.2) // 51.5% (32.7) // 48.0% (30.8)",
        "oppScoring": "54.4% (31.0) // 52.2% (30.7) // 45.6% (26.0) // 40.6% (21.5)",
        "oppCorsiAgainst": "45.0% (54.9) // 46.5% (60.5) // 49.6% (62.9) // 54.4% (67.7)",
        "oppFenwickAgainst": "44.7% (39.3) // 45.7% (42.2) // 48.6% (44.2) // 51.6% (47.5)",
        "oppShotsAgainst": "44.6% (27.0) // 46.4% (29.7) // 48.5% (30.8) // 52.0% (33.4)",
        "oppScoringAgainst": "45.6% (26.0) // 47.8% (28.1) // 54.4% (31.0) // 59.4% (31.4)",
        "totalOver": 32,
        "totalOverLast5": 40,
        "totalOverLast15": 27,
        "lastTotalOver": 55,
        "last5": "31,22,26,21,31,27,23,20,38,13",
        "fd": "0",
        "dk": "-110/-120",
        "kambi": "0",
        "lowest": "-110 DK",
        "implied": 52.38095238095239,
        "overOdds": "-110",
        "underOdds": "-120",
        "overUnder": "-110 / -120"
    },
    {
        "player": "Alex Nedeljkovic",
        "team": "PIT",
        "opponent": "VAN",
        "propType": "saves",
        "line": 26.5,
        "ppLine": "",
        "avg": 27.07,
        "hit": false,
        "diffAvg": 0.02,
        "diffAbs": 0.04,
        "lastAvg": 27.8,
        "diff": 0.05,
        "avgMin": 55,
        "proj": 27.5,
        "lastAvgMin": 55.5,
        "oppOver": 0,
        "teamOver": 55,
        "gameLine": "-130",
        "+/-": 0,
        "L5_+/-": 0,
        "prevMatchup": "2024-01-11 van @ pit 25.0 sv",
        "winLossSplits": "62% - 43%",
        "awayHome": "H",
        "playedYesterday": "Y",
        "awayHomeSplits": "57% - 50%",
        "savesAboveExp": -1.293,
        "gsaa": 6.04,
        "corsi": "52.7% (66.0) // 55.0% (69.4) // 55.8% (70.3) // 55.0% (72.1)",
        "fenwick": "51.8% (47.4) // 54.7% (48.6) // 56.0% (52.1) // 54.8% (54.1)",
        "shots": "52.4% (32.9) // 54.6% (33.9) // 55.4% (36.6) // 54.0% (37.7)",
        "scoring": "53.2% (32.4) // 57.3% (34.4) // 60.7% (35.4) // 59.0% (36.7)",
        "corsiAgainst": "47.3% (59.3) // 45.0% (56.8) // 44.2% (55.6) // 45.0% (59.0)",
        "fenwickAgainst": "48.2% (44.1) // 45.3% (40.2) // 44.0% (41.0) // 45.2% (44.6)",
        "shotsAgainst": "47.6% (29.9) // 45.4% (28.2) // 44.6% (29.5) // 46.0% (32.1)",
        "scoringAgainst": "46.8% (28.5) // 42.7% (25.6) // 39.3% (23.0) // 41.0% (25.6)",
        "oppCorsi": "49.8% (57.4) // 51.2% (57.5) // 50.9% (59.5) // 51.5% (59.0)",
        "oppFenwick": "49.5% (41.2) // 51.3% (42.1) // 51.5% (44.1) // 53.1% (44.9)",
        "oppShots": "48.4% (28.1) // 48.7% (28.7) // 48.8% (30.2) // 51.8% (32.3)",
        "oppScoring": "50.7% (28.8) // 50.8% (27.5) // 50.7% (28.9) // 50.4% (29.4)",
        "oppCorsiAgainst": "50.2% (57.8) // 48.8% (54.9) // 49.1% (57.5) // 48.5% (55.5)",
        "oppFenwickAgainst": "50.5% (42.0) // 48.7% (40.0) // 48.5% (41.5) // 46.9% (39.7)",
        "oppShotsAgainst": "51.6% (29.9) // 51.3% (30.2) // 51.2% (31.7) // 48.2% (30.1)",
        "oppScoringAgainst": "49.3% (28.0) // 49.2% (26.6) // 49.3% (28.1) // 49.6% (28.9)",
        "totalOver": 53,
        "totalOverLast5": 40,
        "totalOverLast15": 47,
        "lastTotalOver": 47,
        "last5": "6,36,24,14,37,21,23,24,18,39",
        "fd": "0",
        "dk": "-105/-125",
        "kambi": "0",
        "lowest": "-105 DK",
        "implied": 51.21951219512195,
        "overOdds": "-105",
        "underOdds": "-125",
        "overUnder": "-105 / -125"
    },
    {
        "player": "Thatcher Demko",
        "team": "VAN",
        "opponent": "PIT",
        "propType": "saves",
        "line": 29.5,
        "ppLine": "",
        "avg": 27.67,
        "hit": false,
        "diffAvg": -0.06,
        "diffAbs": 0.03,
        "lastAvg": 28.31,
        "diff": -0.04,
        "avgMin": 59,
        "proj": 28.5,
        "lastAvgMin": 58.7,
        "oppOver": 0,
        "teamOver": 43,
        "gameLine": "+110",
        "+/-": 0,
        "L5_+/-": 0,
        "prevMatchup": "2024-01-11 van @ pit 32.0 sv",
        "winLossSplits": "38% - 56%",
        "awayHome": "A",
        "playedYesterday": "Y",
        "awayHomeSplits": "50% - 38%",
        "savesAboveExp": -0.786,
        "gsaa": 12.22,
        "corsi": "49.8% (57.4) // 51.2% (57.5) // 50.9% (59.5) // 51.5% (59.0)",
        "fenwick": "49.5% (41.2) // 51.3% (42.1) // 51.5% (44.1) // 53.1% (44.9)",
        "shots": "48.4% (28.1) // 48.7% (28.7) // 48.8% (30.2) // 51.8% (32.3)",
        "scoring": "50.7% (28.8) // 50.8% (27.5) // 50.7% (28.9) // 50.4% (29.4)",
        "corsiAgainst": "50.2% (57.8) // 48.8% (54.9) // 49.1% (57.5) // 48.5% (55.5)",
        "fenwickAgainst": "50.5% (42.0) // 48.7% (40.0) // 48.5% (41.5) // 46.9% (39.7)",
        "shotsAgainst": "51.6% (29.9) // 51.3% (30.2) // 51.2% (31.7) // 48.2% (30.1)",
        "scoringAgainst": "49.3% (28.0) // 49.2% (26.6) // 49.3% (28.1) // 49.6% (28.9)",
        "oppCorsi": "52.7% (66.0) // 55.0% (69.4) // 55.8% (70.3) // 55.0% (72.1)",
        "oppFenwick": "51.8% (47.4) // 54.7% (48.6) // 56.0% (52.1) // 54.8% (54.1)",
        "oppShots": "52.4% (32.9) // 54.6% (33.9) // 55.4% (36.6) // 54.0% (37.7)",
        "oppScoring": "53.2% (32.4) // 57.3% (34.4) // 60.7% (35.4) // 59.0% (36.7)",
        "oppCorsiAgainst": "47.3% (59.3) // 45.0% (56.8) // 44.2% (55.6) // 45.0% (59.0)",
        "oppFenwickAgainst": "48.2% (44.1) // 45.3% (40.2) // 44.0% (41.0) // 45.2% (44.6)",
        "oppShotsAgainst": "47.6% (29.9) // 45.4% (28.2) // 44.6% (29.5) // 46.0% (32.1)",
        "oppScoringAgainst": "46.8% (28.5) // 42.7% (25.6) // 39.3% (23.0) // 41.0% (25.6)",
        "totalOver": 43,
        "totalOverLast5": 80,
        "totalOverLast15": 47,
        "lastTotalOver": 50,
        "last5": "32,39,21,30,35,21,32,25,36,28",
        "fd": "0",
        "dk": "-110/-120",
        "kambi": "0",
        "lowest": "-110 DK",
        "implied": 52.38095238095239,
        "overOdds": "-110",
        "underOdds": "-120",
        "overUnder": "-110 / -120"
    },
    {
        "player": "Ilya Sorokin",
        "team": "NYI",
        "opponent": "TOR",
        "propType": "saves",
        "line": 29.5,
        "ppLine": "",
        "avg": 31.52,
        "hit": false,
        "diffAvg": 0.07,
        "diffAbs": 0.15,
        "lastAvg": 24.62,
        "diff": -0.17,
        "avgMin": 59,
        "proj": 25.1,
        "lastAvgMin": 57.85,
        "oppOver": 0,
        "teamOver": 66,
        "gameLine": "+110",
        "+/-": 0,
        "L5_+/-": 0,
        "prevMatchup": "2023-12-11 tor @ nyi 37.0 sv 2024-01-11 tor @ nyi 32.0 sv",
        "winLossSplits": "69% - 62%",
        "awayHome": "H",
        "playedYesterday": "Y",
        "awayHomeSplits": "55% - 72%",
        "savesAboveExp": 0.704,
        "gsaa": 5.74,
        "corsi": "44.7% (56.8) // 44.4% (54.6) // 43.4% (50.9) // 46.0% (52.9)",
        "fenwick": "45.5% (41.5) // 44.8% (38.7) // 43.5% (34.7) // 44.5% (34.9)",
        "shots": "45.8% (29.2) // 45.8% (28.4) // 44.8% (26.5) // 44.9% (26.6)",
        "scoring": "45.4% (28.2) // 44.8% (26.8) // 43.3% (23.3) // 45.5% (25.3)",
        "corsiAgainst": "55.3% (70.4) // 55.6% (68.4) // 56.6% (66.2) // 54.0% (62.2)",
        "fenwickAgainst": "54.5% (49.6) // 55.2% (47.8) // 56.5% (45.1) // 55.5% (43.6)",
        "shotsAgainst": "54.2% (34.6) // 54.2% (33.6) // 55.2% (32.7) // 55.1% (32.6)",
        "scoringAgainst": "54.6% (33.9) // 55.2% (33.1) // 56.7% (30.5) // 54.5% (30.3)",
        "oppCorsi": "51.5% (64.7) // 55.8% (70.6) // 58.9% (78.3) // 59.6% (76.5)",
        "oppFenwick": "51.5% (46.3) // 55.7% (50.2) // 59.2% (55.5) // 59.2% (54.6)",
        "oppShots": "51.7% (32.8) // 56.0% (35.0) // 59.5% (39.7) // 59.7% (37.9)",
        "oppScoring": "53.5% (33.5) // 57.4% (34.5) // 61.3% (38.3) // 61.9% (36.3)",
        "oppCorsiAgainst": "48.5% (60.8) // 44.2% (55.8) // 41.1% (54.7) // 40.4% (51.9)",
        "oppFenwickAgainst": "48.5% (43.7) // 44.3% (39.9) // 40.8% (38.3) // 40.8% (37.6)",
        "oppShotsAgainst": "48.3% (30.6) // 44.0% (27.4) // 40.5% (27.0) // 40.3% (25.6)",
        "oppScoringAgainst": "46.5% (29.2) // 42.6% (25.6) // 38.7% (24.2) // 38.1% (22.3)",
        "totalOver": 66,
        "totalOverLast5": 20,
        "totalOverLast15": 53,
        "lastTotalOver": 35,
        "last5": "32,29,24,25,23,35,26,19,36,30",
        "fd": "0",
        "dk": "-125/-105",
        "kambi": "0",
        "lowest": "-125 DK",
        "implied": 55.55555555555556,
        "overOdds": "-125",
        "underOdds": "-105",
        "overUnder": "-125 / -105"
    },
    {
        "player": "Martin Jones",
        "team": "TOR",
        "opponent": "NYI",
        "propType": "saves",
        "line": 26.5,
        "ppLine": "",
        "avg": 24.92,
        "hit": false,
        "diffAvg": -0.06,
        "diffAbs": 1.0,
        "lastAvg": 0,
        "diff": 0,
        "avgMin": 53,
        "proj": 0.0,
        "lastAvgMin": 0,
        "oppOver": 0,
        "teamOver": 59,
        "gameLine": "-130",
        "+/-": 0,
        "L5_+/-": 0,
        "prevMatchup": "2023-12-11 tor @ nyi 25.0 sv 2024-01-11 tor @ nyi 26.0 sv",
        "winLossSplits": "62% - 20%",
        "awayHome": "A",
        "playedYesterday": "Y",
        "awayHomeSplits": "50% - 40%",
        "savesAboveExp": -0.069,
        "gsaa": 8.91,
        "corsi": "51.5% (64.7) // 55.8% (70.6) // 58.9% (78.3) // 59.6% (76.5)",
        "fenwick": "51.5% (46.3) // 55.7% (50.2) // 59.2% (55.5) // 59.2% (54.6)",
        "shots": "51.7% (32.8) // 56.0% (35.0) // 59.5% (39.7) // 59.7% (37.9)",
        "scoring": "53.5% (33.5) // 57.4% (34.5) // 61.3% (38.3) // 61.9% (36.3)",
        "corsiAgainst": "48.5% (60.8) // 44.2% (55.8) // 41.1% (54.7) // 40.4% (51.9)",
        "fenwickAgainst": "48.5% (43.7) // 44.3% (39.9) // 40.8% (38.3) // 40.8% (37.6)",
        "shotsAgainst": "48.3% (30.6) // 44.0% (27.4) // 40.5% (27.0) // 40.3% (25.6)",
        "scoringAgainst": "46.5% (29.2) // 42.6% (25.6) // 38.7% (24.2) // 38.1% (22.3)",
        "oppCorsi": "44.7% (56.8) // 44.4% (54.6) // 43.4% (50.9) // 46.0% (52.9)",
        "oppFenwick": "45.5% (41.5) // 44.8% (38.7) // 43.5% (34.7) // 44.5% (34.9)",
        "oppShots": "45.8% (29.2) // 45.8% (28.4) // 44.8% (26.5) // 44.9% (26.6)",
        "oppScoring": "45.4% (28.2) // 44.8% (26.8) // 43.3% (23.3) // 45.5% (25.3)",
        "oppCorsiAgainst": "55.3% (70.4) // 55.6% (68.4) // 56.6% (66.2) // 54.0% (62.2)",
        "oppFenwickAgainst": "54.5% (49.6) // 55.2% (47.8) // 56.5% (45.1) // 55.5% (43.6)",
        "oppShotsAgainst": "54.2% (34.6) // 54.2% (33.6) // 55.2% (32.7) // 55.1% (32.6)",
        "oppScoringAgainst": "54.6% (33.9) // 55.2% (33.1) // 56.7% (30.5) // 54.5% (30.3)",
        "totalOver": 46,
        "totalOverLast5": 40,
        "totalOverLast15": 46,
        "lastTotalOver": 0,
        "last5": "26,22,23,27,31,25,26,27,11,31",
        "fd": "0",
        "dk": "-105/-125",
        "kambi": "0",
        "lowest": "-105 DK",
        "implied": 51.21951219512195,
        "overOdds": "-105",
        "underOdds": "-125",
        "overUnder": "-105 / -125"
    },
    {
        "player": "Mackenzie Blackwood",
        "team": "SJ",
        "opponent": "MTL",
        "propType": "saves",
        "line": 28.5,
        "ppLine": "",
        "avg": 28.26,
        "hit": false,
        "diffAvg": -0.01,
        "diffAbs": 0.17,
        "lastAvg": 22.86,
        "diff": -0.2,
        "avgMin": 53,
        "proj": 23.7,
        "lastAvgMin": 51.15,
        "oppOver": 0,
        "teamOver": 62,
        "gameLine": "+136",
        "+/-": 0,
        "L5_+/-": 0,
        "prevMatchup": "2023-11-24 mtl @ sj 22.0 sv 2024-01-11 sj @ mtl 33.0 sv",
        "winLossSplits": "83% - 48%",
        "awayHome": "A",
        "playedYesterday": "Y",
        "awayHomeSplits": "57% - 54%",
        "savesAboveExp": -0.062,
        "gsaa": -8.93,
        "corsi": "42.2% (52.1) // 42.9% (53.1) // 44.2% (56.2) // 39.6% (51.3)",
        "fenwick": "42.1% (36.7) // 42.7% (37.0) // 43.4% (38.6) // 40.9% (39.0)",
        "shots": "41.8% (25.3) // 43.0% (25.4) // 43.9% (27.4) // 41.8% (27.3)",
        "scoring": "39.2% (23.5) // 40.6% (23.4) // 44.1% (24.6) // 39.4% (23.0)",
        "corsiAgainst": "57.8% (71.3) // 57.1% (70.7) // 55.8% (71.0) // 60.4% (78.3)",
        "fenwickAgainst": "57.9% (50.4) // 57.3% (49.6) // 56.6% (50.4) // 59.1% (56.3)",
        "shotsAgainst": "58.2% (35.3) // 57.0% (33.7) // 56.1% (35.0) // 58.2% (38.0)",
        "scoringAgainst": "60.8% (36.4) // 59.4% (34.2) // 55.9% (31.2) // 60.6% (35.3)",
        "oppCorsi": "46.4% (56.1) // 45.1% (53.9) // 42.0% (53.4) // 43.4% (55.6)",
        "oppFenwick": "46.8% (40.5) // 46.2% (38.2) // 42.1% (37.9) // 43.4% (39.2)",
        "oppShots": "45.9% (27.9) // 45.0% (25.2) // 41.2% (26.1) // 40.8% (26.5)",
        "oppScoring": "45.8% (27.3) // 42.3% (22.7) // 40.6% (24.2) // 42.6% (25.6)",
        "oppCorsiAgainst": "53.6% (64.8) // 54.9% (65.5) // 58.0% (73.7) // 56.6% (72.6)",
        "oppFenwickAgainst": "53.2% (46.1) // 53.8% (44.5) // 57.9% (52.1) // 56.6% (51.2)",
        "oppShotsAgainst": "54.1% (32.9) // 55.0% (30.7) // 58.8% (37.4) // 59.2% (38.5)",
        "oppScoringAgainst": "54.2% (32.4) // 57.7% (31.0) // 59.4% (35.4) // 57.4% (34.4)",
        "totalOver": 56,
        "totalOverLast5": 40,
        "totalOverLast15": 40,
        "lastTotalOver": 33,
        "last5": "33,22,29,28,19,25,23,36,16,30",
        "fd": "0",
        "dk": "-105/-125",
        "kambi": "0",
        "lowest": "-105 DK",
        "implied": 51.21951219512195,
        "overOdds": "-105",
        "underOdds": "-125",
        "overUnder": "-105 / -125"
    },
    {
        "player": "Andrei Vasilevskiy",
        "team": "TB",
        "opponent": "NJ",
        "propType": "saves",
        "line": 24.5,
        "ppLine": "",
        "avg": 25.05,
        "hit": false,
        "diffAvg": 0.02,
        "diffAbs": 0.0,
        "lastAvg": 25.24,
        "diff": 0.03,
        "avgMin": 58,
        "proj": 24.4,
        "lastAvgMin": 59.93,
        "oppOver": 0,
        "teamOver": 56,
        "gameLine": "-148",
        "+/-": 0,
        "L5_+/-": 0,
        "prevMatchup": "2024-01-11 nj @ tb 27.0 sv",
        "winLossSplits": "64% - 22%",
        "awayHome": "H",
        "playedYesterday": "Y",
        "awayHomeSplits": "27% - 67%",
        "savesAboveExp": 0.522,
        "gsaa": -3.69,
        "corsi": "51.4% (61.0) // 53.8% (62.0) // 55.3% (60.6) // 54.7% (57.1)",
        "fenwick": "51.1% (43.5) // 52.9% (43.2) // 53.8% (42.2) // 52.6% (39.1)",
        "shots": "49.7% (29.6) // 49.9% (27.5) // 51.7% (27.4) // 48.7% (24.5)",
        "scoring": "52.2% (30.2) // 55.3% (29.8) // 58.7% (30.6) // 58.5% (30.3)",
        "corsiAgainst": "48.6% (57.7) // 46.2% (53.3) // 44.7% (49.0) // 45.3% (47.3)",
        "fenwickAgainst": "48.9% (41.6) // 47.1% (38.4) // 46.2% (36.3) // 47.4% (35.2)",
        "shotsAgainst": "50.3% (30.0) // 50.1% (27.6) // 48.3% (25.7) // 51.3% (25.8)",
        "scoringAgainst": "47.8% (27.6) // 44.7% (24.0) // 41.3% (21.5) // 41.5% (21.5)",
        "oppCorsi": "54.2% (63.6) // 51.8% (59.2) // 52.5% (58.3) // 46.3% (51.7)",
        "oppFenwick": "52.2% (44.2) // 50.4% (40.8) // 50.0% (39.4) // 45.7% (36.4)",
        "oppShots": "52.0% (31.2) // 51.1% (29.7) // 50.4% (28.5) // 47.0% (27.1)",
        "oppScoring": "54.6% (30.8) // 51.6% (26.8) // 51.0% (25.8) // 43.8% (24.1)",
        "oppCorsiAgainst": "45.8% (53.7) // 48.2% (55.1) // 47.5% (52.8) // 53.7% (60.1)",
        "oppFenwickAgainst": "47.8% (40.4) // 49.6% (40.2) // 50.0% (39.4) // 54.3% (43.3)",
        "oppShotsAgainst": "48.0% (28.8) // 48.9% (28.4) // 49.6% (28.0) // 53.0% (30.5)",
        "oppScoringAgainst": "45.4% (25.6) // 48.4% (25.1) // 49.0% (24.8) // 56.2% (31.0)",
        "totalOver": 45,
        "totalOverLast5": 20,
        "totalOverLast15": 47,
        "lastTotalOver": 57,
        "last5": "27,20,20,22,24,16,28,33,30,28",
        "fd": "0",
        "dk": "-125/-105",
        "kambi": "0",
        "lowest": "-125 DK",
        "implied": 55.55555555555556,
        "overOdds": "-125",
        "underOdds": "-105",
        "overUnder": "-125 / -105"
    },
    {
        "player": "Vitek Vanecek",
        "team": "NJ",
        "opponent": "TB",
        "propType": "saves",
        "line": 26.5,
        "ppLine": "",
        "avg": 22.92,
        "hit": false,
        "diffAvg": -0.14,
        "diffAbs": 0.24,
        "lastAvg": 20.58,
        "diff": -0.22,
        "avgMin": 55,
        "proj": 20.2,
        "lastAvgMin": 56.07,
        "oppOver": 0,
        "teamOver": 33,
        "gameLine": "+124",
        "+/-": 0,
        "L5_+/-": 0,
        "prevMatchup": "2024-01-11 nj @ tb 16.0 sv",
        "winLossSplits": "33% - 20%",
        "awayHome": "A",
        "playedYesterday": "Y",
        "awayHomeSplits": "30% - 27%",
        "savesAboveExp": 0.109,
        "gsaa": -13.85,
        "corsi": "54.2% (63.6) // 51.8% (59.2) // 52.5% (58.3) // 46.3% (51.7)",
        "fenwick": "52.2% (44.2) // 50.4% (40.8) // 50.0% (39.4) // 45.7% (36.4)",
        "shots": "52.0% (31.2) // 51.1% (29.7) // 50.4% (28.5) // 47.0% (27.1)",
        "scoring": "54.6% (30.8) // 51.6% (26.8) // 51.0% (25.8) // 43.8% (24.1)",
        "corsiAgainst": "45.8% (53.7) // 48.2% (55.1) // 47.5% (52.8) // 53.7% (60.1)",
        "fenwickAgainst": "47.8% (40.4) // 49.6% (40.2) // 50.0% (39.4) // 54.3% (43.3)",
        "shotsAgainst": "48.0% (28.8) // 48.9% (28.4) // 49.6% (28.0) // 53.0% (30.5)",
        "scoringAgainst": "45.4% (25.6) // 48.4% (25.1) // 49.0% (24.8) // 56.2% (31.0)",
        "oppCorsi": "51.4% (61.0) // 53.8% (62.0) // 55.3% (60.6) // 54.7% (57.1)",
        "oppFenwick": "51.1% (43.5) // 52.9% (43.2) // 53.8% (42.2) // 52.6% (39.1)",
        "oppShots": "49.7% (29.6) // 49.9% (27.5) // 51.7% (27.4) // 48.7% (24.5)",
        "oppScoring": "52.2% (30.2) // 55.3% (29.8) // 58.7% (30.6) // 58.5% (30.3)",
        "oppCorsiAgainst": "48.6% (57.7) // 46.2% (53.3) // 44.7% (49.0) // 45.3% (47.3)",
        "oppFenwickAgainst": "48.9% (41.6) // 47.1% (38.4) // 46.2% (36.3) // 47.4% (35.2)",
        "oppShotsAgainst": "50.3% (30.0) // 50.1% (27.6) // 48.3% (25.7) // 51.3% (25.8)",
        "oppScoringAgainst": "47.8% (27.6) // 44.7% (24.0) // 41.3% (21.5) // 41.5% (21.5)",
        "totalOver": 28,
        "totalOverLast5": 0,
        "totalOverLast15": 20,
        "lastTotalOver": 25,
        "last5": "16,23,26,26,22,28,23,23,23,28",
        "fd": "0",
        "dk": "-115/-115",
        "kambi": "0",
        "lowest": "-115 DK",
        "implied": 53.48837209302325,
        "overOdds": "-115",
        "underOdds": "-115",
        "overUnder": "-115 / -115"
    },
    {
        "player": "Darcy Kuemper",
        "team": "WSH",
        "opponent": "SEA",
        "propType": "saves",
        "line": 26.5,
        "ppLine": "",
        "avg": 25.95,
        "hit": false,
        "diffAvg": -0.02,
        "diffAbs": 0.03,
        "lastAvg": 26.68,
        "diff": 0.01,
        "avgMin": 58,
        "proj": 27.4,
        "lastAvgMin": 56.55,
        "oppOver": 0,
        "teamOver": 59,
        "gameLine": "+114",
        "+/-": 0,
        "L5_+/-": 0,
        "prevMatchup": "2024-01-11 sea @ wsh 19.0 sv",
        "winLossSplits": "90% - 17%",
        "awayHome": "H",
        "playedYesterday": "Y",
        "awayHomeSplits": "45% - 55%",
        "savesAboveExp": 0.193,
        "gsaa": -7.72,
        "corsi": "46.0% (54.0) // 44.0% (53.0) // 41.0% (49.4) // 46.4% (60.5)",
        "fenwick": "46.1% (39.0) // 43.6% (38.9) // 42.0% (37.8) // 45.5% (45.5)",
        "shots": "47.1% (27.2) // 46.4% (26.8) // 43.7% (25.0) // 48.4% (30.0)",
        "scoring": "46.9% (26.4) // 43.7% (24.5) // 40.6% (22.0) // 48.0% (30.0)",
        "corsiAgainst": "54.0% (63.4) // 56.0% (67.4) // 59.0% (71.2) // 53.6% (70.0)",
        "fenwickAgainst": "53.9% (45.6) // 56.4% (50.2) // 58.0% (52.2) // 54.5% (54.5)",
        "shotsAgainst": "52.9% (30.5) // 53.6% (30.9) // 56.3% (32.2) // 51.6% (32.0)",
        "scoringAgainst": "53.1% (29.9) // 56.3% (31.6) // 59.4% (32.2) // 52.0% (32.5)",
        "oppCorsi": "50.7% (60.6) // 45.8% (57.5) // 43.9% (59.0) // 44.8% (56.5)",
        "oppFenwick": "49.5% (42.3) // 43.9% (39.6) // 43.2% (41.7) // 44.5% (40.5)",
        "oppShots": "49.6% (28.7) // 43.5% (25.9) // 44.2% (25.7) // 43.4% (24.5)",
        "oppScoring": "52.4% (28.6) // 48.1% (26.3) // 43.0% (25.7) // 44.7% (25.5)",
        "oppCorsiAgainst": "49.3% (58.9) // 54.2% (67.9) // 56.1% (75.3) // 55.2% (69.5)",
        "oppFenwickAgainst": "50.5% (43.1) // 56.1% (50.8) // 56.8% (54.7) // 55.5% (50.5)",
        "oppShotsAgainst": "50.4% (29.1) // 56.5% (33.5) // 55.8% (32.3) // 56.6% (32.0)",
        "oppScoringAgainst": "47.6% (26.0) // 51.9% (28.3) // 57.0% (34.0) // 55.3% (31.5)",
        "totalOver": 50,
        "totalOverLast5": 60,
        "totalOverLast15": 53,
        "lastTotalOver": 46,
        "last5": "19,38,28,32,24,26,30,28,32,2",
        "fd": "0",
        "dk": "-125/-105",
        "kambi": "0",
        "lowest": "-125 DK",
        "implied": 55.55555555555556,
        "overOdds": "-125",
        "underOdds": "-105",
        "overUnder": "-125 / -105"
    },
    {
        "player": "Joey Daccord",
        "team": "SEA",
        "opponent": "WSH",
        "propType": "saves",
        "line": 27.5,
        "ppLine": "",
        "avg": 26.42,
        "hit": false,
        "diffAvg": -0.04,
        "diffAbs": 0.0,
        "lastAvg": 23.4,
        "diff": -0.15,
        "avgMin": 58,
        "proj": 27.4,
        "lastAvgMin": 49.62,
        "oppOver": 0,
        "teamOver": 32,
        "gameLine": "-135",
        "+/-": 0,
        "L5_+/-": 0,
        "prevMatchup": "2024-01-11 sea @ wsh 25.0 sv",
        "winLossSplits": "50% - 21%",
        "awayHome": "A",
        "playedYesterday": "Y",
        "awayHomeSplits": "42% - 29%",
        "savesAboveExp": -1.16,
        "gsaa": 16.09,
        "corsi": "50.7% (60.6) // 45.8% (57.5) // 43.9% (59.0) // 44.8% (56.5)",
        "fenwick": "49.5% (42.3) // 43.9% (39.6) // 43.2% (41.7) // 44.5% (40.5)",
        "shots": "49.6% (28.7) // 43.5% (25.9) // 44.2% (25.7) // 43.4% (24.5)",
        "scoring": "52.4% (28.6) // 48.1% (26.3) // 43.0% (25.7) // 44.7% (25.5)",
        "corsiAgainst": "49.3% (58.9) // 54.2% (67.9) // 56.1% (75.3) // 55.2% (69.5)",
        "fenwickAgainst": "50.5% (43.1) // 56.1% (50.8) // 56.8% (54.7) // 55.5% (50.5)",
        "shotsAgainst": "50.4% (29.1) // 56.5% (33.5) // 55.8% (32.3) // 56.6% (32.0)",
        "scoringAgainst": "47.6% (26.0) // 51.9% (28.3) // 57.0% (34.0) // 55.3% (31.5)",
        "oppCorsi": "46.0% (54.0) // 44.0% (53.0) // 41.0% (49.4) // 46.4% (60.5)",
        "oppFenwick": "46.1% (39.0) // 43.6% (38.9) // 42.0% (37.8) // 45.5% (45.5)",
        "oppShots": "47.1% (27.2) // 46.4% (26.8) // 43.7% (25.0) // 48.4% (30.0)",
        "oppScoring": "46.9% (26.4) // 43.7% (24.5) // 40.6% (22.0) // 48.0% (30.0)",
        "oppCorsiAgainst": "54.0% (63.4) // 56.0% (67.4) // 59.0% (71.2) // 53.6% (70.0)",
        "oppFenwickAgainst": "53.9% (45.6) // 56.4% (50.2) // 58.0% (52.2) // 54.5% (54.5)",
        "oppShotsAgainst": "52.9% (30.5) // 53.6% (30.9) // 56.3% (32.2) // 51.6% (32.0)",
        "oppScoringAgainst": "53.1% (29.9) // 56.3% (31.6) // 59.4% (32.2) // 52.0% (32.5)",
        "totalOver": 35,
        "totalOverLast5": 60,
        "totalOverLast15": 40,
        "lastTotalOver": 40,
        "last5": "25,36,32,35,27,32,42,24,36,21",
        "fd": "0",
        "dk": "-105/-125",
        "kambi": "0",
        "lowest": "-105 DK",
        "implied": 51.21951219512195,
        "overOdds": "-105",
        "underOdds": "-125",
        "overUnder": "-105 / -125"
    },
    {
        "player": "Petr Mrazek",
        "team": "CHI",
        "opponent": "WPG",
        "propType": "saves",
        "line": 28.5,
        "ppLine": "",
        "avg": 27.07,
        "hit": false,
        "diffAvg": -0.05,
        "diffAbs": 0.01,
        "lastAvg": 28.62,
        "diff": 0.0,
        "avgMin": 55,
        "proj": 28.3,
        "lastAvgMin": 55.52,
        "oppOver": 0,
        "teamOver": 48,
        "gameLine": "+310",
        "+/-": 0,
        "L5_+/-": 0,
        "prevMatchup": "2023-12-02 chi @ wpg 25.0 sv 2023-12-27 wpg @ chi 37.0 sv 2024-01-11 chi @ wpg 26.0 sv",
        "winLossSplits": "80% - 28%",
        "awayHome": "A",
        "playedYesterday": "Y",
        "awayHomeSplits": "40% - 54%",
        "savesAboveExp": -0.91,
        "gsaa": 0.1,
        "corsi": "44.3% (51.2) // 42.1% (48.9) // 42.2% (47.5) // 45.7% (49.7)",
        "fenwick": "44.2% (36.5) // 41.8% (33.9) // 42.8% (32.2) // 46.6% (32.3)",
        "shots": "44.4% (25.8) // 41.6% (23.1) // 44.0% (22.7) // 47.9% (22.3)",
        "scoring": "43.0% (24.2) // 40.0% (21.0) // 41.8% (20.7) // 44.9% (20.7)",
        "corsiAgainst": "55.7% (64.3) // 57.9% (67.4) // 57.8% (65.0) // 54.3% (59.0)",
        "fenwickAgainst": "55.8% (46.0) // 58.2% (47.2) // 57.2% (43.0) // 53.4% (37.0)",
        "shotsAgainst": "55.6% (32.3) // 58.4% (32.5) // 56.0% (28.8) // 52.1% (24.3)",
        "scoringAgainst": "57.0% (32.1) // 60.0% (31.4) // 58.2% (28.8) // 55.1% (25.3)",
        "oppCorsi": "50.8% (60.3) // 52.1% (65.8) // 51.0% (64.2) // 55.6% (67.7)",
        "oppFenwick": "51.3% (43.6) // 53.1% (45.7) // 51.6% (43.8) // 56.4% (44.3)",
        "oppShots": "51.9% (30.6) // 52.2% (30.4) // 50.9% (28.8) // 56.8% (29.3)",
        "oppScoring": "51.5% (28.3) // 56.0% (30.9) // 56.7% (30.3) // 61.4% (31.3)",
        "oppCorsiAgainst": "49.2% (58.3) // 47.9% (60.4) // 49.0% (61.7) // 44.4% (54.0)",
        "oppFenwickAgainst": "48.7% (41.3) // 46.9% (40.4) // 48.4% (41.2) // 43.6% (34.3)",
        "oppShotsAgainst": "48.1% (28.4) // 47.8% (27.8) // 49.1% (27.8) // 43.2% (22.3)",
        "oppScoringAgainst": "48.5% (26.7) // 44.0% (24.3) // 43.3% (23.2) // 38.6% (19.7)",
        "totalOver": 46,
        "totalOverLast5": 0,
        "totalOverLast15": 33,
        "lastTotalOver": 49,
        "last5": "26,13,27,28,25,30,37,23,35,22",
        "fd": "0",
        "dk": "-115/-115",
        "kambi": "0",
        "lowest": "-115 DK",
        "implied": 53.48837209302325,
        "overOdds": "-115",
        "underOdds": "-115",
        "overUnder": "-115 / -115"
    },
    {
        "player": "Igor Shesterkin",
        "team": "NYR",
        "opponent": "STL",
        "propType": "saves",
        "line": 26.5,
        "ppLine": "",
        "avg": 25.96,
        "hit": false,
        "diffAvg": -0.02,
        "diffAbs": 0.13,
        "lastAvg": 23.86,
        "diff": -0.1,
        "avgMin": 58,
        "proj": 23.0,
        "lastAvgMin": 60.15,
        "oppOver": 0,
        "teamOver": 45,
        "gameLine": "-170",
        "+/-": 0,
        "L5_+/-": 0,
        "prevMatchup": "2024-01-11 nyr @ stl 15.0 sv",
        "winLossSplits": "50% - 30%",
        "awayHome": "A",
        "playedYesterday": "Y",
        "awayHomeSplits": "60% - 18%",
        "savesAboveExp": 0.388,
        "gsaa": -1.33,
        "corsi": "50.5% (61.1) // 53.6% (64.8) // 59.8% (71.2) // 62.7% (80.1)",
        "fenwick": "51.4% (45.4) // 54.2% (48.1) // 60.2% (53.5) // 62.3% (59.0)",
        "shots": "52.0% (31.4) // 55.5% (34.2) // 60.5% (38.0) // 63.5% (42.8)",
        "scoring": "51.8% (30.0) // 55.8% (32.6) // 60.9% (35.8) // 65.2% (42.5)",
        "corsiAgainst": "49.5% (59.8) // 46.4% (56.0) // 40.2% (47.8) // 37.3% (47.7)",
        "fenwickAgainst": "48.6% (43.0) // 45.8% (40.7) // 39.8% (35.4) // 37.7% (35.7)",
        "shotsAgainst": "48.0% (29.0) // 44.5% (27.5) // 39.5% (24.8) // 36.5% (24.6)",
        "scoringAgainst": "48.2% (27.9) // 44.2% (25.8) // 39.1% (23.0) // 34.8% (22.7)",
        "oppCorsi": "47.6% (56.5) // 46.0% (54.1) // 42.3% (49.5) // 39.6% (45.7)",
        "oppFenwick": "47.6% (42.1) // 47.1% (40.6) // 42.5% (36.0) // 40.0% (33.1)",
        "oppShots": "48.5% (29.8) // 47.7% (28.3) // 44.6% (25.5) // 41.1% (23.4)",
        "oppScoring": "48.3% (28.2) // 45.9% (25.7) // 41.1% (24.5) // 37.5% (22.4)",
        "oppCorsiAgainst": "52.4% (62.3) // 54.0% (63.5) // 57.7% (67.6) // 60.4% (69.7)",
        "oppFenwickAgainst": "52.4% (46.3) // 52.9% (45.6) // 57.5% (48.7) // 60.0% (49.6)",
        "oppShotsAgainst": "51.5% (31.7) // 52.3% (31.0) // 55.4% (31.6) // 58.9% (33.4)",
        "oppScoringAgainst": "51.7% (30.1) // 54.1% (30.2) // 58.9% (35.0) // 62.5% (37.3)",
        "totalOver": 42,
        "totalOverLast5": 20,
        "totalOverLast15": 33,
        "lastTotalOver": 49,
        "last5": "15,20,22,21,34,26,27,31,21,23",
        "fd": "0",
        "dk": "-115/-115",
        "kambi": "0",
        "lowest": "-115 DK",
        "implied": 53.48837209302325,
        "overOdds": "-115",
        "underOdds": "-115",
        "overUnder": "-115 / -115"
    },
    {
        "player": "Jordan Binnington",
        "team": "STL",
        "opponent": "NYR",
        "propType": "saves",
        "line": 27.5,
        "ppLine": "",
        "avg": 27.52,
        "hit": false,
        "diffAvg": 0.0,
        "diffAbs": 0.05,
        "lastAvg": 26.75,
        "diff": -0.03,
        "avgMin": 56,
        "proj": 26.0,
        "lastAvgMin": 57.63,
        "oppOver": 0,
        "teamOver": 55,
        "gameLine": "+142",
        "+/-": 0,
        "L5_+/-": 0,
        "prevMatchup": "2024-01-11 nyr @ stl 40.0 sv",
        "winLossSplits": "73% - 36%",
        "awayHome": "H",
        "playedYesterday": "Y",
        "awayHomeSplits": "50% - 60%",
        "savesAboveExp": -0.172,
        "gsaa": 3.5,
        "corsi": "47.6% (56.5) // 46.0% (54.1) // 42.3% (49.5) // 39.6% (45.7)",
        "fenwick": "47.6% (42.1) // 47.1% (40.6) // 42.5% (36.0) // 40.0% (33.1)",
        "shots": "48.5% (29.8) // 47.7% (28.3) // 44.6% (25.5) // 41.1% (23.4)",
        "scoring": "48.3% (28.2) // 45.9% (25.7) // 41.1% (24.5) // 37.5% (22.4)",
        "corsiAgainst": "52.4% (62.3) // 54.0% (63.5) // 57.7% (67.6) // 60.4% (69.7)",
        "fenwickAgainst": "52.4% (46.3) // 52.9% (45.6) // 57.5% (48.7) // 60.0% (49.6)",
        "shotsAgainst": "51.5% (31.7) // 52.3% (31.0) // 55.4% (31.6) // 58.9% (33.4)",
        "scoringAgainst": "51.7% (30.1) // 54.1% (30.2) // 58.9% (35.0) // 62.5% (37.3)",
        "oppCorsi": "50.5% (61.1) // 53.6% (64.8) // 59.8% (71.2) // 62.7% (80.1)",
        "oppFenwick": "51.4% (45.4) // 54.2% (48.1) // 60.2% (53.5) // 62.3% (59.0)",
        "oppShots": "52.0% (31.4) // 55.5% (34.2) // 60.5% (38.0) // 63.5% (42.8)",
        "oppScoring": "51.8% (30.0) // 55.8% (32.6) // 60.9% (35.8) // 65.2% (42.5)",
