[
    {
        "player": "Sergei Bobrovsky",
        "team": "FLA",
        "opponent": "PIT",
        "propType": "saves",
        "line": 27.5,
        "ppLine": "",
        "avg": 24.97,
        "hit": false,
        "diffAvg": -0.09,
        "diffAbs": 0.29,
        "lastAvg": 19.14,
        "diff": -0.3,
        "avgMin": 58,
        "proj": 19.6,
        "lastAvgMin": 56.68,
        "oppOver": 0,
        "teamOver": 31,
        "gameLine": "-125",
        "+/-": 0,
        "L5_+/-": 0,
        "prevMatchup": "2023-12-08 pit @ fla 26.0 sv 2024-01-26 fla @ pit 35.0 sv",
        "winLossSplits": "44% - 15%",
        "awayHome": "A",
        "playedYesterday": "N",
        "awayHomeSplits": "24% - 43%",
        "savesAboveExp": -0.102,
        "gsaa": 8.2,
        "corsi": "56.8% (68.9) // 57.5% (67.6) // 55.9% (64.5) // 54.5% (60.3)",
        "fenwick": "55.7% (48.5) // 55.8% (49.6) // 55.1% (49.0) // 53.5% (44.8)",
        "shots": "55.6% (33.9) // 56.2% (34.2) // 56.0% (34.6) // 53.2% (32.8)",
        "scoring": "57.1% (31.9) // 60.6% (31.5) // 60.7% (30.7) // 57.2% (28.2)",
        "corsiAgainst": "43.2% (52.4) // 42.5% (50.1) // 44.1% (51.0) // 45.5% (50.3)",
        "fenwickAgainst": "44.3% (38.5) // 44.2% (39.3) // 44.9% (39.9) // 46.5% (38.9)",
        "shotsAgainst": "44.4% (27.0) // 43.8% (26.7) // 44.0% (27.1) // 46.8% (28.9)",
        "scoringAgainst": "42.9% (23.9) // 39.4% (20.5) // 39.3% (19.9) // 42.8% (21.1)",
        "oppCorsi": "52.7% (66.0) // 55.0% (69.4) // 55.8% (70.3) // 55.0% (72.1)",
        "oppFenwick": "51.8% (47.4) // 54.7% (48.6) // 56.0% (52.1) // 54.8% (54.1)",
        "oppShots": "52.4% (32.9) // 54.6% (33.9) // 55.4% (36.6) // 54.0% (37.7)",
        "oppScoring": "53.2% (32.4) // 57.3% (34.4) // 60.7% (35.4) // 59.0% (36.7)",
        "oppCorsiAgainst": "47.3% (59.3) // 45.0% (56.8) // 44.2% (55.6) // 45.0% (59.0)",
        "oppFenwickAgainst": "48.2% (44.1) // 45.3% (40.2) // 44.0% (41.0) // 45.2% (44.6)",
        "oppShotsAgainst": "47.6% (29.9) // 45.4% (28.2) // 44.6% (29.5) // 46.0% (32.1)",
        "oppScoringAgainst": "46.8% (28.5) // 42.7% (25.6) // 39.3% (23.0) // 41.0% (25.6)",
        "totalOver": 34,
        "totalOverLast5": 60,
        "totalOverLast15": 33,
        "lastTotalOver": 49,
        "last5": "35,21,35,31,11,26,18,31,22,26",
        "fd": "0",
        "dk": "-125/-105",
        "kambi": "0",
        "lowest": "-125 DK",
        "implied": 55.55555555555556,
        "overOdds": "-125",
        "underOdds": "-105",
        "overUnder": "-125 / -105"
    },
    {
        "player": "Tristan Jarry",
        "team": "PIT",
        "opponent": "FLA",
        "propType": "saves",
        "line": 28.5,
        "ppLine": "",
        "avg": 24.5,
        "hit": false,
        "diffAvg": -0.14,
        "diffAbs": 0.06,
        "lastAvg": 27.36,
        "diff": -0.04,
        "avgMin": 55,
        "proj": 26.7,
        "lastAvgMin": 56.38,
        "oppOver": 0,
        "teamOver": 47,
        "gameLine": "+105",
        "+/-": 0,
        "L5_+/-": 0,
        "prevMatchup": "2023-12-08 pit @ fla 30.0 sv 2024-01-26 fla @ pit 29.0 sv",
        "winLossSplits": "29% - 40%",
        "awayHome": "H",
        "playedYesterday": "N",
        "awayHomeSplits": "29% - 41%",
        "savesAboveExp": 0.033,
        "gsaa": 7.37,
        "corsi": "52.7% (66.0) // 55.0% (69.4) // 55.8% (70.3) // 55.0% (72.1)",
        "fenwick": "51.8% (47.4) // 54.7% (48.6) // 56.0% (52.1) // 54.8% (54.1)",
        "shots": "52.4% (32.9) // 54.6% (33.9) // 55.4% (36.6) // 54.0% (37.7)",
        "scoring": "53.2% (32.4) // 57.3% (34.4) // 60.7% (35.4) // 59.0% (36.7)",
        "corsiAgainst": "47.3% (59.3) // 45.0% (56.8) // 44.2% (55.6) // 45.0% (59.0)",
        "fenwickAgainst": "48.2% (44.1) // 45.3% (40.2) // 44.0% (41.0) // 45.2% (44.6)",
        "shotsAgainst": "47.6% (29.9) // 45.4% (28.2) // 44.6% (29.5) // 46.0% (32.1)",
        "scoringAgainst": "46.8% (28.5) // 42.7% (25.6) // 39.3% (23.0) // 41.0% (25.6)",
        "oppCorsi": "56.8% (68.9) // 57.5% (67.6) // 55.9% (64.5) // 54.5% (60.3)",
        "oppFenwick": "55.7% (48.5) // 55.8% (49.6) // 55.1% (49.0) // 53.5% (44.8)",
        "oppShots": "55.6% (33.9) // 56.2% (34.2) // 56.0% (34.6) // 53.2% (32.8)",
        "oppScoring": "57.1% (31.9) // 60.6% (31.5) // 60.7% (30.7) // 57.2% (28.2)",
        "oppCorsiAgainst": "43.2% (52.4) // 42.5% (50.1) // 44.1% (51.0) // 45.5% (50.3)",
        "oppFenwickAgainst": "44.3% (38.5) // 44.2% (39.3) // 44.9% (39.9) // 46.5% (38.9)",
        "oppShotsAgainst": "44.4% (27.0) // 43.8% (26.7) // 44.0% (27.1) // 46.8% (28.9)",
        "oppScoringAgainst": "42.9% (23.9) // 39.4% (20.5) // 39.3% (19.9) // 42.8% (21.1)",
        "totalOver": 35,
        "totalOverLast5": 20,
        "totalOverLast15": 20,
        "lastTotalOver": 37,
        "last5": "29,23,25,22,26,22,32,19,29,4",
        "fd": "0",
        "dk": "-115/-115",
        "kambi": "0",
        "lowest": "-115 DK",
        "implied": 53.48837209302325,
        "overOdds": "-115",
        "underOdds": "-115",
        "overUnder": "-115 / -115"
    },
    {
        "player": "Connor Hellebuyck",
        "team": "WPG",
        "opponent": "SJ",
        "propType": "saves",
        "line": 24.5,
        "ppLine": "",
        "avg": 27.03,
        "hit": false,
        "diffAvg": 0.1,
        "diffAbs": 0.06,
        "lastAvg": 25.45,
        "diff": 0.04,
        "avgMin": 60,
        "proj": 25.9,
        "lastAvgMin": 59.02,
        "oppOver": 0,
        "teamOver": 56,
        "gameLine": "-455",
        "+/-": 0,
        "L5_+/-": 0,
        "prevMatchup": "2023-12-12 wpg @ sj 30.0 sv 2024-01-04 wpg @ sj 27.0 sv",
        "winLossSplits": "75% - 31%",
        "awayHome": "H",
        "playedYesterday": "N",
        "awayHomeSplits": "53% - 65%",
        "savesAboveExp": 0.641,
        "gsaa": 17.56,
        "corsi": "50.8% (60.3) // 52.1% (65.8) // 51.0% (64.2) // 55.6% (67.7)",
        "fenwick": "51.3% (43.6) // 53.1% (45.7) // 51.6% (43.8) // 56.4% (44.3)",
        "shots": "51.9% (30.6) // 52.2% (30.4) // 50.9% (28.8) // 56.8% (29.3)",
        "scoring": "51.5% (28.3) // 56.0% (30.9) // 56.7% (30.3) // 61.4% (31.3)",
        "corsiAgainst": "49.2% (58.3) // 47.9% (60.4) // 49.0% (61.7) // 44.4% (54.0)",
        "fenwickAgainst": "48.7% (41.3) // 46.9% (40.4) // 48.4% (41.2) // 43.6% (34.3)",
        "shotsAgainst": "48.1% (28.4) // 47.8% (27.8) // 49.1% (27.8) // 43.2% (22.3)",
        "scoringAgainst": "48.5% (26.7) // 44.0% (24.3) // 43.3% (23.2) // 38.6% (19.7)",
        "oppCorsi": "42.2% (52.1) // 42.9% (53.1) // 44.2% (56.2) // 39.6% (51.3)",
        "oppFenwick": "42.1% (36.7) // 42.7% (37.0) // 43.4% (38.6) // 40.9% (39.0)",
        "oppShots": "41.8% (25.3) // 43.0% (25.4) // 43.9% (27.4) // 41.8% (27.3)",
        "oppScoring": "39.2% (23.5) // 40.6% (23.4) // 44.1% (24.6) // 39.4% (23.0)",
        "oppCorsiAgainst": "57.8% (71.3) // 57.1% (70.7) // 55.8% (71.0) // 60.4% (78.3)",
        "oppFenwickAgainst": "57.9% (50.4) // 57.3% (49.6) // 56.6% (50.4) // 59.1% (56.3)",
        "oppShotsAgainst": "58.2% (35.3) // 57.0% (33.7) // 56.1% (35.0) // 58.2% (38.0)",
        "oppScoringAgainst": "60.8% (36.4) // 59.4% (34.2) // 55.9% (31.2) // 60.6% (35.3)",
        "totalOver": 59,
        "totalOverLast5": 60,
        "totalOverLast15": 60,
        "lastTotalOver": 68,
        "last5": "35,24,26,17,34,35,34,29,15,27",
        "fd": "0",
        "dk": "-115/-115",
        "kambi": "0",
        "lowest": "-115 DK",
        "implied": 53.48837209302325,
        "overOdds": "-115",
        "underOdds": "-115",
        "overUnder": "-115 / -115"
    },
    {
        "player": "Kaapo Kahkonen",
        "team": "SJ",
        "opponent": "WPG",
        "propType": "saves",
        "line": 30.5,
        "ppLine": "",
        "avg": 28.17,
        "hit": false,
        "diffAvg": -0.08,
        "diffAbs": 0.18,
        "lastAvg": 27.41,
        "diff": -0.1,
        "avgMin": 52,
        "proj": 25.0,
        "lastAvgMin": 56.92,
        "oppOver": 0,
        "teamOver": 55,
        "gameLine": "+350",
        "+/-": 0,
        "L5_+/-": 0,
        "prevMatchup": "2023-12-12 wpg @ sj 36.0 sv 2024-01-04 wpg @ sj 28.0 sv",
        "winLossSplits": "67% - 44%",
        "awayHome": "A",
        "playedYesterday": "N",
        "awayHomeSplits": "53% - 44%",
        "savesAboveExp": -1.142,
        "gsaa": "-",
        "corsi": "42.2% (52.1) // 42.9% (53.1) // 44.2% (56.2) // 39.6% (51.3)",
        "fenwick": "42.1% (36.7) // 42.7% (37.0) // 43.4% (38.6) // 40.9% (39.0)",
        "shots": "41.8% (25.3) // 43.0% (25.4) // 43.9% (27.4) // 41.8% (27.3)",
        "scoring": "39.2% (23.5) // 40.6% (23.4) // 44.1% (24.6) // 39.4% (23.0)",
        "corsiAgainst": "57.8% (71.3) // 57.1% (70.7) // 55.8% (71.0) // 60.4% (78.3)",
        "fenwickAgainst": "57.9% (50.4) // 57.3% (49.6) // 56.6% (50.4) // 59.1% (56.3)",
        "shotsAgainst": "58.2% (35.3) // 57.0% (33.7) // 56.1% (35.0) // 58.2% (38.0)",
        "scoringAgainst": "60.8% (36.4) // 59.4% (34.2) // 55.9% (31.2) // 60.6% (35.3)",
        "oppCorsi": "50.8% (60.3) // 52.1% (65.8) // 51.0% (64.2) // 55.6% (67.7)",
        "oppFenwick": "51.3% (43.6) // 53.1% (45.7) // 51.6% (43.8) // 56.4% (44.3)",
        "oppShots": "51.9% (30.6) // 52.2% (30.4) // 50.9% (28.8) // 56.8% (29.3)",
        "oppScoring": "51.5% (28.3) // 56.0% (30.9) // 56.7% (30.3) // 61.4% (31.3)",
        "oppCorsiAgainst": "49.2% (58.3) // 47.9% (60.4) // 49.0% (61.7) // 44.4% (54.0)",
        "oppFenwickAgainst": "48.7% (41.3) // 46.9% (40.4) // 48.4% (41.2) // 43.6% (34.3)",
        "oppShotsAgainst": "48.1% (28.4) // 47.8% (27.8) // 49.1% (27.8) // 43.2% (22.3)",
        "oppScoringAgainst": "48.5% (26.7) // 44.0% (24.3) // 43.3% (23.2) // 38.6% (19.7)",
        "totalOver": 50,
        "totalOverLast5": 80,
        "totalOverLast15": 47,
        "lastTotalOver": 31,
        "last5": "31,31,44,32,16,26,30,17,38,35",
        "fd": "0",
        "dk": "-125/-105",
        "kambi": "0",
        "lowest": "-125 DK",
        "implied": 55.55555555555556,
        "overOdds": "-125",
        "underOdds": "-105",
        "overUnder": "-125 / -105"
    }
]