[
    {
        "player": "Casey Desmith",
        "team": "VAN",
        "opponent": "PHI",
        "propType": "saves",
        "line": 27.5,
        "ppLine": "",
        "avg": 26.18,
        "hit": false,
        "diffAvg": -0.05,
        "diffAbs": 0.0,
        "lastAvg": 27.18,
        "diff": -0.01,
        "avgMin": 55,
        "proj": 27.5,
        "lastAvgMin": 54.37,
        "oppOver": 0,
        "teamOver": 46,
        "gameLine": "-155",
        "+/-": 0,
        "L5_+/-": 0,
        "prevMatchup": "2023-10-17 van @ phi 40.0 sv",
        "winLossSplits": "57% - 50%",
        "awayHome": "H",
        "playedYesterday": "N",
        "awayHomeSplits": "75% - 0%",
        "savesAboveExp": 0.063,
        "gsaa": 5.31,
        "corsi": "49.6% (57.1) // 47.1% (50.6) // 51.1% (54.2) // 60.8% (65.0)",
        "fenwick": "49.1% (40.8) // 47.7% (37.4) // 50.6% (39.9) // 56.2% (41.0)",
        "shots": "48.3% (27.8) // 46.6% (25.4) // 47.6% (26.3) // 51.0% (26.0)",
        "scoring": "50.7% (28.9) // 50.1% (26.4) // 51.0% (25.6) // 57.8% (26.0)",
        "corsiAgainst": "50.4% (58.1) // 52.9% (56.8) // 48.9% (51.9) // 39.2% (42.0)",
        "fenwickAgainst": "50.9% (42.3) // 52.3% (41.0) // 49.4% (39.0) // 43.8% (32.0)",
        "shotsAgainst": "51.7% (29.8) // 53.4% (29.0) // 52.4% (28.9) // 49.0% (25.0)",
        "scoringAgainst": "49.3% (28.1) // 49.9% (26.3) // 49.0% (24.7) // 42.2% (19.0)",
        "oppCorsi": "49.8% (59.8) // 47.0% (56.5) // 49.0% (56.7) // 51.5% (64.6)",
        "oppFenwick": "52.0% (44.5) // 50.5% (44.4) // 52.4% (45.5) // 54.7% (53.5)",
        "oppShots": "53.5% (32.4) // 51.9% (31.9) // 51.5% (31.8) // 53.8% (39.7)",
        "oppScoring": "48.5% (27.3) // 44.8% (26.7) // 42.2% (24.2) // 45.6% (28.6)",
        "oppCorsiAgainst": "50.2% (60.4) // 53.0% (63.7) // 51.0% (58.9) // 48.5% (60.9)",
        "oppFenwickAgainst": "48.0% (41.1) // 49.5% (43.5) // 47.6% (41.4) // 45.3% (44.3)",
        "oppShotsAgainst": "46.5% (28.2) // 48.1% (29.6) // 48.5% (29.9) // 46.2% (34.2)",
        "oppScoringAgainst": "51.5% (29.0) // 55.2% (33.0) // 57.8% (33.1) // 54.4% (34.2)",
        "totalOver": 55,
        "totalOverLast5": 40,
        "totalOverLast15": 55,
        "lastTotalOver": 49,
        "last5": "26,30,26,18,34,30,28,20,34,37",
        "fd": "-112/-112",
        "dk": "-115/-115",
        "implied": 53.48837209302325,
        "overOdds": "-115",
        "underOdds": "-115",
        "overUnder": "-115 / -115"
    },
    {
        "player": "Samuel Ersson",
        "team": "PHI",
        "opponent": "VAN",
        "propType": "saves",
        "line": 24.5,
        "ppLine": "",
        "avg": 23.0,
        "hit": false,
        "diffAvg": -0.06,
        "diffAbs": 0.12,
        "lastAvg": 24.5,
        "diff": 0.0,
        "avgMin": 60,
        "proj": 27.4,
        "lastAvgMin": 53.73,
        "oppOver": 0,
        "teamOver": 67,
        "gameLine": "+130",
        "+/-": 0,
        "L5_+/-": 0,
        "prevMatchup": "2023-10-17 van @ phi 25.0 sv",
        "winLossSplits": "62% - 17%",
        "awayHome": "A",
        "playedYesterday": "N",
        "awayHomeSplits": "38% - 50%",
        "savesAboveExp": 0.232,
        "gsaa": -1.32,
        "corsi": "49.8% (59.8) // 47.0% (56.5) // 49.0% (56.7) // 51.5% (64.6)",
        "fenwick": "52.0% (44.5) // 50.5% (44.4) // 52.4% (45.5) // 54.7% (53.5)",
        "shots": "53.5% (32.4) // 51.9% (31.9) // 51.5% (31.8) // 53.8% (39.7)",
        "scoring": "48.5% (27.3) // 44.8% (26.7) // 42.2% (24.2) // 45.6% (28.6)",
        "corsiAgainst": "50.2% (60.4) // 53.0% (63.7) // 51.0% (58.9) // 48.5% (60.9)",
        "fenwickAgainst": "48.0% (41.1) // 49.5% (43.5) // 47.6% (41.4) // 45.3% (44.3)",
        "shotsAgainst": "46.5% (28.2) // 48.1% (29.6) // 48.5% (29.9) // 46.2% (34.2)",
        "scoringAgainst": "51.5% (29.0) // 55.2% (33.0) // 57.8% (33.1) // 54.4% (34.2)",
        "oppCorsi": "49.6% (57.1) // 47.1% (50.6) // 51.1% (54.2) // 60.8% (65.0)",
        "oppFenwick": "49.1% (40.8) // 47.7% (37.4) // 50.6% (39.9) // 56.2% (41.0)",
        "oppShots": "48.3% (27.8) // 46.6% (25.4) // 47.6% (26.3) // 51.0% (26.0)",
        "oppScoring": "50.7% (28.9) // 50.1% (26.4) // 51.0% (25.6) // 57.8% (26.0)",
        "oppCorsiAgainst": "50.4% (58.1) // 52.9% (56.8) // 48.9% (51.9) // 39.2% (42.0)",
        "oppFenwickAgainst": "50.9% (42.3) // 52.3% (41.0) // 49.4% (39.0) // 43.8% (32.0)",
        "oppShotsAgainst": "51.7% (29.8) // 53.4% (29.0) // 52.4% (28.9) // 49.0% (25.0)",
        "oppScoringAgainst": "49.3% (28.1) // 49.9% (26.3) // 49.0% (24.7) // 42.2% (19.0)",
        "totalOver": 43,
        "totalOverLast5": 60,
        "totalOverLast15": 43,
        "lastTotalOver": 83,
        "last5": "27,24,33,27,19,29,25,20,35,17",
        "fd": "-112/-112",
        "dk": "-115/-115",
        "implied": 53.48837209302325,
        "overOdds": "-115",
        "underOdds": "-115",
        "overUnder": "-115 / -115"
    },
    {
        "player": "Cam Talbot",
        "team": "LA",
        "opponent": "VGK",
        "propType": "saves",
        "line": 25.5,
        "ppLine": "",
        "avg": 25.36,
        "hit": false,
        "diffAvg": -0.01,
        "diffAbs": 0.0,
        "lastAvg": 23.33,
        "diff": -0.09,
        "avgMin": 59,
        "proj": 25.5,
        "lastAvgMin": 54.08,
        "oppOver": 0,
        "teamOver": 45,
        "gameLine": "-112",
        "+/-": 0,
        "L5_+/-": 0,
        "prevMatchup": "2023-10-28 vgk @ la 27.0 sv 2023-11-08 la @ vgk 37.0 sv",
        "winLossSplits": "57% - 50%",
        "awayHome": "A",
        "playedYesterday": "Y",
        "awayHomeSplits": "55% - 55%",
        "savesAboveExp": 0.136,
        "gsaa": 13.58,
        "corsi": "55.5% (67.3) // 55.5% (70.4) // 56.6% (76.2) // 55.2% (79.0)",
        "fenwick": "56.1% (49.1) // 57.4% (53.3) // 60.6% (57.8) // 58.2% (56.5)",
        "shots": "56.3% (33.9) // 58.9% (37.0) // 60.7% (39.8) // 57.5% (38.5)",
        "scoring": "55.7% (31.8) // 55.3% (31.5) // 59.8% (36.5) // 65.9% (44.5)",
        "corsiAgainst": "44.5% (53.9) // 44.5% (56.4) // 43.4% (58.5) // 44.8% (64.0)",
        "fenwickAgainst": "43.9% (38.5) // 42.6% (39.6) // 39.4% (37.5) // 41.8% (40.5)",
        "shotsAgainst": "43.7% (26.3) // 41.1% (25.9) // 39.3% (25.8) // 42.5% (28.5)",
        "scoringAgainst": "44.3% (25.3) // 44.7% (25.5) // 40.2% (24.5) // 34.1% (23.0)",
        "oppCorsi": "49.4% (60.4) // 50.3% (61.7) // 46.6% (59.2) // 49.4% (62.0)",
        "oppFenwick": "50.3% (43.5) // 50.5% (45.1) // 45.5% (42.5) // 46.4% (41.5)",
        "oppShots": "51.9% (31.8) // 51.5% (32.9) // 46.4% (31.0) // 45.6% (28.5)",
        "oppScoring": "51.6% (30.1) // 52.9% (31.2) // 44.2% (25.8) // 47.3% (26.0)",
        "oppCorsiAgainst": "50.6% (61.8) // 49.7% (61.0) // 53.4% (68.0) // 50.6% (63.5)",
        "oppFenwickAgainst": "49.7% (43.0) // 49.5% (44.1) // 54.5% (51.0) // 53.6% (48.0)",
        "oppShotsAgainst": "48.1% (29.4) // 48.5% (31.0) // 53.6% (35.8) // 54.4% (34.0)",
        "oppScoringAgainst": "48.4% (28.2) // 47.1% (27.8) // 55.8% (32.5) // 52.7% (29.0)",
        "totalOver": 55,
        "totalOverLast5": 60,
        "totalOverLast15": 47,
        "lastTotalOver": 50,
        "last5": "29,28,17,24,27,24,20,13,29,29",
        "fd": "-118/-108",
        "dk": "-115/-115",
        "implied": 54.12844036697248,
        "overOdds": "-115",
        "underOdds": "-115",
        "overUnder": "-115 / -115"
    },
    {
        "player": "Stuart Skinner",
        "team": "EDM",
        "opponent": "SJ",
        "propType": "saves",
        "line": 23.5,
        "ppLine": "",
        "avg": 22.35,
        "hit": false,
        "diffAvg": -0.05,
        "diffAbs": 0.09,
        "lastAvg": 22.29,
        "diff": -0.05,
        "avgMin": 56,
        "proj": 21.5,
        "lastAvgMin": 58.05,
        "oppOver": 0,
        "teamOver": 58,
        "gameLine": "-425",
        "+/-": 0,
        "L5_+/-": 0,
        "prevMatchup": "2023-11-09 edm @ sj 15.0 sv",
        "winLossSplits": "58% - 27%",
        "awayHome": "A",
        "playedYesterday": "N",
        "awayHomeSplits": "40% - 46%",
        "savesAboveExp": 0.118,
        "gsaa": -9.75,
        "corsi": "55.3% (66.3) // 55.7% (68.7) // 57.6% (71.0) // 46.9% (60.0)",
        "fenwick": "55.3% (48.2) // 57.0% (51.1) // 58.5% (50.3) // 51.1% (45.0)",
        "shots": "54.7% (34.0) // 56.8% (36.5) // 54.5% (32.3) // 45.2% (28.0)",
        "scoring": "55.4% (33.5) // 57.8% (36.5) // 57.0% (34.0) // 42.4% (25.0)",
        "corsiAgainst": "44.7% (53.6) // 44.3% (54.7) // 42.4% (52.3) // 53.1% (68.0)",
        "fenwickAgainst": "44.7% (38.9) // 43.0% (38.6) // 41.5% (35.7) // 48.9% (43.0)",
        "shotsAgainst": "45.3% (28.2) // 43.2% (27.8) // 45.5% (27.0) // 54.8% (34.0)",
        "scoringAgainst": "44.6% (27.0) // 42.2% (26.7) // 43.0% (25.7) // 57.6% (34.0)",
        "oppCorsi": "42.2% (52.1) // 46.1% (57.2) // 43.2% (53.0) // 41.0% (50.0)",
        "oppFenwick": "42.2% (36.8) // 44.7% (40.0) // 41.8% (36.5) // 40.1% (34.5)",
        "oppShots": "41.7% (25.4) // 47.0% (28.3) // 41.3% (24.2) // 42.0% (25.0)",
        "oppScoring": "38.7% (23.4) // 42.5% (26.3) // 38.9% (22.2) // 34.8% (19.5)",
        "oppCorsiAgainst": "57.8% (71.2) // 53.9% (66.9) // 56.8% (69.8) // 59.0% (72.0)",
        "oppFenwickAgainst": "57.8% (50.5) // 55.3% (49.4) // 58.2% (50.8) // 59.9% (51.5)",
        "oppShotsAgainst": "58.3% (35.5) // 53.0% (31.9) // 58.7% (34.5) // 58.0% (34.5)",
        "oppScoringAgainst": "61.3% (37.1) // 57.5% (35.6) // 61.1% (35.0) // 65.2% (36.5)",
        "totalOver": 43,
        "totalOverLast5": 20,
        "totalOverLast15": 40,
        "lastTotalOver": 67,
        "last5": "31,18,17,22,17,39,25,23,21,25",
        "fd": "-118/-108",
        "dk": "-120/-110",
        "implied": 54.54545454545454,
        "overOdds": "-120",
        "underOdds": "-110",
        "overUnder": "-120 / -110"
    }
]