[
    {
        "player": "Alex Debrincat",
        "team": "DET",
        "opponent": "NSH",
        "propType": "sog",
        "line": 3.5,
        "ppLine": "PP1",
        "avg": 3.29,
        "hit": false,
        "diffAvg": -0.06,
        "diffAbs": 0.14,
        "lastAvg": 3.21,
        "diff": -0.08,
        "avgMin": 18,
        "proj": 3.0,
        "lastAvgMin": 19.0,
        "oppOver": 0,
        "teamOver": 0,
        "gameLine": "-115",
        "+/-": "+1",
        "L5_+/-": -6.0,
        "prevMatchup": "",
        "winLossSplits": "50% - 53%",
        "awayHome": "H",
        "playedYesterday": "N",
        "awayHomeSplits": "29% - 72%",
        "savesAboveExp": 0.483,
        "gsaa": 1.53,
        "corsi": "47.2% (56.5) // 47.4% (58.8) // 48.7% (59.0) // 47.8% (53.5)",
        "fenwick": "47.1% (41.7) // 45.5% (42.1) // 45.3% (42.6) // 45.5% (40.0)",
        "shots": "48.4% (29.8) // 46.0% (29.9) // 43.7% (28.7) // 43.7% (26.0)",
        "scoring": "47.0% (27.4) // 48.4% (28.8) // 51.7% (29.1) // 48.5% (24.5)",
        "corsiAgainst": "52.8% (63.2) // 52.6% (65.3) // 51.3% (62.2) // 52.2% (58.5)",
        "fenwickAgainst": "52.9% (46.8) // 54.5% (50.5) // 54.7% (51.4) // 54.5% (48.0)",
        "shotsAgainst": "51.6% (31.8) // 54.0% (35.1) // 56.3% (37.0) // 56.3% (33.5)",
        "scoringAgainst": "53.0% (30.9) // 51.6% (30.6) // 48.3% (27.2) // 51.5% (26.0)",
        "oppCorsi": "49.9% (58.1) // 46.7% (53.4) // 47.4% (52.5) // 42.7% (47.0)",
        "oppFenwick": "50.3% (42.7) // 45.6% (37.5) // 47.5% (38.5) // 47.0% (35.5)",
        "oppShots": "49.3% (29.9) // 45.6% (27.2) // 48.4% (29.2) // 49.6% (29.0)",
        "oppScoring": "51.5% (30.2) // 48.0% (27.7) // 47.4% (27.2) // 41.7% (24.0)",
        "oppCorsiAgainst": "50.1% (58.3) // 53.3% (61.0) // 52.6% (58.2) // 57.3% (63.0)",
        "oppFenwickAgainst": "49.7% (42.2) // 54.4% (44.7) // 52.5% (42.5) // 53.0% (40.0)",
        "oppShotsAgainst": "50.7% (30.8) // 54.4% (32.4) // 51.6% (31.3) // 50.4% (29.5)",
        "oppScoringAgainst": "48.5% (28.5) // 52.0% (30.0) // 52.6% (30.2) // 58.3% (33.5)",
        "totalOver": 51,
        "totalOverLast5": 60,
        "totalOverLast15": 53,
        "lastTotalOver": 41,
        "last5": "4,3,4,3,4,2,4,4,5,3",
        "fd": "0",
        "dk": "+130/-166",
        "implied": 43.47826086956522,
        "overOdds": "+130",
        "underOdds": "-166",
        "overUnder": "+130 / -166"
    },
    {
        "player": "Dylan Larkin",
        "team": "DET",
        "opponent": "NSH",
        "propType": "sog",
        "line": 3.5,
        "ppLine": "PP1",
        "avg": 3.45,
        "hit": false,
        "diffAvg": -0.01,
        "diffAbs": 0.17,
        "lastAvg": 2.98,
        "diff": -0.15,
        "avgMin": 19,
        "proj": 2.9,
        "lastAvgMin": 19.55,
        "oppOver": 0,
        "teamOver": 0,
        "gameLine": "-115",
        "+/-": "+3",
        "L5_+/-": "+2.0",
        "prevMatchup": "",
        "winLossSplits": "71% - 33%",
        "awayHome": "H",
        "playedYesterday": "N",
        "awayHomeSplits": "54% - 50%",
        "savesAboveExp": 0.483,
        "gsaa": 1.53,
        "corsi": "47.2% (56.5) // 47.4% (58.8) // 48.7% (59.0) // 47.8% (53.5)",
        "fenwick": "47.1% (41.7) // 45.5% (42.1) // 45.3% (42.6) // 45.5% (40.0)",
        "shots": "48.4% (29.8) // 46.0% (29.9) // 43.7% (28.7) // 43.7% (26.0)",
        "scoring": "47.0% (27.4) // 48.4% (28.8) // 51.7% (29.1) // 48.5% (24.5)",
        "corsiAgainst": "52.8% (63.2) // 52.6% (65.3) // 51.3% (62.2) // 52.2% (58.5)",
        "fenwickAgainst": "52.9% (46.8) // 54.5% (50.5) // 54.7% (51.4) // 54.5% (48.0)",
        "shotsAgainst": "51.6% (31.8) // 54.0% (35.1) // 56.3% (37.0) // 56.3% (33.5)",
        "scoringAgainst": "53.0% (30.9) // 51.6% (30.6) // 48.3% (27.2) // 51.5% (26.0)",
        "oppCorsi": "49.9% (58.1) // 46.7% (53.4) // 47.4% (52.5) // 42.7% (47.0)",
        "oppFenwick": "50.3% (42.7) // 45.6% (37.5) // 47.5% (38.5) // 47.0% (35.5)",
        "oppShots": "49.3% (29.9) // 45.6% (27.2) // 48.4% (29.2) // 49.6% (29.0)",
        "oppScoring": "51.5% (30.2) // 48.0% (27.7) // 47.4% (27.2) // 41.7% (24.0)",
        "oppCorsiAgainst": "50.1% (58.3) // 53.3% (61.0) // 52.6% (58.2) // 57.3% (63.0)",
        "oppFenwickAgainst": "49.7% (42.2) // 54.4% (44.7) // 52.5% (42.5) // 53.0% (40.0)",
        "oppShotsAgainst": "50.7% (30.8) // 54.4% (32.4) // 51.6% (31.3) // 50.4% (29.5)",
        "oppScoringAgainst": "48.5% (28.5) // 52.0% (30.0) // 52.6% (30.2) // 58.3% (33.5)",
        "totalOver": 52,
        "totalOverLast5": 40,
        "totalOverLast15": 53,
        "lastTotalOver": 33,
        "last5": "3,2,5,4,3,2,4,4,4,4",
        "fd": "0",
        "dk": "+114/-145",
        "implied": 46.728971962616825,
        "overOdds": "+114",
        "underOdds": "-145",
        "overUnder": "+114 / -145"
    },
    {
        "player": "Filip Forsberg",
        "team": "NSH",
        "opponent": "DET",
        "propType": "sog",
        "line": 3.5,
        "ppLine": "PP1",
        "avg": 3.74,
        "hit": false,
        "diffAvg": 0.07,
        "diffAbs": 0.09,
        "lastAvg": 3.14,
        "diff": -0.1,
        "avgMin": 18,
        "proj": 3.2,
        "lastAvgMin": 17.47,
        "oppOver": 0,
        "teamOver": 0,
        "gameLine": "-105",
        "+/-": "+4",
        "L5_+/-": "+3.0",
        "prevMatchup": "",
        "winLossSplits": "63% - 50%",
        "awayHome": "A",
        "playedYesterday": "N",
        "awayHomeSplits": "47% - 65%",
        "savesAboveExp": "-",
        "gsaa": 5.56,
        "corsi": "49.9% (58.1) // 46.7% (53.4) // 47.4% (52.5) // 42.7% (47.0)",
        "fenwick": "50.3% (42.7) // 45.6% (37.5) // 47.5% (38.5) // 47.0% (35.5)",
        "shots": "49.3% (29.9) // 45.6% (27.2) // 48.4% (29.2) // 49.6% (29.0)",
        "scoring": "51.5% (30.2) // 48.0% (27.7) // 47.4% (27.2) // 41.7% (24.0)",
        "corsiAgainst": "50.1% (58.3) // 53.3% (61.0) // 52.6% (58.2) // 57.3% (63.0)",
        "fenwickAgainst": "49.7% (42.2) // 54.4% (44.7) // 52.5% (42.5) // 53.0% (40.0)",
        "shotsAgainst": "50.7% (30.8) // 54.4% (32.4) // 51.6% (31.3) // 50.4% (29.5)",
        "scoringAgainst": "48.5% (28.5) // 52.0% (30.0) // 52.6% (30.2) // 58.3% (33.5)",
        "oppCorsi": "47.2% (56.5) // 47.4% (58.8) // 48.7% (59.0) // 47.8% (53.5)",
        "oppFenwick": "47.1% (41.7) // 45.5% (42.1) // 45.3% (42.6) // 45.5% (40.0)",
        "oppShots": "48.4% (29.8) // 46.0% (29.9) // 43.7% (28.7) // 43.7% (26.0)",
        "oppScoring": "47.0% (27.4) // 48.4% (28.8) // 51.7% (29.1) // 48.5% (24.5)",
        "oppCorsiAgainst": "52.8% (63.2) // 52.6% (65.3) // 51.3% (62.2) // 52.2% (58.5)",
        "oppFenwickAgainst": "52.9% (46.8) // 54.5% (50.5) // 54.7% (51.4) // 54.5% (48.0)",
        "oppShotsAgainst": "51.6% (31.8) // 54.0% (35.1) // 56.3% (37.0) // 56.3% (33.5)",
        "oppScoringAgainst": "53.0% (30.9) // 51.6% (30.6) // 48.3% (27.2) // 51.5% (26.0)",
        "totalOver": 57,
        "totalOverLast5": 40,
        "totalOverLast15": 33,
        "lastTotalOver": 34,
        "last5": "4,2,5,3,1,3,6,1,1,3",
        "fd": "0",
        "dk": "+114/-145",
        "implied": 46.728971962616825,
        "overOdds": "+114",
        "underOdds": "-145",
        "overUnder": "+114 / -145"
    },
    {
        "player": "Gustav Nyquist",
        "team": "NSH",
        "opponent": "DET",
        "propType": "sog",
        "line": 1.5,
        "ppLine": "PP1",
        "avg": 2.09,
        "hit": false,
        "diffAvg": 0.39,
        "diffAbs": 0.13,
        "lastAvg": 1.79,
        "diff": 0.19,
        "avgMin": 17,
        "proj": 1.7,
        "lastAvgMin": 17.62,
        "oppOver": 0,
        "teamOver": 0,
        "gameLine": "-105",
        "+/-": 0,
        "L5_+/-": -1.0,
        "prevMatchup": "",
        "winLossSplits": "68% - 56%",
        "awayHome": "A",
        "playedYesterday": "N",
        "awayHomeSplits": "73% - 55%",
        "savesAboveExp": "-",
        "gsaa": 5.56,
        "corsi": "49.9% (58.1) // 46.7% (53.4) // 47.4% (52.5) // 42.7% (47.0)",
        "fenwick": "50.3% (42.7) // 45.6% (37.5) // 47.5% (38.5) // 47.0% (35.5)",
        "shots": "49.3% (29.9) // 45.6% (27.2) // 48.4% (29.2) // 49.6% (29.0)",
        "scoring": "51.5% (30.2) // 48.0% (27.7) // 47.4% (27.2) // 41.7% (24.0)",
        "corsiAgainst": "50.1% (58.3) // 53.3% (61.0) // 52.6% (58.2) // 57.3% (63.0)",
        "fenwickAgainst": "49.7% (42.2) // 54.4% (44.7) // 52.5% (42.5) // 53.0% (40.0)",
        "shotsAgainst": "50.7% (30.8) // 54.4% (32.4) // 51.6% (31.3) // 50.4% (29.5)",
        "scoringAgainst": "48.5% (28.5) // 52.0% (30.0) // 52.6% (30.2) // 58.3% (33.5)",
        "oppCorsi": "47.2% (56.5) // 47.4% (58.8) // 48.7% (59.0) // 47.8% (53.5)",
        "oppFenwick": "47.1% (41.7) // 45.5% (42.1) // 45.3% (42.6) // 45.5% (40.0)",
        "oppShots": "48.4% (29.8) // 46.0% (29.9) // 43.7% (28.7) // 43.7% (26.0)",
        "oppScoring": "47.0% (27.4) // 48.4% (28.8) // 51.7% (29.1) // 48.5% (24.5)",
        "oppCorsiAgainst": "52.8% (63.2) // 52.6% (65.3) // 51.3% (62.2) // 52.2% (58.5)",
        "oppFenwickAgainst": "52.9% (46.8) // 54.5% (50.5) // 54.7% (51.4) // 54.5% (48.0)",
        "oppShotsAgainst": "51.6% (31.8) // 54.0% (35.1) // 56.3% (37.0) // 56.3% (33.5)",
        "oppScoringAgainst": "53.0% (30.9) // 51.6% (30.6) // 48.3% (27.2) // 51.5% (26.0)",
        "totalOver": 63,
        "totalOverLast5": 40,
        "totalOverLast15": 53,
        "lastTotalOver": 56,
        "last5": "4,0,3,1,0,0,4,2,1,1",
        "fd": "0",
        "dk": "-166/+130",
        "implied": 62.40601503759399,
        "overOdds": "-166",
        "underOdds": "+130",
        "overUnder": "-166 / +130"
    },
    {
        "player": "Lucas Raymond",
        "team": "DET",
        "opponent": "NSH",
        "propType": "sog",
        "line": 1.5,
        "ppLine": "PP2",
        "avg": 2.11,
        "hit": false,
        "diffAvg": 0.41,
        "diffAbs": 0.2,
        "lastAvg": 1.81,
        "diff": 0.21,
        "avgMin": 17,
        "proj": 1.8,
        "lastAvgMin": 17.37,
        "oppOver": 0,
        "teamOver": 0,
        "gameLine": "-115",
        "+/-": -8,
        "L5_+/-": -12.0,
        "prevMatchup": "",
        "winLossSplits": "81% - 42%",
        "awayHome": "H",
        "playedYesterday": "N",
        "awayHomeSplits": "53% - 67%",
        "savesAboveExp": 0.483,
        "gsaa": 1.53,
        "corsi": "47.2% (56.5) // 47.4% (58.8) // 48.7% (59.0) // 47.8% (53.5)",
        "fenwick": "47.1% (41.7) // 45.5% (42.1) // 45.3% (42.6) // 45.5% (40.0)",
        "shots": "48.4% (29.8) // 46.0% (29.9) // 43.7% (28.7) // 43.7% (26.0)",
        "scoring": "47.0% (27.4) // 48.4% (28.8) // 51.7% (29.1) // 48.5% (24.5)",
        "corsiAgainst": "52.8% (63.2) // 52.6% (65.3) // 51.3% (62.2) // 52.2% (58.5)",
        "fenwickAgainst": "52.9% (46.8) // 54.5% (50.5) // 54.7% (51.4) // 54.5% (48.0)",
        "shotsAgainst": "51.6% (31.8) // 54.0% (35.1) // 56.3% (37.0) // 56.3% (33.5)",
        "scoringAgainst": "53.0% (30.9) // 51.6% (30.6) // 48.3% (27.2) // 51.5% (26.0)",
        "oppCorsi": "49.9% (58.1) // 46.7% (53.4) // 47.4% (52.5) // 42.7% (47.0)",
        "oppFenwick": "50.3% (42.7) // 45.6% (37.5) // 47.5% (38.5) // 47.0% (35.5)",
        "oppShots": "49.3% (29.9) // 45.6% (27.2) // 48.4% (29.2) // 49.6% (29.0)",
        "oppScoring": "51.5% (30.2) // 48.0% (27.7) // 47.4% (27.2) // 41.7% (24.0)",
        "oppCorsiAgainst": "50.1% (58.3) // 53.3% (61.0) // 52.6% (58.2) // 57.3% (63.0)",
        "oppFenwickAgainst": "49.7% (42.2) // 54.4% (44.7) // 52.5% (42.5) // 53.0% (40.0)",
        "oppShotsAgainst": "50.7% (30.8) // 54.4% (32.4) // 51.6% (31.3) // 50.4% (29.5)",
        "oppScoringAgainst": "48.5% (28.5) // 52.0% (30.0) // 52.6% (30.2) // 58.3% (33.5)",
        "totalOver": 60,
        "totalOverLast5": 20,
        "totalOverLast15": 53,
        "lastTotalOver": 53,
        "last5": "1,0,4,1,0,4,2,2,1,3",
        "fd": "0",
        "dk": "-150/+120",
        "implied": 60.0,
        "overOdds": "-150",
        "underOdds": "+120",
        "overUnder": "-150 / +120"
    },
    {
        "player": "Moritz Seider",
        "team": "DET",
        "opponent": "NSH",
        "propType": "sog",
        "line": 1.5,
        "ppLine": "PP2",
        "avg": 1.89,
        "hit": false,
        "diffAvg": 0.26,
        "diffAbs": 0.07,
        "lastAvg": 1.71,
        "diff": 0.14,
        "avgMin": 22,
        "proj": 1.6,
        "lastAvgMin": 23.13,
        "oppOver": 0,
        "teamOver": 0,
        "gameLine": "-115",
        "+/-": -2,
        "L5_+/-": -7.0,
        "prevMatchup": "",
        "winLossSplits": "50% - 58%",
        "awayHome": "H",
        "playedYesterday": "N",
        "awayHomeSplits": "65% - 44%",
        "savesAboveExp": 0.483,
        "gsaa": 1.53,
        "corsi": "47.2% (56.5) // 47.4% (58.8) // 48.7% (59.0) // 47.8% (53.5)",
        "fenwick": "47.1% (41.7) // 45.5% (42.1) // 45.3% (42.6) // 45.5% (40.0)",
        "shots": "48.4% (29.8) // 46.0% (29.9) // 43.7% (28.7) // 43.7% (26.0)",
        "scoring": "47.0% (27.4) // 48.4% (28.8) // 51.7% (29.1) // 48.5% (24.5)",
        "corsiAgainst": "52.8% (63.2) // 52.6% (65.3) // 51.3% (62.2) // 52.2% (58.5)",
        "fenwickAgainst": "52.9% (46.8) // 54.5% (50.5) // 54.7% (51.4) // 54.5% (48.0)",
        "shotsAgainst": "51.6% (31.8) // 54.0% (35.1) // 56.3% (37.0) // 56.3% (33.5)",
        "scoringAgainst": "53.0% (30.9) // 51.6% (30.6) // 48.3% (27.2) // 51.5% (26.0)",
        "oppCorsi": "49.9% (58.1) // 46.7% (53.4) // 47.4% (52.5) // 42.7% (47.0)",
        "oppFenwick": "50.3% (42.7) // 45.6% (37.5) // 47.5% (38.5) // 47.0% (35.5)",
        "oppShots": "49.3% (29.9) // 45.6% (27.2) // 48.4% (29.2) // 49.6% (29.0)",
        "oppScoring": "51.5% (30.2) // 48.0% (27.7) // 47.4% (27.2) // 41.7% (24.0)",
        "oppCorsiAgainst": "50.1% (58.3) // 53.3% (61.0) // 52.6% (58.2) // 57.3% (63.0)",
        "oppFenwickAgainst": "49.7% (42.2) // 54.4% (44.7) // 52.5% (42.5) // 53.0% (40.0)",
        "oppShotsAgainst": "50.7% (30.8) // 54.4% (32.4) // 51.6% (31.3) // 50.4% (29.5)",
        "oppScoringAgainst": "48.5% (28.5) // 52.0% (30.0) // 52.6% (30.2) // 58.3% (33.5)",
        "totalOver": 54,
        "totalOverLast5": 20,
        "totalOverLast15": 53,
        "lastTotalOver": 55,
        "last5": "0,2,1,1,1,1,1,4,2,3",
        "fd": "0",
        "dk": "-140/+110",
        "implied": 58.333333333333336,
        "overOdds": "-140",
        "underOdds": "+110",
        "overUnder": "-140 / +110"
    },
    {
        "player": "Patrick Kane",
        "team": "DET",
        "opponent": "NSH",
        "propType": "sog",
        "line": 2.5,
        "ppLine": "PP1",
        "avg": 3.45,
        "hit": false,
        "diffAvg": 0.38,
        "diffAbs": 1.0,
        "lastAvg": 0,
        "diff": 0,
        "avgMin": 19,
        "proj": 0.0,
        "lastAvgMin": 0,
        "oppOver": 0,
        "teamOver": 0,
        "gameLine": "-115",
        "+/-": -2,
        "L5_+/-": -1.0,
        "prevMatchup": "",
        "winLossSplits": "100% - 67%",
        "awayHome": "H",
        "playedYesterday": "N",
        "awayHomeSplits": "67% - 80%",
        "savesAboveExp": 0.483,
        "gsaa": 1.53,
        "corsi": "47.2% (56.5) // 47.4% (58.8) // 48.7% (59.0) // 47.8% (53.5)",
        "fenwick": "47.1% (41.7) // 45.5% (42.1) // 45.3% (42.6) // 45.5% (40.0)",
        "shots": "48.4% (29.8) // 46.0% (29.9) // 43.7% (28.7) // 43.7% (26.0)",
        "scoring": "47.0% (27.4) // 48.4% (28.8) // 51.7% (29.1) // 48.5% (24.5)",
        "corsiAgainst": "52.8% (63.2) // 52.6% (65.3) // 51.3% (62.2) // 52.2% (58.5)",
        "fenwickAgainst": "52.9% (46.8) // 54.5% (50.5) // 54.7% (51.4) // 54.5% (48.0)",
        "shotsAgainst": "51.6% (31.8) // 54.0% (35.1) // 56.3% (37.0) // 56.3% (33.5)",
        "scoringAgainst": "53.0% (30.9) // 51.6% (30.6) // 48.3% (27.2) // 51.5% (26.0)",
        "oppCorsi": "49.9% (58.1) // 46.7% (53.4) // 47.4% (52.5) // 42.7% (47.0)",
        "oppFenwick": "50.3% (42.7) // 45.6% (37.5) // 47.5% (38.5) // 47.0% (35.5)",
        "oppShots": "49.3% (29.9) // 45.6% (27.2) // 48.4% (29.2) // 49.6% (29.0)",
        "oppScoring": "51.5% (30.2) // 48.0% (27.7) // 47.4% (27.2) // 41.7% (24.0)",
        "oppCorsiAgainst": "50.1% (58.3) // 53.3% (61.0) // 52.6% (58.2) // 57.3% (63.0)",
        "oppFenwickAgainst": "49.7% (42.2) // 54.4% (44.7) // 52.5% (42.5) // 53.0% (40.0)",
        "oppShotsAgainst": "50.7% (30.8) // 54.4% (32.4) // 51.6% (31.3) // 50.4% (29.5)",
        "oppScoringAgainst": "48.5% (28.5) // 52.0% (30.0) // 52.6% (30.2) // 58.3% (33.5)",
        "totalOver": 73,
        "totalOverLast5": 80,
        "totalOverLast15": 73,
        "lastTotalOver": 0,
        "last5": "3,4,5,1,5,4,2,3,1,7",
        "fd": "0",
        "dk": "-160/+124",
        "implied": 61.53846153846154,
        "overOdds": "-160",
        "underOdds": "+124",
        "overUnder": "-160 / +124"
    },
    {
        "player": "Roman Josi",
        "team": "NSH",
        "opponent": "DET",
        "propType": "sog",
        "line": 3.5,
        "ppLine": "PP1",
        "avg": 3.4,
        "hit": false,
        "diffAvg": -0.03,
        "diffAbs": 0.09,
        "lastAvg": 4.01,
        "diff": 0.15,
        "avgMin": 24,
        "proj": 3.8,
        "lastAvgMin": 25.17,
        "oppOver": 0,
        "teamOver": 0,
        "gameLine": "-105",
        "+/-": "+2",
        "L5_+/-": "+5.0",
        "prevMatchup": "",
        "winLossSplits": "37% - 44%",
        "awayHome": "A",
        "playedYesterday": "N",
        "awayHomeSplits": "20% - 55%",
        "savesAboveExp": "-",
        "gsaa": 5.56,
        "corsi": "49.9% (58.1) // 46.7% (53.4) // 47.4% (52.5) // 42.7% (47.0)",
        "fenwick": "50.3% (42.7) // 45.6% (37.5) // 47.5% (38.5) // 47.0% (35.5)",
        "shots": "49.3% (29.9) // 45.6% (27.2) // 48.4% (29.2) // 49.6% (29.0)",
        "scoring": "51.5% (30.2) // 48.0% (27.7) // 47.4% (27.2) // 41.7% (24.0)",
        "corsiAgainst": "50.1% (58.3) // 53.3% (61.0) // 52.6% (58.2) // 57.3% (63.0)",
        "fenwickAgainst": "49.7% (42.2) // 54.4% (44.7) // 52.5% (42.5) // 53.0% (40.0)",
        "shotsAgainst": "50.7% (30.8) // 54.4% (32.4) // 51.6% (31.3) // 50.4% (29.5)",
        "scoringAgainst": "48.5% (28.5) // 52.0% (30.0) // 52.6% (30.2) // 58.3% (33.5)",
        "oppCorsi": "47.2% (56.5) // 47.4% (58.8) // 48.7% (59.0) // 47.8% (53.5)",
        "oppFenwick": "47.1% (41.7) // 45.5% (42.1) // 45.3% (42.6) // 45.5% (40.0)",
        "oppShots": "48.4% (29.8) // 46.0% (29.9) // 43.7% (28.7) // 43.7% (26.0)",
        "oppScoring": "47.0% (27.4) // 48.4% (28.8) // 51.7% (29.1) // 48.5% (24.5)",
        "oppCorsiAgainst": "52.8% (63.2) // 52.6% (65.3) // 51.3% (62.2) // 52.2% (58.5)",
        "oppFenwickAgainst": "52.9% (46.8) // 54.5% (50.5) // 54.7% (51.4) // 54.5% (48.0)",
        "oppShotsAgainst": "51.6% (31.8) // 54.0% (35.1) // 56.3% (37.0) // 56.3% (33.5)",
        "oppScoringAgainst": "53.0% (30.9) // 51.6% (30.6) // 48.3% (27.2) // 51.5% (26.0)",
        "totalOver": 40,
        "totalOverLast5": 20,
        "totalOverLast15": 20,
        "lastTotalOver": 49,
        "last5": "3,4,2,3,3,2,1,3,0,4",
        "fd": "0",
        "dk": "+130/-166",
        "implied": 43.47826086956522,
        "overOdds": "+130",
        "underOdds": "-166",
        "overUnder": "+130 / -166"
    },
    {
        "player": "Shayne Gostisbehere",
        "team": "DET",
        "opponent": "NSH",
        "propType": "sog",
        "line": 1.5,
        "ppLine": "PP1",
        "avg": 1.82,
        "hit": false,
        "diffAvg": 0.21,
        "diffAbs": 0.07,
        "lastAvg": 1.72,
        "diff": 0.15,
        "avgMin": 19,
        "proj": 1.6,
        "lastAvgMin": 20.82,
        "oppOver": 0,
        "teamOver": 0,
        "gameLine": "-115",
        "+/-": -11,
        "L5_+/-": -7.0,
        "prevMatchup": "",
        "winLossSplits": "31% - 72%",
        "awayHome": "H",
        "playedYesterday": "N",
        "awayHomeSplits": "53% - 53%",
        "savesAboveExp": 0.483,
        "gsaa": 1.53,
        "corsi": "47.2% (56.5) // 47.4% (58.8) // 48.7% (59.0) // 47.8% (53.5)",
        "fenwick": "47.1% (41.7) // 45.5% (42.1) // 45.3% (42.6) // 45.5% (40.0)",
        "shots": "48.4% (29.8) // 46.0% (29.9) // 43.7% (28.7) // 43.7% (26.0)",
        "scoring": "47.0% (27.4) // 48.4% (28.8) // 51.7% (29.1) // 48.5% (24.5)",
        "corsiAgainst": "52.8% (63.2) // 52.6% (65.3) // 51.3% (62.2) // 52.2% (58.5)",
        "fenwickAgainst": "52.9% (46.8) // 54.5% (50.5) // 54.7% (51.4) // 54.5% (48.0)",
        "shotsAgainst": "51.6% (31.8) // 54.0% (35.1) // 56.3% (37.0) // 56.3% (33.5)",
        "scoringAgainst": "53.0% (30.9) // 51.6% (30.6) // 48.3% (27.2) // 51.5% (26.0)",
        "oppCorsi": "49.9% (58.1) // 46.7% (53.4) // 47.4% (52.5) // 42.7% (47.0)",
        "oppFenwick": "50.3% (42.7) // 45.6% (37.5) // 47.5% (38.5) // 47.0% (35.5)",
        "oppShots": "49.3% (29.9) // 45.6% (27.2) // 48.4% (29.2) // 49.6% (29.0)",
        "oppScoring": "51.5% (30.2) // 48.0% (27.7) // 47.4% (27.2) // 41.7% (24.0)",
        "oppCorsiAgainst": "50.1% (58.3) // 53.3% (61.0) // 52.6% (58.2) // 57.3% (63.0)",
        "oppFenwickAgainst": "49.7% (42.2) // 54.4% (44.7) // 52.5% (42.5) // 53.0% (40.0)",
        "oppShotsAgainst": "50.7% (30.8) // 54.4% (32.4) // 51.6% (31.3) // 50.4% (29.5)",
        "oppScoringAgainst": "48.5% (28.5) // 52.0% (30.0) // 52.6% (30.2) // 58.3% (33.5)",
        "totalOver": 53,
        "totalOverLast5": 100,
        "totalOverLast15": 60,
        "lastTotalOver": 52,
        "last5": "2,4,3,2,2,2,3,0,3,1",
        "fd": "0",
        "dk": "-180/+140",
        "implied": 64.28571428571429,
        "overOdds": "-180",
        "underOdds": "+140",
        "overUnder": "-180 / +140"
    },
    {
        "player": "Daniel Sprong",
        "team": "DET",
        "opponent": "NSH",
        "propType": "sog",
        "line": 2.5,
        "ppLine": "PP2",
        "avg": 2.37,
        "hit": false,
        "diffAvg": -0.05,
        "diffAbs": 0.12,
        "lastAvg": 1.93,
        "diff": -0.23,
        "avgMin": 13,
        "proj": 2.2,
        "lastAvgMin": 11.42,
        "oppOver": 0,
        "teamOver": 0,
        "gameLine": "-115",
        "+/-": "+3",
        "L5_+/-": -4.0,
        "prevMatchup": "",
        "winLossSplits": "31% - 47%",
        "awayHome": "H",
        "playedYesterday": "N",
        "awayHomeSplits": "47% - 33%",
        "savesAboveExp": 0.483,
        "gsaa": 1.53,
        "corsi": "47.2% (56.5) // 47.4% (58.8) // 48.7% (59.0) // 47.8% (53.5)",
        "fenwick": "47.1% (41.7) // 45.5% (42.1) // 45.3% (42.6) // 45.5% (40.0)",
        "shots": "48.4% (29.8) // 46.0% (29.9) // 43.7% (28.7) // 43.7% (26.0)",
        "scoring": "47.0% (27.4) // 48.4% (28.8) // 51.7% (29.1) // 48.5% (24.5)",
        "corsiAgainst": "52.8% (63.2) // 52.6% (65.3) // 51.3% (62.2) // 52.2% (58.5)",
        "fenwickAgainst": "52.9% (46.8) // 54.5% (50.5) // 54.7% (51.4) // 54.5% (48.0)",
        "shotsAgainst": "51.6% (31.8) // 54.0% (35.1) // 56.3% (37.0) // 56.3% (33.5)",
        "scoringAgainst": "53.0% (30.9) // 51.6% (30.6) // 48.3% (27.2) // 51.5% (26.0)",
        "oppCorsi": "49.9% (58.1) // 46.7% (53.4) // 47.4% (52.5) // 42.7% (47.0)",
        "oppFenwick": "50.3% (42.7) // 45.6% (37.5) // 47.5% (38.5) // 47.0% (35.5)",
        "oppShots": "49.3% (29.9) // 45.6% (27.2) // 48.4% (29.2) // 49.6% (29.0)",
        "oppScoring": "51.5% (30.2) // 48.0% (27.7) // 47.4% (27.2) // 41.7% (24.0)",
        "oppCorsiAgainst": "50.1% (58.3) // 53.3% (61.0) // 52.6% (58.2) // 57.3% (63.0)",
        "oppFenwickAgainst": "49.7% (42.2) // 54.4% (44.7) // 52.5% (42.5) // 53.0% (40.0)",
        "oppShotsAgainst": "50.7% (30.8) // 54.4% (32.4) // 51.6% (31.3) // 50.4% (29.5)",
        "oppScoringAgainst": "48.5% (28.5) // 52.0% (30.0) // 52.6% (30.2) // 58.3% (33.5)",
        "totalOver": 40,
        "totalOverLast5": 40,
        "totalOverLast15": 27,
        "lastTotalOver": 48,
        "last5": "3,1,1,4,1,4,0,2,4,2",
        "fd": "0",
        "dk": "+130/-166",
        "implied": 43.47826086956522,
        "overOdds": "+130",
        "underOdds": "-166",
        "overUnder": "+130 / -166"
    },
    {
        "player": "Adam Fantilli",
        "team": "CBJ",
        "opponent": "TOR",
        "propType": "sog",
        "line": 2.5,
        "ppLine": "PP2",
        "avg": 2.47,
        "hit": false,
        "diffAvg": -0.01,
        "diffAbs": 1.0,
        "lastAvg": 0,
        "diff": 0,
        "avgMin": 15,
        "proj": 0.0,
        "lastAvgMin": 0,
        "oppOver": 0,
        "teamOver": 0,
        "gameLine": "+170",
        "+/-": -11,
        "L5_+/-": 0.0,
        "prevMatchup": "2023-12-23 1.0 sog 2023-12-14 3.0 sog",
        "winLossSplits": "36% - 36%",
        "awayHome": "H",
        "playedYesterday": "N",
        "awayHomeSplits": "38% - 35%",
        "savesAboveExp": 0.388,
        "gsaa": -11.41,
        "corsi": "47.0% (61.0) // 45.5% (57.8) // 49.5% (61.4) // 49.6% (61.4)",
        "fenwick": "47.2% (43.4) // 46.0% (41.8) // 50.6% (43.8) // 48.5% (40.8)",
        "shots": "46.5% (29.4) // 45.1% (28.8) // 50.2% (30.9) // 46.7% (28.0)",
        "scoring": "46.9% (28.5) // 44.4% (27.9) // 45.0% (28.3) // 45.7% (29.0)",
        "corsiAgainst": "53.0% (68.7) // 54.5% (69.2) // 50.5% (62.6) // 50.4% (62.4)",
        "fenwickAgainst": "52.8% (48.5) // 54.0% (49.0) // 49.4% (42.9) // 51.5% (43.2)",
        "shotsAgainst": "53.5% (33.8) // 54.9% (35.1) // 49.8% (30.7) // 53.3% (31.9)",
        "scoringAgainst": "53.1% (32.3) // 55.6% (35.0) // 55.0% (34.6) // 54.3% (34.4)",
        "oppCorsi": "50.3% (63.2) // 52.2% (67.0) // 52.2% (66.5) // 54.9% (70.5)",
        "oppFenwick": "50.2% (45.2) // 51.2% (47.2) // 51.4% (47.2) // 54.5% (51.0)",
        "oppShots": "50.2% (31.9) // 51.4% (33.6) // 49.6% (31.5) // 53.2% (33.0)",
        "oppScoring": "52.1% (33.1) // 54.0% (36.0) // 52.8% (32.8) // 55.0% (36.0)",
        "oppCorsiAgainst": "49.7% (62.4) // 47.8% (61.4) // 47.8% (61.0) // 45.1% (58.0)",
        "oppFenwickAgainst": "49.8% (44.9) // 48.8% (44.9) // 48.6% (44.8) // 45.5% (42.5)",
        "oppShotsAgainst": "49.8% (31.6) // 48.6% (31.8) // 50.4% (32.0) // 46.8% (29.0)",
        "oppScoringAgainst": "47.9% (30.4) // 46.0% (30.7) // 47.2% (29.2) // 45.0% (29.5)",
        "totalOver": 36,
        "totalOverLast5": 20,
        "totalOverLast15": 27,
        "lastTotalOver": 0,
        "last5": "1,1,5,2,2,3,1,2,3,1",
        "fd": "0",
        "dk": "+114/-145",
        "implied": 46.728971962616825,
        "overOdds": "+114",
        "underOdds": "-145",
        "overUnder": "+114 / -145"
    },
    {
        "player": "Auston Matthews",
        "team": "TOR",
        "opponent": "CBJ",
        "propType": "sog",
        "line": 4.5,
        "ppLine": "PP1",
        "avg": 4.35,
        "hit": false,
        "diffAvg": -0.03,
        "diffAbs": 0.11,
        "lastAvg": 3.85,
        "diff": -0.14,
        "avgMin": 21,
        "proj": 4.0,
        "lastAvgMin": 20.27,
        "oppOver": 0,
        "teamOver": 0,
        "gameLine": "-205",
        "+/-": "+4",
        "L5_+/-": "+5.0",
        "prevMatchup": "2023-12-23 5.0 sog 2023-12-14 9.0 sog",
        "winLossSplits": "31% - 53%",
        "awayHome": "A",
        "playedYesterday": "N",
        "awayHomeSplits": "27% - 56%",
        "savesAboveExp": -1.53,
        "gsaa": "-",
        "corsi": "50.3% (63.2) // 52.2% (67.0) // 52.2% (66.5) // 54.9% (70.5)",
        "fenwick": "50.2% (45.2) // 51.2% (47.2) // 51.4% (47.2) // 54.5% (51.0)",
        "shots": "50.2% (31.9) // 51.4% (33.6) // 49.6% (31.5) // 53.2% (33.0)",
        "scoring": "52.1% (33.1) // 54.0% (36.0) // 52.8% (32.8) // 55.0% (36.0)",
        "corsiAgainst": "49.7% (62.4) // 47.8% (61.4) // 47.8% (61.0) // 45.1% (58.0)",
        "fenwickAgainst": "49.8% (44.9) // 48.8% (44.9) // 48.6% (44.8) // 45.5% (42.5)",
        "shotsAgainst": "49.8% (31.6) // 48.6% (31.8) // 50.4% (32.0) // 46.8% (29.0)",
        "scoringAgainst": "47.9% (30.4) // 46.0% (30.7) // 47.2% (29.2) // 45.0% (29.5)",
        "oppCorsi": "47.0% (61.0) // 45.5% (57.8) // 49.5% (61.4) // 49.6% (61.4)",
        "oppFenwick": "47.2% (43.4) // 46.0% (41.8) // 50.6% (43.8) // 48.5% (40.8)",
        "oppShots": "46.5% (29.4) // 45.1% (28.8) // 50.2% (30.9) // 46.7% (28.0)",
        "oppScoring": "46.9% (28.5) // 44.4% (27.9) // 45.0% (28.3) // 45.7% (29.0)",
        "oppCorsiAgainst": "53.0% (68.7) // 54.5% (69.2) // 50.5% (62.6) // 50.4% (62.4)",
        "oppFenwickAgainst": "52.8% (48.5) // 54.0% (49.0) // 49.4% (42.9) // 51.5% (43.2)",
        "oppShotsAgainst": "53.5% (33.8) // 54.9% (35.1) // 49.8% (30.7) // 53.3% (31.9)",
        "oppScoringAgainst": "53.1% (32.3) // 55.6% (35.0) // 55.0% (34.6) // 54.3% (34.4)",
        "totalOver": 42,
        "totalOverLast5": 60,
        "totalOverLast15": 40,
        "lastTotalOver": 47,
        "last5": "3,5,1,5,9,3,11,4,1,7",
        "fd": "0",
        "dk": "-110/-120",
        "implied": 52.38095238095239,
        "overOdds": "-110",
        "underOdds": "-120",
        "overUnder": "-110 / -120"
    },
    {
        "player": "John Tavares",
        "team": "TOR",
        "opponent": "CBJ",
        "propType": "sog",
        "line": 3.5,
        "ppLine": "PP1",
        "avg": 3.81,
        "hit": false,
        "diffAvg": 0.09,
        "diffAbs": 0.11,
        "lastAvg": 3.04,
        "diff": -0.13,
        "avgMin": 18,
        "proj": 3.1,
        "lastAvgMin": 17.65,
        "oppOver": 0,
        "teamOver": 0,
        "gameLine": "-205",
        "+/-": "+3",
        "L5_+/-": "+2.0",
        "prevMatchup": "2023-12-23 4.0 sog 2023-12-14 4.0 sog",
        "winLossSplits": "47% - 80%",
        "awayHome": "A",
        "playedYesterday": "N",
        "awayHomeSplits": "60% - 65%",
        "savesAboveExp": -1.53,
        "gsaa": "-",
        "corsi": "50.3% (63.2) // 52.2% (67.0) // 52.2% (66.5) // 54.9% (70.5)",
        "fenwick": "50.2% (45.2) // 51.2% (47.2) // 51.4% (47.2) // 54.5% (51.0)",
        "shots": "50.2% (31.9) // 51.4% (33.6) // 49.6% (31.5) // 53.2% (33.0)",
        "scoring": "52.1% (33.1) // 54.0% (36.0) // 52.8% (32.8) // 55.0% (36.0)",
        "corsiAgainst": "49.7% (62.4) // 47.8% (61.4) // 47.8% (61.0) // 45.1% (58.0)",
        "fenwickAgainst": "49.8% (44.9) // 48.8% (44.9) // 48.6% (44.8) // 45.5% (42.5)",
        "shotsAgainst": "49.8% (31.6) // 48.6% (31.8) // 50.4% (32.0) // 46.8% (29.0)",
        "scoringAgainst": "47.9% (30.4) // 46.0% (30.7) // 47.2% (29.2) // 45.0% (29.5)",
        "oppCorsi": "47.0% (61.0) // 45.5% (57.8) // 49.5% (61.4) // 49.6% (61.4)",
        "oppFenwick": "47.2% (43.4) // 46.0% (41.8) // 50.6% (43.8) // 48.5% (40.8)",
        "oppShots": "46.5% (29.4) // 45.1% (28.8) // 50.2% (30.9) // 46.7% (28.0)",
        "oppScoring": "46.9% (28.5) // 44.4% (27.9) // 45.0% (28.3) // 45.7% (29.0)",
        "oppCorsiAgainst": "53.0% (68.7) // 54.5% (69.2) // 50.5% (62.6) // 50.4% (62.4)",
        "oppFenwickAgainst": "52.8% (48.5) // 54.0% (49.0) // 49.4% (42.9) // 51.5% (43.2)",
        "oppShotsAgainst": "53.5% (33.8) // 54.9% (35.1) // 49.8% (30.7) // 53.3% (31.9)",
        "oppScoringAgainst": "53.1% (32.3) // 55.6% (35.0) // 55.0% (34.6) // 54.3% (34.4)",
        "totalOver": 62,
        "totalOverLast5": 100,
        "totalOverLast15": 80,
        "lastTotalOver": 45,
        "last5": "5,4,4,5,9,4,4,4,6,0",
        "fd": "0",
        "dk": "-140/+110",
        "implied": 58.333333333333336,
        "overOdds": "-140",
        "underOdds": "+110",
        "overUnder": "-140 / +110"
    },
    {
        "player": "Johnny Gaudreau",
        "team": "CBJ",
        "opponent": "TOR",
        "propType": "sog",
        "line": 2.5,
        "ppLine": "PP1",
        "avg": 2.08,
        "hit": false,
        "diffAvg": -0.17,
        "diffAbs": 0.08,
        "lastAvg": 2.72,
        "diff": 0.09,
        "avgMin": 19,
        "proj": 2.7,
        "lastAvgMin": 19.42,
        "oppOver": 0,
        "teamOver": 0,
        "gameLine": "+170",
        "+/-": -14,
        "L5_+/-": -10.0,
        "prevMatchup": "2023-12-23 4.0 sog 2023-12-14 3.0 sog",
        "winLossSplits": "45% - 28%",
        "awayHome": "H",
        "playedYesterday": "N",
        "awayHomeSplits": "31% - 35%",
        "savesAboveExp": 0.388,
        "gsaa": -11.41,
        "corsi": "47.0% (61.0) // 45.5% (57.8) // 49.5% (61.4) // 49.6% (61.4)",
        "fenwick": "47.2% (43.4) // 46.0% (41.8) // 50.6% (43.8) // 48.5% (40.8)",
        "shots": "46.5% (29.4) // 45.1% (28.8) // 50.2% (30.9) // 46.7% (28.0)",
        "scoring": "46.9% (28.5) // 44.4% (27.9) // 45.0% (28.3) // 45.7% (29.0)",
        "corsiAgainst": "53.0% (68.7) // 54.5% (69.2) // 50.5% (62.6) // 50.4% (62.4)",
        "fenwickAgainst": "52.8% (48.5) // 54.0% (49.0) // 49.4% (42.9) // 51.5% (43.2)",
        "shotsAgainst": "53.5% (33.8) // 54.9% (35.1) // 49.8% (30.7) // 53.3% (31.9)",
        "scoringAgainst": "53.1% (32.3) // 55.6% (35.0) // 55.0% (34.6) // 54.3% (34.4)",
        "oppCorsi": "50.3% (63.2) // 52.2% (67.0) // 52.2% (66.5) // 54.9% (70.5)",
        "oppFenwick": "50.2% (45.2) // 51.2% (47.2) // 51.4% (47.2) // 54.5% (51.0)",
        "oppShots": "50.2% (31.9) // 51.4% (33.6) // 49.6% (31.5) // 53.2% (33.0)",
        "oppScoring": "52.1% (33.1) // 54.0% (36.0) // 52.8% (32.8) // 55.0% (36.0)",
        "oppCorsiAgainst": "49.7% (62.4) // 47.8% (61.4) // 47.8% (61.0) // 45.1% (58.0)",
        "oppFenwickAgainst": "49.8% (44.9) // 48.8% (44.9) // 48.6% (44.8) // 45.5% (42.5)",
        "oppShotsAgainst": "49.8% (31.6) // 48.6% (31.8) // 50.4% (32.0) // 46.8% (29.0)",
        "oppScoringAgainst": "47.9% (30.4) // 46.0% (30.7) // 47.2% (29.2) // 45.0% (29.5)",
        "totalOver": 33,
        "totalOverLast5": 20,
        "totalOverLast15": 27,
        "lastTotalOver": 54,
        "last5": "1,4,1,1,1,3,1,1,1,5",
        "fd": "0",
        "dk": "+150/-195",
        "implied": 40.0,
        "overOdds": "+150",
        "underOdds": "-195",
        "overUnder": "+150 / -195"
    },
    {
        "player": "Justin Danforth",
        "team": "CBJ",
        "opponent": "TOR",
        "propType": "sog",
        "line": 1.5,
        "ppLine": "PP2",
        "avg": 1.31,
        "hit": false,
        "diffAvg": -0.13,
        "diffAbs": 1.0,
        "lastAvg": 0,
        "diff": 0,
        "avgMin": 15,
        "proj": 0.0,
        "lastAvgMin": 0,
        "oppOver": 0,
        "teamOver": 0,
        "gameLine": "+170",
        "+/-": "+2",
        "L5_+/-": -7.0,
        "prevMatchup": "2023-12-23 2.0 sog 2023-12-14 2.0 sog",
        "winLossSplits": "36% - 40%",
        "awayHome": "H",
        "playedYesterday": "N",
        "awayHomeSplits": "50% - 30%",
        "savesAboveExp": 0.388,
        "gsaa": -11.41,
        "corsi": "47.0% (61.0) // 45.5% (57.8) // 49.5% (61.4) // 49.6% (61.4)",
        "fenwick": "47.2% (43.4) // 46.0% (41.8) // 50.6% (43.8) // 48.5% (40.8)",
        "shots": "46.5% (29.4) // 45.1% (28.8) // 50.2% (30.9) // 46.7% (28.0)",
        "scoring": "46.9% (28.5) // 44.4% (27.9) // 45.0% (28.3) // 45.7% (29.0)",
        "corsiAgainst": "53.0% (68.7) // 54.5% (69.2) // 50.5% (62.6) // 50.4% (62.4)",
        "fenwickAgainst": "52.8% (48.5) // 54.0% (49.0) // 49.4% (42.9) // 51.5% (43.2)",
        "shotsAgainst": "53.5% (33.8) // 54.9% (35.1) // 49.8% (30.7) // 53.3% (31.9)",
        "scoringAgainst": "53.1% (32.3) // 55.6% (35.0) // 55.0% (34.6) // 54.3% (34.4)",
        "oppCorsi": "50.3% (63.2) // 52.2% (67.0) // 52.2% (66.5) // 54.9% (70.5)",
        "oppFenwick": "50.2% (45.2) // 51.2% (47.2) // 51.4% (47.2) // 54.5% (51.0)",
        "oppShots": "50.2% (31.9) // 51.4% (33.6) // 49.6% (31.5) // 53.2% (33.0)",
        "oppScoring": "52.1% (33.1) // 54.0% (36.0) // 52.8% (32.8) // 55.0% (36.0)",
        "oppCorsiAgainst": "49.7% (62.4) // 47.8% (61.4) // 47.8% (61.0) // 45.1% (58.0)",
        "oppFenwickAgainst": "49.8% (44.9) // 48.8% (44.9) // 48.6% (44.8) // 45.5% (42.5)",
        "oppShotsAgainst": "49.8% (31.6) // 48.6% (31.8) // 50.4% (32.0) // 46.8% (29.0)",
        "oppScoringAgainst": "47.9% (30.4) // 46.0% (30.7) // 47.2% (29.2) // 45.0% (29.5)",
        "totalOver": 39,
        "totalOverLast5": 100,
        "totalOverLast15": 47,
        "lastTotalOver": 33,
        "last5": "2,2,3,2,3,2,0,0,2,1",
        "fd": "0",
        "dk": "-150/+120",
        "implied": 60.0,
        "overOdds": "-150",
        "underOdds": "+120",
        "overUnder": "-150 / +120"
    },
    {
        "player": "Kirill Marchenko",
        "team": "CBJ",
        "opponent": "TOR",
        "propType": "sog",
        "line": 2.5,
        "ppLine": "PP1",
        "avg": 2.56,
        "hit": false,
        "diffAvg": 0.02,
        "diffAbs": 0.12,
        "lastAvg": 2.22,
        "diff": -0.11,
        "avgMin": 16,
        "proj": 2.2,
        "lastAvgMin": 16.18,
        "oppOver": 0,
        "teamOver": 0,
        "gameLine": "+170",
        "+/-": "+4",
        "L5_+/-": 0.0,
        "prevMatchup": "2023-12-23 4.0 sog 2023-12-14 3.0 sog",
        "winLossSplits": "55% - 43%",
        "awayHome": "H",
        "playedYesterday": "N",
        "awayHomeSplits": "40% - 53%",
        "savesAboveExp": 0.388,
        "gsaa": -11.41,
        "corsi": "47.0% (61.0) // 45.5% (57.8) // 49.5% (61.4) // 49.6% (61.4)",
        "fenwick": "47.2% (43.4) // 46.0% (41.8) // 50.6% (43.8) // 48.5% (40.8)",
        "shots": "46.5% (29.4) // 45.1% (28.8) // 50.2% (30.9) // 46.7% (28.0)",
        "scoring": "46.9% (28.5) // 44.4% (27.9) // 45.0% (28.3) // 45.7% (29.0)",
        "corsiAgainst": "53.0% (68.7) // 54.5% (69.2) // 50.5% (62.6) // 50.4% (62.4)",
        "fenwickAgainst": "52.8% (48.5) // 54.0% (49.0) // 49.4% (42.9) // 51.5% (43.2)",
        "shotsAgainst": "53.5% (33.8) // 54.9% (35.1) // 49.8% (30.7) // 53.3% (31.9)",
        "scoringAgainst": "53.1% (32.3) // 55.6% (35.0) // 55.0% (34.6) // 54.3% (34.4)",
        "oppCorsi": "50.3% (63.2) // 52.2% (67.0) // 52.2% (66.5) // 54.9% (70.5)",
        "oppFenwick": "50.2% (45.2) // 51.2% (47.2) // 51.4% (47.2) // 54.5% (51.0)",
        "oppShots": "50.2% (31.9) // 51.4% (33.6) // 49.6% (31.5) // 53.2% (33.0)",
        "oppScoring": "52.1% (33.1) // 54.0% (36.0) // 52.8% (32.8) // 55.0% (36.0)",
        "oppCorsiAgainst": "49.7% (62.4) // 47.8% (61.4) // 47.8% (61.0) // 45.1% (58.0)",
        "oppFenwickAgainst": "49.8% (44.9) // 48.8% (44.9) // 48.6% (44.8) // 45.5% (42.5)",
        "oppShotsAgainst": "49.8% (31.6) // 48.6% (31.8) // 50.4% (32.0) // 46.8% (29.0)",
        "oppScoringAgainst": "47.9% (30.4) // 46.0% (30.7) // 47.2% (29.2) // 45.0% (29.5)",
        "totalOver": 47,
        "totalOverLast5": 60,
        "totalOverLast15": 40,
        "lastTotalOver": 36,
        "last5": "1,4,2,4,3,3,1,2,1,2",
        "fd": "0",
        "dk": "+110/-140",
        "implied": 47.61904761904761,
        "overOdds": "+110",
        "underOdds": "-140",
        "overUnder": "+110 / -140"
    },
    {
        "player": "Mitchell Marner",
        "team": "TOR",
        "opponent": "CBJ",
        "propType": "sog",
        "line": 2.5,
        "ppLine": "PP1",
        "avg": 2.22,
        "hit": false,
        "diffAvg": -0.11,
        "diffAbs": 0.16,
        "lastAvg": 2.11,
        "diff": -0.16,
        "avgMin": 21,
        "proj": 2.1,
        "lastAvgMin": 21.27,
        "oppOver": 0,
        "teamOver": 0,
        "gameLine": "-205",
        "+/-": "+2",
        "L5_+/-": "+2.0",
        "prevMatchup": "2023-12-23 4.0 sog 2023-12-14 3.0 sog",
        "winLossSplits": "35% - 40%",
        "awayHome": "A",
        "playedYesterday": "N",
        "awayHomeSplits": "40% - 35%",
        "savesAboveExp": -1.53,
        "gsaa": "-",
