[
    {
        "player": "Alex Iafallo",
        "team": "WPG",
        "opponent": "MIN",
        "propType": "sog",
        "line": 1.5,
        "ppLine": "PP1",
        "avg": 1.82,
        "hit": false,
        "diffAvg": 0.21,
        "diffAbs": 0.33,
        "lastAvg": 2.05,
        "diff": 0.37,
        "avgMin": 16,
        "proj": 2.0,
        "lastAvgMin": 16.3,
        "oppOver": 0,
        "teamOver": 0,
        "gameLine": "-118",
        "+/-": -2,
        "L5_+/-": "+1.0",
        "prevMatchup": "2023-12-30 1.0 sog",
        "winLossSplits": "43% - 62%",
        "awayHome": "A",
        "playedYesterday": "Y",
        "awayHomeSplits": "47% - 53%",
        "savesAboveExp": 0.141,
        "gsaa": -4.0,
        "corsi": "50.9% (59.6) // 52.4% (65.3) // 56.1% (71.1) // 57.4% (72.6)",
        "fenwick": "51.2% (43.6) // 52.8% (48.3) // 55.6% (51.0) // 57.1% (53.0)",
        "shots": "52.0% (31.0) // 52.2% (32.4) // 54.5% (33.9) // 53.4% (34.4)",
        "scoring": "50.6% (28.0) // 52.6% (30.7) // 56.0% (33.6) // 55.8% (32.9)",
        "corsiAgainst": "49.1% (57.4) // 47.6% (59.3) // 43.9% (55.6) // 42.6% (54.0)",
        "fenwickAgainst": "48.8% (41.6) // 47.2% (43.2) // 44.4% (40.8) // 42.9% (39.8)",
        "shotsAgainst": "48.0% (28.6) // 47.8% (29.6) // 45.5% (28.3) // 46.6% (29.9)",
        "scoringAgainst": "49.4% (27.3) // 47.4% (27.6) // 44.0% (26.3) // 44.2% (26.0)",
        "oppCorsi": "50.8% (60.9) // 49.5% (58.8) // 51.4% (57.8) // 48.0% (58.5)",
        "oppFenwick": "50.8% (43.6) // 48.8% (42.4) // 52.6% (44.3) // 50.0% (46.0)",
        "oppShots": "50.1% (29.8) // 48.1% (28.5) // 54.5% (31.1) // 52.8% (33.5)",
        "oppScoring": "51.7% (30.1) // 51.0% (29.8) // 56.0% (29.9) // 47.5% (29.0)",
        "oppCorsiAgainst": "49.2% (59.1) // 50.5% (59.9) // 48.6% (54.6) // 52.0% (63.5)",
        "oppFenwickAgainst": "49.2% (42.3) // 51.2% (44.5) // 47.4% (39.9) // 50.0% (46.0)",
        "oppShotsAgainst": "49.9% (29.7) // 51.9% (30.7) // 45.5% (26.0) // 47.2% (30.0)",
        "oppScoringAgainst": "48.3% (28.2) // 49.0% (28.6) // 44.0% (23.5) // 52.5% (32.0)",
        "totalOver": 50,
        "totalOverLast5": 60,
        "totalOverLast15": 47,
        "lastTotalOver": 70,
        "last5": "1,2,2,1,2,1,1,3,0,2",
        "fd": "-188",
        "dk": "-166/+130",
        "kambi": "0",
        "lowest": "-166 DK",
        "implied": 62.40601503759399,
        "overOdds": "-166",
        "underOdds": "+130",
        "overUnder": "-166 / +130"
    },
    {
        "player": "Brock Faber",
        "team": "MIN",
        "opponent": "WPG",
        "propType": "sog",
        "line": 1.5,
        "ppLine": "PP2",
        "avg": 1.29,
        "hit": false,
        "diffAvg": -0.14,
        "diffAbs": 1.0,
        "lastAvg": 0,
        "diff": 0,
        "avgMin": 24,
        "proj": 0.0,
        "lastAvgMin": 0,
        "oppOver": 0,
        "teamOver": 0,
        "gameLine": "-102",
        "+/-": "+11",
        "L5_+/-": "+6.0",
        "prevMatchup": "2023-12-30 0.0 sog",
        "winLossSplits": "38% - 44%",
        "awayHome": "H",
        "playedYesterday": "Y",
        "awayHomeSplits": "39% - 44%",
        "savesAboveExp": "-",
        "gsaa": 1.87,
        "corsi": "50.8% (60.9) // 49.5% (58.8) // 51.4% (57.8) // 48.0% (58.5)",
        "fenwick": "50.8% (43.6) // 48.8% (42.4) // 52.6% (44.3) // 50.0% (46.0)",
        "shots": "50.1% (29.8) // 48.1% (28.5) // 54.5% (31.1) // 52.8% (33.5)",
        "scoring": "51.7% (30.1) // 51.0% (29.8) // 56.0% (29.9) // 47.5% (29.0)",
        "corsiAgainst": "49.2% (59.1) // 50.5% (59.9) // 48.6% (54.6) // 52.0% (63.5)",
        "fenwickAgainst": "49.2% (42.3) // 51.2% (44.5) // 47.4% (39.9) // 50.0% (46.0)",
        "shotsAgainst": "49.9% (29.7) // 51.9% (30.7) // 45.5% (26.0) // 47.2% (30.0)",
        "scoringAgainst": "48.3% (28.2) // 49.0% (28.6) // 44.0% (23.5) // 52.5% (32.0)",
        "oppCorsi": "50.9% (59.6) // 52.4% (65.3) // 56.1% (71.1) // 57.4% (72.6)",
        "oppFenwick": "51.2% (43.6) // 52.8% (48.3) // 55.6% (51.0) // 57.1% (53.0)",
        "oppShots": "52.0% (31.0) // 52.2% (32.4) // 54.5% (33.9) // 53.4% (34.4)",
        "oppScoring": "50.6% (28.0) // 52.6% (30.7) // 56.0% (33.6) // 55.8% (32.9)",
        "oppCorsiAgainst": "49.1% (57.4) // 47.6% (59.3) // 43.9% (55.6) // 42.6% (54.0)",
        "oppFenwickAgainst": "48.8% (41.6) // 47.2% (43.2) // 44.4% (40.8) // 42.9% (39.8)",
        "oppShotsAgainst": "48.0% (28.6) // 47.8% (29.6) // 45.5% (28.3) // 46.6% (29.9)",
        "oppScoringAgainst": "49.4% (27.3) // 47.4% (27.6) // 44.0% (26.3) // 44.2% (26.0)",
        "totalOver": 41,
        "totalOverLast5": 60,
        "totalOverLast15": 47,
        "lastTotalOver": 12,
        "last5": "0,2,5,2,0,2,2,1,1,0",
        "fd": "-118",
        "dk": "-125/-105",
        "kambi": "0",
        "lowest": "-118 FD",
        "implied": 54.12844036697248,
        "overOdds": "-125",
        "underOdds": "-105",
        "overUnder": "-125 / -105"
    },
    {
        "player": "Cole Perfetti",
        "team": "WPG",
        "opponent": "MIN",
        "propType": "sog",
        "line": 1.5,
        "ppLine": "PP2",
        "avg": 2.32,
        "hit": false,
        "diffAvg": 0.55,
        "diffAbs": 0.13,
        "lastAvg": 1.76,
        "diff": 0.17,
        "avgMin": 14,
        "proj": 1.7,
        "lastAvgMin": 14.97,
        "oppOver": 0,
        "teamOver": 0,
        "gameLine": "-118",
        "+/-": "+10",
        "L5_+/-": "+3.0",
        "prevMatchup": "2023-12-30 6.0 sog",
        "winLossSplits": "62% - 85%",
        "awayHome": "A",
        "playedYesterday": "Y",
        "awayHomeSplits": "60% - 79%",
        "savesAboveExp": 0.141,
        "gsaa": -4.0,
        "corsi": "50.9% (59.6) // 52.4% (65.3) // 56.1% (71.1) // 57.4% (72.6)",
        "fenwick": "51.2% (43.6) // 52.8% (48.3) // 55.6% (51.0) // 57.1% (53.0)",
        "shots": "52.0% (31.0) // 52.2% (32.4) // 54.5% (33.9) // 53.4% (34.4)",
        "scoring": "50.6% (28.0) // 52.6% (30.7) // 56.0% (33.6) // 55.8% (32.9)",
        "corsiAgainst": "49.1% (57.4) // 47.6% (59.3) // 43.9% (55.6) // 42.6% (54.0)",
        "fenwickAgainst": "48.8% (41.6) // 47.2% (43.2) // 44.4% (40.8) // 42.9% (39.8)",
        "shotsAgainst": "48.0% (28.6) // 47.8% (29.6) // 45.5% (28.3) // 46.6% (29.9)",
        "scoringAgainst": "49.4% (27.3) // 47.4% (27.6) // 44.0% (26.3) // 44.2% (26.0)",
        "oppCorsi": "50.8% (60.9) // 49.5% (58.8) // 51.4% (57.8) // 48.0% (58.5)",
        "oppFenwick": "50.8% (43.6) // 48.8% (42.4) // 52.6% (44.3) // 50.0% (46.0)",
        "oppShots": "50.1% (29.8) // 48.1% (28.5) // 54.5% (31.1) // 52.8% (33.5)",
        "oppScoring": "51.7% (30.1) // 51.0% (29.8) // 56.0% (29.9) // 47.5% (29.0)",
        "oppCorsiAgainst": "49.2% (59.1) // 50.5% (59.9) // 48.6% (54.6) // 52.0% (63.5)",
        "oppFenwickAgainst": "49.2% (42.3) // 51.2% (44.5) // 47.4% (39.9) // 50.0% (46.0)",
        "oppShotsAgainst": "49.9% (29.7) // 51.9% (30.7) // 45.5% (26.0) // 47.2% (30.0)",
        "oppScoringAgainst": "48.3% (28.2) // 49.0% (28.6) // 44.0% (23.5) // 52.5% (32.0)",
        "totalOver": 71,
        "totalOverLast5": 100,
        "totalOverLast15": 73,
        "lastTotalOver": 50,
        "last5": "6,4,2,4,2,2,1,5,2,3",
        "fd": "-220",
        "dk": "-195/+150",
        "kambi": "0",
        "lowest": "-195 DK",
        "implied": 66.10169491525424,
        "overOdds": "-195",
        "underOdds": "+150",
        "overUnder": "-195 / +150"
    },
    {
        "player": "Gabriel Vilardi",
        "team": "WPG",
        "opponent": "MIN",
        "propType": "sog",
        "line": 2.5,
        "ppLine": "PP1",
        "avg": 2.81,
        "hit": false,
        "diffAvg": 0.12,
        "diffAbs": 0.28,
        "lastAvg": 1.79,
        "diff": -0.28,
        "avgMin": 16,
        "proj": 1.8,
        "lastAvgMin": 15.6,
        "oppOver": 0,
        "teamOver": 0,
        "gameLine": "-118",
        "+/-": "+12",
        "L5_+/-": "+12.0",
        "prevMatchup": "2023-12-30 2.0 sog",
        "winLossSplits": "60% - 67%",
        "awayHome": "A",
        "playedYesterday": "Y",
        "awayHomeSplits": "83% - 50%",
        "savesAboveExp": 0.141,
        "gsaa": -4.0,
        "corsi": "50.9% (59.6) // 52.4% (65.3) // 56.1% (71.1) // 57.4% (72.6)",
        "fenwick": "51.2% (43.6) // 52.8% (48.3) // 55.6% (51.0) // 57.1% (53.0)",
        "shots": "52.0% (31.0) // 52.2% (32.4) // 54.5% (33.9) // 53.4% (34.4)",
        "scoring": "50.6% (28.0) // 52.6% (30.7) // 56.0% (33.6) // 55.8% (32.9)",
        "corsiAgainst": "49.1% (57.4) // 47.6% (59.3) // 43.9% (55.6) // 42.6% (54.0)",
        "fenwickAgainst": "48.8% (41.6) // 47.2% (43.2) // 44.4% (40.8) // 42.9% (39.8)",
        "shotsAgainst": "48.0% (28.6) // 47.8% (29.6) // 45.5% (28.3) // 46.6% (29.9)",
        "scoringAgainst": "49.4% (27.3) // 47.4% (27.6) // 44.0% (26.3) // 44.2% (26.0)",
        "oppCorsi": "50.8% (60.9) // 49.5% (58.8) // 51.4% (57.8) // 48.0% (58.5)",
        "oppFenwick": "50.8% (43.6) // 48.8% (42.4) // 52.6% (44.3) // 50.0% (46.0)",
        "oppShots": "50.1% (29.8) // 48.1% (28.5) // 54.5% (31.1) // 52.8% (33.5)",
        "oppScoring": "51.7% (30.1) // 51.0% (29.8) // 56.0% (29.9) // 47.5% (29.0)",
        "oppCorsiAgainst": "49.2% (59.1) // 50.5% (59.9) // 48.6% (54.6) // 52.0% (63.5)",
        "oppFenwickAgainst": "49.2% (42.3) // 51.2% (44.5) // 47.4% (39.9) // 50.0% (46.0)",
        "oppShotsAgainst": "49.9% (29.7) // 51.9% (30.7) // 45.5% (26.0) // 47.2% (30.0)",
        "oppScoringAgainst": "48.3% (28.2) // 49.0% (28.6) // 44.0% (23.5) // 52.5% (32.0)",
        "totalOver": 62,
        "totalOverLast5": 80,
        "totalOverLast15": 60,
        "lastTotalOver": 33,
        "last5": "2,3,4,3,5,4,3,3,3,1",
        "fd": "-125/-104",
        "dk": "-120/-110",
        "kambi": "100/-130",
        "lowest": "100 BR",
        "implied": 50.0,
        "overOdds": "-120",
        "underOdds": "-110",
        "overUnder": "-120 / -110"
    },
    {
        "player": "Joel Eriksson Ek",
        "team": "MIN",
        "opponent": "WPG",
        "propType": "sog",
        "line": 3.5,
        "ppLine": "PP1",
        "avg": 3.82,
        "hit": false,
        "diffAvg": 0.09,
        "diffAbs": 0.06,
        "lastAvg": 3.13,
        "diff": -0.11,
        "avgMin": 20,
        "proj": 3.3,
        "lastAvgMin": 18.98,
        "oppOver": 0,
        "teamOver": 0,
        "gameLine": "-102",
        "+/-": "+12",
        "L5_+/-": "+9.0",
        "prevMatchup": "2023-12-30 8.0 sog",
        "winLossSplits": "50% - 50%",
        "awayHome": "H",
        "playedYesterday": "Y",
        "awayHomeSplits": "39% - 62%",
        "savesAboveExp": "-",
        "gsaa": 1.87,
        "corsi": "50.8% (60.9) // 49.5% (58.8) // 51.4% (57.8) // 48.0% (58.5)",
        "fenwick": "50.8% (43.6) // 48.8% (42.4) // 52.6% (44.3) // 50.0% (46.0)",
        "shots": "50.1% (29.8) // 48.1% (28.5) // 54.5% (31.1) // 52.8% (33.5)",
        "scoring": "51.7% (30.1) // 51.0% (29.8) // 56.0% (29.9) // 47.5% (29.0)",
        "corsiAgainst": "49.2% (59.1) // 50.5% (59.9) // 48.6% (54.6) // 52.0% (63.5)",
        "fenwickAgainst": "49.2% (42.3) // 51.2% (44.5) // 47.4% (39.9) // 50.0% (46.0)",
        "shotsAgainst": "49.9% (29.7) // 51.9% (30.7) // 45.5% (26.0) // 47.2% (30.0)",
        "scoringAgainst": "48.3% (28.2) // 49.0% (28.6) // 44.0% (23.5) // 52.5% (32.0)",
        "oppCorsi": "50.9% (59.6) // 52.4% (65.3) // 56.1% (71.1) // 57.4% (72.6)",
        "oppFenwick": "51.2% (43.6) // 52.8% (48.3) // 55.6% (51.0) // 57.1% (53.0)",
        "oppShots": "52.0% (31.0) // 52.2% (32.4) // 54.5% (33.9) // 53.4% (34.4)",
        "oppScoring": "50.6% (28.0) // 52.6% (30.7) // 56.0% (33.6) // 55.8% (32.9)",
        "oppCorsiAgainst": "49.1% (57.4) // 47.6% (59.3) // 43.9% (55.6) // 42.6% (54.0)",
        "oppFenwickAgainst": "48.8% (41.6) // 47.2% (43.2) // 44.4% (40.8) // 42.9% (39.8)",
        "oppShotsAgainst": "48.0% (28.6) // 47.8% (29.6) // 45.5% (28.3) // 46.6% (29.9)",
        "oppScoringAgainst": "49.4% (27.3) // 47.4% (27.6) // 44.0% (26.3) // 44.2% (26.0)",
        "totalOver": 50,
        "totalOverLast5": 60,
        "totalOverLast15": 53,
        "lastTotalOver": 43,
        "last5": "8,2,5,4,3,2,8,4,3,4",
        "fd": "-110/-118",
        "dk": "-115/-115",
        "kambi": "105/-136",
        "lowest": "105 BR",
        "implied": 48.78048780487805,
        "overOdds": "-115",
        "underOdds": "-115",
        "overUnder": "-115 / -115"
    },
    {
        "player": "Josh Morrissey",
        "team": "WPG",
        "opponent": "MIN",
        "propType": "sog",
        "line": 2.5,
        "ppLine": "PP1",
        "avg": 2.59,
        "hit": false,
        "diffAvg": 0.04,
        "diffAbs": 0.16,
        "lastAvg": 2.07,
        "diff": -0.17,
        "avgMin": 24,
        "proj": 2.1,
        "lastAvgMin": 24.22,
        "oppOver": 0,
        "teamOver": 0,
        "gameLine": "-118",
        "+/-": "+21",
        "L5_+/-": "+16.0",
        "prevMatchup": "2023-12-30 0.0 sog",
        "winLossSplits": "38% - 69%",
        "awayHome": "A",
        "playedYesterday": "Y",
        "awayHomeSplits": "47% - 53%",
        "savesAboveExp": 0.141,
        "gsaa": -4.0,
        "corsi": "50.9% (59.6) // 52.4% (65.3) // 56.1% (71.1) // 57.4% (72.6)",
        "fenwick": "51.2% (43.6) // 52.8% (48.3) // 55.6% (51.0) // 57.1% (53.0)",
        "shots": "52.0% (31.0) // 52.2% (32.4) // 54.5% (33.9) // 53.4% (34.4)",
        "scoring": "50.6% (28.0) // 52.6% (30.7) // 56.0% (33.6) // 55.8% (32.9)",
        "corsiAgainst": "49.1% (57.4) // 47.6% (59.3) // 43.9% (55.6) // 42.6% (54.0)",
        "fenwickAgainst": "48.8% (41.6) // 47.2% (43.2) // 44.4% (40.8) // 42.9% (39.8)",
        "shotsAgainst": "48.0% (28.6) // 47.8% (29.6) // 45.5% (28.3) // 46.6% (29.9)",
        "scoringAgainst": "49.4% (27.3) // 47.4% (27.6) // 44.0% (26.3) // 44.2% (26.0)",
        "oppCorsi": "50.8% (60.9) // 49.5% (58.8) // 51.4% (57.8) // 48.0% (58.5)",
        "oppFenwick": "50.8% (43.6) // 48.8% (42.4) // 52.6% (44.3) // 50.0% (46.0)",
        "oppShots": "50.1% (29.8) // 48.1% (28.5) // 54.5% (31.1) // 52.8% (33.5)",
        "oppScoring": "51.7% (30.1) // 51.0% (29.8) // 56.0% (29.9) // 47.5% (29.0)",
        "oppCorsiAgainst": "49.2% (59.1) // 50.5% (59.9) // 48.6% (54.6) // 52.0% (63.5)",
        "oppFenwickAgainst": "49.2% (42.3) // 51.2% (44.5) // 47.4% (39.9) // 50.0% (46.0)",
        "oppShotsAgainst": "49.9% (29.7) // 51.9% (30.7) // 45.5% (26.0) // 47.2% (30.0)",
        "oppScoringAgainst": "48.3% (28.2) // 49.0% (28.6) // 44.0% (23.5) // 52.5% (32.0)",
        "totalOver": 50,
        "totalOverLast5": 80,
        "totalOverLast15": 53,
        "lastTotalOver": 34,
        "last5": "0,4,3,3,4,0,4,7,4,2",
        "fd": "-120/-108",
        "dk": "-110/-120",
        "kambi": "0",
        "lowest": "-110 DK",
        "implied": 52.38095238095239,
        "overOdds": "-110",
        "underOdds": "-120",
        "overUnder": "-110 / -120"
    },
    {
        "player": "Marco Rossi",
        "team": "MIN",
        "opponent": "WPG",
        "propType": "sog",
        "line": 2.5,
        "ppLine": "PP1",
        "avg": 2.09,
        "hit": false,
        "diffAvg": -0.16,
        "diffAbs": 0.64,
        "lastAvg": 0.68,
        "diff": -0.73,
        "avgMin": 16,
        "proj": 0.9,
        "lastAvgMin": 12.52,
        "oppOver": 0,
        "teamOver": 0,
        "gameLine": "-102",
        "+/-": "+10",
        "L5_+/-": "+5.0",
        "prevMatchup": "2023-12-30 4.0 sog",
        "winLossSplits": "44% - 33%",
        "awayHome": "H",
        "playedYesterday": "Y",
        "awayHomeSplits": "33% - 44%",
        "savesAboveExp": "-",
        "gsaa": 1.87,
        "corsi": "50.8% (60.9) // 49.5% (58.8) // 51.4% (57.8) // 48.0% (58.5)",
        "fenwick": "50.8% (43.6) // 48.8% (42.4) // 52.6% (44.3) // 50.0% (46.0)",
        "shots": "50.1% (29.8) // 48.1% (28.5) // 54.5% (31.1) // 52.8% (33.5)",
        "scoring": "51.7% (30.1) // 51.0% (29.8) // 56.0% (29.9) // 47.5% (29.0)",
        "corsiAgainst": "49.2% (59.1) // 50.5% (59.9) // 48.6% (54.6) // 52.0% (63.5)",
        "fenwickAgainst": "49.2% (42.3) // 51.2% (44.5) // 47.4% (39.9) // 50.0% (46.0)",
        "shotsAgainst": "49.9% (29.7) // 51.9% (30.7) // 45.5% (26.0) // 47.2% (30.0)",
        "scoringAgainst": "48.3% (28.2) // 49.0% (28.6) // 44.0% (23.5) // 52.5% (32.0)",
        "oppCorsi": "50.9% (59.6) // 52.4% (65.3) // 56.1% (71.1) // 57.4% (72.6)",
        "oppFenwick": "51.2% (43.6) // 52.8% (48.3) // 55.6% (51.0) // 57.1% (53.0)",
        "oppShots": "52.0% (31.0) // 52.2% (32.4) // 54.5% (33.9) // 53.4% (34.4)",
        "oppScoring": "50.6% (28.0) // 52.6% (30.7) // 56.0% (33.6) // 55.8% (32.9)",
        "oppCorsiAgainst": "49.1% (57.4) // 47.6% (59.3) // 43.9% (55.6) // 42.6% (54.0)",
        "oppFenwickAgainst": "48.8% (41.6) // 47.2% (43.2) // 44.4% (40.8) // 42.9% (39.8)",
        "oppShotsAgainst": "48.0% (28.6) // 47.8% (29.6) // 45.5% (28.3) // 46.6% (29.9)",
        "oppScoringAgainst": "49.4% (27.3) // 47.4% (27.6) // 44.0% (26.3) // 44.2% (26.0)",
        "totalOver": 38,
        "totalOverLast5": 60,
        "totalOverLast15": 47,
        "lastTotalOver": 0,
        "last5": "4,3,2,3,2,1,2,3,3,1",
        "fd": "+158",
        "dk": "+150/-195",
        "kambi": "0",
        "lowest": "158 FD",
        "implied": 38.759689922480625,
        "overOdds": "+150",
        "underOdds": "-195",
        "overUnder": "+150 / -195"
    },
    {
        "player": "Marcus Johansson",
        "team": "MIN",
        "opponent": "WPG",
        "propType": "sog",
        "line": 1.5,
        "ppLine": "PP2",
        "avg": 1.71,
        "hit": false,
        "diffAvg": 0.14,
        "diffAbs": 0.0,
        "lastAvg": 1.59,
        "diff": 0.06,
        "avgMin": 16,
        "proj": 1.5,
        "lastAvgMin": 16.48,
        "oppOver": 0,
        "teamOver": 0,
        "gameLine": "-102",
        "+/-": "+3",
        "L5_+/-": "+6.0",
        "prevMatchup": "2023-12-30 4.0 sog",
        "winLossSplits": "62% - 50%",
        "awayHome": "H",
        "playedYesterday": "Y",
        "awayHomeSplits": "56% - 56%",
        "savesAboveExp": "-",
        "gsaa": 1.87,
        "corsi": "50.8% (60.9) // 49.5% (58.8) // 51.4% (57.8) // 48.0% (58.5)",
        "fenwick": "50.8% (43.6) // 48.8% (42.4) // 52.6% (44.3) // 50.0% (46.0)",
        "shots": "50.1% (29.8) // 48.1% (28.5) // 54.5% (31.1) // 52.8% (33.5)",
        "scoring": "51.7% (30.1) // 51.0% (29.8) // 56.0% (29.9) // 47.5% (29.0)",
        "corsiAgainst": "49.2% (59.1) // 50.5% (59.9) // 48.6% (54.6) // 52.0% (63.5)",
        "fenwickAgainst": "49.2% (42.3) // 51.2% (44.5) // 47.4% (39.9) // 50.0% (46.0)",
        "shotsAgainst": "49.9% (29.7) // 51.9% (30.7) // 45.5% (26.0) // 47.2% (30.0)",
        "scoringAgainst": "48.3% (28.2) // 49.0% (28.6) // 44.0% (23.5) // 52.5% (32.0)",
        "oppCorsi": "50.9% (59.6) // 52.4% (65.3) // 56.1% (71.1) // 57.4% (72.6)",
        "oppFenwick": "51.2% (43.6) // 52.8% (48.3) // 55.6% (51.0) // 57.1% (53.0)",
        "oppShots": "52.0% (31.0) // 52.2% (32.4) // 54.5% (33.9) // 53.4% (34.4)",
        "oppScoring": "50.6% (28.0) // 52.6% (30.7) // 56.0% (33.6) // 55.8% (32.9)",
        "oppCorsiAgainst": "49.1% (57.4) // 47.6% (59.3) // 43.9% (55.6) // 42.6% (54.0)",
        "oppFenwickAgainst": "48.8% (41.6) // 47.2% (43.2) // 44.4% (40.8) // 42.9% (39.8)",
        "oppShotsAgainst": "48.0% (28.6) // 47.8% (29.6) // 45.5% (28.3) // 46.6% (29.9)",
        "oppScoringAgainst": "49.4% (27.3) // 47.4% (27.6) // 44.0% (26.3) // 44.2% (26.0)",
        "totalOver": 56,
        "totalOverLast5": 100,
        "totalOverLast15": 67,
        "lastTotalOver": 48,
        "last5": "4,3,2,3,3,2,3,0,2,0",
        "fd": "-144/+110",
        "dk": "-150/+120",
        "kambi": "-134/104",
        "lowest": "-134 BR",
        "implied": 57.26495726495726,
        "overOdds": "-150",
        "underOdds": "+120",
        "overUnder": "-150 / +120"
    },
    {
        "player": "Mark Scheifele",
        "team": "WPG",
        "opponent": "MIN",
        "propType": "sog",
        "line": 2.5,
        "ppLine": "PP1",
        "avg": 2.44,
        "hit": false,
        "diffAvg": -0.02,
        "diffAbs": 0.04,
        "lastAvg": 2.42,
        "diff": -0.03,
        "avgMin": 20,
        "proj": 2.4,
        "lastAvgMin": 20.47,
        "oppOver": 0,
        "teamOver": 0,
        "gameLine": "-118",
        "+/-": "+13",
        "L5_+/-": "+14.0",
        "prevMatchup": "2023-12-30 1.0 sog",
        "winLossSplits": "62% - 46%",
        "awayHome": "A",
        "playedYesterday": "Y",
        "awayHomeSplits": "67% - 47%",
        "savesAboveExp": 0.141,
        "gsaa": -4.0,
        "corsi": "50.9% (59.6) // 52.4% (65.3) // 56.1% (71.1) // 57.4% (72.6)",
        "fenwick": "51.2% (43.6) // 52.8% (48.3) // 55.6% (51.0) // 57.1% (53.0)",
        "shots": "52.0% (31.0) // 52.2% (32.4) // 54.5% (33.9) // 53.4% (34.4)",
        "scoring": "50.6% (28.0) // 52.6% (30.7) // 56.0% (33.6) // 55.8% (32.9)",
        "corsiAgainst": "49.1% (57.4) // 47.6% (59.3) // 43.9% (55.6) // 42.6% (54.0)",
        "fenwickAgainst": "48.8% (41.6) // 47.2% (43.2) // 44.4% (40.8) // 42.9% (39.8)",
        "shotsAgainst": "48.0% (28.6) // 47.8% (29.6) // 45.5% (28.3) // 46.6% (29.9)",
        "scoringAgainst": "49.4% (27.3) // 47.4% (27.6) // 44.0% (26.3) // 44.2% (26.0)",
        "oppCorsi": "50.8% (60.9) // 49.5% (58.8) // 51.4% (57.8) // 48.0% (58.5)",
        "oppFenwick": "50.8% (43.6) // 48.8% (42.4) // 52.6% (44.3) // 50.0% (46.0)",
        "oppShots": "50.1% (29.8) // 48.1% (28.5) // 54.5% (31.1) // 52.8% (33.5)",
        "oppScoring": "51.7% (30.1) // 51.0% (29.8) // 56.0% (29.9) // 47.5% (29.0)",
        "oppCorsiAgainst": "49.2% (59.1) // 50.5% (59.9) // 48.6% (54.6) // 52.0% (63.5)",
        "oppFenwickAgainst": "49.2% (42.3) // 51.2% (44.5) // 47.4% (39.9) // 50.0% (46.0)",
        "oppShotsAgainst": "49.9% (29.7) // 51.9% (30.7) // 45.5% (26.0) // 47.2% (30.0)",
        "oppScoringAgainst": "48.3% (28.2) // 49.0% (28.6) // 44.0% (23.5) // 52.5% (32.0)",
        "totalOver": 56,
        "totalOverLast5": 60,
        "totalOverLast15": 53,
        "lastTotalOver": 49,
        "last5": "1,1,3,3,3,1,4,2,3,2",
        "fd": "+106/-138",
        "dk": "+114/-145",
        "kambi": "125/-165",
        "lowest": "125 BR",
        "implied": 44.44444444444444,
        "overOdds": "+114",
        "underOdds": "-145",
        "overUnder": "+114 / -145"
    },
    {
        "player": "Matthew Boldy",
        "team": "MIN",
        "opponent": "WPG",
        "propType": "sog",
        "line": 3.5,
        "ppLine": "",
        "avg": 2.67,
        "hit": false,
        "diffAvg": -0.24,
        "diffAbs": 0.23,
        "lastAvg": 2.93,
        "diff": -0.16,
        "avgMin": 17,
        "proj": 2.7,
        "lastAvgMin": 18.48,
        "oppOver": 0,
        "teamOver": 0,
        "gameLine": "-102",
        "+/-": "+5",
        "L5_+/-": "+6.0",
        "prevMatchup": "2023-12-30 5.0 sog",
        "winLossSplits": "7% - 62%",
        "awayHome": "H",
        "playedYesterday": "Y",
        "awayHomeSplits": "43% - 23%",
        "savesAboveExp": "-",
        "gsaa": 1.87,
        "corsi": "50.8% (60.9) // 49.5% (58.8) // 51.4% (57.8) // 48.0% (58.5)",
        "fenwick": "50.8% (43.6) // 48.8% (42.4) // 52.6% (44.3) // 50.0% (46.0)",
        "shots": "50.1% (29.8) // 48.1% (28.5) // 54.5% (31.1) // 52.8% (33.5)",
        "scoring": "51.7% (30.1) // 51.0% (29.8) // 56.0% (29.9) // 47.5% (29.0)",
        "corsiAgainst": "49.2% (59.1) // 50.5% (59.9) // 48.6% (54.6) // 52.0% (63.5)",
        "fenwickAgainst": "49.2% (42.3) // 51.2% (44.5) // 47.4% (39.9) // 50.0% (46.0)",
        "shotsAgainst": "49.9% (29.7) // 51.9% (30.7) // 45.5% (26.0) // 47.2% (30.0)",
        "scoringAgainst": "48.3% (28.2) // 49.0% (28.6) // 44.0% (23.5) // 52.5% (32.0)",
        "oppCorsi": "50.9% (59.6) // 52.4% (65.3) // 56.1% (71.1) // 57.4% (72.6)",
        "oppFenwick": "51.2% (43.6) // 52.8% (48.3) // 55.6% (51.0) // 57.1% (53.0)",
        "oppShots": "52.0% (31.0) // 52.2% (32.4) // 54.5% (33.9) // 53.4% (34.4)",
        "oppScoring": "50.6% (28.0) // 52.6% (30.7) // 56.0% (33.6) // 55.8% (32.9)",
        "oppCorsiAgainst": "49.1% (57.4) // 47.6% (59.3) // 43.9% (55.6) // 42.6% (54.0)",
        "oppFenwickAgainst": "48.8% (41.6) // 47.2% (43.2) // 44.4% (40.8) // 42.9% (39.8)",
        "oppShotsAgainst": "48.0% (28.6) // 47.8% (29.6) // 45.5% (28.3) // 46.6% (29.9)",
        "oppScoringAgainst": "49.4% (27.3) // 47.4% (27.6) // 44.0% (26.3) // 44.2% (26.0)",
        "totalOver": 33,
        "totalOverLast5": 20,
        "totalOverLast15": 20,
        "lastTotalOver": 37,
        "last5": "5,3,2,1,1,4,2,2,2,2",
        "fd": "0",
        "dk": "+105/-135",
        "kambi": "0",
        "lowest": "105 DK",
        "implied": 48.78048780487805,
        "overOdds": "+105",
        "underOdds": "-135",
        "overUnder": "+105 / -135"
    },
    {
        "player": "Nikolaj Ehlers",
        "team": "WPG",
        "opponent": "MIN",
        "propType": "sog",
        "line": 3.5,
        "ppLine": "PP1",
        "avg": 2.82,
        "hit": false,
        "diffAvg": -0.19,
        "diffAbs": 0.17,
        "lastAvg": 2.87,
        "diff": -0.18,
        "avgMin": 16,
        "proj": 2.9,
        "lastAvgMin": 15.63,
        "oppOver": 0,
        "teamOver": 0,
        "gameLine": "-118",
        "+/-": "+16",
        "L5_+/-": "+14.0",
        "prevMatchup": "2023-12-30 4.0 sog",
        "winLossSplits": "38% - 23%",
        "awayHome": "A",
        "playedYesterday": "Y",
        "awayHomeSplits": "20% - 42%",
        "savesAboveExp": 0.141,
        "gsaa": -4.0,
        "corsi": "50.9% (59.6) // 52.4% (65.3) // 56.1% (71.1) // 57.4% (72.6)",
        "fenwick": "51.2% (43.6) // 52.8% (48.3) // 55.6% (51.0) // 57.1% (53.0)",
        "shots": "52.0% (31.0) // 52.2% (32.4) // 54.5% (33.9) // 53.4% (34.4)",
        "scoring": "50.6% (28.0) // 52.6% (30.7) // 56.0% (33.6) // 55.8% (32.9)",
        "corsiAgainst": "49.1% (57.4) // 47.6% (59.3) // 43.9% (55.6) // 42.6% (54.0)",
        "fenwickAgainst": "48.8% (41.6) // 47.2% (43.2) // 44.4% (40.8) // 42.9% (39.8)",
        "shotsAgainst": "48.0% (28.6) // 47.8% (29.6) // 45.5% (28.3) // 46.6% (29.9)",
        "scoringAgainst": "49.4% (27.3) // 47.4% (27.6) // 44.0% (26.3) // 44.2% (26.0)",
        "oppCorsi": "50.8% (60.9) // 49.5% (58.8) // 51.4% (57.8) // 48.0% (58.5)",
        "oppFenwick": "50.8% (43.6) // 48.8% (42.4) // 52.6% (44.3) // 50.0% (46.0)",
        "oppShots": "50.1% (29.8) // 48.1% (28.5) // 54.5% (31.1) // 52.8% (33.5)",
        "oppScoring": "51.7% (30.1) // 51.0% (29.8) // 56.0% (29.9) // 47.5% (29.0)",
        "oppCorsiAgainst": "49.2% (59.1) // 50.5% (59.9) // 48.6% (54.6) // 52.0% (63.5)",
        "oppFenwickAgainst": "49.2% (42.3) // 51.2% (44.5) // 47.4% (39.9) // 50.0% (46.0)",
        "oppShotsAgainst": "49.9% (29.7) // 51.9% (30.7) // 45.5% (26.0) // 47.2% (30.0)",
        "oppScoringAgainst": "48.3% (28.2) // 49.0% (28.6) // 44.0% (23.5) // 52.5% (32.0)",
        "totalOver": 32,
        "totalOverLast5": 60,
        "totalOverLast15": 40,
        "lastTotalOver": 35,
        "last5": "4,3,4,5,2,4,5,3,3,1",
        "fd": "+120/-156",
        "dk": "+120/-150",
        "kambi": "0",
        "lowest": "120 DK",
        "implied": 45.45454545454545,
        "overOdds": "+120",
        "underOdds": "-150",
        "overUnder": "+120 / -150"
    },
    {
        "player": "Nino Niederreiter",
        "team": "WPG",
        "opponent": "MIN",
        "propType": "sog",
        "line": 2.5,
        "ppLine": "PP2",
        "avg": 2.47,
        "hit": false,
        "diffAvg": -0.01,
        "diffAbs": 0.2,
        "lastAvg": 2.18,
        "diff": -0.13,
        "avgMin": 15,
        "proj": 2.0,
        "lastAvgMin": 16.28,
        "oppOver": 0,
        "teamOver": 0,
        "gameLine": "-118",
        "+/-": "+12",
        "L5_+/-": "+3.0",
        "prevMatchup": "2023-12-30 5.0 sog",
        "winLossSplits": "48% - 62%",
        "awayHome": "A",
        "playedYesterday": "Y",
        "awayHomeSplits": "60% - 47%",
        "savesAboveExp": 0.141,
        "gsaa": -4.0,
        "corsi": "50.9% (59.6) // 52.4% (65.3) // 56.1% (71.1) // 57.4% (72.6)",
        "fenwick": "51.2% (43.6) // 52.8% (48.3) // 55.6% (51.0) // 57.1% (53.0)",
        "shots": "52.0% (31.0) // 52.2% (32.4) // 54.5% (33.9) // 53.4% (34.4)",
        "scoring": "50.6% (28.0) // 52.6% (30.7) // 56.0% (33.6) // 55.8% (32.9)",
        "corsiAgainst": "49.1% (57.4) // 47.6% (59.3) // 43.9% (55.6) // 42.6% (54.0)",
        "fenwickAgainst": "48.8% (41.6) // 47.2% (43.2) // 44.4% (40.8) // 42.9% (39.8)",
        "shotsAgainst": "48.0% (28.6) // 47.8% (29.6) // 45.5% (28.3) // 46.6% (29.9)",
        "scoringAgainst": "49.4% (27.3) // 47.4% (27.6) // 44.0% (26.3) // 44.2% (26.0)",
        "oppCorsi": "50.8% (60.9) // 49.5% (58.8) // 51.4% (57.8) // 48.0% (58.5)",
        "oppFenwick": "50.8% (43.6) // 48.8% (42.4) // 52.6% (44.3) // 50.0% (46.0)",
        "oppShots": "50.1% (29.8) // 48.1% (28.5) // 54.5% (31.1) // 52.8% (33.5)",
        "oppScoring": "51.7% (30.1) // 51.0% (29.8) // 56.0% (29.9) // 47.5% (29.0)",
        "oppCorsiAgainst": "49.2% (59.1) // 50.5% (59.9) // 48.6% (54.6) // 52.0% (63.5)",
        "oppFenwickAgainst": "49.2% (42.3) // 51.2% (44.5) // 47.4% (39.9) // 50.0% (46.0)",
        "oppShotsAgainst": "49.9% (29.7) // 51.9% (30.7) // 45.5% (26.0) // 47.2% (30.0)",
        "oppScoringAgainst": "48.3% (28.2) // 49.0% (28.6) // 44.0% (23.5) // 52.5% (32.0)",
        "totalOver": 53,
        "totalOverLast5": 80,
        "totalOverLast15": 47,
        "lastTotalOver": 37,
        "last5": "5,3,3,2,3,1,0,3,1,2",
        "fd": "+120/-156",
        "dk": "+124/-160",
        "kambi": "0",
        "lowest": "124 DK",
        "implied": 44.642857142857146,
        "overOdds": "+124",
        "underOdds": "-160",
        "overUnder": "+124 / -160"
    },
    {
        "player": "Ryan Hartman",
        "team": "MIN",
        "opponent": "WPG",
        "propType": "sog",
        "line": 2.5,
        "ppLine": "PP2",
        "avg": 2.28,
        "hit": false,
        "diffAvg": -0.09,
        "diffAbs": 0.16,
        "lastAvg": 2.33,
        "diff": -0.07,
        "avgMin": 15,
        "proj": 2.1,
        "lastAvgMin": 16.28,
        "oppOver": 0,
        "teamOver": 0,
        "gameLine": "-102",
        "+/-": "+3",
        "L5_+/-": "+3.0",
        "prevMatchup": "2023-12-30 3.0 sog",
        "winLossSplits": "33% - 53%",
        "awayHome": "H",
        "playedYesterday": "Y",
        "awayHomeSplits": "62% - 23%",
        "savesAboveExp": "-",
        "gsaa": 1.87,
        "corsi": "50.8% (60.9) // 49.5% (58.8) // 51.4% (57.8) // 48.0% (58.5)",
        "fenwick": "50.8% (43.6) // 48.8% (42.4) // 52.6% (44.3) // 50.0% (46.0)",
        "shots": "50.1% (29.8) // 48.1% (28.5) // 54.5% (31.1) // 52.8% (33.5)",
        "scoring": "51.7% (30.1) // 51.0% (29.8) // 56.0% (29.9) // 47.5% (29.0)",
        "corsiAgainst": "49.2% (59.1) // 50.5% (59.9) // 48.6% (54.6) // 52.0% (63.5)",
        "fenwickAgainst": "49.2% (42.3) // 51.2% (44.5) // 47.4% (39.9) // 50.0% (46.0)",
        "shotsAgainst": "49.9% (29.7) // 51.9% (30.7) // 45.5% (26.0) // 47.2% (30.0)",
        "scoringAgainst": "48.3% (28.2) // 49.0% (28.6) // 44.0% (23.5) // 52.5% (32.0)",
        "oppCorsi": "50.9% (59.6) // 52.4% (65.3) // 56.1% (71.1) // 57.4% (72.6)",
        "oppFenwick": "51.2% (43.6) // 52.8% (48.3) // 55.6% (51.0) // 57.1% (53.0)",
        "oppShots": "52.0% (31.0) // 52.2% (32.4) // 54.5% (33.9) // 53.4% (34.4)",
        "oppScoring": "50.6% (28.0) // 52.6% (30.7) // 56.0% (33.6) // 55.8% (32.9)",
        "oppCorsiAgainst": "49.1% (57.4) // 47.6% (59.3) // 43.9% (55.6) // 42.6% (54.0)",
        "oppFenwickAgainst": "48.8% (41.6) // 47.2% (43.2) // 44.4% (40.8) // 42.9% (39.8)",
        "oppShotsAgainst": "48.0% (28.6) // 47.8% (29.6) // 45.5% (28.3) // 46.6% (29.9)",
        "oppScoringAgainst": "49.4% (27.3) // 47.4% (27.6) // 44.0% (26.3) // 44.2% (26.0)",
        "totalOver": 45,
        "totalOverLast5": 40,
        "totalOverLast15": 33,
        "lastTotalOver": 41,
        "last5": "3,4,2,1,1,3,1,3,0,0",
        "fd": "+126/-168",
        "dk": "+135/-175",
        "kambi": "130/-175",
        "lowest": "135 DK",
        "implied": 42.5531914893617,
        "overOdds": "+135",
        "underOdds": "-175",
        "overUnder": "+135 / -175"
    },
    {
        "player": "Alex Debrincat",
        "team": "DET",
        "opponent": "BOS",
        "propType": "sog",
        "line": 2.5,
        "ppLine": "PP1",
        "avg": 3.22,
        "hit": false,
        "diffAvg": 0.29,
        "diffAbs": 0.2,
        "lastAvg": 3.21,
        "diff": 0.28,
        "avgMin": 18,
        "proj": 3.0,
        "lastAvgMin": 19.0,
        "oppOver": 0,
        "teamOver": 0,
        "gameLine": "+114",
        "+/-": "+2",
        "L5_+/-": -2.0,
        "prevMatchup": "2023-11-24 3.0 sog 2023-11-04 5.0 sog 2023-10-28 3.0 sog",
        "winLossSplits": "53% - 79%",
        "awayHome": "H",
        "playedYesterday": "N",
        "awayHomeSplits": "59% - 74%",
        "savesAboveExp": 0.19,
        "gsaa": 13.56,
        "corsi": "47.1% (56.5) // 47.4% (58.6) // 46.9% (56.3) // 48.4% (58.9)",
        "fenwick": "47.0% (41.7) // 45.5% (42.1) // 44.9% (41.7) // 46.6% (43.2)",
        "shots": "48.1% (29.6) // 45.3% (29.0) // 43.2% (27.2) // 42.9% (25.0)",
        "scoring": "46.7% (27.3) // 46.9% (27.8) // 46.6% (26.7) // 45.2% (28.0)",
        "corsiAgainst": "52.9% (63.5) // 52.6% (65.1) // 53.1% (63.8) // 51.6% (62.8)",
        "fenwickAgainst": "53.0% (47.0) // 54.5% (50.4) // 55.1% (51.2) // 53.4% (49.6)",
        "shotsAgainst": "51.9% (31.9) // 54.7% (35.0) // 56.8% (35.7) // 57.1% (33.4)",
        "scoringAgainst": "53.3% (31.2) // 53.1% (31.4) // 53.4% (30.6) // 54.8% (33.9)",
        "oppCorsi": "48.4% (58.4) // 47.4% (55.7) // 44.4% (50.8) // 45.5% (50.0)",
        "oppFenwick": "48.5% (42.9) // 47.0% (41.0) // 44.8% (37.5) // 46.9% (38.0)",
        "oppShots": "48.9% (30.4) // 46.2% (28.0) // 44.4% (25.5) // 48.7% (28.0)",
        "oppScoring": "50.2% (29.7) // 46.4% (26.8) // 44.5% (23.2) // 53.1% (26.0)",
        "oppCorsiAgainst": "51.6% (62.4) // 52.6% (61.9) // 55.6% (63.5) // 54.5% (60.0)",
        "oppFenwickAgainst": "51.5% (45.6) // 53.0% (46.2) // 55.2% (46.2) // 53.1% (43.0)",
        "oppShotsAgainst": "51.1% (31.8) // 53.8% (32.6) // 55.6% (32.0) // 51.3% (29.5)",
        "oppScoringAgainst": "49.8% (29.5) // 53.6% (31.0) // 55.5% (29.0) // 46.9% (23.0)",
        "totalOver": 67,
        "totalOverLast5": 80,
        "totalOverLast15": 67,
        "lastTotalOver": 60,
        "last5": "1,4,3,4,3,4,2,4,4,5",
        "fd": "-170/+130",
        "dk": "-160/+124",
        "kambi": "0",
        "lowest": "-160 DK",
        "implied": 61.53846153846154,
        "overOdds": "-160",
        "underOdds": "+124",
        "overUnder": "-160 / +124"
    },
    {
        "player": "Brad Marchand",
        "team": "BOS",
        "opponent": "DET",
        "propType": "sog",
        "line": 2.5,
        "ppLine": "PP1",
        "avg": 2.94,
        "hit": false,
        "diffAvg": 0.18,
        "diffAbs": 0.08,
        "lastAvg": 2.29,
        "diff": -0.08,
        "avgMin": 19,
        "proj": 2.3,
        "lastAvgMin": 18.52,
        "oppOver": 0,
        "teamOver": 0,
        "gameLine": "-135",
        "+/-": -1,
        "L5_+/-": -1.0,
        "prevMatchup": "2023-11-24 3.0 sog 2023-11-04 5.0 sog 2023-10-28 3.0 sog",
        "winLossSplits": "67% - 38%",
        "awayHome": "A",
        "playedYesterday": "Y",
        "awayHomeSplits": "56% - 56%",
        "savesAboveExp": "-",
        "gsaa": 5.16,
        "corsi": "48.4% (58.4) // 47.4% (55.7) // 44.4% (50.8) // 45.5% (50.0)",
        "fenwick": "48.5% (42.9) // 47.0% (41.0) // 44.8% (37.5) // 46.9% (38.0)",
        "shots": "48.9% (30.4) // 46.2% (28.0) // 44.4% (25.5) // 48.7% (28.0)",
        "scoring": "50.2% (29.7) // 46.4% (26.8) // 44.5% (23.2) // 53.1% (26.0)",
        "corsiAgainst": "51.6% (62.4) // 52.6% (61.9) // 55.6% (63.5) // 54.5% (60.0)",
        "fenwickAgainst": "51.5% (45.6) // 53.0% (46.2) // 55.2% (46.2) // 53.1% (43.0)",
        "shotsAgainst": "51.1% (31.8) // 53.8% (32.6) // 55.6% (32.0) // 51.3% (29.5)",
        "scoringAgainst": "49.8% (29.5) // 53.6% (31.0) // 55.5% (29.0) // 46.9% (23.0)",
        "oppCorsi": "47.1% (56.5) // 47.4% (58.6) // 46.9% (56.3) // 48.4% (58.9)",
        "oppFenwick": "47.0% (41.7) // 45.5% (42.1) // 44.9% (41.7) // 46.6% (43.2)",
        "oppShots": "48.1% (29.6) // 45.3% (29.0) // 43.2% (27.2) // 42.9% (25.0)",
        "oppScoring": "46.7% (27.3) // 46.9% (27.8) // 46.6% (26.7) // 45.2% (28.0)",
        "oppCorsiAgainst": "52.9% (63.5) // 52.6% (65.1) // 53.1% (63.8) // 51.6% (62.8)",
        "oppFenwickAgainst": "53.0% (47.0) // 54.5% (50.4) // 55.1% (51.2) // 53.4% (49.6)",
        "oppShotsAgainst": "51.9% (31.9) // 54.7% (35.0) // 56.8% (35.7) // 57.1% (33.4)",
        "oppScoringAgainst": "53.3% (31.2) // 53.1% (31.4) // 53.4% (30.6) // 54.8% (33.9)",
        "totalOver": 56,
        "totalOverLast5": 0,
        "totalOverLast15": 47,
        "lastTotalOver": 48,
        "last5": "0,2,0,0,2,0,3,2,3,4",
        "fd": "-110/-118",
        "dk": "-120/-110",
        "kambi": "-125/-104",
        "lowest": "-110 FD",
        "implied": 52.38095238095239,
        "overOdds": "-120",
        "underOdds": "-110",
        "overUnder": "-120 / -110"
    },
    {
        "player": "Charlie Coyle",
        "team": "BOS",
        "opponent": "DET",
        "propType": "sog",
        "line": 1.5,
        "ppLine": "PP2",
        "avg": 1.85,
        "hit": false,
        "diffAvg": 0.23,
        "diffAbs": 0.07,
        "lastAvg": 1.56,
        "diff": 0.04,
        "avgMin": 17,
        "proj": 1.6,
        "lastAvgMin": 16.98,
        "oppOver": 0,
        "teamOver": 0,
        "gameLine": "-135",
        "+/-": "+2",
        "L5_+/-": 0.0,
        "prevMatchup": "2023-11-24 4.0 sog 2023-11-04 1.0 sog 2023-10-28 1.0 sog",
        "winLossSplits": "43% - 62%",
        "awayHome": "A",
        "playedYesterday": "Y",
        "awayHomeSplits": "56% - 44%",
        "savesAboveExp": "-",
        "gsaa": 5.16,
        "corsi": "48.4% (58.4) // 47.4% (55.7) // 44.4% (50.8) // 45.5% (50.0)",
        "fenwick": "48.5% (42.9) // 47.0% (41.0) // 44.8% (37.5) // 46.9% (38.0)",
        "shots": "48.9% (30.4) // 46.2% (28.0) // 44.4% (25.5) // 48.7% (28.0)",
        "scoring": "50.2% (29.7) // 46.4% (26.8) // 44.5% (23.2) // 53.1% (26.0)",
        "corsiAgainst": "51.6% (62.4) // 52.6% (61.9) // 55.6% (63.5) // 54.5% (60.0)",
        "fenwickAgainst": "51.5% (45.6) // 53.0% (46.2) // 55.2% (46.2) // 53.1% (43.0)",
        "shotsAgainst": "51.1% (31.8) // 53.8% (32.6) // 55.6% (32.0) // 51.3% (29.5)",
        "scoringAgainst": "49.8% (29.5) // 53.6% (31.0) // 55.5% (29.0) // 46.9% (23.0)",
        "oppCorsi": "47.1% (56.5) // 47.4% (58.6) // 46.9% (56.3) // 48.4% (58.9)",
        "oppFenwick": "47.0% (41.7) // 45.5% (42.1) // 44.9% (41.7) // 46.6% (43.2)",
        "oppShots": "48.1% (29.6) // 45.3% (29.0) // 43.2% (27.2) // 42.9% (25.0)",
        "oppScoring": "46.7% (27.3) // 46.9% (27.8) // 46.6% (26.7) // 45.2% (28.0)",
        "oppCorsiAgainst": "52.9% (63.5) // 52.6% (65.1) // 53.1% (63.8) // 51.6% (62.8)",
        "oppFenwickAgainst": "53.0% (47.0) // 54.5% (50.4) // 55.1% (51.2) // 53.4% (49.6)",
        "oppShotsAgainst": "51.9% (31.9) // 54.7% (35.0) // 56.8% (35.7) // 57.1% (33.4)",
        "oppScoringAgainst": "53.3% (31.2) // 53.1% (31.4) // 53.4% (30.6) // 54.8% (33.9)",
