[
    {
        "player": "Brock Boeser",
        "team": "VAN",
        "opponent": "PHI",
        "propType": "sog",
        "line": 2.5,
        "ppLine": "PP1",
        "avg": 2.8,
        "hit": false,
        "diffAvg": 0.12,
        "diffAbs": 0.0,
        "lastAvg": 2.41,
        "diff": -0.04,
        "avgMin": 18,
        "proj": 2.5,
        "lastAvgMin": 17.23,
        "oppOver": 0,
        "teamOver": 0,
        "gameLine": "-155",
        "+/-": "+12",
        "L5_+/-": "+3.0",
        "prevMatchup": "2023-10-17 2.0 sog",
        "winLossSplits": "57% - 50%",
        "awayHome": "H",
        "playedYesterday": "N",
        "awayHomeSplits": "50% - 59%",
        "savesAboveExp": 0.232,
        "gsaa": -1.32,
        "corsi": "49.6% (57.1) // 47.1% (50.6) // 51.1% (54.2) // 60.8% (65.0)",
        "fenwick": "49.1% (40.8) // 47.7% (37.4) // 50.6% (39.9) // 56.2% (41.0)",
        "shots": "48.3% (27.8) // 46.6% (25.4) // 47.6% (26.3) // 51.0% (26.0)",
        "scoring": "50.7% (28.9) // 50.1% (26.4) // 51.0% (25.6) // 57.8% (26.0)",
        "corsiAgainst": "50.4% (58.1) // 52.9% (56.8) // 48.9% (51.9) // 39.2% (42.0)",
        "fenwickAgainst": "50.9% (42.3) // 52.3% (41.0) // 49.4% (39.0) // 43.8% (32.0)",
        "shotsAgainst": "51.7% (29.8) // 53.4% (29.0) // 52.4% (28.9) // 49.0% (25.0)",
        "scoringAgainst": "49.3% (28.1) // 49.9% (26.3) // 49.0% (24.7) // 42.2% (19.0)",
        "oppCorsi": "49.8% (59.8) // 47.0% (56.5) // 49.0% (56.7) // 51.5% (64.6)",
        "oppFenwick": "52.0% (44.5) // 50.5% (44.4) // 52.4% (45.5) // 54.7% (53.5)",
        "oppShots": "53.5% (32.4) // 51.9% (31.9) // 51.5% (31.8) // 53.8% (39.7)",
        "oppScoring": "48.5% (27.3) // 44.8% (26.7) // 42.2% (24.2) // 45.6% (28.6)",
        "oppCorsiAgainst": "50.2% (60.4) // 53.0% (63.7) // 51.0% (58.9) // 48.5% (60.9)",
        "oppFenwickAgainst": "48.0% (41.1) // 49.5% (43.5) // 47.6% (41.4) // 45.3% (44.3)",
        "oppShotsAgainst": "46.5% (28.2) // 48.1% (29.6) // 48.5% (29.9) // 46.2% (34.2)",
        "oppScoringAgainst": "51.5% (29.0) // 55.2% (33.0) // 57.8% (33.1) // 54.4% (34.2)",
        "totalOver": 54,
        "totalOverLast5": 80,
        "totalOverLast15": 60,
        "lastTotalOver": 48,
        "last5": "2,4,4,4,5,3,4,2,1,3",
        "fd": "-104/-125",
        "dk": "-125/-105",
        "implied": 55.55555555555556,
        "overOdds": "-125",
        "underOdds": "-105",
        "overUnder": "-125 / -105"
    },
    {
        "player": "Cam Atkinson",
        "team": "PHI",
        "opponent": "VAN",
        "propType": "sog",
        "line": 2.5,
        "ppLine": "PP2",
        "avg": 2.91,
        "hit": false,
        "diffAvg": 0.16,
        "diffAbs": 1.0,
        "lastAvg": 0,
        "diff": 0,
        "avgMin": 17,
        "proj": 0.0,
        "lastAvgMin": 0,
        "oppOver": 0,
        "teamOver": 0,
        "gameLine": "+130",
        "+/-": -9,
        "L5_+/-": 0.0,
        "prevMatchup": "2023-10-17 3.0 sog",
        "winLossSplits": "56% - 67%",
        "awayHome": "A",
        "playedYesterday": "N",
        "awayHomeSplits": "47% - 75%",
        "savesAboveExp": 0.063,
        "gsaa": 5.31,
        "corsi": "49.8% (59.8) // 47.0% (56.5) // 49.0% (56.7) // 51.5% (64.6)",
        "fenwick": "52.0% (44.5) // 50.5% (44.4) // 52.4% (45.5) // 54.7% (53.5)",
        "shots": "53.5% (32.4) // 51.9% (31.9) // 51.5% (31.8) // 53.8% (39.7)",
        "scoring": "48.5% (27.3) // 44.8% (26.7) // 42.2% (24.2) // 45.6% (28.6)",
        "corsiAgainst": "50.2% (60.4) // 53.0% (63.7) // 51.0% (58.9) // 48.5% (60.9)",
        "fenwickAgainst": "48.0% (41.1) // 49.5% (43.5) // 47.6% (41.4) // 45.3% (44.3)",
        "shotsAgainst": "46.5% (28.2) // 48.1% (29.6) // 48.5% (29.9) // 46.2% (34.2)",
        "scoringAgainst": "51.5% (29.0) // 55.2% (33.0) // 57.8% (33.1) // 54.4% (34.2)",
        "oppCorsi": "49.6% (57.1) // 47.1% (50.6) // 51.1% (54.2) // 60.8% (65.0)",
        "oppFenwick": "49.1% (40.8) // 47.7% (37.4) // 50.6% (39.9) // 56.2% (41.0)",
        "oppShots": "48.3% (27.8) // 46.6% (25.4) // 47.6% (26.3) // 51.0% (26.0)",
        "oppScoring": "50.7% (28.9) // 50.1% (26.4) // 51.0% (25.6) // 57.8% (26.0)",
        "oppCorsiAgainst": "50.4% (58.1) // 52.9% (56.8) // 48.9% (51.9) // 39.2% (42.0)",
        "oppFenwickAgainst": "50.9% (42.3) // 52.3% (41.0) // 49.4% (39.0) // 43.8% (32.0)",
        "oppShotsAgainst": "51.7% (29.8) // 53.4% (29.0) // 52.4% (28.9) // 49.0% (25.0)",
        "oppScoringAgainst": "49.3% (28.1) // 49.9% (26.3) // 49.0% (24.7) // 42.2% (19.0)",
        "totalOver": 61,
        "totalOverLast5": 20,
        "totalOverLast15": 47,
        "lastTotalOver": 0,
        "last5": "1,2,0,1,6,4,1,2,3,2",
        "fd": "+132/-174",
        "dk": "+135/-175",
        "implied": 43.103448275862064,
        "overOdds": "+135",
        "underOdds": "-175",
        "overUnder": "+135 / -175"
    },
    {
        "player": "Elias Pettersson",
        "team": "VAN",
        "opponent": "PHI",
        "propType": "sog",
        "line": 2.5,
        "ppLine": "PP1",
        "avg": 2.69,
        "hit": false,
        "diffAvg": 0.08,
        "diffAbs": 0.16,
        "lastAvg": 3.17,
        "diff": 0.27,
        "avgMin": 19,
        "proj": 2.9,
        "lastAvgMin": 20.55,
        "oppOver": 0,
        "teamOver": 0,
        "gameLine": "-155",
        "+/-": "+9",
        "L5_+/-": "+3.0",
        "prevMatchup": "2023-10-17 1.0 sog",
        "winLossSplits": "43% - 42%",
        "awayHome": "H",
        "playedYesterday": "N",
        "awayHomeSplits": "39% - 47%",
        "savesAboveExp": 0.232,
        "gsaa": -1.32,
        "corsi": "49.6% (57.1) // 47.1% (50.6) // 51.1% (54.2) // 60.8% (65.0)",
        "fenwick": "49.1% (40.8) // 47.7% (37.4) // 50.6% (39.9) // 56.2% (41.0)",
        "shots": "48.3% (27.8) // 46.6% (25.4) // 47.6% (26.3) // 51.0% (26.0)",
        "scoring": "50.7% (28.9) // 50.1% (26.4) // 51.0% (25.6) // 57.8% (26.0)",
        "corsiAgainst": "50.4% (58.1) // 52.9% (56.8) // 48.9% (51.9) // 39.2% (42.0)",
        "fenwickAgainst": "50.9% (42.3) // 52.3% (41.0) // 49.4% (39.0) // 43.8% (32.0)",
        "shotsAgainst": "51.7% (29.8) // 53.4% (29.0) // 52.4% (28.9) // 49.0% (25.0)",
        "scoringAgainst": "49.3% (28.1) // 49.9% (26.3) // 49.0% (24.7) // 42.2% (19.0)",
        "oppCorsi": "49.8% (59.8) // 47.0% (56.5) // 49.0% (56.7) // 51.5% (64.6)",
        "oppFenwick": "52.0% (44.5) // 50.5% (44.4) // 52.4% (45.5) // 54.7% (53.5)",
        "oppShots": "53.5% (32.4) // 51.9% (31.9) // 51.5% (31.8) // 53.8% (39.7)",
        "oppScoring": "48.5% (27.3) // 44.8% (26.7) // 42.2% (24.2) // 45.6% (28.6)",
        "oppCorsiAgainst": "50.2% (60.4) // 53.0% (63.7) // 51.0% (58.9) // 48.5% (60.9)",
        "oppFenwickAgainst": "48.0% (41.1) // 49.5% (43.5) // 47.6% (41.4) // 45.3% (44.3)",
        "oppShotsAgainst": "46.5% (28.2) // 48.1% (29.6) // 48.5% (29.9) // 46.2% (34.2)",
        "oppScoringAgainst": "51.5% (29.0) // 55.2% (33.0) // 57.8% (33.1) // 54.4% (34.2)",
        "totalOver": 43,
        "totalOverLast5": 80,
        "totalOverLast15": 53,
        "lastTotalOver": 51,
        "last5": "7,2,6,4,7,2,0,3,2,4",
        "fd": "-164/+125",
        "dk": "-140/+110",
        "implied": 62.121212121212125,
        "overOdds": "-140",
        "underOdds": "+110",
        "overUnder": "-140 / +110"
    },
    {
        "player": "Filip Hronek",
        "team": "VAN",
        "opponent": "PHI",
        "propType": "sog",
        "line": 1.5,
        "ppLine": "PP2",
        "avg": 1.97,
        "hit": false,
        "diffAvg": 0.31,
        "diffAbs": 0.4,
        "lastAvg": 1.94,
        "diff": 0.29,
        "avgMin": 24,
        "proj": 2.1,
        "lastAvgMin": 21.68,
        "oppOver": 0,
        "teamOver": 0,
        "gameLine": "-155",
        "+/-": "+23",
        "L5_+/-": "+9.0",
        "prevMatchup": "2023-10-17 3.0 sog",
        "winLossSplits": "39% - 83%",
        "awayHome": "H",
        "playedYesterday": "N",
        "awayHomeSplits": "56% - 53%",
        "savesAboveExp": 0.232,
        "gsaa": -1.32,
        "corsi": "49.6% (57.1) // 47.1% (50.6) // 51.1% (54.2) // 60.8% (65.0)",
        "fenwick": "49.1% (40.8) // 47.7% (37.4) // 50.6% (39.9) // 56.2% (41.0)",
        "shots": "48.3% (27.8) // 46.6% (25.4) // 47.6% (26.3) // 51.0% (26.0)",
        "scoring": "50.7% (28.9) // 50.1% (26.4) // 51.0% (25.6) // 57.8% (26.0)",
        "corsiAgainst": "50.4% (58.1) // 52.9% (56.8) // 48.9% (51.9) // 39.2% (42.0)",
        "fenwickAgainst": "50.9% (42.3) // 52.3% (41.0) // 49.4% (39.0) // 43.8% (32.0)",
        "shotsAgainst": "51.7% (29.8) // 53.4% (29.0) // 52.4% (28.9) // 49.0% (25.0)",
        "scoringAgainst": "49.3% (28.1) // 49.9% (26.3) // 49.0% (24.7) // 42.2% (19.0)",
        "oppCorsi": "49.8% (59.8) // 47.0% (56.5) // 49.0% (56.7) // 51.5% (64.6)",
        "oppFenwick": "52.0% (44.5) // 50.5% (44.4) // 52.4% (45.5) // 54.7% (53.5)",
        "oppShots": "53.5% (32.4) // 51.9% (31.9) // 51.5% (31.8) // 53.8% (39.7)",
        "oppScoring": "48.5% (27.3) // 44.8% (26.7) // 42.2% (24.2) // 45.6% (28.6)",
        "oppCorsiAgainst": "50.2% (60.4) // 53.0% (63.7) // 51.0% (58.9) // 48.5% (60.9)",
        "oppFenwickAgainst": "48.0% (41.1) // 49.5% (43.5) // 47.6% (41.4) // 45.3% (44.3)",
        "oppShotsAgainst": "46.5% (28.2) // 48.1% (29.6) // 48.5% (29.9) // 46.2% (34.2)",
        "oppScoringAgainst": "51.5% (29.0) // 55.2% (33.0) // 57.8% (33.1) // 54.4% (34.2)",
        "totalOver": 54,
        "totalOverLast5": 40,
        "totalOverLast15": 53,
        "lastTotalOver": 57,
        "last5": "0,1,5,3,1,0,2,1,0,2",
        "fd": "0",
        "dk": "-160/+124",
        "implied": 61.53846153846154,
        "overOdds": "-160",
        "underOdds": "+124",
        "overUnder": "-160 / +124"
    },
    {
        "player": "Ilya Mikheyev",
        "team": "VAN",
        "opponent": "PHI",
        "propType": "sog",
        "line": 1.5,
        "ppLine": "PP2",
        "avg": 1.94,
        "hit": false,
        "diffAvg": 0.29,
        "diffAbs": 0.07,
        "lastAvg": 1.98,
        "diff": 0.32,
        "avgMin": 14,
        "proj": 1.6,
        "lastAvgMin": 16.9,
        "oppOver": 0,
        "teamOver": 0,
        "gameLine": "-155",
        "+/-": "+7",
        "L5_+/-": "+4.0",
        "prevMatchup": "",
        "winLossSplits": "48% - 30%",
        "awayHome": "H",
        "playedYesterday": "N",
        "awayHomeSplits": "73% - 12%",
        "savesAboveExp": 0.232,
        "gsaa": -1.32,
        "corsi": "49.6% (57.1) // 47.1% (50.6) // 51.1% (54.2) // 60.8% (65.0)",
        "fenwick": "49.1% (40.8) // 47.7% (37.4) // 50.6% (39.9) // 56.2% (41.0)",
        "shots": "48.3% (27.8) // 46.6% (25.4) // 47.6% (26.3) // 51.0% (26.0)",
        "scoring": "50.7% (28.9) // 50.1% (26.4) // 51.0% (25.6) // 57.8% (26.0)",
        "corsiAgainst": "50.4% (58.1) // 52.9% (56.8) // 48.9% (51.9) // 39.2% (42.0)",
        "fenwickAgainst": "50.9% (42.3) // 52.3% (41.0) // 49.4% (39.0) // 43.8% (32.0)",
        "shotsAgainst": "51.7% (29.8) // 53.4% (29.0) // 52.4% (28.9) // 49.0% (25.0)",
        "scoringAgainst": "49.3% (28.1) // 49.9% (26.3) // 49.0% (24.7) // 42.2% (19.0)",
        "oppCorsi": "49.8% (59.8) // 47.0% (56.5) // 49.0% (56.7) // 51.5% (64.6)",
        "oppFenwick": "52.0% (44.5) // 50.5% (44.4) // 52.4% (45.5) // 54.7% (53.5)",
        "oppShots": "53.5% (32.4) // 51.9% (31.9) // 51.5% (31.8) // 53.8% (39.7)",
        "oppScoring": "48.5% (27.3) // 44.8% (26.7) // 42.2% (24.2) // 45.6% (28.6)",
        "oppCorsiAgainst": "50.2% (60.4) // 53.0% (63.7) // 51.0% (58.9) // 48.5% (60.9)",
        "oppFenwickAgainst": "48.0% (41.1) // 49.5% (43.5) // 47.6% (41.4) // 45.3% (44.3)",
        "oppShotsAgainst": "46.5% (28.2) // 48.1% (29.6) // 48.5% (29.9) // 46.2% (34.2)",
        "oppScoringAgainst": "51.5% (29.0) // 55.2% (33.0) // 57.8% (33.1) // 54.4% (34.2)",
        "totalOver": 42,
        "totalOverLast5": 60,
        "totalOverLast15": 33,
        "lastTotalOver": 0,
        "last5": "1,1,2,3,3,0,1,1,1,1",
        "fd": "-140/+108",
        "dk": "-140/+110",
        "implied": 58.333333333333336,
        "overOdds": "-140",
        "underOdds": "+110",
        "overUnder": "-140 / +110"
    },
    {
        "player": "Jt Miller",
        "team": "VAN",
        "opponent": "PHI",
        "propType": "sog",
        "line": 2.5,
        "ppLine": "PP1",
        "avg": 2.2,
        "hit": false,
        "diffAvg": -0.12,
        "diffAbs": 0.0,
        "lastAvg": 2.75,
        "diff": 0.1,
        "avgMin": 19,
        "proj": 2.5,
        "lastAvgMin": 20.67,
        "oppOver": 0,
        "teamOver": 0,
        "gameLine": "-155",
        "+/-": "+13",
        "L5_+/-": "+2.0",
        "prevMatchup": "2023-10-17 2.0 sog",
        "winLossSplits": "43% - 42%",
        "awayHome": "H",
        "playedYesterday": "N",
        "awayHomeSplits": "33% - 53%",
        "savesAboveExp": 0.232,
        "gsaa": -1.32,
        "corsi": "49.6% (57.1) // 47.1% (50.6) // 51.1% (54.2) // 60.8% (65.0)",
        "fenwick": "49.1% (40.8) // 47.7% (37.4) // 50.6% (39.9) // 56.2% (41.0)",
        "shots": "48.3% (27.8) // 46.6% (25.4) // 47.6% (26.3) // 51.0% (26.0)",
        "scoring": "50.7% (28.9) // 50.1% (26.4) // 51.0% (25.6) // 57.8% (26.0)",
        "corsiAgainst": "50.4% (58.1) // 52.9% (56.8) // 48.9% (51.9) // 39.2% (42.0)",
        "fenwickAgainst": "50.9% (42.3) // 52.3% (41.0) // 49.4% (39.0) // 43.8% (32.0)",
        "shotsAgainst": "51.7% (29.8) // 53.4% (29.0) // 52.4% (28.9) // 49.0% (25.0)",
        "scoringAgainst": "49.3% (28.1) // 49.9% (26.3) // 49.0% (24.7) // 42.2% (19.0)",
        "oppCorsi": "49.8% (59.8) // 47.0% (56.5) // 49.0% (56.7) // 51.5% (64.6)",
        "oppFenwick": "52.0% (44.5) // 50.5% (44.4) // 52.4% (45.5) // 54.7% (53.5)",
        "oppShots": "53.5% (32.4) // 51.9% (31.9) // 51.5% (31.8) // 53.8% (39.7)",
        "oppScoring": "48.5% (27.3) // 44.8% (26.7) // 42.2% (24.2) // 45.6% (28.6)",
        "oppCorsiAgainst": "50.2% (60.4) // 53.0% (63.7) // 51.0% (58.9) // 48.5% (60.9)",
        "oppFenwickAgainst": "48.0% (41.1) // 49.5% (43.5) // 47.6% (41.4) // 45.3% (44.3)",
        "oppShotsAgainst": "46.5% (28.2) // 48.1% (29.6) // 48.5% (29.9) // 46.2% (34.2)",
        "oppScoringAgainst": "51.5% (29.0) // 55.2% (33.0) // 57.8% (33.1) // 54.4% (34.2)",
        "totalOver": 43,
        "totalOverLast5": 20,
        "totalOverLast15": 40,
        "lastTotalOver": 51,
        "last5": "0,2,2,3,1,1,2,3,4,4",
        "fd": "+122/-160",
        "dk": "+120/-150",
        "implied": 45.45454545454545,
        "overOdds": "+120",
        "underOdds": "-150",
        "overUnder": "+120 / -150"
    },
    {
        "player": "Joel Farabee",
        "team": "PHI",
        "opponent": "VAN",
        "propType": "sog",
        "line": 1.5,
        "ppLine": "PP2",
        "avg": 2.21,
        "hit": false,
        "diffAvg": 0.47,
        "diffAbs": 0.0,
        "lastAvg": 1.77,
        "diff": 0.18,
        "avgMin": 14,
        "proj": 1.5,
        "lastAvgMin": 17.0,
        "oppOver": 0,
        "teamOver": 0,
        "gameLine": "+130",
        "+/-": "+9",
        "L5_+/-": "+4.0",
        "prevMatchup": "2023-10-17 3.0 sog",
        "winLossSplits": "67% - 73%",
        "awayHome": "A",
        "playedYesterday": "N",
        "awayHomeSplits": "65% - 75%",
        "savesAboveExp": 0.063,
        "gsaa": 5.31,
        "corsi": "49.8% (59.8) // 47.0% (56.5) // 49.0% (56.7) // 51.5% (64.6)",
        "fenwick": "52.0% (44.5) // 50.5% (44.4) // 52.4% (45.5) // 54.7% (53.5)",
        "shots": "53.5% (32.4) // 51.9% (31.9) // 51.5% (31.8) // 53.8% (39.7)",
        "scoring": "48.5% (27.3) // 44.8% (26.7) // 42.2% (24.2) // 45.6% (28.6)",
        "corsiAgainst": "50.2% (60.4) // 53.0% (63.7) // 51.0% (58.9) // 48.5% (60.9)",
        "fenwickAgainst": "48.0% (41.1) // 49.5% (43.5) // 47.6% (41.4) // 45.3% (44.3)",
        "shotsAgainst": "46.5% (28.2) // 48.1% (29.6) // 48.5% (29.9) // 46.2% (34.2)",
        "scoringAgainst": "51.5% (29.0) // 55.2% (33.0) // 57.8% (33.1) // 54.4% (34.2)",
        "oppCorsi": "49.6% (57.1) // 47.1% (50.6) // 51.1% (54.2) // 60.8% (65.0)",
        "oppFenwick": "49.1% (40.8) // 47.7% (37.4) // 50.6% (39.9) // 56.2% (41.0)",
        "oppShots": "48.3% (27.8) // 46.6% (25.4) // 47.6% (26.3) // 51.0% (26.0)",
        "oppScoring": "50.7% (28.9) // 50.1% (26.4) // 51.0% (25.6) // 57.8% (26.0)",
        "oppCorsiAgainst": "50.4% (58.1) // 52.9% (56.8) // 48.9% (51.9) // 39.2% (42.0)",
        "oppFenwickAgainst": "50.9% (42.3) // 52.3% (41.0) // 49.4% (39.0) // 43.8% (32.0)",
        "oppShotsAgainst": "51.7% (29.8) // 53.4% (29.0) // 52.4% (28.9) // 49.0% (25.0)",
        "oppScoringAgainst": "49.3% (28.1) // 49.9% (26.3) // 49.0% (24.7) // 42.2% (19.0)",
        "totalOver": 70,
        "totalOverLast5": 60,
        "totalOverLast15": 60,
        "lastTotalOver": 46,
        "last5": "1,2,2,4,1,3,5,1,1,2",
        "fd": "-192/+146",
        "dk": "-160/+124",
        "implied": 65.75342465753424,
        "overOdds": "-160",
        "underOdds": "+124",
        "overUnder": "-160 / +124"
    },
    {
        "player": "Owen Tippett",
        "team": "PHI",
        "opponent": "VAN",
        "propType": "sog",
        "line": 2.5,
        "ppLine": "PP2",
        "avg": 3.48,
        "hit": false,
        "diffAvg": 0.39,
        "diffAbs": 0.04,
        "lastAvg": 3.0,
        "diff": 0.2,
        "avgMin": 15,
        "proj": 2.6,
        "lastAvgMin": 17.42,
        "oppOver": 0,
        "teamOver": 0,
        "gameLine": "+130",
        "+/-": "+2",
        "L5_+/-": "+4.0",
        "prevMatchup": "2023-10-17 4.0 sog",
        "winLossSplits": "67% - 60%",
        "awayHome": "A",
        "playedYesterday": "N",
        "awayHomeSplits": "59% - 69%",
        "savesAboveExp": 0.063,
        "gsaa": 5.31,
        "corsi": "49.8% (59.8) // 47.0% (56.5) // 49.0% (56.7) // 51.5% (64.6)",
        "fenwick": "52.0% (44.5) // 50.5% (44.4) // 52.4% (45.5) // 54.7% (53.5)",
        "shots": "53.5% (32.4) // 51.9% (31.9) // 51.5% (31.8) // 53.8% (39.7)",
        "scoring": "48.5% (27.3) // 44.8% (26.7) // 42.2% (24.2) // 45.6% (28.6)",
        "corsiAgainst": "50.2% (60.4) // 53.0% (63.7) // 51.0% (58.9) // 48.5% (60.9)",
        "fenwickAgainst": "48.0% (41.1) // 49.5% (43.5) // 47.6% (41.4) // 45.3% (44.3)",
        "shotsAgainst": "46.5% (28.2) // 48.1% (29.6) // 48.5% (29.9) // 46.2% (34.2)",
        "scoringAgainst": "51.5% (29.0) // 55.2% (33.0) // 57.8% (33.1) // 54.4% (34.2)",
        "oppCorsi": "49.6% (57.1) // 47.1% (50.6) // 51.1% (54.2) // 60.8% (65.0)",
        "oppFenwick": "49.1% (40.8) // 47.7% (37.4) // 50.6% (39.9) // 56.2% (41.0)",
        "oppShots": "48.3% (27.8) // 46.6% (25.4) // 47.6% (26.3) // 51.0% (26.0)",
        "oppScoring": "50.7% (28.9) // 50.1% (26.4) // 51.0% (25.6) // 57.8% (26.0)",
        "oppCorsiAgainst": "50.4% (58.1) // 52.9% (56.8) // 48.9% (51.9) // 39.2% (42.0)",
        "oppFenwickAgainst": "50.9% (42.3) // 52.3% (41.0) // 49.4% (39.0) // 43.8% (32.0)",
        "oppShotsAgainst": "51.7% (29.8) // 53.4% (29.0) // 52.4% (28.9) // 49.0% (25.0)",
        "oppScoringAgainst": "49.3% (28.1) // 49.9% (26.3) // 49.0% (24.7) // 42.2% (19.0)",
        "totalOver": 64,
        "totalOverLast5": 60,
        "totalOverLast15": 73,
        "lastTotalOver": 42,
        "last5": "2,6,6,2,3,4,4,3,2,5",
        "fd": "-168/+128",
        "dk": "-175/+135",
        "implied": 63.63636363636363,
        "overOdds": "-175",
        "underOdds": "+135",
        "overUnder": "-175 / +135"
    },
    {
        "player": "Quinn Hughes",
        "team": "VAN",
        "opponent": "PHI",
        "propType": "sog",
        "line": 2.5,
        "ppLine": "PP1",
        "avg": 2.63,
        "hit": false,
        "diffAvg": 0.05,
        "diffAbs": 0.28,
        "lastAvg": 1.97,
        "diff": -0.21,
        "avgMin": 24,
        "proj": 1.8,
        "lastAvgMin": 25.65,
        "oppOver": 0,
        "teamOver": 0,
        "gameLine": "-155",
        "+/-": "+28",
        "L5_+/-": "+10.0",
        "prevMatchup": "2023-10-17 4.0 sog",
        "winLossSplits": "48% - 58%",
        "awayHome": "H",
        "playedYesterday": "N",
        "awayHomeSplits": "39% - 65%",
        "savesAboveExp": 0.232,
        "gsaa": -1.32,
        "corsi": "49.6% (57.1) // 47.1% (50.6) // 51.1% (54.2) // 60.8% (65.0)",
        "fenwick": "49.1% (40.8) // 47.7% (37.4) // 50.6% (39.9) // 56.2% (41.0)",
        "shots": "48.3% (27.8) // 46.6% (25.4) // 47.6% (26.3) // 51.0% (26.0)",
        "scoring": "50.7% (28.9) // 50.1% (26.4) // 51.0% (25.6) // 57.8% (26.0)",
        "corsiAgainst": "50.4% (58.1) // 52.9% (56.8) // 48.9% (51.9) // 39.2% (42.0)",
        "fenwickAgainst": "50.9% (42.3) // 52.3% (41.0) // 49.4% (39.0) // 43.8% (32.0)",
        "shotsAgainst": "51.7% (29.8) // 53.4% (29.0) // 52.4% (28.9) // 49.0% (25.0)",
        "scoringAgainst": "49.3% (28.1) // 49.9% (26.3) // 49.0% (24.7) // 42.2% (19.0)",
        "oppCorsi": "49.8% (59.8) // 47.0% (56.5) // 49.0% (56.7) // 51.5% (64.6)",
        "oppFenwick": "52.0% (44.5) // 50.5% (44.4) // 52.4% (45.5) // 54.7% (53.5)",
        "oppShots": "53.5% (32.4) // 51.9% (31.9) // 51.5% (31.8) // 53.8% (39.7)",
        "oppScoring": "48.5% (27.3) // 44.8% (26.7) // 42.2% (24.2) // 45.6% (28.6)",
        "oppCorsiAgainst": "50.2% (60.4) // 53.0% (63.7) // 51.0% (58.9) // 48.5% (60.9)",
        "oppFenwickAgainst": "48.0% (41.1) // 49.5% (43.5) // 47.6% (41.4) // 45.3% (44.3)",
        "oppShotsAgainst": "46.5% (28.2) // 48.1% (29.6) // 48.5% (29.9) // 46.2% (34.2)",
        "oppScoringAgainst": "51.5% (29.0) // 55.2% (33.0) // 57.8% (33.1) // 54.4% (34.2)",
        "totalOver": 51,
        "totalOverLast5": 40,
        "totalOverLast15": 33,
        "lastTotalOver": 29,
        "last5": "3,1,2,1,3,2,1,0,1,4",
        "fd": "+110/-144",
        "dk": "+124/-160",
        "implied": 47.61904761904761,
        "overOdds": "+124",
        "underOdds": "-160",
        "overUnder": "+124 / -160"
    },
    {
        "player": "Sean Couturier",
        "team": "PHI",
        "opponent": "VAN",
        "propType": "sog",
        "line": 2.5,
        "ppLine": "PP1",
        "avg": 2.74,
        "hit": false,
        "diffAvg": 0.1,
        "diffAbs": 1.0,
        "lastAvg": 0,
        "diff": 0,
        "avgMin": 19,
        "proj": 0.0,
        "lastAvgMin": 0,
        "oppOver": 0,
        "teamOver": 0,
        "gameLine": "+130",
        "+/-": "+5",
        "L5_+/-": "+1.0",
        "prevMatchup": "2023-10-17 4.0 sog",
        "winLossSplits": "29% - 57%",
        "awayHome": "A",
        "playedYesterday": "N",
        "awayHomeSplits": "25% - 60%",
        "savesAboveExp": 0.063,
        "gsaa": 5.31,
        "corsi": "49.8% (59.8) // 47.0% (56.5) // 49.0% (56.7) // 51.5% (64.6)",
        "fenwick": "52.0% (44.5) // 50.5% (44.4) // 52.4% (45.5) // 54.7% (53.5)",
        "shots": "53.5% (32.4) // 51.9% (31.9) // 51.5% (31.8) // 53.8% (39.7)",
        "scoring": "48.5% (27.3) // 44.8% (26.7) // 42.2% (24.2) // 45.6% (28.6)",
        "corsiAgainst": "50.2% (60.4) // 53.0% (63.7) // 51.0% (58.9) // 48.5% (60.9)",
        "fenwickAgainst": "48.0% (41.1) // 49.5% (43.5) // 47.6% (41.4) // 45.3% (44.3)",
        "shotsAgainst": "46.5% (28.2) // 48.1% (29.6) // 48.5% (29.9) // 46.2% (34.2)",
        "scoringAgainst": "51.5% (29.0) // 55.2% (33.0) // 57.8% (33.1) // 54.4% (34.2)",
        "oppCorsi": "49.6% (57.1) // 47.1% (50.6) // 51.1% (54.2) // 60.8% (65.0)",
        "oppFenwick": "49.1% (40.8) // 47.7% (37.4) // 50.6% (39.9) // 56.2% (41.0)",
        "oppShots": "48.3% (27.8) // 46.6% (25.4) // 47.6% (26.3) // 51.0% (26.0)",
        "oppScoring": "50.7% (28.9) // 50.1% (26.4) // 51.0% (25.6) // 57.8% (26.0)",
        "oppCorsiAgainst": "50.4% (58.1) // 52.9% (56.8) // 48.9% (51.9) // 39.2% (42.0)",
        "oppFenwickAgainst": "50.9% (42.3) // 52.3% (41.0) // 49.4% (39.0) // 43.8% (32.0)",
        "oppShotsAgainst": "51.7% (29.8) // 53.4% (29.0) // 52.4% (28.9) // 49.0% (25.0)",
        "oppScoringAgainst": "49.3% (28.1) // 49.9% (26.3) // 49.0% (24.7) // 42.2% (19.0)",
        "totalOver": 42,
        "totalOverLast5": 60,
        "totalOverLast15": 60,
        "lastTotalOver": 0,
        "last5": "4,3,2,6,1,3,2,2,3,3",
        "fd": "-114/-114",
        "dk": "-130/+100",
        "implied": 56.52173913043478,
        "overOdds": "-130",
        "underOdds": "+100",
        "overUnder": "-130 / +100"
    },
    {
        "player": "Travis Konecny",
        "team": "PHI",
        "opponent": "VAN",
        "propType": "sog",
        "line": 3.5,
        "ppLine": "PP1",
        "avg": 3.27,
        "hit": false,
        "diffAvg": -0.07,
        "diffAbs": 0.14,
        "lastAvg": 3.18,
        "diff": -0.09,
        "avgMin": 19,
        "proj": 3.0,
        "lastAvgMin": 20.1,
        "oppOver": 0,
        "teamOver": 0,
        "gameLine": "+130",
        "+/-": "+9",
        "L5_+/-": "+1.0",
        "prevMatchup": "2023-10-17 1.0 sog",
        "winLossSplits": "50% - 33%",
        "awayHome": "A",
        "playedYesterday": "N",
        "awayHomeSplits": "29% - 56%",
        "savesAboveExp": 0.063,
        "gsaa": 5.31,
        "corsi": "49.8% (59.8) // 47.0% (56.5) // 49.0% (56.7) // 51.5% (64.6)",
        "fenwick": "52.0% (44.5) // 50.5% (44.4) // 52.4% (45.5) // 54.7% (53.5)",
        "shots": "53.5% (32.4) // 51.9% (31.9) // 51.5% (31.8) // 53.8% (39.7)",
        "scoring": "48.5% (27.3) // 44.8% (26.7) // 42.2% (24.2) // 45.6% (28.6)",
        "corsiAgainst": "50.2% (60.4) // 53.0% (63.7) // 51.0% (58.9) // 48.5% (60.9)",
        "fenwickAgainst": "48.0% (41.1) // 49.5% (43.5) // 47.6% (41.4) // 45.3% (44.3)",
        "shotsAgainst": "46.5% (28.2) // 48.1% (29.6) // 48.5% (29.9) // 46.2% (34.2)",
        "scoringAgainst": "51.5% (29.0) // 55.2% (33.0) // 57.8% (33.1) // 54.4% (34.2)",
        "oppCorsi": "49.6% (57.1) // 47.1% (50.6) // 51.1% (54.2) // 60.8% (65.0)",
        "oppFenwick": "49.1% (40.8) // 47.7% (37.4) // 50.6% (39.9) // 56.2% (41.0)",
        "oppShots": "48.3% (27.8) // 46.6% (25.4) // 47.6% (26.3) // 51.0% (26.0)",
        "oppScoring": "50.7% (28.9) // 50.1% (26.4) // 51.0% (25.6) // 57.8% (26.0)",
        "oppCorsiAgainst": "50.4% (58.1) // 52.9% (56.8) // 48.9% (51.9) // 39.2% (42.0)",
        "oppFenwickAgainst": "50.9% (42.3) // 52.3% (41.0) // 49.4% (39.0) // 43.8% (32.0)",
        "oppShotsAgainst": "51.7% (29.8) // 53.4% (29.0) // 52.4% (28.9) // 49.0% (25.0)",
        "oppScoringAgainst": "49.3% (28.1) // 49.9% (26.3) // 49.0% (24.7) // 42.2% (19.0)",
        "totalOver": 42,
        "totalOverLast5": 80,
        "totalOverLast15": 40,
        "lastTotalOver": 38,
        "last5": "4,6,1,4,6,3,5,3,4,2",
        "fd": "+125/-164",
        "dk": "+120/-150",
        "implied": 45.45454545454545,
        "overOdds": "+120",
        "underOdds": "-150",
        "overUnder": "+120 / -150"
    },
    {
        "player": "Tyson Foerster",
        "team": "PHI",
        "opponent": "VAN",
        "propType": "sog",
        "line": 2.5,
        "ppLine": "PP1",
        "avg": 2.22,
        "hit": false,
        "diffAvg": -0.11,
        "diffAbs": 1.0,
        "lastAvg": 0,
        "diff": 0,
        "avgMin": 17,
        "proj": 0.0,
        "lastAvgMin": 0,
        "oppOver": 0,
        "teamOver": 0,
        "gameLine": "+130",
        "+/-": "+4",
        "L5_+/-": -1.0,
        "prevMatchup": "2023-10-17 3.0 sog",
        "winLossSplits": "41% - 33%",
        "awayHome": "A",
        "playedYesterday": "N",
        "awayHomeSplits": "44% - 31%",
        "savesAboveExp": 0.063,
        "gsaa": 5.31,
        "corsi": "49.8% (59.8) // 47.0% (56.5) // 49.0% (56.7) // 51.5% (64.6)",
        "fenwick": "52.0% (44.5) // 50.5% (44.4) // 52.4% (45.5) // 54.7% (53.5)",
        "shots": "53.5% (32.4) // 51.9% (31.9) // 51.5% (31.8) // 53.8% (39.7)",
        "scoring": "48.5% (27.3) // 44.8% (26.7) // 42.2% (24.2) // 45.6% (28.6)",
        "corsiAgainst": "50.2% (60.4) // 53.0% (63.7) // 51.0% (58.9) // 48.5% (60.9)",
        "fenwickAgainst": "48.0% (41.1) // 49.5% (43.5) // 47.6% (41.4) // 45.3% (44.3)",
        "shotsAgainst": "46.5% (28.2) // 48.1% (29.6) // 48.5% (29.9) // 46.2% (34.2)",
        "scoringAgainst": "51.5% (29.0) // 55.2% (33.0) // 57.8% (33.1) // 54.4% (34.2)",
        "oppCorsi": "49.6% (57.1) // 47.1% (50.6) // 51.1% (54.2) // 60.8% (65.0)",
        "oppFenwick": "49.1% (40.8) // 47.7% (37.4) // 50.6% (39.9) // 56.2% (41.0)",
        "oppShots": "48.3% (27.8) // 46.6% (25.4) // 47.6% (26.3) // 51.0% (26.0)",
        "oppScoring": "50.7% (28.9) // 50.1% (26.4) // 51.0% (25.6) // 57.8% (26.0)",
        "oppCorsiAgainst": "50.4% (58.1) // 52.9% (56.8) // 48.9% (51.9) // 39.2% (42.0)",
        "oppFenwickAgainst": "50.9% (42.3) // 52.3% (41.0) // 49.4% (39.0) // 43.8% (32.0)",
        "oppShotsAgainst": "51.7% (29.8) // 53.4% (29.0) // 52.4% (28.9) // 49.0% (25.0)",
        "oppScoringAgainst": "49.3% (28.1) // 49.9% (26.3) // 49.0% (24.7) // 42.2% (19.0)",
        "totalOver": 38,
        "totalOverLast5": 60,
        "totalOverLast15": 47,
        "lastTotalOver": 38,
        "last5": "3,0,4,2,4,4,2,1,3,4",
        "fd": "+134/-176",
        "dk": "+130/-166",
        "implied": 43.47826086956522,
        "overOdds": "+130",
        "underOdds": "-166",
        "overUnder": "+130 / -166"
    },
    {
        "player": "Conor Garland",
        "team": "VAN",
        "opponent": "PHI",
        "propType": "sog",
        "line": 1.5,
        "ppLine": "PP2",
        "avg": 2.14,
        "hit": false,
        "diffAvg": 0.43,
        "diffAbs": 0.2,
        "lastAvg": 2.06,
        "diff": 0.37,
        "avgMin": 13,
        "proj": 1.8,
        "lastAvgMin": 15.1,
        "oppOver": 0,
        "teamOver": 0,
        "gameLine": "-155",
        "+/-": "+12",
        "L5_+/-": "+9.0",
        "prevMatchup": "2023-10-17 1.0 sog",
        "winLossSplits": "65% - 67%",
        "awayHome": "H",
        "playedYesterday": "N",
        "awayHomeSplits": "72% - 59%",
        "savesAboveExp": 0.232,
        "gsaa": -1.32,
        "corsi": "49.6% (57.1) // 47.1% (50.6) // 51.1% (54.2) // 60.8% (65.0)",
        "fenwick": "49.1% (40.8) // 47.7% (37.4) // 50.6% (39.9) // 56.2% (41.0)",
        "shots": "48.3% (27.8) // 46.6% (25.4) // 47.6% (26.3) // 51.0% (26.0)",
        "scoring": "50.7% (28.9) // 50.1% (26.4) // 51.0% (25.6) // 57.8% (26.0)",
        "corsiAgainst": "50.4% (58.1) // 52.9% (56.8) // 48.9% (51.9) // 39.2% (42.0)",
        "fenwickAgainst": "50.9% (42.3) // 52.3% (41.0) // 49.4% (39.0) // 43.8% (32.0)",
        "shotsAgainst": "51.7% (29.8) // 53.4% (29.0) // 52.4% (28.9) // 49.0% (25.0)",
        "scoringAgainst": "49.3% (28.1) // 49.9% (26.3) // 49.0% (24.7) // 42.2% (19.0)",
        "oppCorsi": "49.8% (59.8) // 47.0% (56.5) // 49.0% (56.7) // 51.5% (64.6)",
        "oppFenwick": "52.0% (44.5) // 50.5% (44.4) // 52.4% (45.5) // 54.7% (53.5)",
        "oppShots": "53.5% (32.4) // 51.9% (31.9) // 51.5% (31.8) // 53.8% (39.7)",
        "oppScoring": "48.5% (27.3) // 44.8% (26.7) // 42.2% (24.2) // 45.6% (28.6)",
        "oppCorsiAgainst": "50.2% (60.4) // 53.0% (63.7) // 51.0% (58.9) // 48.5% (60.9)",
        "oppFenwickAgainst": "48.0% (41.1) // 49.5% (43.5) // 47.6% (41.4) // 45.3% (44.3)",
        "oppShotsAgainst": "46.5% (28.2) // 48.1% (29.6) // 48.5% (29.9) // 46.2% (34.2)",
        "oppScoringAgainst": "51.5% (29.0) // 55.2% (33.0) // 57.8% (33.1) // 54.4% (34.2)",
        "totalOver": 66,
        "totalOverLast5": 60,
        "totalOverLast15": 73,
        "lastTotalOver": 55,
        "last5": "0,2,2,1,4,2,3,3,2,1",
        "fd": "-215",
        "dk": "-175/+135",
        "implied": 68.25396825396825,
        "overOdds": "-175",
        "underOdds": "+135",
        "overUnder": "-175 / +135"
    },
    {
        "player": "Adrian Kempe",
        "team": "LA",
        "opponent": "VGK",
        "propType": "sog",
        "line": 2.5,
        "ppLine": "PP1",
        "avg": 3.29,
        "hit": false,
        "diffAvg": 0.32,
        "diffAbs": 0.08,
        "lastAvg": 2.84,
        "diff": 0.14,
        "avgMin": 18,
        "proj": 2.7,
        "lastAvgMin": 18.75,
        "oppOver": 0,
        "teamOver": 0,
        "gameLine": "-112",
        "+/-": "+16",
        "L5_+/-": "+2.0",
        "prevMatchup": "2023-11-08 6.0 sog 2023-10-28 2.0 sog",
        "winLossSplits": "50% - 64%",
        "awayHome": "A",
        "playedYesterday": "Y",
        "awayHomeSplits": "53% - 56%",
        "savesAboveExp": "-",
        "gsaa": "-",
        "corsi": "55.5% (67.3) // 55.5% (70.4) // 56.6% (76.2) // 55.2% (79.0)",
        "fenwick": "56.1% (49.1) // 57.4% (53.3) // 60.6% (57.8) // 58.2% (56.5)",
        "shots": "56.3% (33.9) // 58.9% (37.0) // 60.7% (39.8) // 57.5% (38.5)",
        "scoring": "55.7% (31.8) // 55.3% (31.5) // 59.8% (36.5) // 65.9% (44.5)",
        "corsiAgainst": "44.5% (53.9) // 44.5% (56.4) // 43.4% (58.5) // 44.8% (64.0)",
        "fenwickAgainst": "43.9% (38.5) // 42.6% (39.6) // 39.4% (37.5) // 41.8% (40.5)",
        "shotsAgainst": "43.7% (26.3) // 41.1% (25.9) // 39.3% (25.8) // 42.5% (28.5)",
        "scoringAgainst": "44.3% (25.3) // 44.7% (25.5) // 40.2% (24.5) // 34.1% (23.0)",
        "oppCorsi": "49.4% (60.4) // 50.3% (61.7) // 46.6% (59.2) // 49.4% (62.0)",
        "oppFenwick": "50.3% (43.5) // 50.5% (45.1) // 45.5% (42.5) // 46.4% (41.5)",
        "oppShots": "51.9% (31.8) // 51.5% (32.9) // 46.4% (31.0) // 45.6% (28.5)",
        "oppScoring": "51.6% (30.1) // 52.9% (31.2) // 44.2% (25.8) // 47.3% (26.0)",
        "oppCorsiAgainst": "50.6% (61.8) // 49.7% (61.0) // 53.4% (68.0) // 50.6% (63.5)",
        "oppFenwickAgainst": "49.7% (43.0) // 49.5% (44.1) // 54.5% (51.0) // 53.6% (48.0)",
        "oppShotsAgainst": "48.1% (29.4) // 48.5% (31.0) // 53.6% (35.8) // 54.4% (34.0)",
        "oppScoringAgainst": "48.4% (28.2) // 47.1% (27.8) // 55.8% (32.5) // 52.7% (29.0)",
        "totalOver": 55,
        "totalOverLast5": 60,
        "totalOverLast15": 47,
        "lastTotalOver": 55,
        "last5": "4,4,5,2,1,2,2,5,3,2",
        "fd": "-152/+116",
        "dk": "-175/+135",
        "implied": 63.63636363636363,
        "overOdds": "-175",
        "underOdds": "+135",
        "overUnder": "-175 / +135"
    },
    {
        "player": "Alex Pietrangelo",
        "team": "VGK",
        "opponent": "LA",
        "propType": "sog",
        "line": 2.5,
        "ppLine": "PP1",
        "avg": 2.35,
        "hit": false,
        "diffAvg": -0.06,
        "diffAbs": 0.28,
        "lastAvg": 1.81,
        "diff": -0.28,
        "avgMin": 24,
        "proj": 1.8,
        "lastAvgMin": 23.97,
        "oppOver": 0,
        "teamOver": 0,
        "gameLine": "-108",
        "+/-": -2,
        "L5_+/-": -8.0,
        "prevMatchup": "2023-11-08 5.0 sog 2023-10-28 3.0 sog",
        "winLossSplits": "62% - 33%",
        "awayHome": "H",
        "playedYesterday": "Y",
        "awayHomeSplits": "41% - 57%",
        "savesAboveExp": 0.136,
        "gsaa": 13.58,
        "corsi": "49.4% (60.4) // 50.3% (61.7) // 46.6% (59.2) // 49.4% (62.0)",
        "fenwick": "50.3% (43.5) // 50.5% (45.1) // 45.5% (42.5) // 46.4% (41.5)",
        "shots": "51.9% (31.8) // 51.5% (32.9) // 46.4% (31.0) // 45.6% (28.5)",
        "scoring": "51.6% (30.1) // 52.9% (31.2) // 44.2% (25.8) // 47.3% (26.0)",
        "corsiAgainst": "50.6% (61.8) // 49.7% (61.0) // 53.4% (68.0) // 50.6% (63.5)",
        "fenwickAgainst": "49.7% (43.0) // 49.5% (44.1) // 54.5% (51.0) // 53.6% (48.0)",
        "shotsAgainst": "48.1% (29.4) // 48.5% (31.0) // 53.6% (35.8) // 54.4% (34.0)",
        "scoringAgainst": "48.4% (28.2) // 47.1% (27.8) // 55.8% (32.5) // 52.7% (29.0)",
        "oppCorsi": "55.5% (67.3) // 55.5% (70.4) // 56.6% (76.2) // 55.2% (79.0)",
        "oppFenwick": "56.1% (49.1) // 57.4% (53.3) // 60.6% (57.8) // 58.2% (56.5)",
        "oppShots": "56.3% (33.9) // 58.9% (37.0) // 60.7% (39.8) // 57.5% (38.5)",
        "oppScoring": "55.7% (31.8) // 55.3% (31.5) // 59.8% (36.5) // 65.9% (44.5)",
        "oppCorsiAgainst": "44.5% (53.9) // 44.5% (56.4) // 43.4% (58.5) // 44.8% (64.0)",
        "oppFenwickAgainst": "43.9% (38.5) // 42.6% (39.6) // 39.4% (37.5) // 41.8% (40.5)",
        "oppShotsAgainst": "43.7% (26.3) // 41.1% (25.9) // 39.3% (25.8) // 42.5% (28.5)",
        "oppScoringAgainst": "44.3% (25.3) // 44.7% (25.5) // 40.2% (24.5) // 34.1% (23.0)",
        "totalOver": 48,
        "totalOverLast5": 60,
        "totalOverLast15": 47,
        "lastTotalOver": 40,
        "last5": "1,2,3,3,3,1,4,0,1,3",
        "fd": "+122/-160",
        "dk": "+130/-166",
        "implied": 45.04504504504504,
        "overOdds": "+130",
        "underOdds": "-166",
        "overUnder": "+130 / -166"
    },
    {
        "player": "Anze Kopitar",
        "team": "LA",
        "opponent": "VGK",
        "propType": "sog",
        "line": 1.5,
        "ppLine": "PP1",
        "avg": 1.94,
        "hit": false,
        "diffAvg": 0.29,
        "diffAbs": 0.2,
        "lastAvg": 1.92,
        "diff": 0.28,
        "avgMin": 19,
        "proj": 1.8,
        "lastAvgMin": 20.3,
        "oppOver": 0,
        "teamOver": 0,
        "gameLine": "-112",
        "+/-": "+15",
        "L5_+/-": "+2.0",
        "prevMatchup": "2023-11-08 5.0 sog 2023-10-28 2.0 sog",
        "winLossSplits": "60% - 73%",
        "awayHome": "A",
        "playedYesterday": "Y",
        "awayHomeSplits": "60% - 69%",
        "savesAboveExp": "-",
        "gsaa": "-",
        "corsi": "55.5% (67.3) // 55.5% (70.4) // 56.6% (76.2) // 55.2% (79.0)",
        "fenwick": "56.1% (49.1) // 57.4% (53.3) // 60.6% (57.8) // 58.2% (56.5)",
        "shots": "56.3% (33.9) // 58.9% (37.0) // 60.7% (39.8) // 57.5% (38.5)",
        "scoring": "55.7% (31.8) // 55.3% (31.5) // 59.8% (36.5) // 65.9% (44.5)",
        "corsiAgainst": "44.5% (53.9) // 44.5% (56.4) // 43.4% (58.5) // 44.8% (64.0)",
        "fenwickAgainst": "43.9% (38.5) // 42.6% (39.6) // 39.4% (37.5) // 41.8% (40.5)",
        "shotsAgainst": "43.7% (26.3) // 41.1% (25.9) // 39.3% (25.8) // 42.5% (28.5)",
        "scoringAgainst": "44.3% (25.3) // 44.7% (25.5) // 40.2% (24.5) // 34.1% (23.0)",
        "oppCorsi": "49.4% (60.4) // 50.3% (61.7) // 46.6% (59.2) // 49.4% (62.0)",
        "oppFenwick": "50.3% (43.5) // 50.5% (45.1) // 45.5% (42.5) // 46.4% (41.5)",
        "oppShots": "51.9% (31.8) // 51.5% (32.9) // 46.4% (31.0) // 45.6% (28.5)",
        "oppScoring": "51.6% (30.1) // 52.9% (31.2) // 44.2% (25.8) // 47.3% (26.0)",
        "oppCorsiAgainst": "50.6% (61.8) // 49.7% (61.0) // 53.4% (68.0) // 50.6% (63.5)",
        "oppFenwickAgainst": "49.7% (43.0) // 49.5% (44.1) // 54.5% (51.0) // 53.6% (48.0)",
        "oppShotsAgainst": "48.1% (29.4) // 48.5% (31.0) // 53.6% (35.8) // 54.4% (34.0)",
        "oppScoringAgainst": "48.4% (28.2) // 47.1% (27.8) // 55.8% (32.5) // 52.7% (29.0)",
        "totalOver": 65,
        "totalOverLast5": 40,
        "totalOverLast15": 47,
        "lastTotalOver": 47,
        "last5": "1,1,2,1,2,1,0,2,3,2",
        "fd": "-156/+122",
        "dk": "-140/+110",
        "implied": 60.9375,
        "overOdds": "-140",
        "underOdds": "+110",
        "overUnder": "-140 / +110"
    },
    {
        "player": "Arthur Kaliyev",
        "team": "LA",
        "opponent": "VGK",
        "propType": "sog",
        "line": 2.5,
        "ppLine": "PP2",
        "avg": 2.21,
        "hit": false,
        "diffAvg": -0.12,
        "diffAbs": 0.08,
        "lastAvg": 2.1,
        "diff": -0.16,
        "avgMin": 13,
        "proj": 2.3,
        "lastAvgMin": 11.67,
        "oppOver": 0,
        "teamOver": 0,
        "gameLine": "-112",
        "+/-": "+7",
        "L5_+/-": 0.0,
        "prevMatchup": "2023-11-08 2.0 sog 2023-10-28 3.0 sog",
