[
    {
        "player": "Connor Bedard",
        "team": "CHI",
        "opponent": "NJ",
        "propType": "sog",
        "line": 2.5,
        "ppLine": "PP1",
        "avg": 3.11,
        "hit": false,
        "diffAvg": 0.24,
        "diffAbs": 1.0,
        "lastAvg": 0,
        "diff": 0,
        "avgMin": 19,
        "proj": 0.0,
        "lastAvgMin": 0,
        "oppOver": 0,
        "teamOver": 0,
        "gameLine": "+340",
        "+/-": -22,
        "L5_+/-": -8.0,
        "prevMatchup": "2023-11-05 4.0 sog",
        "winLossSplits": "73% - 59%",
        "awayHome": "A",
        "playedYesterday": "Y",
        "awayHomeSplits": "67% - 59%",
        "savesAboveExp": 0.109,
        "gsaa": -12.36,
        "corsi": "44.3% (51.5) // 41.7% (48.2) // 40.5% (49.2) // 40.9% (48.3)",
        "fenwick": "44.1% (36.9) // 41.7% (35.1) // 39.7% (34.8) // 38.7% (32.7)",
        "shots": "44.2% (26.1) // 40.4% (23.1) // 39.9% (23.6) // 38.1% (22.3)",
        "scoring": "43.0% (24.7) // 38.9% (20.6) // 38.0% (21.9) // 39.4% (23.0)",
        "corsiAgainst": "55.7% (64.6) // 58.3% (67.5) // 59.5% (72.3) // 59.1% (70.0)",
        "fenwickAgainst": "55.9% (46.7) // 58.3% (49.0) // 60.3% (52.7) // 61.3% (51.7)",
        "shotsAgainst": "55.8% (32.9) // 59.6% (34.1) // 60.1% (35.6) // 61.9% (36.3)",
        "scoringAgainst": "57.0% (32.7) // 61.1% (32.3) // 62.0% (35.8) // 60.6% (35.3)",
        "oppCorsi": "54.5% (64.2) // 53.1% (61.1) // 53.4% (62.2) // 53.7% (58.5)",
        "oppFenwick": "52.5% (44.6) // 51.7% (42.6) // 52.1% (42.6) // 51.2% (41.5)",
        "oppShots": "52.2% (31.4) // 52.5% (30.4) // 52.7% (31.2) // 51.7% (30.5)",
        "oppScoring": "55.0% (31.2) // 54.2% (28.6) // 53.8% (28.2) // 51.0% (24.5)",
        "oppCorsiAgainst": "45.5% (53.6) // 46.9% (53.9) // 46.6% (54.3) // 46.3% (50.5)",
        "oppFenwickAgainst": "47.5% (40.4) // 48.3% (39.7) // 47.9% (39.1) // 48.8% (39.5)",
        "oppShotsAgainst": "47.8% (28.8) // 47.5% (27.5) // 47.3% (28.0) // 48.3% (28.5)",
        "oppScoringAgainst": "45.0% (25.5) // 45.8% (24.2) // 46.2% (24.3) // 49.0% (23.5)",
        "totalOver": 63,
        "totalOverLast5": 60,
        "totalOverLast15": 60,
        "lastTotalOver": 0,
        "last5": "3,0,2,3,5,2,3,6,5,3",
        "fd": "-146/+112",
        "dk": "-150/+120",
        "kambi": "-165/125",
        "lowest": "-146 FD",
        "implied": 59.34959349593496,
        "overOdds": "-150",
        "underOdds": "+120",
        "overUnder": "-150 / +120"
    },
    {
        "player": "Dawson Mercer",
        "team": "NJ",
        "opponent": "CHI",
        "propType": "sog",
        "line": 2.5,
        "ppLine": "PP2",
        "avg": 1.75,
        "hit": false,
        "diffAvg": -0.3,
        "diffAbs": 0.28,
        "lastAvg": 1.71,
        "diff": -0.32,
        "avgMin": 17,
        "proj": 1.8,
        "lastAvgMin": 16.55,
        "oppOver": 0,
        "teamOver": 0,
        "gameLine": "-440",
        "+/-": -3,
        "L5_+/-": "+5.0",
        "prevMatchup": "2023-11-05 4.0 sog",
        "winLossSplits": "25% - 31%",
        "awayHome": "H",
        "playedYesterday": "N",
        "awayHomeSplits": "28% - 28%",
        "savesAboveExp": -0.269,
        "gsaa": -14.19,
        "corsi": "54.5% (64.2) // 53.1% (61.1) // 53.4% (62.2) // 53.7% (58.5)",
        "fenwick": "52.5% (44.6) // 51.7% (42.6) // 52.1% (42.6) // 51.2% (41.5)",
        "shots": "52.2% (31.4) // 52.5% (30.4) // 52.7% (31.2) // 51.7% (30.5)",
        "scoring": "55.0% (31.2) // 54.2% (28.6) // 53.8% (28.2) // 51.0% (24.5)",
        "corsiAgainst": "45.5% (53.6) // 46.9% (53.9) // 46.6% (54.3) // 46.3% (50.5)",
        "fenwickAgainst": "47.5% (40.4) // 48.3% (39.7) // 47.9% (39.1) // 48.8% (39.5)",
        "shotsAgainst": "47.8% (28.8) // 47.5% (27.5) // 47.3% (28.0) // 48.3% (28.5)",
        "scoringAgainst": "45.0% (25.5) // 45.8% (24.2) // 46.2% (24.3) // 49.0% (23.5)",
        "oppCorsi": "44.3% (51.5) // 41.7% (48.2) // 40.5% (49.2) // 40.9% (48.3)",
        "oppFenwick": "44.1% (36.9) // 41.7% (35.1) // 39.7% (34.8) // 38.7% (32.7)",
        "oppShots": "44.2% (26.1) // 40.4% (23.1) // 39.9% (23.6) // 38.1% (22.3)",
        "oppScoring": "43.0% (24.7) // 38.9% (20.6) // 38.0% (21.9) // 39.4% (23.0)",
        "oppCorsiAgainst": "55.7% (64.6) // 58.3% (67.5) // 59.5% (72.3) // 59.1% (70.0)",
        "oppFenwickAgainst": "55.9% (46.7) // 58.3% (49.0) // 60.3% (52.7) // 61.3% (51.7)",
        "oppShotsAgainst": "55.8% (32.9) // 59.6% (34.1) // 60.1% (35.6) // 61.9% (36.3)",
        "oppScoringAgainst": "57.0% (32.7) // 61.1% (32.3) // 62.0% (35.8) // 60.6% (35.3)",
        "totalOver": 28,
        "totalOverLast5": 60,
        "totalOverLast15": 27,
        "lastTotalOver": 33,
        "last5": "3,2,1,3,3,1,1,1,0,2",
        "fd": "+130/-170",
        "dk": "+135/-175",
        "kambi": "0",
        "lowest": "135 DK",
        "implied": 42.5531914893617,
        "overOdds": "+135",
        "underOdds": "-175",
        "overUnder": "+135 / -175"
    },
    {
        "player": "Erik Haula",
        "team": "NJ",
        "opponent": "CHI",
        "propType": "sog",
        "line": 1.5,
        "ppLine": "PP2",
        "avg": 2.0,
        "hit": false,
        "diffAvg": 0.33,
        "diffAbs": 0.07,
        "lastAvg": 1.78,
        "diff": 0.19,
        "avgMin": 15,
        "proj": 1.6,
        "lastAvgMin": 16.62,
        "oppOver": 0,
        "teamOver": 0,
        "gameLine": "-440",
        "+/-": -2,
        "L5_+/-": -2.0,
        "prevMatchup": "2023-11-05 1.0 sog",
        "winLossSplits": "65% - 36%",
        "awayHome": "H",
        "playedYesterday": "N",
        "awayHomeSplits": "53% - 50%",
        "savesAboveExp": -0.269,
        "gsaa": -14.19,
        "corsi": "54.5% (64.2) // 53.1% (61.1) // 53.4% (62.2) // 53.7% (58.5)",
        "fenwick": "52.5% (44.6) // 51.7% (42.6) // 52.1% (42.6) // 51.2% (41.5)",
        "shots": "52.2% (31.4) // 52.5% (30.4) // 52.7% (31.2) // 51.7% (30.5)",
        "scoring": "55.0% (31.2) // 54.2% (28.6) // 53.8% (28.2) // 51.0% (24.5)",
        "corsiAgainst": "45.5% (53.6) // 46.9% (53.9) // 46.6% (54.3) // 46.3% (50.5)",
        "fenwickAgainst": "47.5% (40.4) // 48.3% (39.7) // 47.9% (39.1) // 48.8% (39.5)",
        "shotsAgainst": "47.8% (28.8) // 47.5% (27.5) // 47.3% (28.0) // 48.3% (28.5)",
        "scoringAgainst": "45.0% (25.5) // 45.8% (24.2) // 46.2% (24.3) // 49.0% (23.5)",
        "oppCorsi": "44.3% (51.5) // 41.7% (48.2) // 40.5% (49.2) // 40.9% (48.3)",
        "oppFenwick": "44.1% (36.9) // 41.7% (35.1) // 39.7% (34.8) // 38.7% (32.7)",
        "oppShots": "44.2% (26.1) // 40.4% (23.1) // 39.9% (23.6) // 38.1% (22.3)",
        "oppScoring": "43.0% (24.7) // 38.9% (20.6) // 38.0% (21.9) // 39.4% (23.0)",
        "oppCorsiAgainst": "55.7% (64.6) // 58.3% (67.5) // 59.5% (72.3) // 59.1% (70.0)",
        "oppFenwickAgainst": "55.9% (46.7) // 58.3% (49.0) // 60.3% (52.7) // 61.3% (51.7)",
        "oppShotsAgainst": "55.8% (32.9) // 59.6% (34.1) // 60.1% (35.6) // 61.9% (36.3)",
        "oppScoringAgainst": "57.0% (32.7) // 61.1% (32.3) // 62.0% (35.8) // 60.6% (35.3)",
        "totalOver": 52,
        "totalOverLast5": 60,
        "totalOverLast15": 53,
        "lastTotalOver": 61,
        "last5": "4,3,1,2,1,0,2,1,3,5",
        "fd": "-215",
        "dk": "-195/+150",
        "kambi": "0",
        "lowest": "-195 DK",
        "implied": 66.10169491525424,
        "overOdds": "-195",
        "underOdds": "+150",
        "overUnder": "-195 / +150"
    },
    {
        "player": "Jack Hughes",
        "team": "NJ",
        "opponent": "CHI",
        "propType": "sog",
        "line": 4.5,
        "ppLine": "PP1",
        "avg": 4.39,
        "hit": false,
        "diffAvg": -0.02,
        "diffAbs": 0.18,
        "lastAvg": 3.69,
        "diff": -0.18,
        "avgMin": 20,
        "proj": 3.7,
        "lastAvgMin": 19.95,
        "oppOver": 0,
        "teamOver": 0,
        "gameLine": "-440",
        "+/-": -4,
        "L5_+/-": -3.0,
        "prevMatchup": "",
        "winLossSplits": "39% - 46%",
        "awayHome": "H",
        "playedYesterday": "N",
        "awayHomeSplits": "36% - 47%",
        "savesAboveExp": -0.269,
        "gsaa": -14.19,
        "corsi": "54.5% (64.2) // 53.1% (61.1) // 53.4% (62.2) // 53.7% (58.5)",
        "fenwick": "52.5% (44.6) // 51.7% (42.6) // 52.1% (42.6) // 51.2% (41.5)",
        "shots": "52.2% (31.4) // 52.5% (30.4) // 52.7% (31.2) // 51.7% (30.5)",
        "scoring": "55.0% (31.2) // 54.2% (28.6) // 53.8% (28.2) // 51.0% (24.5)",
        "corsiAgainst": "45.5% (53.6) // 46.9% (53.9) // 46.6% (54.3) // 46.3% (50.5)",
        "fenwickAgainst": "47.5% (40.4) // 48.3% (39.7) // 47.9% (39.1) // 48.8% (39.5)",
        "shotsAgainst": "47.8% (28.8) // 47.5% (27.5) // 47.3% (28.0) // 48.3% (28.5)",
        "scoringAgainst": "45.0% (25.5) // 45.8% (24.2) // 46.2% (24.3) // 49.0% (23.5)",
        "oppCorsi": "44.3% (51.5) // 41.7% (48.2) // 40.5% (49.2) // 40.9% (48.3)",
        "oppFenwick": "44.1% (36.9) // 41.7% (35.1) // 39.7% (34.8) // 38.7% (32.7)",
        "oppShots": "44.2% (26.1) // 40.4% (23.1) // 39.9% (23.6) // 38.1% (22.3)",
        "oppScoring": "43.0% (24.7) // 38.9% (20.6) // 38.0% (21.9) // 39.4% (23.0)",
        "oppCorsiAgainst": "55.7% (64.6) // 58.3% (67.5) // 59.5% (72.3) // 59.1% (70.0)",
        "oppFenwickAgainst": "55.9% (46.7) // 58.3% (49.0) // 60.3% (52.7) // 61.3% (51.7)",
        "oppShotsAgainst": "55.8% (32.9) // 59.6% (34.1) // 60.1% (35.6) // 61.9% (36.3)",
        "oppScoringAgainst": "57.0% (32.7) // 61.1% (32.3) // 62.0% (35.8) // 60.6% (35.3)",
        "totalOver": 42,
        "totalOverLast5": 20,
        "totalOverLast15": 27,
        "lastTotalOver": 42,
        "last5": "1,4,3,8,2,3,1,4,3,4",
        "fd": "+125/-164",
        "dk": "+124/-160",
        "kambi": "107/-139",
        "lowest": "125 FD",
        "implied": 44.44444444444444,
        "overOdds": "+124",
        "underOdds": "-160",
        "overUnder": "+124 / -160"
    },
    {
        "player": "Jesper Bratt",
        "team": "NJ",
        "opponent": "CHI",
        "propType": "sog",
        "line": 2.5,
        "ppLine": "PP1",
        "avg": 2.69,
        "hit": false,
        "diffAvg": 0.08,
        "diffAbs": 0.08,
        "lastAvg": 2.26,
        "diff": -0.1,
        "avgMin": 18,
        "proj": 2.3,
        "lastAvgMin": 17.37,
        "oppOver": 0,
        "teamOver": 0,
        "gameLine": "-440",
        "+/-": -2,
        "L5_+/-": 0.0,
        "prevMatchup": "2023-11-05 1.0 sog",
        "winLossSplits": "55% - 50%",
        "awayHome": "H",
        "playedYesterday": "N",
        "awayHomeSplits": "50% - 56%",
        "savesAboveExp": -0.269,
        "gsaa": -14.19,
        "corsi": "54.5% (64.2) // 53.1% (61.1) // 53.4% (62.2) // 53.7% (58.5)",
        "fenwick": "52.5% (44.6) // 51.7% (42.6) // 52.1% (42.6) // 51.2% (41.5)",
        "shots": "52.2% (31.4) // 52.5% (30.4) // 52.7% (31.2) // 51.7% (30.5)",
        "scoring": "55.0% (31.2) // 54.2% (28.6) // 53.8% (28.2) // 51.0% (24.5)",
        "corsiAgainst": "45.5% (53.6) // 46.9% (53.9) // 46.6% (54.3) // 46.3% (50.5)",
        "fenwickAgainst": "47.5% (40.4) // 48.3% (39.7) // 47.9% (39.1) // 48.8% (39.5)",
        "shotsAgainst": "47.8% (28.8) // 47.5% (27.5) // 47.3% (28.0) // 48.3% (28.5)",
        "scoringAgainst": "45.0% (25.5) // 45.8% (24.2) // 46.2% (24.3) // 49.0% (23.5)",
        "oppCorsi": "44.3% (51.5) // 41.7% (48.2) // 40.5% (49.2) // 40.9% (48.3)",
        "oppFenwick": "44.1% (36.9) // 41.7% (35.1) // 39.7% (34.8) // 38.7% (32.7)",
        "oppShots": "44.2% (26.1) // 40.4% (23.1) // 39.9% (23.6) // 38.1% (22.3)",
        "oppScoring": "43.0% (24.7) // 38.9% (20.6) // 38.0% (21.9) // 39.4% (23.0)",
        "oppCorsiAgainst": "55.7% (64.6) // 58.3% (67.5) // 59.5% (72.3) // 59.1% (70.0)",
        "oppFenwickAgainst": "55.9% (46.7) // 58.3% (49.0) // 60.3% (52.7) // 61.3% (51.7)",
        "oppShotsAgainst": "55.8% (32.9) // 59.6% (34.1) // 60.1% (35.6) // 61.9% (36.3)",
        "oppScoringAgainst": "57.0% (32.7) // 61.1% (32.3) // 62.0% (35.8) // 60.6% (35.3)",
        "totalOver": 53,
        "totalOverLast5": 80,
        "totalOverLast15": 67,
        "lastTotalOver": 42,
        "last5": "4,4,3,2,3,3,2,2,3,5",
        "fd": "-184/+140",
        "dk": "-175/+135",
        "kambi": "-167/128",
        "lowest": "-167 BR",
        "implied": 62.546816479400746,
        "overOdds": "-175",
        "underOdds": "+135",
        "overUnder": "-175 / +135"
    },
    {
        "player": "Luke Hughes",
        "team": "NJ",
        "opponent": "CHI",
        "propType": "sog",
        "line": 1.5,
        "ppLine": "PP1",
        "avg": 1.56,
        "hit": false,
        "diffAvg": 0.04,
        "diffAbs": 1.0,
        "lastAvg": 0,
        "diff": 0,
        "avgMin": 19,
        "proj": 0.0,
        "lastAvgMin": 0,
        "oppOver": 0,
        "teamOver": 0,
        "gameLine": "-440",
        "+/-": -3,
        "L5_+/-": -2.0,
        "prevMatchup": "2023-11-05 2.0 sog",
        "winLossSplits": "45% - 38%",
        "awayHome": "H",
        "playedYesterday": "N",
        "awayHomeSplits": "33% - 50%",
        "savesAboveExp": -0.269,
        "gsaa": -14.19,
        "corsi": "54.5% (64.2) // 53.1% (61.1) // 53.4% (62.2) // 53.7% (58.5)",
        "fenwick": "52.5% (44.6) // 51.7% (42.6) // 52.1% (42.6) // 51.2% (41.5)",
        "shots": "52.2% (31.4) // 52.5% (30.4) // 52.7% (31.2) // 51.7% (30.5)",
        "scoring": "55.0% (31.2) // 54.2% (28.6) // 53.8% (28.2) // 51.0% (24.5)",
        "corsiAgainst": "45.5% (53.6) // 46.9% (53.9) // 46.6% (54.3) // 46.3% (50.5)",
        "fenwickAgainst": "47.5% (40.4) // 48.3% (39.7) // 47.9% (39.1) // 48.8% (39.5)",
        "shotsAgainst": "47.8% (28.8) // 47.5% (27.5) // 47.3% (28.0) // 48.3% (28.5)",
        "scoringAgainst": "45.0% (25.5) // 45.8% (24.2) // 46.2% (24.3) // 49.0% (23.5)",
        "oppCorsi": "44.3% (51.5) // 41.7% (48.2) // 40.5% (49.2) // 40.9% (48.3)",
        "oppFenwick": "44.1% (36.9) // 41.7% (35.1) // 39.7% (34.8) // 38.7% (32.7)",
        "oppShots": "44.2% (26.1) // 40.4% (23.1) // 39.9% (23.6) // 38.1% (22.3)",
        "oppScoring": "43.0% (24.7) // 38.9% (20.6) // 38.0% (21.9) // 39.4% (23.0)",
        "oppCorsiAgainst": "55.7% (64.6) // 58.3% (67.5) // 59.5% (72.3) // 59.1% (70.0)",
        "oppFenwickAgainst": "55.9% (46.7) // 58.3% (49.0) // 60.3% (52.7) // 61.3% (51.7)",
        "oppShotsAgainst": "55.8% (32.9) // 59.6% (34.1) // 60.1% (35.6) // 61.9% (36.3)",
        "oppScoringAgainst": "57.0% (32.7) // 61.1% (32.3) // 62.0% (35.8) // 60.6% (35.3)",
        "totalOver": 42,
        "totalOverLast5": 80,
        "totalOverLast15": 40,
        "lastTotalOver": 40,
        "last5": "0,3,2,3,3,0,1,3,1,1",
        "fd": "-178/+136",
        "dk": "-175/+135",
        "kambi": "0",
        "lowest": "-175 DK",
        "implied": 63.63636363636363,
        "overOdds": "-175",
        "underOdds": "+135",
        "overUnder": "-175 / +135"
    },
    {
        "player": "Nick Foligno",
        "team": "CHI",
        "opponent": "NJ",
        "propType": "sog",
        "line": 1.5,
        "ppLine": "PP1",
        "avg": 1.92,
        "hit": false,
        "diffAvg": 0.28,
        "diffAbs": 0.0,
        "lastAvg": 1.08,
        "diff": -0.28,
        "avgMin": 17,
        "proj": 1.5,
        "lastAvgMin": 12.35,
        "oppOver": 0,
        "teamOver": 0,
        "gameLine": "+340",
        "+/-": -4,
        "L5_+/-": -7.0,
        "prevMatchup": "2023-11-05 2.0 sog",
        "winLossSplits": "55% - 63%",
        "awayHome": "A",
        "playedYesterday": "Y",
        "awayHomeSplits": "62% - 59%",
        "savesAboveExp": 0.109,
        "gsaa": -12.36,
        "corsi": "44.3% (51.5) // 41.7% (48.2) // 40.5% (49.2) // 40.9% (48.3)",
        "fenwick": "44.1% (36.9) // 41.7% (35.1) // 39.7% (34.8) // 38.7% (32.7)",
        "shots": "44.2% (26.1) // 40.4% (23.1) // 39.9% (23.6) // 38.1% (22.3)",
        "scoring": "43.0% (24.7) // 38.9% (20.6) // 38.0% (21.9) // 39.4% (23.0)",
        "corsiAgainst": "55.7% (64.6) // 58.3% (67.5) // 59.5% (72.3) // 59.1% (70.0)",
        "fenwickAgainst": "55.9% (46.7) // 58.3% (49.0) // 60.3% (52.7) // 61.3% (51.7)",
        "shotsAgainst": "55.8% (32.9) // 59.6% (34.1) // 60.1% (35.6) // 61.9% (36.3)",
        "scoringAgainst": "57.0% (32.7) // 61.1% (32.3) // 62.0% (35.8) // 60.6% (35.3)",
        "oppCorsi": "54.5% (64.2) // 53.1% (61.1) // 53.4% (62.2) // 53.7% (58.5)",
        "oppFenwick": "52.5% (44.6) // 51.7% (42.6) // 52.1% (42.6) // 51.2% (41.5)",
        "oppShots": "52.2% (31.4) // 52.5% (30.4) // 52.7% (31.2) // 51.7% (30.5)",
        "oppScoring": "55.0% (31.2) // 54.2% (28.6) // 53.8% (28.2) // 51.0% (24.5)",
        "oppCorsiAgainst": "45.5% (53.6) // 46.9% (53.9) // 46.6% (54.3) // 46.3% (50.5)",
        "oppFenwickAgainst": "47.5% (40.4) // 48.3% (39.7) // 47.9% (39.1) // 48.8% (39.5)",
        "oppShotsAgainst": "47.8% (28.8) // 47.5% (27.5) // 47.3% (28.0) // 48.3% (28.5)",
        "oppScoringAgainst": "45.0% (25.5) // 45.8% (24.2) // 46.2% (24.3) // 49.0% (23.5)",
        "totalOver": 61,
        "totalOverLast5": 40,
        "totalOverLast15": 60,
        "lastTotalOver": 39,
        "last5": "2,1,3,1,0,2,2,0,4,3",
        "fd": "-122/-106",
        "dk": "-110/-120",
        "kambi": "100/-130",
        "lowest": "100 BR",
        "implied": 50.0,
        "overOdds": "-110",
        "underOdds": "-120",
        "overUnder": "-110 / -120"
    },
    {
        "player": "Nico Hischier",
        "team": "NJ",
        "opponent": "CHI",
        "propType": "sog",
        "line": 2.5,
        "ppLine": "PP1",
        "avg": 2.0,
        "hit": false,
        "diffAvg": -0.2,
        "diffAbs": 0.04,
        "lastAvg": 2.75,
        "diff": 0.1,
        "avgMin": 17,
        "proj": 2.4,
        "lastAvgMin": 19.28,
        "oppOver": 0,
        "teamOver": 0,
        "gameLine": "-440",
        "+/-": -2,
        "L5_+/-": -4.0,
        "prevMatchup": "",
        "winLossSplits": "31% - 44%",
        "awayHome": "H",
        "playedYesterday": "N",
        "awayHomeSplits": "45% - 29%",
        "savesAboveExp": -0.269,
        "gsaa": -14.19,
        "corsi": "54.5% (64.2) // 53.1% (61.1) // 53.4% (62.2) // 53.7% (58.5)",
        "fenwick": "52.5% (44.6) // 51.7% (42.6) // 52.1% (42.6) // 51.2% (41.5)",
        "shots": "52.2% (31.4) // 52.5% (30.4) // 52.7% (31.2) // 51.7% (30.5)",
        "scoring": "55.0% (31.2) // 54.2% (28.6) // 53.8% (28.2) // 51.0% (24.5)",
        "corsiAgainst": "45.5% (53.6) // 46.9% (53.9) // 46.6% (54.3) // 46.3% (50.5)",
        "fenwickAgainst": "47.5% (40.4) // 48.3% (39.7) // 47.9% (39.1) // 48.8% (39.5)",
        "shotsAgainst": "47.8% (28.8) // 47.5% (27.5) // 47.3% (28.0) // 48.3% (28.5)",
        "scoringAgainst": "45.0% (25.5) // 45.8% (24.2) // 46.2% (24.3) // 49.0% (23.5)",
        "oppCorsi": "44.3% (51.5) // 41.7% (48.2) // 40.5% (49.2) // 40.9% (48.3)",
        "oppFenwick": "44.1% (36.9) // 41.7% (35.1) // 39.7% (34.8) // 38.7% (32.7)",
        "oppShots": "44.2% (26.1) // 40.4% (23.1) // 39.9% (23.6) // 38.1% (22.3)",
        "oppScoring": "43.0% (24.7) // 38.9% (20.6) // 38.0% (21.9) // 39.4% (23.0)",
        "oppCorsiAgainst": "55.7% (64.6) // 58.3% (67.5) // 59.5% (72.3) // 59.1% (70.0)",
        "oppFenwickAgainst": "55.9% (46.7) // 58.3% (49.0) // 60.3% (52.7) // 61.3% (51.7)",
        "oppShotsAgainst": "55.8% (32.9) // 59.6% (34.1) // 60.1% (35.6) // 61.9% (36.3)",
        "oppScoringAgainst": "57.0% (32.7) // 61.1% (32.3) // 62.0% (35.8) // 60.6% (35.3)",
        "totalOver": 36,
        "totalOverLast5": 40,
        "totalOverLast15": 27,
        "lastTotalOver": 55,
        "last5": "3,2,3,0,2,0,5,2,2,1",
        "fd": "-138/+106",
        "dk": "-135/+105",
        "kambi": "-122/-106",
        "lowest": "-122 BR",
        "implied": 54.95495495495496,
        "overOdds": "-135",
        "underOdds": "+105",
        "overUnder": "-135 / +105"
    },
    {
        "player": "Philipp Kurashev",
        "team": "CHI",
        "opponent": "NJ",
        "propType": "sog",
        "line": 1.5,
        "ppLine": "PP1",
        "avg": 1.68,
        "hit": false,
        "diffAvg": 0.12,
        "diffAbs": 0.13,
        "lastAvg": 1.66,
        "diff": 0.11,
        "avgMin": 18,
        "proj": 1.7,
        "lastAvgMin": 17.42,
        "oppOver": 0,
        "teamOver": 0,
        "gameLine": "+340",
        "+/-": -19,
        "L5_+/-": -12.0,
        "prevMatchup": "2023-11-05 1.0 sog",
        "winLossSplits": "50% - 57%",
        "awayHome": "A",
        "playedYesterday": "Y",
        "awayHomeSplits": "62% - 47%",
        "savesAboveExp": 0.109,
        "gsaa": -12.36,
        "corsi": "44.3% (51.5) // 41.7% (48.2) // 40.5% (49.2) // 40.9% (48.3)",
        "fenwick": "44.1% (36.9) // 41.7% (35.1) // 39.7% (34.8) // 38.7% (32.7)",
        "shots": "44.2% (26.1) // 40.4% (23.1) // 39.9% (23.6) // 38.1% (22.3)",
        "scoring": "43.0% (24.7) // 38.9% (20.6) // 38.0% (21.9) // 39.4% (23.0)",
        "corsiAgainst": "55.7% (64.6) // 58.3% (67.5) // 59.5% (72.3) // 59.1% (70.0)",
        "fenwickAgainst": "55.9% (46.7) // 58.3% (49.0) // 60.3% (52.7) // 61.3% (51.7)",
        "shotsAgainst": "55.8% (32.9) // 59.6% (34.1) // 60.1% (35.6) // 61.9% (36.3)",
        "scoringAgainst": "57.0% (32.7) // 61.1% (32.3) // 62.0% (35.8) // 60.6% (35.3)",
        "oppCorsi": "54.5% (64.2) // 53.1% (61.1) // 53.4% (62.2) // 53.7% (58.5)",
        "oppFenwick": "52.5% (44.6) // 51.7% (42.6) // 52.1% (42.6) // 51.2% (41.5)",
        "oppShots": "52.2% (31.4) // 52.5% (30.4) // 52.7% (31.2) // 51.7% (30.5)",
        "oppScoring": "55.0% (31.2) // 54.2% (28.6) // 53.8% (28.2) // 51.0% (24.5)",
        "oppCorsiAgainst": "45.5% (53.6) // 46.9% (53.9) // 46.6% (54.3) // 46.3% (50.5)",
        "oppFenwickAgainst": "47.5% (40.4) // 48.3% (39.7) // 47.9% (39.1) // 48.8% (39.5)",
        "oppShotsAgainst": "47.8% (28.8) // 47.5% (27.5) // 47.3% (28.0) // 48.3% (28.5)",
        "oppScoringAgainst": "45.0% (25.5) // 45.8% (24.2) // 46.2% (24.3) // 49.0% (23.5)",
        "totalOver": 55,
        "totalOverLast5": 60,
        "totalOverLast15": 47,
        "lastTotalOver": 0,
        "last5": "1,1,2,3,2,2,0,1,1,2",
        "fd": "-138/+106",
        "dk": "-125/-105",
        "kambi": "-118/-110",
        "lowest": "-118 BR",
        "implied": 54.12844036697248,
        "overOdds": "-125",
        "underOdds": "-105",
        "overUnder": "-125 / -105"
    },
    {
        "player": "Ryan Donato",
        "team": "CHI",
        "opponent": "NJ",
        "propType": "sog",
        "line": 1.5,
        "ppLine": "PP2",
        "avg": 1.94,
        "hit": false,
        "diffAvg": 0.29,
        "diffAbs": 0.2,
        "lastAvg": 1.44,
        "diff": -0.04,
        "avgMin": 14,
        "proj": 1.8,
        "lastAvgMin": 11.25,
        "oppOver": 0,
        "teamOver": 0,
        "gameLine": "+340",
        "+/-": -10,
        "L5_+/-": -9.0,
        "prevMatchup": "2023-11-05 3.0 sog",
        "winLossSplits": "60% - 50%",
        "awayHome": "A",
        "playedYesterday": "Y",
        "awayHomeSplits": "52% - 53%",
        "savesAboveExp": 0.109,
        "gsaa": -12.36,
        "corsi": "44.3% (51.5) // 41.7% (48.2) // 40.5% (49.2) // 40.9% (48.3)",
        "fenwick": "44.1% (36.9) // 41.7% (35.1) // 39.7% (34.8) // 38.7% (32.7)",
        "shots": "44.2% (26.1) // 40.4% (23.1) // 39.9% (23.6) // 38.1% (22.3)",
        "scoring": "43.0% (24.7) // 38.9% (20.6) // 38.0% (21.9) // 39.4% (23.0)",
        "corsiAgainst": "55.7% (64.6) // 58.3% (67.5) // 59.5% (72.3) // 59.1% (70.0)",
        "fenwickAgainst": "55.9% (46.7) // 58.3% (49.0) // 60.3% (52.7) // 61.3% (51.7)",
        "shotsAgainst": "55.8% (32.9) // 59.6% (34.1) // 60.1% (35.6) // 61.9% (36.3)",
        "scoringAgainst": "57.0% (32.7) // 61.1% (32.3) // 62.0% (35.8) // 60.6% (35.3)",
        "oppCorsi": "54.5% (64.2) // 53.1% (61.1) // 53.4% (62.2) // 53.7% (58.5)",
        "oppFenwick": "52.5% (44.6) // 51.7% (42.6) // 52.1% (42.6) // 51.2% (41.5)",
        "oppShots": "52.2% (31.4) // 52.5% (30.4) // 52.7% (31.2) // 51.7% (30.5)",
        "oppScoring": "55.0% (31.2) // 54.2% (28.6) // 53.8% (28.2) // 51.0% (24.5)",
        "oppCorsiAgainst": "45.5% (53.6) // 46.9% (53.9) // 46.6% (54.3) // 46.3% (50.5)",
        "oppFenwickAgainst": "47.5% (40.4) // 48.3% (39.7) // 47.9% (39.1) // 48.8% (39.5)",
        "oppShotsAgainst": "47.8% (28.8) // 47.5% (27.5) // 47.3% (28.0) // 48.3% (28.5)",
        "oppScoringAgainst": "45.0% (25.5) // 45.8% (24.2) // 46.2% (24.3) // 49.0% (23.5)",
        "totalOver": 53,
        "totalOverLast5": 60,
        "totalOverLast15": 47,
        "lastTotalOver": 68,
        "last5": "3,1,1,2,2,1,2,2,4,3",
        "fd": "0",
        "dk": "-135/+105",
        "kambi": "-114/-114",
        "lowest": "-114 BR",
        "implied": 53.271028037383175,
        "overOdds": "-135",
        "underOdds": "+105",
        "overUnder": "-135 / +105"
    },
    {
        "player": "Tyler Toffoli",
        "team": "NJ",
        "opponent": "CHI",
        "propType": "sog",
        "line": 2.5,
        "ppLine": "PP1",
        "avg": 2.86,
        "hit": false,
        "diffAvg": 0.14,
        "diffAbs": 0.32,
        "lastAvg": 3.27,
        "diff": 0.31,
        "avgMin": 17,
        "proj": 3.3,
        "lastAvgMin": 16.6,
        "oppOver": 0,
        "teamOver": 0,
        "gameLine": "-440",
        "+/-": -8,
        "L5_+/-": "+2.0",
        "prevMatchup": "2023-11-05 4.0 sog",
        "winLossSplits": "55% - 44%",
        "awayHome": "H",
        "playedYesterday": "N",
        "awayHomeSplits": "50% - 50%",
        "savesAboveExp": -0.269,
        "gsaa": -14.19,
        "corsi": "54.5% (64.2) // 53.1% (61.1) // 53.4% (62.2) // 53.7% (58.5)",
        "fenwick": "52.5% (44.6) // 51.7% (42.6) // 52.1% (42.6) // 51.2% (41.5)",
        "shots": "52.2% (31.4) // 52.5% (30.4) // 52.7% (31.2) // 51.7% (30.5)",
        "scoring": "55.0% (31.2) // 54.2% (28.6) // 53.8% (28.2) // 51.0% (24.5)",
        "corsiAgainst": "45.5% (53.6) // 46.9% (53.9) // 46.6% (54.3) // 46.3% (50.5)",
        "fenwickAgainst": "47.5% (40.4) // 48.3% (39.7) // 47.9% (39.1) // 48.8% (39.5)",
        "shotsAgainst": "47.8% (28.8) // 47.5% (27.5) // 47.3% (28.0) // 48.3% (28.5)",
        "scoringAgainst": "45.0% (25.5) // 45.8% (24.2) // 46.2% (24.3) // 49.0% (23.5)",
        "oppCorsi": "44.3% (51.5) // 41.7% (48.2) // 40.5% (49.2) // 40.9% (48.3)",
        "oppFenwick": "44.1% (36.9) // 41.7% (35.1) // 39.7% (34.8) // 38.7% (32.7)",
        "oppShots": "44.2% (26.1) // 40.4% (23.1) // 39.9% (23.6) // 38.1% (22.3)",
        "oppScoring": "43.0% (24.7) // 38.9% (20.6) // 38.0% (21.9) // 39.4% (23.0)",
        "oppCorsiAgainst": "55.7% (64.6) // 58.3% (67.5) // 59.5% (72.3) // 59.1% (70.0)",
        "oppFenwickAgainst": "55.9% (46.7) // 58.3% (49.0) // 60.3% (52.7) // 61.3% (51.7)",
        "oppShotsAgainst": "55.8% (32.9) // 59.6% (34.1) // 60.1% (35.6) // 61.9% (36.3)",
        "oppScoringAgainst": "57.0% (32.7) // 61.1% (32.3) // 62.0% (35.8) // 60.6% (35.3)",
        "totalOver": 50,
        "totalOverLast5": 40,
        "totalOverLast15": 27,
        "lastTotalOver": 63,
        "last5": "0,1,3,2,3,5,0,0,2,1",
        "fd": "-188",
        "dk": "-166/+130",
        "kambi": "-182/140",
        "lowest": "-166 DK",
        "implied": 62.40601503759399,
        "overOdds": "-166",
        "underOdds": "+130",
        "overUnder": "-166 / +130"
    },
    {
        "player": "Alex Ovechkin",
        "team": "WSH",
        "opponent": "CAR",
        "propType": "sog",
        "line": 3.5,
        "ppLine": "PP1",
        "avg": 3.69,
        "hit": false,
        "diffAvg": 0.05,
        "diffAbs": 0.06,
        "lastAvg": 3.97,
        "diff": 0.13,
        "avgMin": 19,
        "proj": 3.7,
        "lastAvgMin": 20.2,
        "oppOver": 0,
        "teamOver": 0,
        "gameLine": "+150",
        "+/-": -10,
        "L5_+/-": -7.0,
        "prevMatchup": "2023-12-17 4.0 sog",
        "winLossSplits": "56% - 39%",
        "awayHome": "H",
        "playedYesterday": "N",
        "awayHomeSplits": "61% - 33%",
        "savesAboveExp": 0.627,
        "gsaa": 0.33,
        "corsi": "46.3% (54.1) // 46.1% (53.3) // 42.8% (50.0) // 40.6% (48.6)",
        "fenwick": "46.5% (38.9) // 45.8% (38.6) // 44.1% (38.6) // 43.1% (37.3)",
        "shots": "47.4% (27.3) // 47.8% (26.7) // 44.7% (25.8) // 43.8% (25.0)",
        "scoring": "47.3% (26.5) // 45.7% (24.7) // 40.0% (22.0) // 38.3% (20.8)",
        "corsiAgainst": "53.7% (62.7) // 53.9% (62.1) // 57.2% (66.7) // 59.4% (71.0)",
        "fenwickAgainst": "53.5% (44.8) // 54.2% (45.6) // 55.9% (48.8) // 56.9% (49.3)",
        "shotsAgainst": "52.6% (30.3) // 52.2% (29.2) // 55.3% (31.9) // 56.2% (32.1)",
        "scoringAgainst": "52.7% (29.6) // 54.3% (29.4) // 60.0% (33.0) // 61.7% (33.4)",
        "oppCorsi": "59.5% (70.2) // 56.7% (64.9) // 52.4% (57.0) // 50.0% (50.5)",
        "oppFenwick": "57.9% (49.2) // 55.2% (45.6) // 50.0% (39.5) // 51.3% (39.5)",
        "oppShots": "56.2% (32.9) // 53.0% (30.8) // 49.3% (27.8) // 49.5% (27.5)",
        "oppScoring": "57.2% (30.8) // 57.7% (30.7) // 54.3% (28.5) // 51.1% (23.5)",
        "oppCorsiAgainst": "40.5% (47.7) // 43.3% (49.5) // 47.6% (51.8) // 50.0% (50.5)",
        "oppFenwickAgainst": "42.1% (35.8) // 44.8% (37.0) // 50.0% (39.5) // 48.7% (37.5)",
        "oppShotsAgainst": "43.8% (25.6) // 47.0% (27.2) // 50.7% (28.5) // 50.5% (28.0)",
        "oppScoringAgainst": "42.8% (23.1) // 42.3% (22.5) // 45.7% (24.0) // 48.9% (22.5)",
        "totalOver": 47,
        "totalOverLast5": 40,
        "totalOverLast15": 53,
        "lastTotalOver": 51,
        "last5": "3,4,2,1,4,3,7,5,4,6",
        "fd": "+126/-165",
        "dk": "+120/-150",
        "kambi": "108/-139",
        "lowest": "126 FD",
        "implied": 44.24778761061947,
        "overOdds": "+120",
        "underOdds": "-150",
        "overUnder": "+120 / -150"
    },
    {
        "player": "Andrei Svechnikov",
        "team": "CAR",
        "opponent": "WSH",
        "propType": "sog",
        "line": 2.5,
        "ppLine": "PP1",
        "avg": 2.65,
        "hit": false,
        "diffAvg": 0.06,
        "diffAbs": 0.12,
        "lastAvg": 3.15,
        "diff": 0.26,
        "avgMin": 16,
        "proj": 2.8,
        "lastAvgMin": 18.03,
        "oppOver": 0,
        "teamOver": 0,
        "gameLine": "-180",
        "+/-": "+4",
        "L5_+/-": "+3.0",
        "prevMatchup": "",
        "winLossSplits": "43% - 67%",
        "awayHome": "A",
        "playedYesterday": "N",
        "awayHomeSplits": "45% - 58%",
        "savesAboveExp": 0.193,
        "gsaa": -5.27,
        "corsi": "59.5% (70.2) // 56.7% (64.9) // 52.4% (57.0) // 50.0% (50.5)",
        "fenwick": "57.9% (49.2) // 55.2% (45.6) // 50.0% (39.5) // 51.3% (39.5)",
        "shots": "56.2% (32.9) // 53.0% (30.8) // 49.3% (27.8) // 49.5% (27.5)",
        "scoring": "57.2% (30.8) // 57.7% (30.7) // 54.3% (28.5) // 51.1% (23.5)",
        "corsiAgainst": "40.5% (47.7) // 43.3% (49.5) // 47.6% (51.8) // 50.0% (50.5)",
        "fenwickAgainst": "42.1% (35.8) // 44.8% (37.0) // 50.0% (39.5) // 48.7% (37.5)",
        "shotsAgainst": "43.8% (25.6) // 47.0% (27.2) // 50.7% (28.5) // 50.5% (28.0)",
        "scoringAgainst": "42.8% (23.1) // 42.3% (22.5) // 45.7% (24.0) // 48.9% (22.5)",
        "oppCorsi": "46.3% (54.1) // 46.1% (53.3) // 42.8% (50.0) // 40.6% (48.6)",
        "oppFenwick": "46.5% (38.9) // 45.8% (38.6) // 44.1% (38.6) // 43.1% (37.3)",
        "oppShots": "47.4% (27.3) // 47.8% (26.7) // 44.7% (25.8) // 43.8% (25.0)",
        "oppScoring": "47.3% (26.5) // 45.7% (24.7) // 40.0% (22.0) // 38.3% (20.8)",
        "oppCorsiAgainst": "53.7% (62.7) // 53.9% (62.1) // 57.2% (66.7) // 59.4% (71.0)",
        "oppFenwickAgainst": "53.5% (44.8) // 54.2% (45.6) // 55.9% (48.8) // 56.9% (49.3)",
        "oppShotsAgainst": "52.6% (30.3) // 52.2% (29.2) // 55.3% (31.9) // 56.2% (32.1)",
        "oppScoringAgainst": "52.7% (29.6) // 54.3% (29.4) // 60.0% (33.0) // 61.7% (33.4)",
        "totalOver": 52,
        "totalOverLast5": 80,
        "totalOverLast15": 60,
        "lastTotalOver": 56,
        "last5": "3,3,3,2,4,0,4,3,5,1",
        "fd": "-146/+112",
        "dk": "-135/+105",
        "kambi": "-122/-106",
        "lowest": "-122 BR",
        "implied": 54.95495495495496,
        "overOdds": "-135",
        "underOdds": "+105",
        "overUnder": "-135 / +105"
    },
    {
        "player": "Brady Skjei",
        "team": "CAR",
        "opponent": "WSH",
        "propType": "sog",
        "line": 2.5,
        "ppLine": "PP2",
        "avg": 2.18,
        "hit": false,
        "diffAvg": -0.13,
        "diffAbs": 0.24,
        "lastAvg": 1.96,
        "diff": -0.22,
        "avgMin": 21,
        "proj": 1.9,
        "lastAvgMin": 21.8,
        "oppOver": 0,
        "teamOver": 0,
        "gameLine": "-180",
        "+/-": "+3",
        "L5_+/-": 0.0,
        "prevMatchup": "2023-12-17 1.0 sog",
        "winLossSplits": "57% - 29%",
        "awayHome": "A",
        "playedYesterday": "N",
        "awayHomeSplits": "36% - 56%",
        "savesAboveExp": 0.193,
        "gsaa": -5.27,
        "corsi": "59.5% (70.2) // 56.7% (64.9) // 52.4% (57.0) // 50.0% (50.5)",
        "fenwick": "57.9% (49.2) // 55.2% (45.6) // 50.0% (39.5) // 51.3% (39.5)",
        "shots": "56.2% (32.9) // 53.0% (30.8) // 49.3% (27.8) // 49.5% (27.5)",
        "scoring": "57.2% (30.8) // 57.7% (30.7) // 54.3% (28.5) // 51.1% (23.5)",
        "corsiAgainst": "40.5% (47.7) // 43.3% (49.5) // 47.6% (51.8) // 50.0% (50.5)",
        "fenwickAgainst": "42.1% (35.8) // 44.8% (37.0) // 50.0% (39.5) // 48.7% (37.5)",
        "shotsAgainst": "43.8% (25.6) // 47.0% (27.2) // 50.7% (28.5) // 50.5% (28.0)",
        "scoringAgainst": "42.8% (23.1) // 42.3% (22.5) // 45.7% (24.0) // 48.9% (22.5)",
        "oppCorsi": "46.3% (54.1) // 46.1% (53.3) // 42.8% (50.0) // 40.6% (48.6)",
        "oppFenwick": "46.5% (38.9) // 45.8% (38.6) // 44.1% (38.6) // 43.1% (37.3)",
        "oppShots": "47.4% (27.3) // 47.8% (26.7) // 44.7% (25.8) // 43.8% (25.0)",
        "oppScoring": "47.3% (26.5) // 45.7% (24.7) // 40.0% (22.0) // 38.3% (20.8)",
        "oppCorsiAgainst": "53.7% (62.7) // 53.9% (62.1) // 57.2% (66.7) // 59.4% (71.0)",
        "oppFenwickAgainst": "53.5% (44.8) // 54.2% (45.6) // 55.9% (48.8) // 56.9% (49.3)",
        "oppShotsAgainst": "52.6% (30.3) // 52.2% (29.2) // 55.3% (31.9) // 56.2% (32.1)",
        "oppScoringAgainst": "52.7% (29.6) // 54.3% (29.4) // 60.0% (33.0) // 61.7% (33.4)",
        "totalOver": 45,
        "totalOverLast5": 40,
        "totalOverLast15": 40,
        "lastTotalOver": 44,
        "last5": "2,2,5,1,4,1,3,1,2,3",
        "fd": "+138/-182",
        "dk": "+140/-180",
        "kambi": "0",
        "lowest": "140 DK",
        "implied": 41.66666666666667,
        "overOdds": "+140",
        "underOdds": "-180",
        "overUnder": "+140 / -180"
    },
    {
        "player": "Brent Burns",
        "team": "CAR",
        "opponent": "WSH",
        "propType": "sog",
        "line": 2.5,
        "ppLine": "PP1",
        "avg": 2.32,
        "hit": false,
        "diffAvg": -0.07,
        "diffAbs": 0.04,
        "lastAvg": 2.63,
        "diff": 0.05,
        "avgMin": 21,
        "proj": 2.4,
        "lastAvgMin": 23.2,
        "oppOver": 0,
        "teamOver": 0,
        "gameLine": "-180",
        "+/-": "+11",
        "L5_+/-": "+2.0",
        "prevMatchup": "2023-12-17 1.0 sog",
        "winLossSplits": "48% - 35%",
        "awayHome": "A",
        "playedYesterday": "N",
        "awayHomeSplits": "45% - 38%",
        "savesAboveExp": 0.193,
        "gsaa": -5.27,
        "corsi": "59.5% (70.2) // 56.7% (64.9) // 52.4% (57.0) // 50.0% (50.5)",
        "fenwick": "57.9% (49.2) // 55.2% (45.6) // 50.0% (39.5) // 51.3% (39.5)",
        "shots": "56.2% (32.9) // 53.0% (30.8) // 49.3% (27.8) // 49.5% (27.5)",
        "scoring": "57.2% (30.8) // 57.7% (30.7) // 54.3% (28.5) // 51.1% (23.5)",
        "corsiAgainst": "40.5% (47.7) // 43.3% (49.5) // 47.6% (51.8) // 50.0% (50.5)",
        "fenwickAgainst": "42.1% (35.8) // 44.8% (37.0) // 50.0% (39.5) // 48.7% (37.5)",
        "shotsAgainst": "43.8% (25.6) // 47.0% (27.2) // 50.7% (28.5) // 50.5% (28.0)",
        "scoringAgainst": "42.8% (23.1) // 42.3% (22.5) // 45.7% (24.0) // 48.9% (22.5)",
        "oppCorsi": "46.3% (54.1) // 46.1% (53.3) // 42.8% (50.0) // 40.6% (48.6)",
        "oppFenwick": "46.5% (38.9) // 45.8% (38.6) // 44.1% (38.6) // 43.1% (37.3)",
        "oppShots": "47.4% (27.3) // 47.8% (26.7) // 44.7% (25.8) // 43.8% (25.0)",
        "oppScoring": "47.3% (26.5) // 45.7% (24.7) // 40.0% (22.0) // 38.3% (20.8)",
        "oppCorsiAgainst": "53.7% (62.7) // 53.9% (62.1) // 57.2% (66.7) // 59.4% (71.0)",
        "oppFenwickAgainst": "53.5% (44.8) // 54.2% (45.6) // 55.9% (48.8) // 56.9% (49.3)",
        "oppShotsAgainst": "52.6% (30.3) // 52.2% (29.2) // 55.3% (31.9) // 56.2% (32.1)",
        "oppScoringAgainst": "52.7% (29.6) // 54.3% (29.4) // 60.0% (33.0) // 61.7% (33.4)",
        "totalOver": 42,
        "totalOverLast5": 60,
        "totalOverLast15": 33,
        "lastTotalOver": 57,
        "last5": "1,4,1,5,4,3,0,1,0,4",
        "fd": "-110/-118",
        "dk": "-105/-125",
        "kambi": "-117/-112",
        "lowest": "-105 DK",
        "implied": 51.21951219512195,
        "overOdds": "-105",
        "underOdds": "-125",
        "overUnder": "-105 / -125"
    },
    {
        "player": "John Carlson",
        "team": "WSH",
        "opponent": "CAR",
        "propType": "sog",
        "line": 2.5,
        "ppLine": "PP1",
        "avg": 2.19,
        "hit": false,
        "diffAvg": -0.12,
        "diffAbs": 0.32,
        "lastAvg": 3.1,
        "diff": 0.24,
        "avgMin": 25,
        "proj": 3.3,
        "lastAvgMin": 23.38,
        "oppOver": 0,
        "teamOver": 0,
        "gameLine": "+150",
        "+/-": -1,
        "L5_+/-": 0.0,
        "prevMatchup": "2023-12-17 2.0 sog",
        "winLossSplits": "33% - 44%",
        "awayHome": "H",
        "playedYesterday": "N",
        "awayHomeSplits": "28% - 50%",
        "savesAboveExp": 0.627,
        "gsaa": 0.33,
        "corsi": "46.3% (54.1) // 46.1% (53.3) // 42.8% (50.0) // 40.6% (48.6)",
        "fenwick": "46.5% (38.9) // 45.8% (38.6) // 44.1% (38.6) // 43.1% (37.3)",
        "shots": "47.4% (27.3) // 47.8% (26.7) // 44.7% (25.8) // 43.8% (25.0)",
        "scoring": "47.3% (26.5) // 45.7% (24.7) // 40.0% (22.0) // 38.3% (20.8)",
        "corsiAgainst": "53.7% (62.7) // 53.9% (62.1) // 57.2% (66.7) // 59.4% (71.0)",
        "fenwickAgainst": "53.5% (44.8) // 54.2% (45.6) // 55.9% (48.8) // 56.9% (49.3)",
        "shotsAgainst": "52.6% (30.3) // 52.2% (29.2) // 55.3% (31.9) // 56.2% (32.1)",
        "scoringAgainst": "52.7% (29.6) // 54.3% (29.4) // 60.0% (33.0) // 61.7% (33.4)",
        "oppCorsi": "59.5% (70.2) // 56.7% (64.9) // 52.4% (57.0) // 50.0% (50.5)",
        "oppFenwick": "57.9% (49.2) // 55.2% (45.6) // 50.0% (39.5) // 51.3% (39.5)",
        "oppShots": "56.2% (32.9) // 53.0% (30.8) // 49.3% (27.8) // 49.5% (27.5)",
        "oppScoring": "57.2% (30.8) // 57.7% (30.7) // 54.3% (28.5) // 51.1% (23.5)",
        "oppCorsiAgainst": "40.5% (47.7) // 43.3% (49.5) // 47.6% (51.8) // 50.0% (50.5)",
        "oppFenwickAgainst": "42.1% (35.8) // 44.8% (37.0) // 50.0% (39.5) // 48.7% (37.5)",
        "oppShotsAgainst": "43.8% (25.6) // 47.0% (27.2) // 50.7% (28.5) // 50.5% (28.0)",
        "oppScoringAgainst": "42.8% (23.1) // 42.3% (22.5) // 45.7% (24.0) // 48.9% (22.5)",
        "totalOver": 39,
        "totalOverLast5": 40,
        "totalOverLast15": 40,
        "lastTotalOver": 68,
        "last5": "4,1,3,2,1,3,3,3,2,1",
