[
    {
        "player": "Adam Fox",
        "team": "NYR",
        "opponent": "VAN",
        "propType": "sog",
        "line": 1.5,
        "ppLine": "PP1",
        "avg": 1.61,
        "hit": false,
        "diffAvg": 0.07,
        "diffAbs": 0.07,
        "lastAvg": 1.77,
        "diff": 0.18,
        "avgMin": 22,
        "proj": 1.6,
        "lastAvgMin": 24.37,
        "oppOver": 0,
        "teamOver": 0,
        "gameLine": "-148",
        "+/-": "+1",
        "L5_+/-": -1.0,
        "prevMatchup": "2023-10-28 4.0 sog",
        "winLossSplits": "47% - 67%",
        "awayHome": "H",
        "playedYesterday": "N",
        "awayHomeSplits": "53% - 54%",
        "savesAboveExp": -0.786,
        "gsaa": 10.67,
        "corsi": "49.8% (60.2) // 51.2% (61.8) // 49.5% (59.4) // 56.5% (66.2)",
        "fenwick": "50.6% (44.7) // 51.9% (45.8) // 51.5% (45.4) // 57.0% (49.9)",
        "shots": "51.3% (30.8) // 53.6% (32.7) // 52.7% (32.3) // 57.7% (35.4)",
        "scoring": "50.9% (29.3) // 51.9% (29.4) // 49.5% (28.3) // 54.9% (30.8)",
        "corsiAgainst": "50.2% (60.6) // 48.8% (59.0) // 50.5% (60.6) // 43.5% (50.9)",
        "fenwickAgainst": "49.4% (43.5) // 48.1% (42.4) // 48.5% (42.9) // 43.0% (37.6)",
        "shotsAgainst": "48.7% (29.3) // 46.4% (28.3) // 47.3% (28.9) // 42.3% (25.9)",
        "scoringAgainst": "49.1% (28.3) // 48.1% (27.3) // 50.5% (28.9) // 45.1% (25.3)",
        "oppCorsi": "50.0% (57.8) // 51.5% (57.7) // 53.8% (66.3) // 53.8% (66.3)",
        "oppFenwick": "49.5% (41.2) // 50.5% (41.2) // 53.6% (47.0) // 53.6% (47.0)",
        "oppShots": "48.5% (28.0) // 48.2% (27.8) // 49.7% (31.3) // 49.7% (31.3)",
        "oppScoring": "51.1% (29.0) // 53.6% (27.7) // 55.2% (31.7) // 55.2% (31.7)",
        "oppCorsiAgainst": "50.0% (57.8) // 48.5% (54.2) // 46.2% (57.0) // 46.2% (57.0)",
        "oppFenwickAgainst": "50.5% (42.0) // 49.5% (40.3) // 46.4% (40.7) // 46.4% (40.7)",
        "oppShotsAgainst": "51.5% (29.8) // 51.8% (29.9) // 50.3% (31.7) // 50.3% (31.7)",
        "oppScoringAgainst": "48.9% (27.8) // 46.4% (24.0) // 44.8% (25.7) // 44.8% (25.7)",
        "totalOver": 54,
        "totalOverLast5": 40,
        "totalOverLast15": 47,
        "lastTotalOver": 51,
        "last5": "3,2,1,0,1,4,1,3,1,2",
        "fd": "0",
        "dk": "-135/+105",
        "kambi": "-143/110",
        "lowest": "-135 DK",
        "implied": 57.446808510638306,
        "overOdds": "-135",
        "underOdds": "+105",
        "overUnder": "-135 / +105"
    },
    {
        "player": "Alexis Lafreniere",
        "team": "NYR",
        "opponent": "VAN",
        "propType": "sog",
        "line": 2.5,
        "ppLine": "PP2",
        "avg": 2.47,
        "hit": false,
        "diffAvg": -0.01,
        "diffAbs": 0.32,
        "lastAvg": 1.53,
        "diff": -0.39,
        "avgMin": 17,
        "proj": 1.7,
        "lastAvgMin": 15.22,
        "oppOver": 0,
        "teamOver": 0,
        "gameLine": "-148",
        "+/-": -3,
        "L5_+/-": "+1.0",
        "prevMatchup": "2023-10-28 1.0 sog",
        "winLossSplits": "46% - 58%",
        "awayHome": "H",
        "playedYesterday": "N",
        "awayHomeSplits": "40% - 61%",
        "savesAboveExp": -0.786,
        "gsaa": 10.67,
        "corsi": "49.8% (60.2) // 51.2% (61.8) // 49.5% (59.4) // 56.5% (66.2)",
        "fenwick": "50.6% (44.7) // 51.9% (45.8) // 51.5% (45.4) // 57.0% (49.9)",
        "shots": "51.3% (30.8) // 53.6% (32.7) // 52.7% (32.3) // 57.7% (35.4)",
        "scoring": "50.9% (29.3) // 51.9% (29.4) // 49.5% (28.3) // 54.9% (30.8)",
        "corsiAgainst": "50.2% (60.6) // 48.8% (59.0) // 50.5% (60.6) // 43.5% (50.9)",
        "fenwickAgainst": "49.4% (43.5) // 48.1% (42.4) // 48.5% (42.9) // 43.0% (37.6)",
        "shotsAgainst": "48.7% (29.3) // 46.4% (28.3) // 47.3% (28.9) // 42.3% (25.9)",
        "scoringAgainst": "49.1% (28.3) // 48.1% (27.3) // 50.5% (28.9) // 45.1% (25.3)",
        "oppCorsi": "50.0% (57.8) // 51.5% (57.7) // 53.8% (66.3) // 53.8% (66.3)",
        "oppFenwick": "49.5% (41.2) // 50.5% (41.2) // 53.6% (47.0) // 53.6% (47.0)",
        "oppShots": "48.5% (28.0) // 48.2% (27.8) // 49.7% (31.3) // 49.7% (31.3)",
        "oppScoring": "51.1% (29.0) // 53.6% (27.7) // 55.2% (31.7) // 55.2% (31.7)",
        "oppCorsiAgainst": "50.0% (57.8) // 48.5% (54.2) // 46.2% (57.0) // 46.2% (57.0)",
        "oppFenwickAgainst": "50.5% (42.0) // 49.5% (40.3) // 46.4% (40.7) // 46.4% (40.7)",
        "oppShotsAgainst": "51.5% (29.8) // 51.8% (29.9) // 50.3% (31.7) // 50.3% (31.7)",
        "oppScoringAgainst": "48.9% (27.8) // 46.4% (24.0) // 44.8% (25.7) // 44.8% (25.7)",
        "totalOver": 50,
        "totalOverLast5": 60,
        "totalOverLast15": 53,
        "lastTotalOver": 24,
        "last5": "4,4,3,1,2,3,3,4,2,2",
        "fd": "0",
        "dk": "+110/-140",
        "kambi": "0",
        "lowest": "110 DK",
        "implied": 47.61904761904761,
        "overOdds": "+110",
        "underOdds": "-140",
        "overUnder": "+110 / -140"
    },
    {
        "player": "Artemi Panarin",
        "team": "NYR",
        "opponent": "VAN",
        "propType": "sog",
        "line": 3.5,
        "ppLine": "PP1",
        "avg": 4.18,
        "hit": false,
        "diffAvg": 0.19,
        "diffAbs": 0.37,
        "lastAvg": 2.27,
        "diff": -0.35,
        "avgMin": 19,
        "proj": 2.2,
        "lastAvgMin": 19.6,
        "oppOver": 0,
        "teamOver": 0,
        "gameLine": "-148",
        "+/-": "+2",
        "L5_+/-": "+5.0",
        "prevMatchup": "2023-10-28 3.0 sog",
        "winLossSplits": "58% - 50%",
        "awayHome": "H",
        "playedYesterday": "N",
        "awayHomeSplits": "60% - 50%",
        "savesAboveExp": -0.786,
        "gsaa": 10.67,
        "corsi": "49.8% (60.2) // 51.2% (61.8) // 49.5% (59.4) // 56.5% (66.2)",
        "fenwick": "50.6% (44.7) // 51.9% (45.8) // 51.5% (45.4) // 57.0% (49.9)",
        "shots": "51.3% (30.8) // 53.6% (32.7) // 52.7% (32.3) // 57.7% (35.4)",
        "scoring": "50.9% (29.3) // 51.9% (29.4) // 49.5% (28.3) // 54.9% (30.8)",
        "corsiAgainst": "50.2% (60.6) // 48.8% (59.0) // 50.5% (60.6) // 43.5% (50.9)",
        "fenwickAgainst": "49.4% (43.5) // 48.1% (42.4) // 48.5% (42.9) // 43.0% (37.6)",
        "shotsAgainst": "48.7% (29.3) // 46.4% (28.3) // 47.3% (28.9) // 42.3% (25.9)",
        "scoringAgainst": "49.1% (28.3) // 48.1% (27.3) // 50.5% (28.9) // 45.1% (25.3)",
        "oppCorsi": "50.0% (57.8) // 51.5% (57.7) // 53.8% (66.3) // 53.8% (66.3)",
        "oppFenwick": "49.5% (41.2) // 50.5% (41.2) // 53.6% (47.0) // 53.6% (47.0)",
        "oppShots": "48.5% (28.0) // 48.2% (27.8) // 49.7% (31.3) // 49.7% (31.3)",
        "oppScoring": "51.1% (29.0) // 53.6% (27.7) // 55.2% (31.7) // 55.2% (31.7)",
        "oppCorsiAgainst": "50.0% (57.8) // 48.5% (54.2) // 46.2% (57.0) // 46.2% (57.0)",
        "oppFenwickAgainst": "50.5% (42.0) // 49.5% (40.3) // 46.4% (40.7) // 46.4% (40.7)",
        "oppShotsAgainst": "51.5% (29.8) // 51.8% (29.9) // 50.3% (31.7) // 50.3% (31.7)",
        "oppScoringAgainst": "48.9% (27.8) // 46.4% (24.0) // 44.8% (25.7) // 44.8% (25.7)",
        "totalOver": 55,
        "totalOverLast5": 80,
        "totalOverLast15": 53,
        "lastTotalOver": 29,
        "last5": "8,4,2,4,6,1,5,3,8,10",
        "fd": "0",
        "dk": "-110/-120",
        "kambi": "-122/-106",
        "lowest": "-110 DK",
        "implied": 52.38095238095239,
        "overOdds": "-110",
        "underOdds": "-120",
        "overUnder": "-110 / -120"
    },
    {
        "player": "Brock Boeser",
        "team": "VAN",
        "opponent": "NYR",
        "propType": "sog",
        "line": 2.5,
        "ppLine": "PP1",
        "avg": 2.69,
        "hit": false,
        "diffAvg": 0.08,
        "diffAbs": 0.0,
        "lastAvg": 2.41,
        "diff": -0.04,
        "avgMin": 18,
        "proj": 2.5,
        "lastAvgMin": 17.23,
        "oppOver": 0,
        "teamOver": 0,
        "gameLine": "+124",
        "+/-": "+15",
        "L5_+/-": "+4.0",
        "prevMatchup": "2023-10-28 4.0 sog",
        "winLossSplits": "56% - 43%",
        "awayHome": "A",
        "playedYesterday": "N",
        "awayHomeSplits": "50% - 53%",
        "savesAboveExp": 0.388,
        "gsaa": 3.34,
        "corsi": "50.0% (57.8) // 51.5% (57.7) // 53.8% (66.3) // 53.8% (66.3)",
        "fenwick": "49.5% (41.2) // 50.5% (41.2) // 53.6% (47.0) // 53.6% (47.0)",
        "shots": "48.5% (28.0) // 48.2% (27.8) // 49.7% (31.3) // 49.7% (31.3)",
        "scoring": "51.1% (29.0) // 53.6% (27.7) // 55.2% (31.7) // 55.2% (31.7)",
        "corsiAgainst": "50.0% (57.8) // 48.5% (54.2) // 46.2% (57.0) // 46.2% (57.0)",
        "fenwickAgainst": "50.5% (42.0) // 49.5% (40.3) // 46.4% (40.7) // 46.4% (40.7)",
        "shotsAgainst": "51.5% (29.8) // 51.8% (29.9) // 50.3% (31.7) // 50.3% (31.7)",
        "scoringAgainst": "48.9% (27.8) // 46.4% (24.0) // 44.8% (25.7) // 44.8% (25.7)",
        "oppCorsi": "49.8% (60.2) // 51.2% (61.8) // 49.5% (59.4) // 56.5% (66.2)",
        "oppFenwick": "50.6% (44.7) // 51.9% (45.8) // 51.5% (45.4) // 57.0% (49.9)",
        "oppShots": "51.3% (30.8) // 53.6% (32.7) // 52.7% (32.3) // 57.7% (35.4)",
        "oppScoring": "50.9% (29.3) // 51.9% (29.4) // 49.5% (28.3) // 54.9% (30.8)",
        "oppCorsiAgainst": "50.2% (60.6) // 48.8% (59.0) // 50.5% (60.6) // 43.5% (50.9)",
        "oppFenwickAgainst": "49.4% (43.5) // 48.1% (42.4) // 48.5% (42.9) // 43.0% (37.6)",
        "oppShotsAgainst": "48.7% (29.3) // 46.4% (28.3) // 47.3% (28.9) // 42.3% (25.9)",
        "oppScoringAgainst": "49.1% (28.3) // 48.1% (27.3) // 50.5% (28.9) // 45.1% (25.3)",
        "totalOver": 51,
        "totalOverLast5": 20,
        "totalOverLast15": 53,
        "lastTotalOver": 48,
        "last5": "3,2,1,1,2,4,4,4,5,3",
        "fd": "0",
        "dk": "-105/-125",
        "kambi": "100/-130",
        "lowest": "100 BR",
        "implied": 50.0,
        "overOdds": "-105",
        "underOdds": "-125",
        "overUnder": "-105 / -125"
    },
    {
        "player": "Chris Kreider",
        "team": "NYR",
        "opponent": "VAN",
        "propType": "sog",
        "line": 2.5,
        "ppLine": "PP1",
        "avg": 2.79,
        "hit": false,
        "diffAvg": 0.12,
        "diffAbs": 0.04,
        "lastAvg": 2.66,
        "diff": 0.06,
        "avgMin": 18,
        "proj": 2.6,
        "lastAvgMin": 18.4,
        "oppOver": 0,
        "teamOver": 0,
        "gameLine": "-148",
        "+/-": "+8",
        "L5_+/-": "+4.0",
        "prevMatchup": "2023-10-28 2.0 sog",
        "winLossSplits": "58% - 42%",
        "awayHome": "H",
        "playedYesterday": "N",
        "awayHomeSplits": "45% - 61%",
        "savesAboveExp": -0.786,
        "gsaa": 10.67,
        "corsi": "49.8% (60.2) // 51.2% (61.8) // 49.5% (59.4) // 56.5% (66.2)",
        "fenwick": "50.6% (44.7) // 51.9% (45.8) // 51.5% (45.4) // 57.0% (49.9)",
        "shots": "51.3% (30.8) // 53.6% (32.7) // 52.7% (32.3) // 57.7% (35.4)",
        "scoring": "50.9% (29.3) // 51.9% (29.4) // 49.5% (28.3) // 54.9% (30.8)",
        "corsiAgainst": "50.2% (60.6) // 48.8% (59.0) // 50.5% (60.6) // 43.5% (50.9)",
        "fenwickAgainst": "49.4% (43.5) // 48.1% (42.4) // 48.5% (42.9) // 43.0% (37.6)",
        "shotsAgainst": "48.7% (29.3) // 46.4% (28.3) // 47.3% (28.9) // 42.3% (25.9)",
        "scoringAgainst": "49.1% (28.3) // 48.1% (27.3) // 50.5% (28.9) // 45.1% (25.3)",
        "oppCorsi": "50.0% (57.8) // 51.5% (57.7) // 53.8% (66.3) // 53.8% (66.3)",
        "oppFenwick": "49.5% (41.2) // 50.5% (41.2) // 53.6% (47.0) // 53.6% (47.0)",
        "oppShots": "48.5% (28.0) // 48.2% (27.8) // 49.7% (31.3) // 49.7% (31.3)",
        "oppScoring": "51.1% (29.0) // 53.6% (27.7) // 55.2% (31.7) // 55.2% (31.7)",
        "oppCorsiAgainst": "50.0% (57.8) // 48.5% (54.2) // 46.2% (57.0) // 46.2% (57.0)",
        "oppFenwickAgainst": "50.5% (42.0) // 49.5% (40.3) // 46.4% (40.7) // 46.4% (40.7)",
        "oppShotsAgainst": "51.5% (29.8) // 51.8% (29.9) // 50.3% (31.7) // 50.3% (31.7)",
        "oppScoringAgainst": "48.9% (27.8) // 46.4% (24.0) // 44.8% (25.7) // 44.8% (25.7)",
        "totalOver": 53,
        "totalOverLast5": 60,
        "totalOverLast15": 60,
        "lastTotalOver": 47,
        "last5": "6,3,5,2,2,3,4,1,0,4",
        "fd": "0",
        "dk": "-140/+110",
        "kambi": "-132/102",
        "lowest": "-132 BR",
        "implied": 56.896551724137936,
        "overOdds": "-140",
        "underOdds": "+110",
        "overUnder": "-140 / +110"
    },
    {
        "player": "Elias Pettersson",
        "team": "VAN",
        "opponent": "NYR",
        "propType": "sog",
        "line": 2.5,
        "ppLine": "PP1",
        "avg": 2.72,
        "hit": false,
        "diffAvg": 0.09,
        "diffAbs": 0.16,
        "lastAvg": 3.17,
        "diff": 0.27,
        "avgMin": 19,
        "proj": 2.9,
        "lastAvgMin": 20.55,
        "oppOver": 0,
        "teamOver": 0,
        "gameLine": "+124",
        "+/-": "+13",
        "L5_+/-": "+5.0",
        "prevMatchup": "2023-10-28 2.0 sog",
        "winLossSplits": "48% - 36%",
        "awayHome": "A",
        "playedYesterday": "N",
        "awayHomeSplits": "40% - 47%",
        "savesAboveExp": 0.388,
        "gsaa": 3.34,
        "corsi": "50.0% (57.8) // 51.5% (57.7) // 53.8% (66.3) // 53.8% (66.3)",
        "fenwick": "49.5% (41.2) // 50.5% (41.2) // 53.6% (47.0) // 53.6% (47.0)",
        "shots": "48.5% (28.0) // 48.2% (27.8) // 49.7% (31.3) // 49.7% (31.3)",
        "scoring": "51.1% (29.0) // 53.6% (27.7) // 55.2% (31.7) // 55.2% (31.7)",
        "corsiAgainst": "50.0% (57.8) // 48.5% (54.2) // 46.2% (57.0) // 46.2% (57.0)",
        "fenwickAgainst": "50.5% (42.0) // 49.5% (40.3) // 46.4% (40.7) // 46.4% (40.7)",
        "shotsAgainst": "51.5% (29.8) // 51.8% (29.9) // 50.3% (31.7) // 50.3% (31.7)",
        "scoringAgainst": "48.9% (27.8) // 46.4% (24.0) // 44.8% (25.7) // 44.8% (25.7)",
        "oppCorsi": "49.8% (60.2) // 51.2% (61.8) // 49.5% (59.4) // 56.5% (66.2)",
        "oppFenwick": "50.6% (44.7) // 51.9% (45.8) // 51.5% (45.4) // 57.0% (49.9)",
        "oppShots": "51.3% (30.8) // 53.6% (32.7) // 52.7% (32.3) // 57.7% (35.4)",
        "oppScoring": "50.9% (29.3) // 51.9% (29.4) // 49.5% (28.3) // 54.9% (30.8)",
        "oppCorsiAgainst": "50.2% (60.6) // 48.8% (59.0) // 50.5% (60.6) // 43.5% (50.9)",
        "oppFenwickAgainst": "49.4% (43.5) // 48.1% (42.4) // 48.5% (42.9) // 43.0% (37.6)",
        "oppShotsAgainst": "48.7% (29.3) // 46.4% (28.3) // 47.3% (28.9) // 42.3% (25.9)",
        "oppScoringAgainst": "49.1% (28.3) // 48.1% (27.3) // 50.5% (28.9) // 45.1% (25.3)",
        "totalOver": 44,
        "totalOverLast5": 60,
        "totalOverLast15": 53,
        "lastTotalOver": 51,
        "last5": "4,1,5,2,7,2,6,4,7,2",
        "fd": "0",
        "dk": "-130/+100",
        "kambi": "-114/-114",
        "lowest": "-114 BR",
        "implied": 53.271028037383175,
        "overOdds": "-130",
        "underOdds": "+100",
        "overUnder": "-130 / +100"
    },
    {
        "player": "Filip Hronek",
        "team": "VAN",
        "opponent": "NYR",
        "propType": "sog",
        "line": 1.5,
        "ppLine": "PP2",
        "avg": 1.97,
        "hit": false,
        "diffAvg": 0.31,
        "diffAbs": 0.4,
        "lastAvg": 1.94,
        "diff": 0.29,
        "avgMin": 23,
        "proj": 2.1,
        "lastAvgMin": 21.68,
        "oppOver": 0,
        "teamOver": 0,
        "gameLine": "+124",
        "+/-": "+24",
        "L5_+/-": "+5.0",
        "prevMatchup": "2023-10-28 3.0 sog",
        "winLossSplits": "36% - 86%",
        "awayHome": "A",
        "playedYesterday": "N",
        "awayHomeSplits": "55% - 53%",
        "savesAboveExp": 0.388,
        "gsaa": 3.34,
        "corsi": "50.0% (57.8) // 51.5% (57.7) // 53.8% (66.3) // 53.8% (66.3)",
        "fenwick": "49.5% (41.2) // 50.5% (41.2) // 53.6% (47.0) // 53.6% (47.0)",
        "shots": "48.5% (28.0) // 48.2% (27.8) // 49.7% (31.3) // 49.7% (31.3)",
        "scoring": "51.1% (29.0) // 53.6% (27.7) // 55.2% (31.7) // 55.2% (31.7)",
        "corsiAgainst": "50.0% (57.8) // 48.5% (54.2) // 46.2% (57.0) // 46.2% (57.0)",
        "fenwickAgainst": "50.5% (42.0) // 49.5% (40.3) // 46.4% (40.7) // 46.4% (40.7)",
        "shotsAgainst": "51.5% (29.8) // 51.8% (29.9) // 50.3% (31.7) // 50.3% (31.7)",
        "scoringAgainst": "48.9% (27.8) // 46.4% (24.0) // 44.8% (25.7) // 44.8% (25.7)",
        "oppCorsi": "49.8% (60.2) // 51.2% (61.8) // 49.5% (59.4) // 56.5% (66.2)",
        "oppFenwick": "50.6% (44.7) // 51.9% (45.8) // 51.5% (45.4) // 57.0% (49.9)",
        "oppShots": "51.3% (30.8) // 53.6% (32.7) // 52.7% (32.3) // 57.7% (35.4)",
        "oppScoring": "50.9% (29.3) // 51.9% (29.4) // 49.5% (28.3) // 54.9% (30.8)",
        "oppCorsiAgainst": "50.2% (60.6) // 48.8% (59.0) // 50.5% (60.6) // 43.5% (50.9)",
        "oppFenwickAgainst": "49.4% (43.5) // 48.1% (42.4) // 48.5% (42.9) // 43.0% (37.6)",
        "oppShotsAgainst": "48.7% (29.3) // 46.4% (28.3) // 47.3% (28.9) // 42.3% (25.9)",
        "oppScoringAgainst": "49.1% (28.3) // 48.1% (27.3) // 50.5% (28.9) // 45.1% (25.3)",
        "totalOver": 54,
        "totalOverLast5": 40,
        "totalOverLast15": 40,
        "lastTotalOver": 57,
        "last5": "1,2,0,5,0,1,5,3,1,0",
        "fd": "0",
        "dk": "-150/+120",
        "kambi": "-175/130",
        "lowest": "-150 DK",
        "implied": 60.0,
        "overOdds": "-150",
        "underOdds": "+120",
        "overUnder": "-150 / +120"
    },
    {
        "player": "Ilya Mikheyev",
        "team": "VAN",
        "opponent": "NYR",
        "propType": "sog",
        "line": 1.5,
        "ppLine": "PP2",
        "avg": 1.97,
        "hit": false,
        "diffAvg": 0.31,
        "diffAbs": 0.07,
        "lastAvg": 1.98,
        "diff": 0.32,
        "avgMin": 14,
        "proj": 1.6,
        "lastAvgMin": 16.9,
        "oppOver": 0,
        "teamOver": 0,
        "gameLine": "+124",
        "+/-": "+6",
        "L5_+/-": 0.0,
        "prevMatchup": "2023-10-28 0.0 sog",
        "winLossSplits": "52% - 33%",
        "awayHome": "A",
        "playedYesterday": "N",
        "awayHomeSplits": "71% - 22%",
        "savesAboveExp": 0.388,
        "gsaa": 3.34,
        "corsi": "50.0% (57.8) // 51.5% (57.7) // 53.8% (66.3) // 53.8% (66.3)",
        "fenwick": "49.5% (41.2) // 50.5% (41.2) // 53.6% (47.0) // 53.6% (47.0)",
        "shots": "48.5% (28.0) // 48.2% (27.8) // 49.7% (31.3) // 49.7% (31.3)",
        "scoring": "51.1% (29.0) // 53.6% (27.7) // 55.2% (31.7) // 55.2% (31.7)",
        "corsiAgainst": "50.0% (57.8) // 48.5% (54.2) // 46.2% (57.0) // 46.2% (57.0)",
        "fenwickAgainst": "50.5% (42.0) // 49.5% (40.3) // 46.4% (40.7) // 46.4% (40.7)",
        "shotsAgainst": "51.5% (29.8) // 51.8% (29.9) // 50.3% (31.7) // 50.3% (31.7)",
        "scoringAgainst": "48.9% (27.8) // 46.4% (24.0) // 44.8% (25.7) // 44.8% (25.7)",
        "oppCorsi": "49.8% (60.2) // 51.2% (61.8) // 49.5% (59.4) // 56.5% (66.2)",
        "oppFenwick": "50.6% (44.7) // 51.9% (45.8) // 51.5% (45.4) // 57.0% (49.9)",
        "oppShots": "51.3% (30.8) // 53.6% (32.7) // 52.7% (32.3) // 57.7% (35.4)",
        "oppScoring": "50.9% (29.3) // 51.9% (29.4) // 49.5% (28.3) // 54.9% (30.8)",
        "oppCorsiAgainst": "50.2% (60.6) // 48.8% (59.0) // 50.5% (60.6) // 43.5% (50.9)",
        "oppFenwickAgainst": "49.4% (43.5) // 48.1% (42.4) // 48.5% (42.9) // 43.0% (37.6)",
        "oppShotsAgainst": "48.7% (29.3) // 46.4% (28.3) // 47.3% (28.9) // 42.3% (25.9)",
        "oppScoringAgainst": "49.1% (28.3) // 48.1% (27.3) // 50.5% (28.9) // 45.1% (25.3)",
        "totalOver": 46,
        "totalOverLast5": 60,
        "totalOverLast15": 40,
        "lastTotalOver": 0,
        "last5": "3,0,3,3,1,1,2,3,3,0",
        "fd": "0",
        "dk": "-135/+105",
        "kambi": "0",
        "lowest": "-135 DK",
        "implied": 57.446808510638306,
        "overOdds": "-135",
        "underOdds": "+105",
        "overUnder": "-135 / +105"
    },
    {
        "player": "Jt Miller",
        "team": "VAN",
        "opponent": "NYR",
        "propType": "sog",
        "line": 2.5,
        "ppLine": "PP1",
        "avg": 2.15,
        "hit": false,
        "diffAvg": -0.14,
        "diffAbs": 0.0,
        "lastAvg": 2.75,
        "diff": 0.1,
        "avgMin": 19,
        "proj": 2.5,
        "lastAvgMin": 20.67,
        "oppOver": 0,
        "teamOver": 0,
        "gameLine": "+124",
        "+/-": "+18",
        "L5_+/-": "+5.0",
        "prevMatchup": "2023-10-28 2.0 sog",
        "winLossSplits": "40% - 36%",
        "awayHome": "A",
        "playedYesterday": "N",
        "awayHomeSplits": "30% - 47%",
        "savesAboveExp": 0.388,
        "gsaa": 3.34,
        "corsi": "50.0% (57.8) // 51.5% (57.7) // 53.8% (66.3) // 53.8% (66.3)",
        "fenwick": "49.5% (41.2) // 50.5% (41.2) // 53.6% (47.0) // 53.6% (47.0)",
        "shots": "48.5% (28.0) // 48.2% (27.8) // 49.7% (31.3) // 49.7% (31.3)",
        "scoring": "51.1% (29.0) // 53.6% (27.7) // 55.2% (31.7) // 55.2% (31.7)",
        "corsiAgainst": "50.0% (57.8) // 48.5% (54.2) // 46.2% (57.0) // 46.2% (57.0)",
        "fenwickAgainst": "50.5% (42.0) // 49.5% (40.3) // 46.4% (40.7) // 46.4% (40.7)",
        "shotsAgainst": "51.5% (29.8) // 51.8% (29.9) // 50.3% (31.7) // 50.3% (31.7)",
        "scoringAgainst": "48.9% (27.8) // 46.4% (24.0) // 44.8% (25.7) // 44.8% (25.7)",
        "oppCorsi": "49.8% (60.2) // 51.2% (61.8) // 49.5% (59.4) // 56.5% (66.2)",
        "oppFenwick": "50.6% (44.7) // 51.9% (45.8) // 51.5% (45.4) // 57.0% (49.9)",
        "oppShots": "51.3% (30.8) // 53.6% (32.7) // 52.7% (32.3) // 57.7% (35.4)",
        "oppScoring": "50.9% (29.3) // 51.9% (29.4) // 49.5% (28.3) // 54.9% (30.8)",
        "oppCorsiAgainst": "50.2% (60.6) // 48.8% (59.0) // 50.5% (60.6) // 43.5% (50.9)",
        "oppFenwickAgainst": "49.4% (43.5) // 48.1% (42.4) // 48.5% (42.9) // 43.0% (37.6)",
        "oppShotsAgainst": "48.7% (29.3) // 46.4% (28.3) // 47.3% (28.9) // 42.3% (25.9)",
        "oppScoringAgainst": "49.1% (28.3) // 48.1% (27.3) // 50.5% (28.9) // 45.1% (25.3)",
        "totalOver": 38,
        "totalOverLast5": 0,
        "totalOverLast15": 27,
        "lastTotalOver": 51,
        "last5": "2,1,2,2,0,2,2,3,1,1",
        "fd": "0",
        "dk": "+124/-160",
        "kambi": "130/-175",
        "lowest": "130 BR",
        "implied": 43.47826086956522,
        "overOdds": "+124",
        "underOdds": "-160",
        "overUnder": "+124 / -160"
    },
    {
        "player": "Mika Zibanejad",
        "team": "NYR",
        "opponent": "VAN",
        "propType": "sog",
        "line": 2.5,
        "ppLine": "PP1",
        "avg": 2.53,
        "hit": false,
        "diffAvg": 0.01,
        "diffAbs": 0.08,
        "lastAvg": 2.82,
        "diff": 0.13,
        "avgMin": 19,
        "proj": 2.7,
        "lastAvgMin": 19.95,
        "oppOver": 0,
        "teamOver": 0,
        "gameLine": "-148",
        "+/-": "+5",
        "L5_+/-": "+1.0",
        "prevMatchup": "2023-10-28 3.0 sog",
        "winLossSplits": "58% - 42%",
        "awayHome": "H",
        "playedYesterday": "N",
        "awayHomeSplits": "60% - 44%",
        "savesAboveExp": -0.786,
        "gsaa": 10.67,
        "corsi": "49.8% (60.2) // 51.2% (61.8) // 49.5% (59.4) // 56.5% (66.2)",
        "fenwick": "50.6% (44.7) // 51.9% (45.8) // 51.5% (45.4) // 57.0% (49.9)",
        "shots": "51.3% (30.8) // 53.6% (32.7) // 52.7% (32.3) // 57.7% (35.4)",
        "scoring": "50.9% (29.3) // 51.9% (29.4) // 49.5% (28.3) // 54.9% (30.8)",
        "corsiAgainst": "50.2% (60.6) // 48.8% (59.0) // 50.5% (60.6) // 43.5% (50.9)",
        "fenwickAgainst": "49.4% (43.5) // 48.1% (42.4) // 48.5% (42.9) // 43.0% (37.6)",
        "shotsAgainst": "48.7% (29.3) // 46.4% (28.3) // 47.3% (28.9) // 42.3% (25.9)",
        "scoringAgainst": "49.1% (28.3) // 48.1% (27.3) // 50.5% (28.9) // 45.1% (25.3)",
        "oppCorsi": "50.0% (57.8) // 51.5% (57.7) // 53.8% (66.3) // 53.8% (66.3)",
        "oppFenwick": "49.5% (41.2) // 50.5% (41.2) // 53.6% (47.0) // 53.6% (47.0)",
        "oppShots": "48.5% (28.0) // 48.2% (27.8) // 49.7% (31.3) // 49.7% (31.3)",
        "oppScoring": "51.1% (29.0) // 53.6% (27.7) // 55.2% (31.7) // 55.2% (31.7)",
        "oppCorsiAgainst": "50.0% (57.8) // 48.5% (54.2) // 46.2% (57.0) // 46.2% (57.0)",
        "oppFenwickAgainst": "50.5% (42.0) // 49.5% (40.3) // 46.4% (40.7) // 46.4% (40.7)",
        "oppShotsAgainst": "51.5% (29.8) // 51.8% (29.9) // 50.3% (31.7) // 50.3% (31.7)",
        "oppScoringAgainst": "48.9% (27.8) // 46.4% (24.0) // 44.8% (25.7) // 44.8% (25.7)",
        "totalOver": 53,
        "totalOverLast5": 20,
        "totalOverLast15": 47,
        "lastTotalOver": 58,
        "last5": "6,0,1,2,2,1,4,4,4,1",
        "fd": "0",
        "dk": "+100/-130",
        "kambi": "-114/-114",
        "lowest": "100 DK",
        "implied": 50.0,
        "overOdds": "+100",
        "underOdds": "-130",
        "overUnder": "+100 / -130"
    },
    {
        "player": "Quinn Hughes",
        "team": "VAN",
        "opponent": "NYR",
        "propType": "sog",
        "line": 2.5,
        "ppLine": "PP1",
        "avg": 2.54,
        "hit": false,
        "diffAvg": 0.02,
        "diffAbs": 0.28,
        "lastAvg": 1.97,
        "diff": -0.21,
        "avgMin": 24,
        "proj": 1.8,
        "lastAvgMin": 25.65,
        "oppOver": 0,
        "teamOver": 0,
        "gameLine": "+124",
        "+/-": "+26",
        "L5_+/-": "+3.0",
        "prevMatchup": "2023-10-28 3.0 sog",
        "winLossSplits": "44% - 50%",
        "awayHome": "A",
        "playedYesterday": "N",
        "awayHomeSplits": "35% - 58%",
        "savesAboveExp": 0.388,
        "gsaa": 3.34,
        "corsi": "50.0% (57.8) // 51.5% (57.7) // 53.8% (66.3) // 53.8% (66.3)",
        "fenwick": "49.5% (41.2) // 50.5% (41.2) // 53.6% (47.0) // 53.6% (47.0)",
        "shots": "48.5% (28.0) // 48.2% (27.8) // 49.7% (31.3) // 49.7% (31.3)",
        "scoring": "51.1% (29.0) // 53.6% (27.7) // 55.2% (31.7) // 55.2% (31.7)",
        "corsiAgainst": "50.0% (57.8) // 48.5% (54.2) // 46.2% (57.0) // 46.2% (57.0)",
        "fenwickAgainst": "50.5% (42.0) // 49.5% (40.3) // 46.4% (40.7) // 46.4% (40.7)",
        "shotsAgainst": "51.5% (29.8) // 51.8% (29.9) // 50.3% (31.7) // 50.3% (31.7)",
        "scoringAgainst": "48.9% (27.8) // 46.4% (24.0) // 44.8% (25.7) // 44.8% (25.7)",
        "oppCorsi": "49.8% (60.2) // 51.2% (61.8) // 49.5% (59.4) // 56.5% (66.2)",
        "oppFenwick": "50.6% (44.7) // 51.9% (45.8) // 51.5% (45.4) // 57.0% (49.9)",
        "oppShots": "51.3% (30.8) // 53.6% (32.7) // 52.7% (32.3) // 57.7% (35.4)",
        "oppScoring": "50.9% (29.3) // 51.9% (29.4) // 49.5% (28.3) // 54.9% (30.8)",
        "oppCorsiAgainst": "50.2% (60.6) // 48.8% (59.0) // 50.5% (60.6) // 43.5% (50.9)",
        "oppFenwickAgainst": "49.4% (43.5) // 48.1% (42.4) // 48.5% (42.9) // 43.0% (37.6)",
        "oppShotsAgainst": "48.7% (29.3) // 46.4% (28.3) // 47.3% (28.9) // 42.3% (25.9)",
        "oppScoringAgainst": "49.1% (28.3) // 48.1% (27.3) // 50.5% (28.9) // 45.1% (25.3)",
        "totalOver": 46,
        "totalOverLast5": 20,
        "totalOverLast15": 20,
        "lastTotalOver": 29,
        "last5": "2,2,1,2,3,1,2,1,3,2",
        "fd": "0",
        "dk": "+114/-145",
        "kambi": "102/-132",
        "lowest": "114 DK",
        "implied": 46.728971962616825,
        "overOdds": "+114",
        "underOdds": "-145",
        "overUnder": "+114 / -145"
    },
    {
        "player": "Vincent Trocheck",
        "team": "NYR",
        "opponent": "VAN",
        "propType": "sog",
        "line": 2.5,
        "ppLine": "PP1",
        "avg": 2.47,
        "hit": false,
        "diffAvg": -0.01,
        "diffAbs": 0.04,
        "lastAvg": 2.53,
        "diff": 0.01,
        "avgMin": 20,
        "proj": 2.6,
        "lastAvgMin": 19.3,
        "oppOver": 0,
        "teamOver": 0,
        "gameLine": "-148",
        "+/-": "+5",
        "L5_+/-": "+8.0",
        "prevMatchup": "2023-10-28 3.0 sog",
        "winLossSplits": "46% - 50%",
        "awayHome": "H",
        "playedYesterday": "N",
        "awayHomeSplits": "35% - 61%",
        "savesAboveExp": -0.786,
        "gsaa": 10.67,
        "corsi": "49.8% (60.2) // 51.2% (61.8) // 49.5% (59.4) // 56.5% (66.2)",
        "fenwick": "50.6% (44.7) // 51.9% (45.8) // 51.5% (45.4) // 57.0% (49.9)",
        "shots": "51.3% (30.8) // 53.6% (32.7) // 52.7% (32.3) // 57.7% (35.4)",
        "scoring": "50.9% (29.3) // 51.9% (29.4) // 49.5% (28.3) // 54.9% (30.8)",
        "corsiAgainst": "50.2% (60.6) // 48.8% (59.0) // 50.5% (60.6) // 43.5% (50.9)",
        "fenwickAgainst": "49.4% (43.5) // 48.1% (42.4) // 48.5% (42.9) // 43.0% (37.6)",
        "shotsAgainst": "48.7% (29.3) // 46.4% (28.3) // 47.3% (28.9) // 42.3% (25.9)",
        "scoringAgainst": "49.1% (28.3) // 48.1% (27.3) // 50.5% (28.9) // 45.1% (25.3)",
        "oppCorsi": "50.0% (57.8) // 51.5% (57.7) // 53.8% (66.3) // 53.8% (66.3)",
        "oppFenwick": "49.5% (41.2) // 50.5% (41.2) // 53.6% (47.0) // 53.6% (47.0)",
        "oppShots": "48.5% (28.0) // 48.2% (27.8) // 49.7% (31.3) // 49.7% (31.3)",
        "oppScoring": "51.1% (29.0) // 53.6% (27.7) // 55.2% (31.7) // 55.2% (31.7)",
        "oppCorsiAgainst": "50.0% (57.8) // 48.5% (54.2) // 46.2% (57.0) // 46.2% (57.0)",
        "oppFenwickAgainst": "50.5% (42.0) // 49.5% (40.3) // 46.4% (40.7) // 46.4% (40.7)",
        "oppShotsAgainst": "51.5% (29.8) // 51.8% (29.9) // 50.3% (31.7) // 50.3% (31.7)",
        "oppScoringAgainst": "48.9% (27.8) // 46.4% (24.0) // 44.8% (25.7) // 44.8% (25.7)",
        "totalOver": 47,
        "totalOverLast5": 60,
        "totalOverLast15": 47,
        "lastTotalOver": 41,
        "last5": "4,2,5,2,4,0,3,2,0,5",
        "fd": "0",
        "dk": "-140/+110",
        "kambi": "-125/-106",
        "lowest": "-125 BR",
        "implied": 55.55555555555556,
        "overOdds": "-140",
        "underOdds": "+110",
        "overUnder": "-140 / +110"
    },
    {
        "player": "Conor Garland",
        "team": "VAN",
        "opponent": "NYR",
        "propType": "sog",
        "line": 1.5,
        "ppLine": "PP2",
        "avg": 2.1,
        "hit": false,
        "diffAvg": 0.4,
        "diffAbs": 0.2,
        "lastAvg": 2.06,
        "diff": 0.37,
        "avgMin": 13,
        "proj": 1.8,
        "lastAvgMin": 15.1,
        "oppOver": 0,
        "teamOver": 0,
        "gameLine": "+124",
        "+/-": "+11",
        "L5_+/-": "+8.0",
        "prevMatchup": "2023-10-28 1.0 sog",
        "winLossSplits": "64% - 64%",
        "awayHome": "A",
        "playedYesterday": "N",
        "awayHomeSplits": "75% - 53%",
        "savesAboveExp": 0.388,
        "gsaa": 3.34,
        "corsi": "50.0% (57.8) // 51.5% (57.7) // 53.8% (66.3) // 53.8% (66.3)",
        "fenwick": "49.5% (41.2) // 50.5% (41.2) // 53.6% (47.0) // 53.6% (47.0)",
        "shots": "48.5% (28.0) // 48.2% (27.8) // 49.7% (31.3) // 49.7% (31.3)",
        "scoring": "51.1% (29.0) // 53.6% (27.7) // 55.2% (31.7) // 55.2% (31.7)",
        "corsiAgainst": "50.0% (57.8) // 48.5% (54.2) // 46.2% (57.0) // 46.2% (57.0)",
        "fenwickAgainst": "50.5% (42.0) // 49.5% (40.3) // 46.4% (40.7) // 46.4% (40.7)",
        "shotsAgainst": "51.5% (29.8) // 51.8% (29.9) // 50.3% (31.7) // 50.3% (31.7)",
        "scoringAgainst": "48.9% (27.8) // 46.4% (24.0) // 44.8% (25.7) // 44.8% (25.7)",
        "oppCorsi": "49.8% (60.2) // 51.2% (61.8) // 49.5% (59.4) // 56.5% (66.2)",
        "oppFenwick": "50.6% (44.7) // 51.9% (45.8) // 51.5% (45.4) // 57.0% (49.9)",
        "oppShots": "51.3% (30.8) // 53.6% (32.7) // 52.7% (32.3) // 57.7% (35.4)",
        "oppScoring": "50.9% (29.3) // 51.9% (29.4) // 49.5% (28.3) // 54.9% (30.8)",
        "oppCorsiAgainst": "50.2% (60.6) // 48.8% (59.0) // 50.5% (60.6) // 43.5% (50.9)",
        "oppFenwickAgainst": "49.4% (43.5) // 48.1% (42.4) // 48.5% (42.9) // 43.0% (37.6)",
        "oppShotsAgainst": "48.7% (29.3) // 46.4% (28.3) // 47.3% (28.9) // 42.3% (25.9)",
        "oppScoringAgainst": "49.1% (28.3) // 48.1% (27.3) // 50.5% (28.9) // 45.1% (25.3)",
        "totalOver": 64,
        "totalOverLast5": 40,
        "totalOverLast15": 60,
        "lastTotalOver": 55,
        "last5": "3,2,1,1,0,2,2,1,4,2",
        "fd": "0",
        "dk": "-175/+135",
        "kambi": "0",
        "lowest": "-175 DK",
        "implied": 63.63636363636363,
        "overOdds": "-175",
        "underOdds": "+135",
        "overUnder": "-175 / +135"
    },
    {
        "player": "Jacob Trouba",
        "team": "NYR",
        "opponent": "VAN",
        "propType": "sog",
        "line": 1.5,
        "ppLine": "",
        "avg": 1.74,
        "hit": false,
        "diffAvg": 0.16,
        "diffAbs": 0.53,
        "lastAvg": 2.24,
        "diff": 0.49,
        "avgMin": 22,
        "proj": 2.3,
        "lastAvgMin": 21.18,
        "oppOver": 0,
        "teamOver": 0,
        "gameLine": "-148",
        "+/-": "+9",
        "L5_+/-": "+3.0",
        "prevMatchup": "2023-10-28 1.0 sog",
        "winLossSplits": "50% - 67%",
        "awayHome": "H",
        "playedYesterday": "N",
        "awayHomeSplits": "50% - 61%",
        "savesAboveExp": -0.786,
        "gsaa": 10.67,
        "corsi": "49.8% (60.2) // 51.2% (61.8) // 49.5% (59.4) // 56.5% (66.2)",
        "fenwick": "50.6% (44.7) // 51.9% (45.8) // 51.5% (45.4) // 57.0% (49.9)",
        "shots": "51.3% (30.8) // 53.6% (32.7) // 52.7% (32.3) // 57.7% (35.4)",
        "scoring": "50.9% (29.3) // 51.9% (29.4) // 49.5% (28.3) // 54.9% (30.8)",
        "corsiAgainst": "50.2% (60.6) // 48.8% (59.0) // 50.5% (60.6) // 43.5% (50.9)",
        "fenwickAgainst": "49.4% (43.5) // 48.1% (42.4) // 48.5% (42.9) // 43.0% (37.6)",
        "shotsAgainst": "48.7% (29.3) // 46.4% (28.3) // 47.3% (28.9) // 42.3% (25.9)",
        "scoringAgainst": "49.1% (28.3) // 48.1% (27.3) // 50.5% (28.9) // 45.1% (25.3)",
        "oppCorsi": "50.0% (57.8) // 51.5% (57.7) // 53.8% (66.3) // 53.8% (66.3)",
        "oppFenwick": "49.5% (41.2) // 50.5% (41.2) // 53.6% (47.0) // 53.6% (47.0)",
        "oppShots": "48.5% (28.0) // 48.2% (27.8) // 49.7% (31.3) // 49.7% (31.3)",
        "oppScoring": "51.1% (29.0) // 53.6% (27.7) // 55.2% (31.7) // 55.2% (31.7)",
        "oppCorsiAgainst": "50.0% (57.8) // 48.5% (54.2) // 46.2% (57.0) // 46.2% (57.0)",
        "oppFenwickAgainst": "50.5% (42.0) // 49.5% (40.3) // 46.4% (40.7) // 46.4% (40.7)",
        "oppShotsAgainst": "51.5% (29.8) // 51.8% (29.9) // 50.3% (31.7) // 50.3% (31.7)",
        "oppScoringAgainst": "48.9% (27.8) // 46.4% (24.0) // 44.8% (25.7) // 44.8% (25.7)",
        "totalOver": 55,
        "totalOverLast5": 80,
        "totalOverLast15": 47,
        "lastTotalOver": 70,
        "last5": "3,2,4,2,0,0,2,1,0,0",
        "fd": "0",
        "dk": "-135/+105",
        "kambi": "0",
        "lowest": "-135 DK",
        "implied": 57.446808510638306,
        "overOdds": "-135",
        "underOdds": "+105",
        "overUnder": "-135 / +105"
    },
    {
        "player": "Bryan Rust",
        "team": "PIT",
        "opponent": "PHI",
        "propType": "sog",
        "line": 2.5,
        "ppLine": "PP2",
        "avg": 3.12,
        "hit": false,
        "diffAvg": 0.25,
        "diffAbs": 0.04,
        "lastAvg": 2.6,
        "diff": 0.04,
        "avgMin": 18,
        "proj": 2.6,
        "lastAvgMin": 17.88,
        "oppOver": 0,
        "teamOver": 0,
        "gameLine": "-125",
        "+/-": "+10",
        "L5_+/-": 0.0,
        "prevMatchup": "2023-12-04 2.0 sog 2023-12-02 6.0 sog",
        "winLossSplits": "64% - 57%",
        "awayHome": "A",
        "playedYesterday": "N",
        "awayHomeSplits": "46% - 75%",
        "savesAboveExp": 0.493,
        "gsaa": 5.6,
        "corsi": "52.6% (65.8) // 54.1% (68.7) // 55.0% (72.8) // 56.5% (71.3)",
        "fenwick": "51.7% (47.1) // 54.1% (47.9) // 55.3% (51.8) // 57.5% (52.3)",
        "shots": "52.4% (32.8) // 54.5% (33.5) // 54.7% (35.8) // 57.2% (37.0)",
        "scoring": "52.9% (32.1) // 55.1% (33.5) // 56.3% (33.8) // 62.6% (34.0)",
        "corsiAgainst": "47.4% (59.4) // 45.9% (58.3) // 45.0% (59.6) // 43.5% (55.0)",
        "fenwickAgainst": "48.3% (44.1) // 45.9% (40.7) // 44.7% (41.8) // 42.5% (38.7)",
        "shotsAgainst": "47.6% (29.8) // 45.5% (27.9) // 45.3% (29.6) // 42.8% (27.7)",
        "scoringAgainst": "47.1% (28.6) // 44.9% (27.2) // 43.7% (26.2) // 37.4% (20.3)",
        "oppCorsi": "50.0% (60.2) // 49.8% (59.8) // 51.8% (65.0) // 53.6% (67.8)",
        "oppFenwick": "52.0% (44.6) // 52.0% (45.0) // 53.2% (47.6) // 55.5% (50.6)",
        "oppShots": "53.5% (32.5) // 52.6% (32.8) // 54.4% (34.9) // 57.7% (38.9)",
        "oppScoring": "48.8% (27.4) // 47.6% (27.0) // 50.9% (28.9) // 52.0% (30.2)",
        "oppCorsiAgainst": "50.0% (60.3) // 50.2% (60.3) // 48.2% (60.5) // 46.4% (58.7)",
        "oppFenwickAgainst": "48.0% (41.1) // 48.0% (41.6) // 46.8% (41.9) // 44.5% (40.5)",
        "oppShotsAgainst": "46.5% (28.3) // 47.4% (29.6) // 45.6% (29.3) // 42.3% (28.5)",
        "oppScoringAgainst": "51.2% (28.8) // 52.4% (29.7) // 49.1% (27.9) // 48.0% (27.9)",
        "totalOver": 60,
        "totalOverLast5": 20,
        "totalOverLast15": 53,
        "lastTotalOver": 42,
        "last5": "4,2,1,1,2,6,4,3,3,2",
        "fd": "0",
        "dk": "+114/-145",
        "kambi": "0",
        "lowest": "114 DK",
        "implied": 46.728971962616825,
        "overOdds": "+114",
        "underOdds": "-145",
        "overUnder": "+114 / -145"
    },
    {
        "player": "Cam Atkinson",
        "team": "PHI",
        "opponent": "PIT",
        "propType": "sog",
        "line": 2.5,
        "ppLine": "",
        "avg": 3.03,
        "hit": false,
        "diffAvg": 0.21,
        "diffAbs": 1.0,
        "lastAvg": 0,
        "diff": 0,
        "avgMin": 17,
        "proj": 0.0,
        "lastAvgMin": 0,
        "oppOver": 0,
        "teamOver": 0,
        "gameLine": "+105",
        "+/-": -10,
        "L5_+/-": -2.0,
        "prevMatchup": "2023-12-04 3.0 sog 2023-12-02 2.0 sog",
        "winLossSplits": "60% - 67%",
        "awayHome": "H",
        "playedYesterday": "N",
        "awayHomeSplits": "52% - 76%",
        "savesAboveExp": -1.293,
        "gsaa": 5.54,
        "corsi": "50.0% (60.2) // 49.8% (59.8) // 51.8% (65.0) // 53.6% (67.8)",
        "fenwick": "52.0% (44.6) // 52.0% (45.0) // 53.2% (47.6) // 55.5% (50.6)",
        "shots": "53.5% (32.5) // 52.6% (32.8) // 54.4% (34.9) // 57.7% (38.9)",
        "scoring": "48.8% (27.4) // 47.6% (27.0) // 50.9% (28.9) // 52.0% (30.2)",
        "corsiAgainst": "50.0% (60.3) // 50.2% (60.3) // 48.2% (60.5) // 46.4% (58.7)",
        "fenwickAgainst": "48.0% (41.1) // 48.0% (41.6) // 46.8% (41.9) // 44.5% (40.5)",
        "shotsAgainst": "46.5% (28.3) // 47.4% (29.6) // 45.6% (29.3) // 42.3% (28.5)",
        "scoringAgainst": "51.2% (28.8) // 52.4% (29.7) // 49.1% (27.9) // 48.0% (27.9)",
        "oppCorsi": "52.6% (65.8) // 54.1% (68.7) // 55.0% (72.8) // 56.5% (71.3)",
        "oppFenwick": "51.7% (47.1) // 54.1% (47.9) // 55.3% (51.8) // 57.5% (52.3)",
        "oppShots": "52.4% (32.8) // 54.5% (33.5) // 54.7% (35.8) // 57.2% (37.0)",
        "oppScoring": "52.9% (32.1) // 55.1% (33.5) // 56.3% (33.8) // 62.6% (34.0)",
        "oppCorsiAgainst": "47.4% (59.4) // 45.9% (58.3) // 45.0% (59.6) // 43.5% (55.0)",
        "oppFenwickAgainst": "48.3% (44.1) // 45.9% (40.7) // 44.7% (41.8) // 42.5% (38.7)",
        "oppShotsAgainst": "47.6% (29.8) // 45.5% (27.9) // 45.3% (29.6) // 42.8% (27.7)",
        "oppScoringAgainst": "47.1% (28.6) // 44.9% (27.2) // 43.7% (26.2) // 37.4% (20.3)",
        "totalOver": 63,
        "totalOverLast5": 80,
        "totalOverLast15": 47,
        "lastTotalOver": 0,
        "last5": "3,3,7,2,4,1,2,0,1,6",
        "fd": "0",
