[
    {
        "player": "Jack Hughes",
        "team": "NJ",
        "opponent": "BOS",
        "propType": "sog",
        "line": 4.5,
        "ppLine": "",
        "avg": 4.5,
        "hit": false,
        "diffAvg": 0.0,
        "diffAbs": 0.18,
        "lastAvg": 3.69,
        "diff": -0.18,
        "avgMin": 20,
        "proj": 3.7,
        "lastAvgMin": 19.95,
        "oppOver": 0,
        "teamOver": 0,
        "gameLine": "+136",
        "+/-": -4,
        "L5_+/-": -4.0,
        "prevMatchup": "2023-12-30 4.0 sog 2023-12-13 4.0 sog",
        "winLossSplits": "41% - 46%",
        "awayHome": "A",
        "playedYesterday": "Y",
        "awayHomeSplits": "38% - 47%",
        "savesAboveExp": 0.892,
        "gsaa": 6.56,
        "corsi": "54.4% (64.2) // 52.9% (61.5) // 51.2% (60.6) // 52.2% (62.2)",
        "fenwick": "52.5% (44.7) // 51.4% (42.5) // 51.4% (43.3) // 52.0% (42.8)",
        "shots": "52.2% (31.5) // 52.0% (30.2) // 51.8% (31.8) // 53.0% (32.3)",
        "scoring": "55.0% (31.4) // 53.7% (29.8) // 50.4% (26.8) // 53.0% (29.3)",
        "corsiAgainst": "45.6% (53.8) // 47.1% (54.7) // 48.8% (57.8) // 47.8% (57.0)",
        "fenwickAgainst": "47.5% (40.5) // 48.6% (40.2) // 48.6% (40.9) // 48.0% (39.5)",
        "shotsAgainst": "47.8% (28.9) // 48.0% (27.9) // 48.2% (29.6) // 47.0% (28.6)",
        "scoringAgainst": "45.0% (25.7) // 46.3% (25.6) // 49.6% (26.4) // 47.0% (26.0)",
        "oppCorsi": "48.4% (58.4) // 47.4% (55.7) // 44.4% (50.8) // 45.5% (50.0)",
        "oppFenwick": "48.5% (42.9) // 47.0% (41.0) // 44.8% (37.5) // 46.9% (38.0)",
        "oppShots": "48.9% (30.4) // 46.2% (28.0) // 44.4% (25.5) // 48.7% (28.0)",
        "oppScoring": "50.2% (29.7) // 46.4% (26.8) // 44.5% (23.2) // 53.1% (26.0)",
        "oppCorsiAgainst": "51.6% (62.4) // 52.6% (61.9) // 55.6% (63.5) // 54.5% (60.0)",
        "oppFenwickAgainst": "51.5% (45.6) // 53.0% (46.2) // 55.2% (46.2) // 53.1% (43.0)",
        "oppShotsAgainst": "51.1% (31.8) // 53.8% (32.6) // 55.6% (32.0) // 51.3% (29.5)",
        "oppScoringAgainst": "49.8% (29.5) // 53.6% (31.0) // 55.5% (29.0) // 46.9% (23.0)",
        "totalOver": 43,
        "totalOverLast5": 20,
        "totalOverLast15": 33,
        "lastTotalOver": 42,
        "last5": "4,3,8,2,3,1,4,3,4,5",
        "fd": "+142",
        "dk": "+130/-166",
        "kambi": "120/-157",
        "lowest": "142 FD",
        "implied": 41.32231404958678,
        "overOdds": "+130",
        "underOdds": "-166",
        "overUnder": "+130 / -166"
    },
    {
        "player": "Jesper Bratt",
        "team": "NJ",
        "opponent": "BOS",
        "propType": "sog",
        "line": 2.5,
        "ppLine": "",
        "avg": 2.66,
        "hit": false,
        "diffAvg": 0.06,
        "diffAbs": 0.08,
        "lastAvg": 2.26,
        "diff": -0.1,
        "avgMin": 18,
        "proj": 2.3,
        "lastAvgMin": 17.37,
        "oppOver": 0,
        "teamOver": 0,
        "gameLine": "+136",
        "+/-": -2,
        "L5_+/-": -2.0,
        "prevMatchup": "2023-12-30 4.0 sog 2023-12-13 5.0 sog",
        "winLossSplits": "53% - 50%",
        "awayHome": "A",
        "playedYesterday": "Y",
        "awayHomeSplits": "47% - 56%",
        "savesAboveExp": 0.892,
        "gsaa": 6.56,
        "corsi": "54.4% (64.2) // 52.9% (61.5) // 51.2% (60.6) // 52.2% (62.2)",
        "fenwick": "52.5% (44.7) // 51.4% (42.5) // 51.4% (43.3) // 52.0% (42.8)",
        "shots": "52.2% (31.5) // 52.0% (30.2) // 51.8% (31.8) // 53.0% (32.3)",
        "scoring": "55.0% (31.4) // 53.7% (29.8) // 50.4% (26.8) // 53.0% (29.3)",
        "corsiAgainst": "45.6% (53.8) // 47.1% (54.7) // 48.8% (57.8) // 47.8% (57.0)",
        "fenwickAgainst": "47.5% (40.5) // 48.6% (40.2) // 48.6% (40.9) // 48.0% (39.5)",
        "shotsAgainst": "47.8% (28.9) // 48.0% (27.9) // 48.2% (29.6) // 47.0% (28.6)",
        "scoringAgainst": "45.0% (25.7) // 46.3% (25.6) // 49.6% (26.4) // 47.0% (26.0)",
        "oppCorsi": "48.4% (58.4) // 47.4% (55.7) // 44.4% (50.8) // 45.5% (50.0)",
        "oppFenwick": "48.5% (42.9) // 47.0% (41.0) // 44.8% (37.5) // 46.9% (38.0)",
        "oppShots": "48.9% (30.4) // 46.2% (28.0) // 44.4% (25.5) // 48.7% (28.0)",
        "oppScoring": "50.2% (29.7) // 46.4% (26.8) // 44.5% (23.2) // 53.1% (26.0)",
        "oppCorsiAgainst": "51.6% (62.4) // 52.6% (61.9) // 55.6% (63.5) // 54.5% (60.0)",
        "oppFenwickAgainst": "51.5% (45.6) // 53.0% (46.2) // 55.2% (46.2) // 53.1% (43.0)",
        "oppShotsAgainst": "51.1% (31.8) // 53.8% (32.6) // 55.6% (32.0) // 51.3% (29.5)",
        "oppScoringAgainst": "49.8% (29.5) // 53.6% (31.0) // 55.5% (29.0) // 46.9% (23.0)",
        "totalOver": 51,
        "totalOverLast5": 80,
        "totalOverLast15": 67,
        "lastTotalOver": 42,
        "last5": "4,3,2,3,3,2,2,3,5,3",
        "fd": "-128/-102",
        "dk": "-125/-105",
        "kambi": "-106/-122",
        "lowest": "-106 BR",
        "implied": 51.45631067961165,
        "overOdds": "-125",
        "underOdds": "-105",
        "overUnder": "-125 / -105"
    },
    {
        "player": "Nico Hischier",
        "team": "NJ",
        "opponent": "BOS",
        "propType": "sog",
        "line": 2.5,
        "ppLine": "",
        "avg": 1.96,
        "hit": false,
        "diffAvg": -0.22,
        "diffAbs": 0.04,
        "lastAvg": 2.75,
        "diff": 0.1,
        "avgMin": 17,
        "proj": 2.4,
        "lastAvgMin": 19.28,
        "oppOver": 0,
        "teamOver": 0,
        "gameLine": "+136",
        "+/-": -3,
        "L5_+/-": -7.0,
        "prevMatchup": "2023-12-30 2.0 sog 2023-12-13 1.0 sog",
        "winLossSplits": "27% - 44%",
        "awayHome": "A",
        "playedYesterday": "Y",
        "awayHomeSplits": "40% - 29%",
        "savesAboveExp": 0.892,
        "gsaa": 6.56,
        "corsi": "54.4% (64.2) // 52.9% (61.5) // 51.2% (60.6) // 52.2% (62.2)",
        "fenwick": "52.5% (44.7) // 51.4% (42.5) // 51.4% (43.3) // 52.0% (42.8)",
        "shots": "52.2% (31.5) // 52.0% (30.2) // 51.8% (31.8) // 53.0% (32.3)",
        "scoring": "55.0% (31.4) // 53.7% (29.8) // 50.4% (26.8) // 53.0% (29.3)",
        "corsiAgainst": "45.6% (53.8) // 47.1% (54.7) // 48.8% (57.8) // 47.8% (57.0)",
        "fenwickAgainst": "47.5% (40.5) // 48.6% (40.2) // 48.6% (40.9) // 48.0% (39.5)",
        "shotsAgainst": "47.8% (28.9) // 48.0% (27.9) // 48.2% (29.6) // 47.0% (28.6)",
        "scoringAgainst": "45.0% (25.7) // 46.3% (25.6) // 49.6% (26.4) // 47.0% (26.0)",
        "oppCorsi": "48.4% (58.4) // 47.4% (55.7) // 44.4% (50.8) // 45.5% (50.0)",
        "oppFenwick": "48.5% (42.9) // 47.0% (41.0) // 44.8% (37.5) // 46.9% (38.0)",
        "oppShots": "48.9% (30.4) // 46.2% (28.0) // 44.4% (25.5) // 48.7% (28.0)",
        "oppScoring": "50.2% (29.7) // 46.4% (26.8) // 44.5% (23.2) // 53.1% (26.0)",
        "oppCorsiAgainst": "51.6% (62.4) // 52.6% (61.9) // 55.6% (63.5) // 54.5% (60.0)",
        "oppFenwickAgainst": "51.5% (45.6) // 53.0% (46.2) // 55.2% (46.2) // 53.1% (43.0)",
        "oppShotsAgainst": "51.1% (31.8) // 53.8% (32.6) // 55.6% (32.0) // 51.3% (29.5)",
        "oppScoringAgainst": "49.8% (29.5) // 53.6% (31.0) // 55.5% (29.0) // 46.9% (23.0)",
        "totalOver": 33,
        "totalOverLast5": 20,
        "totalOverLast15": 27,
        "lastTotalOver": 55,
        "last5": "2,3,0,2,0,5,2,2,1,1",
        "fd": "+108/-140",
        "dk": "+105/-135",
        "kambi": "110/-143",
        "lowest": "110 BR",
        "implied": 47.61904761904761,
        "overOdds": "+105",
        "underOdds": "-135",
        "overUnder": "+105 / -135"
    },
    {
        "player": "Timo Meier",
        "team": "NJ",
        "opponent": "BOS",
        "propType": "sog",
        "line": 2.5,
        "ppLine": "",
        "avg": 2.79,
        "hit": false,
        "diffAvg": 0.12,
        "diffAbs": 0.2,
        "lastAvg": 3.67,
        "diff": 0.47,
        "avgMin": 16,
        "proj": 3.0,
        "lastAvgMin": 19.38,
        "oppOver": 0,
        "teamOver": 0,
        "gameLine": "+136",
        "+/-": -16,
        "L5_+/-": -1.0,
        "prevMatchup": "2023-12-30 1.0 sog 2023-12-13 6.0 sog",
        "winLossSplits": "53% - 46%",
        "awayHome": "A",
        "playedYesterday": "Y",
        "awayHomeSplits": "50% - 50%",
        "savesAboveExp": 0.892,
        "gsaa": 6.56,
        "corsi": "54.4% (64.2) // 52.9% (61.5) // 51.2% (60.6) // 52.2% (62.2)",
        "fenwick": "52.5% (44.7) // 51.4% (42.5) // 51.4% (43.3) // 52.0% (42.8)",
        "shots": "52.2% (31.5) // 52.0% (30.2) // 51.8% (31.8) // 53.0% (32.3)",
        "scoring": "55.0% (31.4) // 53.7% (29.8) // 50.4% (26.8) // 53.0% (29.3)",
        "corsiAgainst": "45.6% (53.8) // 47.1% (54.7) // 48.8% (57.8) // 47.8% (57.0)",
        "fenwickAgainst": "47.5% (40.5) // 48.6% (40.2) // 48.6% (40.9) // 48.0% (39.5)",
        "shotsAgainst": "47.8% (28.9) // 48.0% (27.9) // 48.2% (29.6) // 47.0% (28.6)",
        "scoringAgainst": "45.0% (25.7) // 46.3% (25.6) // 49.6% (26.4) // 47.0% (26.0)",
        "oppCorsi": "48.4% (58.4) // 47.4% (55.7) // 44.4% (50.8) // 45.5% (50.0)",
        "oppFenwick": "48.5% (42.9) // 47.0% (41.0) // 44.8% (37.5) // 46.9% (38.0)",
        "oppShots": "48.9% (30.4) // 46.2% (28.0) // 44.4% (25.5) // 48.7% (28.0)",
        "oppScoring": "50.2% (29.7) // 46.4% (26.8) // 44.5% (23.2) // 53.1% (26.0)",
        "oppCorsiAgainst": "51.6% (62.4) // 52.6% (61.9) // 55.6% (63.5) // 54.5% (60.0)",
        "oppFenwickAgainst": "51.5% (45.6) // 53.0% (46.2) // 55.2% (46.2) // 53.1% (43.0)",
        "oppShotsAgainst": "51.1% (31.8) // 53.8% (32.6) // 55.6% (32.0) // 51.3% (29.5)",
        "oppScoringAgainst": "49.8% (29.5) // 53.6% (31.0) // 55.5% (29.0) // 46.9% (23.0)",
        "totalOver": 50,
        "totalOverLast5": 40,
        "totalOverLast15": 40,
        "lastTotalOver": 70,
        "last5": "1,1,5,5,1,0,4,1,6,1",
        "fd": "-160/+122",
        "dk": "-135/+105",
        "kambi": "-157/120",
        "lowest": "-135 DK",
        "implied": 57.446808510638306,
        "overOdds": "-135",
        "underOdds": "+105",
        "overUnder": "-135 / +105"
    },
    {
        "player": "Tyler Toffoli",
        "team": "NJ",
        "opponent": "BOS",
        "propType": "sog",
        "line": 2.5,
        "ppLine": "",
        "avg": 2.94,
        "hit": false,
        "diffAvg": 0.18,
        "diffAbs": 0.32,
        "lastAvg": 3.27,
        "diff": 0.31,
        "avgMin": 17,
        "proj": 3.3,
        "lastAvgMin": 16.6,
        "oppOver": 0,
        "teamOver": 0,
        "gameLine": "+136",
        "+/-": -8,
        "L5_+/-": "+1.0",
        "prevMatchup": "2023-12-30 1.0 sog 2023-12-13 1.0 sog",
        "winLossSplits": "58% - 44%",
        "awayHome": "A",
        "playedYesterday": "Y",
        "awayHomeSplits": "53% - 50%",
        "savesAboveExp": 0.892,
        "gsaa": 6.56,
        "corsi": "54.4% (64.2) // 52.9% (61.5) // 51.2% (60.6) // 52.2% (62.2)",
        "fenwick": "52.5% (44.7) // 51.4% (42.5) // 51.4% (43.3) // 52.0% (42.8)",
        "shots": "52.2% (31.5) // 52.0% (30.2) // 51.8% (31.8) // 53.0% (32.3)",
        "scoring": "55.0% (31.4) // 53.7% (29.8) // 50.4% (26.8) // 53.0% (29.3)",
        "corsiAgainst": "45.6% (53.8) // 47.1% (54.7) // 48.8% (57.8) // 47.8% (57.0)",
        "fenwickAgainst": "47.5% (40.5) // 48.6% (40.2) // 48.6% (40.9) // 48.0% (39.5)",
        "shotsAgainst": "47.8% (28.9) // 48.0% (27.9) // 48.2% (29.6) // 47.0% (28.6)",
        "scoringAgainst": "45.0% (25.7) // 46.3% (25.6) // 49.6% (26.4) // 47.0% (26.0)",
        "oppCorsi": "48.4% (58.4) // 47.4% (55.7) // 44.4% (50.8) // 45.5% (50.0)",
        "oppFenwick": "48.5% (42.9) // 47.0% (41.0) // 44.8% (37.5) // 46.9% (38.0)",
        "oppShots": "48.9% (30.4) // 46.2% (28.0) // 44.4% (25.5) // 48.7% (28.0)",
        "oppScoring": "50.2% (29.7) // 46.4% (26.8) // 44.5% (23.2) // 53.1% (26.0)",
        "oppCorsiAgainst": "51.6% (62.4) // 52.6% (61.9) // 55.6% (63.5) // 54.5% (60.0)",
        "oppFenwickAgainst": "51.5% (45.6) // 53.0% (46.2) // 55.2% (46.2) // 53.1% (43.0)",
        "oppShotsAgainst": "51.1% (31.8) // 53.8% (32.6) // 55.6% (32.0) // 51.3% (29.5)",
        "oppScoringAgainst": "49.8% (29.5) // 53.6% (31.0) // 55.5% (29.0) // 46.9% (23.0)",
        "totalOver": 51,
        "totalOverLast5": 60,
        "totalOverLast15": 33,
        "lastTotalOver": 63,
        "last5": "1,3,2,3,5,0,0,2,1,2",
        "fd": "-132/+104",
        "dk": "-135/+105",
        "kambi": "-136/105",
        "lowest": "-132 FD",
        "implied": 56.896551724137936,
        "overOdds": "-135",
        "underOdds": "+105",
        "overUnder": "-135 / +105"
    },
    {
        "player": "Aaron Ekblad",
        "team": "FLA",
        "opponent": "MTL",
        "propType": "sog",
        "line": 2.5,
        "ppLine": "",
        "avg": 1.89,
        "hit": false,
        "diffAvg": -0.24,
        "diffAbs": 0.16,
        "lastAvg": 2.37,
        "diff": -0.05,
        "avgMin": 21,
        "proj": 2.1,
        "lastAvgMin": 23.38,
        "oppOver": 0,
        "teamOver": 0,
        "gameLine": "-258",
        "+/-": "+7",
        "L5_+/-": "+3.0",
        "prevMatchup": "2023-12-30 0.0 sog 2023-11-30 0.0 sog",
        "winLossSplits": "18% - 50%",
        "awayHome": "H",
        "playedYesterday": "Y",
        "awayHomeSplits": "33% - 30%",
        "savesAboveExp": 0.116,
        "gsaa": -0.02,
        "corsi": "56.9% (69.6) // 58.4% (69.8) // 59.0% (70.8) // 54.5% (66.0)",
        "fenwick": "55.8% (48.4) // 56.8% (49.4) // 56.5% (50.2) // 51.4% (44.3)",
        "shots": "55.6% (33.8) // 56.9% (33.7) // 56.3% (33.8) // 52.0% (29.7)",
        "scoring": "56.7% (32.1) // 57.8% (32.7) // 60.5% (32.4) // 56.2% (30.3)",
        "corsiAgainst": "43.1% (52.6) // 41.6% (49.7) // 41.0% (49.2) // 45.5% (55.0)",
        "fenwickAgainst": "44.2% (38.3) // 43.2% (37.6) // 43.5% (38.6) // 48.6% (42.0)",
        "shotsAgainst": "44.4% (27.0) // 43.1% (25.5) // 43.7% (26.2) // 48.0% (27.3)",
        "scoringAgainst": "43.3% (24.5) // 42.2% (23.9) // 39.5% (21.2) // 43.8% (23.7)",
        "oppCorsi": "46.8% (56.3) // 48.5% (57.9) // 47.0% (52.2) // 43.1% (50.0)",
        "oppFenwick": "47.2% (40.7) // 50.1% (43.1) // 49.4% (37.2) // 47.1% (37.0)",
        "oppShots": "46.3% (28.1) // 48.0% (28.6) // 47.7% (22.8) // 41.2% (20.0)",
        "oppScoring": "46.2% (27.8) // 47.5% (27.3) // 41.0% (19.6) // 37.4% (17.0)",
        "oppCorsiAgainst": "53.2% (64.0) // 51.5% (61.5) // 53.0% (58.8) // 56.9% (66.0)",
        "oppFenwickAgainst": "52.8% (45.6) // 49.9% (43.0) // 50.6% (38.2) // 52.9% (41.5)",
        "oppShotsAgainst": "53.7% (32.6) // 52.0% (31.1) // 52.3% (25.0) // 58.8% (28.5)",
        "oppScoringAgainst": "53.8% (32.3) // 52.5% (30.2) // 59.0% (28.2) // 62.6% (28.5)",
        "totalOver": 32,
        "totalOverLast5": 0,
        "totalOverLast15": 20,
        "lastTotalOver": 39,
        "last5": "0,0,2,1,1,4,1,1,0,1",
        "fd": "0",
        "dk": "+145/-190",
        "kambi": "124/-162",
        "lowest": "145 DK",
        "implied": 40.816326530612244,
        "overOdds": "+145",
        "underOdds": "-190",
        "overUnder": "+145 / -190"
    },
    {
        "player": "Aleksander Barkov",
        "team": "FLA",
        "opponent": "MTL",
        "propType": "sog",
        "line": 3.5,
        "ppLine": "",
        "avg": 3.03,
        "hit": false,
        "diffAvg": -0.13,
        "diffAbs": 0.43,
        "lastAvg": 2.29,
        "diff": -0.35,
        "avgMin": 19,
        "proj": 2.0,
        "lastAvgMin": 21.22,
        "oppOver": 0,
        "teamOver": 0,
        "gameLine": "-258",
        "+/-": "+20",
        "L5_+/-": "+1.0",
        "prevMatchup": "2023-12-30 1.0 sog 2023-11-30 3.0 sog",
        "winLossSplits": "40% - 31%",
        "awayHome": "H",
        "playedYesterday": "Y",
        "awayHomeSplits": "37% - 36%",
        "savesAboveExp": 0.116,
        "gsaa": -0.02,
        "corsi": "56.9% (69.6) // 58.4% (69.8) // 59.0% (70.8) // 54.5% (66.0)",
        "fenwick": "55.8% (48.4) // 56.8% (49.4) // 56.5% (50.2) // 51.4% (44.3)",
        "shots": "55.6% (33.8) // 56.9% (33.7) // 56.3% (33.8) // 52.0% (29.7)",
        "scoring": "56.7% (32.1) // 57.8% (32.7) // 60.5% (32.4) // 56.2% (30.3)",
        "corsiAgainst": "43.1% (52.6) // 41.6% (49.7) // 41.0% (49.2) // 45.5% (55.0)",
        "fenwickAgainst": "44.2% (38.3) // 43.2% (37.6) // 43.5% (38.6) // 48.6% (42.0)",
        "shotsAgainst": "44.4% (27.0) // 43.1% (25.5) // 43.7% (26.2) // 48.0% (27.3)",
        "scoringAgainst": "43.3% (24.5) // 42.2% (23.9) // 39.5% (21.2) // 43.8% (23.7)",
        "oppCorsi": "46.8% (56.3) // 48.5% (57.9) // 47.0% (52.2) // 43.1% (50.0)",
        "oppFenwick": "47.2% (40.7) // 50.1% (43.1) // 49.4% (37.2) // 47.1% (37.0)",
        "oppShots": "46.3% (28.1) // 48.0% (28.6) // 47.7% (22.8) // 41.2% (20.0)",
        "oppScoring": "46.2% (27.8) // 47.5% (27.3) // 41.0% (19.6) // 37.4% (17.0)",
        "oppCorsiAgainst": "53.2% (64.0) // 51.5% (61.5) // 53.0% (58.8) // 56.9% (66.0)",
        "oppFenwickAgainst": "52.8% (45.6) // 49.9% (43.0) // 50.6% (38.2) // 52.9% (41.5)",
        "oppShotsAgainst": "53.7% (32.6) // 52.0% (31.1) // 52.3% (25.0) // 58.8% (28.5)",
        "oppScoringAgainst": "53.8% (32.3) // 52.5% (30.2) // 59.0% (28.2) // 62.6% (28.5)",
        "totalOver": 36,
        "totalOverLast5": 20,
        "totalOverLast15": 33,
        "lastTotalOver": 27,
        "last5": "1,3,3,4,1,3,7,4,3,5",
        "fd": "+146",
        "dk": "+135/-175",
        "kambi": "0",
        "lowest": "146 FD",
        "implied": 40.65040650406504,
        "overOdds": "+135",
        "underOdds": "-175",
        "overUnder": "+135 / -175"
    },
    {
        "player": "Brandon Montour",
        "team": "FLA",
        "opponent": "MTL",
        "propType": "sog",
        "line": 2.5,
        "ppLine": "",
        "avg": 2.3,
        "hit": false,
        "diffAvg": -0.08,
        "diffAbs": 0.08,
        "lastAvg": 2.4,
        "diff": -0.04,
        "avgMin": 23,
        "proj": 2.3,
        "lastAvgMin": 24.12,
        "oppOver": 0,
        "teamOver": 0,
        "gameLine": "-258",
        "+/-": -3,
        "L5_+/-": -6.0,
        "prevMatchup": "2023-12-30 2.0 sog 2023-11-30 0.0 sog",
        "winLossSplits": "25% - 50%",
        "awayHome": "H",
        "playedYesterday": "Y",
        "awayHomeSplits": "30% - 40%",
        "savesAboveExp": 0.116,
        "gsaa": -0.02,
        "corsi": "56.9% (69.6) // 58.4% (69.8) // 59.0% (70.8) // 54.5% (66.0)",
        "fenwick": "55.8% (48.4) // 56.8% (49.4) // 56.5% (50.2) // 51.4% (44.3)",
        "shots": "55.6% (33.8) // 56.9% (33.7) // 56.3% (33.8) // 52.0% (29.7)",
        "scoring": "56.7% (32.1) // 57.8% (32.7) // 60.5% (32.4) // 56.2% (30.3)",
        "corsiAgainst": "43.1% (52.6) // 41.6% (49.7) // 41.0% (49.2) // 45.5% (55.0)",
        "fenwickAgainst": "44.2% (38.3) // 43.2% (37.6) // 43.5% (38.6) // 48.6% (42.0)",
        "shotsAgainst": "44.4% (27.0) // 43.1% (25.5) // 43.7% (26.2) // 48.0% (27.3)",
        "scoringAgainst": "43.3% (24.5) // 42.2% (23.9) // 39.5% (21.2) // 43.8% (23.7)",
        "oppCorsi": "46.8% (56.3) // 48.5% (57.9) // 47.0% (52.2) // 43.1% (50.0)",
        "oppFenwick": "47.2% (40.7) // 50.1% (43.1) // 49.4% (37.2) // 47.1% (37.0)",
        "oppShots": "46.3% (28.1) // 48.0% (28.6) // 47.7% (22.8) // 41.2% (20.0)",
        "oppScoring": "46.2% (27.8) // 47.5% (27.3) // 41.0% (19.6) // 37.4% (17.0)",
        "oppCorsiAgainst": "53.2% (64.0) // 51.5% (61.5) // 53.0% (58.8) // 56.9% (66.0)",
        "oppFenwickAgainst": "52.8% (45.6) // 49.9% (43.0) // 50.6% (38.2) // 52.9% (41.5)",
        "oppShotsAgainst": "53.7% (32.6) // 52.0% (31.1) // 52.3% (25.0) // 58.8% (28.5)",
        "oppScoringAgainst": "53.8% (32.3) // 52.5% (30.2) // 59.0% (28.2) // 62.6% (28.5)",
        "totalOver": 35,
        "totalOverLast5": 40,
        "totalOverLast15": 33,
        "lastTotalOver": 53,
        "last5": "2,0,2,3,4,1,5,2,1,6",
        "fd": "-140/+108",
        "dk": "-135/+105",
        "kambi": "0",
        "lowest": "-135 DK",
        "implied": 57.446808510638306,
        "overOdds": "-135",
        "underOdds": "+105",
        "overUnder": "-135 / +105"
    },
    {
        "player": "Carter Verhaeghe",
        "team": "FLA",
        "opponent": "MTL",
        "propType": "sog",
        "line": 3.5,
        "ppLine": "",
        "avg": 3.44,
        "hit": false,
        "diffAvg": -0.02,
        "diffAbs": 0.26,
        "lastAvg": 2.7,
        "diff": -0.23,
        "avgMin": 17,
        "proj": 2.6,
        "lastAvgMin": 17.5,
        "oppOver": 0,
        "teamOver": 0,
        "gameLine": "-258",
        "+/-": "+4",
        "L5_+/-": -1.0,
        "prevMatchup": "2023-12-30 2.0 sog 2023-11-30 4.0 sog",
        "winLossSplits": "55% - 36%",
        "awayHome": "H",
        "playedYesterday": "Y",
        "awayHomeSplits": "42% - 53%",
        "savesAboveExp": 0.116,
        "gsaa": -0.02,
        "corsi": "56.9% (69.6) // 58.4% (69.8) // 59.0% (70.8) // 54.5% (66.0)",
        "fenwick": "55.8% (48.4) // 56.8% (49.4) // 56.5% (50.2) // 51.4% (44.3)",
        "shots": "55.6% (33.8) // 56.9% (33.7) // 56.3% (33.8) // 52.0% (29.7)",
        "scoring": "56.7% (32.1) // 57.8% (32.7) // 60.5% (32.4) // 56.2% (30.3)",
        "corsiAgainst": "43.1% (52.6) // 41.6% (49.7) // 41.0% (49.2) // 45.5% (55.0)",
        "fenwickAgainst": "44.2% (38.3) // 43.2% (37.6) // 43.5% (38.6) // 48.6% (42.0)",
        "shotsAgainst": "44.4% (27.0) // 43.1% (25.5) // 43.7% (26.2) // 48.0% (27.3)",
        "scoringAgainst": "43.3% (24.5) // 42.2% (23.9) // 39.5% (21.2) // 43.8% (23.7)",
        "oppCorsi": "46.8% (56.3) // 48.5% (57.9) // 47.0% (52.2) // 43.1% (50.0)",
        "oppFenwick": "47.2% (40.7) // 50.1% (43.1) // 49.4% (37.2) // 47.1% (37.0)",
        "oppShots": "46.3% (28.1) // 48.0% (28.6) // 47.7% (22.8) // 41.2% (20.0)",
        "oppScoring": "46.2% (27.8) // 47.5% (27.3) // 41.0% (19.6) // 37.4% (17.0)",
        "oppCorsiAgainst": "53.2% (64.0) // 51.5% (61.5) // 53.0% (58.8) // 56.9% (66.0)",
        "oppFenwickAgainst": "52.8% (45.6) // 49.9% (43.0) // 50.6% (38.2) // 52.9% (41.5)",
        "oppShotsAgainst": "53.7% (32.6) // 52.0% (31.1) // 52.3% (25.0) // 58.8% (28.5)",
        "oppScoringAgainst": "53.8% (32.3) // 52.5% (30.2) // 59.0% (28.2) // 62.6% (28.5)",
        "totalOver": 47,
        "totalOverLast5": 20,
        "totalOverLast15": 53,
        "lastTotalOver": 39,
        "last5": "2,2,3,3,7,1,4,6,2,4",
        "fd": "-110/-118",
        "dk": "-115/-115",
        "kambi": "0",
        "lowest": "-110 FD",
        "implied": 52.38095238095239,
        "overOdds": "-115",
        "underOdds": "-115",
        "overUnder": "-115 / -115"
    },
    {
        "player": "Cole Caufield",
        "team": "MTL",
        "opponent": "FLA",
        "propType": "sog",
        "line": 3.5,
        "ppLine": "PP1",
        "avg": 3.57,
        "hit": false,
        "diffAvg": 0.02,
        "diffAbs": 0.03,
        "lastAvg": 3.43,
        "diff": -0.02,
        "avgMin": 19,
        "proj": 3.6,
        "lastAvgMin": 18.03,
        "oppOver": 0,
        "teamOver": 0,
        "gameLine": "+210",
        "+/-": -2,
        "L5_+/-": -2.0,
        "prevMatchup": "2023-12-30 3.0 sog 2023-11-30 0.0 sog",
        "winLossSplits": "60% - 35%",
        "awayHome": "A",
        "playedYesterday": "Y",
        "awayHomeSplits": "41% - 50%",
        "savesAboveExp": -0.322,
        "gsaa": 3.45,
        "corsi": "46.8% (56.3) // 48.5% (57.9) // 47.0% (52.2) // 43.1% (50.0)",
        "fenwick": "47.2% (40.7) // 50.1% (43.1) // 49.4% (37.2) // 47.1% (37.0)",
        "shots": "46.3% (28.1) // 48.0% (28.6) // 47.7% (22.8) // 41.2% (20.0)",
        "scoring": "46.2% (27.8) // 47.5% (27.3) // 41.0% (19.6) // 37.4% (17.0)",
        "corsiAgainst": "53.2% (64.0) // 51.5% (61.5) // 53.0% (58.8) // 56.9% (66.0)",
        "fenwickAgainst": "52.8% (45.6) // 49.9% (43.0) // 50.6% (38.2) // 52.9% (41.5)",
        "shotsAgainst": "53.7% (32.6) // 52.0% (31.1) // 52.3% (25.0) // 58.8% (28.5)",
        "scoringAgainst": "53.8% (32.3) // 52.5% (30.2) // 59.0% (28.2) // 62.6% (28.5)",
        "oppCorsi": "56.9% (69.6) // 58.4% (69.8) // 59.0% (70.8) // 54.5% (66.0)",
        "oppFenwick": "55.8% (48.4) // 56.8% (49.4) // 56.5% (50.2) // 51.4% (44.3)",
        "oppShots": "55.6% (33.8) // 56.9% (33.7) // 56.3% (33.8) // 52.0% (29.7)",
        "oppScoring": "56.7% (32.1) // 57.8% (32.7) // 60.5% (32.4) // 56.2% (30.3)",
        "oppCorsiAgainst": "43.1% (52.6) // 41.6% (49.7) // 41.0% (49.2) // 45.5% (55.0)",
        "oppFenwickAgainst": "44.2% (38.3) // 43.2% (37.6) // 43.5% (38.6) // 48.6% (42.0)",
        "oppShotsAgainst": "44.4% (27.0) // 43.1% (25.5) // 43.7% (26.2) // 48.0% (27.3)",
        "oppScoringAgainst": "43.3% (24.5) // 42.2% (23.9) // 39.5% (21.2) // 43.8% (23.7)",
        "totalOver": 46,
        "totalOverLast5": 20,
        "totalOverLast15": 33,
        "lastTotalOver": 54,
        "last5": "3,1,2,4,0,4,6,2,9,3",
        "fd": "+106/-138",
        "dk": "+114/-145",
        "kambi": "115/-150",
        "lowest": "115 BR",
        "implied": 46.51162790697674,
        "overOdds": "+114",
        "underOdds": "-145",
        "overUnder": "+114 / -145"
    },
    {
        "player": "Evan Rodrigues",
        "team": "FLA",
        "opponent": "MTL",
        "propType": "sog",
        "line": 2.5,
        "ppLine": "",
        "avg": 2.44,
        "hit": false,
        "diffAvg": -0.02,
        "diffAbs": 0.12,
        "lastAvg": 2.42,
        "diff": -0.03,
        "avgMin": 16,
        "proj": 2.2,
        "lastAvgMin": 17.85,
        "oppOver": 0,
        "teamOver": 0,
        "gameLine": "-258",
        "+/-": "+18",
        "L5_+/-": "+3.0",
        "prevMatchup": "2023-12-30 0.0 sog 2023-11-30 4.0 sog",
        "winLossSplits": "32% - 71%",
        "awayHome": "H",
        "playedYesterday": "Y",
        "awayHomeSplits": "53% - 41%",
        "savesAboveExp": 0.116,
        "gsaa": -0.02,
        "corsi": "56.9% (69.6) // 58.4% (69.8) // 59.0% (70.8) // 54.5% (66.0)",
        "fenwick": "55.8% (48.4) // 56.8% (49.4) // 56.5% (50.2) // 51.4% (44.3)",
        "shots": "55.6% (33.8) // 56.9% (33.7) // 56.3% (33.8) // 52.0% (29.7)",
        "scoring": "56.7% (32.1) // 57.8% (32.7) // 60.5% (32.4) // 56.2% (30.3)",
        "corsiAgainst": "43.1% (52.6) // 41.6% (49.7) // 41.0% (49.2) // 45.5% (55.0)",
        "fenwickAgainst": "44.2% (38.3) // 43.2% (37.6) // 43.5% (38.6) // 48.6% (42.0)",
        "shotsAgainst": "44.4% (27.0) // 43.1% (25.5) // 43.7% (26.2) // 48.0% (27.3)",
        "scoringAgainst": "43.3% (24.5) // 42.2% (23.9) // 39.5% (21.2) // 43.8% (23.7)",
        "oppCorsi": "46.8% (56.3) // 48.5% (57.9) // 47.0% (52.2) // 43.1% (50.0)",
        "oppFenwick": "47.2% (40.7) // 50.1% (43.1) // 49.4% (37.2) // 47.1% (37.0)",
        "oppShots": "46.3% (28.1) // 48.0% (28.6) // 47.7% (22.8) // 41.2% (20.0)",
        "oppScoring": "46.2% (27.8) // 47.5% (27.3) // 41.0% (19.6) // 37.4% (17.0)",
        "oppCorsiAgainst": "53.2% (64.0) // 51.5% (61.5) // 53.0% (58.8) // 56.9% (66.0)",
        "oppFenwickAgainst": "52.8% (45.6) // 49.9% (43.0) // 50.6% (38.2) // 52.9% (41.5)",
        "oppShotsAgainst": "53.7% (32.6) // 52.0% (31.1) // 52.3% (25.0) // 58.8% (28.5)",
        "oppScoringAgainst": "53.8% (32.3) // 52.5% (30.2) // 59.0% (28.2) // 62.6% (28.5)",
        "totalOver": 47,
        "totalOverLast5": 40,
        "totalOverLast15": 40,
        "lastTotalOver": 38,
        "last5": "0,6,1,2,3,3,3,2,0,2",
        "fd": "+108",
        "dk": "+110/-140",
        "kambi": "107/-139",
        "lowest": "110 DK",
        "implied": 47.61904761904761,
        "overOdds": "+110",
        "underOdds": "-140",
        "overUnder": "+110 / -140"
    },
    {
        "player": "Josh Anderson",
        "team": "MTL",
        "opponent": "FLA",
        "propType": "sog",
        "line": 2.5,
        "ppLine": "PP2",
        "avg": 2.23,
        "hit": false,
        "diffAvg": -0.11,
        "diffAbs": 0.12,
        "lastAvg": 2.38,
        "diff": -0.05,
        "avgMin": 16,
        "proj": 2.2,
        "lastAvgMin": 16.95,
        "oppOver": 0,
        "teamOver": 0,
        "gameLine": "+210",
        "+/-": -8,
        "L5_+/-": -3.0,
        "prevMatchup": "2023-12-30 2.0 sog 2023-11-30 0.0 sog",
        "winLossSplits": "40% - 35%",
        "awayHome": "A",
        "playedYesterday": "Y",
        "awayHomeSplits": "29% - 44%",
        "savesAboveExp": -0.322,
        "gsaa": 3.45,
        "corsi": "46.8% (56.3) // 48.5% (57.9) // 47.0% (52.2) // 43.1% (50.0)",
        "fenwick": "47.2% (40.7) // 50.1% (43.1) // 49.4% (37.2) // 47.1% (37.0)",
        "shots": "46.3% (28.1) // 48.0% (28.6) // 47.7% (22.8) // 41.2% (20.0)",
        "scoring": "46.2% (27.8) // 47.5% (27.3) // 41.0% (19.6) // 37.4% (17.0)",
        "corsiAgainst": "53.2% (64.0) // 51.5% (61.5) // 53.0% (58.8) // 56.9% (66.0)",
        "fenwickAgainst": "52.8% (45.6) // 49.9% (43.0) // 50.6% (38.2) // 52.9% (41.5)",
        "shotsAgainst": "53.7% (32.6) // 52.0% (31.1) // 52.3% (25.0) // 58.8% (28.5)",
        "scoringAgainst": "53.8% (32.3) // 52.5% (30.2) // 59.0% (28.2) // 62.6% (28.5)",
        "oppCorsi": "56.9% (69.6) // 58.4% (69.8) // 59.0% (70.8) // 54.5% (66.0)",
        "oppFenwick": "55.8% (48.4) // 56.8% (49.4) // 56.5% (50.2) // 51.4% (44.3)",
        "oppShots": "55.6% (33.8) // 56.9% (33.7) // 56.3% (33.8) // 52.0% (29.7)",
        "oppScoring": "56.7% (32.1) // 57.8% (32.7) // 60.5% (32.4) // 56.2% (30.3)",
        "oppCorsiAgainst": "43.1% (52.6) // 41.6% (49.7) // 41.0% (49.2) // 45.5% (55.0)",
        "oppFenwickAgainst": "44.2% (38.3) // 43.2% (37.6) // 43.5% (38.6) // 48.6% (42.0)",
        "oppShotsAgainst": "44.4% (27.0) // 43.1% (25.5) // 43.7% (26.2) // 48.0% (27.3)",
        "oppScoringAgainst": "43.3% (24.5) // 42.2% (23.9) // 39.5% (21.2) // 43.8% (23.7)",
        "totalOver": 37,
        "totalOverLast5": 20,
        "totalOverLast15": 40,
        "lastTotalOver": 41,
        "last5": "2,2,3,1,1,6,4,4,4,2",
        "fd": "+132/-174",
        "dk": "+135/-175",
        "kambi": "0",
        "lowest": "135 DK",
        "implied": 42.5531914893617,
        "overOdds": "+135",
        "underOdds": "-175",
        "overUnder": "+135 / -175"
    },
    {
        "player": "Juraj Slafkovsky",
        "team": "MTL",
        "opponent": "FLA",
        "propType": "sog",
        "line": 1.5,
        "ppLine": "PP1",
        "avg": 1.4,
        "hit": false,
        "diffAvg": -0.07,
        "diffAbs": 0.07,
        "lastAvg": 1.08,
        "diff": -0.28,
        "avgMin": 16,
        "proj": 1.4,
        "lastAvgMin": 12.2,
        "oppOver": 0,
        "teamOver": 0,
        "gameLine": "+210",
        "+/-": -6,
        "L5_+/-": -1.0,
        "prevMatchup": "2023-12-30 0.0 sog 2023-11-30 0.0 sog",
        "winLossSplits": "60% - 30%",
        "awayHome": "A",
        "playedYesterday": "Y",
        "awayHomeSplits": "47% - 39%",
        "savesAboveExp": -0.322,
        "gsaa": 3.45,
        "corsi": "46.8% (56.3) // 48.5% (57.9) // 47.0% (52.2) // 43.1% (50.0)",
        "fenwick": "47.2% (40.7) // 50.1% (43.1) // 49.4% (37.2) // 47.1% (37.0)",
        "shots": "46.3% (28.1) // 48.0% (28.6) // 47.7% (22.8) // 41.2% (20.0)",
        "scoring": "46.2% (27.8) // 47.5% (27.3) // 41.0% (19.6) // 37.4% (17.0)",
        "corsiAgainst": "53.2% (64.0) // 51.5% (61.5) // 53.0% (58.8) // 56.9% (66.0)",
        "fenwickAgainst": "52.8% (45.6) // 49.9% (43.0) // 50.6% (38.2) // 52.9% (41.5)",
        "shotsAgainst": "53.7% (32.6) // 52.0% (31.1) // 52.3% (25.0) // 58.8% (28.5)",
        "scoringAgainst": "53.8% (32.3) // 52.5% (30.2) // 59.0% (28.2) // 62.6% (28.5)",
        "oppCorsi": "56.9% (69.6) // 58.4% (69.8) // 59.0% (70.8) // 54.5% (66.0)",
        "oppFenwick": "55.8% (48.4) // 56.8% (49.4) // 56.5% (50.2) // 51.4% (44.3)",
        "oppShots": "55.6% (33.8) // 56.9% (33.7) // 56.3% (33.8) // 52.0% (29.7)",
        "oppScoring": "56.7% (32.1) // 57.8% (32.7) // 60.5% (32.4) // 56.2% (30.3)",
        "oppCorsiAgainst": "43.1% (52.6) // 41.6% (49.7) // 41.0% (49.2) // 45.5% (55.0)",
        "oppFenwickAgainst": "44.2% (38.3) // 43.2% (37.6) // 43.5% (38.6) // 48.6% (42.0)",
        "oppShotsAgainst": "44.4% (27.0) // 43.1% (25.5) // 43.7% (26.2) // 48.0% (27.3)",
        "oppScoringAgainst": "43.3% (24.5) // 42.2% (23.9) // 39.5% (21.2) // 43.8% (23.7)",
        "totalOver": 43,
        "totalOverLast5": 40,
        "totalOverLast15": 47,
        "lastTotalOver": 50,
        "last5": "0,0,3,2,0,2,3,2,2,1",
        "fd": "0",
        "dk": "-140/+110",
        "kambi": "0",
        "lowest": "-140 DK",
        "implied": 58.333333333333336,
        "overOdds": "-140",
        "underOdds": "+110",
        "overUnder": "-140 / +110"
    },
    {
        "player": "Matthew Tkachuk",
        "team": "FLA",
        "opponent": "MTL",
        "propType": "sog",
        "line": 3.5,
        "ppLine": "",
        "avg": 3.5,
        "hit": false,
        "diffAvg": 0.0,
        "diffAbs": 0.2,
        "lastAvg": 3.19,
        "diff": -0.09,
        "avgMin": 18,
        "proj": 2.8,
        "lastAvgMin": 20.43,
        "oppOver": 0,
        "teamOver": 0,
        "gameLine": "-258",
        "+/-": -2,
        "L5_+/-": -2.0,
        "prevMatchup": "2023-12-30 1.0 sog 2023-11-30 2.0 sog",
        "winLossSplits": "36% - 36%",
        "awayHome": "H",
        "playedYesterday": "Y",
        "awayHomeSplits": "32% - 41%",
        "savesAboveExp": 0.116,
        "gsaa": -0.02,
        "corsi": "56.9% (69.6) // 58.4% (69.8) // 59.0% (70.8) // 54.5% (66.0)",
        "fenwick": "55.8% (48.4) // 56.8% (49.4) // 56.5% (50.2) // 51.4% (44.3)",
        "shots": "55.6% (33.8) // 56.9% (33.7) // 56.3% (33.8) // 52.0% (29.7)",
        "scoring": "56.7% (32.1) // 57.8% (32.7) // 60.5% (32.4) // 56.2% (30.3)",
        "corsiAgainst": "43.1% (52.6) // 41.6% (49.7) // 41.0% (49.2) // 45.5% (55.0)",
        "fenwickAgainst": "44.2% (38.3) // 43.2% (37.6) // 43.5% (38.6) // 48.6% (42.0)",
        "shotsAgainst": "44.4% (27.0) // 43.1% (25.5) // 43.7% (26.2) // 48.0% (27.3)",
        "scoringAgainst": "43.3% (24.5) // 42.2% (23.9) // 39.5% (21.2) // 43.8% (23.7)",
        "oppCorsi": "46.8% (56.3) // 48.5% (57.9) // 47.0% (52.2) // 43.1% (50.0)",
        "oppFenwick": "47.2% (40.7) // 50.1% (43.1) // 49.4% (37.2) // 47.1% (37.0)",
        "oppShots": "46.3% (28.1) // 48.0% (28.6) // 47.7% (22.8) // 41.2% (20.0)",
        "oppScoring": "46.2% (27.8) // 47.5% (27.3) // 41.0% (19.6) // 37.4% (17.0)",
        "oppCorsiAgainst": "53.2% (64.0) // 51.5% (61.5) // 53.0% (58.8) // 56.9% (66.0)",
        "oppFenwickAgainst": "52.8% (45.6) // 49.9% (43.0) // 50.6% (38.2) // 52.9% (41.5)",
        "oppShotsAgainst": "53.7% (32.6) // 52.0% (31.1) // 52.3% (25.0) // 58.8% (28.5)",
        "oppScoringAgainst": "53.8% (32.3) // 52.5% (30.2) // 59.0% (28.2) // 62.6% (28.5)",
        "totalOver": 36,
        "totalOverLast5": 20,
        "totalOverLast15": 13,
        "lastTotalOver": 40,
        "last5": "1,3,3,5,2,3,2,2,1,2",
        "fd": "-102/-128",
        "dk": "+110/-140",
        "kambi": "-105/-124",
        "lowest": "110 DK",
        "implied": 47.61904761904761,
        "overOdds": "+110",
        "underOdds": "-140",
        "overUnder": "+110 / -140"
    },
    {
        "player": "Mike Matheson",
        "team": "MTL",
        "opponent": "FLA",
        "propType": "sog",
        "line": 2.5,
        "ppLine": "PP1",
        "avg": 2.51,
        "hit": false,
        "diffAvg": 0.0,
        "diffAbs": 0.08,
        "lastAvg": 2.62,
        "diff": 0.05,
        "avgMin": 25,
        "proj": 2.7,
        "lastAvgMin": 24.45,
        "oppOver": 0,
        "teamOver": 0,
        "gameLine": "+210",
        "+/-": -7,
        "L5_+/-": "+2.0",
        "prevMatchup": "2023-12-30 2.0 sog 2023-11-30 1.0 sog",
        "winLossSplits": "47% - 45%",
        "awayHome": "A",
        "playedYesterday": "Y",
        "awayHomeSplits": "47% - 44%",
        "savesAboveExp": -0.322,
        "gsaa": 3.45,
        "corsi": "46.8% (56.3) // 48.5% (57.9) // 47.0% (52.2) // 43.1% (50.0)",
        "fenwick": "47.2% (40.7) // 50.1% (43.1) // 49.4% (37.2) // 47.1% (37.0)",
        "shots": "46.3% (28.1) // 48.0% (28.6) // 47.7% (22.8) // 41.2% (20.0)",
        "scoring": "46.2% (27.8) // 47.5% (27.3) // 41.0% (19.6) // 37.4% (17.0)",
        "corsiAgainst": "53.2% (64.0) // 51.5% (61.5) // 53.0% (58.8) // 56.9% (66.0)",
        "fenwickAgainst": "52.8% (45.6) // 49.9% (43.0) // 50.6% (38.2) // 52.9% (41.5)",
        "shotsAgainst": "53.7% (32.6) // 52.0% (31.1) // 52.3% (25.0) // 58.8% (28.5)",
        "scoringAgainst": "53.8% (32.3) // 52.5% (30.2) // 59.0% (28.2) // 62.6% (28.5)",
        "oppCorsi": "56.9% (69.6) // 58.4% (69.8) // 59.0% (70.8) // 54.5% (66.0)",
        "oppFenwick": "55.8% (48.4) // 56.8% (49.4) // 56.5% (50.2) // 51.4% (44.3)",
        "oppShots": "55.6% (33.8) // 56.9% (33.7) // 56.3% (33.8) // 52.0% (29.7)",
        "oppScoring": "56.7% (32.1) // 57.8% (32.7) // 60.5% (32.4) // 56.2% (30.3)",
        "oppCorsiAgainst": "43.1% (52.6) // 41.6% (49.7) // 41.0% (49.2) // 45.5% (55.0)",
        "oppFenwickAgainst": "44.2% (38.3) // 43.2% (37.6) // 43.5% (38.6) // 48.6% (42.0)",
        "oppShotsAgainst": "44.4% (27.0) // 43.1% (25.5) // 43.7% (26.2) // 48.0% (27.3)",
        "oppScoringAgainst": "43.3% (24.5) // 42.2% (23.9) // 39.5% (21.2) // 43.8% (23.7)",
        "totalOver": 46,
        "totalOverLast5": 60,
        "totalOverLast15": 40,
        "lastTotalOver": 57,
        "last5": "2,2,4,3,3,3,5,3,2,2",
        "fd": "+126/-165",
        "dk": "+120/-150",
        "kambi": "0",
        "lowest": "126 FD",
        "implied": 44.24778761061947,
        "overOdds": "+120",
        "underOdds": "-150",
        "overUnder": "+120 / -150"
    },
    {
        "player": "Nick Suzuki",
        "team": "MTL",
        "opponent": "FLA",
        "propType": "sog",
        "line": 2.5,
        "ppLine": "PP1",
        "avg": 2.49,
        "hit": false,
        "diffAvg": -0.0,
        "diffAbs": 0.28,
        "lastAvg": 1.93,
        "diff": -0.23,
        "avgMin": 20,
        "proj": 1.8,
        "lastAvgMin": 21.08,
        "oppOver": 0,
        "teamOver": 0,
        "gameLine": "+210",
        "+/-": -9,
        "L5_+/-": -1.0,
        "prevMatchup": "2023-12-30 1.0 sog 2023-11-30 1.0 sog",
        "winLossSplits": "53% - 45%",
        "awayHome": "A",
        "playedYesterday": "Y",
        "awayHomeSplits": "47% - 50%",
        "savesAboveExp": -0.322,
        "gsaa": 3.45,
        "corsi": "46.8% (56.3) // 48.5% (57.9) // 47.0% (52.2) // 43.1% (50.0)",
        "fenwick": "47.2% (40.7) // 50.1% (43.1) // 49.4% (37.2) // 47.1% (37.0)",
        "shots": "46.3% (28.1) // 48.0% (28.6) // 47.7% (22.8) // 41.2% (20.0)",
        "scoring": "46.2% (27.8) // 47.5% (27.3) // 41.0% (19.6) // 37.4% (17.0)",
        "corsiAgainst": "53.2% (64.0) // 51.5% (61.5) // 53.0% (58.8) // 56.9% (66.0)",
        "fenwickAgainst": "52.8% (45.6) // 49.9% (43.0) // 50.6% (38.2) // 52.9% (41.5)",
        "shotsAgainst": "53.7% (32.6) // 52.0% (31.1) // 52.3% (25.0) // 58.8% (28.5)",
        "scoringAgainst": "53.8% (32.3) // 52.5% (30.2) // 59.0% (28.2) // 62.6% (28.5)",
        "oppCorsi": "56.9% (69.6) // 58.4% (69.8) // 59.0% (70.8) // 54.5% (66.0)",
        "oppFenwick": "55.8% (48.4) // 56.8% (49.4) // 56.5% (50.2) // 51.4% (44.3)",
        "oppShots": "55.6% (33.8) // 56.9% (33.7) // 56.3% (33.8) // 52.0% (29.7)",
        "oppScoring": "56.7% (32.1) // 57.8% (32.7) // 60.5% (32.4) // 56.2% (30.3)",
        "oppCorsiAgainst": "43.1% (52.6) // 41.6% (49.7) // 41.0% (49.2) // 45.5% (55.0)",
        "oppFenwickAgainst": "44.2% (38.3) // 43.2% (37.6) // 43.5% (38.6) // 48.6% (42.0)",
