[
    {
        "player": "Andrei Svechnikov",
        "team": "CAR",
        "opponent": "MTL",
        "propType": "sog",
        "line": 2.5,
        "ppLine": "PP1",
        "avg": 2.6,
        "hit": false,
        "diffAvg": 0.04,
        "diffAbs": 0.12,
        "lastAvg": 3.15,
        "diff": 0.26,
        "avgMin": 16,
        "proj": 2.8,
        "lastAvgMin": 18.03,
        "oppOver": 0,
        "teamOver": 0,
        "gameLine": "-265",
        "+/-": -1,
        "L5_+/-": -1.0,
        "prevMatchup": "",
        "winLossSplits": "27% - 67%",
        "awayHome": "H",
        "playedYesterday": "Y",
        "awayHomeSplits": "33% - 55%",
        "savesAboveExp": "-",
        "gsaa": -0.17,
        "corsi": "60.0% (71.2) // 57.2% (65.4) // 57.4% (67.6) // 58.7% (69.0)",
        "fenwick": "58.4% (49.9) // 55.3% (45.8) // 55.1% (46.3) // 54.6% (47.0)",
        "shots": "56.5% (33.2) // 52.2% (30.4) // 51.0% (31.3) // 50.0% (32.5)",
        "scoring": "57.4% (31.2) // 56.1% (30.3) // 59.5% (33.1) // 59.3% (35.0)",
        "corsiAgainst": "40.0% (47.4) // 42.8% (48.9) // 42.6% (50.2) // 41.3% (48.5)",
        "fenwickAgainst": "41.6% (35.6) // 44.7% (37.0) // 44.9% (37.7) // 45.4% (39.0)",
        "shotsAgainst": "43.5% (25.6) // 47.8% (27.8) // 49.0% (30.1) // 50.0% (32.5)",
        "scoringAgainst": "42.6% (23.1) // 43.9% (23.7) // 40.5% (22.5) // 40.7% (24.0)",
        "oppCorsi": "47.0% (56.6) // 49.3% (59.0) // 47.7% (52.6) // 52.6% (61.0)",
        "oppFenwick": "47.2% (41.0) // 50.5% (44.0) // 48.9% (36.8) // 51.4% (38.0)",
        "oppShots": "46.5% (28.6) // 48.9% (30.5) // 50.6% (25.5) // 57.1% (28.0)",
        "oppScoring": "46.6% (28.4) // 48.2% (28.6) // 42.7% (22.6) // 49.1% (28.0)",
        "oppCorsiAgainst": "53.0% (63.8) // 50.7% (60.7) // 52.3% (57.7) // 47.4% (55.0)",
        "oppFenwickAgainst": "52.8% (45.9) // 49.5% (43.2) // 51.1% (38.4) // 48.6% (36.0)",
        "oppShotsAgainst": "53.5% (32.8) // 51.1% (31.9) // 49.4% (24.8) // 42.9% (21.0)",
        "oppScoringAgainst": "53.4% (32.5) // 51.8% (30.7) // 57.3% (30.3) // 50.9% (29.0)",
        "totalOver": 45,
        "totalOverLast5": 60,
        "totalOverLast15": 47,
        "lastTotalOver": 56,
        "last5": "2,4,0,4,3,5,1,4,6,1",
        "fd": "-165/+126",
        "dk": "-145/+114",
        "implied": 62.264150943396224,
        "overOdds": "-145",
        "underOdds": "+114",
        "overUnder": "-145 / +114"
    },
    {
        "player": "Brady Skjei",
        "team": "CAR",
        "opponent": "MTL",
        "propType": "sog",
        "line": 2.5,
        "ppLine": "PP2",
        "avg": 2.11,
        "hit": false,
        "diffAvg": -0.16,
        "diffAbs": 0.24,
        "lastAvg": 1.96,
        "diff": -0.22,
        "avgMin": 21,
        "proj": 1.9,
        "lastAvgMin": 21.8,
        "oppOver": 0,
        "teamOver": 0,
        "gameLine": "-265",
        "+/-": "+4",
        "L5_+/-": "+1.0",
        "prevMatchup": "",
        "winLossSplits": "61% - 29%",
        "awayHome": "H",
        "playedYesterday": "Y",
        "awayHomeSplits": "40% - 53%",
        "savesAboveExp": "-",
        "gsaa": -0.17,
        "corsi": "60.0% (71.2) // 57.2% (65.4) // 57.4% (67.6) // 58.7% (69.0)",
        "fenwick": "58.4% (49.9) // 55.3% (45.8) // 55.1% (46.3) // 54.6% (47.0)",
        "shots": "56.5% (33.2) // 52.2% (30.4) // 51.0% (31.3) // 50.0% (32.5)",
        "scoring": "57.4% (31.2) // 56.1% (30.3) // 59.5% (33.1) // 59.3% (35.0)",
        "corsiAgainst": "40.0% (47.4) // 42.8% (48.9) // 42.6% (50.2) // 41.3% (48.5)",
        "fenwickAgainst": "41.6% (35.6) // 44.7% (37.0) // 44.9% (37.7) // 45.4% (39.0)",
        "shotsAgainst": "43.5% (25.6) // 47.8% (27.8) // 49.0% (30.1) // 50.0% (32.5)",
        "scoringAgainst": "42.6% (23.1) // 43.9% (23.7) // 40.5% (22.5) // 40.7% (24.0)",
        "oppCorsi": "47.0% (56.6) // 49.3% (59.0) // 47.7% (52.6) // 52.6% (61.0)",
        "oppFenwick": "47.2% (41.0) // 50.5% (44.0) // 48.9% (36.8) // 51.4% (38.0)",
        "oppShots": "46.5% (28.6) // 48.9% (30.5) // 50.6% (25.5) // 57.1% (28.0)",
        "oppScoring": "46.6% (28.4) // 48.2% (28.6) // 42.7% (22.6) // 49.1% (28.0)",
        "oppCorsiAgainst": "53.0% (63.8) // 50.7% (60.7) // 52.3% (57.7) // 47.4% (55.0)",
        "oppFenwickAgainst": "52.8% (45.9) // 49.5% (43.2) // 51.1% (38.4) // 48.6% (36.0)",
        "oppShotsAgainst": "53.5% (32.8) // 51.1% (31.9) // 49.4% (24.8) // 42.9% (21.0)",
        "oppScoringAgainst": "53.4% (32.5) // 51.8% (30.7) // 57.3% (30.3) // 50.9% (29.0)",
        "totalOver": 46,
        "totalOverLast5": 40,
        "totalOverLast15": 53,
        "lastTotalOver": 44,
        "last5": "1,4,1,3,1,2,3,4,4,1",
        "fd": "0",
        "dk": "+135/-175",
        "implied": 42.5531914893617,
        "overOdds": "+135",
        "underOdds": "-175",
        "overUnder": "+135 / -175"
    },
    {
        "player": "Brent Burns",
        "team": "CAR",
        "opponent": "MTL",
        "propType": "sog",
        "line": 2.5,
        "ppLine": "PP1",
        "avg": 2.34,
        "hit": false,
        "diffAvg": -0.06,
        "diffAbs": 0.04,
        "lastAvg": 2.63,
        "diff": 0.05,
        "avgMin": 21,
        "proj": 2.4,
        "lastAvgMin": 23.2,
        "oppOver": 0,
        "teamOver": 0,
        "gameLine": "-265",
        "+/-": "+7",
        "L5_+/-": 0.0,
        "prevMatchup": "",
        "winLossSplits": "50% - 35%",
        "awayHome": "H",
        "playedYesterday": "Y",
        "awayHomeSplits": "45% - 40%",
        "savesAboveExp": "-",
        "gsaa": -0.17,
        "corsi": "60.0% (71.2) // 57.2% (65.4) // 57.4% (67.6) // 58.7% (69.0)",
        "fenwick": "58.4% (49.9) // 55.3% (45.8) // 55.1% (46.3) // 54.6% (47.0)",
        "shots": "56.5% (33.2) // 52.2% (30.4) // 51.0% (31.3) // 50.0% (32.5)",
        "scoring": "57.4% (31.2) // 56.1% (30.3) // 59.5% (33.1) // 59.3% (35.0)",
        "corsiAgainst": "40.0% (47.4) // 42.8% (48.9) // 42.6% (50.2) // 41.3% (48.5)",
        "fenwickAgainst": "41.6% (35.6) // 44.7% (37.0) // 44.9% (37.7) // 45.4% (39.0)",
        "shotsAgainst": "43.5% (25.6) // 47.8% (27.8) // 49.0% (30.1) // 50.0% (32.5)",
        "scoringAgainst": "42.6% (23.1) // 43.9% (23.7) // 40.5% (22.5) // 40.7% (24.0)",
        "oppCorsi": "47.0% (56.6) // 49.3% (59.0) // 47.7% (52.6) // 52.6% (61.0)",
        "oppFenwick": "47.2% (41.0) // 50.5% (44.0) // 48.9% (36.8) // 51.4% (38.0)",
        "oppShots": "46.5% (28.6) // 48.9% (30.5) // 50.6% (25.5) // 57.1% (28.0)",
        "oppScoring": "46.6% (28.4) // 48.2% (28.6) // 42.7% (22.6) // 49.1% (28.0)",
        "oppCorsiAgainst": "53.0% (63.8) // 50.7% (60.7) // 52.3% (57.7) // 47.4% (55.0)",
        "oppFenwickAgainst": "52.8% (45.9) // 49.5% (43.2) // 51.1% (38.4) // 48.6% (36.0)",
        "oppShotsAgainst": "53.5% (32.8) // 51.1% (31.9) // 49.4% (24.8) // 42.9% (21.0)",
        "oppScoringAgainst": "53.4% (32.5) // 51.8% (30.7) // 57.3% (30.3) // 50.9% (29.0)",
        "totalOver": 43,
        "totalOverLast5": 60,
        "totalOverLast15": 33,
        "lastTotalOver": 57,
        "last5": "5,4,3,0,1,0,4,2,1,0",
        "fd": "-113/-115",
        "dk": "-120/-110",
        "implied": 54.54545454545454,
        "overOdds": "-120",
        "underOdds": "-110",
        "overUnder": "-120 / -110"
    },
    {
        "player": "Cole Caufield",
        "team": "MTL",
        "opponent": "CAR",
        "propType": "sog",
        "line": 2.5,
        "ppLine": "PP1",
        "avg": 3.67,
        "hit": false,
        "diffAvg": 0.47,
        "diffAbs": 0.36,
        "lastAvg": 3.43,
        "diff": 0.37,
        "avgMin": 18,
        "proj": 3.4,
        "lastAvgMin": 18.03,
        "oppOver": 0,
        "teamOver": 0,
        "gameLine": "+215",
        "+/-": "+1",
        "L5_+/-": 0.0,
        "prevMatchup": "",
        "winLossSplits": "73% - 56%",
        "awayHome": "A",
        "playedYesterday": "N",
        "awayHomeSplits": "67% - 61%",
        "savesAboveExp": -0.166,
        "gsaa": -14.98,
        "corsi": "47.0% (56.6) // 49.3% (59.0) // 47.7% (52.6) // 52.6% (61.0)",
        "fenwick": "47.2% (41.0) // 50.5% (44.0) // 48.9% (36.8) // 51.4% (38.0)",
        "shots": "46.5% (28.6) // 48.9% (30.5) // 50.6% (25.5) // 57.1% (28.0)",
        "scoring": "46.6% (28.4) // 48.2% (28.6) // 42.7% (22.6) // 49.1% (28.0)",
        "corsiAgainst": "53.0% (63.8) // 50.7% (60.7) // 52.3% (57.7) // 47.4% (55.0)",
        "fenwickAgainst": "52.8% (45.9) // 49.5% (43.2) // 51.1% (38.4) // 48.6% (36.0)",
        "shotsAgainst": "53.5% (32.8) // 51.1% (31.9) // 49.4% (24.8) // 42.9% (21.0)",
        "scoringAgainst": "53.4% (32.5) // 51.8% (30.7) // 57.3% (30.3) // 50.9% (29.0)",
        "oppCorsi": "60.0% (71.2) // 57.2% (65.4) // 57.4% (67.6) // 58.7% (69.0)",
        "oppFenwick": "58.4% (49.9) // 55.3% (45.8) // 55.1% (46.3) // 54.6% (47.0)",
        "oppShots": "56.5% (33.2) // 52.2% (30.4) // 51.0% (31.3) // 50.0% (32.5)",
        "oppScoring": "57.4% (31.2) // 56.1% (30.3) // 59.5% (33.1) // 59.3% (35.0)",
        "oppCorsiAgainst": "40.0% (47.4) // 42.8% (48.9) // 42.6% (50.2) // 41.3% (48.5)",
        "oppFenwickAgainst": "41.6% (35.6) // 44.7% (37.0) // 44.9% (37.7) // 45.4% (39.0)",
        "oppShotsAgainst": "43.5% (25.6) // 47.8% (27.8) // 49.0% (30.1) // 50.0% (32.5)",
        "oppScoringAgainst": "42.6% (23.1) // 43.9% (23.7) // 40.5% (22.5) // 40.7% (24.0)",
        "totalOver": 64,
        "totalOverLast5": 60,
        "totalOverLast15": 60,
        "lastTotalOver": 67,
        "last5": "2,4,0,4,6,2,9,3,3,4",
        "fd": "-198",
        "dk": "-175/+135",
        "implied": 66.44295302013423,
        "overOdds": "-175",
        "underOdds": "+135",
        "overUnder": "-175 / +135"
    },
    {
        "player": "Josh Anderson",
        "team": "MTL",
        "opponent": "CAR",
        "propType": "sog",
        "line": 1.5,
        "ppLine": "PP2",
        "avg": 2.24,
        "hit": false,
        "diffAvg": 0.49,
        "diffAbs": 0.47,
        "lastAvg": 2.38,
        "diff": 0.59,
        "avgMin": 16,
        "proj": 2.2,
        "lastAvgMin": 16.95,
        "oppOver": 0,
        "teamOver": 0,
        "gameLine": "+215",
        "+/-": -8,
        "L5_+/-": -2.0,
        "prevMatchup": "",
        "winLossSplits": "73% - 50%",
        "awayHome": "A",
        "playedYesterday": "N",
        "awayHomeSplits": "53% - 67%",
        "savesAboveExp": -0.166,
        "gsaa": -14.98,
        "corsi": "47.0% (56.6) // 49.3% (59.0) // 47.7% (52.6) // 52.6% (61.0)",
        "fenwick": "47.2% (41.0) // 50.5% (44.0) // 48.9% (36.8) // 51.4% (38.0)",
        "shots": "46.5% (28.6) // 48.9% (30.5) // 50.6% (25.5) // 57.1% (28.0)",
        "scoring": "46.6% (28.4) // 48.2% (28.6) // 42.7% (22.6) // 49.1% (28.0)",
        "corsiAgainst": "53.0% (63.8) // 50.7% (60.7) // 52.3% (57.7) // 47.4% (55.0)",
        "fenwickAgainst": "52.8% (45.9) // 49.5% (43.2) // 51.1% (38.4) // 48.6% (36.0)",
        "shotsAgainst": "53.5% (32.8) // 51.1% (31.9) // 49.4% (24.8) // 42.9% (21.0)",
        "scoringAgainst": "53.4% (32.5) // 51.8% (30.7) // 57.3% (30.3) // 50.9% (29.0)",
        "oppCorsi": "60.0% (71.2) // 57.2% (65.4) // 57.4% (67.6) // 58.7% (69.0)",
        "oppFenwick": "58.4% (49.9) // 55.3% (45.8) // 55.1% (46.3) // 54.6% (47.0)",
        "oppShots": "56.5% (33.2) // 52.2% (30.4) // 51.0% (31.3) // 50.0% (32.5)",
        "oppScoring": "57.4% (31.2) // 56.1% (30.3) // 59.5% (33.1) // 59.3% (35.0)",
        "oppCorsiAgainst": "40.0% (47.4) // 42.8% (48.9) // 42.6% (50.2) // 41.3% (48.5)",
        "oppFenwickAgainst": "41.6% (35.6) // 44.7% (37.0) // 44.9% (37.7) // 45.4% (39.0)",
        "oppShotsAgainst": "43.5% (25.6) // 47.8% (27.8) // 49.0% (30.1) // 50.0% (32.5)",
        "oppScoringAgainst": "42.6% (23.1) // 43.9% (23.7) // 40.5% (22.5) // 40.7% (24.0)",
        "totalOver": 61,
        "totalOverLast5": 60,
        "totalOverLast15": 60,
        "lastTotalOver": 64,
        "last5": "3,1,1,6,4,4,4,2,3,2",
        "fd": "-192/+146",
        "dk": "-175/+135",
        "implied": 65.75342465753424,
        "overOdds": "-175",
        "underOdds": "+135",
        "overUnder": "-175 / +135"
    },
    {
        "player": "Martin Necas",
        "team": "CAR",
        "opponent": "MTL",
        "propType": "sog",
        "line": 2.5,
        "ppLine": "PP2",
        "avg": 2.51,
        "hit": false,
        "diffAvg": 0.0,
        "diffAbs": 0.08,
        "lastAvg": 2.47,
        "diff": -0.01,
        "avgMin": 17,
        "proj": 2.3,
        "lastAvgMin": 18.4,
        "oppOver": 0,
        "teamOver": 0,
        "gameLine": "-265",
        "+/-": -13,
        "L5_+/-": -5.0,
        "prevMatchup": "",
        "winLossSplits": "39% - 35%",
        "awayHome": "H",
        "playedYesterday": "Y",
        "awayHomeSplits": "30% - 47%",
        "savesAboveExp": "-",
        "gsaa": -0.17,
        "corsi": "60.0% (71.2) // 57.2% (65.4) // 57.4% (67.6) // 58.7% (69.0)",
        "fenwick": "58.4% (49.9) // 55.3% (45.8) // 55.1% (46.3) // 54.6% (47.0)",
        "shots": "56.5% (33.2) // 52.2% (30.4) // 51.0% (31.3) // 50.0% (32.5)",
        "scoring": "57.4% (31.2) // 56.1% (30.3) // 59.5% (33.1) // 59.3% (35.0)",
        "corsiAgainst": "40.0% (47.4) // 42.8% (48.9) // 42.6% (50.2) // 41.3% (48.5)",
        "fenwickAgainst": "41.6% (35.6) // 44.7% (37.0) // 44.9% (37.7) // 45.4% (39.0)",
        "shotsAgainst": "43.5% (25.6) // 47.8% (27.8) // 49.0% (30.1) // 50.0% (32.5)",
        "scoringAgainst": "42.6% (23.1) // 43.9% (23.7) // 40.5% (22.5) // 40.7% (24.0)",
        "oppCorsi": "47.0% (56.6) // 49.3% (59.0) // 47.7% (52.6) // 52.6% (61.0)",
        "oppFenwick": "47.2% (41.0) // 50.5% (44.0) // 48.9% (36.8) // 51.4% (38.0)",
        "oppShots": "46.5% (28.6) // 48.9% (30.5) // 50.6% (25.5) // 57.1% (28.0)",
        "oppScoring": "46.6% (28.4) // 48.2% (28.6) // 42.7% (22.6) // 49.1% (28.0)",
        "oppCorsiAgainst": "53.0% (63.8) // 50.7% (60.7) // 52.3% (57.7) // 47.4% (55.0)",
        "oppFenwickAgainst": "52.8% (45.9) // 49.5% (43.2) // 51.1% (38.4) // 48.6% (36.0)",
        "oppShotsAgainst": "53.5% (32.8) // 51.1% (31.9) // 49.4% (24.8) // 42.9% (21.0)",
        "oppScoringAgainst": "53.4% (32.5) // 51.8% (30.7) // 57.3% (30.3) // 50.9% (29.0)",
        "totalOver": 37,
        "totalOverLast5": 80,
        "totalOverLast15": 47,
        "lastTotalOver": 53,
        "last5": "2,4,3,3,6,2,3,2,2,1",
        "fd": "-114/-114",
        "dk": "-110/-120",
        "implied": 53.271028037383175,
        "overOdds": "-110",
        "underOdds": "-120",
        "overUnder": "-110 / -120"
    },
    {
        "player": "Michael Bunting",
        "team": "CAR",
        "opponent": "MTL",
        "propType": "sog",
        "line": 1.5,
        "ppLine": "PP1",
        "avg": 1.59,
        "hit": false,
        "diffAvg": 0.06,
        "diffAbs": 0.13,
        "lastAvg": 1.96,
        "diff": 0.31,
        "avgMin": 14,
        "proj": 1.7,
        "lastAvgMin": 15.78,
        "oppOver": 0,
        "teamOver": 0,
        "gameLine": "-265",
        "+/-": -8,
        "L5_+/-": -5.0,
        "prevMatchup": "",
        "winLossSplits": "47% - 53%",
        "awayHome": "H",
        "playedYesterday": "Y",
        "awayHomeSplits": "37% - 67%",
        "savesAboveExp": "-",
        "gsaa": -0.17,
        "corsi": "60.0% (71.2) // 57.2% (65.4) // 57.4% (67.6) // 58.7% (69.0)",
        "fenwick": "58.4% (49.9) // 55.3% (45.8) // 55.1% (46.3) // 54.6% (47.0)",
        "shots": "56.5% (33.2) // 52.2% (30.4) // 51.0% (31.3) // 50.0% (32.5)",
        "scoring": "57.4% (31.2) // 56.1% (30.3) // 59.5% (33.1) // 59.3% (35.0)",
        "corsiAgainst": "40.0% (47.4) // 42.8% (48.9) // 42.6% (50.2) // 41.3% (48.5)",
        "fenwickAgainst": "41.6% (35.6) // 44.7% (37.0) // 44.9% (37.7) // 45.4% (39.0)",
        "shotsAgainst": "43.5% (25.6) // 47.8% (27.8) // 49.0% (30.1) // 50.0% (32.5)",
        "scoringAgainst": "42.6% (23.1) // 43.9% (23.7) // 40.5% (22.5) // 40.7% (24.0)",
        "oppCorsi": "47.0% (56.6) // 49.3% (59.0) // 47.7% (52.6) // 52.6% (61.0)",
        "oppFenwick": "47.2% (41.0) // 50.5% (44.0) // 48.9% (36.8) // 51.4% (38.0)",
        "oppShots": "46.5% (28.6) // 48.9% (30.5) // 50.6% (25.5) // 57.1% (28.0)",
        "oppScoring": "46.6% (28.4) // 48.2% (28.6) // 42.7% (22.6) // 49.1% (28.0)",
        "oppCorsiAgainst": "53.0% (63.8) // 50.7% (60.7) // 52.3% (57.7) // 47.4% (55.0)",
        "oppFenwickAgainst": "52.8% (45.9) // 49.5% (43.2) // 51.1% (38.4) // 48.6% (36.0)",
        "oppShotsAgainst": "53.5% (32.8) // 51.1% (31.9) // 49.4% (24.8) // 42.9% (21.0)",
        "oppScoringAgainst": "53.4% (32.5) // 51.8% (30.7) // 57.3% (30.3) // 50.9% (29.0)",
        "totalOver": 50,
        "totalOverLast5": 100,
        "totalOverLast15": 67,
        "lastTotalOver": 55,
        "last5": "2,2,3,2,2,3,0,0,1,4",
        "fd": "-196/+148",
        "dk": "-180/+140",
        "implied": 66.21621621621621,
        "overOdds": "-180",
        "underOdds": "+140",
        "overUnder": "-180 / +140"
    },
    {
        "player": "Mike Matheson",
        "team": "MTL",
        "opponent": "CAR",
        "propType": "sog",
        "line": 1.5,
        "ppLine": "PP1",
        "avg": 2.55,
        "hit": false,
        "diffAvg": 0.7,
        "diffAbs": 0.8,
        "lastAvg": 2.62,
        "diff": 0.75,
        "avgMin": 25,
        "proj": 2.7,
        "lastAvgMin": 24.45,
        "oppOver": 0,
        "teamOver": 0,
        "gameLine": "+215",
        "+/-": -6,
        "L5_+/-": "+4.0",
        "prevMatchup": "",
        "winLossSplits": "67% - 72%",
        "awayHome": "A",
        "playedYesterday": "N",
        "awayHomeSplits": "73% - 67%",
        "savesAboveExp": -0.166,
        "gsaa": -14.98,
        "corsi": "47.0% (56.6) // 49.3% (59.0) // 47.7% (52.6) // 52.6% (61.0)",
        "fenwick": "47.2% (41.0) // 50.5% (44.0) // 48.9% (36.8) // 51.4% (38.0)",
        "shots": "46.5% (28.6) // 48.9% (30.5) // 50.6% (25.5) // 57.1% (28.0)",
        "scoring": "46.6% (28.4) // 48.2% (28.6) // 42.7% (22.6) // 49.1% (28.0)",
        "corsiAgainst": "53.0% (63.8) // 50.7% (60.7) // 52.3% (57.7) // 47.4% (55.0)",
        "fenwickAgainst": "52.8% (45.9) // 49.5% (43.2) // 51.1% (38.4) // 48.6% (36.0)",
        "shotsAgainst": "53.5% (32.8) // 51.1% (31.9) // 49.4% (24.8) // 42.9% (21.0)",
        "scoringAgainst": "53.4% (32.5) // 51.8% (30.7) // 57.3% (30.3) // 50.9% (29.0)",
        "oppCorsi": "60.0% (71.2) // 57.2% (65.4) // 57.4% (67.6) // 58.7% (69.0)",
        "oppFenwick": "58.4% (49.9) // 55.3% (45.8) // 55.1% (46.3) // 54.6% (47.0)",
        "oppShots": "56.5% (33.2) // 52.2% (30.4) // 51.0% (31.3) // 50.0% (32.5)",
        "oppScoring": "57.4% (31.2) // 56.1% (30.3) // 59.5% (33.1) // 59.3% (35.0)",
        "oppCorsiAgainst": "40.0% (47.4) // 42.8% (48.9) // 42.6% (50.2) // 41.3% (48.5)",
        "oppFenwickAgainst": "41.6% (35.6) // 44.7% (37.0) // 44.9% (37.7) // 45.4% (39.0)",
        "oppShotsAgainst": "43.5% (25.6) // 47.8% (27.8) // 49.0% (30.1) // 50.0% (32.5)",
        "oppScoringAgainst": "42.6% (23.1) // 43.9% (23.7) // 40.5% (22.5) // 40.7% (24.0)",
        "totalOver": 70,
        "totalOverLast5": 100,
        "totalOverLast15": 60,
        "lastTotalOver": 81,
        "last5": "4,3,3,3,5,3,2,2,0,1",
        "fd": "-225",
        "dk": "-200/+154",
        "implied": 69.23076923076923,
        "overOdds": "-200",
        "underOdds": "+154",
        "overUnder": "-200 / +154"
    },
    {
        "player": "Nick Suzuki",
        "team": "MTL",
        "opponent": "CAR",
        "propType": "sog",
        "line": 1.5,
        "ppLine": "PP1",
        "avg": 2.55,
        "hit": false,
        "diffAvg": 0.7,
        "diffAbs": 0.2,
        "lastAvg": 1.93,
        "diff": 0.29,
        "avgMin": 20,
        "proj": 1.8,
        "lastAvgMin": 21.08,
        "oppOver": 0,
        "teamOver": 0,
        "gameLine": "+215",
        "+/-": -5,
        "L5_+/-": "+2.0",
        "prevMatchup": "",
        "winLossSplits": "60% - 72%",
        "awayHome": "A",
        "playedYesterday": "N",
        "awayHomeSplits": "67% - 67%",
        "savesAboveExp": -0.166,
        "gsaa": -14.98,
        "corsi": "47.0% (56.6) // 49.3% (59.0) // 47.7% (52.6) // 52.6% (61.0)",
        "fenwick": "47.2% (41.0) // 50.5% (44.0) // 48.9% (36.8) // 51.4% (38.0)",
        "shots": "46.5% (28.6) // 48.9% (30.5) // 50.6% (25.5) // 57.1% (28.0)",
        "scoring": "46.6% (28.4) // 48.2% (28.6) // 42.7% (22.6) // 49.1% (28.0)",
        "corsiAgainst": "53.0% (63.8) // 50.7% (60.7) // 52.3% (57.7) // 47.4% (55.0)",
        "fenwickAgainst": "52.8% (45.9) // 49.5% (43.2) // 51.1% (38.4) // 48.6% (36.0)",
        "shotsAgainst": "53.5% (32.8) // 51.1% (31.9) // 49.4% (24.8) // 42.9% (21.0)",
        "scoringAgainst": "53.4% (32.5) // 51.8% (30.7) // 57.3% (30.3) // 50.9% (29.0)",
        "oppCorsi": "60.0% (71.2) // 57.2% (65.4) // 57.4% (67.6) // 58.7% (69.0)",
        "oppFenwick": "58.4% (49.9) // 55.3% (45.8) // 55.1% (46.3) // 54.6% (47.0)",
        "oppShots": "56.5% (33.2) // 52.2% (30.4) // 51.0% (31.3) // 50.0% (32.5)",
        "oppScoring": "57.4% (31.2) // 56.1% (30.3) // 59.5% (33.1) // 59.3% (35.0)",
        "oppCorsiAgainst": "40.0% (47.4) // 42.8% (48.9) // 42.6% (50.2) // 41.3% (48.5)",
        "oppFenwickAgainst": "41.6% (35.6) // 44.7% (37.0) // 44.9% (37.7) // 45.4% (39.0)",
        "oppShotsAgainst": "43.5% (25.6) // 47.8% (27.8) // 49.0% (30.1) // 50.0% (32.5)",
        "oppScoringAgainst": "42.6% (23.1) // 43.9% (23.7) // 40.5% (22.5) // 40.7% (24.0)",
        "totalOver": 67,
        "totalOverLast5": 80,
        "totalOverLast15": 60,
        "lastTotalOver": 60,
        "last5": "1,6,2,6,2,3,3,0,4,4",
        "fd": "-178/+136",
        "dk": "-150/+114",
        "implied": 64.02877697841727,
        "overOdds": "-150",
        "underOdds": "+114",
        "overUnder": "-150 / +114"
    },
    {
        "player": "Sebastian Aho",
        "team": "CAR",
        "opponent": "MTL",
        "propType": "sog",
        "line": 2.5,
        "ppLine": "PP1",
        "avg": 3.03,
        "hit": false,
        "diffAvg": 0.21,
        "diffAbs": 0.04,
        "lastAvg": 2.42,
        "diff": -0.03,
        "avgMin": 19,
        "proj": 2.4,
        "lastAvgMin": 19.48,
        "oppOver": 0,
        "teamOver": 0,
        "gameLine": "-265",
        "+/-": "+3",
        "L5_+/-": 0.0,
        "prevMatchup": "",
        "winLossSplits": "65% - 53%",
        "awayHome": "H",
        "playedYesterday": "Y",
        "awayHomeSplits": "59% - 60%",
        "savesAboveExp": "-",
        "gsaa": -0.17,
        "corsi": "60.0% (71.2) // 57.2% (65.4) // 57.4% (67.6) // 58.7% (69.0)",
        "fenwick": "58.4% (49.9) // 55.3% (45.8) // 55.1% (46.3) // 54.6% (47.0)",
        "shots": "56.5% (33.2) // 52.2% (30.4) // 51.0% (31.3) // 50.0% (32.5)",
        "scoring": "57.4% (31.2) // 56.1% (30.3) // 59.5% (33.1) // 59.3% (35.0)",
        "corsiAgainst": "40.0% (47.4) // 42.8% (48.9) // 42.6% (50.2) // 41.3% (48.5)",
        "fenwickAgainst": "41.6% (35.6) // 44.7% (37.0) // 44.9% (37.7) // 45.4% (39.0)",
        "shotsAgainst": "43.5% (25.6) // 47.8% (27.8) // 49.0% (30.1) // 50.0% (32.5)",
        "scoringAgainst": "42.6% (23.1) // 43.9% (23.7) // 40.5% (22.5) // 40.7% (24.0)",
        "oppCorsi": "47.0% (56.6) // 49.3% (59.0) // 47.7% (52.6) // 52.6% (61.0)",
        "oppFenwick": "47.2% (41.0) // 50.5% (44.0) // 48.9% (36.8) // 51.4% (38.0)",
        "oppShots": "46.5% (28.6) // 48.9% (30.5) // 50.6% (25.5) // 57.1% (28.0)",
        "oppScoring": "46.6% (28.4) // 48.2% (28.6) // 42.7% (22.6) // 49.1% (28.0)",
        "oppCorsiAgainst": "53.0% (63.8) // 50.7% (60.7) // 52.3% (57.7) // 47.4% (55.0)",
        "oppFenwickAgainst": "52.8% (45.9) // 49.5% (43.2) // 51.1% (38.4) // 48.6% (36.0)",
        "oppShotsAgainst": "53.5% (32.8) // 51.1% (31.9) // 49.4% (24.8) // 42.9% (21.0)",
        "oppScoringAgainst": "53.4% (32.5) // 51.8% (30.7) // 57.3% (30.3) // 50.9% (29.0)",
        "totalOver": 59,
        "totalOverLast5": 40,
        "totalOverLast15": 60,
        "lastTotalOver": 54,
        "last5": "2,1,1,7,3,3,3,3,1,0",
        "fd": "-160/+122",
        "dk": "-135/+105",
        "implied": 61.53846153846154,
        "overOdds": "-135",
        "underOdds": "+105",
        "overUnder": "-135 / +105"
    },
    {
        "player": "Seth Jarvis",
        "team": "CAR",
        "opponent": "MTL",
        "propType": "sog",
        "line": 2.5,
        "ppLine": "PP1",
        "avg": 2.14,
        "hit": false,
        "diffAvg": -0.14,
        "diffAbs": 0.16,
        "lastAvg": 1.93,
        "diff": -0.23,
        "avgMin": 18,
        "proj": 2.1,
        "lastAvgMin": 16.2,
        "oppOver": 0,
        "teamOver": 0,
        "gameLine": "-265",
        "+/-": -1,
        "L5_+/-": -1.0,
        "prevMatchup": "",
        "winLossSplits": "50% - 41%",
        "awayHome": "H",
        "playedYesterday": "Y",
        "awayHomeSplits": "45% - 47%",
        "savesAboveExp": "-",
        "gsaa": -0.17,
        "corsi": "60.0% (71.2) // 57.2% (65.4) // 57.4% (67.6) // 58.7% (69.0)",
        "fenwick": "58.4% (49.9) // 55.3% (45.8) // 55.1% (46.3) // 54.6% (47.0)",
        "shots": "56.5% (33.2) // 52.2% (30.4) // 51.0% (31.3) // 50.0% (32.5)",
        "scoring": "57.4% (31.2) // 56.1% (30.3) // 59.5% (33.1) // 59.3% (35.0)",
        "corsiAgainst": "40.0% (47.4) // 42.8% (48.9) // 42.6% (50.2) // 41.3% (48.5)",
        "fenwickAgainst": "41.6% (35.6) // 44.7% (37.0) // 44.9% (37.7) // 45.4% (39.0)",
        "shotsAgainst": "43.5% (25.6) // 47.8% (27.8) // 49.0% (30.1) // 50.0% (32.5)",
        "scoringAgainst": "42.6% (23.1) // 43.9% (23.7) // 40.5% (22.5) // 40.7% (24.0)",
        "oppCorsi": "47.0% (56.6) // 49.3% (59.0) // 47.7% (52.6) // 52.6% (61.0)",
        "oppFenwick": "47.2% (41.0) // 50.5% (44.0) // 48.9% (36.8) // 51.4% (38.0)",
        "oppShots": "46.5% (28.6) // 48.9% (30.5) // 50.6% (25.5) // 57.1% (28.0)",
        "oppScoring": "46.6% (28.4) // 48.2% (28.6) // 42.7% (22.6) // 49.1% (28.0)",
        "oppCorsiAgainst": "53.0% (63.8) // 50.7% (60.7) // 52.3% (57.7) // 47.4% (55.0)",
        "oppFenwickAgainst": "52.8% (45.9) // 49.5% (43.2) // 51.1% (38.4) // 48.6% (36.0)",
        "oppShotsAgainst": "53.5% (32.8) // 51.1% (31.9) // 49.4% (24.8) // 42.9% (21.0)",
        "oppScoringAgainst": "53.4% (32.5) // 51.8% (30.7) // 57.3% (30.3) // 50.9% (29.0)",
        "totalOver": 46,
        "totalOverLast5": 20,
        "totalOverLast15": 33,
        "lastTotalOver": 44,
        "last5": "1,3,1,1,0,0,7,3,2,3",
        "fd": "+122/-160",
        "dk": "+114/-145",
        "implied": 46.728971962616825,
        "overOdds": "+114",
        "underOdds": "-145",
        "overUnder": "+114 / -145"
    },
    {
        "player": "Teuvo Teravainen",
        "team": "CAR",
        "opponent": "MTL",
        "propType": "sog",
        "line": 1.5,
        "ppLine": "PP2",
        "avg": 2.09,
        "hit": false,
        "diffAvg": 0.39,
        "diffAbs": 0.2,
        "lastAvg": 1.95,
        "diff": 0.3,
        "avgMin": 16,
        "proj": 1.8,
        "lastAvgMin": 16.9,
        "oppOver": 0,
        "teamOver": 0,
        "gameLine": "-265",
        "+/-": -2,
        "L5_+/-": -2.0,
        "prevMatchup": "",
        "winLossSplits": "78% - 41%",
        "awayHome": "H",
        "playedYesterday": "Y",
        "awayHomeSplits": "65% - 53%",
        "savesAboveExp": "-",
        "gsaa": -0.17,
        "corsi": "60.0% (71.2) // 57.2% (65.4) // 57.4% (67.6) // 58.7% (69.0)",
        "fenwick": "58.4% (49.9) // 55.3% (45.8) // 55.1% (46.3) // 54.6% (47.0)",
        "shots": "56.5% (33.2) // 52.2% (30.4) // 51.0% (31.3) // 50.0% (32.5)",
        "scoring": "57.4% (31.2) // 56.1% (30.3) // 59.5% (33.1) // 59.3% (35.0)",
        "corsiAgainst": "40.0% (47.4) // 42.8% (48.9) // 42.6% (50.2) // 41.3% (48.5)",
        "fenwickAgainst": "41.6% (35.6) // 44.7% (37.0) // 44.9% (37.7) // 45.4% (39.0)",
        "shotsAgainst": "43.5% (25.6) // 47.8% (27.8) // 49.0% (30.1) // 50.0% (32.5)",
        "scoringAgainst": "42.6% (23.1) // 43.9% (23.7) // 40.5% (22.5) // 40.7% (24.0)",
        "oppCorsi": "47.0% (56.6) // 49.3% (59.0) // 47.7% (52.6) // 52.6% (61.0)",
        "oppFenwick": "47.2% (41.0) // 50.5% (44.0) // 48.9% (36.8) // 51.4% (38.0)",
        "oppShots": "46.5% (28.6) // 48.9% (30.5) // 50.6% (25.5) // 57.1% (28.0)",
        "oppScoring": "46.6% (28.4) // 48.2% (28.6) // 42.7% (22.6) // 49.1% (28.0)",
        "oppCorsiAgainst": "53.0% (63.8) // 50.7% (60.7) // 52.3% (57.7) // 47.4% (55.0)",
        "oppFenwickAgainst": "52.8% (45.9) // 49.5% (43.2) // 51.1% (38.4) // 48.6% (36.0)",
        "oppShotsAgainst": "53.5% (32.8) // 51.1% (31.9) // 49.4% (24.8) // 42.9% (21.0)",
        "oppScoringAgainst": "53.4% (32.5) // 51.8% (30.7) // 57.3% (30.3) // 50.9% (29.0)",
        "totalOver": 60,
        "totalOverLast5": 60,
        "totalOverLast15": 53,
        "lastTotalOver": 55,
        "last5": "3,2,3,1,0,0,2,3,1,1",
        "fd": "-184/+140",
        "dk": "-166/+130",
        "implied": 64.7887323943662,
        "overOdds": "-166",
        "underOdds": "+130",
        "overUnder": "-166 / +130"
    },
    {
        "player": "Brendan Gallagher",
        "team": "MTL",
        "opponent": "CAR",
        "propType": "sog",
        "line": 1.5,
        "ppLine": "PP2",
        "avg": 2.3,
        "hit": false,
        "diffAvg": 0.53,
        "diffAbs": 0.67,
        "lastAvg": 2.51,
        "diff": 0.67,
        "avgMin": 14,
        "proj": 2.5,
        "lastAvgMin": 14.27,
        "oppOver": 0,
        "teamOver": 0,
        "gameLine": "+215",
        "+/-": -14,
        "L5_+/-": -3.0,
        "prevMatchup": "",
        "winLossSplits": "73% - 56%",
        "awayHome": "A",
        "playedYesterday": "N",
        "awayHomeSplits": "73% - 56%",
        "savesAboveExp": -0.166,
        "gsaa": -14.98,
        "corsi": "47.0% (56.6) // 49.3% (59.0) // 47.7% (52.6) // 52.6% (61.0)",
        "fenwick": "47.2% (41.0) // 50.5% (44.0) // 48.9% (36.8) // 51.4% (38.0)",
        "shots": "46.5% (28.6) // 48.9% (30.5) // 50.6% (25.5) // 57.1% (28.0)",
        "scoring": "46.6% (28.4) // 48.2% (28.6) // 42.7% (22.6) // 49.1% (28.0)",
        "corsiAgainst": "53.0% (63.8) // 50.7% (60.7) // 52.3% (57.7) // 47.4% (55.0)",
        "fenwickAgainst": "52.8% (45.9) // 49.5% (43.2) // 51.1% (38.4) // 48.6% (36.0)",
        "shotsAgainst": "53.5% (32.8) // 51.1% (31.9) // 49.4% (24.8) // 42.9% (21.0)",
        "scoringAgainst": "53.4% (32.5) // 51.8% (30.7) // 57.3% (30.3) // 50.9% (29.0)",
        "oppCorsi": "60.0% (71.2) // 57.2% (65.4) // 57.4% (67.6) // 58.7% (69.0)",
        "oppFenwick": "58.4% (49.9) // 55.3% (45.8) // 55.1% (46.3) // 54.6% (47.0)",
        "oppShots": "56.5% (33.2) // 52.2% (30.4) // 51.0% (31.3) // 50.0% (32.5)",
        "oppScoring": "57.4% (31.2) // 56.1% (30.3) // 59.5% (33.1) // 59.3% (35.0)",
        "oppCorsiAgainst": "40.0% (47.4) // 42.8% (48.9) // 42.6% (50.2) // 41.3% (48.5)",
        "oppFenwickAgainst": "41.6% (35.6) // 44.7% (37.0) // 44.9% (37.7) // 45.4% (39.0)",
        "oppShotsAgainst": "43.5% (25.6) // 47.8% (27.8) // 49.0% (30.1) // 50.0% (32.5)",
        "oppScoringAgainst": "42.6% (23.1) // 43.9% (23.7) // 40.5% (22.5) // 40.7% (24.0)",
        "totalOver": 64,
        "totalOverLast5": 80,
        "totalOverLast15": 53,
        "lastTotalOver": 69,
        "last5": "4,1,2,2,2,10,2,1,1,1",
        "fd": "-182/+138",
        "dk": "-175/+135",
        "implied": 64.53900709219859,
        "overOdds": "-175",
        "underOdds": "+135",
        "overUnder": "-175 / +135"
    },
    {
        "player": "Jaccob Slavin",
        "team": "CAR",
        "opponent": "MTL",
        "propType": "sog",
        "line": 1.5,
        "ppLine": "",
        "avg": 2.31,
        "hit": false,
        "diffAvg": 0.54,
        "diffAbs": 0.07,
        "lastAvg": 1.44,
        "diff": -0.04,
        "avgMin": 21,
        "proj": 1.4,
        "lastAvgMin": 21.98,
        "oppOver": 0,
        "teamOver": 0,
        "gameLine": "-265",
        "+/-": "+6",
        "L5_+/-": -4.0,
        "prevMatchup": "",
        "winLossSplits": "56% - 76%",
        "awayHome": "H",
        "playedYesterday": "Y",
        "awayHomeSplits": "75% - 53%",
        "savesAboveExp": "-",
        "gsaa": -0.17,
        "corsi": "60.0% (71.2) // 57.2% (65.4) // 57.4% (67.6) // 58.7% (69.0)",
        "fenwick": "58.4% (49.9) // 55.3% (45.8) // 55.1% (46.3) // 54.6% (47.0)",
        "shots": "56.5% (33.2) // 52.2% (30.4) // 51.0% (31.3) // 50.0% (32.5)",
        "scoring": "57.4% (31.2) // 56.1% (30.3) // 59.5% (33.1) // 59.3% (35.0)",
        "corsiAgainst": "40.0% (47.4) // 42.8% (48.9) // 42.6% (50.2) // 41.3% (48.5)",
        "fenwickAgainst": "41.6% (35.6) // 44.7% (37.0) // 44.9% (37.7) // 45.4% (39.0)",
        "shotsAgainst": "43.5% (25.6) // 47.8% (27.8) // 49.0% (30.1) // 50.0% (32.5)",
        "scoringAgainst": "42.6% (23.1) // 43.9% (23.7) // 40.5% (22.5) // 40.7% (24.0)",
        "oppCorsi": "47.0% (56.6) // 49.3% (59.0) // 47.7% (52.6) // 52.6% (61.0)",
        "oppFenwick": "47.2% (41.0) // 50.5% (44.0) // 48.9% (36.8) // 51.4% (38.0)",
        "oppShots": "46.5% (28.6) // 48.9% (30.5) // 50.6% (25.5) // 57.1% (28.0)",
        "oppScoring": "46.6% (28.4) // 48.2% (28.6) // 42.7% (22.6) // 49.1% (28.0)",
        "oppCorsiAgainst": "53.0% (63.8) // 50.7% (60.7) // 52.3% (57.7) // 47.4% (55.0)",
        "oppFenwickAgainst": "52.8% (45.9) // 49.5% (43.2) // 51.1% (38.4) // 48.6% (36.0)",
        "oppShotsAgainst": "53.5% (32.8) // 51.1% (31.9) // 49.4% (24.8) // 42.9% (21.0)",
        "oppScoringAgainst": "53.4% (32.5) // 51.8% (30.7) // 57.3% (30.3) // 50.9% (29.0)",
        "totalOver": 66,
        "totalOverLast5": 40,
        "totalOverLast15": 67,
        "lastTotalOver": 52,
        "last5": "1,4,4,0,1,3,3,3,2,2",
        "fd": "0",
        "dk": "-175/+135",
        "implied": 63.63636363636363,
        "overOdds": "-175",
        "underOdds": "+135",
        "overUnder": "-175 / +135"
    },
    {
        "player": "Jordan Martinook",
        "team": "CAR",
        "opponent": "MTL",
        "propType": "sog",
        "line": 1.5,
        "ppLine": "",
        "avg": 2.0,
        "hit": false,
        "diffAvg": 0.33,
        "diffAbs": 0.0,
        "lastAvg": 1.67,
        "diff": 0.11,
        "avgMin": 14,
        "proj": 1.5,
        "lastAvgMin": 15.62,
        "oppOver": 0,
        "teamOver": 0,
        "gameLine": "-265",
        "+/-": -6,
        "L5_+/-": 0.0,
        "prevMatchup": "",
        "winLossSplits": "61% - 71%",
        "awayHome": "H",
        "playedYesterday": "Y",
        "awayHomeSplits": "70% - 60%",
        "savesAboveExp": "-",
        "gsaa": -0.17,
        "corsi": "60.0% (71.2) // 57.2% (65.4) // 57.4% (67.6) // 58.7% (69.0)",
        "fenwick": "58.4% (49.9) // 55.3% (45.8) // 55.1% (46.3) // 54.6% (47.0)",
        "shots": "56.5% (33.2) // 52.2% (30.4) // 51.0% (31.3) // 50.0% (32.5)",
        "scoring": "57.4% (31.2) // 56.1% (30.3) // 59.5% (33.1) // 59.3% (35.0)",
        "corsiAgainst": "40.0% (47.4) // 42.8% (48.9) // 42.6% (50.2) // 41.3% (48.5)",
        "fenwickAgainst": "41.6% (35.6) // 44.7% (37.0) // 44.9% (37.7) // 45.4% (39.0)",
        "shotsAgainst": "43.5% (25.6) // 47.8% (27.8) // 49.0% (30.1) // 50.0% (32.5)",
        "scoringAgainst": "42.6% (23.1) // 43.9% (23.7) // 40.5% (22.5) // 40.7% (24.0)",
        "oppCorsi": "47.0% (56.6) // 49.3% (59.0) // 47.7% (52.6) // 52.6% (61.0)",
        "oppFenwick": "47.2% (41.0) // 50.5% (44.0) // 48.9% (36.8) // 51.4% (38.0)",
        "oppShots": "46.5% (28.6) // 48.9% (30.5) // 50.6% (25.5) // 57.1% (28.0)",
        "oppScoring": "46.6% (28.4) // 48.2% (28.6) // 42.7% (22.6) // 49.1% (28.0)",
        "oppCorsiAgainst": "53.0% (63.8) // 50.7% (60.7) // 52.3% (57.7) // 47.4% (55.0)",
        "oppFenwickAgainst": "52.8% (45.9) // 49.5% (43.2) // 51.1% (38.4) // 48.6% (36.0)",
        "oppShotsAgainst": "53.5% (32.8) // 51.1% (31.9) // 49.4% (24.8) // 42.9% (21.0)",
        "oppScoringAgainst": "53.4% (32.5) // 51.8% (30.7) // 57.3% (30.3) // 50.9% (29.0)",
        "totalOver": 66,
        "totalOverLast5": 20,
        "totalOverLast15": 40,
        "lastTotalOver": 67,
        "last5": "0,0,0,3,0,1,1,0,3,3",
        "fd": "0",
        "dk": "-140/+110",
        "implied": 58.333333333333336,
        "overOdds": "-140",
        "underOdds": "+110",
        "overUnder": "-140 / +110"
    },
    {
        "player": "Brock Boeser",
        "team": "VAN",
        "opponent": "PHI",
        "propType": "sog",
        "line": 2.5,
        "ppLine": "PP1",
        "avg": 2.8,
        "hit": false,
        "diffAvg": 0.12,
        "diffAbs": 0.0,
        "lastAvg": 2.41,
        "diff": -0.04,
        "avgMin": 18,
        "proj": 2.5,
        "lastAvgMin": 17.23,
        "oppOver": 0,
        "teamOver": 0,
        "gameLine": "-162",
        "+/-": "+12",
        "L5_+/-": "+3.0",
        "prevMatchup": "2023-10-17 2.0 sog",
        "winLossSplits": "57% - 50%",
        "awayHome": "H",
        "playedYesterday": "N",
        "awayHomeSplits": "50% - 59%",
        "savesAboveExp": 0.232,
        "gsaa": -1.32,
        "corsi": "49.6% (57.1) // 47.1% (50.6) // 51.1% (54.2) // 60.8% (65.0)",
        "fenwick": "49.1% (40.8) // 47.7% (37.4) // 50.6% (39.9) // 56.2% (41.0)",
        "shots": "48.3% (27.8) // 46.6% (25.4) // 47.6% (26.3) // 51.0% (26.0)",
        "scoring": "50.7% (28.9) // 50.1% (26.4) // 51.0% (25.6) // 57.8% (26.0)",
        "corsiAgainst": "50.4% (58.1) // 52.9% (56.8) // 48.9% (51.9) // 39.2% (42.0)",
        "fenwickAgainst": "50.9% (42.3) // 52.3% (41.0) // 49.4% (39.0) // 43.8% (32.0)",
        "shotsAgainst": "51.7% (29.8) // 53.4% (29.0) // 52.4% (28.9) // 49.0% (25.0)",
        "scoringAgainst": "49.3% (28.1) // 49.9% (26.3) // 49.0% (24.7) // 42.2% (19.0)",
        "oppCorsi": "49.8% (59.8) // 47.0% (56.5) // 49.0% (56.7) // 51.5% (64.6)",
        "oppFenwick": "52.0% (44.5) // 50.5% (44.4) // 52.4% (45.5) // 54.7% (53.5)",
        "oppShots": "53.5% (32.4) // 51.9% (31.9) // 51.5% (31.8) // 53.8% (39.7)",
        "oppScoring": "48.5% (27.3) // 44.8% (26.7) // 42.2% (24.2) // 45.6% (28.6)",
        "oppCorsiAgainst": "50.2% (60.4) // 53.0% (63.7) // 51.0% (58.9) // 48.5% (60.9)",
        "oppFenwickAgainst": "48.0% (41.1) // 49.5% (43.5) // 47.6% (41.4) // 45.3% (44.3)",
        "oppShotsAgainst": "46.5% (28.2) // 48.1% (29.6) // 48.5% (29.9) // 46.2% (34.2)",
        "oppScoringAgainst": "51.5% (29.0) // 55.2% (33.0) // 57.8% (33.1) // 54.4% (34.2)",
        "totalOver": 54,
        "totalOverLast5": 80,
        "totalOverLast15": 60,
        "lastTotalOver": 48,
        "last5": "2,4,4,4,5,3,4,2,1,3",
        "fd": "-122/-106",
        "dk": "-115/-115",
        "implied": 54.95495495495496,
        "overOdds": "-115",
        "underOdds": "-115",
        "overUnder": "-115 / -115"
    },
    {
        "player": "Cam Atkinson",
        "team": "PHI",
        "opponent": "VAN",
        "propType": "sog",
        "line": 2.5,
        "ppLine": "PP2",
        "avg": 2.91,
        "hit": false,
        "diffAvg": 0.16,
        "diffAbs": 1.0,
        "lastAvg": 0,
        "diff": 0,
        "avgMin": 17,
        "proj": 0.0,
        "lastAvgMin": 0,
        "oppOver": 0,
        "teamOver": 0,
        "gameLine": "+136",
        "+/-": -9,
        "L5_+/-": 0.0,
        "prevMatchup": "2023-10-17 3.0 sog",
        "winLossSplits": "56% - 67%",
        "awayHome": "A",
        "playedYesterday": "N",
        "awayHomeSplits": "47% - 75%",
        "savesAboveExp": 0.063,
        "gsaa": 5.31,
        "corsi": "49.8% (59.8) // 47.0% (56.5) // 49.0% (56.7) // 51.5% (64.6)",
