[
    {
        "player": "Aleksander Barkov",
        "team": "FLA",
        "opponent": "PIT",
        "propType": "sog",
        "line": 2.5,
        "ppLine": "",
        "avg": 2.83,
        "hit": false,
        "diffAvg": 0.13,
        "diffAbs": 0.2,
        "lastAvg": 2.29,
        "diff": -0.08,
        "avgMin": 19,
        "proj": 2.0,
        "lastAvgMin": 21.22,
        "oppOver": 0,
        "teamOver": 0,
        "gameLine": "-125",
        "+/-": "+19",
        "L5_+/-": -3.0,
        "prevMatchup": "2024-01-26 2.0 sog 2023-12-08 3.0 sog",
        "winLossSplits": "57% - 56%",
        "awayHome": "A",
        "playedYesterday": "N",
        "awayHomeSplits": "60% - 52%",
        "savesAboveExp": 0.033,
        "gsaa": 7.37,
        "corsi": "56.8% (68.9) // 57.5% (67.6) // 55.9% (64.5) // 54.5% (60.3)",
        "fenwick": "55.7% (48.5) // 55.8% (49.6) // 55.1% (49.0) // 53.5% (44.8)",
        "shots": "55.6% (33.9) // 56.2% (34.2) // 56.0% (34.6) // 53.2% (32.8)",
        "scoring": "57.1% (31.9) // 60.6% (31.5) // 60.7% (30.7) // 57.2% (28.2)",
        "corsiAgainst": "43.2% (52.4) // 42.5% (50.1) // 44.1% (51.0) // 45.5% (50.3)",
        "fenwickAgainst": "44.3% (38.5) // 44.2% (39.3) // 44.9% (39.9) // 46.5% (38.9)",
        "shotsAgainst": "44.4% (27.0) // 43.8% (26.7) // 44.0% (27.1) // 46.8% (28.9)",
        "scoringAgainst": "42.9% (23.9) // 39.4% (20.5) // 39.3% (19.9) // 42.8% (21.1)",
        "oppCorsi": "52.7% (66.0) // 55.0% (69.4) // 55.8% (70.3) // 55.0% (72.1)",
        "oppFenwick": "51.8% (47.4) // 54.7% (48.6) // 56.0% (52.1) // 54.8% (54.1)",
        "oppShots": "52.4% (32.9) // 54.6% (33.9) // 55.4% (36.6) // 54.0% (37.7)",
        "oppScoring": "53.2% (32.4) // 57.3% (34.4) // 60.7% (35.4) // 59.0% (36.7)",
        "oppCorsiAgainst": "47.3% (59.3) // 45.0% (56.8) // 44.2% (55.6) // 45.0% (59.0)",
        "oppFenwickAgainst": "48.2% (44.1) // 45.3% (40.2) // 44.0% (41.0) // 45.2% (44.6)",
        "oppShotsAgainst": "47.6% (29.9) // 45.4% (28.2) // 44.6% (29.5) // 46.0% (32.1)",
        "oppScoringAgainst": "46.8% (28.5) // 42.7% (25.6) // 39.3% (23.0) // 41.0% (25.6)",
        "totalOver": 57,
        "totalOverLast5": 20,
        "totalOverLast15": 33,
        "lastTotalOver": 51,
        "last5": "3,1,2,2,2,3,1,3,5,2",
        "fd": "-118/-113",
        "dk": "-120/-110",
        "kambi": "-114/-114",
        "lowest": "-114 BR",
        "implied": 53.271028037383175,
        "overOdds": "-120",
        "underOdds": "-110",
        "overUnder": "-120 / -110"
    },
    {
        "player": "Brandon Montour",
        "team": "FLA",
        "opponent": "PIT",
        "propType": "sog",
        "line": 2.5,
        "ppLine": "",
        "avg": 2.58,
        "hit": false,
        "diffAvg": 0.03,
        "diffAbs": 0.08,
        "lastAvg": 2.4,
        "diff": -0.04,
        "avgMin": 23,
        "proj": 2.3,
        "lastAvgMin": 24.12,
        "oppOver": 0,
        "teamOver": 0,
        "gameLine": "-125",
        "+/-": -2,
        "L5_+/-": "+2.0",
        "prevMatchup": "2024-01-26 1.0 sog 2023-12-08 1.0 sog",
        "winLossSplits": "43% - 54%",
        "awayHome": "A",
        "playedYesterday": "N",
        "awayHomeSplits": "35% - 58%",
        "savesAboveExp": 0.033,
        "gsaa": 7.37,
        "corsi": "56.8% (68.9) // 57.5% (67.6) // 55.9% (64.5) // 54.5% (60.3)",
        "fenwick": "55.7% (48.5) // 55.8% (49.6) // 55.1% (49.0) // 53.5% (44.8)",
        "shots": "55.6% (33.9) // 56.2% (34.2) // 56.0% (34.6) // 53.2% (32.8)",
        "scoring": "57.1% (31.9) // 60.6% (31.5) // 60.7% (30.7) // 57.2% (28.2)",
        "corsiAgainst": "43.2% (52.4) // 42.5% (50.1) // 44.1% (51.0) // 45.5% (50.3)",
        "fenwickAgainst": "44.3% (38.5) // 44.2% (39.3) // 44.9% (39.9) // 46.5% (38.9)",
        "shotsAgainst": "44.4% (27.0) // 43.8% (26.7) // 44.0% (27.1) // 46.8% (28.9)",
        "scoringAgainst": "42.9% (23.9) // 39.4% (20.5) // 39.3% (19.9) // 42.8% (21.1)",
        "oppCorsi": "52.7% (66.0) // 55.0% (69.4) // 55.8% (70.3) // 55.0% (72.1)",
        "oppFenwick": "51.8% (47.4) // 54.7% (48.6) // 56.0% (52.1) // 54.8% (54.1)",
        "oppShots": "52.4% (32.9) // 54.6% (33.9) // 55.4% (36.6) // 54.0% (37.7)",
        "oppScoring": "53.2% (32.4) // 57.3% (34.4) // 60.7% (35.4) // 59.0% (36.7)",
        "oppCorsiAgainst": "47.3% (59.3) // 45.0% (56.8) // 44.2% (55.6) // 45.0% (59.0)",
        "oppFenwickAgainst": "48.2% (44.1) // 45.3% (40.2) // 44.0% (41.0) // 45.2% (44.6)",
        "oppShotsAgainst": "47.6% (29.9) // 45.4% (28.2) // 44.6% (29.5) // 46.0% (32.1)",
        "oppScoringAgainst": "46.8% (28.5) // 42.7% (25.6) // 39.3% (23.0) // 41.0% (25.6)",
        "totalOver": 47,
        "totalOverLast5": 60,
        "totalOverLast15": 60,
        "lastTotalOver": 53,
        "last5": "5,5,0,3,1,3,4,3,5,4",
        "fd": "-128/-102",
        "dk": "-130/+100",
        "kambi": "0",
        "lowest": "-128 FD",
        "implied": 56.14035087719298,
        "overOdds": "-130",
        "underOdds": "+100",
        "overUnder": "-130 / +100"
    },
    {
        "player": "Bryan Rust",
        "team": "PIT",
        "opponent": "FLA",
        "propType": "sog",
        "line": 2.5,
        "ppLine": "",
        "avg": 3.08,
        "hit": false,
        "diffAvg": 0.23,
        "diffAbs": 0.12,
        "lastAvg": 2.6,
        "diff": 0.04,
        "avgMin": 19,
        "proj": 2.8,
        "lastAvgMin": 17.88,
        "oppOver": 0,
        "teamOver": 0,
        "gameLine": "+105",
        "+/-": "+15",
        "L5_+/-": "+3.0",
        "prevMatchup": "2024-01-26 4.0 sog",
        "winLossSplits": "53% - 57%",
        "awayHome": "H",
        "playedYesterday": "N",
        "awayHomeSplits": "47% - 65%",
        "savesAboveExp": -0.102,
        "gsaa": 8.2,
        "corsi": "52.7% (66.0) // 55.0% (69.4) // 55.8% (70.3) // 55.0% (72.1)",
        "fenwick": "51.8% (47.4) // 54.7% (48.6) // 56.0% (52.1) // 54.8% (54.1)",
        "shots": "52.4% (32.9) // 54.6% (33.9) // 55.4% (36.6) // 54.0% (37.7)",
        "scoring": "53.2% (32.4) // 57.3% (34.4) // 60.7% (35.4) // 59.0% (36.7)",
        "corsiAgainst": "47.3% (59.3) // 45.0% (56.8) // 44.2% (55.6) // 45.0% (59.0)",
        "fenwickAgainst": "48.2% (44.1) // 45.3% (40.2) // 44.0% (41.0) // 45.2% (44.6)",
        "shotsAgainst": "47.6% (29.9) // 45.4% (28.2) // 44.6% (29.5) // 46.0% (32.1)",
        "scoringAgainst": "46.8% (28.5) // 42.7% (25.6) // 39.3% (23.0) // 41.0% (25.6)",
        "oppCorsi": "56.8% (68.9) // 57.5% (67.6) // 55.9% (64.5) // 54.5% (60.3)",
        "oppFenwick": "55.7% (48.5) // 55.8% (49.6) // 55.1% (49.0) // 53.5% (44.8)",
        "oppShots": "55.6% (33.9) // 56.2% (34.2) // 56.0% (34.6) // 53.2% (32.8)",
        "oppScoring": "57.1% (31.9) // 60.6% (31.5) // 60.7% (30.7) // 57.2% (28.2)",
        "oppCorsiAgainst": "43.2% (52.4) // 42.5% (50.1) // 44.1% (51.0) // 45.5% (50.3)",
        "oppFenwickAgainst": "44.3% (38.5) // 44.2% (39.3) // 44.9% (39.9) // 46.5% (38.9)",
        "oppShotsAgainst": "44.4% (27.0) // 43.8% (26.7) // 44.0% (27.1) // 46.8% (28.9)",
        "oppScoringAgainst": "42.9% (23.9) // 39.4% (20.5) // 39.3% (19.9) // 42.8% (21.1)",
        "totalOver": 56,
        "totalOverLast5": 60,
        "totalOverLast15": 40,
        "lastTotalOver": 44,
        "last5": "7,1,4,1,4,2,5,2,3,2",
        "fd": "-148/+114",
        "dk": "-145/+114",
        "kambi": "0",
        "lowest": "-145 DK",
        "implied": 59.183673469387756,
        "overOdds": "-145",
        "underOdds": "+114",
        "overUnder": "-145 / +114"
    },
    {
        "player": "Carter Verhaeghe",
        "team": "FLA",
        "opponent": "PIT",
        "propType": "sog",
        "line": 3.5,
        "ppLine": "",
        "avg": 3.27,
        "hit": false,
        "diffAvg": -0.07,
        "diffAbs": 0.26,
        "lastAvg": 2.7,
        "diff": -0.23,
        "avgMin": 17,
        "proj": 2.6,
        "lastAvgMin": 17.5,
        "oppOver": 0,
        "teamOver": 0,
        "gameLine": "-125",
        "+/-": "+13",
        "L5_+/-": "+7.0",
        "prevMatchup": "2024-01-26 4.0 sog 2023-12-08 4.0 sog",
        "winLossSplits": "48% - 37%",
        "awayHome": "A",
        "playedYesterday": "N",
        "awayHomeSplits": "42% - 46%",
        "savesAboveExp": 0.033,
        "gsaa": 7.37,
        "corsi": "56.8% (68.9) // 57.5% (67.6) // 55.9% (64.5) // 54.5% (60.3)",
        "fenwick": "55.7% (48.5) // 55.8% (49.6) // 55.1% (49.0) // 53.5% (44.8)",
        "shots": "55.6% (33.9) // 56.2% (34.2) // 56.0% (34.6) // 53.2% (32.8)",
        "scoring": "57.1% (31.9) // 60.6% (31.5) // 60.7% (30.7) // 57.2% (28.2)",
        "corsiAgainst": "43.2% (52.4) // 42.5% (50.1) // 44.1% (51.0) // 45.5% (50.3)",
        "fenwickAgainst": "44.3% (38.5) // 44.2% (39.3) // 44.9% (39.9) // 46.5% (38.9)",
        "shotsAgainst": "44.4% (27.0) // 43.8% (26.7) // 44.0% (27.1) // 46.8% (28.9)",
        "scoringAgainst": "42.9% (23.9) // 39.4% (20.5) // 39.3% (19.9) // 42.8% (21.1)",
        "oppCorsi": "52.7% (66.0) // 55.0% (69.4) // 55.8% (70.3) // 55.0% (72.1)",
        "oppFenwick": "51.8% (47.4) // 54.7% (48.6) // 56.0% (52.1) // 54.8% (54.1)",
        "oppShots": "52.4% (32.9) // 54.6% (33.9) // 55.4% (36.6) // 54.0% (37.7)",
        "oppScoring": "53.2% (32.4) // 57.3% (34.4) // 60.7% (35.4) // 59.0% (36.7)",
        "oppCorsiAgainst": "47.3% (59.3) // 45.0% (56.8) // 44.2% (55.6) // 45.0% (59.0)",
        "oppFenwickAgainst": "48.2% (44.1) // 45.3% (40.2) // 44.0% (41.0) // 45.2% (44.6)",
        "oppShotsAgainst": "47.6% (29.9) // 45.4% (28.2) // 44.6% (29.5) // 46.0% (32.1)",
        "oppScoringAgainst": "46.8% (28.5) // 42.7% (25.6) // 39.3% (23.0) // 41.0% (25.6)",
        "totalOver": 44,
        "totalOverLast5": 80,
        "totalOverLast15": 33,
        "lastTotalOver": 39,
        "last5": "7,0,4,4,4,2,2,3,1,5",
        "fd": "+125/-164",
        "dk": "+114/-145",
        "kambi": "130/-175",
        "lowest": "130 BR",
        "implied": 43.47826086956522,
        "overOdds": "+114",
        "underOdds": "-145",
        "overUnder": "+114 / -145"
    },
    {
        "player": "Erik Karlsson",
        "team": "PIT",
        "opponent": "FLA",
        "propType": "sog",
        "line": 2.5,
        "ppLine": "",
        "avg": 2.37,
        "hit": false,
        "diffAvg": -0.05,
        "diffAbs": 0.04,
        "lastAvg": 2.52,
        "diff": 0.01,
        "avgMin": 24,
        "proj": 2.4,
        "lastAvgMin": 25.6,
        "oppOver": 0,
        "teamOver": 0,
        "gameLine": "+105",
        "+/-": "+10",
        "L5_+/-": -1.0,
        "prevMatchup": "2024-01-26 2.0 sog 2023-12-08 4.0 sog",
        "winLossSplits": "39% - 38%",
        "awayHome": "H",
        "playedYesterday": "N",
        "awayHomeSplits": "44% - 33%",
        "savesAboveExp": -0.102,
        "gsaa": 8.2,
        "corsi": "52.7% (66.0) // 55.0% (69.4) // 55.8% (70.3) // 55.0% (72.1)",
        "fenwick": "51.8% (47.4) // 54.7% (48.6) // 56.0% (52.1) // 54.8% (54.1)",
        "shots": "52.4% (32.9) // 54.6% (33.9) // 55.4% (36.6) // 54.0% (37.7)",
        "scoring": "53.2% (32.4) // 57.3% (34.4) // 60.7% (35.4) // 59.0% (36.7)",
        "corsiAgainst": "47.3% (59.3) // 45.0% (56.8) // 44.2% (55.6) // 45.0% (59.0)",
        "fenwickAgainst": "48.2% (44.1) // 45.3% (40.2) // 44.0% (41.0) // 45.2% (44.6)",
        "shotsAgainst": "47.6% (29.9) // 45.4% (28.2) // 44.6% (29.5) // 46.0% (32.1)",
        "scoringAgainst": "46.8% (28.5) // 42.7% (25.6) // 39.3% (23.0) // 41.0% (25.6)",
        "oppCorsi": "56.8% (68.9) // 57.5% (67.6) // 55.9% (64.5) // 54.5% (60.3)",
        "oppFenwick": "55.7% (48.5) // 55.8% (49.6) // 55.1% (49.0) // 53.5% (44.8)",
        "oppShots": "55.6% (33.9) // 56.2% (34.2) // 56.0% (34.6) // 53.2% (32.8)",
        "oppScoring": "57.1% (31.9) // 60.6% (31.5) // 60.7% (30.7) // 57.2% (28.2)",
        "oppCorsiAgainst": "43.2% (52.4) // 42.5% (50.1) // 44.1% (51.0) // 45.5% (50.3)",
        "oppFenwickAgainst": "44.3% (38.5) // 44.2% (39.3) // 44.9% (39.9) // 46.5% (38.9)",
        "oppShotsAgainst": "44.4% (27.0) // 43.8% (26.7) // 44.0% (27.1) // 46.8% (28.9)",
        "oppScoringAgainst": "42.9% (23.9) // 39.4% (20.5) // 39.3% (19.9) // 42.8% (21.1)",
        "totalOver": 39,
        "totalOverLast5": 20,
        "totalOverLast15": 20,
        "lastTotalOver": 47,
        "last5": "1,3,2,2,2,2,1,4,6,2",
        "fd": "+125/-164",
        "dk": "+135/-175",
        "kambi": "120/-157",
        "lowest": "135 DK",
        "implied": 42.5531914893617,
        "overOdds": "+135",
        "underOdds": "-175",
        "overUnder": "+135 / -175"
    },
    {
        "player": "Evan Rodrigues",
        "team": "FLA",
        "opponent": "PIT",
        "propType": "sog",
        "line": 1.5,
        "ppLine": "",
        "avg": 2.25,
        "hit": false,
        "diffAvg": 0.5,
        "diffAbs": 0.33,
        "lastAvg": 2.42,
        "diff": 0.61,
        "avgMin": 15,
        "proj": 2.0,
        "lastAvgMin": 17.85,
        "oppOver": 0,
        "teamOver": 0,
        "gameLine": "-125",
        "+/-": "+17",
        "L5_+/-": -2.0,
        "prevMatchup": "2024-01-26 4.0 sog 2023-12-08 1.0 sog",
        "winLossSplits": "58% - 74%",
        "awayHome": "A",
        "playedYesterday": "N",
        "awayHomeSplits": "69% - 58%",
        "savesAboveExp": 0.033,
        "gsaa": 7.37,
        "corsi": "56.8% (68.9) // 57.5% (67.6) // 55.9% (64.5) // 54.5% (60.3)",
        "fenwick": "55.7% (48.5) // 55.8% (49.6) // 55.1% (49.0) // 53.5% (44.8)",
        "shots": "55.6% (33.9) // 56.2% (34.2) // 56.0% (34.6) // 53.2% (32.8)",
        "scoring": "57.1% (31.9) // 60.6% (31.5) // 60.7% (30.7) // 57.2% (28.2)",
        "corsiAgainst": "43.2% (52.4) // 42.5% (50.1) // 44.1% (51.0) // 45.5% (50.3)",
        "fenwickAgainst": "44.3% (38.5) // 44.2% (39.3) // 44.9% (39.9) // 46.5% (38.9)",
        "shotsAgainst": "44.4% (27.0) // 43.8% (26.7) // 44.0% (27.1) // 46.8% (28.9)",
        "scoringAgainst": "42.9% (23.9) // 39.4% (20.5) // 39.3% (19.9) // 42.8% (21.1)",
        "oppCorsi": "52.7% (66.0) // 55.0% (69.4) // 55.8% (70.3) // 55.0% (72.1)",
        "oppFenwick": "51.8% (47.4) // 54.7% (48.6) // 56.0% (52.1) // 54.8% (54.1)",
        "oppShots": "52.4% (32.9) // 54.6% (33.9) // 55.4% (36.6) // 54.0% (37.7)",
        "oppScoring": "53.2% (32.4) // 57.3% (34.4) // 60.7% (35.4) // 59.0% (36.7)",
        "oppCorsiAgainst": "47.3% (59.3) // 45.0% (56.8) // 44.2% (55.6) // 45.0% (59.0)",
        "oppFenwickAgainst": "48.2% (44.1) // 45.3% (40.2) // 44.0% (41.0) // 45.2% (44.6)",
        "oppShotsAgainst": "47.6% (29.9) // 45.4% (28.2) // 44.6% (29.5) // 46.0% (32.1)",
        "oppScoringAgainst": "46.8% (28.5) // 42.7% (25.6) // 39.3% (23.0) // 41.0% (25.6)",
        "totalOver": 63,
        "totalOverLast5": 80,
        "totalOverLast15": 53,
        "lastTotalOver": 65,
        "last5": "2,2,1,3,4,4,3,0,1,1",
        "fd": "-210/+154",
        "dk": "-195/+150",
        "kambi": "0",
        "lowest": "-195 DK",
        "implied": 66.10169491525424,
        "overOdds": "-195",
        "underOdds": "+150",
        "overUnder": "-195 / +150"
    },
    {
        "player": "Evgeni Malkin",
        "team": "PIT",
        "opponent": "FLA",
        "propType": "sog",
        "line": 2.5,
        "ppLine": "",
        "avg": 2.71,
        "hit": false,
        "diffAvg": 0.08,
        "diffAbs": 0.12,
        "lastAvg": 2.93,
        "diff": 0.17,
        "avgMin": 18,
        "proj": 2.8,
        "lastAvgMin": 18.57,
        "oppOver": 0,
        "teamOver": 0,
        "gameLine": "+105",
        "+/-": "+3",
        "L5_+/-": "+3.0",
        "prevMatchup": "2024-01-26 5.0 sog 2023-12-08 2.0 sog",
        "winLossSplits": "48% - 54%",
        "awayHome": "H",
        "playedYesterday": "N",
        "awayHomeSplits": "44% - 58%",
        "savesAboveExp": -0.102,
        "gsaa": 8.2,
        "corsi": "52.7% (66.0) // 55.0% (69.4) // 55.8% (70.3) // 55.0% (72.1)",
        "fenwick": "51.8% (47.4) // 54.7% (48.6) // 56.0% (52.1) // 54.8% (54.1)",
        "shots": "52.4% (32.9) // 54.6% (33.9) // 55.4% (36.6) // 54.0% (37.7)",
        "scoring": "53.2% (32.4) // 57.3% (34.4) // 60.7% (35.4) // 59.0% (36.7)",
        "corsiAgainst": "47.3% (59.3) // 45.0% (56.8) // 44.2% (55.6) // 45.0% (59.0)",
        "fenwickAgainst": "48.2% (44.1) // 45.3% (40.2) // 44.0% (41.0) // 45.2% (44.6)",
        "shotsAgainst": "47.6% (29.9) // 45.4% (28.2) // 44.6% (29.5) // 46.0% (32.1)",
        "scoringAgainst": "46.8% (28.5) // 42.7% (25.6) // 39.3% (23.0) // 41.0% (25.6)",
        "oppCorsi": "56.8% (68.9) // 57.5% (67.6) // 55.9% (64.5) // 54.5% (60.3)",
        "oppFenwick": "55.7% (48.5) // 55.8% (49.6) // 55.1% (49.0) // 53.5% (44.8)",
        "oppShots": "55.6% (33.9) // 56.2% (34.2) // 56.0% (34.6) // 53.2% (32.8)",
        "oppScoring": "57.1% (31.9) // 60.6% (31.5) // 60.7% (30.7) // 57.2% (28.2)",
        "oppCorsiAgainst": "43.2% (52.4) // 42.5% (50.1) // 44.1% (51.0) // 45.5% (50.3)",
        "oppFenwickAgainst": "44.3% (38.5) // 44.2% (39.3) // 44.9% (39.9) // 46.5% (38.9)",
        "oppShotsAgainst": "44.4% (27.0) // 43.8% (26.7) // 44.0% (27.1) // 46.8% (28.9)",
        "oppScoringAgainst": "42.9% (23.9) // 39.4% (20.5) // 39.3% (19.9) // 42.8% (21.1)",
        "totalOver": 51,
        "totalOverLast5": 40,
        "totalOverLast15": 47,
        "lastTotalOver": 55,
        "last5": "0,5,1,2,5,3,1,2,0,3",
        "fd": "+104/-135",
        "dk": "+100/-130",
        "kambi": "100/-130",
        "lowest": "104 FD",
        "implied": 49.01960784313725,
        "overOdds": "+100",
        "underOdds": "-130",
        "overUnder": "+100 / -130"
    },
    {
        "player": "Jake Guentzel",
        "team": "PIT",
        "opponent": "FLA",
        "propType": "sog",
        "line": 3.5,
        "ppLine": "",
        "avg": 3.71,
        "hit": false,
        "diffAvg": 0.06,
        "diffAbs": 0.11,
        "lastAvg": 3.13,
        "diff": -0.11,
        "avgMin": 20,
        "proj": 3.1,
        "lastAvgMin": 20.1,
        "oppOver": 0,
        "teamOver": 0,
        "gameLine": "+105",
        "+/-": "+10",
        "L5_+/-": "+1.0",
        "prevMatchup": "2024-01-26 6.0 sog 2023-12-08 4.0 sog",
        "winLossSplits": "39% - 50%",
        "awayHome": "H",
        "playedYesterday": "N",
        "awayHomeSplits": "32% - 58%",
        "savesAboveExp": -0.102,
        "gsaa": 8.2,
        "corsi": "52.7% (66.0) // 55.0% (69.4) // 55.8% (70.3) // 55.0% (72.1)",
        "fenwick": "51.8% (47.4) // 54.7% (48.6) // 56.0% (52.1) // 54.8% (54.1)",
        "shots": "52.4% (32.9) // 54.6% (33.9) // 55.4% (36.6) // 54.0% (37.7)",
        "scoring": "53.2% (32.4) // 57.3% (34.4) // 60.7% (35.4) // 59.0% (36.7)",
        "corsiAgainst": "47.3% (59.3) // 45.0% (56.8) // 44.2% (55.6) // 45.0% (59.0)",
        "fenwickAgainst": "48.2% (44.1) // 45.3% (40.2) // 44.0% (41.0) // 45.2% (44.6)",
        "shotsAgainst": "47.6% (29.9) // 45.4% (28.2) // 44.6% (29.5) // 46.0% (32.1)",
        "scoringAgainst": "46.8% (28.5) // 42.7% (25.6) // 39.3% (23.0) // 41.0% (25.6)",
        "oppCorsi": "56.8% (68.9) // 57.5% (67.6) // 55.9% (64.5) // 54.5% (60.3)",
        "oppFenwick": "55.7% (48.5) // 55.8% (49.6) // 55.1% (49.0) // 53.5% (44.8)",
        "oppShots": "55.6% (33.9) // 56.2% (34.2) // 56.0% (34.6) // 53.2% (32.8)",
        "oppScoring": "57.1% (31.9) // 60.6% (31.5) // 60.7% (30.7) // 57.2% (28.2)",
        "oppCorsiAgainst": "43.2% (52.4) // 42.5% (50.1) // 44.1% (51.0) // 45.5% (50.3)",
        "oppFenwickAgainst": "44.3% (38.5) // 44.2% (39.3) // 44.9% (39.9) // 46.5% (38.9)",
        "oppShotsAgainst": "44.4% (27.0) // 43.8% (26.7) // 44.0% (27.1) // 46.8% (28.9)",
        "oppScoringAgainst": "42.9% (23.9) // 39.4% (20.5) // 39.3% (19.9) // 42.8% (21.1)",
        "totalOver": 45,
        "totalOverLast5": 60,
        "totalOverLast15": 53,
        "lastTotalOver": 40,
        "last5": "5,2,2,6,6,3,1,2,7,8",
        "fd": "+122/-160",
        "dk": "+120/-150",
        "kambi": "135/-180",
        "lowest": "135 BR",
        "implied": 42.5531914893617,
        "overOdds": "+120",
        "underOdds": "-150",
        "overUnder": "+120 / -150"
    },
    {
        "player": "Kris Letang",
        "team": "PIT",
        "opponent": "FLA",
        "propType": "sog",
        "line": 2.5,
        "ppLine": "",
        "avg": 2.02,
        "hit": false,
        "diffAvg": -0.19,
        "diffAbs": 0.04,
        "lastAvg": 2.52,
        "diff": 0.01,
        "avgMin": 24,
        "proj": 2.4,
        "lastAvgMin": 24.85,
        "oppOver": 0,
        "teamOver": 0,
        "gameLine": "+105",
        "+/-": "+14",
        "L5_+/-": "+5.0",
        "prevMatchup": "2024-01-26 1.0 sog 2023-12-08 1.0 sog",
        "winLossSplits": "39% - 35%",
        "awayHome": "H",
        "playedYesterday": "N",
        "awayHomeSplits": "20% - 54%",
        "savesAboveExp": -0.102,
        "gsaa": 8.2,
        "corsi": "52.7% (66.0) // 55.0% (69.4) // 55.8% (70.3) // 55.0% (72.1)",
        "fenwick": "51.8% (47.4) // 54.7% (48.6) // 56.0% (52.1) // 54.8% (54.1)",
        "shots": "52.4% (32.9) // 54.6% (33.9) // 55.4% (36.6) // 54.0% (37.7)",
        "scoring": "53.2% (32.4) // 57.3% (34.4) // 60.7% (35.4) // 59.0% (36.7)",
        "corsiAgainst": "47.3% (59.3) // 45.0% (56.8) // 44.2% (55.6) // 45.0% (59.0)",
        "fenwickAgainst": "48.2% (44.1) // 45.3% (40.2) // 44.0% (41.0) // 45.2% (44.6)",
        "shotsAgainst": "47.6% (29.9) // 45.4% (28.2) // 44.6% (29.5) // 46.0% (32.1)",
        "scoringAgainst": "46.8% (28.5) // 42.7% (25.6) // 39.3% (23.0) // 41.0% (25.6)",
        "oppCorsi": "56.8% (68.9) // 57.5% (67.6) // 55.9% (64.5) // 54.5% (60.3)",
        "oppFenwick": "55.7% (48.5) // 55.8% (49.6) // 55.1% (49.0) // 53.5% (44.8)",
        "oppShots": "55.6% (33.9) // 56.2% (34.2) // 56.0% (34.6) // 53.2% (32.8)",
        "oppScoring": "57.1% (31.9) // 60.6% (31.5) // 60.7% (30.7) // 57.2% (28.2)",
        "oppCorsiAgainst": "43.2% (52.4) // 42.5% (50.1) // 44.1% (51.0) // 45.5% (50.3)",
        "oppFenwickAgainst": "44.3% (38.5) // 44.2% (39.3) // 44.9% (39.9) // 46.5% (38.9)",
        "oppShotsAgainst": "44.4% (27.0) // 43.8% (26.7) // 44.0% (27.1) // 46.8% (28.9)",
        "oppScoringAgainst": "42.9% (23.9) // 39.4% (20.5) // 39.3% (19.9) // 42.8% (21.1)",
        "totalOver": 37,
        "totalOverLast5": 40,
        "totalOverLast15": 40,
        "lastTotalOver": 47,
        "last5": "1,3,2,3,1,1,2,3,1,3",
        "fd": "0",
        "dk": "+140/-180",
        "kambi": "135/-177",
        "lowest": "140 DK",
        "implied": 41.66666666666667,
        "overOdds": "+140",
        "underOdds": "-180",
        "overUnder": "+140 / -180"
    },
    {
        "player": "Matthew Tkachuk",
        "team": "FLA",
        "opponent": "PIT",
        "propType": "sog",
        "line": 3.5,
        "ppLine": "",
        "avg": 3.6,
        "hit": false,
        "diffAvg": 0.03,
        "diffAbs": 0.2,
        "lastAvg": 3.19,
        "diff": -0.09,
        "avgMin": 18,
        "proj": 2.8,
        "lastAvgMin": 20.43,
        "oppOver": 0,
        "teamOver": 0,
        "gameLine": "-125",
        "+/-": "+9",
        "L5_+/-": "+7.0",
        "prevMatchup": "2024-01-26 2.0 sog 2023-12-08 2.0 sog",
        "winLossSplits": "39% - 32%",
        "awayHome": "A",
        "playedYesterday": "N",
        "awayHomeSplits": "38% - 35%",
        "savesAboveExp": 0.033,
        "gsaa": 7.37,
        "corsi": "56.8% (68.9) // 57.5% (67.6) // 55.9% (64.5) // 54.5% (60.3)",
        "fenwick": "55.7% (48.5) // 55.8% (49.6) // 55.1% (49.0) // 53.5% (44.8)",
        "shots": "55.6% (33.9) // 56.2% (34.2) // 56.0% (34.6) // 53.2% (32.8)",
        "scoring": "57.1% (31.9) // 60.6% (31.5) // 60.7% (30.7) // 57.2% (28.2)",
        "corsiAgainst": "43.2% (52.4) // 42.5% (50.1) // 44.1% (51.0) // 45.5% (50.3)",
        "fenwickAgainst": "44.3% (38.5) // 44.2% (39.3) // 44.9% (39.9) // 46.5% (38.9)",
        "shotsAgainst": "44.4% (27.0) // 43.8% (26.7) // 44.0% (27.1) // 46.8% (28.9)",
        "scoringAgainst": "42.9% (23.9) // 39.4% (20.5) // 39.3% (19.9) // 42.8% (21.1)",
        "oppCorsi": "52.7% (66.0) // 55.0% (69.4) // 55.8% (70.3) // 55.0% (72.1)",
        "oppFenwick": "51.8% (47.4) // 54.7% (48.6) // 56.0% (52.1) // 54.8% (54.1)",
        "oppShots": "52.4% (32.9) // 54.6% (33.9) // 55.4% (36.6) // 54.0% (37.7)",
        "oppScoring": "53.2% (32.4) // 57.3% (34.4) // 60.7% (35.4) // 59.0% (36.7)",
        "oppCorsiAgainst": "47.3% (59.3) // 45.0% (56.8) // 44.2% (55.6) // 45.0% (59.0)",
        "oppFenwickAgainst": "48.2% (44.1) // 45.3% (40.2) // 44.0% (41.0) // 45.2% (44.6)",
        "oppShotsAgainst": "47.6% (29.9) // 45.4% (28.2) // 44.6% (29.5) // 46.0% (32.1)",
        "oppScoringAgainst": "46.8% (28.5) // 42.7% (25.6) // 39.3% (23.0) // 41.0% (25.6)",
        "totalOver": 37,
        "totalOverLast5": 0,
        "totalOverLast15": 33,
        "lastTotalOver": 40,
        "last5": "3,3,1,3,2,3,7,3,1,5",
        "fd": "+122/-160",
        "dk": "+120/-150",
        "kambi": "125/-162",
        "lowest": "125 BR",
        "implied": 44.44444444444444,
        "overOdds": "+120",
        "underOdds": "-150",
        "overUnder": "+120 / -150"
    },
    {
        "player": "Reilly Smith",
        "team": "PIT",
        "opponent": "FLA",
        "propType": "sog",
        "line": 1.5,
        "ppLine": "",
        "avg": 2.02,
        "hit": false,
        "diffAvg": 0.35,
        "diffAbs": 0.13,
        "lastAvg": 1.8,
        "diff": 0.2,
        "avgMin": 16,
        "proj": 1.7,
        "lastAvgMin": 16.97,
        "oppOver": 0,
        "teamOver": 0,
        "gameLine": "+105",
        "+/-": 0,
        "L5_+/-": -1.0,
        "prevMatchup": "2023-12-08 4.0 sog",
        "winLossSplits": "43% - 77%",
        "awayHome": "H",
        "playedYesterday": "N",
        "awayHomeSplits": "68% - 52%",
        "savesAboveExp": -0.102,
        "gsaa": 8.2,
        "corsi": "52.7% (66.0) // 55.0% (69.4) // 55.8% (70.3) // 55.0% (72.1)",
        "fenwick": "51.8% (47.4) // 54.7% (48.6) // 56.0% (52.1) // 54.8% (54.1)",
        "shots": "52.4% (32.9) // 54.6% (33.9) // 55.4% (36.6) // 54.0% (37.7)",
        "scoring": "53.2% (32.4) // 57.3% (34.4) // 60.7% (35.4) // 59.0% (36.7)",
        "corsiAgainst": "47.3% (59.3) // 45.0% (56.8) // 44.2% (55.6) // 45.0% (59.0)",
        "fenwickAgainst": "48.2% (44.1) // 45.3% (40.2) // 44.0% (41.0) // 45.2% (44.6)",
        "shotsAgainst": "47.6% (29.9) // 45.4% (28.2) // 44.6% (29.5) // 46.0% (32.1)",
        "scoringAgainst": "46.8% (28.5) // 42.7% (25.6) // 39.3% (23.0) // 41.0% (25.6)",
        "oppCorsi": "56.8% (68.9) // 57.5% (67.6) // 55.9% (64.5) // 54.5% (60.3)",
        "oppFenwick": "55.7% (48.5) // 55.8% (49.6) // 55.1% (49.0) // 53.5% (44.8)",
        "oppShots": "55.6% (33.9) // 56.2% (34.2) // 56.0% (34.6) // 53.2% (32.8)",
        "oppScoring": "57.1% (31.9) // 60.6% (31.5) // 60.7% (30.7) // 57.2% (28.2)",
        "oppCorsiAgainst": "43.2% (52.4) // 42.5% (50.1) // 44.1% (51.0) // 45.5% (50.3)",
        "oppFenwickAgainst": "44.3% (38.5) // 44.2% (39.3) // 44.9% (39.9) // 46.5% (38.9)",
        "oppShotsAgainst": "44.4% (27.0) // 43.8% (26.7) // 44.0% (27.1) // 46.8% (28.9)",
        "oppScoringAgainst": "42.9% (23.9) // 39.4% (20.5) // 39.3% (19.9) // 42.8% (21.1)",
        "totalOver": 60,
        "totalOverLast5": 80,
        "totalOverLast15": 53,
        "lastTotalOver": 62,
        "last5": "3,2,2,0,3,6,1,1,4,1",
        "fd": "-152/+116",
        "dk": "-145/+114",
        "kambi": "0",
        "lowest": "-145 DK",
        "implied": 59.183673469387756,
        "overOdds": "-145",
        "underOdds": "+114",
        "overUnder": "-145 / +114"
    },
    {
        "player": "Sam Bennett",
        "team": "FLA",
        "opponent": "PIT",
        "propType": "sog",
        "line": 2.5,
        "ppLine": "",
        "avg": 2.3,
        "hit": false,
        "diffAvg": -0.08,
        "diffAbs": 0.16,
        "lastAvg": 2.33,
        "diff": -0.07,
        "avgMin": 16,
        "proj": 2.1,
        "lastAvgMin": 17.4,
        "oppOver": 0,
        "teamOver": 0,
        "gameLine": "-125",
        "+/-": "+7",
        "L5_+/-": "+7.0",
        "prevMatchup": "2024-01-26 4.0 sog 2023-12-08 1.0 sog",
        "winLossSplits": "40% - 47%",
        "awayHome": "A",
        "playedYesterday": "N",
        "awayHomeSplits": "45% - 40%",
        "savesAboveExp": 0.033,
        "gsaa": 7.37,
        "corsi": "56.8% (68.9) // 57.5% (67.6) // 55.9% (64.5) // 54.5% (60.3)",
        "fenwick": "55.7% (48.5) // 55.8% (49.6) // 55.1% (49.0) // 53.5% (44.8)",
        "shots": "55.6% (33.9) // 56.2% (34.2) // 56.0% (34.6) // 53.2% (32.8)",
        "scoring": "57.1% (31.9) // 60.6% (31.5) // 60.7% (30.7) // 57.2% (28.2)",
        "corsiAgainst": "43.2% (52.4) // 42.5% (50.1) // 44.1% (51.0) // 45.5% (50.3)",
        "fenwickAgainst": "44.3% (38.5) // 44.2% (39.3) // 44.9% (39.9) // 46.5% (38.9)",
        "shotsAgainst": "44.4% (27.0) // 43.8% (26.7) // 44.0% (27.1) // 46.8% (28.9)",
        "scoringAgainst": "42.9% (23.9) // 39.4% (20.5) // 39.3% (19.9) // 42.8% (21.1)",
        "oppCorsi": "52.7% (66.0) // 55.0% (69.4) // 55.8% (70.3) // 55.0% (72.1)",
        "oppFenwick": "51.8% (47.4) // 54.7% (48.6) // 56.0% (52.1) // 54.8% (54.1)",
        "oppShots": "52.4% (32.9) // 54.6% (33.9) // 55.4% (36.6) // 54.0% (37.7)",
        "oppScoring": "53.2% (32.4) // 57.3% (34.4) // 60.7% (35.4) // 59.0% (36.7)",
        "oppCorsiAgainst": "47.3% (59.3) // 45.0% (56.8) // 44.2% (55.6) // 45.0% (59.0)",
        "oppFenwickAgainst": "48.2% (44.1) // 45.3% (40.2) // 44.0% (41.0) // 45.2% (44.6)",
        "oppShotsAgainst": "47.6% (29.9) // 45.4% (28.2) // 44.6% (29.5) // 46.0% (32.1)",
        "oppScoringAgainst": "46.8% (28.5) // 42.7% (25.6) // 39.3% (23.0) // 41.0% (25.6)",
        "totalOver": 42,
        "totalOverLast5": 20,
        "totalOverLast15": 47,
        "lastTotalOver": 56,
        "last5": "2,1,0,2,4,5,1,3,3,4",
        "fd": "+112/-146",
        "dk": "+114/-145",
        "kambi": "0",
        "lowest": "114 DK",
        "implied": 46.728971962616825,
        "overOdds": "+114",
        "underOdds": "-145",
        "overUnder": "+114 / -145"
    },
    {
        "player": "Sam Reinhart",
        "team": "FLA",
        "opponent": "PIT",
        "propType": "sog",
        "line": 2.5,
        "ppLine": "",
        "avg": 2.71,
        "hit": false,
        "diffAvg": 0.08,
        "diffAbs": 0.12,
        "lastAvg": 2.2,
        "diff": -0.12,
        "avgMin": 20,
        "proj": 2.2,
        "lastAvgMin": 19.77,
        "oppOver": 0,
        "teamOver": 0,
        "gameLine": "-125",
        "+/-": "+14",
        "L5_+/-": -1.0,
        "prevMatchup": "2024-01-26 3.0 sog 2023-12-08 1.0 sog",
        "winLossSplits": "67% - 42%",
        "awayHome": "A",
        "playedYesterday": "N",
        "awayHomeSplits": "54% - 62%",
        "savesAboveExp": 0.033,
        "gsaa": 7.37,
        "corsi": "56.8% (68.9) // 57.5% (67.6) // 55.9% (64.5) // 54.5% (60.3)",
        "fenwick": "55.7% (48.5) // 55.8% (49.6) // 55.1% (49.0) // 53.5% (44.8)",
        "shots": "55.6% (33.9) // 56.2% (34.2) // 56.0% (34.6) // 53.2% (32.8)",
        "scoring": "57.1% (31.9) // 60.6% (31.5) // 60.7% (30.7) // 57.2% (28.2)",
        "corsiAgainst": "43.2% (52.4) // 42.5% (50.1) // 44.1% (51.0) // 45.5% (50.3)",
        "fenwickAgainst": "44.3% (38.5) // 44.2% (39.3) // 44.9% (39.9) // 46.5% (38.9)",
        "shotsAgainst": "44.4% (27.0) // 43.8% (26.7) // 44.0% (27.1) // 46.8% (28.9)",
        "scoringAgainst": "42.9% (23.9) // 39.4% (20.5) // 39.3% (19.9) // 42.8% (21.1)",
        "oppCorsi": "52.7% (66.0) // 55.0% (69.4) // 55.8% (70.3) // 55.0% (72.1)",
        "oppFenwick": "51.8% (47.4) // 54.7% (48.6) // 56.0% (52.1) // 54.8% (54.1)",
        "oppShots": "52.4% (32.9) // 54.6% (33.9) // 55.4% (36.6) // 54.0% (37.7)",
        "oppScoring": "53.2% (32.4) // 57.3% (34.4) // 60.7% (35.4) // 59.0% (36.7)",
        "oppCorsiAgainst": "47.3% (59.3) // 45.0% (56.8) // 44.2% (55.6) // 45.0% (59.0)",
        "oppFenwickAgainst": "48.2% (44.1) // 45.3% (40.2) // 44.0% (41.0) // 45.2% (44.6)",
        "oppShotsAgainst": "47.6% (29.9) // 45.4% (28.2) // 44.6% (29.5) // 46.0% (32.1)",
        "oppScoringAgainst": "46.8% (28.5) // 42.7% (25.6) // 39.3% (23.0) // 41.0% (25.6)",
        "totalOver": 58,
        "totalOverLast5": 60,
        "totalOverLast15": 67,
        "lastTotalOver": 49,
        "last5": "4,2,0,3,3,1,4,4,4,2",
        "fd": "-118/-110",
        "dk": "-130/+100",
        "kambi": "-114/-114",
        "lowest": "-114 BR",
        "implied": 53.271028037383175,
        "overOdds": "-130",
        "underOdds": "+100",
        "overUnder": "-130 / +100"
    },
    {
        "player": "Sidney Crosby",
        "team": "PIT",
        "opponent": "FLA",
        "propType": "sog",
        "line": 3.5,
        "ppLine": "",
        "avg": 3.55,
        "hit": false,
        "diffAvg": 0.01,
        "diffAbs": 0.11,
        "lastAvg": 3.07,
        "diff": -0.12,
        "avgMin": 20,
        "proj": 3.1,
        "lastAvgMin": 20.13,
        "oppOver": 0,
        "teamOver": 0,
        "gameLine": "+105",
        "+/-": "+17",
        "L5_+/-": "+3.0",
        "prevMatchup": "2024-01-26 5.0 sog 2023-12-08 4.0 sog",
        "winLossSplits": "52% - 46%",
        "awayHome": "H",
        "playedYesterday": "N",
        "awayHomeSplits": "48% - 50%",
        "savesAboveExp": -0.102,
        "gsaa": 8.2,
        "corsi": "52.7% (66.0) // 55.0% (69.4) // 55.8% (70.3) // 55.0% (72.1)",
        "fenwick": "51.8% (47.4) // 54.7% (48.6) // 56.0% (52.1) // 54.8% (54.1)",
        "shots": "52.4% (32.9) // 54.6% (33.9) // 55.4% (36.6) // 54.0% (37.7)",
        "scoring": "53.2% (32.4) // 57.3% (34.4) // 60.7% (35.4) // 59.0% (36.7)",
        "corsiAgainst": "47.3% (59.3) // 45.0% (56.8) // 44.2% (55.6) // 45.0% (59.0)",
        "fenwickAgainst": "48.2% (44.1) // 45.3% (40.2) // 44.0% (41.0) // 45.2% (44.6)",
        "shotsAgainst": "47.6% (29.9) // 45.4% (28.2) // 44.6% (29.5) // 46.0% (32.1)",
        "scoringAgainst": "46.8% (28.5) // 42.7% (25.6) // 39.3% (23.0) // 41.0% (25.6)",
        "oppCorsi": "56.8% (68.9) // 57.5% (67.6) // 55.9% (64.5) // 54.5% (60.3)",
        "oppFenwick": "55.7% (48.5) // 55.8% (49.6) // 55.1% (49.0) // 53.5% (44.8)",
        "oppShots": "55.6% (33.9) // 56.2% (34.2) // 56.0% (34.6) // 53.2% (32.8)",
        "oppScoring": "57.1% (31.9) // 60.6% (31.5) // 60.7% (30.7) // 57.2% (28.2)",
        "oppCorsiAgainst": "43.2% (52.4) // 42.5% (50.1) // 44.1% (51.0) // 45.5% (50.3)",
        "oppFenwickAgainst": "44.3% (38.5) // 44.2% (39.3) // 44.9% (39.9) // 46.5% (38.9)",
        "oppShotsAgainst": "44.4% (27.0) // 43.8% (26.7) // 44.0% (27.1) // 46.8% (28.9)",
        "oppScoringAgainst": "42.9% (23.9) // 39.4% (20.5) // 39.3% (19.9) // 42.8% (21.1)",
        "totalOver": 49,
        "totalOverLast5": 40,
        "totalOverLast15": 47,
        "lastTotalOver": 33,
        "last5": "1,5,2,1,5,6,3,4,6,5",
        "fd": "+142",
        "dk": "+135/-175",
        "kambi": "0",
        "lowest": "142 FD",
        "implied": 41.32231404958678,
        "overOdds": "+135",
        "underOdds": "-175",
        "overUnder": "+135 / -175"
    },
    {
        "player": "Aaron Ekblad",
        "team": "FLA",
        "opponent": "PIT",
        "propType": "sog",
        "line": 2.5,
        "ppLine": "",
        "avg": 2.14,
        "hit": false,
        "diffAvg": -0.14,
        "diffAbs": 0.16,
        "lastAvg": 2.37,
        "diff": -0.05,
        "avgMin": 21,
        "proj": 2.1,
        "lastAvgMin": 23.38,
        "oppOver": 0,
        "teamOver": 0,
        "gameLine": "-125",
        "+/-": "+18",
        "L5_+/-": "+5.0",
        "prevMatchup": "2024-01-26 2.0 sog 2023-12-08 1.0 sog",
        "winLossSplits": "32% - 31%",
        "awayHome": "A",
        "playedYesterday": "N",
        "awayHomeSplits": "38% - 26%",
        "savesAboveExp": 0.033,
        "gsaa": 7.37,
        "corsi": "56.8% (68.9) // 57.5% (67.6) // 55.9% (64.5) // 54.5% (60.3)",
        "fenwick": "55.7% (48.5) // 55.8% (49.6) // 55.1% (49.0) // 53.5% (44.8)",
        "shots": "55.6% (33.9) // 56.2% (34.2) // 56.0% (34.6) // 53.2% (32.8)",
        "scoring": "57.1% (31.9) // 60.6% (31.5) // 60.7% (30.7) // 57.2% (28.2)",
        "corsiAgainst": "43.2% (52.4) // 42.5% (50.1) // 44.1% (51.0) // 45.5% (50.3)",
        "fenwickAgainst": "44.3% (38.5) // 44.2% (39.3) // 44.9% (39.9) // 46.5% (38.9)",
        "shotsAgainst": "44.4% (27.0) // 43.8% (26.7) // 44.0% (27.1) // 46.8% (28.9)",
        "scoringAgainst": "42.9% (23.9) // 39.4% (20.5) // 39.3% (19.9) // 42.8% (21.1)",
        "oppCorsi": "52.7% (66.0) // 55.0% (69.4) // 55.8% (70.3) // 55.0% (72.1)",
        "oppFenwick": "51.8% (47.4) // 54.7% (48.6) // 56.0% (52.1) // 54.8% (54.1)",
        "oppShots": "52.4% (32.9) // 54.6% (33.9) // 55.4% (36.6) // 54.0% (37.7)",
        "oppScoring": "53.2% (32.4) // 57.3% (34.4) // 60.7% (35.4) // 59.0% (36.7)",
        "oppCorsiAgainst": "47.3% (59.3) // 45.0% (56.8) // 44.2% (55.6) // 45.0% (59.0)",
        "oppFenwickAgainst": "48.2% (44.1) // 45.3% (40.2) // 44.0% (41.0) // 45.2% (44.6)",
        "oppShotsAgainst": "47.6% (29.9) // 45.4% (28.2) // 44.6% (29.5) // 46.0% (32.1)",
        "oppScoringAgainst": "46.8% (28.5) // 42.7% (25.6) // 39.3% (23.0) // 41.0% (25.6)",
        "totalOver": 31,
        "totalOverLast5": 20,
        "totalOverLast15": 20,
        "lastTotalOver": 39,
        "last5": "1,7,2,2,2,3,4,2,2,2",
        "fd": "+142/-188",
        "dk": "+145/-190",
        "kambi": "0",
        "lowest": "145 DK",
        "implied": 40.816326530612244,
        "overOdds": "+145",
        "underOdds": "-190",
        "overUnder": "+145 / -190"
    },
    {
        "player": "Anton Lundell",
        "team": "FLA",
        "opponent": "PIT",
        "propType": "sog",
        "line": 1.5,
        "ppLine": "",
        "avg": 2.12,
        "hit": false,
        "diffAvg": 0.41,
        "diffAbs": 0.0,
        "lastAvg": 1.62,
        "diff": 0.08,
        "avgMin": 15,
        "proj": 1.5,
        "lastAvgMin": 16.37,
        "oppOver": 0,
        "teamOver": 0,
        "gameLine": "-125",
        "+/-": "+7",
        "L5_+/-": "+3.0",
        "prevMatchup": "2024-01-26 2.0 sog 2023-12-08 5.0 sog",
        "winLossSplits": "62% - 56%",
        "awayHome": "A",
        "playedYesterday": "N",
        "awayHomeSplits": "65% - 56%",
        "savesAboveExp": 0.033,
        "gsaa": 7.37,
        "corsi": "56.8% (68.9) // 57.5% (67.6) // 55.9% (64.5) // 54.5% (60.3)",
        "fenwick": "55.7% (48.5) // 55.8% (49.6) // 55.1% (49.0) // 53.5% (44.8)",
        "shots": "55.6% (33.9) // 56.2% (34.2) // 56.0% (34.6) // 53.2% (32.8)",
        "scoring": "57.1% (31.9) // 60.6% (31.5) // 60.7% (30.7) // 57.2% (28.2)",
        "corsiAgainst": "43.2% (52.4) // 42.5% (50.1) // 44.1% (51.0) // 45.5% (50.3)",
        "fenwickAgainst": "44.3% (38.5) // 44.2% (39.3) // 44.9% (39.9) // 46.5% (38.9)",
        "shotsAgainst": "44.4% (27.0) // 43.8% (26.7) // 44.0% (27.1) // 46.8% (28.9)",
        "scoringAgainst": "42.9% (23.9) // 39.4% (20.5) // 39.3% (19.9) // 42.8% (21.1)",
        "oppCorsi": "52.7% (66.0) // 55.0% (69.4) // 55.8% (70.3) // 55.0% (72.1)",
        "oppFenwick": "51.8% (47.4) // 54.7% (48.6) // 56.0% (52.1) // 54.8% (54.1)",
        "oppShots": "52.4% (32.9) // 54.6% (33.9) // 55.4% (36.6) // 54.0% (37.7)",
        "oppScoring": "53.2% (32.4) // 57.3% (34.4) // 60.7% (35.4) // 59.0% (36.7)",
        "oppCorsiAgainst": "47.3% (59.3) // 45.0% (56.8) // 44.2% (55.6) // 45.0% (59.0)",
        "oppFenwickAgainst": "48.2% (44.1) // 45.3% (40.2) // 44.0% (41.0) // 45.2% (44.6)",
