[
    {
        "player": "Alex Iafallo",
        "team": "WPG",
        "opponent": "MIN",
        "propType": "sog",
        "line": 1.5,
        "ppLine": "PP1",
        "avg": 1.85,
        "hit": false,
        "diffAvg": 0.23,
        "diffAbs": 0.33,
        "lastAvg": 2.05,
        "diff": 0.37,
        "avgMin": 16,
        "proj": 2.0,
        "lastAvgMin": 16.3,
        "oppOver": 0,
        "teamOver": 0,
        "gameLine": "-148",
        "+/-": -3,
        "L5_+/-": -1.0,
        "prevMatchup": "",
        "winLossSplits": "45% - 62%",
        "awayHome": "H",
        "playedYesterday": "N",
        "awayHomeSplits": "47% - 56%",
        "savesAboveExp": 0.594,
        "gsaa": 0.77,
        "corsi": "50.9% (59.4) // 50.4% (63.0) // 55.8% (71.4) // 64.6% (79.0)",
        "fenwick": "51.2% (43.5) // 50.7% (46.7) // 57.2% (53.7) // 64.5% (57.8)",
        "shots": "52.2% (31.0) // 50.9% (31.4) // 59.0% (36.9) // 60.3% (36.6)",
        "scoring": "50.6% (27.9) // 51.5% (30.0) // 55.0% (32.6) // 63.2% (34.7)",
        "corsiAgainst": "49.1% (57.2) // 49.6% (61.9) // 44.2% (56.6) // 35.4% (43.4)",
        "fenwickAgainst": "48.8% (41.4) // 49.3% (45.4) // 42.8% (40.2) // 35.5% (31.8)",
        "shotsAgainst": "47.8% (28.4) // 49.1% (30.3) // 41.0% (25.7) // 39.7% (24.1)",
        "scoringAgainst": "49.4% (27.2) // 48.5% (28.2) // 45.0% (26.7) // 36.8% (20.2)",
        "oppCorsi": "50.8% (60.8) // 50.4% (58.9) // 52.1% (55.5) // 46.0% (52.0)",
        "oppFenwick": "50.8% (43.5) // 49.1% (41.6) // 53.6% (43.2) // 50.0% (44.0)",
        "oppShots": "50.0% (29.6) // 48.5% (27.5) // 55.1% (29.5) // 52.5% (31.0)",
        "oppScoring": "51.7% (30.1) // 51.6% (30.0) // 58.1% (29.2) // 44.1% (26.0)",
        "oppCorsiAgainst": "49.2% (58.9) // 49.6% (58.1) // 47.9% (50.9) // 54.0% (61.0)",
        "oppFenwickAgainst": "49.2% (42.2) // 50.9% (43.1) // 46.4% (37.3) // 50.0% (44.0)",
        "oppShotsAgainst": "50.0% (29.6) // 51.5% (29.2) // 44.9% (24.0) // 47.5% (28.0)",
        "oppScoringAgainst": "48.3% (28.1) // 48.4% (28.2) // 41.9% (21.1) // 55.9% (33.0)",
        "totalOver": 52,
        "totalOverLast5": 60,
        "totalOverLast15": 53,
        "lastTotalOver": 70,
        "last5": "2,2,1,2,1,1,3,0,2,2",
        "fd": "-178",
        "dk": "-166/+130",
        "kambi": "0",
        "lowest": "-166 DK",
        "implied": 62.40601503759399,
        "overOdds": "-166",
        "underOdds": "+130",
        "overUnder": "-166 / +130"
    },
    {
        "player": "Brock Faber",
        "team": "MIN",
        "opponent": "WPG",
        "propType": "sog",
        "line": 1.5,
        "ppLine": "PP2",
        "avg": 1.33,
        "hit": false,
        "diffAvg": -0.11,
        "diffAbs": 1.0,
        "lastAvg": 0,
        "diff": 0,
        "avgMin": 24,
        "proj": 0.0,
        "lastAvgMin": 0,
        "oppOver": 0,
        "teamOver": 0,
        "gameLine": "+124",
        "+/-": "+11",
        "L5_+/-": "+5.0",
        "prevMatchup": "",
        "winLossSplits": "38% - 47%",
        "awayHome": "A",
        "playedYesterday": "N",
        "awayHomeSplits": "41% - 44%",
        "savesAboveExp": 0.641,
        "gsaa": 10.7,
        "corsi": "50.8% (60.8) // 50.4% (58.9) // 52.1% (55.5) // 46.0% (52.0)",
        "fenwick": "50.8% (43.5) // 49.1% (41.6) // 53.6% (43.2) // 50.0% (44.0)",
        "shots": "50.0% (29.6) // 48.5% (27.5) // 55.1% (29.5) // 52.5% (31.0)",
        "scoring": "51.7% (30.1) // 51.6% (30.0) // 58.1% (29.2) // 44.1% (26.0)",
        "corsiAgainst": "49.2% (58.9) // 49.6% (58.1) // 47.9% (50.9) // 54.0% (61.0)",
        "fenwickAgainst": "49.2% (42.2) // 50.9% (43.1) // 46.4% (37.3) // 50.0% (44.0)",
        "shotsAgainst": "50.0% (29.6) // 51.5% (29.2) // 44.9% (24.0) // 47.5% (28.0)",
        "scoringAgainst": "48.3% (28.1) // 48.4% (28.2) // 41.9% (21.1) // 55.9% (33.0)",
        "oppCorsi": "50.9% (59.4) // 50.4% (63.0) // 55.8% (71.4) // 64.6% (79.0)",
        "oppFenwick": "51.2% (43.5) // 50.7% (46.7) // 57.2% (53.7) // 64.5% (57.8)",
        "oppShots": "52.2% (31.0) // 50.9% (31.4) // 59.0% (36.9) // 60.3% (36.6)",
        "oppScoring": "50.6% (27.9) // 51.5% (30.0) // 55.0% (32.6) // 63.2% (34.7)",
        "oppCorsiAgainst": "49.1% (57.2) // 49.6% (61.9) // 44.2% (56.6) // 35.4% (43.4)",
        "oppFenwickAgainst": "48.8% (41.4) // 49.3% (45.4) // 42.8% (40.2) // 35.5% (31.8)",
        "oppShotsAgainst": "47.8% (28.4) // 49.1% (30.3) // 41.0% (25.7) // 39.7% (24.1)",
        "oppScoringAgainst": "49.4% (27.2) // 48.5% (28.2) // 45.0% (26.7) // 36.8% (20.2)",
        "totalOver": 42,
        "totalOverLast5": 80,
        "totalOverLast15": 47,
        "lastTotalOver": 12,
        "last5": "2,5,2,0,2,2,1,1,0,0",
        "fd": "-125/-104",
        "dk": "-130/+100",
        "kambi": "0",
        "lowest": "-125 FD",
        "implied": 55.55555555555556,
        "overOdds": "-130",
        "underOdds": "+100",
        "overUnder": "-130 / +100"
    },
    {
        "player": "Cole Perfetti",
        "team": "WPG",
        "opponent": "MIN",
        "propType": "sog",
        "line": 1.5,
        "ppLine": "PP2",
        "avg": 2.21,
        "hit": false,
        "diffAvg": 0.47,
        "diffAbs": 0.13,
        "lastAvg": 1.76,
        "diff": 0.17,
        "avgMin": 14,
        "proj": 1.7,
        "lastAvgMin": 14.97,
        "oppOver": 0,
        "teamOver": 0,
        "gameLine": "-148",
        "+/-": "+9",
        "L5_+/-": "+2.0",
        "prevMatchup": "",
        "winLossSplits": "60% - 85%",
        "awayHome": "H",
        "playedYesterday": "N",
        "awayHomeSplits": "60% - 78%",
        "savesAboveExp": 0.594,
        "gsaa": 0.77,
        "corsi": "50.9% (59.4) // 50.4% (63.0) // 55.8% (71.4) // 64.6% (79.0)",
        "fenwick": "51.2% (43.5) // 50.7% (46.7) // 57.2% (53.7) // 64.5% (57.8)",
        "shots": "52.2% (31.0) // 50.9% (31.4) // 59.0% (36.9) // 60.3% (36.6)",
        "scoring": "50.6% (27.9) // 51.5% (30.0) // 55.0% (32.6) // 63.2% (34.7)",
        "corsiAgainst": "49.1% (57.2) // 49.6% (61.9) // 44.2% (56.6) // 35.4% (43.4)",
        "fenwickAgainst": "48.8% (41.4) // 49.3% (45.4) // 42.8% (40.2) // 35.5% (31.8)",
        "shotsAgainst": "47.8% (28.4) // 49.1% (30.3) // 41.0% (25.7) // 39.7% (24.1)",
        "scoringAgainst": "49.4% (27.2) // 48.5% (28.2) // 45.0% (26.7) // 36.8% (20.2)",
        "oppCorsi": "50.8% (60.8) // 50.4% (58.9) // 52.1% (55.5) // 46.0% (52.0)",
        "oppFenwick": "50.8% (43.5) // 49.1% (41.6) // 53.6% (43.2) // 50.0% (44.0)",
        "oppShots": "50.0% (29.6) // 48.5% (27.5) // 55.1% (29.5) // 52.5% (31.0)",
        "oppScoring": "51.7% (30.1) // 51.6% (30.0) // 58.1% (29.2) // 44.1% (26.0)",
        "oppCorsiAgainst": "49.2% (58.9) // 49.6% (58.1) // 47.9% (50.9) // 54.0% (61.0)",
        "oppFenwickAgainst": "49.2% (42.2) // 50.9% (43.1) // 46.4% (37.3) // 50.0% (44.0)",
        "oppShotsAgainst": "50.0% (29.6) // 51.5% (29.2) // 44.9% (24.0) // 47.5% (28.0)",
        "oppScoringAgainst": "48.3% (28.1) // 48.4% (28.2) // 41.9% (21.1) // 55.9% (33.0)",
        "totalOver": 70,
        "totalOverLast5": 100,
        "totalOverLast15": 73,
        "lastTotalOver": 50,
        "last5": "4,2,4,2,2,1,5,2,3,1",
        "fd": "-178/+134",
        "dk": "-180/+140",
        "kambi": "0",
        "lowest": "-178 FD",
        "implied": 64.02877697841727,
        "overOdds": "-180",
        "underOdds": "+140",
        "overUnder": "-180 / +140"
    },
    {
        "player": "Gabriel Vilardi",
        "team": "WPG",
        "opponent": "MIN",
        "propType": "sog",
        "line": 2.5,
        "ppLine": "PP1",
        "avg": 2.87,
        "hit": false,
        "diffAvg": 0.15,
        "diffAbs": 0.28,
        "lastAvg": 1.79,
        "diff": -0.28,
        "avgMin": 16,
        "proj": 1.8,
        "lastAvgMin": 15.6,
        "oppOver": 0,
        "teamOver": 0,
        "gameLine": "-148",
        "+/-": "+12",
        "L5_+/-": "+12.0",
        "prevMatchup": "",
        "winLossSplits": "67% - 67%",
        "awayHome": "H",
        "playedYesterday": "N",
        "awayHomeSplits": "83% - 56%",
        "savesAboveExp": 0.594,
        "gsaa": 0.77,
        "corsi": "50.9% (59.4) // 50.4% (63.0) // 55.8% (71.4) // 64.6% (79.0)",
        "fenwick": "51.2% (43.5) // 50.7% (46.7) // 57.2% (53.7) // 64.5% (57.8)",
        "shots": "52.2% (31.0) // 50.9% (31.4) // 59.0% (36.9) // 60.3% (36.6)",
        "scoring": "50.6% (27.9) // 51.5% (30.0) // 55.0% (32.6) // 63.2% (34.7)",
        "corsiAgainst": "49.1% (57.2) // 49.6% (61.9) // 44.2% (56.6) // 35.4% (43.4)",
        "fenwickAgainst": "48.8% (41.4) // 49.3% (45.4) // 42.8% (40.2) // 35.5% (31.8)",
        "shotsAgainst": "47.8% (28.4) // 49.1% (30.3) // 41.0% (25.7) // 39.7% (24.1)",
        "scoringAgainst": "49.4% (27.2) // 48.5% (28.2) // 45.0% (26.7) // 36.8% (20.2)",
        "oppCorsi": "50.8% (60.8) // 50.4% (58.9) // 52.1% (55.5) // 46.0% (52.0)",
        "oppFenwick": "50.8% (43.5) // 49.1% (41.6) // 53.6% (43.2) // 50.0% (44.0)",
        "oppShots": "50.0% (29.6) // 48.5% (27.5) // 55.1% (29.5) // 52.5% (31.0)",
        "oppScoring": "51.7% (30.1) // 51.6% (30.0) // 58.1% (29.2) // 44.1% (26.0)",
        "oppCorsiAgainst": "49.2% (58.9) // 49.6% (58.1) // 47.9% (50.9) // 54.0% (61.0)",
        "oppFenwickAgainst": "49.2% (42.2) // 50.9% (43.1) // 46.4% (37.3) // 50.0% (44.0)",
        "oppShotsAgainst": "50.0% (29.6) // 51.5% (29.2) // 44.9% (24.0) // 47.5% (28.0)",
        "oppScoringAgainst": "48.3% (28.1) // 48.4% (28.2) // 41.9% (21.1) // 55.9% (33.0)",
        "totalOver": 67,
        "totalOverLast5": 100,
        "totalOverLast15": 60,
        "lastTotalOver": 33,
        "last5": "3,4,3,5,4,3,3,3,1,3",
        "fd": "-138/+106",
        "dk": "-130/+100",
        "kambi": "-112/-117",
        "lowest": "-112 BR",
        "implied": 52.83018867924528,
        "overOdds": "-130",
        "underOdds": "+100",
        "overUnder": "-130 / +100"
    },
    {
        "player": "Joel Eriksson Ek",
        "team": "MIN",
        "opponent": "WPG",
        "propType": "sog",
        "line": 3.5,
        "ppLine": "PP1",
        "avg": 3.7,
        "hit": false,
        "diffAvg": 0.06,
        "diffAbs": 0.06,
        "lastAvg": 3.13,
        "diff": -0.11,
        "avgMin": 20,
        "proj": 3.3,
        "lastAvgMin": 18.98,
        "oppOver": 0,
        "teamOver": 0,
        "gameLine": "+124",
        "+/-": "+12",
        "L5_+/-": "+9.0",
        "prevMatchup": "",
        "winLossSplits": "50% - 47%",
        "awayHome": "A",
        "playedYesterday": "N",
        "awayHomeSplits": "35% - 62%",
        "savesAboveExp": 0.641,
        "gsaa": 10.7,
        "corsi": "50.8% (60.8) // 50.4% (58.9) // 52.1% (55.5) // 46.0% (52.0)",
        "fenwick": "50.8% (43.5) // 49.1% (41.6) // 53.6% (43.2) // 50.0% (44.0)",
        "shots": "50.0% (29.6) // 48.5% (27.5) // 55.1% (29.5) // 52.5% (31.0)",
        "scoring": "51.7% (30.1) // 51.6% (30.0) // 58.1% (29.2) // 44.1% (26.0)",
        "corsiAgainst": "49.2% (58.9) // 49.6% (58.1) // 47.9% (50.9) // 54.0% (61.0)",
        "fenwickAgainst": "49.2% (42.2) // 50.9% (43.1) // 46.4% (37.3) // 50.0% (44.0)",
        "shotsAgainst": "50.0% (29.6) // 51.5% (29.2) // 44.9% (24.0) // 47.5% (28.0)",
        "scoringAgainst": "48.3% (28.1) // 48.4% (28.2) // 41.9% (21.1) // 55.9% (33.0)",
        "oppCorsi": "50.9% (59.4) // 50.4% (63.0) // 55.8% (71.4) // 64.6% (79.0)",
        "oppFenwick": "51.2% (43.5) // 50.7% (46.7) // 57.2% (53.7) // 64.5% (57.8)",
        "oppShots": "52.2% (31.0) // 50.9% (31.4) // 59.0% (36.9) // 60.3% (36.6)",
        "oppScoring": "50.6% (27.9) // 51.5% (30.0) // 55.0% (32.6) // 63.2% (34.7)",
        "oppCorsiAgainst": "49.1% (57.2) // 49.6% (61.9) // 44.2% (56.6) // 35.4% (43.4)",
        "oppFenwickAgainst": "48.8% (41.4) // 49.3% (45.4) // 42.8% (40.2) // 35.5% (31.8)",
        "oppShotsAgainst": "47.8% (28.4) // 49.1% (30.3) // 41.0% (25.7) // 39.7% (24.1)",
        "oppScoringAgainst": "49.4% (27.2) // 48.5% (28.2) // 45.0% (26.7) // 36.8% (20.2)",
        "totalOver": 48,
        "totalOverLast5": 40,
        "totalOverLast15": 53,
        "lastTotalOver": 43,
        "last5": "2,5,4,3,2,8,4,3,4,5",
        "fd": "+108/-140",
        "dk": "-105/-125",
        "kambi": "110/-143",
        "lowest": "110 BR",
        "implied": 47.61904761904761,
        "overOdds": "-105",
        "underOdds": "-125",
        "overUnder": "-105 / -125"
    },
    {
        "player": "Josh Morrissey",
        "team": "WPG",
        "opponent": "MIN",
        "propType": "sog",
        "line": 2.5,
        "ppLine": "PP1",
        "avg": 2.67,
        "hit": false,
        "diffAvg": 0.07,
        "diffAbs": 0.16,
        "lastAvg": 2.07,
        "diff": -0.17,
        "avgMin": 24,
        "proj": 2.1,
        "lastAvgMin": 24.22,
        "oppOver": 0,
        "teamOver": 0,
        "gameLine": "-148",
        "+/-": "+19",
        "L5_+/-": "+14.0",
        "prevMatchup": "",
        "winLossSplits": "40% - 69%",
        "awayHome": "H",
        "playedYesterday": "N",
        "awayHomeSplits": "47% - 56%",
        "savesAboveExp": 0.594,
        "gsaa": 0.77,
        "corsi": "50.9% (59.4) // 50.4% (63.0) // 55.8% (71.4) // 64.6% (79.0)",
        "fenwick": "51.2% (43.5) // 50.7% (46.7) // 57.2% (53.7) // 64.5% (57.8)",
        "shots": "52.2% (31.0) // 50.9% (31.4) // 59.0% (36.9) // 60.3% (36.6)",
        "scoring": "50.6% (27.9) // 51.5% (30.0) // 55.0% (32.6) // 63.2% (34.7)",
        "corsiAgainst": "49.1% (57.2) // 49.6% (61.9) // 44.2% (56.6) // 35.4% (43.4)",
        "fenwickAgainst": "48.8% (41.4) // 49.3% (45.4) // 42.8% (40.2) // 35.5% (31.8)",
        "shotsAgainst": "47.8% (28.4) // 49.1% (30.3) // 41.0% (25.7) // 39.7% (24.1)",
        "scoringAgainst": "49.4% (27.2) // 48.5% (28.2) // 45.0% (26.7) // 36.8% (20.2)",
        "oppCorsi": "50.8% (60.8) // 50.4% (58.9) // 52.1% (55.5) // 46.0% (52.0)",
        "oppFenwick": "50.8% (43.5) // 49.1% (41.6) // 53.6% (43.2) // 50.0% (44.0)",
        "oppShots": "50.0% (29.6) // 48.5% (27.5) // 55.1% (29.5) // 52.5% (31.0)",
        "oppScoring": "51.7% (30.1) // 51.6% (30.0) // 58.1% (29.2) // 44.1% (26.0)",
        "oppCorsiAgainst": "49.2% (58.9) // 49.6% (58.1) // 47.9% (50.9) // 54.0% (61.0)",
        "oppFenwickAgainst": "49.2% (42.2) // 50.9% (43.1) // 46.4% (37.3) // 50.0% (44.0)",
        "oppShotsAgainst": "50.0% (29.6) // 51.5% (29.2) // 44.9% (24.0) // 47.5% (28.0)",
        "oppScoringAgainst": "48.3% (28.1) // 48.4% (28.2) // 41.9% (21.1) // 55.9% (33.0)",
        "totalOver": 52,
        "totalOverLast5": 80,
        "totalOverLast15": 60,
        "lastTotalOver": 34,
        "last5": "4,3,3,4,0,4,7,4,2,0",
        "fd": "-130/+100",
        "dk": "-130/+100",
        "kambi": "0",
        "lowest": "-130 DK",
        "implied": 56.52173913043478,
        "overOdds": "-130",
        "underOdds": "+100",
        "overUnder": "-130 / +100"
    },
    {
        "player": "Kirill Kaprizov",
        "team": "MIN",
        "opponent": "WPG",
        "propType": "sog",
        "line": 3.5,
        "ppLine": "PP1",
        "avg": 3.33,
        "hit": false,
        "diffAvg": -0.05,
        "diffAbs": 0.0,
        "lastAvg": 3.48,
        "diff": -0.01,
        "avgMin": 21,
        "proj": 3.5,
        "lastAvgMin": 21.1,
        "oppOver": 0,
        "teamOver": 0,
        "gameLine": "+124",
        "+/-": "+1",
        "L5_+/-": "+5.0",
        "prevMatchup": "",
        "winLossSplits": "44% - 35%",
        "awayHome": "A",
        "playedYesterday": "N",
        "awayHomeSplits": "47% - 31%",
        "savesAboveExp": 0.641,
        "gsaa": 10.7,
        "corsi": "50.8% (60.8) // 50.4% (58.9) // 52.1% (55.5) // 46.0% (52.0)",
        "fenwick": "50.8% (43.5) // 49.1% (41.6) // 53.6% (43.2) // 50.0% (44.0)",
        "shots": "50.0% (29.6) // 48.5% (27.5) // 55.1% (29.5) // 52.5% (31.0)",
        "scoring": "51.7% (30.1) // 51.6% (30.0) // 58.1% (29.2) // 44.1% (26.0)",
        "corsiAgainst": "49.2% (58.9) // 49.6% (58.1) // 47.9% (50.9) // 54.0% (61.0)",
        "fenwickAgainst": "49.2% (42.2) // 50.9% (43.1) // 46.4% (37.3) // 50.0% (44.0)",
        "shotsAgainst": "50.0% (29.6) // 51.5% (29.2) // 44.9% (24.0) // 47.5% (28.0)",
        "scoringAgainst": "48.3% (28.1) // 48.4% (28.2) // 41.9% (21.1) // 55.9% (33.0)",
        "oppCorsi": "50.9% (59.4) // 50.4% (63.0) // 55.8% (71.4) // 64.6% (79.0)",
        "oppFenwick": "51.2% (43.5) // 50.7% (46.7) // 57.2% (53.7) // 64.5% (57.8)",
        "oppShots": "52.2% (31.0) // 50.9% (31.4) // 59.0% (36.9) // 60.3% (36.6)",
        "oppScoring": "50.6% (27.9) // 51.5% (30.0) // 55.0% (32.6) // 63.2% (34.7)",
        "oppCorsiAgainst": "49.1% (57.2) // 49.6% (61.9) // 44.2% (56.6) // 35.4% (43.4)",
        "oppFenwickAgainst": "48.8% (41.4) // 49.3% (45.4) // 42.8% (40.2) // 35.5% (31.8)",
        "oppShotsAgainst": "47.8% (28.4) // 49.1% (30.3) // 41.0% (25.7) // 39.7% (24.1)",
        "oppScoringAgainst": "49.4% (27.2) // 48.5% (28.2) // 45.0% (26.7) // 36.8% (20.2)",
        "totalOver": 39,
        "totalOverLast5": 40,
        "totalOverLast15": 20,
        "lastTotalOver": 50,
        "last5": "6,2,2,7,3,3,2,2,2,2",
        "fd": "-113/-115",
        "dk": "-125/-105",
        "kambi": "-106/-122",
        "lowest": "-106 BR",
        "implied": 51.45631067961165,
        "overOdds": "-125",
        "underOdds": "-105",
        "overUnder": "-125 / -105"
    },
    {
        "player": "Marco Rossi",
        "team": "MIN",
        "opponent": "WPG",
        "propType": "sog",
        "line": 1.5,
        "ppLine": "PP1",
        "avg": 2.03,
        "hit": false,
        "diffAvg": 0.35,
        "diffAbs": 0.4,
        "lastAvg": 0.68,
        "diff": -0.55,
        "avgMin": 16,
        "proj": 0.9,
        "lastAvgMin": 12.52,
        "oppOver": 0,
        "teamOver": 0,
        "gameLine": "+124",
        "+/-": "+10",
        "L5_+/-": "+4.0",
        "prevMatchup": "",
        "winLossSplits": "81% - 35%",
        "awayHome": "A",
        "playedYesterday": "N",
        "awayHomeSplits": "47% - 69%",
        "savesAboveExp": 0.641,
        "gsaa": 10.7,
        "corsi": "50.8% (60.8) // 50.4% (58.9) // 52.1% (55.5) // 46.0% (52.0)",
        "fenwick": "50.8% (43.5) // 49.1% (41.6) // 53.6% (43.2) // 50.0% (44.0)",
        "shots": "50.0% (29.6) // 48.5% (27.5) // 55.1% (29.5) // 52.5% (31.0)",
        "scoring": "51.7% (30.1) // 51.6% (30.0) // 58.1% (29.2) // 44.1% (26.0)",
        "corsiAgainst": "49.2% (58.9) // 49.6% (58.1) // 47.9% (50.9) // 54.0% (61.0)",
        "fenwickAgainst": "49.2% (42.2) // 50.9% (43.1) // 46.4% (37.3) // 50.0% (44.0)",
        "shotsAgainst": "50.0% (29.6) // 51.5% (29.2) // 44.9% (24.0) // 47.5% (28.0)",
        "scoringAgainst": "48.3% (28.1) // 48.4% (28.2) // 41.9% (21.1) // 55.9% (33.0)",
        "oppCorsi": "50.9% (59.4) // 50.4% (63.0) // 55.8% (71.4) // 64.6% (79.0)",
        "oppFenwick": "51.2% (43.5) // 50.7% (46.7) // 57.2% (53.7) // 64.5% (57.8)",
        "oppShots": "52.2% (31.0) // 50.9% (31.4) // 59.0% (36.9) // 60.3% (36.6)",
        "oppScoring": "50.6% (27.9) // 51.5% (30.0) // 55.0% (32.6) // 63.2% (34.7)",
        "oppCorsiAgainst": "49.1% (57.2) // 49.6% (61.9) // 44.2% (56.6) // 35.4% (43.4)",
        "oppFenwickAgainst": "48.8% (41.4) // 49.3% (45.4) // 42.8% (40.2) // 35.5% (31.8)",
        "oppShotsAgainst": "47.8% (28.4) // 49.1% (30.3) // 41.0% (25.7) // 39.7% (24.1)",
        "oppScoringAgainst": "49.4% (27.2) // 48.5% (28.2) // 45.0% (26.7) // 36.8% (20.2)",
        "totalOver": 58,
        "totalOverLast5": 80,
        "totalOverLast15": 60,
        "lastTotalOver": 16,
        "last5": "3,2,3,2,1,2,3,3,1,1",
        "fd": "-170",
        "dk": "-175/+135",
        "kambi": "0",
        "lowest": "-170 FD",
        "implied": 62.96296296296296,
        "overOdds": "-175",
        "underOdds": "+135",
        "overUnder": "-175 / +135"
    },
    {
        "player": "Marcus Johansson",
        "team": "MIN",
        "opponent": "WPG",
        "propType": "sog",
        "line": 1.5,
        "ppLine": "",
        "avg": 1.64,
        "hit": false,
        "diffAvg": 0.09,
        "diffAbs": 0.0,
        "lastAvg": 1.59,
        "diff": 0.06,
        "avgMin": 16,
        "proj": 1.5,
        "lastAvgMin": 16.48,
        "oppOver": 0,
        "teamOver": 0,
        "gameLine": "+124",
        "+/-": "+4",
        "L5_+/-": "+7.0",
        "prevMatchup": "",
        "winLossSplits": "62% - 47%",
        "awayHome": "A",
        "playedYesterday": "N",
        "awayHomeSplits": "53% - 56%",
        "savesAboveExp": 0.641,
        "gsaa": 10.7,
        "corsi": "50.8% (60.8) // 50.4% (58.9) // 52.1% (55.5) // 46.0% (52.0)",
        "fenwick": "50.8% (43.5) // 49.1% (41.6) // 53.6% (43.2) // 50.0% (44.0)",
        "shots": "50.0% (29.6) // 48.5% (27.5) // 55.1% (29.5) // 52.5% (31.0)",
        "scoring": "51.7% (30.1) // 51.6% (30.0) // 58.1% (29.2) // 44.1% (26.0)",
        "corsiAgainst": "49.2% (58.9) // 49.6% (58.1) // 47.9% (50.9) // 54.0% (61.0)",
        "fenwickAgainst": "49.2% (42.2) // 50.9% (43.1) // 46.4% (37.3) // 50.0% (44.0)",
        "shotsAgainst": "50.0% (29.6) // 51.5% (29.2) // 44.9% (24.0) // 47.5% (28.0)",
        "scoringAgainst": "48.3% (28.1) // 48.4% (28.2) // 41.9% (21.1) // 55.9% (33.0)",
        "oppCorsi": "50.9% (59.4) // 50.4% (63.0) // 55.8% (71.4) // 64.6% (79.0)",
        "oppFenwick": "51.2% (43.5) // 50.7% (46.7) // 57.2% (53.7) // 64.5% (57.8)",
        "oppShots": "52.2% (31.0) // 50.9% (31.4) // 59.0% (36.9) // 60.3% (36.6)",
        "oppScoring": "50.6% (27.9) // 51.5% (30.0) // 55.0% (32.6) // 63.2% (34.7)",
        "oppCorsiAgainst": "49.1% (57.2) // 49.6% (61.9) // 44.2% (56.6) // 35.4% (43.4)",
        "oppFenwickAgainst": "48.8% (41.4) // 49.3% (45.4) // 42.8% (40.2) // 35.5% (31.8)",
        "oppShotsAgainst": "47.8% (28.4) // 49.1% (30.3) // 41.0% (25.7) // 39.7% (24.1)",
        "oppScoringAgainst": "49.4% (27.2) // 48.5% (28.2) // 45.0% (26.7) // 36.8% (20.2)",
        "totalOver": 55,
        "totalOverLast5": 100,
        "totalOverLast15": 60,
        "lastTotalOver": 48,
        "last5": "3,2,3,3,2,3,0,2,0,1",
        "fd": "0",
        "dk": "-130/+100",
        "kambi": "-118/-109",
        "lowest": "-118 BR",
        "implied": 54.12844036697248,
        "overOdds": "-130",
        "underOdds": "+100",
        "overUnder": "-130 / +100"
    },
    {
        "player": "Mark Scheifele",
        "team": "WPG",
        "opponent": "MIN",
        "propType": "sog",
        "line": 2.5,
        "ppLine": "PP1",
        "avg": 2.48,
        "hit": false,
        "diffAvg": -0.01,
        "diffAbs": 0.04,
        "lastAvg": 2.42,
        "diff": -0.03,
        "avgMin": 20,
        "proj": 2.4,
        "lastAvgMin": 20.47,
        "oppOver": 0,
        "teamOver": 0,
        "gameLine": "-148",
        "+/-": "+13",
        "L5_+/-": "+16.0",
        "prevMatchup": "",
        "winLossSplits": "65% - 46%",
        "awayHome": "H",
        "playedYesterday": "N",
        "awayHomeSplits": "67% - 50%",
        "savesAboveExp": 0.594,
        "gsaa": 0.77,
        "corsi": "50.9% (59.4) // 50.4% (63.0) // 55.8% (71.4) // 64.6% (79.0)",
        "fenwick": "51.2% (43.5) // 50.7% (46.7) // 57.2% (53.7) // 64.5% (57.8)",
        "shots": "52.2% (31.0) // 50.9% (31.4) // 59.0% (36.9) // 60.3% (36.6)",
        "scoring": "50.6% (27.9) // 51.5% (30.0) // 55.0% (32.6) // 63.2% (34.7)",
        "corsiAgainst": "49.1% (57.2) // 49.6% (61.9) // 44.2% (56.6) // 35.4% (43.4)",
        "fenwickAgainst": "48.8% (41.4) // 49.3% (45.4) // 42.8% (40.2) // 35.5% (31.8)",
        "shotsAgainst": "47.8% (28.4) // 49.1% (30.3) // 41.0% (25.7) // 39.7% (24.1)",
        "scoringAgainst": "49.4% (27.2) // 48.5% (28.2) // 45.0% (26.7) // 36.8% (20.2)",
        "oppCorsi": "50.8% (60.8) // 50.4% (58.9) // 52.1% (55.5) // 46.0% (52.0)",
        "oppFenwick": "50.8% (43.5) // 49.1% (41.6) // 53.6% (43.2) // 50.0% (44.0)",
        "oppShots": "50.0% (29.6) // 48.5% (27.5) // 55.1% (29.5) // 52.5% (31.0)",
        "oppScoring": "51.7% (30.1) // 51.6% (30.0) // 58.1% (29.2) // 44.1% (26.0)",
        "oppCorsiAgainst": "49.2% (58.9) // 49.6% (58.1) // 47.9% (50.9) // 54.0% (61.0)",
        "oppFenwickAgainst": "49.2% (42.2) // 50.9% (43.1) // 46.4% (37.3) // 50.0% (44.0)",
        "oppShotsAgainst": "50.0% (29.6) // 51.5% (29.2) // 44.9% (24.0) // 47.5% (28.0)",
        "oppScoringAgainst": "48.3% (28.1) // 48.4% (28.2) // 41.9% (21.1) // 55.9% (33.0)",
        "totalOver": 58,
        "totalOverLast5": 60,
        "totalOverLast15": 60,
        "lastTotalOver": 49,
        "last5": "1,3,3,3,1,4,2,3,2,3",
        "fd": "+100/-130",
        "dk": "-105/-125",
        "kambi": "100/-130",
        "lowest": "100 FD",
        "implied": 50.0,
        "overOdds": "-105",
        "underOdds": "-125",
        "overUnder": "-105 / -125"
    },
    {
        "player": "Matthew Boldy",
        "team": "MIN",
        "opponent": "WPG",
        "propType": "sog",
        "line": 3.5,
        "ppLine": "",
        "avg": 2.58,
        "hit": false,
        "diffAvg": -0.26,
        "diffAbs": 0.23,
        "lastAvg": 2.93,
        "diff": -0.16,
        "avgMin": 17,
        "proj": 2.7,
        "lastAvgMin": 18.48,
        "oppOver": 0,
        "teamOver": 0,
        "gameLine": "+124",
        "+/-": "+5",
        "L5_+/-": "+6.0",
        "prevMatchup": "",
        "winLossSplits": "7% - 58%",
        "awayHome": "A",
        "playedYesterday": "N",
        "awayHomeSplits": "38% - 23%",
        "savesAboveExp": 0.641,
        "gsaa": 10.7,
        "corsi": "50.8% (60.8) // 50.4% (58.9) // 52.1% (55.5) // 46.0% (52.0)",
        "fenwick": "50.8% (43.5) // 49.1% (41.6) // 53.6% (43.2) // 50.0% (44.0)",
        "shots": "50.0% (29.6) // 48.5% (27.5) // 55.1% (29.5) // 52.5% (31.0)",
        "scoring": "51.7% (30.1) // 51.6% (30.0) // 58.1% (29.2) // 44.1% (26.0)",
        "corsiAgainst": "49.2% (58.9) // 49.6% (58.1) // 47.9% (50.9) // 54.0% (61.0)",
        "fenwickAgainst": "49.2% (42.2) // 50.9% (43.1) // 46.4% (37.3) // 50.0% (44.0)",
        "shotsAgainst": "50.0% (29.6) // 51.5% (29.2) // 44.9% (24.0) // 47.5% (28.0)",
        "scoringAgainst": "48.3% (28.1) // 48.4% (28.2) // 41.9% (21.1) // 55.9% (33.0)",
        "oppCorsi": "50.9% (59.4) // 50.4% (63.0) // 55.8% (71.4) // 64.6% (79.0)",
        "oppFenwick": "51.2% (43.5) // 50.7% (46.7) // 57.2% (53.7) // 64.5% (57.8)",
        "oppShots": "52.2% (31.0) // 50.9% (31.4) // 59.0% (36.9) // 60.3% (36.6)",
        "oppScoring": "50.6% (27.9) // 51.5% (30.0) // 55.0% (32.6) // 63.2% (34.7)",
        "oppCorsiAgainst": "49.1% (57.2) // 49.6% (61.9) // 44.2% (56.6) // 35.4% (43.4)",
        "oppFenwickAgainst": "48.8% (41.4) // 49.3% (45.4) // 42.8% (40.2) // 35.5% (31.8)",
        "oppShotsAgainst": "47.8% (28.4) // 49.1% (30.3) // 41.0% (25.7) // 39.7% (24.1)",
        "oppScoringAgainst": "49.4% (27.2) // 48.5% (28.2) // 45.0% (26.7) // 36.8% (20.2)",
        "totalOver": 31,
        "totalOverLast5": 20,
        "totalOverLast15": 20,
        "lastTotalOver": 37,
        "last5": "3,2,1,1,4,2,2,2,2,4",
        "fd": "0",
        "dk": "+120/-150",
        "kambi": "0",
        "lowest": "120 DK",
        "implied": 45.45454545454545,
        "overOdds": "+120",
        "underOdds": "-150",
        "overUnder": "+120 / -150"
    },
    {
        "player": "Nikolaj Ehlers",
        "team": "WPG",
        "opponent": "MIN",
        "propType": "sog",
        "line": 3.5,
        "ppLine": "PP1",
        "avg": 2.79,
        "hit": false,
        "diffAvg": -0.2,
        "diffAbs": 0.17,
        "lastAvg": 2.87,
        "diff": -0.18,
        "avgMin": 16,
        "proj": 2.9,
        "lastAvgMin": 15.63,
        "oppOver": 0,
        "teamOver": 0,
        "gameLine": "-148",
        "+/-": "+16",
        "L5_+/-": "+16.0",
        "prevMatchup": "",
        "winLossSplits": "35% - 23%",
        "awayHome": "H",
        "playedYesterday": "N",
        "awayHomeSplits": "20% - 39%",
        "savesAboveExp": 0.594,
        "gsaa": 0.77,
        "corsi": "50.9% (59.4) // 50.4% (63.0) // 55.8% (71.4) // 64.6% (79.0)",
        "fenwick": "51.2% (43.5) // 50.7% (46.7) // 57.2% (53.7) // 64.5% (57.8)",
        "shots": "52.2% (31.0) // 50.9% (31.4) // 59.0% (36.9) // 60.3% (36.6)",
        "scoring": "50.6% (27.9) // 51.5% (30.0) // 55.0% (32.6) // 63.2% (34.7)",
        "corsiAgainst": "49.1% (57.2) // 49.6% (61.9) // 44.2% (56.6) // 35.4% (43.4)",
        "fenwickAgainst": "48.8% (41.4) // 49.3% (45.4) // 42.8% (40.2) // 35.5% (31.8)",
        "shotsAgainst": "47.8% (28.4) // 49.1% (30.3) // 41.0% (25.7) // 39.7% (24.1)",
        "scoringAgainst": "49.4% (27.2) // 48.5% (28.2) // 45.0% (26.7) // 36.8% (20.2)",
        "oppCorsi": "50.8% (60.8) // 50.4% (58.9) // 52.1% (55.5) // 46.0% (52.0)",
        "oppFenwick": "50.8% (43.5) // 49.1% (41.6) // 53.6% (43.2) // 50.0% (44.0)",
        "oppShots": "50.0% (29.6) // 48.5% (27.5) // 55.1% (29.5) // 52.5% (31.0)",
        "oppScoring": "51.7% (30.1) // 51.6% (30.0) // 58.1% (29.2) // 44.1% (26.0)",
        "oppCorsiAgainst": "49.2% (58.9) // 49.6% (58.1) // 47.9% (50.9) // 54.0% (61.0)",
        "oppFenwickAgainst": "49.2% (42.2) // 50.9% (43.1) // 46.4% (37.3) // 50.0% (44.0)",
        "oppShotsAgainst": "50.0% (29.6) // 51.5% (29.2) // 44.9% (24.0) // 47.5% (28.0)",
        "oppScoringAgainst": "48.3% (28.1) // 48.4% (28.2) // 41.9% (21.1) // 55.9% (33.0)",
        "totalOver": 30,
        "totalOverLast5": 60,
        "totalOverLast15": 33,
        "lastTotalOver": 35,
        "last5": "3,4,5,2,4,5,3,3,1,4",
        "fd": "+114/-148",
        "dk": "+110/-140",
        "kambi": "0",
        "lowest": "114 FD",
        "implied": 46.728971962616825,
        "overOdds": "+110",
        "underOdds": "-140",
        "overUnder": "+110 / -140"
    },
    {
        "player": "Nino Niederreiter",
        "team": "WPG",
        "opponent": "MIN",
        "propType": "sog",
        "line": 2.5,
        "ppLine": "PP2",
        "avg": 2.39,
        "hit": false,
        "diffAvg": -0.04,
        "diffAbs": 0.2,
        "lastAvg": 2.18,
        "diff": -0.13,
        "avgMin": 15,
        "proj": 2.0,
        "lastAvgMin": 16.28,
        "oppOver": 0,
        "teamOver": 0,
        "gameLine": "-148",
        "+/-": "+11",
        "L5_+/-": "+2.0",
        "prevMatchup": "",
        "winLossSplits": "45% - 62%",
        "awayHome": "H",
        "playedYesterday": "N",
        "awayHomeSplits": "60% - 44%",
        "savesAboveExp": 0.594,
        "gsaa": 0.77,
        "corsi": "50.9% (59.4) // 50.4% (63.0) // 55.8% (71.4) // 64.6% (79.0)",
        "fenwick": "51.2% (43.5) // 50.7% (46.7) // 57.2% (53.7) // 64.5% (57.8)",
        "shots": "52.2% (31.0) // 50.9% (31.4) // 59.0% (36.9) // 60.3% (36.6)",
        "scoring": "50.6% (27.9) // 51.5% (30.0) // 55.0% (32.6) // 63.2% (34.7)",
        "corsiAgainst": "49.1% (57.2) // 49.6% (61.9) // 44.2% (56.6) // 35.4% (43.4)",
        "fenwickAgainst": "48.8% (41.4) // 49.3% (45.4) // 42.8% (40.2) // 35.5% (31.8)",
        "shotsAgainst": "47.8% (28.4) // 49.1% (30.3) // 41.0% (25.7) // 39.7% (24.1)",
        "scoringAgainst": "49.4% (27.2) // 48.5% (28.2) // 45.0% (26.7) // 36.8% (20.2)",
        "oppCorsi": "50.8% (60.8) // 50.4% (58.9) // 52.1% (55.5) // 46.0% (52.0)",
        "oppFenwick": "50.8% (43.5) // 49.1% (41.6) // 53.6% (43.2) // 50.0% (44.0)",
        "oppShots": "50.0% (29.6) // 48.5% (27.5) // 55.1% (29.5) // 52.5% (31.0)",
        "oppScoring": "51.7% (30.1) // 51.6% (30.0) // 58.1% (29.2) // 44.1% (26.0)",
        "oppCorsiAgainst": "49.2% (58.9) // 49.6% (58.1) // 47.9% (50.9) // 54.0% (61.0)",
        "oppFenwickAgainst": "49.2% (42.2) // 50.9% (43.1) // 46.4% (37.3) // 50.0% (44.0)",
        "oppShotsAgainst": "50.0% (29.6) // 51.5% (29.2) // 44.9% (24.0) // 47.5% (28.0)",
        "oppScoringAgainst": "48.3% (28.1) // 48.4% (28.2) // 41.9% (21.1) // 55.9% (33.0)",
        "totalOver": 52,
        "totalOverLast5": 60,
        "totalOverLast15": 47,
        "lastTotalOver": 37,
        "last5": "3,3,2,3,1,0,3,1,2,0",
        "fd": "+134/-176",
        "dk": "+135/-175",
        "kambi": "0",
        "lowest": "135 DK",
        "implied": 42.5531914893617,
        "overOdds": "+135",
        "underOdds": "-175",
        "overUnder": "+135 / -175"
    },
    {
        "player": "Neal Pionk",
        "team": "WPG",
        "opponent": "MIN",
        "propType": "sog",
        "line": 1.5,
        "ppLine": "PP2",
        "avg": 1.88,
        "hit": false,
        "diffAvg": 0.25,
        "diffAbs": 0.0,
        "lastAvg": 1.63,
        "diff": 0.09,
        "avgMin": 20,
        "proj": 1.5,
        "lastAvgMin": 21.93,
        "oppOver": 0,
        "teamOver": 0,
        "gameLine": "-148",
        "+/-": "+9",
        "L5_+/-": "+2.0",
        "prevMatchup": "",
        "winLossSplits": "60% - 54%",
        "awayHome": "H",
        "playedYesterday": "N",
        "awayHomeSplits": "60% - 56%",
        "savesAboveExp": 0.594,
        "gsaa": 0.77,
        "corsi": "50.9% (59.4) // 50.4% (63.0) // 55.8% (71.4) // 64.6% (79.0)",
        "fenwick": "51.2% (43.5) // 50.7% (46.7) // 57.2% (53.7) // 64.5% (57.8)",
        "shots": "52.2% (31.0) // 50.9% (31.4) // 59.0% (36.9) // 60.3% (36.6)",
        "scoring": "50.6% (27.9) // 51.5% (30.0) // 55.0% (32.6) // 63.2% (34.7)",
        "corsiAgainst": "49.1% (57.2) // 49.6% (61.9) // 44.2% (56.6) // 35.4% (43.4)",
        "fenwickAgainst": "48.8% (41.4) // 49.3% (45.4) // 42.8% (40.2) // 35.5% (31.8)",
        "shotsAgainst": "47.8% (28.4) // 49.1% (30.3) // 41.0% (25.7) // 39.7% (24.1)",
        "scoringAgainst": "49.4% (27.2) // 48.5% (28.2) // 45.0% (26.7) // 36.8% (20.2)",
        "oppCorsi": "50.8% (60.8) // 50.4% (58.9) // 52.1% (55.5) // 46.0% (52.0)",
        "oppFenwick": "50.8% (43.5) // 49.1% (41.6) // 53.6% (43.2) // 50.0% (44.0)",
        "oppShots": "50.0% (29.6) // 48.5% (27.5) // 55.1% (29.5) // 52.5% (31.0)",
        "oppScoring": "51.7% (30.1) // 51.6% (30.0) // 58.1% (29.2) // 44.1% (26.0)",
        "oppCorsiAgainst": "49.2% (58.9) // 49.6% (58.1) // 47.9% (50.9) // 54.0% (61.0)",
        "oppFenwickAgainst": "49.2% (42.2) // 50.9% (43.1) // 46.4% (37.3) // 50.0% (44.0)",
        "oppShotsAgainst": "50.0% (29.6) // 51.5% (29.2) // 44.9% (24.0) // 47.5% (28.0)",
        "oppScoringAgainst": "48.3% (28.1) // 48.4% (28.2) // 41.9% (21.1) // 55.9% (33.0)",
        "totalOver": 58,
        "totalOverLast5": 80,
        "totalOverLast15": 67,
        "lastTotalOver": 45,
        "last5": "4,3,2,3,1,2,1,3,3,0",
        "fd": "-138",
        "dk": "-140/+110",
        "kambi": "0",
        "lowest": "-138 FD",
        "implied": 57.98319327731093,
        "overOdds": "-140",
        "underOdds": "+110",
        "overUnder": "-140 / +110"
    },
    {
        "player": "Ryan Hartman",
        "team": "MIN",
        "opponent": "WPG",
        "propType": "sog",
        "line": 1.5,
        "ppLine": "PP2",
        "avg": 2.25,
        "hit": false,
        "diffAvg": 0.5,
        "diffAbs": 0.4,
        "lastAvg": 2.33,
        "diff": 0.55,
        "avgMin": 15,
        "proj": 2.1,
        "lastAvgMin": 16.28,
        "oppOver": 0,
        "teamOver": 0,
        "gameLine": "+124",
        "+/-": "+4",
        "L5_+/-": "+4.0",
        "prevMatchup": "",
        "winLossSplits": "58% - 62%",
        "awayHome": "A",
        "playedYesterday": "N",
        "awayHomeSplits": "67% - 54%",
        "savesAboveExp": 0.641,
        "gsaa": 10.7,
        "corsi": "50.8% (60.8) // 50.4% (58.9) // 52.1% (55.5) // 46.0% (52.0)",
        "fenwick": "50.8% (43.5) // 49.1% (41.6) // 53.6% (43.2) // 50.0% (44.0)",
        "shots": "50.0% (29.6) // 48.5% (27.5) // 55.1% (29.5) // 52.5% (31.0)",
        "scoring": "51.7% (30.1) // 51.6% (30.0) // 58.1% (29.2) // 44.1% (26.0)",
        "corsiAgainst": "49.2% (58.9) // 49.6% (58.1) // 47.9% (50.9) // 54.0% (61.0)",
        "fenwickAgainst": "49.2% (42.2) // 50.9% (43.1) // 46.4% (37.3) // 50.0% (44.0)",
        "shotsAgainst": "50.0% (29.6) // 51.5% (29.2) // 44.9% (24.0) // 47.5% (28.0)",
        "scoringAgainst": "48.3% (28.1) // 48.4% (28.2) // 41.9% (21.1) // 55.9% (33.0)",
        "oppCorsi": "50.9% (59.4) // 50.4% (63.0) // 55.8% (71.4) // 64.6% (79.0)",
        "oppFenwick": "51.2% (43.5) // 50.7% (46.7) // 57.2% (53.7) // 64.5% (57.8)",
        "oppShots": "52.2% (31.0) // 50.9% (31.4) // 59.0% (36.9) // 60.3% (36.6)",
        "oppScoring": "50.6% (27.9) // 51.5% (30.0) // 55.0% (32.6) // 63.2% (34.7)",
        "oppCorsiAgainst": "49.1% (57.2) // 49.6% (61.9) // 44.2% (56.6) // 35.4% (43.4)",
        "oppFenwickAgainst": "48.8% (41.4) // 49.3% (45.4) // 42.8% (40.2) // 35.5% (31.8)",
        "oppShotsAgainst": "47.8% (28.4) // 49.1% (30.3) // 41.0% (25.7) // 39.7% (24.1)",
        "oppScoringAgainst": "49.4% (27.2) // 48.5% (28.2) // 45.0% (26.7) // 36.8% (20.2)",
        "totalOver": 61,
        "totalOverLast5": 60,
        "totalOverLast15": 47,
        "lastTotalOver": 75,
        "last5": "4,2,1,1,3,1,3,0,0,2",
        "fd": "-184/+140",
        "dk": "-180/+140",
        "kambi": "0",
        "lowest": "-180 DK",
        "implied": 64.28571428571429,
        "overOdds": "-180",
        "underOdds": "+140",
        "overUnder": "-180 / +140"
    },
    {
        "player": "Adam Fantilli",
        "team": "CBJ",
        "opponent": "BUF",
        "propType": "sog",
        "line": 2.5,
        "ppLine": "PP2",
        "avg": 2.46,
        "hit": false,
        "diffAvg": -0.02,
        "diffAbs": 1.0,
        "lastAvg": 0,
        "diff": 0,
        "avgMin": 15,
        "proj": 0.0,
        "lastAvgMin": 0,
        "oppOver": 0,
        "teamOver": 0,
        "gameLine": "+170",
        "+/-": -11,
        "L5_+/-": -1.0,
        "prevMatchup": "2023-12-19 2.0 sog",
        "winLossSplits": "33% - 36%",
        "awayHome": "A",
        "playedYesterday": "Y",
        "awayHomeSplits": "38% - 33%",
        "savesAboveExp": 0.461,
        "gsaa": -4.71,
        "corsi": "47.0% (60.7) // 45.8% (57.0) // 49.6% (60.2) // 46.8% (56.6)",
        "fenwick": "47.1% (43.1) // 46.5% (41.0) // 49.3% (41.9) // 44.8% (37.4)",
        "shots": "46.4% (29.2) // 44.8% (27.9) // 46.7% (27.4) // 42.4% (24.0)",
        "scoring": "46.8% (28.3) // 44.0% (27.2) // 43.4% (25.5) // 42.4% (24.0)",
        "corsiAgainst": "53.0% (68.4) // 54.2% (67.4) // 50.4% (61.1) // 53.2% (64.3)",
        "fenwickAgainst": "52.9% (48.4) // 53.5% (47.2) // 50.7% (43.1) // 55.2% (46.0)",
        "shotsAgainst": "53.6% (33.7) // 55.2% (34.4) // 53.3% (31.3) // 57.6% (32.6)",
        "scoringAgainst": "53.2% (32.2) // 56.0% (34.7) // 56.6% (33.2) // 57.6% (32.6)",
        "oppCorsi": "49.1% (57.7) // 50.5% (60.7) // 50.3% (61.5) // 59.1% (65.0)",
        "oppFenwick": "49.7% (42.7) // 51.5% (45.0) // 52.3% (45.4) // 56.2% (45.0)",
        "oppShots": "50.4% (29.9) // 52.8% (32.1) // 51.4% (29.6) // 51.0% (26.0)",
        "oppScoring": "47.5% (27.6) // 49.5% (30.8) // 49.4% (27.3) // 47.8% (22.0)",
        "oppCorsiAgainst": "50.9% (59.7) // 49.5% (59.7) // 49.7% (60.8) // 40.9% (45.0)",
        "oppFenwickAgainst": "50.3% (43.3) // 48.5% (42.4) // 47.7% (41.4) // 43.8% (35.0)",
        "oppShotsAgainst": "49.6% (29.4) // 47.2% (28.7) // 48.6% (28.0) // 49.0% (25.0)",
        "oppScoringAgainst": "52.5% (30.5) // 50.5% (31.5) // 50.6% (28.0) // 52.2% (24.0)",
        "totalOver": 35,
        "totalOverLast5": 20,
        "totalOverLast15": 27,
        "lastTotalOver": 0,
        "last5": "2,1,1,5,2,2,3,1,2,3",
        "fd": "+118/-154",
        "dk": "+124/-160",
        "kambi": "115/-150",
        "lowest": "124 DK",
        "implied": 44.642857142857146,
        "overOdds": "+124",
        "underOdds": "-160",
        "overUnder": "+124 / -160"
