[
    {
        "player": "Cam Atkinson",
        "team": "PHI",
        "opponent": "MTL",
        "propType": "sog",
        "line": 2.5,
        "ppLine": "",
        "avg": 2.98,
        "hit": false,
        "diffAvg": 0.19,
        "diffAbs": 1.0,
        "lastAvg": 0,
        "diff": 0,
        "avgMin": 16,
        "proj": 0.0,
        "lastAvgMin": 0,
        "oppOver": 0,
        "teamOver": 0,
        "gameLine": "-185",
        "+/-": -13,
        "L5_+/-": -5.0,
        "prevMatchup": "2024-01-10 2.0 sog",
        "winLossSplits": "57% - 63%",
        "awayHome": "H",
        "playedYesterday": "Y",
        "awayHomeSplits": "52% - 68%",
        "savesAboveExp": "-",
        "gsaa": 0.52,
        "corsi": "50.2% (60.6) // 51.7% (63.1) // 54.5% (68.5) // 56.7% (75.2)",
        "fenwick": "52.1% (44.9) // 52.6% (46.8) // 54.9% (50.1) // 56.4% (52.9)",
        "shots": "53.6% (32.7) // 53.9% (34.4) // 57.3% (37.9) // 59.0% (38.3)",
        "scoring": "48.9% (27.6) // 49.2% (28.3) // 51.6% (30.4) // 54.0% (33.1)",
        "corsiAgainst": "49.8% (60.1) // 48.3% (59.0) // 45.5% (57.3) // 43.3% (57.4)",
        "fenwickAgainst": "47.9% (41.2) // 47.4% (42.2) // 45.1% (41.2) // 43.6% (40.9)",
        "shotsAgainst": "46.4% (28.3) // 46.1% (29.4) // 42.7% (28.3) // 41.0% (26.6)",
        "scoringAgainst": "51.1% (28.8) // 50.8% (29.2) // 48.4% (28.5) // 46.0% (28.2)",
        "oppCorsi": "46.2% (55.8) // 44.0% (52.0) // 39.5% (49.9) // 39.1% (49.8)",
        "oppFenwick": "46.6% (40.3) // 45.5% (37.1) // 40.0% (35.8) // 39.7% (35.5)",
        "oppShots": "45.8% (27.7) // 44.4% (24.3) // 38.8% (24.0) // 36.0% (22.6)",
        "oppScoring": "45.8% (27.3) // 41.6% (22.4) // 39.2% (23.5) // 40.9% (24.9)",
        "oppCorsiAgainst": "53.8% (64.9) // 56.0% (66.2) // 60.5% (76.6) // 60.9% (77.5)",
        "oppFenwickAgainst": "53.4% (46.1) // 54.5% (44.5) // 60.0% (53.8) // 60.3% (54.0)",
        "oppShotsAgainst": "54.2% (32.8) // 55.6% (30.4) // 61.2% (37.9) // 64.0% (40.2)",
        "oppScoringAgainst": "54.2% (32.4) // 58.4% (31.5) // 60.8% (36.5) // 59.1% (36.0)",
        "totalOver": 60,
        "totalOverLast5": 60,
        "totalOverLast15": 40,
        "lastTotalOver": 0,
        "last5": "2,2,3,3,7,2,4,1,2,0",
        "fd": "0",
        "dk": "-110/-120",
        "kambi": "-122/-106",
        "lowest": "-110 DK",
        "implied": 52.38095238095239,
        "overOdds": "-110",
        "underOdds": "-120",
        "overUnder": "-110 / -120"
    },
    {
        "player": "Cole Caufield",
        "team": "MTL",
        "opponent": "PHI",
        "propType": "sog",
        "line": 3.5,
        "ppLine": "PP1",
        "avg": 3.5,
        "hit": false,
        "diffAvg": 0.0,
        "diffAbs": 0.03,
        "lastAvg": 3.43,
        "diff": -0.02,
        "avgMin": 19,
        "proj": 3.6,
        "lastAvgMin": 18.03,
        "oppOver": 0,
        "teamOver": 0,
        "gameLine": "+154",
        "+/-": -3,
        "L5_+/-": -3.0,
        "prevMatchup": "2024-01-10 1.0 sog",
        "winLossSplits": "59% - 35%",
        "awayHome": "A",
        "playedYesterday": "Y",
        "awayHomeSplits": "40% - 50%",
        "savesAboveExp": 0.232,
        "gsaa": 0.19,
        "corsi": "46.2% (55.8) // 44.0% (52.0) // 39.5% (49.9) // 39.1% (49.8)",
        "fenwick": "46.6% (40.3) // 45.5% (37.1) // 40.0% (35.8) // 39.7% (35.5)",
        "shots": "45.8% (27.7) // 44.4% (24.3) // 38.8% (24.0) // 36.0% (22.6)",
        "scoring": "45.8% (27.3) // 41.6% (22.4) // 39.2% (23.5) // 40.9% (24.9)",
        "corsiAgainst": "53.8% (64.9) // 56.0% (66.2) // 60.5% (76.6) // 60.9% (77.5)",
        "fenwickAgainst": "53.4% (46.1) // 54.5% (44.5) // 60.0% (53.8) // 60.3% (54.0)",
        "shotsAgainst": "54.2% (32.8) // 55.6% (30.4) // 61.2% (37.9) // 64.0% (40.2)",
        "scoringAgainst": "54.2% (32.4) // 58.4% (31.5) // 60.8% (36.5) // 59.1% (36.0)",
        "oppCorsi": "50.2% (60.6) // 51.7% (63.1) // 54.5% (68.5) // 56.7% (75.2)",
        "oppFenwick": "52.1% (44.9) // 52.6% (46.8) // 54.9% (50.1) // 56.4% (52.9)",
        "oppShots": "53.6% (32.7) // 53.9% (34.4) // 57.3% (37.9) // 59.0% (38.3)",
        "oppScoring": "48.9% (27.6) // 49.2% (28.3) // 51.6% (30.4) // 54.0% (33.1)",
        "oppCorsiAgainst": "49.8% (60.1) // 48.3% (59.0) // 45.5% (57.3) // 43.3% (57.4)",
        "oppFenwickAgainst": "47.9% (41.2) // 47.4% (42.2) // 45.1% (41.2) // 43.6% (40.9)",
        "oppShotsAgainst": "46.4% (28.3) // 46.1% (29.4) // 42.7% (28.3) // 41.0% (26.6)",
        "oppScoringAgainst": "51.1% (28.8) // 50.8% (29.2) // 48.4% (28.5) // 46.0% (28.2)",
        "totalOver": 45,
        "totalOverLast5": 40,
        "totalOverLast15": 40,
        "lastTotalOver": 54,
        "last5": "1,6,2,2,4,3,1,2,4,0",
        "fd": "0",
        "dk": "+105/-135",
        "kambi": "110/-143",
        "lowest": "110 BR",
        "implied": 47.61904761904761,
        "overOdds": "+105",
        "underOdds": "-135",
        "overUnder": "+105 / -135"
    },
    {
        "player": "Joel Farabee",
        "team": "PHI",
        "opponent": "MTL",
        "propType": "sog",
        "line": 2.5,
        "ppLine": "",
        "avg": 2.17,
        "hit": false,
        "diffAvg": -0.13,
        "diffAbs": 0.36,
        "lastAvg": 1.77,
        "diff": -0.29,
        "avgMin": 15,
        "proj": 1.6,
        "lastAvgMin": 17.0,
        "oppOver": 0,
        "teamOver": 0,
        "gameLine": "-185",
        "+/-": "+9",
        "L5_+/-": "+2.0",
        "prevMatchup": "2024-01-10 1.0 sog",
        "winLossSplits": "29% - 45%",
        "awayHome": "H",
        "playedYesterday": "Y",
        "awayHomeSplits": "38% - 35%",
        "savesAboveExp": "-",
        "gsaa": 0.52,
        "corsi": "50.2% (60.6) // 51.7% (63.1) // 54.5% (68.5) // 56.7% (75.2)",
        "fenwick": "52.1% (44.9) // 52.6% (46.8) // 54.9% (50.1) // 56.4% (52.9)",
        "shots": "53.6% (32.7) // 53.9% (34.4) // 57.3% (37.9) // 59.0% (38.3)",
        "scoring": "48.9% (27.6) // 49.2% (28.3) // 51.6% (30.4) // 54.0% (33.1)",
        "corsiAgainst": "49.8% (60.1) // 48.3% (59.0) // 45.5% (57.3) // 43.3% (57.4)",
        "fenwickAgainst": "47.9% (41.2) // 47.4% (42.2) // 45.1% (41.2) // 43.6% (40.9)",
        "shotsAgainst": "46.4% (28.3) // 46.1% (29.4) // 42.7% (28.3) // 41.0% (26.6)",
        "scoringAgainst": "51.1% (28.8) // 50.8% (29.2) // 48.4% (28.5) // 46.0% (28.2)",
        "oppCorsi": "46.2% (55.8) // 44.0% (52.0) // 39.5% (49.9) // 39.1% (49.8)",
        "oppFenwick": "46.6% (40.3) // 45.5% (37.1) // 40.0% (35.8) // 39.7% (35.5)",
        "oppShots": "45.8% (27.7) // 44.4% (24.3) // 38.8% (24.0) // 36.0% (22.6)",
        "oppScoring": "45.8% (27.3) // 41.6% (22.4) // 39.2% (23.5) // 40.9% (24.9)",
        "oppCorsiAgainst": "53.8% (64.9) // 56.0% (66.2) // 60.5% (76.6) // 60.9% (77.5)",
        "oppFenwickAgainst": "53.4% (46.1) // 54.5% (44.5) // 60.0% (53.8) // 60.3% (54.0)",
        "oppShotsAgainst": "54.2% (32.8) // 55.6% (30.4) // 61.2% (37.9) // 64.0% (40.2)",
        "oppScoringAgainst": "54.2% (32.4) // 58.4% (31.5) // 60.8% (36.5) // 59.1% (36.0)",
        "totalOver": 37,
        "totalOverLast5": 40,
        "totalOverLast15": 33,
        "lastTotalOver": 21,
        "last5": "1,2,1,4,3,1,3,1,1,2",
        "fd": "0",
        "dk": "+135/-175",
        "kambi": "0",
        "lowest": "135 DK",
        "implied": 42.5531914893617,
        "overOdds": "+135",
        "underOdds": "-175",
        "overUnder": "+135 / -175"
    },
    {
        "player": "Josh Anderson",
        "team": "MTL",
        "opponent": "PHI",
        "propType": "sog",
        "line": 2.5,
        "ppLine": "PP2",
        "avg": 2.25,
        "hit": false,
        "diffAvg": -0.1,
        "diffAbs": 0.12,
        "lastAvg": 2.38,
        "diff": -0.05,
        "avgMin": 16,
        "proj": 2.2,
        "lastAvgMin": 16.95,
        "oppOver": 0,
        "teamOver": 0,
        "gameLine": "+154",
        "+/-": -10,
        "L5_+/-": -1.0,
        "prevMatchup": "2024-01-10 3.0 sog",
        "winLossSplits": "35% - 43%",
        "awayHome": "A",
        "playedYesterday": "Y",
        "awayHomeSplits": "35% - 45%",
        "savesAboveExp": 0.232,
        "gsaa": 0.19,
        "corsi": "46.2% (55.8) // 44.0% (52.0) // 39.5% (49.9) // 39.1% (49.8)",
        "fenwick": "46.6% (40.3) // 45.5% (37.1) // 40.0% (35.8) // 39.7% (35.5)",
        "shots": "45.8% (27.7) // 44.4% (24.3) // 38.8% (24.0) // 36.0% (22.6)",
        "scoring": "45.8% (27.3) // 41.6% (22.4) // 39.2% (23.5) // 40.9% (24.9)",
        "corsiAgainst": "53.8% (64.9) // 56.0% (66.2) // 60.5% (76.6) // 60.9% (77.5)",
        "fenwickAgainst": "53.4% (46.1) // 54.5% (44.5) // 60.0% (53.8) // 60.3% (54.0)",
        "shotsAgainst": "54.2% (32.8) // 55.6% (30.4) // 61.2% (37.9) // 64.0% (40.2)",
        "scoringAgainst": "54.2% (32.4) // 58.4% (31.5) // 60.8% (36.5) // 59.1% (36.0)",
        "oppCorsi": "50.2% (60.6) // 51.7% (63.1) // 54.5% (68.5) // 56.7% (75.2)",
        "oppFenwick": "52.1% (44.9) // 52.6% (46.8) // 54.9% (50.1) // 56.4% (52.9)",
        "oppShots": "53.6% (32.7) // 53.9% (34.4) // 57.3% (37.9) // 59.0% (38.3)",
        "oppScoring": "48.9% (27.6) // 49.2% (28.3) // 51.6% (30.4) // 54.0% (33.1)",
        "oppCorsiAgainst": "49.8% (60.1) // 48.3% (59.0) // 45.5% (57.3) // 43.3% (57.4)",
        "oppFenwickAgainst": "47.9% (41.2) // 47.4% (42.2) // 45.1% (41.2) // 43.6% (40.9)",
        "oppShotsAgainst": "46.4% (28.3) // 46.1% (29.4) // 42.7% (28.3) // 41.0% (26.6)",
        "oppScoringAgainst": "51.1% (28.8) // 50.8% (29.2) // 48.4% (28.5) // 46.0% (28.2)",
        "totalOver": 40,
        "totalOverLast5": 60,
        "totalOverLast15": 53,
        "lastTotalOver": 41,
        "last5": "3,2,3,1,3,2,2,3,1,1",
        "fd": "0",
        "dk": "+145/-190",
        "kambi": "145/-190",
        "lowest": "145 DK",
        "implied": 40.816326530612244,
        "overOdds": "+145",
        "underOdds": "-190",
        "overUnder": "+145 / -190"
    },
    {
        "player": "Juraj Slafkovsky",
        "team": "MTL",
        "opponent": "PHI",
        "propType": "sog",
        "line": 1.5,
        "ppLine": "PP1",
        "avg": 1.35,
        "hit": false,
        "diffAvg": -0.1,
        "diffAbs": 0.07,
        "lastAvg": 1.08,
        "diff": -0.28,
        "avgMin": 16,
        "proj": 1.4,
        "lastAvgMin": 12.2,
        "oppOver": 0,
        "teamOver": 0,
        "gameLine": "+154",
        "+/-": -7,
        "L5_+/-": -1.0,
        "prevMatchup": "2024-01-10 0.0 sog",
        "winLossSplits": "53% - 30%",
        "awayHome": "A",
        "playedYesterday": "Y",
        "awayHomeSplits": "40% - 40%",
        "savesAboveExp": 0.232,
        "gsaa": 0.19,
        "corsi": "46.2% (55.8) // 44.0% (52.0) // 39.5% (49.9) // 39.1% (49.8)",
        "fenwick": "46.6% (40.3) // 45.5% (37.1) // 40.0% (35.8) // 39.7% (35.5)",
        "shots": "45.8% (27.7) // 44.4% (24.3) // 38.8% (24.0) // 36.0% (22.6)",
        "scoring": "45.8% (27.3) // 41.6% (22.4) // 39.2% (23.5) // 40.9% (24.9)",
        "corsiAgainst": "53.8% (64.9) // 56.0% (66.2) // 60.5% (76.6) // 60.9% (77.5)",
        "fenwickAgainst": "53.4% (46.1) // 54.5% (44.5) // 60.0% (53.8) // 60.3% (54.0)",
        "shotsAgainst": "54.2% (32.8) // 55.6% (30.4) // 61.2% (37.9) // 64.0% (40.2)",
        "scoringAgainst": "54.2% (32.4) // 58.4% (31.5) // 60.8% (36.5) // 59.1% (36.0)",
        "oppCorsi": "50.2% (60.6) // 51.7% (63.1) // 54.5% (68.5) // 56.7% (75.2)",
        "oppFenwick": "52.1% (44.9) // 52.6% (46.8) // 54.9% (50.1) // 56.4% (52.9)",
        "oppShots": "53.6% (32.7) // 53.9% (34.4) // 57.3% (37.9) // 59.0% (38.3)",
        "oppScoring": "48.9% (27.6) // 49.2% (28.3) // 51.6% (30.4) // 54.0% (33.1)",
        "oppCorsiAgainst": "49.8% (60.1) // 48.3% (59.0) // 45.5% (57.3) // 43.3% (57.4)",
        "oppFenwickAgainst": "47.9% (41.2) // 47.4% (42.2) // 45.1% (41.2) // 43.6% (40.9)",
        "oppShotsAgainst": "46.4% (28.3) // 46.1% (29.4) // 42.7% (28.3) // 41.0% (26.6)",
        "oppScoringAgainst": "51.1% (28.8) // 50.8% (29.2) // 48.4% (28.5) // 46.0% (28.2)",
        "totalOver": 40,
        "totalOverLast5": 20,
        "totalOverLast15": 47,
        "lastTotalOver": 50,
        "last5": "0,1,2,1,1,0,0,3,2,0",
        "fd": "0",
        "dk": "-135/+105",
        "kambi": "0",
        "lowest": "-135 DK",
        "implied": 57.446808510638306,
        "overOdds": "-135",
        "underOdds": "+105",
        "overUnder": "-135 / +105"
    },
    {
        "player": "Mike Matheson",
        "team": "MTL",
        "opponent": "PHI",
        "propType": "sog",
        "line": 2.5,
        "ppLine": "PP1",
        "avg": 2.42,
        "hit": false,
        "diffAvg": -0.03,
        "diffAbs": 0.08,
        "lastAvg": 2.62,
        "diff": 0.05,
        "avgMin": 25,
        "proj": 2.7,
        "lastAvgMin": 24.45,
        "oppOver": 0,
        "teamOver": 0,
        "gameLine": "+154",
        "+/-": -9,
        "L5_+/-": "+1.0",
        "prevMatchup": "2024-01-10 0.0 sog",
        "winLossSplits": "47% - 43%",
        "awayHome": "A",
        "playedYesterday": "Y",
        "awayHomeSplits": "40% - 50%",
        "savesAboveExp": 0.232,
        "gsaa": 0.19,
        "corsi": "46.2% (55.8) // 44.0% (52.0) // 39.5% (49.9) // 39.1% (49.8)",
        "fenwick": "46.6% (40.3) // 45.5% (37.1) // 40.0% (35.8) // 39.7% (35.5)",
        "shots": "45.8% (27.7) // 44.4% (24.3) // 38.8% (24.0) // 36.0% (22.6)",
        "scoring": "45.8% (27.3) // 41.6% (22.4) // 39.2% (23.5) // 40.9% (24.9)",
        "corsiAgainst": "53.8% (64.9) // 56.0% (66.2) // 60.5% (76.6) // 60.9% (77.5)",
        "fenwickAgainst": "53.4% (46.1) // 54.5% (44.5) // 60.0% (53.8) // 60.3% (54.0)",
        "shotsAgainst": "54.2% (32.8) // 55.6% (30.4) // 61.2% (37.9) // 64.0% (40.2)",
        "scoringAgainst": "54.2% (32.4) // 58.4% (31.5) // 60.8% (36.5) // 59.1% (36.0)",
        "oppCorsi": "50.2% (60.6) // 51.7% (63.1) // 54.5% (68.5) // 56.7% (75.2)",
        "oppFenwick": "52.1% (44.9) // 52.6% (46.8) // 54.9% (50.1) // 56.4% (52.9)",
        "oppShots": "53.6% (32.7) // 53.9% (34.4) // 57.3% (37.9) // 59.0% (38.3)",
        "oppScoring": "48.9% (27.6) // 49.2% (28.3) // 51.6% (30.4) // 54.0% (33.1)",
        "oppCorsiAgainst": "49.8% (60.1) // 48.3% (59.0) // 45.5% (57.3) // 43.3% (57.4)",
        "oppFenwickAgainst": "47.9% (41.2) // 47.4% (42.2) // 45.1% (41.2) // 43.6% (40.9)",
        "oppShotsAgainst": "46.4% (28.3) // 46.1% (29.4) // 42.7% (28.3) // 41.0% (26.6)",
        "oppScoringAgainst": "51.1% (28.8) // 50.8% (29.2) // 48.4% (28.5) // 46.0% (28.2)",
        "totalOver": 45,
        "totalOverLast5": 40,
        "totalOverLast15": 53,
        "lastTotalOver": 57,
        "last5": "0,4,3,1,1,2,2,4,3,3",
        "fd": "0",
        "dk": "+124/-160",
        "kambi": "0",
        "lowest": "124 DK",
        "implied": 44.642857142857146,
        "overOdds": "+124",
        "underOdds": "-160",
        "overUnder": "+124 / -160"
    },
    {
        "player": "Morgan Frost",
        "team": "PHI",
        "opponent": "MTL",
        "propType": "sog",
        "line": 1.5,
        "ppLine": "",
        "avg": 1.83,
        "hit": false,
        "diffAvg": 0.22,
        "diffAbs": 0.2,
        "lastAvg": 1.91,
        "diff": 0.27,
        "avgMin": 15,
        "proj": 1.8,
        "lastAvgMin": 16.33,
        "oppOver": 0,
        "teamOver": 0,
        "gameLine": "-185",
        "+/-": "+5",
        "L5_+/-": -1.0,
        "prevMatchup": "2024-01-10 2.0 sog",
        "winLossSplits": "53% - 62%",
        "awayHome": "H",
        "playedYesterday": "Y",
        "awayHomeSplits": "53% - 62%",
        "savesAboveExp": "-",
        "gsaa": 0.52,
        "corsi": "50.2% (60.6) // 51.7% (63.1) // 54.5% (68.5) // 56.7% (75.2)",
        "fenwick": "52.1% (44.9) // 52.6% (46.8) // 54.9% (50.1) // 56.4% (52.9)",
        "shots": "53.6% (32.7) // 53.9% (34.4) // 57.3% (37.9) // 59.0% (38.3)",
        "scoring": "48.9% (27.6) // 49.2% (28.3) // 51.6% (30.4) // 54.0% (33.1)",
        "corsiAgainst": "49.8% (60.1) // 48.3% (59.0) // 45.5% (57.3) // 43.3% (57.4)",
        "fenwickAgainst": "47.9% (41.2) // 47.4% (42.2) // 45.1% (41.2) // 43.6% (40.9)",
        "shotsAgainst": "46.4% (28.3) // 46.1% (29.4) // 42.7% (28.3) // 41.0% (26.6)",
        "scoringAgainst": "51.1% (28.8) // 50.8% (29.2) // 48.4% (28.5) // 46.0% (28.2)",
        "oppCorsi": "46.2% (55.8) // 44.0% (52.0) // 39.5% (49.9) // 39.1% (49.8)",
        "oppFenwick": "46.6% (40.3) // 45.5% (37.1) // 40.0% (35.8) // 39.7% (35.5)",
        "oppShots": "45.8% (27.7) // 44.4% (24.3) // 38.8% (24.0) // 36.0% (22.6)",
        "oppScoring": "45.8% (27.3) // 41.6% (22.4) // 39.2% (23.5) // 40.9% (24.9)",
        "oppCorsiAgainst": "53.8% (64.9) // 56.0% (66.2) // 60.5% (76.6) // 60.9% (77.5)",
        "oppFenwickAgainst": "53.4% (46.1) // 54.5% (44.5) // 60.0% (53.8) // 60.3% (54.0)",
        "oppShotsAgainst": "54.2% (32.8) // 55.6% (30.4) // 61.2% (37.9) // 64.0% (40.2)",
        "oppScoringAgainst": "54.2% (32.4) // 58.4% (31.5) // 60.8% (36.5) // 59.1% (36.0)",
        "totalOver": 57,
        "totalOverLast5": 80,
        "totalOverLast15": 73,
        "lastTotalOver": 56,
        "last5": "2,1,4,2,2,2,1,2,2,0",
        "fd": "0",
        "dk": "-150/+120",
        "kambi": "0",
        "lowest": "-150 DK",
        "implied": 60.0,
        "overOdds": "-150",
        "underOdds": "+120",
        "overUnder": "-150 / +120"
    },
    {
        "player": "Nick Suzuki",
        "team": "MTL",
        "opponent": "PHI",
        "propType": "sog",
        "line": 2.5,
        "ppLine": "PP1",
        "avg": 2.35,
        "hit": false,
        "diffAvg": -0.06,
        "diffAbs": 0.24,
        "lastAvg": 1.93,
        "diff": -0.23,
        "avgMin": 21,
        "proj": 1.9,
        "lastAvgMin": 21.08,
        "oppOver": 0,
        "teamOver": 0,
        "gameLine": "+154",
        "+/-": -10,
        "L5_+/-": -3.0,
        "prevMatchup": "2024-01-10 0.0 sog",
        "winLossSplits": "47% - 39%",
        "awayHome": "A",
        "playedYesterday": "Y",
        "awayHomeSplits": "40% - 45%",
        "savesAboveExp": 0.232,
        "gsaa": 0.19,
        "corsi": "46.2% (55.8) // 44.0% (52.0) // 39.5% (49.9) // 39.1% (49.8)",
        "fenwick": "46.6% (40.3) // 45.5% (37.1) // 40.0% (35.8) // 39.7% (35.5)",
        "shots": "45.8% (27.7) // 44.4% (24.3) // 38.8% (24.0) // 36.0% (22.6)",
        "scoring": "45.8% (27.3) // 41.6% (22.4) // 39.2% (23.5) // 40.9% (24.9)",
        "corsiAgainst": "53.8% (64.9) // 56.0% (66.2) // 60.5% (76.6) // 60.9% (77.5)",
        "fenwickAgainst": "53.4% (46.1) // 54.5% (44.5) // 60.0% (53.8) // 60.3% (54.0)",
        "shotsAgainst": "54.2% (32.8) // 55.6% (30.4) // 61.2% (37.9) // 64.0% (40.2)",
        "scoringAgainst": "54.2% (32.4) // 58.4% (31.5) // 60.8% (36.5) // 59.1% (36.0)",
        "oppCorsi": "50.2% (60.6) // 51.7% (63.1) // 54.5% (68.5) // 56.7% (75.2)",
        "oppFenwick": "52.1% (44.9) // 52.6% (46.8) // 54.9% (50.1) // 56.4% (52.9)",
        "oppShots": "53.6% (32.7) // 53.9% (34.4) // 57.3% (37.9) // 59.0% (38.3)",
        "oppScoring": "48.9% (27.6) // 49.2% (28.3) // 51.6% (30.4) // 54.0% (33.1)",
        "oppCorsiAgainst": "49.8% (60.1) // 48.3% (59.0) // 45.5% (57.3) // 43.3% (57.4)",
        "oppFenwickAgainst": "47.9% (41.2) // 47.4% (42.2) // 45.1% (41.2) // 43.6% (40.9)",
        "oppShotsAgainst": "46.4% (28.3) // 46.1% (29.4) // 42.7% (28.3) // 41.0% (26.6)",
        "oppScoringAgainst": "51.1% (28.8) // 50.8% (29.2) // 48.4% (28.5) // 46.0% (28.2)",
        "totalOver": 42,
        "totalOverLast5": 0,
        "totalOverLast15": 27,
        "lastTotalOver": 33,
        "last5": "0,1,2,2,2,1,2,1,6,2",
        "fd": "0",
        "dk": "+145/-190",
        "kambi": "0",
        "lowest": "145 DK",
        "implied": 40.816326530612244,
        "overOdds": "+145",
        "underOdds": "-190",
        "overUnder": "+145 / -190"
    },
    {
        "player": "Owen Tippett",
        "team": "PHI",
        "opponent": "MTL",
        "propType": "sog",
        "line": 3.5,
        "ppLine": "",
        "avg": 3.54,
        "hit": false,
        "diffAvg": 0.01,
        "diffAbs": 0.26,
        "lastAvg": 3.0,
        "diff": -0.14,
        "avgMin": 15,
        "proj": 2.6,
        "lastAvgMin": 17.42,
        "oppOver": 0,
        "teamOver": 0,
        "gameLine": "-185",
        "+/-": -6,
        "L5_+/-": -9.0,
        "prevMatchup": "2024-01-10 5.0 sog",
        "winLossSplits": "57% - 40%",
        "awayHome": "H",
        "playedYesterday": "Y",
        "awayHomeSplits": "48% - 50%",
        "savesAboveExp": "-",
        "gsaa": 0.52,
        "corsi": "50.2% (60.6) // 51.7% (63.1) // 54.5% (68.5) // 56.7% (75.2)",
        "fenwick": "52.1% (44.9) // 52.6% (46.8) // 54.9% (50.1) // 56.4% (52.9)",
        "shots": "53.6% (32.7) // 53.9% (34.4) // 57.3% (37.9) // 59.0% (38.3)",
        "scoring": "48.9% (27.6) // 49.2% (28.3) // 51.6% (30.4) // 54.0% (33.1)",
        "corsiAgainst": "49.8% (60.1) // 48.3% (59.0) // 45.5% (57.3) // 43.3% (57.4)",
        "fenwickAgainst": "47.9% (41.2) // 47.4% (42.2) // 45.1% (41.2) // 43.6% (40.9)",
        "shotsAgainst": "46.4% (28.3) // 46.1% (29.4) // 42.7% (28.3) // 41.0% (26.6)",
        "scoringAgainst": "51.1% (28.8) // 50.8% (29.2) // 48.4% (28.5) // 46.0% (28.2)",
        "oppCorsi": "46.2% (55.8) // 44.0% (52.0) // 39.5% (49.9) // 39.1% (49.8)",
        "oppFenwick": "46.6% (40.3) // 45.5% (37.1) // 40.0% (35.8) // 39.7% (35.5)",
        "oppShots": "45.8% (27.7) // 44.4% (24.3) // 38.8% (24.0) // 36.0% (22.6)",
        "oppScoring": "45.8% (27.3) // 41.6% (22.4) // 39.2% (23.5) // 40.9% (24.9)",
        "oppCorsiAgainst": "53.8% (64.9) // 56.0% (66.2) // 60.5% (76.6) // 60.9% (77.5)",
        "oppFenwickAgainst": "53.4% (46.1) // 54.5% (44.5) // 60.0% (53.8) // 60.3% (54.0)",
        "oppShotsAgainst": "54.2% (32.8) // 55.6% (30.4) // 61.2% (37.9) // 64.0% (40.2)",
        "oppScoringAgainst": "54.2% (32.4) // 58.4% (31.5) // 60.8% (36.5) // 59.1% (36.0)",
        "totalOver": 49,
        "totalOverLast5": 60,
        "totalOverLast15": 53,
        "lastTotalOver": 24,
        "last5": "5,3,4,7,0,1,5,5,2,6",
        "fd": "0",
        "dk": "+100/-130",
        "kambi": "-114/-114",
        "lowest": "100 DK",
        "implied": 50.0,
        "overOdds": "+100",
        "underOdds": "-130",
        "overUnder": "+100 / -130"
    },
    {
        "player": "Scott Laughton",
        "team": "PHI",
        "opponent": "MTL",
        "propType": "sog",
        "line": 1.5,
        "ppLine": "",
        "avg": 2.24,
        "hit": false,
        "diffAvg": 0.49,
        "diffAbs": 0.2,
        "lastAvg": 2.18,
        "diff": 0.45,
        "avgMin": 15,
        "proj": 1.8,
        "lastAvgMin": 18.28,
        "oppOver": 0,
        "teamOver": 0,
        "gameLine": "-185",
        "+/-": -2,
        "L5_+/-": -2.0,
        "prevMatchup": "2024-01-10 3.0 sog",
        "winLossSplits": "76% - 60%",
        "awayHome": "H",
        "playedYesterday": "Y",
        "awayHomeSplits": "67% - 70%",
        "savesAboveExp": "-",
        "gsaa": 0.52,
        "corsi": "50.2% (60.6) // 51.7% (63.1) // 54.5% (68.5) // 56.7% (75.2)",
        "fenwick": "52.1% (44.9) // 52.6% (46.8) // 54.9% (50.1) // 56.4% (52.9)",
        "shots": "53.6% (32.7) // 53.9% (34.4) // 57.3% (37.9) // 59.0% (38.3)",
        "scoring": "48.9% (27.6) // 49.2% (28.3) // 51.6% (30.4) // 54.0% (33.1)",
        "corsiAgainst": "49.8% (60.1) // 48.3% (59.0) // 45.5% (57.3) // 43.3% (57.4)",
        "fenwickAgainst": "47.9% (41.2) // 47.4% (42.2) // 45.1% (41.2) // 43.6% (40.9)",
        "shotsAgainst": "46.4% (28.3) // 46.1% (29.4) // 42.7% (28.3) // 41.0% (26.6)",
        "scoringAgainst": "51.1% (28.8) // 50.8% (29.2) // 48.4% (28.5) // 46.0% (28.2)",
        "oppCorsi": "46.2% (55.8) // 44.0% (52.0) // 39.5% (49.9) // 39.1% (49.8)",
        "oppFenwick": "46.6% (40.3) // 45.5% (37.1) // 40.0% (35.8) // 39.7% (35.5)",
        "oppShots": "45.8% (27.7) // 44.4% (24.3) // 38.8% (24.0) // 36.0% (22.6)",
        "oppScoring": "45.8% (27.3) // 41.6% (22.4) // 39.2% (23.5) // 40.9% (24.9)",
        "oppCorsiAgainst": "53.8% (64.9) // 56.0% (66.2) // 60.5% (76.6) // 60.9% (77.5)",
        "oppFenwickAgainst": "53.4% (46.1) // 54.5% (44.5) // 60.0% (53.8) // 60.3% (54.0)",
        "oppShotsAgainst": "54.2% (32.8) // 55.6% (30.4) // 61.2% (37.9) // 64.0% (40.2)",
        "oppScoringAgainst": "54.2% (32.4) // 58.4% (31.5) // 60.8% (36.5) // 59.1% (36.0)",
        "totalOver": 68,
        "totalOverLast5": 60,
        "totalOverLast15": 53,
        "lastTotalOver": 54,
        "last5": "3,1,1,2,6,0,1,2,4,4",
        "fd": "0",
        "dk": "-150/+120",
        "kambi": "0",
        "lowest": "-150 DK",
        "implied": 60.0,
        "overOdds": "-150",
        "underOdds": "+120",
        "overUnder": "-150 / +120"
    },
    {
        "player": "Sean Couturier",
        "team": "PHI",
        "opponent": "MTL",
        "propType": "sog",
        "line": 2.5,
        "ppLine": "",
        "avg": 2.87,
        "hit": false,
        "diffAvg": 0.15,
        "diffAbs": 1.0,
        "lastAvg": 0,
        "diff": 0,
        "avgMin": 19,
        "proj": 0.0,
        "lastAvgMin": 0,
        "oppOver": 0,
        "teamOver": 0,
        "gameLine": "-185",
        "+/-": "+10",
        "L5_+/-": "+2.0",
        "prevMatchup": "2024-01-10 4.0 sog",
        "winLossSplits": "35% - 58%",
        "awayHome": "H",
        "playedYesterday": "Y",
        "awayHomeSplits": "30% - 63%",
        "savesAboveExp": "-",
        "gsaa": 0.52,
        "corsi": "50.2% (60.6) // 51.7% (63.1) // 54.5% (68.5) // 56.7% (75.2)",
        "fenwick": "52.1% (44.9) // 52.6% (46.8) // 54.9% (50.1) // 56.4% (52.9)",
        "shots": "53.6% (32.7) // 53.9% (34.4) // 57.3% (37.9) // 59.0% (38.3)",
        "scoring": "48.9% (27.6) // 49.2% (28.3) // 51.6% (30.4) // 54.0% (33.1)",
        "corsiAgainst": "49.8% (60.1) // 48.3% (59.0) // 45.5% (57.3) // 43.3% (57.4)",
        "fenwickAgainst": "47.9% (41.2) // 47.4% (42.2) // 45.1% (41.2) // 43.6% (40.9)",
        "shotsAgainst": "46.4% (28.3) // 46.1% (29.4) // 42.7% (28.3) // 41.0% (26.6)",
        "scoringAgainst": "51.1% (28.8) // 50.8% (29.2) // 48.4% (28.5) // 46.0% (28.2)",
        "oppCorsi": "46.2% (55.8) // 44.0% (52.0) // 39.5% (49.9) // 39.1% (49.8)",
        "oppFenwick": "46.6% (40.3) // 45.5% (37.1) // 40.0% (35.8) // 39.7% (35.5)",
        "oppShots": "45.8% (27.7) // 44.4% (24.3) // 38.8% (24.0) // 36.0% (22.6)",
        "oppScoring": "45.8% (27.3) // 41.6% (22.4) // 39.2% (23.5) // 40.9% (24.9)",
        "oppCorsiAgainst": "53.8% (64.9) // 56.0% (66.2) // 60.5% (76.6) // 60.9% (77.5)",
        "oppFenwickAgainst": "53.4% (46.1) // 54.5% (44.5) // 60.0% (53.8) // 60.3% (54.0)",
        "oppShotsAgainst": "54.2% (32.8) // 55.6% (30.4) // 61.2% (37.9) // 64.0% (40.2)",
        "oppScoringAgainst": "54.2% (32.4) // 58.4% (31.5) // 60.8% (36.5) // 59.1% (36.0)",
        "totalOver": 46,
        "totalOverLast5": 60,
        "totalOverLast15": 60,
        "lastTotalOver": 0,
        "last5": "4,4,8,2,2,3,3,1,4,3",
        "fd": "0",
        "dk": "-130/+100",
        "kambi": "-129/100",
        "lowest": "-129 BR",
        "implied": 56.33187772925764,
        "overOdds": "-130",
        "underOdds": "+100",
        "overUnder": "-130 / +100"
    },
    {
        "player": "Sean Monahan",
        "team": "MTL",
        "opponent": "PHI",
        "propType": "sog",
        "line": 1.5,
        "ppLine": "PP1",
        "avg": 2.08,
        "hit": false,
        "diffAvg": 0.39,
        "diffAbs": 0.53,
        "lastAvg": 2.2,
        "diff": 0.47,
        "avgMin": 18,
        "proj": 2.3,
        "lastAvgMin": 17.37,
        "oppOver": 0,
        "teamOver": 0,
        "gameLine": "+154",
        "+/-": -8,
        "L5_+/-": -1.0,
        "prevMatchup": "2024-01-10 4.0 sog",
        "winLossSplits": "47% - 70%",
        "awayHome": "A",
        "playedYesterday": "Y",
        "awayHomeSplits": "40% - 80%",
        "savesAboveExp": 0.232,
        "gsaa": 0.19,
        "corsi": "46.2% (55.8) // 44.0% (52.0) // 39.5% (49.9) // 39.1% (49.8)",
        "fenwick": "46.6% (40.3) // 45.5% (37.1) // 40.0% (35.8) // 39.7% (35.5)",
        "shots": "45.8% (27.7) // 44.4% (24.3) // 38.8% (24.0) // 36.0% (22.6)",
        "scoring": "45.8% (27.3) // 41.6% (22.4) // 39.2% (23.5) // 40.9% (24.9)",
        "corsiAgainst": "53.8% (64.9) // 56.0% (66.2) // 60.5% (76.6) // 60.9% (77.5)",
        "fenwickAgainst": "53.4% (46.1) // 54.5% (44.5) // 60.0% (53.8) // 60.3% (54.0)",
        "shotsAgainst": "54.2% (32.8) // 55.6% (30.4) // 61.2% (37.9) // 64.0% (40.2)",
        "scoringAgainst": "54.2% (32.4) // 58.4% (31.5) // 60.8% (36.5) // 59.1% (36.0)",
        "oppCorsi": "50.2% (60.6) // 51.7% (63.1) // 54.5% (68.5) // 56.7% (75.2)",
        "oppFenwick": "52.1% (44.9) // 52.6% (46.8) // 54.9% (50.1) // 56.4% (52.9)",
        "oppShots": "53.6% (32.7) // 53.9% (34.4) // 57.3% (37.9) // 59.0% (38.3)",
        "oppScoring": "48.9% (27.6) // 49.2% (28.3) // 51.6% (30.4) // 54.0% (33.1)",
        "oppCorsiAgainst": "49.8% (60.1) // 48.3% (59.0) // 45.5% (57.3) // 43.3% (57.4)",
        "oppFenwickAgainst": "47.9% (41.2) // 47.4% (42.2) // 45.1% (41.2) // 43.6% (40.9)",
        "oppShotsAgainst": "46.4% (28.3) // 46.1% (29.4) // 42.7% (28.3) // 41.0% (26.6)",
        "oppScoringAgainst": "51.1% (28.8) // 50.8% (29.2) // 48.4% (28.5) // 46.0% (28.2)",
        "totalOver": 60,
        "totalOverLast5": 80,
        "totalOverLast15": 53,
        "lastTotalOver": 68,
        "last5": "4,4,3,1,2,2,1,1,1,2",
        "fd": "0",
        "dk": "-166/+130",
        "kambi": "0",
        "lowest": "-166 DK",
        "implied": 62.40601503759399,
        "overOdds": "-166",
        "underOdds": "+130",
        "overUnder": "-166 / +130"
    },
    {
        "player": "Travis Konecny",
        "team": "PHI",
        "opponent": "MTL",
        "propType": "sog",
        "line": 3.5,
        "ppLine": "",
        "avg": 3.39,
        "hit": false,
        "diffAvg": -0.03,
        "diffAbs": 0.14,
        "lastAvg": 3.18,
        "diff": -0.09,
        "avgMin": 19,
        "proj": 3.0,
        "lastAvgMin": 20.1,
        "oppOver": 0,
        "teamOver": 0,
        "gameLine": "-185",
        "+/-": "+15",
        "L5_+/-": "+3.0",
        "prevMatchup": "2024-01-10 2.0 sog",
        "winLossSplits": "48% - 40%",
        "awayHome": "H",
        "playedYesterday": "Y",
        "awayHomeSplits": "29% - 60%",
        "savesAboveExp": "-",
        "gsaa": 0.52,
        "corsi": "50.2% (60.6) // 51.7% (63.1) // 54.5% (68.5) // 56.7% (75.2)",
        "fenwick": "52.1% (44.9) // 52.6% (46.8) // 54.9% (50.1) // 56.4% (52.9)",
        "shots": "53.6% (32.7) // 53.9% (34.4) // 57.3% (37.9) // 59.0% (38.3)",
        "scoring": "48.9% (27.6) // 49.2% (28.3) // 51.6% (30.4) // 54.0% (33.1)",
        "corsiAgainst": "49.8% (60.1) // 48.3% (59.0) // 45.5% (57.3) // 43.3% (57.4)",
        "fenwickAgainst": "47.9% (41.2) // 47.4% (42.2) // 45.1% (41.2) // 43.6% (40.9)",
        "shotsAgainst": "46.4% (28.3) // 46.1% (29.4) // 42.7% (28.3) // 41.0% (26.6)",
        "scoringAgainst": "51.1% (28.8) // 50.8% (29.2) // 48.4% (28.5) // 46.0% (28.2)",
        "oppCorsi": "46.2% (55.8) // 44.0% (52.0) // 39.5% (49.9) // 39.1% (49.8)",
        "oppFenwick": "46.6% (40.3) // 45.5% (37.1) // 40.0% (35.8) // 39.7% (35.5)",
        "oppShots": "45.8% (27.7) // 44.4% (24.3) // 38.8% (24.0) // 36.0% (22.6)",
        "oppScoring": "45.8% (27.3) // 41.6% (22.4) // 39.2% (23.5) // 40.9% (24.9)",
        "oppCorsiAgainst": "53.8% (64.9) // 56.0% (66.2) // 60.5% (76.6) // 60.9% (77.5)",
        "oppFenwickAgainst": "53.4% (46.1) // 54.5% (44.5) // 60.0% (53.8) // 60.3% (54.0)",
        "oppShotsAgainst": "54.2% (32.8) // 55.6% (30.4) // 61.2% (37.9) // 64.0% (40.2)",
        "oppScoringAgainst": "54.2% (32.4) // 58.4% (31.5) // 60.8% (36.5) // 59.1% (36.0)",
        "totalOver": 44,
        "totalOverLast5": 80,
        "totalOverLast15": 53,
        "lastTotalOver": 38,
        "last5": "2,6,5,7,5,3,1,2,4,6",
        "fd": "0",
        "dk": "-125/-105",
        "kambi": "-112/-118",
        "lowest": "-112 BR",
        "implied": 52.83018867924528,
        "overOdds": "-125",
        "underOdds": "-105",
        "overUnder": "-125 / -105"
    },
    {
        "player": "Tyson Foerster",
        "team": "PHI",
        "opponent": "MTL",
        "propType": "sog",
        "line": 1.5,
        "ppLine": "",
        "avg": 2.15,
        "hit": false,
        "diffAvg": 0.43,
        "diffAbs": 1.0,
        "lastAvg": 0,
        "diff": 0,
        "avgMin": 16,
        "proj": 0.0,
        "lastAvgMin": 0,
        "oppOver": 0,
        "teamOver": 0,
        "gameLine": "-185",
        "+/-": "+4",
        "L5_+/-": -3.0,
        "prevMatchup": "2024-01-10 4.0 sog",
        "winLossSplits": "65% - 65%",
        "awayHome": "H",
        "playedYesterday": "Y",
        "awayHomeSplits": "70% - 60%",
        "savesAboveExp": "-",
        "gsaa": 0.52,
        "corsi": "50.2% (60.6) // 51.7% (63.1) // 54.5% (68.5) // 56.7% (75.2)",
        "fenwick": "52.1% (44.9) // 52.6% (46.8) // 54.9% (50.1) // 56.4% (52.9)",
        "shots": "53.6% (32.7) // 53.9% (34.4) // 57.3% (37.9) // 59.0% (38.3)",
        "scoring": "48.9% (27.6) // 49.2% (28.3) // 51.6% (30.4) // 54.0% (33.1)",
        "corsiAgainst": "49.8% (60.1) // 48.3% (59.0) // 45.5% (57.3) // 43.3% (57.4)",
        "fenwickAgainst": "47.9% (41.2) // 47.4% (42.2) // 45.1% (41.2) // 43.6% (40.9)",
        "shotsAgainst": "46.4% (28.3) // 46.1% (29.4) // 42.7% (28.3) // 41.0% (26.6)",
        "scoringAgainst": "51.1% (28.8) // 50.8% (29.2) // 48.4% (28.5) // 46.0% (28.2)",
        "oppCorsi": "46.2% (55.8) // 44.0% (52.0) // 39.5% (49.9) // 39.1% (49.8)",
        "oppFenwick": "46.6% (40.3) // 45.5% (37.1) // 40.0% (35.8) // 39.7% (35.5)",
        "oppShots": "45.8% (27.7) // 44.4% (24.3) // 38.8% (24.0) // 36.0% (22.6)",
        "oppScoring": "45.8% (27.3) // 41.6% (22.4) // 39.2% (23.5) // 40.9% (24.9)",
        "oppCorsiAgainst": "53.8% (64.9) // 56.0% (66.2) // 60.5% (76.6) // 60.9% (77.5)",
        "oppFenwickAgainst": "53.4% (46.1) // 54.5% (44.5) // 60.0% (53.8) // 60.3% (54.0)",
        "oppShotsAgainst": "54.2% (32.8) // 55.6% (30.4) // 61.2% (37.9) // 64.0% (40.2)",
        "oppScoringAgainst": "54.2% (32.4) // 58.4% (31.5) // 60.8% (36.5) // 59.1% (36.0)",
        "totalOver": 65,
        "totalOverLast5": 80,
        "totalOverLast15": 67,
        "lastTotalOver": 62,
        "last5": "4,1,2,3,3,2,0,0,3,0",
        "fd": "0",
        "dk": "-180/+140",
        "kambi": "0",
        "lowest": "-180 DK",
        "implied": 64.28571428571429,
        "overOdds": "-180",
        "underOdds": "+140",
        "overUnder": "-180 / +140"
    },
    {
        "player": "Brendan Gallagher",
        "team": "MTL",
        "opponent": "PHI",
        "propType": "sog",
        "line": 2.5,
        "ppLine": "PP2",
        "avg": 2.25,
        "hit": false,
        "diffAvg": -0.1,
        "diffAbs": 0.0,
        "lastAvg": 2.51,
        "diff": 0.0,
        "avgMin": 14,
        "proj": 2.5,
        "lastAvgMin": 14.27,
        "oppOver": 0,
        "teamOver": 0,
        "gameLine": "+154",
        "+/-": -18,
        "L5_+/-": -6.0,
        "prevMatchup": "2024-01-10 2.0 sog",
        "winLossSplits": "24% - 39%",
        "awayHome": "A",
        "playedYesterday": "Y",
        "awayHomeSplits": "35% - 30%",
        "savesAboveExp": 0.232,
        "gsaa": 0.19,
        "corsi": "46.2% (55.8) // 44.0% (52.0) // 39.5% (49.9) // 39.1% (49.8)",
        "fenwick": "46.6% (40.3) // 45.5% (37.1) // 40.0% (35.8) // 39.7% (35.5)",
        "shots": "45.8% (27.7) // 44.4% (24.3) // 38.8% (24.0) // 36.0% (22.6)",
        "scoring": "45.8% (27.3) // 41.6% (22.4) // 39.2% (23.5) // 40.9% (24.9)",
        "corsiAgainst": "53.8% (64.9) // 56.0% (66.2) // 60.5% (76.6) // 60.9% (77.5)",
        "fenwickAgainst": "53.4% (46.1) // 54.5% (44.5) // 60.0% (53.8) // 60.3% (54.0)",
        "shotsAgainst": "54.2% (32.8) // 55.6% (30.4) // 61.2% (37.9) // 64.0% (40.2)",
        "scoringAgainst": "54.2% (32.4) // 58.4% (31.5) // 60.8% (36.5) // 59.1% (36.0)",
        "oppCorsi": "50.2% (60.6) // 51.7% (63.1) // 54.5% (68.5) // 56.7% (75.2)",
        "oppFenwick": "52.1% (44.9) // 52.6% (46.8) // 54.9% (50.1) // 56.4% (52.9)",
        "oppShots": "53.6% (32.7) // 53.9% (34.4) // 57.3% (37.9) // 59.0% (38.3)",
        "oppScoring": "48.9% (27.6) // 49.2% (28.3) // 51.6% (30.4) // 54.0% (33.1)",
        "oppCorsiAgainst": "49.8% (60.1) // 48.3% (59.0) // 45.5% (57.3) // 43.3% (57.4)",
        "oppFenwickAgainst": "47.9% (41.2) // 47.4% (42.2) // 45.1% (41.2) // 43.6% (40.9)",
        "oppShotsAgainst": "46.4% (28.3) // 46.1% (29.4) // 42.7% (28.3) // 41.0% (26.6)",
        "oppScoringAgainst": "51.1% (28.8) // 50.8% (29.2) // 48.4% (28.5) // 46.0% (28.2)",
        "totalOver": 32,
        "totalOverLast5": 0,
        "totalOverLast15": 27,
        "lastTotalOver": 47,
        "last5": "2,1,2,1,2,3,3,4,1,2",
        "fd": "0",
        "dk": "+135/-175",
        "kambi": "140/-182",
        "lowest": "140 BR",
        "implied": 41.66666666666667,
        "overOdds": "+135",
        "underOdds": "-175",
        "overUnder": "+135 / -175"
    },
    {
        "player": "Brock Faber",
        "team": "MIN",
        "opponent": "DAL",
        "propType": "sog",
        "line": 1.5,
        "ppLine": "",
        "avg": 1.55,
        "hit": false,
        "diffAvg": 0.03,
        "diffAbs": 1.0,
        "lastAvg": 0,
        "diff": 0,
        "avgMin": 24,
        "proj": 0.0,
        "lastAvgMin": 0,
        "oppOver": 0,
        "teamOver": 0,
        "gameLine": "+164",
        "+/-": "+6",
        "L5_+/-": -5.0,
        "prevMatchup": "2024-01-10 2.0 sog 2024-01-08 4.0 sog 2023-11-12 1.0 sog",
        "winLossSplits": "41% - 57%",
        "awayHome": "A",
        "playedYesterday": "Y",
        "awayHomeSplits": "45% - 55%",
        "savesAboveExp": 0.285,
        "gsaa": -4.52,
        "corsi": "50.6% (60.5) // 50.4% (58.2) // 49.1% (56.8) // 49.6% (57.0)",
        "fenwick": "50.2% (42.6) // 49.1% (39.8) // 46.8% (37.0) // 48.7% (37.4)",
        "shots": "49.8% (29.3) // 50.7% (28.4) // 48.2% (26.7) // 50.3% (27.2)",
        "scoring": "50.7% (29.1) // 49.2% (26.1) // 43.7% (23.2) // 45.9% (23.6)",
        "corsiAgainst": "49.4% (59.1) // 49.6% (57.2) // 50.9% (59.0) // 50.4% (58.0)",
        "fenwickAgainst": "49.8% (42.3) // 50.9% (41.2) // 53.2% (42.2) // 51.3% (39.3)",
        "shotsAgainst": "50.2% (29.6) // 49.3% (27.6) // 51.8% (28.7) // 49.7% (26.9)",
        "scoringAgainst": "49.3% (28.4) // 50.8% (26.9) // 56.3% (29.9) // 54.1% (27.9)",
        "oppCorsi": "52.1% (62.2) // 56.6% (66.9) // 55.4% (65.2) // 52.1% (59.0)",
        "oppFenwick": "51.6% (44.3) // 57.1% (47.3) // 55.9% (44.9) // 54.4% (41.7)",
        "oppShots": "50.7% (30.0) // 57.8% (32.7) // 55.2% (29.2) // 55.0% (27.7)",
        "oppScoring": "54.3% (30.8) // 58.9% (33.4) // 56.5% (31.6) // 54.5% (28.0)",
        "oppCorsiAgainst": "47.9% (57.2) // 43.4% (51.3) // 44.6% (52.6) // 47.9% (54.3)",
        "oppFenwickAgainst": "48.4% (41.6) // 42.9% (35.5) // 44.1% (35.4) // 45.6% (35.0)",
        "oppShotsAgainst": "49.3% (29.2) // 42.2% (23.9) // 44.8% (23.7) // 45.0% (22.7)",
        "oppScoringAgainst": "45.7% (25.9) // 41.1% (23.3) // 43.5% (24.3) // 45.5% (23.3)",
        "totalOver": 50,
        "totalOverLast5": 100,
        "totalOverLast15": 73,
        "lastTotalOver": 12,
        "last5": "2,4,3,4,3,2,0,2,5,2",
        "fd": "0",
        "dk": "-175/+135",
        "kambi": "0",
        "lowest": "-175 DK",
        "implied": 63.63636363636363,
