[
    {
        "player": "Alex Iafallo",
        "team": "WPG",
        "opponent": "MIN",
        "propType": "sog",
        "line": 1.5,
        "ppLine": "",
        "avg": 1.77,
        "hit": false,
        "diffAvg": 0.18,
        "diffAbs": 0.33,
        "lastAvg": 2.05,
        "diff": 0.37,
        "avgMin": 16,
        "proj": 2.0,
        "lastAvgMin": 16.3,
        "oppOver": 0,
        "teamOver": 0,
        "gameLine": "-118",
        "+/-": -2,
        "L5_+/-": "+2.0",
        "prevMatchup": "2023-12-31 0.0 sog 2023-12-30 1.0 sog",
        "winLossSplits": "41% - 62%",
        "awayHome": "A",
        "playedYesterday": "Y",
        "awayHomeSplits": "44% - 53%",
        "savesAboveExp": 0.141,
        "gsaa": -4.19,
        "corsi": "50.8% (59.6) // 52.4% (65.7) // 53.8% (68.1) // 53.9% (68.1)",
        "fenwick": "51.3% (43.5) // 53.7% (48.6) // 55.2% (48.5) // 56.2% (49.1)",
        "shots": "52.0% (31.0) // 53.0% (32.5) // 54.1% (32.7) // 53.2% (32.6)",
        "scoring": "50.6% (27.9) // 53.1% (31.0) // 54.9% (31.7) // 54.4% (30.6)",
        "corsiAgainst": "49.2% (57.7) // 47.6% (59.8) // 46.2% (58.5) // 46.1% (58.3)",
        "fenwickAgainst": "48.7% (41.4) // 46.3% (42.0) // 44.8% (39.4) // 43.8% (38.2)",
        "shotsAgainst": "48.0% (28.5) // 47.0% (28.8) // 45.9% (27.7) // 46.8% (28.6)",
        "scoringAgainst": "49.4% (27.2) // 46.9% (27.4) // 45.1% (26.0) // 45.6% (25.7)",
        "oppCorsi": "50.8% (61.1) // 50.3% (59.7) // 52.1% (62.5) // 49.7% (61.3)",
        "oppFenwick": "50.6% (43.4) // 49.0% (41.8) // 52.2% (44.8) // 48.9% (42.3)",
        "oppShots": "50.0% (29.7) // 49.5% (29.0) // 54.0% (32.2) // 51.1% (31.0)",
        "oppScoring": "51.6% (30.0) // 52.1% (29.6) // 53.1% (29.5) // 48.0% (27.7)",
        "oppCorsiAgainst": "49.2% (59.1) // 49.7% (58.9) // 47.9% (57.5) // 50.3% (62.0)",
        "oppFenwickAgainst": "49.4% (42.3) // 51.0% (43.4) // 47.8% (41.0) // 51.1% (44.3)",
        "oppShotsAgainst": "50.0% (29.7) // 50.5% (29.6) // 46.0% (27.5) // 48.9% (29.7)",
        "oppScoringAgainst": "48.4% (28.1) // 47.9% (27.2) // 46.9% (26.0) // 52.0% (30.0)",
        "totalOver": 49,
        "totalOverLast5": 40,
        "totalOverLast15": 40,
        "lastTotalOver": 70,
        "last5": "0,1,2,2,1,2,1,1,3,0",
        "fd": "-188",
        "dk": "-166/+130",
        "kambi": "0",
        "lowest": "-166 DK",
        "implied": 62.40601503759399,
        "overOdds": "-166",
        "underOdds": "+130",
        "overUnder": "-166 / +130"
    },
    {
        "player": "Brock Faber",
        "team": "MIN",
        "opponent": "WPG",
        "propType": "sog",
        "line": 1.5,
        "ppLine": "",
        "avg": 1.31,
        "hit": false,
        "diffAvg": -0.13,
        "diffAbs": 1.0,
        "lastAvg": 0,
        "diff": 0,
        "avgMin": 24,
        "proj": 0.0,
        "lastAvgMin": 0,
        "oppOver": 0,
        "teamOver": 0,
        "gameLine": "-102",
        "+/-": "+11",
        "L5_+/-": "+4.0",
        "prevMatchup": "2023-12-31 2.0 sog 2023-12-30 0.0 sog",
        "winLossSplits": "38% - 47%",
        "awayHome": "H",
        "playedYesterday": "Y",
        "awayHomeSplits": "39% - 47%",
        "savesAboveExp": "-",
        "gsaa": 2.39,
        "corsi": "50.8% (61.1) // 50.3% (59.7) // 52.1% (62.5) // 49.7% (61.3)",
        "fenwick": "50.6% (43.4) // 49.0% (41.8) // 52.2% (44.8) // 48.9% (42.3)",
        "shots": "50.0% (29.7) // 49.5% (29.0) // 54.0% (32.2) // 51.1% (31.0)",
        "scoring": "51.6% (30.0) // 52.1% (29.6) // 53.1% (29.5) // 48.0% (27.7)",
        "corsiAgainst": "49.2% (59.1) // 49.7% (58.9) // 47.9% (57.5) // 50.3% (62.0)",
        "fenwickAgainst": "49.4% (42.3) // 51.0% (43.4) // 47.8% (41.0) // 51.1% (44.3)",
        "shotsAgainst": "50.0% (29.7) // 50.5% (29.6) // 46.0% (27.5) // 48.9% (29.7)",
        "scoringAgainst": "48.4% (28.1) // 47.9% (27.2) // 46.9% (26.0) // 52.0% (30.0)",
        "oppCorsi": "50.8% (59.6) // 52.4% (65.7) // 53.8% (68.1) // 53.9% (68.1)",
        "oppFenwick": "51.3% (43.5) // 53.7% (48.6) // 55.2% (48.5) // 56.2% (49.1)",
        "oppShots": "52.0% (31.0) // 53.0% (32.5) // 54.1% (32.7) // 53.2% (32.6)",
        "oppScoring": "50.6% (27.9) // 53.1% (31.0) // 54.9% (31.7) // 54.4% (30.6)",
        "oppCorsiAgainst": "49.2% (57.7) // 47.6% (59.8) // 46.2% (58.5) // 46.1% (58.3)",
        "oppFenwickAgainst": "48.7% (41.4) // 46.3% (42.0) // 44.8% (39.4) // 43.8% (38.2)",
        "oppShotsAgainst": "48.0% (28.5) // 47.0% (28.8) // 45.9% (27.7) // 46.8% (28.6)",
        "oppScoringAgainst": "49.4% (27.2) // 46.9% (27.4) // 45.1% (26.0) // 45.6% (25.7)",
        "totalOver": 43,
        "totalOverLast5": 80,
        "totalOverLast15": 53,
        "lastTotalOver": 12,
        "last5": "2,0,2,5,2,0,2,2,1,1",
        "fd": "-118",
        "dk": "-125/-105",
        "kambi": "0",
        "lowest": "-118 FD",
        "implied": 54.12844036697248,
        "overOdds": "-125",
        "underOdds": "-105",
        "overUnder": "-125 / -105"
    },
    {
        "player": "Cole Perfetti",
        "team": "WPG",
        "opponent": "MIN",
        "propType": "sog",
        "line": 1.5,
        "ppLine": "",
        "avg": 2.26,
        "hit": false,
        "diffAvg": 0.51,
        "diffAbs": 0.13,
        "lastAvg": 1.76,
        "diff": 0.17,
        "avgMin": 14,
        "proj": 1.7,
        "lastAvgMin": 14.97,
        "oppOver": 0,
        "teamOver": 0,
        "gameLine": "-118",
        "+/-": "+10",
        "L5_+/-": "+3.0",
        "prevMatchup": "2023-12-31 0.0 sog 2023-12-30 6.0 sog",
        "winLossSplits": "59% - 85%",
        "awayHome": "A",
        "playedYesterday": "Y",
        "awayHomeSplits": "56% - 79%",
        "savesAboveExp": 0.141,
        "gsaa": -4.19,
        "corsi": "50.8% (59.6) // 52.4% (65.7) // 53.8% (68.1) // 53.9% (68.1)",
        "fenwick": "51.3% (43.5) // 53.7% (48.6) // 55.2% (48.5) // 56.2% (49.1)",
        "shots": "52.0% (31.0) // 53.0% (32.5) // 54.1% (32.7) // 53.2% (32.6)",
        "scoring": "50.6% (27.9) // 53.1% (31.0) // 54.9% (31.7) // 54.4% (30.6)",
        "corsiAgainst": "49.2% (57.7) // 47.6% (59.8) // 46.2% (58.5) // 46.1% (58.3)",
        "fenwickAgainst": "48.7% (41.4) // 46.3% (42.0) // 44.8% (39.4) // 43.8% (38.2)",
        "shotsAgainst": "48.0% (28.5) // 47.0% (28.8) // 45.9% (27.7) // 46.8% (28.6)",
        "scoringAgainst": "49.4% (27.2) // 46.9% (27.4) // 45.1% (26.0) // 45.6% (25.7)",
        "oppCorsi": "50.8% (61.1) // 50.3% (59.7) // 52.1% (62.5) // 49.7% (61.3)",
        "oppFenwick": "50.6% (43.4) // 49.0% (41.8) // 52.2% (44.8) // 48.9% (42.3)",
        "oppShots": "50.0% (29.7) // 49.5% (29.0) // 54.0% (32.2) // 51.1% (31.0)",
        "oppScoring": "51.6% (30.0) // 52.1% (29.6) // 53.1% (29.5) // 48.0% (27.7)",
        "oppCorsiAgainst": "49.2% (59.1) // 49.7% (58.9) // 47.9% (57.5) // 50.3% (62.0)",
        "oppFenwickAgainst": "49.4% (42.3) // 51.0% (43.4) // 47.8% (41.0) // 51.1% (44.3)",
        "oppShotsAgainst": "50.0% (29.7) // 50.5% (29.6) // 46.0% (27.5) // 48.9% (29.7)",
        "oppScoringAgainst": "48.4% (28.1) // 47.9% (27.2) // 46.9% (26.0) // 52.0% (30.0)",
        "totalOver": 69,
        "totalOverLast5": 80,
        "totalOverLast15": 73,
        "lastTotalOver": 50,
        "last5": "0,6,4,2,4,2,2,1,5,2",
        "fd": "-220",
        "dk": "-195/+150",
        "kambi": "0",
        "lowest": "-195 DK",
        "implied": 66.10169491525424,
        "overOdds": "-195",
        "underOdds": "+150",
        "overUnder": "-195 / +150"
    },
    {
        "player": "Gabriel Vilardi",
        "team": "WPG",
        "opponent": "MIN",
        "propType": "sog",
        "line": 2.5,
        "ppLine": "",
        "avg": 2.65,
        "hit": false,
        "diffAvg": 0.06,
        "diffAbs": 0.2,
        "lastAvg": 1.79,
        "diff": -0.28,
        "avgMin": 17,
        "proj": 2.0,
        "lastAvgMin": 15.6,
        "oppOver": 0,
        "teamOver": 0,
        "gameLine": "-118",
        "+/-": "+12",
        "L5_+/-": "+12.0",
        "prevMatchup": "2023-12-31 0.0 sog 2023-12-30 2.0 sog",
        "winLossSplits": "55% - 67%",
        "awayHome": "A",
        "playedYesterday": "Y",
        "awayHomeSplits": "71% - 50%",
        "savesAboveExp": 0.141,
        "gsaa": -4.19,
        "corsi": "50.8% (59.6) // 52.4% (65.7) // 53.8% (68.1) // 53.9% (68.1)",
        "fenwick": "51.3% (43.5) // 53.7% (48.6) // 55.2% (48.5) // 56.2% (49.1)",
        "shots": "52.0% (31.0) // 53.0% (32.5) // 54.1% (32.7) // 53.2% (32.6)",
        "scoring": "50.6% (27.9) // 53.1% (31.0) // 54.9% (31.7) // 54.4% (30.6)",
        "corsiAgainst": "49.2% (57.7) // 47.6% (59.8) // 46.2% (58.5) // 46.1% (58.3)",
        "fenwickAgainst": "48.7% (41.4) // 46.3% (42.0) // 44.8% (39.4) // 43.8% (38.2)",
        "shotsAgainst": "48.0% (28.5) // 47.0% (28.8) // 45.9% (27.7) // 46.8% (28.6)",
        "scoringAgainst": "49.4% (27.2) // 46.9% (27.4) // 45.1% (26.0) // 45.6% (25.7)",
        "oppCorsi": "50.8% (61.1) // 50.3% (59.7) // 52.1% (62.5) // 49.7% (61.3)",
        "oppFenwick": "50.6% (43.4) // 49.0% (41.8) // 52.2% (44.8) // 48.9% (42.3)",
        "oppShots": "50.0% (29.7) // 49.5% (29.0) // 54.0% (32.2) // 51.1% (31.0)",
        "oppScoring": "51.6% (30.0) // 52.1% (29.6) // 53.1% (29.5) // 48.0% (27.7)",
        "oppCorsiAgainst": "49.2% (59.1) // 49.7% (58.9) // 47.9% (57.5) // 50.3% (62.0)",
        "oppFenwickAgainst": "49.4% (42.3) // 51.0% (43.4) // 47.8% (41.0) // 51.1% (44.3)",
        "oppShotsAgainst": "50.0% (29.7) // 50.5% (29.6) // 46.0% (27.5) // 48.9% (29.7)",
        "oppScoringAgainst": "48.4% (28.1) // 47.9% (27.2) // 46.9% (26.0) // 52.0% (30.0)",
        "totalOver": 59,
        "totalOverLast5": 60,
        "totalOverLast15": 60,
        "lastTotalOver": 38,
        "last5": "0,2,3,4,3,5,4,3,3,3",
        "fd": "-125/-104",
        "dk": "-120/-110",
        "kambi": "100/-130",
        "lowest": "100 BR",
        "implied": 50.0,
        "overOdds": "-120",
        "underOdds": "-110",
        "overUnder": "-120 / -110"
    },
    {
        "player": "Joel Eriksson Ek",
        "team": "MIN",
        "opponent": "WPG",
        "propType": "sog",
        "line": 3.5,
        "ppLine": "",
        "avg": 3.83,
        "hit": false,
        "diffAvg": 0.09,
        "diffAbs": 0.06,
        "lastAvg": 3.13,
        "diff": -0.11,
        "avgMin": 20,
        "proj": 3.3,
        "lastAvgMin": 18.98,
        "oppOver": 0,
        "teamOver": 0,
        "gameLine": "-102",
        "+/-": "+12",
        "L5_+/-": "+8.0",
        "prevMatchup": "2023-12-31 4.0 sog 2023-12-30 8.0 sog",
        "winLossSplits": "50% - 53%",
        "awayHome": "H",
        "playedYesterday": "Y",
        "awayHomeSplits": "39% - 65%",
        "savesAboveExp": "-",
        "gsaa": 2.39,
        "corsi": "50.8% (61.1) // 50.3% (59.7) // 52.1% (62.5) // 49.7% (61.3)",
        "fenwick": "50.6% (43.4) // 49.0% (41.8) // 52.2% (44.8) // 48.9% (42.3)",
        "shots": "50.0% (29.7) // 49.5% (29.0) // 54.0% (32.2) // 51.1% (31.0)",
        "scoring": "51.6% (30.0) // 52.1% (29.6) // 53.1% (29.5) // 48.0% (27.7)",
        "corsiAgainst": "49.2% (59.1) // 49.7% (58.9) // 47.9% (57.5) // 50.3% (62.0)",
        "fenwickAgainst": "49.4% (42.3) // 51.0% (43.4) // 47.8% (41.0) // 51.1% (44.3)",
        "shotsAgainst": "50.0% (29.7) // 50.5% (29.6) // 46.0% (27.5) // 48.9% (29.7)",
        "scoringAgainst": "48.4% (28.1) // 47.9% (27.2) // 46.9% (26.0) // 52.0% (30.0)",
        "oppCorsi": "50.8% (59.6) // 52.4% (65.7) // 53.8% (68.1) // 53.9% (68.1)",
        "oppFenwick": "51.3% (43.5) // 53.7% (48.6) // 55.2% (48.5) // 56.2% (49.1)",
        "oppShots": "52.0% (31.0) // 53.0% (32.5) // 54.1% (32.7) // 53.2% (32.6)",
        "oppScoring": "50.6% (27.9) // 53.1% (31.0) // 54.9% (31.7) // 54.4% (30.6)",
        "oppCorsiAgainst": "49.2% (57.7) // 47.6% (59.8) // 46.2% (58.5) // 46.1% (58.3)",
        "oppFenwickAgainst": "48.7% (41.4) // 46.3% (42.0) // 44.8% (39.4) // 43.8% (38.2)",
        "oppShotsAgainst": "48.0% (28.5) // 47.0% (28.8) // 45.9% (27.7) // 46.8% (28.6)",
        "oppScoringAgainst": "49.4% (27.2) // 46.9% (27.4) // 45.1% (26.0) // 45.6% (25.7)",
        "totalOver": 51,
        "totalOverLast5": 80,
        "totalOverLast15": 60,
        "lastTotalOver": 43,
        "last5": "4,8,2,5,4,3,2,8,4,3",
        "fd": "-110/-118",
        "dk": "-115/-115",
        "kambi": "105/-136",
        "lowest": "105 BR",
        "implied": 48.78048780487805,
        "overOdds": "-115",
        "underOdds": "-115",
        "overUnder": "-115 / -115"
    },
    {
        "player": "Josh Morrissey",
        "team": "WPG",
        "opponent": "MIN",
        "propType": "sog",
        "line": 2.5,
        "ppLine": "",
        "avg": 2.57,
        "hit": false,
        "diffAvg": 0.03,
        "diffAbs": 0.16,
        "lastAvg": 2.07,
        "diff": -0.17,
        "avgMin": 24,
        "proj": 2.1,
        "lastAvgMin": 24.22,
        "oppOver": 0,
        "teamOver": 0,
        "gameLine": "-118",
        "+/-": "+21",
        "L5_+/-": "+12.0",
        "prevMatchup": "2023-12-31 2.0 sog 2023-12-30 0.0 sog",
        "winLossSplits": "36% - 69%",
        "awayHome": "A",
        "playedYesterday": "Y",
        "awayHomeSplits": "44% - 53%",
        "savesAboveExp": 0.141,
        "gsaa": -4.19,
        "corsi": "50.8% (59.6) // 52.4% (65.7) // 53.8% (68.1) // 53.9% (68.1)",
        "fenwick": "51.3% (43.5) // 53.7% (48.6) // 55.2% (48.5) // 56.2% (49.1)",
        "shots": "52.0% (31.0) // 53.0% (32.5) // 54.1% (32.7) // 53.2% (32.6)",
        "scoring": "50.6% (27.9) // 53.1% (31.0) // 54.9% (31.7) // 54.4% (30.6)",
        "corsiAgainst": "49.2% (57.7) // 47.6% (59.8) // 46.2% (58.5) // 46.1% (58.3)",
        "fenwickAgainst": "48.7% (41.4) // 46.3% (42.0) // 44.8% (39.4) // 43.8% (38.2)",
        "shotsAgainst": "48.0% (28.5) // 47.0% (28.8) // 45.9% (27.7) // 46.8% (28.6)",
        "scoringAgainst": "49.4% (27.2) // 46.9% (27.4) // 45.1% (26.0) // 45.6% (25.7)",
        "oppCorsi": "50.8% (61.1) // 50.3% (59.7) // 52.1% (62.5) // 49.7% (61.3)",
        "oppFenwick": "50.6% (43.4) // 49.0% (41.8) // 52.2% (44.8) // 48.9% (42.3)",
        "oppShots": "50.0% (29.7) // 49.5% (29.0) // 54.0% (32.2) // 51.1% (31.0)",
        "oppScoring": "51.6% (30.0) // 52.1% (29.6) // 53.1% (29.5) // 48.0% (27.7)",
        "oppCorsiAgainst": "49.2% (59.1) // 49.7% (58.9) // 47.9% (57.5) // 50.3% (62.0)",
        "oppFenwickAgainst": "49.4% (42.3) // 51.0% (43.4) // 47.8% (41.0) // 51.1% (44.3)",
        "oppShotsAgainst": "50.0% (29.7) // 50.5% (29.6) // 46.0% (27.5) // 48.9% (29.7)",
        "oppScoringAgainst": "48.4% (28.1) // 47.9% (27.2) // 46.9% (26.0) // 52.0% (30.0)",
        "totalOver": 49,
        "totalOverLast5": 60,
        "totalOverLast15": 47,
        "lastTotalOver": 34,
        "last5": "2,0,4,3,3,4,0,4,7,4",
        "fd": "-120/-108",
        "dk": "-110/-120",
        "kambi": "0",
        "lowest": "-110 DK",
        "implied": 52.38095238095239,
        "overOdds": "-110",
        "underOdds": "-120",
        "overUnder": "-110 / -120"
    },
    {
        "player": "Marco Rossi",
        "team": "MIN",
        "opponent": "WPG",
        "propType": "sog",
        "line": 2.5,
        "ppLine": "",
        "avg": 2.03,
        "hit": false,
        "diffAvg": -0.19,
        "diffAbs": 0.64,
        "lastAvg": 0.68,
        "diff": -0.73,
        "avgMin": 16,
        "proj": 0.9,
        "lastAvgMin": 12.52,
        "oppOver": 0,
        "teamOver": 0,
        "gameLine": "-102",
        "+/-": "+9",
        "L5_+/-": "+5.0",
        "prevMatchup": "2023-12-31 0.0 sog 2023-12-30 4.0 sog",
        "winLossSplits": "44% - 32%",
        "awayHome": "H",
        "playedYesterday": "Y",
        "awayHomeSplits": "33% - 41%",
        "savesAboveExp": "-",
        "gsaa": 2.39,
        "corsi": "50.8% (61.1) // 50.3% (59.7) // 52.1% (62.5) // 49.7% (61.3)",
        "fenwick": "50.6% (43.4) // 49.0% (41.8) // 52.2% (44.8) // 48.9% (42.3)",
        "shots": "50.0% (29.7) // 49.5% (29.0) // 54.0% (32.2) // 51.1% (31.0)",
        "scoring": "51.6% (30.0) // 52.1% (29.6) // 53.1% (29.5) // 48.0% (27.7)",
        "corsiAgainst": "49.2% (59.1) // 49.7% (58.9) // 47.9% (57.5) // 50.3% (62.0)",
        "fenwickAgainst": "49.4% (42.3) // 51.0% (43.4) // 47.8% (41.0) // 51.1% (44.3)",
        "shotsAgainst": "50.0% (29.7) // 50.5% (29.6) // 46.0% (27.5) // 48.9% (29.7)",
        "scoringAgainst": "48.4% (28.1) // 47.9% (27.2) // 46.9% (26.0) // 52.0% (30.0)",
        "oppCorsi": "50.8% (59.6) // 52.4% (65.7) // 53.8% (68.1) // 53.9% (68.1)",
        "oppFenwick": "51.3% (43.5) // 53.7% (48.6) // 55.2% (48.5) // 56.2% (49.1)",
        "oppShots": "52.0% (31.0) // 53.0% (32.5) // 54.1% (32.7) // 53.2% (32.6)",
        "oppScoring": "50.6% (27.9) // 53.1% (31.0) // 54.9% (31.7) // 54.4% (30.6)",
        "oppCorsiAgainst": "49.2% (57.7) // 47.6% (59.8) // 46.2% (58.5) // 46.1% (58.3)",
        "oppFenwickAgainst": "48.7% (41.4) // 46.3% (42.0) // 44.8% (39.4) // 43.8% (38.2)",
        "oppShotsAgainst": "48.0% (28.5) // 47.0% (28.8) // 45.9% (27.7) // 46.8% (28.6)",
        "oppScoringAgainst": "49.4% (27.2) // 46.9% (27.4) // 45.1% (26.0) // 45.6% (25.7)",
        "totalOver": 37,
        "totalOverLast5": 60,
        "totalOverLast15": 40,
        "lastTotalOver": 0,
        "last5": "0,4,3,2,3,2,1,2,3,3",
        "fd": "+158",
        "dk": "+150/-195",
        "kambi": "0",
        "lowest": "158 FD",
        "implied": 38.759689922480625,
        "overOdds": "+150",
        "underOdds": "-195",
        "overUnder": "+150 / -195"
    },
    {
        "player": "Marcus Johansson",
        "team": "MIN",
        "opponent": "WPG",
        "propType": "sog",
        "line": 1.5,
        "ppLine": "",
        "avg": 1.69,
        "hit": false,
        "diffAvg": 0.13,
        "diffAbs": 0.0,
        "lastAvg": 1.59,
        "diff": 0.06,
        "avgMin": 16,
        "proj": 1.5,
        "lastAvgMin": 16.48,
        "oppOver": 0,
        "teamOver": 0,
        "gameLine": "-102",
        "+/-": "+3",
        "L5_+/-": "+5.0",
        "prevMatchup": "2023-12-31 1.0 sog 2023-12-30 4.0 sog",
        "winLossSplits": "62% - 47%",
        "awayHome": "H",
        "playedYesterday": "Y",
        "awayHomeSplits": "56% - 53%",
        "savesAboveExp": "-",
        "gsaa": 2.39,
        "corsi": "50.8% (61.1) // 50.3% (59.7) // 52.1% (62.5) // 49.7% (61.3)",
        "fenwick": "50.6% (43.4) // 49.0% (41.8) // 52.2% (44.8) // 48.9% (42.3)",
        "shots": "50.0% (29.7) // 49.5% (29.0) // 54.0% (32.2) // 51.1% (31.0)",
        "scoring": "51.6% (30.0) // 52.1% (29.6) // 53.1% (29.5) // 48.0% (27.7)",
        "corsiAgainst": "49.2% (59.1) // 49.7% (58.9) // 47.9% (57.5) // 50.3% (62.0)",
        "fenwickAgainst": "49.4% (42.3) // 51.0% (43.4) // 47.8% (41.0) // 51.1% (44.3)",
        "shotsAgainst": "50.0% (29.7) // 50.5% (29.6) // 46.0% (27.5) // 48.9% (29.7)",
        "scoringAgainst": "48.4% (28.1) // 47.9% (27.2) // 46.9% (26.0) // 52.0% (30.0)",
        "oppCorsi": "50.8% (59.6) // 52.4% (65.7) // 53.8% (68.1) // 53.9% (68.1)",
        "oppFenwick": "51.3% (43.5) // 53.7% (48.6) // 55.2% (48.5) // 56.2% (49.1)",
        "oppShots": "52.0% (31.0) // 53.0% (32.5) // 54.1% (32.7) // 53.2% (32.6)",
        "oppScoring": "50.6% (27.9) // 53.1% (31.0) // 54.9% (31.7) // 54.4% (30.6)",
        "oppCorsiAgainst": "49.2% (57.7) // 47.6% (59.8) // 46.2% (58.5) // 46.1% (58.3)",
        "oppFenwickAgainst": "48.7% (41.4) // 46.3% (42.0) // 44.8% (39.4) // 43.8% (38.2)",
        "oppShotsAgainst": "48.0% (28.5) // 47.0% (28.8) // 45.9% (27.7) // 46.8% (28.6)",
        "oppScoringAgainst": "49.4% (27.2) // 46.9% (27.4) // 45.1% (26.0) // 45.6% (25.7)",
        "totalOver": 54,
        "totalOverLast5": 80,
        "totalOverLast15": 60,
        "lastTotalOver": 48,
        "last5": "1,4,3,2,3,3,2,3,0,2",
        "fd": "-144/+110",
        "dk": "-150/+120",
        "kambi": "-134/104",
        "lowest": "-134 BR",
        "implied": 57.26495726495726,
        "overOdds": "-150",
        "underOdds": "+120",
        "overUnder": "-150 / +120"
    },
    {
        "player": "Mark Scheifele",
        "team": "WPG",
        "opponent": "MIN",
        "propType": "sog",
        "line": 2.5,
        "ppLine": "",
        "avg": 2.46,
        "hit": false,
        "diffAvg": -0.02,
        "diffAbs": 0.04,
        "lastAvg": 2.42,
        "diff": -0.03,
        "avgMin": 20,
        "proj": 2.4,
        "lastAvgMin": 20.47,
        "oppOver": 0,
        "teamOver": 0,
        "gameLine": "-118",
        "+/-": "+14",
        "L5_+/-": "+13.0",
        "prevMatchup": "2023-12-31 3.0 sog 2023-12-30 1.0 sog",
        "winLossSplits": "64% - 46%",
        "awayHome": "A",
        "playedYesterday": "Y",
        "awayHomeSplits": "69% - 47%",
        "savesAboveExp": 0.141,
        "gsaa": -4.19,
        "corsi": "50.8% (59.6) // 52.4% (65.7) // 53.8% (68.1) // 53.9% (68.1)",
        "fenwick": "51.3% (43.5) // 53.7% (48.6) // 55.2% (48.5) // 56.2% (49.1)",
        "shots": "52.0% (31.0) // 53.0% (32.5) // 54.1% (32.7) // 53.2% (32.6)",
        "scoring": "50.6% (27.9) // 53.1% (31.0) // 54.9% (31.7) // 54.4% (30.6)",
        "corsiAgainst": "49.2% (57.7) // 47.6% (59.8) // 46.2% (58.5) // 46.1% (58.3)",
        "fenwickAgainst": "48.7% (41.4) // 46.3% (42.0) // 44.8% (39.4) // 43.8% (38.2)",
        "shotsAgainst": "48.0% (28.5) // 47.0% (28.8) // 45.9% (27.7) // 46.8% (28.6)",
        "scoringAgainst": "49.4% (27.2) // 46.9% (27.4) // 45.1% (26.0) // 45.6% (25.7)",
        "oppCorsi": "50.8% (61.1) // 50.3% (59.7) // 52.1% (62.5) // 49.7% (61.3)",
        "oppFenwick": "50.6% (43.4) // 49.0% (41.8) // 52.2% (44.8) // 48.9% (42.3)",
        "oppShots": "50.0% (29.7) // 49.5% (29.0) // 54.0% (32.2) // 51.1% (31.0)",
        "oppScoring": "51.6% (30.0) // 52.1% (29.6) // 53.1% (29.5) // 48.0% (27.7)",
        "oppCorsiAgainst": "49.2% (59.1) // 49.7% (58.9) // 47.9% (57.5) // 50.3% (62.0)",
        "oppFenwickAgainst": "49.4% (42.3) // 51.0% (43.4) // 47.8% (41.0) // 51.1% (44.3)",
        "oppShotsAgainst": "50.0% (29.7) // 50.5% (29.6) // 46.0% (27.5) // 48.9% (29.7)",
        "oppScoringAgainst": "48.4% (28.1) // 47.9% (27.2) // 46.9% (26.0) // 52.0% (30.0)",
        "totalOver": 57,
        "totalOverLast5": 60,
        "totalOverLast15": 53,
        "lastTotalOver": 49,
        "last5": "3,1,1,3,3,3,1,4,2,3",
        "fd": "+106/-138",
        "dk": "+114/-145",
        "kambi": "125/-165",
        "lowest": "125 BR",
        "implied": 44.44444444444444,
        "overOdds": "+114",
        "underOdds": "-145",
        "overUnder": "+114 / -145"
    },
    {
        "player": "Matthew Boldy",
        "team": "MIN",
        "opponent": "WPG",
        "propType": "sog",
        "line": 3.5,
        "ppLine": "",
        "avg": 2.64,
        "hit": false,
        "diffAvg": -0.25,
        "diffAbs": 0.23,
        "lastAvg": 2.93,
        "diff": -0.16,
        "avgMin": 17,
        "proj": 2.7,
        "lastAvgMin": 18.48,
        "oppOver": 0,
        "teamOver": 0,
        "gameLine": "-102",
        "+/-": "+5",
        "L5_+/-": "+5.0",
        "prevMatchup": "2023-12-31 2.0 sog 2023-12-30 5.0 sog",
        "winLossSplits": "7% - 57%",
        "awayHome": "H",
        "playedYesterday": "Y",
        "awayHomeSplits": "43% - 21%",
        "savesAboveExp": "-",
        "gsaa": 2.39,
        "corsi": "50.8% (61.1) // 50.3% (59.7) // 52.1% (62.5) // 49.7% (61.3)",
        "fenwick": "50.6% (43.4) // 49.0% (41.8) // 52.2% (44.8) // 48.9% (42.3)",
        "shots": "50.0% (29.7) // 49.5% (29.0) // 54.0% (32.2) // 51.1% (31.0)",
        "scoring": "51.6% (30.0) // 52.1% (29.6) // 53.1% (29.5) // 48.0% (27.7)",
        "corsiAgainst": "49.2% (59.1) // 49.7% (58.9) // 47.9% (57.5) // 50.3% (62.0)",
        "fenwickAgainst": "49.4% (42.3) // 51.0% (43.4) // 47.8% (41.0) // 51.1% (44.3)",
        "shotsAgainst": "50.0% (29.7) // 50.5% (29.6) // 46.0% (27.5) // 48.9% (29.7)",
        "scoringAgainst": "48.4% (28.1) // 47.9% (27.2) // 46.9% (26.0) // 52.0% (30.0)",
        "oppCorsi": "50.8% (59.6) // 52.4% (65.7) // 53.8% (68.1) // 53.9% (68.1)",
        "oppFenwick": "51.3% (43.5) // 53.7% (48.6) // 55.2% (48.5) // 56.2% (49.1)",
        "oppShots": "52.0% (31.0) // 53.0% (32.5) // 54.1% (32.7) // 53.2% (32.6)",
        "oppScoring": "50.6% (27.9) // 53.1% (31.0) // 54.9% (31.7) // 54.4% (30.6)",
        "oppCorsiAgainst": "49.2% (57.7) // 47.6% (59.8) // 46.2% (58.5) // 46.1% (58.3)",
        "oppFenwickAgainst": "48.7% (41.4) // 46.3% (42.0) // 44.8% (39.4) // 43.8% (38.2)",
        "oppShotsAgainst": "48.0% (28.5) // 47.0% (28.8) // 45.9% (27.7) // 46.8% (28.6)",
        "oppScoringAgainst": "49.4% (27.2) // 46.9% (27.4) // 45.1% (26.0) // 45.6% (25.7)",
        "totalOver": 32,
        "totalOverLast5": 20,
        "totalOverLast15": 20,
        "lastTotalOver": 37,
        "last5": "2,5,3,2,1,1,4,2,2,2",
        "fd": "0",
        "dk": "+105/-135",
        "kambi": "0",
        "lowest": "105 DK",
        "implied": 48.78048780487805,
        "overOdds": "+105",
        "underOdds": "-135",
        "overUnder": "+105 / -135"
    },
    {
        "player": "Nikolaj Ehlers",
        "team": "WPG",
        "opponent": "MIN",
        "propType": "sog",
        "line": 3.5,
        "ppLine": "",
        "avg": 2.86,
        "hit": false,
        "diffAvg": -0.18,
        "diffAbs": 0.17,
        "lastAvg": 2.87,
        "diff": -0.18,
        "avgMin": 16,
        "proj": 2.9,
        "lastAvgMin": 15.63,
        "oppOver": 0,
        "teamOver": 0,
        "gameLine": "-118",
        "+/-": "+16",
        "L5_+/-": "+12.0",
        "prevMatchup": "2023-12-31 4.0 sog 2023-12-30 4.0 sog",
        "winLossSplits": "41% - 23%",
        "awayHome": "A",
        "playedYesterday": "Y",
        "awayHomeSplits": "25% - 42%",
        "savesAboveExp": 0.141,
        "gsaa": -4.19,
        "corsi": "50.8% (59.6) // 52.4% (65.7) // 53.8% (68.1) // 53.9% (68.1)",
        "fenwick": "51.3% (43.5) // 53.7% (48.6) // 55.2% (48.5) // 56.2% (49.1)",
        "shots": "52.0% (31.0) // 53.0% (32.5) // 54.1% (32.7) // 53.2% (32.6)",
        "scoring": "50.6% (27.9) // 53.1% (31.0) // 54.9% (31.7) // 54.4% (30.6)",
        "corsiAgainst": "49.2% (57.7) // 47.6% (59.8) // 46.2% (58.5) // 46.1% (58.3)",
        "fenwickAgainst": "48.7% (41.4) // 46.3% (42.0) // 44.8% (39.4) // 43.8% (38.2)",
        "shotsAgainst": "48.0% (28.5) // 47.0% (28.8) // 45.9% (27.7) // 46.8% (28.6)",
        "scoringAgainst": "49.4% (27.2) // 46.9% (27.4) // 45.1% (26.0) // 45.6% (25.7)",
        "oppCorsi": "50.8% (61.1) // 50.3% (59.7) // 52.1% (62.5) // 49.7% (61.3)",
        "oppFenwick": "50.6% (43.4) // 49.0% (41.8) // 52.2% (44.8) // 48.9% (42.3)",
        "oppShots": "50.0% (29.7) // 49.5% (29.0) // 54.0% (32.2) // 51.1% (31.0)",
        "oppScoring": "51.6% (30.0) // 52.1% (29.6) // 53.1% (29.5) // 48.0% (27.7)",
        "oppCorsiAgainst": "49.2% (59.1) // 49.7% (58.9) // 47.9% (57.5) // 50.3% (62.0)",
        "oppFenwickAgainst": "49.4% (42.3) // 51.0% (43.4) // 47.8% (41.0) // 51.1% (44.3)",
        "oppShotsAgainst": "50.0% (29.7) // 50.5% (29.6) // 46.0% (27.5) // 48.9% (29.7)",
        "oppScoringAgainst": "48.4% (28.1) // 47.9% (27.2) // 46.9% (26.0) // 52.0% (30.0)",
        "totalOver": 34,
        "totalOverLast5": 80,
        "totalOverLast15": 47,
        "lastTotalOver": 35,
        "last5": "4,4,3,4,5,2,4,5,3,3",
        "fd": "+120/-156",
        "dk": "+120/-150",
        "kambi": "0",
        "lowest": "120 DK",
        "implied": 45.45454545454545,
        "overOdds": "+120",
        "underOdds": "-150",
        "overUnder": "+120 / -150"
    },
    {
        "player": "Nino Niederreiter",
        "team": "WPG",
        "opponent": "MIN",
        "propType": "sog",
        "line": 2.5,
        "ppLine": "",
        "avg": 2.46,
        "hit": false,
        "diffAvg": -0.02,
        "diffAbs": 0.2,
        "lastAvg": 2.18,
        "diff": -0.13,
        "avgMin": 15,
        "proj": 2.0,
        "lastAvgMin": 16.28,
        "oppOver": 0,
        "teamOver": 0,
        "gameLine": "-118",
        "+/-": "+12",
        "L5_+/-": "+1.0",
        "prevMatchup": "2023-12-31 2.0 sog 2023-12-30 5.0 sog",
        "winLossSplits": "45% - 62%",
        "awayHome": "A",
        "playedYesterday": "Y",
        "awayHomeSplits": "56% - 47%",
        "savesAboveExp": 0.141,
        "gsaa": -4.19,
        "corsi": "50.8% (59.6) // 52.4% (65.7) // 53.8% (68.1) // 53.9% (68.1)",
        "fenwick": "51.3% (43.5) // 53.7% (48.6) // 55.2% (48.5) // 56.2% (49.1)",
        "shots": "52.0% (31.0) // 53.0% (32.5) // 54.1% (32.7) // 53.2% (32.6)",
        "scoring": "50.6% (27.9) // 53.1% (31.0) // 54.9% (31.7) // 54.4% (30.6)",
        "corsiAgainst": "49.2% (57.7) // 47.6% (59.8) // 46.2% (58.5) // 46.1% (58.3)",
        "fenwickAgainst": "48.7% (41.4) // 46.3% (42.0) // 44.8% (39.4) // 43.8% (38.2)",
        "shotsAgainst": "48.0% (28.5) // 47.0% (28.8) // 45.9% (27.7) // 46.8% (28.6)",
        "scoringAgainst": "49.4% (27.2) // 46.9% (27.4) // 45.1% (26.0) // 45.6% (25.7)",
        "oppCorsi": "50.8% (61.1) // 50.3% (59.7) // 52.1% (62.5) // 49.7% (61.3)",
        "oppFenwick": "50.6% (43.4) // 49.0% (41.8) // 52.2% (44.8) // 48.9% (42.3)",
        "oppShots": "50.0% (29.7) // 49.5% (29.0) // 54.0% (32.2) // 51.1% (31.0)",
        "oppScoring": "51.6% (30.0) // 52.1% (29.6) // 53.1% (29.5) // 48.0% (27.7)",
        "oppCorsiAgainst": "49.2% (59.1) // 49.7% (58.9) // 47.9% (57.5) // 50.3% (62.0)",
        "oppFenwickAgainst": "49.4% (42.3) // 51.0% (43.4) // 47.8% (41.0) // 51.1% (44.3)",
        "oppShotsAgainst": "50.0% (29.7) // 50.5% (29.6) // 46.0% (27.5) // 48.9% (29.7)",
        "oppScoringAgainst": "48.4% (28.1) // 47.9% (27.2) // 46.9% (26.0) // 52.0% (30.0)",
        "totalOver": 51,
        "totalOverLast5": 60,
        "totalOverLast15": 47,
        "lastTotalOver": 37,
        "last5": "2,5,3,3,2,3,1,0,3,1",
        "fd": "+120/-156",
        "dk": "+124/-160",
        "kambi": "0",
        "lowest": "124 DK",
        "implied": 44.642857142857146,
        "overOdds": "+124",
        "underOdds": "-160",
        "overUnder": "+124 / -160"
    },
    {
        "player": "Ryan Hartman",
        "team": "MIN",
        "opponent": "WPG",
        "propType": "sog",
        "line": 2.5,
        "ppLine": "",
        "avg": 2.2,
        "hit": false,
        "diffAvg": -0.12,
        "diffAbs": 0.16,
        "lastAvg": 2.33,
        "diff": -0.07,
        "avgMin": 15,
        "proj": 2.1,
        "lastAvgMin": 16.28,
        "oppOver": 0,
        "teamOver": 0,
        "gameLine": "-102",
        "+/-": "+2",
        "L5_+/-": "+3.0",
        "prevMatchup": "2023-12-31 0.0 sog 2023-12-30 3.0 sog",
        "winLossSplits": "33% - 50%",
        "awayHome": "H",
        "playedYesterday": "Y",
        "awayHomeSplits": "62% - 21%",
        "savesAboveExp": "-",
        "gsaa": 2.39,
        "corsi": "50.8% (61.1) // 50.3% (59.7) // 52.1% (62.5) // 49.7% (61.3)",
        "fenwick": "50.6% (43.4) // 49.0% (41.8) // 52.2% (44.8) // 48.9% (42.3)",
        "shots": "50.0% (29.7) // 49.5% (29.0) // 54.0% (32.2) // 51.1% (31.0)",
        "scoring": "51.6% (30.0) // 52.1% (29.6) // 53.1% (29.5) // 48.0% (27.7)",
        "corsiAgainst": "49.2% (59.1) // 49.7% (58.9) // 47.9% (57.5) // 50.3% (62.0)",
        "fenwickAgainst": "49.4% (42.3) // 51.0% (43.4) // 47.8% (41.0) // 51.1% (44.3)",
        "shotsAgainst": "50.0% (29.7) // 50.5% (29.6) // 46.0% (27.5) // 48.9% (29.7)",
        "scoringAgainst": "48.4% (28.1) // 47.9% (27.2) // 46.9% (26.0) // 52.0% (30.0)",
        "oppCorsi": "50.8% (59.6) // 52.4% (65.7) // 53.8% (68.1) // 53.9% (68.1)",
        "oppFenwick": "51.3% (43.5) // 53.7% (48.6) // 55.2% (48.5) // 56.2% (49.1)",
        "oppShots": "52.0% (31.0) // 53.0% (32.5) // 54.1% (32.7) // 53.2% (32.6)",
        "oppScoring": "50.6% (27.9) // 53.1% (31.0) // 54.9% (31.7) // 54.4% (30.6)",
        "oppCorsiAgainst": "49.2% (57.7) // 47.6% (59.8) // 46.2% (58.5) // 46.1% (58.3)",
        "oppFenwickAgainst": "48.7% (41.4) // 46.3% (42.0) // 44.8% (39.4) // 43.8% (38.2)",
        "oppShotsAgainst": "48.0% (28.5) // 47.0% (28.8) // 45.9% (27.7) // 46.8% (28.6)",
        "oppScoringAgainst": "49.4% (27.2) // 46.9% (27.4) // 45.1% (26.0) // 45.6% (25.7)",
        "totalOver": 43,
        "totalOverLast5": 40,
        "totalOverLast15": 33,
        "lastTotalOver": 41,
        "last5": "0,3,4,2,1,1,3,1,3,0",
        "fd": "+126/-168",
        "dk": "+135/-175",
        "kambi": "130/-175",
        "lowest": "135 DK",
        "implied": 42.5531914893617,
        "overOdds": "+135",
        "underOdds": "-175",
        "overUnder": "+135 / -175"
    },
    {
        "player": "Brad Marchand",
        "team": "BOS",
        "opponent": "DET",
        "propType": "sog",
        "line": 2.5,
        "ppLine": "",
        "avg": 2.86,
        "hit": false,
        "diffAvg": 0.14,
        "diffAbs": 0.08,
        "lastAvg": 2.29,
        "diff": -0.08,
        "avgMin": 19,
        "proj": 2.3,
        "lastAvgMin": 18.52,
        "oppOver": 0,
        "teamOver": 0,
        "gameLine": "-135",
        "+/-": 0,
        "L5_+/-": -1.0,
        "prevMatchup": "2023-12-31 0.0 sog 2023-11-24 3.0 sog 2023-11-04 5.0 sog 2023-10-28 3.0 sog",
        "winLossSplits": "64% - 38%",
        "awayHome": "A",
        "playedYesterday": "Y",
        "awayHomeSplits": "53% - 56%",
        "savesAboveExp": "-",
        "gsaa": 4.29,
        "corsi": "48.2% (58.0) // 46.0% (53.4) // 43.9% (49.4) // 44.2% (48.0)",
        "fenwick": "48.4% (42.6) // 46.0% (39.4) // 44.3% (36.0) // 45.5% (35.3)",
        "shots": "48.8% (30.2) // 45.9% (27.2) // 44.4% (25.2) // 47.3% (26.7)",
        "scoring": "49.9% (29.4) // 44.5% (25.3) // 43.1% (22.4) // 47.6% (23.7)",
        "corsiAgainst": "51.8% (62.4) // 54.0% (62.8) // 56.1% (63.2) // 55.8% (60.7)",
        "fenwickAgainst": "51.6% (45.5) // 54.0% (46.1) // 55.7% (45.2) // 54.5% (42.3)",
        "shotsAgainst": "51.2% (31.7) // 54.1% (32.1) // 55.6% (31.6) // 52.7% (29.7)",
        "scoringAgainst": "50.1% (29.5) // 55.5% (31.5) // 56.9% (29.6) // 52.4% (26.0)",
        "oppCorsi": "47.4% (56.6) // 49.1% (60.0) // 48.9% (57.4) // 51.4% (59.9)",
        "oppFenwick": "47.2% (41.7) // 46.8% (42.5) // 46.9% (41.6) // 49.6% (42.5)",
        "oppShots": "48.3% (29.6) // 46.1% (29.0) // 45.4% (27.7) // 46.8% (26.7)",
        "oppScoring": "47.0% (27.4) // 49.3% (28.6) // 49.5% (27.7) // 50.3% (29.3)",
        "oppCorsiAgainst": "52.6% (63.0) // 50.9% (62.1) // 51.1% (60.0) // 48.6% (56.6)",
        "oppFenwickAgainst": "52.8% (46.6) // 53.2% (48.2) // 53.1% (47.1) // 50.4% (43.1)",
        "oppShotsAgainst": "51.7% (31.7) // 53.9% (33.9) // 54.6% (33.4) // 53.2% (30.3)",
        "oppScoringAgainst": "53.0% (30.9) // 50.7% (29.3) // 50.5% (28.3) // 49.7% (29.0)",
        "totalOver": 54,
        "totalOverLast5": 0,
        "totalOverLast15": 40,
        "lastTotalOver": 48,
        "last5": "0,0,2,0,0,2,0,3,2,3",
        "fd": "-110/-118",
        "dk": "-120/-110",
        "kambi": "-125/-104",
        "lowest": "-110 FD",
        "implied": 52.38095238095239,
        "overOdds": "-120",
        "underOdds": "-110",
        "overUnder": "-120 / -110"
    },
    {
        "player": "Charlie Coyle",
        "team": "BOS",
        "opponent": "DET",
        "propType": "sog",
        "line": 1.5,
        "ppLine": "",
        "avg": 1.86,
        "hit": false,
        "diffAvg": 0.24,
        "diffAbs": 0.07,
        "lastAvg": 1.56,
        "diff": 0.04,
        "avgMin": 17,
        "proj": 1.6,
        "lastAvgMin": 16.98,
        "oppOver": 0,
        "teamOver": 0,
        "gameLine": "-135",
        "+/-": "+3",
        "L5_+/-": 0.0,
        "prevMatchup": "2023-12-31 2.0 sog 2023-11-24 4.0 sog 2023-11-04 1.0 sog 2023-10-28 1.0 sog",
        "winLossSplits": "45% - 62%",
        "awayHome": "A",
        "playedYesterday": "Y",
        "awayHomeSplits": "58% - 44%",
        "savesAboveExp": "-",
        "gsaa": 4.29,
        "corsi": "48.2% (58.0) // 46.0% (53.4) // 43.9% (49.4) // 44.2% (48.0)",
        "fenwick": "48.4% (42.6) // 46.0% (39.4) // 44.3% (36.0) // 45.5% (35.3)",
        "shots": "48.8% (30.2) // 45.9% (27.2) // 44.4% (25.2) // 47.3% (26.7)",
        "scoring": "49.9% (29.4) // 44.5% (25.3) // 43.1% (22.4) // 47.6% (23.7)",
        "corsiAgainst": "51.8% (62.4) // 54.0% (62.8) // 56.1% (63.2) // 55.8% (60.7)",
        "fenwickAgainst": "51.6% (45.5) // 54.0% (46.1) // 55.7% (45.2) // 54.5% (42.3)",
        "shotsAgainst": "51.2% (31.7) // 54.1% (32.1) // 55.6% (31.6) // 52.7% (29.7)",
        "scoringAgainst": "50.1% (29.5) // 55.5% (31.5) // 56.9% (29.6) // 52.4% (26.0)",
        "oppCorsi": "47.4% (56.6) // 49.1% (60.0) // 48.9% (57.4) // 51.4% (59.9)",
        "oppFenwick": "47.2% (41.7) // 46.8% (42.5) // 46.9% (41.6) // 49.6% (42.5)",
        "oppShots": "48.3% (29.6) // 46.1% (29.0) // 45.4% (27.7) // 46.8% (26.7)",
        "oppScoring": "47.0% (27.4) // 49.3% (28.6) // 49.5% (27.7) // 50.3% (29.3)",
        "oppCorsiAgainst": "52.6% (63.0) // 50.9% (62.1) // 51.1% (60.0) // 48.6% (56.6)",
        "oppFenwickAgainst": "52.8% (46.6) // 53.2% (48.2) // 53.1% (47.1) // 50.4% (43.1)",
        "oppShotsAgainst": "51.7% (31.7) // 53.9% (33.9) // 54.6% (33.4) // 53.2% (30.3)",
        "oppScoringAgainst": "53.0% (30.9) // 50.7% (29.3) // 50.5% (28.3) // 49.7% (29.0)",
        "totalOver": 51,
        "totalOverLast5": 60,
        "totalOverLast15": 53,
        "lastTotalOver": 52,
        "last5": "2,0,2,1,2,3,2,4,0,1",
        "fd": "-138",
        "dk": "-130/+100",
        "kambi": "-125/-104",
        "lowest": "-125 BR",
        "implied": 55.55555555555556,
        "overOdds": "-130",
        "underOdds": "+100",
        "overUnder": "-130 / +100"
    },
    {
        "player": "Charlie Mcavoy",
        "team": "BOS",
        "opponent": "DET",
        "propType": "sog",
        "line": 1.5,
        "ppLine": "",
        "avg": 1.78,
        "hit": false,
        "diffAvg": 0.19,
        "diffAbs": 0.0,
        "lastAvg": 1.42,
        "diff": -0.05,
        "avgMin": 24,
        "proj": 1.5,
        "lastAvgMin": 22.3,
        "oppOver": 0,
        "teamOver": 0,
        "gameLine": "-135",
        "+/-": -4,
        "L5_+/-": -2.0,
        "prevMatchup": "2023-12-31 1.0 sog 2023-11-24 3.0 sog 2023-10-28 3.0 sog",
        "winLossSplits": "53% - 30%",
        "awayHome": "A",
        "playedYesterday": "Y",
        "awayHomeSplits": "33% - 58%",
        "savesAboveExp": "-",
        "gsaa": 4.29,
        "corsi": "48.2% (58.0) // 46.0% (53.4) // 43.9% (49.4) // 44.2% (48.0)",
        "fenwick": "48.4% (42.6) // 46.0% (39.4) // 44.3% (36.0) // 45.5% (35.3)",
        "shots": "48.8% (30.2) // 45.9% (27.2) // 44.4% (25.2) // 47.3% (26.7)",
        "scoring": "49.9% (29.4) // 44.5% (25.3) // 43.1% (22.4) // 47.6% (23.7)",
        "corsiAgainst": "51.8% (62.4) // 54.0% (62.8) // 56.1% (63.2) // 55.8% (60.7)",
        "fenwickAgainst": "51.6% (45.5) // 54.0% (46.1) // 55.7% (45.2) // 54.5% (42.3)",
        "shotsAgainst": "51.2% (31.7) // 54.1% (32.1) // 55.6% (31.6) // 52.7% (29.7)",
        "scoringAgainst": "50.1% (29.5) // 55.5% (31.5) // 56.9% (29.6) // 52.4% (26.0)",
        "oppCorsi": "47.4% (56.6) // 49.1% (60.0) // 48.9% (57.4) // 51.4% (59.9)",
        "oppFenwick": "47.2% (41.7) // 46.8% (42.5) // 46.9% (41.6) // 49.6% (42.5)",
        "oppShots": "48.3% (29.6) // 46.1% (29.0) // 45.4% (27.7) // 46.8% (26.7)",
        "oppScoring": "47.0% (27.4) // 49.3% (28.6) // 49.5% (27.7) // 50.3% (29.3)",
        "oppCorsiAgainst": "52.6% (63.0) // 50.9% (62.1) // 51.1% (60.0) // 48.6% (56.6)",
