[
    {
        "player": "Adam Fox",
        "team": "NYR",
        "opponent": "CHI",
        "propType": "sog",
        "line": 1.5,
        "ppLine": "PP1",
        "avg": 1.54,
        "hit": false,
        "diffAvg": 0.03,
        "diffAbs": 0.07,
        "lastAvg": 1.77,
        "diff": 0.18,
        "avgMin": 22,
        "proj": 1.6,
        "lastAvgMin": 24.37,
        "oppOver": 0,
        "teamOver": 0,
        "gameLine": "-470",
        "+/-": "+1",
        "L5_+/-": "+2.0",
        "prevMatchup": "",
        "winLossSplits": "44% - 62%",
        "awayHome": "H",
        "playedYesterday": "N",
        "awayHomeSplits": "50% - 50%",
        "savesAboveExp": -0.91,
        "gsaa": 0.7,
        "corsi": "49.3% (59.3) // 50.6% (60.7) // 43.5% (49.2) // 42.4% (49.0)",
        "fenwick": "50.1% (44.1) // 50.5% (44.7) // 46.8% (40.0) // 45.1% (38.7)",
        "shots": "50.7% (30.4) // 52.3% (32.0) // 48.7% (28.8) // 47.2% (28.0)",
        "scoring": "50.4% (28.9) // 51.9% (29.8) // 45.5% (24.0) // 41.9% (22.3)",
        "corsiAgainst": "50.7% (61.1) // 49.4% (59.4) // 56.5% (64.0) // 57.6% (66.7)",
        "fenwickAgainst": "49.9% (43.9) // 49.5% (43.9) // 53.2% (45.5) // 54.9% (47.0)",
        "shotsAgainst": "49.3% (29.5) // 47.7% (29.2) // 51.3% (30.2) // 52.8% (31.3)",
        "scoringAgainst": "49.6% (28.5) // 48.1% (27.6) // 54.5% (28.8) // 58.1% (31.0)",
        "oppCorsi": "44.4% (51.6) // 41.4% (47.7) // 40.4% (50.0) // 42.0% (52.3)",
        "oppFenwick": "44.3% (37.1) // 42.0% (35.1) // 40.3% (35.9) // 42.0% (37.3)",
        "oppShots": "44.3% (26.2) // 40.7% (23.2) // 39.8% (24.0) // 39.8% (24.0)",
        "oppScoring": "43.1% (24.7) // 38.1% (20.4) // 37.5% (21.9) // 37.7% (22.4)",
        "oppCorsiAgainst": "55.6% (64.6) // 58.6% (67.7) // 59.6% (73.8) // 58.0% (72.1)",
        "oppFenwickAgainst": "55.7% (46.6) // 58.0% (48.5) // 59.7% (53.2) // 58.0% (51.6)",
        "oppShotsAgainst": "55.7% (33.0) // 59.3% (33.8) // 60.2% (36.4) // 60.2% (36.4)",
        "oppScoringAgainst": "56.9% (32.7) // 61.9% (33.0) // 62.5% (36.4) // 62.3% (37.0)",
        "totalOver": 50,
        "totalOverLast5": 20,
        "totalOverLast15": 47,
        "lastTotalOver": 51,
        "last5": "1,0,1,4,1,3,1,2,2,1",
        "fd": "-152/+116",
        "dk": "-145/+114",
        "kambi": "-157/120",
        "lowest": "-145 DK",
        "implied": 59.183673469387756,
        "overOdds": "-145",
        "underOdds": "+114",
        "overUnder": "-145 / +114"
    },
    {
        "player": "Alexis Lafreniere",
        "team": "NYR",
        "opponent": "CHI",
        "propType": "sog",
        "line": 2.5,
        "ppLine": "PP2",
        "avg": 2.39,
        "hit": false,
        "diffAvg": -0.04,
        "diffAbs": 0.32,
        "lastAvg": 1.53,
        "diff": -0.39,
        "avgMin": 17,
        "proj": 1.7,
        "lastAvgMin": 15.22,
        "oppOver": 0,
        "teamOver": 0,
        "gameLine": "-470",
        "+/-": -6,
        "L5_+/-": -3.0,
        "prevMatchup": "",
        "winLossSplits": "44% - 55%",
        "awayHome": "H",
        "playedYesterday": "N",
        "awayHomeSplits": "37% - 59%",
        "savesAboveExp": -0.91,
        "gsaa": 0.7,
        "corsi": "49.3% (59.3) // 50.6% (60.7) // 43.5% (49.2) // 42.4% (49.0)",
        "fenwick": "50.1% (44.1) // 50.5% (44.7) // 46.8% (40.0) // 45.1% (38.7)",
        "shots": "50.7% (30.4) // 52.3% (32.0) // 48.7% (28.8) // 47.2% (28.0)",
        "scoring": "50.4% (28.9) // 51.9% (29.8) // 45.5% (24.0) // 41.9% (22.3)",
        "corsiAgainst": "50.7% (61.1) // 49.4% (59.4) // 56.5% (64.0) // 57.6% (66.7)",
        "fenwickAgainst": "49.9% (43.9) // 49.5% (43.9) // 53.2% (45.5) // 54.9% (47.0)",
        "shotsAgainst": "49.3% (29.5) // 47.7% (29.2) // 51.3% (30.2) // 52.8% (31.3)",
        "scoringAgainst": "49.6% (28.5) // 48.1% (27.6) // 54.5% (28.8) // 58.1% (31.0)",
        "oppCorsi": "44.4% (51.6) // 41.4% (47.7) // 40.4% (50.0) // 42.0% (52.3)",
        "oppFenwick": "44.3% (37.1) // 42.0% (35.1) // 40.3% (35.9) // 42.0% (37.3)",
        "oppShots": "44.3% (26.2) // 40.7% (23.2) // 39.8% (24.0) // 39.8% (24.0)",
        "oppScoring": "43.1% (24.7) // 38.1% (20.4) // 37.5% (21.9) // 37.7% (22.4)",
        "oppCorsiAgainst": "55.6% (64.6) // 58.6% (67.7) // 59.6% (73.8) // 58.0% (72.1)",
        "oppFenwickAgainst": "55.7% (46.6) // 58.0% (48.5) // 59.7% (53.2) // 58.0% (51.6)",
        "oppShotsAgainst": "55.7% (33.0) // 59.3% (33.8) // 60.2% (36.4) // 60.2% (36.4)",
        "oppScoringAgainst": "56.9% (32.7) // 61.9% (33.0) // 62.5% (36.4) // 62.3% (37.0)",
        "totalOver": 47,
        "totalOverLast5": 60,
        "totalOverLast15": 53,
        "lastTotalOver": 24,
        "last5": "3,1,2,3,3,4,2,2,4,0",
        "fd": "0",
        "dk": "-115/-115",
        "kambi": "0",
        "lowest": "-115 DK",
        "implied": 53.48837209302325,
        "overOdds": "-115",
        "underOdds": "-115",
        "overUnder": "-115 / -115"
    },
    {
        "player": "Artemi Panarin",
        "team": "NYR",
        "opponent": "CHI",
        "propType": "sog",
        "line": 3.5,
        "ppLine": "PP1",
        "avg": 4.08,
        "hit": false,
        "diffAvg": 0.17,
        "diffAbs": 0.37,
        "lastAvg": 2.27,
        "diff": -0.35,
        "avgMin": 19,
        "proj": 2.2,
        "lastAvgMin": 19.6,
        "oppOver": 0,
        "teamOver": 0,
        "gameLine": "-470",
        "+/-": 0,
        "L5_+/-": "+1.0",
        "prevMatchup": "",
        "winLossSplits": "56% - 45%",
        "awayHome": "H",
        "playedYesterday": "N",
        "awayHomeSplits": "58% - 47%",
        "savesAboveExp": -0.91,
        "gsaa": 0.7,
        "corsi": "49.3% (59.3) // 50.6% (60.7) // 43.5% (49.2) // 42.4% (49.0)",
        "fenwick": "50.1% (44.1) // 50.5% (44.7) // 46.8% (40.0) // 45.1% (38.7)",
        "shots": "50.7% (30.4) // 52.3% (32.0) // 48.7% (28.8) // 47.2% (28.0)",
        "scoring": "50.4% (28.9) // 51.9% (29.8) // 45.5% (24.0) // 41.9% (22.3)",
        "corsiAgainst": "50.7% (61.1) // 49.4% (59.4) // 56.5% (64.0) // 57.6% (66.7)",
        "fenwickAgainst": "49.9% (43.9) // 49.5% (43.9) // 53.2% (45.5) // 54.9% (47.0)",
        "shotsAgainst": "49.3% (29.5) // 47.7% (29.2) // 51.3% (30.2) // 52.8% (31.3)",
        "scoringAgainst": "49.6% (28.5) // 48.1% (27.6) // 54.5% (28.8) // 58.1% (31.0)",
        "oppCorsi": "44.4% (51.6) // 41.4% (47.7) // 40.4% (50.0) // 42.0% (52.3)",
        "oppFenwick": "44.3% (37.1) // 42.0% (35.1) // 40.3% (35.9) // 42.0% (37.3)",
        "oppShots": "44.3% (26.2) // 40.7% (23.2) // 39.8% (24.0) // 39.8% (24.0)",
        "oppScoring": "43.1% (24.7) // 38.1% (20.4) // 37.5% (21.9) // 37.7% (22.4)",
        "oppCorsiAgainst": "55.6% (64.6) // 58.6% (67.7) // 59.6% (73.8) // 58.0% (72.1)",
        "oppFenwickAgainst": "55.7% (46.6) // 58.0% (48.5) // 59.7% (53.2) // 58.0% (51.6)",
        "oppShotsAgainst": "55.7% (33.0) // 59.3% (33.8) // 60.2% (36.4) // 60.2% (36.4)",
        "oppScoringAgainst": "56.9% (32.7) // 61.9% (33.0) // 62.5% (36.4) // 62.3% (37.0)",
        "totalOver": 53,
        "totalOverLast5": 60,
        "totalOverLast15": 53,
        "lastTotalOver": 29,
        "last5": "2,4,6,1,5,3,8,10,3,2",
        "fd": "-120/-108",
        "dk": "-110/-120",
        "kambi": "-112/-117",
        "lowest": "-110 DK",
        "implied": 52.38095238095239,
        "overOdds": "-110",
        "underOdds": "-120",
        "overUnder": "-110 / -120"
    },
    {
        "player": "Chris Kreider",
        "team": "NYR",
        "opponent": "CHI",
        "propType": "sog",
        "line": 2.5,
        "ppLine": "PP1",
        "avg": 2.69,
        "hit": false,
        "diffAvg": 0.08,
        "diffAbs": 0.04,
        "lastAvg": 2.66,
        "diff": 0.06,
        "avgMin": 18,
        "proj": 2.6,
        "lastAvgMin": 18.4,
        "oppOver": 0,
        "teamOver": 0,
        "gameLine": "-470",
        "+/-": "+9",
        "L5_+/-": "+5.0",
        "prevMatchup": "",
        "winLossSplits": "56% - 36%",
        "awayHome": "H",
        "playedYesterday": "N",
        "awayHomeSplits": "42% - 59%",
        "savesAboveExp": -0.91,
        "gsaa": 0.7,
        "corsi": "49.3% (59.3) // 50.6% (60.7) // 43.5% (49.2) // 42.4% (49.0)",
        "fenwick": "50.1% (44.1) // 50.5% (44.7) // 46.8% (40.0) // 45.1% (38.7)",
        "shots": "50.7% (30.4) // 52.3% (32.0) // 48.7% (28.8) // 47.2% (28.0)",
        "scoring": "50.4% (28.9) // 51.9% (29.8) // 45.5% (24.0) // 41.9% (22.3)",
        "corsiAgainst": "50.7% (61.1) // 49.4% (59.4) // 56.5% (64.0) // 57.6% (66.7)",
        "fenwickAgainst": "49.9% (43.9) // 49.5% (43.9) // 53.2% (45.5) // 54.9% (47.0)",
        "shotsAgainst": "49.3% (29.5) // 47.7% (29.2) // 51.3% (30.2) // 52.8% (31.3)",
        "scoringAgainst": "49.6% (28.5) // 48.1% (27.6) // 54.5% (28.8) // 58.1% (31.0)",
        "oppCorsi": "44.4% (51.6) // 41.4% (47.7) // 40.4% (50.0) // 42.0% (52.3)",
        "oppFenwick": "44.3% (37.1) // 42.0% (35.1) // 40.3% (35.9) // 42.0% (37.3)",
        "oppShots": "44.3% (26.2) // 40.7% (23.2) // 39.8% (24.0) // 39.8% (24.0)",
        "oppScoring": "43.1% (24.7) // 38.1% (20.4) // 37.5% (21.9) // 37.7% (22.4)",
        "oppCorsiAgainst": "55.6% (64.6) // 58.6% (67.7) // 59.6% (73.8) // 58.0% (72.1)",
        "oppFenwickAgainst": "55.7% (46.6) // 58.0% (48.5) // 59.7% (53.2) // 58.0% (51.6)",
        "oppShotsAgainst": "55.7% (33.0) // 59.3% (33.8) // 60.2% (36.4) // 60.2% (36.4)",
        "oppScoringAgainst": "56.9% (32.7) // 61.9% (33.0) // 62.5% (36.4) // 62.3% (37.0)",
        "totalOver": 50,
        "totalOverLast5": 60,
        "totalOverLast15": 47,
        "lastTotalOver": 47,
        "last5": "5,2,2,3,4,1,0,4,6,3",
        "fd": "-144/+110",
        "dk": "-140/+110",
        "kambi": "-130/100",
        "lowest": "-130 BR",
        "implied": 56.52173913043478,
        "overOdds": "-140",
        "underOdds": "+110",
        "overUnder": "-140 / +110"
    },
    {
        "player": "Connor Bedard",
        "team": "CHI",
        "opponent": "NYR",
        "propType": "sog",
        "line": 2.5,
        "ppLine": "PP1",
        "avg": 3.11,
        "hit": false,
        "diffAvg": 0.24,
        "diffAbs": 1.0,
        "lastAvg": 0,
        "diff": 0,
        "avgMin": 19,
        "proj": 0.0,
        "lastAvgMin": 0,
        "oppOver": 0,
        "teamOver": 0,
        "gameLine": "+360",
        "+/-": -20,
        "L5_+/-": -6.0,
        "prevMatchup": "",
        "winLossSplits": "73% - 58%",
        "awayHome": "A",
        "playedYesterday": "N",
        "awayHomeSplits": "65% - 59%",
        "savesAboveExp": 0.388,
        "gsaa": 2.17,
        "corsi": "44.4% (51.6) // 41.4% (47.7) // 40.4% (50.0) // 42.0% (52.3)",
        "fenwick": "44.3% (37.1) // 42.0% (35.1) // 40.3% (35.9) // 42.0% (37.3)",
        "shots": "44.3% (26.2) // 40.7% (23.2) // 39.8% (24.0) // 39.8% (24.0)",
        "scoring": "43.1% (24.7) // 38.1% (20.4) // 37.5% (21.9) // 37.7% (22.4)",
        "corsiAgainst": "55.6% (64.6) // 58.6% (67.7) // 59.6% (73.8) // 58.0% (72.1)",
        "fenwickAgainst": "55.7% (46.6) // 58.0% (48.5) // 59.7% (53.2) // 58.0% (51.6)",
        "shotsAgainst": "55.7% (33.0) // 59.3% (33.8) // 60.2% (36.4) // 60.2% (36.4)",
        "scoringAgainst": "56.9% (32.7) // 61.9% (33.0) // 62.5% (36.4) // 62.3% (37.0)",
        "oppCorsi": "49.3% (59.3) // 50.6% (60.7) // 43.5% (49.2) // 42.4% (49.0)",
        "oppFenwick": "50.1% (44.1) // 50.5% (44.7) // 46.8% (40.0) // 45.1% (38.7)",
        "oppShots": "50.7% (30.4) // 52.3% (32.0) // 48.7% (28.8) // 47.2% (28.0)",
        "oppScoring": "50.4% (28.9) // 51.9% (29.8) // 45.5% (24.0) // 41.9% (22.3)",
        "oppCorsiAgainst": "50.7% (61.1) // 49.4% (59.4) // 56.5% (64.0) // 57.6% (66.7)",
        "oppFenwickAgainst": "49.9% (43.9) // 49.5% (43.9) // 53.2% (45.5) // 54.9% (47.0)",
        "oppShotsAgainst": "49.3% (29.5) // 47.7% (29.2) // 51.3% (30.2) // 52.8% (31.3)",
        "oppScoringAgainst": "49.6% (28.5) // 48.1% (27.6) // 54.5% (28.8) // 58.1% (31.0)",
        "totalOver": 62,
        "totalOverLast5": 40,
        "totalOverLast15": 60,
        "lastTotalOver": 0,
        "last5": "0,2,3,5,2,3,6,5,3,2",
        "fd": "-132/+102",
        "dk": "-145/+114",
        "kambi": "0",
        "lowest": "-132 FD",
        "implied": 56.896551724137936,
        "overOdds": "-145",
        "underOdds": "+114",
        "overUnder": "-145 / +114"
    },
    {
        "player": "Mika Zibanejad",
        "team": "NYR",
        "opponent": "CHI",
        "propType": "sog",
        "line": 2.5,
        "ppLine": "PP1",
        "avg": 2.5,
        "hit": false,
        "diffAvg": 0.0,
        "diffAbs": 0.08,
        "lastAvg": 2.82,
        "diff": 0.13,
        "avgMin": 19,
        "proj": 2.7,
        "lastAvgMin": 19.95,
        "oppOver": 0,
        "teamOver": 0,
        "gameLine": "-470",
        "+/-": "+6",
        "L5_+/-": "+2.0",
        "prevMatchup": "",
        "winLossSplits": "60% - 36%",
        "awayHome": "H",
        "playedYesterday": "N",
        "awayHomeSplits": "58% - 47%",
        "savesAboveExp": -0.91,
        "gsaa": 0.7,
        "corsi": "49.3% (59.3) // 50.6% (60.7) // 43.5% (49.2) // 42.4% (49.0)",
        "fenwick": "50.1% (44.1) // 50.5% (44.7) // 46.8% (40.0) // 45.1% (38.7)",
        "shots": "50.7% (30.4) // 52.3% (32.0) // 48.7% (28.8) // 47.2% (28.0)",
        "scoring": "50.4% (28.9) // 51.9% (29.8) // 45.5% (24.0) // 41.9% (22.3)",
        "corsiAgainst": "50.7% (61.1) // 49.4% (59.4) // 56.5% (64.0) // 57.6% (66.7)",
        "fenwickAgainst": "49.9% (43.9) // 49.5% (43.9) // 53.2% (45.5) // 54.9% (47.0)",
        "shotsAgainst": "49.3% (29.5) // 47.7% (29.2) // 51.3% (30.2) // 52.8% (31.3)",
        "scoringAgainst": "49.6% (28.5) // 48.1% (27.6) // 54.5% (28.8) // 58.1% (31.0)",
        "oppCorsi": "44.4% (51.6) // 41.4% (47.7) // 40.4% (50.0) // 42.0% (52.3)",
        "oppFenwick": "44.3% (37.1) // 42.0% (35.1) // 40.3% (35.9) // 42.0% (37.3)",
        "oppShots": "44.3% (26.2) // 40.7% (23.2) // 39.8% (24.0) // 39.8% (24.0)",
        "oppScoring": "43.1% (24.7) // 38.1% (20.4) // 37.5% (21.9) // 37.7% (22.4)",
        "oppCorsiAgainst": "55.6% (64.6) // 58.6% (67.7) // 59.6% (73.8) // 58.0% (72.1)",
        "oppFenwickAgainst": "55.7% (46.6) // 58.0% (48.5) // 59.7% (53.2) // 58.0% (51.6)",
        "oppShotsAgainst": "55.7% (33.0) // 59.3% (33.8) // 60.2% (36.4) // 60.2% (36.4)",
        "oppScoringAgainst": "56.9% (32.7) // 61.9% (33.0) // 62.5% (36.4) // 62.3% (37.0)",
        "totalOver": 53,
        "totalOverLast5": 20,
        "totalOverLast15": 40,
        "lastTotalOver": 58,
        "last5": "1,2,2,1,4,4,4,1,3,2",
        "fd": "-122/-106",
        "dk": "-120/-110",
        "kambi": "-136/105",
        "lowest": "-120 DK",
        "implied": 54.54545454545454,
        "overOdds": "-120",
        "underOdds": "-110",
        "overUnder": "-120 / -110"
    },
    {
        "player": "Nick Foligno",
        "team": "CHI",
        "opponent": "NYR",
        "propType": "sog",
        "line": 1.5,
        "ppLine": "PP1",
        "avg": 1.92,
        "hit": false,
        "diffAvg": 0.28,
        "diffAbs": 0.0,
        "lastAvg": 1.08,
        "diff": -0.28,
        "avgMin": 17,
        "proj": 1.5,
        "lastAvgMin": 12.35,
        "oppOver": 0,
        "teamOver": 0,
        "gameLine": "+360",
        "+/-": -4,
        "L5_+/-": -7.0,
        "prevMatchup": "",
        "winLossSplits": "55% - 62%",
        "awayHome": "A",
        "playedYesterday": "N",
        "awayHomeSplits": "60% - 59%",
        "savesAboveExp": 0.388,
        "gsaa": 2.17,
        "corsi": "44.4% (51.6) // 41.4% (47.7) // 40.4% (50.0) // 42.0% (52.3)",
        "fenwick": "44.3% (37.1) // 42.0% (35.1) // 40.3% (35.9) // 42.0% (37.3)",
        "shots": "44.3% (26.2) // 40.7% (23.2) // 39.8% (24.0) // 39.8% (24.0)",
        "scoring": "43.1% (24.7) // 38.1% (20.4) // 37.5% (21.9) // 37.7% (22.4)",
        "corsiAgainst": "55.6% (64.6) // 58.6% (67.7) // 59.6% (73.8) // 58.0% (72.1)",
        "fenwickAgainst": "55.7% (46.6) // 58.0% (48.5) // 59.7% (53.2) // 58.0% (51.6)",
        "shotsAgainst": "55.7% (33.0) // 59.3% (33.8) // 60.2% (36.4) // 60.2% (36.4)",
        "scoringAgainst": "56.9% (32.7) // 61.9% (33.0) // 62.5% (36.4) // 62.3% (37.0)",
        "oppCorsi": "49.3% (59.3) // 50.6% (60.7) // 43.5% (49.2) // 42.4% (49.0)",
        "oppFenwick": "50.1% (44.1) // 50.5% (44.7) // 46.8% (40.0) // 45.1% (38.7)",
        "oppShots": "50.7% (30.4) // 52.3% (32.0) // 48.7% (28.8) // 47.2% (28.0)",
        "oppScoring": "50.4% (28.9) // 51.9% (29.8) // 45.5% (24.0) // 41.9% (22.3)",
        "oppCorsiAgainst": "50.7% (61.1) // 49.4% (59.4) // 56.5% (64.0) // 57.6% (66.7)",
        "oppFenwickAgainst": "49.9% (43.9) // 49.5% (43.9) // 53.2% (45.5) // 54.9% (47.0)",
        "oppShotsAgainst": "49.3% (29.5) // 47.7% (29.2) // 51.3% (30.2) // 52.8% (31.3)",
        "oppScoringAgainst": "49.6% (28.5) // 48.1% (27.6) // 54.5% (28.8) // 58.1% (31.0)",
        "totalOver": 59,
        "totalOverLast5": 40,
        "totalOverLast15": 60,
        "lastTotalOver": 39,
        "last5": "1,3,1,0,2,2,0,4,3,3",
        "fd": "-110/-118",
        "dk": "-130/+100",
        "kambi": "-114/-114",
        "lowest": "-110 FD",
        "implied": 52.38095238095239,
        "overOdds": "-130",
        "underOdds": "+100",
        "overUnder": "-130 / +100"
    },
    {
        "player": "Philipp Kurashev",
        "team": "CHI",
        "opponent": "NYR",
        "propType": "sog",
        "line": 1.5,
        "ppLine": "PP1",
        "avg": 1.7,
        "hit": false,
        "diffAvg": 0.13,
        "diffAbs": 0.13,
        "lastAvg": 1.66,
        "diff": 0.11,
        "avgMin": 18,
        "proj": 1.7,
        "lastAvgMin": 17.42,
        "oppOver": 0,
        "teamOver": 0,
        "gameLine": "+360",
        "+/-": -17,
        "L5_+/-": -9.0,
        "prevMatchup": "",
        "winLossSplits": "50% - 59%",
        "awayHome": "A",
        "playedYesterday": "N",
        "awayHomeSplits": "67% - 47%",
        "savesAboveExp": 0.388,
        "gsaa": 2.17,
        "corsi": "44.4% (51.6) // 41.4% (47.7) // 40.4% (50.0) // 42.0% (52.3)",
        "fenwick": "44.3% (37.1) // 42.0% (35.1) // 40.3% (35.9) // 42.0% (37.3)",
        "shots": "44.3% (26.2) // 40.7% (23.2) // 39.8% (24.0) // 39.8% (24.0)",
        "scoring": "43.1% (24.7) // 38.1% (20.4) // 37.5% (21.9) // 37.7% (22.4)",
        "corsiAgainst": "55.6% (64.6) // 58.6% (67.7) // 59.6% (73.8) // 58.0% (72.1)",
        "fenwickAgainst": "55.7% (46.6) // 58.0% (48.5) // 59.7% (53.2) // 58.0% (51.6)",
        "shotsAgainst": "55.7% (33.0) // 59.3% (33.8) // 60.2% (36.4) // 60.2% (36.4)",
        "scoringAgainst": "56.9% (32.7) // 61.9% (33.0) // 62.5% (36.4) // 62.3% (37.0)",
        "oppCorsi": "49.3% (59.3) // 50.6% (60.7) // 43.5% (49.2) // 42.4% (49.0)",
        "oppFenwick": "50.1% (44.1) // 50.5% (44.7) // 46.8% (40.0) // 45.1% (38.7)",
        "oppShots": "50.7% (30.4) // 52.3% (32.0) // 48.7% (28.8) // 47.2% (28.0)",
        "oppScoring": "50.4% (28.9) // 51.9% (29.8) // 45.5% (24.0) // 41.9% (22.3)",
        "oppCorsiAgainst": "50.7% (61.1) // 49.4% (59.4) // 56.5% (64.0) // 57.6% (66.7)",
        "oppFenwickAgainst": "49.9% (43.9) // 49.5% (43.9) // 53.2% (45.5) // 54.9% (47.0)",
        "oppShotsAgainst": "49.3% (29.5) // 47.7% (29.2) // 51.3% (30.2) // 52.8% (31.3)",
        "oppScoringAgainst": "49.6% (28.5) // 48.1% (27.6) // 54.5% (28.8) // 58.1% (31.0)",
        "totalOver": 57,
        "totalOverLast5": 80,
        "totalOverLast15": 53,
        "lastTotalOver": 0,
        "last5": "1,2,3,2,2,0,1,1,2,2",
        "fd": "-130/+100",
        "dk": "-135/+105",
        "kambi": "-125/-104",
        "lowest": "-125 BR",
        "implied": 55.55555555555556,
        "overOdds": "-135",
        "underOdds": "+105",
        "overUnder": "-135 / +105"
    },
    {
        "player": "Vincent Trocheck",
        "team": "NYR",
        "opponent": "CHI",
        "propType": "sog",
        "line": 2.5,
        "ppLine": "PP1",
        "avg": 2.44,
        "hit": false,
        "diffAvg": -0.02,
        "diffAbs": 0.04,
        "lastAvg": 2.53,
        "diff": 0.01,
        "avgMin": 20,
        "proj": 2.6,
        "lastAvgMin": 19.3,
        "oppOver": 0,
        "teamOver": 0,
        "gameLine": "-470",
        "+/-": "+2",
        "L5_+/-": "+1.0",
        "prevMatchup": "",
        "winLossSplits": "48% - 45%",
        "awayHome": "H",
        "playedYesterday": "N",
        "awayHomeSplits": "32% - 65%",
        "savesAboveExp": -0.91,
        "gsaa": 0.7,
        "corsi": "49.3% (59.3) // 50.6% (60.7) // 43.5% (49.2) // 42.4% (49.0)",
        "fenwick": "50.1% (44.1) // 50.5% (44.7) // 46.8% (40.0) // 45.1% (38.7)",
        "shots": "50.7% (30.4) // 52.3% (32.0) // 48.7% (28.8) // 47.2% (28.0)",
        "scoring": "50.4% (28.9) // 51.9% (29.8) // 45.5% (24.0) // 41.9% (22.3)",
        "corsiAgainst": "50.7% (61.1) // 49.4% (59.4) // 56.5% (64.0) // 57.6% (66.7)",
        "fenwickAgainst": "49.9% (43.9) // 49.5% (43.9) // 53.2% (45.5) // 54.9% (47.0)",
        "shotsAgainst": "49.3% (29.5) // 47.7% (29.2) // 51.3% (30.2) // 52.8% (31.3)",
        "scoringAgainst": "49.6% (28.5) // 48.1% (27.6) // 54.5% (28.8) // 58.1% (31.0)",
        "oppCorsi": "44.4% (51.6) // 41.4% (47.7) // 40.4% (50.0) // 42.0% (52.3)",
        "oppFenwick": "44.3% (37.1) // 42.0% (35.1) // 40.3% (35.9) // 42.0% (37.3)",
        "oppShots": "44.3% (26.2) // 40.7% (23.2) // 39.8% (24.0) // 39.8% (24.0)",
        "oppScoring": "43.1% (24.7) // 38.1% (20.4) // 37.5% (21.9) // 37.7% (22.4)",
        "oppCorsiAgainst": "55.6% (64.6) // 58.6% (67.7) // 59.6% (73.8) // 58.0% (72.1)",
        "oppFenwickAgainst": "55.7% (46.6) // 58.0% (48.5) // 59.7% (53.2) // 58.0% (51.6)",
        "oppShotsAgainst": "55.7% (33.0) // 59.3% (33.8) // 60.2% (36.4) // 60.2% (36.4)",
        "oppScoringAgainst": "56.9% (32.7) // 61.9% (33.0) // 62.5% (36.4) // 62.3% (37.0)",
        "totalOver": 47,
        "totalOverLast5": 60,
        "totalOverLast15": 53,
        "lastTotalOver": 41,
        "last5": "5,2,4,0,3,2,0,5,1,6",
        "fd": "-140/+108",
        "dk": "-140/+110",
        "kambi": "-125/-104",
        "lowest": "-125 BR",
        "implied": 55.55555555555556,
        "overOdds": "-140",
        "underOdds": "+110",
        "overUnder": "-140 / +110"
    },
    {
        "player": "Ryan Donato",
        "team": "CHI",
        "opponent": "NYR",
        "propType": "sog",
        "line": 1.5,
        "ppLine": "PP2",
        "avg": 1.91,
        "hit": false,
        "diffAvg": 0.27,
        "diffAbs": 0.2,
        "lastAvg": 1.44,
        "diff": -0.04,
        "avgMin": 14,
        "proj": 1.8,
        "lastAvgMin": 11.25,
        "oppOver": 0,
        "teamOver": 0,
        "gameLine": "+360",
        "+/-": -8,
        "L5_+/-": -7.0,
        "prevMatchup": "",
        "winLossSplits": "60% - 48%",
        "awayHome": "A",
        "playedYesterday": "N",
        "awayHomeSplits": "50% - 53%",
        "savesAboveExp": 0.388,
        "gsaa": 2.17,
        "corsi": "44.4% (51.6) // 41.4% (47.7) // 40.4% (50.0) // 42.0% (52.3)",
        "fenwick": "44.3% (37.1) // 42.0% (35.1) // 40.3% (35.9) // 42.0% (37.3)",
        "shots": "44.3% (26.2) // 40.7% (23.2) // 39.8% (24.0) // 39.8% (24.0)",
        "scoring": "43.1% (24.7) // 38.1% (20.4) // 37.5% (21.9) // 37.7% (22.4)",
        "corsiAgainst": "55.6% (64.6) // 58.6% (67.7) // 59.6% (73.8) // 58.0% (72.1)",
        "fenwickAgainst": "55.7% (46.6) // 58.0% (48.5) // 59.7% (53.2) // 58.0% (51.6)",
        "shotsAgainst": "55.7% (33.0) // 59.3% (33.8) // 60.2% (36.4) // 60.2% (36.4)",
        "scoringAgainst": "56.9% (32.7) // 61.9% (33.0) // 62.5% (36.4) // 62.3% (37.0)",
        "oppCorsi": "49.3% (59.3) // 50.6% (60.7) // 43.5% (49.2) // 42.4% (49.0)",
        "oppFenwick": "50.1% (44.1) // 50.5% (44.7) // 46.8% (40.0) // 45.1% (38.7)",
        "oppShots": "50.7% (30.4) // 52.3% (32.0) // 48.7% (28.8) // 47.2% (28.0)",
        "oppScoring": "50.4% (28.9) // 51.9% (29.8) // 45.5% (24.0) // 41.9% (22.3)",
        "oppCorsiAgainst": "50.7% (61.1) // 49.4% (59.4) // 56.5% (64.0) // 57.6% (66.7)",
        "oppFenwickAgainst": "49.9% (43.9) // 49.5% (43.9) // 53.2% (45.5) // 54.9% (47.0)",
        "oppShotsAgainst": "49.3% (29.5) // 47.7% (29.2) // 51.3% (30.2) // 52.8% (31.3)",
        "oppScoringAgainst": "49.6% (28.5) // 48.1% (27.6) // 54.5% (28.8) // 58.1% (31.0)",
        "totalOver": 51,
        "totalOverLast5": 40,
        "totalOverLast15": 47,
        "lastTotalOver": 68,
        "last5": "1,1,2,2,1,2,2,4,3,0",
        "fd": "-140/+108",
        "dk": "-150/+120",
        "kambi": "-130/100",
        "lowest": "-130 BR",
        "implied": 56.52173913043478,
        "overOdds": "-150",
        "underOdds": "+120",
        "overUnder": "-150 / +120"
    },
    {
        "player": "Brad Marchand",
        "team": "BOS",
        "opponent": "PIT",
        "propType": "sog",
        "line": 2.5,
        "ppLine": "PP1",
        "avg": 2.83,
        "hit": false,
        "diffAvg": 0.13,
        "diffAbs": 0.08,
        "lastAvg": 2.29,
        "diff": -0.08,
        "avgMin": 19,
        "proj": 2.3,
        "lastAvgMin": 18.52,
        "oppOver": 0,
        "teamOver": 0,
        "gameLine": "-148",
        "+/-": 0,
        "L5_+/-": 0.0,
        "prevMatchup": "",
        "winLossSplits": "61% - 38%",
        "awayHome": "H",
        "playedYesterday": "N",
        "awayHomeSplits": "50% - 56%",
        "savesAboveExp": -1.293,
        "gsaa": 7.71,
        "corsi": "48.2% (57.7) // 46.0% (52.7) // 45.0% (48.0) // 46.4% (49.0)",
        "fenwick": "48.3% (42.3) // 45.7% (38.4) // 45.4% (34.8) // 46.0% (34.7)",
        "shots": "48.8% (30.1) // 46.2% (27.0) // 48.0% (26.8) // 47.7% (27.3)",
        "scoring": "49.9% (29.2) // 44.7% (24.6) // 49.0% (24.0) // 48.0% (24.0)",
        "corsiAgainst": "51.8% (62.1) // 54.0% (61.9) // 55.0% (58.8) // 53.6% (56.7)",
        "fenwickAgainst": "51.7% (45.3) // 54.3% (45.6) // 54.6% (41.8) // 54.0% (40.7)",
        "shotsAgainst": "51.2% (31.6) // 53.8% (31.4) // 52.0% (29.0) // 52.3% (30.0)",
        "scoringAgainst": "50.1% (29.3) // 55.3% (30.4) // 51.0% (25.0) // 52.0% (26.0)",
        "oppCorsi": "52.5% (65.7) // 53.8% (68.3) // 56.8% (73.8) // 56.3% (75.7)",
        "oppFenwick": "51.5% (46.9) // 53.1% (47.5) // 55.8% (50.5) // 55.2% (51.7)",
        "oppShots": "52.2% (32.5) // 54.1% (32.9) // 55.3% (33.8) // 54.2% (34.3)",
        "oppScoring": "52.5% (32.0) // 53.1% (33.2) // 56.6% (36.5) // 54.5% (34.3)",
        "oppCorsiAgainst": "47.5% (59.3) // 46.2% (58.8) // 43.2% (56.0) // 43.7% (58.7)",
        "oppFenwickAgainst": "48.5% (44.2) // 46.9% (41.9) // 44.2% (40.0) // 44.8% (42.0)",
        "oppShotsAgainst": "47.8% (29.8) // 45.9% (27.9) // 44.7% (27.2) // 45.8% (29.0)",
        "oppScoringAgainst": "47.5% (28.9) // 46.9% (29.4) // 43.4% (28.0) // 45.5% (28.7)",
        "totalOver": 53,
        "totalOverLast5": 0,
        "totalOverLast15": 33,
        "lastTotalOver": 48,
        "last5": "2,0,0,2,0,0,2,0,3,2",
        "fd": "+100/-130",
        "dk": "-105/-125",
        "kambi": "-122/-106",
        "lowest": "100 FD",
        "implied": 50.0,
        "overOdds": "-105",
        "underOdds": "-125",
        "overUnder": "-105 / -125"
    },
    {
        "player": "Bryan Rust",
        "team": "PIT",
        "opponent": "BOS",
        "propType": "sog",
        "line": 2.5,
        "ppLine": "PP2",
        "avg": 3.13,
        "hit": false,
        "diffAvg": 0.25,
        "diffAbs": 0.04,
        "lastAvg": 2.6,
        "diff": 0.04,
        "avgMin": 18,
        "proj": 2.6,
        "lastAvgMin": 17.88,
        "oppOver": 0,
        "teamOver": 0,
        "gameLine": "+124",
        "+/-": "+12",
        "L5_+/-": "+4.0",
        "prevMatchup": "",
        "winLossSplits": "70% - 54%",
        "awayHome": "A",
        "playedYesterday": "N",
        "awayHomeSplits": "50% - 73%",
        "savesAboveExp": 0.892,
        "gsaa": 8.09,
        "corsi": "52.5% (65.7) // 53.8% (68.3) // 56.8% (73.8) // 56.3% (75.7)",
        "fenwick": "51.5% (46.9) // 53.1% (47.5) // 55.8% (50.5) // 55.2% (51.7)",
        "shots": "52.2% (32.5) // 54.1% (32.9) // 55.3% (33.8) // 54.2% (34.3)",
        "scoring": "52.5% (32.0) // 53.1% (33.2) // 56.6% (36.5) // 54.5% (34.3)",
        "corsiAgainst": "47.5% (59.3) // 46.2% (58.8) // 43.2% (56.0) // 43.7% (58.7)",
        "fenwickAgainst": "48.5% (44.2) // 46.9% (41.9) // 44.2% (40.0) // 44.8% (42.0)",
        "shotsAgainst": "47.8% (29.8) // 45.9% (27.9) // 44.7% (27.2) // 45.8% (29.0)",
        "scoringAgainst": "47.5% (28.9) // 46.9% (29.4) // 43.4% (28.0) // 45.5% (28.7)",
        "oppCorsi": "48.2% (57.7) // 46.0% (52.7) // 45.0% (48.0) // 46.4% (49.0)",
        "oppFenwick": "48.3% (42.3) // 45.7% (38.4) // 45.4% (34.8) // 46.0% (34.7)",
        "oppShots": "48.8% (30.1) // 46.2% (27.0) // 48.0% (26.8) // 47.7% (27.3)",
        "oppScoring": "49.9% (29.2) // 44.7% (24.6) // 49.0% (24.0) // 48.0% (24.0)",
        "oppCorsiAgainst": "51.8% (62.1) // 54.0% (61.9) // 55.0% (58.8) // 53.6% (56.7)",
        "oppFenwickAgainst": "51.7% (45.3) // 54.3% (45.6) // 54.6% (41.8) // 54.0% (40.7)",
        "oppShotsAgainst": "51.2% (31.6) // 53.8% (31.4) // 52.0% (29.0) // 52.3% (30.0)",
        "oppScoringAgainst": "50.1% (29.3) // 55.3% (30.4) // 51.0% (25.0) // 52.0% (26.0)",
        "totalOver": 61,
        "totalOverLast5": 40,
        "totalOverLast15": 53,
        "lastTotalOver": 42,
        "last5": "1,1,2,6,4,3,3,2,2,5",
        "fd": "-114/-114",
        "dk": "-110/-120",
        "kambi": "0",
        "lowest": "-110 DK",
        "implied": 52.38095238095239,
        "overOdds": "-110",
        "underOdds": "-120",
        "overUnder": "-110 / -120"
    },
    {
        "player": "Charlie Coyle",
        "team": "BOS",
        "opponent": "PIT",
        "propType": "sog",
        "line": 1.5,
        "ppLine": "PP2",
        "avg": 1.86,
        "hit": false,
        "diffAvg": 0.24,
        "diffAbs": 0.07,
        "lastAvg": 1.56,
        "diff": 0.04,
        "avgMin": 17,
        "proj": 1.6,
        "lastAvgMin": 16.98,
        "oppOver": 0,
        "teamOver": 0,
        "gameLine": "-148",
        "+/-": "+3",
        "L5_+/-": -1.0,
        "prevMatchup": "",
        "winLossSplits": "48% - 62%",
        "awayHome": "H",
        "playedYesterday": "N",
        "awayHomeSplits": "60% - 44%",
        "savesAboveExp": -1.293,
        "gsaa": 7.71,
        "corsi": "48.2% (57.7) // 46.0% (52.7) // 45.0% (48.0) // 46.4% (49.0)",
        "fenwick": "48.3% (42.3) // 45.7% (38.4) // 45.4% (34.8) // 46.0% (34.7)",
        "shots": "48.8% (30.1) // 46.2% (27.0) // 48.0% (26.8) // 47.7% (27.3)",
        "scoring": "49.9% (29.2) // 44.7% (24.6) // 49.0% (24.0) // 48.0% (24.0)",
        "corsiAgainst": "51.8% (62.1) // 54.0% (61.9) // 55.0% (58.8) // 53.6% (56.7)",
        "fenwickAgainst": "51.7% (45.3) // 54.3% (45.6) // 54.6% (41.8) // 54.0% (40.7)",
        "shotsAgainst": "51.2% (31.6) // 53.8% (31.4) // 52.0% (29.0) // 52.3% (30.0)",
        "scoringAgainst": "50.1% (29.3) // 55.3% (30.4) // 51.0% (25.0) // 52.0% (26.0)",
        "oppCorsi": "52.5% (65.7) // 53.8% (68.3) // 56.8% (73.8) // 56.3% (75.7)",
        "oppFenwick": "51.5% (46.9) // 53.1% (47.5) // 55.8% (50.5) // 55.2% (51.7)",
        "oppShots": "52.2% (32.5) // 54.1% (32.9) // 55.3% (33.8) // 54.2% (34.3)",
        "oppScoring": "52.5% (32.0) // 53.1% (33.2) // 56.6% (36.5) // 54.5% (34.3)",
        "oppCorsiAgainst": "47.5% (59.3) // 46.2% (58.8) // 43.2% (56.0) // 43.7% (58.7)",
        "oppFenwickAgainst": "48.5% (44.2) // 46.9% (41.9) // 44.2% (40.0) // 44.8% (42.0)",
        "oppShotsAgainst": "47.8% (29.8) // 45.9% (27.9) // 44.7% (27.2) // 45.8% (29.0)",
        "oppScoringAgainst": "47.5% (28.9) // 46.9% (29.4) // 43.4% (28.0) // 45.5% (28.7)",
        "totalOver": 53,
        "totalOverLast5": 60,
        "totalOverLast15": 53,
        "lastTotalOver": 52,
        "last5": "2,2,0,2,1,2,3,2,4,0",
        "fd": "-140/+108",
        "dk": "-145/+114",
        "kambi": "-162/125",
        "lowest": "-140 FD",
        "implied": 58.333333333333336,
        "overOdds": "-145",
        "underOdds": "+114",
        "overUnder": "-145 / +114"
    },
    {
        "player": "Charlie Mcavoy",
        "team": "BOS",
        "opponent": "PIT",
        "propType": "sog",
        "line": 1.5,
        "ppLine": "PP1",
        "avg": 1.79,
        "hit": false,
        "diffAvg": 0.19,
        "diffAbs": 0.0,
        "lastAvg": 1.42,
        "diff": -0.05,
        "avgMin": 24,
        "proj": 1.5,
        "lastAvgMin": 22.3,
        "oppOver": 0,
        "teamOver": 0,
        "gameLine": "-148",
        "+/-": -4,
        "L5_+/-": -3.0,
        "prevMatchup": "",
        "winLossSplits": "56% - 30%",
        "awayHome": "H",
        "playedYesterday": "N",
        "awayHomeSplits": "38% - 58%",
        "savesAboveExp": -1.293,
        "gsaa": 7.71,
        "corsi": "48.2% (57.7) // 46.0% (52.7) // 45.0% (48.0) // 46.4% (49.0)",
        "fenwick": "48.3% (42.3) // 45.7% (38.4) // 45.4% (34.8) // 46.0% (34.7)",
        "shots": "48.8% (30.1) // 46.2% (27.0) // 48.0% (26.8) // 47.7% (27.3)",
        "scoring": "49.9% (29.2) // 44.7% (24.6) // 49.0% (24.0) // 48.0% (24.0)",
        "corsiAgainst": "51.8% (62.1) // 54.0% (61.9) // 55.0% (58.8) // 53.6% (56.7)",
        "fenwickAgainst": "51.7% (45.3) // 54.3% (45.6) // 54.6% (41.8) // 54.0% (40.7)",
        "shotsAgainst": "51.2% (31.6) // 53.8% (31.4) // 52.0% (29.0) // 52.3% (30.0)",
        "scoringAgainst": "50.1% (29.3) // 55.3% (30.4) // 51.0% (25.0) // 52.0% (26.0)",
        "oppCorsi": "52.5% (65.7) // 53.8% (68.3) // 56.8% (73.8) // 56.3% (75.7)",
        "oppFenwick": "51.5% (46.9) // 53.1% (47.5) // 55.8% (50.5) // 55.2% (51.7)",
        "oppShots": "52.2% (32.5) // 54.1% (32.9) // 55.3% (33.8) // 54.2% (34.3)",
        "oppScoring": "52.5% (32.0) // 53.1% (33.2) // 56.6% (36.5) // 54.5% (34.3)",
        "oppCorsiAgainst": "47.5% (59.3) // 46.2% (58.8) // 43.2% (56.0) // 43.7% (58.7)",
        "oppFenwickAgainst": "48.5% (44.2) // 46.9% (41.9) // 44.2% (40.0) // 44.8% (42.0)",
        "oppShotsAgainst": "47.8% (29.8) // 45.9% (27.9) // 44.7% (27.2) // 45.8% (29.0)",
        "oppScoringAgainst": "47.5% (28.9) // 46.9% (29.4) // 43.4% (28.0) // 45.5% (28.7)",
        "totalOver": 46,
        "totalOverLast5": 40,
        "totalOverLast15": 33,
        "lastTotalOver": 49,
        "last5": "2,1,2,1,0,1,1,0,4,1",
        "fd": "-146/+112",
        "dk": "-150/+120",
        "kambi": "-167/128",
        "lowest": "-146 FD",
        "implied": 59.34959349593496,
        "overOdds": "-150",
        "underOdds": "+120",
        "overUnder": "-150 / +120"
    },
    {
        "player": "David Pastrnak",
        "team": "BOS",
        "opponent": "PIT",
        "propType": "sog",
        "line": 4.5,
        "ppLine": "PP1",
        "avg": 4.92,
        "hit": false,
        "diffAvg": 0.09,
        "diffAbs": 0.04,
        "lastAvg": 4.47,
        "diff": -0.01,
        "avgMin": 19,
        "proj": 4.3,
        "lastAvgMin": 19.55,
        "oppOver": 0,
        "teamOver": 0,
        "gameLine": "-148",
        "+/-": "+7",
        "L5_+/-": -1.0,
        "prevMatchup": "",
        "winLossSplits": "39% - 77%",
        "awayHome": "H",
        "playedYesterday": "N",
        "awayHomeSplits": "40% - 69%",
        "savesAboveExp": -1.293,
        "gsaa": 7.71,
        "corsi": "48.2% (57.7) // 46.0% (52.7) // 45.0% (48.0) // 46.4% (49.0)",
        "fenwick": "48.3% (42.3) // 45.7% (38.4) // 45.4% (34.8) // 46.0% (34.7)",
        "shots": "48.8% (30.1) // 46.2% (27.0) // 48.0% (26.8) // 47.7% (27.3)",
        "scoring": "49.9% (29.2) // 44.7% (24.6) // 49.0% (24.0) // 48.0% (24.0)",
        "corsiAgainst": "51.8% (62.1) // 54.0% (61.9) // 55.0% (58.8) // 53.6% (56.7)",
        "fenwickAgainst": "51.7% (45.3) // 54.3% (45.6) // 54.6% (41.8) // 54.0% (40.7)",
        "shotsAgainst": "51.2% (31.6) // 53.8% (31.4) // 52.0% (29.0) // 52.3% (30.0)",
        "scoringAgainst": "50.1% (29.3) // 55.3% (30.4) // 51.0% (25.0) // 52.0% (26.0)",
        "oppCorsi": "52.5% (65.7) // 53.8% (68.3) // 56.8% (73.8) // 56.3% (75.7)",
        "oppFenwick": "51.5% (46.9) // 53.1% (47.5) // 55.8% (50.5) // 55.2% (51.7)",
        "oppShots": "52.2% (32.5) // 54.1% (32.9) // 55.3% (33.8) // 54.2% (34.3)",
        "oppScoring": "52.5% (32.0) // 53.1% (33.2) // 56.6% (36.5) // 54.5% (34.3)",
        "oppCorsiAgainst": "47.5% (59.3) // 46.2% (58.8) // 43.2% (56.0) // 43.7% (58.7)",
        "oppFenwickAgainst": "48.5% (44.2) // 46.9% (41.9) // 44.2% (40.0) // 44.8% (42.0)",
        "oppShotsAgainst": "47.8% (29.8) // 45.9% (27.9) // 44.7% (27.2) // 45.8% (29.0)",
        "oppScoringAgainst": "47.5% (28.9) // 46.9% (29.4) // 43.4% (28.0) // 45.5% (28.7)",
        "totalOver": 53,
        "totalOverLast5": 20,
        "totalOverLast15": 53,
        "lastTotalOver": 59,
        "last5": "2,4,6,3,4,1,11,5,6,7",
        "fd": "-110/-118",
        "dk": "-130/+100",
        "kambi": "-130/100",
        "lowest": "-110 FD",
        "implied": 52.38095238095239,
        "overOdds": "-130",
        "underOdds": "+100",
        "overUnder": "-130 / +100"
    },
    {
        "player": "Erik Karlsson",
        "team": "PIT",
        "opponent": "BOS",
        "propType": "sog",
        "line": 2.5,
        "ppLine": "PP1",
        "avg": 2.44,
        "hit": false,
        "diffAvg": -0.02,
        "diffAbs": 0.04,
        "lastAvg": 2.52,
        "diff": 0.01,
        "avgMin": 24,
        "proj": 2.4,
        "lastAvgMin": 25.6,
        "oppOver": 0,
        "teamOver": 0,
        "gameLine": "+124",
        "+/-": "+13",
        "L5_+/-": "+1.0",
        "prevMatchup": "",
        "winLossSplits": "44% - 44%",
        "awayHome": "A",
        "playedYesterday": "N",
        "awayHomeSplits": "50% - 39%",
        "savesAboveExp": 0.892,
        "gsaa": 8.09,
        "corsi": "52.5% (65.7) // 53.8% (68.3) // 56.8% (73.8) // 56.3% (75.7)",
        "fenwick": "51.5% (46.9) // 53.1% (47.5) // 55.8% (50.5) // 55.2% (51.7)",
        "shots": "52.2% (32.5) // 54.1% (32.9) // 55.3% (33.8) // 54.2% (34.3)",
        "scoring": "52.5% (32.0) // 53.1% (33.2) // 56.6% (36.5) // 54.5% (34.3)",
        "corsiAgainst": "47.5% (59.3) // 46.2% (58.8) // 43.2% (56.0) // 43.7% (58.7)",
        "fenwickAgainst": "48.5% (44.2) // 46.9% (41.9) // 44.2% (40.0) // 44.8% (42.0)",
        "shotsAgainst": "47.8% (29.8) // 45.9% (27.9) // 44.7% (27.2) // 45.8% (29.0)",
        "scoringAgainst": "47.5% (28.9) // 46.9% (29.4) // 43.4% (28.0) // 45.5% (28.7)",
        "oppCorsi": "48.2% (57.7) // 46.0% (52.7) // 45.0% (48.0) // 46.4% (49.0)",
        "oppFenwick": "48.3% (42.3) // 45.7% (38.4) // 45.4% (34.8) // 46.0% (34.7)",
        "oppShots": "48.8% (30.1) // 46.2% (27.0) // 48.0% (26.8) // 47.7% (27.3)",
        "oppScoring": "49.9% (29.2) // 44.7% (24.6) // 49.0% (24.0) // 48.0% (24.0)",
        "oppCorsiAgainst": "51.8% (62.1) // 54.0% (61.9) // 55.0% (58.8) // 53.6% (56.7)",
        "oppFenwickAgainst": "51.7% (45.3) // 54.3% (45.6) // 54.6% (41.8) // 54.0% (40.7)",
        "oppShotsAgainst": "51.2% (31.6) // 53.8% (31.4) // 52.0% (29.0) // 52.3% (30.0)",
        "oppScoringAgainst": "50.1% (29.3) // 55.3% (30.4) // 51.0% (25.0) // 52.0% (26.0)",
        "totalOver": 44,
        "totalOverLast5": 0,
        "totalOverLast15": 40,
        "lastTotalOver": 47,
        "last5": "2,0,1,2,2,2,4,3,7,3",
        "fd": "+126/-165",
        "dk": "+124/-160",
        "kambi": "105/-136",
        "lowest": "126 FD",
        "implied": 44.24778761061947,
        "overOdds": "+124",
        "underOdds": "-160",
