[
    {
        "player": "Alex Tuch",
        "team": "BUF",
        "opponent": "OTT",
        "propType": "sog",
        "line": 2.5,
        "ppLine": "",
        "avg": 2.6,
        "hit": false,
        "diffAvg": 0.04,
        "diffAbs": 0.16,
        "lastAvg": 2.95,
        "diff": 0.18,
        "avgMin": 19,
        "proj": 2.9,
        "lastAvgMin": 19.15,
        "oppOver": 0,
        "teamOver": 0,
        "gameLine": "-125",
        "+/-": -1,
        "L5_+/-": "+4.0",
        "prevMatchup": "2024-01-11 3.0 sog 2023-12-31 1.0 sog 2023-10-24 3.0 sog",
        "winLossSplits": "47% - 45%",
        "awayHome": "H",
        "playedYesterday": "Y",
        "awayHomeSplits": "50% - 40%",
        "savesAboveExp": 0.689,
        "gsaa": -5.87,
        "corsi": "49.9% (59.3) // 53.1% (66.2) // 50.2% (65.2) // 49.5% (64.0)",
        "fenwick": "50.5% (43.8) // 53.9% (48.2) // 51.1% (47.0) // 50.0% (44.7)",
        "shots": "51.3% (31.0) // 53.8% (34.5) // 52.2% (35.0) // 51.8% (34.0)",
        "scoring": "48.4% (27.8) // 52.8% (29.3) // 51.0% (26.5) // 49.7% (24.7)",
        "corsiAgainst": "50.1% (59.5) // 46.9% (58.5) // 49.8% (64.8) // 50.5% (65.3)",
        "fenwickAgainst": "49.5% (43.0) // 46.1% (41.2) // 48.9% (45.0) // 50.0% (44.7)",
        "shotsAgainst": "48.7% (29.5) // 46.2% (29.6) // 47.8% (32.0) // 48.2% (31.7)",
        "scoringAgainst": "51.6% (29.6) // 47.2% (26.2) // 49.0% (25.5) // 50.3% (25.0)",
        "oppCorsi": "50.3% (61.5) // 48.7% (63.0) // 52.5% (67.6) // 50.9% (63.0)",
        "oppFenwick": "50.9% (44.8) // 48.5% (45.0) // 51.8% (47.2) // 48.3% (42.7)",
        "oppShots": "50.5% (32.1) // 47.6% (32.0) // 49.1% (32.4) // 44.4% (30.3)",
        "oppScoring": "47.7% (27.6) // 45.7% (27.1) // 47.2% (27.0) // 43.3% (24.7)",
        "oppCorsiAgainst": "49.7% (60.9) // 51.3% (66.4) // 47.5% (61.2) // 49.1% (60.7)",
        "oppFenwickAgainst": "49.1% (43.2) // 51.5% (47.7) // 48.2% (44.0) // 51.7% (45.7)",
        "oppShotsAgainst": "49.5% (31.4) // 52.4% (35.2) // 50.9% (33.6) // 55.6% (38.0)",
        "oppScoringAgainst": "52.3% (30.3) // 54.3% (32.2) // 52.8% (30.2) // 56.7% (32.3)",
        "totalOver": 46,
        "totalOverLast5": 60,
        "totalOverLast15": 40,
        "lastTotalOver": 60,
        "last5": "3,6,4,1,1,1,2,4,1,1",
        "fd": "0",
        "dk": "-140/+110",
        "kambi": "-150/115",
        "lowest": "-140 DK",
        "implied": 58.333333333333336,
        "overOdds": "-140",
        "underOdds": "+110",
        "overUnder": "-140 / +110"
    },
    {
        "player": "Brady Tkachuk",
        "team": "OTT",
        "opponent": "BUF",
        "propType": "sog",
        "line": 3.5,
        "ppLine": "",
        "avg": 4.46,
        "hit": false,
        "diffAvg": 0.27,
        "diffAbs": 0.2,
        "lastAvg": 4.13,
        "diff": 0.18,
        "avgMin": 19,
        "proj": 4.2,
        "lastAvgMin": 18.62,
        "oppOver": 0,
        "teamOver": 0,
        "gameLine": "+105",
        "+/-": -10,
        "L5_+/-": -7.0,
        "prevMatchup": "2024-01-11 4.0 sog 2023-12-31 3.0 sog 2023-10-24 6.0 sog",
        "winLossSplits": "64% - 70%",
        "awayHome": "A",
        "playedYesterday": "Y",
        "awayHomeSplits": "59% - 75%",
        "savesAboveExp": 0.461,
        "gsaa": -2.15,
        "corsi": "50.3% (61.5) // 48.7% (63.0) // 52.5% (67.6) // 50.9% (63.0)",
        "fenwick": "50.9% (44.8) // 48.5% (45.0) // 51.8% (47.2) // 48.3% (42.7)",
        "shots": "50.5% (32.1) // 47.6% (32.0) // 49.1% (32.4) // 44.4% (30.3)",
        "scoring": "47.7% (27.6) // 45.7% (27.1) // 47.2% (27.0) // 43.3% (24.7)",
        "corsiAgainst": "49.7% (60.9) // 51.3% (66.4) // 47.5% (61.2) // 49.1% (60.7)",
        "fenwickAgainst": "49.1% (43.2) // 51.5% (47.7) // 48.2% (44.0) // 51.7% (45.7)",
        "shotsAgainst": "49.5% (31.4) // 52.4% (35.2) // 50.9% (33.6) // 55.6% (38.0)",
        "scoringAgainst": "52.3% (30.3) // 54.3% (32.2) // 52.8% (30.2) // 56.7% (32.3)",
        "oppCorsi": "49.9% (59.3) // 53.1% (66.2) // 50.2% (65.2) // 49.5% (64.0)",
        "oppFenwick": "50.5% (43.8) // 53.9% (48.2) // 51.1% (47.0) // 50.0% (44.7)",
        "oppShots": "51.3% (31.0) // 53.8% (34.5) // 52.2% (35.0) // 51.8% (34.0)",
        "oppScoring": "48.4% (27.8) // 52.8% (29.3) // 51.0% (26.5) // 49.7% (24.7)",
        "oppCorsiAgainst": "50.1% (59.5) // 46.9% (58.5) // 49.8% (64.8) // 50.5% (65.3)",
        "oppFenwickAgainst": "49.5% (43.0) // 46.1% (41.2) // 48.9% (45.0) // 50.0% (44.7)",
        "oppShotsAgainst": "48.7% (29.5) // 46.2% (29.6) // 47.8% (32.0) // 48.2% (31.7)",
        "oppScoringAgainst": "51.6% (29.6) // 47.2% (26.2) // 49.0% (25.5) // 50.3% (25.0)",
        "totalOver": 68,
        "totalOverLast5": 80,
        "totalOverLast15": 67,
        "lastTotalOver": 69,
        "last5": "4,2,4,4,4,3,5,2,4,9",
        "fd": "0",
        "dk": "-150/+120",
        "kambi": "-143/110",
        "lowest": "-143 BR",
        "implied": 58.8477366255144,
        "overOdds": "-150",
        "underOdds": "+120",
        "overUnder": "-150 / +120"
    },
    {
        "player": "Casey Mittelstadt",
        "team": "BUF",
        "opponent": "OTT",
        "propType": "sog",
        "line": 1.5,
        "ppLine": "",
        "avg": 1.57,
        "hit": false,
        "diffAvg": 0.05,
        "diffAbs": 0.27,
        "lastAvg": 1.65,
        "diff": 0.1,
        "avgMin": 18,
        "proj": 1.9,
        "lastAvgMin": 15.72,
        "oppOver": 0,
        "teamOver": 0,
        "gameLine": "-125",
        "+/-": "+9",
        "L5_+/-": "+6.0",
        "prevMatchup": "2024-01-11 1.0 sog 2023-12-31 2.0 sog 2023-10-24 0.0 sog",
        "winLossSplits": "39% - 54%",
        "awayHome": "H",
        "playedYesterday": "Y",
        "awayHomeSplits": "64% - 30%",
        "savesAboveExp": 0.689,
        "gsaa": -5.87,
        "corsi": "49.9% (59.3) // 53.1% (66.2) // 50.2% (65.2) // 49.5% (64.0)",
        "fenwick": "50.5% (43.8) // 53.9% (48.2) // 51.1% (47.0) // 50.0% (44.7)",
        "shots": "51.3% (31.0) // 53.8% (34.5) // 52.2% (35.0) // 51.8% (34.0)",
        "scoring": "48.4% (27.8) // 52.8% (29.3) // 51.0% (26.5) // 49.7% (24.7)",
        "corsiAgainst": "50.1% (59.5) // 46.9% (58.5) // 49.8% (64.8) // 50.5% (65.3)",
        "fenwickAgainst": "49.5% (43.0) // 46.1% (41.2) // 48.9% (45.0) // 50.0% (44.7)",
        "shotsAgainst": "48.7% (29.5) // 46.2% (29.6) // 47.8% (32.0) // 48.2% (31.7)",
        "scoringAgainst": "51.6% (29.6) // 47.2% (26.2) // 49.0% (25.5) // 50.3% (25.0)",
        "oppCorsi": "50.3% (61.5) // 48.7% (63.0) // 52.5% (67.6) // 50.9% (63.0)",
        "oppFenwick": "50.9% (44.8) // 48.5% (45.0) // 51.8% (47.2) // 48.3% (42.7)",
        "oppShots": "50.5% (32.1) // 47.6% (32.0) // 49.1% (32.4) // 44.4% (30.3)",
        "oppScoring": "47.7% (27.6) // 45.7% (27.1) // 47.2% (27.0) // 43.3% (24.7)",
        "oppCorsiAgainst": "49.7% (60.9) // 51.3% (66.4) // 47.5% (61.2) // 49.1% (60.7)",
        "oppFenwickAgainst": "49.1% (43.2) // 51.5% (47.7) // 48.2% (44.0) // 51.7% (45.7)",
        "oppShotsAgainst": "49.5% (31.4) // 52.4% (35.2) // 50.9% (33.6) // 55.6% (38.0)",
        "oppScoringAgainst": "52.3% (30.3) // 54.3% (32.2) // 52.8% (30.2) // 56.7% (32.3)",
        "totalOver": 48,
        "totalOverLast5": 40,
        "totalOverLast15": 47,
        "lastTotalOver": 51,
        "last5": "1,1,1,2,2,4,0,4,0,0",
        "fd": "0",
        "dk": "-175/+135",
        "kambi": "0",
        "lowest": "-175 DK",
        "implied": 63.63636363636363,
        "overOdds": "-175",
        "underOdds": "+135",
        "overUnder": "-175 / +135"
    },
    {
        "player": "Claude Giroux",
        "team": "OTT",
        "opponent": "BUF",
        "propType": "sog",
        "line": 2.5,
        "ppLine": "",
        "avg": 2.46,
        "hit": false,
        "diffAvg": -0.02,
        "diffAbs": 0.12,
        "lastAvg": 2.61,
        "diff": 0.04,
        "avgMin": 20,
        "proj": 2.8,
        "lastAvgMin": 18.78,
        "oppOver": 0,
        "teamOver": 0,
        "gameLine": "+105",
        "+/-": -2,
        "L5_+/-": -4.0,
        "prevMatchup": "2024-01-11 3.0 sog 2023-12-31 2.0 sog 2023-10-24 1.0 sog",
        "winLossSplits": "50% - 35%",
        "awayHome": "A",
        "playedYesterday": "Y",
        "awayHomeSplits": "53% - 30%",
        "savesAboveExp": 0.461,
        "gsaa": -2.15,
        "corsi": "50.3% (61.5) // 48.7% (63.0) // 52.5% (67.6) // 50.9% (63.0)",
        "fenwick": "50.9% (44.8) // 48.5% (45.0) // 51.8% (47.2) // 48.3% (42.7)",
        "shots": "50.5% (32.1) // 47.6% (32.0) // 49.1% (32.4) // 44.4% (30.3)",
        "scoring": "47.7% (27.6) // 45.7% (27.1) // 47.2% (27.0) // 43.3% (24.7)",
        "corsiAgainst": "49.7% (60.9) // 51.3% (66.4) // 47.5% (61.2) // 49.1% (60.7)",
        "fenwickAgainst": "49.1% (43.2) // 51.5% (47.7) // 48.2% (44.0) // 51.7% (45.7)",
        "shotsAgainst": "49.5% (31.4) // 52.4% (35.2) // 50.9% (33.6) // 55.6% (38.0)",
        "scoringAgainst": "52.3% (30.3) // 54.3% (32.2) // 52.8% (30.2) // 56.7% (32.3)",
        "oppCorsi": "49.9% (59.3) // 53.1% (66.2) // 50.2% (65.2) // 49.5% (64.0)",
        "oppFenwick": "50.5% (43.8) // 53.9% (48.2) // 51.1% (47.0) // 50.0% (44.7)",
        "oppShots": "51.3% (31.0) // 53.8% (34.5) // 52.2% (35.0) // 51.8% (34.0)",
        "oppScoring": "48.4% (27.8) // 52.8% (29.3) // 51.0% (26.5) // 49.7% (24.7)",
        "oppCorsiAgainst": "50.1% (59.5) // 46.9% (58.5) // 49.8% (64.8) // 50.5% (65.3)",
        "oppFenwickAgainst": "49.5% (43.0) // 46.1% (41.2) // 48.9% (45.0) // 50.0% (44.7)",
        "oppShotsAgainst": "48.7% (29.5) // 46.2% (29.6) // 47.8% (32.0) // 48.2% (31.7)",
        "oppScoringAgainst": "51.6% (29.6) // 47.2% (26.2) // 49.0% (25.5) // 50.3% (25.0)",
        "totalOver": 41,
        "totalOverLast5": 40,
        "totalOverLast15": 33,
        "lastTotalOver": 47,
        "last5": "3,1,0,1,3,2,0,1,2,2",
        "fd": "0",
        "dk": "+114/-145",
        "kambi": "130/-175",
        "lowest": "130 BR",
        "implied": 43.47826086956522,
        "overOdds": "+114",
        "underOdds": "-145",
        "overUnder": "+114 / -145"
    },
    {
        "player": "Drake Batherson",
        "team": "OTT",
        "opponent": "BUF",
        "propType": "sog",
        "line": 2.5,
        "ppLine": "",
        "avg": 2.51,
        "hit": false,
        "diffAvg": 0.0,
        "diffAbs": 0.16,
        "lastAvg": 3.04,
        "diff": 0.22,
        "avgMin": 18,
        "proj": 2.9,
        "lastAvgMin": 18.6,
        "oppOver": 0,
        "teamOver": 0,
        "gameLine": "+105",
        "+/-": -3,
        "L5_+/-": -2.0,
        "prevMatchup": "2024-01-11 2.0 sog 2023-12-31 0.0 sog 2023-10-24 2.0 sog",
        "winLossSplits": "14% - 52%",
        "awayHome": "A",
        "playedYesterday": "Y",
        "awayHomeSplits": "41% - 35%",
        "savesAboveExp": 0.461,
        "gsaa": -2.15,
        "corsi": "50.3% (61.5) // 48.7% (63.0) // 52.5% (67.6) // 50.9% (63.0)",
        "fenwick": "50.9% (44.8) // 48.5% (45.0) // 51.8% (47.2) // 48.3% (42.7)",
        "shots": "50.5% (32.1) // 47.6% (32.0) // 49.1% (32.4) // 44.4% (30.3)",
        "scoring": "47.7% (27.6) // 45.7% (27.1) // 47.2% (27.0) // 43.3% (24.7)",
        "corsiAgainst": "49.7% (60.9) // 51.3% (66.4) // 47.5% (61.2) // 49.1% (60.7)",
        "fenwickAgainst": "49.1% (43.2) // 51.5% (47.7) // 48.2% (44.0) // 51.7% (45.7)",
        "shotsAgainst": "49.5% (31.4) // 52.4% (35.2) // 50.9% (33.6) // 55.6% (38.0)",
        "scoringAgainst": "52.3% (30.3) // 54.3% (32.2) // 52.8% (30.2) // 56.7% (32.3)",
        "oppCorsi": "49.9% (59.3) // 53.1% (66.2) // 50.2% (65.2) // 49.5% (64.0)",
        "oppFenwick": "50.5% (43.8) // 53.9% (48.2) // 51.1% (47.0) // 50.0% (44.7)",
        "oppShots": "51.3% (31.0) // 53.8% (34.5) // 52.2% (35.0) // 51.8% (34.0)",
        "oppScoring": "48.4% (27.8) // 52.8% (29.3) // 51.0% (26.5) // 49.7% (24.7)",
        "oppCorsiAgainst": "50.1% (59.5) // 46.9% (58.5) // 49.8% (64.8) // 50.5% (65.3)",
        "oppFenwickAgainst": "49.5% (43.0) // 46.1% (41.2) // 48.9% (45.0) // 50.0% (44.7)",
        "oppShotsAgainst": "48.7% (29.5) // 46.2% (29.6) // 47.8% (32.0) // 48.2% (31.7)",
        "oppScoringAgainst": "51.6% (29.6) // 47.2% (26.2) // 49.0% (25.5) // 50.3% (25.0)",
        "totalOver": 38,
        "totalOverLast5": 20,
        "totalOverLast15": 47,
        "lastTotalOver": 59,
        "last5": "2,2,1,1,3,0,4,4,3,5",
        "fd": "0",
        "dk": "-120/-110",
        "kambi": "-106/-122",
        "lowest": "-106 BR",
        "implied": 51.45631067961165,
        "overOdds": "-120",
        "underOdds": "-110",
        "overUnder": "-120 / -110"
    },
    {
        "player": "Dylan Cozens",
        "team": "BUF",
        "opponent": "OTT",
        "propType": "sog",
        "line": 2.5,
        "ppLine": "",
        "avg": 2.58,
        "hit": false,
        "diffAvg": 0.03,
        "diffAbs": 0.0,
        "lastAvg": 2.6,
        "diff": 0.04,
        "avgMin": 16,
        "proj": 2.5,
        "lastAvgMin": 16.48,
        "oppOver": 0,
        "teamOver": 0,
        "gameLine": "-125",
        "+/-": -6,
        "L5_+/-": -2.0,
        "prevMatchup": "2024-01-11 2.0 sog 2023-12-31 6.0 sog 2023-10-24 1.0 sog",
        "winLossSplits": "35% - 48%",
        "awayHome": "H",
        "playedYesterday": "Y",
        "awayHomeSplits": "40% - 45%",
        "savesAboveExp": 0.689,
        "gsaa": -5.87,
        "corsi": "49.9% (59.3) // 53.1% (66.2) // 50.2% (65.2) // 49.5% (64.0)",
        "fenwick": "50.5% (43.8) // 53.9% (48.2) // 51.1% (47.0) // 50.0% (44.7)",
        "shots": "51.3% (31.0) // 53.8% (34.5) // 52.2% (35.0) // 51.8% (34.0)",
        "scoring": "48.4% (27.8) // 52.8% (29.3) // 51.0% (26.5) // 49.7% (24.7)",
        "corsiAgainst": "50.1% (59.5) // 46.9% (58.5) // 49.8% (64.8) // 50.5% (65.3)",
        "fenwickAgainst": "49.5% (43.0) // 46.1% (41.2) // 48.9% (45.0) // 50.0% (44.7)",
        "shotsAgainst": "48.7% (29.5) // 46.2% (29.6) // 47.8% (32.0) // 48.2% (31.7)",
        "scoringAgainst": "51.6% (29.6) // 47.2% (26.2) // 49.0% (25.5) // 50.3% (25.0)",
        "oppCorsi": "50.3% (61.5) // 48.7% (63.0) // 52.5% (67.6) // 50.9% (63.0)",
        "oppFenwick": "50.9% (44.8) // 48.5% (45.0) // 51.8% (47.2) // 48.3% (42.7)",
        "oppShots": "50.5% (32.1) // 47.6% (32.0) // 49.1% (32.4) // 44.4% (30.3)",
        "oppScoring": "47.7% (27.6) // 45.7% (27.1) // 47.2% (27.0) // 43.3% (24.7)",
        "oppCorsiAgainst": "49.7% (60.9) // 51.3% (66.4) // 47.5% (61.2) // 49.1% (60.7)",
        "oppFenwickAgainst": "49.1% (43.2) // 51.5% (47.7) // 48.2% (44.0) // 51.7% (45.7)",
        "oppShotsAgainst": "49.5% (31.4) // 52.4% (35.2) // 50.9% (33.6) // 55.6% (38.0)",
        "oppScoringAgainst": "52.3% (30.3) // 54.3% (32.2) // 52.8% (30.2) // 56.7% (32.3)",
        "totalOver": 42,
        "totalOverLast5": 40,
        "totalOverLast15": 47,
        "lastTotalOver": 45,
        "last5": "2,4,0,2,6,6,2,1,1,5",
        "fd": "0",
        "dk": "-115/-115",
        "kambi": "-114/-114",
        "lowest": "-114 BR",
        "implied": 53.271028037383175,
        "overOdds": "-115",
        "underOdds": "-115",
        "overUnder": "-115 / -115"
    },
    {
        "player": "Jack Quinn",
        "team": "BUF",
        "opponent": "OTT",
        "propType": "sog",
        "line": 2.5,
        "ppLine": "",
        "avg": 2.3,
        "hit": false,
        "diffAvg": -0.08,
        "diffAbs": 0.24,
        "lastAvg": 1.68,
        "diff": -0.33,
        "avgMin": 16,
        "proj": 1.9,
        "lastAvgMin": 13.83,
        "oppOver": 0,
        "teamOver": 0,
        "gameLine": "-125",
        "+/-": -5,
        "L5_+/-": -5.0,
        "prevMatchup": "2024-01-11 3.0 sog 2023-12-31 1.0 sog",
        "winLossSplits": "60% - 40%",
        "awayHome": "H",
        "playedYesterday": "Y",
        "awayHomeSplits": "25% - 67%",
        "savesAboveExp": 0.689,
        "gsaa": -5.87,
        "corsi": "49.9% (59.3) // 53.1% (66.2) // 50.2% (65.2) // 49.5% (64.0)",
        "fenwick": "50.5% (43.8) // 53.9% (48.2) // 51.1% (47.0) // 50.0% (44.7)",
        "shots": "51.3% (31.0) // 53.8% (34.5) // 52.2% (35.0) // 51.8% (34.0)",
        "scoring": "48.4% (27.8) // 52.8% (29.3) // 51.0% (26.5) // 49.7% (24.7)",
        "corsiAgainst": "50.1% (59.5) // 46.9% (58.5) // 49.8% (64.8) // 50.5% (65.3)",
        "fenwickAgainst": "49.5% (43.0) // 46.1% (41.2) // 48.9% (45.0) // 50.0% (44.7)",
        "shotsAgainst": "48.7% (29.5) // 46.2% (29.6) // 47.8% (32.0) // 48.2% (31.7)",
        "scoringAgainst": "51.6% (29.6) // 47.2% (26.2) // 49.0% (25.5) // 50.3% (25.0)",
        "oppCorsi": "50.3% (61.5) // 48.7% (63.0) // 52.5% (67.6) // 50.9% (63.0)",
        "oppFenwick": "50.9% (44.8) // 48.5% (45.0) // 51.8% (47.2) // 48.3% (42.7)",
        "oppShots": "50.5% (32.1) // 47.6% (32.0) // 49.1% (32.4) // 44.4% (30.3)",
        "oppScoring": "47.7% (27.6) // 45.7% (27.1) // 47.2% (27.0) // 43.3% (24.7)",
        "oppCorsiAgainst": "49.7% (60.9) // 51.3% (66.4) // 47.5% (61.2) // 49.1% (60.7)",
        "oppFenwickAgainst": "49.1% (43.2) // 51.5% (47.7) // 48.2% (44.0) // 51.7% (45.7)",
        "oppShotsAgainst": "49.5% (31.4) // 52.4% (35.2) // 50.9% (33.6) // 55.6% (38.0)",
        "oppScoringAgainst": "52.3% (30.3) // 54.3% (32.2) // 52.8% (30.2) // 56.7% (32.3)",
        "totalOver": 50,
        "totalOverLast5": 60,
        "totalOverLast15": 50,
        "lastTotalOver": 0,
        "last5": "3,3,1,3,1,2,4,2,3,1",
        "fd": "0",
        "dk": "+150/-195",
        "kambi": "0",
        "lowest": "150 DK",
        "implied": 40.0,
        "overOdds": "+150",
        "underOdds": "-195",
        "overUnder": "+150 / -195"
    },
    {
        "player": "Jakob Chychrun",
        "team": "OTT",
        "opponent": "BUF",
        "propType": "sog",
        "line": 2.5,
        "ppLine": "",
        "avg": 2.38,
        "hit": false,
        "diffAvg": -0.05,
        "diffAbs": 0.16,
        "lastAvg": 3.0,
        "diff": 0.2,
        "avgMin": 22,
        "proj": 2.9,
        "lastAvgMin": 22.7,
        "oppOver": 0,
        "teamOver": 0,
        "gameLine": "+105",
        "+/-": -8,
        "L5_+/-": -4.0,
        "prevMatchup": "2024-01-11 5.0 sog 2023-12-31 3.0 sog 2023-10-24 1.0 sog",
        "winLossSplits": "36% - 35%",
        "awayHome": "A",
        "playedYesterday": "Y",
        "awayHomeSplits": "35% - 35%",
        "savesAboveExp": 0.461,
        "gsaa": -2.15,
        "corsi": "50.3% (61.5) // 48.7% (63.0) // 52.5% (67.6) // 50.9% (63.0)",
        "fenwick": "50.9% (44.8) // 48.5% (45.0) // 51.8% (47.2) // 48.3% (42.7)",
        "shots": "50.5% (32.1) // 47.6% (32.0) // 49.1% (32.4) // 44.4% (30.3)",
        "scoring": "47.7% (27.6) // 45.7% (27.1) // 47.2% (27.0) // 43.3% (24.7)",
        "corsiAgainst": "49.7% (60.9) // 51.3% (66.4) // 47.5% (61.2) // 49.1% (60.7)",
        "fenwickAgainst": "49.1% (43.2) // 51.5% (47.7) // 48.2% (44.0) // 51.7% (45.7)",
        "shotsAgainst": "49.5% (31.4) // 52.4% (35.2) // 50.9% (33.6) // 55.6% (38.0)",
        "scoringAgainst": "52.3% (30.3) // 54.3% (32.2) // 52.8% (30.2) // 56.7% (32.3)",
        "oppCorsi": "49.9% (59.3) // 53.1% (66.2) // 50.2% (65.2) // 49.5% (64.0)",
        "oppFenwick": "50.5% (43.8) // 53.9% (48.2) // 51.1% (47.0) // 50.0% (44.7)",
        "oppShots": "51.3% (31.0) // 53.8% (34.5) // 52.2% (35.0) // 51.8% (34.0)",
        "oppScoring": "48.4% (27.8) // 52.8% (29.3) // 51.0% (26.5) // 49.7% (24.7)",
        "oppCorsiAgainst": "50.1% (59.5) // 46.9% (58.5) // 49.8% (64.8) // 50.5% (65.3)",
        "oppFenwickAgainst": "49.5% (43.0) // 46.1% (41.2) // 48.9% (45.0) // 50.0% (44.7)",
        "oppShotsAgainst": "48.7% (29.5) // 46.2% (29.6) // 47.8% (32.0) // 48.2% (31.7)",
        "oppScoringAgainst": "51.6% (29.6) // 47.2% (26.2) // 49.0% (25.5) // 50.3% (25.0)",
        "totalOver": 35,
        "totalOverLast5": 40,
        "totalOverLast15": 40,
        "lastTotalOver": 60,
        "last5": "5,2,1,2,4,3,2,2,3,1",
        "fd": "0",
        "dk": "-115/-115",
        "kambi": "-106/-122",
        "lowest": "-106 BR",
        "implied": 51.45631067961165,
        "overOdds": "-115",
        "underOdds": "-115",
        "overUnder": "-115 / -115"
    },
    {
        "player": "Jj Peterka",
        "team": "BUF",
        "opponent": "OTT",
        "propType": "sog",
        "line": 2.5,
        "ppLine": "",
        "avg": 2.69,
        "hit": false,
        "diffAvg": 0.08,
        "diffAbs": 0.24,
        "lastAvg": 1.62,
        "diff": -0.35,
        "avgMin": 16,
        "proj": 1.9,
        "lastAvgMin": 13.63,
        "oppOver": 0,
        "teamOver": 0,
        "gameLine": "-125",
        "+/-": "+3",
        "L5_+/-": -3.0,
        "prevMatchup": "2024-01-11 1.0 sog 2023-12-31 4.0 sog 2023-10-24 0.0 sog",
        "winLossSplits": "50% - 58%",
        "awayHome": "H",
        "playedYesterday": "Y",
        "awayHomeSplits": "55% - 55%",
        "savesAboveExp": 0.689,
        "gsaa": -5.87,
        "corsi": "49.9% (59.3) // 53.1% (66.2) // 50.2% (65.2) // 49.5% (64.0)",
        "fenwick": "50.5% (43.8) // 53.9% (48.2) // 51.1% (47.0) // 50.0% (44.7)",
        "shots": "51.3% (31.0) // 53.8% (34.5) // 52.2% (35.0) // 51.8% (34.0)",
        "scoring": "48.4% (27.8) // 52.8% (29.3) // 51.0% (26.5) // 49.7% (24.7)",
        "corsiAgainst": "50.1% (59.5) // 46.9% (58.5) // 49.8% (64.8) // 50.5% (65.3)",
        "fenwickAgainst": "49.5% (43.0) // 46.1% (41.2) // 48.9% (45.0) // 50.0% (44.7)",
        "shotsAgainst": "48.7% (29.5) // 46.2% (29.6) // 47.8% (32.0) // 48.2% (31.7)",
        "scoringAgainst": "51.6% (29.6) // 47.2% (26.2) // 49.0% (25.5) // 50.3% (25.0)",
        "oppCorsi": "50.3% (61.5) // 48.7% (63.0) // 52.5% (67.6) // 50.9% (63.0)",
        "oppFenwick": "50.9% (44.8) // 48.5% (45.0) // 51.8% (47.2) // 48.3% (42.7)",
        "oppShots": "50.5% (32.1) // 47.6% (32.0) // 49.1% (32.4) // 44.4% (30.3)",
        "oppScoring": "47.7% (27.6) // 45.7% (27.1) // 47.2% (27.0) // 43.3% (24.7)",
        "oppCorsiAgainst": "49.7% (60.9) // 51.3% (66.4) // 47.5% (61.2) // 49.1% (60.7)",
        "oppFenwickAgainst": "49.1% (43.2) // 51.5% (47.7) // 48.2% (44.0) // 51.7% (45.7)",
        "oppShotsAgainst": "49.5% (31.4) // 52.4% (35.2) // 50.9% (33.6) // 55.6% (38.0)",
        "oppScoringAgainst": "52.3% (30.3) // 54.3% (32.2) // 52.8% (30.2) // 56.7% (32.3)",
        "totalOver": 55,
        "totalOverLast5": 60,
        "totalOverLast15": 60,
        "lastTotalOver": 30,
        "last5": "1,4,1,3,4,3,1,1,1,3",
        "fd": "0",
        "dk": "-105/-125",
        "kambi": "0",
        "lowest": "-105 DK",
        "implied": 51.21951219512195,
        "overOdds": "-105",
        "underOdds": "-125",
        "overUnder": "-105 / -125"
    },
    {
        "player": "Rasmus Dahlin",
        "team": "BUF",
        "opponent": "OTT",
        "propType": "sog",
        "line": 2.5,
        "ppLine": "",
        "avg": 2.98,
        "hit": false,
        "diffAvg": 0.19,
        "diffAbs": 0.04,
        "lastAvg": 2.55,
        "diff": 0.02,
        "avgMin": 24,
        "proj": 2.4,
        "lastAvgMin": 25.78,
        "oppOver": 0,
        "teamOver": 0,
        "gameLine": "-125",
        "+/-": -16,
        "L5_+/-": -7.0,
        "prevMatchup": "2024-01-11 1.0 sog 2023-12-31 6.0 sog 2023-10-24 1.0 sog",
        "winLossSplits": "47% - 75%",
        "awayHome": "H",
        "playedYesterday": "Y",
        "awayHomeSplits": "62% - 65%",
        "savesAboveExp": 0.689,
        "gsaa": -5.87,
        "corsi": "49.9% (59.3) // 53.1% (66.2) // 50.2% (65.2) // 49.5% (64.0)",
        "fenwick": "50.5% (43.8) // 53.9% (48.2) // 51.1% (47.0) // 50.0% (44.7)",
        "shots": "51.3% (31.0) // 53.8% (34.5) // 52.2% (35.0) // 51.8% (34.0)",
        "scoring": "48.4% (27.8) // 52.8% (29.3) // 51.0% (26.5) // 49.7% (24.7)",
        "corsiAgainst": "50.1% (59.5) // 46.9% (58.5) // 49.8% (64.8) // 50.5% (65.3)",
        "fenwickAgainst": "49.5% (43.0) // 46.1% (41.2) // 48.9% (45.0) // 50.0% (44.7)",
        "shotsAgainst": "48.7% (29.5) // 46.2% (29.6) // 47.8% (32.0) // 48.2% (31.7)",
        "scoringAgainst": "51.6% (29.6) // 47.2% (26.2) // 49.0% (25.5) // 50.3% (25.0)",
        "oppCorsi": "50.3% (61.5) // 48.7% (63.0) // 52.5% (67.6) // 50.9% (63.0)",
        "oppFenwick": "50.9% (44.8) // 48.5% (45.0) // 51.8% (47.2) // 48.3% (42.7)",
        "oppShots": "50.5% (32.1) // 47.6% (32.0) // 49.1% (32.4) // 44.4% (30.3)",
        "oppScoring": "47.7% (27.6) // 45.7% (27.1) // 47.2% (27.0) // 43.3% (24.7)",
        "oppCorsiAgainst": "49.7% (60.9) // 51.3% (66.4) // 47.5% (61.2) // 49.1% (60.7)",
        "oppFenwickAgainst": "49.1% (43.2) // 51.5% (47.7) // 48.2% (44.0) // 51.7% (45.7)",
        "oppShotsAgainst": "49.5% (31.4) // 52.4% (35.2) // 50.9% (33.6) // 55.6% (38.0)",
        "oppScoringAgainst": "52.3% (30.3) // 54.3% (32.2) // 52.8% (30.2) // 56.7% (32.3)",
        "totalOver": 63,
        "totalOverLast5": 60,
        "totalOverLast15": 73,
        "lastTotalOver": 49,
        "last5": "1,5,2,4,6,3,5,5,2,3",
        "fd": "0",
        "dk": "-175/+135",
        "kambi": "-182/140",
        "lowest": "-175 DK",
        "implied": 63.63636363636363,
        "overOdds": "-175",
        "underOdds": "+135",
        "overUnder": "-175 / +135"
    },
    {
        "player": "Tage Thompson",
        "team": "BUF",
        "opponent": "OTT",
        "propType": "sog",
        "line": 3.5,
        "ppLine": "",
        "avg": 3.44,
        "hit": false,
        "diffAvg": -0.02,
        "diffAbs": 0.06,
        "lastAvg": 3.78,
        "diff": 0.08,
        "avgMin": 18,
        "proj": 3.7,
        "lastAvgMin": 18.58,
        "oppOver": 0,
        "teamOver": 0,
        "gameLine": "-125",
        "+/-": -7,
        "L5_+/-": -3.0,
        "prevMatchup": "2024-01-11 5.0 sog 2023-12-31 2.0 sog 2023-10-24 3.0 sog",
        "winLossSplits": "60% - 35%",
        "awayHome": "H",
        "playedYesterday": "Y",
        "awayHomeSplits": "47% - 47%",
        "savesAboveExp": 0.689,
        "gsaa": -5.87,
        "corsi": "49.9% (59.3) // 53.1% (66.2) // 50.2% (65.2) // 49.5% (64.0)",
        "fenwick": "50.5% (43.8) // 53.9% (48.2) // 51.1% (47.0) // 50.0% (44.7)",
        "shots": "51.3% (31.0) // 53.8% (34.5) // 52.2% (35.0) // 51.8% (34.0)",
        "scoring": "48.4% (27.8) // 52.8% (29.3) // 51.0% (26.5) // 49.7% (24.7)",
        "corsiAgainst": "50.1% (59.5) // 46.9% (58.5) // 49.8% (64.8) // 50.5% (65.3)",
        "fenwickAgainst": "49.5% (43.0) // 46.1% (41.2) // 48.9% (45.0) // 50.0% (44.7)",
        "shotsAgainst": "48.7% (29.5) // 46.2% (29.6) // 47.8% (32.0) // 48.2% (31.7)",
        "scoringAgainst": "51.6% (29.6) // 47.2% (26.2) // 49.0% (25.5) // 50.3% (25.0)",
        "oppCorsi": "50.3% (61.5) // 48.7% (63.0) // 52.5% (67.6) // 50.9% (63.0)",
        "oppFenwick": "50.9% (44.8) // 48.5% (45.0) // 51.8% (47.2) // 48.3% (42.7)",
        "oppShots": "50.5% (32.1) // 47.6% (32.0) // 49.1% (32.4) // 44.4% (30.3)",
        "oppScoring": "47.7% (27.6) // 45.7% (27.1) // 47.2% (27.0) // 43.3% (24.7)",
        "oppCorsiAgainst": "49.7% (60.9) // 51.3% (66.4) // 47.5% (61.2) // 49.1% (60.7)",
        "oppFenwickAgainst": "49.1% (43.2) // 51.5% (47.7) // 48.2% (44.0) // 51.7% (45.7)",
        "oppShotsAgainst": "49.5% (31.4) // 52.4% (35.2) // 50.9% (33.6) // 55.6% (38.0)",
        "oppScoringAgainst": "52.3% (30.3) // 54.3% (32.2) // 52.8% (30.2) // 56.7% (32.3)",
        "totalOver": 47,
        "totalOverLast5": 60,
        "totalOverLast15": 60,
        "lastTotalOver": 48,
        "last5": "5,0,4,4,2,6,4,5,6,2",
        "fd": "0",
        "dk": "+100/-130",
        "kambi": "-104/-125",
        "lowest": "100 DK",
        "implied": 50.0,
        "overOdds": "+100",
        "underOdds": "-130",
        "overUnder": "+100 / -130"
    },
    {
        "player": "Thomas Chabot",
        "team": "OTT",
        "opponent": "BUF",
        "propType": "sog",
        "line": 2.5,
        "ppLine": "",
        "avg": 2.8,
        "hit": false,
        "diffAvg": 0.12,
        "diffAbs": 0.12,
        "lastAvg": 2.43,
        "diff": -0.03,
        "avgMin": 23,
        "proj": 2.2,
        "lastAvgMin": 24.97,
        "oppOver": 0,
        "teamOver": 0,
        "gameLine": "+105",
        "+/-": -1,
        "L5_+/-": -1.0,
        "prevMatchup": "2024-01-11 2.0 sog 2023-12-31 2.0 sog 2023-10-24 4.0 sog",
        "winLossSplits": "60% - 70%",
        "awayHome": "A",
        "playedYesterday": "Y",
        "awayHomeSplits": "62% - 71%",
        "savesAboveExp": 0.461,
        "gsaa": -2.15,
        "corsi": "50.3% (61.5) // 48.7% (63.0) // 52.5% (67.6) // 50.9% (63.0)",
        "fenwick": "50.9% (44.8) // 48.5% (45.0) // 51.8% (47.2) // 48.3% (42.7)",
        "shots": "50.5% (32.1) // 47.6% (32.0) // 49.1% (32.4) // 44.4% (30.3)",
        "scoring": "47.7% (27.6) // 45.7% (27.1) // 47.2% (27.0) // 43.3% (24.7)",
        "corsiAgainst": "49.7% (60.9) // 51.3% (66.4) // 47.5% (61.2) // 49.1% (60.7)",
        "fenwickAgainst": "49.1% (43.2) // 51.5% (47.7) // 48.2% (44.0) // 51.7% (45.7)",
        "shotsAgainst": "49.5% (31.4) // 52.4% (35.2) // 50.9% (33.6) // 55.6% (38.0)",
        "scoringAgainst": "52.3% (30.3) // 54.3% (32.2) // 52.8% (30.2) // 56.7% (32.3)",
        "oppCorsi": "49.9% (59.3) // 53.1% (66.2) // 50.2% (65.2) // 49.5% (64.0)",
        "oppFenwick": "50.5% (43.8) // 53.9% (48.2) // 51.1% (47.0) // 50.0% (44.7)",
        "oppShots": "51.3% (31.0) // 53.8% (34.5) // 52.2% (35.0) // 51.8% (34.0)",
        "oppScoring": "48.4% (27.8) // 52.8% (29.3) // 51.0% (26.5) // 49.7% (24.7)",
        "oppCorsiAgainst": "50.1% (59.5) // 46.9% (58.5) // 49.8% (64.8) // 50.5% (65.3)",
        "oppFenwickAgainst": "49.5% (43.0) // 46.1% (41.2) // 48.9% (45.0) // 50.0% (44.7)",
        "oppShotsAgainst": "48.7% (29.5) // 46.2% (29.6) // 47.8% (32.0) // 48.2% (31.7)",
        "oppScoringAgainst": "51.6% (29.6) // 47.2% (26.2) // 49.0% (25.5) // 50.3% (25.0)",
        "totalOver": 67,
        "totalOverLast5": 60,
        "totalOverLast15": 67,
        "lastTotalOver": 34,
        "last5": "2,1,3,5,3,2,5,3,3,4",
        "fd": "0",
        "dk": "+105/-135",
        "kambi": "0",
        "lowest": "105 DK",
        "implied": 48.78048780487805,
        "overOdds": "+105",
        "underOdds": "-135",
        "overUnder": "+105 / -135"
    },
    {
        "player": "Tim Stutzle",
        "team": "OTT",
        "opponent": "BUF",
        "propType": "sog",
        "line": 2.5,
        "ppLine": "",
        "avg": 2.84,
        "hit": false,
        "diffAvg": 0.14,
        "diffAbs": 0.16,
        "lastAvg": 2.92,
        "diff": 0.17,
        "avgMin": 21,
        "proj": 2.9,
        "lastAvgMin": 21.25,
        "oppOver": 0,
        "teamOver": 0,
        "gameLine": "+105",
        "+/-": -4,
        "L5_+/-": -7.0,
        "prevMatchup": "2024-01-11 1.0 sog 2023-12-31 2.0 sog 2023-10-24 3.0 sog",
        "winLossSplits": "43% - 61%",
        "awayHome": "A",
        "playedYesterday": "Y",
        "awayHomeSplits": "53% - 55%",
        "savesAboveExp": 0.461,
        "gsaa": -2.15,
        "corsi": "50.3% (61.5) // 48.7% (63.0) // 52.5% (67.6) // 50.9% (63.0)",
        "fenwick": "50.9% (44.8) // 48.5% (45.0) // 51.8% (47.2) // 48.3% (42.7)",
        "shots": "50.5% (32.1) // 47.6% (32.0) // 49.1% (32.4) // 44.4% (30.3)",
        "scoring": "47.7% (27.6) // 45.7% (27.1) // 47.2% (27.0) // 43.3% (24.7)",
        "corsiAgainst": "49.7% (60.9) // 51.3% (66.4) // 47.5% (61.2) // 49.1% (60.7)",
        "fenwickAgainst": "49.1% (43.2) // 51.5% (47.7) // 48.2% (44.0) // 51.7% (45.7)",
        "shotsAgainst": "49.5% (31.4) // 52.4% (35.2) // 50.9% (33.6) // 55.6% (38.0)",
        "scoringAgainst": "52.3% (30.3) // 54.3% (32.2) // 52.8% (30.2) // 56.7% (32.3)",
        "oppCorsi": "49.9% (59.3) // 53.1% (66.2) // 50.2% (65.2) // 49.5% (64.0)",
        "oppFenwick": "50.5% (43.8) // 53.9% (48.2) // 51.1% (47.0) // 50.0% (44.7)",
        "oppShots": "51.3% (31.0) // 53.8% (34.5) // 52.2% (35.0) // 51.8% (34.0)",
        "oppScoring": "48.4% (27.8) // 52.8% (29.3) // 51.0% (26.5) // 49.7% (24.7)",
        "oppCorsiAgainst": "50.1% (59.5) // 46.9% (58.5) // 49.8% (64.8) // 50.5% (65.3)",
        "oppFenwickAgainst": "49.5% (43.0) // 46.1% (41.2) // 48.9% (45.0) // 50.0% (44.7)",
        "oppShotsAgainst": "48.7% (29.5) // 46.2% (29.6) // 47.8% (32.0) // 48.2% (31.7)",
        "oppScoringAgainst": "51.6% (29.6) // 47.2% (26.2) // 49.0% (25.5) // 50.3% (25.0)",
        "totalOver": 54,
        "totalOverLast5": 40,
        "totalOverLast15": 40,
        "lastTotalOver": 55,
        "last5": "1,1,4,4,1,2,1,3,2,5",
        "fd": "0",
        "dk": "-130/+100",
        "kambi": "-125/-104",
        "lowest": "-125 BR",
        "implied": 55.55555555555556,
        "overOdds": "-130",
        "underOdds": "+100",
        "overUnder": "-130 / +100"
    },
    {
        "player": "Vladimir Tarasenko",
        "team": "OTT",
        "opponent": "BUF",
        "propType": "sog",
        "line": 2.5,
        "ppLine": "",
        "avg": 2.0,
        "hit": false,
        "diffAvg": -0.2,
        "diffAbs": 0.16,
        "lastAvg": 2.17,
        "diff": -0.13,
        "avgMin": 16,
        "proj": 2.1,
        "lastAvgMin": 16.8,
        "oppOver": 0,
        "teamOver": 0,
        "gameLine": "+105",
        "+/-": "+10",
        "L5_+/-": "+3.0",
        "prevMatchup": "2024-01-11 2.0 sog 2023-12-31 2.0 sog 2023-10-24 1.0 sog",
        "winLossSplits": "21% - 52%",
        "awayHome": "A",
        "playedYesterday": "Y",
        "awayHomeSplits": "40% - 40%",
        "savesAboveExp": 0.461,
        "gsaa": -2.15,
        "corsi": "50.3% (61.5) // 48.7% (63.0) // 52.5% (67.6) // 50.9% (63.0)",
        "fenwick": "50.9% (44.8) // 48.5% (45.0) // 51.8% (47.2) // 48.3% (42.7)",
        "shots": "50.5% (32.1) // 47.6% (32.0) // 49.1% (32.4) // 44.4% (30.3)",
        "scoring": "47.7% (27.6) // 45.7% (27.1) // 47.2% (27.0) // 43.3% (24.7)",
        "corsiAgainst": "49.7% (60.9) // 51.3% (66.4) // 47.5% (61.2) // 49.1% (60.7)",
        "fenwickAgainst": "49.1% (43.2) // 51.5% (47.7) // 48.2% (44.0) // 51.7% (45.7)",
        "shotsAgainst": "49.5% (31.4) // 52.4% (35.2) // 50.9% (33.6) // 55.6% (38.0)",
        "scoringAgainst": "52.3% (30.3) // 54.3% (32.2) // 52.8% (30.2) // 56.7% (32.3)",
        "oppCorsi": "49.9% (59.3) // 53.1% (66.2) // 50.2% (65.2) // 49.5% (64.0)",
        "oppFenwick": "50.5% (43.8) // 53.9% (48.2) // 51.1% (47.0) // 50.0% (44.7)",
        "oppShots": "51.3% (31.0) // 53.8% (34.5) // 52.2% (35.0) // 51.8% (34.0)",
        "oppScoring": "48.4% (27.8) // 52.8% (29.3) // 51.0% (26.5) // 49.7% (24.7)",
        "oppCorsiAgainst": "50.1% (59.5) // 46.9% (58.5) // 49.8% (64.8) // 50.5% (65.3)",
        "oppFenwickAgainst": "49.5% (43.0) // 46.1% (41.2) // 48.9% (45.0) // 50.0% (44.7)",
        "oppShotsAgainst": "48.7% (29.5) // 46.2% (29.6) // 47.8% (32.0) // 48.2% (31.7)",
        "oppScoringAgainst": "51.6% (29.6) // 47.2% (26.2) // 49.0% (25.5) // 50.3% (25.0)",
        "totalOver": 40,
        "totalOverLast5": 40,
        "totalOverLast15": 33,
        "lastTotalOver": 49,
        "last5": "2,1,1,4,3,2,1,1,0,5",
        "fd": "0",
        "dk": "+145/-190",
        "kambi": "0",
        "lowest": "145 DK",
        "implied": 40.816326530612244,
        "overOdds": "+145",
        "underOdds": "-190",
        "overUnder": "+145 / -190"
    },
    {
        "player": "Alex Debrincat",
        "team": "DET",
        "opponent": "EDM",
        "propType": "sog",
        "line": 2.5,
        "ppLine": "",
        "avg": 3.07,
        "hit": false,
        "diffAvg": 0.23,
        "diffAbs": 0.2,
        "lastAvg": 3.21,
        "diff": 0.28,
        "avgMin": 18,
        "proj": 3.0,
        "lastAvgMin": 19.0,
        "oppOver": 0,
        "teamOver": 0,
        "gameLine": "+140",
        "+/-": 0,
        "L5_+/-": "+3.0",
        "prevMatchup": "2024-01-11 1.0 sog",
        "winLossSplits": "45% - 76%",
        "awayHome": "H",
        "playedYesterday": "Y",
        "awayHomeSplits": "50% - 71%",
        "savesAboveExp": "-",
        "gsaa": -0.12,
        "corsi": "47.0% (56.4) // 47.0% (57.4) // 43.9% (54.8) // 45.3% (57.4)",
        "fenwick": "46.9% (41.3) // 45.6% (40.5) // 44.0% (37.8) // 41.0% (36.1)",
        "shots": "47.6% (29.2) // 43.1% (26.7) // 41.0% (25.1) // 36.6% (22.3)",
        "scoring": "46.7% (27.3) // 47.5% (27.6) // 43.5% (26.1) // 44.4% (27.2)",
        "corsiAgainst": "53.0% (63.7) // 53.0% (64.7) // 56.1% (70.1) // 54.7% (69.2)",
        "fenwickAgainst": "53.1% (46.7) // 54.4% (48.3) // 56.0% (48.0) // 59.0% (51.9)",
        "shotsAgainst": "52.4% (32.1) // 56.9% (35.2) // 59.0% (36.0) // 63.4% (38.6)",
        "scoringAgainst": "53.3% (31.2) // 52.5% (30.5) // 56.5% (33.9) // 55.6% (34.1)",
        "oppCorsi": "54.8% (65.2) // 53.9% (63.5) // 52.1% (61.7) // 51.9% (63.5)",
        "oppFenwick": "55.0% (47.8) // 55.1% (47.1) // 54.2% (46.7) // 54.4% (46.7)",
        "oppShots": "54.8% (33.9) // 55.1% (33.2) // 56.7% (35.8) // 59.7% (35.7)",
        "oppScoring": "55.7% (33.8) // 56.8% (34.6) // 56.4% (35.1) // 56.3% (35.4)",
        "oppCorsiAgainst": "45.2% (53.9) // 46.1% (54.3) // 47.9% (56.7) // 48.1% (58.9)",
        "oppFenwickAgainst": "45.0% (39.0) // 44.9% (38.4) // 45.8% (39.5) // 45.6% (39.0)",
        "oppShotsAgainst": "45.2% (28.0) // 44.9% (27.1) // 43.3% (27.3) // 40.3% (24.2)",
        "oppScoringAgainst": "44.3% (26.9) // 43.2% (26.3) // 43.6% (27.1) // 43.7% (27.5)",
        "totalOver": 61,
        "totalOverLast5": 20,
        "totalOverLast15": 53,
        "lastTotalOver": 60,
        "last5": "1,2,2,2,3,1,4,3,4,3",
        "fd": "0",
        "dk": "-135/+105",
        "kambi": "-150/115",
        "lowest": "-135 DK",
        "implied": 57.446808510638306,
        "overOdds": "-135",
        "underOdds": "+105",
        "overUnder": "-135 / +105"
    },
    {
        "player": "Connor Mcdavid",
        "team": "EDM",
        "opponent": "DET",
        "propType": "sog",
        "line": 3.5,
        "ppLine": "",
        "avg": 3.19,
        "hit": false,
        "diffAvg": -0.09,
        "diffAbs": 0.0,
        "lastAvg": 3.71,
        "diff": 0.06,
        "avgMin": 21,
        "proj": 3.5,
        "lastAvgMin": 22.38,
        "oppOver": 0,
        "teamOver": 0,
        "gameLine": "-166",
        "+/-": "+12",
        "L5_+/-": "+12.0",
        "prevMatchup": "2024-01-11 7.0 sog",
        "winLossSplits": "27% - 43%",
        "awayHome": "A",
        "playedYesterday": "Y",
        "awayHomeSplits": "21% - 47%",
        "savesAboveExp": "-",
        "gsaa": 7.67,
        "corsi": "54.8% (65.2) // 53.9% (63.5) // 52.1% (61.7) // 51.9% (63.5)",
        "fenwick": "55.0% (47.8) // 55.1% (47.1) // 54.2% (46.7) // 54.4% (46.7)",
        "shots": "54.8% (33.9) // 55.1% (33.2) // 56.7% (35.8) // 59.7% (35.7)",
        "scoring": "55.7% (33.8) // 56.8% (34.6) // 56.4% (35.1) // 56.3% (35.4)",
        "corsiAgainst": "45.2% (53.9) // 46.1% (54.3) // 47.9% (56.7) // 48.1% (58.9)",
        "fenwickAgainst": "45.0% (39.0) // 44.9% (38.4) // 45.8% (39.5) // 45.6% (39.0)",
        "shotsAgainst": "45.2% (28.0) // 44.9% (27.1) // 43.3% (27.3) // 40.3% (24.2)",
        "scoringAgainst": "44.3% (26.9) // 43.2% (26.3) // 43.6% (27.1) // 43.7% (27.5)",
        "oppCorsi": "47.0% (56.4) // 47.0% (57.4) // 43.9% (54.8) // 45.3% (57.4)",
        "oppFenwick": "46.9% (41.3) // 45.6% (40.5) // 44.0% (37.8) // 41.0% (36.1)",
        "oppShots": "47.6% (29.2) // 43.1% (26.7) // 41.0% (25.1) // 36.6% (22.3)",
        "oppScoring": "46.7% (27.3) // 47.5% (27.6) // 43.5% (26.1) // 44.4% (27.2)",
        "oppCorsiAgainst": "53.0% (63.7) // 53.0% (64.7) // 56.1% (70.1) // 54.7% (69.2)",
